strategy,seed,steps,retail_edge,arbitrage_edge,arbitrage_loss,net_edge,retail_notional,competitor_retail_notional,retail_flow_share,retail_trade_count,arb_count,arb_notional,final_inventory_deviation,max_inventory_deviation,final_reserve_x,final_reserve_y,final_fair_price,curve_revert_count
dodo-k1000000000000000000,0,10000,444.1176347702426,-444.11373403580194,444.11373403580194,0.0039007344406627453,110571.9334727009,45561.748230166166,0.7081875753312905,6629,2906,86843.85667840691,0.0004492614811624662,0.0284154741796263,100.04492614811625,9993.601768140257,88.19719749066152,0
dodo-k1000000000000000000,1,10000,149.4186741588474,-149.3382762191108,149.3382762191108,0.08039793973659926,41602.93198471267,16691.910868483308,0.7136640215238493,3814,1319,31543.647715918938,0.001041943356556061,0.057551798255531,100.1041943356556,9992.420454246922,51.02014315808477,0
dodo-k1000000000000000000,2,10000,294.8372251015811,-294.806170341653,294.806170341653,0.031054759928110798,95424.49679602934,29414.37074475037,0.7643813074870941,7542,2697,70366.65791570865,0.0015384144835793735,0.0328961985158395,100.15384144835794,9984.289313987822,92.60684722629529,0
dodo-k1000000000000000000,3,10000,210.49203306460439,-210.50271513847807,210.50271513847807,-0.010682073873681475,64929.109802507555,17031.68640087486,0.7921971577897875,5665,1859,48600.68205145222,-0.0011968394180895813,0.04243042837666096,99.88031605819104,10004.544225049476,95.23520454777344,0
dodo-k1000000000000000000,4,10000,316.18189229988457,-316.1795352747537,316.1795352747537,0.0023570251308910883,76173.16921172659,26111.117652642883,0.744720147609118,4359,2018,62231.45259404495,0.00005764511143425466,0.03186651892790962,100.00576451114343,9999.97845423355,99.79690512669549,0
dodo-k1000000000000000000,5,10000,379.245708534154,-379.2159758115446,379.2159758115446,0.029732722609423945,108263.64847594005,38080.248517310036,0.7397892956269544,8459,2894,79068.75532261725,-0.0000023881026591254795,0.028329235835267922,99.99976118973409,9999.093762030723,89.6630303027163,0
dodo-k1000000000000000000,6,10000,321.90969520437045,-321.924727309485,321.924727309485,-0.015032105114528349,105758.19369514743,23941.830453582348,0.8154061218513905,8905,2771,76316.4176819848,0.0009827362710683474,0.0234886402533877,100.09827362710683,9995.266651557824,112.87745809577848,0
dodo-k1000000000000000000,7,10000,481.27999808887625,-481.28085728439106,481.28085728439106,-0.000859195514806288,101571.5616339964,55402.6814028606,0.6470587764525659,5704,2537,79810.05267915344,-0.00020357326968294841,0.04457490957436491,99.9796426730317,10002.162588085957,99.57023518258744,0
dodo-k1000000000000000000,8,10000,972.3442432522213,-972.3939815488894,972.3939815488894,-0.04973829666812435,191447.3347622832,88590.63567523457,0.6836477727044485,9570,3888,141909.776529328,0.000019294550017150415,0.07209104168826413,100.00192945500172,9991.451795079858,118.34002263650147,0
dodo-k1000000000000000000,9,10000,580.9461113070752,-580.6532994581054,580.6532994581054,0.29281184896979084,145642.39963634044,59504.75689649984,0.7099411081187751,8918,3277,105216.23469972586,-0.003248621542721821,0.03389701848884499,99.67513784572782,10004.77039582588,153.7840946317001,0
dodo-k1000000000000000000,10,10000,522.751664347128,-522.7518881322425,522.7518881322425,-0.00022378511448550853,122129.78557478412,33106.08326240494,0.7867368958579637,7485,3053,94293.72689808637,0.000027737267694476485,0.05461241614665823,100.00277372676945,10000.116139713045,101.48687291166948,0
dodo-k1000000000000000000,11,10000,612.7917491069696,-613.037730209435,613.037730209435,-0.24598110246540728,111549.94884221551,35142.58871017831,0.760433698287982,6092,2476,87051.02181997678,0.00004488976943292755,0.07016120838122547,100.00448897694329,9993.217304280999,95.23554058680836,0
dodo-k1000000000000000000,12,10000,1233.5247344869542,-1233.4111700246503,1233.4111700246503,0.11356446230388428,231832.8815123542,70955.73296912284,0.7656591774739155,11553,4511,169896.34474359828,-0.0028954824264046408,0.06608905066958187,99.71045175735954,10028.189974645538,101.37104955938125,0
dodo-k1000000000000000000,13,10000,640.4893487419762,-640.5376305020435,640.5376305020435,-0.04828176006731155,177658.3635487652,109500.6826476189,0.6186758380137085,10218,4066,128857.64042961909,-0.000041035578751689174,0.03270899516873229,99.99589644212483,10000.920338692807,100.44654210855664,0
dodo-k1000000000000000000,14,10000,329.9903329595386,-330.11443361913564,330.11443361913564,-0.12410065959704752,83650.58284150503,50842.30737973837,0.621970296748759,6292,2367,61727.943327766625,0.0030953436445091144,0.05711837876478242,100.30953436445091,9994.002577757446,62.80895993167865,0
dodo-k1000000000000000000,15,10000,546.5755339460278,-546.5223275501052,546.5223275501052,0.053206395922643424,126993.72476509734,78745.09758621943,0.617256982973513,7244,3099,95769.05925083699,-0.000895237862977325,0.04236050061617874,99.91047621370227,10011.41704998643,92.84026173414608,0
dodo-k1000000000000000000,16,10000,1512.0005820024048,-1510.4709460517743,1510.4709460517743,1.5296359506305635,182302.78565692512,74437.51574297211,0.7100668833950278,9325,3846,137461.88806490638,0.0011136572265671419,0.22873192204445048,100.11136572265671,9973.041719487052,33.40793782367383,0
dodo-k1000000000000000000,17,10000,313.8459904470816,-313.89627506040955,313.89627506040955,-0.050284613327960415,99504.07155579173,22280.696022407326,0.8170485811528055,8552,2612,71129.80895491315,-0.00018414287123349026,0.025042792541027977,99.98158571287665,10008.131602818386,139.045628647001,0
dodo-k1000000000000000000,18,10000,1267.6788201226752,-1267.7830574196691,1267.7830574196691,-0.10423729699391515,212225.16770131927,62529.1918996706,0.7724178353694617,10256,4147,160370.40535856757,0.00014596928725339354,0.05787918726041781,100.01459692872534,10000.551546434352,93.76140412178559,0
dodo-k1000000000000000000,19,10000,381.72846116483817,-381.60334743999147,381.60334743999147,0.12511372484669891,108742.18767701984,26960.296938261155,0.8013279048302315,10177,2742,75343.28639723011,-0.000018687674057957792,0.050039843808158936,99.9981312325942,9998.989240839705,112.35294496405139,0
dodo-k1000000000000000000,20,10000,385.7213864747239,-385.8384641569057,385.8384641569057,-0.11707768218178671,114097.8781434939,72338.90556366491,0.6119923111455863,7922,3004,81676.50041672515,0.000732251281845464,0.049219439585120456,100.07322512818455,10001.59926331829,96.08783510341532,0
dodo-k1000000000000000000,21,10000,886.8405186976039,-885.5776828695998,885.5776828695998,1.2628358280040857,169732.92226087503,71825.6781440009,0.7026573343958195,8815,3615,128190.88142290873,-0.0005501837729418923,0.08170781020817955,99.94498162270581,9986.72885034888,66.664639588171,0
dodo-k1000000000000000000,22,10000,793.7129404895658,-797.5012570623467,797.5012570623467,-3.7883165727809,116178.11375986988,34783.480420409935,0.7695872211122045,7329,2776,90098.10582396768,0.002445200250567581,0.11590876264493886,100.24452002505676,10003.040201600083,57.98358028671422,0
dodo-k1000000000000000000,23,10000,869.9249786174123,-870.2069737585712,870.2069737585712,-0.28199514115885904,163324.0191269456,38876.27700218125,0.8077338275639591,7783,3183,126686.0623587115,-0.0010515629671689908,0.04740516785809703,99.8948437032831,9992.263783318247,163.8063401131231,0
dodo-k1000000000000000000,24,10000,448.7569153619363,-448.7973629532654,448.7973629532654,-0.04044759132909803,150378.3486116615,59404.06321791318,0.7168301064906599,10389,3245,105862.43289886357,-0.0006636784636694415,0.02189132637437197,99.93363215363306,10014.823624838064,179.83882562108087,0
dodo-k1000000000000000000,25,10000,483.0949288489911,-483.33843286639564,483.33843286639564,-0.24350401740451844,129667.96136953314,53417.79859666738,0.7082361915720324,8664,3161,94578.68335101784,-0.00032078709178463784,0.035610350224853565,99.96792129082154,10012.13093536226,91.09577641654727,0
dodo-k1000000000000000000,26,10000,755.7126458206093,-756.1533233363813,756.1533233363813,-0.4406775157719949,147849.8091433435,29010.2952405861,0.8359703826838738,10122,3546,108994.6816288993,-0.004518263174168453,0.04707028608748203,99.54817368258315,10043.520969982263,48.704627688688795,0
dodo-k1000000000000000000,27,10000,256.0841200353625,-256.25927058886555,256.25927058886555,-0.17515055350304465,68600.15395661666,29138.75527544131,0.7018714910531874,4786,1839,52802.10960086862,0.0015546789577993536,0.031190328939443786,100.15546789577994,9989.115906760748,84.40924722637783,0
dodo-k1000000000000000000,28,10000,236.29183883934337,-236.28468890156006,236.28468890156006,0.007149937783310634,78155.73857906916,27984.974234555502,0.7363408112427597,4725,1847,60923.70733749198,-0.0005723920071575606,0.018158873584322634,99.94276079928424,10002.467781187186,205.51212060341794,0
dodo-k1000000000000000000,29,10000,624.3533428912732,-624.201814566533,624.201814566533,0.15152832474018396,128580.3818420893,49794.17309271561,0.7208448642749794,7792,3169,97674.75866324168,0.0036322018281384773,0.05887670188968116,100.36322018281385,9966.404146566436,86.58439095986556,0
dodo-k1000000000000000000,30,10000,498.66042617362353,-498.82338518384,498.82338518384,-0.16295901021646841,104059.0892235851,27746.95788979875,0.7894864575831645,7123,2724,80513.93037376135,0.0009051124316056303,0.0938703404732226,100.09051124316056,10000.799647740898,52.14392420479111,0
dodo-k1000000000000000000,31,10000,631.7801749266973,-631.9708722626845,631.9708722626845,-0.19069733598712446,153535.76389836593,75468.90402196263,0.6704481847146517,10066,3632,109383.90166878127,0.0013942475812615384,0.0491096380797282,100.13942475812615,9988.848124403365,110.67588266666739,0
dodo-k1000000000000000000,32,10000,310.24230272913775,-310.3140140888237,310.3140140888237,-0.0717113596859349,98999.29995370808,26853.751660803213,0.7866261380530014,7670,2392,71819.70385014088,-0.0003116329257829875,0.03343219699091535,99.9688367074217,10017.89505243882,150.5462407016785,0
dodo-k1000000000000000000,33,10000,392.41156861049086,-392.5839914140732,392.5839914140732,-0.17242280358232165,89523.07090236589,27717.51020980565,0.7635843327722289,7449,2592,66166.28654479528,0.0016916913234270225,0.05978494856762879,100.1691691323427,9990.297514030844,65.08150843612081,0
dodo-k1000000000000000000,34,10000,534.5481452125886,-534.5825643740673,534.5825643740673,-0.03441916147869506,136119.77082553512,41062.79458108335,0.7682458514648559,8609,3269,101459.77404256805,0.0008529863675225613,0.03545913510426445,100.08529863675226,9990.26750195796,101.14182694135982,0
dodo-k1000000000000000000,35,10000,427.7263639603449,-428.53329822341993,428.53329822341993,-0.8069342630750498,118244.55142548442,41615.989209112326,0.739673161094603,11104,3120,80826.70140336416,0.0011870840347414458,0.06313802120944018,100.11870840347414,10015.186498080977,48.53289564999783,0
dodo-k1000000000000000000,36,10000,526.2532400952347,-526.2791491854264,526.2791491854264,-0.0259090901917034,162187.2082606994,53424.26364527436,0.7522197535548006,11536,3862,113876.04105906517,0.000942542642440003,0.03060233780897505,100.094254264244,9995.315258525407,93.57010798548743,0
dodo-k1000000000000000000,37,10000,219.598465714764,-219.42612527411907,219.42612527411907,0.17234044064491627,71404.74877786115,33035.41933434012,0.6836904810527518,5497,1929,52375.68508282859,-0.0003462459864795164,0.024997768385294848,99.96537540135205,9997.237784747183,120.57881934574904,0
dodo-k1000000000000000000,38,10000,413.30629106513567,-413.4216539739801,413.4216539739801,-0.11536290884441769,74762.25002573834,13984.791124402365,0.8424196351431802,4291,1965,61671.54808300872,-0.00047102567611261747,0.05159645861113475,99.95289743238874,10004.180123096832,71.98237568592819,0
dodo-k1000000000000000000,39,10000,477.3203185621322,-477.2191280985021,477.2191280985021,0.10119046363007556,122870.99726560494,40262.361769904004,0.7531935711497232,8683,3124,90908.84292708298,-0.000498856045334719,0.0347141281362579,99.95011439546653,9992.189945668248,63.832420655588194,0
dodo-k1000000000000000000,40,10000,297.810255758003,-297.8254932996882,297.8254932996882,-0.015237541685223732,84203.6722282754,50820.42273707805,0.6236196010044108,5579,2366,64169.39498006836,-0.0001515455534958221,0.05040717552573795,99.98484544465042,10002.354118089339,103.824823994845,0
dodo-k1000000000000000000,41,10000,410.3373346389213,-410.48758581176423,410.48758581176423,-0.15025117284295675,153753.9858250487,75028.48002592933,0.6720531892736893,10812,3474,104529.0321544228,-0.00003163018333140144,0.022832028397809692,99.99683698166686,10010.401544440787,123.15711283826744,0
dodo-k1000000000000000000,42,10000,439.33425429723303,-439.28727663169485,439.28727663169485,0.04697766553817928,106883.78117824665,38769.706557508165,0.7338223261234613,5905,2625,83668.92947212998,-0.0008608612336338695,0.07319022463161971,99.91391387663661,10008.65026911135,131.86361333046014,0
dodo-k1000000000000000000,43,10000,1000.3575550437831,-1000.1823469260283,1000.1823469260283,0.17520811775477796,190897.10208098046,77355.45736967651,0.711631987675758,9290,3893,144653.27483879816,0.00142484037987046,0.04989197145920187,100.14248403798705,9983.632760865574,104.65399671555824,0
dodo-k1000000000000000000,44,10000,330.020789416123,-329.91210839897326,329.91210839897326,0.10868101714976319,77967.13481429816,31622.44608456807,0.7114466008064164,4109,1890,63470.96277093899,-0.0002680499330554653,0.028192399604026405,99.97319500669445,10005.783867788381,202.93007228776162,0
dodo-k1000000000000000000,45,10000,641.417877540216,-641.3467589365073,641.3467589365073,0.07111860370866907,167129.72415953723,39725.049006467474,0.8079568172469126,10924,3858,121733.27284509434,0.0018650193565289896,0.053770137332887914,100.1865019356529,9982.560191880797,102.2127090536692,0
dodo-k1000000000000000000,46,10000,1174.6076032358599,-1174.4382630008233,1174.4382630008233,0.16934023503654316,224065.36975682445,72210.24791349263,0.7562734035243996,11061,4449,165012.7875247583,-0.00016287903039824414,0.07486944489804344,99.98371209696018,10000.796017216035,102.77217781739873,0
dodo-k1000000000000000000,47,10000,771.7838371948361,-771.9178700903208,771.9178700903208,-0.13403289548466546,159274.96948693137,78044.90941529369,0.6711404464880588,8225,3594,120517.27041158815,0.0002182028453475482,0.06859052915563893,100.02182028453475,10002.21947563796,79.6674381363814,0
dodo-k1000000000000000000,48,10000,520.5490240872765,-520.3990930215697,520.3990930215697,0.14993106570682357,105856.44854712239,36354.87265248236,0.7443602074306346,6425,2637,81521.00381978716,0.00010291769139186613,0.06818425045350934,100.01029176913919,10002.248194500375,70.09697829734397,0
dodo-k1000000000000000000,49,10000,295.5186594586449,-295.49196413939865,295.49196413939865,0.026695319246243798,118319.69478172321,48560.16399062236,0.7090112351013717,10494,3101,78952.52243683206,0.0004549804109085187,0.027385503635416343,100.04549804109085,9995.817093051643,126.28308410483056,0
dodo-k1000000000000000000,50,10000,526.7597401754743,-526.1500725461618,526.1500725461618,0.6096676293125256,86667.791892717,36645.873592980664,0.7028239048069578,4224,2041,71050.65416298332,-0.0006885166137843157,0.10109972202706033,99.93114833862157,10001.592086961638,97.35866611043825,0
dodo-k1000000000000000000,51,10000,410.1695828352903,-410.12527166817165,410.12527166817165,0.04431116711867844,102706.9751040666,43912.120574309316,0.7005020364425445,5737,2503,80876.73594793834,-0.0004987913309537362,0.022829921110781443,99.95012086690463,10010.568851781885,117.11257224741712,0
dodo-k1000000000000000000,52,10000,571.4442944621655,-571.7678057193098,571.7678057193098,-0.3235112571442187,113492.76847942895,26818.43684036523,0.8088646107825725,5947,2579,91816.12583595027,0.0008883206089296891,0.04276836181075097,100.08883206089297,10011.29268841416,125.65909739566708,0
dodo-k1000000000000000000,53,10000,452.73921390238155,-452.78073029570066,452.78073029570066,-0.04151639331911383,92973.52962373351,42888.60906978553,0.6843225825663274,6194,2576,70813.68959511993,0.005360957320554718,0.0652051485231614,100.53609573205547,9982.129460391347,41.85639581894704,0
dodo-k1000000000000000000,54,10000,269.0139107552841,-268.6491089348262,268.6491089348262,0.3648018204578989,61693.31984456206,14869.51676503612,0.805786757342112,5441,1806,47579.329055693895,-0.0004686573659404303,0.07780010072353648,99.95313426340596,9996.395217283454,50.51369382026857,0
dodo-k1000000000000000000,55,10000,673.1658000323348,-673.212316299874,673.212316299874,-0.0465162675392321,162909.9724111205,86227.02981873543,0.6538971367280817,10256,3881,114784.33053855186,-0.0022961369398576893,0.06066465419347466,99.77038630601423,10020.919063747207,60.546112460192404,0
dodo-k1000000000000000000,56,10000,389.4398786378498,-389.3339443070841,389.3339443070841,0.10593433076570591,79095.09507964697,27543.638404683974,0.7417107508245949,5087,2007,62099.22088426075,-0.0010587513787298519,0.051660316643555006,99.89412486212701,10003.985109415624,146.04832612510074,0
dodo-k1000000000000000000,57,10000,580.4846017949596,-580.401331921993,580.401331921993,0.08326987296663901,129126.4135905328,31901.533003673812,0.8018882207815375,8783,3166,95624.58826176988,0.0027490247287688873,0.05075633177974979,100.27490247287689,9982.684047683828,77.67038526056504,0
dodo-k1000000000000000000,58,10000,644.4545395226693,-644.7037888259098,644.7037888259098,-0.24924930324050365,133143.53215286418,82255.92851199649,0.6181237953980849,7652,3246,100174.22611842578,-0.00018681495036517503,0.06287945902005276,99.98131850496348,10002.932794772645,72.28276224227757,0
dodo-k1000000000000000000,59,10000,726.8560854327508,-726.8801460064055,726.8801460064055,-0.024060573654764994,123934.68753964281,34941.015314027114,0.7800732605022115,5879,2775,101036.35465906403,0.000027132108650818056,0.06380454820678778,100.00271321086508,10000.533797947202,97.70721160064947,0
dodo-k1000000000000000000,60,10000,341.9222773722957,-342.28614259168273,342.28614259168273,-0.3638652193870371,116446.45533030631,43458.07101329687,0.7282248851423125,10751,3032,78801.20371311982,0.00016868485845947134,0.0361630686205632,100.01686848584595,10005.950402693534,92.56558696223887,0
dodo-k1000000000000000000,61,10000,317.3567349901369,-317.3348445366369,317.3348445366369,0.02189045349996377,87595.87900845896,23982.15605013318,0.7850638251736588,6185,2291,66067.0247647488,-0.0007455636613842387,0.03762980773625685,99.92544363386158,10008.329937727374,103.92595555353815,0
dodo-k1000000000000000000,62,10000,308.78761751768656,-308.7412312505516,308.7412312505516,0.046386267134948866,88774.5069691917,21665.061915460894,0.8038288076070929,6498,2333,67642.91429284184,-0.00017048502191727266,0.039902574562862156,99.98295149780827,10002.85684995239,137.42372466016568,0
dodo-k1000000000000000000,63,10000,998.1176545105469,-998.0411759143749,998.0411759143749,0.07647859617202357,214413.142112877,62133.15199924503,0.7753245900519861,11337,4307,155204.55618619962,-0.00013787105500966845,0.046508096343955,99.98621289449903,10001.265146398015,98.96920325179053,0
dodo-k1000000000000000000,64,10000,691.0649199591601,-691.3635047651252,691.3635047651252,-0.29858480596510617,138388.90573408792,76074.8015769774,0.6452789027532944,8899,3313,101151.6092141689,-0.00020476030690801393,0.08780135398721484,99.9795239693092,10017.361234461547,74.15403615226887,0
dodo-k1000000000000000000,65,10000,161.25462492943515,-161.26257193311935,161.26257193311935,-0.007947003684193987,45868.57296810242,7844.790212851902,0.8539508653289186,4300,1382,34801.01057586658,0.0005253622558159066,0.042817025431770475,100.05253622558159,9995.120581242632,102.73393851923394,0
dodo-k1000000000000000000,66,10000,432.0733900055723,-431.2477250507878,431.2477250507878,0.8256649547845427,78226.60942682956,34346.44842035635,0.6948963715014255,4052,1998,64833.14180981662,-0.009792198930955181,0.03943406714109116,99.02078010690448,10095.38520403207,94.85584061218105,0
dodo-k1000000000000000000,67,10000,247.83697520954576,-247.95101653312815,247.95101653312815,-0.11404132358239849,74132.05022846513,34282.746857169754,0.6837816628472733,5645,2111,55682.56016198923,0.0008996493129785676,0.020813431871518306,100.08996493129786,10004.971362893219,72.42108641022617,0
dodo-k1000000000000000000,68,10000,310.6951871860386,-310.5506128837713,310.5506128837713,0.1445743022673014,105251.6458826662,36297.97757669006,0.7435671202112915,10999,2835,69411.15969967424,-0.0001804864989782118,0.05424498547674048,99.98195135010218,9993.757794896517,58.40932061697143,0
dodo-k1000000000000000000,69,10000,595.5931241542734,-594.5952601340283,594.5952601340283,0.9978640202450606,96535.9199302181,31790.71096171857,0.7522672360307706,5410,2285,76919.24463596767,-0.0008655733705907664,0.13181031862925224,99.91344266294092,9990.292687568422,134.91793217780622,0
dodo-k1000000000000000000,70,10000,434.9321247734344,-434.85565346390615,434.85565346390615,0.07647130952824455,111514.65944748682,40712.331380966476,0.7325551062961905,7929,2974,84032.66328244132,0.0039795421853320075,0.08621784201046864,100.3979542185332,9962.429844189657,94.92072900346442,0
dodo-k1000000000000000000,71,10000,321.9987448167086,-321.8699994960545,321.8699994960545,0.1287453206541045,94849.91937566418,33854.1677808633,0.7369612066811018,7535,2650,69925.36088565401,-0.000027783954838014324,0.029267837500834445,99.9972216045162,9992.929595167685,68.45710391780875,0
dodo-k1000000000000000000,72,10000,146.4656129483145,-146.45112125519532,146.45112125519532,0.014491693119168758,61221.48969222682,24350.339581171356,0.7154397681113827,6489,1888,42251.99729637021,0.00006416725142841529,0.026574230380393544,100.00641672514284,10000.486817008903,96.37060832147118,0
dodo-k1000000000000000000,73,10000,128.03216152493965,-128.1004144570751,128.1004144570751,-0.0682529321354366,45097.958266117115,14345.159546099934,0.758674173326224,4302,1383,32949.08638375968,0.0007277947455119715,0.021591168386977416,100.0727794745512,9999.857512654058,100.67828776070691,0
dodo-k1000000000000000000,74,10000,576.118173511623,-576.120648633555,576.120648633555,-0.002475121931979629,142891.97056859746,78736.46163136413,0.6447366393842234,9027,3507,104703.26625382411,-0.000003844286863738944,0.038984663938505124,99.99961557131363,9999.659218200659,95.90659946873016,0
dodo-k1000000000000000000,75,10000,311.4143805033526,-311.2724553319298,311.2724553319298,0.14192517142282668,114250.51994815284,35065.253496205914,0.7651604201797697,10732,2788,75674.1728604111,-0.00028808210749289745,0.023782747553592998,99.97119178925071,9981.802082784987,91.22287163918266,0
dodo-k1000000000000000000,76,10000,278.79934824800165,-278.73279644394967,278.73279644394967,0.0665518040519828,66679.97470618566,16620.670568248945,0.8004736876468121,4368,1716,52513.877448631094,-0.0004037699351987101,0.030747790197313947,99.95962300648013,10001.592094116353,125.84233488930936,0
dodo-k1000000000000000000,77,10000,309.080866907063,-309.04690112546905,309.04690112546905,0.03396578159396313,71042.10239752778,24150.748211889102,0.746296617264028,4251,1913,57169.3001903773,0.0007100870330700105,0.05468201684233193,100.071008703307,9995.368469099016,95.62363522688833,0
dodo-k1000000000000000000,78,10000,241.9430541828139,-242.0295091808946,242.0295091808946,-0.0864549980806828,89847.75642572115,45485.14797653781,0.6639017822203883,8875,2438,59796.632716702494,-0.0012560298463269249,0.04193783584232662,99.87439701536731,10007.361522664523,84.69556416044391,0
dodo-k1000000000000000000,79,10000,253.25962635526494,-253.2207031524394,253.2207031524394,0.03892320282554351,103520.24567839406,39261.024702584975,0.7250267867919515,11112,2890,66854.85243380933,0.0021165225179562695,0.03990661747165248,100.21165225179563,9978.832726404422,102.00281131785363,0
dodo-k1000000000000000000,80,10000,223.89756534165656,-223.9626381976864,223.9626381976864,-0.06507285602984325,67387.06208833266,24414.026040431785,0.7340551562287853,4957,1786,51360.06212528189,-0.00004517233061633874,0.020615104960317012,99.99548276693837,9998.585986744323,113.19352804042104,0
dodo-k1000000000000000000,81,10000,196.52118436993834,-196.53262666124186,196.53262666124186,-0.011442291303524144,60992.40812693875,22074.042707141234,0.7342604326356407,5385,1814,44697.61223798032,-0.0007993341783911489,0.029790987615718762,99.92006658216089,10001.036828039636,74.05978472305385,0
dodo-k1000000000000000000,82,10000,425.2566755787103,-425.50775409188077,425.50775409188077,-0.25107851317045515,117410.10737153486,49033.03805820988,0.7054066844770931,6894,2714,89927.6603998798,-0.0007998512961061977,0.029535152265847842,99.92001487038938,10026.110693016053,143.70313277411483,0
dodo-k1000000000000000000,83,10000,286.96930569438337,-286.9884462932316,286.9884462932316,-0.01914059884825292,75154.77940269317,38322.60663450806,0.6622886024009684,5445,2060,56468.1839802756,-0.0008835694151920848,0.03941448404290768,99.91164305848079,10009.514213257638,91.19295798900148,0
dodo-k1000000000000000000,84,10000,443.2800724073367,-443.102949525201,443.102949525201,0.17712288213573402,146495.97664045947,75215.06226248089,0.6607518388139069,9352,3370,103764.58499681238,-0.0011307585757430161,0.026711615362859504,99.8869241424257,10004.731239914476,140.58364303972618,0
dodo-k1000000000000000000,85,10000,371.880291135867,-371.820321582105,371.820321582105,0.0599695537620164,102793.17567512124,37430.839837804175,0.7330639855028691,7189,2623,76361.63316961627,0.0008529902988368576,0.031372255550179064,100.08529902988369,9991.084138531292,98.12149974691745,0
dodo-k1000000000000000000,86,10000,743.629516531759,-743.6608952894485,743.6608952894485,-0.03137875768948106,139014.2208009833,16738.7045091907,0.8925304004669163,8624,3101,105971.6823582074,0.00014024778397725868,0.07915782829004642,100.01402477839773,10000.196997723284,99.3576510960261,0
dodo-k1000000000000000000,87,10000,953.7943417463199,-953.3638776769874,953.3638776769874,0.43046406933251546,198968.2418686604,98904.61700375025,0.6679636493967563,10468,4203,144874.1394291145,-0.0010513760769924828,0.047647645744180525,99.89486239230075,9980.755628376604,60.98923060627165,0
dodo-k1000000000000000000,88,10000,694.5585544514473,-693.5719376349434,693.5719376349434,0.9866168165038971,135375.32265775284,53591.83729177966,0.7163960271928073,7136,3119,106452.74134858293,0.009284645790484092,0.057476149315896376,100.92846457904841,9904.539757148279,144.27266168576583,0
dodo-k1000000000000000000,89,10000,130.2311167031021,-130.22245397077322,130.22245397077322,0.00866273232887238,56825.449575338636,26678.653656694467,0.6805108656449802,5760,1817,39594.943282454726,-0.00010002770425217022,0.017249625022013645,99.98999722957478,9998.09524598667,82.74322143651109,0
dodo-k1000000000000000000,90,10000,1056.5484753363721,-1056.5343131045508,1056.5343131045508,0.014162231821273963,212578.6844314068,105354.27237560862,0.6686273941724185,11043,4407,152809.52520088392,0.0004745442405592826,0.06781040406529698,100.04745442405593,9995.124719169466,89.13127481907044,0
dodo-k1000000000000000000,91,10000,194.34087152969983,-194.33867360855305,194.33867360855305,0.0021979211467737514,55687.56230468873,15373.142092928068,0.7836618392225838,4613,1634,42122.952098874695,-0.0006235125872963465,0.03346744893970268,99.93764874127037,10001.179716000333,90.47500892590769,0
dodo-k1000000000000000000,92,10000,375.94133441653423,-375.9469281064962,375.9469281064962,-0.005593689961983728,101449.31188623964,25621.866418331963,0.7983660279208241,8937,2693,72613.13270009977,-0.0007060839261893648,0.04182307545916999,99.92939160738106,10002.419399409773,46.34894965051198,0
dodo-k1000000000000000000,93,10000,622.9299091577924,-623.0026021340861,623.0026021340861,-0.0726929762937516,170082.52728833244,113083.6597150001,0.6006456105803719,10387,3941,119171.79617930671,-0.0008740470984302817,0.0642984730780779,99.91259529015697,10007.166416440132,108.74972911151411,0
dodo-k1000000000000000000,94,10000,438.63085463463915,-438.5565321918347,438.5565321918347,0.07432244280443001,123347.80790031304,34153.74939002157,0.7831529416114702,8642,3100,91763.8749916548,-0.0022149036871643092,0.03516358427287287,99.77850963128357,10015.966544039602,86.87945885007937,0
dodo-k1000000000000000000,95,10000,764.6583469680702,-764.6336087833155,764.6336087833155,0.024738184754710346,169078.72945303668,81167.47450044384,0.6756495274728225,9115,3783,125165.65507718535,-0.0009445384999989414,0.04731528124296446,99.9055461500001,10013.380519511322,82.82845130071455,0
dodo-k1000000000000000000,96,10000,345.6742468978703,-345.77487077998325,345.77487077998325,-0.10062388211292728,94990.18989343337,30839.57333126377,0.7549103444135643,6897,2440,71305.08669594364,0.0013282838985652745,0.030030336751641615,100.13282838985653,9999.921622193993,101.89845176990846,0
dodo-k1000000000000000000,97,10000,264.6978622445933,-264.66884453312684,264.66884453312684,0.0290177114664516,69692.60268380045,27492.609687423632,0.7171111837219794,4588,2015,55107.656625179865,0.00017886127440675637,0.028240407528781902,100.01788612744068,9998.694917784096,76.02099851722808,0
dodo-k1000000000000000000,98,10000,433.63322707054664,-433.7258401097191,433.7258401097191,-0.09261303917247687,131576.5588271689,59093.45452215313,0.6900747344371901,8950,3179,94721.4434103887,0.000706917754620946,0.025211337373572746,100.0706917754621,9998.237024234793,115.97815055388776,0
dodo-k1000000000000000000,99,10000,429.81342379113204,-429.62075992202875,429.62075992202875,0.19266386910328492,82263.14638538692,48087.495447520276,0.631091226162413,4837,2265,66003.77582712278,0.0007216138644236025,0.06764197838322061,100.07216138644236,9993.316903750805,56.70140573344945,0
dodo-k1000000000000000000,100,10000,875.7799319956509,-876.1977248062126,876.1977248062126,-0.4177928105616502,196319.02257572365,77658.27556033124,0.7165521519897361,10815,4182,142414.83117835913,0.0005442515364802602,0.049527548508577865,100.05442515364803,10011.114950773963,104.02738870828291,0
dodo-k1000000000000000000,101,10000,944.4038189155552,-944.1315215614369,944.1315215614369,0.27229735411833644,167404.4752110748,48111.20277888588,0.776762399712159,8597,3650,128901.73532460639,0.007214982381104136,0.06382239597179265,100.72149823811041,9938.333710518093,90.23761949204535,0
dodo-k1000000000000000000,102,10000,636.5133433668872,-636.310627389505,636.310627389505,0.20271597738212677,146186.13395939537,74738.27943990484,0.6617020351443804,9061,3532,107671.90024411563,0.00026466642608568235,0.04643062306513883,100.02646664260857,9986.881368691553,62.261355572996756,0
dodo-k1000000000000000000,103,10000,347.70474124495667,-347.54231815224125,347.54231815224125,0.16242309271541444,104675.91858701121,34059.88653312618,0.7544982241344818,8989,2929,74364.62784733486,-0.0006706104275643554,0.03643267242775906,99.93293895724356,9990.249828169806,48.18442667012048,0
dodo-k1000000000000000000,104,10000,283.8036257366528,-283.71581391466884,283.71581391466884,0.08781182198396209,72569.6467470204,19862.529005878358,0.7851123935567919,5461,2044,56417.287062982374,0.00022862229804985646,0.02834717831983511,100.02286222980499,9993.434211568727,95.58534366048933,0
dodo-k1000000000000000000,105,10000,863.5807353023489,-863.3159362025841,863.3159362025841,0.26479909976478666,182886.08998024117,63361.600134671724,0.742691595989779,9411,3714,134935.87875152778,-0.0008010462587010636,0.037157759193372615,99.9198953741299,10003.493992949601,126.3446173667896,0
dodo-k1000000000000000000,106,10000,670.1332874633146,-670.7179773856045,670.7179773856045,-0.5846899222899538,157176.2925836928,44386.158452894706,0.7797895479806516,10428,3476,114246.7408243289,0.000496614414925034,0.07853393043350324,100.0496614414925,10012.28179109244,123.2856935857355,0
dodo-k1000000000000000000,107,10000,668.4284341144812,-668.5035639779995,668.5035639779995,-0.07512986351832751,84722.5252544599,23747.615942735258,0.781067714297865,4274,1999,69913.50380252728,0.0001384583189337718,0.09522881443792798,100.01384583189338,10000.762043398576,112.59229413037767,0
dodo-k1000000000000000000,108,10000,310.90582281190984,-310.8953572361098,310.8953572361098,0.010465575800026272,102513.94033166958,42284.11887982456,0.7079786903907064,8435,2794,73274.77615055343,0.00010299069166919139,0.0435671511939178,100.01029906916692,10001.509016194892,98.97826851090687,0
dodo-k1000000000000000000,109,10000,437.10711135088064,-437.1626390928578,437.1626390928578,-0.05552774197713006,125394.98122412132,45175.914208589755,0.7351487538716046,10301,3176,86463.30124145067,0.0016145772012444582,0.046223223735375144,100.16145772012445,9986.398922696368,78.35886006302351,0
dodo-k1000000000000000000,110,10000,311.0641717641591,-311.08391763760244,311.08391763760244,-0.019745873443355322,73720.31938499054,23860.02333078316,0.7554833005630935,5361,2000,56429.284224757146,0.00099121548310805,0.03974442115769421,100.0991215483108,9993.877377114763,97.06464735191683,0
dodo-k1000000000000000000,111,10000,1391.5272404501688,-1391.6415936974886,1391.6415936974886,-0.11435324731974106,247181.644809052,75542.36235056819,0.7659227058580593,11676,4611,181542.70188065348,0.000013182657040431423,0.07242416890676026,100.00131826570404,10006.948568782222,85.90060301799143,0
dodo-k1000000000000000000,112,10000,274.23328484397035,-274.1845628043972,274.1845628043972,0.04872203957313559,117663.69031147202,46827.06792817885,0.715320979553421,10991,2710,75395.1118151535,-0.0008780788288765962,0.027161795325558274,99.91219211711234,10003.777686247506,231.81134331243595,0
dodo-k1000000000000000000,113,10000,1439.0392913712392,-1438.879604031166,1438.879604031166,0.1596873400731056,241883.65518012908,73018.71788038115,0.7681226814179954,11284,4499,179948.274759435,0.002524106546671874,0.05569487976325419,100.25241065466719,9994.596856701071,116.02591753715777,0
dodo-k1000000000000000000,114,10000,1014.8085285216539,-1014.7189040396308,1014.7189040396308,0.08962448202305495,152384.15971935765,33385.09938437121,0.8202872771014831,7682,3308,120764.23625863307,-0.0001333450586402307,0.10795184238779228,99.98666549413598,9998.467980094245,94.79567510274329,0
dodo-k1000000000000000000,115,10000,347.56496454610726,-347.56777239699477,347.56777239699477,-0.002807850887506902,105089.86858139394,28158.872711595413,0.7886743811734832,7497,2585,77604.97261560668,0.0005782560533464221,0.01953749259756492,100.05782560533464,9996.69568702734,151.57175636232085,0
dodo-k1000000000000000000,116,10000,1544.4588603680504,-1544.9886421074586,1544.9886421074586,-0.5297817394082358,234716.0549873959,79353.91445081572,0.7473368288195177,10988,4430,174022.5225822628,0.002940192473174932,0.08137815310123216,100.2940192473175,10002.434456130166,88.85658903404455,0
dodo-k1000000000000000000,117,10000,475.59201853997894,-475.32742661752536,475.32742661752536,0.264591922453576,160683.04650752412,55472.432458591735,0.743367909414466,9839,3186,115015.89618386276,-0.001626286802208199,0.03039772915682832,99.83737131977918,10000.54150664485,223.81651361137108,0
dodo-k1000000000000000000,118,10000,730.1485386070879,-730.1638899863041,730.1638899863041,-0.01535137921621299,159467.11505063242,68369.02287922354,0.6999201992254962,8091,3559,123087.57103494454,0.00007057595794918826,0.03885596347214118,100.00705759579492,10000.496048717234,97.05795474736756,0
dodo-k1000000000000000000,119,10000,336.54367193503674,-336.21562030113665,336.21562030113665,0.3280516339000883,134906.06333110746,46045.95724590155,0.7455349926512401,11185,3077,90381.482089896,0.002360285439454657,0.02312203265430455,100.23602854394547,9938.69207569055,228.41773225218557,0
dodo-k1000000000000000000,120,10000,168.18081373193132,-167.544294002671,167.544294002671,0.6365197292603284,55504.90196061931,14861.357468669552,0.7887999505842178,4503,1640,42314.21436788604,-0.007741823782241113,0.025785190895049367,99.22581762177589,10080.442516806017,108.22252911637716,0
dodo-k1000000000000000000,121,10000,510.1817442113548,-510.2009390161818,510.2009390161818,-0.019194804827009193,139978.84689435427,26740.768273745598,0.8396063459792451,10952,3272,98177.65545660748,0.000012951109764429703,0.029024579143836035,100.00129511097644,9992.793268373669,81.2835534671967,0
dodo-k1000000000000000000,122,10000,258.96576582136913,-258.67319385602025,258.67319385602025,0.2925719653488841,93348.9564141907,50761.39349317379,0.6477602509063111,6392,2239,68147.0515600365,-0.0010124475251248556,0.023608251155327338,99.89875524748751,9987.742679781553,162.68022996178323,0
dodo-k1000000000000000000,123,10000,358.97538034489725,-359.0408560998178,359.0408560998178,-0.06547575492055557,120649.23875841167,50426.62192846192,0.7052382391881715,8299,2723,85933.77223826206,-0.00012014481037169844,0.027216212100947955,99.98798551896283,10009.912033808567,201.07660064900926,0
dodo-k1000000000000000000,124,10000,1094.0335167809928,-1091.9584720157432,1091.9584720157432,2.075044765249686,163828.2851643405,72714.16948407036,0.6925956924216823,9572,3817,121767.12204331813,0.0016900030083839112,0.16071853938129152,100.16900030083839,9986.580916950088,103.73932183511346,0
dodo-k1000000000000000000,125,10000,181.37894318273473,-181.34699266465643,181.34699266465643,0.03195051807830396,53316.335515681196,13303.128973123505,0.8003116795488641,4209,1459,40452.47613708514,0.00010854034071059005,0.028123590521216643,100.01085403407106,10003.842369855553,133.76052009310555,0
dodo-k1000000000000000000,126,10000,346.010658703612,-345.99386412454066,345.99386412454066,0.01679457907135884,121050.1725044743,39284.973829773924,0.7549821437909991,10444,3198,83971.65313582831,0.0015488277071074208,0.027074898017936704,100.15488277071074,9985.313670601767,92.61125780319949,0
dodo-k1000000000000000000,127,10000,452.1545294160359,-452.00744982192793,452.00744982192793,0.14707959410799276,104178.07594078126,50140.00740012042,0.6750866371936664,7099,2799,78556.81849390807,-0.0014541077420534522,0.0630269489052469,99.85458922579465,9990.15761782009,73.49070188611262,0
dodo-k1000000000000000000,128,10000,579.8665481911569,-580.444932432646,580.444932432646,-0.5783842414891751,154247.48385933193,60317.94027386336,0.718883223997824,9982,3542,112039.71522432352,0.0002846351666239855,0.044946994198530064,100.0284635166624,10005.209659564509,102.4981197144621,0
dodo-k1000000000000000000,129,10000,626.1168468344823,-624.9322035057413,624.9322035057413,1.1846433287410036,156374.3613427295,77207.40824763794,0.6694630390760519,9866,3573,111746.67378616649,-0.00850587577312595,0.048132780344899116,99.1494124226874,10091.462635788022,118.09338011502805,0
dodo-k1000000000000000000,130,10000,1195.5318900194345,-1194.707566334164,1194.707566334164,0.8243236852704285,174167.11962476908,85298.10635369491,0.6712541881786702,8933,3750,132428.36353434058,0.0022657027052598267,0.10039562992723632,100.22657027052598,9988.264038737605,65.91285074284076,0
dodo-k1000000000000000000,131,10000,301.3321130669469,-301.245443112784,301.245443112784,0.08666995416285772,89363.35426646404,16272.195717386943,0.8459590950217559,7964,2393,64131.4729380752,0.0007522500584393299,0.04391346560430037,100.07522500584393,9987.314344732073,67.88717777144794,0
dodo-k1000000000000000000,132,10000,319.051491627105,-319.2076066150811,319.2076066150811,-0.15611498797608192,76249.80482949642,53787.34346942272,0.586369401566846,5423,2217,57071.862413117844,0.0006453142435421455,0.05673725338097157,100.06453142435421,9993.870056571344,38.91995134673968,0
dodo-k1000000000000000000,133,10000,1589.315874669889,-1588.7431397584442,1588.7431397584442,0.5727349114447406,199309.32494160897,56067.50651933718,0.7804518671541613,10754,4068,147858.737657248,-0.0003441368965056313,0.17884886929289606,99.96558631034944,9987.978878391692,102.33135517634553,0
dodo-k1000000000000000000,134,10000,336.0080289557285,-335.98742608690367,335.98742608690367,0.020602868824823872,94305.25504820104,35374.53593270465,0.7272162789195636,6875,2578,70716.91488784448,0.000019098751119059896,0.04315504966810664,100.0019098751119,9999.816860632689,99.52369914270692,0
dodo-k1000000000000000000,135,10000,305.4324238502534,-305.4305387025434,305.4305387025434,0.0018851477099701697,109057.79263722652,50460.31695070884,0.6836702924761513,10468,2858,71637.64842940425,-0.001285096978405278,0.03547774229426878,99.87149030215947,10008.015130002046,71.09016119825175,0
dodo-k1000000000000000000,136,10000,327.15065338301434,-327.1899359055537,327.1899359055537,-0.03928252253933806,103181.3368098219,25700.803233718067,0.8005867746684249,8603,2760,74137.41031943799,-0.000026979948722924972,0.04702362847679467,99.99730200512771,9999.14027773708,90.45156927075406,0
dodo-k1000000000000000000,137,10000,506.3120014039117,-506.3141368536351,506.3141368536351,-0.0021354497233687653,126007.33376790662,40599.3116267756,0.756316373031832,8046,3025,94543.65153749025,0.00039034157143959193,0.042595580215816255,100.03903415714396,9999.417470069802,104.0445110828318,0
dodo-k1000000000000000000,138,10000,252.5895201038145,-252.58107641412826,252.58107641412826,0.008443689686231437,96557.87389144902,53115.95727868008,0.6451219504209458,8189,2722,66692.34417113817,-0.00015572526702612778,0.021664260233491744,99.98442747329739,9999.705615491628,95.4695741911343,0
dodo-k1000000000000000000,139,10000,599.0891808284808,-599.4559307563234,599.4559307563234,-0.3667499278425339,137527.26909836027,47815.52344368903,0.7420157385788768,8041,3079,102659.33928717057,0.0007195621506423322,0.04962905732701927,100.07195621506423,10007.575584074659,120.10161621218924,0
dodo-k1000000000000000000,140,10000,456.07591210833186,-456.0407952795328,456.0407952795328,0.03511682879906175,98925.655981594,34176.737721879304,0.7432297288505679,6957,2693,74239.0597072345,0.00016775820000532348,0.05505084734353332,100.01677582000053,9998.595457301164,72.86601294850834,0
dodo-k1000000000000000000,141,10000,249.69128368124993,-249.66604881177543,249.66604881177543,0.025234869474502375,87922.06175294792,25685.74228494823,0.7739086456034285,8325,2448,61817.7738146136,-0.00033784738268963113,0.024007995802161446,99.96621526173104,10002.145767235563,87.3522119895297,0
dodo-k1000000000000000000,142,10000,961.4780349974578,-961.6587185252077,961.6587185252077,-0.18068352774992036,179975.44257393252,59525.3395084493,0.7514607718985478,8926,3864,138089.63322553047,0.00315230581804002,0.06741204719893844,100.315230581804,9967.752761597625,113.27656322645666,0
dodo-k1000000000000000000,143,10000,220.43923817823287,-220.2837819064209,220.2837819064209,0.1554562718119712,95597.59039591519,43000.71985138218,0.6897457135324586,9628,2504,61541.847935760095,-0.0001727173676492555,0.025659260777415083,99.98272826323507,9998.27299277891,143.38365960936963,0
dodo-k1000000000000000000,144,10000,610.4321909203094,-610.0537219356319,610.0537219356319,0.3784689846775109,111615.12324764578,48080.599222759854,0.6989236876293289,7438,2898,83885.27688103278,0.0024924774332484387,0.23177097989594386,100.24924774332484,9992.489729236508,55.61645980707202,0
dodo-k1000000000000000000,145,10000,425.4295399811798,-425.273519967258,425.273519967258,0.1560200139218182,112088.91026026,43623.134166801115,0.7198473995553046,8152,2767,82490.54950387083,-0.001546611806198399,0.04525303474268625,99.84533881938016,10011.41182363358,115.22724517525236,0
dodo-k1000000000000000000,146,10000,546.6097249728358,-546.779502204173,546.779502204173,-0.169777231337207,143724.15874006346,89857.86537446191,0.6153048775260012,8930,3362,103390.875466435,0.0017724770502307763,0.03436311463362486,100.17724770502308,9995.027528955929,108.39662639911074,0
dodo-k1000000000000000000,147,10000,697.1608641784057,-697.0660045464226,697.0660045464226,0.09485963198312675,127162.74960591654,42549.221004209736,0.7492856817863682,6349,2847,101340.01633959747,0.0006383798991900846,0.04732305164630532,100.06383798991901,9995.39818688805,94.86693306153195,0
dodo-k1000000000000000000,148,10000,997.213863392424,-998.1391580845519,998.1391580845519,-0.9252946921279772,175278.5081029776,31271.410091208654,0.8486011983708022,8067,3167,136755.67836845695,0.001615773056339549,0.05243739473210098,100.16157730563395,9985.07825163341,253.78965492734454,0
dodo-k1000000000000000000,149,10000,298.6338096847625,-298.59703858317704,298.59703858317704,0.036771101585486576,108528.5619938334,37552.29635970813,0.7429348596184661,8917,2869,76659.19451950105,-0.0001862789078970195,0.01932380414538713,99.9813721092103,9998.898110709135,137.6635502152757,0
dodo-k1000000000000000000,150,10000,326.70206771688777,-326.68807349942745,326.68807349942745,0.013994217460322034,72041.79480612093,25877.785257060317,0.7357240988945926,5349,2106,56527.31810728764,-0.000009844816965198788,0.04477858601536795,99.99901551830348,10002.16663269748,74.1146224176046,0
dodo-k1000000000000000000,151,10000,518.8990620579098,-518.8369050931851,518.8369050931851,0.062156964724636055,117136.73955268838,40955.6566701736,0.740938478708118,6642,2877,91190.09124145118,-0.0002651007156860885,0.07640722038983157,99.97348992843139,10000.444885964976,87.19231511011469,0
dodo-k1000000000000000000,152,10000,586.5824349464416,-588.0641722543576,588.0641722543576,-1.481737307915978,111255.64378394521,44182.741430178685,0.7157539859326586,8499,2948,81147.8513965206,0.0001627801727781275,0.15263453049459344,100.01627801727781,10007.893504385625,90.90929103459119,0
dodo-k1000000000000000000,153,10000,209.0097226343973,-209.02583837516784,209.02583837516784,-0.016115740770544562,75119.67597279989,11663.239815800564,0.8656044255967185,7219,2192,54749.6962908552,0.00021736673743433244,0.020986689572310126,100.02173667374343,9998.995753557057,102.91618631381526,0
dodo-k1000000000000000000,154,10000,281.7206248924665,-281.7115485657102,281.7115485657102,0.009076326756314756,71396.65879384683,13973.455166721858,0.8363191224838237,6305,2021,53996.84082174584,-0.001451342009335832,0.03561674183430242,99.85486579906642,10003.407683620198,102.51644130375507,0
dodo-k1000000000000000000,155,10000,657.7327681848585,-657.5529651055153,657.5529651055153,0.17980307934317352,122993.71617816867,43914.89449311673,0.7368925766232398,6624,2994,98170.21108550864,0.0016839792372789475,0.04245459788356456,100.1683979237279,9982.29852805129,80.22522366676966,0
dodo-k1000000000000000000,156,10000,596.8897388035911,-597.2434040084723,597.2434040084723,-0.35366520488128117,123188.86013761308,59323.9165471129,0.6749601993640725,6971,2864,94023.92074049168,0.000089404872065586,0.04644419486539832,100.00894048720656,10001.962103473094,118.8185059000919,0
dodo-k1000000000000000000,157,10000,719.2010980053844,-719.1574910505846,719.1574910505846,0.04360695479988408,156599.23932023166,77241.25476180263,0.6696840080456493,9685,3611,113440.24109971405,-0.00019025465567764854,0.08236131933489858,99.98097453443224,9997.015967184861,109.00829646753655,0
dodo-k1000000000000000000,158,10000,496.76714287128283,-497.3369955695231,497.3369955695231,-0.5698526982402541,113033.53905804842,67016.91038110822,0.6277881527657345,6943,2818,85665.69618072985,0.0010954019007097316,0.10223979341885467,100.10954019007097,10017.72228163309,174.38100864889887,0
dodo-k1000000000000000000,159,10000,350.7707615804988,-350.6843483686719,350.6843483686719,0.08641321182687989,135698.21514659622,73233.9728293789,0.6494844880588722,10936,3361,89645.56409979251,0.00018401395182905843,0.0275460136231591,100.0184013951829,9997.398092608435,89.59126963684643,0
dodo-k1000000000000000000,160,10000,260.1456480085558,-260.1157772721151,260.1157772721151,0.029870736440670953,70711.42330165168,20088.197554356197,0.7787634203207464,5323,2029,54861.4607494937,0.000073075690436184,0.02698679194908479,100.00730756904362,10000.551382527217,79.25054805216993,0
dodo-k1000000000000000000,161,10000,250.0921226959514,-250.09111485366705,250.09111485366705,0.001007842284337812,80024.97074676835,12047.890910838492,0.8691482952312134,7161,2287,58931.63507394673,0.0017733776296489623,0.0372914673716069,100.1773377629649,9983.59132580114,91.58311333071114,0
dodo-k1000000000000000000,162,10000,489.53720821897804,-489.54777234700987,489.54777234700987,-0.010564128031830933,108442.7551871132,52626.779454697236,0.673266707004961,5971,2675,83474.04836643631,-0.00017337837538846656,0.0812965273325041,99.98266216246115,10002.775279830983,94.62081937808479,0
dodo-k1000000000000000000,163,10000,781.0211443005874,-780.4996362159565,780.4996362159565,0.5215080846309093,166347.23498006325,53289.57155759236,0.7573741286916037,11257,4020,118372.36096198703,-0.001488245560746151,0.04945796144082465,99.85117544392538,9979.357167695505,44.00890757798017,0
dodo-k1000000000000000000,164,10000,161.8270156071074,-161.8312709382338,161.8312709382338,-0.00425533112641574,58489.86336571651,35606.40927164535,0.6215959647108543,4566,1813,43752.31092312916,0.000039647068698656086,0.021123204835089525,100.00396470686987,10001.971980371998,86.19144714022153,0
dodo-k1000000000000000000,165,10000,847.4453285994776,-847.8161829318707,847.8161829318707,-0.3708543323930371,183866.45604767482,118236.29538584307,0.60862224913611,10685,4020,129682.8571681054,-0.0000292764037259019,0.09454328217117776,99.99707235962741,9995.54555400813,96.73209893265582,0
dodo-k1000000000000000000,166,10000,1028.5035569404877,-1028.434963213724,1028.434963213724,0.06859372676376552,187400.69640614657,114240.67816854788,0.6212698661461018,11518,4256,131971.33444549708,0.0006556734681585397,0.09040472639717918,100.06556734681585,10011.01764736892,84.24358471801214,0
dodo-k1000000000000000000,167,10000,192.88991265775954,-192.8529562550715,192.8529562550715,0.03695640268804823,55598.62394955255,11770.288901110394,0.8252860495581743,4924,1656,42084.411246825766,0.0005683755353685172,0.028756049990584814,100.05683755353685,9992.006669502634,83.73482049058491,0
dodo-k1000000000000000000,168,10000,211.0805604039386,-211.04145013066284,211.04145013066284,0.039110273275753116,71045.25493345637,38332.93672982114,0.6495376624269882,5355,2052,53000.28928493285,-0.001684384802081098,0.019542293450070504,99.83156151979189,10015.750320812944,101.40934073146617,0
dodo-k1000000000000000000,169,10000,516.1492576350597,-516.0816611511445,516.0816611511445,0.06759648391516748,144262.00981903434,39570.024401947514,0.7847490260898655,9671,3442,107023.74118083726,0.0029274570293260638,0.029876719979569942,100.2927457029326,9965.048316806888,121.41388861505814,0
dodo-k1000000000000000000,170,10000,460.1606545772084,-460.3445029131637,460.3445029131637,-0.1838483359553038,116224.58903837414,64692.066195179184,0.64242061566048,6842,2847,87574.64532356182,0.00033287691375221584,0.05353000123900216,100.03328769137522,10001.093259280822,88.99655015191802,0
dodo-k1000000000000000000,171,10000,665.9022185881265,-665.793711043519,665.793711043519,0.10850754460750522,145452.35851978793,56895.082681060456,0.7188247978654355,8254,3414,110138.04757273922,0.000682508174144516,0.0736472359551793,100.06825081741445,9991.808817805197,88.88289485925085,0
dodo-k1000000000000000000,172,10000,189.63392005551938,-189.61798842301607,189.61798842301607,0.01593163250331031,73769.88345980072,21814.13341498419,0.7717805326850753,6826,2263,53806.642009164,-0.0012573774641778358,0.03551962359937349,99.87426225358222,10013.095962155034,100.12704678278762,0
dodo-k1000000000000000000,173,10000,934.0510392648678,-934.0237133825157,934.0237133825157,0.02732588235210187,144071.48929946634,37604.925809513355,0.79301151562818,8300,3353,111062.6504024611,-0.00003137991101183957,0.1646699650409002,99.99686200889882,9999.212229289416,99.82540720581034,0
dodo-k1000000000000000000,174,10000,704.2268847081293,-704.22917528064,704.22917528064,-0.002290572510673883,169761.1979980114,46716.65398193134,0.7841966115486967,10080,3809,124696.14327212061,-0.00000012635969781626955,0.041088803884361765,99.99998736403022,10000.465889902689,101.54059972097969,0
dodo-k1000000000000000000,175,10000,534.7934567171142,-534.677073972297,534.677073972297,0.11638274481720146,97055.3541012149,38550.21558288399,0.7157180514584397,5684,2437,76560.82724246316,0.0002468231523427278,0.0826822409855052,100.02468231523427,9998.631003365474,71.18943770981471,0
dodo-k1000000000000000000,176,10000,486.0735160115414,-486.02804981729895,486.02804981729895,0.04546619424246501,143270.90115769638,63488.75193787655,0.6929345208925777,10488,3467,99495.13741143032,-0.000031722985255697725,0.05690472318095331,99.99682770147443,10001.402169044779,113.5668795006855,0
dodo-k1000000000000000000,177,10000,639.1855914194492,-639.114118986489,639.114118986489,0.07147243296026318,152839.1070263475,41179.294070874086,0.7877557291576722,10846,3673,108954.18445103594,-0.0015612463870569116,0.10449090991274361,99.84387536129431,10015.78428091436,100.99498380035627,0
dodo-k1000000000000000000,178,10000,123.26871949777092,-123.26716797479244,123.26716797479244,0.0015515229784739404,44997.25335964311,16212.783309028175,0.7351286783769196,3903,1395,34010.11901752326,-0.00020037108059284492,0.018102823249337093,99.97996289194072,9999.171800706405,99.99833791850422,0
dodo-k1000000000000000000,179,10000,240.74423400342877,-240.64417100085174,240.64417100085174,0.1000630025770306,84644.20826353072,41161.30259958599,0.672817968647083,9532,2542,55215.82612883979,-0.0004270654004027108,0.0542776344490774,99.95729345995973,9992.30996124499,63.44613090760936,0
dodo-k1000000000000000000,180,10000,862.7551503584657,-862.49531626292,862.49531626292,0.2598340955456706,172410.59465697446,74613.52684403706,0.6979504414764955,11259,4149,122116.1874196328,0.018901308228836625,0.11044627923449866,101.89013082288366,9936.420133774687,32.75481328719678,0
dodo-k1000000000000000000,181,10000,807.9239083264929,-808.720059969638,808.720059969638,-0.7961516431450946,89403.19950014887,23729.799932919308,0.7902486449414934,4235,2117,74379.98183038777,0.0009226472627786109,0.13786304780973765,100.09226472627786,9992.891955987592,71.87378761762875,0
dodo-k1000000000000000000,182,10000,551.6812335015484,-551.7107672383958,551.7107672383958,-0.029533736847383807,106878.57350442003,54026.96784114554,0.6642317760510459,5844,2666,85656.69221426774,0.0003686494586675337,0.06728825017742053,100.03686494586675,9999.161019711273,93.43126881151193,0
dodo-k1000000000000000000,183,10000,530.2344682688584,-530.16942916469,530.16942916469,0.06503910416847702,134545.68464571307,31258.492178214,0.8114734334382394,10025,3151,96160.93787473156,0.0012702914070135307,0.04874826072191325,100.12702914070135,10001.181824549454,94.42813841375441,0
dodo-k1000000000000000000,184,10000,308.05682849173945,-308.1996155462373,308.1996155462373,-0.14278705449783047,115560.83539426066,56554.618958894105,0.6714146375092349,9154,2750,78090.58500416542,-0.001347716302556563,0.022297533625967248,99.86522836974434,10012.232445760503,271.3474029751538,0
dodo-k1000000000000000000,185,10000,324.50114919034746,-324.4919416647533,324.4919416647533,0.009207525594149502,76004.83235417747,26317.564916179635,0.7427976120746748,4402,1982,61502.45499364371,-0.00021620644225649242,0.038697628866812724,99.97837935577435,9999.801847529776,109.93580381075877,0
dodo-k1000000000000000000,186,10000,350.9168954088545,-350.95792902963785,350.95792902963785,-0.04103362078336659,105004.8099915335,28356.653044138144,0.7873699613166865,7356,2765,79003.41286217855,-0.0000008099872495392901,0.024722280990656174,99.99991900127505,10001.309475153412,103.26098876111455,0
dodo-k1000000000000000000,187,10000,246.09075208413608,-246.1469559610377,246.1469559610377,-0.056203876901605554,70369.53045391924,40668.36588048914,0.6337433684981761,4510,2028,55212.326540212336,0.0003748496893994968,0.03112697746880656,100.03748496893995,10000.816273229502,102.17040937157365,0
dodo-k1000000000000000000,188,10000,293.05120088812026,-293.0966039682815,293.0966039682815,-0.045403080161236176,97662.57409854676,25260.06550893085,0.7945043680351114,8732,2571,68683.29865427055,0.0008170713832140564,0.029289265151293195,100.0817071383214,9995.459954734133,99.984134307965,0
dodo-k1000000000000000000,189,10000,472.0193901676864,-472.1116044812932,472.1116044812932,-0.09221431360680299,124883.45646877536,56194.94135544464,0.6896651283053912,8512,3166,90527.59232701742,0.0001572316365320603,0.04404701505094266,100.0157231636532,10000.495282588488,80.90954839688911,0
dodo-k1000000000000000000,190,10000,458.1792991556755,-458.45023255162687,458.45023255162687,-0.2709333959513742,80578.42552505159,13714.840639141625,0.8545512187979583,5147,2090,63071.69081993464,-0.00007374889454638378,0.10482186114961906,99.99262511054536,10001.709678507767,59.70296125969308,0
dodo-k1000000000000000000,191,10000,578.9347801343856,-578.5269475674806,578.5269475674806,0.4078325669049718,132403.3970011513,97524.0875011857,0.5758484997464735,8388,3363,96545.21231726979,0.001691790159022446,0.07323228161937138,100.16917901590224,9974.463434777037,41.520139820593194,0
dodo-k1000000000000000000,192,10000,609.1878029811651,-608.7370812747893,608.7370812747893,0.4507217063758162,100529.71263001263,32192.416861346166,0.7574449944050805,5148,2332,80857.27007236698,0.0006141390532502555,0.0740335960841972,100.06141390532503,9992.587775023898,89.90022131856176,0
dodo-k1000000000000000000,193,10000,517.2244277518929,-517.2523752511268,517.2523752511268,-0.02794749923384643,112653.12652312774,20147.246667659776,0.8482892315466971,6639,2710,88154.96186946768,-0.0007503016156175591,0.03511261640231126,99.92496983843824,10009.249600447587,114.77862858144684,0
dodo-k1000000000000000000,194,10000,213.30047409621474,-213.4304124108452,213.4304124108452,-0.1299383146304649,74628.64655323871,34414.892944276005,0.6843931047830635,7491,2204,51073.03794674814,0.00202488992984982,0.04330440669188647,100.20248899298498,9984.073619075702,81.8583582561802,0
dodo-k1000000000000000000,195,10000,493.7871627596189,-493.9898873135789,493.9898873135789,-0.20272455395996758,149497.31029847375,69266.760193464,0.6833723196057612,10413,3706,104694.98187124371,0.0016943582070980767,0.04312840651427322,100.16943582070981,10000.757716921495,65.52057441264236,0
dodo-k1000000000000000000,196,10000,627.9069916581799,-627.9006332053538,627.9006332053538,0.006358452826134453,129141.30505008443,50480.776172112965,0.7189611887991273,6333,3025,102694.63523100126,0.0001287131905266392,0.06793676314903294,100.01287131905266,9999.51180906403,111.53046569883209,0
dodo-k1000000000000000000,197,10000,932.9722937515419,-932.6705711878523,932.6705711878523,0.3017225636896228,186834.69105812148,107067.36600653123,0.6357039243758049,10141,3899,135136.74230881446,0.00007637325670401652,0.06815155768636061,100.0076373256704,10001.971284201283,109.37046831301399,0
dodo-k1000000000000000000,198,10000,346.4878316417083,-346.41716559325647,346.41716559325647,0.07066604845181246,114909.85387393423,58520.4727046323,0.6625707057172515,8747,3046,80093.27033443362,-0.0002675000879443701,0.030029731099533732,99.97324999120556,9999.890664582383,92.39607552260667,0
dodo-k1000000000000000000,199,10000,380.11781839984485,-380.1227653559551,380.1227653559551,-0.004946956110245537,78890.51274787955,15494.129208341355,0.8358405680499577,7242,2308,58640.65649664401,0.0006026983626063043,0.06005506281358436,100.06026983626063,9983.364628322786,65.97886838948915,0
dodo-k1000000000000000000,200,10000,169.89386493643494,-169.84264186003597,169.84264186003597,0.05122307639896917,57395.40435826152,28909.194161059546,0.665032980199918,6017,1919,40305.69274884462,0.001314613360127339,0.028115983740138403,100.13146133601273,9988.700066143769,31.11320204960449,0
dodo-k1000000000000000000,201,10000,232.08078042247362,-232.9681130417769,232.9681130417769,-0.8873326193032653,65189.98639250134,21821.843320522494,0.7492083157831099,5480,1791,47776.368506273866,0.0005642489329143529,0.06895449403710088,100.05642489329144,10003.353229820288,172.37792516449392,0
dodo-k1000000000000000000,202,10000,395.4630958182254,-395.0620034817468,395.0620034817468,0.4010923364785981,104156.61879628022,34314.56922771764,0.7521898257869302,9239,2751,73733.77717056045,-0.0013269773396579864,0.05193511873452849,99.8673022660342,9991.471814316166,72.30082144211484,0
dodo-k1000000000000000000,203,10000,865.5911901047956,-865.3013287101737,865.3013287101737,0.2898613946218802,116025.8425781745,31470.270379715206,0.7866366119851579,6042,2838,93443.173782831,-0.00057160403585641,0.10565387314767832,99.94283959641436,9992.236259435997,57.902198364854954,0
dodo-k1000000000000000000,204,10000,807.0493294868597,-806.5451604440708,806.5451604440708,0.5041690427889307,192162.45515357997,72646.89686254089,0.7256634015776061,11650,4071,137421.60659338432,-0.0013280988019081974,0.041723311454254175,99.86719011980918,10012.714114604676,131.48932780081054,0
dodo-k1000000000000000000,205,10000,269.0403000729013,-268.9961261425171,268.9961261425171,0.04417393038420414,84147.58469832795,18307.46443810295,0.8213122282170358,6622,2217,62327.97263738728,-0.00014603226239145783,0.024357031979281202,99.98539677376085,9997.758669492827,107.1066617850174,0
dodo-k1000000000000000000,206,10000,823.6039190633867,-823.6041344192109,823.6041344192109,-0.00021535582425258326,161618.91551006705,47359.01452365243,0.7733779135623994,8267,3568,123551.60119781535,0.00012437633280256932,0.05166748683841277,100.01243763328026,9998.039080317078,79.35603674676747,0
dodo-k1000000000000000000,207,10000,286.9149000992508,-286.82020637667483,286.82020637667483,0.09469372257598252,92992.08614630016,44362.37931382628,0.6770226642052309,7063,2645,68347.01838609391,-0.002205740009398056,0.02839091138621825,99.7794259990602,10017.94124367231,90.7594439157596,0
dodo-k1000000000000000000,208,10000,326.5883763745352,-326.6046058470721,326.6046058470721,-0.016229472536906542,81014.39463996269,25272.170036351636,0.7622261090729986,5448,2216,63502.59856316361,0.00008778297955657876,0.033263455038990204,100.00877829795566,9999.143762425767,86.60562109209545,0
dodo-k1000000000000000000,209,10000,454.3239794609874,-454.316379163033,454.316379163033,0.007600297954411417,135901.0524469766,56478.03449723663,0.7064232116164771,9200,3441,98272.12183779158,0.000009177642150035581,0.0504042924467825,100.000917764215,9999.606271228622,98.00199013650169,0
dodo-k1000000000000000000,210,10000,336.8433226097973,-336.8374044403925,336.8374044403925,0.005918169404822038,94653.6995414808,19502.9631874104,0.8291561550487186,6673,2562,72897.59393385274,-0.0011012383369099154,0.027997284714360405,99.88987616630901,10011.120519909831,102.27583272581126,0
dodo-k1000000000000000000,211,10000,289.1735497597178,-288.9676484640956,288.9676484640956,0.20590129562219772,71173.43011246524,19065.9495234245,0.7887180785112397,4979,1821,54080.437324655366,-0.0009766124674749222,0.03549303908024825,99.90233875325251,9997.912001388027,129.21013403521889,0
dodo-k1000000000000000000,212,10000,1077.292889942169,-1078.1568156731448,1078.1568156731448,-0.8639257309757795,234689.72622108742,60268.22114913683,0.7956718180117739,10722,3984,173868.9747371002,-0.0015681417783230244,0.032475658007947175,99.8431858221677,10017.157600047214,284.2480316052466,0
dodo-k1000000000000000000,213,10000,465.3076174443476,-464.9628397393892,464.9628397393892,0.3447777049584033,138376.38456222037,43894.422891187285,0.7591801808284212,11256,3175,95621.33736261481,0.0032814363262205857,0.03095974909399601,100.32814363262206,9971.70297588112,69.24468368883747,0
dodo-k1000000000000000000,214,10000,589.414392343307,-589.2967995726431,589.2967995726431,0.1175927706639186,159348.57029960712,74961.761919641,0.6800748767258884,8994,3624,115545.0591780118,-0.0005098043270201913,0.033208041696021554,99.94901956729798,10002.492124869048,109.72608520405835,0
dodo-k1000000000000000000,215,10000,221.96695970214026,-221.86998920825908,221.86998920825908,0.09697049388117307,59585.86082940715,17457.239045871753,0.7734094412850421,3988,1618,46248.6755909296,-0.0011055470529072408,0.02441116375882544,99.88944529470928,10003.46218221043,96.90540235547302,0
dodo-k1000000000000000000,216,10000,126.03276578832626,-126.01806279047881,126.01806279047881,0.01470299784745066,50201.20635880692,17858.128388743633,0.7376094189726656,5015,1533,36250.02934375762,0.0004813033941415767,0.01646494891162433,100.04813033941416,9992.3384961976,114.76331468946934,0
dodo-k1000000000000000000,217,10000,366.17838574493317,-365.9472219604735,365.9472219604735,0.23116378445968166,123497.35847588358,81293.41251144004,0.6030416208722998,7663,2748,87291.8446206256,0.0007454342542426673,0.030143581328280787,100.07454342542427,9964.636752500293,328.77473811409266,0
dodo-k1000000000000000000,218,10000,437.3150883953613,-437.31788622565193,437.31788622565193,-0.002797830290660386,137814.2487328597,43487.25649935826,0.7601384696522068,10252,3354,95767.53481837279,0.0007852545895126184,0.022072044784794256,100.07852545895126,9987.103114151514,112.78941581322782,0
dodo-k1000000000000000000,219,10000,368.64260621158064,-368.88691740038945,368.88691740038945,-0.2443111888088083,98027.65422070454,25915.738296113133,0.7909066569030966,8846,2668,70291.42268498857,0.0010597786147629052,0.05506248486139185,100.10597786147629,9996.766799439638,110.29641023208549,0
dodo-k1000000000000000000,220,10000,399.9503341980057,-399.91657302098224,399.91657302098224,0.03376117702345027,130449.56486933664,58146.48638821543,0.691687678503889,9070,3314,92943.60314704843,0.0006151837094857626,0.023299849968318825,100.06151837094858,9991.384297230254,98.7563300744678,0
dodo-k1000000000000000000,221,10000,114.77334974643304,-114.85271177892072,114.85271177892072,-0.07936203248767981,43839.2913975287,14377.214702941314,0.7530388601794632,4407,1336,31456.414527996025,0.0007084112590277414,0.022623913635685822,100.07084112590277,10000.953633937817,111.41168931313693,0
dodo-k1000000000000000000,222,10000,185.40872240811944,-185.4144677761724,185.4144677761724,-0.005745368052942013,66875.10714460263,17511.256689404338,0.7924871283250214,6138,1864,47884.78463858437,-0.0011072156228529196,0.023013664901753543,99.88927843771471,10007.269837655482,128.64247561923003,0
dodo-k1000000000000000000,223,10000,557.9639870166754,-557.8499608522893,557.8499608522893,0.11402616438613222,107917.8997707963,26740.848300496804,0.801417667373981,5682,2473,86515.812190214,-0.0004690211574188652,0.031415027062266884,99.95309788425811,9999.564590842372,117.63821917798023,0
dodo-k1000000000000000000,224,10000,679.7527723997359,-679.6307307882037,679.6307307882037,0.12204161153226778,162727.47769877198,86840.64626864708,0.6520363062071819,9663,3651,116270.80320998002,0.004429040022661042,0.03861826047101886,100.4429040022661,9979.884260712883,87.56235304753778,0
dodo-k1000000000000000000,225,10000,142.09521351150002,-142.0904398027804,142.0904398027804,0.004773708719625347,50669.52741038449,21050.469876366984,0.7064909275971829,4567,1490,36863.83568230048,-0.000851651128582347,0.026267637700219525,99.91483488714177,10008.177476194247,138.8464263594924,0
dodo-k1000000000000000000,226,10000,224.6942394683269,-224.77216838843748,224.77216838843748,-0.07792892011056551,87866.25813166448,24859.28442943547,0.7794707050005003,8466,2232,60083.5272514779,-0.0003306198855493392,0.015155042977408897,99.96693801144507,10013.205299266656,174.5364242223458,0
dodo-k1000000000000000000,227,10000,175.61304408735242,-175.5419943435227,175.5419943435227,0.07104974382971818,57017.49067773715,23951.729880612867,0.7041872242878738,4900,1675,41797.158767121065,0.0005985127420782987,0.018213717259078378,100.05985127420783,9987.489526442978,60.317391349748426,0
dodo-k1000000000000000000,228,10000,709.068393675698,-708.6418195234924,708.6418195234924,0.42657415220560324,152753.72450174167,43495.22170923316,0.778367106937358,9742,3528,111410.95462672091,-0.0008275156222015312,0.06411436215656963,99.91724843777985,9986.956691404783,73.84290400801531,0
dodo-k1000000000000000000,229,10000,647.6505413894192,-647.2368268431833,647.2368268431833,0.4137145462359513,182492.7261772328,72694.32092725516,0.7151331866092325,11267,3936,128276.49868919727,-0.0015172278886753077,0.04202284075669098,99.84827721113247,9985.357238741106,117.3265333682859,0
dodo-k1000000000000000000,230,10000,518.1586056527258,-517.9932070407427,517.9932070407427,0.16539861198305061,134418.78726815982,61381.33088844362,0.6865102459266647,8298,3019,99486.0203258968,0.00362709297392513,0.03331763678976756,100.36270929739251,9969.079282045945,105.4279823870154,0
dodo-k1000000000000000000,231,10000,541.4719531558554,-541.4947523613541,541.4947523613541,-0.022799205498699848,111492.48855608393,23648.6905887424,0.8250075162996847,5823,2669,89322.22981233789,0.00014677881400160687,0.03824557112890716,100.01467788140016,9998.05771470207,102.69018879406573,0
dodo-k1000000000000000000,232,10000,491.3951081137232,-491.2729883910899,491.2729883910899,0.12211972263332882,89117.26921632048,25194.778964311583,0.7795964697920587,4255,2127,74931.37917165877,-0.0033880733209031176,0.035859518713881613,99.66119266790969,10033.465474065975,95.87193177792206,0
dodo-k1000000000000000000,233,10000,451.97015903002404,-452.11444658537755,452.11444658537755,-0.14428755535351456,124354.83029181245,56017.29212071843,0.6894348673649207,7690,3033,92106.65373977722,0.0004235211519842608,0.040454476832940574,100.04235211519843,10004.776494307855,79.76077115787699,0
dodo-k1000000000000000000,234,10000,149.42344251287545,-149.3466863421809,149.3466863421809,0.07675617069455143,70926.65961088477,38217.75377489378,0.6498423273410205,6657,2096,48683.48424201456,0.001988879217733057,0.020970614323397994,100.1988879217733,9974.117728427482,132.19781396251048,0
dodo-k1000000000000000000,235,10000,1026.611456405347,-1026.465846932664,1026.465846932664,0.1456094726831907,159072.79006364173,63423.83711308424,0.7149447255993343,9029,3716,121265.46748067196,-0.0016036890151339379,0.09291703708034532,99.8396310984866,9988.789110899239,70.6910179816114,0
dodo-k1000000000000000000,236,10000,222.62435136045977,-222.68069380683266,222.68069380683266,-0.05634244637289498,61266.4884720394,25188.159103528073,0.7086546552455512,5008,1784,46223.799605054315,0.0014321969131303547,0.03573682060351246,100.14321969131304,9995.809957823209,67.21480809917236,0
dodo-k1000000000000000000,237,10000,473.28023353903774,-473.1861455305582,473.1861455305582,0.09408800847955945,96601.16072299638,41905.50927525143,0.6974477165916879,5601,2421,75428.89693780999,0.00007873233702724746,0.05354252205043622,100.00787323370272,9995.924022651543,92.4113136470382,0
dodo-k1000000000000000000,238,10000,290.613954329409,-290.46327417948527,290.46327417948527,0.150680149923744,100731.53595033614,46452.61695361188,0.684391179097068,9539,2726,67381.67234546342,-0.00014419722694299252,0.03701800135262658,99.9855802773057,9992.662734545833,42.80061201675412,0
dodo-k1000000000000000000,239,10000,437.0157768007443,-436.88368046308943,436.88368046308943,0.1320963376548434,103011.63812722216,58367.46752198257,0.6383207895025894,7710,2654,73326.80135013704,0.0008913215413339514,0.06284680224658701,100.0891321541334,9997.999164398223,74.2257792015887,0
dodo-k1000000000000000000,240,10000,1409.9904885380868,-1409.9832721838052,1409.9832721838052,0.007216354281581516,232670.6343950188,72267.01563740392,0.7630105182822781,11696,4547,169267.83402001622,-0.0014125107760705191,0.14875504106836318,99.85874892239295,10015.991987984882,94.64523357043299,0
dodo-k1000000000000000000,241,10000,313.4926444587789,-313.4326386298499,313.4326386298499,0.0600058289289791,74459.37746085723,21525.744681190725,0.7757387374125037,4981,1902,57843.10213891763,-0.00015467628916141508,0.05562295924359347,99.98453237108386,10000.80719389226,152.4143206434038,0
dodo-k1000000000000000000,242,10000,379.59569807433917,-379.5889845223386,379.5889845223386,0.006713552000576328,105736.98038739496,30051.070125392533,0.7786913501452579,7860,2824,78799.10894129657,0.0010078784306027445,0.039322413338898486,100.10078784306027,9990.03153095157,98.9583810440994,0
dodo-k1000000000000000000,243,10000,316.23743424464647,-316.22980757950023,316.22980757950023,0.007626665146233336,115493.80203042108,29718.7680345216,0.7953430063166665,8917,2510,79565.95186984647,-0.001079262479177885,0.036484573171615436,99.89207375208221,9999.787775871839,207.80799920429928,0
dodo-k1000000000000000000,244,10000,263.89536170711085,-263.84365858705337,263.84365858705337,0.05170312005748201,80601.6207247238,20841.392531579906,0.7945507348157878,6654,2113,59428.74248183983,-0.0004643108709346677,0.03573243369565361,99.95356891290653,9996.193842402954,165.48230014142715,0
dodo-k1000000000000000000,245,10000,527.9687806884591,-527.9210091343144,527.9210091343144,0.047771554144674155,108444.77182429351,27193.726020576152,0.799513217466639,6320,2624,84632.97157987376,-0.00039703048127861964,0.060058639024265545,99.96029695187214,9999.813093067694,65.46384509427882,0
dodo-k1000000000000000000,246,10000,105.76433555608676,-105.77634150916195,105.77634150916195,-0.012005953075188813,39401.32108895819,18194.19160074832,0.6841040082624356,3936,1231,28763.537614989567,0.0009915466866689826,0.025644228986152484,100.0991546686669,9994.4233682882,100.37268906431748,0
dodo-k1000000000000000000,247,10000,678.0606211564356,-676.4998907594803,676.4998907594803,1.5607303969552504,130587.43080123287,23029.884814730412,0.8500827545229072,9009,3164,96270.20255737206,-0.011952475025473603,0.14093755780851197,98.80475249745264,10141.209263632136,116.00465957405977,0
dodo-k1000000000000000000,248,10000,606.3426479062473,-606.6404828085288,606.6404828085288,-0.2978349022814655,139422.57324669324,64158.96826439129,0.6848487943053619,7466,2940,106160.62006726995,-0.0011880903749515426,0.07161065203813095,99.88119096250485,10014.256795788453,182.14330186882077,0
dodo-k1000000000000000000,249,10000,630.6554585922681,-630.0138742090711,630.0138742090711,0.6415843831970278,106357.75029827276,39332.66923604812,0.7300256985890389,5772,2543,84054.24407143437,-0.0017760463524635383,0.08696352680061381,99.82239536475365,9992.427495392083,73.0803811305613,0
dodo-k1000000000000000000,250,10000,807.7738570241033,-807.4134443136836,807.4134443136836,0.3604127104197232,143109.21618605728,37701.20865027977,0.7914876385893926,6978,3035,114854.53981594773,-0.001033517688182286,0.053806184354915416,99.89664823118177,10014.524669031187,90.4898072281145,0
dodo-k1000000000000000000,251,10000,873.1339274995385,-873.3287129014974,873.3287129014974,-0.19478540195893856,134096.89736777495,26588.745906520875,0.8345294242552026,6363,2901,109236.99540836978,-0.0008821204217353795,0.059845681967294694,99.91178795782646,10012.596077976488,105.52670585095511,0
dodo-k1000000000000000000,252,10000,440.52008694639306,-440.81656720690256,440.81656720690256,-0.2964802605094974,139216.12790721114,35294.465584541635,0.7977517302626695,11255,3112,94950.02800813143,0.00003308169441751829,0.052327261950756994,100.00330816944175,10004.191690512831,146.94629569126272,0
dodo-k1000000000000000000,253,10000,218.68506986628455,-218.67943188138725,218.67943188138725,0.005637984897305159,84217.72171651456,26612.730970647848,0.7598788931615504,8152,2310,57965.73235917696,-0.0002509265179062936,0.018493019055780876,99.97490734820937,10003.347317003223,89.36704191664047,0
dodo-k1000000000000000000,254,10000,338.6775603869046,-338.59281105287124,338.59281105287124,0.08474933403334717,80792.95013560646,45423.09541821493,0.6401163162821046,5286,2220,62916.76202257668,0.00021679977049359422,0.03878391525025506,100.02167997704936,9991.782217990636,78.18074559021296,0
dodo-k1000000000000000000,255,10000,488.8198757120989,-488.80228085595945,488.80228085595945,0.01759485613945344,134376.3125436491,44489.221235468016,0.7512700166684532,9829,3287,96012.66518080652,0.0010177737526188935,0.05376478797794278,100.10177737526189,9990.294406483661,101.52218870979752,0
dodo-k1000000000000000000,256,10000,743.7802030627761,-743.5676494139891,743.5676494139891,0.21255364878697947,172307.09211057512,65844.12631039468,0.7235196748227221,10438,3811,125390.40627462327,-0.004015061391148436,0.07441432740948045,99.59849386088516,10036.343945323542,101.36543166143167,0
dodo-k1000000000000000000,257,10000,439.6088338281174,-439.5865950813138,439.5865950813138,0.0222387468035663,140422.84538119394,33211.932458700205,0.8087253436674743,11114,3472,98463.41529946425,0.0008460895252757439,0.03871309114975929,100.08460895252757,9991.840695161342,103.93354410602677,0
dodo-k1000000000000000000,258,10000,574.9299449921274,-574.7954724927528,574.7954724927528,0.13447249937462402,131913.86404263647,86147.102605913,0.6049402883517574,7402,3088,97938.97397913194,-0.0018106541516795004,0.039017324418335025,99.81893458483205,9991.878044164774,78.2283451972868,0
dodo-k1000000000000000000,259,10000,358.4580596468782,-358.4185686996384,358.4185686996384,0.03949094723981261,102157.07755775614,23954.67798252162,0.8100519822288023,7601,2379,74651.23809568063,0.00013687625490433676,0.04356211903879526,100.01368762549043,9995.360570749663,108.29608654382311,0
dodo-k1000000000000000000,260,10000,495.49103637627104,-495.4329232115156,495.4329232115156,0.05811316475546846,129058.2824485056,27455.690583525833,0.8245799397226542,9515,3034,94199.8482924649,-0.00008161574779052217,0.037398965043520034,99.99183842522095,10000.1760174276,109.49047363123745,0
dodo-k1000000000000000000,261,10000,324.77692531043647,-324.7561671508054,324.7561671508054,0.020758159631043327,76869.18265800134,50447.15316691502,0.6037652761520781,5040,2229,59394.37844968386,-0.0007287536503444869,0.04319870240239638,99.92712463496555,10006.224995742965,50.65810344203464,0
dodo-k1000000000000000000,262,10000,411.48413434017317,-411.4364942607314,411.4364942607314,0.04764007944174864,116474.47085219526,45173.08056489426,0.7205458408192223,9868,3008,80499.89166527665,0.001900864637652262,0.04872698145698038,100.19008646376523,9978.397755311573,106.52284600287264,0
dodo-k1000000000000000000,263,10000,294.59019628519144,-294.5821905304961,294.5821905304961,0.008005754695318501,76422.58429947565,34853.352296254874,0.6867844624585965,4264,1943,60475.50378983417,-0.001197400692996098,0.028007254236184453,99.88025993070039,10017.83880287798,139.7420681636363,0
dodo-k1000000000000000000,264,10000,250.52804588456962,-250.5875000036384,250.5875000036384,-0.05945411906878917,97492.49646364251,24247.41978022746,0.8008260517310123,8456,2359,68056.49299166362,0.0004832007229778412,0.0187464377288093,100.04832007229778,10013.29446249098,277.5065921963876,0
dodo-k1000000000000000000,265,10000,453.2783330102741,-453.1948702358521,453.1948702358521,0.0834627744220029,119465.7334914831,29222.198969457415,0.8034662363932331,9377,3071,87253.66849184895,-0.0013332996941450403,0.03719203938034809,99.8666700305855,10004.778115994688,87.13095896679536,0
dodo-k1000000000000000000,266,10000,417.3626314425862,-417.34656029365055,417.34656029365055,0.016071148935623114,90466.54965316401,31405.699492020463,0.7423063928638312,4850,2284,74426.96650905482,0.00016633131461915696,0.02898802548807723,100.01663313146192,9998.92681921961,104.78263269803747,0
dodo-k1000000000000000000,267,10000,1320.5097079141924,-1320.529690823959,1320.529690823959,-0.019982909766667944,213831.90133076036,58051.89363133388,0.7864827006720743,10487,4219,159716.26326184827,0.00002604757862485485,0.0727707685263006,100.00260475786249,9999.943238408749,101.65458535084109,0
dodo-k1000000000000000000,268,10000,500.1159066443292,-500.11694115792,500.11694115792,-0.0010345135908096381,109302.67825597659,24347.15122009779,0.817828789490103,6637,2430,84209.12733525065,0.00001087482570611087,0.05600022277588167,100.00108748257061,10009.010858136919,119.34976369164225,0
dodo-k1000000000000000000,269,10000,134.468810891563,-134.4430240271427,134.4430240271427,0.025786864420297206,54021.535647795106,27326.65635534829,0.6640778893488825,5076,1691,38672.10655224703,0.0010689534366906629,0.020136799031081266,100.10689534366907,9992.598267887859,82.89332654495395,0
dodo-k1000000000000000000,270,10000,594.8926564868431,-594.8783997117404,594.8783997117404,0.014256775102694519,129578.276616088,56303.06935135264,0.6971020999535112,7964,3202,97186.40869249769,-0.0019062341518747417,0.06385507725794753,99.80937658481253,10006.003933521888,61.016651922615246,0
dodo-k1000000000000000000,271,10000,672.0199079027232,-671.8243692995072,671.8243692995072,0.19553860321593675,179764.2141868855,119873.24652562356,0.599939052211374,10142,3872,126730.50480442998,-0.000601236876578497,0.030057242244334502,99.93987631234215,10005.381646601916,72.2700787258984,0
dodo-k1000000000000000000,272,10000,154.80481324048526,-154.8990446680257,154.8990446680257,-0.09423142754044989,44200.58979155501,14411.119802340778,0.7541255851059214,4133,1433,32942.038038686165,0.0003964877729005423,0.055577401171122885,100.03964877729005,9998.158602575802,30.13487132994103,0
dodo-k1000000000000000000,273,10000,531.7992633793402,-531.2554086450257,531.2554086450257,0.5438547343145501,85489.38681337946,69726.0006107291,0.5507790705040688,5307,2555,66350.03070628221,0.0020664955650863703,0.47113446551294147,100.20664955650864,9979.704413502011,18.907137590054095,0
dodo-k1000000000000000000,274,10000,597.789610257865,-597.6963432258143,597.6963432258143,0.09326703205067588,90283.74434746862,15702.055070734034,0.8518475573432599,6323,2337,71052.74332038834,0.0029367107348244304,0.12206394121357036,100.29367107348244,9975.482621836867,86.94610444573428,0
dodo-k1000000000000000000,275,10000,227.96298071401395,-228.12847076330812,228.12847076330812,-0.16549004929416355,88907.78407047401,40489.04053872771,0.6870940174845029,8704,2434,59516.72215699971,0.0024249050721120114,0.042428143919985215,100.2424905072112,9983.432767536684,66.29636097997468,0
dodo-k1000000000000000000,276,10000,607.915792702404,-608.0341524269118,608.0341524269118,-0.1183597245077408,161647.05247151735,89712.09233352692,0.6430919893401603,10082,3712,116450.80877366792,0.0015374256575636026,0.04657379859069678,100.15374256575636,10006.554336803514,138.11822407017874,0
dodo-k1000000000000000000,277,10000,561.3117689986425,-561.2695702960017,561.2695702960017,0.042198702640803276,152338.5248233213,36431.74833664751,0.8070048438941744,10911,3395,108709.25986885665,-0.0016156915873038714,0.03198269256056889,99.83843084126961,10022.93819732098,142.15299267750655,0
dodo-k1000000000000000000,278,10000,714.3311643718736,-714.411044720664,714.411044720664,-0.07988034879042516,182591.42003115357,61580.69808369014,0.7477979936483725,11219,3883,130204.60286176896,-0.0004288838640141535,0.04226296205904731,99.95711161359858,10022.390913715397,149.28264857405574,0
dodo-k1000000000000000000,279,10000,708.6141707975787,-708.6298529217081,708.6298529217081,-0.01568212412939829,166546.06441990248,96394.96598841189,0.6333970174273577,10518,3927,117827.37865712588,-0.0003575980117356892,0.052159444492166356,99.96424019882643,10005.436347089315,61.750290027930994,0
dodo-k1000000000000000000,280,10000,332.9029708307681,-332.860353416594,332.860353416594,0.042617414174060286,94015.62005478716,28621.501976268948,0.7666163270773676,6599,2310,70842.77806800474,0.00019423988789043278,0.027735643115145335,100.01942398878904,10003.616010662718,169.94488864631452,0
dodo-k1000000000000000000,281,10000,364.9976982725297,-365.17308255675283,365.17308255675283,-0.1753842842231279,95393.42801174636,27850.09244921168,0.7740238809712172,6244,2426,74042.02572818277,-0.00043295294996056557,0.028197795225541285,99.95670470500394,10013.943531279327,116.82539784415584,0
dodo-k1000000000000000000,282,10000,286.5660081931298,-286.56307094495696,286.56307094495696,0.002937248172827367,87337.57942546114,32434.114102696927,0.7292005051671768,7238,2449,63306.867693672626,-0.0010610078379490063,0.0411023257325607,99.8938992162051,10012.846341209652,71.85428895294675,0
dodo-k1000000000000000000,283,10000,224.60816357556297,-224.60139121074465,224.60139121074465,0.0067723648183175555,65999.95070577606,29928.22453501844,0.6880142412811046,5208,2000,49454.034051247545,-0.0002155334282915078,0.03364652004533568,99.97844665717085,9998.669729412659,59.544311072851286,0
dodo-k1000000000000000000,284,10000,1350.9183842575726,-1350.6244658730482,1350.6244658730482,0.29391838452443153,218805.39813277012,85852.52990290672,0.7182002436094392,10750,4398,161873.9181242812,-0.002948053483375901,0.11613850271948607,99.70519465166241,10024.521187620425,104.0632719251634,0
dodo-k1000000000000000000,285,10000,327.3750354759669,-327.3222307851045,327.3222307851045,0.052804690862387815,121700.09796366649,30605.907586859124,0.7990498964487254,10733,3122,83624.05159985798,-0.0007163281544747235,0.02479970909134849,99.92836718455253,10003.739408610956,100.77628519878832,0
dodo-k1000000000000000000,286,10000,477.9745504971148,-478.1380505124554,478.1380505124554,-0.1635000153405599,109892.72890235111,28215.92894008028,0.7956976095425391,9449,2925,78702.57169300436,0.001176095304137732,0.06257029136254345,100.11760953041377,9998.483097378943,77.88995752428121,0
dodo-k1000000000000000000,287,10000,425.89354899553547,-425.802891869412,425.802891869412,0.09065712612346033,127383.83612491348,51710.118292892344,0.7112682085724763,9614,3128,89582.9053704779,-0.0010133877682541482,0.04348684075422497,99.89866122317459,10005.17774908176,115.90317231086996,0
dodo-k1000000000000000000,288,10000,701.3533954505974,-701.162711911021,701.162711911021,0.19068353957641193,162531.81573309447,100955.47649106776,0.6168487837159913,8926,3629,119462.31411467606,-0.005305610735072435,0.0420683893034763,99.46943892649276,10040.456921822792,95.42736206669963,0
dodo-k1000000000000000000,289,10000,248.15990402929452,-248.14993134877813,248.14993134877813,0.009972680516398214,70326.87033085102,26026.772536865225,0.7298828382379136,6575,2125,51009.26611919826,0.0005601188105752897,0.03845449653459994,100.05601188105753,9998.700912948307,57.840803254481386,0
dodo-k1000000000000000000,290,10000,505.1289095429542,-505.16748698298545,505.16748698298545,-0.03857744003124708,128144.02759812443,65936.1937622439,0.6602631978669609,8241,3123,94521.477489487,-0.0016781191933760908,0.07361032678718119,99.83218808066239,9995.25847612967,86.58954499298352,0
dodo-k1000000000000000000,291,10000,563.3515041427248,-563.393552362645,563.393552362645,-0.0420482199201615,167447.32841446644,63650.992066723076,0.7245718102399449,10846,3637,117495.91165121133,0.000010319072991222811,0.03708395477680284,100.00103190729912,10000.61020534681,153.01921293116803,0
dodo-k1000000000000000000,292,10000,967.0043478202701,-967.7247087610817,967.7247087610817,-0.7203609408115881,219159.7538494916,58614.03240540346,0.7889864511850764,10940,3824,161108.22868121584,-0.0036005653000535176,0.057371805272119755,99.63994346999465,10179.223898129241,493.09013499152775,0
dodo-k1000000000000000000,293,10000,118.01972360502143,-117.99525005338499,117.99525005338499,0.024473551636432944,45866.87188526531,25546.37718785066,0.642273982497349,4296,1461,33780.907063593826,0.0000434034385779114,0.021098793302314504,100.00434034385779,9997.793317328946,103.97254062375309,0
dodo-k1000000000000000000,294,10000,383.03350134436556,-382.9268981395612,382.9268981395612,0.10660320480434393,125009.45891588599,60401.301907524925,0.6742297931399334,10546,3183,85575.23965820318,-0.001069102970433562,0.04545179957797174,99.89308970295664,9996.192451986873,61.9183229772161,0
dodo-k1000000000000000000,295,10000,397.0790044730101,-397.115598494487,397.115598494487,-0.03659402147690116,83534.91106896341,28939.468990191475,0.7427016803740459,4694,2092,68157.48911460821,-0.0005590049412758447,0.038875419660142685,99.94409950587242,10001.996738808128,105.5472614564718,0
dodo-k1000000000000000000,296,10000,384.6742991803014,-384.6734912931967,384.6734912931967,0.0008078871046564018,123690.6208376606,36307.592704090974,0.7730750118993267,9889,3224,88109.66513383432,0.0005497444630559301,0.038816332922183394,100.0549744463056,9994.545720645416,100.7854773452055,0
dodo-k1000000000000000000,297,10000,207.79354146585905,-207.68110872350962,207.68110872350962,0.11243274234942646,70169.04144457706,27471.49674281886,0.7186466066983942,6482,2050,50478.831443203555,-0.00009421068486417994,0.03910277448375552,99.99057893151358,9997.44068745463,65.1742623323321,0
dodo-k1000000000000000000,298,10000,722.3269250998713,-722.0641384086792,722.0641384086792,0.2627866911921046,122259.04744777938,26674.054386984637,0.8208990878563817,6581,2727,96494.93536931889,-0.00044450842760596743,0.0560704802704457,99.9555491572394,10007.489643286935,126.87282753788942,0
dodo-k1000000000000000000,299,10000,621.0622259248438,-621.2076408793829,621.2076408793829,-0.14541495453909192,171690.06291940867,79707.26505664703,0.68294306984743,11421,4027,120158.59902895721,0.0007982204666984672,0.04032639871881841,100.07982204666985,10005.549698808481,75.61270530574372,0
dodo-k1000000000000000000,300,10000,478.28367167988927,-478.29960278651185,478.29960278651185,-0.01593110662258823,146192.6959641749,30880.180218787857,0.8256075075728677,10737,3554,104228.56338497212,-0.0002731788130768109,0.02765371779950783,99.97268211869232,10003.732459630615,102.79312941173237,0
dodo-k1000000000000000000,301,10000,566.288798551688,-566.1531307951841,566.1531307951841,0.13566775650394902,108452.8370899116,49037.16453662455,0.6886331574692036,6684,2733,84344.23460310057,0.0007565116156719398,0.07326799925800032,100.0756511615672,9997.974374297559,63.168482125548095,0
dodo-k1000000000000000000,302,10000,614.7712595896984,-614.7327940997811,614.7327940997811,0.0384654899172574,131971.99197137918,53944.415400644924,0.7098458594205697,7664,3126,100480.33940898019,0.00013582398750685342,0.04079982270406205,100.01358239875069,9999.023283605171,101.9797741604915,0
dodo-k1000000000000000000,303,10000,1000.0889759630331,-1000.2676894833288,1000.2676894833288,-0.17871352029567333,179739.1844444388,37341.98422868553,0.8279814667622589,9396,3749,137743.17087265124,-0.002176957380847284,0.06381116170804446,99.78230426191527,10022.080514268271,99.98327419905475,0
dodo-k1000000000000000000,304,10000,259.0107460920587,-259.2208520101837,259.2208520101837,-0.21010591812500934,87825.36699848904,23789.28395357378,0.7868623540847608,8526,2354,61431.86034868282,0.0006255561966932533,0.029569640793312858,100.06255561966933,9998.458547082904,80.1618422792759,0
dodo-k1000000000000000000,305,10000,160.71202233586803,-160.72566658519145,160.72566658519145,-0.0136442493234199,54885.75700882889,14567.041382326579,0.7902598351720032,4058,1561,41897.09856478516,0.0002545132092726021,0.023374154524249915,100.02545132092726,9998.15918859093,120.98806606627531,0
dodo-k1000000000000000000,306,10000,450.6031123202234,-450.5932360832656,450.5932360832656,0.009876236957779838,126321.91097160176,91920.10337967039,0.5788157305415992,8539,3321,91367.60344869283,-0.00017198395055686432,0.04081124412596495,99.98280160494431,10000.322696910505,88.33883802758481,0
dodo-k1000000000000000000,307,10000,810.9286335081633,-810.5970506591494,810.5970506591494,0.33158284901389834,97938.98520780975,21568.395096692722,0.8195224843709495,4561,2301,82805.53240372168,-0.0009877361818156772,0.08107575000431026,99.90122638181843,9987.566904414365,35.262454488288526,0
dodo-k1000000000000000000,308,10000,294.860894737255,-294.5932528386187,294.5932528386187,0.26764189863632737,93364.13693158403,55279.500126298924,0.6281071883031718,7227,2531,66612.88428215672,-0.00044471553047984,0.04432240742648389,99.95552844695202,9995.780149598697,71.39019780118406,0
dodo-k1000000000000000000,309,10000,274.86550683426935,-274.85612850582163,274.85612850582163,0.009378328447724016,64824.76437715905,19479.85883224125,0.7689348686861912,5173,1850,49342.532953328926,0.0011830596563204665,0.05581475758503046,100.11830596563205,9990.507237679838,74.06469152766799,0
dodo-k1000000000000000000,310,10000,495.8832830512377,-496.2917713563213,496.2917713563213,-0.40848830508360834,144351.62165490678,63365.769299238644,0.6949423974171381,10372,3485,100176.71425138885,0.0014026169858082937,0.04421704869950361,100.14026169858083,9999.989983301784,83.06030370845933,0
dodo-k1000000000000000000,311,10000,712.9259130617124,-713.0728039198788,713.0728039198788,-0.14689085816632996,179403.93852191366,55137.46678391982,0.7649137187012989,11061,3848,131228.5274153611,0.000760709060482867,0.028116757819501716,100.07607090604829,9997.483250002899,120.39333735672653,0
dodo-k1000000000000000000,312,10000,462.0511171611375,-461.9877874489836,461.9877874489836,0.06332971215385896,126942.86838190196,21537.40904245504,0.8549476777922426,9631,3047,91368.46633092407,0.00047360157572398973,0.05237641831975424,100.0473601575724,9988.477955095397,128.03620268275165,0
dodo-k1000000000000000000,313,10000,474.295027969171,-474.3425797276954,474.3425797276954,-0.04755175852443472,128250.14815712982,66271.65663083267,0.659309881979186,7387,3231,96861.78903915628,-0.0011741576926831954,0.036828347618077115,99.88258423073168,10012.863287356595,109.12406973599073,0
dodo-k1000000000000000000,314,10000,451.28688324976724,-451.38713651976457,451.38713651976457,-0.10025326999732442,106772.26518867999,42341.44137226665,0.7160459467556686,7673,2841,80273.8971887935,0.0026285471134784187,0.056213465556088804,100.26285471134784,9991.682831591997,45.73847996385439,0
dodo-k1000000000000000000,315,10000,760.6146306175747,-761.4392721302692,761.4392721302692,-0.8246415126944839,180377.60983416147,70440.20386107462,0.7191578906486077,11226,3764,128415.99672145635,0.0007114926920702658,0.07742634262325084,100.07114926920703,9998.184817234514,216.21833919433251,0
dodo-k1000000000000000000,316,10000,380.5149744806293,-380.20738379450717,380.20738379450717,0.3075906861221256,78512.9344324866,59981.50985828359,0.5669031334401261,5389,2347,59349.01814437471,0.00040629031404137094,0.11188702855912126,100.04062903140414,9984.130610970018,30.169280603748007,0
dodo-k1000000000000000000,317,10000,312.78973069134656,-312.83570556553417,312.83570556553417,-0.04597487418760693,116148.87433620075,30107.838522554397,0.7941438862253761,10194,2937,79639.81508634136,0.0002796325650960796,0.018229180965638393,100.02796325650961,10002.079962761352,94.60567878562699,0
dodo-k1000000000000000000,318,10000,1009.1781242527518,-1009.69965303274,1009.69965303274,-0.5215287799882162,162098.53190777823,34457.52684705448,0.8246936417765994,9584,3650,122049.15722815433,0.00436142403043263,0.07685300243297988,100.43614240304326,9993.485011378873,73.23341597513519,0
dodo-k1000000000000000000,319,10000,406.8263681472949,-407.01805067731175,407.01805067731175,-0.19168253001686253,107820.77803562403,36033.43565715961,0.7495142148973617,7453,2732,79802.71528953283,0.0023045015555601366,0.032055687811001835,100.23045015555601,9991.035353536152,80.54127455886922,0
dodo-k1000000000000000000,320,10000,283.3697865500414,-283.4457608153219,283.4457608153219,-0.0759742652804789,69564.59506466781,28484.090792808867,0.7094903359111485,4118,1887,56405.51345924493,0.0005623507588606457,0.0322478699272007,100.05623507588606,9997.949861850202,119.30523616592417,0
dodo-k1000000000000000000,321,10000,395.5433278425866,-395.66700347400405,395.66700347400405,-0.12367563141742721,121166.21351336107,39438.479684415026,0.7544375640639054,9896,3145,84989.43150135335,-0.0011199991677672471,0.03672484347855743,99.88800008322328,10013.829769412612,79.383797537046,0
dodo-k1000000000000000000,322,10000,150.62918043529737,-150.58592866668008,150.58592866668008,0.04325176861729574,53723.643716103026,22796.30606818338,0.702086761263601,4621,1619,38975.78934782281,-0.00007047670553191666,0.018212903065792718,99.99295232944681,9997.31054987763,89.50265190011257,0
dodo-k1000000000000000000,323,10000,552.5009608240312,-552.7827701480803,552.7827701480803,-0.2818093240491635,117158.03978874917,42158.388441408686,0.7353795279636561,8034,2990,86944.09700677784,0.0011114565675417508,0.06979855852058492,100.11114565675418,9996.991167399337,64.41284481911472,0
dodo-k1000000000000000000,324,10000,120.66666369182974,-120.68656407470732,120.68656407470732,-0.019900382877580114,48439.56661661529,24122.231894856188,0.6675629271917419,4457,1494,34845.87237546809,0.0008895957276834565,0.02160811975492777,100.08895957276835,9991.427200665255,110.53762081098655,0
dodo-k1000000000000000000,325,10000,596.6389820427721,-596.864660668097,596.864660668097,-0.22567862532491745,119268.36879833053,33132.97362681394,0.7825939516045407,6815,2812,92231.57308611683,0.0008791790842526836,0.05937259531442919,100.08791790842527,10001.618135897937,88.53201256206908,0
dodo-k1000000000000000000,326,10000,108.3912298320482,-108.37993230599768,108.37993230599768,0.011297526050512374,48709.61545334554,26482.2508983538,0.647804314704907,4284,1436,34548.18374670425,-0.0008765192191289373,0.018689469586057755,99.9123480780871,10005.016877249025,107.76756774471322,0
dodo-k1000000000000000000,327,10000,461.4728166389796,-461.47525953985064,461.47525953985064,-0.002442900871017173,102441.03910490808,42910.89342357196,0.704779340204754,5303,2514,82157.1013775337,-0.0019337988821607156,0.041447897476228096,99.80662011178393,10019.797352986721,90.85897714735844,0
dodo-k1000000000000000000,328,10000,301.02568077756956,-300.45742595448036,300.45742595448036,0.5682548230892053,74141.89168086053,46837.58463237407,0.6128468558492987,5163,2152,56514.89567988827,-0.011003196006923304,0.04942871503965051,98.89968039930767,10042.530296771612,40.753389784457795,0
dodo-k1000000000000000000,329,10000,574.2544595301198,-574.1218533875914,574.1218533875914,0.13260614252840242,138680.1454009614,73498.75425401193,0.6536000781721032,9857,3373,97070.87963502134,-0.0013125223593750946,0.08231786552256608,99.86874776406249,10002.424848597644,93.56275568572572,0
dodo-k1000000000000000000,330,10000,364.50098358532756,-364.3378623608651,364.3378623608651,0.16312122446248623,81735.49292454052,55055.41945104824,0.5975213667711947,5728,2493,62091.15292829234,0.00833963460991356,0.08796610212780934,100.83396346099136,9959.228292477543,45.87125524823195,0
dodo-k1000000000000000000,331,10000,721.7157918378778,-721.5886805797719,721.5886805797719,0.127111258105856,189407.1377426458,56712.64606090749,0.7695729892799917,11376,3951,132721.00169112466,0.0006527203942611947,0.03505314002175936,100.06527203942612,9984.442013412618,111.84763406821621,0
dodo-k1000000000000000000,332,10000,279.106481894984,-279.1395965144439,279.1395965144439,-0.03311461945992278,100251.63060555533,39584.49000833657,0.7169222813493578,9153,2804,69259.69323395449,-0.0000031683905007184875,0.034547367051686706,99.99968316094993,10001.342764546114,96.18037729242826,0
dodo-k1000000000000000000,333,10000,742.201234423907,-741.8718249969053,741.8718249969053,0.3294094270016785,146123.42083195044,34183.8225033443,0.8104134816160605,8811,3273,110640.59916732712,0.00513301705374559,0.052189661254046914,100.51330170537456,9957.069148641081,106.66347682725883,0
dodo-k1000000000000000000,334,10000,352.81998120172744,-352.9882838924682,352.9882838924682,-0.16830269074074522,76365.40775246019,17053.508274796986,0.8174512293653544,6117,2191,58462.44178593374,0.000654938040133004,0.13508277193083815,100.0654938040133,10002.067419012918,43.53506572387395,0
dodo-k1000000000000000000,335,10000,472.73703160415477,-472.3197870194307,472.3197870194307,0.4172445847240738,103933.06127093839,68589.67715091024,0.6024310894996557,5966,2670,79849.94594029608,-0.0013623030080140096,0.03845416047003099,99.8637696991986,9995.45742825995,71.3855580917928,0
dodo-k1000000000000000000,336,10000,398.8860505623344,-399.0620753526097,399.0620753526097,-0.1760247902753349,128672.48322355267,39797.32892756598,0.7637717498499524,11200,3279,87344.2414880781,0.00040915615637430845,0.042848326428344026,100.04091561563743,10001.162032023003,74.95867785187997,0
dodo-k1000000000000000000,337,10000,451.2764787491772,-451.35364266457077,451.35364266457077,-0.07716391539355527,115896.94189842514,37889.34886960365,0.7536233647331027,8050,2958,85794.85834368027,0.0007039304649946132,0.04465369370121579,100.07039304649946,9993.502632519909,91.34596491098851,0
dodo-k1000000000000000000,338,10000,768.044912319216,-768.3856766905595,768.3856766905595,-0.3407643713435391,130374.74209498754,50784.76720622068,0.7196682227606256,6663,3092,104195.774264963,0.00121633952742485,0.0539492651643026,100.12163395274249,10006.867788455573,87.77483026771564,0
dodo-k1000000000000000000,339,10000,196.8411704095215,-196.84582574722072,196.84582574722072,-0.00465533769920512,79393.32556869228,41838.93837710217,0.6548861085708235,7413,2430,55203.43541585815,0.00003781171770199876,0.03749589361100249,100.0037811717702,9998.779416641857,90.66365827772091,0
dodo-k1000000000000000000,340,10000,1034.1903159131487,-1033.298449300575,1033.298449300575,0.8918666125737218,172335.85806289778,32371.944461332452,0.841862674201191,9067,3556,132444.69971562744,0.004524794150417932,0.07796517195166813,100.4524794150418,9944.564353786594,113.06145681175519,0
dodo-k1000000000000000000,341,10000,199.07786392378165,-199.06844785839473,199.06844785839473,0.009416065386915307,54766.253482740416,12096.915176594577,0.8190795408122543,4747,1659,41744.782964459555,0.0000715207560712372,0.026685450535610614,100.00715207560712,10001.362959010594,75.43729239482286,0
dodo-k1000000000000000000,342,10000,441.514528054927,-441.5454530979915,441.5454530979915,-0.030925043064542024,117418.16796529066,53245.49857057737,0.6880091723601469,6999,2898,89314.71045616016,0.001623344419416526,0.033628816323764,100.16233444194165,9987.68935032024,83.65751360198476,0
dodo-k1000000000000000000,343,10000,765.6243934785307,-765.2809162426063,765.2809162426063,0.3434772359244107,136999.18248759845,42385.07267399036,0.7637191032411957,8465,3266,103400.12165527677,0.0026087452928182132,0.06007832557511833,100.26087452928182,9981.676299183253,63.41902642153338,0
dodo-k1000000000000000000,344,10000,718.0761213674384,-718.0427387724321,718.0427387724321,0.033382595006287374,175922.42164350933,112566.28510093961,0.6098069613496038,10891,4195,121425.61601078995,0.0005475483670696235,0.059283444577833536,100.05475483670696,9994.761432160469,59.25613573620295,0
dodo-k1000000000000000000,345,10000,416.82349562270093,-416.65813927479786,416.65813927479786,0.16535634790307085,98366.77826751096,19895.921433268828,0.8317650325621846,6253,2322,76344.2310339065,0.0001692894143602075,0.030516945222103117,100.01692894143602,10001.71344690584,139.56768586631839,0
dodo-k1000000000000000000,346,10000,580.5530269516489,-580.7093302125667,580.7093302125667,-0.1563032609177526,177002.18417910702,75533.69801782093,0.7008991460511753,11365,3810,123181.97214156302,0.00016192777721684592,0.02873600020283533,100.01619277772168,10005.291794893565,90.28591474858376,0
dodo-k1000000000000000000,347,10000,591.3668581150532,-591.3687289878885,591.3687289878885,-0.0018708728352976323,109817.8038864992,21537.303654746167,0.8360375621634396,7145,2605,83737.86296831092,-0.0009133343353300915,0.10820423287948643,99.90866656646699,10010.594848663914,122.91590736336742,0
dodo-k1000000000000000000,348,10000,420.8217717410177,-420.58830622971925,420.58830622971925,0.23346551129844784,111150.46617602455,37347.04717263743,0.7485005214535201,7874,2955,83277.08982924737,-0.001957883671746856,0.05393653869965746,99.80421163282531,10013.703782740584,97.38786993123438,0
dodo-k1000000000000000000,349,10000,270.6154092367357,-269.8243160445494,269.8243160445494,0.7910931921862812,72089.43121502963,21354.06508687079,0.7714761761708985,4479,1786,57228.7812015875,0.0034674317517777806,0.030949585352165628,100.34674317517778,9920.724336441715,169.6359167203853,0
dodo-k1000000000000000000,350,10000,1254.8234207967405,-1254.1946080987925,1254.1946080987925,0.6288126979479784,186683.4471618074,57502.12032813096,0.7645146643218366,10840,4231,137536.06505097682,0.0010619567751628267,0.15554000189365114,100.10619567751628,9979.6080422005,37.16394604801527,0
dodo-k1000000000000000000,351,10000,333.21324484478686,-333.1011799398349,333.1011799398349,0.1120649049519784,102351.9204455985,38134.94059904501,0.7285515505473028,6763,2588,76394.17070139703,-0.0006901982705973353,0.041242785356984085,99.93098017294027,10010.861996369773,141.52990195223055,0
dodo-k1000000000000000000,352,10000,1186.6467970083293,-1186.8984296002795,1186.8984296002795,-0.2516325919502833,214581.4439504413,80186.89810637032,0.7279663835442829,11534,4371,157883.01428083327,0.01089101580972212,0.0873855038156593,101.08910158097221,9922.04083241312,75.13661845490097,0
dodo-k1000000000000000000,353,10000,448.6415318607912,-448.6683712684224,448.6683712684224,-0.02683940763120063,135210.82693464193,83968.44725623427,0.6168960429027206,8103,3218,99191.45450482397,0.0002717932004682666,0.02495792387578433,100.02717932004683,9992.848836824076,144.46897762998216,0
dodo-k1000000000000000000,354,10000,1105.9819942538031,-1105.7457713155313,1105.7457713155313,0.2362229382717942,209590.10434808908,66753.90682175873,0.7584391044366432,11647,4307,153490.64219287017,0.003292477629245951,0.04931728724499124,100.3292477629246,9962.317653744603,91.15506987045693,0
dodo-k1000000000000000000,355,10000,1199.9788781046452,-1201.6208680128518,1201.6208680128518,-1.6419899082065967,184253.75219583538,50524.47607760346,0.7847991423686902,8104,3426,143193.84740249347,-0.002772477936493658,0.08842500999102867,99.72275220635063,9998.955536744807,154.18981019057375,0
dodo-k1000000000000000000,356,10000,292.81856794798364,-292.8153360110347,292.8153360110347,0.003231936948964176,76715.18791776257,52051.31360170686,0.5957697616422644,4765,2151,59381.78623178697,0.00024266622157213648,0.033534660493592126,100.02426662215721,9997.640779089916,97.80831608080179,0
dodo-k1000000000000000000,357,10000,583.3517525718379,-582.9275719021919,582.9275719021919,0.4241806696460344,88759.99915772061,21792.089220918417,0.802879443160939,4392,2118,73065.71668338006,0.006649527000372615,0.06465616997176497,100.66495270003726,9934.30534004736,98.8813785647594,0
dodo-k1000000000000000000,358,10000,326.73681563232,-326.77638914406555,326.77638914406555,-0.03957351174557289,93122.29310740952,38125.411102072874,0.7095155962406663,6913,2300,67651.66231014772,-0.0014175251779447251,0.0436444037679135,99.85824748220553,10018.290078239903,144.43542147189282,0
dodo-k1000000000000000000,359,10000,592.8333337018994,-592.7695305608212,592.7695305608212,0.0638031410782105,129770.4003376141,68067.4762649122,0.6559431518684072,7325,3073,97278.6185306941,0.0005162176718306455,0.05013734683942417,100.05162176718306,9994.005742223146,106.20999279808248,0
dodo-k1000000000000000000,360,10000,490.3569728710624,-490.3333470281431,490.3333470281431,0.023625842919273055,93873.45742561284,32704.34124997011,0.7416265601696008,4997,2290,75564.03673763093,0.0003509802628035175,0.055541326884879255,100.03509802628035,9996.497362719083,96.80170645181772,0
dodo-k1000000000000000000,361,10000,755.7041928595014,-756.9751810864673,756.9751810864673,-1.2709882269658692,124333.55682307917,51528.15165576977,0.7069961840956008,9035,3380,90857.33852251331,0.0008367079411863188,0.23070651972320533,100.08367079411863,9986.82568158142,35.89070504569022,0
dodo-k1000000000000000000,362,10000,808.6977234381205,-808.7136359404817,808.7136359404817,-0.01591250236117503,184679.92234839473,53846.14814953698,0.7742546630767395,11606,4070,133035.14705233587,0.0007782881822728882,0.056852317305459366,100.07782881822729,9993.332743293186,97.38404598995342,0
dodo-k1000000000000000000,363,10000,594.6402573945559,-594.5405228834146,594.5405228834146,0.09973451114126419,121968.83455008946,45421.77607369039,0.7286480053783991,6524,2866,96189.68217902651,0.001982532571253728,0.0686875343121325,100.19825325712537,9975.980621598757,105.30057743395567,0
dodo-k1000000000000000000,364,10000,456.9013514764667,-456.91137877934,456.91137877934,-0.010027302873311328,78347.76481933078,38447.041105908334,0.670815488742552,4510,2087,62691.96412728099,-0.002304277017559002,0.16802796273311485,99.7695722982441,10025.117576792374,78.58188494603716,0
dodo-k1000000000000000000,365,10000,669.5473209301807,-669.5195447756496,669.5195447756496,0.02777615453112503,164463.79079355602,73362.78982554033,0.6915282150776983,9021,3701,121870.3155694952,0.00017513740826387902,0.03484842341839027,100.01751374082639,10002.180859242972,95.25272921915307,0
dodo-k1000000000000000000,366,10000,422.36616030005007,-422.25725282779933,422.25725282779933,0.10890747225073483,126067.01143382395,37881.18095694607,0.7689441987462943,10686,3312,87457.33592065453,-0.0021834120064931992,0.07574360334788409,99.78165879935068,10022.78948256269,89.16800316112867,0
dodo-k1000000000000000000,367,10000,519.6813125902997,-519.6680212005508,519.6680212005508,0.01329138974892885,122866.8034303355,36862.985915633384,0.769216587171542,7790,3018,93354.1829147901,-0.0007084708934127093,0.03864791649589719,99.92915291065873,10003.219059057157,102.15133618218331,0
dodo-k1000000000000000000,368,10000,241.46398371996318,-241.48780058196974,241.48780058196974,-0.023816862006555084,95314.83847564294,39957.08159863037,0.7046165857874179,9995,2577,61501.670546420224,0.0005434329052579301,0.03765234449007408,100.0543432905258,9996.652226302243,46.64121858200154,0
dodo-k1000000000000000000,369,10000,780.5681731508404,-780.5187333241612,780.5187333241612,0.049439826679190446,153030.66509805695,50213.68056542641,0.7529393479483732,9373,3188,112772.41040592514,-0.001973212555345896,0.07289824151733654,99.80267874446541,10009.057942228419,159.14475917761348,0
dodo-k1000000000000000000,370,10000,755.7183955817051,-755.7169666330539,755.7169666330539,0.0014289486512097938,134574.7223416969,50174.035175660196,0.7284201753240676,6804,3023,106209.54719208679,0.0002245188951897603,0.05025545958642169,100.02245188951898,9996.481921703562,99.22440146244203,0
dodo-k1000000000000000000,371,10000,460.07420829579814,-460.03785628674245,460.03785628674245,0.03635200905569036,97903.3144461451,48661.68602184993,0.667985631859797,5289,2449,78584.8156659641,-0.0006670290683020142,0.034562898213066406,99.9332970931698,10009.000513193085,58.151763025720285,0
dodo-k1000000000000000000,372,10000,287.5348416174386,-287.19110448717555,287.19110448717555,0.34373713026303676,92406.50989019618,30028.71150096577,0.7547379654337488,7359,2362,67208.66284081308,0.00030977494070924647,0.02397315306186755,100.03097749407092,9988.0068542964,117.61770074891827,0
dodo-k1000000000000000000,373,10000,286.73833556770984,-286.9087640633323,286.9087640633323,-0.17042849562244555,70661.49305580977,25192.05427715782,0.7371818260450197,4731,1874,55594.09626790048,0.00038145445879038674,0.03209276726062427,100.03814544587904,10000.022821438655,97.85218742429431,0
dodo-k1000000000000000000,374,10000,248.26426109328798,-248.34421359914958,248.34421359914958,-0.07995250586159841,62711.92067993759,21039.611858904143,0.7487853508931728,4431,1810,49519.81724070089,0.00024800317220325497,0.036822931288371163,100.02480031722033,10004.36890232951,94.7746136680901,0
dodo-k1000000000000000000,375,10000,1496.4021882992217,-1494.872465090421,1494.872465090421,1.5297232088007604,223812.65860765838,51021.028155488144,0.8143567160329279,11272,4158,166575.324406393,-0.004890667714908972,0.11614795084225904,99.5109332285091,10086.035615315197,155.8141834348393,0
dodo-k1000000000000000000,376,10000,537.5067991651157,-537.0485410264826,537.0485410264826,0.45825813863314124,138663.0968544344,59891.12402597158,0.6983638838781199,7697,2776,101431.53892538167,-0.00014502203682354776,0.05094518001091188,99.98549779631765,9997.273251606714,217.7149092138442,0
dodo-k1000000000000000000,377,10000,480.0431197298436,-480.0059132656785,480.0059132656785,0.03720646416513773,142362.80314739372,49628.721302392645,0.7415056657077975,9661,3552,102738.42573789267,-0.00178945359886157,0.0411155378088624,99.82105464011384,10010.588813392485,67.52459434563514,0
dodo-k1000000000000000000,378,10000,568.2236323222111,-568.4681988702168,568.4681988702168,-0.24456654800576416,137692.8381634872,63568.321033554705,0.6841500799897559,7945,3207,103604.21768670414,0.0007093560936432652,0.037544454613700255,100.07093560936433,10006.8722701042,104.99722800548626,0
dodo-k1000000000000000000,379,10000,430.1450293504662,-430.14886981103535,430.14886981103535,-0.003840460569165316,111156.19008083674,37247.577935509726,0.7490119123430413,7291,2795,83518.08068772129,-0.003599434410270277,0.030984872916750988,99.64005655897297,10055.251674103112,107.09477794308499,0
dodo-k1000000000000000000,380,10000,269.9265645684765,-269.95586058096706,269.95586058096706,-0.029296012490533485,76646.83731508124,34777.60480473261,0.6878817237663482,6410,2249,56417.16088249134,-0.002058210856714595,0.037453363125971466,99.79417891432854,10004.73908688169,37.25852570816146,0
dodo-k1000000000000000000,381,10000,425.7360419623661,-425.7042094963103,425.7042094963103,0.031832466055789155,90116.69136254926,20422.16553128764,0.815248989313311,6428,2322,68750.7773231143,0.000052082591880946436,0.09070214029428157,100.0052082591881,9995.71854641195,100.82310097088454,0
dodo-k1000000000000000000,382,10000,167.82635065936927,-167.88365882069857,167.88365882069857,-0.05730816132930272,52430.62464974419,17298.120956540195,0.7519226711145485,5397,1645,37423.261493229824,0.0008652078984793831,0.032836562594330015,100.08652078984794,10001.858017228955,66.42757372228675,0
dodo-k1000000000000000000,383,10000,359.8885484308886,-359.7855863740208,359.7855863740208,0.10296205686779558,80284.76290734117,39811.53470413537,0.6685032303582776,4434,2148,64798.615291433205,0.00006143377777291903,0.04117721449886773,100.00614337777729,9997.96185359964,73.20381602030669,0
dodo-k1000000000000000000,384,10000,360.88971306405267,-361.0601427563088,361.0601427563088,-0.17042969225610705,94756.75186718596,37682.735810444836,0.7154720508873615,5894,2468,73073.83924202363,0.00009280248095564048,0.037195725805597706,100.00928024809556,10009.928656455219,84.48340316634926,0
dodo-k1000000000000000000,385,10000,204.1095021403167,-203.90583975314988,203.90583975314988,0.2036623871668155,48488.0236555035,16382.577554328007,0.7474575963719428,4229,1326,36540.799645697,-0.0007689326117801443,0.071180691749898,99.92310673882199,10002.508300933525,104.61406622725117,0
dodo-k1000000000000000000,386,10000,281.3273421878314,-281.3516027633864,281.3516027633864,-0.024260575554990282,110181.11953801558,57243.98742021748,0.6580919764053194,8977,3015,75742.6104767532,-0.0010547629405192537,0.01892290104788728,99.89452370594807,10011.873989892334,93.76261887180742,0
dodo-k1000000000000000000,387,10000,459.4479213368069,-459.5163017148697,459.5163017148697,-0.06838037806278408,144228.48990871749,51073.228442225474,0.7384906345245228,11042,3302,99797.73412594953,0.000032828985594193225,0.04115200292084822,100.00328289855942,10013.428628217633,150.68622293412932,0
dodo-k1000000000000000000,388,10000,745.3089863054068,-745.5927362735417,745.5927362735417,-0.2837499681348845,175484.96191453806,60470.16332162427,0.743721763784105,9845,3652,129347.3656752655,-0.0025932262005117935,0.032097122933097924,99.74067737994882,10032.65490549505,102.91410981530791,0
dodo-k1000000000000000000,389,10000,806.2807626987629,-806.2032341083227,806.2032341083227,0.07752859044023808,101608.37568141424,33935.10546412797,0.7496367573170889,4994,2466,83139.54682605575,0.0007523293774936235,0.11103575064050446,100.07523293774936,9994.877650477409,50.707941737509806,0
dodo-k1000000000000000000,390,10000,446.0563273579028,-446.03957471573403,446.03957471573403,0.01675264216873984,130373.18681104755,44064.969079314295,0.7473891600470136,10014,3349,92100.5517901475,0.001266300969607812,0.043053694194429115,100.12663009696078,9989.142509113975,84.43827250739176,0
dodo-k1000000000000000000,391,10000,384.1055141858827,-384.17585725064805,384.17585725064805,-0.07034306476532493,122637.05121369805,50176.71152189439,0.709648637194102,8676,3020,88044.49930946261,0.00003148285438655307,0.03259822382025689,100.00314828543866,10007.476739566362,148.86748956424333,0
dodo-k1000000000000000000,392,10000,308.1330576846885,-308.18269254475825,308.18269254475825,-0.04963486006977291,71371.64438425515,22156.890008237762,0.7631002115861639,5069,1974,56438.44827986995,-0.00046331167736354925,0.040222156906148714,99.95366883226365,10007.706973655555,111.24275701570009,0
dodo-k1000000000000000000,393,10000,767.9092022456455,-767.4615974720025,767.4615974720025,0.4476047736429791,162490.41390122715,81375.28504593164,0.6663110663071802,10494,3772,115153.79381634468,0.0017054213191856605,0.10170450740058598,100.17054213191857,9993.821287362392,59.912073026557394,0
dodo-k1000000000000000000,394,10000,883.3349942429198,-883.1186429223775,883.1186429223775,0.21635132054234418,173310.79088501027,76963.27956547942,0.6924840059261966,9619,3800,127502.10912293826,0.0028708541564196823,0.08198909676534484,100.28708541564197,9966.348073510739,88.08142200921634,0
dodo-k1000000000000000000,395,10000,291.9442410512159,-291.87306531296315,291.87306531296315,0.07117573825274803,66090.40829171496,17474.396257522694,0.7908880855788215,4537,1808,52082.76430210283,-0.0008685117851315738,0.0423108984365021,99.91314882148684,10006.637161781005,155.1184015835788,0
dodo-k1000000000000000000,396,10000,468.7270815383088,-468.7230905784317,468.7230905784317,0.003990959877114619,116243.54650010324,64686.90410181508,0.6424764107610682,6531,2949,89659.22661073937,-0.0000033777036473736644,0.03581352262318745,99.99966222963526,10000.046311842825,103.43715369072217,0
dodo-k1000000000000000000,397,10000,384.78896414706526,-384.8011932863766,384.8011932863766,-0.012229139311330073,110998.50703273017,56438.94377382344,0.6629252087752499,7678,2852,81331.05570554883,0.00043329299964469216,0.037040602504211935,100.04332929996447,9995.43102204153,79.41108286165839,0
dodo-k1000000000000000000,398,10000,290.30699760657984,-290.3553080296487,290.3553080296487,-0.04831042306886957,91137.77076255027,26502.536675992673,0.7747155099043073,5407,2011,69686.5995805893,0.00022139142348535758,0.01734960023838099,100.02213914234854,10009.97628884144,198.38121121080906,0
dodo-k1000000000000000000,399,10000,152.93428014383397,-152.9250601567761,152.9250601567761,0.00921998705786109,61892.45274463805,22018.555360134935,0.7375963433469644,6567,1945,43599.54697203104,-0.0012863639242048919,0.03607490524607613,99.87136360757951,10012.283352471799,95.64050066528185,0
dodo-k1000000000000000000,400,10000,727.589055152254,-727.2216099818221,727.2216099818221,0.3674451704318926,144423.81317933562,42649.07238785727,0.7720189526208031,7261,3170,112906.49942243578,-0.0009152380089672363,0.05832967784527653,99.90847619910328,10006.992411265595,104.7825873962232,0
dodo-k1000000000000000000,401,10000,154.70946334821804,-154.69668584107933,154.69668584107933,0.012777507138707733,48263.6602431742,17856.082961155927,0.7299432499915314,3978,1454,36835.136101591495,0.0003462893652721277,0.020238915258186125,100.03462893652721,9999.098546853733,82.87062419917793,0
dodo-k1000000000000000000,402,10000,905.2158261247378,-905.1477886796929,905.1477886796929,0.06803744504486531,189652.83983558192,62646.50647804858,0.7516977059458038,10187,4068,141494.73716446405,0.0031111118089478394,0.05131537958603431,100.31111118089478,9969.197446573367,99.80422989275071,0
dodo-k1000000000000000000,403,10000,512.3749415391343,-512.4633187728599,512.4633187728599,-0.08837723372562323,142135.40793010377,47763.03402050157,0.7484811695668084,9592,3419,102881.51456361018,0.0015372514707350149,0.02907597459856575,100.1537251470735,9994.67852938052,79.5186281759675,0
dodo-k1000000000000000000,404,10000,342.6255593243054,-342.7574652243788,342.7574652243788,-0.13190590007337732,98247.12432232554,59429.26653184417,0.6230934370713205,5722,2511,75939.6275777907,-0.00040662235098594125,0.022917441654251008,99.9593377649014,10011.397128471866,120.4283501745212,0
dodo-k1000000000000000000,405,10000,104.40981259337933,-104.38049374911834,104.38049374911834,0.029318844260984633,38762.22548443048,18423.85857948903,0.6778261900413423,4017,1144,27316.972842112937,0.0003014851904231364,0.02536533246356413,100.03014851904231,10001.515787032116,70.0721854917118,0
dodo-k1000000000000000000,406,10000,415.37948136733974,-415.5010391525516,415.5010391525516,-0.12155778521184857,115227.65181186386,27390.24312353219,0.8079466595973837,9245,2869,81836.23918257037,-0.0004240246660469893,0.04688386548699157,99.9575975333953,10008.199810349595,115.35967467289188,0
dodo-k1000000000000000000,407,10000,275.46201185731485,-275.2340828926154,275.2340828926154,0.22792896469945845,65332.88283100562,18929.763077662974,0.7753481050407467,5073,1776,50045.5551409218,0.0009799245206308172,0.04640979057533116,100.09799245206308,9975.439867135743,104.9332958814478,0
dodo-k1000000000000000000,408,10000,532.1305786289607,-532.0862580163766,532.0862580163766,0.04432061258410158,102679.64851405051,42342.09783917244,0.7080293204024609,7500,2826,76156.78717000854,0.00018706961110837028,0.12395658231425856,100.01870696111084,10000.586671139292,70.17455432988118,0
dodo-k1000000000000000000,409,10000,313.1337394779917,-313.0660719745301,313.0660719745301,0.06766750346162098,98736.5059252402,71461.31309669513,0.5801279152261928,5688,2288,74773.15347563087,-0.0005586901985519433,0.025923354900337047,99.9441309801448,10018.086173164425,119.38920600185742,0
dodo-k1000000000000000000,410,10000,419.6090025535395,-420.389922401659,420.389922401659,-0.7809198481195381,84717.49110110523,51893.44738234178,0.6201369527328908,4629,2223,68167.93419929608,0.0005104148995239655,0.07824097443024541,100.0510414899524,10001.246782630133,38.63694140995803,0
dodo-k1000000000000000000,411,10000,363.2526153433579,-363.31358562594545,363.31358562594545,-0.06097028258756154,89348.0232607227,40774.824740266915,0.686643618959548,5701,2245,68700.28777428591,-0.0003165835440658782,0.042704011993853756,99.96834164559341,9999.828459920254,115.05567820961065,0
dodo-k1000000000000000000,412,10000,250.55927861417717,-250.70754712441442,250.70754712441442,-0.1482685102372443,96870.44425211144,25826.130148404485,0.7895122151976243,9022,2435,66395.77070652129,0.00040073571543487675,0.02011291008277013,100.04007357154349,10005.78980147456,149.97496318984773,0
dodo-k1000000000000000000,413,10000,419.13531016171385,-418.9556244559742,418.9556244559742,0.1796857057396437,118077.02009687814,56083.6370053931,0.6779775757709764,8188,3039,85761.53273148817,-0.0005620099264478994,0.06351758883568465,99.94379900735521,10010.01613765016,111.05521381129603,0
dodo-k1000000000000000000,414,10000,727.1317468565134,-726.2325152704473,726.2325152704473,0.8992315860660938,183208.7670159664,84793.47953425936,0.6836090718427303,11342,4044,128251.46651222532,-0.010889870163842802,0.05782071801992146,98.91101298361572,10074.163406725014,70.54611788601315,0
dodo-k1000000000000000000,415,10000,359.15959183444727,-359.1789904209668,359.1789904209668,-0.019398586519514538,98001.85685164302,43411.003759065374,0.6930194073467594,5720,2571,76357.98876945487,0.0011493883324564535,0.02607802279938383,100.11493883324565,9988.550840790087,101.89334590755318,0
dodo-k1000000000000000000,416,10000,250.22192673795124,-250.20077569281153,250.20077569281153,0.02115104513970323,75559.5045516719,16496.404262961976,0.8208001585625583,6222,1995,55791.19040240783,0.00005947497206406638,0.02581857667367956,100.0059474972064,9999.142139257885,111.54540870840175,0
dodo-k1000000000000000000,417,10000,350.81482326640725,-350.79240994796396,350.79240994796396,0.022413318443284425,103337.75924548709,55722.95287811009,0.6496749440250783,7011,2756,76703.77788485198,-0.00022062115565901763,0.04362432162145737,99.9779378844341,9999.808317957824,107.07520351566187,0
dodo-k1000000000000000000,418,10000,364.8596804480824,-365.02645732414294,365.02645732414294,-0.1667768760605668,87026.35584767432,14118.032149310739,0.8604170490434766,5431,2069,68103.00172308109,0.0003254474258670825,0.03327060486523763,100.03254474258671,10003.22554812517,154.00157860553227,0
dodo-k1000000000000000000,419,10000,321.3433958230423,-321.2366461337476,321.2366461337476,0.10674968929464512,92771.498608711,31503.558431866586,0.7465013560880506,7654,2465,66904.35471168034,0.0009091100849754241,0.05470270872216418,100.09091100849754,9989.830167491007,103.70456875739303,0
dodo-k1000000000000000000,420,10000,411.2927695039981,-411.16498275325716,411.16498275325716,0.12778675074093826,105901.48739174598,51800.12989539263,0.6715307630544053,9818,2987,72460.7883844381,-0.0015907977800854666,0.06842304048014142,99.84092022199145,10002.913601250426,65.58705845503661,0
dodo-k1000000000000000000,421,10000,206.27128228286807,-206.18401306381676,206.18401306381676,0.0872692190513078,56584.355535191484,19214.7652304056,0.7465041146080603,4015,1542,44130.824223435455,0.002654638934396303,0.02144271207508396,100.26546389343963,9974.720601889238,113.96973346125885,0
dodo-k1000000000000000000,422,10000,146.9733104105104,-146.92504855546002,146.92504855546002,0.048261855050384384,52240.70518714729,26538.377383275794,0.663129138885918,4631,1512,37777.46417211459,-0.00047168643936814194,0.024885079542322615,99.95283135606319,10002.215563106345,143.2724004731088,0
dodo-k1000000000000000000,423,10000,160.92667925183792,-160.9123251687467,160.9123251687467,0.014354083091234315,49295.440000124945,15241.257193145497,0.7638358041859202,4371,1412,36757.92499561072,0.00017164521286943568,0.029326846154492756,100.01716452128694,9994.947695679271,129.30019002215653,0
dodo-k1000000000000000000,424,10000,445.26554027552476,-445.3109004638708,445.3109004638708,-0.04536018834602373,98102.27587580339,25934.069660393856,0.7909155614970487,6623,2573,75269.87127440165,0.0009699858899273295,0.05386392305996026,100.09699858899273,9995.497196791484,64.94421331010906,0
dodo-k1000000000000000000,425,10000,506.29900820935757,-506.0802874585386,506.0802874585386,0.21872075081898856,101239.23657699644,37956.975048916756,0.7273131602825132,5571,2410,79924.68110057659,0.00863935560770969,0.047038849213744245,100.86393556077097,9901.804839754242,118.38385301113112,0
dodo-k1000000000000000000,426,10000,478.92532050656973,-478.82167846869464,478.82167846869464,0.10364203787509041,131736.45689332258,37510.47133959313,0.7783683773097989,9574,3314,95221.49745442675,-0.0032054844828664384,0.03152457884099462,99.67945155171336,10029.920852778294,95.29531009585322,0
dodo-k1000000000000000000,427,10000,393.5650166872034,-393.97730796846474,393.97730796846474,-0.4122912812613322,98212.61057771159,35625.8396653838,0.7338146130601828,7338,2652,72876.80602723146,0.0016011232995329294,0.040350670066362684,100.1601123299533,9996.167100117194,76.86609659728674,0
dodo-k1000000000000000000,428,10000,369.6896812751587,-369.6166170062054,369.6166170062054,0.07306426895331697,127541.59608937176,29224.53393869506,0.8135787753804804,10224,3045,89689.2585345916,-0.00046761921929700635,0.021953428821049528,99.9532380780703,10000.982570390614,194.90843545565022,0
dodo-k1000000000000000000,429,10000,1439.251310602859,-1439.7149828531976,1439.7149828531976,-0.46367225033873183,236061.1198588635,44473.11327271495,0.8414699240935213,10535,4220,178018.17062627914,0.00199935719427657,0.0613545156544626,100.19993571942766,9991.119866075334,131.93445052589976,0
dodo-k1000000000000000000,430,10000,340.9948449924269,-341.07480218153427,341.07480218153427,-0.07995718910734695,107398.18542935903,57023.56595545528,0.653187212305039,8141,2785,76920.60504181925,0.00005924066107724002,0.026485455843632055,100.00592406610772,10000.456512689972,87.42609396551642,0
dodo-k1000000000000000000,431,10000,597.7983513489555,-597.7645186239207,597.7645186239207,0.03383272503481294,153971.29751356316,35880.26079302342,0.8110088686494673,10507,3553,110499.75988359418,-0.00038507813263237266,0.04632249441234336,99.96149218673676,10003.478603164465,115.61020348028701,0
dodo-k1000000000000000000,432,10000,503.61772429725175,-503.6700538563852,503.6700538563852,-0.052329559133454495,83962.80444363404,37602.14548241614,0.6906826720589274,5662,2348,65743.61048885054,0.00034001826797037894,0.12412187034244894,100.03400182679704,9988.125301495289,55.8637384565773,0
dodo-k1000000000000000000,433,10000,719.0827138486683,-719.9255622583505,719.9255622583505,-0.8428484096822331,118815.95856180695,76569.398503641,0.6081108653500955,7659,3263,90331.3461101528,-0.0006699272641425579,0.12102362363890051,99.93300727358574,10012.331248885068,29.59092273044651,0
dodo-k1000000000000000000,434,10000,334.86413207400625,-334.8163891411732,334.8163891411732,0.04774293283304587,83420.63506155736,19924.423381476634,0.8072048757661751,6741,2297,63207.80070460743,-0.0011100430205875965,0.033453388984889185,99.88899569794124,10005.090956969483,75.05302836475634,0
dodo-k1000000000000000000,435,10000,801.9909789398106,-802.0840495721452,802.0840495721452,-0.09307063233461577,200010.68465909708,66839.4458533066,0.7495244026114509,10772,4155,146346.81560749817,0.0003053876763543428,0.04223165356081708,100.03053876763543,9999.002152865853,133.83458281712393,0
dodo-k1000000000000000000,436,10000,324.1075852481847,-323.87632363777664,323.87632363777664,0.23126161040806892,102222.81475162493,43362.92795842555,0.702148526694764,8317,2771,71938.64464569512,-0.004735238359862421,0.04080862325068239,99.52647616401376,10044.01588727263,92.19011207615675,0
dodo-k1000000000000000000,437,10000,364.89834129139837,-364.8993964713521,364.8993964713521,-0.0010551799537097395,86848.68293848372,34132.38096203158,0.7178700545227542,6193,2407,65508.1972381092,-0.00012365873373298085,0.058145357509349085,99.9876341266267,10000.559969141808,59.333780437215594,0
dodo-k1000000000000000000,438,10000,184.15647853249334,-184.06555849982993,184.06555849982993,0.09092003266340498,61913.16627495048,27009.519283850248,0.6962583944229842,5105,1744,45771.585247387935,-0.0007451497171187782,0.040159465147438456,99.92548502828812,10002.660838762062,103.42552155893274,0
dodo-k1000000000000000000,439,10000,818.6472726442363,-818.4539477927224,818.4539477927224,0.1933248515139212,197808.051009051,85841.03869959131,0.6973688905973038,10812,4005,140216.53205599287,0.0008411960466327173,0.07378548848210272,100.08411960466327,9983.767776165394,65.04314524380018,0
dodo-k1000000000000000000,440,10000,243.42998153878253,-243.39862057023703,243.39862057023703,0.03136096854549919,99418.2997101433,28210.832019692334,0.778962438768221,10192,2531,65152.468728645465,-0.0014475050474263185,0.028324367893281136,99.85524949525737,10007.220542489598,114.23074103393479,0
dodo-k1000000000000000000,441,10000,95.90753071340929,-95.89051706436423,95.89051706436423,0.017013649045054535,41588.90171823021,22385.767557940686,0.6500838877133692,4293,1337,29373.358642898686,-0.00015582207449838848,0.019925349397724973,99.98441779255016,9996.733330023015,67.50017776197232,0
dodo-k1000000000000000000,442,10000,1427.2314266607734,-1428.9925092526746,1428.9925092526746,-1.7610825919011859,194351.88444768827,75948.1481975451,0.719022793100338,9972,4102,147156.6124852443,-0.00028245652151369426,0.12946548871851263,99.97175434784863,10026.431444153595,49.24764939711783,0
dodo-k1000000000000000000,443,10000,673.4911070852911,-673.4628798899025,673.4628798899025,0.028227195388581094,153477.55516779135,71221.55968783145,0.683035868950379,9182,3586,112189.02661752886,-0.0009291810688210944,0.05138803997570946,99.90708189311789,10010.462850083997,94.36663547381654,0
dodo-k1000000000000000000,444,10000,772.9276333442901,-772.3866479997881,772.3866479997881,0.540985344502019,168815.61373154738,65417.99378480385,0.7207147408160155,11196,3806,119514.0936641086,-0.005457145602944706,0.06361786225760198,99.45428543970553,10035.624285074826,83.27319595062855,0
dodo-k1000000000000000000,445,10000,161.12040241570784,-161.1192920859912,161.1192920859912,0.0011103297166528137,64421.45920632876,17359.61450366782,0.7877306604554172,6015,1895,46159.28250166489,-0.00009596588170751374,0.01760451142311922,99.99040341182925,10003.480221233423,109.9092269867585,0
dodo-k1000000000000000000,446,10000,260.8619859014904,-260.912693363427,260.912693363427,-0.0507074619366108,78290.14365840683,48023.29215366323,0.6198085196169266,4557,1931,60664.48515622992,0.0010645237002954388,0.024095742309875733,100.10645237002954,10000.461748796819,119.80019033788815,0
dodo-k1000000000000000000,447,10000,277.00780739234546,-276.99725643317277,276.99725643317277,0.01055095917269,92943.74291899738,44817.04232890063,0.6746748920728551,8132,2568,65139.3891589463,-0.0002088778400545266,0.04435669404997483,99.97911221599455,9997.134270888551,97.24092416885661,0
dodo-k1000000000000000000,448,10000,570.6226585718446,-570.9145806071646,570.9145806071646,-0.29192203531999894,131841.62815887542,47322.87501604686,0.7358691360316809,9363,3281,95238.9209995817,0.0011732140360406617,0.08091290582352144,100.11732140360407,10002.989430401522,78.63750169079104,0
dodo-k1000000000000000000,449,10000,291.28850669367864,-291.1575481853739,291.1575481853739,0.13095850830472955,99671.70633204086,51381.30320055622,0.65984588218702,10073,2864,66634.63164370427,0.0008355613846765664,0.06004942199269252,100.08355613846766,9990.19308147345,55.34013984938232,0
dodo-k1000000000000000000,450,10000,228.82243523474412,-228.8625273740417,228.8625273740417,-0.040092139297570384,104166.94428733713,46256.81685773131,0.6924899596605532,10787,2796,66751.93756581187,0.0003107834759671846,0.01753829740053149,100.03107834759672,10000.889660525778,100.43729998502583,0
dodo-k1000000000000000000,451,10000,208.12603104824882,-208.14765926522733,208.14765926522733,-0.021628216978513137,71366.85515595393,36737.19465541421,0.6601681924079874,5109,2017,53208.41347972042,0.0007561908351406999,0.02842787119290506,100.07561908351407,9990.452100369355,115.67576703159847,0
dodo-k1000000000000000000,452,10000,355.02101117251163,-355.0000572007742,355.0000572007742,0.020953971737412758,100734.85532904134,45135.90612625949,0.690576057354095,8064,2723,72476.90165562031,-0.0005993823900998052,0.058028702076114345,99.94006176099002,9997.295675332245,66.93526093106411,0
dodo-k1000000000000000000,453,10000,876.4765823507884,-876.408989241272,876.408989241272,0.06759310951633779,167074.4777815127,71864.36569987067,0.6992353162307413,10172,3781,121864.38624798448,0.00025133314639120386,0.05802750231691149,100.02513331463912,9988.683357937483,69.62910628954926,0
dodo-k1000000000000000000,454,10000,162.13750425203133,-162.0591884590707,162.0591884590707,0.07831579296063751,50000.78863488884,14163.830905357227,0.7792579305099249,5160,1610,36677.81833141162,0.0007535322363914077,0.02934948110675094,100.07535322363914,10001.793392320826,48.609308582368236,0
dodo-k1000000000000000000,455,10000,451.40296609025927,-452.53800764611435,452.53800764611435,-1.1350415558550822,100128.06570488619,62510.00540107025,0.6156496140418078,6687,2686,74298.77045175355,0.0001036979490409351,0.1140357634391394,100.0103697949041,9999.616398706692,68.55504131725361,0
dodo-k1000000000000000000,456,10000,434.7247599378746,-434.7227477839215,434.7227477839215,0.0020121539531032795,97318.09524638197,34020.72525742744,0.7409697671493808,5158,2461,80004.7362116919,-0.00024114718163986026,0.03308437219137474,99.97588528183601,10002.243660696728,105.73620594054768,0
dodo-k1000000000000000000,457,10000,783.0273921787725,-782.974207473094,782.974207473094,0.053184705678518185,202741.53514688415,97170.29592124684,0.6760037922639581,11631,4362,142734.4655119214,0.00028365896739700246,0.030425544901780198,100.0283658967397,9998.078757850551,85.0943379522687,0
dodo-k1000000000000000000,458,10000,293.81872133436434,-293.85884714353114,293.85884714353114,-0.040125809166795534,109151.80386509525,51162.10066420161,0.680862986810655,10338,2904,71808.82820490493,-0.003549486541115101,0.03841786817436301,99.64505134588849,10029.85282656086,58.4527547431518,0
dodo-k1000000000000000000,459,10000,274.5874867146044,-274.61858900353684,274.61858900353684,-0.031102288932459032,62451.93571722497,36722.29489385899,0.6297193871070493,4220,1878,48989.03471890123,0.00019641666949922864,0.07576145446236424,100.01964166694992,10003.43907641334,54.759180549935586,0
dodo-k1000000000000000000,460,10000,393.17447012444626,-393.3477832062092,393.3477832062092,-0.1733130817629558,113626.43454599426,38022.24219730916,0.749274157784643,8885,2890,82134.64243448996,0.0007398013649120116,0.05017007248990552,100.0739801364912,10001.558332341607,80.3890781604229,0
dodo-k1000000000000000000,461,10000,186.47074324493377,-186.46019034305675,186.46019034305675,0.010552901877019849,72190.20414425083,21117.00394901015,0.7736830371357419,6594,2139,52758.61735197567,-0.001005546646457276,0.018525216182609938,99.89944533535427,10010.429204932414,107.07658468719652,0
dodo-k1000000000000000000,462,10000,972.9970333452519,-973.0178878476876,973.0178878476876,-0.02085450243566811,204259.34175056277,74397.90050463496,0.7330128587273521,11392,4253,146859.3200428489,0.000827893109566702,0.07549699154576245,100.08278931095667,9996.11731594445,104.15971191181474,0
dodo-k1000000000000000000,463,10000,178.47706255899882,-178.47884985267652,178.47884985267652,-0.0017872936776939241,66558.53098883196,16208.509276658186,0.8041671029353414,6454,1984,48091.41335847266,-0.000688875408463332,0.02295969898229302,99.93111245915367,10007.360442012345,99.54678831296937,0
dodo-k1000000000000000000,464,10000,260.83747602676874,-260.87915432481833,260.87915432481833,-0.04167829804958956,92940.15400477119,25878.283918609843,0.7822031296582336,8245,2600,65874.84731644364,-0.00009962833825781559,0.01893633866307681,99.99003716617422,10001.731430446893,95.88776045030315,0
dodo-k1000000000000000000,465,10000,534.39643960108,-534.0387268859635,534.0387268859635,0.3577127151165769,124560.1934237453,61297.648354312056,0.6701906803183973,6888,2912,96198.83735993557,0.0011659982983610463,0.060340054114996065,100.1165998298361,9987.14884161449,97.65309966561432,0
dodo-k1000000000000000000,466,10000,460.87723189509103,-460.8452103440571,460.8452103440571,0.032021551033949436,90277.28980770812,41704.23442236679,0.6840146023039826,5341,2418,71992.62992049968,-0.000792140830385648,0.05679916440809791,99.92078591696144,10001.322624700879,75.03875251009258,0
dodo-k1000000000000000000,467,10000,199.9511264079479,-199.94598836915398,199.94598836915398,0.0051380387939161665,59661.18415948204,19653.75499011051,0.7522061392111467,4221,1779,46785.68370099221,-0.000773411033537883,0.029532910814006358,99.92265889664621,10008.13899966883,101.77994543370228,0
dodo-k1000000000000000000,468,10000,521.2277446767639,-521.2557075478492,521.2557075478492,-0.02796287108526485,96289.4173388922,19054.726549700423,0.8348010925625768,5511,2304,77471.37517499454,0.0012534763465451703,0.05723643424009936,100.12534763465452,9989.126779881086,103.89632848176089,0
dodo-k1000000000000000000,469,10000,166.0048394220451,-165.96057806692082,165.96057806692082,0.04426135512429141,57703.191177531044,25716.9068224343,0.6917180938525752,5622,1708,40938.38601081262,0.0004919025546590205,0.040166337805637935,100.0491902554659,9997.98185317461,91.26349732777008,0
dodo-k1000000000000000000,470,10000,233.6078071073078,-233.56142444633366,233.56142444633366,0.046382660974131795,76922.42972498521,23326.58059398255,0.7673136071891075,6642,2112,55607.328257712936,0.00033430194983282037,0.03547048567062376,100.03343019498328,9995.239326241152,132.9398925875566,0
dodo-k1000000000000000000,471,10000,172.6280013312765,-172.70467400970566,172.70467400970566,-0.07667267842916203,59766.48623544157,27186.389094249538,0.6873434145659998,6071,1830,42116.89949853626,-0.001062676419775812,0.022505843619628648,99.89373235802242,10009.061630227125,65.47061976477148,0
dodo-k1000000000000000000,472,10000,852.3612299202438,-854.375980922626,854.375980922626,-2.0147510023822406,117881.17297391493,42089.577295334486,0.7368920429235167,7300,2976,91508.34139640133,0.001564772062103117,0.16023892985116006,100.15647720621031,10025.030911909626,79.49324905523362,0
dodo-k1000000000000000000,473,10000,666.3620822418001,-666.2261952074382,666.2261952074382,0.13588703436187188,155922.5698390262,60999.58393020254,0.7187950475768531,9918,3667,114262.16921219816,0.010305782761585504,0.05205492050564274,101.03057827615855,9949.30956273143,57.854180223578204,0
dodo-k1000000000000000000,474,10000,1302.3786877596865,-1302.5764685446693,1302.5764685446693,-0.19778078498279683,235521.12957356666,65439.06634007794,0.7825657105870087,11059,4458,176651.01470363047,-0.004320540870965743,0.06285540598505947,99.56794591290343,10051.859762863633,116.09748451979789,0
dodo-k1000000000000000000,475,10000,573.0165561529826,-571.013074627797,571.013074627797,2.0034815251856344,94699.71439413533,21392.166756739043,0.8157307251405675,7185,2583,72426.38149356654,0.001019510959364709,0.1758574275974675,100.10195109593647,9983.329959426652,49.48173493297955,0
dodo-k1000000000000000000,476,10000,533.0104135596177,-533.1145568369607,533.1145568369607,-0.10414327734292783,159534.64498061154,64837.455534287634,0.7110271045932371,11328,3734,111095.89677317209,0.0005064127510136984,0.028597831929592275,100.05064127510137,9995.73886377089,108.59601315210521,0
dodo-k1000000000000000000,477,10000,300.3805980404726,-300.38385450284835,300.38385450284835,-0.0032564623757593836,105791.40335892039,44477.376018676776,0.7040145251535351,8439,2725,73524.34559106658,0.00004513017509822248,0.026876821889429577,100.00451301750982,10000.101239218047,109.38881867964473,0
dodo-k1000000000000000000,478,10000,239.16371593484294,-239.13572376497865,239.13572376497865,0.027992169864290872,57658.98458879597,35084.0065239912,0.6217071920688365,4193,1805,45469.90975449285,0.00022592123626424154,0.04504164980468715,100.02259212362642,10000.892000726684,50.407565765424664,0
dodo-k1000000000000000000,479,10000,437.98839630688883,-437.63955650440005,437.63955650440005,0.3488398024887829,95287.68093148562,26955.744242369925,0.7794912552226572,8552,2687,68829.44429250874,0.00033563393629620463,0.10672948614997992,100.03356339362962,9983.772211676063,72.52114921339496,0
dodo-k1000000000000000000,480,10000,483.2527992180495,-483.26133092041607,483.26133092041607,-0.008531702366553873,151386.37284275348,53820.84068613708,0.7377244212783982,10066,3656,108596.06006457983,-0.000016536207325117403,0.027479235761521607,99.99834637926749,10000.3165929033,101.69001240386267,0
dodo-k1000000000000000000,481,10000,396.1133566074795,-396.1170142409427,396.1170142409427,-0.0036576334632059115,143872.08331264343,34546.05026075233,0.8063759015473552,11356,3279,97835.77288940793,-0.0005242840960676176,0.018157349284722527,99.94757159039324,10008.621617944758,146.35858597611372,0
dodo-k1000000000000000000,482,10000,458.37850338539255,-458.5022312152446,458.5022312152446,-0.12372782985204367,134556.9330862532,57735.263679394506,0.6997524358736293,8712,3080,98198.2933540902,0.00023112299539761237,0.03408683012701502,100.02311229953976,10008.493566839235,159.33411335403972,0
dodo-k1000000000000000000,483,10000,391.3031893947384,-389.59249245442453,389.59249245442453,1.7106969403138805,63848.91500590075,27646.302176778438,0.6978388266833677,3895,1668,50745.87563914586,0.0008443391048332671,0.09491920889660335,100.08443391048333,9990.999757017404,92.25154665532128,0
dodo-k1000000000000000000,484,10000,264.9567175800955,-265.127829326603,265.127829326603,-0.17111174650744942,104500.35531641933,53616.04941802749,0.660907737511016,10681,2926,66563.99551174814,0.0004794330375138145,0.03776053107442508,100.04794330375138,10001.347801945914,108.23916588867387,0
dodo-k1000000000000000000,485,10000,353.3166584587706,-353.1989799800418,353.1989799800418,0.11767847872874881,106407.86167913559,48220.19205970975,0.6881536636220625,7245,2666,78486.65168511945,-0.0022663572055577675,0.029691982115709406,99.77336427944422,10019.016500604952,119.5297720697439,0
dodo-k1000000000000000000,486,10000,566.7582747236565,-566.6921335976731,566.6921335976731,0.06614112598344946,88219.63033402037,19042.014605871038,0.8224713538885029,4598,2209,73073.48915936265,-0.00033760779542163277,0.055279941578502446,99.96623922045784,10004.704568183675,77.7629685280421,0
dodo-k1000000000000000000,487,10000,352.94323696212837,-353.06264512008994,353.06264512008994,-0.11940815796157267,84949.86940438433,39168.81314084918,0.6844245174244852,4458,1986,69270.76692721675,-0.0010638587241317055,0.023989309513461878,99.89361412758683,10015.329734547668,172.84417558901163,0
dodo-k1000000000000000000,488,10000,390.6627559938656,-390.7603898317847,390.7603898317847,-0.09763383791914748,115848.81391240314,49021.94742410278,0.7026643958776438,7703,2845,85235.3085915842,-0.00029978266392504337,0.041713491276319986,99.9700217336075,9996.83259915459,122.67048292464139,0
dodo-k1000000000000000000,489,10000,1011.6836000512928,-1011.6830236803081,1011.6830236803081,0.0005763709847315113,155855.67747618034,38646.320466504156,0.8013063059748496,6799,3141,125293.57038995589,-0.0005954566379423909,0.07988974659225605,99.94045433620576,10004.616247205295,119.25194359041714,0
dodo-k1000000000000000000,490,10000,463.7246420348502,-463.7028388782258,463.7028388782258,0.0218031566244008,99669.98379626228,27367.020725013273,0.7845744172877599,6633,2512,76906.07820780216,-0.0019445928132789448,0.04663422558876377,99.8055407186721,10019.068306333873,97.31936629640732,0
dodo-k1000000000000000000,491,10000,748.2489432190882,-748.0863552377336,748.0863552377336,0.16258798135459074,175520.49781065472,102167.30473419327,0.6320785292047794,10832,4055,124169.68146868813,-0.0008513497373741075,0.0520586023323068,99.91486502626259,10003.126373346813,79.77451593859573,0
dodo-k1000000000000000000,492,10000,397.2213552481281,-397.32428246608504,397.32428246608504,-0.10292721795696025,93042.59014568504,27182.46412152518,0.7739034988405172,5953,2377,73404.26267894062,0.00004240001683797345,0.03066786035373866,100.0042400016838,10005.554431826433,121.66367939265241,0
dodo-k1000000000000000000,493,10000,650.3673028142936,-650.811885165494,650.811885165494,-0.4445823512004381,131999.97782631833,42352.235082520536,0.7570880554027457,9993,3468,95222.59513580654,0.008218549142304852,0.156148071253982,100.82185491423049,9962.143662687977,40.56523644849904,0
dodo-k1000000000000000000,494,10000,239.5574978826322,-239.4790397544954,239.4790397544954,0.07845812813678776,77888.53670658138,20594.332617995835,0.7908841125442682,7756,2200,53639.29528254678,-0.0006553781507716394,0.07518335915951824,99.93446218492284,10013.908723197943,62.51250639959682,0
dodo-k1000000000000000000,495,10000,567.0784905258151,-567.060846519822,567.060846519822,0.01764400599313376,116838.068971006,36594.27980478726,0.7614956683074602,7973,2942,87267.47800574677,-0.00012699056388228768,0.07930439317756466,99.98730094361177,9995.262966646851,93.3622555485158,0
dodo-k1000000000000000000,496,10000,318.99404981580057,-319.0225281085623,319.0225281085623,-0.02847829276174707,91210.49933529907,58979.80811139725,0.607299504781095,6980,2684,67439.05128313407,0.0011996099600700915,0.03351799568281848,100.11996099600701,9993.327213692955,63.81967609577817,0
dodo-k1000000000000000000,497,10000,416.56501915060977,-414.9052373765646,414.9052373765646,1.6597817740451433,109830.59945413332,32793.2150634863,0.7700719534504173,7654,2681,81013.52951529493,-0.009547712989069623,0.04207024669860644,99.04522870109304,10135.110497392463,142.06103934942544,0
dodo-k1000000000000000000,498,10000,217.07889741210943,-217.08029530148036,217.08029530148036,-0.0013978893709349904,100125.55055243807,32179.08059422569,0.7567803914697877,10472,2830,65967.69547312333,-0.00029878133746734646,0.014637877398664898,99.97012186625327,10003.607238858931,95.30359048196318,0
dodo-k1000000000000000000,499,10000,165.8841223067559,-165.8760627836147,165.8760627836147,0.008059523141184854,67082.23288323755,19130.17021408933,0.7781041993169717,6312,2050,48110.71255364221,0.00007934786070720178,0.016140928271429687,100.00793478607072,9997.947314279028,87.47165406845828,0
dodo-k1000000000000000000,500,10000,621.4759551181245,-621.3810545766054,621.3810545766054,0.09490054151910954,142205.5055465241,59194.22098521356,0.7060858919493845,7225,3254,109946.57356816772,0.0039016019930218702,0.03488699529757483,100.39016019930219,9960.20947821958,108.87813137566569,0
dodo-k1000000000000000000,501,10000,566.3424767585744,-566.2195144643881,566.2195144643881,0.12296229418632265,107333.6751938101,46376.03216560496,0.6982882020771454,5315,2486,86012.52002217594,0.00029890955778640206,0.06931056564733666,100.02989095577864,9993.2537375308,99.87699805983084,0
dodo-k1000000000000000000,502,10000,524.3641795930941,-524.4579901779474,524.4579901779474,-0.09381058485325866,128893.24528646884,60584.67928543788,0.6802546817930443,8546,3266,94057.4365194747,-0.00001563667371087263,0.06994606119327727,99.99843633262891,9996.377466799062,75.81893143355069,0
dodo-k1000000000000000000,503,10000,303.45632720306514,-303.4556697213669,303.4556697213669,0.0006574816982265475,96584.07225728776,27919.104866505655,0.7757558842153425,8208,2597,69777.01399843287,-0.00006577196023656029,0.02110853624425445,99.99342280397634,9998.577562043753,97.94582952960913,0
dodo-k1000000000000000000,504,10000,691.3758952741262,-691.348964587588,691.348964587588,0.026930686538207738,184642.26839252384,129800.32386780465,0.5872050190950521,10863,3990,125670.54083691504,-0.0012065352807844932,0.04167404413587533,99.87934647192155,10008.466301578179,67.85407064680061,0
dodo-k1000000000000000000,505,10000,98.28479906123117,-98.3072763694402,98.3072763694402,-0.02247730820903371,41000.344644666606,17888.15465192282,0.6962368736579635,4143,1252,29027.173016950248,-0.000028434582960983335,0.023980937041245626,99.9971565417039,10005.884581101609,80.97984172022159,0
dodo-k1000000000000000000,506,10000,268.5317762250474,-268.4536636964097,268.4536636964097,0.07811252863768914,110551.43185591274,37223.16356807676,0.7481085063283212,9648,2622,73678.59048439348,0.000584295760758664,0.01956430761841986,100.05842957607587,9989.141486503675,125.3239000523486,0
dodo-k1000000000000000000,507,10000,284.93665744071143,-285.0266439934595,285.0266439934595,-0.08998655274808698,77315.46195705628,22043.630321205557,0.7781417903912519,5608,2104,59968.595644697554,-0.0002388992866255535,0.025545895275746487,99.97611007133744,10005.982253705408,116.76323549341127,0
dodo-k1000000000000000000,508,10000,792.5013425050207,-792.5287089041653,792.5287089041653,-0.027366399144625575,172320.23416556,36548.06328020843,0.8250186183008555,10426,3902,127364.99558713946,-0.00048035891181257283,0.0653497455120376,99.95196410881874,10005.23373071586,95.07703668238047,0
dodo-k1000000000000000000,509,10000,536.0209608422261,-535.8121388931029,535.8121388931029,0.20882194912326213,157238.55732054266,107783.03341178078,0.5933047073110221,10636,3817,106995.51349341022,0.00010564654137169782,0.04977841588167479,100.01056465413717,9997.633977976931,93.67146644680534,0
dodo-k1000000000000000000,510,10000,606.3198363922354,-606.1017223489706,606.1017223489706,0.21811404326479078,129574.3167471097,62614.81977332783,0.6742020859921533,7385,3088,98880.07935982359,0.0023641338808091917,0.07435387547877198,100.23641338808092,9974.468831431184,87.51734843932982,0
dodo-k1000000000000000000,511,10000,455.30169578114356,-455.2758163287658,455.2758163287658,0.025879452377751022,146319.98874977196,76177.64338541626,0.6576249254682801,10840,3655,100641.8170515862,0.0009141032498359891,0.030325707955954753,100.0914103249836,9988.950101830518,103.86260754960776,0
dodo-k1000000000000000000,512,10000,351.69867062242133,-351.6744045185452,351.6744045185452,0.02426610387612982,117867.6694142508,34368.81186669904,0.7742406315653606,10509,2999,80815.5110108286,0.0002755600291425253,0.03527032924159599,100.02755600291425,9998.61959607408,90.71353089466925,0
dodo-k1000000000000000000,513,10000,806.4514038401448,-806.1425418245905,806.1425418245905,0.3088620155543822,169980.40517946286,98200.96013102184,0.6338263099774643,9731,3974,124515.06313397772,0.0015479051001204879,0.05618897741641561,100.15479051001205,9974.698005465778,46.23435740383001,0
dodo-k1000000000000000000,514,10000,271.89050071131265,-271.44184688818734,271.44184688818734,0.4486538231253121,102063.75911651802,49218.482423673595,0.6746578982266233,9371,2519,67769.80842535241,0.00019531060064181816,0.046766782619827724,100.01953106006418,9999.116350057553,201.20910727615166,0
dodo-k1000000000000000000,515,10000,388.84764841086275,-388.83384947862965,388.83384947862965,0.013798932233100913,112455.25221025897,36679.59126348111,0.7540508280351015,8461,3053,81604.03412987241,-0.00041199393463202226,0.05709283255148506,99.9588006065368,10003.168865566699,85.3506831389895,0
dodo-k1000000000000000000,516,10000,648.7512848988064,-649.1782838706981,649.1782838706981,-0.4269989718917486,116783.98181900986,37223.900549107915,0.7582987313588705,6770,2897,91272.97614086351,0.00006099620080945556,0.09903890479650443,100.00609962008095,10007.149567364339,36.74187400178701,0
dodo-k1000000000000000000,517,10000,1012.0764882626265,-1011.8629540814321,1011.8629540814321,0.21353418119440448,169771.01913180458,72549.45963984246,0.7006053305622175,9942,3926,125551.6399588786,0.002045313560674771,0.07962805962646485,100.20453135606748,9990.660405113402,33.76847659356618,0
dodo-k1000000000000000000,518,10000,494.7415573485998,-494.61194387656167,494.61194387656167,0.12961347203815876,80850.09221182825,37117.26054006538,0.6853598925956269,4180,2044,65872.89292286694,-0.0002890153638004733,0.04620893288799408,99.97109846361995,9994.88212082236,72.43327741346008,0
dodo-k1000000000000000000,519,10000,1375.7020788042505,-1375.4312394364422,1375.4312394364422,0.2708393678083212,226374.30692690043,87736.05934822607,0.7206839736343535,11546,4374,166348.18796801483,0.004162296044702743,0.06889248152015952,100.41622960447027,9954.32010816682,105.0759677992,0
dodo-k1000000000000000000,520,10000,459.1973804639369,-458.5842119617297,458.5842119617297,0.613168502207202,139457.53570513558,78207.6340229442,0.6406975258345384,9569,3066,95693.47883123906,-0.004368507753054303,0.03695420291482776,99.56314922469457,10053.828891925397,138.28744481730243,0
dodo-k1000000000000000000,521,10000,111.03838143632608,-111.08365777389872,111.08365777389872,-0.04527633757264482,48842.40943649161,15303.590212936546,0.7614256493534438,4737,1344,34554.003246665205,-0.0008606496381253236,0.016312673068836006,99.91393503618747,10014.054464995641,111.02052442371586,0
dodo-k1000000000000000000,522,10000,274.11634422131766,-274.1037058891305,274.1037058891305,0.012638332187179913,83050.88657711243,22560.85722264786,0.7863792755337587,6677,2324,61437.59696797269,0.0003488807313598841,0.04256540660835441,100.03488807313599,9994.891217510254,94.86528978636358,0
dodo-k1000000000000000000,523,10000,271.8995828512284,-271.95438752542725,271.95438752542725,-0.05480467419886281,87213.88281826497,19552.998142525674,0.8168627015553038,7460,2286,62919.85651092695,0.0000769885442733198,0.028479739690559853,100.00769885442733,10002.626699580376,112.16467383836296,0
dodo-k1000000000000000000,524,10000,303.8163253951426,-303.97021034945794,303.97021034945794,-0.15388495431534466,62843.329510545605,51443.86982313412,0.5498719880873489,4468,1891,48676.58996719304,0.001301584274781362,0.061262498009568706,100.13015842747814,10008.091991075291,60.93384366556086,0
dodo-k1000000000000000000,525,10000,381.8101148054887,-382.11169979167926,382.11169979167926,-0.3015849861905622,83109.0945889818,29057.781944852686,0.7409415074860574,5784,2230,64559.492055233364,0.0005362682751078296,0.03890962732663596,100.05362682751078,10005.810824638485,103.88130537616819,0
dodo-k1000000000000000000,526,10000,191.87646565781495,-191.82194292044355,191.82194292044355,0.0545227373713999,90668.50828925539,47739.317034616004,0.6550822403075331,10317,2514,57090.49189719868,-0.00056353330389868,0.027505826530592116,99.94364666961013,9998.495554183199,104.74560557098565,0
dodo-k1000000000000000000,527,10000,242.8406397302956,-242.80758008855327,242.80758008855327,0.03305964174234077,74227.2762400344,27509.670374229165,0.7295999999043385,6501,2129,53913.51862825381,0.0007042300792419098,0.0259573335589954,100.07042300792419,9996.182953774154,81.35558103079696,0
dodo-k1000000000000000000,528,10000,413.39509838564845,-413.30761668244196,413.30761668244196,0.08748170320649251,118679.66399989149,38890.74674906008,0.7531849630637658,9366,3015,83957.98325515543,0.0020391716011668847,0.037525542530859185,100.20391716011669,9974.157437642312,89.07469559322297,0
dodo-k1000000000000000000,529,10000,266.6092850054704,-266.6038207639457,266.6038207639457,0.005464241524691715,63447.008179915494,13328.079522501459,0.8264009860312815,4060,1751,50864.696176427584,0.0001496513805817301,0.037248510381219686,100.01496513805817,9999.572667636688,100.28336618752037,0
dodo-k1000000000000000000,530,10000,555.6552849066973,-556.2066575544045,556.2066575544045,-0.5513726477072396,101143.05855713449,49182.44409822016,0.6728270105240971,5312,2500,82318.98633538357,0.00009287453781382737,0.03994034107772691,100.00928745378138,10017.701510138202,101.69769729782128,0
dodo-k1000000000000000000,531,10000,833.011145899719,-833.1021735038239,833.1021735038239,-0.09102760410485189,186363.99292552294,46938.30621475454,0.7988090713733944,10642,3948,135414.2577814989,-0.00010871656158883524,0.08038889494748801,99.98912834384112,10007.594254394431,110.13111417837389,0
dodo-k1000000000000000000,532,10000,333.29706098371656,-333.31158110154587,333.31158110154587,-0.0145201178293064,115271.42551781342,55890.298691491225,0.6734649703391283,9115,2856,80381.0532916208,-0.0017223114153999575,0.02292113119075239,99.82776885846,10024.189450118134,124.74795167451322,0
dodo-k1000000000000000000,533,10000,239.8318290276834,-239.98956330443025,239.98956330443025,-0.1577342767468508,78379.15939976358,32380.890926779033,0.707648282649622,6471,2151,57080.360401385034,-0.0002971375813623922,0.03774502365135291,99.97028624186376,10017.586703925632,142.7729189741036,0
dodo-k1000000000000000000,534,10000,450.4017505335428,-450.0279113647315,450.0279113647315,0.373839168811287,84851.49503192659,51979.327041047574,0.6201197489457008,6537,2574,63565.556398117245,0.000485264957813456,0.09539612528812853,100.04852649578135,10004.096789997206,33.98897758375087,0
dodo-k1000000000000000000,535,10000,379.17464457455657,-379.07153980925636,379.07153980925636,0.10310476530020196,68363.2266952793,21646.561165486586,0.7595088080979464,5114,2120,53415.11806143957,0.0021799518219255275,0.09042781549168495,100.21799518219255,9990.034744528708,17.266303552170353,0
dodo-k1000000000000000000,536,10000,514.780247098773,-514.89781347354,514.89781347354,-0.11756637476707965,116059.71031969353,19671.867062895355,0.8550678667245875,9438,2974,84801.17687422267,-0.00009129301964279079,0.09509326882598458,99.99087069803572,10001.652933990381,85.9329445092417,0
dodo-k1000000000000000000,537,10000,367.4458558318592,-367.424926017384,367.424926017384,0.020929814475209696,101362.5128079092,27425.052055930304,0.7870520179108487,7569,2699,75437.63021298157,-0.0000756205408286803,0.028083153702421128,99.99243794591713,9997.962073343913,86.57890930611123,0
dodo-k1000000000000000000,538,10000,316.1870651273077,-316.16021324625467,316.16021324625467,0.0268518810530054,67102.00154317841,35511.72549454538,0.6539281193685691,3877,1750,54205.71363643602,0.0012468400849039085,0.0407470803302688,100.12468400849039,9996.745962717134,64.3198757310599,0
dodo-k1000000000000000000,539,10000,287.7153965017571,-287.7582958727582,287.7582958727582,-0.04289937100111274,75261.22232418512,37230.11897039982,0.6690401364056632,4873,2090,59118.931906647675,-0.0017072398906402952,0.027139432665727697,99.82927601093597,10021.373542916679,106.7799829552167,0
dodo-k1000000000000000000,540,10000,704.814000553921,-704.919677085559,704.919677085559,-0.10567653163798241,169926.61608773796,67427.38664573492,0.71592058330927,9585,3779,124147.71716143511,0.00004732848246305821,0.06625759837284932,100.0047328482463,10003.672958776813,90.5869240700577,0
dodo-k1000000000000000000,541,10000,351.2580305506091,-351.34675875292646,351.34675875292646,-0.08872820231738388,68789.74775703273,35205.59378628295,0.6614695113855723,3927,1869,56156.73912713012,0.0025524014381130655,0.051314270137011564,100.2552401438113,9990.489404097858,42.0996734967568,0
dodo-k1000000000000000000,542,10000,383.6370769677243,-383.56499783540653,383.56499783540653,0.07207913231775365,131045.40299047259,43457.652499885844,0.7509633720867028,10205,3273,92457.29219558739,0.00026488331303610837,0.030760920689769763,100.02648833130361,9991.754381717872,99.12963906929552,0
dodo-k1000000000000000000,543,10000,305.7717328699532,-305.70301116857604,305.70301116857604,0.06872170137717148,66981.63617508061,15956.981317590144,0.807604927595999,4629,1812,53428.0046045471,0.001730042375620684,0.044299678743690264,100.17300423756207,9983.275529170445,82.93519514019627,0
dodo-k1000000000000000000,544,10000,569.2070944761396,-570.1883023939185,570.1883023939185,-0.9812079177789883,120047.77833731491,74988.92367845298,0.6155137832858226,7465,2935,89728.7784096149,-0.0007682827853503227,0.056569303451667136,99.92317172146497,10016.911782260955,83.85583403727492,0
dodo-k1000000000000000000,545,10000,1155.020045246886,-1155.083440512688,1155.083440512688,-0.06339526580200072,210612.14970026762,42940.90592839651,0.8306433112315368,11649,4255,156442.35308572467,-0.0007258488498358417,0.050903456117918605,99.92741511501642,10006.632174398823,93.23300619833327,0
dodo-k1000000000000000000,546,10000,726.6485748712652,-727.1216064475295,727.1216064475295,-0.4730315762643613,186799.9592499096,37920.380425046955,0.8312552371543389,11555,3747,134737.3139292632,-0.0006416031961774138,0.03280287644522076,99.93583968038226,10040.108281118684,305.13540527244663,0
dodo-k1000000000000000000,547,10000,290.66598151828725,-290.65402634798056,290.65402634798056,0.011955170306691798,95148.08926088616,34710.65861506867,0.7327045025243475,7707,2641,68688.02866711213,-0.00015126353108840362,0.04554477794023939,99.98487364689116,9996.99082307823,98.21059136074548,0
dodo-k1000000000000000000,548,10000,254.46612900896676,-254.4518034385875,254.4518034385875,0.014325570379270403,79145.60000509974,31321.07934777009,0.7164658199988122,4860,2018,61567.12180037423,-0.0006515288388479235,0.02203302327052924,99.93484711611521,10013.977185035825,159.14265862726558,0
dodo-k1000000000000000000,549,10000,125.69448702228713,-125.53232015837168,125.53232015837168,0.1621668639154592,51208.498012851574,20800.711320432445,0.7111381792270567,5403,1563,35658.54747504244,-0.0038916311360191,0.04442880120004489,99.61083688639809,10040.733368686795,101.7972663837582,0
dodo-k1000000000000000000,550,10000,318.1939376267915,-318.1098941435133,318.1098941435133,0.08404348327820799,91610.74560602145,40481.49488312933,0.6935361628115149,5384,2278,72322.84152523582,0.0032292410871123424,0.020773671509886214,100.32292410871123,9963.590479154554,130.97145669698696,0
dodo-k1000000000000000000,551,10000,775.2985291317059,-775.7268103771131,775.7268103771131,-0.42828124540722,124089.47795095455,37578.4750103852,0.7675576740965386,6862,2917,96890.7952808384,-0.0005111612135470978,0.1189750827227948,99.94888387864529,10001.92563859263,68.6646416531645,0
dodo-k1000000000000000000,552,10000,304.5059022529108,-304.5903803910579,304.5903803910579,-0.08447813814711935,67060.07736906283,20608.807861933212,0.7649244905118652,4995,1988,53143.045998334535,-0.002841801787263165,0.04237222653510514,99.71581982127368,10018.347526247948,55.18647110103805,0
dodo-k1000000000000000000,553,10000,328.8813186605611,-328.92471809289594,328.92471809289594,-0.04339943233486565,120853.34245913714,60755.662158265994,0.6654589771786903,9125,3098,84267.41669192078,0.00011899614102759415,0.024591105809350467,100.01189961410276,10001.533984429017,101.98080623911477,0
dodo-k1000000000000000000,554,10000,383.0872496334506,-383.07162449745914,383.07162449745914,0.015625135991456318,95014.350014465,63487.23121897522,0.5994536412512403,6332,2734,72617.13394843828,-0.0011660103796837973,0.0667723554929232,99.88339896203162,10003.75187749943,39.7306217339827,0
dodo-k1000000000000000000,555,10000,402.989367671925,-402.19988718885133,402.19988718885133,0.7894804830736462,83432.66249609669,38452.91207950775,0.6845162997065269,6291,2236,61908.45181765909,-0.0012768260280621745,0.10310674392259714,99.87231739719378,10007.188564729926,99.0478883338801,0
dodo-k1000000000000000000,556,10000,285.65039749983714,-285.5175928087273,285.5175928087273,0.13280469110986814,114359.02516804,32473.47849107518,0.7788399865028164,9480,2701,78552.77316945176,-0.00028818765678025217,0.016542286459174278,99.97118123432197,9991.33331518083,202.7625046711033,0
dodo-k1000000000000000000,557,10000,374.8221305418188,-374.90672902553496,374.90672902553496,-0.08459848371614953,131162.69647320246,58748.740890387846,0.690651907510384,11122,3310,87950.02821732026,-0.001179846096033259,0.035497942257193105,99.88201539039667,10012.874041300665,106.7344285451224,0
dodo-k1000000000000000000,558,10000,423.08428376418584,-422.9300870705294,422.9300870705294,0.15419669365644495,115404.44541503295,31209.31461536402,0.7871324314382668,8479,2867,84787.95207774232,0.00003604771122866168,0.04050323441573539,100.00360477112287,9992.578072659213,116.09850474915106,0
dodo-k1000000000000000000,559,10000,1161.752599887361,-1161.4921436970849,1161.4921436970849,0.26045619027604516,196589.033368239,80278.83163955968,0.710046409187652,10797,4257,143995.90367091258,0.0008045827974477504,0.06134666942360298,100.08045827974478,9983.230620133125,69.45967769035484,0
dodo-k1000000000000000000,560,10000,291.18098711877457,-289.8862224668487,289.8862224668487,1.2947646519258456,77439.14430988875,37996.012171250615,0.6708454050784894,5009,2167,60545.45492359816,-0.012058270720188204,0.0385298018452437,98.79417292798118,10105.224126914396,85.91916807170469,0
dodo-k1000000000000000000,561,10000,418.7581624257328,-418.7955562549742,418.7955562549742,-0.03739382924140955,93864.39852991457,15419.475884323556,0.8589043812092865,7108,2503,71315.18141799959,0.0007949115159722453,0.06089816361657938,100.07949115159722,9999.58228380402,72.1248658647297,0
dodo-k1000000000000000000,562,10000,583.4332589419126,-583.4350347204517,583.4350347204517,-0.0017757785390131176,124016.29209444924,23560.358433666424,0.840351719941104,7725,2926,96520.70770510215,0.000592786305605415,0.04220076033930937,100.05927863056054,9994.288228384372,99.63677897888302,0
dodo-k1000000000000000000,563,10000,678.990835898863,-678.8883206781118,678.8883206781118,0.10251522075122921,140851.15170690895,39824.75666757729,0.7795790427961614,7771,3250,109578.75501965755,-0.0035268694542145342,0.056152891314105204,99.64731305457855,10033.800623331244,95.99120198730567,0
dodo-k1000000000000000000,564,10000,713.5866970756506,-713.5953530612197,713.5953530612197,-0.008655985569134828,169331.2363908129,74545.87121953786,0.6943301815000944,10423,3895,120837.6492110973,0.000225597308782568,0.0706344394572011,100.02255973087826,9997.60902132009,98.954955671467,0
dodo-k1000000000000000000,565,10000,528.7155768300877,-529.0406720048417,529.0406720048417,-0.325095174753983,130218.815809834,68052.83961585844,0.6567697007938533,7139,2892,97212.17451898668,-0.0006896146350442222,0.045127750740563355,99.93103853649558,10024.879219142724,218.39122965706557,0
dodo-k1000000000000000000,566,10000,552.4384545963297,-551.8857309257018,551.8857309257018,0.5527236706279837,114219.46176643348,31055.16326541281,0.7862313307736636,6712,2679,88264.7212233778,0.006207647148507078,0.06051280901169079,100.62076471485071,9924.620634067882,109.61850464730547,0
dodo-k1000000000000000000,567,10000,1045.6101658450248,-1046.085705840527,1046.085705840527,-0.47553999550223125,174168.28277169293,45918.9069296542,0.7913603831646675,10297,3934,129576.08058713908,0.0010733161917592326,0.06394682570475353,100.10733161917592,9992.24382846876,51.24606829775438,0
dodo-k1000000000000000000,568,10000,273.09521881475206,-273.0493058990853,273.0493058990853,0.04591291566674727,101547.2488308317,22692.734871003013,0.8173475704450861,9626,2744,71230.7399222359,0.00022926703285946814,0.02123416963247706,100.02292670328595,9996.42374443283,112.53721362883763,0
dodo-k1000000000000000000,569,10000,1349.0018711449818,-1349.0778096222834,1349.0778096222834,-0.07593847730163361,204843.61423172682,50173.47527562343,0.8032544588578354,9125,3960,159789.01215105384,-0.00008208187756579833,0.06937138977120881,99.99179181224342,10000.961136551106,102.45326020043706,0
dodo-k1000000000000000000,570,10000,816.7273307769512,-815.559211010055,815.559211010055,1.1681197668962113,163318.921098295,84021.67160550159,0.6602997078359799,9065,3834,120226.50067672775,-0.013180412012901287,0.09263533485078526,98.68195879870987,10041.079749124456,45.819512705477635,0
dodo-k1000000000000000000,571,10000,1242.2829796057129,-1241.9029771001735,1241.9029771001735,0.38000250553932347,212927.9393955279,75752.10696814032,0.7375914687476852,11440,4469,156630.77135049328,-0.008743704215575718,0.07087789235707831,99.12562957844243,10043.002491184754,67.94677806911939,0
dodo-k1000000000000000000,572,10000,228.15145789506127,-228.1295537102489,228.1295537102489,0.021904184812370886,62540.65754105708,26716.083138828064,0.7006827390813657,5024,1897,47258.36322789366,0.00027668639427830044,0.03304008590040567,100.02766863942783,9996.401738053122,61.81167045016577,0
dodo-k1000000000000000000,573,10000,540.8411479419192,-540.9888336586481,540.9888336586481,-0.1476857167289154,136369.50654430492,54246.434633709745,0.7154150156672917,10763,3525,95396.65992459925,0.006498771510042047,0.06673148225548502,100.6498771510042,9970.915198345181,51.63776651458527,0
dodo-k1000000000000000000,574,10000,488.117151766035,-488.2073882216184,488.2073882216184,-0.09023645558335147,123832.80106843103,49704.27022892266,0.7135812546717757,6840,2730,94188.22698947543,-0.0001353413416674698,0.04689365877401357,99.98646586583325,10001.489113077074,167.5473347110451,0
dodo-k1000000000000000000,575,10000,766.7563689765586,-766.5768116387471,766.5768116387471,0.1795573378115023,188151.43293892758,61911.09481919283,0.7524175438269665,11382,4107,135039.59002149745,-0.00028304863031578973,0.04553714074461894,99.97169513696842,9998.183487518534,88.1459098851723,0
dodo-k1000000000000000000,576,10000,467.9387336778625,-467.8879880118505,467.8879880118505,0.050745666012005586,142145.91144306006,78761.32899768182,0.6434642484305105,10705,3512,95456.56464152153,-0.0007206145350522775,0.06604259382908907,99.92793854649477,10001.69939946908,83.24196392931401,0
dodo-k1000000000000000000,577,10000,296.31242534780404,-296.21015111780554,296.21015111780554,0.10227422999849978,57370.59544010207,12524.62820066046,0.8208085252715872,4023,1648,46448.880091117186,0.0010791626586019731,0.07561208674502012,100.1079162658602,9995.030225960754,44.438527779382895,0
dodo-k1000000000000000000,578,10000,377.17013177163375,-377.3387086151755,377.3387086151755,-0.16857684354175717,130717.09548955019,78514.57311365895,0.624748138569045,10882,3072,85196.11435477175,-0.00017313302192107472,0.036996091077422195,99.98268669780789,10005.260835417883,183.1108844988538,0
dodo-k1000000000000000000,579,10000,184.97205524355542,-184.98855792740144,184.98855792740144,-0.01650268384602782,64380.13826624345,26026.48132917374,0.7121175258443901,4963,1811,48171.946538463475,-0.000018481405608525846,0.025886120895843304,99.99815185943915,10006.216916872523,143.8945402773289,0
dodo-k1000000000000000000,580,10000,419.6938023128925,-419.47805067156736,419.47805067156736,0.21575164132514146,121116.68449496083,45918.497058311055,0.7250968530622608,8937,2894,85969.50972766316,-0.0011478028965092335,0.02813819220990183,99.88521971034908,10000.648759893034,157.51798221163267,0
dodo-k1000000000000000000,581,10000,178.45434712715732,-178.46634353967877,178.46634353967877,-0.011996412521455113,64306.66363033275,35248.89456341425,0.6459374523839674,7299,2097,42830.39877171944,-0.0015487014613449902,0.06848073505890057,99.8451298538655,10007.99837225927,27.90702266373063,0
dodo-k1000000000000000000,582,10000,311.2058693484374,-311.17554894230904,311.17554894230904,0.030320406128339528,89228.27448046222,43838.08775867863,0.6705546990163089,6969,2515,65606.004902404,0.00021769775378757572,0.03668588109439895,100.02176977537876,9998.463381790792,66.33948181015751,0
dodo-k1000000000000000000,583,10000,291.2355957533768,-291.1659382641511,291.1659382641511,0.06965748922567627,67258.29005680504,12288.701226163921,0.8455164547650851,5294,1915,52191.73298667932,0.0000921095257049842,0.04101516747590935,100.0092109525705,9995.033321639065,62.790361907341946,0
dodo-k1000000000000000000,584,10000,443.8053216551525,-443.8098648379074,443.8098648379074,-0.004543182754900954,153870.51985442307,62384.09044987474,0.711524806975942,11555,3839,105242.13039937172,-0.000016564830591647706,0.029486486454914314,99.99834351694084,10000.821013199646,102.45791525013938,0
dodo-k1000000000000000000,585,10000,172.25474470522923,-172.35598568028556,172.35598568028556,-0.1012409750563279,54387.49937755188,12521.775585966307,0.8128544122949515,5093,1677,40494.37533815045,0.0011681885917334967,0.03396803952975645,100.11681885917335,9995.076301639287,62.998818361584135,0
dodo-k1000000000000000000,586,10000,482.2899416774478,-481.8470732222761,481.8470732222761,0.4428684551717197,114655.60060287768,51181.51771470945,0.6913747764436303,6217,2654,89263.00177798227,-0.0009509381045900512,0.030678847642295892,99.904906189541,9997.83583179756,135.47173399506005,0
dodo-k1000000000000000000,587,10000,446.48328038655706,-446.60429910506105,446.60429910506105,-0.12101871850398993,86651.55839913446,28562.201100002865,0.752093836498611,5305,2155,69358.59065441394,-0.0006846756985477497,0.05244627887321073,99.93153243014523,10016.037156973225,79.6243781498357,0
dodo-k1000000000000000000,588,10000,292.77812952550875,-292.71873969675545,292.71873969675545,0.05938982875329657,88381.25956495333,34061.22303936685,0.7218185852255411,6353,2240,66743.1175800898,-0.000042087870437228506,0.03540192700591618,99.99579121295628,9993.365206490773,142.9535982638559,0
dodo-k1000000000000000000,589,10000,397.23214706638686,-397.1415527467422,397.1415527467422,0.09059431964465148,129490.91182811414,28453.612156016377,0.8198505941309161,11102,3147,88875.55882634954,-0.00013536200739807213,0.027676545731001596,99.98646379926019,9999.179270716324,104.12931698699431,0
dodo-k1000000000000000000,590,10000,550.8823839462498,-550.8651174772253,550.8651174772253,0.017266469024434627,150674.109689196,53795.029590085156,0.7369039172380563,10130,3585,108002.17063314421,0.00010158465154177066,0.05418355435539482,100.01015846515418,9998.51426111123,102.17605587213778,0
dodo-k1000000000000000000,591,10000,584.9495007005751,-579.9286685301595,579.9286685301595,5.020832170415588,137026.3549112313,42789.74368109754,0.7620360801058832,7879,3026,103312.15762931229,0.012696310587259205,0.04689919431840039,101.26963105872592,9777.292785171912,170.94502230468575,0
dodo-k1000000000000000000,592,10000,780.969915339992,-781.0403274209384,781.0403274209384,-0.0704120809464257,160005.17406052357,60737.741618574546,0.7248485124348399,9010,3642,118889.60885541016,0.00010825554133106152,0.07723247997782252,100.0108255541331,9999.895454329362,86.88299440932985,0
dodo-k1000000000000000000,593,10000,191.89778154744909,-192.0361312649415,192.0361312649415,-0.1383497174924173,60861.04417244569,27190.069665169256,0.6912012979720671,4861,1682,45509.54408585376,-0.00018667599847304927,0.031913736280628345,99.9813324001527,10010.653457511216,127.52394978198895,0
dodo-k1000000000000000000,594,10000,207.4561409511778,-207.31162716401644,207.31162716401644,0.144513787161344,84577.21536622703,52665.536988294414,0.6162599766853236,8400,2463,56154.61432102252,-0.00373331707426388,0.03391358020108768,99.62666829257361,10009.773686576273,40.779985185185986,0
dodo-k1000000000000000000,595,10000,243.97711470472672,-243.93692380699463,243.93692380699463,0.040190897732088615,94176.22654925485,41919.360256194246,0.6919858957945589,9369,2504,61108.478561698386,-0.0002821135984054024,0.04620231901546432,99.97178864015946,10005.812762508696,104.341102744763,0
dodo-k1000000000000000000,596,10000,490.38618985258245,-490.39717117882213,490.39717117882213,-0.01098132623968695,97855.38048712684,37194.455179712626,0.7245871866777438,5361,2346,78652.63551381307,-0.00003896249624048664,0.04316593008155749,99.99610375037595,10002.409490343172,87.41606387806199,0
dodo-k1000000000000000000,597,10000,588.7637738750032,-588.2450127074283,588.2450127074283,0.518761167574894,154428.77105329547,43013.074683452774,0.7821481331733362,10488,3501,111004.2738313193,-0.0064662112261160585,0.05000302725849636,99.3533788773884,10062.315661547913,95.73666565786881,0
dodo-k1000000000000000000,598,10000,914.5132309075844,-914.5697061588016,914.5697061588016,-0.056475251217193545,205875.26640001917,85398.68071713237,0.7068097522543453,10878,4226,148598.081611382,0.000924832945983809,0.05123329211966777,100.09248329459838,9988.932056671489,92.16854290901698,0
dodo-k1000000000000000000,599,10000,2034.1015431809112,-2035.5539244489726,2035.5539244489726,-1.4523812680613446,236154.47101516026,73275.03366125369,0.7631931262085654,11227,4465,178831.6492047183,0.0016789494606447874,0.18777149932665493,100.16789494606448,10001.213538349783,85.52272691216025,0
dodo-k1000000000000000000,600,10000,215.56520683087328,-215.67723498732974,215.67723498732974,-0.11202815645646069,58278.82187927553,38553.50419765755,0.60185295799848,4218,1851,45079.76126155007,-0.0006806647437868207,0.04760568660939171,99.93193352562132,10007.966662892484,53.75655396086622,0
dodo-k1000000000000000000,601,10000,278.4625092343898,-278.40087572508713,278.40087572508713,0.06163350930268052,71885.06032971767,34861.164055131936,0.6734201677293259,4104,1910,57894.38319459933,-0.00014857439377749415,0.030604933979796415,99.98514256062225,9998.752456160799,110.0934412303796,0
dodo-k1000000000000000000,602,10000,532.1322162053112,-532.2755885282944,532.2755885282944,-0.1433723229831685,107561.57129029004,34276.681811134666,0.7583396505410684,5455,2393,85876.3347901972,-0.000343677838988441,0.035736131997259266,99.96563221610116,10006.031398662435,126.13494630676568,0
dodo-k1000000000000000000,603,10000,347.1049773526406,-346.6601923780516,346.6601923780516,0.44478497458902666,116153.38858364173,42198.55950505564,0.7335141119866803,8823,3048,82571.97715611725,0.006671140841866361,0.027432593400491926,100.66711408418664,9932.641813260918,99.4759488368599,0
dodo-k1000000000000000000,604,10000,1008.1293245158491,-1006.4539741024305,1006.4539741024305,1.6753504134186414,185081.84322421392,90332.00482889151,0.6720135698787607,11392,4215,129866.82368633224,-0.0012858260240541596,0.2489420035430615,99.87141739759458,9986.75279372427,40.19395435154546,0
dodo-k1000000000000000000,605,10000,243.47183756750803,-243.4789513655455,243.4789513655455,-0.007113798037465813,66028.77796508811,11617.484495365981,0.8503793469610612,4852,1825,51715.57335899845,0.00006505124646835725,0.02562582160506011,100.00650512464684,10000.687338191714,102.41020392610012,0
dodo-k1000000000000000000,606,10000,177.07524921033223,-177.01197032761462,177.01197032761462,0.0632788827176114,54068.723649235064,13639.700894754058,0.7985523812344422,4100,1484,42217.13555930343,-0.0009903628952957887,0.027703166373839423,99.90096371047042,10011.482616627945,127.25552115746517,0
dodo-k1000000000000000000,607,10000,755.5079324949904,-755.4919196661025,755.4919196661025,0.016012828887937758,133199.99939553195,45286.61938226271,0.746274428344447,7404,3093,102093.44259105981,-0.00029621277155499114,0.07249244035067122,99.9703787228445,10003.080250690517,122.22203561688673,0
dodo-k1000000000000000000,608,10000,421.7584032025978,-421.7593042630562,421.7593042630562,-0.0009010604584318571,140223.08404532762,37504.2799990256,0.7889785841325699,11118,3417,97009.51332847532,-0.0020992712341831067,0.03168815777933432,99.79007287658169,10026.036145277409,105.19220550071998,0
dodo-k1000000000000000000,609,10000,267.20048465038417,-267.1423063005046,267.1423063005046,0.058178349879597135,95594.67752774105,39742.43398873924,0.7063448928130869,9916,2446,62209.621840707805,-0.001533242319257937,0.041625258143782845,99.8466757680742,10001.507621503803,100.24624707468026,0
dodo-k1000000000000000000,610,10000,377.30647687991626,-377.6279020785322,377.6279020785322,-0.3214251986159411,125403.19959376044,43004.131949367955,0.7446421628125212,11212,3051,83907.02145246205,0.00020519530581211142,0.03871880003861875,100.02051953058121,9999.824248211224,122.47292879266541,0
dodo-k1000000000000000000,611,10000,1080.9456373663552,-1080.7130255386164,1080.7130255386164,0.232611827738765,203827.03201186183,75357.25575337154,0.7300805988883601,11468,4306,147048.91169766165,-0.000014000410589147805,0.13167322377601806,99.99859995894109,9982.43330214518,47.75684995178802,0
dodo-k1000000000000000000,612,10000,656.3633977726322,-656.3983900980326,656.3983900980326,-0.03499232540036701,152888.22311078486,29303.89454958287,0.8391593723927753,11168,3653,110767.50210894387,0.0013384415725887777,0.04656317820256277,100.13384415725888,9984.858740209496,54.572305331533386,0
dodo-k1000000000000000000,613,10000,358.6038245743159,-358.45929932210726,358.45929932210726,0.1445252522086662,111559.29910820005,66502.12841116733,0.6265214238837099,8349,2994,77176.64814624457,-0.000032779096918744696,0.03945379275511059,99.99672209030813,9994.59990405191,65.467761243177,0
dodo-k1000000000000000000,614,10000,913.0797910813384,-912.4719090105535,912.4719090105535,0.6078820707848536,182837.15163315274,42413.7269699642,0.8117044992987775,9841,3719,137085.32987824094,-0.00048378386784477814,0.03840670652632184,99.95162161321552,9996.646979278825,118.1689678595904,0
dodo-k1000000000000000000,615,10000,144.08265719842825,-144.04305323270503,144.04305323270503,0.03960396572321656,46812.8984264513,16128.433799236656,0.7437544896348057,4709,1527,34536.09227253709,-0.001740116557557343,0.026576248876497743,99.82598834424427,10003.384111170923,51.05806734201403,0
dodo-k1000000000000000000,616,10000,166.0751648351559,-166.08501091088206,166.08501091088206,-0.009846075726159143,48135.445304933826,8138.54999387371,0.8553763607744735,4326,1441,36863.12645425182,0.000024887645320603724,0.03598448217601842,100.00248876453206,10000.934979774926,107.76120335627509,0
dodo-k1000000000000000000,617,10000,551.4600929736451,-552.0573364890291,552.0573364890291,-0.5972435153839797,154254.52961960956,78726.85791519175,0.6620894967267201,9663,3359,109063.91490842287,0.0003162516612617594,0.03100904363460998,100.03162516612618,10000.876205891966,104.6636433113879,0
dodo-k1000000000000000000,618,10000,870.3191062210597,-870.208081544755,870.208081544755,0.11102467630462343,200095.1234642536,103292.54116496946,0.6595361209190702,10991,4349,142962.98090217603,0.0013710694053671092,0.07634545102801696,100.13710694053671,9983.43678094595,81.63107379049231,0
dodo-k1000000000000000000,619,10000,372.6133935763475,-372.5089647328346,372.5089647328346,0.10442884351289194,125725.5007944997,44522.40880750233,0.7384848430057976,11081,3329,84532.48111356446,0.004100655790516328,0.04657757431618748,100.41006557905163,9961.666707050817,96.09177552407807,0
dodo-k1000000000000000000,620,10000,1132.0050616251588,-1133.6335090966613,1133.6335090966613,-1.628447471502568,156612.630366627,56291.919749183646,0.7356002033842709,7820,3390,122778.6937285474,0.0007000764062044595,0.15683749328207797,100.07000764062045,10025.280479704508,77.39078559825987,0
dodo-k1000000000000000000,621,10000,298.44752745586527,-298.2063527806326,298.2063527806326,0.24117467523268488,73336.45810370213,35901.73737926815,0.6713444668274015,3983,1801,57997.38776096081,-0.003829861935804786,0.028977462169036697,99.61701380641952,10045.88686178611,122.78787575107806,0
dodo-k1000000000000000000,622,10000,94.9780427184603,-94.97700856854526,94.97700856854526,0.0010341499150428035,41861.95383754289,16278.301960599956,0.7200166779947341,4646,1351,29244.431545329782,0.00013160505685959833,0.02048869662324819,100.01316050568596,9999.806905661617,92.90810835553661,0
dodo-k1000000000000000000,623,10000,364.86102878543727,-364.82889562546484,364.82889562546484,0.03213315997243171,98521.55263987782,38547.58384690574,0.7187726950434056,8173,2688,71348.81113392937,0.00031161026332242157,0.049064798686436435,100.03116102633224,10000.229709068986,86.01573014315113,0
dodo-k1000000000000000000,624,10000,768.0215412398065,-766.248402933757,766.248402933757,1.7731383060495318,122207.74104236253,50778.865873542345,0.7064578190251005,8543,3250,90032.92485547687,0.0034494935052715903,0.4296856842329461,100.34494935052716,10004.351697802993,33.270632516992315,0
dodo-k1000000000000000000,625,10000,659.3283585829747,-659.1498742534496,659.1498742534496,0.17848432952507665,118895.2156967394,31783.80399191702,0.7890628432704769,6206,2790,95743.11266977232,-0.0005016767485429341,0.06868363691386549,99.9498323251457,9998.286883570936,104.8000712852069,0
dodo-k1000000000000000000,626,10000,193.22498427616057,-193.23002526322148,193.23002526322148,-0.005040987060908719,59019.249846129766,9024.619743135225,0.8673705684639811,4796,1739,46010.41411963284,0.0000776184527731516,0.01956314838213757,100.00776184527732,9999.936216051365,90.71281131164903,0
dodo-k1000000000000000000,627,10000,184.18099638957503,-184.2458277154769,184.2458277154769,-0.06483132590187779,48461.20605383763,9289.787727843448,0.8391406429651741,4244,1468,37391.67331491372,0.000811114146355294,0.03450424453524107,100.08111141463553,10000.451363130913,69.20764041483396,0
dodo-k1000000000000000000,628,10000,630.5977503351168,-630.6018454027557,630.6018454027557,-0.004095067638900218,148086.11970201173,94705.10456311467,0.6099319287599236,8660,3417,106865.79311194488,0.0003796589411429352,0.04398588804089712,100.0379658941143,10007.67787810948,119.61462933631582,0
dodo-k1000000000000000000,629,10000,134.7116037967017,-134.69834550405074,134.69834550405074,0.013258292650959902,46573.96085748995,11408.696996207273,0.8032394957645115,4060,1357,35601.579367345985,0.0002456803235062921,0.014437121772691767,100.02456803235063,9993.0885593426,144.8054846259827,0
dodo-k1000000000000000000,630,10000,224.35099539443593,-224.32768010970227,224.32768010970227,0.023315284733655517,63331.37913923876,33967.03152134573,0.6508983929877721,3985,1698,49444.315057936794,-0.0005942222739309954,0.030960646757297924,99.9405777726069,10007.938026098058,135.3348578819516,0
dodo-k1000000000000000000,631,10000,800.873957340004,-801.8298169007677,801.8298169007677,-0.9558595607636562,157563.41945401882,42513.77651097985,0.7875131330888044,7864,3112,123049.43897624043,-0.0032014194000257136,0.03530792886950067,99.67985805999743,10062.191781407217,177.22367047747647,0
dodo-k1000000000000000000,632,10000,998.4279626107384,-998.2133197253847,998.2133197253847,0.21464288535366904,197055.96285528908,77540.86183679417,0.7176192334935266,10573,3984,143784.03238162483,0.004268880766814504,0.05000497109557728,100.42688807668145,9963.948049218543,87.79391393212764,0
dodo-k1000000000000000000,633,10000,1357.9793174706608,-1357.874465366985,1357.874465366985,0.10485210367573927,188404.56280596796,36144.892181352494,0.839033712268892,8640,3689,148017.7804472747,0.0009550036637477888,0.10095747925382724,100.09550036637478,9990.02302662029,97.13453000383612,0
dodo-k1000000000000000000,634,10000,459.45391454683875,-459.5106941542505,459.5106941542505,-0.05677960741172683,91614.35234985355,32610.480623634478,0.7374882312734188,4504,2189,75505.17699811314,0.0006347487343475678,0.04110261567501041,100.06347487343476,9993.58163975933,119.34191686874206,0
dodo-k1000000000000000000,635,10000,1029.5692173814107,-1029.821427184645,1029.821427184645,-0.2522098032343365,147196.97099963445,63630.22184126231,0.6981877860068952,7910,3580,113643.55102218648,0.0071862771247363354,0.11846544337897286,100.71862771247363,9978.205579303198,41.45820561370026,0
dodo-k1000000000000000000,636,10000,336.2217755479869,-336.1287883669078,336.1287883669078,0.09298718107908144,100767.24554416834,29616.801971038654,0.7728494970400088,9217,2759,70853.4784951315,-0.001017976138196559,0.045135876510451,99.89820238618034,9998.196642564017,72.4763268572966,0
dodo-k1000000000000000000,637,10000,236.21555043870532,-236.25277862824169,236.25277862824169,-0.0372281895363642,81623.39241777814,41798.847643723464,0.6613345566982499,7189,2248,57315.572690541536,-0.0002455473652815954,0.051888237598153066,99.97544526347184,10003.98785751011,129.0679058391502,0
dodo-k1000000000000000000,638,10000,224.41844238766868,-224.30235218150494,224.30235218150494,0.116090206163733,82281.23396537868,17124.16834727286,0.8277340270359388,7579,2336,58471.007822478256,0.0034805286076644393,0.022435968573116725,100.34805286076644,9966.015868441136,99.23445976650498,0
dodo-k1000000000000000000,639,10000,523.3414352354072,-523.2879190663014,523.2879190663014,0.053516169105819245,111698.63066850127,35461.675927968136,0.7590268955798785,5987,2541,87864.7439129621,-0.00007337718026874996,0.040610147183464985,99.99266228197313,10004.181791790881,150.36570794272964,0
dodo-k1000000000000000000,640,10000,254.05958111397803,-254.0590706488965,254.0590706488965,0.0005104650815326295,75653.21457908934,18764.26525052011,0.8012628034090398,6361,2105,55803.944938269415,0.0003256766843017544,0.023493234496614404,100.03256766843018,9996.831748477796,100.16493752469623,0
dodo-k1000000000000000000,641,10000,661.0253608135197,-660.8871481603567,660.8871481603567,0.13821265316300924,92046.69415740772,26311.416212737262,0.7776965504902642,4552,2182,76128.22918752195,-0.00039595230869963414,0.10966081312965784,99.96040476913004,9999.2555956423,59.86077133900214,0
dodo-k1000000000000000000,642,10000,622.4158269874627,-622.5093113930732,622.5093113930732,-0.09348440561052485,151317.44527581867,38849.1459467077,0.7957099315029117,9901,3465,109786.1839914255,-0.0009575706992097821,0.04962274319906527,99.90424293007902,10012.840843438984,87.8002578843329,0
dodo-k1000000000000000000,643,10000,314.95777586530727,-314.899526393881,314.899526393881,0.05824947142627934,127655.93429065823,59854.42978191823,0.6807940186242112,10865,3016,83193.72651254549,-0.0010381101558525074,0.023139931893224597,99.89618898441475,10004.356597596046,176.0255444871919,0
dodo-k1000000000000000000,644,10000,374.83894227867887,-374.53412056745185,374.53412056745185,0.30482171122702084,88830.81231248134,19576.262421075437,0.8194189588715495,7542,2445,66575.13644245434,-0.006637476783309779,0.05066638503153854,99.33625232166902,10027.446112321468,43.50502343556149,0
dodo-k1000000000000000000,645,10000,532.4717008004876,-532.5466731243754,532.5466731243754,-0.07497232388777775,115160.91052028874,30346.37338829061,0.7914443004285826,6604,2666,88743.28892523996,0.000908638720734416,0.042318165355709,100.09086387207344,9990.748103698801,112.08563231943062,0
dodo-k1000000000000000000,646,10000,230.3596066748606,-230.3748365758599,230.3748365758599,-0.015229900999287338,77230.33650213794,36374.783849428575,0.6798138698602505,5467,2206,57854.102643790226,-0.0011749954842645138,0.025594984654580058,99.88250045157355,10014.774210099597,99.87357187932876,0
dodo-k1000000000000000000,647,10000,891.6164283058333,-891.5375419760494,891.5375419760494,0.07888632978392707,166107.80859984373,50081.82031031086,0.7683430950745367,8894,3399,126594.98327719711,-0.00008472964984463261,0.08208336505440243,99.99152703501554,9991.426744924218,207.24050857232703,0
dodo-k1000000000000000000,648,10000,447.9736865204298,-447.97495384225806,447.97495384225806,-0.0012673218282657217,142506.83949192934,40156.82012040125,0.7801597744968727,10892,3429,99420.56895726555,-0.0011324558439214628,0.029066114032881528,99.88675441560785,10012.472829866436,116.09301442264407,0
dodo-k1000000000000000000,649,10000,645.6156217584945,-645.2369948070647,645.2369948070647,0.37862695142985103,111691.28785985247,31437.664372651834,0.7803542617877671,5461,2431,90213.8372993618,0.00009052264078405869,0.055740489478656625,100.0090522640784,9992.554654086322,131.9835907771027,0
dodo-k1000000000000000000,650,10000,296.8399917135156,-296.680243793517,296.680243793517,0.15974791999860827,88832.93499586468,32974.354069099114,0.7292907976015063,8924,2673,61682.79737951683,-0.0010724125895450244,0.03829003545698214,99.8927587410455,9992.568248517278,65.57003906431606,0
dodo-k1000000000000000000,651,10000,451.9869481317532,-452.0435417201792,452.0435417201792,-0.056593588425982944,99273.64060895356,56597.31783105078,0.636896325027504,5925,2565,76653.52953272,0.002137158083594102,0.07985826471371993,100.21371580835941,10005.765951205409,69.76828640236748,0
dodo-k1000000000000000000,652,10000,275.52313218800305,-275.57704734471287,275.57704734471287,-0.05391515670982017,88888.80673584055,40701.26043469777,0.6859229929934707,7579,2534,62805.19447893119,0.00004500789104739056,0.043924517671447776,100.00450078910474,10001.860243572844,67.28073571738732,0
dodo-k1000000000000000000,653,10000,139.1793125863143,-139.1261708603773,139.1261708603773,0.053141725936995954,47891.560314175345,13585.164838736315,0.7790193800182784,4756,1382,34392.27694021899,0.00033398367797659033,0.021041057309908667,100.03339836779766,9994.523344739178,91.85372398830214,0
dodo-k1000000000000000000,654,10000,275.71367576203136,-275.83512748224126,275.83512748224126,-0.12145172020990458,75742.20802690777,28876.85547336438,0.7239809408799643,5905,2146,56386.935431154205,-0.0010447103004274539,0.06844754585893043,99.89552896995725,10010.020838765751,103.18343145795929,0
dodo-k1000000000000000000,655,10000,574.4354432521229,-574.3770974346583,574.3770974346583,0.05834581746466938,175475.47934886013,115263.22150064367,0.6035504693256925,11056,4095,121540.70563783831,-0.0013998951124625592,0.031741778723937554,99.86001048875374,10013.027934951999,101.30606533075216,0
dodo-k1000000000000000000,656,10000,770.4040561684724,-770.2134052715159,770.2134052715159,0.1906508969565266,185942.7721890865,43826.77237161518,0.8092576957690021,11040,3851,134013.92710814226,-0.0005387900692160485,0.044784545878609805,99.9461209930784,9999.796564378228,126.97958699102001,0
dodo-k1000000000000000000,657,10000,1071.9493110606968,-1070.727035262304,1070.727035262304,1.2222757983927295,183980.97423020902,92173.0506116469,0.6662259379908321,9440,3983,136829.44644172178,0.001887215353831806,0.1353696249852875,100.18872153538318,9984.290708612452,59.091139205076885,0
dodo-k1000000000000000000,658,10000,376.9092282715343,-376.88131513348645,376.88131513348645,0.027913138047836128,75531.02680070962,28274.821360877522,0.7276182232347437,4124,1938,62255.258948574316,-0.00011150505090071761,0.04996154752931844,99.98884949490993,10002.124136191418,127.85032111518267,0
dodo-k1000000000000000000,659,10000,285.17765485039973,-285.2440844295479,285.2440844295479,-0.06642957914817771,96074.05212131156,26619.33613973314,0.7830418043138776,8878,2626,66980.5059492793,0.0020847921865099293,0.02905964028600465,100.208479218651,10002.378342126858,51.036525213575416,0
dodo-k1000000000000000000,660,10000,740.4886830493917,-740.4632764274236,740.4632764274236,0.025406621968159016,90257.87919246698,22658.67548823964,0.7993325641903314,4538,2139,75124.35797630217,0.0011876540502314015,0.13663252039276116,100.11876540502314,9986.081472371827,98.47884106501276,0
dodo-k1000000000000000000,661,10000,333.25234773364093,-333.2061110695727,333.2061110695727,0.04623666406820348,115870.3923275202,23697.383929040607,0.8302087733670067,10006,2938,80883.69141045341,0.00019818066988122496,0.024186463054491725,100.01981806698812,10001.349448963232,114.15948571921379,0
dodo-k1000000000000000000,662,10000,836.9336964732967,-836.8530807364353,836.8530807364353,0.08061573686131851,169216.23913367715,35069.14845636684,0.8283325651918729,11167,3707,122837.71387382259,-0.0017007792980352576,0.05493368995192682,99.82992207019647,10010.457914284474,101.29361979293853,0
dodo-k1000000000000000000,663,10000,1307.9651172544309,-1307.6288338117486,1307.6288338117486,0.3362834426823156,187315.18362733492,62035.78523124439,0.7512109717671549,9650,4030,142794.53952625758,-0.0005134056956757149,0.09590927582356996,99.94865943043243,10004.76570500624,91.26406102827708,0
dodo-k1000000000000000000,664,10000,512.5670254025059,-512.3603850852967,512.3603850852967,0.20664031720923504,108342.21689007741,62979.41111329796,0.6323907737319824,6121,2786,85230.82677284005,-0.0013436175573991705,0.05792102172702087,99.86563824426008,10010.001229327425,88.90739423377586,0
dodo-k1000000000000000000,665,10000,1283.6930488825503,-1284.2350634144466,1284.2350634144466,-0.5420145318962568,181961.9412732182,60129.24216800135,0.7516256423993197,9192,4000,140111.17393345688,0.0008202820199875305,0.10926497249755712,100.08202820199875,9985.534496433704,46.72329681313615,0
dodo-k1000000000000000000,666,10000,996.3077940082832,-996.1285640468282,996.1285640468282,0.17922996145500747,202555.10351427723,85088.4533390852,0.7041878696331711,10791,4158,147076.54868952098,0.0022864621600656677,0.09128864638448973,100.22864621600657,9992.448385105576,34.299933565995524,0
dodo-k1000000000000000000,667,10000,250.5725935433979,-250.85038169450036,250.85038169450036,-0.27778815110247024,85493.25084095444,43892.28013488432,0.6607636124082477,8888,2519,56945.82752972181,0.003549788764397448,0.03170017943020284,100.35497887643974,9999.075706184914,44.06651226738637,0
dodo-k1000000000000000000,668,10000,376.28747111314954,-376.2437617802208,376.2437617802208,0.04370933292875634,109802.43997530009,35725.05427415255,0.7545133690482209,9764,2991,76324.06721075291,-0.0010544866192977054,0.030877705902385488,99.89455133807023,10000.544956673077,55.263872548945464,0
dodo-k1000000000000000000,669,10000,532.8056537018306,-532.807578735692,532.807578735692,-0.001925033861425618,157569.48515235033,79769.06222166836,0.6639017845846956,10106,3746,111075.56333533618,-0.00003431308945010869,0.03304992222496054,99.99656869105499,10000.41923061761,103.17282136309223,0
dodo-k1000000000000000000,670,10000,565.0389257969205,-565.1246757514833,565.1246757514833,-0.08574995456285706,87911.94432065029,29529.36250861245,0.7485606784711404,4632,2215,72720.18232045788,0.000508681333563743,0.07158871977501689,100.05086813335637,9999.12347538056,70.1268352414169,0
dodo-k1000000000000000000,671,10000,195.8728892387716,-195.94596384385125,195.94596384385125,-0.07307460507965402,69135.53282386468,20523.0218396893,0.7710980071371609,5986,1860,49660.4927831665,-0.0005814274201746628,0.025744017344494666,99.94185725798253,10010.415221822788,196.57284604550597,0
dodo-k1000000000000000000,672,10000,275.77775591217005,-275.90001223501474,275.90001223501474,-0.12225632284469157,86886.455973549,22160.186435618332,0.7967824964984399,7004,2382,65722.6359649166,0.0004238434290357418,0.020884356423965612,100.04238434290357,10004.222077302944,85.07281675444192,0
dodo-k1000000000000000000,673,10000,694.3134436650381,-693.6208292478894,693.6208292478894,0.6926144171486612,184607.48833848612,66350.72370016377,0.735610470121037,9993,3697,134888.8143236424,0.00044689017430428636,0.038698249045245776,100.04468901743043,9998.659595313673,208.3391821168631,0
dodo-k1000000000000000000,674,10000,272.8273990309988,-272.9184366207342,272.9184366207342,-0.09103758973543563,83732.92008234252,32536.535272226796,0.7201626586019083,6038,2159,62967.08441026491,0.00045682622240320823,0.02279395318641491,100.04568262224032,10003.612198669207,112.31457047343919,0
dodo-k1000000000000000000,675,10000,540.5356418768558,-540.5263263609567,540.5263263609567,0.009315515899174898,154827.65486729593,82947.03038412768,0.651152811762029,11049,3698,106675.05240562721,0.0004686588687759752,0.0435658007645786,100.0468658868776,9994.932500859799,100.94105821059277,0
dodo-k1000000000000000000,676,10000,585.048756845505,-584.206952712724,584.206952712724,0.8418041327809078,139895.7575417166,54556.00191075709,0.7194368306855499,9017,3374,103337.70949704497,0.011008633655255694,0.033560523993113094,101.10086336552557,9910.634105100533,83.65176315775184,0
dodo-k1000000000000000000,677,10000,183.4202571872607,-183.65651677020315,183.65651677020315,-0.2362595829424663,53712.96428243967,29658.028816904967,0.6442644172228519,4133,1497,40675.60401148065,0.0002474523023295205,0.03618016907681465,100.02474523023295,10008.715358925645,152.7301053883448,0
dodo-k1000000000000000000,678,10000,724.7304438964597,-725.0523327339008,725.0523327339008,-0.32188883744106533,144798.17126870248,63115.30021961983,0.6964347727551422,7995,3419,109993.0404361456,-0.0002583797405756627,0.09196063675857374,99.97416202594243,10006.59805379772,74.18050330198702,0
dodo-k1000000000000000000,679,10000,387.5615271281215,-387.1670774090928,387.1670774090928,0.3944497190286711,79819.92605155546,44337.11006521102,0.6428949059035759,4775,2186,63660.69305584369,0.006087060559721635,0.07187135785148598,100.60870605597216,9968.659422978097,61.28312041766061,0
dodo-k1000000000000000000,680,10000,1230.6065836280404,-1230.498174639825,1230.498174639825,0.10840898821538758,194218.9083050918,83591.05764539042,0.6991070591747959,9729,4048,147436.7818037411,0.000002544926514929102,0.09172898551506563,100.0002544926515,10000.016177553744,98.66863183944704,0
dodo-k1000000000000000000,681,10000,266.898953032318,-265.73665787661804,265.73665787661804,1.162295155699951,67901.42705803877,13246.022444435595,0.8367660040377277,4586,1800,53042.8887311205,0.00965172398915314,0.028628356677632923,100.96517239891531,9892.427875796628,113.9275243100176,0
dodo-k1000000000000000000,682,10000,497.5498174415058,-497.70131098349185,497.70131098349185,-0.15149354198604215,117584.45515299738,43167.96347492482,0.7314630545320662,7331,2834,88195.60666702101,0.0022183923793294012,0.04428429943816724,100.22183923793294,9977.221195308532,144.58013305454293,0
dodo-k1000000000000000000,683,10000,660.6987762451581,-660.7016312100034,660.7016312100034,-0.002854964845255381,134388.81333937994,30905.334544881378,0.8130282593759989,8011,3157,103236.4270467655,-0.00028589751678353536,0.047531252637795805,99.97141024832165,10003.96906015166,93.46698194069094,0
dodo-k1000000000000000000,684,10000,249.38984712920413,-249.36913094027472,249.36913094027472,0.020716188929412738,87910.25382676072,46632.57401319208,0.6533997778858603,8977,2613,58479.782414691654,0.0006445573939137716,0.035000384245963544,100.06445573939138,9990.626248424884,35.005667386685694,0
dodo-k1000000000000000000,685,10000,250.9085435836814,-250.88892511719325,250.88892511719325,0.01961846648814003,90768.80331945774,30475.80056900283,0.7486420047440696,9084,2370,61137.43993739113,0.0009438195251846082,0.04030599623390557,100.09438195251846,9998.188051827721,74.53254446695522,0
dodo-k1000000000000000000,686,10000,281.55063323434536,-281.53602621911006,281.53602621911006,0.014607015235299059,88902.18962788189,24354.122444810942,0.7849645463541193,7576,2445,64510.3377150898,-0.0002027425053974241,0.03222316737523798,99.97972574946026,10000.670521956023,77.92447921593649,0
dodo-k1000000000000000000,687,10000,171.5922679258822,-171.55864758061813,171.55864758061813,0.033620345264068874,59533.59895854702,23100.96883306043,0.7204442468759834,5629,1806,42937.408776406905,0.00025266336759116826,0.03160611707333515,100.02526633675912,9997.344786856422,85.59749766811757,0
dodo-k1000000000000000000,688,10000,128.42025435000974,-128.4536439564448,128.4536439564448,-0.03338960643506539,51002.105552259214,27629.569565968915,0.6486203616490942,3616,1282,38533.70967319271,-0.0003659347937974644,0.013845164524816055,99.96340652062025,9999.204889471843,296.8381024912803,0
dodo-k1000000000000000000,689,10000,531.7204439086229,-531.7848631119051,531.7848631119051,-0.0644192032822275,147906.98415381345,43962.41774712901,0.7708732225588228,9962,3526,106411.71229320763,0.00025766297473481356,0.03939233811216823,100.02576629747348,9999.580441600985,89.76886576258029,0
dodo-k1000000000000000000,690,10000,197.8789528892767,-198.0439255387265,198.0439255387265,-0.16497264944982248,57733.65763641755,23984.650730774407,0.7064959956953331,4201,1601,44160.213023603545,0.0016999850532035054,0.035163427622565,100.16999850532035,9999.977669166381,75.62694109864069,0
dodo-k1000000000000000000,691,10000,1101.796326349557,-1101.8175124332668,1101.8175124332668,-0.021186083709835657,187368.3935132025,69372.78793634538,0.7297948558752044,9394,3805,143083.9066495247,-0.00042374885553982724,0.047378339465739716,99.95762511444602,10008.84046551945,130.8393435159028,0
dodo-k1000000000000000000,692,10000,551.5579654560865,-551.7113777341501,551.7113777341501,-0.15341227806356983,139603.67756977948,92564.74264441848,0.6013034737497094,8598,3430,101226.45636902165,0.0017966791245606828,0.04291110906943956,100.17966791245607,9987.409930603264,112.0643809274625,0
dodo-k1000000000000000000,693,10000,475.999316866287,-476.16077705906315,476.16077705906315,-0.16146019277613277,100336.87490969792,20697.062674876357,0.828997857229804,7339,2552,74927.07933223361,-0.000060347412837842284,0.07943314159153118,99.99396525871622,10004.130450658435,109.43152602398868,0
dodo-k1000000000000000000,694,10000,748.445456513374,-748.0305920287457,748.0305920287457,0.4148644846283105,159665.78396404846,33393.18727294476,0.8270311549938163,9453,3501,119860.43520408704,-0.0013284037060584807,0.04499259644399359,99.86715962939415,10002.70616158982,74.99713505576915,0
dodo-k1000000000000000000,695,10000,1277.1245202091525,-1277.8232675641898,1277.8232675641898,-0.6987473550373124,195607.7472064817,66491.08762312951,0.7463129217405527,10793,4135,142828.4428517768,0.0038685079480922013,0.1385241474064678,100.38685079480922,9966.529682625842,59.362736808104785,0
dodo-k1000000000000000000,696,10000,1101.576606572469,-1101.5426286220224,1101.5426286220224,0.033977950446569594,187627.10658230959,71066.66475358086,0.725286525506224,9454,3830,141843.7673542036,-0.0005590302763640409,0.06952100549756551,99.9440969723636,10006.958212547626,112.57374544884273,0
dodo-k1000000000000000000,697,10000,371.06889531847787,-370.9182946544593,370.9182946544593,0.15060066401855465,102377.30752000635,38717.992792272664,0.7255897772173834,7698,2591,74563.49449975806,-0.0013487564919640249,0.0530908554750215,99.8651243508036,10015.604299548959,140.3254392306608,0
dodo-k1000000000000000000,698,10000,1024.5067343665828,-1024.8224866654682,1024.8224866654682,-0.3157522988853998,156497.13115547437,51567.06139069423,0.752157924150011,7567,3352,121606.39187273275,-0.00007199942565449646,0.15551448121269473,99.99280005743455,10001.899460283465,104.90806521623315,0
dodo-k1000000000000000000,699,10000,739.7832677145462,-739.9669021913527,739.9669021913527,-0.1836344768064464,141697.53600729437,65172.75269535851,0.6849583712379537,7034,3058,109897.44168669518,-0.0009663479755606375,0.05147258938119179,99.90336520244394,10018.432745369944,84.27511345553144,0
dodo-k1000000000000000000,700,10000,363.95902234264344,-363.8559573312642,363.8559573312642,0.10306501137921487,97469.8412687837,35155.307166219354,0.7349272925907542,7597,2681,71495.75955724502,0.0019384348540624785,0.05865646937222038,100.19384348540625,9985.387243322026,76.88228090323615,0
dodo-k1000000000000000000,701,10000,480.12921587836456,-480.0601536704187,480.0601536704187,0.06906220794587625,100132.00073958976,28560.56478418266,0.7780713697955856,6902,2516,75320.0594403847,-0.0003273167679016353,0.05608117475832273,99.96726832320984,10000.213317575199,52.70554282196386,0
dodo-k1000000000000000000,702,10000,375.27388171278193,-375.1664630628329,375.1664630628329,0.10741864994901107,89813.89833261189,29736.02433309798,0.7512668877566153,5869,2297,70247.31682386811,0.00019090041496895084,0.03818498486019251,100.0190900414969,10001.066656526145,79.17456840546116,0
dodo-k1000000000000000000,703,10000,158.1928847122578,-158.36515091536756,158.36515091536756,-0.17226620310975704,54994.37389123986,18806.644448382813,0.7451709356930946,5141,1582,39770.57502922019,0.0004963388594380547,0.026812652930793348,100.0496338859438,10017.120505082643,136.3622804204815,0
dodo-k1000000000000000000,704,10000,998.1787229580027,-997.9215583109967,997.9215583109967,0.2571646470059932,191200.4830062256,79099.42182752816,0.7073642261317933,10604,4140,139080.21389262323,0.0005276081108480924,0.12511326769448744,100.05276081108481,9993.44974762412,81.81499073906875,0
dodo-k1000000000000000000,705,10000,211.24168885673845,-211.30811630895323,211.30811630895323,-0.06642745221478208,56874.69900294864,8264.362968747262,0.8731273874908073,4731,1634,44312.52537783166,-0.00009312410663909531,0.038480357815990233,99.99068758933609,10003.478265535134,101.45358702177614,0
dodo-k1000000000000000000,706,10000,268.0465813393929,-268.024863152201,268.024863152201,0.02171818719187968,71827.46169089552,47119.7899509429,0.6038597840593652,4072,1970,57972.81164435988,-0.000051421710409869096,0.02301477143777987,99.99485782895901,9997.73943957707,88.297718567935,0
dodo-k1000000000000000000,707,10000,688.0997363379555,-688.0352373180405,688.0352373180405,0.06449901991504703,121586.37584182175,30077.708551048592,0.8016820615674878,6519,2801,95787.27673566391,-0.0006345972671017819,0.07337119657803115,99.93654027328982,9991.072730217646,78.18641879933519,0
dodo-k1000000000000000000,708,10000,225.0884589738374,-224.36862354959817,224.36862354959817,0.7198354242392213,61507.991423593674,42002.27959878266,0.5942211416903467,5890,1881,43597.89505343559,0.0039330456941272015,0.06387800997572611,100.39330456941272,9949.207516720657,127.36521796475098,0
dodo-k1000000000000000000,709,10000,362.24176272787133,-361.95120148092826,361.95120148092826,0.29056124694307073,95984.89892904015,31121.268125370847,0.7551553252955178,6712,2386,71728.60779991164,-0.0005935773819774681,0.048489967152699334,99.94064226180225,9992.799116509113,229.0286881279344,0
dodo-k1000000000000000000,710,10000,204.9101461714963,-204.83731397407809,204.83731397407809,0.07283219741822222,62043.834583592936,27467.372153233882,0.6931404105187511,4541,1741,47495.98076601118,-0.0021473919429674027,0.030021225791615366,99.78526080570326,10027.123664162273,123.37871282870498,0
dodo-k1000000000000000000,711,10000,173.48242989358818,-173.45817165886106,173.45817165886106,0.02425823472711386,57692.777523552766,37207.21477341745,0.6079323730924546,4553,1645,43076.31426495855,-0.00033698605120349614,0.03369782071493958,99.96630139487965,10012.013287027814,135.7026919679984,0
dodo-k1000000000000000000,712,10000,901.6224591909714,-901.6281456595106,901.6281456595106,-0.005686468539124689,116484.05666970013,23747.140753430354,0.8306572204345067,5365,2574,96337.30196949621,0.001150489001402235,0.1081521173506394,100.11504890014022,9991.73188500939,85.02737598750716,0
dodo-k1000000000000000000,713,10000,581.6155113407815,-581.4423898762027,581.4423898762027,0.17312146457879862,118819.8341016583,19201.865696678346,0.8608779219156539,8517,2753,88682.36867793651,0.0015661048866775218,0.06578086429250618,100.15661048866775,9994.024212917011,78.07764903590488,0
dodo-k1000000000000000000,714,10000,396.8240990775559,-396.9135175842792,396.9135175842792,-0.0894185067232911,109761.33825091661,82327.75584161229,0.5714084850545695,7057,2876,81469.96011360358,0.0007708372630938243,0.037778458188989957,100.07708372630938,9999.508473162194,111.89803474042124,0
dodo-k1000000000000000000,715,10000,334.6057595972125,-334.90970106950977,334.90970106950977,-0.30394147229725377,64760.83554052084,24699.52933970701,0.7239053364830843,6522,1842,45193.082775054405,-0.0016526408355001364,0.11370850625061507,99.83473591644999,10023.519449110767,95.94146580123405,0
dodo-k1000000000000000000,716,10000,347.07152862096564,-347.0849187319962,347.0849187319962,-0.013390111030560092,91162.86169132117,18487.086234230923,0.8313990422796834,6208,2398,70955.52183043137,0.0003415882477925436,0.033068226550025344,100.03415882477925,9995.235695491589,110.00443498299455,0
dodo-k1000000000000000000,717,10000,152.99084842933078,-152.98364054879374,152.98364054879374,0.007207880537038136,59480.73778341356,29823.679861911063,0.6660447417018408,5158,1810,43000.47255045493,0.0007430190694302041,0.020099806631124154,100.07430190694302,9992.275843531568,98.72515025958354,0
dodo-k1000000000000000000,718,10000,502.5290601738542,-502.18730518071504,502.18730518071504,0.3417549931391477,138743.30511594875,72629.47391250063,0.6563915455607215,7632,3178,103615.49526040109,0.004234854912941728,0.04915213631033879,100.42348549129417,9935.982212410036,151.07665137673703,0
dodo-k1000000000000000000,719,10000,199.08457510497286,-199.07658266797281,199.07658266797281,0.007992437000041264,62527.837628995956,38364.78032172684,0.6197464085978552,4355,1848,48596.817741890445,-0.0005750792424960593,0.020408865809134653,99.9424920757504,10005.496847690956,107.2573289111001,0
dodo-k1000000000000000000,720,10000,470.3611500639858,-470.3464545051816,470.3464545051816,0.014695558804191933,129023.07558294781,63055.20112947005,0.6717213304455186,8852,3248,93341.96696388138,0.00011448111893272995,0.034977050419546886,100.01144811189327,9999.426941767984,96.13148050933626,0
dodo-k1000000000000000000,721,10000,488.14798926804235,-488.1199903610547,488.1199903610547,0.027998906987647842,124858.43631162033,29873.36570003478,0.80693454537688,8790,3179,92842.3506620518,0.0007333277035471042,0.03874148082466761,100.07333277035471,9995.721955771898,82.15250460101505,0
dodo-k1000000000000000000,722,10000,566.7408224932009,-566.8460810982871,566.8460810982871,-0.10525860508619189,138377.93293697454,37168.37358396411,0.7882702614450577,9365,3281,101596.92211810617,-0.00004895037602679509,0.04898584038488309,99.99510496239732,9994.077422570073,62.40020232591469,0
dodo-k1000000000000000000,723,10000,340.8100689030453,-340.8643766907951,340.8643766907951,-0.05430778774979217,127916.81992774075,57677.006638577506,0.6892299291109892,10562,3168,86325.84845578019,-0.001244602034450395,0.029589182869214456,99.87553979655496,10010.615160407322,128.91160817583662,0
dodo-k1000000000000000000,724,10000,338.9982680093541,-338.98546467013585,338.98546467013585,0.012803339218237397,95890.47579324261,15438.80084985771,0.8613230830615072,7271,2530,71643.83280845388,-0.000006399520325430785,0.025558215905539326,99.99936004796746,9999.504478572257,107.33569419556993,0
dodo-k1000000000000000000,725,10000,1101.1828237581246,-1101.651192855656,1101.651192855656,-0.4683690975314221,203584.17907994983,90835.71284499689,0.6914756260145879,10686,4330,146951.76028261698,-0.0004359155901600786,0.15995105610585938,99.95640844098399,9992.813892947226,45.70873996978709,0
dodo-k1000000000000000000,726,10000,1112.4672816223094,-1111.4190468727709,1111.4190468727709,1.0482347495385511,160529.61215748018,74746.34840336833,0.6823035034043056,8372,3725,123119.89406014535,-0.008427886466559328,0.1346765379473419,99.15721135334407,10046.977937402078,54.16903366905275,0
dodo-k1000000000000000000,727,10000,536.9548969759093,-536.937824964634,536.937824964634,0.017072011275217847,151971.65302060562,39266.63076948459,0.7946717048946904,10565,3629,108678.91201707539,-0.0005314764909303449,0.02981321988162634,99.94685235090697,10004.888122574517,92.85888436652552,0
dodo-k1000000000000000000,728,10000,797.6470430805441,-797.8066198644502,797.8066198644502,-0.15957678390611818,180991.93210656266,37637.31222198145,0.8278486835666772,11775,4023,130865.66086226412,-0.0027023005203608364,0.05449825582454238,99.72976994796392,10031.407127603337,99.66198221640279,0
dodo-k1000000000000000000,729,10000,262.49503810935425,-262.3741937813371,262.3741937813371,0.12084432801714229,117661.81452618196,54856.98174082506,0.6820231596334407,10158,2802,77289.55071803444,-0.00041647205415230816,0.01844680328512098,99.95835279458477,9997.438878448897,208.9385814085783,0
dodo-k1000000000000000000,730,10000,627.020497155837,-626.7422780492652,626.7422780492652,0.2782191065717825,130015.05153140622,65243.10827765799,0.6658623212394461,9635,3507,94093.56709647593,-0.0003811975706528869,0.1250823215598132,99.96188024293471,9986.095074324954,59.683498641207,0
dodo-k1000000000000000000,731,10000,1020.6974008376285,-1020.5016104536232,1020.5016104536232,0.1957903840052495,195743.8244936304,87154.41965499533,0.6919230802676627,9910,3987,146173.61258461198,0.0002983742178464865,0.060572867494283006,100.02983742178465,9995.484034052593,124.39984901616288,0
dodo-k1000000000000000000,732,10000,187.6083526723737,-187.60647744711733,187.60647744711733,0.001875225256384283,76243.43200782646,32149.944704333124,0.7033956715851022,7499,2089,51835.940718049496,-0.00007289857442913217,0.019592137382604166,99.99271014255709,10003.552808957895,79.2662698882511,0
dodo-k1000000000000000000,733,10000,151.26336690337607,-151.2240426065938,151.2240426065938,0.039324296782268675,52457.131420033,21920.665976431465,0.7052794416647588,5098,1595,37521.277819316034,0.0010019591373433912,0.03937224718092196,100.10019591373434,9988.7781616907,100.2393723827712,0
dodo-k1000000000000000000,734,10000,492.7548856470798,-492.9612479710233,492.9612479710233,-0.20636232394349463,101038.80560746767,44329.24417986365,0.6950551084319019,4937,2259,81484.8667073891,0.00017328745871807882,0.0626136370208107,100.01732874587181,10001.894063635538,128.31237941132758,0
dodo-k1000000000000000000,735,10000,639.1749625997446,-639.0661094256006,639.0661094256006,0.10885317414397377,129971.70481086314,26327.203148615772,0.831558623842457,7559,2870,101209.09720008344,-0.0013362339754783648,0.04857326377610534,99.86637660245216,10028.266635258859,118.99688162807234,0
dodo-k1000000000000000000,736,10000,603.1717327022104,-602.691495765387,602.691495765387,0.4802369368234167,121893.84309952018,56408.770315550166,0.6836346409335219,6762,2952,92921.46064318622,-0.0022944280163527254,0.07766804196474965,99.77055719836473,10028.28354197657,98.53037177512664,0
dodo-k1000000000000000000,737,10000,341.47425963406477,-341.30958109292123,341.30958109292123,0.1646785411435303,114701.27684456155,31282.05137345812,0.7857149048777696,10675,2892,78280.3870390433,-0.0021904866287239598,0.035660997501367,99.7809513371276,10020.127362736872,126.62826571614187,0
dodo-k1000000000000000000,738,10000,286.7337346527724,-286.6805157401822,286.6805157401822,0.0532189125901823,100592.47141741969,42431.32198584634,0.7033268313181421,8845,2781,69721.50790210003,0.0004150414019821369,0.03138593934237065,100.04150414019821,9991.963249965353,91.82415555038274,0
dodo-k1000000000000000000,739,10000,248.64483393814933,-248.6332965164593,248.6332965164593,0.011537421690036354,104280.02116045431,52964.271716207826,0.6631720570122601,9444,2859,69253.71822512594,-0.00037150905966868206,0.02097341274214628,99.96284909403313,10001.257533023563,121.64777944769699,0
dodo-k1000000000000000000,740,10000,162.34633440257895,-162.48222114214857,162.48222114214857,-0.13588673956962793,68966.56771056655,30350.77890720912,0.6944060635851,7042,1896,46048.79357152546,0.003125398061893634,0.027935646253510527,100.31253980618936,9976.705562339235,84.62575815646454,0
dodo-k1000000000000000000,741,10000,254.2223490297909,-254.14793647968173,254.14793647968173,0.07441255010917303,86925.4453655868,22670.804594734996,0.7931425153420603,7659,2454,62729.75272039213,-0.0009725242598730688,0.0308795714763734,99.9027475740127,10005.89237878687,95.66194468520477,0
dodo-k1000000000000000000,742,10000,373.4156302206018,-373.4588521663601,373.4588521663601,-0.04322194575826188,90421.59600171108,24370.943293645127,0.7876957558109264,5680,2336,72366.93859739859,0.00003505255708319055,0.02939454513265403,100.00350525570832,9997.31821414667,132.35171059481505,0
dodo-k1000000000000000000,743,10000,763.4665143692686,-763.6561052010882,763.6561052010882,-0.18959083181960068,112176.76568118154,20723.16303882123,0.844069419461606,5777,2645,91778.82045804404,-0.0004145288827990612,0.0746304720317572,99.9585471117201,10002.852963699119,84.1320090263956,0
dodo-k1000000000000000000,744,10000,233.89546973588543,-233.99485776658125,233.99485776658125,-0.09938803069582036,85006.03154605893,40607.43085269468,0.6767270794288877,8660,2407,57210.11085061684,0.00008228408595741144,0.03843756127964326,100.00822840859574,10000.989924511361,51.98239017487564,0
dodo-k1000000000000000000,745,10000,452.9081295506109,-452.6108281284503,452.6108281284503,0.29730142216061495,87270.53681195875,46460.22026524021,0.6525838836131014,4710,2218,69917.48973891542,-0.0012761105279072637,0.06112858863841893,99.87238894720927,10003.592338152435,106.59549972683105,0
dodo-k1000000000000000000,746,10000,455.65738908681857,-455.67051852815734,455.67051852815734,-0.01312944133877636,125558.27326551563,38558.54014325936,0.7650542967391194,8784,3184,92091.63470237206,0.000013200442836023286,0.03731421354306704,100.0013200442836,10000.144426789391,101.02848243158687,0
dodo-k1000000000000000000,747,10000,186.28281552427507,-186.15487257289047,186.15487257289047,0.12794295138459688,56639.18067478879,34374.48483262977,0.622315125525541,5113,1787,41545.96380255556,0.004783974621911966,0.030761684275743308,100.4783974621912,9969.952254686239,59.147130478079994,0
dodo-k1000000000000000000,748,10000,1005.0395210300085,-1005.816864694481,1005.816864694481,-0.7773436644724825,196685.56369375702,79954.68866657735,0.7109795556344658,11637,4226,141388.60482372803,0.0003988362502673226,0.06555044060050819,100.03988362502673,9999.3024757906,65.84911581145109,0
dodo-k1000000000000000000,749,10000,363.7507806056412,-363.56010445526533,363.56010445526533,0.19067615037585028,130190.46679724877,75036.3339111227,0.6343736117694015,10317,3234,86636.69859351484,0.002739891341948777,0.03909498669949883,100.27398913419488,9984.978912296736,75.92248779143098,0
dodo-k1000000000000000000,750,10000,256.2515861998993,-256.1493843845279,256.1493843845279,0.1022018153714157,79093.1427952909,40536.53958569467,0.6611498185157958,7518,2465,55650.105877103415,0.00017476634795386304,0.047456007441804074,100.01747663479539,9989.994301810322,30.054351490408308,0
dodo-k1000000000000000000,751,10000,937.0921408390952,-936.9819162689206,936.9819162689206,0.11022457017463694,186915.89699387382,82629.36210331935,0.6934490245531468,10392,4011,136050.92401572596,-0.0007333916068488122,0.07170357986855848,99.92666083931512,10003.361629688938,101.2866927732182,0
dodo-k1000000000000000000,752,10000,235.83764700699635,-235.83347784079496,235.83347784079496,0.004169166201393182,61506.1231383012,38417.43191411107,0.6155317743252808,3918,1715,48443.75666772399,0.0021967867409738062,0.04430422113165335,100.21967867409738,9986.32133214818,77.42692162612333,0
dodo-k1000000000000000000,753,10000,370.2385162357946,-370.1921081539391,370.1921081539391,0.04640808185547485,118704.98016699198,45463.8434419146,0.7230665211427629,9913,3041,82080.8892473112,0.00019728995563241368,0.030985296006856514,100.01972899556324,9998.646549507981,116.90083946461168,0
dodo-k1000000000000000000,754,10000,1384.266280719188,-1384.3640013495005,1384.3640013495005,-0.0977206303125513,182285.73326064655,55837.6761561263,0.7655095049542273,8652,3685,141412.54327883484,0.0004715035378796983,0.18712107771828201,100.04715035378797,9995.076718642607,100.34288258639835,0
dodo-k1000000000000000000,755,10000,272.85155324368793,-272.5530671629608,272.5530671629608,0.29848608072711613,91160.61524012384,34031.78099528532,0.7281641535857124,9444,2609,61450.90647554744,-0.0016509603117884808,0.062034061654113654,99.83490396882115,9994.272137173184,75.26623008941496,0
dodo-k1000000000000000000,756,10000,447.95633746021986,-447.5759233550669,447.5759233550669,0.3804141051529655,116084.8724187619,45657.9771517475,0.7177125463475676,9084,3108,83230.89596521335,0.0032750376507270575,0.07484477709676966,100.3275037650727,9985.418765896911,29.392458375787093,0
dodo-k1000000000000000000,757,10000,821.4607449639033,-823.3625600840622,823.3625600840622,-1.9018151201589717,184593.3744270648,125904.08723701928,0.5945084814470067,11198,4075,126501.27822896425,0.0014601507376984556,0.15473425582546285,100.14601507376985,9983.512155393464,158.94831824420146,0
dodo-k1000000000000000000,758,10000,412.25063343411375,-412.2133354514348,412.2133354514348,0.03729798267897877,109170.90203787836,28693.590079371654,0.791871063834417,7475,2825,82942.45785517976,-0.001966126293961992,0.035218905477059505,99.8033873706038,10018.567334307898,106.84769461779557,0
dodo-k1000000000000000000,759,10000,181.19595537231262,-181.0708712800184,181.0708712800184,0.12508409229423023,61606.4718686404,26039.981139774212,0.7028974904748946,6646,1922,42814.6129597592,-0.00043391832821839673,0.04443494127930109,99.95660816717816,10002.184075606967,71.69126603690364,0
dodo-k1000000000000000000,760,10000,239.60934907830955,-239.60287514663054,239.60287514663054,0.006473931679011002,67620.22553358435,16365.458760687092,0.8051399009461502,4508,1870,53556.06695637743,-0.000031129148587467627,0.03198742811222019,99.99688708514125,10000.325015650129,103.10818805891064,0
dodo-k1000000000000000000,761,10000,604.1608851718588,-604.1022027684157,604.1022027684157,0.05868240344307196,170070.76909776469,45330.522496860234,0.7895531537379537,11404,3855,120344.8913136068,-0.0005942375454681325,0.03348995458254293,99.94057624545319,10000.990976936228,109.84123302701997,0
dodo-k1000000000000000000,762,10000,520.959148773605,-521.5210649698846,521.5210649698846,-0.5619161962796397,96493.29916106652,38791.74755026486,0.7132591628324013,5429,2449,77848.09688452572,-0.0002404219053299528,0.1072223477060949,99.975957809467,10004.806570409062,95.76820015918756,0
dodo-k1000000000000000000,763,10000,359.03923700880443,-359.016994535204,359.016994535204,0.022242473600442736,120467.17104427535,69568.1354511901,0.6339199450137435,9521,3193,84291.72728543753,0.00005805909532881515,0.03931251096385296,100.00580590953288,9999.404901470058,83.24321816981625,0
dodo-k1000000000000000000,764,10000,373.0818646140284,-373.1555660559702,373.1555660559702,-0.07370144194180739,115195.56698602215,61167.803265203256,0.6531717262032859,8035,2993,83053.46779093723,-0.00027215408133940855,0.058076470912100005,99.97278459186606,10001.923776016036,112.10210031335453,0
dodo-k1000000000000000000,765,10000,914.266981622384,-914.7768821608762,914.7768821608762,-0.5099005384921611,124840.40675973787,25045.592874063757,0.8329023862451821,8229,3015,96205.94657379555,0.0019475024248735906,0.17155878365409719,100.19475024248736,9997.756885240235,59.15366382988853,0
dodo-k1000000000000000000,766,10000,639.2938480990841,-639.4066316988739,639.4066316988739,-0.1127835997897364,154727.50555349555,46720.29740933488,0.7680774040610642,9965,3429,112331.68148290514,-0.0002675844226517654,0.049260392309817005,99.97324155773482,10002.47334508478,129.17125411408526,0
dodo-k1000000000000000000,767,10000,733.6158250200691,-733.4962424227862,733.4962424227862,0.11958259728294252,194763.60295288725,82839.87065779972,0.7015892143555275,10956,3903,139186.5090735654,-0.001238993403290465,0.03753538452532112,99.87610065967095,10016.91147976655,141.39502169550477,0
dodo-k1000000000000000000,768,10000,556.9099363848229,-556.7399250777466,556.7399250777466,0.17001130707626544,121067.58389481227,36195.39153340262,0.7698416207957063,6935,2841,94044.19313992817,0.000309073019482895,0.05343308011980227,100.03090730194829,9993.769830063182,111.92007962805289,0
dodo-k1000000000000000000,769,10000,410.6718565901844,-411.2724929578246,411.2724929578246,-0.6006363676402202,85086.95514037844,28694.129973669387,0.7478128289521234,6689,2476,64379.60259337106,0.0020636069446938166,0.0790375582797337,100.20636069446938,10005.93547987237,37.26992806776026,0
dodo-k1000000000000000000,770,10000,468.2825883940629,-468.1306938972963,468.1306938972963,0.1518944967666016,119284.28599171588,44017.98206432095,0.7304508835773409,10440,3168,83272.31552841241,-0.0010024540328204524,0.09279764622163497,99.89975459671795,10002.335431255187,57.98356107023355,0
dodo-k1000000000000000000,771,10000,386.328389853158,-386.2284838252278,386.2284838252278,0.09990602793021708,99800.03687204665,56295.430291209406,0.639352562157801,5863,2521,76685.71966865167,0.00008525051260832583,0.031181890831415444,100.00852505126083,9995.693586318039,117.1002968466999,0
dodo-k1000000000000000000,772,10000,469.9696943192183,-469.8166393772858,469.8166393772858,0.1530549419325098,93323.25287982164,26168.955025418265,0.7809986484962195,4745,2216,75716.53016358986,-0.0009506083897201734,0.05485183671992843,99.90493916102798,10006.117472550874,106.47163313139586,0
dodo-k1000000000000000000,773,10000,194.3689208622481,-194.40278887593635,194.40278887593635,-0.033868013688248766,48993.722175236726,17166.497512276816,0.740531431223215,4051,1573,38270.26831699385,0.00012795658060667846,0.03851931731871929,100.01279565806067,9999.662097574988,60.991476141526256,0
dodo-k1000000000000000000,774,10000,603.2743730111757,-603.3980143439717,603.3980143439717,-0.12364133279595535,142728.49686283583,69511.02250880525,0.6724878443251264,8842,3328,103801.64549522009,-0.001244413719396249,0.033373259298357424,99.87555862806038,10019.831293237216,105.14823605591745,0
dodo-k1000000000000000000,775,10000,550.6266507639913,-550.4609185079478,550.4609185079478,0.16573225604349773,153303.69515181897,65853.69754274859,0.6995141403487734,9220,3546,111458.73025378257,0.0037902971884948046,0.024044143472750648,100.37902971884948,9963.505492921158,103.46699775840948,0
dodo-k1000000000000000000,776,10000,810.8686900310973,-811.6502168607003,811.6502168607003,-0.7815268296029672,161850.2613661189,52706.33943254788,0.7543476209244857,10648,3614,115588.21871790611,0.000036915935212249454,0.10667005045911139,100.00369159352122,10008.573960460102,79.8028225848472,0
dodo-k1000000000000000000,777,10000,443.9147602497062,-443.7607684845286,443.7607684845286,0.1539917651775795,119290.3535322135,30849.216831104026,0.7945297381865881,10551,3010,83733.26535762762,0.0007740243264136382,0.05369446093704852,100.07740243264136,9993.009002849478,121.75783026085003,0
dodo-k1000000000000000000,778,10000,171.66486416093423,-171.66822036140957,171.66822036140957,-0.0033562004753378005,65535.68962783224,42513.042770440356,0.6065382552223257,5966,2060,46475.17018438478,-0.00041992333703888107,0.03173511503631929,99.95800766629611,10001.592352451858,70.4965545879545,0
dodo-k1000000000000000000,779,10000,733.1542008266879,-732.8830654621872,732.8830654621872,0.2711353645006511,100602.08731932826,24332.282238205626,0.8052394843438155,5353,2362,82949.47604100405,0.0006309394184680172,0.07537470237532673,100.0630939418468,9991.970658542657,119.5149394147438,0
dodo-k1000000000000000000,780,10000,231.6846401713223,-231.54687928901802,231.54687928901802,0.13776088230426353,58838.610265292526,23133.356752671305,0.7177894151594322,4647,1776,45299.77845987718,0.0000903297170484052,0.05347479573335178,100.00903297170484,9985.177441948834,43.201264710126864,0
dodo-k1000000000000000000,781,10000,579.9393654610074,-579.9399519149405,579.9399519149405,-0.0005864539331241758,154554.7367765974,85289.21737104713,0.6443970510987144,9691,3779,111217.71730073875,0.0005681005123837224,0.030203681813587905,100.05681005123837,9995.43518176349,88.30946982733876,0
dodo-k1000000000000000000,782,10000,350.7185806636372,-350.85464422221634,350.85464422221634,-0.13606355857911012,110119.76105385716,55242.449401620586,0.6659306304054631,10831,3291,74152.78059162968,0.004536301033122356,0.05554607015530877,100.45363010331224,9993.587959557413,30.849314336764525,0
dodo-k1000000000000000000,783,10000,318.57044852339624,-318.41684140869336,318.41684140869336,0.15360711470287924,123772.13875246546,60584.49073829109,0.6713734086718659,9013,2825,85042.76713639162,0.001379904344223064,0.02377736956714969,100.1379904344223,9974.145282983274,187.45760283221549,0
dodo-k1000000000000000000,784,10000,572.5600878414816,-572.6484756559971,572.6484756559971,-0.08838781451549949,141982.28386001522,64276.48319292994,0.6883696915708285,8295,3344,105459.71437601712,-0.0007161187061367969,0.05131166132294382,99.92838812938632,10008.268193613472,90.7681798913549,0
dodo-k1000000000000000000,785,10000,473.8092576502049,-473.97914784527734,473.97914784527734,-0.1698901950724121,148336.76681437742,60585.42788043834,0.7100096140147348,10994,3393,102416.99781539329,-0.003030813962168395,0.06426878424986895,99.69691860378316,10040.422973256802,107.79334861455105,0
dodo-k1000000000000000000,786,10000,495.1337468421599,-495.16223568487356,495.16223568487356,-0.028488842713670692,149281.52303067953,49387.23637859514,0.7514091469366192,11376,3701,104907.49674372925,0.0006698192894168642,0.027997142061315542,100.06698192894169,9988.773262375049,69.39788457473159,0
dodo-k1000000000000000000,787,10000,240.82960781020668,-240.78878263272458,240.78878263272458,0.040825177482105346,59736.177805169784,28836.124734539233,0.6744340622553948,4414,1704,45283.9217551476,-0.0005453992153074694,0.045993829523168016,99.94546007846925,10004.06804332708,102.25641890206818,0
dodo-k1000000000000000000,788,10000,534.2096140462073,-534.2515080215999,534.2515080215999,-0.04189397539255424,125764.2445892784,26030.47389036232,0.8285152859659368,9878,3251,93426.82118092812,0.000993180355245613,0.04196605078497001,100.09931803552456,10000.229762781144,76.4701005624904,0
dodo-k1000000000000000000,789,10000,552.2362190224679,-552.2120288216942,552.2120288216942,0.02419020077377354,119477.2769401864,45708.28971669426,0.7232912618107951,8698,2983,86530.99182791206,-0.003258714220119856,0.13797405045419595,99.67412857798801,10005.806455810627,45.19913850165597,0
dodo-k1000000000000000000,790,10000,756.0401570726647,-754.9857841755796,754.9857841755796,1.0543728970850452,177631.97549725405,70537.62735679389,0.7157684642051908,10667,3820,126683.79293686293,0.005549319080852655,0.083810760686045,100.55493190808527,9927.937698908903,107.42707785417099,0
dodo-k1000000000000000000,791,10000,662.6191304649315,-661.9028540816141,661.9028540816141,0.7162763833173358,85373.26141928772,41263.35322680544,0.674159378453675,4396,2132,69677.37314981112,0.003997457740890838,0.19572188183064937,100.39974577408908,9961.944826472632,79.51436980792685,0
dodo-k1000000000000000000,792,10000,293.06839247793465,-293.07858701758164,293.07858701758164,-0.010194539646988687,101032.63414327627,32513.182897481438,0.7565391143059275,8139,2778,72857.19333023143,-0.00089824588670524,0.030739925249591665,99.91017541132948,10011.684583622216,107.75392412089055,0
dodo-k1000000000000000000,793,10000,624.8612858459535,-624.5443223221432,624.5443223221432,0.3169635238102728,139215.2916419613,75276.86002012725,0.6490460865965921,8869,3395,102570.60065777741,-0.0004606860467136187,0.08869373903611959,99.95393139532864,10004.727018584254,90.0232238598749,0
dodo-k1000000000000000000,794,10000,576.4896778758574,-576.2672637513264,576.2672637513264,0.22241412453104203,135252.36668768007,49492.584915908126,0.7321031807023037,8646,3353,100636.75121657587,0.002285877754962513,0.060690912869909255,100.22858777549625,9976.928444012026,75.5775003864907,0
dodo-k1000000000000000000,795,10000,228.76448387877878,-228.87817414530502,228.87817414530502,-0.11369026652624825,73955.22713094951,34615.96470906858,0.6811680509128433,5075,2003,57244.60608069945,0.0005194466779428808,0.019306594879254676,100.05194466779429,10002.287983713237,101.23265814628994,0
dodo-k1000000000000000000,796,10000,631.899966787807,-632.1351174076271,632.1351174076271,-0.2351506198201605,149845.7581832817,34728.064778135165,0.8118472911221291,11368,3696,106905.76420675,-0.0015239396144671956,0.06715017826847784,99.84760603855328,10015.252647487747,44.766029147773274,0
dodo-k1000000000000000000,797,10000,158.74480203604503,-158.50204675710987,158.50204675710987,0.2427552789351637,47372.75772399144,18232.410607891823,0.7220888068504336,4666,1519,34924.921175958756,0.005535089334409662,0.05507951553737527,100.55350893344097,9966.840965346411,48.03513720874063,0
dodo-k1000000000000000000,798,10000,698.7160905272228,-698.6634366983891,698.6634366983891,0.05265382883374059,147014.40310057512,29960.714243020342,0.830706628746843,9151,3347,109446.51763481843,0.00017134288814304454,0.052283600184822344,100.0171342888143,9996.767645062846,94.88059338914263,0
dodo-k1000000000000000000,799,10000,391.58480504047077,-391.3885601725079,391.3885601725079,0.1962448679628892,118893.01653169718,32470.972319055305,0.7854775593217734,9679,2997,84782.2219505984,-0.0037750223166491993,0.059606761448508364,99.62249776833508,10053.313222120014,129.93298697183545,0
dodo-k1000000000000000000,800,10000,297.0473609679269,-297.1250200534191,297.1250200534191,-0.07765908549220057,66756.55921023925,12777.440925875037,0.8393461801995655,4990,1852,51912.4610983887,-0.000983101955562944,0.04033517665190658,99.9016898044437,10007.534623931477,77.59413458054722,0
dodo-k1000000000000000000,801,10000,699.4385993136985,-699.4320173233878,699.4320173233878,0.006581990310792207,170281.1845573011,73147.8584238495,0.6995105533503924,9763,3861,125128.11831022757,-0.0001114098663616403,0.049975534884136155,99.98885901336384,10000.78419811424,104.84914144142202,0
dodo-k1000000000000000000,802,10000,470.8954370303944,-470.8657166762842,470.8657166762842,0.02972035411022489,127910.62013883793,62552.71289393236,0.6715760881745684,8622,3223,93328.14132674174,0.004432948620431603,0.040963201383193565,100.44329486204316,9967.896727416402,87.95038740837605,0
dodo-k1000000000000000000,803,10000,611.9550379960822,-611.7383194871854,611.7383194871854,0.21671850889674715,164245.29402429768,48943.48784049275,0.7704218420295027,11354,3768,115960.84695996043,0.00048826677305171986,0.03820846214289105,100.04882667730517,9993.766452989059,89.95941612798795,0
dodo-k1000000000000000000,804,10000,160.94799270834116,-160.9324231532924,160.9324231532924,0.015569555048756456,65906.55276901263,26628.73937999189,0.7122315306779051,7251,2072,45625.66358937077,-0.0008802555767732656,0.021894927579379556,99.91197444232267,10008.646103492652,97.2363674029311,0
dodo-k1000000000000000000,805,10000,305.7328905412861,-305.84317921139336,305.84317921139336,-0.11028867010725207,102682.05616267797,26452.5564902948,0.7951551799564264,9799,2512,69328.88577086543,-0.0011747936193037844,0.030305045035102864,99.88252063806962,10023.853447947273,119.2981378612403,0
dodo-k1000000000000000000,806,10000,186.33075434015765,-186.3128254811558,186.3128254811558,0.0179288590018416,59369.55115682244,30057.9505810559,0.6638847111131541,6042,1760,41499.15445524078,-0.00007033367063513651,0.03941220430285938,99.99296663293649,9996.777162084902,75.48629317156421,0
dodo-k1000000000000000000,807,10000,308.9937206226395,-308.96098001934763,308.96098001934763,0.03274060329187023,83518.5405160684,23664.46221321873,0.7792144126341727,6619,2282,62490.008414321055,0.0010056419705190933,0.04120391859154836,100.10056419705191,9992.696535417004,99.07495247045713,0
dodo-k1000000000000000000,808,10000,366.6912735569305,-366.70668752903777,366.70668752903777,-0.015413972107239715,71820.68171244719,32827.5245436105,0.6863059031964034,4389,1924,57834.18444551088,0.000005279027588045438,0.06332212091072463,100.0005279027588,9999.97401876355,99.8784555894213,0
dodo-k1000000000000000000,809,10000,1403.515835183075,-1403.5158754979823,1403.5158754979823,-0.00004031490720990405,173425.70602060284,40918.2549491562,0.8091000335907332,7362,3389,140480.02727702528,0.0034902522513826284,0.09821577272571076,100.34902522513826,9971.013554247198,98.84999152418169,0
dodo-k1000000000000000000,810,10000,420.09614748951407,-419.84091592298995,419.84091592298995,0.2552315665241167,113776.37400994364,67821.16746649079,0.6265303653612964,7194,2883,84801.80258097779,-0.002766669221142024,0.030293983104077854,99.7233330778858,10052.134551451281,110.90749740308672,0
dodo-k1000000000000000000,811,10000,1044.1825335456724,-1044.577031348635,1044.577031348635,-0.3944978029626327,206405.87761401752,43783.386804196016,0.8249989386794463,10109,3738,155793.52493328476,-0.0030077655790714175,0.050096988143550764,99.69922344209286,10005.299157985064,186.54067034309261,0
dodo-k1000000000000000000,812,10000,265.7316254195222,-265.73150420579276,265.73150420579276,0.0001212137294146487,62781.11094720632,13782.984741045482,0.8199810940474493,4167,1736,51010.900166751206,-0.0004881468792055443,0.037472937820871695,99.95118531207945,10005.1608785997,99.1449253962304,0
dodo-k1000000000000000000,813,10000,152.49652316872127,-152.53026649003456,152.53026649003456,-0.03374332131329538,46433.372643000606,17191.472731907234,0.7297993789909131,3640,1278,35465.568661948106,0.00036463267359522435,0.03464161990087078,100.03646326735952,9993.184459271086,176.8947872540809,0
dodo-k1000000000000000000,814,10000,205.78220666697766,-205.85905181346897,205.85905181346897,-0.07684514649130847,52967.139449544185,10931.709559761126,0.8289216514968964,4451,1485,40263.12093814353,-0.0007475442530173381,0.03244686155644658,99.92524557469827,10006.161858223237,62.71693477351568,0
dodo-k1000000000000000000,815,10000,245.02688062890024,-245.0051625260976,245.0051625260976,0.02171810280265163,60972.734307335304,25680.15501676852,0.7036434074261712,4437,1800,47062.361118852285,0.00002757067683134551,0.03409136256158447,100.00275706768313,10004.1239920478,77.68030596446827,0
dodo-k1000000000000000000,816,10000,817.2552849305085,-817.9460268183933,817.9460268183933,-0.6907418878847693,119839.03290755703,34666.422371151086,0.7756297840188406,6400,2827,96103.55760732516,0.0008136398865264028,0.10107764935512492,100.08136398865264,10009.741896216385,64.61531201975052,0
dodo-k1000000000000000000,817,10000,180.81817203119627,-180.82545550576728,180.82545550576728,-0.007283474571011084,76630.91606857291,19399.327740438788,0.7979873113826427,7078,2165,54855.01903583814,-0.0006955265082405049,0.016193624077442195,99.93044734917595,10009.534028548484,129.80734167473219,0
dodo-k1000000000000000000,818,10000,341.2451129208976,-341.25176784538314,341.25176784538314,-0.006654924485530955,117310.02060868009,31762.89679761748,0.7869304676512914,9595,3064,82453.42410844764,-0.00020702588920741506,0.02445080747242315,99.97929741107926,10001.58648624103,98.4871648904089,0
dodo-k1000000000000000000,819,10000,541.6376064521808,-541.5901157031725,541.5901157031725,0.047490749008261446,149215.01487318196,69581.42389047061,0.6819810035133452,9404,3643,107099.34558462173,0.00014685875247863578,0.050935164637423466,100.01468587524786,9996.71172373855,78.1946351444569,0
dodo-k1000000000000000000,820,10000,707.2479671580891,-707.2501824878653,707.2501824878653,-0.0022153297762770308,151614.05417148906,26508.35425798277,0.8511790038563348,9679,3504,114078.29282275627,0.0006672730081105271,0.06820476419055041,100.06672730081105,9993.76601075973,100.49189058316097,0
dodo-k1000000000000000000,821,10000,802.9556187836132,-803.3225234059702,803.3225234059702,-0.3669046223569694,155057.9167422354,80993.17697131496,0.6568828566005258,8398,3488,115340.4515717953,-0.004549256356820592,0.09220481004481812,99.54507436431794,10034.140611280665,96.39702422755052,0
dodo-k1000000000000000000,822,10000,271.9134754919991,-271.80305744153645,271.80305744153645,0.11041805046266973,73624.89922326262,18125.11698364207,0.8024510759456622,6216,2172,55716.16027108799,-0.0000409335467465155,0.04754597756007726,99.99590664532535,9999.260319213729,84.97408078309397,0
dodo-k1000000000000000000,823,10000,888.0714394244991,-888.2501989596119,888.2501989596119,-0.1787595351128175,172689.28429993475,32568.167395478707,0.8413301581673761,10912,3759,125993.90442060598,-0.00009880116931881844,0.07737427696706974,99.99011988306812,10011.33481113728,97.60021019536488,0
dodo-k1000000000000000000,824,10000,248.76556965202832,-248.7197452499353,248.7197452499353,0.04582440209301808,61157.40345613811,14149.231958022407,0.812111749778668,4942,1768,46686.10396567173,-0.00158954769037976,0.04573129648830644,99.84104523096202,10012.91927340511,86.78164772720766,0
dodo-k1000000000000000000,825,10000,399.3950013239229,-399.361021616814,399.361021616814,0.03397970710886966,99642.89523564628,40410.63049880554,0.7114629547032895,6555,2622,75633.41532241555,-0.0018181409853731622,0.04369282759345808,99.81818590146268,10018.28561508012,102.54219046099887,0
dodo-k1000000000000000000,826,10000,909.8122023843802,-910.1279538095653,910.1279538095653,-0.31575142518511257,140646.19861094194,40855.251924970165,0.7749039922031561,7715,3118,110315.08921973666,0.0012491213996111128,0.10157717706724043,100.12491213996111,9994.271796082248,85.45788929678895,0
dodo-k1000000000000000000,827,10000,489.85406162652123,-489.8631641406402,489.8631641406402,-0.009102514118978888,104328.84734402302,38724.48241472713,0.7293003771388378,5302,2323,83141.52007878051,-0.0008983348596953533,0.043999583574214254,99.91016651403046,10006.884613225408,160.70313852432446,0
dodo-k1000000000000000000,828,10000,390.68628166180093,-390.16100329057815,390.16100329057815,0.5252783712227824,101154.21864980352,40753.17157977243,0.7128185395148028,8109,2673,72101.49633924679,-0.0002999791279582098,0.068115547856558,99.97000208720418,9997.541504777917,75.19124874910781,0
dodo-k1000000000000000000,829,10000,495.0334499970985,-494.95569395118036,494.95569395118036,0.0777560459181359,116058.47795628005,17597.826294069153,0.8683352319759868,7071,2708,89176.64844070816,0.00017260621175040568,0.031045443340339318,100.01726062117504,9995.412579342892,122.83687938068753,0
dodo-k1000000000000000000,830,10000,205.71072025402847,-205.75304578032888,205.75304578032888,-0.042325526300402316,95452.93679549894,37969.42384043439,0.7154193370626927,9015,2467,63394.880267464854,0.0000652227606238398,0.015181558187324385,100.00652227606238,10000.629490190486,112.94110362518128,0
dodo-k1000000000000000000,831,10000,671.3487222545249,-671.3807093070315,671.3807093070315,-0.031987052506565306,102152.2335544177,54765.39629201337,0.650992712892681,5400,2541,82539.38382013388,0.0009153045983009634,0.08223490730511586,100.0915304598301,10015.033310715366,51.688097046321765,0
dodo-k1000000000000000000,832,10000,602.3979347546548,-602.4402466150259,602.4402466150259,-0.04231186037111456,176573.4023262413,109705.51440781076,0.6167880063982316,10216,4050,125535.48772506163,-0.0009257826720882179,0.028890074054141193,99.90742173279118,10007.817316466675,91.85844630659516,0
dodo-k1000000000000000000,833,10000,496.9661975675812,-496.7021647035831,496.7021647035831,0.26403286399812487,112961.66707523409,79227.92762083608,0.5877616176561087,6523,2762,85854.76632981401,0.00023050526124123393,0.05563315545063048,100.02305052612412,9997.107657649458,104.45568928617625,0
dodo-k1000000000000000000,834,10000,896.8342988764314,-896.4164739661836,896.4164739661836,0.41782491024775936,167041.9719162522,46790.22804411918,0.7811824970570821,9869,3789,124811.12799418226,-0.009989049488014956,0.055659314139874565,99.0010950511985,10048.814528224297,46.10246177590722,0
dodo-k1000000000000000000,835,10000,793.603440645657,-793.8454142695183,793.8454142695183,-0.24197362386132681,106576.9021457634,34637.674256176455,0.754716013468843,5971,2649,84207.51324771521,0.0012432193001831139,0.18395419540501223,100.12432193001831,10000.783981411416,34.93327604732511,0
dodo-k1000000000000000000,836,10000,802.500999463603,-802.5081376537319,802.5081376537319,-0.007138190128898714,195722.7128665138,82068.59313048897,0.7045674527647944,10996,4255,141377.96159996837,-0.0005311921309584022,0.03624192680528978,99.94688078690416,10005.190382235665,90.85752508151614,0
dodo-k1000000000000000000,837,10000,365.0861491297467,-365.001324639939,365.001324639939,0.08482448980765867,91034.85753028058,27157.46471827402,0.770226490167756,6246,2412,70578.17521220645,-0.00334876253834409,0.02705846984911858,99.66512374616559,10030.670900330295,91.23673533614378,0
dodo-k1000000000000000000,838,10000,199.20248183669477,-199.15792746300792,199.15792746300792,0.04455437368685011,52234.230993496865,16076.66952835725,0.7646544049991849,4789,1635,39161.34853184118,-0.001899984739859093,0.037818102647868695,99.81000152601409,10014.967367011279,60.250967028008056,0
dodo-k1000000000000000000,839,10000,403.47532562801297,-403.5227065544641,403.5227065544641,-0.047380926451126015,65335.62596727304,18558.88470372099,0.778783086577587,4129,1771,53943.49452483741,-0.00023952818683753207,0.07307439880319493,99.97604718131625,10004.382234241839,108.29122919939262,0
dodo-k1000000000000000000,840,10000,262.52981862272446,-262.48384926469436,262.48384926469436,0.04596935803010638,73279.3071337823,12803.95598241719,0.8512607965948762,6652,2097,53904.33257055813,-0.00046744426380698203,0.04909576241991573,99.9532555736193,10001.381555598178,71.96154163648174,0
dodo-k1000000000000000000,841,10000,320.2029003654321,-320.35118051409296,320.35118051409296,-0.1482801486608878,90570.37214554004,56697.90874938459,0.6150025762177646,5575,2385,69166.98639170466,0.00006929335454614716,0.03216146061834749,100.00692933545461,10014.421550304107,100.83021057413497,0
dodo-k1000000000000000000,842,10000,971.1225382978993,-970.4966808491301,970.4966808491301,0.6258574487691249,191852.1587538192,109233.81981473143,0.6372005752839756,11251,3998,134725.4375520747,0.00007244638438692164,0.09613606464930655,100.00724463843869,10002.2980195513,104.82636872516866,0
dodo-k1000000000000000000,843,10000,241.33585826742691,-241.42416139716613,241.42416139716613,-0.0883031297392165,71499.74745270258,39070.79672722211,0.6466437149513836,5477,2021,53620.15981709162,-0.00017833381917782277,0.044718030947779826,99.98216661808222,10002.927719526098,90.99599602018608,0
dodo-k1000000000000000000,844,10000,591.7635391423444,-591.8134431903841,591.8134431903841,-0.04990404803970705,155595.65178867555,67071.27657652246,0.6987820460408998,8900,3506,114280.83456012451,0.00010695454873584254,0.027431613792685994,100.01069545487358,10004.122445577874,130.21283471593298,0
dodo-k1000000000000000000,845,10000,1021.7113215932143,-1021.2706563743901,1021.2706563743901,0.4406652188241651,178633.60816474503,50725.52679466631,0.7788379922009953,9513,3666,136307.93792982053,0.00041660772256946644,0.05854086861407765,100.04166077225695,9998.158362981707,86.84440521727163,0
dodo-k1000000000000000000,846,10000,1369.0054601096629,-1368.1242127469895,1368.1242127469895,0.8812473626733208,213387.04323474973,90266.50475642133,0.7027319280358091,11349,4329,155496.22560588797,0.0018151799188406415,0.15523982915064663,100.18151799188406,9997.293051150067,86.26568770451667,0
dodo-k1000000000000000000,847,10000,262.837333058234,-262.8876531075613,262.8876531075613,-0.050320049327297056,91820.66792030487,25946.75062976611,0.7796780217379531,8992,2545,63385.14383000065,0.0020240416322815234,0.03574561778390873,100.20240416322815,9986.552508633591,101.68714168473659,0
dodo-k1000000000000000000,848,10000,578.9700490671049,-578.9071300940369,578.9071300940369,0.0629189730680082,136658.12018719446,63114.42945202402,0.6840685591388495,9155,3396,99863.23898206624,0.00000444594463260728,0.04983092912660481,100.00044459446326,9996.66496029644,86.78353724731187,0
dodo-k1000000000000000000,849,10000,500.1936041182688,-500.0642938384267,500.0642938384267,0.12931027984211596,94290.03084039279,42765.535909939805,0.687969362179621,6387,2495,73122.35016365137,0.0028294610890388584,0.11909201380315423,100.28294610890389,9997.311711476208,48.957746823523024,0
dodo-k1000000000000000000,850,10000,145.13675213701822,-145.10530555458234,145.10530555458234,0.03144658243587628,51803.607494643504,14759.295190212044,0.7782654512515709,5364,1595,37413.29159545752,0.0038243371219569156,0.01884290635163552,100.38243371219569,9977.316890850201,67.06723239911757,0
dodo-k1000000000000000000,851,10000,924.779003440425,-925.0313663214317,925.0313663214317,-0.25236288100677484,143414.5983614457,32926.70971665019,0.8132785217739906,7915,3171,111779.45675339585,0.002240163317783583,0.08610616013812575,100.22401633177836,9985.917175683784,82.33778507966863,0
dodo-k1000000000000000000,852,10000,455.1060301770647,-455.26371823975194,455.26371823975194,-0.15768806268721391,111128.50999693849,58937.26991698385,0.6534442734639823,5898,2559,86296.01604475373,0.00035272641437344987,0.04857709761204518,100.03527264143734,9992.282969262382,88.6748237802902,0
dodo-k1000000000000000000,853,10000,195.30942266460994,-195.30049259318304,195.30049259318304,0.008930071426902941,78781.22530083155,26447.508088345654,0.7486664788548544,8075,2199,54324.398525503995,-0.0004028411451503189,0.01753755990872236,99.95971588548497,9997.417851400745,148.30004310935598,0
dodo-k1000000000000000000,854,10000,603.3788424887252,-603.4315059697751,603.4315059697751,-0.05266348104987628,139076.12062519384,29279.836127907514,0.8260837531822697,9655,3319,101896.55935850176,0.00043387445003361335,0.048210709301206404,100.04338744500336,9997.273419362788,91.36150052574122,0
dodo-k1000000000000000000,855,10000,652.2193165966278,-652.2230248756531,652.2230248756531,-0.0037082790253180065,190565.3555651199,82466.2536976841,0.6979607821953429,10249,3873,135973.92208530736,-0.00007636522503545962,0.036186567123258725,99.99236347749645,9996.126368977086,198.6265803228232,0
dodo-k1000000000000000000,856,10000,466.5837613573646,-466.7988827008381,466.7988827008381,-0.21512134347347,85814.56764348387,44934.48423784996,0.6563303244551867,4680,2263,69137.06564282498,0.003765458968716047,0.08149099662623228,100.3765458968716,9977.534371148093,67.00186336323387,0
dodo-k1000000000000000000,857,10000,448.72086039550265,-449.8228913069809,449.8228913069809,-1.1020309114782663,80977.63116185428,38654.294459623874,0.6768898079771103,5178,2174,62318.4521951236,0.006876022549825365,0.10993228067109755,100.68760225498254,9986.917014919429,60.32203024469303,0
dodo-k1000000000000000000,858,10000,275.81523786351426,-275.8142571058279,275.8142571058279,0.0009807576863636314,91519.04151320965,33591.28151979317,0.7315067157892948,7778,2610,65184.03265920313,-0.001531021816774114,0.04687116296984783,99.84689781832259,10008.215667736476,77.63671165355022,0
dodo-k1000000000000000000,859,10000,785.4089935310043,-785.0647285438857,785.0647285438857,0.34426498711854947,189582.99562057696,92663.9856723004,0.6716918450364351,9989,4079,138556.57198763124,0.00432624833580519,0.03563595620757127,100.43262483358052,9959.388706761682,80.30670692604882,0
dodo-k1000000000000000000,860,10000,340.59263574582985,-340.7153499727503,340.7153499727503,-0.12271422692043643,108803.64089300719,35457.58010744007,0.7542126715582829,8682,2638,76133.15045385162,-0.0002693335455089141,0.0445055331165284,99.97306664544911,10016.62174914547,197.45107031287412,0
dodo-k1000000000000000000,861,10000,520.6373461768402,-520.5938781319074,520.5938781319074,0.04346804493275158,96456.17220913855,15180.349359916127,0.8640198642294129,5378,2392,78669.30996458333,-0.00005425720469403927,0.042022876950429264,99.9945742795306,9998.724597476577,101.3932377875106,0
dodo-k1000000000000000000,862,10000,722.8147718715272,-723.0366767070776,723.0366767070776,-0.2219048355503901,161183.63771156073,65507.74221559934,0.7110267614205351,9690,3499,117624.96239554105,-0.0002875236830008987,0.05615904684416165,99.97124763169991,9999.503783230428,57.60465136755883,0
dodo-k1000000000000000000,863,10000,423.37459588223913,-423.30957527591204,423.30957527591204,0.06502060632709572,107540.36877820408,34203.00586067677,0.7586976749508353,6794,2580,82349.22116933035,-0.00015965725996878178,0.05373592791286882,99.98403427400312,10000.265047607598,145.07392197208722,0
dodo-k1000000000000000000,864,10000,261.55540624564395,-260.5471949931507,260.5471949931507,1.008211252493254,89873.4401937524,24134.417378264578,0.7883091754178501,8635,2536,62328.30432657333,-0.013285408317695441,0.031639933258305886,98.67145916823046,10053.490477742598,46.03179362892335,0
dodo-k1000000000000000000,865,10000,294.56581555480614,-294.658665334054,294.658665334054,-0.09284977924784243,82186.95170793314,26123.246671655597,0.7588108316439149,5482,2096,62276.588625769204,-0.00019544678510158064,0.02328409728441599,99.98045532148984,10018.541272698625,122.21216496178592,0
dodo-k1000000000000000000,866,10000,147.40105665832712,-147.3217457108047,147.3217457108047,0.07931094752242984,56206.22614346421,22027.88535837732,0.7184363069316789,5334,1675,40237.028206251576,-0.0004202911736869908,0.023353086325844003,99.9579708826313,9996.437156000717,108.47222454667182,0
dodo-k1000000000000000000,867,10000,804.4884062532656,-804.6564766829615,804.6564766829615,-0.16807042969594477,147137.49982977277,42762.57133283838,0.7748154012210935,7721,3278,113544.0208458115,0.0002741135364095726,0.06036668711204115,100.02741135364096,10002.383775982931,94.5777182947253,0
dodo-k1000000000000000000,868,10000,206.31890206108207,-206.3207512526784,206.3207512526784,-0.0018491915963352312,69162.30291440565,23073.19092038214,0.7498447727540676,5182,2053,52835.26432645351,0.00004694183394391871,0.022916296379258797,100.00469418339439,9999.643147069713,99.10295489690044,0
dodo-k1000000000000000000,869,10000,277.54835568855503,-277.6815886042579,277.6815886042579,-0.13323291570287665,66930.830106725,17558.76822539321,0.7921783441747249,5109,1878,51579.204043609214,-0.001903617859491078,0.03450620166196885,99.80963821405089,10018.105827246674,80.18677816515901,0
dodo-k1000000000000000000,870,10000,265.2460543067237,-264.9972317074326,264.9972317074326,0.2488225992910884,59860.41848752253,17913.23585698634,0.7696747567288371,4031,1624,47959.048678898034,0.0039057727394171595,0.033632799378546706,100.39057727394172,9956.187786903274,105.06790297340291,0
dodo-k1000000000000000000,871,10000,176.19030307178699,-176.04876498192732,176.04876498192732,0.1415380898596652,54994.020639302566,25980.85186590485,0.6791492093521475,4217,1483,41418.54338761048,-0.00015418471389452292,0.02284644582061688,99.98458152861055,9999.532046850187,162.52717894192187,0
dodo-k1000000000000000000,872,10000,768.9422310012185,-768.3391874265338,768.3391874265338,0.6030435746846479,126107.36874135354,36553.004000156376,0.7752802149405853,7323,3056,98233.97492433465,0.003985832353162237,0.12724069657335435,100.39858323531622,9979.620013123897,46.93697407140254,0
dodo-k1000000000000000000,873,10000,794.0207212055166,-794.0195070409457,794.0195070409457,0.0012141645709107252,153856.76345209935,49079.89772601613,0.7581516447491999,7990,3454,120997.2699885913,0.00081542029958527,0.04891484754623747,100.08154202995853,9992.611540897758,98.61261982968234,0
dodo-k1000000000000000000,874,10000,378.72799866749665,-378.6033813393921,378.6033813393921,0.12461732810453441,82677.08624622399,29158.393889779054,0.7392742101672962,5176,2146,65792.9866560202,-0.0007615516360758079,0.04998049631951531,99.92384483639242,10007.664156978084,103.32487417824419,0
dodo-k1000000000000000000,875,10000,698.8496700464378,-698.5576132774605,698.5576132774605,0.2920567689773179,147383.27573134584,62349.50349669408,0.7027193187150673,8161,3473,112125.09131733136,0.0002841415727446872,0.061551098002683914,100.02841415727447,9994.847304907586,86.56645037972162,0
dodo-k1000000000000000000,876,10000,761.8917471965575,-761.6807672140693,761.6807672140693,0.2109799824881975,174424.32973914387,67278.076552246,0.7216491238769986,10622,3951,126528.39802078567,0.001082240059944297,0.04373190458758842,100.10822400599443,9985.621712058748,85.52460096449374,0
dodo-k1000000000000000000,877,10000,580.1962586850864,-580.6703924058575,580.6703924058575,-0.4741337207710785,104685.34169625021,40606.87811950213,0.7205158117138244,5561,2574,83899.85333555982,-0.0005484369924641896,0.05545788872260573,99.94515630075358,10008.917085596002,70.11026216843064,0
dodo-k1000000000000000000,878,10000,560.6935849459765,-561.1484806022246,561.1484806022246,-0.45489565624814077,106956.24869131687,38158.79551303918,0.737044524072207,5713,2571,86012.79863133532,0.0002617496636175076,0.04887062918645583,100.02617496636175,10002.647741786992,99.63650055586174,0
dodo-k1000000000000000000,879,10000,950.0852498541866,-950.2280544954496,950.2280544954496,-0.14280464126295556,212703.7298904842,81934.50938880263,0.7219148825039742,10553,4188,157452.6666447818,-0.0005210116732973801,0.03408854743306548,99.94789883267026,10005.798960635566,106.96298308753185,0
dodo-k1000000000000000000,880,10000,388.4940678636469,-388.4990465516735,388.4990465516735,-0.004978688026596956,103438.0295116838,28712.68452417237,0.782727738297488,7271,2655,76659.97402272507,-0.00003088198391765218,0.04167113323461919,99.99691180160823,9999.802526014912,105.03268926818903,0
dodo-k1000000000000000000,881,10000,1239.3529633926837,-1239.340057302764,1239.340057302764,0.01290608991962472,183217.8513329031,48047.311151960224,0.792241465875324,8447,3823,144105.9165603444,0.00034147879856021745,0.106890467126171,100.03414787985602,9994.627328605338,79.91864952698177,0
dodo-k1000000000000000000,882,10000,294.55578041207843,-294.7342330439873,294.7342330439873,-0.17845263190883998,90953.62209091395,32810.88032699114,0.7348926413795014,7699,2498,65106.600278255166,0.0012685535918149071,0.03642064065529041,100.12685535918149,9986.765127191486,92.96718688283305,0
dodo-k1000000000000000000,883,10000,324.5554060131998,-324.61685394831954,324.61685394831954,-0.06144793511975877,91257.32156212226,23081.049758464935,0.7981338242631668,8389,2539,65333.01069229429,0.0007068303838192947,0.06249335839445663,100.07068303838193,9999.982369702455,57.866316955603345,0
dodo-k1000000000000000000,884,10000,541.2292799416002,-541.2477979427334,541.2477979427334,-0.018518001133202233,108903.13710519044,20069.682342456803,0.8443882794188003,6493,2549,86484.15297722908,-0.0003058217928224849,0.0420020943018406,99.96941782071775,10010.925080646795,171.72152903121366,0
dodo-k1000000000000000000,885,10000,237.40975495174055,-237.40143272263774,237.40143272263774,0.008322229102816436,74642.54274401668,33323.42821859762,0.691352488923231,5605,2210,57181.58526961878,0.0006286246309468879,0.024282753878806743,100.06286246309469,9994.107833362443,95.93368572207761,0
dodo-k1000000000000000000,886,10000,1026.406003301717,-1026.360677712884,1026.360677712884,0.04532558883306592,195314.55337491227,73790.61963023564,0.7257926378515807,10721,4108,143185.1472697371,-0.0027795820366672786,0.06513449537072064,99.72204179633327,10033.303901031808,98.39244390078188,0
dodo-k1000000000000000000,887,10000,221.47860949884432,-221.61927349405047,221.61927349405047,-0.1406639952061539,63577.02000017668,14182.860713248258,0.8176069641166561,5308,1759,48223.86746252303,0.000000747481882115153,0.035229760454188866,100.00007474818821,10000.963539592509,150.83631635609953,0
dodo-k1000000000000000000,888,10000,449.2399585776283,-449.1285226583764,449.1285226583764,0.11143591925184637,130616.10132146763,22685.685141565875,0.8520194339220163,10975,3262,92202.24028638999,0.0021849557863031065,0.03838992481823695,100.21849557863031,9975.657264770818,101.32791616145774,0
dodo-k1000000000000000000,889,10000,364.3521846543478,-364.3458250776513,364.3458250776513,0.006359576696524982,111896.86128151897,59582.06889733718,0.6525400010649015,7510,2888,81748.83338863788,-0.00008066781666258294,0.024012712904637537,99.99193321833374,10000.127112769858,96.7181977662013,0
dodo-k1000000000000000000,890,10000,355.177249758279,-355.191534636008,355.191534636008,-0.014284877728982792,75204.94389189308,22855.646496533696,0.7669232215918705,4463,2016,61859.049976445196,-0.000585671454915797,0.04660438788902866,99.94143285450842,10005.27663001932,101.83985582112363,0
dodo-k1000000000000000000,891,10000,283.87103554064214,-283.78197951685405,283.78197951685405,0.08905602378808908,88437.95974129523,22257.658427547372,0.7989291826023497,8092,2275,62728.49826910163,0.004688364992116902,0.027391505330112267,100.46883649921169,9960.607108018594,97.39477003811395,0
dodo-k1000000000000000000,892,10000,225.81472513206464,-225.52670932822508,225.52670932822508,0.2880158038395564,68467.36060458227,22664.072583618778,0.7513034549032733,4760,1824,52204.98005598819,-0.0072261754128194865,0.0189536315308456,99.27738245871805,10069.984053299888,87.98773448184434,0
dodo-k1000000000000000000,893,10000,860.0073696676525,-860.1917834417484,860.1917834417484,-0.18441377409590132,205956.7147997059,76465.02555509725,0.7292523392178125,10547,4095,149634.87358250518,-0.0014964507659884418,0.06644936690213982,99.85035492340116,10029.178633757125,162.11446641430615,0
dodo-k1000000000000000000,894,10000,737.9816272415835,-737.9077698123009,737.9077698123009,0.07385742928261152,161379.5663182994,75537.83065524016,0.681163850269397,8854,3641,118991.74363031951,0.0002883682713070357,0.10063000434416196,100.0288368271307,9997.635843316062,103.80107120402114,0
dodo-k1000000000000000000,895,10000,553.0691687844576,-553.2680251202837,553.2680251202837,-0.19885633582612172,166202.76364373558,59510.388187117,0.736345056969859,10609,3534,116508.80757438167,-0.00029976805192717394,0.03949749401673728,99.97002319480728,10004.608648445725,152.32987369519603,0
dodo-k1000000000000000000,896,10000,234.44002022552365,-234.5207474536215,234.5207474536215,-0.0807272280978566,79839.23995691696,27827.64743816331,0.7415394081557255,7202,2343,57099.705871764134,0.0005646914754815669,0.03476960613209584,100.05646914754816,10002.52994614949,74.75278526739645,0
dodo-k1000000000000000000,897,10000,403.44152129336896,-403.5726123616772,403.5726123616772,-0.13109106830825112,101308.14989100372,34648.779403142085,0.7451488527798484,7863,2769,74099.47074682034,0.0014615608599734741,0.06208001883664082,100.14615608599735,9996.89729673755,61.66054881566218,0
dodo-k1000000000000000000,898,10000,357.270126694464,-357.1835702352176,357.1835702352176,0.08655645924642386,109847.37885910693,39401.80189352699,0.7359998782249152,9772,2903,75529.53178126631,0.0004873994159133588,0.04668007894060551,100.04873994159134,9986.98266490341,61.72752126679433,0
dodo-k1000000000000000000,899,10000,579.7167277632711,-579.571769607707,579.571769607707,0.14495815556415437,120428.91622033948,77301.81005721957,0.6090551452852638,8286,3343,88807.16309114281,-0.0007720606436886613,0.09055162492056638,99.92279393563113,9991.741787661931,48.27563102318908,0
dodo-k1000000000000000000,900,10000,374.3215125708577,-374.2703137500589,374.2703137500589,0.05119882079878835,124654.76212033136,50829.0545660003,0.7103490479874015,11328,3321,84734.08853551681,-0.00012153771498290666,0.05556756679971201,99.98784622850171,9998.343771228308,95.15456377734994,0
dodo-k1000000000000000000,901,10000,461.2011346919873,-461.10464720223536,461.10464720223536,0.09648748975195076,127732.72333585686,65647.91521639038,0.6605248813538603,9599,3376,89183.18780264216,0.0007984690500660463,0.043457748558340795,100.0798469050066,9983.655705849325,51.95977984924389,0
dodo-k1000000000000000000,902,10000,693.0469464559815,-692.6933412981989,692.6933412981989,0.3536051577825674,147951.95267266053,80571.11337757537,0.6474267794050009,9432,3609,107800.24833158817,0.00020003268413589125,0.11949738084991594,100.02000326841359,9995.088065759324,42.07959173122799,0
dodo-k1000000000000000000,903,10000,602.7717461213334,-602.7192809322092,602.7192809322092,0.052465189124177414,181563.6890861611,71611.94992318407,0.7171451795149187,11384,3739,127182.54451677024,0.0005614782937131224,0.030252634169956563,100.05614782937131,9992.530563167655,79.3553036882172,0
dodo-k1000000000000000000,904,10000,776.0676887865927,-776.0586720023475,776.0586720023475,0.00901678424520469,174065.43420042354,40610.51310627717,0.81082876952089,9967,3823,129657.5093313,-0.00003424204238172024,0.03858725090780396,99.99657579576183,9998.980875863464,103.56459739764196,0
dodo-k1000000000000000000,905,10000,463.0419640920153,-463.0217715039403,463.0217715039403,0.020192588075019557,129786.5951548281,73803.81008816013,0.6374887608280254,8302,3275,94047.66341251915,-0.0015179382877919068,0.030628983684866995,99.84820617122081,10014.440375639702,95.28967750177506,0
dodo-k1000000000000000000,906,10000,221.87931037598025,-221.88109817180901,221.88109817180901,-0.0017877958287613183,83045.83869252329,19227.730523185885,0.8119970714757014,7291,2032,57645.67544931212,0.000025065080547079787,0.028280868078582558,100.00250650805471,10000.365502895522,176.99047483532598,0
dodo-k1000000000000000000,907,10000,217.4419742277231,-217.52932500837392,217.52932500837392,-0.0873507806508087,68770.42412743845,33153.33689909762,0.674724160831682,5265,2010,51449.4948058158,-0.00027847847619611344,0.029268480579434736,99.97215215238039,9996.883345926486,116.46277568617353,0
dodo-k1000000000000000000,908,10000,485.90593818611904,-485.7495515895325,485.7495515895325,0.1563865965865716,120663.09963939899,41760.726167085646,0.7428903920977683,8368,2946,89443.28129462946,-0.0006669817654292843,0.04326990550603142,99.93330182345707,10003.619131683436,80.53688170807973,0
dodo-k1000000000000000000,909,10000,653.5691745038239,-647.1423539648348,647.1423539648348,6.426820538989091,123476.23712577185,36146.280063136146,0.7735514969961398,6768,2918,97036.79390097898,0.039395395285364995,0.05502653415323863,103.9395395285365,9746.875393738981,63.95569969304597,0
dodo-k1000000000000000000,910,10000,578.0232540392069,-578.0308371479696,578.0308371479696,-0.007583108762673874,170397.80357245402,82798.59905312775,0.6729866688684061,10369,3587,120668.17945003351,-0.0018252438396136484,0.050049233175571146,99.81747561603864,10030.79843846093,185.42967231080868,0
dodo-k1000000000000000000,911,10000,466.2464295254621,-465.92403014825896,465.92403014825896,0.3223993772031122,140263.39418114926,42895.554432668374,0.7658014814055757,11605,3406,96218.53964039167,0.005639717493636738,0.026578986295160548,100.56397174936367,9964.61503589865,52.93232788898077,0
dodo-k1000000000000000000,912,10000,865.177978251238,-865.5156120339047,865.5156120339047,-0.337633782666785,177417.00172033455,36237.634912268135,0.8303915352205445,9033,3540,134562.4968998469,0.004314180638044292,0.04199424393755805,100.43141806380443,9973.978934274222,134.0828478532055,0
dodo-k1000000000000000000,913,10000,371.1325724912951,-371.24417162225046,371.24417162225046,-0.11159913095536922,123255.06240474244,50831.56887692583,0.7080099229751796,9465,3104,86385.28168701111,0.002060126812235552,0.03461424493914365,100.20601268122356,9996.662326691267,74.17759602197118,0
dodo-k1000000000000000000,914,10000,262.61279218154397,-262.4938387153744,262.4938387153744,0.11895346616955749,84684.93127147773,37240.68809255483,0.6945622397753376,6938,2437,61529.83524867741,0.0002717161810323887,0.024061257786791117,100.02717161810324,9995.573959840485,80.71806694001118,0
dodo-k1000000000000000000,915,10000,538.6776690126339,-538.5408139621921,538.5408139621921,0.13685505044179536,131960.0362932354,51890.339735394424,0.7177577720737766,8620,3179,97070.0877152775,-0.0008356670964231227,0.05250481721789882,99.91643329035769,10002.921632901449,91.80961420802007,0
dodo-k1000000000000000000,916,10000,324.0225086529192,-324.3021239460502,324.3021239460502,-0.27961529313097344,74967.97194039817,24846.04208631858,0.7510766165593925,7241,2333,53955.49837262914,-0.00028990401309343384,0.07784385522068675,99.97100959869066,10016.153474669763,31.36505247600264,0
dodo-k1000000000000000000,917,10000,974.6434903689184,-974.4917828664521,974.4917828664521,0.15170750246625175,204545.31576401688,65588.5067043869,0.7571999459191806,11454,4080,145837.43655773072,0.0009989372467650525,0.04862705814194342,100.0998937246765,10001.437424942502,177.4678224861306,0
dodo-k1000000000000000000,918,10000,533.2411925321665,-533.6810715491737,533.6810715491737,-0.43987901700722887,80307.44858493736,25796.1365827737,0.7568778044398837,5252,2126,64010.2818134499,0.0001502755829751834,0.13812529941699098,100.01502755829752,10002.970154645076,114.53240818853689,0
dodo-k1000000000000000000,919,10000,767.7159495858635,-767.4589754271232,767.4589754271232,0.2569741587403769,157518.94122381197,28006.618877282795,0.8490417230810584,8881,3100,118278.68158168327,0.00007818974176458937,0.05509640125044285,100.00781897417646,9996.061994102709,224.58719251823345,0
dodo-k1000000000000000000,920,10000,345.6965565585946,-345.56062264136494,345.56062264136494,0.13593391722963588,79271.09410561337,16972.598307904056,0.8236497594566493,5935,2148,61436.34964992669,0.000890044479697849,0.05266666676909935,100.08900444796978,10002.169627541898,76.11630482573209,0
dodo-k1000000000000000000,921,10000,147.37038368563822,-147.31986875045746,147.31986875045746,0.05051493518075745,74249.61597067764,22473.380682031162,0.7676521462344315,7438,1816,49063.857046421785,0.0016611875549810407,0.013170154714671013,100.1661187554981,9979.645423098695,157.45369450939688,0
dodo-k1000000000000000000,922,10000,478.41167357083657,-478.4325101915454,478.4325101915454,-0.02083662070884884,102126.79877916617,38254.34919204281,0.727496535361796,5353,2499,82136.97040112015,0.000663457487547845,0.038137846344509396,100.06634574875478,9995.987525396535,94.81008829113199,0
dodo-k1000000000000000000,923,10000,653.9098922204464,-653.7826618027901,653.7826618027901,0.1272304176562784,139927.8585478685,38076.28352708259,0.7860932724191887,8483,3269,106956.5268087524,-0.000376129608905984,0.0666013478362477,99.9623870391094,9997.958275838288,110.38617493415198,0
dodo-k1000000000000000000,924,10000,159.25464572629852,-159.34470001266862,159.34470001266862,-0.09005428637010482,50794.63984301865,28135.877642700965,0.6435361310307968,4284,1548,37696.27685765327,0.000021289202472871693,0.04992914444070309,100.00212892024729,10003.193863560977,116.5546764444914,0
dodo-k1000000000000000000,925,10000,618.4109037756626,-618.9591178621912,618.9591178621912,-0.5482140865285601,96425.41699715008,24564.4409044928,0.7969710740179384,4902,2082,78729.9326174745,-0.001042918663984551,0.06003925645043452,99.89570813360154,10011.273966033408,91.18801028239726,0
dodo-k1000000000000000000,926,10000,266.4810286175414,-266.1640773906216,266.1640773906216,0.31695122691979805,77307.65229296502,32310.630900715467,0.7052441439570167,5716,2115,58426.207524573634,0.0004782140945449953,0.044285338353634955,100.0478214094545,9984.509115166848,103.07168258716703,0
dodo-k1000000000000000000,927,10000,424.09667069700924,-424.23253083395366,424.23253083395366,-0.1358601369444159,97826.84845959033,49001.38164376213,0.666267300169252,5498,2440,77086.94449577779,-0.0007482716514209642,0.03488052570134457,99.9251728348579,10014.144275532166,104.82748780615688,0
dodo-k1000000000000000000,928,10000,499.6256762351154,-499.64099408755,499.64099408755,-0.015317852434577617,84247.75416850315,22389.22416828538,0.7900425863758618,4497,2133,69537.4987975687,-0.00010180650720329254,0.10325783373281894,99.98981934927967,9999.553805679636,83.2080907777807,0
dodo-k1000000000000000000,929,10000,278.5227342797165,-278.5886602867898,278.5886602867898,-0.06592600707330121,79884.07578477016,38689.38407215443,0.6737095795396493,5034,1975,61872.84896764292,0.0000187761291562083,0.026913865270417857,100.00187761291562,9997.275401860128,127.89647149898721,0
dodo-k1000000000000000000,930,10000,308.4974020899661,-308.4429335887096,308.4429335887096,0.05446850125650826,113767.96808645233,39740.25827543011,0.7411196831774614,9603,2968,79922.35583768923,0.0003678957034117047,0.015968065212042575,100.03678957034117,9989.858747100254,110.88951471751186,0
dodo-k1000000000000000000,931,10000,325.69247272390686,-325.82893533004693,325.82893533004693,-0.13646260614007133,68977.96132649234,28560.592740733577,0.7071866298012893,3999,1840,56226.040379654485,0.0004933694282510714,0.04363898370318424,100.04933694282511,10003.439858293079,107.36776649630849,0
dodo-k1000000000000000000,932,10000,537.5464239276163,-537.5334344444851,537.5334344444851,0.012989483131150337,147334.60217601713,34786.37641809607,0.8089930293224303,10869,3533,105029.15432312498,-0.00003293335418376841,0.05886586795291521,99.99670666458162,10000.200110250897,101.02862854195298,0
dodo-k1000000000000000000,933,10000,884.0654950182925,-884.054659977189,884.054659977189,0.010835041103518961,191214.0524500985,51565.53609884841,0.787603494976464,9984,3709,142655.3694598846,0.0007262837695859048,0.051530383260637934,100.07262837695859,9998.168908646749,118.56551349852177,0
dodo-k1000000000000000000,934,10000,504.68321784922216,-502.48635951228823,502.48635951228823,2.1968583369339285,114189.62369258558,42337.437029685076,0.7295200150419657,7871,2867,83427.93487032413,0.00012862146977681731,0.14164939839913715,100.01286214697768,9989.362415248102,73.91346420600289,0
dodo-k1000000000000000000,935,10000,629.0874227627916,-629.5226723550827,629.5226723550827,-0.435249592291143,103122.20088786955,27401.782818665877,0.79006323557918,6389,2680,80874.76000040943,0.0015843218462580921,0.07846323262245662,100.15843218462581,10002.883331196868,60.009998089698215,0
dodo-k1000000000000000000,936,10000,83.9495936688405,-83.93763696178318,83.93763696178318,0.011956707057322546,38496.67858024367,19892.31526312994,0.6593139570705677,4065,1235,27054.677950826543,-0.0012576230832684132,0.02135551240418522,99.87423769167316,10014.979428289791,105.05855312620623,0
dodo-k1000000000000000000,937,10000,1020.8357999202636,-1020.2448715153289,1020.2448715153289,0.5909284049347434,162951.1172524476,60488.3554901737,0.7292852746754827,8143,3320,125250.00922178885,-0.0015335364767763337,0.0969215377706226,99.84664635232237,10014.47633270989,150.2718954070977,0
dodo-k1000000000000000000,938,10000,402.9670371149509,-402.8528883764344,402.8528883764344,0.11414873851651919,123284.18050624062,32158.164113158335,0.793118379731741,9473,2969,87447.61377470948,-0.00020742914742299945,0.027505123421020558,99.9792570852577,9993.742604190733,126.17586885449033,0
dodo-k1000000000000000000,939,10000,345.65481829796653,-345.6611235218944,345.6611235218944,-0.006305223927881798,113504.04477349445,45389.41855304424,0.7143405549681715,9389,3034,78671.53900026446,0.0004037632464167018,0.040282511915098664,100.04037632464167,9995.21926056786,101.06099073645629,0
dodo-k1000000000000000000,940,10000,404.26799358987984,-404.3811646166241,404.3811646166241,-0.1131710267442827,91126.133274461,29336.02445656358,0.7564710361401056,5770,2329,71470.3475017618,-0.000020822484644895665,0.033283639364267543,99.99791775153551,9996.246869647437,120.78313631376483,0
dodo-k1000000000000000000,941,10000,821.5302716820116,-821.7982551390604,821.7982551390604,-0.26798345704878557,175201.23063150057,53185.64842672357,0.7671247637077934,8431,3557,136074.96697615765,0.00021358937917284493,0.031299916251137885,100.02135893791728,10006.161174003655,169.26597924815883,0
dodo-k1000000000000000000,942,10000,892.7104851805798,-892.9051813006412,892.9051813006412,-0.19469612006139414,137527.67031172212,38846.128043837416,0.779751139874383,9405,3513,103379.35839713845,0.004021121776119543,0.12060974912139841,100.40211217761195,9987.257449106055,25.402786763145137,0
dodo-k1000000000000000000,943,10000,706.7794755458563,-706.6131292417843,706.6131292417843,0.16634630407190798,166224.6709668398,61283.980989970834,0.7306301080734076,11371,3925,117162.35374440563,0.000034607890892601745,0.11614578121653793,100.00346078908926,9997.153081144434,78.19488420272818,0
dodo-k1000000000000000000,944,10000,411.30490931551526,-411.3024341390963,411.3024341390963,0.002475176418954561,98490.18557437196,28632.51373941238,0.7747647438736565,6173,2514,76117.58644562248,-0.0008911455045186756,0.0377682036021001,99.91088544954813,9999.683323268924,79.20098667178127,0
dodo-k1000000000000000000,945,10000,161.48384071816176,-161.38282760147732,161.38282760147732,0.10101311668444168,54444.52524829037,13971.240332057137,0.7957891691550347,4193,1466,41716.744270244446,0.00006432071609566492,0.020095398900742082,100.00643207160957,10003.587895718094,173.7740876760304,0
dodo-k1000000000000000000,946,10000,371.5451111391178,-371.79455038358276,371.79455038358276,-0.24943924446495203,67223.10721674463,16958.998506322507,0.7985439024047186,4161,1808,55275.33799231032,0.002541247723459321,0.06579409097832567,100.25412477234593,9998.733755279874,52.164583536131765,0
dodo-k1000000000000000000,947,10000,509.65978914812496,-509.7552146270858,509.7552146270858,-0.09542547896086262,96681.00199108777,23845.589483771357,0.8021549502729831,5616,2431,77506.22231844511,0.00024679768015332113,0.04248191335818177,100.02467976801533,9999.146171295975,128.16906905538224,0
dodo-k1000000000000000000,948,10000,302.8421874069195,-302.86079094689075,302.86079094689075,-0.018603539971252303,64401.49317516767,23980.617206329396,0.7286711405416975,3920,1750,51822.15916189707,0.00045229471933055265,0.062076481769316134,100.04522947193306,9997.358363736397,83.92570193792658,0
dodo-k1000000000000000000,949,10000,1107.2169661861262,-1107.4121555637867,1107.4121555637867,-0.19518937766042654,177644.69119147822,75989.30906156646,0.700397781899297,9050,3847,133217.95293853365,-0.004975183284072671,0.0781166788612785,99.50248167159273,10024.136302564028,70.36953262042883,0
dodo-k1000000000000000000,950,10000,144.52377607772664,-144.48423186967855,144.48423186967855,0.039544208048084784,58140.88711270873,15584.336906823606,0.7886159436735685,5863,1864,42190.329247839436,-0.0019491059451205218,0.027285845245472444,99.80508940548795,10019.19351168276,98.44005129273961,0
dodo-k1000000000000000000,951,10000,613.9623985987963,-612.8796707037018,612.8796707037018,1.0827278950945356,128113.6682866321,23787.772438046544,0.8433999550987678,8588,2937,95148.96035130652,-0.0012492242514700535,0.07701071367321788,99.875077574853,9988.081119123313,148.9629282748829,0
dodo-k1000000000000000000,952,10000,456.23623116658763,-456.2288503973258,456.2288503973258,0.007380769261828846,146834.3615731951,43308.239772826404,0.7722328427914265,11663,3629,100233.30050252733,0.0005407545156938909,0.04324937981775463,100.05407545156939,9994.288304852449,98.64640832164508,0
dodo-k1000000000000000000,953,10000,303.86607357540186,-303.89023380409424,303.89023380409424,-0.02416022869238077,114775.09935028128,44632.96840812827,0.7200080959781054,10356,2981,75786.67346123181,-0.00010474318572022412,0.03116427585024596,99.98952568142798,10004.246531506986,119.56303624451994,0
dodo-k1000000000000000000,954,10000,262.71445572511135,-262.77128337645115,262.77128337645115,-0.05682765133980183,91017.52165284412,35787.11092045508,0.717777574886561,8165,2591,63038.2592434578,-0.000943223595391487,0.024329887513764987,99.90567764046085,10016.438077807,73.36659174298256,0
dodo-k1000000000000000000,955,10000,381.7897415400534,-381.59406443918135,381.59406443918135,0.1956771008720466,111820.31208293044,52714.8935691245,0.6796132878661758,8747,3027,79363.20337933488,0.0000208507387122836,0.03532237388333414,100.00208507387123,9992.778726070721,44.53245722914996,0
dodo-k1000000000000000000,956,10000,913.890539644127,-913.8694481109004,913.8694481109004,0.021091533226581305,216577.92236743687,100463.7757609588,0.6831212539106672,11621,4399,154608.1571293854,-0.0011329977456455253,0.06405110944897899,99.88670022543545,10011.957205528317,107.41825791751016,0
dodo-k1000000000000000000,957,10000,731.074339844956,-731.1115005503385,731.1115005503385,-0.03716070538257554,146454.3485002313,43090.601799330034,0.7726628869235048,11041,3580,104446.98738450908,-0.001324641299463849,0.10681856229907226,99.86753587005362,10006.483440715469,79.42004567793134,0
dodo-k1000000000000000000,958,10000,584.4117334048182,-584.2976162929416,584.2976162929416,0.11411711187656692,108414.85808874793,37839.17626117948,0.7412777265983278,6450,2645,84881.82090750546,-0.0011402977785338918,0.07760548088464446,99.88597022214661,10014.429853087317,103.19117791931505,0
dodo-k1000000000000000000,959,10000,535.154860415412,-535.1556288978344,535.1556288978344,-0.0007684824223588294,132786.06783451786,36983.6558630467,0.7821539962630142,10274,3238,95469.5928643396,0.0003529085996427739,0.041214363417594345,100.03529085996428,9986.426763119976,63.97954373227681,0
dodo-k1000000000000000000,960,10000,499.7857371926581,-499.6594675559992,499.6594675559992,0.1262696366588898,140786.3493717753,46087.506601455374,0.7533763812951056,9917,3412,101132.43173781173,-0.0019617934838962016,0.03196795081513329,99.80382065161038,10009.387050306526,80.69917607259077,0
dodo-k1000000000000000000,961,10000,111.27683577063665,-111.28306474903428,111.28306474903428,-0.006228978397629703,50280.769089640264,14755.782990704101,0.7731155401277237,5049,1458,35053.771893038785,0.0016586591542962026,0.017385937655903946,100.16586591542962,9986.958201854352,108.08405333850828,0
dodo-k1000000000000000000,962,10000,421.64599015886455,-421.5696742517359,421.5696742517359,0.07631590712867364,129458.32062969502,32246.383091774176,0.8005847551143752,10158,3249,91727.16698644892,0.002317360586012427,0.03603060840623016,100.23173605860124,9974.2899009201,113.53587072471963,0
dodo-k1000000000000000000,963,10000,411.3253436539193,-411.6988691317233,411.6988691317233,-0.3735254778040371,121602.69073997228,63402.300804403814,0.6572941071744226,9959,3205,83688.29219338669,0.0012620451747565654,0.05414878744162294,100.12620451747566,10002.811804664241,87.66726353746705,0
dodo-k1000000000000000000,964,10000,520.3940692740426,-520.9440067172949,520.9440067172949,-0.5499374432522472,130541.43658499658,30155.331459527624,0.8123463724474378,9638,3087,94636.92851535811,0.0044075934791924,0.058615991459120664,100.44075934791924,9999.502312680237,61.096299341296785,0
dodo-k1000000000000000000,965,10000,351.08049320714576,-351.0723383800706,351.0723383800706,0.008154827075145477,117597.2451622893,25291.318452989413,0.8229997012141209,9033,3123,85813.21508710811,0.0006270169011730786,0.020029616459104175,100.06270169011731,9993.464017889606,100.07319535446113,0
dodo-k1000000000000000000,966,10000,647.2378716607504,-647.2770241761093,647.2770241761093,-0.03915251535886455,150910.41378833738,39977.22390462383,0.7905719595685585,9044,3458,112377.13909919008,0.00063275292492321,0.037341057075651204,100.06327529249232,9997.094318204865,103.84998603647017,0
dodo-k1000000000000000000,967,10000,760.4100837211192,-760.8804176505278,760.8804176505278,-0.47033392940852536,115398.80212003163,40013.89581344628,0.7425313610437827,5643,2749,93828.43849940701,0.00017221603050401768,0.07625739892046796,100.0172216030504,10010.328530428193,83.88825720589213,0
dodo-k1000000000000000000,968,10000,1049.5723177606556,-1049.2096515182834,1049.2096515182834,0.36266624237214273,170051.29465864782,70460.4502038638,0.7070394618601995,8764,3587,129169.43408998036,-0.0010339728715987916,0.08036639429487238,99.89660271284012,10004.499923844167,92.76347330671241,0
dodo-k1000000000000000000,969,10000,531.8950611799829,-532.3590390740304,532.3590390740304,-0.46397789404750256,121988.66618964553,60340.84542210125,0.6690560683857295,8143,3213,90178.89060266575,0.002736016173651592,0.06335625456891605,100.27360161736516,10002.68675861572,62.133199381701424,0
dodo-k1000000000000000000,970,10000,479.51750518466275,-479.6715471225963,479.6715471225963,-0.1540419379335276,139264.9025372681,58533.71199282418,0.7040742063240332,7427,2992,104813.37557768411,0.000029646203644233536,0.021580893036974656,100.00296462036442,10005.1251071382,181.17236352138633,0
dodo-k1000000000000000000,971,10000,583.7136554994393,-583.6709088993409,583.6709088993409,0.04274660009832587,133022.79841214637,51012.05063284312,0.7228130927508591,7729,3187,100902.19594881492,-0.00028345752478315945,0.058237294614383615,99.97165424752168,10000.890010498215,108.39538477256826,0
dodo-k1000000000000000000,972,10000,176.00313738124547,-175.83424743269632,175.83424743269632,0.1688899485491504,59715.373672411864,25878.81597620194,0.6976568610271194,4372,1739,45008.07234767268,-0.00446336914316106,0.027651863046080506,99.5536630856839,10049.572742904018,110.90080125537601,0
dodo-k1000000000000000000,973,10000,636.6112278957114,-636.9254146913647,636.9254146913647,-0.3141867956533133,166201.2393997164,67326.95405987588,0.7116966775511602,11468,3741,117161.6604221671,0.00024777457495602564,0.0461399012764582,100.0247774574956,9998.435182455694,153.51238374577542,0
dodo-k1000000000000000000,974,10000,241.0060723713527,-241.10776518138252,241.10776518138252,-0.10169281002981734,79467.86945006545,23478.93421479372,0.7719313919524027,6598,2079,56557.142601549866,-0.0007177683468755447,0.022817375909734778,99.92822316531245,10008.492467991065,117.57216251344016,0
dodo-k1000000000000000000,975,10000,555.4687047103307,-555.658527445611,555.658527445611,-0.18982273528024507,87732.35390752382,31364.278427070843,0.73664848608855,4429,2117,71929.47429716574,-0.0015789333515226645,0.0575739673156788,99.84210666484773,10008.690710257473,64.16033880879931,0
dodo-k1000000000000000000,976,10000,289.4520014122897,-289.4548031249421,289.4548031249421,-0.0028017126523991465,86203.50649822206,20998.7016015167,0.8041206242507623,6339,2344,66017.00322229567,-0.000042625164207947816,0.02833051133404453,99.9957374835792,9999.893195073946,102.75298993868925,0
dodo-k1000000000000000000,977,10000,596.2856166774449,-596.0044381573529,596.0044381573529,0.2811785200919985,112587.6433580838,26584.81737531381,0.8089793251105879,6894,2628,86606.70392243899,0.00015928534420908135,0.09483617354691887,100.01592853442091,10004.127744053252,91.86459830000013,0
dodo-k1000000000000000000,978,10000,303.40465895674447,-303.3695607918133,303.3695607918133,0.03509816493118478,83728.90712821405,32070.758590164136,0.7230496444768727,8890,2738,58215.61003941301,-0.004855521431509118,0.15323943249826455,99.51444785684909,10010.017929580781,23.8162423587413,0
dodo-k1000000000000000000,979,10000,500.35668097376697,-500.5724181973923,500.5724181973923,-0.21573722362535364,135950.0694680276,55803.87529674662,0.7089818654567884,8704,3203,99552.99656723673,-0.0005634958948743929,0.033725698501470024,99.94365041051256,10009.16751698758,126.11982565019574,0
dodo-k1000000000000000000,980,10000,309.320482856937,-309.0920244301142,309.0920244301142,0.22845842682284,99369.9721033082,29224.699656557514,0.7727378649783333,9415,2615,68803.24753598227,-0.0011031393251560927,0.04864218261467115,99.88968606748439,10011.340126404175,113.32141015727349,0
dodo-k1000000000000000000,981,10000,679.4374682208022,-679.4134761371428,679.4134761371428,0.023992083659436503,142834.03716540174,39017.10089041249,0.7854448352232073,8621,3197,107539.72187625816,-0.0014987233867728377,0.06845453949054843,99.85012766132272,10010.42574291802,133.91110719652707,0
dodo-k1000000000000000000,982,10000,555.1661106469512,-554.9799101842959,554.9799101842959,0.1862004626552789,151192.323820731,48332.0855515204,0.7577635453046372,9949,3434,109880.73080680746,-0.0004618731851387281,0.05069948279060157,99.95381268148613,9995.073615275514,137.53453606259666,0
dodo-k1000000000000000000,983,10000,592.9430306075114,-592.2176663969476,592.2176663969476,0.7253642105638392,138780.57412487734,63324.844691098784,0.6866741868571163,7978,3405,105098.619477961,0.010586469556133267,0.06224808347097906,101.05864695561333,9913.267550193284,82.94149992009324,0
dodo-k1000000000000000000,984,10000,677.0404509041939,-676.9312578013909,676.9312578013909,0.10919310280303307,158448.31485247947,60985.53278282599,0.7220778223595536,7915,3386,120771.80211827991,-0.0034732419972455376,0.03324219653384532,99.65267580027545,10042.7545799275,132.2300375431944,0
dodo-k1000000000000000000,985,10000,500.0364397387315,-500.0736045193678,500.0736045193678,-0.03716478063631712,151190.09164042078,55509.895406462776,0.7314470300674375,10426,3671,107627.7168966458,0.00023204177813013872,0.029260777334448845,100.02320417781301,9999.04802691128,108.3868371185161,0
dodo-k1000000000000000000,986,10000,783.5836087478973,-783.4413368355852,783.4413368355852,0.14227191231213965,154092.56229130295,41501.8650166269,0.7878167308351309,8676,3428,116715.8876203223,0.0034419530177659395,0.04745509380516879,100.3441953017766,9964.2736102543,105.05371503082581,0
dodo-k1000000000000000000,987,10000,454.13167542764535,-454.2377123759979,454.2377123759979,-0.10603694835253918,99921.25653484839,47158.666197000515,0.6793670725338999,5466,2555,79446.75977785773,0.0029677419921019066,0.06074108619731021,100.29677419921019,9977.784103250091,94.71457169401732,0
dodo-k1000000000000000000,988,10000,761.7569638984446,-761.5242974023864,761.5242974023864,0.23266649605818657,184231.25408989473,71578.37777608262,0.7201888871268786,11606,4130,132754.17495932707,0.003688462786043658,0.05529467064365932,100.36884627860437,9961.296161882594,95.34830776808288,0
dodo-k1000000000000000000,989,10000,420.20747587909,-420.1526618278727,420.1526618278727,0.054814051217306314,116778.41544188415,80247.15428191237,0.5927069040104381,8120,3095,82818.83565217041,-0.0004297478337730354,0.06986517101334541,99.9570252166227,10001.82783040191,87.92640818545736,0
dodo-k1000000000000000000,990,10000,352.2079024814342,-351.9269459196419,351.9269459196419,0.2809565617922658,87240.86750466382,34837.26240336289,0.7146314214543655,5906,2379,67100.81261861506,0.0003449001287054898,0.05232421230063721,100.03449001287055,9995.22003158098,63.800433732442364,0
dodo-k1000000000000000000,991,10000,780.4214364639131,-780.8025246650269,780.8025246650269,-0.3810882011138119,190284.37375145845,90474.21935188815,0.6777508451234303,10140,3893,137459.80642354148,-0.0009273267659612827,0.06037061323319122,99.90726732340387,10017.999300600797,131.43011031994297,0
dodo-k1000000000000000000,992,10000,554.373637410047,-554.328547967945,554.328547967945,0.04508944210192567,162593.41401162822,88268.12280983927,0.6481400699037505,10534,3637,113317.38063889832,-0.0009056251643104929,0.035505192314392246,99.90943748356895,10000.068887697862,105.72201433928285,0
dodo-k1000000000000000000,993,10000,296.34426075484896,-296.11738355961836,296.11738355961836,0.22687719523059968,70588.29208751644,38870.88167665812,0.644882376324127,4261,1948,56730.023589070384,-0.003911236701432586,0.037593760853136045,99.60887632985674,10021.677788697098,64.12596545006191,0
dodo-k1000000000000000000,994,10000,576.6426501199181,-576.5283259550785,576.5283259550785,0.11432416483967245,161130.9108539656,87711.04940672193,0.6475230732195021,10057,3748,114130.41159775977,0.0010603002707462394,0.037254515122021985,100.10603002707462,9986.990820229923,104.93080575184041,0
dodo-k1000000000000000000,995,10000,1472.6804783181508,-1471.6828808168889,1471.6828808168889,0.9975975012619074,214452.45465993698,81954.98246982119,0.7235056472825822,10871,4237,159238.95589859874,-0.005334657581086617,0.07604938779497161,99.46653424189134,9988.411604705225,75.38367126263556,0
dodo-k1000000000000000000,996,10000,603.7220479163093,-603.4368637169914,603.4368637169914,0.2851841993178823,125032.30314777035,82371.55099333196,0.6028446465739619,7423,3102,94588.2367441072,-0.004601732395730522,0.07244812890687086,99.53982676042695,10034.838706183473,87.21507112732313,0
dodo-k1000000000000000000,997,10000,267.1658394002624,-267.23192175084074,267.23192175084074,-0.0660823505783128,81959.62970582125,37088.54092093662,0.6884576997220955,7050,2287,58745.411011606826,0.0006876015350492537,0.037658542228120664,100.06876015350493,9996.695386105426,107.08728473357351,0
dodo-k1000000000000000000,998,10000,535.6922250564159,-535.7089867663834,535.7089867663834,-0.016761709967568095,150056.05218024453,102038.68891770167,0.5952367412612679,9491,3690,107923.26873664821,0.00014902541593556862,0.03746735142482649,100.01490254159356,9999.97408561111,96.25685765340556,0
dodo-k1000000000000000000,999,10000,568.0804294946478,-568.1470196733179,568.1470196733179,-0.06659017867013972,102745.81516133204,30709.233743706318,0.7698908059630035,5289,2542,83695.75130166669,0.00011728277184005265,0.05227399111365827,100.011728277184,10000.975117891432,90.08787327790438,0
flashbots-c1,0,10000,430.5790111553422,-430.6031749375616,430.6031749375616,-0.02416378221943205,108325.95510684769,47807.726596019296,0.6938026050842723,6610,2917,84849.96114813004,0.0006124653201484876,0.02788430816793081,100.06124653201485,9991.84522809797,88.19719749066152,0
flashbots-c1,1,10000,151.4909989104158,-151.4668218408089,151.4668218408089,0.024177069606906798,39976.70152659496,18318.14132660097,0.6857673778668278,3814,1371,30547.68706314926,0.0008299674743702212,0.03749270814483126,100.08299674743702,9995.603909083084,51.02014315808477,0
flashbots-c1,2,10000,296.0660459150457,-296.03845856672257,296.03845856672257,0.027587348323152128,94931.51908437126,29907.348456408414,0.7604323954105165,7538,2706,70078.98149152298,0.0016121000228643823,0.03287476515211111,100.16121000228644,9983.593750685432,92.60684722629529,0
flashbots-c1,3,10000,211.8763552986217,-211.87590314496686,211.87590314496686,0.0004521536548338645,65154.69056283347,16806.105640548896,0.7949494585332574,5659,1844,48657.370298185175,-0.000874961848520428,0.04220084295988357,99.91250381514796,10001.450013303076,95.23520454777344,0
flashbots-c1,4,10000,317.38160231049113,-317.38990334979405,317.38990334979405,-0.008301039302921254,76471.4089160301,25812.877948339403,0.7476359395987414,4361,2011,62461.04600804819,-0.0000006197977253918907,0.03285849153898198,99.99993802022746,10000.579579524663,99.79690512669549,0
flashbots-c1,5,10000,385.9806363140019,-385.9726152264457,385.9726152264457,0.008021087556187467,106368.24489135687,39975.65210189322,0.7268375865121519,8455,2930,77509.11745055908,-0.00000070804455432949,0.02867204967216395,99.99992919554457,9999.55080548217,89.6630303027163,0
flashbots-c1,6,10000,321.4581696223179,-321.4001175381188,321.4001175381188,0.05805208419906194,105943.0627620462,23756.961386683637,0.8168314806214607,8900,2769,76447.2856276271,0.0004454370392768681,0.023336509220571174,100.04454370392769,9999.166655082532,112.87745809577848,0
flashbots-c1,7,10000,481.30429478979147,-481.3044601271116,481.3044601271116,-0.00016533732014067937,101536.71601322833,55437.52702362866,0.6468367934055772,5704,2539,79778.41959646506,-0.00019800551690494217,0.04458351721745075,99.9801994483095,10002.112111739734,99.57023518258744,0
flashbots-c1,8,10000,960.0536411141163,-960.5737493319664,960.5737493319664,-0.5201082178500656,190331.05351823496,89706.91691928274,0.6796615945361659,9571,3880,140675.65154398812,0.0016104659094125396,0.07350505877537898,100.16104659094125,9972.572069505499,118.34002263650147,0
flashbots-c1,9,10000,574.5235748496773,-574.7669885672245,574.7669885672245,-0.2434137175472415,144353.83244209446,60793.32409074567,0.7036599233535376,8935,3315,104215.59690327902,-0.0004607059455756257,0.03332258860283588,99.95392940544244,9973.96769267924,153.7840946317001,0
flashbots-c1,10,10000,521.4529952383668,-521.4493533656677,521.4493533656677,0.003641872699176929,122109.74048461122,33126.12835257774,0.7866077691920522,7491,3052,94255.19617760819,-0.000002404198936432067,0.05459026384619094,99.99975958010636,10000.401274676677,101.48687291166948,0
flashbots-c1,11,10000,596.2183712861466,-596.1709855997157,596.1709855997157,0.047385686430970964,113765.65565939138,32926.881893002435,0.7755381259169913,6096,2453,88954.61492652063,-0.0005003247872220129,0.07011754200121842,99.9499675212778,9995.038816151728,95.23554058680836,0
flashbots-c1,12,10000,1232.7411988338893,-1232.646396409287,1232.646396409287,0.09480242460222144,231531.031107865,71257.58337361195,0.764662276038219,11561,4520,169621.60271552953,-0.002840771441991734,0.0660382490082995,99.71592285580083,10027.652275106346,101.37104955938125,0
flashbots-c1,13,10000,639.7994332390166,-639.8163660445969,639.8163660445969,-0.016932805580267996,178166.22613295834,108992.82006342581,0.6204444139681148,10234,4067,129300.77883503793,0.0000036496253254370004,0.03269303311831493,100.00036496253254,10000.43640244595,100.44654210855664,0
flashbots-c1,14,10000,330.804006161972,-330.6716910391718,330.6716910391718,0.13231512280020752,78879.91725362843,55612.972967615075,0.5864987890725628,6210,2470,58266.3603699362,0.0017668404712816255,0.045912379218333396,100.17668404712816,10000.128913618932,62.80895993167865,0
flashbots-c1,15,10000,536.561187839591,-536.4943317823522,536.4943317823522,0.06685605723873778,126161.44979381975,79577.3725574972,0.6132116843674165,7236,3103,95250.28567505472,-0.0012962228340596483,0.040942065866929056,99.87037771659404,10015.250951674907,92.84026173414608,0
flashbots-c1,16,10000,1516.2083268175807,-1515.102948737364,1515.102948737364,1.105378080216724,173761.34581450367,82978.95558539407,0.6767980907830036,9293,3893,130470.57828934348,-0.000002959421180719346,0.19863442418601948,99.99970405788193,9983.96566441424,33.40793782367383,0
flashbots-c1,17,10000,310.72647783250363,-310.84140391005155,310.84140391005155,-0.11492607754792061,99927.98854988223,21856.779028316807,0.8205294515647666,8552,2604,71581.13877211088,0.0000021004719678785478,0.024824371238764513,100.00021004719679,10003.103730817738,139.045628647001,0
flashbots-c1,18,10000,1268.5283582436375,-1268.4994737144352,1268.4994737144352,0.028884529202287013,212381.25122350137,62373.10837748853,0.772985919247762,10252,4140,160385.97051492208,-0.000005512919197911969,0.057789885144484715,99.99944870808021,10002.272482458238,93.76140412178559,0
flashbots-c1,19,10000,360.3740511944129,-360.23641520929806,360.23641520929806,0.13763598511485498,110541.30559864399,25161.17901663726,0.8145857160392486,10176,2703,76680.9063445957,-0.0000007481373525308754,0.04990179401252732,99.99992518626475,9999.516550386003,112.35294496405139,0
flashbots-c1,20,10000,383.81373260820453,-383.85630870703307,383.85630870703307,-0.042576098828533304,111208.47262933572,75228.31107782281,0.596494266946881,7891,3023,79323.49939366884,0.00000004204479964187158,0.04033002978430431,100.00000420447996,10008.019792823137,96.08783510341532,0
flashbots-c1,21,10000,888.9760863692759,-889.3786574840973,889.3786574840973,-0.4025711148213986,168492.2746626974,73066.32574217863,0.6975213235226887,8806,3634,127109.00933325833,0.000003289504660415332,0.08194094283239878,100.00032895046604,9982.184635864736,66.664639588171,0
flashbots-c1,22,10000,763.0341747572702,-764.9881189947524,764.9881189947524,-1.953944237482233,117760.92719729214,33200.666982987736,0.7800720960634586,7346,2736,90961.5583899287,0.002250939775097152,0.12977734442022168,100.22509397750972,10007.318137964014,57.98358028671422,0
flashbots-c1,23,10000,809.9116385833576,-810.5541443649734,810.5541443649734,-0.642505781615796,169160.2772320924,33040.01889703461,0.8365975741403715,7799,3036,130524.69198451684,0.0004318025985001839,0.04599555814479828,100.04318025985002,9964.75637093919,163.8063401131231,0
flashbots-c1,24,10000,427.26446610026954,-427.3699751506223,427.3699751506223,-0.10550905035273672,157597.46328018088,52184.94854939388,0.7512424988621618,10452,3100,111084.0458193174,-0.00000012583038042635052,0.021909208608055907,99.99998741696196,10001.800227448522,179.83882562108087,0
flashbots-c1,25,10000,485.7339899628391,-485.91033390700716,485.91033390700716,-0.17634394416808163,128379.4977773504,54706.26218885008,0.7011987049186709,8649,3181,93707.75640666424,-0.0001266065294989005,0.03601060602679041,99.98733934705011,10007.187306080556,91.09577641654727,0
flashbots-c1,26,10000,805.884032734185,-805.9493905545263,805.9493905545263,-0.06535782034131898,142615.8456458163,34244.25873811385,0.8063765773666175,10122,3721,105517.45336918859,-0.006048610399865453,0.04901810568430136,99.39513896001345,10054.133798420458,48.704627688688795,0
flashbots-c1,27,10000,254.99081376682395,-255.0927079685031,255.0927079685031,-0.10189420167915841,68775.00196164126,28963.907270416767,0.7036604204201954,4782,1842,52921.12247894472,0.0013363112114255671,0.031190576561730268,100.13363112114256,9988.93184821836,84.40924722637783,0
flashbots-c1,28,10000,219.99416133392774,-220.08578735715844,220.08578735715844,-0.09162602323070246,83964.71188269039,22176.000930934137,0.7910697945860453,4741,1740,65208.53632549962,0.000051093121565060075,0.01793275243806889,100.0051093121565,9996.358213202855,205.51212060341794,0
flashbots-c1,29,10000,636.4228125798404,-636.3483360514746,636.3483360514746,0.07447652836583529,127079.5552605066,51294.99967429822,0.7124309591519579,7786,3201,96578.14293458615,0.003925914944091034,0.05900156066210713,100.3925914944091,9963.296088572864,86.58439095986556,0
flashbots-c1,30,10000,523.7512102796799,-523.6728892829494,523.6728892829494,0.07832099673044013,100955.95318026353,30850.09393312035,0.765943258228645,7134,2796,78126.5461930927,0.000002445741612575603,0.07565018558763655,100.00024457416126,10005.608158555136,52.14392420479111,0
flashbots-c1,31,10000,632.8453637076125,-632.72343134076,632.72343134076,0.12193236685243392,151244.88513837507,77759.78278195344,0.6604445512481592,10045,3628,107506.42008823606,0.0007767462499023736,0.049323541251312976,100.07767462499024,9994.255283529175,110.67588266666739,0
flashbots-c1,32,10000,307.5007317630676,-307.4658860936212,307.4658860936212,0.0348456694464403,103436.02729751944,22417.024316991978,0.8218793741636441,7681,2310,74913.1589932026,-0.0006846918370307265,0.041205663089262004,99.93153081629693,10019.914431071737,150.5462407016785,0
flashbots-c1,33,10000,426.0090705127669,-426.01773564716433,426.01773564716433,-0.008665134397404017,85415.74194631395,31824.83916585763,0.7285509943403576,7439,2666,62999.37672500509,0.0005422401294937629,0.0605188895140509,100.05422401294938,9999.521600462629,65.08150843612081,0
flashbots-c1,34,10000,536.954242928332,-536.9377674242439,536.9377674242439,0.016475504088020898,136001.13996795076,41181.42543866776,0.7675763112236241,8631,3292,101607.30041325727,0.0008558822683478695,0.036558065395019386,100.08558822683479,9990.754196213878,101.14182694135982,0
flashbots-c1,35,10000,438.51984189200186,-438.6588175908946,438.6588175908946,-0.1389756988927502,112878.10175648832,46982.43887810839,0.7061035907197443,11062,3210,76937.14344875576,-0.000004219622451415717,0.06418959879480297,99.99957803775486,10019.239328548583,48.53289564999783,0
flashbots-c1,36,10000,527.3856371871077,-527.3937544326192,527.3937544326192,-0.008117245511471083,162659.7330082485,52951.73889772549,0.7544113101699097,11530,3855,114211.28996316984,0.000771100832900089,0.03055455735981212,100.07711008329001,9996.961622711762,93.57010798548743,0
flashbots-c1,37,10000,218.66448749422437,-218.7143138208797,218.7143138208797,-0.04982632665533515,71669.17640865134,32770.99170354999,0.6862223386279529,5490,1928,52653.506280727786,-0.0000010790534379623295,0.025156421928952427,99.9998920946562,9993.243463723255,120.57881934574904,0
flashbots-c1,38,10000,425.8650609380847,-425.8815572656376,425.8815572656376,-0.016496327552886214,73370.34770041521,15376.693449725442,0.8267357057717403,4300,1991,60613.72584441715,-0.0008845856129380536,0.05172425382799716,99.9115414387062,10008.699445610193,71.98237568592819,0
flashbots-c1,39,10000,479.97589610953406,-479.9757426782104,479.9757426782104,0.00015343132366751888,119141.00153405777,43992.357501451064,0.730328868592258,8664,3158,87688.15199372394,0.000007968486150247145,0.03474779594782845,100.00079684861502,9990.053338656775,63.832420655588194,0
flashbots-c1,40,10000,297.9287697012955,-297.93099956583865,297.93099956583865,-0.002229864543153326,84337.98891745538,50686.10604789811,0.6246143618966384,5585,2376,64351.18671584158,-0.000142926723521839,0.05039034023896789,99.98570732764782,10002.336867069258,103.824823994845,0
flashbots-c1,41,10000,405.723371098882,-405.76200143417475,405.76200143417475,-0.03863033529273707,160249.7318662482,68532.73398472954,0.7004458635856746,10874,3363,109064.666899799,-0.00027367638418823503,0.023141346732451922,99.97263236158118,10013.066300959623,123.15711283826744,0
flashbots-c1,42,10000,433.4823489772905,-433.58501548712263,433.58501548712263,-0.10266650983214731,108788.92618979483,36864.56154596014,0.7469023082177066,5910,2590,84979.33147923797,-0.0004534358645253178,0.07318141973387356,99.95465641354747,10004.332569966484,131.86361333046014,0
flashbots-c1,43,10000,1003.3118832009247,-1003.2634120760325,1003.2634120760325,0.04847112489221672,192213.61409165245,76038.94535900459,0.7165397209453602,9293,3880,145961.5586695593,0.0010218548071134136,0.0507478414413049,100.10218548071134,9987.20406819568,104.65399671555824,0
flashbots-c1,44,10000,331.6626627417633,-331.65207291276033,331.65207291276033,0.010589829002981332,79550.16391986785,30039.41697899837,0.7258916702426302,4105,1870,64726.43539705769,-0.0004296924015862658,0.027879750278368077,99.95703075984137,10005.44793071775,202.93007228776162,0
flashbots-c1,45,10000,638.738577601242,-638.6907819500773,638.6907819500773,0.0477956511647335,167832.87683458204,39021.89633142254,0.811356074920704,10925,3857,122483.11637478923,0.0017304389370502804,0.05373804540434889,100.17304389370503,9983.95023305604,102.2127090536692,0
flashbots-c1,46,10000,1171.9837473688676,-1172.1367064659153,1172.1367064659153,-0.152959097047642,223237.10597151847,73038.51169879863,0.7534778181440743,11054,4451,164414.66300572234,-0.00000018027572892265198,0.07499123420443311,99.99998197242711,9997.665886556153,102.77217781739873,0
flashbots-c1,47,10000,775.2637843516441,-775.3269993912515,775.3269993912515,-0.06321503960748487,156050.54507751125,81269.33382471348,0.657553618345658,8182,3628,117897.27344724155,-0.0000055441205130080106,0.06857380857725857,99.9994455879487,10003.318121770591,79.6674381363814,0
flashbots-c1,48,10000,528.0644675111423,-528.2322877748962,528.2322877748962,-0.16782026375392434,103044.13219471098,39167.18900489368,0.7245845923200482,6416,2692,79533.06120493592,-0.0001469555376536391,0.06870615455210156,99.98530444623464,10002.767724546127,70.09697829734397,0
flashbots-c1,49,10000,293.6677743731652,-293.66635401921593,293.66635401921593,0.0014203539492427808,119056.58537348013,47823.2733988654,0.713426930303764,10493,3086,79323.34798168876,0.0003608708759624335,0.027605191825311834,100.03608708759624,9996.330674820843,126.28308410483056,0
flashbots-c1,50,10000,521.5089087041706,-521.5193960703094,521.5193960703094,-0.010487366138818288,87308.33461624788,36005.3308694499,0.7080183228060325,4227,2041,71679.34203369888,-0.0000018304988346073968,0.10088058232134386,99.99981695011654,9992.740102800062,97.35866611043825,0
flashbots-c1,51,10000,411.21040369245526,-411.1261253164995,411.1261253164995,0.08427837595576193,104871.52321830529,41747.572460070514,0.7152651074069633,5751,2455,82392.76092254266,-0.0008206945382862329,0.028808085029441058,99.91793054617138,10014.645721694123,117.11257224741712,0
flashbots-c1,52,10000,563.7007074874941,-563.8094538240146,563.8094538240146,-0.10874633652042576,114591.41773857699,25719.787581217253,0.8166947000234424,5953,2549,92549.6367530546,0.0002302335197835248,0.037560081930975715,100.02302335197835,10018.397550898479,125.65909739566708,0
flashbots-c1,53,10000,451.7116585921875,-451.6244726716068,451.6244726716068,0.08718592058073682,84797.05830397079,51065.080389548566,0.6241404641454803,6145,2649,63986.144476807036,0.0028701488252514196,0.05634976102078795,100.28701488252514,9992.625579172945,41.85639581894704,0
flashbots-c1,54,10000,280.73175354970147,-280.5935430325088,280.5935430325088,0.13821051719264688,59731.71509975117,16831.12150984695,0.7801659100528029,5427,1868,46151.090737813094,-0.0000011236978441786504,0.06462528804475795,99.99988763021558,9993.840167695009,50.51369382026857,0
flashbots-c1,55,10000,676.47872494713,-676.4009330911988,676.4009330911988,0.07779185593119564,154590.83220772407,94546.17002213206,0.6205053076182442,10130,3937,107845.06735687792,-0.0032750131641587645,0.06128615543091243,99.67249868358412,10029.14437590318,60.546112460192404,0
flashbots-c1,56,10000,383.2181470322024,-383.6751166137717,383.6751166137717,-0.4569695815692967,79623.42024417408,27015.313240156807,0.7466650966543378,5087,1984,62303.43072546206,0.00000013536047660522854,0.05138020592191822,100.00001353604766,9990.186022094855,146.04832612510074,0
flashbots-c1,57,10000,604.7956263509947,-604.6029488853925,604.6029488853925,0.19267746560217347,127278.1135460687,33749.83304813811,0.7904100886712028,8798,3231,94361.47109159165,0.003142008515195016,0.05018052118691941,100.3142008515195,9976.849905835717,77.67038526056504,0
flashbots-c1,58,10000,622.4564854267425,-622.2544162594683,622.2544162594683,0.2020691672742032,125013.70841012936,90385.75225473125,0.5803807865825524,7622,3293,94042.30567343181,-0.0004663850141650983,0.05121920381469096,99.95336149858349,10005.989465461318,72.28276224227757,0
flashbots-c1,59,10000,727.3765004334934,-727.3812468878217,727.3812468878217,-0.0047464543282558225,123736.75531070762,35138.94754296233,0.7788274297969494,5879,2781,100880.29181398687,0.000000052672868946501696,0.06380510870261787,100.0000052672869,10000.817738719148,97.70721160064947,0
flashbots-c1,60,10000,347.1512760982797,-347.3211086912497,347.3211086912497,-0.1698325929700104,115129.35650059834,44775.169843004915,0.7199881024831535,10740,3056,77837.84001472125,0.0000042939787931572935,0.03615401018418354,100.00042939787932,10004.994209830904,92.56558696223887,0
flashbots-c1,61,10000,319.4220382483613,-319.41994421322335,319.41994421322335,0.0020940351379294952,87551.38369371231,24026.65136487984,0.7846650431488339,6180,2280,65812.34140277078,-0.0006130918696241849,0.037744991283148434,99.93869081303758,10007.20127603703,103.92595555353815,0
flashbots-c1,62,10000,298.9239355267046,-298.9713521773166,298.9713521773166,-0.04741665061197864,90138.01022258123,20301.558662071464,0.8161749555245441,6501,2306,68670.1630697296,0.0000013321734597582236,0.03986450152648985,100.00013321734598,10001.16609335781,137.42372466016568,0
flashbots-c1,63,10000,988.3908317401823,-988.3286388776655,988.3286388776655,0.06219286251678113,215433.79965623122,61112.49445589086,0.7790153194708384,11339,4285,155974.64121261088,-0.00025518388447693497,0.04640665396763694,99.9744816115523,10002.567654872042,98.96920325179053,0
flashbots-c1,64,10000,702.4315421482492,-702.6354418068987,702.6354418068987,-0.2038996586495614,133935.8742492031,80527.83306186175,0.6245153360840598,8862,3365,97942.63878552007,-0.0002958597756182257,0.088712317000995,99.97041402243818,10012.805624587641,74.15403615226887,0
flashbots-c1,65,10000,161.1430101222603,-161.1313921131994,161.1313921131994,0.011618009060896384,45993.80867005564,7719.554510898675,0.8562824211008281,4303,1391,35015.14475838856,0.000492908837422874,0.042849478850163505,100.04929088374229,9995.5073899919,102.73393851923394,0
flashbots-c1,66,10000,431.35332535253906,-430.41902117750965,430.41902117750965,0.9343041750294105,77244.36209576606,35328.69575141983,0.686170950429566,4047,2014,64151.45340192241,-0.009847557973022987,0.04036470856760815,99.0152442026977,10095.840934143054,94.85584061218105,0
flashbots-c1,67,10000,252.1489924817328,-252.14543823968552,252.14543823968552,0.0035542420472722824,71624.61675271558,36790.18033291914,0.6606535148162542,5619,2164,53978.22982212537,0.00002134094751696125,0.020217301000434985,100.0021340947517,10009.990447437525,72.42108641022617,0
flashbots-c1,68,10000,315.06575846173416,-315.0740732138797,315.0740732138797,-0.008314752145508919,101994.55415514011,39555.0693042161,0.7205568737130995,11012,2912,67323.30835174353,-0.00012058777333251669,0.0502575354744738,99.98794122266675,9993.008320352004,58.40932061697143,0
flashbots-c1,69,10000,600.6041577855075,-600.2827058820661,600.2827058820661,0.321451903441357,98996.99947386734,29329.631418069286,0.7714454808467024,5422,2243,78796.03657142511,-0.000002100972870522355,0.13214900910373076,99.99978990271295,9978.754285859675,134.91793217780622,0
flashbots-c1,70,10000,434.87027106998784,-434.6287607443811,434.6287607443811,0.24151032560672547,110760.24749713924,41466.74333131402,0.7275992706310309,7927,2995,83517.73337468393,0.003918040253704192,0.08616989700624714,100.39180402537042,9963.05112296962,94.92072900346442,0
flashbots-c1,71,10000,328.706567492554,-328.65423249338454,328.65423249338454,0.05233499916943174,91611.50677266871,37092.58038385882,0.711799514659177,7490,2735,67641.99493890017,-0.000002812974602761642,0.029382340823043477,99.99971870253972,9993.700124445984,68.45710391780875,0
flashbots-c1,72,10000,143.4086666993911,-143.39608541862728,143.39608541862728,0.012581280763811264,60539.454048340325,25032.37522505787,0.7074694389776273,6466,1899,41685.551148029044,0.0000011795295567651464,0.020531001241689637,100.00011795295568,10001.031624243511,96.37060832147118,0
flashbots-c1,73,10000,129.95744639493213,-129.96201438324198,129.96201438324198,-0.004567988309844395,44349.52313554142,15093.594676675602,0.7460833948118802,4295,1412,32431.161802992956,0.0005211517992350423,0.021632871431942674,100.0521151799235,10001.153867973026,100.67828776070691,0
flashbots-c1,74,10000,575.7174362884797,-575.7246261521996,575.7246261521996,-0.0071898637198728466,141473.6043947281,80154.82780523371,0.6383368911218263,9020,3520,103595.73229563027,0.0000035683054620960776,0.03898488849005972,100.00035683054621,9999.645367564779,95.90659946873016,0
flashbots-c1,75,10000,306.992462200708,-306.984440117824,306.984440117824,0.008022082883996973,115697.58754190712,33618.185902451805,0.7748517445480781,10771,2748,76464.33217489364,0.0008399469182482733,0.025988893444964845,100.08399469182483,9969.04687099827,91.22287163918266,0
flashbots-c1,76,10000,276.3188816401083,-276.27910076773895,276.27910076773895,0.039780872369362896,67352.77544511556,15947.869829319043,0.808550464683933,4377,1703,53118.40470309869,-0.0003066693220466732,0.030999182620797115,99.96933306779533,10000.348490546416,125.84233488930936,0
flashbots-c1,77,10000,308.28370604325943,-308.2415424199344,308.2415424199344,0.04216362332505241,71071.40561390485,24121.444995512004,0.7466044472763607,4252,1906,57094.08510689093,0.0006076294822162253,0.05466881061509994,100.06076294822162,9996.342414888131,95.62363522688833,0
flashbots-c1,78,10000,242.38059437564826,-242.3344156843873,242.3344156843873,0.04617869126096252,89240.77784823497,46092.126554023846,0.6594167046247584,8854,2441,59107.63248202245,-0.0013861063945714135,0.041783845047335434,99.86138936054286,10009.066767076645,84.69556416044391,0
flashbots-c1,79,10000,252.88377892646292,-252.83415489704765,252.83415489704765,0.04962402941526989,103767.60900753766,39013.66137344132,0.726759250219988,11116,2895,67033.46281551193,0.002103987778708358,0.039904637890592766,100.21039877787084,9978.989330269898,102.00281131785363,0
flashbots-c1,80,10000,221.0669970517662,-221.08819695159428,221.08819695159428,-0.02119989982807624,69278.4894097489,22522.598719015547,0.754658695467484,4956,1746,52684.530142349526,0.0000030081840385776106,0.022656050997548364,100.00030081840386,9996.618016776893,113.19352804042104,0
flashbots-c1,81,10000,199.18692538561933,-199.247176335274,199.247176335274,-0.060250949654658825,59736.98356185818,23329.467272221762,0.7191469355200824,5374,1820,43726.72752616763,-0.0003545160594507024,0.028038030466890688,99.96454839405493,9996.748845828988,74.05978472305385,0
flashbots-c1,82,10000,408.67332971260254,-408.7501497034528,408.7501497034528,-0.07681999085025382,122783.93867020523,43659.20675953955,0.7376929722950472,6950,2619,93920.41960945411,-0.0010813514951816218,0.030720129735675384,99.89186485048184,10030.939371829616,143.70313277411483,0
flashbots-c1,83,10000,287.4976266160123,-287.4953427440941,287.4953427440941,0.0022838719182232126,75397.84598558258,38079.54005161856,0.6644305849701632,5443,2041,56470.544779341326,-0.0010313235465521586,0.039639264857511736,99.89686764534478,10011.122647593704,91.19295798900148,0
flashbots-c1,84,10000,440.8482680162872,-440.9065518149788,440.9065518149788,-0.058283798691604716,151348.6434113126,70362.39549162764,0.68263918729626,9425,3322,107600.56339051732,-0.0007828334410910998,0.026733712199392842,99.92171665589089,10000.64907732675,140.58364303972618,0
flashbots-c1,85,10000,373.58448796544735,-373.54509416454994,373.54509416454994,0.03939380089741462,103276.16584333853,36947.84966958688,0.7365084038248703,7211,2602,76382.32741684078,0.0004866782247295021,0.03178500571775572,100.04866782247295,9994.785986313997,98.12149974691745,0
flashbots-c1,86,10000,741.9311123539507,-741.9371970150132,741.9371970150132,-0.006084661062573105,139169.81326660223,16583.112043571782,0.8935293702474778,8623,3099,106102.25040569522,0.00003697373701555762,0.07908436934555084,100.00369737370156,10001.22017548298,99.3576510960261,0
flashbots-c1,87,10000,959.9141255392869,-959.7823615649663,959.7823615649663,0.13176397432062004,192289.4179889514,105583.4408834588,0.6455419225398981,10381,4276,139558.1352186187,0.0003007736907393621,0.048534343724173964,100.03007736907394,9968.98084655095,60.98923060627165,0
flashbots-c1,88,10000,690.9652360276426,-689.4418656022749,689.4418656022749,1.523370425367716,133214.287270254,55752.87267927879,0.7049599904334244,7126,3134,104801.46492583069,0.00868371409768514,0.04380933460914775,100.86837140976851,9902.231293976623,144.27266168576583,0
flashbots-c1,89,10000,129.15278185409488,-129.15673506739913,129.15673506739913,-0.003953213304242809,55077.78217865936,28426.321053373835,0.6595817456492467,5726,1840,38172.91005821697,-0.00000040816045242308975,0.014731223518755172,99.99995918395476,9997.602376267312,82.74322143651109,0
flashbots-c1,90,10000,1028.5213421964102,-1028.5994869118374,1028.5994869118374,-0.07814471542724277,209588.87486764978,108344.08193936614,0.6592234947032226,11042,4402,150020.02680073184,0.0003664522635699541,0.06635965141417983,100.036645226357,9996.169706185898,89.13127481907044,0
flashbots-c1,91,10000,197.62124968396964,-197.57997522132533,197.57997522132533,0.041274462644310006,54114.24854975423,16946.455847862493,0.7615214204317562,4606,1692,41084.38491837265,-0.0008205356884884907,0.02545907299248782,99.91794643115115,10003.319017871738,90.47500892590769,0
flashbots-c1,92,10000,389.0606845376416,-389.1583750500102,389.1583750500102,-0.09769051236861515,99554.5252256492,27516.653078922496,0.783454805046594,8929,2736,71291.70216799063,-0.0013692750606988113,0.04271670183315607,99.86307249393012,10010.073749182882,46.34894965051198,0
flashbots-c1,93,10000,616.6873011256321,-616.6760564923055,616.6760564923055,0.011244633326555231,171816.8317672327,111349.35523609913,0.6067702983379546,10411,3915,120489.04677616886,-0.0005439498645129959,0.06397092525224451,99.9456050135487,10004.11778799802,108.74972911151411,0
flashbots-c1,94,10000,437.8004517774901,-437.7374611485493,437.7374611485493,0.06299062894078133,123402.85334864048,34098.70394169424,0.7835024330658682,8634,3097,91766.96032911271,-0.002224329708173798,0.03507169078586443,99.77756702918262,10015.86604711107,86.87945885007937,0
flashbots-c1,95,10000,763.9434788420447,-763.8266805366508,763.8266805366508,0.11679830539389968,165820.60565796317,84425.59829551724,0.6626298542725885,9089,3811,122596.82416038997,-0.0022788455255128783,0.044453905611791814,99.77211544744871,10024.029065943705,82.82845130071455,0
flashbots-c1,96,10000,344.0800452069373,-344.00022723587045,344.00022723587045,0.07981797106685917,94724.34341020905,31105.419814488152,0.7527975971873804,6894,2430,70986.2023669083,0.00043117861480183704,0.03035467287630766,100.04311786148018,10005.267777482619,101.89845176990846,0
flashbots-c1,97,10000,265.1600090455177,-265.1563169328685,265.1563169328685,0.0036921126492188705,67895.67499039041,29289.53738083362,0.6986214603415728,4587,2048,53759.53939337193,-0.00000138919191456921,0.028288083335374522,99.99986108080854,10000.531121588141,76.02099851722808,0
flashbots-c1,98,10000,429.7337299785663,-429.76942517911726,429.76942517911726,-0.03569520055094699,132738.2891091861,57931.72424013601,0.696167618481252,8970,3169,95478.97646149615,0.0005427867003125187,0.02562804625933481,100.05427867003125,10000.039023093677,115.97815055388776,0
flashbots-c1,99,10000,425.1731608758357,-425.0115492988563,425.0115492988563,0.16161157697939643,75953.73650962739,54396.9053232798,0.5826878597727991,4806,2352,60914.379823216455,-0.000002678270161453611,0.041500424524191004,99.99973217298385,9998.197378112305,56.70140573344945,0
flashbots-c1,100,10000,863.1337785093284,-863.27366040588,863.27366040588,-0.13988189655162842,193291.00681254812,80686.29132350674,0.7055000838666617,10792,4218,139964.09582698124,0.00032892194673181055,0.03788483322442431,100.03289219467318,10012.47592335004,104.02738870828291,0
flashbots-c1,101,10000,965.118664667259,-964.9617222576645,964.9617222576645,0.1569424095945351,165852.6239309176,49663.05405904333,0.7695617575378589,8601,3675,127615.22997403725,0.003958904719248721,0.0636924314254378,100.39589047192487,9967.296788659078,90.23761949204535,0
flashbots-c1,102,10000,636.548006585458,-636.4075758912431,636.4075758912431,0.14043069421484233,138196.3650049606,82728.0483943402,0.6255368652045857,9025,3645,101560.47663781492,0.00017934881207082754,0.04018694802780914,100.01793488120708,9992.887261405212,62.261355572996756,0
flashbots-c1,103,10000,359.96694410212535,-359.9825557926601,359.9825557926601,-0.015611690534740319,99089.51687900197,39646.28824113503,0.7142317500027935,8941,3049,70473.98451712512,0.00046599066651907604,0.024424762610759813,100.04659906665191,9983.932706157077,48.18442667012048,0
flashbots-c1,104,10000,288.6713598862163,-288.66606543673055,288.66606543673055,0.005294449485745645,71924.82046960175,20507.355283296914,0.7781361834636484,5457,2064,55790.08430907385,0.0004354981515290035,0.028467861158808175,100.0435498151529,9991.177667210908,95.58534366048933,0
flashbots-c1,105,10000,853.380608470103,-853.3689391997578,853.3689391997578,0.01166927034512355,184746.1065978597,61501.58351705299,0.7502450338179701,9404,3678,136146.1476071213,-0.0000011726141120504962,0.03733115756266642,99.9998827385888,9994.602176366787,126.3446173667896,0
flashbots-c1,106,10000,657.0393552712126,-657.3291991772805,657.3291991772805,-0.28984390606797206,159519.15742366746,42043.29361292041,0.7914130662893722,10437,3424,115961.9467642467,0.0000009734350304313465,0.0776089241794864,100.00009734350304,10017.930892342632,123.2856935857355,0
flashbots-c1,107,10000,665.7367843250231,-665.5973367103945,665.5973367103945,0.13944761462857969,85375.71463346154,23094.426563733607,0.7870895500933414,4271,1999,70493.89146905097,0.0009241006778339056,0.10143402580733352,100.09241006778339,9991.972087515278,112.59229413037767,0
flashbots-c1,108,10000,312.04215180488546,-312.02125514978786,312.02125514978786,0.020896655097601524,102775.65274986188,42022.40646163231,0.7097861208191074,8436,2789,73500.76355349463,-0.0000006954269713332906,0.043412028621931,99.99993045730287,10002.721059589281,98.97826851090687,0
flashbots-c1,109,10000,450.7792303429118,-450.8753634532659,450.8753634532659,-0.09613311035411698,122383.01939979312,48187.87603291784,0.7174906310324927,10265,3229,84228.10703601025,0.0013860181342039367,0.0462858653394548,100.1386018134204,9989.350099796455,78.35886006302351,0
flashbots-c1,110,10000,315.649631525023,-315.7439157651586,315.7439157651586,-0.09428424013560743,72962.079119221,24618.26359655276,0.7477128803671106,5358,2003,55950.87214328927,0.0010658533881340304,0.03973655385401372,100.1065853388134,9994.373318538796,97.06464735191683,0
flashbots-c1,111,10000,1408.694132488418,-1408.7199727145855,1408.7199727145855,-0.02584022616747461,245382.42407339532,77341.58308622522,0.7603475992786252,11667,4617,180182.0661478387,-0.00039536313497762877,0.07195331172408928,99.96046368650224,10010.325028267831,85.90060301799143,0
flashbots-c1,112,10000,264.01149441024677,-264.1149567139061,264.1149567139061,-0.10346230365934161,124156.51375703208,40334.24448261865,0.7547932484823575,11077,2557,79238.91494028097,0.0004116833896353,0.025986402012239153,100.04116833896353,9978.136572683428,231.81134331243595,0
flashbots-c1,113,10000,1452.3452293576177,-1452.1002293959514,1452.1002293959514,0.2449999616662808,240173.50735181881,74728.86570869156,0.762691957566379,11289,4512,178441.45560875762,0.00117134771159229,0.05470073112171647,100.11713477115923,10006.155816454046,116.02591753715777,0
flashbots-c1,114,10000,1013.037108013392,-1013.0735227562545,1013.0735227562545,-0.03641474286257562,152427.72636634603,33341.53273738279,0.8205217973186526,7681,3315,120852.1363607927,-0.0000018352973775392912,0.10787332526206825,99.99981647026225,9997.227778726783,94.79567510274329,0
flashbots-c1,115,10000,340.3286718626317,-340.35249206498935,340.35249206498935,-0.023820202357626385,107183.49819564508,26065.24309734428,0.804386571727296,7517,2529,78893.43037266945,0.0007742744004093538,0.019563291057835955,100.07742744004094,9993.99233219552,151.57175636232085,0
flashbots-c1,116,10000,1562.5650479813482,-1562.2811073430337,1562.2811073430337,0.2839406383145615,229288.78001769027,84781.18942052161,0.730056364280314,10991,4474,169627.39414773515,0.000007229742636525316,0.08163945071163382,100.00072297426365,10023.826223203509,88.85658903404455,0
flashbots-c1,117,10000,438.38998306158425,-438.6066968099268,438.6066968099268,-0.2167137483425563,172926.5180151549,43228.96095096104,0.8000098764198453,9954,3002,123747.57576482504,-0.0000010366834020203441,0.03012643276899283,99.9998963316598,9976.652106090327,223.81651361137108,0
flashbots-c1,118,10000,727.967017073894,-727.9648990696506,727.9648990696506,0.0021180042433570634,158970.0506526725,68866.08727718353,0.6977385242617423,8077,3565,122617.62468993096,-0.0000003946379651154075,0.03881155896596624,99.99996053620349,10001.198534211571,97.05795474736756,0
flashbots-c1,119,10000,314.41036165275875,-314.2139115076183,314.2139115076183,0.1964501451404317,141465.55326274797,39486.46731426138,0.781784877624747,11279,2898,94507.64418082888,0.002819074383551765,0.02345501400774367,100.28190743835518,9928.277977510743,228.41773225218557,0
flashbots-c1,120,10000,166.41100200748548,-165.8379763197343,165.8379763197343,0.5730256877511692,56026.03755697578,14340.22187231305,0.7962059943413141,4506,1633,42719.95790720246,-0.007383037090115892,0.025768387229522318,99.26169629098841,10076.623199175401,108.22252911637716,0
flashbots-c1,121,10000,517.9832233523879,-518.1198891871154,518.1198891871154,-0.13666583472752336,140250.92076932377,26468.69439877612,0.8412382707812258,10955,3273,98444.11319243291,0.0004878765730585144,0.029206017997669278,100.04878765730585,9987.056756572172,81.2835534671967,0
flashbots-c1,122,10000,246.77399526938515,-246.82094601475086,246.82094601475086,-0.04695074536570587,99184.60567376614,44925.74423359845,0.688254561435198,6459,2133,72251.93291186822,0.00017206820317937853,0.023239203948697735,100.01720682031794,9963.2675426271,162.68022996178323,0
flashbots-c1,123,10000,350.6906641364407,-350.81319379951765,350.81319379951765,-0.12252966307693214,128844.22502895772,42231.63565791586,0.7531408844687096,8350,2609,92360.40588794021,0.0005946702748184407,0.02704041156415016,100.05946702748184,9996.28352814979,201.07660064900926,0
flashbots-c1,124,10000,1143.17269000103,-1141.5134045324478,1141.5134045324478,1.6592854685823113,152343.327088391,84199.12756001961,0.6440422177694461,9558,3910,112549.18314455694,-0.0007143359950208605,0.12875538087664323,99.92856640049791,9997.572933205194,103.73932183511346,0
flashbots-c1,125,10000,174.23461833752717,-174.20714789405343,174.20714789405343,0.02747044347373162,53818.12204098144,12801.342447823217,0.8078438104230863,4211,1420,40697.715771222116,-0.00025288173254196523,0.0278539932689678,99.9747118267458,10005.410327047033,133.76052009310555,0
flashbots-c1,126,10000,344.0946035190812,-344.06949942858955,344.06949942858955,0.025104090491652187,120004.89018051118,40330.25615373722,0.748462785135947,10451,3207,83173.69873470822,0.001549155242081781,0.027032338024674658,100.15491552420818,9985.383539971372,92.61125780319949,0
flashbots-c1,127,10000,459.90816125037026,-460.07287406207297,460.07287406207297,-0.16471281170271368,99049.22061444045,55268.86272646126,0.6418510291864651,7046,2893,74592.69119711102,-0.0007994146280537962,0.06262276246394137,99.92005853719462,9987.089553199248,73.49070188611262,0
flashbots-c1,128,10000,576.171037159712,-576.2487100663998,576.2487100663998,-0.0776729066877806,155431.2120662892,59134.212066906155,0.7244000877317609,9989,3499,112745.52748536953,0.0006849589800296485,0.04552905980047626,100.06849589800296,9999.31078706603,102.4981197144621,0
flashbots-c1,129,10000,634.6903120487806,-633.6147323082066,633.6147323082066,1.0755797405739713,153991.31786314424,79590.45172722354,0.6592608581277499,9856,3601,109915.98739146914,-0.008420876855704761,0.041434481421550234,99.15791231442952,10088.697556331346,118.09338011502805,0
flashbots-c1,130,10000,1177.605982041011,-1177.9026718166515,1177.9026718166515,-0.296689775640516,166725.97775436885,92739.24822409522,0.6425754246089506,8943,3791,126448.29803915414,0.002497823456255048,0.08143623063979988,100.2497823456255,9985.669618465203,65.91285074284076,0
flashbots-c1,131,10000,300.6187049151265,-300.58265546666956,300.58265546666956,0.036049448456935806,89642.95966032831,15992.59032352265,0.8486059823045601,7971,2384,64398.987858935216,0.0005729801625358277,0.04387190342846111,100.05729801625358,9987.772859091623,67.88717777144794,0
flashbots-c1,132,10000,321.3397549470595,-321.40094440247435,321.40094440247435,-0.06118945541487619,71654.84167058127,58382.30662833793,0.5510336285279552,5371,2273,53569.2146095842,0.00038560298296630435,0.050690742596676726,100.03856029829663,9990.726055882104,38.91995134673968,0
flashbots-c1,133,10000,1589.223755237104,-1587.899780415603,1587.899780415603,1.3239748215009968,199696.66985492504,55680.161606020985,0.781968625393741,10764,4062,148236.10019059826,0.00000004866541630121901,0.1779513665548089,100.00000486654163,9984.676819931778,102.33135517634553,0
flashbots-c1,134,10000,338.7002093842612,-338.6893113012402,338.6893113012402,0.010898083021004368,94182.42933578396,35497.3616451218,0.7262691327876332,6869,2582,70649.97919376275,0.0000018015861478204442,0.04305445656492139,100.00018015861478,10000.305583943025,99.52369914270692,0
flashbots-c1,135,10000,309.7009291976672,-309.72748705140003,309.72748705140003,-0.026557853732811054,106488.58757676759,53029.522011167974,0.6675642524340784,10413,2909,69701.33728531396,-0.0005226956602470522,0.03476193339171985,99.9477304339753,9999.043868728695,71.09016119825175,0
flashbots-c1,136,10000,325.84570230607954,-325.80041941095084,325.80041941095084,0.04528289512870742,103467.47161642923,25414.668427110635,0.8028069023487283,8614,2752,74380.08716365164,-0.000002349468420419498,0.04704582422721813,99.99976505315796,9998.82195676373,90.45156927075406,0
flashbots-c1,137,10000,492.1285947288807,-492.08530425072644,492.08530425072644,0.04329047815429021,126780.87691442767,39825.76848025455,0.7609593039586781,8055,3009,95064.81657380787,0.00000006630222799230977,0.042481218146011204,100.0000066302228,10003.7378518391,104.0445110828318,0
flashbots-c1,138,10000,253.61700668200177,-253.6345649114639,253.6345649114639,-0.017558229462139252,96150.82934090824,53523.00182922086,0.6424024065477211,8180,2722,66354.84893401315,0.00000045934817535453474,0.021594325213960274,100.00004593481754,9998.08888026555,95.4695741911343,0
flashbots-c1,139,10000,584.1151700268707,-584.0634891696093,584.0634891696093,0.0516808572614309,139238.83558519278,46103.95695685674,0.7512503382272233,8046,3035,103858.40520245182,-0.00000010777976086728813,0.048663678061838314,99.99998922202391,10010.451913718265,120.10161621218924,0
flashbots-c1,140,10000,465.44173824310496,-465.37150854934094,465.37150854934094,0.07022969376401988,93279.03933314807,39823.354370325134,0.7008066251682596,6931,2811,70089.97805350911,-0.0000024854611234559344,0.054768039485075234,99.99975145388765,10000.998598082077,72.86601294850834,0
flashbots-c1,141,10000,251.5006606677519,-251.48280252382867,251.48280252382867,0.017858143923234593,87450.118330551,26157.685707345077,0.7697544994477696,8307,2443,61429.25507286986,-0.0003506706903920076,0.02409912791310191,99.9649329309608,10001.79808784631,87.3522119895297,0
flashbots-c1,142,10000,962.634217199108,-962.4372260738901,962.4372260738901,0.19699112521789175,180768.57373279543,58732.208349586166,0.7547723734389146,8933,3855,138815.55267278853,0.003051162850224358,0.06718977766838677,100.30511628502244,9969.234214308533,113.27656322645666,0
flashbots-c1,143,10000,220.1042722843224,-220.05755973086355,220.05755973086355,0.046712553458860384,97344.69782482201,41253.612422475424,0.702351259918915,9624,2481,62908.79520907978,0.0000034278868579917798,0.02532095813978728,100.0003427886858,9995.232258055503,143.38365960936963,0
flashbots-c1,144,10000,573.8950328744527,-573.5528259434809,573.5528259434809,0.3422069309717699,105834.34570155313,53861.37676885242,0.6627249876474689,7392,2970,79396.50941092963,0.0012399850693070391,0.14278745237353632,100.1239985069307,10001.260836384006,55.61645980707202,0
flashbots-c1,145,10000,434.5959924712707,-434.50427920482576,434.50427920482576,0.09171326644491273,113808.68519966087,41903.35922740036,0.7308919847428452,8168,2760,83849.4090148419,-0.001374814931771624,0.0592383525973058,99.86251850682284,10007.22562462487,115.22724517525236,0
flashbots-c1,146,10000,549.0874579993442,-548.9960172109506,548.9960172109506,0.09144078839358372,142126.4276903228,91455.59642420252,0.6084647490709224,8899,3385,102153.95338528532,0.0005621005290470293,0.03306250934721234,100.0562100529047,10002.49865279764,108.39662639911074,0
flashbots-c1,147,10000,692.6615658910691,-692.6108332201559,692.6108332201559,0.05073267091324851,127933.37015645123,41778.60045367488,0.7538264372072403,6348,2849,102085.20071445942,0.0007343170463285276,0.047333586509891605,100.07343170463285,9993.753244867583,94.86693306153195,0
flashbots-c1,148,10000,876.1053988448114,-875.683707240268,875.683707240268,0.4216916045434118,184505.4483850878,22044.469809098384,0.8932729191963492,8090,2951,143475.0575748396,0.0009695162980119676,0.05226388267594032,100.0969516298012,9991.482807678001,253.78965492734454,0
flashbots-c1,149,10000,297.5000525653405,-297.50811269680173,297.50811269680173,-0.008060131461206765,109599.17194638118,36481.68640716037,0.7502637455835026,8910,2838,77460.6019689743,0.0001224702997667748,0.019311313688424717,100.01224702997668,9995.064721872977,137.6635502152757,0
flashbots-c1,150,10000,336.95179245861505,-336.94842183885766,336.94842183885766,0.003370619757390614,67520.5306632142,30399.04939996711,0.6895508602022953,5333,2200,53217.93525522144,-0.00010192679731360954,0.045701323188783505,99.98980732026864,10003.072743125886,74.1146224176046,0
flashbots-c1,151,10000,521.41222552001,-521.4578348087018,521.4578348087018,-0.04560928869182135,116765.60028039567,41326.79594246634,0.7385908688220009,6634,2890,91015.88202691996,0.0000950975330577819,0.07636786248132893,100.00950975330578,9996.974233345027,87.19231511011469,0
flashbots-c1,152,10000,548.961827765567,-549.670343806235,549.670343806235,-0.7085160406679734,107841.86408789783,47596.52112622601,0.6937917165013036,8490,2980,78488.61035037912,-0.00022583314898469098,0.1312383463889455,99.97741668510153,10011.591724809101,90.90929103459119,0
flashbots-c1,153,10000,208.39093879626122,-208.3956530979772,208.3956530979772,-0.0047143017159783085,75175.26515224653,11607.650636353897,0.8662449800070138,7220,2187,54737.05995129307,0.00017715698786631152,0.020990484382877383,100.01771569878663,9999.232341707384,102.91618631381526,0
flashbots-c1,154,10000,292.5624193430023,-292.63917389140965,292.63917389140965,-0.07675454840733664,70179.6933780937,15190.42058247508,0.8220639533233923,6310,2077,53247.47056762059,-0.0001997247927339174,0.03579888460198873,99.98002752072661,9992.335614445497,102.51644130375507,0
flashbots-c1,155,10000,660.2020263305476,-660.1743874948314,660.1743874948314,0.02763883571617498,120438.66394927021,46469.94672201514,0.7215844854551309,6620,3020,95899.57776772884,0.0013895712276372763,0.038418229378320914,100.13895712276373,9985.397803720361,80.22522366676966,0
flashbots-c1,156,10000,595.434134640987,-595.6405969064753,595.6405969064753,-0.20646226548819868,123079.66992589449,59433.10675883148,0.6743619387178755,6982,2862,93852.88539064369,0.00048485256464530835,0.04644431233880681,100.04848525646453,9997.50909119242,118.8185059000919,0
flashbots-c1,157,10000,710.9155397679671,-710.985300859695,710.985300859695,-0.06976109172796896,157424.85399816462,76415.64008386969,0.6732146825816144,9681,3602,113958.64684086069,0.00011048043618131942,0.0824788354518715,100.01104804361813,9993.789416355954,109.00829646753655,0
flashbots-c1,158,10000,481.6486358014075,-481.6664273105084,481.6664273105084,-0.017791509100902658,109625.31064210026,70425.13879705626,0.6088588558572043,6927,2850,82817.79732128386,0.000047591845188463825,0.06227644005919203,100.00475918451885,10021.635457549715,174.38100864889887,0
flashbots-c1,159,10000,352.13688633716214,-352.0136505970442,352.0136505970442,0.12323574011793426,136401.73967901221,72530.44829696299,0.6528517266793609,10953,3355,90099.1905783609,-0.0006325248495149083,0.026736166188383523,99.93674751504851,10004.038791106617,89.59126963684643,0
flashbots-c1,160,10000,262.0874377454325,-262.06999117800393,262.06999117800393,0.01744656742857842,69043.0338923072,21756.58696370073,0.7603890108946291,5322,2058,53611.45791530432,-0.0000008784783996418355,0.02173858784183537,99.99991215216004,10001.222420511784,79.25054805216993,0
flashbots-c1,161,10000,252.62720004474906,-252.6056710518887,252.6056710518887,0.021528992860368135,79898.45290284543,12174.408754761465,0.8677741895322568,7161,2295,58893.82351574729,0.0017623519134318145,0.03715112273093084,100.17623519134318,9983.748403312271,91.58311333071114,0
flashbots-c1,162,10000,487.96628921916016,-487.9244730265042,487.9244730265042,0.04181619265597192,108464.58312634223,52604.9515154681,0.6734022257377719,5967,2653,83296.08385493238,-0.0004081955369457546,0.08123401248805565,99.95918044630542,10005.135780471812,94.62081937808479,0
flashbots-c1,163,10000,805.089758862239,-805.1288114096623,805.1288114096623,-0.03905254742323905,153766.65290760607,65870.15363004972,0.7000951039653885,11177,4151,108635.23237809437,-0.0000014103663056630467,0.041011424038092485,99.99985896336943,9970.943770393931,44.00890757798017,0
flashbots-c1,164,10000,163.2964692132636,-163.28157122630157,163.28157122630157,0.014897986962040477,57153.00705556304,36943.26558179882,0.6073886398861443,4552,1843,42952.91840645354,0.0000007577940236558334,0.016909136289221038,100.00007577940237,10001.857481280356,86.19144714022153,0
flashbots-c1,165,10000,810.9100255323715,-810.9610273151492,810.9610273151492,-0.051001782777689186,181998.1908360146,120104.56059750284,0.6024380445805579,10669,4011,128002.70303949657,0.000000552737081846999,0.07236040815092906,100.00005527370818,9993.857238350956,96.73209893265582,0
flashbots-c1,166,10000,1021.7102533504376,-1021.9630703728653,1021.9630703728653,-0.25281702242773463,175255.9801886927,126385.39438600122,0.5810077627308218,11481,4267,122267.67586263969,0.000002579248438507875,0.09158840344659482,100.00025792484385,10013.869560654259,84.24358471801214,0
flashbots-c1,167,10000,199.46948227197586,-199.46235651509855,199.46235651509855,0.0071257568773148705,54924.33313826143,12444.579712401617,0.8152771183945395,4910,1694,41811.7458887391,0.0006122889475769,0.028789066353920846,100.06122889475769,9992.07566524467,83.73482049058491,0
flashbots-c1,168,10000,210.82035160815073,-210.80747793511685,210.80747793511685,0.012873673033880095,71492.16792592891,37886.02373734854,0.6536236048408874,5361,2043,53265.63735944585,-0.0015611203099790316,0.019574743163007325,99.8438879690021,10014.31860793319,101.40934073146617,0
flashbots-c1,169,10000,510.6627822678569,-510.6124077105276,510.6124077105276,0.05037455732934859,146684.17335848388,37147.86086249783,0.7979249861433675,9666,3405,108920.92609890414,0.0029064071762084608,0.030081938882740644,100.29064071762085,9965.403992519698,121.41388861505814,0
flashbots-c1,170,10000,462.1917903193197,-461.975712639244,461.975712639244,0.21607768007567074,116132.17671242553,64784.47852112773,0.6419098151162776,6832,2839,87301.72720881602,0.000004987686830020266,0.05375035521101339,100.000498768683,10002.465785200258,88.99655015191802,0
flashbots-c1,171,10000,673.5359384896166,-673.2954665509905,673.2954665509905,0.24047193862611493,142871.4589849745,59475.9822158742,0.7060700058132252,8236,3454,108237.17202980188,0.0001339063896479331,0.07415411833540304,100.0133906389648,9996.524507059477,88.88289485925085,0
flashbots-c1,172,10000,189.74225478723366,-189.728322948007,189.728322948007,0.013931839226671627,73609.09733768651,21974.919537098398,0.7700983882495173,6818,2264,53689.29568974083,-0.0012700316516033184,0.03552544430589137,99.87299683483967,10013.221692689925,100.12704678278762,0
flashbots-c1,173,10000,937.3707656705819,-937.3640324908633,937.3640324908633,0.006733179718594329,144047.37626468288,37629.03884429686,0.7928787904488052,8300,3348,110982.1342413952,0.00000038624739048032095,0.1646746751727224,100.00003862473905,9998.898302464182,99.82540720581034,0
flashbots-c1,174,10000,704.7391205694494,-704.7505314508763,704.7505314508763,-0.011410881426968444,169668.61219564875,46809.23978429411,0.783768919747822,10081,3807,124542.18180634949,-0.0000003848423472163631,0.0411287475170748,99.99996151576528,10000.424053965395,101.54059972097969,0
flashbots-c1,175,10000,530.6157028686275,-530.4880168317682,530.4880168317682,0.12768603685935886,93812.18999819773,41793.3796859011,0.6918018943966591,5679,2463,73840.91365764235,-0.0008588859895138512,0.06605405450034184,99.91411140104861,10009.084543222845,71.18943770981471,0
flashbots-c1,176,10000,488.6707554738805,-488.7185799932539,488.7185799932539,-0.047824519373421026,143239.57973823583,63520.07335733711,0.6927830337963689,10493,3463,99558.85298898915,0.0000024866462707962,0.05656687224730476,100.00024866462708,10001.107809284127,113.5668795006855,0
flashbots-c1,177,10000,638.6734551398845,-638.629290840112,638.629290840112,0.04416429977243297,152886.1678002223,41132.23329699937,0.7879982874594034,10841,3672,108961.25670650238,-0.001561529875882286,0.10448527109774006,99.84384701241177,10015.769653416373,100.99498380035627,0
flashbots-c1,178,10000,123.12852148210546,-123.14661241580616,123.14661241580616,-0.018090933700705136,44971.46555646046,16238.571112210833,0.7347073781362051,3906,1391,33890.24807834133,-0.00000023565076034515187,0.018132009541929506,99.99997643492397,9997.176510123221,99.99833791850422,0
flashbots-c1,179,10000,248.4925172644825,-248.62084641271903,248.62084641271903,-0.1283291482365314,78674.21513786286,47131.29572525415,0.625363822284896,9375,2661,51176.89658487222,0.000971735758348018,0.04338502948907006,100.0971735758348,9983.234749675294,63.44613090760936,0
flashbots-c1,180,10000,877.297046232552,-876.4898710686122,876.4898710686122,0.8071751639398599,156189.9236721619,90834.19782885,0.6322861213839884,11101,4306,109279.60965682584,0.014008905632532275,0.07156767427234655,101.40089056325323,9960.124750809277,32.75481328719678,0
flashbots-c1,181,10000,829.8308083018175,-829.2126800874394,829.2126800874394,0.6181282143780891,87889.54071404332,25243.458719024755,0.776869181887471,4234,2138,73083.06427949882,0.0000034945497792193693,0.13827313778744751,100.00034945497792,10001.994610132497,71.87378761762875,0
flashbots-c1,182,10000,567.3034796819783,-567.142477026896,567.142477026896,0.16100265508225675,104253.07086131314,56652.47048425246,0.6479147330135517,5828,2715,83553.67068133717,-0.0005043202362067234,0.06546509900635328,99.94956797637933,10009.358629374374,93.43126881151193,0
flashbots-c1,183,10000,523.7377476659702,-523.7018090265362,523.7018090265362,0.03593863943399356,135307.71157526886,30496.465248658325,0.8160693787524815,10033,3132,96631.46895088344,0.0006920646776922012,0.04846591703837859,100.06920646776922,10006.790750920965,94.42813841375441,0
flashbots-c1,184,10000,310.2513032939896,-310.4625565961294,310.4625565961294,-0.21125330213976667,120679.47934298107,51435.97501017374,0.7011542327591633,9186,2676,81529.16010161923,0.000099089126596823,0.027353826275386125,100.00990891265968,9994.654591074794,271.3474029751538,0
flashbots-c1,185,10000,325.3525665156096,-325.3315922915668,325.3315922915668,0.020974224042845435,75797.84222305538,26524.555047301765,0.7407746910266543,4405,1981,61238.089471178035,0.000002668704566275437,0.03827571041441558,100.00026687045663,9998.138381344746,109.93580381075877,0
flashbots-c1,186,10000,349.5045364532888,-349.5360923901338,349.5360923901338,-0.03155593684499536,105249.40012490048,28112.062910771223,0.7892040003846406,7356,2754,79040.96942387374,0.0001223942871153838,0.024858494000796868,100.01223942871154,10000.095673857888,103.26098876111455,0
flashbots-c1,187,10000,244.92835629322644,-244.92754884834477,244.92754884834477,0.0008074448816728363,70524.59963633589,40513.29669807254,0.6351399113680949,4514,2026,55318.67579698194,0.00011970404392442901,0.031224005409726772,100.01197040439244,10003.397803700629,102.17040937157365,0
flashbots-c1,188,10000,291.7398442153427,-291.6734740325091,291.6734740325091,0.06637018283362295,97651.74776169632,25270.89184578137,0.7944162936422651,8729,2554,68535.20640118189,0.000430121979958642,0.02683763181984773,100.04301219799586,9998.29197228143,99.984134307965,0
flashbots-c1,189,10000,475.2557005000959,-475.1240681050297,475.1240681050297,0.13163239506616264,121617.88352902175,59460.51429519822,0.67163110006684,8482,3217,87880.94322254499,-0.0005095678488399358,0.04558252093699878,99.949043215116,10008.860861102012,80.90954839688911,0
flashbots-c1,190,10000,477.4736392328331,-477.3810292747476,477.3810292747476,0.09260995808546113,79041.58042142894,15251.68574276436,0.838252651931618,5135,2127,61822.42356412033,-0.0007920434268756083,0.09206356850661762,99.92079565731244,10008.103292361146,59.70296125969308,0
flashbots-c1,191,10000,571.9107389323202,-571.6527322293923,571.6527322293923,0.25800670292790073,123408.68428764204,106518.80021469509,0.5367287192949203,8340,3413,89282.05305458105,0.0002755324569683637,0.055776195121327705,100.02755324569684,9982.024032082276,41.520139820593194,0
flashbots-c1,192,10000,605.6832702164756,-605.3379123624213,605.3379123624213,0.3453578540543276,101144.37046710638,31577.759024252457,0.7620761575686714,5145,2328,81366.39888433748,0.00034897874914207704,0.07393817863280475,100.03489787491421,9996.478120014128,89.90022131856176,0
flashbots-c1,193,10000,510.6205260934418,-510.70356463907945,510.70356463907945,-0.0830385456376348,113574.3485364328,19226.024654354667,0.8552261248036283,6638,2674,88617.22020072326,-0.0006058833199374192,0.035072456173224395,99.93941166800626,10007.456636219253,114.77862858144684,0
flashbots-c1,194,10000,214.7192984124385,-214.7072524602672,214.7072524602672,0.012045952171291674,72892.29548792046,36151.2440095941,0.6684696390434199,7473,2218,49689.3697028967,0.002065368162716794,0.04335501904969604,100.20653681627168,9983.631574379066,81.8583582561802,0
flashbots-c1,195,10000,491.5180108141036,-491.54395113535037,491.54395113535037,-0.025940321246764597,145993.82181053603,72770.24868140186,0.6673574023478245,10366,3730,102235.44835931054,0.0005710970098100176,0.032277593942539796,100.057109700981,10011.71917868091,65.52057441264236,0
flashbots-c1,196,10000,626.6751168527384,-626.6603913808781,626.6603913808781,0.014725471860288053,129903.31147959203,49718.76974260542,0.7232034647171138,6339,3013,103339.33775141834,-0.00000016076323717584272,0.06792704341520135,99.99998392367628,10000.637557961556,111.53046569883209,0
flashbots-c1,197,10000,925.469735618346,-924.8215837054097,924.8215837054097,0.6481519129363278,189490.1817548038,104411.87530984909,0.6447392156670736,10151,3868,137290.2944198225,0.0000017217864159135843,0.06731702533333873,100.00017217864159,10002.613797022592,109.37046831301399,0
flashbots-c1,198,10000,349.2883834164095,-349.30574799430565,349.30574799430565,-0.01736457789615997,111556.94878326629,61873.37779530033,0.6432378407171438,8713,3079,77720.94305566249,-0.0000012307138356959513,0.030162669280668127,99.99987692861643,9996.764655727688,92.39607552260667,0
flashbots-c1,199,10000,400.25152120247253,-399.66279372331746,399.66279372331746,0.5887274791550681,77003.6508049651,17380.99115125597,0.815849371348806,7230,2391,57418.603628895435,-0.000002783662488070604,0.06001246014119047,99.9997216337512,9991.102682624905,65.97886838948915,0
flashbots-c1,200,10000,184.0967983960466,-184.03098400198658,184.03098400198658,0.06581439406002687,52372.03858572852,33932.55993359263,0.6068279035444897,5858,2055,36980.91094338631,0.0000011956764676313014,0.026143146434672672,100.00011956764676,9996.680744873782,31.11320204960449,0
flashbots-c1,201,10000,224.63261580633426,-224.98852599992733,224.98852599992733,-0.3559101935930755,65114.77130638818,21897.058406635755,0.7483438921023149,5477,1802,47782.672563199674,0.0006561210149369856,0.05272633588436932,100.0656121014937,10001.217173663325,172.37792516449392,0
flashbots-c1,202,10000,414.0728495075766,-414.09600741430154,414.09600741430154,-0.023157906724918575,101135.47518736987,37335.7128366277,0.7303719757921244,9208,2819,71636.58794647834,-0.0002606609548541883,0.052280583865397856,99.97393390451458,9982.656656316594,72.30082144211484,0
flashbots-c1,203,10000,936.8526955082821,-937.0851141075838,937.0851141075838,-0.2324185993016954,109651.72294269985,37844.39001518951,0.7434211027242853,6050,2944,88359.73284783072,0.0002801965815805829,0.08610055126803359,100.02801965815806,9987.116497353874,57.902198364854954,0
flashbots-c1,204,10000,798.4132558795368,-798.1900374380526,798.1900374380526,0.22321844148416403,193564.72685723624,71244.62515888509,0.7309588025631822,11654,4049,138486.63533564797,-0.0007199665017110135,0.04156891605760137,99.9280033498289,10006.860086472603,131.48932780081054,0
flashbots-c1,205,10000,264.7745713639214,-264.7573467721974,264.7573467721974,0.017224591723959293,84131.56395827679,18323.485178154064,0.8211558597394824,6624,2207,62190.17855444261,-0.0000005423253548997308,0.024248939296735016,99.99994576746451,9995.945814930896,107.1066617850174,0
flashbots-c1,206,10000,823.302442718375,-823.3094588067422,823.3094588067422,-0.007016088367208795,158083.07641439803,50894.85361932152,0.7564582364697104,8253,3586,120780.11698158174,-0.00000042672141262301014,0.04369061989311092,99.99995732785874,9999.373752916716,79.35603674676747,0
flashbots-c1,207,10000,288.527036951782,-288.47120314754636,288.47120314754636,0.05583380423564677,92009.06381199163,45345.40164813492,0.6698658358413654,7036,2654,67419.2098940335,-0.002127760745352134,0.02844077650863227,99.78722392546479,10017.460223829661,90.7594439157596,0
flashbots-c1,208,10000,332.2320781200113,-332.1857598847503,332.1857598847503,0.04631823526096923,80321.43275388904,25965.13192242535,0.7557063585458831,5448,2246,63164.58329074435,-0.000023601478609975856,0.033370882198914986,99.997639852139,10000.046066584962,86.60562109209545,0
flashbots-c1,209,10000,455.04961421465435,-455.0519287665762,455.0519287665762,-0.002314551921870134,135714.0446445552,56665.04229965794,0.7054511319305206,9205,3448,98192.69352972781,0.000004161765187262745,0.0503958234592946,100.00041617651873,9999.640103488127,98.00199013650169,0
flashbots-c1,210,10000,335.5673055245,-335.5586359368695,335.5586359368695,0.00866958763049297,94921.574244141,19235.088484750202,0.8315027084277044,6674,2558,73144.76627330165,-0.001078911727747851,0.028013101557860978,99.89210882722521,10010.911742035585,102.27583272581126,0
flashbots-c1,211,10000,289.85045660561576,-290.0283681947787,290.0283681947787,-0.1779115891629317,72154.365288202,18085.014347687582,0.7995884455250079,4979,1794,54894.96959680141,-0.0001276678989370339,0.04490096814847519,99.9872332101063,9990.617874693613,129.21013403521889,0
flashbots-c1,212,10000,961.9774786709107,-962.4538928725306,962.4538928725306,-0.47641420161983206,250027.58971545208,44930.35765477186,0.8476719883110104,10733,3774,185798.78725033367,-0.000048030611061449236,0.032543242766892036,99.99519693889386,10004.466980977479,284.2480316052466,0
flashbots-c1,213,10000,451.50271863282836,-451.5009233570877,451.5009233570877,0.001795275740676061,140453.03299093564,41817.77446247185,0.7705733844781402,11254,3106,96616.49315571328,0.004032636742111038,0.02985337880421852,100.4032636742111,9956.81649854752,69.24468368883747,0
flashbots-c1,214,10000,589.0676493252361,-588.9397411505878,588.9397411505878,0.12790817464826887,159739.8277886046,74570.50443064344,0.6817447027437672,8982,3620,115878.57986278513,-0.000760828323073639,0.03321441917313294,99.92391716769264,10005.367845535227,109.72608520405835,0
flashbots-c1,215,10000,220.9859568667942,-220.9957585688387,220.9957585688387,-0.009801702044512695,59533.690508566746,17509.40936671219,0.7727322836820266,3991,1621,46334.163983067985,-0.0005297914870118348,0.02335052012592442,99.94702085129882,9997.3723185446,96.90540235547302,0
flashbots-c1,216,10000,126.52320017268119,-126.51562507809885,126.51562507809885,0.007575094582335851,50202.666573570714,17856.668173979884,0.7376308739981838,5005,1518,36096.78431550342,0.0006477644494023593,0.01879686891650209,100.06477644494024,9990.303269851678,114.76331468946934,0
flashbots-c1,217,10000,358.05891706371756,-357.7950867636819,357.7950867636819,0.2638303000356359,132774.1675678373,72016.60341948592,0.6483405815980651,7783,2656,94230.672741301,0.0006171845618656846,0.030155527770388487,100.06171845618657,9969.24766537901,328.77473811409266,0
flashbots-c1,218,10000,433.8483573639711,-433.8600146139155,433.8600146139155,-0.011657249944391879,138888.08766700336,42413.417565214804,0.7660614151499183,10256,3346,96733.30457958074,0.0010754865200588882,0.023214267915471255,100.10754865200589,9984.39810598212,112.78941581322782,0
flashbots-c1,219,10000,372.7882201760243,-372.67870084082574,372.67870084082574,0.10951933519856993,97750.96198443254,26192.43053238516,0.7886742487798925,8843,2692,70298.35579254823,0.0007633161502178609,0.051499977986040196,100.07633161502179,9999.645920513109,110.29641023208549,0
flashbots-c1,220,10000,400.2289264659064,-400.2112176163913,400.2112176163913,0.017708849515088332,130151.7428942218,58444.3083633303,0.6901085257425824,9076,3322,92816.59689403836,0.0007936554261596029,0.023531791220539163,100.07936554261596,9989.488276270364,98.7563300744678,0
flashbots-c1,221,10000,114.8390084684598,-114.79083938283868,114.79083938283868,0.04816908562111166,44005.59541209421,14210.910688375821,0.7558955073007879,4408,1321,31480.920747897555,0.00000025758908279271963,0.022630063609832406,100.00002575890828,10007.693819158994,111.41168931313693,0
flashbots-c1,222,10000,185.8820367606923,-185.85640355975778,185.85640355975778,0.025633200934521483,68021.98420758179,16364.37962642515,0.806077914926932,6141,1841,48931.19776329106,-0.0008186339614444193,0.022731955269339892,99.91813660385556,10003.587611007504,128.64247561923003,0
flashbots-c1,223,10000,551.3433047428706,-551.1769344014419,551.1769344014419,0.16637034142866014,108461.58021862173,26197.167852671348,0.8054551358311928,5684,2453,86771.26643605543,-0.0004979275547633222,0.031493960177168816,99.95020724452367,9999.814595493071,117.63821917798023,0
flashbots-c1,224,10000,686.0270502155282,-686.0254462776737,686.0254462776737,0.001603937854497417,158877.63388790045,90690.49007951857,0.6366102824439304,9607,3694,113457.62731635847,0.00413901156680879,0.03884257758890996,100.41390115668088,9976.962468143754,87.56235304753778,0
flashbots-c1,225,10000,141.27839524878354,-141.28541411800765,141.28541411800765,-0.007018869224111768,50928.63847326341,20791.35881348804,0.71010374233061,4570,1480,37065.880188840245,-0.0004926142383180832,0.025170057165194635,99.95073857616819,10006.488857746084,138.8464263594924,0
flashbots-c1,226,10000,218.0510474109899,-218.09324660081427,218.09324660081427,-0.04219918982437321,90340.87777579958,22384.664785300523,0.8014233129712597,8474,2168,61737.92870006327,-0.0003522257925490635,0.015140491672761556,99.9647774207451,10013.329769684171,174.5364242223458,0
flashbots-c1,227,10000,180.6249681896597,-180.63460173608865,180.63460173608865,-0.009633546428943873,55278.351684355905,25690.868873994186,0.6827082106406078,4872,1718,40768.780152406405,0.0012832128481677786,0.016583798990492796,100.12832128481678,9982.750407912356,60.317391349748426,0
flashbots-c1,228,10000,732.7122325030456,-732.4951966658048,732.4951966658048,0.21703583724081454,150498.73852240742,45750.20768856805,0.7668766708210257,9737,3562,109665.25157990541,-0.00023631975116558123,0.06376473578663351,99.97636802488344,9978.104459445763,73.84290400801531,0
flashbots-c1,229,10000,644.0903514888558,-644.0107091248408,644.0107091248408,0.07964236401505786,185272.86333321503,69914.18377127284,0.7260276939422945,11307,3880,130191.57749469353,-0.00009328536181982372,0.040730353697274777,99.99067146381802,9964.898010838459,117.3265333682859,0
flashbots-c1,230,10000,512.0864882404567,-511.8412371092123,511.8412371092123,0.24525113124440168,138277.12561284567,57522.99254375795,0.7062157414136478,8324,2982,102780.23963620774,0.002824502653019607,0.03309159690590491,100.28245026530196,9976.53270743292,105.4279823870154,0
flashbots-c1,231,10000,543.2851073878633,-543.2700512003757,543.2700512003757,0.015056187487516581,111026.30733508989,24114.871809736414,0.8215579295494135,5824,2678,88947.04153485583,0.00011262423781374764,0.038125470289556915,100.01126242378137,9998.461086406758,102.69018879406573,0
flashbots-c1,232,10000,494.5035125057117,-494.38220876568647,494.38220876568647,0.12130374002521194,89085.96316583591,25226.08501479618,0.7793226049546872,4261,2130,74953.78411166574,-0.0035588695287357554,0.03586199152133105,99.64411304712642,10035.089187909969,95.87193177792206,0
flashbots-c1,233,10000,452.0907995142228,-452.08630947817664,452.08630947817664,0.004490036046149726,124177.20875177844,56194.91366075238,0.6884501168521572,7671,3043,92082.82214207435,0.00000003411232412986465,0.040815806864037255,100.00000341123241,10008.323162674895,79.76077115787699,0
flashbots-c1,234,10000,147.43108190808562,-147.35331489875983,147.35331489875983,0.07776700932578251,72081.97463701325,37062.4387487653,0.6604275235071765,6670,2072,49468.90976061645,0.002683118988447433,0.021014305476822842,100.26831189884474,9965.526241037904,132.19781396251048,0
flashbots-c1,235,10000,1093.6253311842027,-1094.1107218155187,1094.1107218155187,-0.48539063131602234,149869.25819082838,72627.36898589738,0.6735799103677623,9015,3813,113700.37536212584,0.00000036064212679320915,0.08234707953999475,100.00003606421268,9981.171507490411,70.6910179816114,0
flashbots-c1,236,10000,223.1113735988426,-223.02393446425003,223.02393446425003,0.08743913459255737,59222.61429779485,27232.03327777266,0.6850136569700325,5001,1829,44714.56560121692,0.0000033684961314861538,0.03059658964102013,100.00033684961315,10007.235990106738,67.21480809917236,0
flashbots-c1,237,10000,470.6039957920972,-470.7072192831976,470.7072192831976,-0.1032234911004366,96823.03483273652,41683.63516551134,0.6990496185776566,5594,2411,75510.92178479067,0.00030547326503665317,0.053754424873726524,100.03054732650367,9992.839242419395,92.4113136470382,0
flashbots-c1,238,10000,296.1347928970614,-296.2371759304576,296.2371759304576,-0.10238303339622234,96938.8080872011,50245.34481674684,0.6586225906430507,9454,2815,64823.80173954283,-0.00021086092565496983,0.03704992748144519,99.9789139074345,9994.947242047467,42.80061201675412,0
flashbots-c1,239,10000,425.6881911645586,-425.4557758741181,425.4557758741181,0.23241529044048548,101657.2665492987,59721.839099906014,0.6299283054045086,7716,2656,72094.31686890796,-0.00011343851386783399,0.06389706087676657,99.98865614861322,10006.60534928596,74.2257792015887,0
flashbots-c1,240,10000,1412.9486604135368,-1413.0154558007482,1413.0154558007482,-0.06679538721141398,232360.75176347923,72576.89826894357,0.7619943019131067,11698,4552,168909.13298158534,-0.001417765820978758,0.14870426587778185,99.85822341790212,10016.177779253381,94.64523357043299,0
flashbots-c1,241,10000,305.38950555681583,-305.4804143080823,305.4804143080823,-0.09090875126645415,76255.02277150733,19730.099370540556,0.7944462753160632,4979,1857,59110.92834773095,-0.0000003452519293034584,0.055614770365203584,99.99996547480707,9999.593514316266,152.4143206434038,0
flashbots-c1,242,10000,381.1086706267146,-381.09881031010093,381.09881031010093,0.009860316613696796,105640.5254129498,30147.525099837632,0.7779810153692531,7860,2827,78734.48996978259,0.0010034824656315778,0.039333729144434386,100.10034824656316,9990.070307571817,98.9583810440994,0
flashbots-c1,243,10000,280.2020750934694,-280.30531205377315,280.30531205377315,-0.10323696030377505,123080.9073443771,22131.662720565484,0.8475912745661918,8952,2320,84545.55497420368,-0.0001527094501771842,0.03670998664383191,99.98472905498228,9981.529224726566,207.80799920429928,0
flashbots-c1,244,10000,254.02697667915427,-253.92553720343847,253.92553720343847,0.10143947571580725,82171.68238960436,19271.330866699347,0.8100280122987986,6659,2042,60186.73095748134,-0.00004123395947985387,0.03576152725360984,99.99587660405201,9988.595186350367,165.48230014142715,0
flashbots-c1,245,10000,530.7339398862822,-530.9170573860574,530.9170573860574,-0.1831174997752214,107845.05491810509,27793.4429267646,0.795091781696432,6319,2639,84345.60521423176,-0.00029153570382263184,0.06002523464592457,99.97084642961774,9998.645538087636,65.46384509427882,0
flashbots-c1,246,10000,104.58861611791198,-104.5211817842734,104.5211817842734,0.06743433363858742,39604.727984315585,17990.78470539095,0.6876356531052069,3929,1216,28739.9583779797,0.0004294048546283591,0.025589831987859385,100.04294048546284,10000.555944992739,100.37268906431748,0
flashbots-c1,247,10000,671.6763745333158,-670.0945748050113,670.0945748050113,1.5817997283044178,130855.06485335836,22762.25076260504,0.8518249673135178,9013,3154,96563.58418835838,-0.011738943158884041,0.14093809760435164,98.8261056841116,10138.776759153256,116.00465957405977,0
flashbots-c1,248,10000,594.9565840057111,-595.1053709290893,595.1053709290893,-0.14878692337822486,150049.9135227513,53531.62798833312,0.7370506795901314,7512,2830,114802.57558811303,-0.00022227299932865209,0.07102668678817907,99.97777270006713,10003.274068438814,182.14330186882077,0
flashbots-c1,249,10000,636.5628255897134,-637.3213095353334,637.3213095353334,-0.7584839456200143,103632.26455535783,42058.15497896309,0.7113183206322276,5757,2589,82038.86323817431,-0.0000021629351819285604,0.08688987116790713,99.99978370648181,9975.251378972529,73.0803811305613,0
flashbots-c1,250,10000,782.0995251041929,-781.7896071172445,781.7896071172445,0.30991798694844874,145194.96170503923,35615.46313129779,0.8030231765478367,6983,3007,116628.58419391456,-0.001898782858539647,0.05349708713708481,99.81012171414604,10023.379669457196,90.4898072281145,0
flashbots-c1,251,10000,872.2435805068551,-872.5784066416538,872.5784066416538,-0.3348261347987318,134912.3414832294,25773.30179106651,0.8396042031765676,6359,2891,109993.29063028809,-0.00021238530280896838,0.06042060069419733,99.9787614697191,10004.859734023847,105.52670585095511,0
flashbots-c1,252,10000,419.3469621127265,-419.3441534446506,419.3441534446506,0.0028086680758860894,143606.97083342873,30903.622658324184,0.8229126264487511,11299,2990,97963.76709695655,-0.0000009172546472768772,0.05218622972374263,99.99990827453527,10003.392778350993,146.94629569126272,0
flashbots-c1,253,10000,216.0724581748387,-216.03022218174712,216.03022218174712,0.042235993091566115,84007.02920929407,26823.423477868346,0.7579778587246055,8140,2312,57764.11575253033,-0.0007377115280121415,0.015479201840009438,99.92622884719879,10007.420456277123,89.36704191664047,0
flashbots-c1,254,10000,338.09186302779096,-337.95724818906535,337.95724818906535,0.13461483872561075,78185.9936438725,48030.05190994867,0.6194616009462312,5263,2272,61033.48653206128,-0.0002214243529405735,0.029366555347336315,99.97785756470594,9996.77532112362,78.18074559021296,0
flashbots-c1,255,10000,486.0828116226974,-486.02216724400915,486.02216724400915,0.06064437868826644,135400.0114004764,43465.52237864055,0.7569933040743523,9824,3264,96764.44218332836,0.0009330320284958305,0.053799296821730846,100.09330320284958,9991.059541475639,101.52218870979752,0
flashbots-c1,256,10000,732.0276855832934,-732.0374881295004,732.0374881295004,-0.009802546206969964,172279.097346542,65872.12107442782,0.7234021244519167,10447,3807,125317.60861740225,-0.003804714195632215,0.07418736434439978,99.61952858043678,10033.802374571795,101.36543166143167,0
flashbots-c1,257,10000,436.78346896407305,-436.75812112960216,436.75812112960216,0.025347834470892394,140560.30065016862,33074.477189725636,0.8095169781008786,11106,3462,98543.01948475736,0.0007990658413378071,0.03857351976482462,100.07990658413378,9992.229029599994,103.93354410602677,0
flashbots-c1,258,10000,579.5493107754531,-579.6801560922835,579.6801560922835,-0.13084531683034584,130878.65592120732,87182.31072734206,0.6001929549002941,7380,3108,97031.30561803821,-0.0005288367093677948,0.03962390296648948,99.94711632906322,9980.481308346993,78.2283451972868,0
flashbots-c1,259,10000,333.4220131510449,-333.46571209803,333.46571209803,-0.04369894698510279,105534.74299196631,20577.012548311424,0.8368350955059102,7636,2229,76141.32042928906,0.0009207216991268297,0.04348494326996032,100.09207216991268,9985.449515838076,108.29608654382311,0
flashbots-c1,260,10000,489.33030355785536,-489.3606680635889,489.3606680635889,-0.030364505733530223,130085.0421113709,26428.9309206605,0.8311401186189831,9517,3011,95018.94340056444,0.00000009070084317386317,0.0375737982732511,100.00000907008432,10000.298112564755,109.49047363123745,0
flashbots-c1,261,10000,326.5449970081848,-326.5847812047361,326.5847812047361,-0.03978419655129528,71686.89651666586,55629.43930825047,0.5630612603809828,5007,2269,55053.899215679354,-0.002667270243656361,0.043699061933631496,99.73327297563436,10015.635370301841,50.65810344203464,0
flashbots-c1,262,10000,410.77001129216603,-410.72451299071815,410.72451299071815,0.045498301447878475,115653.50866571456,45994.042751375004,0.7154671237011236,9871,3018,79690.95913865727,0.0024338775908441333,0.048834471565138815,100.24338775908441,9972.952469009844,106.52284600287264,0
flashbots-c1,263,10000,293.00279355141413,-293.13120812154517,293.13120812154517,-0.12841457013104218,77789.70924916588,33486.227346564534,0.6990703617420787,4271,1913,61577.185862653176,-0.0008048105868556376,0.02774937520807498,99.91951894131444,10014.423657222089,139.7420681636363,0
flashbots-c1,264,10000,229.3529133953372,-229.2196108079496,229.2196108079496,0.1333025873875897,100684.65649272542,21055.25975114439,0.8270471970017917,8469,2227,69622.72419322314,0.000116105352566791,0.022387692633846542,100.01161053525668,10020.251230817992,277.5065921963876,0
flashbots-c1,265,10000,459.32651734720156,-459.38651631405276,459.38651631405276,-0.059998966851196656,118074.12239253242,30613.81006840809,0.7941069624029498,9380,3085,85994.23666234482,-0.0007028379762914483,0.0365897298448445,99.92971620237086,9998.77012670207,87.13095896679536,0
flashbots-c1,266,10000,419.6568823756777,-419.6385066705629,419.6385066705629,0.01837570511480635,90539.60502585128,31332.644119333225,0.7429058350928838,4845,2279,74454.94983286971,-0.000002235214439565425,0.03265431666950448,99.99977647855604,10000.580818299472,104.78263269803747,0
flashbots-c1,267,10000,1319.3467513817666,-1319.3722546024517,1319.3722546024517,-0.025503220685095584,214061.74180564084,57822.05315645356,0.7873280635776214,10488,4210,159838.79678440184,0.0000032801999662979142,0.07278221804828604,100.00032801999663,10000.148536414245,101.65458535084109,0
flashbots-c1,268,10000,469.2907372839512,-469.5356053278709,469.5356053278709,-0.24486804391966643,113210.39360618568,20439.43586988851,0.84706725066531,6653,2340,86705.7785670487,0.00032496081297509247,0.05615162798724299,100.03249608129751,10007.892213358993,119.34976369164225,0
flashbots-c1,269,10000,134.7661397870456,-134.7836089797668,134.7836089797668,-0.01746919272119385,53058.70404948309,28289.487953660293,0.6522419582162667,5066,1697,38076.509866869164,-0.00000031409958950234796,0.016717500764643914,99.99996859004105,10000.809167099076,82.89332654495395,0
flashbots-c1,270,10000,594.4123537386134,-594.6273663314741,594.6273663314741,-0.21501259286071672,123982.4749256689,61898.871041772094,0.6669979404355384,7934,3272,92691.88584791686,-0.0007395894665908997,0.06373551037487943,99.92604105334091,9994.84122976534,61.016651922615246,0
flashbots-c1,271,10000,668.5068315936413,-668.6764802080663,668.6764802080663,-0.16964861442500023,181656.05226681373,117981.40844569566,0.6062528090942064,10174,3855,128395.40277382467,-0.000004376175515119485,0.02961497787266666,99.99956238244849,9997.437204421443,72.2700787258984,0
flashbots-c1,272,10000,164.70364784492412,-164.76057368761107,164.76057368761107,-0.056925842686951,41306.60138556987,17305.108208325848,0.7047499837792116,4120,1495,30796.69094187977,0.0010261138840901652,0.044424796243903726,100.10261138840902,9995.644611593229,30.13487132994103,0
flashbots-c1,273,10000,496.16961603399915,-495.9288044687571,495.9288044687571,0.24081156524204061,65376.05733112565,89839.33009298301,0.4211957230277234,4898,2587,50420.745217167794,-0.0000020091949505740557,0.13587196019506506,99.99979908050494,9992.912850626444,18.907137590054095,0
flashbots-c1,274,10000,601.1728467042798,-601.1464902421147,601.1464902421147,0.026356462165040284,89857.00473277252,16128.794685430115,0.8478211725158714,6329,2344,70730.77231039273,0.002794726131267282,0.1222249984736044,100.27947261312673,9976.698215820543,86.94610444573428,0
flashbots-c1,275,10000,231.7800044814428,-231.88586420803628,231.88586420803628,-0.10585972659347931,87985.46971492413,41411.35489427772,0.6799662200417489,8697,2462,58991.4359773642,0.0017832553857559219,0.04269482600147072,100.17832553857559,9985.45812060905,66.29636097997468,0
flashbots-c1,276,10000,607.1856747086591,-607.48917703977,607.48917703977,-0.3035023311108489,160717.3824785117,90641.76232653257,0.6393934169499388,10077,3706,115530.29521313794,0.0008916671946946053,0.047320799745264285,100.08916671946946,10010.188504974618,138.11822407017874,0
flashbots-c1,277,10000,526.959696825183,-526.967929614315,526.967929614315,-0.008232789132080143,156242.305490168,32527.96766980108,0.8276849043798543,10930,3311,111402.26151804095,-0.0016276069275382098,0.03423023480063478,99.83723930724618,10022.570848952739,142.15299267750655,0
flashbots-c1,278,10000,703.893141511382,-703.8974577027119,703.8974577027119,-0.004316191329849062,185715.70391735033,58456.414197493315,0.7605934098913005,11218,3824,132643.4890939509,-0.0008686409727650357,0.041778873098446925,99.9131359027235,10025.732426844674,149.28264857405574,0
flashbots-c1,279,10000,711.3558655927595,-711.4808845622102,711.4808845622102,-0.12501896945070712,157688.3415083557,105252.68889995871,0.5997099093415945,10451,3970,110804.51389465547,-0.00034173864274052336,0.05254945882643952,99.96582613572595,10002.476522055027,61.750290027930994,0
flashbots-c1,280,10000,320.0176492240786,-320.10625588095536,320.10625588095536,-0.08860665687677738,96456.39079753235,26180.731233523624,0.7865187082024498,6624,2240,72221.86946762666,0.00043100761486911663,0.027721203722937845,100.04310076148691,10000.188790901339,169.94488864631452,0
flashbots-c1,281,10000,363.9548117280048,-363.9474602324605,363.9474602324605,0.007351495544298814,96575.470507314,26668.049953643964,0.7836149936816186,6244,2409,75097.54443325577,-0.000646632891731258,0.028126495500805787,99.93533671082687,10016.811626426452,116.82539784415584,0
flashbots-c1,282,10000,287.11431537288405,-287.0803507954398,287.0803507954398,0.03396457744423742,85599.01815379469,34172.675374363425,0.7146848778060444,7243,2491,62046.44991679713,-0.0014892827565766709,0.03283635199454864,99.85107172434233,10015.228383093763,71.85428895294675,0
flashbots-c1,283,10000,232.18550200922843,-232.21669210509876,232.21669210509876,-0.03119009587032906,62446.16166348644,33482.013577308106,0.65096788828451,5147,2052,46942.82368072671,-0.0000008458963374380346,0.030488096260080935,99.99991541036626,9995.581526116848,59.544311072851286,0
flashbots-c1,284,10000,1357.5709509732694,-1357.3420737667243,1357.3420737667243,0.22887720654512123,218072.46065741745,86585.46737825927,0.7157944717325073,10748,4409,161512.71967645167,-0.0027634972962690086,0.11585411970534225,99.7236502703731,10022.630859803185,104.0632719251634,0
flashbots-c1,285,10000,322.9343319544763,-322.92257354250455,322.92257354250455,0.011758411971754867,122644.84979871895,29661.155751806593,0.8052528812334528,10739,3094,84250.13568818502,-0.000657181742862889,0.0248234866653101,99.93428182571371,10003.396543326064,100.77628519878832,0
flashbots-c1,286,10000,510.5865172715559,-510.4759626369071,510.4759626369071,0.11055463464879267,106239.23089558916,31869.426946842344,0.7692438153790311,9452,3023,76259.13836511414,0.001124794302837131,0.05498958878352411,100.11247943028371,9998.617095082409,77.88995752428121,0
flashbots-c1,287,10000,424.85723308050615,-425.01161356615205,425.01161356615205,-0.1543804856459019,128382.53148303989,50711.42293476621,0.716844585292577,9621,3120,90397.06027890179,-0.00036331653842594844,0.04363712198033582,99.9636683461574,9997.04601791917,115.90317231086996,0
flashbots-c1,288,10000,715.227137842315,-715.2143007436463,715.2143007436463,0.012837098668683211,159666.52182651308,103820.77039764891,0.6059742786026913,8896,3666,117246.31191446637,-0.004489424127696396,0.042882159541906474,99.55105758723036,10028.777078614907,95.42736206669963,0
flashbots-c1,289,10000,253.6974949963687,-253.63635446845186,253.63635446845186,0.061140527916847986,66808.96289138685,29544.679976329535,0.6933724652539466,6578,2192,48342.549573130105,0.0000016799544431478352,0.038515385202880024,100.00016799544431,10002.403856976904,57.840803254481386,0
flashbots-c1,290,10000,505.87769036634865,-505.94510845126496,505.94510845126496,-0.06741808491631218,126551.59185317921,67528.629507189,0.6520581590753556,8233,3148,93287.49555662394,0.0001043336771489578,0.07344219211180417,100.0104333677149,9978.182164722777,86.58954499298352,0
flashbots-c1,291,10000,549.3060638249906,-549.1745888242741,549.1745888242741,0.13147500071647755,172952.8101974118,58145.51028377818,0.7483949248843161,10924,3554,121765.78798762722,0.00000205203722373426,0.03713598551749243,100.00020520372237,10002.38787068956,153.01921293116803,0
flashbots-c1,292,10000,843.7033166078544,-843.1949308640311,843.1949308640311,0.5083857438232826,237235.10318796098,40538.683066933845,0.8540586438572928,10930,3567,175066.86297179636,-0.0029826591464045295,0.057398164369729304,99.70173408535955,10172.543578325562,493.09013499152775,0
flashbots-c1,293,10000,117.71277745642283,-117.71968459795711,117.71968459795711,-0.006907141534284733,46111.298680470674,25301.95039264529,0.6456966918457937,4308,1458,33999.042817607646,0.00012632296711672096,0.021101896001739534,100.01263229671167,9996.957900701693,103.97254062375309,0
flashbots-c1,294,10000,390.2906094315118,-390.48377911940105,390.48377911940105,-0.19316968788922395,124381.97296749373,61028.78785591705,0.670845491465071,10515,3187,85235.19335798909,0.0002084901615604906,0.04547112088179389,100.02084901615605,9985.753927687721,61.9183229772161,0
flashbots-c1,295,10000,392.3503501791419,-392.40323805251427,392.40323805251427,-0.0528878733723559,83920.90002560323,28553.480033551594,0.7461334748541476,4689,2083,68465.93661408489,-0.0000039498828726891585,0.03819492545617706,99.99960501171273,9996.720355737425,105.5472614564718,0
flashbots-c1,296,10000,384.0073896359277,-384.0067321132933,384.0067321132933,0.000657522634412544,123722.83943971862,36275.37410203302,0.7732763804105417,9891,3221,88087.909656029,0.000552319724994419,0.038806260022309545,100.05523197249944,9994.525924585818,100.7854773452055,0
flashbots-c1,297,10000,214.25175650792713,-214.24873040065057,214.24873040065057,0.0030261072765540575,68394.14463908816,29246.393548307668,0.7004687387919067,6451,2091,49265.73196789041,-0.0000025451657590735976,0.029636809784118583,99.99974548342409,9991.122656210617,65.1742623323321,0
flashbots-c1,298,10000,697.0286314641407,-696.8255064506433,696.8255064506433,0.2031250134974698,125254.98432142948,23678.117513334575,0.8410150784369979,6585,2671,98971.996135531,-0.0005577124991354765,0.06933306423429669,99.94422875008645,10008.877639767281,126.87282753788942,0
flashbots-c1,299,10000,617.3996995316505,-617.4264126264512,617.4264126264512,-0.026713094800697945,166233.66539918538,85163.66257687028,0.661238791746499,11344,4071,115805.70197261941,-0.0000007619377028333929,0.032114787756845974,99.99992380622972,10011.264401977487,75.61270530574372,0
flashbots-c1,300,10000,478.64409100628166,-478.6382193786013,478.6382193786013,0.005871627680335223,146184.45034782606,30888.425835136568,0.8255609413424746,10747,3557,104235.45909643265,-0.00030601137158157597,0.027660162392848093,99.96939886284184,10004.043971443327,102.79312941173237,0
flashbots-c1,301,10000,577.9935742242594,-578.118804977996,578.118804977996,-0.12523075373655956,103915.22418152113,53574.77744501488,0.6598210877407986,6661,2771,80571.49175920713,0.000001435783732119944,0.05931021442043658,100.00014357837321,10001.85441725152,63.168482125548095,0
flashbots-c1,302,10000,612.128989990899,-612.0793067974447,612.0793067974447,0.04968319345425698,131323.62133459814,54592.7860374259,0.7063584284512116,7666,3124,99902.43551605153,0.0000018418477183956838,0.04080522418272963,100.00018418477184,10000.327756192437,101.9797741604915,0
flashbots-c1,303,10000,996.7919311159768,-996.8625531100696,996.8625531100696,-0.07062199409278946,182047.04393989095,35034.12473323359,0.8386127873395268,9392,3729,139762.02893417986,-0.0019123187410694698,0.0638008230153406,99.80876812589305,10019.951141046924,99.98327419905475,0
flashbots-c1,304,10000,256.80062738908276,-256.81844162018865,256.81844162018865,-0.017814231105887757,87860.23988764743,23754.411064415424,0.7871747941529857,8532,2350,61373.766991023316,0.00000026909092255777976,0.032857262183609494,100.00002690909226,10004.689366633409,80.1618422792759,0
flashbots-c1,305,10000,156.33623824117208,-156.35705601714983,156.35705601714983,-0.020817775977747033,55806.37270952395,13646.4256816315,0.8035151066948324,4069,1532,42467.04703190219,0.00017507487185781657,0.02364468623396746,100.01750748718578,9999.009119557835,120.98806606627531,0
flashbots-c1,306,10000,454.3876946413285,-454.39607655481717,454.39607655481717,-0.008381913488676673,124513.2771742394,93728.73717703288,0.5705284454249427,8508,3339,89975.17150425402,-0.000000710683565614545,0.04062387573216071,99.99992893164344,9998.675033404706,88.33883802758481,0
flashbots-c1,307,10000,854.7419711369739,-854.8431115213998,854.8431115213998,-0.10114038442588935,93655.00389953409,25852.376404968578,0.7836754823083127,4552,2364,79111.50384197224,-0.0000029729699531344524,0.0721414196395365,99.99970270300469,9980.884522595501,35.262454488288526,0
flashbots-c1,308,10000,297.7745579408028,-297.8443625669956,297.8443625669956,-0.06980462619276295,92939.04779073181,55704.58926715101,0.6252474013034324,7206,2547,66397.89401935664,-0.0000031465142215836295,0.04426099934638657,99.99968534857784,9992.12188467674,71.39019780118406,0
flashbots-c1,309,10000,270.2008034452189,-270.0361341166149,270.0361341166149,0.1646693286040204,64000.602885438275,20304.02032396203,0.7591588746736958,5172,1870,48706.59053970979,0.000538783565937706,0.04481724306616272,100.05387835659377,9996.027406426341,74.06469152766799,0
flashbots-c1,310,10000,489.08743739416605,-489.11967023602256,489.11967023602256,-0.032232841856512096,144224.63431312842,63492.75664101684,0.6943310507157622,10357,3480,100025.0370050616,0.0006705333556467963,0.03703277023865525,100.06705333556468,10006.376948435642,83.06030370845933,0
flashbots-c1,311,10000,699.9735077565435,-700.0276444207217,700.0276444207217,-0.05413666417814511,184258.92566680352,50282.4796390304,0.7856136336632596,11062,3755,135046.2268919695,0.0006077172698523725,0.034083730931692174,100.06077172698524,10000.84630232244,120.39333735672653,0
flashbots-c1,312,10000,443.6227482428198,-443.43432804219844,443.43432804219844,0.18842020062135134,128660.41623667581,19819.861187681214,0.866515192916592,9636,3014,92517.68801318828,0.0005259972070614083,0.05218108526662519,100.05259972070614,9988.544630254883,128.03620268275165,0
flashbots-c1,313,10000,478.499003470457,-478.5505668361761,478.5505668361761,-0.05156336571906195,128565.06975704442,65956.73503091812,0.6609288346732445,7398,3237,97270.97546966432,-0.0010430938191284156,0.03693787572156296,99.89569061808716,10011.57264893931,109.12406973599073,0
flashbots-c1,314,10000,457.4017284754755,-457.31384596413824,457.31384596413824,0.08788251133728409,103583.84041189881,45529.86614904769,0.6946634404098962,7664,2891,77604.51472293367,0.0000015761225354538055,0.05700464832752033,100.00015761225355,10007.50341607603,45.73847996385439,0
flashbots-c1,315,10000,745.9356539131466,-745.1259156772596,745.1259156772596,0.8097382358869254,187833.7238223776,62984.08987285908,0.7488851013214329,11256,3688,134382.68353298365,0.00025710371784086304,0.07748187486323403,100.02571037178409,10001.679291162942,216.21833919433251,0
flashbots-c1,316,10000,381.7658652571379,-381.38458923217485,381.38458923217485,0.3812760249630287,68556.55120123978,69937.89308953047,0.49501300613405635,5257,2398,51271.67768294986,-0.00000004931510645178605,0.0550429273831466,99.99999506848935,9988.896755779037,30.169280603748007,0
flashbots-c1,317,10000,309.0186596926016,-309.0177282637282,309.0177282637282,0.000931428873400364,117267.9172124253,28988.79564632999,0.8017951102570903,10203,2913,80564.91019055131,-0.0000005097527275665925,0.01823190257311282,99.99994902472724,10004.095655235562,94.60567878562699,0
flashbots-c1,318,10000,1040.4073055173023,-1040.3525999876279,1040.3525999876279,0.054705529674492936,157314.90945609804,39241.14929873472,0.8003564502293934,9581,3739,118313.1569482195,0.0022768327352351036,0.07771911423460594,100.22768327352351,10008.997923561164,73.23341597513519,0
flashbots-c1,319,10000,410.2617897015826,-410.27345356349304,410.27345356349304,-0.011663861910449214,107255.88543814636,36598.328254637236,0.7455873740841754,7448,2745,79482.6966832144,0.0004909748600185537,0.03204169444409615,100.04909748600186,10005.772351876558,80.54127455886922,0
flashbots-c1,320,10000,282.6226712985769,-282.6145088409514,282.6145088409514,0.008162457625530806,71108.6921775791,26939.99367989776,0.7252386052470136,4121,1869,57702.13889250407,0.0003102609245257781,0.03236882424275848,100.03102609245258,10001.206496091598,119.30523616592417,0
flashbots-c1,321,10000,397.5180137563832,-397.4725540073018,397.4725540073018,0.04545974908137396,118180.81087351084,42423.88232426523,0.7358490497408908,9869,3194,82749.50535433627,-0.0015984819945980178,0.027862275383265425,99.8401518005402,10017.950957634826,79.383797537046,0
flashbots-c1,322,10000,150.61879860113723,-150.5866227749052,150.5866227749052,0.0321758262320202,52306.6149519686,24213.33483231778,0.6835683387067504,4613,1650,38039.48044048503,-0.0000005596335742552583,0.016790199225975043,99.99994403664257,9997.656627441642,89.50265190011257,0
flashbots-c1,323,10000,575.9394909221894,-575.7046426055894,575.7046426055894,0.23484831660005057,112932.17049969416,46384.25773046374,0.7088545214969652,8032,3056,83972.95388452405,0.0006804446702497558,0.06964709153070857,100.06804446702498,9999.365206496908,64.41284481911472,0
flashbots-c1,324,10000,122.75728358479304,-122.72356079716498,122.72356079716498,0.03372278762806502,48630.222349246054,23931.5761622254,0.6701904217762463,4456,1493,35111.52538112691,0.0007831791419347666,0.02151495673722522,100.07831791419348,9992.300195660695,110.53762081098655,0
flashbots-c1,325,10000,608.8925917297262,-608.872117909654,608.872117909654,0.020473820072197668,117161.81010221012,35239.53232293436,0.7687715097375661,6815,2850,90603.85779096177,0.0002943359350739172,0.048997852456982544,100.02943359350739,10006.44156268703,88.53201256206908,0
flashbots-c1,326,10000,106.86846754773536,-106.92049561635135,106.92049561635135,-0.05202806861598219,50401.21098220535,24790.65536949399,0.6703013693856301,4304,1407,35834.57904809433,-0.00042764667727794857,0.018300522580077683,99.9572353322722,9998.971393712067,107.76756774471322,0
flashbots-c1,327,10000,462.43836615659467,-462.3997640727292,462.3997640727292,0.03860208386544173,102344.85069305952,43007.08183542056,0.7041175780239881,5301,2511,81980.44182737677,-0.002066567510416775,0.04141601130286063,99.79334324895832,10021.077084770766,90.85897714735844,0
flashbots-c1,328,10000,304.43731384744945,-303.8192046872723,303.8192046872723,0.6181091601771413,68838.92451307239,52140.551800162066,0.5690132459727122,5115,2222,52391.79554837163,-0.012180088386612197,0.035888807735052805,98.78199116133878,10048.94695392476,40.753389784457795,0
flashbots-c1,329,10000,559.1268514620838,-559.1095061443823,559.1095061443823,0.01734531770148351,137600.5362681156,74578.3633868574,0.6485118760247588,9842,3386,96565.16211136547,-0.0008009537676713308,0.07126165793999889,99.91990462323287,9997.594021833467,93.56275568572572,0
flashbots-c1,330,10000,377.9092543509553,-377.707712986268,377.707712986268,0.20154136468727302,71484.42277125706,65306.48960433154,0.5225816651838782,5593,2613,54053.53456491764,0.004380963580472183,0.04429456777305489,100.43809635804722,9981.674077702113,45.87125524823195,0
flashbots-c1,331,10000,723.8608592148657,-723.6535005737768,723.6535005737768,0.20735864108894475,193127.20972325085,52992.57408030217,0.7846878732731231,11397,3888,135465.4088294469,0.0008154657767842366,0.04563866572942075,100.08154657767842,9981.549043956262,111.84763406821621,0
flashbots-c1,332,10000,276.7549487676272,-276.77770741861934,276.77770741861934,-0.022758650992159346,99798.06795565053,40038.05265824136,0.7136787513664491,9144,2805,68877.93004002777,-0.0000025400370050476796,0.034546979756075305,99.9997459962995,10001.283580129777,96.18037729242826,0
flashbots-c1,333,10000,726.4440653742839,-725.8379120997664,725.8379120997664,0.60615327451751,147700.1083012115,32607.135034083018,0.8191579304806538,8810,3225,111816.06281607626,0.00721419833465319,0.05245263819722126,100.72141983346532,9937.645447346156,106.66347682725883,0
flashbots-c1,334,10000,388.3181269143105,-388.082125137272,388.082125137272,0.23600177703849567,73692.62314043919,19726.292886818093,0.7888404862130657,6094,2286,56589.12644764779,-0.001210675780132817,0.08928397172613145,99.87893242198672,10009.219871404268,43.53506572387395,0
flashbots-c1,335,10000,483.76585445683423,-483.5742920622419,483.5742920622419,0.19156239459232438,99038.2960098585,73484.44241198995,0.5740593785828535,5925,2724,75907.2698193076,-0.0015116819331493048,0.03582678661482646,99.84883180668507,9998.002190865256,71.3855580917928,0
flashbots-c1,336,10000,397.6545898959299,-397.662497814132,397.662497814132,-0.007907918202079145,127464.82481637847,41004.98733474029,0.7566033533772895,11201,3296,86587.69200559474,0.00023534468943395837,0.04287722351164277,100.0235344689434,10002.063184903422,74.95867785187997,0
flashbots-c1,337,10000,452.7210536014502,-452.7554343099937,452.7554343099937,-0.03438070854349462,114909.19864790543,38877.092120123336,0.7472005344171703,8037,2966,84866.94334024529,0.0008430595906945371,0.04449763848584638,100.08430595906945,9992.24978994382,91.34596491098851,0
flashbots-c1,338,10000,768.9976280620035,-768.8898020733243,768.8898020733243,0.10782598867922388,127620.32786114741,53539.18144006083,0.7044638636603783,6659,3113,101728.29927900435,-0.0000007272292133109204,0.047926538866411475,99.99992727707867,10016.65384117834,87.77483026771564,0
flashbots-c1,339,10000,197.8523894277447,-197.8676309754253,197.8676309754253,-0.015241547680602707,79005.31020995323,42226.95373584117,0.651685513728245,7409,2446,55019.304407199175,0.00006110143409344459,0.03746305883937723,100.00611014340934,9998.387638372998,90.66365827772091,0
flashbots-c1,340,10000,1008.0430360027681,-1007.5140616755067,1007.5140616755067,0.5289743272613805,174329.8184493851,30377.984074845113,0.8516031939170983,9071,3530,134046.88463813363,0.004194257981885414,0.07752075595096584,100.41942579818854,9946.749968509645,113.06145681175519,0
flashbots-c1,341,10000,215.77561778631798,-215.84469098380694,215.84469098380694,-0.06907319748896157,52498.74262568726,14364.426033647722,0.785166836665581,4730,1736,40185.956101804644,-0.000001312728023492582,0.026678931485964483,99.99986872719765,10001.552824390468,75.43729239482286,0
flashbots-c1,342,10000,442.7394882397759,-442.64568211905606,442.64568211905606,0.09380612071981886,117542.203603957,53121.46293191105,0.6887359564565161,7004,2901,89379.1403861026,0.0027077041028397276,0.0338423898763061,100.27077041028397,9978.85266855895,83.65751360198476,0
flashbots-c1,343,10000,825.5817390458861,-825.0202090148081,825.0202090148081,0.561530031078064,131194.60450687798,48189.65065471054,0.7313607562085005,8469,3363,98928.02133000245,0.0009885351011978117,0.051457300601203,100.09885351011978,9993.911219328647,63.41902642153338,0
flashbots-c1,344,10000,719.0895599659187,-719.0185997469251,719.0185997469251,0.07096021899360494,162836.85463081044,125651.85211363787,0.5644479344387511,10736,4275,111184.68451747921,0.00000022798142396140975,0.04550224132229033,100.0000227981424,10000.06496651648,59.25613573620295,0
flashbots-c1,345,10000,409.34589827161074,-409.30782092615476,409.30782092615476,0.03807734545597441,101059.79064482158,17202.909055958084,0.8545364760022921,6244,2233,78052.91814076035,-0.00016766815699654103,0.03675222595406254,99.98323318430035,10008.684624039133,139.56768586631839,0
flashbots-c1,346,10000,573.9307294491674,-573.949651588743,573.949651588743,-0.018922139575579422,183340.3178087917,69195.56438813634,0.7259970987640582,11399,3716,127961.51304667252,0.0000002479442542835386,0.0286538725932445,100.00002479442543,10009.505901275332,90.28591474858376,0
flashbots-c1,347,10000,581.7216476484209,-581.6596958910109,581.6596958910109,0.061951757410042774,110900.84859024087,20454.258951004507,0.8442827284460036,7147,2588,84479.20151040933,-0.0009573067745218112,0.1082192910302335,99.90426932254782,10010.484207574525,122.91590736336742,0
flashbots-c1,348,10000,416.52581197823645,-416.4143834550824,416.4143834550824,0.11142852315407481,110062.86976927104,38434.643579390926,0.7411765172851815,7866,2962,82347.18278669025,-0.0018354288008161745,0.042266680395233465,99.81645711991838,10012.172941612527,97.38786993123438,0
flashbots-c1,349,10000,246.52357396012232,-246.27982165794884,246.27982165794884,0.2437523021734762,75102.50886320688,18340.987438693635,0.8037210917340151,4480,1718,59300.92424963416,0.004279182066806157,0.030955247745492756,100.42791820668062,9910.500024042865,169.6359167203853,0
flashbots-c1,350,10000,1357.7414446630855,-1357.3873102809723,1357.3873102809723,0.3541343821132159,172799.44679824478,71386.12069169426,0.707656265579105,10820,4377,126392.48501025887,-0.0000011007982557487138,0.11235192977577128,99.99988992017443,9989.298111688482,37.16394604801527,0
flashbots-c1,351,10000,325.89748982957116,-325.85700303482065,325.85700303482065,0.04048679475050676,104281.47326054075,36205.38778410283,0.7422863069550856,6779,2532,77663.78365208654,-0.0005740881769169448,0.04106841407362807,99.9425911823083,10009.216654227752,141.52990195223055,0
flashbots-c1,352,10000,1207.014405075114,-1206.2958494610957,1206.2958494610957,0.7185556140182143,208012.08516104645,86756.25689576557,0.705679869519215,11549,4421,152453.33790140293,0.008111687271720881,0.08589466471814887,100.81116872717209,9943.544991006394,75.13661845490097,0
flashbots-c1,353,10000,445.7172431375291,-445.7365677561666,445.7365677561666,-0.01932461863748358,140416.03300823874,78763.24118263798,0.6406446664567134,8148,3167,103160.69906551324,0.0008951050206465538,0.024491193565767164,100.08951050206466,9985.728363225058,144.46897762998216,0
flashbots-c1,354,10000,1089.6398498796714,-1089.4197337885544,1089.4197337885544,0.22011609111700636,208708.83480162855,67635.17636821922,0.7552500736965527,11653,4311,152724.0482126583,0.0032901263153050308,0.04922898690364349,100.3290126315305,9962.986847226268,91.15506987045693,0
flashbots-c1,355,10000,1143.2949121697773,-1144.479908883089,1144.479908883089,-1.184996713311648,191023.9478457753,43754.28042766357,0.813635698891533,8127,3337,148556.9525169472,-0.0000010667607273262547,0.08839750387473601,99.99989332392727,9967.511998215014,154.18981019057375,0
flashbots-c1,356,10000,293.32858786334987,-293.32722131978005,293.32722131978005,0.0013665435698158035,76555.83517741898,52210.666342050376,0.5945322290661428,4759,2147,59193.80614208423,0.00022238671964231572,0.03351264810310752,100.02223867196423,9997.832524042275,97.80831608080179,0
flashbots-c1,357,10000,584.2493582769225,-583.7915715416931,583.7915715416931,0.45778673522943336,88345.94977840366,22206.13860023533,0.7991341554382972,4395,2124,72773.77554185604,0.006639425658315048,0.06464568483642281,100.6639425658315,9934.378981969292,98.8813785647594,0
flashbots-c1,358,10000,322.1844252038565,-322.24551755456145,322.24551755456145,-0.061092350704939236,94571.35358765854,36676.35062182391,0.7205562501627811,6907,2264,68634.20644414562,-0.00023146559743111083,0.043571179654394145,99.97685344025689,10003.481461183517,144.43542147189282,0
flashbots-c1,359,10000,588.4003349825045,-588.3909554367095,588.3909554367095,0.009379545795013655,130578.7498517897,67259.12675073647,0.6600290707432833,7339,3069,97936.0733140456,0.0006479948721555218,0.050179537017168485,100.06479948721555,9992.471520589072,106.20999279808248,0
flashbots-c1,360,10000,493.1154539755129,-493.10692966453786,493.10692966453786,0.008524310975019489,93693.99631321926,32883.80236236371,0.7402087672053421,4993,2284,75314.90231437811,0.00031288445084229013,0.05560999102815359,100.03128844508423,9996.808183727835,96.80170645181772,0
flashbots-c1,361,10000,761.0400220137851,-761.983955927203,761.983955927203,-0.9439339134179363,108642.16566752014,67219.54281132853,0.6177704436471274,8942,3543,78745.53567253689,0.002137446199985504,0.15515707490604286,100.21374461999855,9982.112807846108,35.89070504569022,0
flashbots-c1,362,10000,811.2073641959272,-811.1589025311803,811.1589025311803,0.048461664746923816,184220.7870032332,54305.28349469848,0.7723297776996273,11602,4075,132645.42230463214,0.0005841854590606487,0.05667318512283899,100.05841854590606,9995.373748756088,97.38404598995342,0
flashbots-c1,363,10000,594.9976264314473,-594.9771549243774,594.9771549243774,0.020471507069942163,121859.88840438508,45530.72221939474,0.727997155576858,6526,2858,96034.05039782038,0.0023565845916931494,0.06859727241334383,100.23565845916931,9972.27959919119,105.30057743395567,0
flashbots-c1,364,10000,452.74163610496527,-452.63001465601826,452.63001465601826,0.11162144894700532,75493.65524532435,41301.15067991465,0.6463785323950815,4514,2113,60324.80045230054,-0.003002489462117666,0.14026816228374828,99.69975105378823,10032.544599034352,78.58188494603716,0
flashbots-c1,365,10000,671.2432314052753,-671.2423788878964,671.2423788878964,0.0008525173789166729,164728.2774452906,73098.30317380582,0.6926403138643269,9029,3691,121901.81749379526,-0.00000100730020861306,0.03453647554317442,99.99989926997914,10002.93550240872,95.25272921915307,0
flashbots-c1,366,10000,423.8058502167508,-423.6600160164381,423.6600160164381,0.14583420031271999,125211.10315484562,38737.089235924395,0.7637235966371947,10671,3314,86787.14188706283,-0.0024943844977785546,0.0734815557483428,99.75056155022214,10025.386804850117,89.16800316112867,0
flashbots-c1,367,10000,519.0055102324474,-519.0094693668119,519.0094693668119,-0.0039591343645497545,122822.25303913935,36907.53630682952,0.768937676197086,7787,3015,93393.04869071634,-0.000635086170008492,0.03856289381175813,99.93649138299915,10002.539076797824,102.15133618218331,0
flashbots-c1,368,10000,249.05951131512992,-248.94003222601197,248.94003222601197,0.11947908911795935,93300.14276460056,41971.77730967288,0.6897229130286054,9953,2647,60633.838024654164,-0.0010757880921006802,0.028289609472714687,99.89242119078993,10009.79706193781,46.64121858200154,0
flashbots-c1,369,10000,750.6526969627346,-751.089824250889,751.089824250889,-0.4371272881544428,159425.08673976603,43819.25892371701,0.7844010922878528,9411,3108,117717.99369311605,-0.0004718993207403344,0.07164253577133266,99.95281006792597,9984.210700784937,159.14475917761348,0
flashbots-c1,370,10000,756.1699882321392,-756.2108513277949,756.2108513277949,-0.040863095655709,134591.46980179255,50157.28771556451,0.7285108252441035,6801,3017,106257.15594303125,0.00000016506267840554757,0.050210575132733054,100.00001650626784,9998.405495145542,99.22440146244203,0
flashbots-c1,371,10000,462.2992597082172,-462.1972911574444,462.1972911574444,0.10196855077282407,96947.92020915139,49617.08025884372,0.6614670617104221,5288,2459,77823.6453124526,-0.0011891434636959275,0.034700997318433624,99.88108565363041,10013.551460971248,58.151763025720285,0
flashbots-c1,372,10000,281.446577371621,-281.3842030939902,281.3842030939902,0.06237427763079495,93620.90260098789,28814.31879017394,0.764656620351781,7365,2329,68019.2540971436,0.00043895652218992607,0.02378270038430429,100.04389565221899,9981.72813943945,117.61770074891827,0
flashbots-c1,373,10000,285.0881540857324,-285.12065925391494,285.12065925391494,-0.03250516818252436,71189.02346598558,24664.523866982003,0.7426853303477173,4739,1872,56033.575742711444,0.00031876654850833576,0.03186278977636618,100.03187665485083,10001.415986239746,97.85218742429431,0
flashbots-c1,374,10000,248.81529142163288,-248.76179486804014,248.76179486804014,0.05349655359273697,61663.65964842313,22087.872890418643,0.7362690302989398,4427,1825,48560.63321374839,-0.0002239133912547686,0.030279265552972133,99.97760866087452,10008.40122180193,94.7746136680901,0
flashbots-c1,375,10000,1522.3386393993796,-1521.8886454530716,1521.8886454530716,0.4499939463080409,222131.18873393952,52702.498029207025,0.8082385800303061,11265,4162,165095.77888935263,-0.0040827850556495095,0.10324895453024467,99.59172149443505,10072.92600751202,155.8141834348393,0
flashbots-c1,376,10000,530.4475129891808,-529.9272689837389,529.9272689837389,0.5202440054418958,149353.43736753293,49200.783512873255,0.7522047967818924,7766,2630,109071.0947847079,-0.000504443940878474,0.06630419890248945,99.94955560591215,9990.783785720641,217.7149092138442,0
flashbots-c1,377,10000,482.9059831534136,-482.8232469883786,482.8232469883786,0.08273616503498715,141357.51212252103,50634.012327265526,0.7362695438125534,9631,3560,101990.8897071529,-0.0018888303631266013,0.04230742704397855,99.81111696368734,10010.582560190027,67.52459434563514,0
flashbots-c1,378,10000,570.649420673522,-570.539257133087,570.539257133087,0.11016354043499632,138612.57904350662,62648.58015353504,0.6887199676108399,7943,3197,104314.15513524035,0.00011946360413773504,0.03740992987183134,100.01194636041377,10011.687553749693,104.99722800548626,0
flashbots-c1,379,10000,430.44029402687175,-430.2355763257,430.2355763257,0.20471770117177357,109368.41232224439,39035.355694101956,0.7369651982838986,7279,2820,82167.54418674146,-0.004517747386989015,0.030407150296345265,99.5482252613011,10063.223247212076,107.09477794308499,0
flashbots-c1,380,10000,266.8745490227097,-266.6832585467862,266.6832585467862,0.1912904759234948,74095.20629605744,37329.235823756535,0.6649816224018725,6386,2289,54305.62309184289,-0.0031773035833369077,0.03140871308919884,99.68226964166631,10011.90269632631,37.25852570816146,0
flashbots-c1,381,10000,423.88008877051794,-423.8955357813548,423.8955357813548,-0.015447010836851405,90415.53084854683,20123.32604529004,0.8179524683829797,6427,2325,69069.57042921602,0.0001734533209267397,0.09088125233474799,100.01734533209267,9994.474812254131,100.82310097088454,0
flashbots-c1,382,10000,176.66827893101396,-176.6957423216744,176.6957423216744,-0.027463390660443565,49953.88535822919,19774.860248055258,0.7164030404374147,5343,1749,36111.4531455371,0.00048224094787798323,0.025152082688056937,100.0482240947878,10002.51555822389,66.42757372228675,0
flashbots-c1,383,10000,362.2470925059041,-362.21203331654976,362.21203331654976,0.03505918935434238,77946.46796899984,42149.82964247671,0.649033063626694,4436,2192,63164.017487596924,0.000001620785727141083,0.041745821499713856,100.00016207857271,9999.461644703068,73.20381602030669,0
flashbots-c1,384,10000,363.3070203725272,-363.4317870887395,363.4317870887395,-0.12476671621232072,94089.60394923715,38349.88372839375,0.710434671706518,5890,2474,72584.06291619933,-0.00006712269309915087,0.03717412053997236,99.99328773069008,10010.360933478089,84.48340316634926,0
flashbots-c1,385,10000,202.97122425243356,-203.15556016198332,203.15556016198332,-0.18433590954975898,49745.42902498267,15125.172184848876,0.7668408816510774,4240,1298,37461.41247517473,-0.0003413322212348646,0.07160606411852256,99.96586677787651,9996.35847873492,104.61406622725117,0
flashbots-c1,386,10000,280.267723559257,-280.24857993417424,280.24857993417424,0.019143625082733706,109783.94904551179,57641.15791272133,0.6557197486091447,8986,3022,75404.37739757281,-0.001173246662269918,0.01889258386240911,99.88267533377301,10012.960383796477,93.76261887180742,0
flashbots-c1,387,10000,450.9477527895652,-450.5854488354704,450.5854488354704,0.36230395409478433,147284.3978151617,48017.32053578101,0.7541377467580831,11056,3253,102028.15700321157,-0.0006938557751726648,0.04182235165613477,99.93061442248273,10022.256640595751,150.68622293412932,0
flashbots-c1,388,10000,732.252782015181,-732.5292612323067,732.5292612323067,-0.27647921712571133,180105.68305764286,55849.442178519086,0.7633048143259414,9887,3584,132839.68863638965,-0.0015338969344652752,0.03845752906655406,99.84661030655347,10021.0850396641,102.91410981530791,0
flashbots-c1,389,10000,830.6721798971481,-830.4647833296987,830.4647833296987,0.20739656744945023,95769.4700554646,39774.01109007757,0.7065590262701786,4984,2551,78349.04777310543,-0.00046914955357223675,0.11182889616193023,99.95308504464278,10003.883235038455,50.707941737509806,0
flashbots-c1,390,10000,449.49352958508945,-449.4680062118358,449.4680062118358,0.025523373253633963,129003.20496343353,45434.9509269283,0.7395354778028889,10021,3364,91177.51680850059,0.0009502842251036725,0.0430757699379194,100.09502842251037,9991.939161599194,84.43827250739176,0
flashbots-c1,391,10000,378.66736540870147,-378.76959006760444,378.76959006760444,-0.10222465890296917,123709.10908712295,49104.65364846943,0.7158521817292974,8688,2989,88661.05523931394,0.00026255918728665503,0.03185192965719622,100.02625591872867,9999.545152554085,148.86748956424333,0
flashbots-c1,392,10000,315.5585631562693,-315.490152039083,315.490152039083,0.0684111171863151,70662.91196481582,22865.62242767707,0.7555224982814187,5068,1996,55907.53069720008,-0.0009295998538839001,0.03970013061921847,99.90704001461161,10009.845857925811,111.24275701570009,0
flashbots-c1,393,10000,752.3468059962984,-752.045330584109,752.045330584109,0.3014754121893475,151977.4923206619,91888.20662649715,0.6232015940609691,10453,3836,106929.84879801646,0.0001692713573305582,0.07677926662816376,100.01692713573306,10002.026369698013,59.912073026557394,0
flashbots-c1,394,10000,894.0019612120218,-893.8553013196595,893.8553013196595,0.14665989236232235,169651.54994714272,80622.52050334706,0.6778630708397891,9598,3840,124387.77951892388,0.0030650784527718146,0.08241143092006382,100.30650784527718,9966.538719492764,88.08142200921634,0
flashbots-c1,395,10000,301.7166372034919,-301.80870771716894,301.80870771716894,-0.09207051367701524,64932.70398635893,18632.100562878724,0.7770341154582561,4522,1839,51171.304234433665,-0.0005262431138497448,0.03806384068671107,99.94737568861503,10003.132250592642,155.1184015835788,0
flashbots-c1,396,10000,475.1761962749754,-475.17404163793765,475.17404163793765,0.0021546370377336643,116705.13225135687,64225.318350561436,0.6450275885739684,6532,2945,90103.8797171746,-0.000004029858266960673,0.04426133381435946,99.9995970141733,10000.070400175506,103.43715369072217,0
flashbots-c1,397,10000,387.7106894238504,-387.7203949594404,387.7203949594404,-0.009705535590001091,109989.3088864511,57448.14192010249,0.6568978944473159,7661,2858,80443.49939111042,0.0005287553046572669,0.037189035469902196,100.05287553046573,9994.210461045264,79.41108286165839,0
flashbots-c1,398,10000,263.77042164134224,-263.69797157236127,263.69797157236127,0.07245006898097017,96275.05730867715,21365.25012986562,0.8183849515946974,5431,1917,73300.2901409803,-0.00012101531834886714,0.017603203383932852,99.98789846816511,10014.924468475758,198.38121121080906,0
flashbots-c1,399,10000,153.59502530304096,-153.5820633336784,153.5820633336784,0.012961969362550008,61698.67892131088,22212.329183462152,0.7352870656049397,6570,1950,43493.91244184563,-0.0012996965670468796,0.03605669139406629,99.87003034329531,10012.469675509996,95.64050066528185,0
flashbots-c1,400,10000,717.5005911357453,-717.4235630965154,717.4235630965154,0.07702803922984458,145571.78968243505,41501.0958847577,0.7781554726173754,7269,3151,113768.48556834222,0.0000018518870007255827,0.04703663419787546,100.00018518870007,9998.34034485286,104.7825873962232,0
flashbots-c1,401,10000,155.69775394510003,-155.69953882264312,155.69953882264312,-0.0017848775430877595,47846.48234056672,18273.2608637634,0.7236338198215098,3965,1458,36547.075616493465,0.0001968222243650075,0.020140090559413296,100.0196822224365,9999.915829479418,82.87062419917793,0
flashbots-c1,402,10000,906.5983926809316,-906.5140364686786,906.5140364686786,0.08435621225305567,189711.52960745236,62587.816706178295,0.751930325541248,10184,4069,141573.4196831717,0.003140285428628573,0.05134667587941138,100.31402854286286,9968.918378054092,99.80422989275071,0
flashbots-c1,403,10000,513.8330540495211,-513.8646722376105,513.8646722376105,-0.031618188089396426,141032.42573693208,48866.016213673494,0.7426728955133607,9584,3446,102159.7793124037,-0.0000014672520448755223,0.02924004772484935,99.99985327479551,10009.277844241638,79.5186281759675,0
flashbots-c1,404,10000,339.6566996975311,-339.7305233844789,339.7305233844789,-0.07382368694777597,99773.96033111472,57902.43052305491,0.6327767891604825,5740,2488,77146.80868979116,-0.00033460615261518003,0.023220292534020644,99.96653938473848,10011.70267134921,120.4283501745212,0
flashbots-c1,405,10000,104.4383191564714,-104.45522595954961,104.45522595954961,-0.01690680307821424,38230.80627864717,18955.27778527229,0.6685333836797581,4003,1158,27018.935653657238,-0.0000017418903463806146,0.025637004706789243,99.99982581096536,10001.419848266813,70.0721854917118,0
flashbots-c1,406,10000,417.6879410938665,-417.63347710293846,417.63347710293846,0.054463990928070416,114718.41509345664,27899.479841939356,0.8043760226963281,9244,2876,81457.67733172551,-0.0004511974074047487,0.04707622815822603,99.95488025925953,10006.695111899788,115.35967467289188,0
flashbots-c1,407,10000,272.50519373343866,-272.38179259895514,272.38179259895514,0.1234011344835153,65721.591265922,18541.05464274658,0.7799611625910366,5082,1772,50363.93490794367,0.0015642387649091915,0.04582627406287685,100.15642387649092,9969.437370106816,104.9332958814478,0
flashbots-c1,408,10000,532.2696583836967,-532.3555614209994,532.3555614209994,-0.08590303730272808,95402.25777615259,49619.488577070275,0.6578479447060694,7426,2935,70438.6703860321,-0.000004075416366902118,0.09439907032557926,99.99959245836331,10003.89706771478,70.17455432988118,0
flashbots-c1,409,10000,299.36154144729414,-299.41594311870597,299.41594311870597,-0.05440167141182428,107019.17047810604,63178.64854382947,0.6287928428995506,5777,2201,80823.44402950432,-0.0007812654108435879,0.026000919318433943,99.92187345891564,10022.233078832123,119.38920600185742,0
flashbots-c1,410,10000,434.8242970874871,-435.21674561227064,435.21674561227064,-0.3924485247835605,81127.13157444494,55483.80690900228,0.5938553125764149,4596,2251,65343.627162153876,0.00023746072768247474,0.07806684361688213,100.02374607276825,10002.940415419032,38.63694140995803,0
flashbots-c1,411,10000,368.7396384243908,-368.6412415168157,368.6412415168157,0.09839690757513608,91865.47389073872,38257.37411025092,0.7059903414505656,5710,2213,70591.98550554039,-0.000001223272250001628,0.05615525048620881,99.999877672775,9995.382807656508,115.05567820961065,0
flashbots-c1,412,10000,239.64205009255798,-239.62665677371035,239.62665677371035,0.015393318847628734,99277.77691733112,23418.79748318509,0.8091324260876304,9035,2340,67813.59575459505,0.0000004499024296933385,0.020143500135661865,100.00004499024297,10008.635742021668,149.97496318984773,0
flashbots-c1,413,10000,422.32068443583495,-422.18528569971244,422.18528569971244,0.13539873612251085,115561.79297738645,58598.864124884894,0.6635355820317431,8163,3064,83516.6453368178,-0.0009473798397615952,0.04851940614383423,99.90526201602384,10012.945392713986,111.05521381129603,0
flashbots-c1,414,10000,729.8684286306922,-728.9485151140078,728.9485151140078,0.9199135166843462,180908.93062265418,87093.31592757133,0.6750276646981411,11316,4075,126587.15761307132,-0.01125402632026848,0.05789056072324002,98.87459736797315,10077.33575533067,70.54611788601315,0
flashbots-c1,415,10000,357.7652732031536,-357.7507872854456,357.7507872854456,0.014485917707986573,98722.5878846054,42690.27272610301,0.6981160515264315,5720,2564,76903.71415594018,0.0011375337468926717,0.026067720673936066,100.11375337468927,9988.690687062697,101.89334590755318,0
flashbots-c1,416,10000,248.45482819859902,-248.42655521641208,248.42655521641208,0.02827298218693386,76351.41177585018,15704.4970387837,0.8294026180284997,6219,1973,56358.76415027255,-0.0000010063413662919629,0.0256678355717645,99.99989936586337,9999.573155494472,111.54540870840175,0
flashbots-c1,417,10000,349.0975756202151,-349.13053809022756,349.13053809022756,-0.03296247001247821,103851.69487723916,55209.01724635822,0.6529060098545371,7022,2752,77116.38443450644,0.00000003391898815152672,0.04364619648488827,100.00000339189882,9997.427056974126,107.07520351566187,0
flashbots-c1,418,10000,351.8361349155718,-351.9178221922371,351.9178221922371,-0.0816872766653205,89033.12401883023,12111.263978154995,0.8802576769902846,5432,2006,69559.32072592719,0.0005641095880309876,0.033432329302234935,100.0564109588031,9998.640163949463,154.00157860553227,0
flashbots-c1,419,10000,317.4192451790525,-317.3561142408133,317.3561142408133,0.06313093823916915,93449.42875205945,30825.62828851816,0.7519564341985927,7646,2465,67408.61173114082,0.0008222429335428672,0.05467283876779959,100.08222429335429,9991.142917742607,103.70456875739303,0
flashbots-c1,420,10000,421.0271386658213,-421.0476953874249,421.0476953874249,-0.020556721603554706,94768.45260185498,62933.164685283635,0.6009351979523664,9742,3152,64300.918617429976,-0.002074755351292197,0.044669421838033685,99.79252446487078,10004.87523819421,65.58705845503661,0
flashbots-c1,421,10000,202.61708124110015,-202.59838109098771,202.59838109098771,0.018700150112437086,56838.3777267414,18960.743038855697,0.749855369727964,4014,1532,44278.4253585423,0.002745195562782783,0.021235337506430908,100.27451955627828,9974.19551416998,113.96973346125885,0
flashbots-c1,422,10000,146.34988600260328,-146.36196403858813,146.36196403858813,-0.012078035984842472,53021.137713863274,25757.944856559825,0.6730357346630181,4636,1494,38258.86021053108,-0.00009664835142004336,0.022799075836176855,99.990335164858,9998.491282618786,143.2724004731088,0
flashbots-c1,423,10000,163.30819210471574,-163.31714022623572,163.31714022623572,-0.008948121519978258,49819.20986125379,14717.487332016606,0.7719516496491661,4372,1403,37391.16790155132,0.00026823422296089915,0.029586153606376796,100.02682342229609,9993.795428779751,129.30019002215653,0
flashbots-c1,424,10000,461.1871285085036,-461.3688205166083,461.3688205166083,-0.18169200810473285,94858.8354896784,29177.510046518502,0.7647664487341432,6609,2657,72862.41415865181,-0.000003055837835290731,0.04428651284870952,99.99969441621647,9999.686954066643,64.94421331010906,0
flashbots-c1,425,10000,492.410359921429,-491.1143919083552,491.1143919083552,1.295968013073832,102734.44926780026,36461.76235811321,0.738054923103056,5581,2386,81051.86056179494,0.009266765035460055,0.04616721245083696,100.926676503546,9899.960995620844,118.38385301113112,0
flashbots-c1,426,10000,482.54055346521363,-482.40335902191623,482.40335902191623,0.13719444329740327,130987.20639707563,38259.721835839984,0.7739414107227552,9581,3335,94718.438301905,-0.003295502255343337,0.03154852419490311,99.67044977446567,10031.018682440486,95.29531009585322,0
flashbots-c1,427,10000,404.7525301162794,-404.8761377838273,404.8761377838273,-0.1236076675479012,95256.22584216285,38582.22440093267,0.7117254097693569,7336,2744,71018.06412571449,0.000515927429421481,0.03196123373087417,100.05159274294215,10002.490178279797,76.86609659728674,0
flashbots-c1,428,10000,353.3434442326918,-353.3019384696165,353.3019384696165,0.041505763075292634,132192.4701209438,24573.659907123125,0.8432463702285465,10261,2957,93084.35452057292,0.00004535379920696414,0.02387289624167778,100.0045353799207,9994.467372484121,194.90843545565022,0
flashbots-c1,429,10000,1413.6645527374194,-1413.3002662379708,1413.3002662379708,0.3642864994485535,242770.20096524313,37764.032166335484,0.8653852980979221,10538,4153,183611.69864158117,0.001401966576762419,0.06166415547501899,100.14019665767624,9999.082623713226,131.93445052589976,0
flashbots-c1,430,10000,346.82555109246687,-346.95924343627263,346.95924343627263,-0.13369234380576245,108637.9959672552,55783.75541755911,0.6607276412778121,8129,2763,77864.9393170172,0.0005420574523598986,0.033580220212731576,100.05420574523599,9994.408601977406,87.42609396551642,0
flashbots-c1,431,10000,589.9771686405865,-589.9688017661251,589.9688017661251,0.008366874461330553,155669.63039935488,34181.92790723185,0.8199544517194204,10514,3531,111719.41919673537,0.00046784859250493583,0.04639819029677767,100.0467848592505,9993.767153065543,115.61020348028701,0
flashbots-c1,432,10000,512.7660182035913,-512.2582984297577,512.2582984297577,0.5077197738336281,76769.45743314216,44795.49249290789,0.6315098017960133,5620,2468,60068.65634788794,-0.0005732948328476084,0.12491861265904433,99.94267051671524,9997.79138041266,55.8637384565773,0
flashbots-c1,433,10000,712.3856615619419,-712.8615926448892,712.8615926448892,-0.47593108294734066,101041.69253592528,94343.66452952297,0.5171405577853991,7576,3383,75813.39322609146,0.00000015081732570365603,0.06998735857920593,100.00001508173257,10008.417570028792,29.59092273044651,0
flashbots-c1,434,10000,355.1956021546064,-355.1760512337568,355.1760512337568,0.019550920849553677,81438.97743390445,21906.081009129368,0.7880297196676849,6731,2367,61961.07523422431,-0.001106389035823554,0.03410593848221353,99.88936109641764,10006.025079787409,75.05302836475634,0
flashbots-c1,435,10000,793.1492388222738,-793.1965694640986,793.1965694640986,-0.04733064182482849,203348.31405157514,63501.816460828544,0.762031907801983,10801,4115,148961.4995283489,0.00039101491909661947,0.0422809241252611,100.03910149190966,9998.402101408048,133.83458281712393,0
flashbots-c1,436,10000,322.85488156176143,-322.7357857881419,322.7357857881419,0.11909577361950596,100030.4323273821,45555.31038266812,0.6870894805036201,8299,2826,70433.47196575526,-0.004481266939817629,0.04066844366020888,99.55187330601824,10041.369535444786,92.19011207615675,0
flashbots-c1,437,10000,372.02559077321604,-372.0640123543784,372.0640123543784,-0.0384215811623676,83222.9874632403,37758.07643727471,0.6879009390401469,6211,2478,62967.70954236209,0.0005029824539219874,0.047057899560214625,100.0502982453922,9996.463950272848,59.333780437215594,0
flashbots-c1,438,10000,183.18206095020614,-183.2749327875049,183.2749327875049,-0.09287183729875892,62758.60028602675,26164.085272773962,0.7057659121701538,5109,1722,46223.946752962685,-0.00017146343803261743,0.03991013338771353,99.98285365619674,9995.756511562391,103.42552155893274,0
flashbots-c1,439,10000,807.3634437075258,-807.0568354958191,807.0568354958191,0.3066082117067026,201664.0327351666,81985.05697347573,0.710963088026516,10835,3967,143484.7262904297,0.0000005844945768274101,0.05543306050078641,100.00005844945768,9988.987349884395,65.04314524380018,0
flashbots-c1,440,10000,239.90289440214372,-239.9374711470424,239.9374711470424,-0.03457674489868623,100680.24514787225,26948.886581963357,0.7888500359070956,10189,2495,66101.6222596686,-0.000409985912064883,0.02892122142750196,99.95900140879351,9994.283607182348,114.23074103393479,0
flashbots-c1,441,10000,96.28863130067981,-96.29121516299926,96.29121516299926,-0.0025838623194545107,40574.758505750026,23399.91077042095,0.6342316258110482,4285,1351,28557.68817877682,-0.0000012066751961015144,0.02002134604253044,99.99987933248039,9996.134026068177,67.50017776197232,0
flashbots-c1,442,10000,1521.358413457207,-1522.928588445072,1522.928588445072,-1.5701749878649025,182921.78791725243,87378.24472798072,0.676736092582482,9974,4238,138428.96758650124,-0.0000026140145797626248,0.09429411753965866,99.99973859854202,10021.807600073238,49.24764939711783,0
flashbots-c1,443,10000,673.2685112364705,-673.2021356129401,673.2021356129401,0.06637562353046178,151817.35222032474,72881.76263529816,0.675647308703787,9188,3599,111035.47748152447,-0.0012573726756092184,0.051627570609388156,99.87426273243908,10013.396370907461,94.36663547381654,0
flashbots-c1,444,10000,785.1216581677616,-785.0896466535957,785.0896466535957,0.032011514165901644,166472.91423059045,67760.69328576092,0.7107131892632841,11180,3827,117821.95137176337,-0.004901658679004583,0.06323987355961279,99.50983413209954,10030.25079167559,83.27319595062855,0
flashbots-c1,445,10000,159.41084489865287,-159.3994198430101,159.3994198430101,0.01142505564277485,64462.12448552308,17318.94922447354,0.7882279060569911,6020,1884,46066.309423001505,-0.00036754870800052684,0.015291730683096177,99.96324512919995,10006.37187168898,109.9092269867585,0
flashbots-c1,446,10000,262.66420065695905,-262.52055484176054,262.52055484176054,0.14364581519851072,83102.45011432178,43210.98569774837,0.657906655614705,4620,1874,64136.10681844637,0.0000016168535692884234,0.024838288543843418,100.00016168535693,10013.631804637325,119.80019033788815,0
flashbots-c1,447,10000,275.66282983639536,-275.6458004811197,275.6458004811197,0.017029355275667513,93083.6767394649,44677.10850843301,0.6756906660481254,8145,2551,65146.36558315316,0.000005175766617497856,0.04406354859666464,100.00051757666175,9995.10901209501,97.24092416885661,0
flashbots-c1,448,10000,584.383491475204,-584.0752511576279,584.0752511576279,0.3082403175760646,127945.34074306129,51219.16243186128,0.7141221529699172,9356,3339,92142.14436388019,0.0000018554451028762742,0.08207152814555813,100.00018554451029,10012.892162089991,78.63750169079104,0
flashbots-c1,449,10000,285.9893599093678,-285.9454063674194,285.9454063674194,0.04395354194838319,93815.04796653954,57237.9615660578,0.6210736764320753,10008,2941,62376.36555948158,-0.0004645278134694308,0.046078285075628715,99.95354721865306,9998.086243542284,55.34013984938232,0
flashbots-c1,450,10000,229.808851307833,-229.79205782073433,229.79205782073433,0.016793487098681226,104624.18495172975,45799.57619333871,0.6955296434240222,10794,2803,67214.62628235892,0.0000010717551532479775,0.017389197112042325,100.00010717551532,10004.171892804468,100.43729998502583,0
flashbots-c1,451,10000,206.94233208761716,-206.94553900757117,206.94553900757117,-0.0032069199540103455,72090.93234090664,36013.117470461504,0.666866157805363,5110,1995,53665.83775455737,-0.0000015753243633298553,0.028548684700458862,99.99984246756367,9999.22879170412,115.67576703159847,0
flashbots-c1,452,10000,361.4706692464912,-361.37360902867385,361.37360902867385,0.09706021781732943,97907.6223726837,47963.13908261722,0.671194291411754,8028,2775,70270.29774715708,0.0000014551379103977524,0.057408543253558264,100.00014551379104,9990.7295912899,66.93526093106411,0
flashbots-c1,453,10000,889.6988866054963,-889.3871496724986,889.3871496724986,0.3117369329977464,161013.7737758901,77925.06970549311,0.6738702315198717,10160,3836,117070.11040784986,-0.0000007742593167847644,0.05541223928175725,99.99992257406832,9993.168463999184,69.62910628954926,0
flashbots-c1,454,10000,170.24514696609822,-170.27288821238244,170.27288821238244,-0.027741246284222143,47796.094739412816,16368.524800833184,0.7448979684112933,5124,1683,35236.84427885408,-0.0000022034152914329753,0.03096987768172198,99.99977965847086,10003.708548094986,48.609308582368236,0
flashbots-c1,455,10000,462.249916213375,-462.87697780705605,462.87697780705605,-0.6270615936810486,96496.8464677586,66141.2246381978,0.5933226200456613,6633,2739,71635.2525945977,-0.000001445727374971284,0.11390224705158473,99.9998554272625,10000.468826840448,68.55504131725361,0
flashbots-c1,456,10000,434.53493303247586,-434.5356929150132,434.5356929150132,-0.0007598825373520413,97631.40741374063,33707.41309006881,0.7433552931207332,5164,2458,80281.81628371862,-0.00021733237860189548,0.03498966674662071,99.97826676213981,10001.983383016586,105.73620594054768,0
flashbots-c1,457,10000,786.4560195135589,-786.388850036952,786.388850036952,0.06716947660686401,202463.2829712503,97448.54809688083,0.6750760123406289,11635,4365,142664.87791678193,-0.00000017212410554634517,0.0299342510196054,99.99998278758945,10000.409789834172,85.0943379522687,0
flashbots-c1,458,10000,292.56474302524515,-292.4537642485343,292.4537642485343,0.11097877671085143,106600.15126782327,53713.75326147353,0.6649463849116248,10277,2938,70171.69457341646,-0.004923771017974303,0.028634415375690878,99.50762289820257,10036.500316699141,58.4527547431518,0
flashbots-c1,459,10000,279.1460765811121,-279.1734452259979,279.1734452259979,-0.027368644885825688,57589.173641309775,41585.05696977417,0.5806868708379319,4192,1939,45234.981388382286,-0.0000013847924182641691,0.057512378238399435,99.99986152075817,10005.228076891839,54.759180549935586,0
flashbots-c1,460,10000,393.6896706309662,-393.8213916306873,393.8213916306873,-0.13172099972109663,113216.01318387002,38432.6635594334,0.746567761850711,8868,2886,81786.31804294752,0.0009166719818880153,0.05045871512186679,100.0916671981888,9996.001776881312,80.3890781604229,0
flashbots-c1,461,10000,188.4703215584827,-188.46806487416694,188.46806487416694,0.002256684315767643,72513.66465393994,20793.54343932104,0.7771496558064646,6599,2132,53030.401440262525,-0.0009194703486015499,0.024366389844753086,99.90805296513985,10009.54181547709,107.07658468719652,0
flashbots-c1,462,10000,961.2332807902375,-961.195528762888,961.195528762888,0.0377520273494838,205603.79702319985,73053.44523199783,0.7378376221598627,11396,4236,147763.36966996855,0.0005586033530734369,0.07539238605037837,100.05586033530734,9998.970003308788,104.15971191181474,0
flashbots-c1,463,10000,178.55114551178102,-178.54751741822682,178.54751741822682,0.0036280935541981307,66606.34752899985,16160.692736490277,0.8047448273533527,6454,1985,48095.80745869312,-0.0007027282670749457,0.022957043006243082,99.9297271732925,10007.449442141211,99.54678831296937,0
flashbots-c1,464,10000,262.484056271568,-262.5086574574366,262.5086574574366,-0.02460118586856197,92035.17332983135,26783.264593549764,0.7745866293005748,8239,2613,65108.1793261856,0.000003242535746608155,0.01889607965237033,100.00032425357466,10000.905336753978,95.88776045030315,0
flashbots-c1,465,10000,533.6039096116687,-533.3921164356676,533.3921164356676,0.21179317600103786,127106.7572639102,58751.08451414714,0.6838923558344936,6891,2900,98433.36431946712,0.0008010863831950133,0.05992627345888778,100.0801086383195,9989.731945459906,97.65309966561432,0
flashbots-c1,466,10000,462.273260809035,-462.2803597743678,462.2803597743678,-0.007098965332829721,88590.93576830727,43390.58846176753,0.6712374045163507,5328,2420,70391.56086947917,-0.0007060855272241895,0.05678219171526479,99.92939144727758,9999.46559549395,75.03875251009258,0
flashbots-c1,467,10000,199.8200150050122,-199.8126858087958,199.8126858087958,0.0073291962164034885,59800.13104121144,19514.808108381112,0.7539579766735361,4223,1778,46868.17439681584,-0.000786307998735225,0.02952140811160163,99.92136920012648,10008.276229819063,101.77994543370228,0
flashbots-c1,468,10000,516.0372883259657,-516.0600527403724,516.0600527403724,-0.022764414406651667,96396.9221805663,18947.221708026274,0.8357331281046498,5507,2293,77540.69710005022,0.0011896377618602115,0.057203676586704263,100.11896377618602,9989.618371744948,103.89632848176089,0
flashbots-c1,469,10000,167.1231161852842,-167.2050893366499,167.2050893366499,-0.08197315136570182,57144.06616304749,26276.031836917784,0.6850155721834716,5613,1713,40573.704185656796,0.00015884737446924646,0.04025863324584193,100.01588473744692,10000.685656255824,91.26349732777008,0
flashbots-c1,470,10000,230.91680423942293,-230.95172009642783,230.95172009642783,-0.03491585700490418,77967.77727041923,22281.23304854848,0.7777411170678387,6650,2088,56327.29312650772,0.00028271440462731336,0.03552489794676674,100.02827144046273,9995.043108796497,132.9398925875566,0
flashbots-c1,471,10000,173.93622991188104,-173.92919908394106,173.92919908394106,0.007030827939985329,56100.8492170083,30852.02611268278,0.6451868210717122,6030,1905,39576.20357701459,-0.0010734693917851246,0.017461695603409738,99.89265306082149,10006.340830220011,65.47061976477148,0
flashbots-c1,472,10000,869.841831141433,-870.4729442469034,870.4729442469034,-0.6311131054703765,111548.25841705536,48422.49185219409,0.6973040898370897,7296,3087,86662.06848221882,-0.0008519958477937451,0.12906929199805206,99.91480041522063,10041.76852088736,79.49324905523362,0
flashbots-c1,473,10000,674.3821627140812,-673.995635129937,673.995635129937,0.3865275841442326,152431.4611854141,64490.692583814634,0.7027012157899619,9898,3704,111604.44620592754,0.007337737993941431,0.05109018416327288,100.73377379939414,9970.551255606268,57.854180223578204,0
flashbots-c1,474,10000,1277.4803331123562,-1277.501981222697,1277.501981222697,-0.02164811034072045,238594.99646755354,62365.19944609126,0.7927792435914487,11059,4441,179120.1038059362,-0.004099879835346627,0.06270740987942616,99.59001201646534,10048.680297416859,116.09748451979789,0
flashbots-c1,475,10000,646.2657538197252,-644.8482852976016,644.8482852976016,1.4174685221236132,89887.2240266236,26204.657124250716,0.7742765741714974,7179,2723,68965.87157688462,-0.000010213856391061427,0.1449920017130391,99.9989786143609,9991.404967724298,49.48173493297955,0
flashbots-c1,476,10000,528.6819698233863,-528.7858741019212,528.7858741019212,-0.10390427853485562,160707.52894467697,63664.571570222055,0.7162545101457722,11354,3703,111739.83269368243,0.00091815045629005,0.02857278769701409,100.091815045629,9991.738323546939,108.59601315210521,0
flashbots-c1,477,10000,304.2544038038603,-304.2324268603495,304.2324268603495,0.02197694351082191,107190.8149216197,43077.96445597746,0.7133272484517185,8448,2699,74570.577074072,-0.00017199838975884063,0.035295022650321216,99.98280016102412,10002.881239796145,109.38881867964473,0
flashbots-c1,478,10000,244.70049416027226,-244.68423845700977,244.68423845700977,0.016255703262487486,52494.795099348696,40248.196013438384,0.5660243913797051,4155,1882,41315.57332476482,-0.000009737468872259569,0.041595977678397136,99.99902625311277,10001.828145870852,50.407565765424664,0
flashbots-c1,479,10000,460.1076740641247,-460.21098791449623,460.21098791449623,-0.10331385037153495,92688.53400041712,29554.891173438536,0.7582291961190935,8530,2757,66980.51832667452,0.0005916557200437467,0.10713978818479347,100.05916557200437,9984.017783852694,72.52114921339496,0
flashbots-c1,480,10000,482.7964786797879,-482.79547223073956,482.79547223073956,0.0010064490483614463,152348.09426923687,52859.11925965414,0.7424110081188149,10087,3633,109185.42860266045,-0.000007303917895313816,0.027439865332688385,99.99926960821047,10000.199096339249,101.69001240386267,0
flashbots-c1,481,10000,384.64946246752555,-384.67672460636885,384.67672460636885,-0.02726213884329809,147978.5345755794,30439.59899781671,0.8293917866521413,11379,3204,100843.13761675186,-0.0003898765492256473,0.017921153489547804,99.96101234507744,10006.421927460104,146.35858597611372,0
flashbots-c1,482,10000,453.3427228036078,-453.3871871720021,453.3871871720021,-0.044464368394301346,138114.00601433998,54178.19075130791,0.7182507056314071,8741,3043,101174.31557805087,0.0007592290045016625,0.0343744369501448,100.07592290045017,10000.699408541619,159.33411335403972,0
flashbots-c1,483,10000,385.29707275648485,-384.2523830208582,384.2523830208582,1.0446897356266618,63552.20057227282,27943.016610406405,0.694595876474992,3894,1682,50513.68655044538,0.0008941135391191323,0.10680981192980767,100.08941135391191,9987.263151894307,92.25154665532128,0
flashbots-c1,484,10000,276.03586529033277,-275.8967562469387,275.8967562469387,0.1391090433940576,99741.33437904745,58375.07035539968,0.630809526352188,10547,2998,63681.28910845586,-0.00000039185122034268717,0.038105064336258036,99.99996081487797,10001.2289550486,108.23916588867387,0
flashbots-c1,485,10000,350.02862820234714,-350.01666196609847,350.01666196609847,0.011966236248667883,109266.11352135189,45361.94021749365,0.706638354938449,7255,2625,80910.49449613,-0.0018266323122526273,0.030092694427198693,99.81733676877474,10013.655422936246,119.5297720697439,0
flashbots-c1,486,10000,584.3966980061629,-584.383179754347,584.383179754347,0.013518251815867188,86345.75502324241,20915.88991664897,0.8050012198827449,4602,2242,71672.38685930388,-0.0003273752939917074,0.05535110663593017,99.96726247060083,10004.016106160614,77.7629685280421,0
flashbots-c1,487,10000,347.9208613664919,-348.0896784730588,348.0896784730588,-0.1688171065669053,90383.0449045963,33735.63764063731,0.7281985519920199,4473,1921,73600.29532242104,-0.0005475539788825756,0.022426179824858963,99.94524460211174,10010.368837322669,172.84417558901163,0
flashbots-c1,488,10000,394.80286645028394,-394.68868062345933,394.68868062345933,0.11418582682460965,118805.46702722061,46065.2943092852,0.7205975520713181,7720,2794,87497.55922331568,-0.00007770836202936948,0.041657165366269594,99.99222916379706,9993.276192299169,122.67048292464139,0
flashbots-c1,489,10000,994.9944473757703,-995.0246722600984,995.0246722600984,-0.03022488432816317,158555.1569690331,35946.840973651386,0.8151852353504145,6802,3099,127440.6507422163,-0.0006110468718087248,0.07990844845477554,99.93889531281913,10004.468592927571,119.25194359041714,0
flashbots-c1,490,10000,464.98720923529794,-465.00801582209715,465.00801582209715,-0.020806586799210436,99768.65837729888,27268.346143976643,0.785351156171115,6633,2525,77135.47342308966,-0.0017059471072192877,0.04692190465122323,99.82940528927807,10016.349867324678,97.31936629640732,0
flashbots-c1,491,10000,733.9582379249971,-733.9442125024887,733.9442125024887,0.014025422508439078,171282.14330158976,106405.65924325849,0.6168155091145088,10846,4068,120591.59719967975,-0.0009214274218487617,0.052065084783047694,99.90785725781512,10003.749691911155,79.77451593859573,0
flashbots-c1,492,10000,393.8411044807116,-393.9124336289252,393.9124336289252,-0.07132914821363556,93933.81232044076,26291.24194676955,0.7813164476654338,5945,2339,73738.94076780681,-0.0000019454021581566393,0.030878371510803363,99.99980545978418,10005.862160447037,121.66367939265241,0
flashbots-c1,493,10000,673.8551501913288,-673.7148885507439,673.7148885507439,0.14026164058486756,120265.03796262249,54087.174946216604,0.6897821137808193,9931,3675,86332.81139658176,0.008882371317272373,0.10197756946808752,100.88823713172724,9962.197029228151,40.56523644849904,0
flashbots-c1,494,10000,234.27913364303137,-234.2071059972238,234.2071059972238,0.07202764580756593,75948.88601480173,22533.98330977535,0.7711888020290263,7746,2254,52441.22607433034,-0.0010624728401249684,0.05700816494352537,99.8937527159875,10016.341291339826,62.51250639959682,0
flashbots-c1,495,10000,580.1928953696969,-580.3950866291028,580.3950866291028,-0.20219125940593585,115031.41001528155,38400.93876051188,0.7497207136115335,7982,2971,85911.29017330964,0.00002118736576207425,0.07940252791374888,100.00211873657621,9992.97766546573,93.3622555485158,0
flashbots-c1,496,10000,317.78424986185735,-317.81742181465455,317.81742181465455,-0.033171952797204085,85275.60909153122,64914.698355165114,0.5677837041634406,6918,2737,62789.428747021106,-0.0000021495145350058918,0.027069645073611637,99.9997850485465,10001.211628955196,63.81967609577817,0
flashbots-c1,497,10000,414.6008670859221,-412.7697560232414,412.7697560232414,1.8311110626806908,111458.60300280903,31165.211514810526,0.7814866218505157,7671,2645,82172.31864005543,-0.009760228215505293,0.04722527379143287,99.02397717844947,10137.853743728718,142.06103934942544,0
flashbots-c1,498,10000,216.80461407490387,-216.8041953802501,216.8041953802501,0.0004186946537743097,100210.91795712637,32093.713189537568,0.7574256251547185,10477,2827,66052.40454885502,-0.0003567914591498322,0.014703063132641745,99.96432085408502,10004.266872680522,95.30359048196318,0
flashbots-c1,499,10000,167.2981443507708,-167.29437031019577,167.29437031019577,0.0037740405750241734,66595.28095999753,19617.12213732945,0.7724559177966159,6292,2071,47901.62588343228,0.00014146802824555494,0.016072485672623458,100.01414680282456,9997.288108742086,87.47165406845828,0
flashbots-c1,500,10000,624.8599440630335,-624.7278346322475,624.7278346322475,0.13210943078593118,142025.35263406293,59374.37389767494,0.7051913876937745,7228,3253,109920.11425185698,0.003969290629201225,0.03490954552581158,100.39692906292012,9959.591548712164,108.87813137566569,0
flashbots-c1,501,10000,564.326251196387,-564.3957368464175,564.3957368464175,-0.06948565003051499,107388.24343313805,46321.46392627704,0.6986432104905068,5312,2473,86026.49676595825,0.0008387095814606483,0.06893137336437988,100.08387095814606,9987.661474165838,99.87699805983084,0
flashbots-c1,502,10000,544.7472000963508,-544.7979209930329,544.7979209930329,-0.05072089668215085,121959.9728185555,67517.95175335143,0.6436632293397939,8458,3351,88741.19836711304,-0.00009797348203576916,0.041924366419221,99.99020265179642,10000.804295408798,75.81893143355069,0
flashbots-c1,503,10000,301.26135173845,-301.24922967870765,301.24922967870765,0.01212205974235303,96301.52304792029,28201.654075873295,0.773486470567475,8214,2614,69605.99419180556,0.0007790002103709526,0.02110901877115495,100.0779000210371,9990.750304970356,97.94582952960913,0
flashbots-c1,504,10000,694.1173938150839,-694.049041738702,694.049041738702,0.06835207638187057,182196.46896764074,132246.1232926879,0.579426812563609,10835,4016,123901.9209183064,-0.0007313837093678899,0.04209779001945762,99.92686162906321,10000.47318459002,67.85407064680061,0
flashbots-c1,505,10000,97.43825003350857,-97.48698214259852,97.48698214259852,-0.04873210908995418,41205.8969912384,17682.602305350993,0.6997274082959165,4149,1248,29141.15086878252,0.000002471595344815114,0.023895189246825765,100.00024715953448,10002.744927361158,80.97984172022159,0
flashbots-c1,506,10000,255.81134964186134,-255.71865110474067,255.71865110474067,0.09269853712066833,114288.25440849326,33486.34101549628,0.7733958200364652,9734,2504,75596.26175650541,0.0002641052132058519,0.020033508711143497,100.02641052132059,9992.927061251788,125.3239000523486,0
flashbots-c1,507,10000,282.88096505284665,-282.95302991458675,282.95302991458675,-0.07206486174010251,77382.67483382135,21976.41744444048,0.7788182546707045,5605,2098,59924.344939654984,-0.00011318480787807061,0.02528150004611092,99.9886815192122,10004.463642454048,116.76323549341127,0
flashbots-c1,508,10000,800.0170834521455,-800.0812501929954,800.0812501929954,-0.06416674084994156,171722.41942079217,37145.87802497644,0.8221564570629913,10427,3914,126905.3311868211,-0.00045169016013531406,0.0653956152367678,99.95483098398647,10005.128074913175,95.07703668238047,0
flashbots-c1,509,10000,534.0636194591012,-534.0344867938353,534.0344867938353,0.02913266526593361,153841.58740344577,111180.00332887778,0.5804869972229111,10602,3847,104276.46442495906,0.00000020421255086944257,0.040263829141054114,100.00002042125509,9999.03496222179,93.67146644680534,0
flashbots-c1,510,10000,583.0618151802765,-582.9446695755845,582.9446695755845,0.11714560469204116,127503.43470987037,64685.70181056708,0.6634268565763165,7400,3100,96903.3943411494,0.002197716718331577,0.057077802729438784,100.21977167183316,9976.830191370382,87.51734843932982,0
flashbots-c1,511,10000,458.83531704627205,-458.8324115978174,458.8324115978174,0.002905448454669113,147882.44233857474,74615.18979661335,0.6646472635210893,10846,3651,101878.92608598406,0.0010154964499896834,0.03025722330231275,100.10154964499897,9987.964178939674,103.86260754960776,0
flashbots-c1,512,10000,351.75761390964055,-351.7178004794852,351.7178004794852,0.03981343015533412,118056.95200724459,34179.52927370521,0.7754839773876049,10521,2980,80835.25515921155,-0.0000004814555519772057,0.035509614594647874,99.9999518544448,10000.971748486083,90.71353089466925,0
flashbots-c1,513,10000,801.5145262192419,-801.4011840474154,801.4011840474154,0.11334217182650264,157667.23913941463,110514.12617106974,0.5879127319561406,9659,4055,114851.72757859004,0.0009282326333648427,0.05671375987023154,100.09282326333648,9979.640975719878,46.23435740383001,0
flashbots-c1,514,10000,266.9777852266465,-266.7177743756596,266.7177743756596,0.2600108509869301,105676.75139419982,45605.490145991615,0.6985403595181691,9402,2441,70046.02382175306,-0.00007497391810503018,0.04623743648195358,99.9925026081895,10001.651652248347,201.20910727615166,0
flashbots-c1,515,10000,392.29479543115593,-392.2962855406717,392.2962855406717,-0.0014901095157711097,111095.7308477761,38039.11262596393,0.7449347735248608,8457,3099,80742.8202100522,-0.0004686640312138479,0.056780127817532104,99.95313359687862,10003.86800245949,85.3506831389895,0
flashbots-c1,516,10000,674.8528932178071,-675.1120985246276,675.1120985246276,-0.2592053068204905,110050.62006993168,43957.262298186055,0.7145778409372768,6748,2980,85712.06886075086,-0.000002763501024958259,0.061652410064451005,99.9997236498975,10004.78682208571,36.74187400178701,0
flashbots-c1,517,10000,1030.6722124779153,-1030.6892702262355,1030.6892702262355,-0.01705774832021234,153718.2108540431,88602.26791760311,0.6343591413868962,9852,4050,112459.43834668271,0.0000004475166298334443,0.08083531614179648,100.00004475166298,10002.56290211103,33.76847659356618,0
flashbots-c1,518,10000,507.4001934379785,-507.4392452038048,507.4392452038048,-0.039051765826286555,77408.70679337802,40558.64595851556,0.6561875382266343,4165,2075,62964.264863258504,-0.00000512748596122492,0.046448751961946186,99.99948725140388,9992.623796950225,72.43327741346008,0
flashbots-c1,519,10000,1353.715272300497,-1353.5200798156604,1353.5200798156604,0.19519248483652518,227867.69097165854,86242.67530346764,0.7254383027017691,11561,4368,167652.1397011626,0.004261905758461495,0.06890288778956616,100.42619057584615,9953.119171194048,105.0759677992,0
flashbots-c1,520,10000,448.2504494702149,-448.00515166278814,448.00515166278814,0.2452978074267662,148476.57804279742,69188.5916852826,0.6821329210745246,9666,2976,102457.94652584207,-0.0034235438348837023,0.04317184491361061,99.65764561651163,10044.476577552676,138.28744481730243,0
flashbots-c1,521,10000,101.25848930980366,-101.303159619247,101.303159619247,-0.04467030944333317,50163.27245850846,13982.727190919732,0.7820171598020396,4765,1270,34816.469865316256,-0.0008704407797547731,0.016415196179652865,99.91295592202452,10014.423731488583,111.02052442371586,0
flashbots-c1,522,10000,274.65427183463754,-274.65748966648795,274.65748966648795,-0.003217831850406583,83468.88408164369,22142.859718116535,0.7903371450801969,6674,2319,61826.801978504394,0.00043624479249658064,0.04276827426661512,100.04362447924966,9993.739903857038,94.86528978636358,0
flashbots-c1,523,10000,268.81069232374705,-268.8629214959413,268.8629214959413,-0.052229172194245166,87907.8372524209,18859.043708369773,0.8233624178335264,7461,2277,63598.444744140696,0.0000033595773292915964,0.028438074963085144,100.00033595773293,10003.192203164319,112.16467383836296,0
flashbots-c1,524,10000,310.2285473442323,-310.4302152453202,310.4302152453202,-0.20166790108788746,58768.337912511925,55518.8614211679,0.5142162749209412,4407,1939,45332.566320156075,0.0005144645805251003,0.048658468179258986,100.05144645805251,10008.655259106456,60.93384366556086,0
flashbots-c1,525,10000,377.5955205424347,-377.6751990105248,377.6751990105248,-0.07967846809009416,82816.76913061104,29350.107403223377,0.738335341856737,5774,2233,64236.22926728054,-0.000004273533232179716,0.03995990978736131,99.99957264667678,10010.863581591417,103.88130537616819,0
flashbots-c1,526,10000,191.64950925160787,-191.63736886764164,191.63736886764164,0.012140383966226409,90364.50782673171,48043.31749713967,0.652885829361748,10302,2507,56810.892341093575,-0.00016117781504149776,0.02780014557314644,99.98388221849585,9993.39643333328,104.74560557098565,0
flashbots-c1,527,10000,244.35257330717093,-244.27680740705225,244.27680740705225,0.07576590011868234,73362.4034170395,28374.54319722401,0.7210989307079725,6495,2132,52972.04895395804,-0.0006202857610033163,0.026418500673793234,99.93797142389967,10007.702411415496,81.35558103079696,0
flashbots-c1,528,10000,419.9580836423048,-419.84903626969646,419.84903626969646,0.10904737260835873,117492.43707256118,40077.97367639032,0.7456503826708658,9351,3052,83349.18850162154,0.002142539617880317,0.03750692112775312,100.21425396178803,9972.269198788994,89.07469559322297,0
flashbots-c1,529,10000,266.93098837878387,-266.9201220495932,266.9201220495932,0.010866329190662327,63507.20963746509,13267.878064951849,0.8271851135308549,4061,1754,51019.550812887246,-0.0000020710036399407274,0.03716701582310662,99.999792899636,10001.21180220455,100.28336618752037,0
flashbots-c1,530,10000,570.2697926340792,-570.6642361092769,570.6642361092769,-0.3944434751977042,98947.84385439826,51377.658800956655,0.6582239347720786,5287,2541,80546.39661860718,-0.00000043033579856910363,0.03889006679174486,99.99995696642014,10017.118609540168,101.69769729782128,0
flashbots-c1,531,10000,830.3016342744905,-830.3463409672271,830.3463409672271,-0.04470669273655403,186811.26601830093,46491.033121976645,0.8007262110433682,10652,3945,135780.3365954839,-0.0002500379300317945,0.08017803686193588,99.97499620699682,10008.793893479287,110.13111417837389,0
flashbots-c1,532,10000,331.8133074159848,-331.74468439641873,331.74468439641873,0.06862301956607553,117442.72759522301,53718.99661408144,0.6861506457577432,9131,2831,82153.01812924247,-0.0022407983796064457,0.023883096353506092,99.77592016203936,10029.98410576121,124.74795167451322,0
flashbots-c1,533,10000,234.49883029860985,-234.56680661499811,234.56680661499811,-0.06797631638826829,78202.1334127909,32557.9169137517,0.7060499989141888,6492,2124,56453.531545106845,-0.0006135763538738104,0.03772455552933252,99.93864236461262,10017.912728581161,142.7729189741036,0
flashbots-c1,534,10000,449.9019807819444,-450.14231037712926,450.14231037712926,-0.2403295951848463,72742.04908713793,64088.772985836215,0.5316203468275839,6393,2705,53991.74917820655,-0.0032042851945229245,0.08425630894480123,99.67957148054771,10010.096766876628,33.98897758375087,0
flashbots-c1,535,10000,437.1175355099407,-436.8560086333904,436.8560086333904,0.26152687655030604,59893.03038011539,30116.757480650467,0.6654057497920403,5088,2323,47005.97052882454,-0.000020901876241055106,0.05999230789954623,99.9979098123759,9999.299493965098,17.266303552170353,0
flashbots-c1,536,10000,525.8514579534719,-525.9366479237266,525.9366479237266,-0.08518997025464614,115038.85074949804,20692.726633090693,0.8475467018646385,9437,3004,84090.80330155362,-0.00017894008912193725,0.09338256257356164,99.9821059910878,10002.802288110652,85.9329445092417,0
flashbots-c1,537,10000,369.1440057593118,-369.146943858357,369.146943858357,-0.002938099045195486,99366.37838205602,29421.186481783458,0.7715525834121565,7559,2732,73770.44059083014,-0.00005410976314550453,0.027907554580611275,99.99458902368545,9997.565527324381,86.57890930611123,0
flashbots-c1,538,10000,320.3712027315002,-320.0024489219187,320.0024489219187,0.3687538095815057,66193.74974181704,36419.97729590688,0.645076946844375,3871,1774,53545.33502953914,0.0000016181297485218237,0.040814686751039775,100.00016181297485,10005.109361391096,64.3198757310599,0
flashbots-c1,539,10000,290.6273664023564,-290.63819334197524,290.63819334197524,-0.010826939618823417,74486.56963833209,38004.77165625279,0.6621538047383717,4862,2103,58521.00469273265,-0.0016897667515358705,0.02363948775245234,99.83102332484641,10020.503726224846,106.7799829552167,0
flashbots-c1,540,10000,704.0025613262162,-704.002503580747,704.002503580747,0.000057745469234760094,170530.8140240617,66823.18870941117,0.718466139437945,9588,3784,124767.31307213994,-0.000001022750291781449,0.06621788836170196,99.99989772497082,10005.006453376103,90.5869240700577,0
flashbots-c1,541,10000,350.24134861221097,-350.1624558600565,350.1624558600565,0.07889275215444513,64787.37554568346,39207.9659976322,0.6229834392985625,3900,1895,52656.679859737655,0.0008346376870044025,0.051861326721871846,100.08346376870044,10000.542905765842,42.0996734967568,0
flashbots-c1,542,10000,381.540624549194,-381.5313532637979,381.5313532637979,0.009271285396096118,132689.17282112897,41813.88266922967,0.7603830915640334,10219,3238,93581.83603966371,0.000461704976570303,0.030795915118454503,100.04617049765703,9988.592688159022,99.12963906929552,0
flashbots-c1,543,10000,306.23027987189084,-306.1650908163637,306.1650908163637,0.06518905552712795,67034.15841461088,15904.459078059865,0.8082381939937046,4626,1821,53597.512323987736,0.0015926987792883552,0.04409897482672605,100.15926987792884,9984.96893102044,82.93519514019627,0
flashbots-c1,544,10000,553.2929364530194,-553.8217735128572,553.8217735128572,-0.5288370598378833,118510.86842019325,76525.83359557448,0.6076336771250994,7469,2952,88397.68563122812,-0.000002767647152950303,0.05543268386285447,99.9997232352847,10006.206384958548,83.85583403727492,0
flashbots-c1,545,10000,1165.201421006242,-1165.2809806406678,1165.2809806406678,-0.0795596344257774,209015.81661753164,44537.23901113294,0.8243474569821042,11651,4286,155158.1513012996,-0.0004807615883024141,0.05093052118884302,99.95192384116976,10004.581593903582,93.23300619833327,0
flashbots-c1,546,10000,657.8793027424617,-658.3261408351811,658.3261408351811,-0.44683809271941755,193254.13612196565,31466.20355299068,0.8599761659380519,11550,3560,138872.9789980603,-0.0004665181354504,0.035314219661165824,99.95334818645496,10042.907121961012,305.13540527244663,0
flashbots-c1,547,10000,290.53988853024765,-290.5003029842435,290.5003029842435,0.03958554600416164,94822.18795371089,35036.55992224387,0.7301948425090937,7726,2653,68459.45905319808,-0.0000006477148349404161,0.0455257082823016,99.9999352285165,9995.397642691987,98.21059136074548,0
flashbots-c1,548,10000,246.70169929502242,-246.6932537909812,246.6932537909812,0.008445504041219465,82016.88897656601,28449.790376303772,0.7424581734241775,4878,1948,63504.38236870604,-0.0007923998616438155,0.022044637533955438,99.92076001383562,10016.48307427601,159.14265862726558,0
flashbots-c1,549,10000,123.6444882350747,-123.47820698820951,123.47820698820951,0.1662812468651964,51792.19230711547,20217.01702616855,0.719244007629676,5405,1554,36084.82353227463,-0.0039254783230119016,0.04437201051071583,99.60745216769881,10041.080752075777,101.7972663837582,0
flashbots-c1,550,10000,315.20012996719,-315.0524934438113,315.0524934438113,0.1476365233787078,95813.20425731025,36279.03623184064,0.7253507390177067,5388,2196,75322.3597518682,0.002825948343503768,0.027301849187579136,100.28259483435038,9968.730538976266,130.97145669698696,0
flashbots-c1,551,10000,769.5884618899202,-770.0216463331657,770.0216463331657,-0.43318444324552274,119390.71847698788,42277.23448435203,0.7384934137536714,6843,2987,92976.65095949962,-0.0000010812050240360804,0.09579582044254678,99.9998918794976,9995.815433926151,68.6646416531645,0
flashbots-c1,552,10000,333.0317836378892,-332.99822286667523,332.99822286667523,0.033560771213956286,63838.407726956844,23830.4775040392,0.7281763371206442,4990,2059,50649.7553384967,-0.0032985460550226265,0.03779048194130965,99.67014539449774,10021.85014406977,55.18647110103805,0
flashbots-c1,553,10000,328.39211888634605,-328.4150766659695,328.4150766659695,-0.022957779623425267,122739.27696222317,58869.72765517991,0.6758435641492493,9142,3073,85559.20901011139,0.00008709622536869688,0.024876540025397135,100.00870962253687,10002.200066486932,101.98080623911477,0
flashbots-c1,554,10000,387.8690762995202,-387.7797300012038,387.7797300012038,0.08934629831639995,89444.26624898236,69057.31498445795,0.5643115075126557,6282,2746,68059.3138366157,-0.0023958692407730097,0.04530885660919324,99.7604130759227,10010.894010117781,39.7306217339827,0
flashbots-c1,555,10000,408.00378882730803,-409.3554554816892,409.3554554816892,-1.3516666543811766,82028.2701529023,39857.30442270195,0.6729940802143168,6290,2259,60954.91699042828,-0.0000006620394320577816,0.1031142155626128,99.9999337960568,9993.94058392713,99.0478883338801,0
flashbots-c1,556,10000,265.3578997118329,-265.38841870147485,265.38841870147485,-0.03051898964196198,119350.31940689596,27482.18425221912,0.8128331018857956,9534,2580,81626.60367213731,0.0003669791919699605,0.01598981558771726,100.036697919197,9984.550661312185,202.7625046711033,0
flashbots-c1,557,10000,382.92966018707074,-383.0471778102216,383.0471778102216,-0.11751762315088854,129533.1590052412,60378.27835834899,0.6820713949800018,11100,3347,86790.9397445668,-0.0006640612075655383,0.027279135204172036,99.93359387924345,10009.40128230888,106.7344285451224,0
flashbots-c1,558,10000,417.6070137749899,-417.6187976639759,417.6187976639759,-0.011783888985974045,117215.19074487708,29398.5692855198,0.7994828774637204,8501,2836,86128.16088509104,0.00028109677479733365,0.039517918732697555,100.02810967747973,9989.864342101198,116.09850474915106,0
flashbots-c1,559,10000,1191.4455998462456,-1190.7608403999552,1190.7608403999552,0.6847594462903999,183207.11740584427,93660.74760195459,0.6617131872660037,10770,4372,133499.98348684312,0.0001521496344003026,0.06256985889614242,100.01521496344003,9985.174239324053,69.45967769035484,0
flashbots-c1,560,10000,291.4361326062782,-290.16012094187516,290.16012094187516,1.276011664403029,76503.70232955259,38931.45415158685,0.662741790817014,5003,2166,59653.899988737416,-0.012030545494199884,0.039535733351454494,98.79694545058001,10104.863546490536,85.91916807170469,0
flashbots-c1,561,10000,426.9014735774932,-426.91423046170627,426.91423046170627,-0.012756884213047215,93011.77034307367,16272.104071164486,0.8511024233137505,7113,2532,70713.39530777714,-0.000009392439447424294,0.06140740705994304,99.99906075605526,10006.432222368743,72.1248658647297,0
flashbots-c1,562,10000,584.4856685295922,-584.4835800576071,584.4835800576071,0.0020884719850755573,124176.80875604929,23399.841772066302,0.8414394032638091,7723,2928,96707.16594951395,0.0005918081513756591,0.04229878993685432,100.05918081513757,9994.291442654623,99.63677897888302,0
flashbots-c1,563,10000,679.4992313343356,-679.3698153372103,679.3698153372103,0.1294159971253066,140602.31700693924,40073.59136754717,0.7782017994093227,7770,3255,109390.60009522147,-0.00351988353576246,0.056153976981857735,99.64801164642375,10033.65866854565,95.99120198730567,0
flashbots-c1,564,10000,712.948439534158,-712.945516991167,712.945516991167,0.002922542990972943,169133.87938046976,74743.22822988109,0.6935209337101849,10419,3894,120664.91391915175,0.0002379192272263708,0.0706284614651463,100.02379192272264,9997.47566456516,98.954955671467,0
flashbots-c1,565,10000,527.5357579674385,-527.8045080825755,527.8045080825755,-0.26875011513698155,132874.38089120237,65397.27453448971,0.6701632697115438,7157,2845,99066.89543582605,0.00000013458779392294672,0.044987807731538966,100.00001345877939,10020.066542701277,218.39122965706557,0
flashbots-c1,566,10000,549.0861322626484,-548.7456149661241,548.7456149661241,0.3405172965243537,114182.77395114893,31091.851080697437,0.78597878966212,6716,2676,88214.16165308861,0.006752132207389963,0.059862874490521564,100.675213220739,9919.036016972836,109.61850464730547,0
flashbots-c1,567,10000,1115.676613592425,-1115.5417501045033,1115.5417501045033,0.13486348792162062,166155.3440761658,53931.84562518102,0.7549523636593058,10272,4066,123146.766457882,-0.0003719891855845958,0.06403493943799972,99.96280108144154,10001.518439948946,51.24606829775438,0
flashbots-c1,568,10000,270.0983029136735,-270.0614653647389,270.0614653647389,0.03683754893455671,102153.20139796985,22086.782303864824,0.8222248454501474,9627,2720,71646.16674725451,0.00014493422971710855,0.02120026588935545,100.01449342297171,9996.804208259935,112.53721362883763,0
flashbots-c1,569,10000,1340.7124575292144,-1340.7460207486738,1340.7460207486738,-0.03356321945943819,205015.3394295806,50001.75007776975,0.8039278458774484,9119,3955,159876.40236014494,-0.000003642115197521889,0.06937917941214565,99.99963578848025,10000.177454590834,102.45326020043706,0
flashbots-c1,570,10000,826.446632913398,-825.9440899084028,825.9440899084028,0.502543004995232,150185.8436792947,97154.7490245014,0.6072025705022485,8919,3977,110001.78940747395,-0.010435940584098517,0.062091832877068355,98.95640594159015,10027.742843195387,45.819512705477635,0
flashbots-c1,571,10000,1251.8570282797489,-1251.6216359678192,1251.6216359678192,0.23539231192967236,201269.7555374676,87410.29082620132,0.697207022351365,11414,4542,146962.1038774502,-0.005955323793185699,0.06833956208558063,99.40446762068143,10023.375025344143,67.94677806911939,0
flashbots-c1,572,10000,233.68219171714816,-233.65272750155435,233.65272750155435,0.029464215593804965,59836.070110364155,29420.67056952094,0.6703815269813994,5012,1952,45267.428453935376,0.0000008748408032488442,0.03268404555495266,100.00008748408032,9998.030531606071,61.81167045016577,0
flashbots-c1,573,10000,554.1074753581879,-554.1764336803234,554.1764336803234,-0.06895832213547237,126171.57342567678,64444.36775233741,0.6619151191969117,10624,3704,87591.614676724,0.002776170221800669,0.043337573591405346,100.27761702218007,9989.846032007557,51.63776651458527,0
flashbots-c1,574,10000,476.49690348430863,-476.58299125437946,476.58299125437946,-0.0860877700708329,131181.07420091645,42355.997096437655,0.7559253663797225,6853,2621,99768.53276351592,-0.0000022456711700158393,0.047272597461065685,99.999775432883,9992.813032042848,167.5473347110451,0
flashbots-c1,575,10000,757.8438517816253,-757.7911077977998,757.7911077977998,0.05274398382550771,187009.87460261316,63052.65315550701,0.7478524522614743,11395,4121,134182.78682003653,-0.0005173276825092898,0.03570573255124401,99.94826723174907,9999.942878626392,88.1459098851723,0
flashbots-c1,576,10000,456.92481877453014,-456.9403367762135,456.9403367762135,-0.015518001683346938,140129.81421766232,80777.4262230796,0.6343378059410052,10675,3533,93740.17238889862,-0.000471914633107815,0.05350388484275399,99.95280853668922,9999.533670922005,83.24196392931401,0
flashbots-c1,577,10000,320.9234795345658,-320.7665171701012,320.7665171701012,0.1569623644645617,55271.79476862759,14623.428872134937,0.790780712752357,4024,1714,44997.9882034241,-0.000000040377483543352356,0.05345368659302963,99.99999596225165,10000.787699771325,44.438527779382895,0
flashbots-c1,578,10000,373.51620355267374,-373.4159528842299,373.4159528842299,0.10025066844383446,133891.2729335055,75340.39566970392,0.6399187743774067,10919,3024,87368.59172930015,-0.00036481018860968107,0.03427151562104129,99.96351898113903,10006.959275601532,183.1108844988538,0
flashbots-c1,579,10000,182.1844890432344,-182.14297098467569,182.14297098467569,0.04151805855872226,65190.39106923384,25216.228526183288,0.7210798430576256,4972,1786,48756.75789560368,-0.0003350276369241101,0.025995633535771532,99.96649723630759,10010.963233188912,143.8945402773289,0
flashbots-c1,580,10000,420.5205313754152,-420.53285447290364,420.53285447290364,-0.012323097488433632,121803.39486725378,45231.78668601818,0.7292080251273738,8931,2889,86652.58638735783,-0.00024173252114920274,0.02813676982896979,99.97582674788508,9988.601617971002,157.51798221163267,0
flashbots-c1,581,10000,183.63196691810967,-183.58906940275213,183.58906940275213,0.04289751535753794,57147.80036829839,42407.75782544842,0.5740292295592584,7120,2232,37805.87008821721,-0.002253171847037123,0.03091164501253175,99.77468281529629,10010.39221841941,27.90702266373063,0
flashbots-c1,582,10000,309.70358952230606,-309.69878306655534,309.69878306655534,0.004806455750724581,86185.39471847717,46880.96752066367,0.6476873138200673,6937,2546,63131.824644923225,0.0000002740317235350176,0.036250198227509,100.00002740317235,10001.119099251322,66.33948181015751,0
flashbots-c1,583,10000,299.3107936519164,-299.24689480473097,299.24689480473097,0.06389884718544181,65723.63403093761,13823.357252031396,0.8262240088646701,5298,1981,51099.28941082328,0.000003801394943394598,0.034587014486849484,100.00038013949434,9996.4301036632,62.790361907341946,0
flashbots-c1,584,10000,443.6208673379716,-443.6244460405361,443.6244460405361,-0.003578702564482228,154128.90463651373,62125.705667784176,0.7127196244262013,11552,3828,105381.20873642887,-0.0000028867908450536106,0.029482355299557526,99.9997113209155,10000.679352140183,102.45791525013938,0
flashbots-c1,585,10000,176.5963772236154,-176.64164285397476,176.64164285397476,-0.045265630359352826,52859.221035737275,14050.05392778102,0.7900133586047421,5079,1728,39557.04551121192,0.0009664516045272364,0.027871634685526205,100.09664516045272,9995.01016839338,62.998818361584135,0
flashbots-c1,586,10000,474.0571764576974,-474.02345527639847,474.02345527639847,0.033721181298915326,117285.0224469715,48552.09587061582,0.7072302246736111,6258,2604,91180.73952406704,-0.0000005116606800470436,0.030404070582942068,99.999948833932,9982.116395888163,135.47173399506005,0
flashbots-c1,587,10000,446.3095425706605,-446.53089741450077,446.53089741450077,-0.22135484384028814,85710.61448366995,29503.145015467482,0.7439268960259181,5303,2172,68581.15533589353,-0.00033950290250771785,0.05285265095214015,99.96604970974923,10012.056395613292,79.6243781498357,0
flashbots-c1,588,10000,292.42444031808066,-292.38476309677,292.38476309677,0.03967722131068285,91651.71572043732,30790.766883882807,0.7485287277016023,6367,2203,69418.52318939337,0.0007257338606569874,0.03500263531359238,100.0725733860657,9982.244424314891,142.9535982638559,0
flashbots-c1,589,10000,388.9556331976371,-388.864995328841,388.864995328841,0.0906378687960796,130348.46781216,27596.056171970642,0.8252800700153218,11104,3105,89299.74568155367,-0.00013649039076881308,0.02768515960375609,99.98635096092312,9999.233722310146,104.12931698699431,0
flashbots-c1,590,10000,549.1932439129481,-549.1831677229693,549.1831677229693,0.010076189978803995,151404.66830689635,53064.47097238477,0.7404768702043351,10130,3569,108509.34267217242,-0.000006922031820266739,0.054210561560949486,99.99930779681797,9999.733045924826,102.17605587213778,0
flashbots-c1,591,10000,571.0977787037058,-566.3684588671667,566.3684588671667,4.729319836539048,140102.46712646176,39713.6314658671,0.7791430701880364,7891,2957,105333.03075705374,0.016535632842256405,0.046668687407021424,101.65356328422564,9709.08079580137,170.94502230468575,0
flashbots-c1,592,10000,756.2154923794689,-756.2694591601831,756.2694591601831,-0.05396678071429051,156248.11816939584,64494.7975097023,0.7078284604908422,8993,3677,115849.22100081193,0.0000012841587667367093,0.06095188785435724,100.00012841587667,10000.7468089641,86.88299440932985,0
flashbots-c1,593,10000,194.38898665152135,-194.4731133901026,194.4731133901026,-0.0841267385812614,61608.38699006669,26442.726847548234,0.6996889000596372,4867,1679,46087.46383457669,-0.00032144271252974475,0.0394920273758261,99.96785572874703,10013.001574489675,127.52394978198895,0
flashbots-c1,594,10000,211.75901271286122,-211.6287336309671,211.6287336309671,0.1302790818941162,81623.89413666673,55618.85821785472,0.594741017185507,8303,2512,54356.97221740751,-0.004572888138890505,0.0340259912754199,99.54271118611095,10009.517466319407,40.779985185185986,0
flashbots-c1,595,10000,242.0748632560892,-242.0721821752707,242.0721821752707,0.0026810808184905,93262.39319827892,42833.19360717022,0.6852712522677096,9340,2506,60327.94442386815,-0.0005679684077904313,0.046337485410733306,99.94320315922096,10007.900464463017,104.341102744763,0
flashbots-c1,596,10000,490.09152363897806,-490.18034067349055,490.18034067349055,-0.08881703451248768,97757.53998782656,37292.29567901296,0.7238627096814023,5372,2341,78479.47754777581,0.0000004625908775324206,0.043391428752890135,100.00004625908775,10002.409627019853,87.41606387806199,0
flashbots-c1,597,10000,573.987891975553,-573.4624601997283,573.4624601997283,0.5254317758246998,156027.93172079985,41413.914015948256,0.7902475340958574,10500,3462,112062.53574606005,-0.006478756988343548,0.050096375684247935,99.35212430116565,10060.203060364374,95.73666565786881,0
flashbots-c1,598,10000,920.839840598815,-920.7766656303191,920.7766656303191,0.06317496849590043,205993.44127080266,85280.50584634862,0.7072154695248163,10867,4243,148930.33222183082,0.00022990680346850922,0.06592595732886807,100.02299068034685,9995.930754487,92.16854290901698,0
flashbots-c1,599,10000,2079.1536383993166,-2078.8841451081794,2078.8841451081794,0.2694932911372234,231137.05511553626,78292.44956087785,0.7469780729450729,11229,4508,174691.43470828226,0.0000927231917327731,0.18465439687491197,100.00927231917328,10015.029992241884,85.52272691216025,0
flashbots-c1,600,10000,221.57749375588492,-221.3845688035369,221.3845688035369,0.19292495234802232,56020.86615516482,40811.4599217684,0.5785347561583544,4177,1892,43156.50582689955,-0.002276821055048117,0.04826997442804725,99.77231789449519,10019.269361629607,53.75655396086622,0
flashbots-c1,601,10000,277.4307290070398,-277.41569447395796,277.41569447395796,0.015034533081859536,73304.94340426142,33441.28098058824,0.686721650594187,4120,1897,58943.828680542676,0.0000005241265864697198,0.03040965504436727,100.00005241265865,9997.458424439139,110.0934412303796,0
flashbots-c1,602,10000,503.3251354859879,-503.4222195581423,503.4222195581423,-0.09708407215435955,111244.99689595163,30593.25620547319,0.784308848025668,5454,2335,88833.50175107238,0.0000018526204721069917,0.03557126766361307,100.00018526204721,10002.241553789434,126.13494630676568,0
flashbots-c1,603,10000,346.8252780497716,-346.3839195555721,346.3839195555721,0.44135849419950546,116212.66541828602,42139.282670411354,0.7338884479854458,8820,3050,82657.74646033075,0.006659310758019501,0.0274694879043588,100.66593107580195,9932.75454209617,99.4759488368599,0
flashbots-c1,604,10000,986.6222581921006,-986.2122845971594,986.2122845971594,0.40997359494122065,170140.7372669603,105273.1107861457,0.6177639159021275,11254,4354,118152.76744174211,-0.0009028078873446077,0.1505965436151021,99.90971921126554,9989.76198685772,40.19395435154546,0
flashbots-c1,605,10000,243.687490514379,-243.68471187860416,243.68471187860416,0.002778635774831173,66031.9660724591,11614.296387994998,0.8504204063407398,4849,1829,51781.786272984325,-0.0000017441466593481891,0.02566696612736152,99.99982558533407,10001.302511826576,102.41020392610012,0
flashbots-c1,606,10000,167.02839790413208,-167.04245930830874,167.04245930830874,-0.014061404176658243,55565.577278633136,12142.847265355957,0.8206597281337281,4083,1416,42899.81887928789,-0.0008745965347758044,0.027690520466688042,99.91254034652242,10009.776365752487,127.25552115746517,0
flashbots-c1,607,10000,785.2654000850644,-785.8860954523211,785.8860954523211,-0.6206953672567579,131071.90706787912,47414.711709915646,0.7343514486710954,7391,3146,100604.13410920164,0.0006998891358878722,0.06279844937848394,100.06998891358879,9995.180421876636,122.22203561688673,0
flashbots-c1,608,10000,423.9631370009415,-423.91606532314216,423.91606532314216,0.04707167779935162,141353.77469505486,36373.58934929819,0.7953405231384576,11131,3404,98073.36121802125,-0.0022223941395687064,0.031531054107397975,99.77776058604313,10027.496192303024,105.19220550071998,0
flashbots-c1,609,10000,264.05258584982306,-264.21225998480804,264.21225998480804,-0.15967413498498217,96794.72959123994,38542.3819252402,0.7152120250435013,9921,2432,63212.284242158006,0.0000002443944444507906,0.040660639289974654,100.00002443944445,9986.26998725379,100.24624707468026,0
flashbots-c1,610,10000,376.0423778042623,-375.70722181130486,375.70722181130486,0.33515599295742504,124933.11353885068,43474.218004277616,0.7418507994520175,11223,3046,83117.59561354021,0.0000030464263495844078,0.03869427233230496,100.00030464263496,10001.807103803323,122.47292879266541,0
flashbots-c1,611,10000,1091.130671773804,-1090.9373668074297,1090.9373668074297,0.19330496637417127,194604.33465390038,84579.95311133284,0.6970461561846334,11466,4366,139618.3546190269,-0.000008627655888204799,0.08920194165018827,99.99913723441118,9979.93798461383,47.75684995178802,0
flashbots-c1,612,10000,692.2296940754923,-692.1805221043091,692.1805221043091,0.04917197118311378,149814.00504247818,32378.112617890012,0.8222858758453679,11168,3742,108834.48542607922,0.00112125267287297,0.044901062637018894,100.1121252672873,9985.707922440786,54.572305331533386,0
flashbots-c1,613,10000,350.77406288427244,-350.80786815576346,350.80786815576346,-0.033805271491019084,107378.9708638447,70682.45665552327,0.6030445355840189,8324,3040,74005.6196981746,-0.000002174378861781179,0.03467356326290002,99.99978256211382,9993.516171866848,65.467761243177,0
flashbots-c1,614,10000,894.7653883163762,-894.5571283066072,894.5571283066072,0.20826000976899195,185460.9168776216,39789.96172549537,0.8233526902436474,9845,3664,138814.621328079,0.00017486950013363865,0.039419950871192384,100.01748695001336,9986.552330880726,118.1689678595904,0
flashbots-c1,615,10000,149.29129962902354,-149.2642789723668,149.2642789723668,0.027020656656731035,44119.42340119115,18821.90882449681,0.7009610670932841,4686,1592,32567.338526602634,-0.0015102644424466404,0.020859674345734193,99.84897355575534,10001.170502670704,51.05806734201403,0
flashbots-c1,616,10000,164.9337698292055,-164.9253259332112,164.9253259332112,0.008443895994275863,48188.148785119054,8085.846513688488,0.8563129120163994,4320,1443,36952.65861365977,-0.00003189384757547487,0.03598413996472445,99.99681061524245,10001.527247099908,107.76120335627509,0
flashbots-c1,617,10000,555.104432421358,-555.4428897442193,555.4428897442193,-0.338457322861359,159846.04503633603,73135.34249846531,0.6860893341209894,9701,3291,113171.12888753,-0.0000002012641331816667,0.04573333080365117,99.99997987358668,10002.685699326918,104.6636433113879,0
flashbots-c1,618,10000,863.848024589489,-863.7609189360406,863.7609189360406,0.08710565344836141,196133.8217221129,107253.84290711036,0.6464792230818361,10975,4367,139673.24086651867,0.0015506201850411117,0.07033546185561718,100.15506201850411,9980.879816878622,81.63107379049231,0
flashbots-c1,619,10000,371.62355963800854,-371.49607808557045,371.49607808557045,0.12748155243809833,124349.03070908165,45898.87889292039,0.7303997505742025,11055,3341,83542.87445521429,0.0040502244976406135,0.046690310295815746,100.40502244976406,9962.149084421313,96.09177552407807,0
flashbots-c1,620,10000,1166.862015221025,-1167.3679072904195,1167.3679072904195,-0.5058920693943492,153465.40058475896,59439.14953105199,0.7208178524192196,7811,3437,120096.60218190758,-0.00006315879339609865,0.15692624908351221,99.99368412066039,10031.203460967137,77.39078559825987,0
flashbots-c1,621,10000,309.65540826909637,-309.4572517046609,309.4572517046609,0.1981565644354646,76070.04620533786,33168.14927763263,0.6963685720824332,3992,1775,60227.23606387451,-0.0038472098701319624,0.030391503689766352,99.6152790129868,10044.23732235487,122.78787575107806,0
flashbots-c1,622,10000,95.32511697770398,-95.31245930203899,95.31245930203899,0.01265767566499676,41478.80637165038,16661.44942649254,0.7134266232962682,4643,1367,29085.515057897537,0.0000024904680412873857,0.020679239726618732,100.00024904680413,10000.824457677625,92.90810835553661,0
flashbots-c1,623,10000,377.2474885365374,-377.26463211395827,377.26463211395827,-0.017143577420881684,94067.71575025033,43001.42073653314,0.6862793343658408,8108,2725,67677.5013648176,-0.0000018208260372887253,0.048440307549002026,99.99981791739627,10003.146009223856,86.01573014315113,0
flashbots-c1,624,10000,758.3044040369941,-757.1340971306297,757.1340971306297,1.1703069063644307,110359.53675774527,62627.07015815945,0.6379657866310724,8465,3445,80950.42525140921,-0.000010379790606691586,0.2641511373340195,99.99896202093933,10019.49492518718,33.270632516992315,0
flashbots-c1,625,10000,662.4177929620485,-662.4094187745129,662.4094187745129,0.008374187535537203,118384.6296384739,32294.390050182577,0.7856742755765767,6205,2805,95450.79414428546,-0.0000012432302514753246,0.06394108975697776,99.99987567697485,9993.449040116775,104.8000712852069,0
flashbots-c1,626,10000,197.05810123768777,-197.06235174683394,197.06235174683394,-0.004250509146174863,58704.365869975176,9339.503719289833,0.8627429072498944,4794,1748,45928.72701391439,-0.000002614705732923994,0.019434090290158253,99.99973852942671,10000.832707339972,90.71281131164903,0
flashbots-c1,627,10000,190.51344111950905,-190.45442439727694,190.45442439727694,0.059016722232115626,47424.64902634493,10326.344755336193,0.8211919123959429,4244,1514,36755.0028583226,0.00000042408766645962717,0.03457250536525365,100.00004240876665,10008.049408682065,69.20764041483396,0
flashbots-c1,628,10000,629.4192785956034,-629.4901410580629,629.4901410580629,-0.07086246245955863,147566.2674429994,95224.95682212696,0.6077907794635034,8648,3411,106417.06085745458,0.000002951011483531829,0.0441958635799844,100.00029510114835,10010.158793836335,119.61462933631582,0
flashbots-c1,629,10000,135.519631564415,-135.51811281793596,135.51811281793596,0.0015187464790358263,47617.279484815306,10365.378368881922,0.8212331281012331,4054,1320,36374.26876634015,0.0005651113980752598,0.017882798086042158,100.05651113980753,9989.356034825334,144.8054846259827,0
flashbots-c1,630,10000,224.5013288203111,-224.43983965034369,224.43983965034369,0.061489169967416046,66207.2926954374,31091.117965147114,0.6804560552010939,3996,1659,51713.885616810134,-0.0006406011066808048,0.030981089174975978,99.93593988933192,10008.26200713258,135.3348578819516,0
flashbots-c1,631,10000,738.939523864305,-739.2945738059182,739.2945738059182,-0.35504994161317427,164095.14590400274,35982.05006099573,0.8201591646291843,7862,2999,127971.2664248127,-0.0017287508960191645,0.03481581369686026,99.82712491039808,10041.481486397653,177.22367047747647,0
flashbots-c1,632,10000,993.7444715451276,-993.6256492610157,993.6256492610157,0.11882228411184315,197739.5741524406,76857.25053964277,0.72010874260536,10585,3995,144416.38068318245,0.002863351686074793,0.04998237290182402,100.28633516860748,9977.510019275574,87.79391393212764,0
flashbots-c1,633,10000,1362.8755196052687,-1362.9219155963453,1362.9219155963453,-0.04639599107667891,188305.84842152233,36243.60656579815,0.8385941013847276,8639,3695,147974.02037243702,0.0009120723580474532,0.10116175691595927,100.09120723580475,9990.412520394531,97.13453000383612,0
flashbots-c1,634,10000,461.1909047354987,-461.193529464488,461.193529464488,-0.0026247289893035486,92817.64785367927,31407.18511980873,0.7471746641308696,4508,2177,76573.1361984932,0.0006778488940138061,0.041116959398625426,100.06778488940138,9993.564549460642,119.34191686874206,0
flashbots-c1,635,10000,1089.3505390027349,-1089.318485535936,1089.318485535936,0.032053466798970476,129113.74134881115,81713.45149208534,0.6124150286735001,7861,3734,98671.06748611275,0.003453779114143316,0.08462699350454116,100.34537791141433,9994.33011910433,41.45820561370026,0
flashbots-c1,636,10000,341.77498596901836,-341.77959199512543,341.77959199512543,-0.004606026107069283,97152.04967947955,33231.99783572761,0.7451222103543638,9175,2829,68207.09949008579,-0.0004689655145375582,0.041760517358792555,99.95310344854624,9994.51565124082,72.4763268572966,0
flashbots-c1,637,10000,235.70161799501983,-235.72751036186676,235.72751036186676,-0.02589236684693219,82353.16568860301,41069.07437289862,0.6672473749266438,7205,2237,57931.583161750445,0.000032342070305873,0.05172118940231684,100.00323420703059,10001.042445395444,129.0679058391502,0
flashbots-c1,638,10000,224.2940261400712,-224.17753215735468,224.17753215735468,0.1164939827165199,82112.68827590482,17292.71403674672,0.8260384885083268,7576,2344,58409.41213108926,0.003476919154521738,0.022422266095764767,100.34769191545217,9966.07023553369,99.23445976650498,0
flashbots-c1,639,10000,499.0810037295015,-499.1025197290501,499.1025197290501,-0.021515999548569198,114830.03380038857,32330.272796080953,0.7803057526596878,6002,2477,90093.6197900923,0.0000021280399590750674,0.0405754193915395,100.00021280399591,10001.206898963253,150.36570794272964,0
flashbots-c1,640,10000,254.050756567074,-254.0509152101821,254.0509152101821,-0.00015864310810798088,75613.33102985923,18804.148799750223,0.8008403864021244,6362,2104,55752.19681840671,0.0003208447840530937,0.023485047952633807,100.03208447840531,9996.881429225155,100.16493752469623,0
flashbots-c1,641,10000,688.168199549565,-688.0438117301943,688.0438117301943,0.12438781937066778,88820.60120875677,29537.509161388163,0.750439500351817,4559,2251,73605.62964785092,0.000010164463840425243,0.08161180672192316,100.00101644638404,9991.955678186061,59.86077133900214,0
flashbots-c1,642,10000,621.1045308426351,-621.176627288339,621.176627288339,-0.07209644570389173,150767.78838147369,39398.80284105264,0.7928195347680732,9898,3473,109355.06061955825,-0.0009618450939051116,0.049553998388161914,99.90381549060949,10012.189074663676,87.8002578843329,0
flashbots-c1,643,10000,308.7997194077898,-308.89568575666755,308.89568575666755,-0.09596634887776645,132362.5052456435,55147.858826932905,0.7058943429623561,10942,2942,86261.86456683268,-0.0005577335423353702,0.022617538668976776,99.94422664576646,10000.16721823049,176.0255444871919,0
flashbots-c1,644,10000,389.0375477216321,-388.88888420847434,388.88888420847434,0.14866351315777138,86822.1696570299,21584.905076527088,0.8008902543530625,7525,2516,65137.94971857997,-0.005956876180351145,0.05002331611385799,99.40431238196489,10018.69474645791,43.50502343556149,0
flashbots-c1,645,10000,519.728817126366,-519.7679322654432,519.7679322654432,-0.039115139077125605,116770.55096568725,28736.732942892144,0.802506567568486,6624,2647,89834.73724038225,0.0007939493320253632,0.04317254894003085,100.07939493320254,9991.78071406073,112.08563231943062,0
flashbots-c1,646,10000,230.70422218910363,-230.69838575361354,230.69838575361354,0.005836435490095937,76866.86222998338,36738.258121583196,0.6766144166047126,5462,2230,57819.881714557974,-0.0012646799770281803,0.025580773372051765,99.87353200229718,10015.849096187898,99.87357187932876,0
flashbots-c1,647,10000,862.8278596839858,-862.948093174812,862.948093174812,-0.12023349082619461,171579.03573804887,44610.59317210573,0.793650632562743,8902,3333,130845.38750603399,0.000001301993457758499,0.08192590710070206,100.00013019934578,9986.742363647223,207.24050857232703,0
flashbots-c1,648,10000,447.30366510156347,-447.30932828109246,447.30932828109246,-0.005663179528994533,143412.77241288428,39250.88719944648,0.785119342934719,10901,3401,99904.38498424084,-0.0013008497601130387,0.0287645303985164,99.8699150239887,10014.269748760846,116.09301442264407,0
flashbots-c1,649,10000,606.9704260298015,-606.6864705515662,606.6864705515662,0.2839554782352707,114819.84560676203,28309.106625742184,0.8022125769511973,5455,2376,92626.8110138341,0.0000020161220739112194,0.06434967025666154,100.00020161220739,9991.529097660215,131.9835907771027,0
flashbots-c1,650,10000,321.5812272907357,-321.7927470872216,321.7927470872216,-0.21151979648590213,82530.89796497692,39276.391099986846,0.6775530315017563,8804,2856,57512.006823574775,0.000657611405660532,0.037307748220616194,100.06576114056605,9979.15511682057,65.57003906431606,0
flashbots-c1,651,10000,452.0384046318032,-451.82797896487193,451.82797896487193,0.21042566693125764,94718.49278244011,61152.4656575645,0.607672485820363,5880,2634,73144.36259125278,0.00042719603022675303,0.048967677703031856,100.04271960302268,10015.483488868269,69.76828640236748,0
flashbots-c1,652,10000,273.6225566532186,-273.67176162278736,273.67176162278736,-0.049204969568734214,85610.80053972217,43979.266630816,0.6606277966278072,7565,2566,60439.806451460296,-0.00000006249952846815177,0.036174744407821466,99.99999375004715,10001.232025813508,67.28073571738732,0
flashbots-c1,653,10000,136.61130165526762,-136.57518066715318,136.57518066715318,0.03612098811444753,48007.2425513751,13469.482601536563,0.780901104149029,4764,1374,34384.077206119364,0.00026256157066910645,0.01738742795527898,100.02625615706691,9993.475002031397,91.85372398830214,0
flashbots-c1,654,10000,280.0540300210867,-279.9191421538947,279.9191421538947,0.13488786719199197,74662.68570962004,29956.377790652088,0.7136623404149076,5903,2157,55586.54346173267,-0.0010769971741068217,0.0685204060444815,99.89230028258932,10010.811944922327,103.18343145795929,0
flashbots-c1,655,10000,572.0691036610061,-572.0485861873781,572.0485861873781,0.0205174736280469,176059.30660381273,114679.39424569058,0.6055585516802158,11050,4068,121643.07330255119,-0.001345286370198835,0.03176455989941431,99.86547136298012,10012.548039565712,101.30606533075216,0
flashbots-c1,656,10000,741.8725039344912,-741.7758381061705,741.7758381061705,0.096665828320738,190612.09241617334,39157.45214452797,0.8295794500555177,11026,3758,137432.11140002255,0.0000014645388068856846,0.05562597746774401,100.00014645388069,9992.581874340662,126.97958699102001,0
flashbots-c1,657,10000,1060.3979271446174,-1060.1499450721533,1060.1499450721533,0.2479820724640831,176480.24361550604,99673.78122634946,0.6390645355126385,9406,4051,130726.5487773542,0.0010480262809340957,0.09749912318689852,100.10480262809341,9985.844802387657,59.091139205076885,0
flashbots-c1,658,10000,377.46756242108785,-377.55169684659256,377.55169684659256,-0.08413442550471473,76179.84251719528,27626.005644391884,0.7338685041965223,4124,1930,62674.52760189665,0.0000393863636988101,0.049923125246387624,100.00393863636988,10000.350007012295,127.85032111518267,0
flashbots-c1,659,10000,286.48510955289163,-286.42176759454577,286.42176759454577,0.06334195834585898,94299.74169969156,28393.64656135326,0.7685804674254949,8880,2646,65537.35009403928,-0.000042646891793651774,0.03116239286311483,99.99573531082063,10020.430726797618,51.036525213575416,0
flashbots-c1,660,10000,750.5097756358318,-750.5923557387241,750.5923557387241,-0.08258010289227968,89162.42524834583,23754.12943236083,0.7896311174253393,4530,2155,74177.74192407436,0.0013177830501452093,0.13751222910473898,100.13177830501452,9984.731504911824,98.47884106501276,0
flashbots-c1,661,10000,320.3701463810901,-320.3343825924379,320.3343825924379,0.035763788652161566,117213.15207677922,22354.624179781513,0.8398296169834498,10012,2902,81685.30343279497,-0.0001377142212508886,0.02397267854421557,99.98622857787491,10005.385853967568,114.15948571921379,0
flashbots-c1,662,10000,843.802885495708,-843.8428933714772,843.8428933714772,-0.040007875769219936,168763.34189987392,35522.0456901699,0.8261155821802835,11167,3722,122620.60056276825,-0.0011677430077506302,0.05525427184002822,99.88322569922494,10004.877991113462,101.29361979293853,0
flashbots-c1,663,10000,1387.5644473341092,-1387.434160422907,1387.434160422907,0.13028691120211988,181229.56019326224,68121.40866531692,0.7268051173927766,9648,4112,138289.23264571148,-0.0008018228396120719,0.09501361210510993,99.91981771603879,10006.21247695206,91.26406102827708,0
flashbots-c1,664,10000,515.339994328924,-515.1759278205947,515.1759278205947,0.16406650832936975,106623.94150878754,64697.68649458787,0.6223612438861883,6116,2802,83820.72698761478,-0.0016238723411156285,0.05762553798176285,99.83761276588844,10012.353187525237,88.90739423377586,0
flashbots-c1,665,10000,1374.8376464040189,-1374.8717924538053,1374.8717924538053,-0.03414604978638636,167886.39169440666,74204.79174681251,0.6934841215940862,9159,4174,128550.16654674761,-0.0000030066998752431573,0.08878857256530309,99.99969933001248,9994.141541989135,46.72329681313615,0
flashbots-c1,666,10000,1007.3144743712895,-1007.1597164472463,1007.1597164472463,0.1547579240432242,197987.56291033665,89655.99394302626,0.6883087007968971,10750,4189,143340.42558877944,0.000004421836306960358,0.056498669989103974,100.0004421836307,10005.964443636825,34.299933565995524,0
flashbots-c1,667,10000,254.72172720783394,-254.53236082437337,254.53236082437337,0.1893663834605661,79294.49153355297,50091.03944228557,0.6128543967436392,8790,2624,52602.47209775296,0.0011034983274353749,0.03238001110669842,100.11034983274354,10014.803111544617,44.06651226738637,0
flashbots-c1,668,10000,387.32911409771543,-387.1207642864351,387.1207642864351,0.2083498112803568,104216.6373160716,41310.85693338081,0.7161302257938365,9724,3090,72272.73999537702,-0.00248546390207963,0.023814895637793824,99.75145360979204,10012.274405315991,55.263872548945464,0
flashbots-c1,669,10000,535.4855465035062,-535.4845596704347,535.4845596704347,0.0009868330714652984,157840.19722471884,79498.35014929977,0.6650424002805604,10109,3752,111423.2157043788,0.0000003248303792702245,0.033033904766959526,100.00003248303793,10000.038043958495,103.17282136309223,0
flashbots-c1,670,10000,590.0053267665523,-589.9432520487914,589.9432520487914,0.062074717760992826,86039.26702949023,31402.039799772716,0.7326150342875081,4640,2265,71283.6596076461,-0.0000017058452982610107,0.0723182992458264,99.99982941547017,10002.826224706514,70.1268352414169,0
flashbots-c1,671,10000,188.24466725585313,-188.3324930913769,188.3324930913769,-0.08782583552377332,70643.26097264174,19015.293690912302,0.7879143405526928,5996,1805,50463.34128842409,0.0006132658570736282,0.02594839249242085,100.06132658570736,9990.85226115398,196.57284604550597,0
flashbots-c1,672,10000,270.08005853019273,-270.0997272506606,270.0997272506606,-0.01966872046784829,87219.92116865155,21826.721240515744,0.7998405016578408,7003,2366,65840.88412476209,0.00000009054253879980934,0.020737278386267093,100.00000905425388,10008.332691043755,85.07281675444192,0
flashbots-c1,673,10000,682.9178191113848,-682.3434336782881,682.3434336782881,0.5743854330967224,196049.56054784067,54908.651490809665,0.7812040058591383,10057,3552,143508.07454714773,0.0004968628074840353,0.0507624898985388,100.0496862807484,9986.758953806671,208.3391821168631,0
flashbots-c1,674,10000,270.5621050963234,-270.43012782588414,270.43012782588414,0.13197727043927898,85601.6429321524,30667.812422416926,0.7362350040352907,6040,2100,64166.6616084103,-0.000001956652288441774,0.025309573254177025,99.99980433477116,10008.877774599623,112.31457047343919,0
flashbots-c1,675,10000,539.1137565267783,-539.1105303779134,539.1105303779134,0.0032261488648828163,154863.61538236766,82911.06986905605,0.6513040495400693,11050,3699,106718.57875261617,0.0005005807154971364,0.043563315588695556,100.05005807154971,9994.578482454179,100.94105821059277,0
flashbots-c1,676,10000,586.9254813012557,-586.4498139600983,586.4498139600983,0.4756673411574184,137758.53844416235,56693.221008311346,0.7084458316656793,9014,3406,101703.1750879617,0.005996203892983658,0.029797084491396647,100.59962038929837,9953.352396116898,83.65176315775184,0
flashbots-c1,677,10000,180.44416110182416,-180.29110899376877,180.29110899376877,0.15305210805539105,54942.744304608896,28428.248794735682,0.65901511139659,4155,1464,41556.98835754367,-0.00021001686052613878,0.036151045531876494,99.97899831394739,10012.684642740467,152.7301053883448,0
flashbots-c1,678,10000,752.3087409358827,-752.4557943070647,752.4557943070647,-0.14705337118198258,139617.70616937624,68295.76531894623,0.6715183252433833,7955,3462,105576.13918728524,-0.0002459485590344457,0.09163667643613806,99.97540514409656,10006.264549515756,74.18050330198702,0
flashbots-c1,679,10000,380.81544915310195,-380.52279148728167,380.52279148728167,0.2926576658202862,76286.89379609397,47870.14232067263,0.6144387477512595,4762,2212,60783.39782254416,0.0057492135081510295,0.05485121228215888,100.5749213508151,9972.733702971153,61.28312041766061,0
flashbots-c1,680,10000,1225.8855275487526,-1225.8968858011951,1225.8968858011951,-0.011358252442505545,193789.08068989174,84020.88526059031,0.6975598590456379,9722,4046,147046.5765100476,0.0000008819827182549034,0.09179794822334117,100.00008819827183,9999.909955433937,98.66863183944704,0
flashbots-c1,681,10000,269.4429675782396,-268.3958696110266,268.3958696110266,1.0470979672129488,68442.3433673774,12705.106135097014,0.8434318488998277,4585,1790,53433.763978542986,0.009631119435451722,0.03573588418236739,100.96311194354517,9892.917002874665,113.9275243100176,0
flashbots-c1,682,10000,495.53254793872884,-495.3504515715856,495.3504515715856,0.18209636714323096,118998.54497634464,41753.87365157753,0.7402597484506835,7343,2821,89315.983955708,0.0018847029502728674,0.044495891403715716,100.18847029502729,9982.335824395555,144.58013305454293,0
flashbots-c1,683,10000,672.584121400792,-672.6270459896882,672.6270459896882,-0.04292458889619866,133848.93315129817,31445.214732963163,0.8097620808996756,8003,3170,102806.67083395914,-0.0002655612918267991,0.047570374733173396,99.97344387081732,10003.871199040552,93.46698194069094,0
flashbots-c1,684,10000,252.40633696206444,-252.2534648879916,252.2534648879916,0.15287207407283177,81638.38182836976,52904.44601158297,0.6067836029541748,8874,2712,54011.365884349994,0.000007164671198438555,0.035141823586279625,100.00071646711984,9995.651046108058,35.005667386685694,0
flashbots-c1,685,10000,248.83892883051246,-248.8860950094941,248.8860950094941,-0.047166178981655094,91437.86905932713,29806.73482913336,0.7541603182888519,9091,2374,61882.17248459851,0.00035229139579655565,0.04029559894324166,100.03522913957966,10004.066955425928,74.53254446695522,0
flashbots-c1,686,10000,280.3134588537837,-280.3486413015528,280.3486413015528,-0.03518244776910251,88512.43425471515,24743.877817977776,0.7815231896117538,7575,2434,63982.77062176748,0.00001156953537858385,0.03186877620176134,100.00115695353786,9998.181357115387,77.92447921593649,0
flashbots-c1,687,10000,174.88850005974447,-174.86095773429656,174.86095773429656,0.027542325447910798,59138.976477307675,23495.591314299734,0.715668733531078,5629,1810,42485.68215092024,0.0000027774841669270247,0.031239169515231566,100.00027774841669,9999.130991745245,85.59749766811757,0
flashbots-c1,688,10000,122.70031010309224,-122.67110233509685,122.67110233509685,0.029207767995387712,55323.87256086097,23307.802557367173,0.7035825254603532,3667,1200,41256.716584586036,-0.000001242694652745513,0.013826235065114788,99.99987573053473,9995.700964180356,296.8381024912803,0
flashbots-c1,689,10000,535.0632567255593,-535.1014601064637,535.1014601064637,-0.038203380904406004,147399.28316727444,44470.11873366799,0.7682271467306347,9958,3530,106048.66951149907,0.00024380557228937506,0.0394130768311382,100.02438055722894,9999.849364025407,89.76886576258029,0
flashbots-c1,690,10000,194.9904052980224,-194.962380421912,194.962380421912,0.028024876110407604,57973.98800901901,23744.32035817299,0.7094369568753116,4208,1598,44329.05595072159,0.0008395425197842599,0.03493682738690126,100.08395425197843,10008.732843684738,75.62694109864069,0
flashbots-c1,691,10000,1043.5164002767012,-1043.5748867648285,1043.5748867648285,-0.05848648812730062,190438.6849935725,66302.49645597533,0.7417535586553168,9414,3765,145730.10036085546,-0.00037146732703988053,0.04735276496442054,99.96285326729601,10008.461282987064,130.8393435159028,0
flashbots-c1,692,10000,562.4811668974586,-562.5861992542751,562.5861992542751,-0.10503235681653678,135458.1342497587,96710.28596443888,0.583447714916549,8522,3456,97891.29030595467,0.0018604617808546209,0.04288710253095104,100.18604617808546,9988.350212120069,112.0643809274625,0
flashbots-c1,693,10000,493.2197367681004,-493.2587122996444,493.2587122996444,-0.03897553154399702,99186.79905823352,21847.13852634074,0.8194957632352106,7319,2597,74362.90270679665,-0.000012231695545494859,0.07046477964308209,99.99877683044545,10002.934494075129,109.43152602398868,0
flashbots-c1,694,10000,740.7716524561712,-740.6711442989895,740.6711442989895,0.10050815718170725,160201.9062445691,32857.064992424304,0.8298081421345089,9464,3476,120071.77549002752,-0.001282382209086279,0.04499283381291889,99.87176177909137,10000.800867776405,74.99713505576915,0
flashbots-c1,695,10000,1349.0485365104669,-1348.9941076436537,1348.9941076436537,0.0544288668131685,188608.08637265622,73490.74845695515,0.7196067334494983,10798,4218,137323.81005086095,0.0029567914994844103,0.12880082695360784,100.29567914994844,9969.420390393192,59.362736808104785,0
flashbots-c1,696,10000,1093.7014378245017,-1093.596821975373,1093.596821975373,0.10461584912877697,185855.34906553733,72838.42227035282,0.7184376651427806,9456,3840,140415.0221004591,-0.0008483667473176127,0.056211021357244276,99.91516332526824,10008.842045422141,112.57374544884273,0
flashbots-c1,697,10000,364.76646831510345,-364.9809667931212,364.9809667931212,-0.21449847801773103,102540.01394157708,38555.28637070203,0.7267429440571759,7720,2580,74520.18941096349,-0.0008014805480667064,0.05273046138651992,99.91985194519333,10009.517963851129,140.3254392306608,0
flashbots-c1,698,10000,1023.5642013049239,-1023.760748451896,1023.760748451896,-0.19654714697207964,157317.24571099883,50746.94683516995,0.7560995661283266,7567,3360,122447.14470164027,-0.0000016254387237779611,0.15556627113949217,99.99983745612762,10001.269168427123,104.90806521623315,0
flashbots-c1,699,10000,730.0140631755139,-729.9189204869672,729.9189204869672,0.09514268854672991,144072.95486954984,62797.33383310296,0.6964410199892679,7039,3034,111683.21160393329,-0.0024120883383942273,0.05160593392062338,99.75879116616058,10031.337887139918,84.27511345553144,0
flashbots-c1,700,10000,367.7328874725431,-367.6557688266129,367.6557688266129,0.07711864593017026,93161.43038020209,39463.71805480085,0.7024416672065684,7568,2748,68220.83763231774,0.0010429092220390146,0.04414871013163563,100.1042909222039,9992.56773427073,76.88228090323615,0
flashbots-c1,701,10000,500.5481578020029,-500.36443399587614,500.36443399587614,0.18372380612674988,98547.13448741977,30145.431036352664,0.7657562353065056,6904,2545,74124.11264133458,-0.0020405935053813096,0.055848108768114454,99.79594064946187,10013.233971557664,52.70554282196386,0
flashbots-c1,702,10000,370.8912986633012,-370.90346501618075,370.90346501618075,-0.012166352879546594,89815.98079494563,29733.94187076425,0.7512843069425695,5878,2294,70280.82810043822,0.00015651409963098216,0.03825341985673404,100.0156514099631,9999.714040961542,79.17456840546116,0
flashbots-c1,703,10000,154.9750293532178,-155.00777184411083,155.00777184411083,-0.032742490893042486,54490.06532127279,19310.953018349857,0.7383375805265535,5150,1587,39302.91657444725,-0.00021611331603878624,0.02740384218580843,99.97838866839612,10020.075290229619,136.3622804204815,0
flashbots-c1,704,10000,1022.8804916004036,-1022.6380897126065,1022.6380897126065,0.2424018877970866,186326.75873513985,83973.14609861364,0.6893334233681626,10600,4211,135426.83548093165,0.00024008392377368183,0.12506750183553564,100.02400839237737,9996.518238820148,81.81499073906875,0
flashbots-c1,705,10000,213.13895697939907,-213.09632061890665,213.09632061890665,0.042636360492423364,56951.16115922003,8187.900812475886,0.8743012170480184,4727,1637,44391.55416715406,-0.0003261869466379608,0.03858458012211983,99.9673813053362,10005.856080648919,101.45358702177614,0
flashbots-c1,706,10000,266.9580354907442,-266.9365948152683,266.9365948152683,0.021440675475901116,71624.02790463153,47323.22373720695,0.6021494983364417,4064,1974,57808.61763863446,0.000002494603248948124,0.022961996644797436,100.0002494603249,9996.408987921675,88.297718567935,0
flashbots-c1,707,10000,683.7320355570497,-683.7953308431222,683.7953308431222,-0.06329528607250268,120445.9245171734,31218.15987569694,0.7941624742557408,6510,2813,94843.63217923722,0.000006437752867611835,0.06946332713484565,100.00064377528676,9984.851465718002,78.18641879933519,0
flashbots-c1,708,10000,229.4315421037788,-228.8185836508054,228.8185836508054,0.6129584529734018,59257.01239592206,44253.25862645425,0.5724747101001425,5826,1932,42226.739166799016,0.0042973120331760125,0.06389644210332648,100.4297312033176,9942.852947267873,127.36521796475098,0
flashbots-c1,709,10000,353.12455558159235,-353.2169350218773,353.2169350218773,-0.09237944028495804,98175.57842084677,28930.58863356441,0.7723903622931223,6728,2326,73174.99662779528,0.00010039573371798837,0.048365186571167555,100.0100395733718,9981.093359610904,229.0286881279344,0
flashbots-c1,710,10000,204.1954217553045,-204.0911156899326,204.0911156899326,0.10430606537190101,63159.773714759795,26351.433022067024,0.7056074431043785,4544,1721,48320.43881373271,-0.0019372124562757164,0.03045780634992525,99.80627875437243,10024.637891816485,123.37871282870498,0
flashbots-c1,711,10000,172.5220553214908,-172.57254320625927,172.57254320625927,-0.05048788476847221,58525.33227255696,36374.66002441321,0.6167053427087104,4567,1629,43723.97245918941,-0.0006637297514188844,0.03452469864580863,99.93362702485811,10015.418767807394,135.7026919679984,0
flashbots-c1,712,10000,907.2494254633534,-907.2311909382881,907.2311909382881,0.01823452506528156,115204.35143926839,25026.845983862157,0.8215315390315987,5365,2613,95439.5389773185,0.0008922010414976001,0.10845089272697478,100.08922010414976,9994.044371589787,85.02737598750716,0
flashbots-c1,713,10000,564.8517763673392,-564.5742755939261,564.5742755939261,0.2775007734130668,119614.53499582908,18407.164802507577,0.8666357186630633,8527,2717,88823.57026357856,0.000537135286924979,0.05865327077993385,100.0537135286925,10001.762012877683,78.07764903590488,0
flashbots-c1,714,10000,397.27290482750055,-397.2700209928584,397.2700209928584,0.002883834642148031,109692.79226082213,82396.30183170673,0.5710516402767946,7043,2876,81505.41040577467,0.0003498962691297436,0.0381397987324803,100.03498962691297,10003.396654307686,111.89803474042124,0
flashbots-c1,715,10000,329.3571144843827,-328.999256458372,328.999256458372,0.35785802601071737,63031.36452679924,26429.000353428648,0.7045730767048339,6522,1863,43943.61010947012,-0.0020734735323733842,0.11410761742554669,99.79265264676266,10028.23877777075,95.94146580123405,0
flashbots-c1,716,10000,345.9277581677483,-345.9282456409891,345.9282456409891,-0.00048747324075293363,91352.04790416553,18297.9000213866,0.8331244075573102,6217,2391,71035.28037609386,0.0004726050641856716,0.032957038693843546,100.04726050641857,9993.818279235533,110.00443498299455,0
flashbots-c1,717,10000,153.0221699212709,-153.01591311335693,153.01591311335693,0.0062568079139566635,59584.56908480811,29719.848560516522,0.6672074087247301,5159,1815,43141.40156809692,0.0007860773345814209,0.02010240749596676,100.07860773345814,9991.812969152363,98.72515025958354,0
flashbots-c1,718,10000,501.7529774652511,-501.2006153110757,501.2006153110757,0.5523621541753982,144639.566835304,66733.21219314507,0.6842866309471035,7684,3112,108139.8882579436,0.0055976843373549915,0.04893226356004149,100.5597684337355,9914.0906203607,151.07665137673703,0
flashbots-c1,719,10000,200.53522783057596,-200.53682628228307,200.53682628228307,-0.001598451707110371,62957.966224577285,37934.651726145465,0.6240096401832567,4362,1843,48985.22870429045,-0.0005138957320464499,0.020357828678509122,99.94861042679536,10004.642674341534,107.2573289111001,0
flashbots-c1,720,10000,470.81031334261615,-470.78980140586555,470.78980140586555,0.020511936750608584,128447.91922561711,63630.357486800676,0.6687269452022995,8845,3254,92900.45249555096,0.0000018881554198912908,0.0343251770979721,100.00018881554199,10000.430245231273,96.13148050933626,0
flashbots-c1,721,10000,499.62660524328794,-499.59404735772017,499.59404735772017,0.03255788556776906,123017.91508445829,31713.886927197014,0.7950396329979527,8770,3222,91534.63819726926,0.0004845549042914854,0.038704844735518266,100.04845549042915,9997.353777344073,82.15250460101505,0
flashbots-c1,722,10000,567.7290684899009,-567.7165251446615,567.7165251446615,0.012543345239350856,137344.00389799767,38202.30262294109,0.7823804819363465,9356,3275,100501.64124691617,0.000000046311450319080906,0.039099567726904635,100.00000463114503,9993.312115477462,62.40020232591469,0
flashbots-c1,723,10000,336.04907772072767,-336.0409031709112,336.0409031709112,0.008174549816487797,128556.92116074517,57036.90540557325,0.692678865128134,10568,3137,86739.25335416748,-0.0008696702468654393,0.02856792670463122,99.91303297531346,10001.640172764475,128.91160817583662,0
flashbots-c1,724,10000,336.5786285943778,-336.56666691644716,336.56666691644716,0.011961677930628412,96251.6977477418,15077.578895358502,0.8645677098604149,7262,2511,71898.1631922753,0.000002703378877981777,0.0255453122928985,100.0002703378878,9999.441651368905,107.33569419556993,0
flashbots-c1,725,10000,1098.544069597769,-1098.8018127408734,1098.8018127408734,-0.2577431431043351,188136.46221262784,106283.42971231896,0.6390073068180712,10624,4421,134375.48564487929,-0.00000039807486956533467,0.10030846322659898,99.99996019251304,9990.665062526547,45.70873996978709,0
flashbots-c1,726,10000,1126.7818540370058,-1126.7512842439623,1126.7512842439623,0.030569793043468962,143623.80003010645,91652.16053074248,0.610448256964873,8282,3844,109162.72239772766,-0.010416536002901608,0.11409353224287927,98.95834639970984,10055.690960769156,54.16903366905275,0
flashbots-c1,727,10000,541.2325172808831,-541.2272238404377,541.2272238404377,0.005293440445484521,151217.64336561976,40020.640424470366,0.7907289292116927,10559,3663,108206.46886227217,-0.0005718190420422786,0.029826109781147494,99.94281809579577,10005.400309646642,92.85888436652552,0
flashbots-c1,728,10000,795.5615592787817,-795.4310755667834,795.4310755667834,0.1304837119982949,180373.3256482185,38255.91868032564,0.8250192063837685,11771,4023,130375.8800451126,-0.0027037671735594417,0.05414962840279514,99.72962328264406,10031.328745519304,99.66198221640279,0
flashbots-c1,729,10000,257.3661722780655,-257.2228157050999,257.2228157050999,0.14335657296561521,124608.56186131555,47910.2344056915,0.7222897710720116,10256,2690,81560.11602212576,0.0000005938199363697549,0.01857386184784261,100.00005938199364,9989.761222749488,208.9385814085783,0
flashbots-c1,730,10000,638.2088968637527,-638.1719648161028,638.1719648161028,0.036932047649884225,113227.19320673544,82030.96660232858,0.579884565733162,9482,3728,81099.14711508101,-0.0001763883295294022,0.06033930276451158,99.98236116704706,9984.81670209331,59.683498641207,0
flashbots-c1,731,10000,1013.6439785076624,-1013.6040701623309,1013.6040701623309,0.03990834533146881,196537.66742037106,86360.57672825477,0.6947291879164734,9908,3979,146772.2744299656,0.000002231683735516299,0.060121083522675034,100.00022316837355,9997.083157927073,124.39984901616288,0
flashbots-c1,732,10000,183.77304147025512,-183.78430336057787,183.78430336057787,-0.011261890322742829,76885.78640213874,31507.590310020794,0.7093218122202268,7496,2048,51910.808397530825,0.000004181336303901162,0.019700771148867206,100.00041813363039,10000.961075695832,79.2662698882511,0
flashbots-c1,733,10000,151.18909510251348,-151.2157114796397,151.2157114796397,-0.026616377126231328,52732.94493968514,21644.852456779343,0.7089877192597772,5096,1585,37588.00766321464,0.0003379842546895873,0.03951599992349287,100.03379842546896,9995.109961972552,100.2393723827712,0
flashbots-c1,734,10000,481.4868113728299,-481.5238139017198,481.5238139017198,-0.03700252888990008,104776.74636430471,40591.30342302659,0.7207687419456315,4953,2214,84514.15601578265,0.0005764797194277093,0.0619597795602418,100.05764797194277,9996.76152052076,128.31237941132758,0
flashbots-c1,735,10000,618.3531510428089,-617.411135130081,617.411135130081,0.9420159127279248,132115.59993311137,24183.308026367704,0.8452752591679188,7565,2805,102716.45523330937,-0.0036267440708547837,0.04616515117293062,99.63732559291452,10049.242830089388,118.99688162807234,0
flashbots-c1,736,10000,611.8179358952709,-611.353279204636,611.353279204636,0.4646566906349108,119476.29697862922,58826.316436441004,0.6700759719124286,6756,2994,91299.17574209915,-0.0027310190484554652,0.08676734027985603,99.72689809515445,10031.874701972098,98.53037177512664,0
flashbots-c1,737,10000,336.13774807239275,-336.0561112258662,336.0561112258662,0.08163684652657821,116425.96395863006,29557.364259389626,0.7975291793919989,10687,2837,79334.53407745698,-0.0018159937810384007,0.03580446481475121,99.81840062189616,10015.320485619999,126.62826571614187,0
flashbots-c1,738,10000,288.8562097695092,-288.8443513724486,288.8443513724486,0.01185839706056413,100030.68518458468,42993.10821868145,0.6993989098201359,8845,2793,69402.40442913676,-0.0004665164291102997,0.03146317589307102,99.95334835708897,10000.145084725553,91.82415555038274,0
flashbots-c1,739,10000,247.3191834721796,-247.3122362247645,247.3122362247645,0.006947247415098445,105104.09799245844,52140.194884203745,0.6684127994069649,9453,2852,69878.9998859239,-0.00024220794554864256,0.021023942637598624,99.97577920544514,9999.898028775537,121.64777944769699,0
flashbots-c1,740,10000,161.71575704290393,-161.6686710240624,161.6686710240624,0.047086018841525856,69526.25124081466,29791.09537696092,0.7000413684870939,7053,1876,46457.38808007285,0.0028648379940601387,0.02782537283085432,100.28648379940601,9979.342158666046,84.62575815646454,0
flashbots-c1,741,10000,254.75109969583988,-254.73584536323062,254.73584536323062,0.01525433260925979,86545.39373694282,23050.856223379054,0.789674772341897,7651,2454,62409.69619560154,-0.0008108075010351001,0.03092408701837485,99.91891924989649,10004.288447657882,95.66194468520477,0
flashbots-c1,742,10000,370.82193314834893,-370.82571391450256,370.82571391450256,-0.0037807661536248816,90755.6967247511,24036.84257060507,0.7906062300028113,5675,2328,72667.55019922054,0.00005894741401291981,0.02940817230767209,100.00589474140129,9996.78345107398,132.35171059481505,0
flashbots-c1,743,10000,785.5132771392034,-785.7903132917213,785.7903132917213,-0.27703615251789415,109428.74326678325,23471.185453219645,0.8233920388123808,5758,2665,89344.94507442701,-0.000001285046261472189,0.0747939778770558,99.99987149537385,9999.255989209105,84.1320090263956,0
flashbots-c1,744,10000,239.51192168571637,-239.42688963476644,239.42688963476644,0.08503205094993405,81557.98290902072,44055.47948973294,0.6492774050771642,8623,2491,55063.51279172998,-0.0007382059946148445,0.028761173201268662,99.92617940053852,10006.963327322526,51.98239017487564,0
flashbots-c1,745,10000,453.4281489905965,-453.2943677138166,453.2943677138166,0.1337812767799278,83934.50967421461,49796.24740298438,0.6276380356222884,4686,2253,67287.78334253118,-0.0010630349303576735,0.05757489056922736,99.89369650696423,10001.328831683762,106.59549972683105,0
flashbots-c1,746,10000,454.6155699665703,-454.62715354461886,454.62715354461886,-0.011583578048544041,125715.9126433254,38400.90076544962,0.7660148282930505,8792,3182,92176.42973805298,0.000018609308036303673,0.037353431110352775,100.00186093080363,10000.092750703521,101.02848243158687,0
flashbots-c1,747,10000,186.8789294353313,-186.89748657709202,186.89748657709202,-0.01855714176073775,53071.86992159698,37941.79558582146,0.5831197944364864,5075,1838,39020.05917042419,0.003010356623955204,0.030770287976512094,100.30103566239552,9979.768467329446,59.147130478079994,0
flashbots-c1,748,10000,1038.8982835086858,-1039.3453416462796,1039.3453416462796,-0.44705813759378543,190632.62789889768,86007.62446143689,0.6890993854740681,11615,4292,136996.22747946176,0.00035854739129590027,0.06551690446516972,100.03585473912959,10001.391080416553,65.84911581145109,0
flashbots-c1,749,10000,362.91935412116334,-362.7945451268367,362.7945451268367,0.12480899432665638,130241.47815031571,74985.32255805553,0.6346221726439608,10301,3211,86312.70126151846,0.0009862793224188237,0.038860440409543034,100.09862793224188,9997.914025048578,75.92248779143098,0
flashbots-c1,750,10000,261.8504788287389,-261.7766897287896,261.7766897287896,0.07378909994929472,72152.3114943694,47477.37088661622,0.6031305112437342,7430,2562,50491.667508127626,0.000003908268924988079,0.047318612743865035,100.0003908268925,9994.328228331435,30.054351490408308,0
flashbots-c1,751,10000,941.7524685751869,-941.5420956877698,941.5420956877698,0.2103728874170656,185808.40585468357,83736.85324250978,0.6893402854757102,10385,4009,135115.04614042543,-0.0005255141789716333,0.0719548046496918,99.94744858210284,10000.80937395406,101.2866927732182,0
flashbots-c1,752,10000,239.40571053249965,-239.20680823984003,239.20680823984003,0.1989022926596249,62279.27824937673,37644.27680303534,0.6232692403378753,3920,1711,49192.90108887311,0.0014164630369209875,0.04454586778361928,100.1416463036921,9993.427340598686,77.42692162612333,0
flashbots-c1,753,10000,377.37729792114607,-377.305372612542,377.305372612542,0.07192530860407942,117583.14729877931,46585.67631012731,0.7162331112202724,9887,3070,81404.13834951071,0.0002508085133955262,0.037648558800877654,100.02508085133955,9998.320590023113,116.90083946461168,0
flashbots-c1,754,10000,1383.9179548875636,-1383.928127642574,1383.928127642574,-0.010172755010444234,182527.59857651882,55595.810840254,0.7665252191020495,8658,3680,141569.71383161203,0.00045021789995573156,0.18711376400182814,100.04502178999557,9995.405496405816,100.34288258639835,0
flashbots-c1,755,10000,281.7420810721386,-281.96836288168697,281.96836288168697,-0.22628180954836807,88424.40206982744,36767.99416558175,0.70630808842061,9375,2688,59690.91310837446,-0.00004236618883126653,0.06103027713697017,99.99576338111687,9982.506762612407,75.26623008941496,0
flashbots-c1,756,10000,461.8582943824185,-461.5902900091841,461.5902900091841,0.268004373234362,110491.30159467967,51251.54797582965,0.6831294359415417,8973,3203,79130.83021235143,0.000002353992732793131,0.06007883139459921,100.00023539927328,9998.434745129345,29.392458375787093,0
flashbots-c1,757,10000,829.3911671047192,-830.1302003028732,830.1302003028732,-0.7390331981539475,176731.49355338214,133765.9681107017,0.5691882072278633,11093,4115,120423.01704931556,0.0019264319996713652,0.11002441511868497,100.19264319996714,9977.55864080358,158.94831824420146,0
flashbots-c1,758,10000,412.4837125012367,-412.45691388837014,412.45691388837014,0.026798612866571148,109016.4088074103,28848.08330983969,0.7907504472920759,7469,2835,82895.16901185317,-0.001802628327887561,0.035323502869759126,99.81973716721124,10016.87133278752,106.84769461779557,0
flashbots-c1,759,10000,185.31399325011628,-185.3047034590372,185.3047034590372,0.009289791079083898,57477.06659234098,30169.386416073634,0.6557831448903336,6604,1998,39915.59684261151,-0.0007163962197576268,0.02845878173549849,99.92836037802424,10003.194316398265,71.69126603690364,0
flashbots-c1,760,10000,239.99072803403098,-239.99285921119298,239.99285921119298,-0.002131177161999176,67959.15988700681,16026.524407264635,0.8091755214958964,4510,1868,53902.91451638406,-0.0000009626463607048662,0.03201348697058051,99.99990373536393,9999.83407957804,103.10818805891064,0
flashbots-c1,761,10000,602.0973326074768,-602.1670010668579,602.1670010668579,-0.06966845938109145,171175.32220273177,44225.96939189302,0.7946810389831634,11409,3832,121194.84760927266,0.0000014781194704482913,0.03317783573869022,100.00014781194704,9994.691951062585,109.84123302701997,0
flashbots-c1,762,10000,521.3596182244232,-521.6331794048224,521.6331794048224,-0.273561180399156,97611.85566279195,37673.191048539375,0.7215273087133885,5430,2441,78801.55730254774,-0.00028321114244008074,0.10714864718293583,99.97167888575599,10004.887201294581,95.76820015918756,0
flashbots-c1,763,10000,359.4644103152853,-359.4812618394196,359.4812618394196,-0.016851524134267493,121562.68056947547,68472.62592598998,0.6396847133896992,9521,3175,85055.51285865728,0.000003724203402555304,0.039056537489404096,100.00037242034026,9999.412456960325,83.24321816981625,0
flashbots-c1,764,10000,370.8672578497873,-370.9054976854333,370.9054976854333,-0.0382398356460385,117062.66076444372,59300.7094867816,0.6637583563848367,8083,2979,84478.7876383366,0.0000015763368887178331,0.05821187491223327,100.00015763368887,9999.101646203335,112.10210031335453,0
flashbots-c1,765,10000,963.148009490218,-962.8774712491214,962.8774712491214,0.270538241096574,121353.70642328785,28532.293210513704,0.809640037893978,8228,3080,93280.93438497753,0.0009618094369599816,0.15412974550932845,100.096180943696,10004.541808372844,59.15366382988853,0
flashbots-c1,766,10000,639.1983049630277,-639.2185201169757,639.2185201169757,-0.02021515394801554,158104.87432053778,43342.92864229262,0.7848428823505713,9965,3389,115144.85296610968,-0.00024262890082496824,0.052336340116817294,99.9757371099175,10002.466592626459,129.17125411408526,0
flashbots-c1,767,10000,721.3742184091237,-721.6880507088454,721.6880507088454,-0.3138322997216392,201288.69884985013,76314.77476083668,0.7250943089139399,11022,3817,144231.27546468537,-0.0002882046700284491,0.037745874391216176,99.97117953299716,10003.023080542402,141.39502169550477,0
flashbots-c1,768,10000,554.0870895705053,-554.1780103148524,554.1780103148524,-0.090920744347045,122003.96191279979,35259.01351541499,0.7757958386619136,6935,2827,94664.34703429762,0.000820577084704297,0.05338273348705855,100.08205770847043,9987.86518281466,111.92007962805289,0
flashbots-c1,769,10000,439.13006473130764,-439.15174387099387,439.15174387099387,-0.0216791396862277,79205.01277941433,34576.07233463344,0.696117572617836,6663,2583,59908.88125941603,-0.0000007557678931391365,0.0623716992520481,99.99992442321069,10018.210643853294,37.26992806776026,0
flashbots-c1,770,10000,484.69881615062945,-484.668753540326,484.668753540326,0.030062610303446036,113959.23007156051,49343.03798447634,0.6978422983840961,10416,3260,79357.50130912598,-0.0013746714102563827,0.07454333427180317,99.86253285897436,10003.624085673931,57.98356107023355,0
flashbots-c1,771,10000,379.10718687452555,-379.0582833825296,379.0582833825296,0.04890349199592947,101649.88183632206,54445.58532693391,0.6512032904197611,5870,2509,78243.86476356165,0.0003796158032476171,0.03141677367249272,100.03796158032476,9992.489792073906,117.1002968466999,0
flashbots-c1,772,10000,460.6910456829084,-460.7076673714883,460.7076673714883,-0.016621688579903093,94407.31688637407,25084.891018865845,0.7900709053869124,4750,2196,76634.31569353103,-0.0006906495814035906,0.05495275977104356,99.93093504185964,10002.607678729944,106.47163313139586,0
flashbots-c1,773,10000,201.66580569644802,-201.55369615020547,201.55369615020547,0.1121095462425501,46490.84443892839,19669.375248585147,0.7027008776348219,4035,1627,36463.68288307651,-0.000004113690961560223,0.03832182736940354,99.99958863090384,10001.458109090932,60.991476141526256,0
flashbots-c1,774,10000,606.6743608410759,-606.9297377775468,606.9297377775468,-0.2553769364709524,141838.0704488198,70401.4489228213,0.6682924597113079,8852,3343,103202.01871935854,-0.0007774938891397198,0.033380785128777575,99.92225061108603,10014.346737131105,105.14823605591745,0
flashbots-c1,775,10000,547.3757758772434,-547.1815789982079,547.1815789982079,0.1941968790355304,154529.0091549312,64628.383539636605,0.7051051632572259,9233,3540,112540.31927960395,0.0033924966453638206,0.023914282458871554,100.33924966453638,9966.998276118766,103.46699775840948,0
flashbots-c1,776,10000,820.2374473457559,-819.6230253514002,819.6230253514002,0.6144219943556664,158280.01375661447,56276.58704205228,0.7377075008059972,10639,3658,112809.01491997353,0.0000007773148674061758,0.10541045467132434,100.00007773148674,10006.545689742745,79.8028225848472,0
flashbots-c1,777,10000,435.72091926018794,-435.69153717773605,435.69153717773605,0.02938208245188889,119789.10419201707,30350.466171300413,0.797851651647488,10553,2974,83819.75063577174,0.0006198813218333043,0.05357572294941065,100.06198813218333,9993.591278257913,121.75783026085003,0
flashbots-c1,778,10000,173.0578772594585,-173.0353170369547,173.0353170369547,0.022560222503813065,63048.639138930455,45000.09325934203,0.5835203962090951,5931,2101,44881.90501574189,0.00024470905879624637,0.03173085098183279,100.02447090587962,9997.321577777242,70.4965545879545,0
flashbots-c1,779,10000,740.5221325889574,-740.0017087356873,740.0017087356873,0.5204238532701311,99028.47017813529,25905.899379398696,0.7926439340019347,5349,2382,81721.40775475689,-0.0000013748832176929682,0.07511728819530561,99.99986251167823,9996.558206533702,119.5149394147438,0
flashbots-c1,780,10000,244.99327939809356,-244.9045381382839,244.9045381382839,0.08874125980966596,55301.90624471194,26670.060773251902,0.6746441284322571,4628,1862,43028.13707406462,0.0000016320681670833892,0.0325079130989117,100.00016320681671,9988.287477408487,43.201264710126864,0
flashbots-c1,781,10000,578.2278358135833,-578.2275882007243,578.2275882007243,0.0002476128589705695,152088.18039040788,87755.77375723657,0.6341130462550022,9655,3798,109303.10007009255,0.000442108872811815,0.028794619559319584,100.04421088728118,9996.615949891786,88.30946982733876,0
flashbots-c1,782,10000,368.9918856013383,-368.8822244235988,368.8822244235988,0.1096611777394969,98970.6813891338,66391.52906634395,0.5985084567781629,10605,3455,66222.17667775137,0.001468807867901063,0.028851876142028773,100.1468807867901,10007.645790728182,30.849314336764525,0
flashbots-c1,783,10000,310.71875942071864,-310.71196056742247,310.71196056742247,0.0067988532961749115,132034.15755311697,52322.47193763949,0.716188823357378,9078,2728,91533.51223011102,0.0016370802993940004,0.02277066289520903,100.1637080299394,9975.293471889923,187.45760283221549,0
flashbots-c1,784,10000,579.5468778755486,-579.4097206437787,579.4097206437787,0.13715723176994743,141119.55138423678,65139.215668708355,0.6841869240303003,8288,3352,104750.28223399053,-0.0009333898295666642,0.05097665138488963,99.90666101704333,10010.434183234158,90.7681798913549,0
flashbots-c1,785,10000,468.8669963466257,-469.0079567126626,469.0079567126626,-0.140960366036893,152098.63729574136,56823.55739907477,0.7280156975084433,11012,3305,104850.35755406605,-0.002759297643775085,0.0642110052055412,99.72407023562249,10036.164135232402,107.79334861455105,0
flashbots-c1,786,10000,500.7694211427356,-500.7506563347868,500.7506563347868,0.018764807948798534,145660.09838362457,53008.66102565003,0.7331806914017736,11334,3772,102267.33665227347,0.0009116716084737675,0.027640453246722388,100.09116716084738,9987.291776002534,69.39788457473159,0
flashbots-c1,787,10000,239.74278087348506,-239.78328083236144,239.78328083236144,-0.04049995887638147,59640.35675708854,28931.945782620485,0.6733522223874713,4410,1700,45155.01822588016,-0.00039848806504991783,0.04598342547790693,99.96015119349501,10002.656886915753,102.25641890206818,0
flashbots-c1,788,10000,548.5403686504432,-548.5092612916472,548.5092612916472,0.031107358795907203,123165.35421806206,28629.364261578663,0.811394200349477,9871,3312,91562.3858948072,0.00016000818095889712,0.03973163453436513,100.01600081809589,10007.222709192021,76.4701005624904,0
flashbots-c1,789,10000,553.4325949648282,-553.1863273727364,553.1863273727364,0.24626759209184002,113293.44801597587,51892.11864090494,0.6858556126232632,8652,3054,81390.54199828643,-0.0033243198137662944,0.07600703305210019,99.66756801862337,10002.775622705729,45.19913850165597,0
flashbots-c1,790,10000,760.8723632513547,-760.1201294659215,760.1201294659215,0.7522337854331909,183297.4687130865,64872.1341409613,0.7385975824802622,10692,3769,131218.86020320386,0.007125140191654538,0.09909937014326715,100.71251401916545,9909.673755234484,107.42707785417099,0
flashbots-c1,791,10000,672.586706590985,-671.9419822393729,671.9419822393729,0.6447243516121262,83685.37614141576,42951.23850467745,0.6608308061241867,4390,2154,68218.23672636096,0.0036082576605200247,0.16944820365875388,100.360825766052,9965.016195914159,79.51436980792685,0
flashbots-c1,792,10000,292.34600763950965,-292.35791886019666,292.35791886019666,-0.011911220687011337,101229.87173093484,32315.945309822775,0.7580160425394673,8133,2770,72998.79701961065,-0.000893897853595007,0.03078918951572689,99.9106102146405,10011.654747244766,107.75392412089055,0
flashbots-c1,793,10000,605.6307734679416,-605.3046168263863,605.3046168263863,0.3261566415552579,136052.385424148,78439.76623794004,0.6343000635216042,8887,3413,100086.05059503487,-0.0009912673311734466,0.0677056257462219,99.90087326688266,10011.728438720598,90.0232238598749,0
flashbots-c1,794,10000,588.4181834713627,-588.2831758812332,588.2831758812332,0.13500759012947583,130931.62444372043,53813.32715986788,0.7087155741319718,8598,3430,97260.89668774833,0.0017127141496199273,0.04705843745505206,100.17127141496199,9982.764450853618,75.5775003864907,0
flashbots-c1,795,10000,220.1588071225484,-220.17860695352323,220.17860695352323,-0.019799830974818633,76298.68795385139,32272.50388616669,0.7027526055556164,5109,1940,58522.94121964969,0.0003018798390064603,0.019200342552468753,100.03018798390065,10004.082063275744,101.23265814628994,0
flashbots-c1,796,10000,667.0300754685817,-666.9740539006449,666.9740539006449,0.05602156793679569,144297.2628882662,40276.560073150984,0.7817861740796782,11355,3819,102966.87959092333,-0.0025819174752471953,0.05131589761431286,99.74180825247528,10019.350429874665,44.766029147773274,0
flashbots-c1,797,10000,160.40741384962436,-160.27904844821433,160.27904844821433,0.12836540141003638,44592.79990068802,21012.36843119533,0.6797147394714699,4658,1604,33130.88921914576,0.003879096017672623,0.033969118051320774,100.38790960176726,9974.944757785503,48.03513720874063,0
flashbots-c1,798,10000,696.2910253166257,-696.2843571331467,696.2843571331467,0.006668183478950596,147079.14892120226,29895.96842239331,0.8310724757743736,9144,3341,109482.51106295054,0.00023465783353302072,0.052357289239059523,100.0234657833533,9995.98970410093,94.88059338914263,0
flashbots-c1,799,10000,388.436813508688,-388.40087407242623,388.40087407242623,0.03593943626174223,120960.39794336108,30403.590907391314,0.7991359032076659,9687,2974,86328.65139244014,-0.0037980971049046274,0.05960402836307495,99.62019028950954,10053.545069608319,129.93298697183545,0
flashbots-c1,800,10000,306.15799430560236,-306.2203436769841,306.2203436769841,-0.06234937138174246,66045.60172563042,13488.398410483846,0.8304071417582438,4978,1894,51539.539158254316,-0.0009529722738537316,0.04037812100560487,99.90470277261463,10007.391969045964,77.59413458054722,0
flashbots-c1,801,10000,700.8365633736387,-700.8720361129182,700.8720361129182,-0.035472739279498455,171327.2664155404,72101.77656561018,0.7038078296549306,9767,3846,125954.52514777353,0.0000016534561738978938,0.04993323011414219,100.00016534561739,9999.612447973408,104.84914144142202,0
flashbots-c1,802,10000,473.5452135083568,-473.3660764141896,473.3660764141896,0.17913709416723123,127222.31451620968,63241.018516560405,0.6679622397152973,8596,3237,92714.00204587623,0.003749439776414505,0.04092107161304938,100.37494397764145,9974.58148139615,87.95038740837605,0
flashbots-c1,803,10000,610.7053102693227,-610.5894926091119,610.5894926091119,0.11581766021083695,164233.92366721889,48954.858197571564,0.770368507341911,11346,3774,116016.02819231398,0.0000003650270950572576,0.038425043991485525,100.0000365027095,9998.240693106954,89.95941612798795,0
flashbots-c1,804,10000,161.46944548086435,-161.46968367509058,161.46968367509058,-0.00023819422622750608,65775.69070679034,26759.60144221421,0.7108173452446156,7250,2067,45434.772935192836,-0.0008623526862633923,0.021897191226603496,99.91376473137366,10008.455715046524,97.2363674029311,0
flashbots-c1,805,10000,299.1620637190225,-299.2261676909572,299.2261676909572,-0.06410397193468498,104339.0238014018,24795.588851571058,0.8079865007362127,9814,2474,70535.33215061315,-0.0015509928927161809,0.034853042927560696,99.84490071072838,10028.940901379232,119.2981378612403,0
flashbots-c1,806,10000,182.69610578166953,-182.65148518947373,182.65148518947373,0.04462059219579828,56938.89108676153,32488.61065111665,0.6367044810628353,5997,1794,39556.5053992024,0.000002270821144350066,0.03966899726533597,100.00022708211444,9996.881670367215,75.48629317156421,0
flashbots-c1,807,10000,306.6735281424503,-306.51650206938376,306.51650206938376,0.1570260730665609,83468.97876100126,23714.023968285994,0.7787520095123603,6627,2262,62318.31927453734,0.0003381531852043906,0.04132452396879302,100.03381531852044,9999.933597568897,99.07495247045713,0
flashbots-c1,808,10000,367.0217011036983,-367.0245702064592,367.0245702064592,-0.0028691027608829245,71891.2325050037,32756.973751053953,0.6869800742603958,4389,1923,57892.50824213578,-0.0000002400238825828183,0.06330550427671397,99.99997599761174,10000.053315081606,99.8784555894213,0
flashbots-c1,809,10000,1408.1442660204125,-1408.2892592177875,1408.2892592177875,-0.14499319737501537,173617.82882658322,40726.13214317575,0.8099963630469549,7360,3384,140786.3153880308,0.003971398229325018,0.09775854013743512,100.3971398229325,9970.297144596147,98.84999152418169,0
flashbots-c1,810,10000,421.21987822574556,-420.99579307204607,420.99579307204607,0.224085153699491,112294.56656923752,69302.9749071966,0.6183705222893118,7175,2902,83971.45824321966,-0.004181347894627407,0.029527831595441967,99.58186521053726,10067.16322215452,110.90749740308672,0
flashbots-c1,811,10000,929.2748048305555,-930.2320873854378,930.2320873854378,-0.9572825548823403,217464.9849577953,32724.279460418387,0.8692019038606036,10121,3501,163181.63055314048,-0.0003198007562880889,0.049442883636771316,99.96801992437119,9955.152543860973,186.54067034309261,0
flashbots-c1,812,10000,266.0667731099258,-266.06494138277,266.06494138277,0.001831727155831686,62843.54467696362,13720.551011288157,0.8207965380123534,4166,1731,51018.41713365315,-0.0005039330952232035,0.03747146382232714,99.94960669047768,10005.338194009973,99.1449253962304,0
flashbots-c1,813,10000,150.74763423221302,-150.81157811287207,150.81157811287207,-0.06394388065905332,46901.359576156414,16723.48579875136,0.7371547907078021,3655,1257,35709.47164477695,0.0009646271490176162,0.02750602348633393,100.09646271490176,9985.658722706497,176.8947872540809,0
flashbots-c1,814,10000,208.36533385171933,-208.40998371663017,208.40998371663017,-0.04464986491083778,52975.87192149542,10922.977087809837,0.8290583123614765,4447,1493,40278.26477006792,-0.000711356418076008,0.03245026864943128,99.9288643581924,10003.104124444817,62.71693477351568,0
flashbots-c1,815,10000,249.31986360659133,-249.40042204611808,249.40042204611808,-0.08055843952675446,57639.221592282636,29013.667731821082,0.6651736836690739,4405,1865,44639.56808172726,-0.000004653576888955513,0.028666586807776753,99.9995346423111,10002.668060762786,77.68030596446827,0
flashbots-c1,816,10000,850.975723102425,-851.581361840717,851.581361840717,-0.6056387382919866,116625.23378117899,37880.22149752926,0.7548292296268883,6393,2899,93703.41490451338,0.0004432983733481421,0.07339232680813439,100.04432983733481,10008.649388481921,64.61531201975052,0
flashbots-c1,817,10000,180.02528089380402,-180.02313805238447,180.02313805238447,0.0021428414195554524,77993.63194436881,18036.61186464298,0.8121777978559046,7093,2111,55745.4413773469,-0.000625475104810107,0.016215311742668204,99.93745248951899,10009.176983716576,129.80734167473219,0
flashbots-c1,818,10000,342.44019211763595,-342.4370392469859,342.4370392469859,0.003152870650069417,117217.58468591576,31855.33272038179,0.7863103957806084,9593,3065,82396.95062914342,-0.0002122199601625141,0.02454690960279848,99.97877800398375,10001.62680918937,98.4871648904089,0
flashbots-c1,819,10000,537.8093879438211,-537.812668223418,537.812668223418,-0.0032802795968791543,146587.2084811636,72209.23028248838,0.6699707239728424,9370,3664,104791.5609438205,-0.000336624559948433,0.0387258992585052,99.96633754400516,10000.627218689666,78.1946351444569,0
flashbots-c1,820,10000,703.0808096224358,-702.9938032295041,702.9938032295041,0.08700639293169843,151806.1819845942,26316.2264448777,0.8522576318335732,9675,3497,114243.11495606221,0.0003913073939658318,0.06827889955803272,100.03913073939658,9996.520852396674,100.49189058316097,0
flashbots-c1,821,10000,787.9257224477095,-788.426406051859,788.426406051859,-0.500683604149458,149271.17840449425,86779.91530905598,0.6323680863162444,8389,3495,110651.55450277109,-0.0030608043644456016,0.0712654963444109,99.69391956355544,10019.6613053876,96.39702422755052,0
flashbots-c1,822,10000,282.8156611802847,-282.75071451538645,282.75071451538645,0.06494666489822976,72960.56711573404,18789.449091170736,0.7952104003033766,6213,2182,55161.225223093905,-0.00009858039156625865,0.0471455039588723,99.99014196084337,9999.506237460795,84.97408078309397,0
flashbots-c1,823,10000,891.7791078367391,-891.7870603774131,891.7870603774131,-0.007952540674068587,172722.54279215023,32534.908903263236,0.841492191223622,10908,3757,126004.79897839871,-0.0006143854403295279,0.0772400616277568,99.93856145596705,10016.45814955144,97.60021019536488,0
flashbots-c1,824,10000,255.59304328203092,-255.56339353015028,255.56339353015028,0.02964975188064045,60490.17942006777,14816.455994092741,0.8032516535547319,4932,1790,46235.25391771677,-0.0017212368684253931,0.045715215571955244,99.82787631315746,10013.937297449707,86.78164772720766,0
flashbots-c1,825,10000,398.56625988612876,-398.54300027202964,398.54300027202964,0.023259614099117698,99879.49692514865,40174.02880930315,0.7131523208814105,6552,2623,75841.0947503657,-0.0017754078849530686,0.04306446675901185,99.8224592115047,10017.838876134252,102.54219046099887,0
flashbots-c1,826,10000,909.3744085786385,-909.3005158114387,909.3005158114387,0.07389276719982263,140016.99316197625,41484.45737393592,0.7714373232200271,7728,3120,109740.69687713914,0.001109247546889378,0.1015730933800441,100.11092475468894,9995.624037680971,85.45788929678895,0
flashbots-c1,827,10000,474.26976227689994,-474.1559335087545,474.1559335087545,0.11382876814542442,109237.46280573274,33815.866953017576,0.7636135627877678,5322,2268,87251.91248887015,-0.0005558411996692314,0.044302138543500576,99.94441588003308,9997.276870122449,160.70313852432446,0
flashbots-c1,828,10000,393.4919052032907,-394.1146512347966,394.1146512347966,-0.6227460315059261,99932.28321320904,41975.10701636678,0.7042077445828576,8103,2707,71408.3792145443,-0.00000029524578209816355,0.06860228717319217,99.99997047542179,9995.386619145507,75.19124874910781,0
flashbots-c1,829,10000,483.71698161213214,-483.67604646642513,483.67604646642513,0.04093514570701018,117455.50762467753,16200.796625671634,0.8787876358205579,7068,2662,90096.1009988291,0.00027361970944809853,0.03480145040230383,100.02736197094481,9993.829979267546,122.83687938068753,0
flashbots-c1,830,10000,201.31442431601343,-201.3447365440715,201.3447365440715,-0.030312228058079427,98927.47316710677,34494.88746882666,0.7414609717260806,9075,2385,65719.32806950879,0.0003383942130606954,0.017356168343777085,100.03383942130607,9995.824257487378,112.94110362518128,0
flashbots-c1,831,10000,681.6629480770912,-682.2173310940224,682.2173310940224,-0.5543830169311832,96039.08151676011,60878.54832967102,0.612034999577483,5368,2578,77618.61348123026,0.000004852409435613936,0.07470093203074527,100.00048524094356,10018.931984452436,51.688097046321765,0
flashbots-c1,832,10000,601.5288520696275,-601.4817109189968,601.4817109189968,0.04714115063075042,176597.44049352058,109681.4762405316,0.6168719740461235,10230,4051,125585.40302943329,-0.0009277503265634835,0.028925955013781673,99.90722496734365,10008.082294829237,91.85844630659516,0
flashbots-c1,833,10000,502.2464956822754,-502.0086556291451,502.0086556291451,0.23784005313029866,112111.7154420961,80077.879253974,0.5833391532949029,6521,2772,85192.08497424396,0.000001640018159889678,0.055551362422229716,100.00016400181599,9998.274318329375,104.45568928617625,0
flashbots-c1,834,10000,915.643788882232,-915.2050048550446,915.2050048550446,0.4387840271873529,161216.29010592136,52615.90985445004,0.7539383223658499,9860,3878,120297.84176025994,-0.01093685303595052,0.04774969557940878,98.90631469640495,10055.704247364121,46.10246177590722,0
flashbots-c1,835,10000,903.3387409994016,-903.3854720710708,903.3854720710708,-0.046731071669228186,99425.11352273654,41789.462879203405,0.7040711805822524,5958,2789,78629.36426458781,-0.0002332160938765071,0.11919585896168926,99.97667839061235,10008.419841526747,34.93327604732511,0
flashbots-c1,836,10000,807.9236016923832,-807.9322078354256,807.9322078354256,-0.008606143042470649,193762.32158590897,84028.98441109406,0.697510387844893,10966,4294,140111.5965832292,-0.0005058856648498988,0.036166694339858196,99.94941143351501,10004.758607646729,90.85752508151614,0
flashbots-c1,837,10000,363.21736746382066,-363.1318456434534,363.1318456434534,0.08552182036726208,90545.8703533303,27646.45189522423,0.7660892740808946,6239,2412,70024.9444565348,-0.0033856547653834924,0.026791755362520604,99.66143452346165,10030.634831352154,91.23673533614378,0
flashbots-c1,838,10000,218.66362727538484,-218.83789452490612,218.83789452490612,-0.1742672495212787,50828.9135183368,17481.987003517366,0.7440820298083394,4781,1705,38502.35093824922,-0.0012825732076736074,0.03583998265449395,99.87174267923264,10006.896145035387,60.250967028008056,0
flashbots-c1,839,10000,409.3358704177855,-409.33013516329777,409.33013516329777,0.0057352544877176115,64913.05391021921,18981.45676077482,0.7737461413272474,4124,1787,53660.71947337294,-0.00034039760997075065,0.07297116895587934,99.96596023900292,10004.68467363804,108.29122919939262,0
flashbots-c1,840,10000,278.20346898050155,-278.2284491610863,278.2284491610863,-0.02498018058474827,71620.6496262843,14462.613489915153,0.8319927362605574,6635,2174,52805.78703780446,0.0001743421836332004,0.042860237638124514,100.01743421836332,9993.769120138033,71.96154163648174,0
flashbots-c1,841,10000,318.4661051558178,-318.3067786532853,318.3067786532853,0.15932650253250813,90742.66679151272,56525.6141034118,0.6161725134569701,5570,2375,69203.18305822798,-0.0009723631643657882,0.032736817690556703,99.90276368356342,10024.04305933043,100.83021057413497,0
flashbots-c1,842,10000,980.6922357368386,-981.6589839184154,981.6589839184154,-0.9667481815768042,196717.11990456478,104368.85866398664,0.6533586214801966,11275,3967,138632.4811733694,0.0004250624012712478,0.09611312250710981,100.04250624012712,9994.872415078857,104.82636872516866,0
flashbots-c1,843,10000,239.71613254735533,-239.70448544725272,239.70448544725272,0.011647100102607055,71283.38272772578,39287.16145219892,0.6446869123817522,5476,2033,53499.388093668356,-0.00045332966260929196,0.04572904766604395,99.95466703373907,10005.787722915304,90.99599602018608,0
flashbots-c1,844,10000,584.5349037800432,-584.587510192056,584.587510192056,-0.05260641201277849,155996.9982469176,66669.93011828042,0.7005844980762725,8905,3484,114433.46376915691,0.0000006309505339174848,0.027708464993254155,100.00006309505339,10004.995791730844,130.21283471593298,0
flashbots-c1,845,10000,1014.59606020917,-1014.0914587489224,1014.0914587489224,0.5046014602476134,179511.50424171443,49847.630717696535,0.7826655967876844,9520,3673,137341.42285750186,-0.0009773366310011512,0.05810042602753555,99.90226633689988,10009.71955719904,86.84440521727163,0
flashbots-c1,846,10000,1343.514559229595,-1342.8249095420151,1342.8249095420151,0.6896496875799585,208326.96264283147,95326.58534833927,0.6860679350563326,11346,4354,151401.48388828474,0.0009103914159931037,0.1341292684142806,100.09103914159931,10004.173705901503,86.26568770451667,0
flashbots-c1,847,10000,262.75845100991074,-262.7907408090128,262.7907408090128,-0.032289799102045436,90105.44097000225,27661.977580068808,0.7651134930132837,8967,2584,62045.78220788835,0.0019815870647495615,0.026916063947276428,100.19815870647496,9986.397341082456,101.68714168473659,0
flashbots-c1,848,10000,584.4642955789697,-584.424717454829,584.424717454829,0.0395781241406894,134447.51166210652,65325.03797711188,0.6730029321091091,9145,3377,97656.0545323814,0.000007814905840319853,0.04986823333001482,100.00078149058403,9996.506983223542,86.78353724731187,0
flashbots-c1,849,10000,500.96828426118185,-500.8864129866187,500.8864129866187,0.08187127456312737,89512.51086854281,47543.05588178996,0.6531110920259318,6367,2566,69464.35504776902,0.000997992161936878,0.07312616796534527,100.09979921619369,10002.952731553967,48.957746823523024,0
flashbots-c1,850,10000,147.6277010496234,-147.569692676758,147.569692676758,0.058008372865401725,51003.06372489665,15559.838959958894,0.7662385753573951,5352,1615,36905.94992772,0.0035277624975117304,0.018771981012287994,100.35277624975117,9979.827798852131,67.06723239911757,0
flashbots-c1,851,10000,956.5820011932675,-956.6658312412583,956.6658312412583,-0.08383004799077298,141857.78938790216,34483.518690193545,0.8044501366921815,7905,3212,110764.87277148606,0.0024559185134783944,0.0855571650041962,100.24559185134784,9982.827808013632,82.33778507966863,0
flashbots-c1,852,10000,448.72761538830093,-448.40328572840974,448.40328572840974,0.3243296598911911,116674.64656280876,53391.13335111369,0.6860559874059483,5934,2478,90415.39688082662,-0.0000005258433395738393,0.04837943774044575,99.99994741566604,9994.893806860255,88.6748237802902,0
flashbots-c1,853,10000,191.51680720362276,-191.5369586994755,191.5369586994755,-0.020151495852729795,79004.29742013694,26224.435969040216,0.7507863572580318,8062,2178,54320.65941877993,0.00022835157508254155,0.017906353801767808,100.02283515750825,9987.710815265984,148.30004310935598,0
flashbots-c1,854,10000,613.7882875050205,-613.7827333972156,613.7827333972156,0.0055541078049827775,137773.4976686306,30582.45908447069,0.8183464388532404,9660,3341,100930.03556407522,0.00029898132410153264,0.04788870425046625,100.02989813241015,9998.334732679497,91.36150052574122,0
flashbots-c1,855,10000,633.6237042782423,-633.5885033712691,633.5885033712691,0.03520090697315936,201398.72978646494,71632.87947633912,0.7376388775286837,10310,3758,144725.77331801053,0.0008981534989311512,0.035484125504063116,100.08981534989312,9976.69412387531,198.6265803228232,0
flashbots-c1,856,10000,451.27615273890007,-451.3094591800753,451.3094591800753,-0.03330644117522752,79542.45010748597,51206.601773847906,0.608359670398816,4672,2328,63783.69354616914,0.0034926632094841635,0.06123880197021933,100.34926632094842,9977.329270704538,67.00186336323387,0
flashbots-c1,857,10000,448.2663289561618,-447.8182123630691,447.8182123630691,0.4481165930926636,75723.85382413882,43908.07179733945,0.6329736266532489,5151,2246,58243.224873711915,0.002256803654583166,0.11232280806299982,100.22568036545832,10013.450065300272,60.32203024469303,0
flashbots-c1,858,10000,275.04222865342496,-275.07153249563936,275.07153249563936,-0.02930384221440363,90068.40184077872,35041.92119222396,0.7199118318719367,7765,2640,64183.120661562374,-0.0012660514935974732,0.04690695162130865,99.87339485064025,10006.207481879213,77.63671165355022,0
flashbots-c1,859,10000,785.3992919586218,-785.2378566085648,785.2378566085648,0.1614353500569905,189279.96952654602,92967.01176633156,0.6706182247176524,9991,4077,138415.35243431298,0.004262543175205877,0.03584457732019942,100.42625431752059,9959.050640165395,80.30670692604882,0
flashbots-c1,860,10000,331.2729359680032,-331.2411943232365,331.2411943232365,0.03174164476666874,110916.14114796474,33345.0798524825,0.7688562482610686,8711,2562,77509.5595897633,0.0000906007444187651,0.04444667271492065,100.00906007444188,10006.667960146224,197.45107031287412,0
flashbots-c1,861,10000,515.4879469914143,-515.5211056690921,515.5211056690921,-0.03315867767776126,95952.78959374466,15683.73197530997,0.8595107429461734,5380,2399,78157.93165920107,-0.0000005736174796311388,0.04204156566884734,99.99994263825204,9997.868322735812,101.3932377875106,0
flashbots-c1,862,10000,716.8087295396963,-716.9197743169149,716.9197743169149,-0.11104477721858075,162337.52310583505,64353.856821325164,0.7161168773069221,9694,3498,118715.37814510881,-0.0007404162817647376,0.055865158522477004,99.92595837182353,9997.979751006455,57.60465136755883,0
flashbots-c1,863,10000,421.39364454618607,-421.3502166890021,421.3502166890021,0.04342785718398545,110623.01613774795,31120.358501133007,0.7804457627707946,6793,2506,84519.38801815857,0.0000029235943671324093,0.05376663374042522,100.00029235943671,9998.466388135445,145.07392197208722,0
flashbots-c1,864,10000,265.7091463586958,-264.5775337247901,264.5775337247901,1.1316126339057178,87197.66397572473,26810.19359629217,0.7648390719090865,8597,2596,60484.91068323486,-0.014582445697074035,0.023825089566339983,98.5417554302926,10062.90355093238,46.03179362892335,0
flashbots-c1,865,10000,292.5846232762297,-292.4644286656053,292.4644286656053,0.1201946106244236,83301.34915100649,25008.84922858226,0.7690997745112134,5497,2068,63114.40854239915,-0.0010334420864640493,0.024010635154184144,99.8966557913536,10028.738636813521,122.21216496178592,0
flashbots-c1,866,10000,146.21734556854238,-146.2110039054238,146.2110039054238,0.00634166311857598,56614.73399697266,21619.37750486888,0.7236579148168636,5340,1651,40475.84472321051,-0.0000011143352426756793,0.023438082558920145,99.99988856647573,9991.883974874274,108.47222454667182,0
flashbots-c1,867,10000,810.2161743950783,-810.1855465675754,810.1855465675754,0.03062782750282622,146648.72566827206,43251.34549433895,0.772241551940742,7709,3292,113197.23546478893,0.000034208678877689634,0.060203393272205405,100.00342086788777,10004.958296872337,94.5777182947253,0
flashbots-c1,868,10000,205.37874292446946,-205.37740834411034,205.37740834411034,0.0013345803591278127,68896.88459017871,23338.60924460908,0.7469671568473066,5178,2064,52706.7436086258,-0.00000009700509068011343,0.022861752698791947,99.99999029949093,10000.046269830502,99.10295489690044,0
flashbots-c1,869,10000,280.73651082331713,-280.8519737027887,280.8519737027887,-0.11546287947157907,65166.00182907296,19323.596503045297,0.7712902311703909,5103,1913,50175.44174454298,-0.0015769818435886407,0.03446522849644111,99.84230181564114,10014.489913170024,80.18677816515901,0
flashbots-c1,870,10000,261.3840453919764,-261.2199470180402,261.2199470180402,0.1640983739361559,60205.908031689956,17567.746312818905,0.7741170006619438,4028,1611,48241.33067083507,0.004066699116228279,0.033643458510607044,100.40666991162283,9954.282814104603,105.06790297340291,0
flashbots-c1,871,10000,173.24436349483986,-173.23279657893045,173.23279657893045,0.0115669159094125,56850.02197178061,24124.850533426707,0.7020699164191301,4240,1443,42617.53944521747,0.0000008924934535059492,0.03031894490655816,100.00008924934535,9994.452743689868,162.52717894192187,0
flashbots-c1,872,10000,801.7352638711305,-801.2374007929501,801.2374007929501,0.49786307818044406,118866.03578957584,43794.33695193418,0.7307621013414898,7317,3185,92489.28106747297,0.001857433535464139,0.10197420809370512,100.18574335354641,9992.519825325438,46.93697407140254,0
flashbots-c1,873,10000,796.9967517789842,-796.990309725217,796.990309725217,0.00644205376715945,153722.80907270333,49213.85210541213,0.7574915650050158,7982,3460,120917.47397968078,0.0007891181774317602,0.04836451403354559,100.07891181774318,9992.895787476857,98.61261982968234,0
flashbots-c1,874,10000,383.84847528406925,-384.07006008132356,384.07006008132356,-0.2215847972543088,82993.19703941619,28842.283096586794,0.7421007799893939,5174,2140,66140.04080245293,0.0000029479542220656185,0.049967051371415605,100.0002947954222,10000.547264761686,103.32487417824419,0
flashbots-c1,875,10000,704.4216595840919,-704.32167382188,704.32167382188,0.0999857622118725,142044.07124012717,67688.70798791281,0.6772621416783131,8145,3527,107594.0059337913,0.0000007919862819960599,0.046443697907506874,100.0000791986282,9996.615759727772,86.56645037972162,0
flashbots-c1,876,10000,768.6694791183844,-768.6403098565703,768.6403098565703,0.029169261814104175,173164.4185406277,68537.98775076229,0.7164364691175862,10606,3967,125527.74954864001,0.0012463440301877426,0.04404684836925085,100.12463440301877,9983.434021898564,85.52460096449374,0
flashbots-c1,877,10000,583.8395059748246,-583.8782846703743,583.8782846703743,-0.03877869554969493,101259.89666772573,44032.32314802661,0.6969395663176955,5549,2619,81009.04979877423,-0.0016840310443268435,0.0560954735420674,99.83159689556732,10020.667016735913,70.11026216843064,0
flashbots-c1,878,10000,576.2613955589368,-576.0839187803543,576.0839187803543,0.17747677858244515,106930.6712950611,38184.37290929491,0.7368682680789295,5714,2576,85982.23653872295,-0.00024937970277207457,0.059221757395747116,99.97506202972279,10009.537408468654,99.63650055586174,0
flashbots-c1,879,10000,934.2355094584773,-934.5948001704651,934.5948001704651,-0.3592907119877964,215718.13820614605,78920.10107314044,0.7321457619819254,10586,4142,159658.1714810045,0.00009068620551545336,0.03186191344293292,100.00906862055155,10002.29890291595,106.96298308753185,0
flashbots-c1,880,10000,387.87950632401254,-387.9023377255241,387.9023377255241,-0.02283140151155294,103545.69386812982,28605.020167726372,0.7835424471489043,7280,2666,76706.5248042328,0.00000044169109131075857,0.04124305767294402,100.00004416910913,9999.446117202478,105.03268926818903,0
flashbots-c1,881,10000,1308.948118932934,-1308.8639243755736,1308.8639243755736,0.08419455736043346,177974.53106451235,53290.63142035096,0.7695691350665973,8434,3888,139801.22983916645,-0.0000012883257346629763,0.09769988906827408,99.99987116742653,9998.012782374934,79.91864952698177,0
flashbots-c1,882,10000,298.3070972376007,-298.33278098191334,298.33278098191334,-0.025683744312630097,90141.9115745103,33622.59084339477,0.7283341330790938,7717,2520,64501.245023398566,0.0005847895215522669,0.03642534440988314,100.05847895215523,9992.760950486743,92.96718688283305,0
flashbots-c1,883,10000,334.2736006407994,-334.24109799582993,334.24109799582993,0.03250264496944055,88722.94305423778,25615.42826634959,0.7759682250980483,8381,2598,63407.877955258795,-0.0000008130499240621702,0.04912415930775325,99.9999186950076,10006.105764460357,57.866316955603345,0
flashbots-c1,884,10000,533.1351361042706,-533.2998237422105,533.2998237422105,-0.16468763793989183,109797.91886266443,19174.900584982737,0.8513260339108408,6489,2514,86983.85045712242,-0.00015744249163063273,0.0421105955577508,99.98425575083694,10009.990351508324,171.72152903121366,0
flashbots-c1,885,10000,239.21842124663294,-239.2076374537742,239.2076374537742,0.010783792858745755,74472.0065796837,33493.96438293061,0.6897729526785003,5610,2211,56991.864894329905,0.0006033575898729282,0.024256834961760062,100.06033575898729,9994.323351498926,95.93368572207761,0
flashbots-c1,886,10000,1028.7513460431446,-1028.4391688401265,1028.4391688401265,0.31217720301810914,193051.21947590727,76053.95352924087,0.7173820455402918,10718,4110,141127.3141406088,-0.0033514508149937684,0.06546607561736664,99.66485491850062,10039.01218119467,98.39244390078188,0
flashbots-c1,887,10000,215.54941163389714,-215.54655192983935,215.54655192983935,0.002859704057783574,64247.37175366109,13512.508959763869,0.8262277560640472,5302,1710,48293.541073057895,-0.00011664398937170972,0.03926653650290873,99.98833560106283,10001.772231170558,150.83631635609953,0
flashbots-c1,888,10000,449.7179490382496,-449.6402051186627,449.6402051186627,0.07774391958690785,130405.53023042489,22896.25623260861,0.850645861598425,10980,3266,91946.88083423089,0.002193215209329935,0.03841992254566691,100.219321520933,9975.615026994265,101.32791616145774,0
flashbots-c1,889,10000,365.32973896510646,-365.3503748101411,365.3503748101411,-0.020635845034632894,112137.80835700248,59341.12182185358,0.6539451129071101,7505,2896,82090.15554338892,-0.0000006958138908430556,0.024003729774395452,99.99993041861092,9999.33349475004,96.7181977662013,0
flashbots-c1,890,10000,355.1832515449983,-355.2131873421267,355.2131873421267,-0.02993579712835981,75129.14146013315,22931.448928293674,0.7661502053224426,4460,2014,61765.02919640764,-0.0005052329450280979,0.04661625479674598,99.94947670549719,10004.600596470653,101.83985582112363,0
flashbots-c1,891,10000,278.2508370573252,-278.07696879366654,278.07696879366654,0.17386826365867591,89232.35691914965,21463.26124969289,0.8061055929336312,8088,2261,63508.95517070775,0.0043008123490508865,0.027815168705130164,100.43008123490509,9962.510838412089,97.39477003811395,0
flashbots-c1,892,10000,223.99804358880846,-223.70085705211747,223.70085705211747,0.2971865366909867,69500.75367834329,21630.679509857837,0.7626430447419059,4776,1811,53019.78622319792,-0.006764168930964587,0.019347760966053045,99.32358310690354,10065.211656010642,87.98773448184434,0
flashbots-c1,893,10000,862.8071653075671,-862.8157630638584,862.8157630638584,-0.008597756291351288,214168.13135480438,68253.60899999866,0.7583273549895541,10565,4036,156311.68572574825,-0.0014248130271850813,0.06647349685527587,99.85751869728149,10029.709509042326,162.11446641430615,0
flashbots-c1,894,10000,740.4418247015141,-740.5803775828695,740.5803775828695,-0.13855288135539467,162336.45458496182,74580.94238857781,0.6852027612100287,8856,3629,119904.42785068933,0.0003385236519567059,0.10059651357648505,100.03385236519567,9996.73765902741,103.80107120402114,0
flashbots-c1,895,10000,530.1417778640731,-530.0771678964436,530.0771678964436,0.06460996762950799,172680.17339537543,53032.97843547677,0.7650425861084988,10693,3418,121375.1527672783,0.00000004333585138738272,0.03964556972643408,100.00000433358514,10001.217734776228,152.32987369519603,0
flashbots-c1,896,10000,231.3237689793632,-231.38472666874793,231.38472666874793,-0.06095768938473611,78286.66233226536,29380.225062814785,0.7271192121027423,7220,2373,55917.20601365596,-0.000001656988603571108,0.03246904437075798,99.99983430113964,10006.547400455192,74.75278526739645,0
flashbots-c1,897,10000,405.98130093444536,-406.14423310551064,406.14423310551064,-0.1629321710652789,96360.85188983989,39596.077404305935,0.7087601374208816,7835,2852,70284.95106142781,-0.0000009553390644612137,0.0619663475210757,99.99990446609355,10003.946976129218,61.66054881566218,0
flashbots-c1,898,10000,364.69822843483047,-364.6570271032609,364.6570271032609,0.04120133156959582,106411.54278697737,42837.63796565648,0.7129790746613495,9713,3000,73133.68450973512,0.0002262645731823909,0.028489163798862335,100.02262645731824,9992.081967552322,61.72752126679433,0
flashbots-c1,899,10000,590.8064919200643,-590.5814987772476,590.5814987772476,0.22499314281674287,103738.24457703116,93992.48170052764,0.5246440274103459,8138,3465,75496.8244106303,-0.0016862601762879592,0.05438883344547861,99.8313739823712,9998.079043060497,48.27563102318908,0
flashbots-c1,900,10000,373.92562176502156,-373.8986811776109,373.8986811776109,0.02694058741064964,124737.07200795531,50746.744678376475,0.7108180934479922,11340,3323,84792.43810391845,0.0000007263931637169208,0.05634607657405283,100.00007263931637,9997.082063575805,95.15456377734994,0
flashbots-c1,901,10000,479.2138218438137,-479.14663933491187,479.14663933491187,0.06718250890185118,119596.80715160203,73783.83140064489,0.6184528505385496,9486,3483,83174.03994564284,0.00041516920317405945,0.035159128365248475,100.0415169203174,9987.477037043487,51.95977984924389,0
flashbots-c1,902,10000,689.2587910167282,-689.5065878992081,689.5065878992081,-0.24779688247986087,139878.0721486227,88644.99390161419,0.6120960766291876,9376,3683,101281.9242152405,-0.00001596141746276203,0.1200348437490598,99.99840385825372,9999.011271369893,42.07959173122799,0
flashbots-c1,903,10000,575.5214349366413,-575.3119098806249,575.3119098806249,0.2095250560164459,188546.07273350065,64629.56627584458,0.7447243876672551,11511,3627,132036.78825034463,0.000001023549853869099,0.03156788132604447,100.00010235498539,9995.947407673646,79.3553036882172,0
flashbots-c1,904,10000,775.458403981714,-775.4828668392287,775.4828668392287,-0.024462857514663483,174830.25441743626,39845.69288926411,0.8143914425944612,9964,3808,130289.46600611876,0.00008026160955822092,0.045650127962247496,100.00802616095582,9997.649095585182,103.56459739764196,0
flashbots-c1,905,10000,462.62658902600526,-462.5987619563552,462.5987619563552,0.027827069650072644,129342.12840000633,74248.27684298194,0.6353056188754795,8305,3293,93790.67478400463,-0.0015673962574804534,0.030689387076558886,99.84326037425195,10015.040206508042,95.28967750177506,0
flashbots-c1,906,10000,207.31287025566442,-207.35571909719508,207.35571909719508,-0.042848841530656046,85971.57372524812,16301.995490461086,0.8406040229604396,7322,1930,59346.49147006762,0.0005925191846284861,0.02826421176066205,100.05925191846285,9985.808812144594,176.99047483532598,0
flashbots-c1,907,10000,220.12819044037633,-220.10056260642693,220.10056260642693,0.027627833949395608,67667.00148394667,34256.75954258935,0.6638982000117661,5242,2018,50468.07030250524,-0.00009916290822047812,0.029127285569508814,99.99008370917795,9994.117647666817,116.46277568617353,0
flashbots-c1,908,10000,489.23173021265796,-489.4738008149902,489.4738008149902,-0.2420706023322623,121021.03133815352,41402.794468331194,0.7450940817164386,8368,2938,89788.57473227671,0.000046351752010735934,0.04320235680553708,100.00463517520107,9996.268277079253,80.53688170807973,0
flashbots-c1,909,10000,658.6995608554378,-652.3875086281521,652.3875086281521,6.312052227285676,121377.79940690569,38244.717782002146,0.7604052457289543,6774,2958,95595.8689751862,0.03219858003069504,0.04679045075703272,103.2198580030695,9792.027080572909,63.95569969304597,0
flashbots-c1,910,10000,559.3400254768471,-559.2564590887382,559.2564590887382,0.08356638810892036,181107.80233221882,72088.60029336295,0.7152858431406504,10476,3476,128970.8244239658,-0.0023643251183933954,0.04962253157023568,99.76356748816066,10037.434742595096,185.42967231080868,0
flashbots-c1,911,10000,470.92804999333686,-470.8289095096993,470.8289095096993,0.09914048363754091,138621.94134866612,44537.00726515132,0.7568395778518272,11606,3431,95063.3340130061,0.0013320465405504934,0.02726593534670599,100.13320465405505,9988.154877913426,52.93232788898077,0
flashbots-c1,912,10000,839.6093512039992,-839.2206548175875,839.2206548175875,0.3886963864116524,180637.05846610127,33017.57816650129,0.8454628521669865,9045,3482,137116.1102452601,0.005334663153342803,0.04190367746320788,100.53346631533428,9956.803632243626,134.0828478532055,0
flashbots-c1,913,10000,366.10642717458353,-366.1053415358555,366.1053415358555,0.0010856387280568924,124327.58985210735,49759.04142956077,0.7141708064357234,9467,3072,87063.98917675184,0.0013847471295164837,0.02644928364549145,100.13847471295165,10004.4158058585,74.17759602197118,0
flashbots-c1,914,10000,263.377192617698,-263.32964011569635,263.32964011569635,0.04755250200162209,82970.271834564,38955.347529468425,0.6804990802371097,6902,2461,60243.57627889391,-0.000003421697093841658,0.024277616854878944,99.99965783029062,9996.133081422937,80.71806694001118,0
flashbots-c1,915,10000,538.0317624666868,-537.9491549216939,537.9491549216939,0.08260754499292489,130198.55183276821,53651.82419586177,0.7081766958828146,8601,3189,95701.7540222381,-0.0008838957220676492,0.04014864638608032,99.91161042779324,10002.980160893367,91.80961420802007,0
flashbots-c1,916,10000,345.57755924426147,-345.4221227717509,345.4221227717509,0.155436472510587,68493.52622834672,31320.487798369944,0.6862115194567111,7182,2515,49701.3520535803,-0.0026712168386598023,0.07869182774361277,99.73287831613402,10024.079083283603,31.36505247600264,0
flashbots-c1,917,10000,935.6137449733759,-935.9257194108756,935.9257194108756,-0.31197443749965714,208528.09493111545,61605.72753728851,0.7719436723089564,11452,3976,148122.31945719256,0.0007024165371100821,0.054483252484912724,100.07024165371101,10003.96411991716,177.4678224861306,0
flashbots-c1,918,10000,584.5706603974395,-585.0029953179516,585.0029953179516,-0.4323349205120621,77156.74081970328,28946.844348007704,0.7271831644307464,5246,2205,61576.78781112954,0.00021494876771782856,0.12345061007593458,100.02149487677178,10002.021831469205,114.53240818853689,0
flashbots-c1,919,10000,690.6977006697482,-690.9413559206238,690.9413559206238,-0.2436552508755767,163794.3555140564,21731.20458703838,0.8828667889470496,8852,2920,121975.2393163644,-0.000042465279264689574,0.055031858491049516,99.99575347207353,9998.795683487031,224.58719251823345,0
flashbots-c1,920,10000,353.016101436553,-352.99715352718675,352.99715352718675,0.01894790936626123,78590.81541669393,17652.876996823506,0.81658146571334,5924,2159,60926.93704739591,0.0006449735854820915,0.04725662360763195,100.06449735854821,10003.261363465317,76.11630482573209,0
flashbots-c1,921,10000,132.88727534577475,-132.88419200459143,132.88419200459143,0.003083341183327093,78037.15672326954,18685.839929439386,0.806810783618168,7500,1691,51187.245596041255,0.0016953658668774096,0.01312095779733042,100.16953658668774,9975.067508468283,157.45369450939688,0
flashbots-c1,922,10000,481.48633999036053,-481.41315264434667,481.41315264434667,0.07318734601386723,102184.2438429022,38196.904128306815,0.7279057431832607,5353,2491,82173.29063999881,0.00033141949508717515,0.03777355691204875,100.03314194950872,9999.370450655762,94.81008829113199,0
flashbots-c1,923,10000,651.7545142253895,-651.709195172515,651.709195172515,0.04531905287444715,140757.2450586379,37246.89701631324,0.7907526387749454,8486,3254,107553.20150114677,-0.00008982925507297068,0.07509565638979808,99.9910170744927,9994.891050849828,110.38617493415198,0
flashbots-c1,924,10000,159.75037303398702,-159.78962383912494,159.78962383912494,-0.039250805137925227,51222.84332126323,27707.674164456377,0.6489611997099937,4285,1532,37946.216199056355,0.000003156107818114151,0.04988276675916126,100.00031561078181,10003.507268112831,116.5546764444914,0
flashbots-c1,925,10000,585.1559174333146,-585.8160813373514,585.8160813373514,-0.6601639040368354,99825.52953278348,21164.328368859384,0.8250735331380863,4908,2004,81014.83334917517,-0.0000008589927902846739,0.0672208332936259,99.99991410072097,9993.96789201779,91.18801028239726,0
flashbots-c1,926,10000,270.6392411859354,-270.5267089616708,270.5267089616708,0.11253222426461207,77957.5742890314,31660.708904649076,0.7111731001231889,5730,2125,59089.858938345715,0.0011944564154332228,0.044930508112540506,100.11944564154332,9975.29882211958,103.07168258716703,0
flashbots-c1,927,10000,422.9074821213379,-423.1345670452065,423.1345670452065,-0.22708492386857415,98182.91484765483,48645.31525569761,0.6686923541783745,5503,2439,77368.81039864906,-0.0006298036426112219,0.034867185610457055,99.93701963573888,10012.814757579252,104.82748780615688,0
flashbots-c1,928,10000,505.1827412645499,-505.1866203132752,505.1866203132752,-0.0038790487253095307,83709.43526747456,22927.543069313964,0.7849944416382227,4497,2148,69042.43541642619,-0.00011823910887997612,0.10308294380087844,99.988176089112,9999.5579127351,83.2080907777807,0
flashbots-c1,929,10000,279.2073552819648,-279.20946494527084,279.20946494527084,-0.0021096633060437853,83423.43577756167,35150.02407936292,0.7035590922135837,5058,1939,64664.18648761953,0.00013239157641478983,0.02708398226575838,100.01323915764148,9992.041500518279,127.89647149898721,0
flashbots-c1,930,10000,306.3267854237077,-306.3027254062291,306.3027254062291,0.024060017478575446,115223.50680947685,38284.719552405586,0.7506015119857313,9619,2944,81119.0162319572,0.0005265327511754947,0.01585651939616966,100.05265327511755,9987.381761237439,110.88951471751186,0
flashbots-c1,931,10000,327.5320400219953,-327.44835365464036,327.44835365464036,0.08368636735491464,68783.71762075962,28754.8364464663,0.7051951741395738,4002,1844,56043.004806169876,0.0000013618179889363092,0.04396008089514367,100.0001361817989,10008.687793575904,107.36776649630849,0
flashbots-c1,932,10000,536.5234205530252,-536.5372088251672,536.5372088251672,-0.013788272142051028,147456.18030999738,34664.798284115765,0.809660597303444,10878,3523,105086.04504518857,0.000002744052983274514,0.05884319821688578,100.00027440529833,9999.821822696513,101.02862854195298,0
flashbots-c1,933,10000,830.1717670072816,-830.0023703267618,830.0023703267618,0.16939668051975332,198278.8025039263,44500.78604502058,0.8167029349090079,9995,3587,147932.32778945775,0.00044272511704804176,0.05163471732762517,100.0442725117048,9995.171404198225,118.56551349852177,0
flashbots-c1,934,10000,495.824776881166,-494.7924970333982,494.7924970333982,1.032279847767768,110802.96251764063,45724.09820462991,0.7078837487036238,7846,2905,80878.3257977205,-0.0000019163405917765888,0.10829901759138551,99.99980836594082,9993.877832552209,73.91346420600289,0
flashbots-c1,935,10000,664.6076185429326,-664.42357724307,664.42357724307,0.18404129986265616,98316.41676286304,32207.56694367243,0.7532440703305031,6390,2785,77453.61599381502,0.00002656710335955381,0.06900376436521967,100.00265671033596,10012.830900776245,60.009998089698215,0
flashbots-c1,936,10000,83.04442908613105,-83.03173816821283,83.03173816821283,0.012690917918220634,38475.52395915456,19913.469884219063,0.6589516521275186,4064,1232,27027.63160092139,-0.0013411359721223449,0.021290824584025928,99.86588640278777,10015.70806071741,105.05855312620623,0
flashbots-c1,937,10000,973.8253034403748,-975.9323498415717,975.9323498415717,-2.1070464011969534,166763.1385546991,56676.33418792211,0.7463459186855168,8164,3254,127820.09178959132,-0.000381321009636082,0.09629498270501927,99.96186789903639,9993.40339332454,150.2718954070977,0
flashbots-c1,938,10000,398.25712577743894,-398.32071733360567,398.32071733360567,-0.06359155616672751,124847.31377216545,30595.030847233636,0.803174412209584,9488,2913,88358.1945039721,0.00040501303292018065,0.03142709422204149,100.04050130329202,9986.721862041093,126.17586885449033,0
flashbots-c1,939,10000,345.08041598833455,-345.08720007933005,345.08720007933005,-0.006784090995495262,113473.23755117212,45420.22577536647,0.7141466689411613,9382,3029,78558.23499825542,0.00045400046541743677,0.04030943479459353,100.04540004654174,9994.736956157247,101.06099073645629,0
flashbots-c1,940,10000,403.43836667113555,-403.6945153312468,403.6945153312468,-0.2561486601112506,91158.24146026523,29303.916270759164,0.7567375778193279,5762,2329,71263.36272349341,0.0006521416922115009,0.033571035880084706,100.06521416922115,9988.025306664998,120.78313631376483,0
flashbots-c1,941,10000,796.4088779435627,-796.3588440760752,796.3588440760752,0.05003386748751382,181888.00201715366,46498.87704107054,0.7964030279111776,8441,3473,141550.8957254863,0.00020557453453562858,0.03517601630744991,100.02055745345356,10007.1913685568,169.26597924815883,0
flashbots-c1,942,10000,977.929522107447,-977.6325760248161,977.6325760248161,0.2969460826309387,125900.836385442,50472.96197011758,0.7138295912391309,9383,3693,94044.70705519678,-0.0000009968906684321155,0.08396413599844436,99.99990031093316,10001.745033129504,25.402786763145137,0
flashbots-c1,943,10000,735.1707734355771,-735.0538810022961,735.0538810022961,0.11689243328100929,161105.68005040256,66402.9719064082,0.7081299047958235,11353,3989,113140.11887347818,-0.0005429754274476295,0.11569594188260197,99.94570245725524,10003.423591537568,78.19488420272818,0
flashbots-c1,944,10000,408.2033091482425,-408.18967807306,408.18967807306,0.013631075182502173,97549.52816266382,29573.171151120707,0.7673651416249155,6179,2512,75162.34654134783,-0.0006238136189341503,0.03744960483868112,99.93761863810658,9995.812203673013,79.20098667178127,0
flashbots-c1,945,10000,148.8011706150824,-148.73550909490402,148.73550909490402,0.065661520178395,56418.943698443065,11996.821881904534,0.8246482842055544,4209,1377,42689.78529158404,0.000017348575587732286,0.02471882788895016,100.00173485755877,10004.273370600105,173.7740876760304,0
flashbots-c1,946,10000,387.8872717631014,-387.79282996015934,387.79282996015934,0.09444180294207172,64888.16345169292,19293.942271374286,0.7708070841700573,4150,1848,53293.200619784766,0.0004243773241931592,0.04621623647465,100.04243773241932,10013.254835632646,52.164583536131765,0
flashbots-c1,947,10000,533.65355340736,-533.7836742463459,533.7836742463459,-0.1301208389858175,95328.4557575812,25198.135717277764,0.7909329766242172,5610,2456,76424.56254571506,-0.00000003006762440804778,0.042088011258015146,99.99999699323756,9993.805474464776,128.16906905538224,0
flashbots-c1,948,10000,308.86404807737426,-308.7386945275943,308.7386945275943,0.12535354977995894,63311.19563587839,25070.91474561867,0.716334961482575,3921,1769,50960.251777712605,-0.000177581807089382,0.06275839810935338,99.98224181929106,10001.960164875301,83.92570193792658,0
flashbots-c1,949,10000,1114.3555646298234,-1114.9049907820777,1114.9049907820777,-0.5494261522542274,165245.96247356798,88388.0377794764,0.6515134497295558,8973,3930,122914.42035060089,-0.0022214755268404928,0.06544074387493409,99.77785244731595,10001.985161770557,70.36953262042883,0
flashbots-c1,950,10000,144.79846435313777,-144.7604993609203,144.7604993609203,0.03796499221746785,58114.12512867809,15611.098890854237,0.7882529473668561,5863,1871,42285.36379543097,-0.0019578056350701444,0.02728353081653708,99.80421943649299,10019.269231347735,98.44005129273961,0
flashbots-c1,951,10000,599.0276312986962,-598.7390812265666,598.7390812265666,0.2885500721296239,129352.34089608358,22549.099828594903,0.8515544044808293,8591,2892,95865.46371723928,-0.00012206450165081151,0.07652150423113284,99.98779354983492,9972.798917739696,148.9629282748829,0
flashbots-c1,952,10000,455.9366923459196,-455.9410353658934,455.9410353658934,-0.0043430199738168085,146731.692157818,43410.909188203485,0.7716928827054158,11660,3630,100256.10346753929,0.0005745214400087661,0.043277549055040936,100.05745214400088,9993.927220057638,98.64640832164508,0
flashbots-c1,953,10000,308.5819378406498,-308.5462298284148,308.5462298284148,0.035708012234977105,114802.42157651419,44605.646181895245,0.7201794939921282,10378,2980,75808.32505142526,-0.00023294489471808788,0.038562542067803636,99.97670551052819,10005.95937021972,119.56303624451994,0
flashbots-c1,954,10000,266.1723810577568,-266.1236273149819,266.1236273149819,0.04875374277492028,87224.54265690876,39580.089916390476,0.6878655841417208,8096,2670,60474.67665162182,-0.001716705650028416,0.02158451481808953,99.82832943499716,10022.9955507594,73.36659174298256,0
flashbots-c1,955,10000,391.12614600333166,-391.18470061649856,391.18470061649856,-0.0585546131669048,106631.18449542261,57904.0211566323,0.6480751889715152,8678,3136,75650.60075155756,0.00014215454282464178,0.025199471522544457,100.01421545428246,9991.886348202926,44.53245722914996,0
flashbots-c1,956,10000,910.2794351324667,-910.3028832024999,910.3028832024999,-0.023448070033168733,220486.28634505966,96555.411783336,0.695448856244036,11688,4349,157545.8439718686,-0.0010195014108130352,0.06321276253741942,99.8980498589187,10010.40778952302,107.41825791751016,0
flashbots-c1,957,10000,755.6544311274349,-755.5374639912394,755.5374639912394,0.11696713619551247,144099.876287809,45445.074011752666,0.7602411779373172,11038,3646,102849.52668818083,-0.0006812170308582211,0.10682050662592701,99.93187829691418,10000.42325182053,79.42004567793134,0
flashbots-c1,958,10000,585.3719569767219,-585.4592580338789,585.4592580338789,-0.0873010571569921,108575.14606503317,37678.88828489419,0.7423736825286905,6443,2651,85099.10123259794,-0.0011960405656499518,0.07779201997915208,99.880395943435,10015.030356722353,103.19117791931505,0
flashbots-c1,959,10000,549.3067270380332,-549.3458389429848,549.3458389429848,-0.03911190495159644,130284.99238995735,39484.73130760703,0.7674218320697337,10259,3280,93693.89367710693,0.00007220920984636336,0.04219005263363982,100.00722092098464,9982.956798003539,63.97954373227681,0
flashbots-c1,960,10000,498.9925750983299,-498.9858752160169,498.9858752160169,0.006699882313000671,141384.18050148015,45489.675471750474,0.7565754972259641,9928,3391,101609.4371620764,-0.001725728235491033,0.03194952360204198,99.8274271764509,10006.01099443371,80.69917607259077,0
flashbots-c1,961,10000,109.3667694749097,-109.33433767559998,109.33433767559998,0.03243179930971962,50752.204324304905,14284.347756039471,0.780364313618702,5059,1428,35269.70840505233,0.0011967940349394723,0.017186034170470918,100.11967940349395,9993.031592948944,108.08405333850828,0
flashbots-c1,962,10000,424.10381783150706,-424.0479718544224,424.0479718544224,0.055845977084629794,130638.32035434507,31066.38336712407,0.8078820055807723,10159,3240,92690.94399707974,0.002397516467360248,0.036026257938924576,100.23975164673602,9973.54250690339,113.53587072471963,0
flashbots-c1,963,10000,406.40512768530823,-406.3713004070113,406.3713004070113,0.03382727829693977,115932.11998566023,69072.87155871531,0.6266432003692862,9897,3279,79400.72679240415,0.00000155383188953806,0.03471888392271822,100.00015538318895,10010.156575969106,87.66726353746705,0
flashbots-c1,964,10000,530.4061170787238,-530.5090401767018,530.5090401767018,-0.10292309797796406,129984.93199243816,30711.83605208624,0.808883299733963,9639,3101,94393.4698379413,0.002074666440411903,0.057753289175531394,100.20746664404119,10011.85362132997,61.096299341296785,0
flashbots-c1,965,10000,351.36137320066285,-351.3581925905154,351.3581925905154,0.0031806101474671777,117598.633451587,25289.930163691744,0.8230094171022406,9031,3123,85792.32053334774,0.0006482795631526983,0.02003156910431983,100.06482795631527,9993.238507241053,100.07319535446113,0
flashbots-c1,966,10000,643.5746558275898,-643.5449906015663,643.5449906015663,0.02966522602355326,150828.79604505323,40058.841647907946,0.7901443900084207,9040,3455,112213.45264444331,0.0004283732124611106,0.037490998966722484,100.04283732124611,9999.272812580859,103.84998603647017,0
flashbots-c1,967,10000,781.5340753141702,-781.9250721684913,781.9250721684913,-0.390996854321088,113547.91303390372,41864.78489957418,0.7306218510054192,5635,2771,92111.81760869485,-0.0000012066269502497563,0.07651471585955505,99.99987933730498,10010.779636462958,83.88825720589213,0
flashbots-c1,968,10000,1086.3031965269338,-1086.5294970443865,1086.5294970443865,-0.22630051745272795,168602.07372681343,71909.67113569843,0.7010138894597207,8761,3616,127868.58696715217,-0.0006989983403492772,0.08014716483994519,99.93010016596507,10000.52147275472,92.76347330671241,0
flashbots-c1,969,10000,532.5204832906185,-532.4028674628042,532.4028674628042,0.11761582781423385,112174.20619447391,70155.30541727258,0.6152279200601288,8077,3319,82274.93419922818,-0.0000004403718327239403,0.06571001938048596,99.99995596281673,10017.825746929502,62.133199381701424,0
flashbots-c1,970,10000,466.2190931138754,-466.212173740948,466.212173740948,0.0069193729273706595,149088.2007450856,48710.41378500667,0.7537373358214495,7456,2864,112630.83481421672,0.0000006101146645676181,0.02149308297722442,100.00006101146646,10006.909454655546,181.17236352138633,0
flashbots-c1,971,10000,585.5337072083506,-585.5894598568565,585.5894598568565,-0.055752648505858815,133857.0752880789,50177.773756910705,0.7273463476222152,7736,3182,101595.70315616766,0.0000009212999971452973,0.05807830595281445,100.00009212999971,9997.702500837382,108.39538477256826,0
flashbots-c1,972,10000,179.4788465990153,-179.31035512743574,179.31035512743574,0.16849147157955713,60406.46125240491,25187.72839620893,0.7057308621109559,4383,1719,45401.41609119791,-0.004265232281704243,0.03392866593966275,99.57347677182958,10047.386530071808,110.90080125537601,0
flashbots-c1,973,10000,641.6520808362498,-641.555470580866,641.555470580866,0.09661025538377999,167420.12959538674,66108.06386420545,0.7169161338301354,11474,3733,118029.39472253133,-0.0000010271661010108347,0.0448556393766745,99.9998972833899,9995.47553928886,153.51238374577542,0
flashbots-c1,974,10000,240.87192968308415,-240.95846933986942,240.95846933986942,-0.08653965678527697,81167.48433968532,21779.319325173892,0.7884410341084904,6591,2074,58105.95252593244,-0.00038898199867986704,0.028499720389997093,99.96110180013201,10005.922696191858,117.57216251344016,0
flashbots-c1,975,10000,575.2285054034468,-575.4540177949785,575.4540177949785,-0.2255123915317654,85860.598487766,33236.03384682856,0.7209322111354585,4423,2151,70334.30020436755,-0.0009197525119786576,0.049454369931337255,99.90802474880213,10003.460079321234,64.16033880879931,0
flashbots-c1,976,10000,288.764954996648,-288.7668799378713,288.7668799378713,-0.0019249412233079966,86417.3446582484,20784.863441490368,0.8061153421191423,6343,2340,66160.37348877788,0.000000023844013270490905,0.02834847312791837,100.00000238440133,9999.43566521262,102.75298993868925,0
flashbots-c1,977,10000,592.321280126551,-592.1995017525489,592.1995017525489,0.12177837400201952,112498.59974903957,26673.86098435807,0.8083395174318632,6901,2635,86509.51165266932,0.0000007055373092157425,0.09534941250452021,100.00007055373092,10004.607551149007,91.86459830000013,0
flashbots-c1,978,10000,313.5032000426478,-313.3357384095985,313.3357384095985,0.1674616330492995,73162.90993328938,42636.75578508899,0.6318058819895005,8790,2909,50239.00298574812,-0.005620197769821687,0.06870001124589052,99.43798022301783,10015.908103277765,23.8162423587413,0
flashbots-c1,979,10000,502.17219708257636,-502.36411484279154,502.36411484279154,-0.19191776021517626,136116.8437725234,55637.10099225089,0.7098515962187831,8698,3209,99823.74233646969,0.00001897671274662116,0.033675064000788665,100.00189767127466,10002.843284062701,126.11982565019574,0
flashbots-c1,980,10000,308.02683350667996,-308.0702791469359,308.0702791469359,-0.0434456402559249,100202.81878380298,28391.852976062808,0.7792143905535915,9413,2590,69236.69018858716,-0.000872987836441581,0.048701762040982144,99.91270121635584,10008.826779365076,113.32141015727349,0
flashbots-c1,981,10000,680.4644155274303,-680.5748101342033,680.5748101342033,-0.11039460677295665,144089.57348955882,37761.56456625542,0.7923490335558662,8609,3194,108990.28704146,-0.0006285758976819978,0.06819576440491375,99.9371424102318,9997.960024245056,133.91110719652707,0
flashbots-c1,982,10000,554.9367639844145,-554.9269710402652,554.9269710402652,0.009792944149239702,155282.98525796685,44241.42411428396,0.7782656054290422,9986,3372,112919.45035979857,-0.00000011331038734851973,0.050264117076801965,99.99998866896127,9987.519484925038,137.53453606259666,0
flashbots-c1,983,10000,590.77073097708,-589.9115635662342,589.9115635662342,0.859167410845771,134863.64364140327,67241.77517457298,0.6672935561623963,7976,3429,101769.71294168799,0.010554881881881216,0.0623648589643463,101.05548818818812,9913.646379316362,82.94149992009324,0
flashbots-c1,984,10000,674.6635030411442,-674.65430921179,674.65430921179,0.009193829354217087,162801.0014190449,56632.84621626085,0.7419138076164832,7945,3340,124608.31879238294,-0.0028840639829221006,0.03299231327012933,99.71159360170779,10036.96048756303,132.2300375431944,0
flashbots-c1,985,10000,499.50892942569686,-499.5231068855198,499.5231068855198,-0.014177459822917626,152552.58453309888,54147.402513784575,0.7380386748572804,10448,3630,108459.13467039415,0.00022015141373159963,0.029283179615942602,100.02201514137316,9999.247486227954,108.3868371185161,0
flashbots-c1,986,10000,780.0776819450095,-779.9238745386424,779.9238745386424,0.15380740636715018,154054.1143320999,41540.31297582985,0.7876201610262046,8678,3422,116619.93006194061,0.00375076932862072,0.04745623003018082,100.37507693286207,9960.979681601175,105.05371503082581,0
flashbots-c1,987,10000,459.03942260040765,-459.0638520373866,459.0638520373866,-0.024429436978948615,99447.30152833754,47632.621203511284,0.6761446408266512,5453,2561,79132.57635237332,0.0021434792805025893,0.060158103157282594,100.21434792805026,9985.142899141512,94.71457169401732,0
flashbots-c1,988,10000,760.8427573972436,-760.6860616447365,760.6860616447365,0.1566957525071757,183844.67545155753,71964.95641442019,0.7186776905565321,11608,4130,132480.79391798473,0.0037645101056352813,0.05540968978226615,100.37645101056353,9960.425777277567,95.34830776808288,0
flashbots-c1,989,10000,416.0229588935421,-416.0301156559468,416.0301156559468,-0.007156762404690653,114879.1609892415,82146.40873455475,0.5830672696456956,8087,3125,81559.7572249757,-0.000387575666760398,0.05650834643115189,99.96124243332396,10001.587778451592,87.92640818545736,0
flashbots-c1,990,10000,351.0438183396554,-350.96424325104454,350.96424325104454,0.07957508861085216,85083.97816907325,36994.15173895346,0.6969633154863633,5887,2413,65151.08214576585,-0.0000027243161144951955,0.04209531966214399,99.99972756838855,10000.497880957364,63.800433732442364,0
flashbots-c1,991,10000,779.0546433345772,-779.224445260457,779.224445260457,-0.16980192587971032,197188.0941018609,83570.49900148569,0.7023403697897731,10119,3819,142794.7811020164,-0.0007305981921099658,0.06023675337349019,99.926940180789,10014.861711533258,131.43011031994297,0
flashbots-c1,992,10000,551.280940934753,-551.2012821527585,551.2012821527585,0.07965878199445342,163349.57432046704,87511.96250100071,0.6511543235769902,10545,3622,113649.97699790921,0.00029937003407596305,0.03511123755802089,100.0299370034076,9986.089492594781,105.72201433928285,0
flashbots-c1,993,10000,297.96164167831233,-297.85580866727923,297.85580866727923,0.1058330110330985,68479.25239020083,40979.92137397379,0.6256145559598012,4240,1948,54763.211660102446,-0.002529886121689202,0.0375230341211055,99.74701138783108,10008.725154617023,64.12596545006191,0
flashbots-c1,994,10000,577.2221891644543,-577.2168172601836,577.2168172601836,0.005371904270759842,160147.00801996028,88694.95224072739,0.6435691466671848,10034,3767,113601.45806689473,0.0009781365841253376,0.03761349628424284,100.09781365841253,9987.522656318293,104.93080575184041,0
flashbots-c1,995,10000,1554.8922455928703,-1555.7981919179595,1555.7981919179595,-0.9059463250891895,209653.43565963663,86754.00147012212,0.7073150312617031,10841,4294,155349.29343877605,-0.0022137802432551723,0.0756958071986955,99.77862197567448,9959.863935602656,75.38367126263556,0
flashbots-c1,996,10000,612.2589361363732,-612.349392772221,612.349392772221,-0.0904566358477723,118198.14048087395,89205.7136602282,0.56989365491955,7344,3183,89165.07078896144,-0.004321624848742971,0.06394987019885931,99.5678375151257,10027.52370727946,87.21507112732313,0
flashbots-c1,997,10000,267.67643430851604,-267.65238735505045,267.65238735505045,0.02404695346558583,82033.57084240136,37014.59978435643,0.6890788023916357,7050,2293,58932.77493347794,0.0004395648222462967,0.037782129495879106,100.04395648222463,9998.852062672351,107.08728473357351,0
flashbots-c1,998,10000,533.646210234203,-533.6135131593346,533.6135131593346,0.03269707486833795,149825.321526306,102269.41957164007,0.5943214875239883,9484,3689,107637.50219387024,-0.0000030175354132211395,0.037563209836204405,99.99969824645868,10001.625767537447,96.25685765340556,0
flashbots-c1,999,10000,572.5261378546461,-572.5815678074456,572.5815678074456,-0.055429952799499915,101773.73508716348,31681.313817874925,0.7626068546839456,5289,2554,82968.53726327559,0.000003845435163043476,0.052270061877549526,100.0003845435163,10001.799051465367,90.08787327790438,0
dodo-k500000000000000000,0,10000,385.9037861740515,-385.9095531812983,385.9095531812983,-0.00576700724678858,132521.918813473,23611.762889393976,0.8487721378765104,6694,2505,103262.12298349789,0.00037903847017460633,0.038474208402593746,100.03790384701746,9994.095769134505,88.19719749066152,0
dodo-k500000000000000000,1,10000,119.13597034264652,-119.0734627769925,119.0734627769925,0.06250756565401616,47832.27106386468,10462.571789331409,0.820523201071503,3891,1086,35087.558747143936,0.0009807270845044514,0.07543958819299405,100.09807270845045,9989.793728084604,51.02014315808477,0
dodo-k500000000000000000,2,10000,233.25765207840595,-233.2466439886871,233.2466439886871,0.011008089718842484,110995.10319862305,13843.764342156514,0.8891069374877633,7611,2280,80404.67274564978,0.0005516881238098393,0.04520528697422776,100.05516881238098,9992.771656921237,92.60684722629529,0
dodo-k500000000000000000,3,10000,159.81914029591684,-159.83694966015258,159.83694966015258,-0.017809364235745306,73230.96338617771,8729.832817204653,0.8934877011743281,5710,1494,52387.19226900805,-0.00044101638028280375,0.053190459785831055,99.95589836197172,9995.129131259708,95.23520454777344,0
dodo-k500000000000000000,4,10000,267.1780366809896,-267.177653610843,267.177653610843,0.0003830701465972197,89228.03428538844,13056.252578981037,0.8723532912118376,4391,1731,72103.77403518307,-0.00000885035523225497,0.042363226091198955,99.99911496447677,10000.42546638402,99.79690512669549,0
dodo-k500000000000000000,5,10000,329.49145583272707,-329.4469670171693,329.4469670171693,0.04448881555777007,126970.69437079398,19373.20262245597,0.8676186501761016,8580,2427,91401.5942891373,0.001613645511887114,0.04568145473229919,100.16136455118871,9987.47479291301,89.6630303027163,0
dodo-k500000000000000000,6,10000,241.65473377213644,-241.6565308417214,241.6565308417214,-0.0017970695849669482,118195.67504036274,11504.349108367207,0.9113003317935013,8984,2309,83106.5325762895,-0.0001517928241399602,0.028730176641996792,99.984820717586,10005.61822642822,112.87745809577848,0
dodo-k500000000000000000,7,10000,391.4820182307577,-391.4839789018866,391.4839789018866,-0.0019606711288702172,125343.82726395402,31630.415772903096,0.7984993259978559,5775,2303,98632.35069226571,-0.0001058875032747153,0.05509487602850527,99.98941124967253,10001.262463342911,99.57023518258744,0
dodo-k500000000000000000,8,10000,882.0007167583799,-881.9785337479946,881.9785337479946,0.022183010385333546,230771.51202119468,49266.45841632336,0.8240722201373201,9672,3479,172120.70692018428,-0.0009893193095770413,0.1179713171584335,99.9010680690423,9998.181460220803,118.34002263650147,0
dodo-k500000000000000000,9,10000,479.5558220772635,-479.27439920450985,479.27439920450985,0.2814228727536374,169805.82097375704,35341.33555908332,0.8277269051329706,9058,2851,122198.14517769136,-0.003958839929399289,0.04887116325678164,99.60411600706007,10003.226491672605,153.7840946317001,0
dodo-k500000000000000000,10,10000,412.0620429749888,-412.06359214820037,412.06359214820037,-0.001549173211571997,141994.40801092118,13241.460826267963,0.9147010228663354,7543,2611,108755.54111216478,0.000011302322046589098,0.07544668929156202,100.00113023220466,10000.325052173419,101.48687291166948,0
dodo-k500000000000000000,11,10000,476.5486861336372,-476.66975948940274,476.66975948940274,-0.12107335576553169,127764.82674836712,18927.71080402695,0.8709701862150517,6113,2132,98763.57418189953,0.00003953215220093398,0.08080621696929768,100.0039532152201,9989.219500846997,95.23554058680836,0
dodo-k500000000000000000,12,10000,1016.1996444100923,-1016.1189415429535,1016.1189415429535,0.08070286713882524,273234.9413352835,29553.67314619282,0.9023950316071055,11622,3993,202640.92626019957,-0.0032706154423053136,0.09018782360356865,99.67293845576947,10031.491374333926,101.37104955938125,0
dodo-k500000000000000000,13,10000,624.9490414299513,-624.9903968355047,624.9903968355047,-0.04135540555341777,226902.96214997652,60256.08404640741,0.790164771597691,10477,3707,168141.95030907975,0.0009391495900227654,0.04309984095640047,100.09391495900228,9991.015053193438,100.44654210855664,0
dodo-k500000000000000000,14,10000,298.86315338044903,-299.0776086301203,299.0776086301203,-0.21445524967128904,102515.35972264908,31977.530498594013,0.762236275493891,6457,2079,75289.4072104277,0.004448854103590066,0.07121881413996618,100.444885410359,9995.099487729347,62.80895993167865,0
dodo-k500000000000000000,15,10000,493.9562087183042,-493.8883488363754,493.8883488363754,0.06785988192876857,159938.5218064863,45800.30054483075,0.7773862024609886,7322,2813,122393.53081829728,-0.0015774096686644156,0.052606482093420365,99.84225903313356,10018.033441880538,92.84026173414608,0
dodo-k500000000000000000,16,10000,1273.4304103939369,-1272.1135256809293,1272.1135256809293,1.3168847130075392,214184.0081141513,42556.29328574668,0.8342438134811523,9412,3402,161816.96315538092,0.004023906513505011,0.28427936443419183,100.4023906513505,9961.927083083236,33.40793782367383,0
dodo-k500000000000000000,17,10000,225.8299191453844,-225.90520529535868,225.90520529535868,-0.07528614997428917,109775.20074113384,12009.566837065377,0.9013869544123906,8621,2105,75456.1058634815,-0.00028192007280864573,0.031040212428540173,99.97180799271914,10009.312457076538,139.045628647001,0
dodo-k500000000000000000,18,10000,1033.160480688867,-1033.2325837285484,1033.2325837285484,-0.07210303968145126,256230.18785947206,18524.17174151729,0.9325791526350339,10248,3736,195592.70856681597,0.00016832304966555968,0.06548902130271714,100.01683230496656,10000.502768285918,93.76140412178559,0
dodo-k500000000000000000,19,10000,286.29920173709115,-286.18724192733555,286.18724192733555,0.1119598097556036,122077.86015402,13624.624461261299,0.8995992998957437,10180,2275,82545.982407821,0.00014427659471095923,0.06177171368690793,100.0144276594711,9998.222350417509,112.35294496405139,0
dodo-k500000000000000000,20,10000,365.923908559418,-366.0316723296641,366.0316723296641,-0.10776377024609474,142711.79773663176,43724.98597052667,0.7654701765333672,8081,2667,103093.32090207314,0.0009102724825380904,0.0657936581235289,100.09102724825381,10000.37482393554,96.08783510341532,0
dodo-k500000000000000000,21,10000,750.8867716646458,-749.6863062221425,749.6863062221425,1.2004654425032868,200808.79259419104,40749.807810684375,0.8313046699956707,8900,3211,152321.2716889947,-0.000995196098272828,0.1068865561540298,99.90048039017272,9975.09439138833,66.664639588171,0
dodo-k500000000000000000,22,10000,624.2661278967316,-627.5975224338042,627.5975224338042,-3.3313945370725833,134075.60838010273,16885.985800176997,0.8881438296152887,7331,2367,102184.85334485238,0.00256326323431594,0.1412951022373771,100.2563263234316,10008.349836727271,57.98358028671422,0
dodo-k500000000000000000,23,10000,642.6540054109636,-643.0601478538084,643.0601478538084,-0.406142442844839,184065.2770317117,18135.019097415152,0.9103116096040039,7789,2693,140239.30088287627,-0.0007730231276272548,0.05289349397889978,99.92269768723727,9994.3363518937,163.8063401131231,0
dodo-k500000000000000000,24,10000,369.44623325543984,-369.4117807899081,369.4117807899081,0.03445246553172865,174524.78242068156,35257.629408893095,0.8319323860308362,10526,2766,121562.74555067005,-0.0009107736011308987,0.027143841647245922,99.90892263988691,10012.88456747754,179.83882562108087,0
dodo-k500000000000000000,25,10000,423.04297476126084,-423.31382954915534,423.31382954915534,-0.2708547878945069,153121.2656215624,29964.494344637547,0.8363362920733464,8734,2671,110908.27839979426,0.000036820214617137026,0.0577939709234046,100.00368202146171,10016.245499299223,91.09577641654727,0
dodo-k500000000000000000,26,10000,533.1303163904633,-533.4806245967974,533.4806245967974,-0.35030820633403437,164864.79314746626,11995.311236463329,0.9321762741334597,10138,3046,119907.0493734472,-0.002744784886348981,0.059737700456455656,99.7255215113651,10035.380785651338,48.704627688688795,0
dodo-k500000000000000000,27,10000,201.57699706607187,-201.7167376889672,201.7167376889672,-0.13974062289534572,80683.31180123451,17055.597430823364,0.8254983858032539,4835,1564,61053.25729702456,0.001914607875176415,0.03784737491782479,100.19146078751764,9990.265962202833,84.40924722637783,0
dodo-k500000000000000000,28,10000,185.95827165942532,-185.9692030060242,185.9692030060242,-0.01093134659888051,90237.09608051494,15903.61673310955,0.8501647830363155,4783,1564,68279.69638310162,-0.00043273767443423593,0.023234739260301042,99.95672623255658,10002.739453547838,205.51212060341794,0
dodo-k500000000000000000,29,10000,498.404664945533,-498.2182708144955,498.2182708144955,0.18639413103750258,151982.61783295218,26391.937101852272,0.8520420296970133,7894,2751,115229.48207522684,0.005720034504202687,0.07271077096595632,100.57200345042027,9947.238207401413,86.58439095986556,0
dodo-k500000000000000000,30,10000,384.8964015891738,-384.9735166411719,384.9735166411719,-0.07711505199807789,121480.02466316939,10326.022450215038,0.9216574453421534,7136,2363,93044.00361999498,0.001197536681976743,0.1052488564174989,100.11975366819767,9997.769004322048,52.14392420479111,0
dodo-k500000000000000000,31,10000,532.8961204022762,-533.0434232476763,533.0434232476763,-0.14730284540007688,186137.87683556942,42866.79108475815,0.8128125881710332,10184,3204,133490.39355296912,0.002117542192808344,0.06239697486537579,100.21175421928083,9985.085058679013,110.67588266666739,0
dodo-k500000000000000000,32,10000,235.01228313322753,-235.02673616001496,235.02673616001496,-0.014453026787435874,110989.091402492,14863.960212019345,0.8818943202303291,7714,1977,78590.63639422297,-0.00030179446907581566,0.04747601059667175,99.96982055309242,10020.723026831729,150.5462407016785,0
dodo-k500000000000000000,33,10000,306.6424975106455,-306.7807107768173,306.7807107768173,-0.13821326617176055,102608.04796423136,14632.53314794001,0.8751922499092686,7489,2189,75179.54212002415,0.001258933436795644,0.08302419491865563,100.12589334367956,9993.008898223516,65.08150843612081,0
dodo-k500000000000000000,34,10000,420.3935021240712,-420.4294462957835,420.4294462957835,-0.03594417171234454,156484.6520199886,20697.913386629727,0.8831831261776245,8691,2802,115663.50688266163,0.0008427091422909428,0.044435864715972,100.0842709142291,9990.415847980797,101.14182694135982,0
dodo-k500000000000000000,35,10000,340.50642107468434,-341.1685773316767,341.1685773316767,-0.6621562569923753,135492.1546602123,24368.385974384073,0.8475647218653886,11271,2674,91863.8407651663,0.00153798230974715,0.08408797509455553,100.15379823097472,10014.847301796131,48.53289564999783,0
dodo-k500000000000000000,36,10000,439.1734706322363,-439.1935414005351,439.1935414005351,-0.02007076829880816,190510.51281643877,25100.95908953462,0.8835824510280187,11621,3312,133766.94761193215,0.0009313984448046142,0.040256318367698614,100.09313984448046,9995.564141819568,93.57010798548743,0
dodo-k500000000000000000,37,10000,192.95021165270433,-192.7583767521244,192.7583767521244,0.19183490057992003,84619.30718982323,19820.860922378004,0.8102180293210153,5599,1618,60900.11200421466,-0.0007443087142395654,0.039593563610521014,99.92556912857604,9998.874357426965,120.57881934574904,0
dodo-k500000000000000000,38,10000,294.72335955177493,-294.83206368548014,294.83206368548014,-0.10870413370520282,83884.67307476157,4862.368075378993,0.9452109274589455,4303,1618,67079.6822174712,0.000055625459020376413,0.058340436976423576,100.00556254590204,10001.43510765454,71.98237568592819,0
dodo-k500000000000000000,39,10000,386.00726173405405,-385.9146029243055,385.9146029243055,0.09265880974857055,142028.03655660202,21105.322478906524,0.8706253423353306,8775,2684,104154.63091621024,-0.0002771850715512869,0.05633848583636592,99.97228149284487,9990.305102734217,63.832420655588194,0
dodo-k500000000000000000,40,10000,282.26151708511964,-282.2731249974149,282.2731249974149,-0.01160791229528968,106061.1844445996,28962.91052075388,0.7854982066113042,5705,2074,80911.60630059223,-0.00029941957629972646,0.06706879020111003,99.97005804237003,10003.833801884317,103.824823994845,0
dodo-k500000000000000000,41,10000,364.32771029607846,-364.53454149757096,364.53454149757096,-0.20683120149249135,184832.63582925516,43949.83002172277,0.8078968601975364,10992,3025,126699.23708972688,0.0002963928000254157,0.028381933448525843,100.02963928000254,10013.31706679014,123.15711283826744,0
dodo-k500000000000000000,42,10000,374.8803391490418,-374.8447344407318,374.8447344407318,0.0356047083099611,125357.59756393317,20295.890171821746,0.8606563393206029,5972,2253,97404.48772482865,-0.0009424073838935953,0.09785540060452178,99.90575926161064,10010.377753182456,131.86361333046014,0
dodo-k500000000000000000,43,10000,836.7574012358584,-836.6036247783622,836.6036247783622,0.1537764574961784,226282.6654339163,41969.89401674098,0.8435433603963023,9371,3450,172191.6105503147,0.00151504108598985,0.06448673667556847,100.15150410859898,9981.385820125479,104.65399671555824,0
dodo-k500000000000000000,44,10000,283.91696633381844,-283.7815586741111,283.7815586741111,0.13540765970731172,92734.61701967023,16854.96387919605,0.846199212179208,4142,1661,74611.29090451892,-0.0001529665336903463,0.035191520904711525,99.98470334663097,10003.580021603408,202.93007228776162,0
dodo-k500000000000000000,45,10000,509.70712330181357,-509.653444046647,509.653444046647,0.05367925516657124,191816.53009660981,15038.243069393966,0.9273004783054942,11018,3334,139580.14033135396,0.0018416608099707332,0.07413573394812659,100.18416608099707,9982.616495892677,102.2127090536692,0
dodo-k500000000000000000,46,10000,959.6647000225314,-959.5186944959619,959.5186944959619,0.1460055265695246,261989.03138650206,34286.58628381448,0.8842746947811034,11097,3890,194115.77331846525,-0.0001746098503630833,0.10588704088694044,99.98253901496369,10001.97728081319,102.77217781739873,0
dodo-k500000000000000000,47,10000,713.3728328038484,-713.5024404493398,713.5024404493398,-0.12960764549143278,194877.52514899714,42442.35375322757,0.8211597193224858,8333,3200,149161.47822786,0.00013620127494760935,0.09314604369086155,100.01362012749476,10003.213752642749,79.6674381363814,0
dodo-k500000000000000000,48,10000,411.4073296632493,-411.25168599237094,411.25168599237094,0.15564367087836217,122464.13935926658,19747.181840338257,0.8611419845216014,6481,2251,93438.83189336685,0.00012273531675930372,0.08631863193414262,100.01227353167593,10000.118440023167,70.09697829734397,0
dodo-k500000000000000000,49,10000,254.47267739614952,-254.44294031891374,254.44294031891374,0.029737077235779452,138900.84305688454,27979.015715461697,0.8323403679671731,10681,2654,92731.58625443725,0.00001264393364579064,0.04476842455244224,100.00126439336458,10000.632215394166,126.28308410483056,0
dodo-k500000000000000000,50,10000,434.9816447618705,-434.29306469700066,434.29306469700066,0.688580064869825,101718.34307600261,21595.32240969514,0.824874864236358,4249,1798,82763.63917128988,-0.0012777691140921376,0.13941800171155877,99.87222308859079,10002.873146100497,97.35866611043825,0
dodo-k500000000000000000,51,10000,365.1972370836221,-365.0890875652969,365.0890875652969,0.10814951832520592,122525.02763375665,24094.068044619282,0.8356689629468723,5801,2183,95925.28131801856,-0.0004719250783385576,0.03554883175903725,99.95280749216614,10008.793924721107,117.11257224741712,0
dodo-k500000000000000000,52,10000,424.88229422190835,-425.0878341482105,425.0878341482105,-0.20553992630215134,127580.26044323774,12730.944876556441,0.9092663707966847,5972,2207,101504.54966132401,0.0012401494163086114,0.047402243752511876,100.12401494163086,10015.15162283546,125.65909739566708,0
dodo-k500000000000000000,53,10000,388.33524559092035,-388.3953235059783,388.3953235059783,-0.060077915057945575,110388.60799134996,25473.53070216936,0.8125045656786466,6252,2224,83954.01248788855,0.005444185302844886,0.08368130437782838,100.54441853028449,9982.609388633877,41.85639581894704,0
dodo-k500000000000000000,54,10000,208.1895174285308,-207.94031795221002,207.94031795221002,0.24919947632076855,68958.9562171333,7603.880392464963,0.9006844478446124,5443,1507,52204.23519735996,-0.00046804507364313965,0.09442421594902015,99.95319549263569,9995.336782553664,50.51369382026857,0
dodo-k500000000000000000,55,10000,636.0773728758377,-636.1902425574713,636.1902425574713,-0.11286968163358324,199039.51927785165,50097.48295200373,0.7989159277681944,10437,3473,142418.9109946448,-0.0038490051738655495,0.09542845919152157,99.61509948261345,10033.90921132043,60.546112460192404,0
dodo-k500000000000000000,56,10000,293.5667198898498,-293.4610419492149,293.4610419492149,0.1056779406349051,90882.03155926379,15756.7019250671,0.8522422255944897,5101,1689,70131.4162876498,-0.001358478312565694,0.05841142370629172,99.86415216874343,10007.30645374569,146.04832612510074,0
dodo-k500000000000000000,57,10000,429.00895333636976,-428.95947148251065,428.95947148251065,0.049481853859106195,144651.5530360836,16376.393558123093,0.898300922886436,8867,2686,105437.57146396738,0.0031816112427146947,0.0634388639957713,100.31816112427147,9983.14668663447,77.67038526056504,0
dodo-k500000000000000000,58,10000,580.7948672558202,-581.0868830318756,581.0868830318756,-0.2920157760553366,166168.73604740424,49230.72461745607,0.7714445316367152,7719,2981,127023.1483355802,-0.00013267976257736792,0.08138777428321589,99.98673202374226,10003.638227033585,72.28276224227757,0
dodo-k500000000000000000,59,10000,567.7779695457301,-567.8026264867457,567.8026264867457,-0.02465694101556437,146077.27750779438,12798.425345875503,0.9194437845687248,5884,2469,118988.59745369988,0.0000378193839641483,0.07271217874449676,100.00378193839641,10000.878128129394,97.70721160064947,0
dodo-k500000000000000000,60,10000,265.0965548249453,-265.3479221999964,265.3479221999964,-0.25136737505107476,134267.3331157626,25637.1932278406,0.8396718728727457,10884,2527,88984.89431277414,-0.00005626373972518195,0.044650344959318036,99.99437362602748,10008.38308030753,92.56558696223887,0
dodo-k500000000000000000,61,10000,239.5702551212186,-239.55481618164794,239.55481618164794,0.01543893957065734,99412.74841704896,12165.286641543444,0.8909705961827061,6197,1899,72848.60086267247,-0.0008302837193873813,0.052015737077413034,99.91697162806126,10009.01024771115,103.92595555353815,0
dodo-k500000000000000000,62,10000,234.38711900878542,-234.36046587299836,234.36046587299836,0.026653135787057636,99708.2231446676,10731.345739984965,0.902830608192674,6517,1936,74429.66047341828,-0.0002689525767429757,0.051226694293095676,99.9731047423257,10003.80228075386,137.42372466016568,0
dodo-k500000000000000000,63,10000,785.9650014127789,-785.9240742314629,785.9240742314629,0.040927181315964845,247196.67485001698,29349.619262105458,0.8938708639855937,11413,3746,179756.1224486028,-0.0000743499959268945,0.05840764418378143,99.99256500040731,10000.990875970158,98.96920325179053,0
dodo-k500000000000000000,64,10000,571.4512065282456,-571.6750223969117,571.6750223969117,-0.2238158686660654,167491.57330983668,46972.13400122878,0.780978634612994,8964,2933,123443.9572188261,-0.0015576936264898222,0.11270463538286152,99.84423063735102,10024.638311255918,74.15403615226887,0
dodo-k500000000000000000,65,10000,123.0325333644979,-123.04119419832314,123.04119419832314,-0.008660833825246073,51410.2891301832,2303.0740507711544,0.9571228849883715,4313,1089,37386.11571863837,0.0008324023617501552,0.05285978855614488,100.08324023617502,9992.475427022906,102.73393851923394,0
dodo-k500000000000000000,66,10000,340.12947043705276,-339.50498651995895,339.50498651995895,0.6244839170938121,93593.2060159438,18979.851831242195,0.8313996955025714,4060,1782,77575.27339183472,-0.012177828967397773,0.05515456926523712,98.78221710326022,10118.445035995883,94.85584061218105,0
dodo-k500000000000000000,67,10000,210.2885357198303,-210.40274176681558,210.40274176681558,-0.11420604698528791,87757.9918612419,20656.805224392967,0.8094650750664917,5772,1806,65102.76207094046,-0.00028655274079952164,0.029063018737587782,99.97134472592005,10014.499772202927,72.42108641022617,0
dodo-k500000000000000000,68,10000,250.59961885057783,-250.45499700106802,250.45499700106802,0.14462184950980372,120650.83161416187,20898.791845194213,0.8523571357207107,11141,2379,78501.49215767735,-0.00013061027617567334,0.07556407638554603,99.98693897238243,9990.09804556407,58.40932061697143,0
dodo-k500000000000000000,69,10000,490.8747602692116,-490.06154018488576,490.06154018488576,0.8132200843258488,111412.70943035497,16913.921461581725,0.8681963257040165,5454,1934,87291.59076178717,-0.0008228941697899472,0.16302617245331574,99.917710583021,9988.056589514346,134.91793217780622,0
dodo-k500000000000000000,70,10000,383.341176788595,-383.37950573900144,383.37950573900144,-0.0383289504064237,132603.0201061012,19623.97072235221,0.8710874424071963,8045,2519,99103.25978506588,0.0023365002986334106,0.1158723839787119,100.23365002986334,9978.031294990082,94.92072900346442,0
dodo-k500000000000000000,71,10000,266.99229891507446,-266.8397234358332,266.8397234358332,0.15257547924124992,109744.33196484325,18959.755191684708,0.8526872330897608,7658,2251,80030.54326396868,-0.0002573209123947606,0.04749880300736436,99.97426790876052,9993.144292604416,68.45710391780875,0
dodo-k500000000000000000,72,10000,124.90708333181104,-124.88635746656848,124.88635746656848,0.02072586524255371,71877.89767760936,13693.93159578918,0.8399714986571384,6551,1556,48815.95604214836,0.000014849543297970058,0.033189826681533814,100.0014849543298,9998.476789311193,96.37060832147118,0
dodo-k500000000000000000,73,10000,101.92036768863076,-101.99818292948282,101.99818292948282,-0.07781524085206115,51393.19442642353,8049.923385793453,0.8645777058460584,4326,1145,36602.67948395763,0.0009188901238606207,0.03400608417387332,100.09188901238606,10001.930697566562,100.67828776070691,0
dodo-k500000000000000000,74,10000,481.933187252809,-481.9364438006803,481.9364438006803,-0.003256547871330895,176860.97645610123,44767.4557438608,0.7980067119571111,9159,3122,130196.81344927353,-0.000041233564920730715,0.04906987605196889,99.99587664350793,9999.81664468222,95.90659946873016,0
dodo-k500000000000000000,75,10000,236.31020232098632,-236.15783766349216,236.15783766349216,0.15236465749416084,128133.61192558386,21182.161518774366,0.8581384871125635,10928,2305,82600.56529151934,-0.0006158728784483003,0.03110872919750932,99.93841271215517,9979.255836516268,91.22287163918266,0
dodo-k500000000000000000,76,10000,221.66117124890465,-221.54501768064324,221.54501768064324,0.1161535682614101,75464.20337727117,7836.441897163508,0.9059257959965823,4398,1412,57622.421552489395,-0.0002615722491327688,0.038713141567674685,99.97384277508672,10001.62602281788,125.84233488930936,0
dodo-k500000000000000000,77,10000,250.49552376309464,-250.47533362929266,250.47533362929266,0.020190133801975207,83236.25234064701,11956.598268769814,0.8743960476839946,4280,1631,66010.99436235221,0.00003512206529435957,0.06751073353148883,100.00351220652944,10001.751556418601,95.62363522688833,0
dodo-k500000000000000000,78,10000,217.08296166317294,-217.22824830341256,217.22824830341256,-0.14528664023961824,106825.90361685403,28507.000785404845,0.7893564694313246,9063,2047,70096.4691754902,-0.0006052517240895839,0.05669020443473016,99.93947482759104,10004.109040310928,84.69556416044391,0
dodo-k500000000000000000,79,10000,207.77883149238875,-207.7398983974055,207.7398983974055,0.038933094983235605,124458.78836053773,18322.482020441323,0.8716744712275497,11296,2492,80503.00249213113,0.0029554363658930074,0.050305963204439905,100.2955436365893,9970.42828708994,102.00281131785363,0
dodo-k500000000000000000,80,10000,172.7060385026644,-172.7592951600481,172.7592951600481,-0.05325665738371299,77555.54562829944,14245.542500465155,0.8448216378385007,4993,1485,57181.5017071144,-0.0003233144597116677,0.02335670142201536,99.96766855402883,9998.426194173027,113.19352804042104,0
dodo-k500000000000000000,81,10000,141.43174412011058,-141.44708853575554,141.44708853575554,-0.015344415644960918,69628.6145514267,13437.836282653203,0.8382278748192281,5401,1497,49418.95347624848,0.0006488257884656435,0.02909520744267098,100.06488257884656,9991.310617834315,74.05978472305385,0
dodo-k500000000000000000,82,10000,351.48543935024907,-351.6796592226512,351.6796592226512,-0.19421987240212957,137129.2488028661,29313.896626878664,0.8238804214424559,7026,2327,103366.91182700655,-0.000965423750408263,0.039085842358769864,99.90345762495917,10032.982564661463,143.70313277411483,0
dodo-k500000000000000000,83,10000,230.5716479865747,-230.60393592462788,230.60393592462788,-0.03228793805317309,90093.50457734684,23383.88145985461,0.7939335556056197,5485,1788,67211.73489243544,-0.0008345619259033299,0.04940054737798604,99.91654380740967,10011.195599221564,91.19295798900148,0
dodo-k500000000000000000,84,10000,393.2150726256527,-393.0899569007274,393.0899569007274,0.1251157249253083,177039.97650817898,44671.06239476067,0.7985167422614591,9607,2974,126165.8504802819,-0.0014962956878892442,0.03566044530672172,99.85037043121108,10006.784950027062,140.58364303972618,0
dodo-k500000000000000000,85,10000,309.16299561606405,-309.07698192737473,309.07698192737473,0.08601368868932013,120388.99390538903,19835.021607536608,0.858547613723783,7274,2238,88225.6282029244,0.000726237656689932,0.03955876017266462,100.072623765669,9989.683571805555,98.12149974691745,0
dodo-k500000000000000000,86,10000,515.9143308763547,-515.9393865416868,515.9393865416868,-0.025055665332047283,152340.77322338687,3412.1520867872855,0.978092532901118,8635,2574,113737.23923171275,0.00014192948973899887,0.09170727122737234,100.0141929489739,10000.3860764568,99.3576510960261,0
dodo-k500000000000000000,87,10000,854.9876330343128,-854.6506512956198,854.6506512956198,0.3369817386929981,239816.00145054326,58056.85742186854,0.8050951750299074,10615,3777,176904.8986491428,-0.00036352277474108516,0.0628141492712055,99.96364772252589,9975.402121211848,60.98923060627165,0
dodo-k500000000000000000,88,10000,587.8396704066689,-586.9849347621102,586.9849347621102,0.8547356445586729,160895.86289237015,28071.297057162992,0.8514488069532298,7191,2691,125789.30150452003,0.01331786602300511,0.07129027640445514,101.33178660230051,9867.1831820486,144.27266168576583,0
dodo-k500000000000000000,89,10000,115.89090861271178,-115.87231756502447,115.87231756502447,0.018591047687309015,68841.42458270362,14662.678649329178,0.8244076867865283,5874,1525,47378.9797483966,-0.0013432394320980734,0.02099689125121003,99.86567605679019,10008.489871397347,82.74322143651109,0
dodo-k500000000000000000,90,10000,924.5369960509213,-924.5257228445814,924.5257228445814,0.011273206339865283,262310.00753933104,55622.94926768447,0.825048180514839,11191,4006,192187.91515454042,0.0006865852846041775,0.08398976555205678,100.06865852846042,9993.300849694944,89.13127481907044,0
dodo-k500000000000000000,91,10000,147.4067201628498,-147.46369515541852,147.46369515541852,-0.05697499256871197,62624.186224521,8436.518173095754,0.8812773072739384,4654,1332,45623.33257979612,-0.0009811491762938829,0.041387374737750234,99.90188508237061,10006.551297261001,90.47500892590769,0
dodo-k500000000000000000,92,10000,266.6125124499871,-266.6337440494812,266.6337440494812,-0.021231599494115017,112048.72609273312,15022.452211838616,0.8817792326137724,9037,2229,78029.57211898186,-0.00048668428877718384,0.04755364010246794,99.95133157112228,10000.792135532676,46.34894965051198,0
dodo-k500000000000000000,93,10000,600.8966341941634,-600.972092974232,600.972092974232,-0.0754587800686295,215709.0960950378,67457.09090829466,0.7617756144468592,10626,3580,154392.7397880647,-0.001014462663533351,0.08710120394569074,99.89855373364666,10009.71365112888,108.74972911151411,0
dodo-k500000000000000000,94,10000,342.95354741321546,-342.9120705476439,342.9120705476439,0.04147686557155339,140484.04315137555,17017.514138959155,0.8919533594986019,8716,2608,102992.08474679811,-0.0023346127668533254,0.04356970927907326,99.76653872331467,10014.803906038002,86.87945885007937,0
dodo-k500000000000000000,95,10000,707.0282062407933,-707.0074148118595,707.0074148118595,0.020791428933875977,206484.7428904143,43761.46106306679,0.8251263740599969,9203,3384,154909.04512737753,-0.0027840850978748223,0.0719410820312713,99.72159149021252,10030.684670270124,82.82845130071455,0
dodo-k500000000000000000,96,10000,262.7098150839062,-262.8506053905324,262.8506053905324,-0.14079030662617242,108434.74391161636,17395.0193130806,0.8617575137448369,6960,2104,80489.86773180038,0.0016538294584637469,0.03730231293464826,100.16538294584637,10000.174256758708,101.89845176990846,0
dodo-k500000000000000000,97,10000,223.8032994116699,-223.77468347573105,223.77468347573105,0.02861593593885914,82791.96005685288,14393.252314371162,0.8518987409381541,4608,1704,64239.31236812021,0.00022862572295807127,0.04594616612326505,100.02286257229581,9998.25710876742,76.02099851722808,0
dodo-k500000000000000000,98,10000,388.24239310359167,-388.35299324060674,388.35299324060674,-0.11060013701506932,158017.50416365956,32652.50918566214,0.8287485870898833,9082,2758,114395.84036206579,-0.0002544782866341677,0.03993679992963493,99.97455217133658,10009.769597765584,115.97815055388776,0
dodo-k500000000000000000,99,10000,392.1685153622462,-391.96070147190585,391.96070147190585,0.20781389034033282,101302.4593651963,29048.18246771091,0.7771535140966398,4916,2054,81640.2513010316,0.0008524699055595875,0.08357235117415314,100.08524699055596,9990.94513797141,56.70140573344945,0
dodo-k500000000000000000,100,10000,776.1129439770235,-776.4544809467476,776.4544809467476,-0.3415369697240749,233858.65160456367,40118.64653149139,0.8535694497156155,10927,3700,172498.81195884122,0.0006481395923462685,0.061246304932959676,100.06481395923463,10014.02673983768,104.02738870828291,0
dodo-k500000000000000000,101,10000,767.6322432438392,-767.5163606688242,767.5163606688242,0.1158825750150072,197632.08402255524,17883.59396740519,0.9170195220403489,8600,3200,152225.29808381805,0.007253655122905229,0.07853727414018977,100.72536551229052,9938.276523596798,90.23761949204535,0
dodo-k500000000000000000,102,10000,576.0488636684169,-575.7227557252608,575.7227557252608,0.3261079431561029,177625.5121220515,43298.90127724915,0.8040103372414965,9214,3185,132047.29806716187,0.00038391901815572284,0.06616430736744192,100.03839190181557,9981.817895320386,62.261355572996756,0
dodo-k500000000000000000,103,10000,277.277003134338,-277.1361466136145,277.1361466136145,0.140856520723446,119525.43045361967,19210.374666517782,0.8615326832904983,9144,2455,83163.10756671839,-0.0019323685517585432,0.04381565051651947,99.80676314482415,9993.328221478812,48.18442667012048,0
dodo-k500000000000000000,104,10000,230.21118273513736,-230.13451158344677,230.13451158344677,0.07667115169059002,84783.92278769343,7648.252965205409,0.9172555129974256,5491,1704,64576.200651313426,0.00011177858048867506,0.034410816131817935,100.01117785804887,9993.467041180696,95.58534366048933,0
dodo-k500000000000000000,105,10000,656.4739764900833,-656.2575058730039,656.2575058730039,0.21647061707938065,210815.29529247808,35432.39482243526,0.8561107525276666,9488,3274,155178.5077620845,-0.0008868878505030864,0.046417345301347834,99.91131121494969,10006.730375519875,126.3446173667896,0
dodo-k500000000000000000,106,10000,505.15752874540806,-505.7188023371182,505.7188023371182,-0.561273591710119,179022.57407446014,22539.876962126815,0.8881742266666749,10468,2985,129248.0130865856,0.0007298612171666718,0.09666930484831965,100.07298612171667,10018.33806497629,123.2856935857355,0
dodo-k500000000000000000,107,10000,507.8470635122222,-507.8972829481036,507.8972829481036,-0.05021943588144495,101134.83012683445,7335.311070360995,0.9323748361585921,4281,1751,82904.14556478724,0.0010812885521336568,0.11014938826480901,100.10812885521337,9990.41805867319,112.59229413037767,0
dodo-k500000000000000000,108,10000,272.04804149050875,-272.03203278194593,272.03203278194593,0.016008708562821994,122431.66759729284,22366.391614201428,0.8455338991696517,8558,2388,87108.90842782734,0.0002199159518809779,0.06940583178726356,100.0219915951881,10000.634343042786,98.97826851090687,0
dodo-k500000000000000000,109,10000,349.8079170713506,-349.8686068587041,349.8686068587041,-0.06068978735351038,145490.33864839,25080.556784320393,0.8529611003055643,10380,2683,100021.27933493063,0.0016725150302487179,0.05857578448084098,100.16725150302487,9987.059394339043,78.35886006302351,0
dodo-k500000000000000000,110,10000,233.22270569273175,-233.22912905218672,233.22912905218672,-0.006423359454970523,83873.56198679075,13706.780728983105,0.8595333819547304,5423,1670,62497.60670573508,0.0012375576466357075,0.055413896270120805,100.12375576466357,9994.89749631966,97.06464735191683,0
dodo-k500000000000000000,111,10000,1113.6564067866896,-1113.7670795226302,1113.7670795226302,-0.11067273594062499,287417.54066492623,35306.46649469453,0.8905985742881787,11715,4120,213926.84194340894,-0.0004699509567878124,0.1000734196033899,99.95300490432122,10012.464681073321,85.90060301799143,0
dodo-k500000000000000000,112,10000,217.75690752024192,-217.69903753081383,217.69903753081383,0.057869989428098734,135510.37864286648,28980.37959678379,0.823817581565515,11158,2247,84663.06616472668,-0.0009638165225813112,0.02777764318170071,99.90361834774187,9991.28710536626,231.81134331243595,0
dodo-k500000000000000000,113,10000,1116.5238372789267,-1116.3804193265757,1116.3804193265757,0.14341795235100108,279371.4243249502,35530.94873556027,0.8871683678016209,11311,3984,209281.73455231817,0.0018207066196298171,0.06816676152469256,100.18207066196298,10006.912333963157,116.02591753715777,0
dodo-k500000000000000000,114,10000,760.3404089144951,-760.2827876762854,760.2827876762854,0.05762123820977649,177193.5560522071,8575.703051522103,0.9538368022088431,7707,2850,139925.61730889863,0.0012340881262545623,0.12635548361857232,100.12340881262546,9985.391784643276,94.79567510274329,0
dodo-k500000000000000000,115,10000,267.28874071014116,-267.33940858075005,267.33940858075005,-0.05066787060889055,118424.97864150903,14823.76265148047,0.8887511993911767,7569,2120,85155.04207845837,0.0010215212554915353,0.027611801000612956,100.10215212554915,9994.177023091333,151.57175636232085,0
dodo-k500000000000000000,116,10000,1197.4317916586588,-1197.8352231563208,1197.8352231563208,-0.4034314976620408,271346.90685614455,42723.0625820671,0.8639696031477082,11058,3957,203212.0879891399,0.002969257014930946,0.09972652675324369,100.2969257014931,9998.940509542019,88.85658903404455,0
dodo-k500000000000000000,117,10000,372.858331971765,-372.5934172302395,372.5934172302395,0.26491474152550154,182471.59959677188,33683.879369344104,0.844168283263251,10018,2750,128365.53037251263,-0.0023661053504343953,0.039031281953179474,99.76338946495656,9997.881874353901,223.81651361137108,0
dodo-k500000000000000000,118,10000,678.5708754213643,-678.5846031314785,678.5846031314785,-0.013727710114153524,194733.83123824728,33102.30669160901,0.8547100254051876,8148,3127,150648.90632250372,0.00009594571754277581,0.06285352408236491,100.00959457175428,10000.659094969178,97.05795474736756,0
dodo-k500000000000000000,119,10000,270.7056953529826,-270.6416801708072,270.6416801708072,0.06401518217541025,152957.3170858922,27994.703491117016,0.8452921199672203,11349,2551,100922.63599364748,0.001751203431804953,0.02952355231461155,100.1751203431805,9952.530584264256,228.41773225218557,0
dodo-k500000000000000000,120,10000,129.72366820883022,-128.4689180206787,128.4689180206787,1.2547501881515188,62788.185688516605,7578.0737407721845,0.8923052923057903,4523,1315,45836.588275177346,-0.015245299262269044,0.036294837049151735,98.4754700737731,10160.125280014077,108.22252911637716,0
dodo-k500000000000000000,121,10000,359.64820073991865,-359.6579738642265,359.6579738642265,-0.009773124307855596,155031.0295257066,11688.585642393607,0.9298907592210536,11001,2710,104894.39673478933,0.000005701164972577999,0.0360745067865723,100.00057011649726,9996.001464645775,81.2835534671967,0
dodo-k500000000000000000,122,10000,223.8031213022194,-223.5762385786864,223.5762385786864,0.2268827235330093,111794.29426937549,32316.055637989102,0.7757547902786848,6508,1905,80257.85274039047,-0.0013227158428577468,0.036139071160685605,99.86772841571423,9987.398664146147,162.68022996178323,0
dodo-k500000000000000000,123,10000,299.9423505529832,-299.96653318944,299.96653318944,-0.024182636456771434,140726.77275676723,30349.087930106474,0.8225986541394318,8403,2318,99267.89669153537,-0.00025208490784791595,0.0335251979476439,99.97479150921521,10013.79436000298,201.07660064900926,0
dodo-k500000000000000000,124,10000,864.049247953988,-862.2769406154437,862.2769406154437,1.7723073385443513,194052.1469405124,42490.30770789848,0.8203692112223375,9600,3352,143671.0569718558,0.0023892277832133855,0.19840338241438174,100.23892277832134,9977.45226798143,103.73932183511346,0
dodo-k500000000000000000,125,10000,125.9855047189266,-125.93441829556362,125.93441829556362,0.05108642336298885,58615.26254127039,8004.201947534346,0.8798519020086175,4255,1192,42873.45719231288,0.00008512595096021869,0.03478298192905314,100.00851259509602,10002.366892037737,133.76052009310555,0
dodo-k500000000000000000,126,10000,289.7541780207966,-289.7362692500092,289.7362692500092,0.017908770787414596,142529.86861543942,17805.27771880841,0.8889496275402395,10573,2690,98181.22741720745,0.0017606777826279084,0.03304765216195221,100.17606777826279,9982.968213554772,92.61125780319949,0
dodo-k500000000000000000,127,10000,407.76627971012886,-407.76828772303753,407.76828772303753,-0.0020080129086750276,124767.7679454026,29550.315395498765,0.8085103524113912,7231,2441,93382.14928648328,-0.0012904946342020196,0.10122308442148097,99.8709505365798,9991.036589092297,73.49070188611262,0
dodo-k500000000000000000,128,10000,502.08032883615937,-502.65190790556545,502.65190790556545,-0.5715790694060843,180644.27130601867,33921.15282717562,0.8419076467505845,10131,3082,131162.94942782258,-0.00018799211235389634,0.07287924470363975,99.98120078876461,10013.633638753396,102.4981197144621,0
dodo-k500000000000000000,129,10000,565.0191691823957,-563.3301845060689,563.3301845060689,1.6889846763267542,187808.62636587882,45773.14322448802,0.8040380321428314,10061,3139,134920.33209255498,-0.014716891370775188,0.067287636489675,98.52831086292248,10162.482892068158,118.09338011502805,0
dodo-k500000000000000000,130,10000,941.4623806633595,-940.8654770111292,940.8654770111292,0.5969036522302531,207477.30586346317,51987.9201150009,0.7996343443752422,8967,3345,158596.0063019461,0.0027070807966022414,0.12434820851797951,100.27070807966022,9991.999918702975,65.91285074284076,0
dodo-k500000000000000000,131,10000,208.10404054154432,-208.08071873819907,208.08071873819907,0.023321803345254466,96775.91682604699,8859.633157804205,0.9161301932999014,7976,1956,67310.65007925648,0.0008599169448145006,0.05490923671381367,100.08599169448145,9987.45851720298,67.88717777144794,0
dodo-k500000000000000000,132,10000,301.5138310937393,-301.70791355964735,301.70791355964735,-0.19408246590802491,96196.26791122269,33840.88038769669,0.7397599006869493,5528,1989,72340.8666617912,0.0011052071973527689,0.08224884036197735,100.11052071973528,9998.533689215012,38.91995134673968,0
dodo-k500000000000000000,133,10000,1268.1701829385124,-1267.7795764975679,1267.7795764975679,0.3906064409445662,228608.15073578458,26768.680725161496,0.895179681837132,10800,3506,169080.32748510287,-0.000355319194922572,0.22927207821826742,99.96446808050774,9984.557813683698,102.33135517634553,0
dodo-k500000000000000000,134,10000,284.5308338304662,-284.5118695373535,284.5118695373535,0.018964293112674113,111305.28986133604,18374.501119569588,0.8583086772381127,6932,2172,82123.62503324263,0.00005904571173658724,0.057414936366484426,100.00590457117366,9998.288140593795,99.52369914270692,0
dodo-k500000000000000000,135,10000,263.0372769076066,-262.942199454646,262.942199454646,0.09507745296059511,128359.78841198109,31158.321175954025,0.8046722014419444,10741,2457,83751.85703542245,-0.0014197846576423955,0.04750276335725346,99.85802153423576,10003.488036312747,71.09016119825175,0
dodo-k500000000000000000,136,10000,255.175292783643,-255.21471564384356,255.21471564384356,-0.03942286020057395,116686.6611936846,12195.478849855182,0.9053749507438716,8655,2240,82021.55596173086,-0.00005570170956190168,0.0604388667293911,99.99442982904381,9999.030468583156,90.45156927075406,0
dodo-k500000000000000000,137,10000,389.47365291876235,-389.47805467595117,389.47805467595117,-0.004401757188816191,147551.1545317456,19055.490862936887,0.885625865536183,8037,2647,110386.8475127663,0.0004676293825690436,0.0527817323024037,100.0467629382569,9998.879441970075,104.0445110828318,0
dodo-k500000000000000000,138,10000,238.84530915443247,-238.83628698800953,238.83628698800953,0.009022166422937516,119677.56088982006,29996.27028030896,0.7995890794950439,8364,2392,83641.25631288195,-0.0002641234750115018,0.033340324480327865,99.97358765249885,9999.545374259636,95.4695741911343,0
dodo-k500000000000000000,139,10000,473.3216237394605,-473.8119903531282,473.8119903531282,-0.49036661366767476,158286.42839183193,27056.364150217833,0.8540198743143498,8089,2651,117565.78833814741,0.0009391970488778157,0.0698873709514733,100.09391970488778,10010.583823197881,120.10161621218924,0
dodo-k500000000000000000,140,10000,390.40052872912463,-390.3998805247355,390.3998805247355,0.0006482043891082867,114751.87054983451,18350.52315363864,0.8621322829511232,7000,2329,85679.26906682411,0.0001592814791602848,0.089937185403097,100.01592814791603,10000.059874443818,72.86601294850834,0
dodo-k500000000000000000,141,10000,191.52164401827227,-191.51047391455424,191.51047391455424,0.011170103718029623,100048.402700499,13559.401337396679,0.8806472719702098,8365,2003,68589.35585263031,-0.00025208813539251196,0.030879259000630554,99.97479118646075,10003.13156495982,87.3522119895297,0
dodo-k500000000000000000,142,10000,758.6872585498286,-758.821548363936,758.821548363936,-0.1342898141074329,209407.58940621748,30093.192676164977,0.8743503365019758,8980,3405,160841.73342007445,0.004718583893203174,0.08455416276859054,100.47185838932032,9951.19439270647,113.27656322645666,0
dodo-k500000000000000000,143,10000,188.00662992806141,-187.88533620780518,187.88533620780518,0.12129372025623297,112355.70025044042,26242.609996856696,0.8106570711429835,9796,2113,71818.00833919445,-0.000007454602925776044,0.03204450004364759,99.99925453970742,9997.266739258504,143.38365960936963,0
dodo-k500000000000000000,144,10000,521.2560175723428,-520.9288312506148,520.9288312506148,0.32718632172793605,132060.34362238875,27635.378848017022,0.8269497866285159,7530,2494,98666.19911557036,0.0024025599994688205,0.2864465928357754,100.24025599994688,9994.941520436194,55.61645980707202,0
dodo-k500000000000000000,145,10000,364.4682562799181,-364.3413790019818,364.3413790019818,0.12687727793627346,131761.3681497503,23950.676277310995,0.8461861035513538,8248,2355,95815.01747031676,-0.0013301552521150484,0.06746636625361489,99.8669844747885,10009.079599093411,115.22724517525236,0
dodo-k500000000000000000,146,10000,506.51010852776045,-506.6685931132851,506.6685931132851,-0.15848458552466127,177289.5550564549,56292.46905807068,0.7590034195847605,9161,2989,129004.10194642002,0.0018213531418618345,0.05454827464658294,100.18213531418618,9996.601273549291,108.39662639911074,0
dodo-k500000000000000000,147,10000,521.368997636993,-521.2920208609797,521.2920208609797,0.07697677601322539,148550.09578915607,21161.87482097022,0.8753071174361371,6381,2502,117992.70373591098,0.0006623204667590699,0.0587828092957821,100.0662320466759,9995.907126721395,94.86693306153195,0
dodo-k500000000000000000,148,10000,716.8171609930678,-717.7030041095753,717.7030041095753,-0.8858431165075444,194314.46585734843,12235.452336837783,0.9407627345301841,8087,2714,149311.76606996616,0.002187250586188867,0.06039782564638941,100.21872505861889,9988.796023819948,253.78965492734454,0
dodo-k500000000000000000,149,10000,256.23783335659385,-256.18661752625985,256.18661752625985,0.051215830334001566,127376.7547671321,18704.103586409285,0.8719606127919781,8984,2418,89576.22298098351,-0.0002429321488568803,0.02836403012636893,99.97570678511431,9999.082927012181,137.6635502152757,0
dodo-k500000000000000000,150,10000,251.72993062054329,-251.6862250850892,251.6862250850892,0.04370553545408029,82969.02920521658,14950.550857964749,0.8473180660260379,5384,1770,63549.2483277419,-0.000010301617342634017,0.05489803822712659,99.99896983826574,10003.132453256874,74.1146224176046,0
dodo-k500000000000000000,151,10000,450.08276767372894,-450.0243009896069,450.0243009896069,0.05846668412203826,138334.3210902657,19758.075132596525,0.8750219769915837,6697,2496,107881.79835875385,-0.0003462745585530058,0.10230492065019518,99.9653725441447,10000.366180011937,87.19231511011469,0
dodo-k500000000000000000,152,10000,483.5100940477546,-484.8511565749007,484.8511565749007,-1.3410625271461072,130403.1935580302,25035.19165609341,0.8389381643304755,8577,2517,94107.88169492372,-0.00005533087963925709,0.18849408884100372,99.99446691203607,10011.067272145368,90.90929103459119,0
dodo-k500000000000000000,153,10000,153.06301888511143,-153.07728442446813,153.07728442446813,-0.014265539356699719,82785.91811606048,3996.9976725400593,0.9539425745699006,7256,1724,57644.20069099142,0.0002945363328005612,0.026388707870464004,100.02945363328006,9999.368920711076,102.91618631381526,0
dodo-k500000000000000000,154,10000,210.73741252557627,-210.71341633768398,210.71341633768398,0.023996187892294074,79702.90665265391,5667.207307914742,0.9336160273777736,6308,1677,58604.729364972736,-0.0011025946631463058,0.03944039271291743,99.88974053368537,9996.357145010583,102.51644130375507,0
dodo-k500000000000000000,155,10000,512.2949467715897,-512.2052593929152,512.2052593929152,0.08968737867451182,143400.3288750807,23508.28179620415,0.859154769177834,6620,2623,113726.05263024985,0.0006330038204038147,0.054051200763430673,100.06330038204038,9990.462609355998,80.22522366676966,0
dodo-k500000000000000000,156,10000,478.87711598462306,-479.2265802759836,479.2265802759836,-0.3494642913605617,146031.5460987753,36481.230585950674,0.8001168397707924,7030,2509,111408.11170592032,-0.0005611056116229917,0.0645692795279058,99.9438894388377,10019.267799824043,118.8185059000919,0
dodo-k500000000000000000,157,10000,589.9329356301286,-589.8971486212258,589.8971486212258,0.03578700890273012,190180.2144289632,43660.27965307134,0.813290337824232,9767,3251,138848.14856000722,0.00037051427584358973,0.1017958431208109,100.03705142758436,9991.096437801074,109.00829646753655,0
dodo-k500000000000000000,158,10000,444.44536388139903,-444.96836760381416,444.96836760381416,-0.523003722415126,138444.3795389849,41606.06990017184,0.7689199331089063,7068,2517,105229.61141659171,0.0013699305067576973,0.126761186050106,100.13699305067577,10023.948841761103,174.38100864889887,0
dodo-k500000000000000000,159,10000,313.43194919420614,-313.3031658607295,313.3031658607295,0.1287833334766333,163861.3202127723,45070.86776320325,0.7842799225919856,11222,2952,108947.87733696295,0.00001031614988818319,0.038967604653682174,100.00103161498882,9990.466221218345,89.59126963684643,0
dodo-k500000000000000000,160,10000,203.7944015783193,-203.74073383058214,203.74073383058214,0.05366774773716543,80980.4742260616,9819.146629946348,0.8918591670606448,5364,1677,61261.942346872085,-0.00013799494456904427,0.02791950173059618,99.9862005055431,9999.381418104096,79.25054805216993,0
dodo-k500000000000000000,161,10000,181.74304106733229,-181.74568494281286,181.74568494281286,-0.002643875480572433,88080.22330211147,3992.638355495239,0.9566361001101199,7182,1837,62187.943790123005,0.001754694585832368,0.0512377389646511,100.17546945858324,9983.739284848878,91.58311333071114,0
dodo-k500000000000000000,162,10000,475.25055127158805,-475.27591520037623,475.27591520037623,-0.025363928788181056,134091.85934804456,26977.67529376581,0.8325091374122405,6047,2354,103294.62700295921,-0.00012977980702430614,0.1312627724320498,99.98702201929757,10002.694816320474,94.62081937808479,0
dodo-k500000000000000000,163,10000,622.4902784925694,-622.0877088644604,622.0877088644604,0.4025696281089495,191106.70245526388,28530.104082391823,0.870103264875596,11313,3452,135732.85352958314,-0.0013668250825757866,0.061642658919474375,99.86331749174242,9977.570897316777,44.00890757798017,0
dodo-k500000000000000000,164,10000,151.5555540329589,-151.57914619264616,151.57914619264616,-0.023592159687268577,73166.50865722474,20929.763980137206,0.7775707433088394,4649,1601,54924.879223722375,0.0002547054290506878,0.02697433388866486,100.02547054290507,10004.15721925912,86.19144714022153,0
dodo-k500000000000000000,165,10000,779.8000919403291,-780.1228001562919,780.1228001562919,-0.32270821596273436,232453.3199639517,69649.4314695662,0.7694511846083151,10810,3628,166733.588284966,-0.00007595613793711209,0.116771291952725,99.99240438620629,9993.915993612003,96.73209893265582,0
dodo-k500000000000000000,166,10000,924.3589823277987,-924.2587637696281,924.2587637696281,0.10021855817058167,232850.72221670952,68790.65235798476,0.771945567961366,11633,3832,166178.77010367427,0.0012410650335228013,0.1216142515117788,100.12410650335228,10015.073928344858,84.24358471801214,0
dodo-k500000000000000000,167,10000,150.82394774220938,-150.79082943936032,150.79082943936032,0.033118302849061365,62602.51204899068,4766.400801672215,0.9292492545896068,4959,1340,46109.9227309941,0.0005504891369274389,0.03553407426238081,100.05504891369274,9991.679534975086,83.73482049058491,0
dodo-k500000000000000000,168,10000,195.55267420347286,-195.52462186742864,195.52462186742864,0.028052336044225967,88715.31620957977,20662.87545369775,0.8110877941984199,5454,1800,66200.22326912695,-0.0019402356600906501,0.0271522859210954,99.80597643399093,10018.044837303853,101.40934073146617,0
dodo-k500000000000000000,169,10000,425.1946440454781,-425.1811856969929,425.1811856969929,0.013458348485244187,165025.30052446053,18806.733696521245,0.8976961018996616,9728,2941,121256.38367819802,0.004255732405126053,0.049019617692753176,100.4255732405126,9952.845078225178,121.41388861505814,0
dodo-k500000000000000000,170,10000,414.86290591650516,-415.1043823369024,415.1043823369024,-0.24147642039724815,141110.01820470244,39806.63702885111,0.7799725128818963,6981,2516,106891.37253228205,0.00034195450959927597,0.07068290926684512,100.03419545095993,10006.481397129623,88.99655015191802,0
dodo-k500000000000000000,171,10000,583.3701720357066,-583.2202491863017,583.2202491863017,0.14992284940490208,172739.55726375326,29607.883937095023,0.8536779918669369,8313,2985,131176.42551728972,0.0012437392515197133,0.09999136071552045,100.12437392515197,9989.176650636626,88.88289485925085,0
dodo-k500000000000000000,172,10000,158.8481551859675,-158.84665665568784,158.84665665568784,0.0014985302796617361,85826.21848832008,9757.798386465081,0.8979139117029601,6927,1867,61396.99870159336,-0.0001777052660891343,0.04724966015674468,99.98222947339109,10002.097545964914,100.12704678278762,0
dodo-k500000000000000000,173,10000,733.2350119443726,-733.2130806685433,733.2130806685433,0.021931275829274455,169967.3916735757,11709.023435403786,0.935550118443387,8317,2921,130576.4468767084,-0.00004685905285441549,0.18413987586160047,99.99531409471456,9999.048281482788,99.82540720581034,0
dodo-k500000000000000000,174,10000,562.6321146614292,-562.6263052474399,562.6263052474399,0.005809413989368295,197714.96870026097,18762.883279681246,0.9133265453806345,10154,3277,145364.6820763329,-0.0008302684336103993,0.05073277134100593,99.91697315663896,10008.625489550526,101.54059972097969,0
dodo-k500000000000000000,175,10000,401.8822658957363,-401.8181750641971,401.8181750641971,0.06409083153920392,114093.10249091085,21512.467193188266,0.8413600028132858,5699,2130,89409.06450813897,0.00011883248408267377,0.09251990744141408,100.01188324840827,10002.328724329387,71.18943770981471,0
dodo-k500000000000000000,176,10000,432.09294104466267,-432.06825323600333,432.06825323600333,0.02468780865933695,171130.40192790207,35629.25116767164,0.8276779311909458,10654,3010,120090.47266870267,0.000029352796052677376,0.07543084166979398,100.00293527960527,10002.191776167929,113.5668795006855,0
dodo-k500000000000000000,177,10000,525.3344144619927,-525.2809381811026,525.2809381811026,0.05347628089009504,177419.44987580096,16598.951221420797,0.9144465106013159,10942,3133,126753.16693942434,-0.0015587433675207762,0.1298116363505953,99.84412566324792,10015.771709693097,100.99498380035627,0
dodo-k500000000000000000,178,10000,99.77804976966003,-99.77203557712131,99.77203557712131,0.006014192538714269,52187.5062615539,9022.53040711748,0.8525972063052952,3962,1132,37922.12088029185,-0.0003025211018540119,0.029302954392547632,99.9697478898146,10000.274560424234,99.99833791850422,0
dodo-k500000000000000000,179,10000,207.08448961287235,-207.00833842618204,207.00833842618204,0.07615118669031062,100021.95028123904,25783.56058187773,0.7950522166717192,9735,2172,65044.37596781968,-0.0010860421504989403,0.0735884072437736,99.8913957849501,9994.964938658208,63.44613090760936,0
dodo-k500000000000000000,180,10000,771.9342228913966,-771.595439587379,771.595439587379,0.3387833040176247,205359.35579573724,41664.76570527459,0.8313332096796712,11462,3673,147078.03330396625,0.030132526297089443,0.15074326758497478,103.01325262970894,9899.053997272078,32.75481328719678,0
dodo-k500000000000000000,181,10000,599.8430347485242,-600.4561909037665,600.4561909037665,-0.6131561552422227,103510.6147560871,9622.3846769812,0.9149462603731815,4233,1833,84882.48298782497,0.0011960321186768397,0.16364926835092164,100.11960321186768,9991.642409796013,71.87378761762875,0
dodo-k500000000000000000,182,10000,515.5271489437736,-515.658289254,515.658289254,-0.13114031022644212,130362.62375657402,30542.91758899172,0.8101810706233119,5914,2382,104547.48827250587,0.0000773670458295328,0.1073358600173573,100.00773670458295,10001.17000131923,93.43126881151193,0
dodo-k500000000000000000,183,10000,398.85308393611825,-398.7866488293466,398.7866488293466,0.06643510677167797,153304.0906491651,12500.08617476167,0.9246093408850855,10077,2700,108206.06825246658,0.0008702852990585086,0.05359719133591696,100.08702852990585,10003.559424540743,94.42813841375441,0
dodo-k500000000000000000,184,10000,268.5180477480385,-268.5994126985231,268.5994126985231,-0.08136495048461256,137917.1649555809,34198.28939757285,0.8013061085879983,9287,2391,93336.92846655255,-0.002068255425816119,0.03638823022486008,99.79317445741839,10015.76019024718,271.3474029751538,0
dodo-k500000000000000000,185,10000,262.3963094198793,-262.3829182991867,262.3829182991867,0.013391120692574532,88127.14696854375,14195.250301813321,0.8612693732701893,4446,1713,70129.96880476727,-0.00032031171651510706,0.04842873967469032,99.96796882834849,10002.990350370424,109.93580381075877,0
dodo-k500000000000000000,186,10000,283.16657955029007,-283.18913104397484,283.18913104397484,-0.02255149368477305,120457.30304962683,12904.159986045212,0.9032392139954738,7431,2310,89214.60223768142,-0.00008523555980175956,0.03090492971944002,99.99147644401982,10001.495188626333,103.26098876111455,0
dodo-k500000000000000000,187,10000,231.95131136921717,-232.00436604819993,232.00436604819993,-0.05305467898276106,88017.40225224337,23020.49408216539,0.7926789425761867,4578,1753,68601.83477679723,0.00040098894223163485,0.041468945068791785,100.04009889422316,10001.1952833287,102.17040937157365,0
dodo-k500000000000000000,188,10000,217.07067992028735,-217.12152589020081,217.12152589020081,-0.05084596991346757,108817.08422874213,14105.555378735513,0.8852485154583563,8862,2110,74224.73058769754,0.0006854456430474443,0.04266476620020441,100.06854456430474,9994.709913839719,99.984134307965,0
dodo-k500000000000000000,189,10000,404.71447792503113,-404.89324908214013,404.89324908214013,-0.17877115710899716,147993.3936486551,33085.00417556503,0.8172890605776072,8592,2727,107061.2016268069,0.00168722852786928,0.06040352320418435,100.16872285278693,9997.213084070583,80.90954839688911,0
dodo-k500000000000000000,190,10000,319.5174470278905,-319.7430543650124,319.7430543650124,-0.2256073371219145,89418.17961363403,4875.086550559403,0.948298677637591,5155,1751,68016.93475865724,0.00014106415880007716,0.12455896226423648,100.01410641588001,10000.199584028782,59.70296125969308,0
dodo-k500000000000000000,191,10000,548.8206601427173,-548.2773487519848,548.2773487519848,0.5433113907324696,169003.56436358162,60923.92013875556,0.7350298496475036,8583,3018,124558.1283229875,0.002738916818550479,0.0891316484873012,100.27389168185505,9962.597302278495,41.520139820593194,0
dodo-k500000000000000000,192,10000,485.49872087507134,-485.1335433648419,485.1335433648419,0.36517751022944367,117257.02735108952,15465.102140269311,0.8834775918715485,5155,1999,93684.35180914857,0.00016570768390849366,0.09154328812250441,100.01657076839085,9997.35598395575,89.90022131856176,0
dodo-k500000000000000000,193,10000,392.81666056499915,-392.85211376948956,392.85211376948956,-0.03545320449040901,127218.52710851714,5581.8460822706365,0.9579681446056522,6653,2262,97404.50588861527,-0.0007101185615091765,0.038273125347465256,99.92898814384908,10009.91711398682,114.77862858144684,0
dodo-k500000000000000000,194,10000,176.18314843114516,-176.323073574033,176.323073574033,-0.1399251428878472,88723.58500153259,20319.954495981612,0.81365283455014,7605,1877,60151.53839350847,0.002084760601952098,0.05351427653622693,100.20847606019521,9986.627592084908,81.8583582561802,0
dodo-k500000000000000000,195,10000,437.8559895769122,-438.0400094083643,438.0400094083643,-0.18401983145213308,180321.47610176922,38442.59439016848,0.8242737287538942,10533,3206,126643.34099829326,0.0020088073815722396,0.054087055804558165,100.20088073815722,10001.170917494019,65.52057441264236,0
dodo-k500000000000000000,196,10000,565.0070259789624,-565.0029506829857,565.0029506829857,0.0040752959766905406,155531.30169134348,24090.779530853768,0.8658807460255801,6393,2657,123489.3139295618,0.00011067885323058135,0.11195758584886192,100.01106788532306,9998.951150974428,111.53046569883209,0
dodo-k500000000000000000,197,10000,774.3396721294383,-774.179535216591,774.179535216591,0.16013691284729248,228255.52473121675,65646.53233343628,0.7766380644318006,10247,3508,167322.8234048276,0.00025366583168349164,0.08604448476942181,100.02536658316835,10005.478713738928,109.37046831301399,0
dodo-k500000000000000000,198,10000,313.1533490346481,-313.0428634155934,313.0428634155934,0.11048561905471388,138727.08430442,34703.24227414704,0.7999009575846825,8931,2672,97458.9771261631,-0.000399562632147763,0.04898601952594205,99.96004373678522,9994.693798292874,92.39607552260667,0
dodo-k500000000000000000,199,10000,275.25611850862714,-275.19343057011093,275.19343057011093,0.06268793851620558,87160.56451990055,7224.077436320507,0.9234613038033106,7254,1849,62265.382832276264,0.0007777699014631878,0.06832072936732388,100.07777699014632,9981.007372093252,65.97886838948915,0
dodo-k500000000000000000,200,10000,139.7841697709379,-139.72767477507304,139.72767477507304,0.056494995864852626,67406.35799492858,18898.24052439248,0.7810285796050401,6151,1625,46470.828065345864,0.001943575061293501,0.04553283984160458,100.19435750612935,9982.537897513797,31.11320204960449,0
dodo-k500000000000000000,201,10000,179.8422070995424,-180.57904218110542,180.57904218110542,-0.7368350815630151,74043.32948880206,12968.500224221749,0.8509570449559155,5540,1506,52888.73489067787,0.0012053282916475894,0.08676165172548807,100.12053282916476,9999.50504116417,172.37792516449392,0
dodo-k500000000000000000,202,10000,294.3993497810603,-294.12741600181135,294.12741600181135,0.2719337792489682,118739.11722842908,19732.07079556847,0.8575005307808232,9340,2353,83106.6513388374,-0.0015347171921195014,0.06381470596667199,99.84652828078805,9993.57735506592,72.30082144211484,0
dodo-k500000000000000000,203,10000,652.6771758736124,-652.4562671765466,652.4562671765466,0.2209086970658518,135110.26294989593,12385.850007993175,0.9160259225846217,6041,2451,107535.76026193143,-0.0006843407741905594,0.12065059320721332,99.93156592258094,9993.83502294764,57.902198364854954,0
dodo-k500000000000000000,204,10000,633.4416759794976,-632.9460534987339,632.9460534987339,0.49562248076369997,223924.4171421247,40884.93487399615,0.8456061518873125,11724,3578,160614.29953024484,-0.0006602539560417142,0.05773944597614388,99.93397460439583,9997.186266344585,131.48932780081054,0
dodo-k500000000000000000,205,10000,195.28652425075566,-195.2506734892153,195.2506734892153,0.0358507615403596,93542.09076209133,8912.958374339538,0.9130061578276061,6634,1832,67426.98747070387,-0.0002135227952214791,0.02606425949887182,99.97864772047785,9998.605414344258,107.1066617850174,0
dodo-k500000000000000000,206,10000,666.2277713901822,-666.2137744691368,666.2137744691368,0.013996921045418276,189638.39517820027,19339.534855519665,0.9074565680098415,8278,3146,144978.8825456118,0.0016892737104807053,0.06670646120893138,100.16892737104807,9984.858436149734,79.35603674676747,0
dodo-k500000000000000000,207,10000,263.7569112613914,-263.69935025411013,263.69935025411013,0.05756100728126512,113167.88432759434,24186.581132532145,0.8239112135778838,7172,2266,82930.50016752524,-0.0013691821793385373,0.046944563759162034,99.86308178206615,10010.518505152953,90.7594439157596,0
dodo-k500000000000000000,208,10000,258.38955530935993,-258.3993887714896,258.3993887714896,-0.009833462129677173,94306.74691653845,11979.817759776151,0.8872875626730479,5493,1889,72992.97804449558,0.0007198239438963583,0.04160904753055263,100.07198239438964,9993.41533794944,86.60562109209545,0
dodo-k500000000000000000,209,10000,411.24780533890635,-411.24255030638267,411.24255030638267,0.005255032523677983,165065.68954810183,27313.39739611156,0.8580230427851444,9318,3021,120510.39787402637,0.0000021854998192338827,0.06800401549848104,100.00021854998192,9999.794950334963,98.00199013650169,0
dodo-k500000000000000000,210,10000,248.7241992168275,-248.72904471105292,248.72904471105292,-0.004845494225435232,107242.48928270205,6914.173446188919,0.9394325895580069,6721,2095,79980.98591679252,-0.0010693709252318228,0.028023096693690946,99.89306290747682,10011.449342716645,102.27583272581126,0
dodo-k500000000000000000,211,10000,208.0571383384913,-207.9381871372928,207.9381871372928,0.11895120119851299,79424.44838506117,10814.931250828442,0.8801528634786052,5002,1517,58606.03923485351,-0.0009551691834505505,0.049852552176997446,99.90448308165494,10001.307869936614,129.21013403521889,0
dodo-k500000000000000000,212,10000,822.6484252615779,-823.4356615082361,823.4356615082361,-0.7872362466581535,267765.81334768573,27192.13402253883,0.9078101327156041,10727,3494,197669.73143618362,-0.0026876188478635755,0.036654228134472645,99.73123811521364,10032.641117500358,284.2480316052466,0
dodo-k500000000000000000,213,10000,359.2395111015658,-359.06952204434367,359.06952204434367,0.1699890572221534,158180.76630306247,24090.041150345245,0.8678337936451883,11262,2678,108216.44394509472,0.002034288875435095,0.03846754962301731,100.20342888754351,9978.78900673494,69.24468368883747,0
dodo-k500000000000000000,214,10000,535.1672674788227,-535.027874036389,535.027874036389,0.13939344243374308,192422.2857578786,41888.046461369035,0.8212283424950558,9174,3210,141295.8766042595,0.00019302906161755117,0.055562476962819005,100.01930290616176,9993.118962438572,109.72608520405835,0
dodo-k500000000000000000,215,10000,173.75704363523906,-173.6892698070801,173.6892698070801,0.06777382815894839,67956.77681535276,9086.323059926131,0.8820618189735938,4018,1378,52342.85159823945,-0.0011005839624002077,0.0334243709120301,99.88994160375998,10002.953939950747,96.90540235547302,0
dodo-k500000000000000000,216,10000,102.08432447591754,-102.07318569461185,102.07318569461185,0.01113878130568935,57992.336912924606,10066.997834626043,0.8520849803782671,5080,1239,40441.15629852564,-0.0004000805599655166,0.024575016494317765,99.95999194400345,10002.863017937709,114.76331468946934,0
dodo-k500000000000000000,217,10000,334.97182094308386,-334.809817817119,334.809817817119,0.16200312596487265,152009.5328889742,52781.23809834949,0.7422674965093199,7893,2465,109032.38273685933,0.00028713260333319113,0.039343770775270744,100.02871326033332,9972.199619591685,328.77473811409266,0
dodo-k500000000000000000,218,10000,338.4494359640628,-338.454935266861,338.454935266861,-0.005499302798227745,159646.61394523125,21654.891286987226,0.8805586789847621,10313,2895,110808.10065681218,0.0007450185819112676,0.028114978122667934,100.07450185819113,9986.601461354505,112.78941581322782,0
dodo-k500000000000000000,219,10000,287.347392692235,-287.5501485018842,287.5501485018842,-0.20275580964920437,112259.03038784873,11684.362128968865,0.9057282369660534,8835,2173,78379.38739690851,0.0010893060986499848,0.06154972931406775,100.108930609865,9998.500349731348,110.29641023208549,0
dodo-k500000000000000000,220,10000,363.5384598916374,-363.50191755016937,363.50191755016937,0.03654234146802082,157948.81210560014,30647.23915195263,0.8374979807498737,9233,2866,113609.70296873008,0.0011658745587165243,0.030747992996604835,100.11658745587165,9984.364680467887,98.7563300744678,0
dodo-k500000000000000000,221,10000,87.27158966555231,-87.35300456730158,87.35300456730158,-0.08141490174926957,49311.86877239829,8904.637328071682,0.8470427388290175,4499,1049,33415.13048093175,0.0009733477133458734,0.02862645247095969,100.09733477133459,10002.838670225738,111.41168931313693,0
dodo-k500000000000000000,222,10000,138.59998031435023,-138.603195825474,138.603195825474,-0.003215511123755732,74972.9056523816,9413.45818162547,0.8884481123023349,6180,1517,52049.60190000317,-0.0011914413732166907,0.02903461828185854,99.88085586267833,10006.905233891817,128.64247561923003,0
dodo-k500000000000000000,223,10000,417.368194228879,-417.32711499211473,417.32711499211473,0.04107923676428982,121999.89362485072,12658.854446442243,0.9059930778523189,5685,2090,96016.3913094475,-0.0006993271450926386,0.03596474363658686,99.93006728549074,10003.32598005442,117.63821917798023,0
dodo-k500000000000000000,224,10000,606.9539987528527,-607.0010699428317,607.0010699428317,-0.04707118997896487,197340.39451402926,52227.729453390006,0.7907275631874836,9811,3253,142237.1334122,0.0046967698079033934,0.051915800429972736,100.46967698079034,9987.960177498153,87.56235304753778,0
dodo-k500000000000000000,225,10000,106.33950790926161,-106.35392150274927,106.35392150274927,-0.014413593487660137,58623.956889633366,13096.040397118048,0.817400433734578,4614,1206,40877.808569938905,-0.00011093907793991775,0.03103851615984695,99.98890609220601,10002.772190616073,138.8464263594924,0
dodo-k500000000000000000,226,10000,178.5615872560515,-178.6456801009445,178.6456801009445,-0.08409284489300717,99703.71335314619,13021.829207953964,0.8844820001563017,8540,1857,66795.40628916681,-0.0004366956765542795,0.023520399073864412,99.95633043234457,10015.027088108673,174.5364242223458,0
dodo-k500000000000000000,227,10000,143.19450337097322,-143.11520787847147,143.11520787847147,0.07929549250175683,66461.50963756624,14507.710920784,0.8208243722646551,4961,1424,47726.10944172963,-0.0009510753933983551,0.029114231949432252,99.90489246066016,9993.578411732115,60.317391349748426,0
dodo-k500000000000000000,228,10000,529.7913670560897,-529.3604720865637,529.3604720865637,0.43089496952597983,172228.48272616824,24020.46348480738,0.8776020766043533,9805,3032,124731.62505745025,-0.0023374897362548096,0.07782725984564592,99.76625102637452,9992.76442451515,73.84290400801531,0
dodo-k500000000000000000,229,10000,567.4448401391381,-567.0431209478911,567.0431209478911,0.40171919124702526,214318.10054524738,40868.94655923988,0.8398470963829683,11531,3412,151089.2552648158,-0.002147177348679179,0.06468594063051797,99.78528226513208,9984.66145770852,117.3265333682859,0
dodo-k500000000000000000,230,10000,437.66185890308236,-437.47901502229166,437.47901502229166,0.18284388079069913,159435.4451249669,36364.67303163733,0.8142765521594209,8404,2653,118622.10507828527,0.003894053764835945,0.04758978765701542,100.3894053764836,9958.210597606232,105.4279823870154,0
dodo-k500000000000000000,231,10000,400.4787869652467,-400.5091233726358,400.5091233726358,-0.030336407389143005,125104.95811463952,10036.22103018656,0.9257352859158414,5848,2253,98710.28438391173,0.0002195814898415449,0.04711802080300899,100.02195814898415,9998.050869844603,102.69018879406573,0
dodo-k500000000000000000,232,10000,402.49832530805566,-402.32465947198693,402.32465947198693,0.17366583606872155,106074.88501823891,8237.163162393263,0.9279414261795295,4283,1866,88534.26985582069,-0.0058738549356966985,0.03994889094660252,99.41261450643033,10057.218076371346,95.87193177792206,0
dodo-k500000000000000000,233,10000,397.83111401920013,-397.9903867807974,397.9903867807974,-0.1592727615972649,147943.5903702625,32428.53204226847,0.8202131703695273,7793,2616,109541.66087360603,0.002108136119588124,0.05411369832375328,100.21081361195881,9995.995014676626,79.76077115787699,0
dodo-k500000000000000000,234,10000,135.45829806049807,-135.38844832447282,135.38844832447282,0.06984973602524747,87056.09790011845,22088.31548566018,0.7976230317204833,6838,1809,59492.90582044097,0.002569376637995049,0.027440844519108793,100.2569376637995,9966.46990476813,132.19781396251048,0
dodo-k500000000000000000,235,10000,786.8848480330283,-786.8078732944687,786.8078732944687,0.07697473855967019,185911.99193077988,36584.63524594645,0.8355721805306842,9073,3288,141763.80575587772,-0.001810969483036331,0.11614219089733212,99.81890305169637,9987.78373975396,70.6910179816114,0
dodo-k500000000000000000,236,10000,182.12596030184193,-182.19607212149688,182.19607212149688,-0.07011181965495439,71238.58245624993,15216.065119317342,0.8239994546734175,5065,1517,52846.1431282868,0.001992250426697666,0.04528429505713433,100.19922504266977,9996.775881996049,67.21480809917236,0
dodo-k500000000000000000,237,10000,380.8274543777331,-380.68757797391856,380.68757797391856,0.13987640381452593,114916.24030334728,23590.42969490073,0.8296801901655774,5623,2099,89086.08771755299,-0.0003365430259573543,0.07512167619390824,99.96634569740426,9997.690919410912,92.4113136470382,0
dodo-k500000000000000000,238,10000,241.4188355053099,-241.2001112387745,241.2001112387745,0.21872426653538923,118072.47841422414,29111.67448972368,0.8022091786693781,9756,2323,77869.61684413071,-0.00063825949685679,0.0572573339711262,99.93617405031432,9989.936827529315,42.80061201675412,0
dodo-k500000000000000000,239,10000,427.3307835392213,-427.18121579208645,427.18121579208645,0.14956774713482446,127156.2809055222,34222.82474368239,0.7879352187136683,7826,2348,91486.95161492097,0.0007909147854826415,0.09404398836223819,100.07909147854826,9997.918172935437,74.2257792015887,0
dodo-k500000000000000000,240,10000,1154.9922414902157,-1154.9984222560258,1154.9984222560258,-0.006180765810086086,271212.60924311244,33725.0407893104,0.8894034869563514,11803,4053,199810.42264406921,-0.00007465523815625375,0.19318546586422358,99.99253447618437,10002.541596625852,94.64523357043299,0
dodo-k500000000000000000,241,10000,238.09643911064595,-238.0629555559979,238.0629555559979,0.033483554648057634,85200.41403310676,10784.708108941039,0.887641877529928,5003,1571,64317.12686121906,-0.0001995246045758847,0.07098889523901945,99.98004753954241,10003.120527962386,152.4143206434038,0
dodo-k500000000000000000,242,10000,292.79968515692866,-292.8012067446486,292.8012067446486,-0.001521587719935269,124277.2764733782,11510.774039409293,0.9152298453660671,7907,2390,91494.36497393993,0.00016279236052497482,0.0484153619120444,100.0162792360525,9998.42046148931,98.9583810440994,0
dodo-k500000000000000000,243,10000,230.90354696217602,-230.9068629528645,230.9068629528645,-0.003315990688463444,128121.65705065115,17090.913014291214,0.8823041765141423,8978,2039,84693.7447374108,-0.0011839566211773445,0.04488870791403769,99.88160433788227,9997.467616750477,207.80799920429928,0
dodo-k500000000000000000,244,10000,189.25810168854096,-189.17253254637615,189.17253254637615,0.0855691421648146,89367.96864773966,12075.044608564014,0.8809672128128186,6722,1762,64086.52523149461,-0.00038785943464816344,0.04595600413399623,99.96121405653518,9995.660889054221,165.48230014142715,0
dodo-k500000000000000000,245,10000,390.367727461113,-390.22238072496896,390.22238072496896,0.14534673614406302,121075.2078231008,14563.290021768851,0.8926315887217732,6329,2234,93005.58191118244,-0.000671172109933309,0.08426177254440645,99.93288278900667,9998.614478252244,65.46384509427882,0
dodo-k500000000000000000,246,10000,90.49357882781787,-90.52385438085159,90.52385438085159,-0.030275553033717983,46714.75579701596,10880.75689269054,0.811083253111919,3997,1022,33326.000204698976,0.0011995459940257547,0.03195796333594316,100.11995459940258,9995.1520678624,100.37268906431748,0
dodo-k500000000000000000,247,10000,506.5037260587335,-504.0509557183436,504.0509557183436,2.452770340389918,146804.84332280498,6812.472293158571,0.95565296616568,9040,2615,106734.27786629242,-0.02070314564792838,0.15685805731915395,97.92968543520716,10244.13487218822,116.00465957405977,0
dodo-k500000000000000000,248,10000,514.2806064727947,-514.5881708074983,514.5881708074983,-0.3075643347035566,165758.46942577825,37823.072085306,0.814211682431697,7529,2578,125943.61765211621,-0.0014609011445767806,0.0906538727198722,99.85390988554232,10020.209404463447,182.14330186882077,0
dodo-k500000000000000000,249,10000,496.62567903503975,-496.0975462502232,496.0975462502232,0.5281327848165347,123185.939118426,22504.480415894614,0.8455321874435732,5819,2231,96422.87597308983,-0.0023106461584974625,0.11126924883866565,99.76893538415025,9987.571608882588,73.0803811305613,0
dodo-k500000000000000000,250,10000,599.0231992623884,-598.8729887807366,598.8729887807366,0.15021048165181128,160970.63810984645,19839.786726490503,0.8902729931393681,6987,2625,127645.32447040449,0.000867967186227645,0.06672769562444443,100.08679671862276,10005.079600339666,90.4898072281145,0
dodo-k500000000000000000,251,10000,623.6829952055878,-623.796296459138,623.796296459138,-0.11330125355027576,150313.2795585236,10372.363715772894,0.9354493437969011,6332,2486,120626.75637323638,-0.0011478938220633949,0.06619482836041585,99.88521061779366,10015.421839701561,105.52670585095511,0
dodo-k500000000000000000,252,10000,339.08339074398503,-339.3581269674377,339.3581269674377,-0.2747362234526918,154924.02797043804,19586.565521314962,0.887762885166965,11389,2609,104202.9285097562,0.00013190620886433636,0.07236806208286282,100.01319062088643,10005.779387472996,146.94629569126272,0
dodo-k500000000000000000,253,10000,176.2294953237758,-176.22874602707327,176.22874602707327,0.0007492967025370945,95586.1070657631,15244.345621399447,0.8624534570437138,8252,1880,63877.4135817763,-0.00039496141849497233,0.025044264701747494,99.9605038581505,10003.260785813693,89.36704191664047,0
dodo-k500000000000000000,254,10000,311.6397286638343,-311.58101999569317,311.58101999569317,0.05870866814115061,99564.16579268084,26651.879761140477,0.788839211019525,5350,1950,77201.99451187158,0.00036844075583047697,0.04792460926369685,100.03684407558305,9986.877290915394,78.18074559021296,0
dodo-k500000000000000000,255,10000,387.4634794611751,-387.4598277988864,387.4598277988864,0.0036516622886892947,154868.39357494476,23997.14020417204,0.8658369798968292,9897,2811,110384.53887271835,0.0014729768834024525,0.07334732368181364,100.14729768834025,9987.429668880704,101.52218870979752,0
dodo-k500000000000000000,256,10000,634.1048699256299,-633.9810797799252,633.9810797799252,0.1237901457047883,200887.40187206067,37263.81654890944,0.8435287596008023,10581,3268,146229.05845735644,-0.0039250116071185915,0.10153553564612608,99.60749883928814,10036.379051271513,101.36543166143167,0
dodo-k500000000000000000,257,10000,352.1558911183243,-352.14249295184123,352.14249295184123,0.013398166483057139,159680.10277561742,13954.675064277311,0.9196320274205398,11202,2869,110324.99553005384,0.0009004546710892214,0.048073038855581555,100.09004546710892,9991.706589350084,103.93354410602677,0
dodo-k500000000000000000,258,10000,524.654596682347,-524.4920433283509,524.4920433283509,0.16255335399614523,162461.6997463731,55599.2669021764,0.7450287974198236,7565,2765,120950.9620635665,-0.002149928315112959,0.05356452148579635,99.7850071684887,9986.169130151546,78.2283451972868,0
dodo-k500000000000000000,259,10000,261.6552120994896,-261.6866914872452,261.6866914872452,-0.03147938775560988,113881.98210860508,12229.773431672922,0.9030243185555613,7645,1961,80400.45761858512,-0.000013637341771755018,0.05471875258474071,99.99863626582282,9998.710176518609,108.29608654382311,0
dodo-k500000000000000000,260,10000,364.7198231307634,-364.662079049999,364.662079049999,0.05774408076439386,143211.559691595,13302.413340436839,0.9150081421949822,9568,2584,103219.03186598318,-0.00017985497820404816,0.04649230879579278,99.9820145021796,10001.572491923687,109.49047363123745,0
dodo-k500000000000000000,261,10000,306.0572759355055,-306.02230320761714,306.02230320761714,0.034972727888373356,96175.99976144981,31140.33606346681,0.7554097370011458,5139,1959,73653.11416872815,-0.0018261978755724328,0.07005508411337416,99.81738021244276,10011.56850453166,50.65810344203464,0
dodo-k500000000000000000,262,10000,329.02994557178334,-329.0110010275509,329.0110010275509,0.018944544232454064,138307.40414183916,23340.1472752498,0.8556108826231046,9969,2594,94781.1816782408,0.0019417851840603361,0.0663494330454705,100.19417851840603,9978.933768347306,106.52284600287264,0
dodo-k500000000000000000,263,10000,255.61568196294743,-255.61656081872172,255.61656081872172,-0.0008788557742889225,91268.40617463746,20007.53042109275,0.8201989483693956,4315,1682,71146.24711083331,-0.001161312427737613,0.040639249807419446,99.88386875722624,10019.909942088965,139.7420681636363,0
dodo-k500000000000000000,264,10000,181.09024658632842,-181.06326658030935,181.06326658030935,0.026980006019073244,106988.71810038926,14751.198143480458,0.8788302259553816,8530,1922,71760.35824885865,0.0009059053195259992,0.03080284364891213,100.0905905319526,10015.23570515083,277.5065921963876,0
dodo-k500000000000000000,265,10000,335.77815772957564,-335.7181317339848,335.7181317339848,0.06002599559082,134347.60552672978,14340.326934210407,0.9035541977290084,9425,2562,95865.31239777463,-0.0014448316997892618,0.04687687160753384,99.85551683002107,10003.664989312043,87.13095896679536,0
dodo-k500000000000000000,266,10000,342.7368278062972,-342.71157958840803,342.71157958840803,0.025248217889156876,107073.38081527434,14798.868329910174,0.8785706472662164,4878,1959,86726.99353556226,0.000282650801489126,0.04051209797746679,100.02826508014891,9998.090192494063,104.78263269803747,0
dodo-k500000000000000000,267,10000,1098.3400358538413,-1098.3536388961447,1098.3536388961447,-0.013603042303429902,256040.77349007814,15843.021472015878,0.9417287026090515,10482,3777,194140.93809636965,0.00003391769192489846,0.0918530333258775,100.00339176919249,9999.879843606812,101.65458535084109,0
dodo-k500000000000000000,268,10000,365.48824141302305,-365.4540859706936,365.4540859706936,0.03415544232944967,124664.21950895754,8985.609967116665,0.9327675164095496,6637,2082,93681.79093187672,-0.00014859281961776105,0.06152253536696819,99.98514071803822,10010.029070428342,119.34976369164225,0
dodo-k500000000000000000,269,10000,114.66673698149621,-114.64578846820649,114.64578846820649,0.020948513289724247,65008.11710310847,16340.074900034731,0.7991341356498327,5173,1425,45480.1423026836,0.0006063953080131057,0.026155280722520047,100.06063953080131,9995.76514636519,82.89332654495395,0
dodo-k500000000000000000,270,10000,520.7860061433687,-520.7323355980282,520.7323355980282,0.0536705453405375,155396.68418511702,30484.6617823242,0.8359993488122048,8048,2836,117625.15903175452,-0.0021515240629254606,0.08511703101719917,99.78484759370745,10005.004479355766,61.016651922615246,0
dodo-k500000000000000000,271,10000,644.7157816804767,-644.5774904295096,644.5774904295096,0.13829125096708594,224011.59124718938,75625.86946531977,0.747608762651076,10428,3514,161680.38332362304,-0.0006841260416108241,0.041768204445153,99.93158739583892,10007.126306928672,72.2700787258984,0
dodo-k500000000000000000,272,10000,115.49294271776786,-115.54319721592147,115.54319721592147,-0.050254498153606164,50069.035314361834,8542.67427953395,0.8542496996125217,4196,1182,36132.939788338575,0.004449115007452918,0.06887706224661258,100.44491150074529,9985.760553277389,30.13487132994103,0
dodo-k500000000000000000,273,10000,507.69396072529963,-507.2771656997632,507.2771656997632,0.41679502553643033,108157.49782448016,47057.88959962819,0.6968220072727206,5566,2374,83858.68696928567,0.0030481157397836967,0.6508996768746484,100.30481157397837,9975.422985528969,18.907137590054095,0
dodo-k500000000000000000,274,10000,455.2457830013705,-455.1578447302639,455.1578447302639,0.08793827110662278,102194.3828806074,3791.4165375950697,0.9642271270452492,6351,1911,78747.19497259478,0.004300328323509319,0.14950735695128187,100.43003283235093,9964.309708361938,86.94610444573428,0
dodo-k500000000000000000,275,10000,199.85512738681547,-200.1594339503093,200.1594339503093,-0.30430656349383867,104869.79459354685,24527.030015655204,0.8104510671747122,8906,2077,69612.03681248678,0.0014292822909698088,0.0699024171012067,100.14292822909698,9992.177440157755,66.29636097997468,0
dodo-k500000000000000000,276,10000,559.093782567649,-559.304263748698,559.304263748698,-0.2104811810489764,199363.9565768825,51995.18822816099,0.7931438370046614,10207,3357,145822.16570281904,0.00041261792148915787,0.06270224142817923,100.04126179214892,10031.26157680335,138.11822407017874,0
dodo-k500000000000000000,277,10000,415.905339145619,-415.79497070967466,415.79497070967466,0.11036843594433776,170883.44794829137,17886.825211677202,0.9052455404537161,10939,2861,119957.5920542617,-0.0019035748512359874,0.036715591226122515,99.8096425148764,10018.028591198105,142.15299267750655,0
dodo-k500000000000000000,278,10000,550.5488702592291,-550.483205576224,550.483205576224,0.06566468300513861,210457.27073006754,33714.84738477589,0.8619217966200444,11285,3366,150217.59486043107,-0.0009545792268681908,0.05798557385944434,99.90454207731318,10028.282684537073,149.28264857405574,0
dodo-k500000000000000000,279,10000,665.1098002936751,-665.1538329784357,665.1538329784357,-0.04403268476062294,205530.73647436695,57410.29393394743,0.7816609532380836,10729,3538,148726.9683147115,-0.0002885568941805161,0.0691419111694715,99.97114431058195,10009.646439794933,61.750290027930994,0
dodo-k500000000000000000,280,10000,246.23585952230826,-246.2050319621582,246.2050319621582,0.030827560150072486,106214.73767301506,16422.38435804113,0.8660896139271567,6678,1891,77515.34757275069,0.0001389969022926607,0.03383125347159563,100.01389969022927,10006.112751784993,169.94488864631452,0
dodo-k500000000000000000,281,10000,276.9423895222957,-277.06694923171756,277.06694923171756,-0.12455970942187378,109243.27268972623,14000.24777123171,0.8864017538701614,6288,2031,83331.5999913732,-0.0003785588274358531,0.0324543620590606,99.96214411725641,10014.412913573415,116.82539784415584,0
dodo-k500000000000000000,282,10000,237.9828513091647,-237.95922196392624,237.95922196392624,0.023629345238447286,101794.92521673719,17976.768311421256,0.8499080393549341,7308,2053,72285.0809972788,-0.0014997782488214283,0.055596799724662846,99.85002217511786,10015.301397890467,71.85428895294675,0
dodo-k500000000000000000,283,10000,198.73743896166368,-198.73179726055005,198.73179726055005,0.005641701113631825,78620.66492906948,17307.510311725182,0.8195784474344411,5313,1705,58330.51032820171,-0.0004545593402167469,0.056250775620832055,99.95454406597833,9998.491709034364,59.544311072851286,0
dodo-k500000000000000000,284,10000,1121.8364663507145,-1121.5350110266827,1121.5350110266827,0.30145532403184916,260199.528728036,44458.3993076413,0.8540710901754871,10809,3946,194556.18956325276,-0.004242801317677447,0.16144166658117726,99.57571986823226,10035.404832915036,104.0632719251634,0
dodo-k500000000000000000,285,10000,255.46468934606528,-255.4241623323913,255.4241623323913,0.04052701367399436,136594.1534918685,15711.852058656501,0.8968402329122579,10849,2617,92612.57779173572,-0.0007546582573513661,0.03290909802366613,99.92453417426486,10003.244583552978,100.77628519878832,0
dodo-k500000000000000000,286,10000,355.65658991931934,-355.79636486058297,355.79636486058297,-0.13977494126362444,124502.35121406853,13606.306628362927,0.9014811465050483,9486,2436,87769.7943162274,0.003029056484128745,0.07086845772870078,100.30290564841287,9984.986307592266,77.88995752428121,0
dodo-k500000000000000000,287,10000,355.7341042751532,-355.66073512107187,355.66073512107187,0.07336915408131972,150281.9482743352,28812.00614347036,0.8391235134813358,9683,2704,106098.64150683275,-0.0014882610851404366,0.05672948147232148,99.85117389148596,10007.481707757912,115.90317231086996,0
dodo-k500000000000000000,288,10000,674.3053786943162,-674.1405728151484,674.1405728151484,0.16480587916782952,202628.00638191667,60859.28584224521,0.7690238290867205,9078,3279,151363.4905621577,-0.005509025852769156,0.06808723347526452,99.44909741472308,10037.943488548426,95.42736206669963,0
dodo-k500000000000000000,289,10000,190.01880133826984,-189.99279134131686,189.99279134131686,0.02600999695297901,81104.93946694717,15248.703400768982,0.8417423260093662,6643,1788,57714.86433754402,0.0022540715742077567,0.04959265697474507,100.22540715742078,9991.476220922916,57.840803254481386,0
dodo-k500000000000000000,290,10000,450.5346754935345,-450.6003567770347,450.6003567770347,-0.06568128350016877,155407.1859588402,38673.03540152845,0.8007368544282508,8411,2787,114550.600194579,-0.0009799417092736461,0.09917583476739096,99.90200582907264,9982.614402781122,86.58954499298352,0
dodo-k500000000000000000,291,10000,495.98880893218194,-496.1242387044076,496.1242387044076,-0.13542977222567743,195618.41430815385,35479.90617303562,0.8464726783857196,11028,3146,137812.9287107505,0.0002520928082056173,0.054567634066773535,100.02520928082056,10007.724465983565,153.01921293116803,0
dodo-k500000000000000000,292,10000,725.447921557969,-726.1776091433455,726.1776091433455,-0.7296875853764959,252200.73441263993,25573.05184225481,0.9079356904514089,10936,3356,184761.50811903577,-0.0036104034275527396,0.06488702381126103,99.63895965724473,10186.936568186731,493.09013499152775,0
dodo-k500000000000000000,293,10000,107.49714508621946,-107.47151966016213,107.47151966016213,0.025625426057331424,56569.35528130373,14843.893791812212,0.7921408984400864,4394,1244,41417.384963927376,0.0008207908668590847,0.02815457655742094,100.08207908668591,9988.940430466047,103.97254062375309,0
dodo-k500000000000000000,294,10000,338.76605986894975,-338.6264290718618,338.6264290718618,0.13963079708793202,147908.14572933473,37502.61509407678,0.7977322625314346,10760,2781,101773.19740420594,-0.0022787714681847147,0.06686520613483551,99.77212285318153,10001.837335739772,61.9183229772161,0
dodo-k500000000000000000,295,10000,306.1295488375174,-306.1408625814036,306.1408625814036,-0.01131374388620543,97140.99229892998,15333.387760224912,0.8636721735904617,4703,1794,78125.05510056682,-0.0006679442014404913,0.04802295626061593,99.93320557985595,10001.798553669872,105.5472614564718,0
dodo-k500000000000000000,296,10000,330.575609096308,-330.575746035403,330.575746035403,-0.0001369390949435001,145212.93838619653,14785.27515555478,0.9075909984976389,9984,2792,103755.70886548303,0.0004783803805226228,0.0625399914552068,100.04783803805226,9995.485414633302,100.7854773452055,0
dodo-k500000000000000000,297,10000,163.92571859793327,-163.8676229890613,163.8676229890613,0.058095608871980176,81134.87888154092,16505.65930585497,0.8309548512096829,6603,1740,56877.575269439585,-0.00028461746033272564,0.04800031226115209,99.97153825396673,10000.705129815442,65.1742623323321,0
dodo-k500000000000000000,298,10000,553.0046005143047,-552.8309958598651,552.8309958598651,0.17360465443960038,139480.531472175,9452.570362588734,0.9365314342739195,6597,2325,108770.69233235644,-0.00046125054634657656,0.0694079457641621,99.95387494536534,10008.797945811471,126.87282753788942,0
dodo-k500000000000000000,299,10000,553.8647258368472,-553.9699301432829,553.9699301432829,-0.1052043064356667,206718.29877912576,44679.02919693043,0.8222772311995862,11623,3568,146193.41893094277,0.00067999390533231,0.0650541218375389,100.06799939053323,10007.839164799918,75.61270530574372,0
dodo-k500000000000000000,300,10000,371.0365800669728,-371.0538198035986,371.0538198035986,-0.01723973662581102,165885.54170296594,11187.334479997393,0.9368207332418438,10838,2966,116839.96971822708,-0.0008358741066022902,0.0355689697874412,99.91641258933977,10010.458867707894,102.79312941173237,0
dodo-k500000000000000000,301,10000,440.56135351037085,-440.5126221911525,440.5126221911525,0.048731319218347835,128210.21710681824,29279.78451971792,0.8140848040045708,6731,2406,99156.56910379573,0.0008678061901673573,0.08954621201971037,100.08678061901674,10000.141753969396,63.168482125548095,0
dodo-k500000000000000000,302,10000,495.83885019821025,-495.8078689059656,495.8078689059656,0.03098129224463264,157463.59256043384,28452.81481159,0.8469590972965869,7730,2745,120167.71167751824,0.00010647990204830649,0.052930327264468106,100.01064799020483,9998.164255254882,101.9797741604915,0
dodo-k500000000000000000,303,10000,749.8170528347358,-749.890821146862,749.890821146862,-0.07376831212616253,205482.34311084673,11598.825562278018,0.9465691767131436,9435,3247,156401.41367676412,-0.002882826976033357,0.07267233652459623,99.71171730239666,10027.833187374292,99.98327419905475,0
dodo-k500000000000000000,304,10000,199.90808352790887,-199.9932462222859,199.9932462222859,-0.08516269437703272,99237.54074584322,12377.11020621982,0.8891085525005529,8570,1971,67892.55707938291,-0.0003927194737690343,0.03654996170800317,99.9607280526231,10005.623554648439,80.1618422792759,0
dodo-k500000000000000000,305,10000,125.64219207153134,-125.68825335593344,125.68825335593344,-0.0460612844021,62283.15936538134,7169.639025774103,0.896769616317042,4086,1264,45688.4479235761,0.00012238050722473303,0.02945175801983126,100.01223805072247,10000.826980158903,120.98806606627531,0
dodo-k500000000000000000,306,10000,441.67426956922793,-441.66285238899025,441.66285238899025,0.011417180237685898,163076.29825815445,55165.716093117444,0.7472268744535808,8701,2997,119778.72979348166,-0.0001925374999686369,0.054633310340490765,99.98074625000314,10000.19279632763,88.33883802758481,0
dodo-k500000000000000000,307,10000,565.9999061155337,-565.7669297882098,565.7669297882098,0.2329763273238541,110510.99013638985,8996.390168112888,0.9247210494850591,4560,2003,92266.46753774422,-0.0011544710692352566,0.09281330550794124,99.88455289307647,9985.939935190467,35.262454488288526,0
dodo-k500000000000000000,308,10000,287.90939738387186,-287.54727152827786,287.54727152827786,0.3621258555940017,115374.54386805733,33269.0931898256,0.7761821908537506,7319,2210,82672.77465792211,-0.0010673779834770869,0.07194352327070916,99.89326220165229,9994.68496150301,71.39019780118406,0
dodo-k500000000000000000,309,10000,202.25335646956293,-202.23662525411137,202.23662525411137,0.01673121545155709,73273.45069010308,11031.172519297332,0.8691510370445816,5209,1554,54513.08620063838,0.001160965522292514,0.06859955044598749,100.11609655222925,9988.427624721266,74.06469152766799,0
dodo-k500000000000000000,310,10000,433.15221984992303,-433.5772688105246,433.5772688105246,-0.4250489606015435,172114.90504071207,35602.48591343396,0.8286013234140166,10474,3048,120119.15158784382,0.0019614413411864007,0.06034146277313724,100.19614413411864,10001.87857671671,83.06030370845933,0
dodo-k500000000000000000,311,10000,534.5370856765054,-534.7306597772231,534.7306597772231,-0.193574100717683,205514.72620309703,29026.67910273703,0.87624070442962,11094,3269,149178.71516374816,0.0009017795219482138,0.039759794741487296,100.09017795219482,10001.796501407896,120.39333735672653,0
dodo-k500000000000000000,312,10000,336.45977535272095,-336.40735023421803,336.40735023421803,0.052425118502924306,140466.40640967214,8013.871014684931,0.9460273704110798,9633,2549,99628.71334179625,0.00020986498553270393,0.0592648393682434,100.02098649855327,9989.787933257985,128.03620268275165,0
dodo-k500000000000000000,313,10000,443.96722105882105,-444.02661694680717,444.02661694680717,-0.059395887986113394,158895.31526065673,35626.489527305916,0.8168509203061304,7492,2847,119943.59212128751,-0.001227956506692891,0.04829718203084951,99.87720434933071,10014.10490896794,109.12406973599073,0
dodo-k500000000000000000,314,10000,365.9776825289626,-365.9531891188397,365.9531891188397,0.024493410122886417,124426.76513430219,24686.941426644313,0.8344421717090498,7742,2433,91973.99422438399,0.000329365669736319,0.07535196073070267,100.03293656697363,9998.230275629572,45.73847996385439,0
dodo-k500000000000000000,315,10000,613.0184795165612,-613.6336139789936,613.6336139789936,-0.6151344624323656,209412.95166235263,41404.862032884834,0.834920568747183,11296,3291,148795.21585863375,0.0006165200811366845,0.10749113301867454,100.06165200811367,9995.467216766494,216.21833919433251,0
dodo-k500000000000000000,316,10000,344.27823288501537,-343.94051692292584,343.94051692292584,0.3377159620895327,98268.18493600441,40226.25935476576,0.7095460430866786,5556,2125,74367.87068787392,0.000316951595723225,0.13579476216902278,100.03169515957232,9978.689997285956,30.169280603748007,0
dodo-k500000000000000000,317,10000,238.49564684279235,-238.550610341847,238.550610341847,-0.05496349905465081,130233.32461443401,16023.388244321535,0.8904433996147869,10349,2410,87107.98008476188,0.0005880803897629505,0.030579764713628207,100.0588080389763,10001.40707279906,94.60567878562699,0
dodo-k500000000000000000,318,10000,742.6584689298493,-743.1246621343806,743.1246621343806,-0.4661932045313506,182156.3293891594,14399.729365673105,0.9267398346461856,9596,3093,135026.6911780099,0.005458772894470911,0.09808404921389595,100.54587728944709,9997.544268095038,73.23341597513519,0
dodo-k500000000000000000,319,10000,333.9454030384684,-334.1153037787561,334.1153037787561,-0.1699007402876873,124602.09852749019,19252.115165293268,0.8661692649030894,7499,2331,91364.45621813198,0.0031727298849395427,0.042306900876214255,100.31727298849395,9987.779337540273,80.54127455886922,0
dodo-k500000000000000000,320,10000,222.81692541584027,-222.8710686620374,222.8710686620374,-0.05414324619712829,82421.74621777696,15626.939639699609,0.8406206110460785,4166,1609,65782.06228974476,0.0006113607657263743,0.04436473687727215,100.06113607657264,9998.222125278737,119.30523616592417,0
dodo-k500000000000000000,321,10000,329.6228752189102,-329.76350305696485,329.76350305696485,-0.14062783805462686,140011.4131266901,20593.280071085588,0.8717765984227739,9943,2636,97172.16064916423,-0.0010084125232752684,0.04412270066549766,99.89915874767247,10015.9056131837,79.383797537046,0
dodo-k500000000000000000,322,10000,125.1249970284438,-125.06456290444925,125.06456290444925,0.060434123994554056,63495.99690184903,13023.952882437234,0.8297966357903731,4670,1367,45307.74072395621,-0.00017365273870694864,0.023362826992276098,99.9826347261293,9994.585064209698,89.50265190011257,0
dodo-k500000000000000000,323,10000,427.1785788754388,-427.36612553465926,427.36612553465926,-0.18754665922045888,136229.41944673262,23087.008783425357,0.8550870802220567,8041,2593,100522.22249678323,0.00188023085028874,0.07964200420920804,100.18802308502887,9992.423605507081,64.41284481911472,0
dodo-k500000000000000000,324,10000,113.76521893714106,-113.79602476283947,113.79602476283947,-0.030805825698408285,58845.98541085802,13715.813100613477,0.8109774925376869,4523,1268,42258.398398284415,0.0006249414237333895,0.03553342819923088,100.06249414237334,9994.686836742714,110.53762081098655,0
dodo-k500000000000000000,325,10000,431.7652811539131,-431.9053713368336,431.9053713368336,-0.14009018292045994,134453.84574687644,17947.496678267915,0.8822353111024381,6854,2428,102323.27864886331,0.0007156110950251104,0.07271592111567855,100.07156110950251,10002.282848172243,88.53201256206908,0
dodo-k500000000000000000,326,10000,95.82010562059558,-95.82384690630653,95.82384690630653,-0.003741285710944453,58670.298776976735,16521.56757472272,0.7802745379740224,4387,1224,41266.017027748145,-0.0008088299638836816,0.02461350285924837,99.91911700361163,10005.03709764393,107.76756774471322,0
dodo-k500000000000000000,327,10000,424.485684333149,-424.5154920874343,424.5154920874343,-0.029807754285343435,123333.0271050768,22018.905423403416,0.8485131567198873,5359,2204,99126.44208340666,-0.0019039542572335223,0.06750588034529387,99.80960457427665,10021.035611373823,90.85897714735844,0
dodo-k500000000000000000,328,10000,266.0094163050354,-265.3082839236431,265.3082839236431,0.7011323813923127,90967.24452576322,30012.231787471672,0.7519229484035351,5254,1893,69214.86247642893,-0.01741669746269082,0.05967288007349765,98.25833025373092,10069.264818950292,40.753389784457795,0
dodo-k500000000000000000,329,10000,496.9248159219296,-496.8435435139674,496.8435435139674,0.08127240796221713,170081.60659744713,42097.29305752703,0.8015952899841512,9977,2980,119983.58875661272,-0.0018783427781892215,0.10485079433513206,99.81216572218108,10004.564478557126,93.56275568572572,0
dodo-k500000000000000000,330,10000,330.47299542524576,-330.2981547688554,330.2981547688554,0.17484065639035862,101367.95900805188,35422.9533675365,0.7410430798920671,5862,2249,77290.54426704296,0.011295000354428595,0.11247484103606836,101.12950003544286,9941.629649675231,45.87125524823195,0
dodo-k500000000000000000,331,10000,575.2499224108394,-575.1497971937438,575.1497971937438,0.10012521709563771,216388.78097967326,29731.002823879386,0.8792010850797349,11471,3380,151431.32749084898,0.00048449886605794745,0.05658865053902744,100.0484498866058,9984.352768449218,111.84763406821621,0
dodo-k500000000000000000,332,10000,242.56729681985507,-242.60089655648926,242.60089655648926,-0.03359973663418714,119063.34146114689,20772.77915274459,0.8514491172842148,9225,2380,81732.16823839708,0.0008870948142934765,0.05315159258802069,100.08870948142935,9994.10687870533,96.18037729242826,0
dodo-k500000000000000000,333,10000,546.7986614355929,-546.3078926514171,546.3078926514171,0.49076878417577063,166787.62859717727,13519.614738116934,0.9250190148324976,8804,2815,124945.97026987199,0.009017371625702566,0.0595615243017609,100.90173716257026,9915.542518594173,106.66347682725883,0
dodo-k500000000000000000,334,10000,253.16683407003342,-253.26558730619377,253.26558730619377,-0.09875323616034848,85086.16991497324,8332.746112284147,0.910802367800405,6123,1828,63241.58146802252,-0.000014799292279263909,0.138509707264041,99.99852007077207,10001.175886116807,43.53506572387395,0
dodo-k500000000000000000,335,10000,438.8638757781435,-438.4577648006735,438.4577648006735,0.40611097747000713,129414.49220245631,43108.246219392626,0.7501300604562323,6099,2427,100367.24892448989,-0.0012468686412445606,0.05754108938741467,99.87531313587554,9992.725264721734,71.3855580917928,0
dodo-k500000000000000000,336,10000,324.5379478204754,-324.71648840722435,324.71648840722435,-0.17854058674896578,147535.07206281147,20934.74008830708,0.8757359563651174,11327,2751,99103.51289197811,0.00027426323546237086,0.0710916637307652,100.02742632354624,10002.48240745308,74.95867785187997,0
dodo-k500000000000000000,337,10000,350.22844546805055,-350.3048501874508,350.3048501874508,-0.07640471940027282,133612.66427538224,20173.626492646687,0.8688203844965832,8111,2515,98137.27875238105,0.0006980277376305821,0.05609396009713194,100.06980277376306,9994.257004613888,91.34596491098851,0
dodo-k500000000000000000,338,10000,603.5226116745612,-603.8609921658713,603.8609921658713,-0.3383804913100903,153372.99035719372,27786.518944015108,0.8466184907919172,6689,2710,122014.63662519907,0.001493048501501164,0.06657934327529617,100.14930485015012,10011.676270392123,87.77483026771564,0
dodo-k500000000000000000,339,10000,183.87193056310088,-183.8819187977516,183.8819187977516,-0.009988234650734285,97960.12409426135,23272.1398515333,0.808036746208594,7575,2078,67985.72486491976,0.000050260598327298565,0.052639255520486754,100.00502605983273,9998.662597032879,90.66365827772091,0
dodo-k500000000000000000,340,10000,762.75347834604,-762.0146228928846,762.0146228928846,0.7388554531553382,194194.4998437514,10513.302680479379,0.9486423939349603,9080,3090,148422.75263419442,0.006739893617826169,0.08624026426236142,100.67398936178262,9916.132426827571,113.06145681175519,0
dodo-k500000000000000000,341,10000,145.5235738472268,-145.5063962705368,145.5063962705368,0.017177576689988427,61105.24627221704,5757.922387118101,0.9138849907569524,4762,1408,45396.19648512616,0.0000001503991570928065,0.03860551085681635,100.00001503991571,10000.331374034595,75.43729239482286,0
dodo-k500000000000000000,342,10000,398.991256683665,-399.0065449650675,399.0065449650675,-0.015288281402547454,141663.5145544373,29000.151981431223,0.8300742473774507,7146,2570,108344.0021017384,0.0028780240318867813,0.0543500022094976,100.28780240318868,9976.98989044387,83.65751360198476,0
dodo-k500000000000000000,343,10000,586.8264797281529,-586.5081367339085,586.5081367339085,0.3183429942444036,160689.41998595666,18694.835175632306,0.895783299605687,8455,2839,120130.47994281907,0.002709078478007001,0.06849267807167352,100.2709078478007,9974.467019129772,63.41902642153338,0
dodo-k500000000000000000,344,10000,682.2443777230278,-682.2911218421491,682.2911218421491,-0.04674411912128562,221590.61086094842,66898.09588350027,0.7681084412681691,11125,3823,157320.5119145842,0.0010869290162320055,0.09159972864553254,100.1086929016232,9993.759570898032,59.25613573620295,0
dodo-k500000000000000000,345,10000,303.78633327789095,-303.7085536132707,303.7085536132707,0.07777966462026598,110398.94727616836,7863.752424611307,0.933506063665825,6263,1923,83254.71198136565,0.00021281449642955862,0.03692878665793671,100.02128144964296,10001.115496747865,139.56768586631839,0
dodo-k500000000000000000,346,10000,507.59833387928734,-507.79690076129094,507.79690076129094,-0.19856688200360395,209879.20054499913,42656.68165192846,0.8310866508123992,11526,3299,146636.86677387188,0.0003154039129726982,0.046547055548936525,100.03154039129727,10008.125665000496,90.28591474858376,0
dodo-k500000000000000000,347,10000,456.9569654337359,-456.93475890954556,456.93475890954556,0.022206524190323762,122869.12845418275,8485.979087062944,0.9353966568494617,7165,2206,92584.19445563407,-0.0009728871120719873,0.13903467282640547,99.9027112887928,10009.707172803892,122.91590736336742,0
dodo-k500000000000000000,348,10000,349.2405185290882,-349.0652910225868,349.0652910225868,0.1752275065014146,130140.8124835341,18356.700865127972,0.8763837827908426,7950,2485,95865.73431680037,-0.002000056043110163,0.06783120396741736,99.79999439568898,10013.542290566429,97.38786993123438,0
dodo-k500000000000000000,349,10000,204.93028689648702,-204.5722198632629,204.5722198632629,0.35806703322413114,82866.75982213627,10576.736479764086,0.8868114218929435,4479,1487,63870.80368313029,0.0034832158179966656,0.038585153707639396,100.34832158179967,9925.975814834288,169.6359167203853,0
dodo-k500000000000000000,350,10000,990.4655422343885,-990.0917856884093,990.0917856884093,0.37375654597917674,215619.7995472301,28565.767942708622,0.8830161494131481,10892,3685,158490.76482040342,0.0015644076027135157,0.17103243590331643,100.15644076027135,9976.411019255442,37.16394604801527,0
dodo-k500000000000000000,351,10000,272.7757875565976,-272.7011240359499,272.7011240359499,0.07466352064773218,118987.89908177336,21498.961962870435,0.8469681662540776,6874,2172,87158.85862903499,-0.000894318349598393,0.05396405219836012,99.91056816504016,10012.703680907682,141.52990195223055,0
dodo-k500000000000000000,352,10000,979.8850090835683,-980.2843599397673,980.2843599397673,-0.3993508561990211,250115.06887761236,44653.273179197524,0.8485140131819461,11623,3854,184634.96772261828,0.012945648785220526,0.12024729799416292,101.29456487852205,9902.464729857755,75.13661845490097,0
dodo-k500000000000000000,353,10000,423.99047003348574,-424.0253176803096,424.0253176803096,-0.03484764682389141,170129.2091568616,49050.06503401404,0.7762102953616953,8254,2885,125949.22250736476,0.0005209496987559703,0.04109565499071195,100.0520949698756,9989.186937370172,144.46897762998216,0
dodo-k500000000000000000,354,10000,831.1999197202267,-831.0400621604275,831.0400621604275,0.15985755979920668,242638.49795392537,33705.51321592208,0.8780306000725817,11713,3772,178280.40388346874,0.003749991742062804,0.06878536455597625,100.37499917420628,9955.800162506901,91.15506987045693,0
dodo-k500000000000000000,355,10000,920.4313688273339,-921.7819389058561,921.7819389058561,-1.3505700785221961,208288.76067428596,26489.467599153013,0.8871723847907159,8139,2960,160154.79209191955,-0.003219306665197337,0.10737169210266131,99.67806933348027,9998.739054983336,154.18981019057375,0
dodo-k500000000000000000,356,10000,298.0030395105593,-298.00009481759076,298.00009481759076,0.0029446929685263967,100185.36761107197,28581.133908397456,0.7780390585196103,4814,2000,78639.50777103982,0.00024460878665010454,0.0542487291570771,100.02446087866501,9997.489417672066,97.80831608080179,0
dodo-k500000000000000000,357,10000,446.69528423008353,-446.0093648187966,446.0093648187966,0.6859194112869318,104225.4843883541,6326.603990284808,0.9427726415387441,4404,1814,84628.58453781992,0.011888739464413475,0.07231903971514513,101.18887394644135,9882.50129380679,98.8813785647594,0
dodo-k500000000000000000,358,10000,280.8834283039185,-280.91460591976823,280.91460591976823,-0.031177615849742324,108769.01670396124,22478.687505521026,0.8287308136861338,6992,1985,78359.95350723971,-0.0007250010641291737,0.07331703121686814,99.92749989358708,10010.454672140624,144.43542147189282,0
dodo-k500000000000000000,359,10000,481.6900366650048,-481.6400846731285,481.6400846731285,0.04995199187629851,158302.9678549898,39534.90874753684,0.8001651178911212,7414,2776,119439.47987296968,0.0005032956821227685,0.06208661659883589,100.05032956821228,9994.56877575339,106.20999279808248,0
dodo-k500000000000000000,360,10000,379.4435956444017,-379.42850012128537,379.42850012128537,0.015095523116315235,112155.50283758523,14422.295837997823,0.8860598304844758,5024,1993,89415.6066350532,0.00006035396645700075,0.07005165817232523,100.0060353966457,9999.147794346554,96.80170645181772,0
dodo-k500000000000000000,361,10000,642.2234621790327,-643.248478510941,643.248478510941,-1.0250163319083185,145845.34236187107,30016.366116978155,0.8293183526043807,9116,2945,106133.86700805175,0.001025223760736793,0.2783225976140429,100.10252237607368,9986.357121897652,35.89070504569022,0
dodo-k500000000000000000,362,10000,631.1303994343608,-631.1453804717494,631.1453804717494,-0.01498103738856571,213512.0249091835,25014.045588747536,0.8951307689908701,11665,3564,154588.47344705317,0.0002526673880781516,0.07025685913985924,100.02526673880782,9998.537775910836,97.38404598995342,0
dodo-k500000000000000000,363,10000,479.89368889309,-479.84588398897586,479.84588398897586,0.0478049041141162,143897.93258243654,23492.678041343745,0.8596535495402138,6583,2500,112766.60336454795,0.0018845334187670914,0.08706390460748495,100.18845334187671,9976.819427225637,105.30057743395567,0
dodo-k500000000000000000,364,10000,386.24452346229947,-386.31369817188215,386.31369817188215,-0.06917470958268268,94415.41820667598,22379.387718563055,0.8083871321051022,4560,1824,74964.23621322557,-0.0016285296178567422,0.20745302371536467,99.83714703821433,10025.793068851684,78.58188494603716,0
dodo-k500000000000000000,365,10000,607.8298561734978,-607.7994405852749,607.7994405852749,0.03041558822292245,198252.78038737527,39573.800231720976,0.8336022822650657,9129,3204,147633.15599904134,-0.0012528601476532232,0.051944800427877455,99.87471398523468,10017.174758739313,95.25272921915307,0
dodo-k500000000000000000,366,10000,336.91600827446916,-336.8234174149887,336.8234174149887,0.09259085948048096,144966.53116527616,18981.66122549393,0.8842215888525858,10762,2803,99732.06019641415,-0.00213999337560665,0.10069882935162226,99.78600066243933,10022.85492787029,89.16800316112867,0
dodo-k500000000000000000,367,10000,401.6699443319428,-401.64906293211357,401.64906293211357,0.020881399829249858,140759.8029468161,18969.986399152807,0.8812370161080942,7834,2567,105863.00546966275,-0.0011125414336768814,0.04968430690874484,99.88874585663231,10005.556482354626,102.15133618218331,0
dodo-k500000000000000000,368,10000,202.93983289240364,-203.0021118522113,203.0021118522113,-0.06227895980765652,110732.91770942211,24539.002364851087,0.8185950021898295,10188,2193,71098.4861258838,0.0025044554375435266,0.047935238304615095,100.25044554375435,9990.769600218422,46.64121858200154,0
dodo-k500000000000000000,369,10000,585.0948975418396,-585.024693920155,585.024693920155,0.0702036216846409,173873.1690477789,29371.176615703658,0.8554883457159771,9435,2719,126295.42103217762,-0.00245517568972474,0.09164295639246617,99.75448243102753,10012.071669865767,159.14475917761348,0
dodo-k500000000000000000,370,10000,566.8375870264841,-566.8308593143715,566.8308593143715,0.006727712112592599,157879.65229942853,26869.105217928678,0.8545640816263442,6817,2667,124128.66173057987,0.00036659869298759416,0.06267688285923015,100.03665986929876,9995.072437810904,99.22440146244203,0
dodo-k500000000000000000,371,10000,406.7907290627833,-406.8693526400257,406.8693526400257,-0.0786235772423538,119000.96015911138,27564.0403088835,0.8119329975037074,5346,2159,95101.47936927657,0.00033602128722023397,0.05540298861816282,100.03360212872202,10010.8655151771,58.151763025720285,0
dodo-k500000000000000000,372,10000,223.59207360915642,-223.23160533522662,223.23160533522662,0.3604682739297971,105428.02554287353,17007.195848288295,0.861092293091439,7410,1983,75019.88112684329,0.0002277722100201629,0.029535133249938495,100.02277722100202,9980.678035261,117.61770074891827,0
dodo-k500000000000000000,373,10000,220.3317964054287,-220.47262569756722,220.47262569756722,-0.1408292921385339,81671.9254867281,14181.621846239546,0.8520490660927063,4779,1558,62684.06619702294,0.00032290716362581406,0.04017382263478538,100.03229071636258,10001.381572799643,97.85218742429431,0
dodo-k500000000000000000,374,10000,187.49288396341402,-187.56227084472317,187.56227084472317,-0.06938688130915693,72256.53316700083,11494.999371840879,0.8627487877131107,4464,1469,54916.794791647975,-0.0007265783008519123,0.03752196912826264,99.92734216991481,10015.112622164512,94.7746136680901,0
dodo-k500000000000000000,375,10000,1100.691242221208,-1099.4221827699807,1099.4221827699807,1.2690594512273492,251682.3232816716,23151.363481475528,0.915762278801625,11262,3617,186625.70076514134,-0.006240864088153728,0.1285604053795859,99.37591359118463,10097.27816938329,155.8141834348393,0
dodo-k500000000000000000,376,10000,452.33496134692655,-451.7918415652933,451.7918415652933,0.5431197816332656,161913.89039630472,36640.330484101316,0.8154643586943907,7802,2414,117693.66564479213,-0.00037959701852855685,0.06773693633696042,99.96204029814714,9997.956434140628,217.7149092138442,0
dodo-k500000000000000000,377,10000,414.4500062204917,-414.3906303986662,414.3906303986662,0.0593758218254834,166724.43050176377,25267.09394802297,0.8683947428386022,9804,3024,119584.46972054534,-0.002869895076975695,0.06773374176391726,99.71301049230243,10016.506462249035,67.52459434563514,0
dodo-k500000000000000000,378,10000,496.19541168309604,-496.38789229406405,496.38789229406405,-0.19248061096800484,163675.2128391595,37585.946357882975,0.8132478889228455,8107,2783,122249.05031166339,0.0008685541681734321,0.06113944091033659,100.08685541681734,10007.796521409367,104.99722800548626,0
dodo-k500000000000000000,379,10000,353.04860616335947,-353.1389210056247,353.1389210056247,-0.09031484226522934,129028.64027837355,19375.127737973038,0.8694431550023792,7336,2407,96000.10507488849,-0.0034676972324761833,0.038475990502649327,99.65323027675238,10055.998276227569,107.09477794308499,0
dodo-k500000000000000000,380,10000,228.25421200969376,-228.2893803595245,228.2893803595245,-0.03516834983074091,90526.16001954222,20898.282100271488,0.8124443640669096,6512,1916,64966.29764165053,-0.003034057714437779,0.04610846091641676,99.69659422855622,10007.963489100564,37.25852570816146,0
dodo-k500000000000000000,381,10000,330.4962176075268,-330.4733568652986,330.4733568652986,0.022860742228147046,103936.97843866672,6601.878455170125,0.940275495507334,6444,1939,78042.67828944066,-0.0006974594977722858,0.10019032391243471,99.93025405022277,10002.730158400074,100.82310097088454,0
dodo-k500000000000000000,382,10000,129.48491348343305,-129.5208533426541,129.5208533426541,-0.03593985922105958,59387.725830123614,10341.019776160656,0.8516964605307819,5466,1360,40988.05070891418,0.001379172607932162,0.04055932730003917,100.13791726079322,10000.817054683173,66.42757372228675,0
dodo-k500000000000000000,383,10000,327.56452861233277,-327.43912316847434,327.43912316847434,0.12540544385842622,97825.53582745374,22270.761784022907,0.8145591310727078,4468,1901,79078.59475142759,0.0018708365093026203,0.056074040778715785,100.18708365093026,9985.397331528018,73.20381602030669,0
dodo-k500000000000000000,384,10000,314.36231533227743,-314.5572816126824,314.5572816126824,-0.19496628040496944,112994.6963870655,19444.79129056514,0.853179805875605,5968,2153,86865.71176343583,0.000030371616510080913,0.05934400346171543,100.00303716165101,10015.452383352014,84.48340316634926,0
dodo-k500000000000000000,385,10000,156.48302089376818,-156.30571384716833,156.30571384716833,0.17730704659985008,54888.94789711413,9981.653312717475,0.8461297856569783,4288,1099,40122.32907945598,-0.0009448528143509805,0.0904554218177256,99.9055147185649,10002.832116851268,104.61406622725117,0
dodo-k500000000000000000,386,10000,260.2131160743526,-260.242950935618,260.242950935618,-0.02983486126538537,135700.61773233494,31724.489225898174,0.8105153414427123,9148,2668,94318.63301489624,-0.0014141801711058122,0.028127767468723305,99.85858198288942,10016.163677763689,93.76261887180742,0
dodo-k500000000000000000,387,10000,384.63293285427847,-384.6512533670273,384.6512533670273,-0.01832051274885771,166240.3641508692,29061.35420007344,0.8511976523020021,11136,2818,114038.74435683027,-0.00003216199456147706,0.06101166803359263,99.99678380054385,10015.190975355254,150.68622293412932,0
dodo-k500000000000000000,388,10000,579.1098698148102,-579.4680713722177,579.4680713722177,-0.35820155740748305,201125.7480912684,34829.37714489327,0.8523898257771115,9948,3131,147143.62880550648,-0.003349902851699227,0.041761983927287076,99.66500971483008,10045.03685156089,102.91410981530791,0
dodo-k500000000000000000,389,10000,648.0591408372161,-648.0709680272155,648.0709680272155,-0.01182718999939425,118325.58976509441,17217.8913804473,0.872971453625576,5012,2136,95905.65469289913,0.0010801130854848394,0.14221733741764508,100.10801130854848,9994.40281591772,50.707941737509806,0
dodo-k500000000000000000,390,10000,340.5726203571014,-340.5485534357787,340.5485534357787,0.02406692132274202,153687.25852801415,20750.897362347456,0.8810415229602068,10121,2901,107994.18165542473,0.0022461811192708583,0.05660600025484612,100.22461811192709,9980.517115050336,84.43827250739176,0
dodo-k500000000000000000,391,10000,312.11749030751355,-312.1156166352861,312.1156166352861,0.0018736722274752537,142164.61208479793,30649.15065079414,0.8226463554428367,8851,2563,100062.62117683768,-0.0009694310727344657,0.05168339075204386,99.90305689272655,10022.43098378206,148.86748956424333,0
dodo-k500000000000000000,392,10000,251.89816982513767,-251.91691295679146,251.91691295679146,-0.01874313165379249,84228.32485800762,9300.209534485344,0.9005628646391809,5067,1657,65424.128681749105,-0.00015816432842512995,0.04558033026609096,99.98418356715749,10006.878343953918,111.24275701570009,0
dodo-k500000000000000000,393,10000,661.6621868163235,-661.3230922671029,661.3230922671029,0.3390945492205901,196559.12611485613,47306.57283230225,0.8060138304134654,10582,3393,141061.306707971,0.004531492061667422,0.1406242776650798,100.45314920616674,9978.470194035923,59.912073026557394,0
dodo-k500000000000000000,394,10000,732.173414950404,-732.0666276861136,732.0666276861136,0.10678726429034668,208201.10322582303,42072.967224666216,0.8318924243772615,9685,3404,154479.05921623297,0.0029000845701867206,0.1074089481909499,100.29000845701867,9966.964763656688,88.08142200921634,0
dodo-k500000000000000000,395,10000,205.65655102739686,-205.66234591551057,205.66234591551057,-0.005794888113712204,73659.92061616824,9904.883933069405,0.8814706264617266,4547,1539,56737.37582935268,-0.000948592247176947,0.04767571191291836,99.9051407752823,10006.893887457696,155.1184015835788,0
dodo-k500000000000000000,396,10000,449.0378810563783,-449.0272972399546,449.0272972399546,0.010583816423718417,146393.4491491733,34537.00145274451,0.809114489364023,6641,2601,113203.19906855673,-0.00002520411549937762,0.05793982962226238,99.99747958845006,9999.907138363274,103.43715369072217,0
dodo-k500000000000000000,397,10000,350.39056139366215,-350.37166143729354,350.37166143729354,0.018899956368613857,133970.95913238576,33466.4916741681,0.8001254109343013,7861,2510,98804.92285829532,0.00021606698942292724,0.05986521497948104,100.02160669894229,9991.674736500949,79.41108286165839,0
dodo-k500000000000000000,398,10000,214.57083123681718,-214.52331990619837,214.52331990619837,0.04751133061881774,102102.00558271758,15538.301855825277,0.8679168544000726,5455,1737,76575.03399067213,0.0002709031476946677,0.02165119455119523,100.02709031476947,10009.646786329165,198.38121121080906,0
dodo-k500000000000000000,399,10000,122.67207006130076,-122.66897332179398,122.66897332179398,0.0030967395067733605,73542.56609067465,10368.44201409817,0.8764352586355304,6630,1631,51002.7493202701,-0.0012720340452229096,0.044520827938743394,99.87279659547771,10011.884114500417,95.64050066528185,0
dodo-k500000000000000000,400,10000,553.4820467475315,-553.1790294927695,553.1790294927695,0.30301725476203956,164965.12826589405,22107.75730129855,0.8818227599672219,7302,2737,127658.18679667466,-0.0010733262053591376,0.07124795621143847,99.89266737946409,10009.192483375404,104.7825873962232,0
dodo-k500000000000000000,401,10000,121.93556176736277,-121.92500165191795,121.92500165191795,0.010560115444818052,56122.44277692992,9997.300427400241,0.8488000717651679,4004,1199,41672.29109558688,0.0004547116465997192,0.024692473021407296,100.04547116465997,9999.501391004927,82.87062419917793,0
dodo-k500000000000000000,402,10000,732.1375785906856,-732.111830749123,732.111830749123,0.025747841562633766,224580.5901841811,27718.756129449514,0.8901354421465975,10225,3598,168730.01425400248,0.0031215287022092753,0.06343713837899699,100.31215287022093,9969.130535337414,99.80422989275071,0
dodo-k500000000000000000,403,10000,416.08977846566324,-416.1877252022729,416.1877252022729,-0.09794673660962872,164631.42990387487,25267.01204673058,0.8669446058261879,9685,2983,118940.14713950388,0.001924076177370182,0.03838908737456563,100.19240761773702,9997.515102062276,79.5186281759675,0
dodo-k500000000000000000,404,10000,323.2457906951828,-323.40081556491316,323.40081556491316,-0.15502486973036866,123107.64921509489,34568.74163907473,0.7807614605344032,5809,2244,95529.4583399457,-0.00012536917976703422,0.03087221559460488,99.9874630820233,10012.257804352002,120.4283501745212,0
dodo-k500000000000000000,405,10000,86.00837264139582,-85.93573927219107,85.93573927219107,0.07263336920475183,45285.5977345824,11900.486329337147,0.7918989116996468,4105,957,30867.67589070211,0.00038048407428789235,0.032467691511189826,100.03804840742879,9998.41402123841,70.0721854917118,0
dodo-k500000000000000000,406,10000,299.415257072397,-299.45086195512596,299.45086195512596,-0.03560488272893281,127631.03054297542,14986.864392420923,0.8949159612879594,9293,2392,88624.82647665362,-0.0004475230516518991,0.0645194805134517,99.95524769483481,10008.079772410954,115.35967467289188,0
dodo-k500000000000000000,407,10000,208.39962669507943,-208.25645739416854,208.25645739416854,0.1431693009108983,74269.22546621079,9993.42044245786,0.881401535227251,5086,1478,55430.41822913483,0.000997713054490248,0.058502485884249895,100.09977130544902,9974.308663963926,104.9332958814478,0
dodo-k500000000000000000,408,10000,450.23934840204146,-450.2229775333687,450.2229775333687,0.016370868672765937,119985.18524524213,25036.561107980593,0.8273599529893937,7578,2415,88249.99068039877,0.000944243641176854,0.15218784394929344,100.09442436411769,9998.860445656985,70.17455432988118,0
dodo-k500000000000000000,409,10000,289.6943271032736,-289.7373502069119,289.7373502069119,-0.04302310363829065,124006.40414977638,46191.41487215901,0.7286016052520287,5825,2065,94237.88478520868,-0.0004551289697400307,0.04234041243494545,99.954487103026,10026.226914066163,119.38920600185742,0
dodo-k500000000000000000,410,10000,409.1154572910984,-410.1662036685505,410.1662036685505,-1.0507463774521284,105786.11659310937,30824.82189033772,0.7743605143736516,4668,1970,84946.20522147487,-0.0012597507540323249,0.12655321959466093,99.87402492459677,10013.000239901785,38.63694140995803,0
dodo-k500000000000000000,411,10000,323.054599740162,-323.1351319861509,323.1351319861509,-0.0805322459888771,107195.13001838785,22927.717982601924,0.823799445410021,5783,1883,80464.80135129407,-0.0005358019742335785,0.06901172773731702,99.94641980257664,10002.409667393345,115.05567820961065,0
dodo-k500000000000000000,412,10000,185.441135766817,-185.58841374201543,185.58841374201543,-0.14727797519842056,107992.28987584113,14704.284524675186,0.8801573344934942,9089,1955,71294.05881896695,0.0015297243412281602,0.03152476537843455,100.15297243412282,9997.819394890892,149.97496318984773,0
dodo-k500000000000000000,413,10000,371.5196068565904,-371.39149642822883,371.39149642822883,0.12811042836159459,142231.2334688661,31929.423633405073,0.8166668398899335,8316,2690,104125.12227104462,-0.0008295046568585463,0.07858995576801789,99.91704953431415,10015.064899188712,111.05521381129603,0
dodo-k500000000000000000,414,10000,663.0106913262134,-661.7736503988672,661.7736503988672,1.2370409273462428,221365.20942120216,46637.03712902241,0.8259826634688958,11482,3614,158010.640301988,-0.018237692959652777,0.07721164185869356,98.17623070403472,10124.421015428523,70.54611788601315,0
dodo-k500000000000000000,415,10000,331.792348753607,-331.8296992644978,331.8296992644978,-0.037350510890803434,120045.30741758477,21367.5531931234,0.848899505314827,5768,2267,93803.69522202534,0.0012477896249916398,0.04236153280834984,100.12477896249916,9988.86084242281,101.89334590755318,0
dodo-k500000000000000000,416,10000,199.18886408292346,-199.1525784812097,199.1525784812097,0.03628560171375739,85807.75738271818,6248.1514319156095,0.9321265575195499,6258,1676,62318.84723116795,-0.0010206490365933974,0.03152788800689407,99.89793509634066,10010.348949021454,111.54540870840175,0
dodo-k500000000000000000,417,10000,324.9410491713865,-324.90963428862585,324.90963428862585,0.03141488276065729,127156.27240058965,31904.439723007967,0.7994197354138793,7161,2411,95074.60422538014,-0.0003650623805749831,0.05716385751226028,99.9634937619425,10000.3427807202,107.07520351566187,0
dodo-k500000000000000000,418,10000,252.22910565818333,-252.414771303486,252.414771303486,-0.18566564530266305,95994.07488562599,5150.313111359491,0.9490795958791803,5436,1699,72585.05873004657,0.0006449179947941275,0.033081767703331766,100.06449179947941,10002.077175062552,154.00157860553227,0
dodo-k500000000000000000,419,10000,247.42248789178862,-247.32709235029304,247.32709235029304,0.09539554149557716,107277.68702677464,16997.370013802672,0.8632278236794305,7691,2087,76388.03468149737,0.0009957212613618083,0.0753661481121918,100.09957212613618,9988.935590776726,103.70456875739303,0
dodo-k500000000000000000,420,10000,344.2874736525954,-344.1683866912789,344.1683866912789,0.11908696131649776,125663.16564389147,32038.451643246975,0.7968413248108146,9934,2572,85188.03674033828,-0.003806797654671783,0.08432471010990994,99.61932023453282,10009.241303465385,65.58705845503661,0
dodo-k500000000000000000,421,10000,158.54817035303657,-158.53806281109027,158.53806281109027,0.01010754194629726,64823.05154227568,10976.069223321436,0.855195296298171,4071,1306,49196.612459639844,0.0022408236238105417,0.029034416840929254,100.22408236238105,9980.721454251283,113.96973346125885,0
dodo-k500000000000000000,422,10000,130.301264731608,-130.25865420621244,130.25865420621244,0.04261052539555976,63091.078900832385,15688.003669590704,0.8008607975909506,4721,1269,44678.07957551919,-0.0005864823697518773,0.03657420428400087,99.94135176302481,10002.252765684843,143.2724004731088,0
dodo-k500000000000000000,423,10000,136.7216087499259,-136.7166895142655,136.7166895142655,0.004919235660395316,56251.12196775646,8285.57522551387,0.8716145141313822,4412,1135,40691.85222788154,-0.0005919218247747438,0.04732738915578778,99.94080781752253,10003.472939213876,129.30019002215653,0
dodo-k500000000000000000,424,10000,334.4896429263274,-334.45014408096955,334.45014408096955,0.03949884535785486,110110.16691750365,13926.17861869349,0.8877250167401178,6662,2190,83139.45436334587,0.0010315664963188454,0.06738339141380735,100.10315664963188,9992.986850998292,64.94421331010906,0
dodo-k500000000000000000,425,10000,377.67118672324796,-377.34471574948924,377.34471574948924,0.3264709737587168,116721.26337499524,22474.94825091802,0.838537644175842,5601,2056,90534.02489679241,0.011605274124181194,0.05827647618023647,101.16052741241812,9870.43286052383,118.38385301113112,0
dodo-k500000000000000000,426,10000,376.64205325867243,-376.62026978398154,376.62026978398154,0.021783474690892035,152036.36240047452,17210.565832441574,0.8983109116830967,9676,2846,109757.28309915113,-0.0022915991317655937,0.039382617022602345,99.77084008682344,10022.391711858516,95.29531009585322,0
dodo-k500000000000000000,427,10000,297.442266581835,-297.86890458231863,297.86890458231863,-0.4266380004836492,111976.5226749362,21861.927568159077,0.8366543580828191,7412,2234,81601.59489413393,0.0022597454422107434,0.050521581521674505,100.22597454422107,9999.536059653658,76.86609659728674,0
dodo-k500000000000000000,428,10000,267.7539454024626,-267.7265161696658,267.7265161696658,0.027429232796805536,141786.97805961632,14979.151968450255,0.904449054360349,10257,2490,96585.47835914798,-0.0007329845677890034,0.025230352462813813,99.9267015432211,10006.46778788907,194.90843545565022,0
dodo-k500000000000000000,429,10000,1019.1027008044194,-1019.4481862709285,1019.4481862709285,-0.3454854665091034,266151.59603984834,14382.637091729302,0.9487312584593428,10547,3730,200064.85916529896,0.0018172119244769646,0.07049343118311512,100.1817211924477,9996.011291345847,131.93445052589976,0
dodo-k500000000000000000,430,10000,312.17214529925764,-312.2296235382826,312.2296235382826,-0.05747823902498794,131008.19315456231,33413.55823025154,0.7967813993657675,8220,2409,94014.24724100712,-0.000007589874480800063,0.04293495599446402,99.99924101255192,10003.450583026442,87.42609396551642,0
dodo-k500000000000000000,431,10000,463.28314680633645,-463.2566794593927,463.2566794593927,0.02646734694371844,177719.71420783454,12131.844098751726,0.9360982643125829,10573,3039,126558.71561296277,-0.0004082382521744421,0.05726562118273023,99.95917617478256,10003.876161831951,115.61020348028701,0
dodo-k500000000000000000,432,10000,439.9011580967268,-439.94594337543657,439.94594337543657,-0.04478527870975313,99364.49214302028,22200.457783029884,0.8173778067071573,5723,2033,76921.06955324189,0.0002468295340554505,0.1708873001821813,100.02468295340555,9982.892688678625,55.8637384565773,0
dodo-k500000000000000000,433,10000,629.8925148128448,-630.5491960752724,630.5491960752724,-0.6566812624276963,146037.40800642065,49347.94905902775,0.7474327155309923,7764,2913,111601.86650670815,-0.00017370255993057527,0.1503693153912593,99.98262974400694,10014.75255450659,29.59092273044651,0
dodo-k500000000000000000,434,10000,261.2008649375239,-261.1870336465483,261.1870336465483,0.013831290975588217,94076.03101287097,9269.02743016302,0.910309911573834,6775,1870,69008.10524264339,-0.001232935845711154,0.046753613000571334,99.87670641542888,10004.60405165544,75.05302836475634,0
dodo-k500000000000000000,435,10000,684.049917468006,-684.135038343691,684.135038343691,-0.08512087568499282,234943.55177493408,31906.578737469674,0.8804325908471438,10884,3673,173314.8471533019,0.0003819015423718497,0.06758792475902312,100.03819015423718,9999.480182005269,133.83458281712393,0
dodo-k500000000000000000,436,10000,294.6618223712593,-294.5213791265079,294.5213791265079,0.14044324475139547,122670.06519637909,22915.677513671137,0.8425966919074611,8426,2418,87233.32493258243,-0.004970595613393414,0.06846492223849296,99.50294043866066,10044.63258805172,92.19011207615675,0
dodo-k500000000000000000,437,10000,278.47800216377294,-278.5030962812293,278.5030962812293,-0.025094117456376352,102268.1057147165,18712.958185798612,0.8453232466100098,6256,2083,76085.8524211966,0.000008537357961273529,0.07200720655214496,100.00085373579613,10001.461711800852,59.333780437215594,0
dodo-k500000000000000000,438,10000,150.6483083870403,-150.57138883929704,150.57138883929704,0.07691954774324472,73270.74871291078,15651.936845889843,0.8239826344927481,5196,1457,52523.8988959269,-0.0010931805751043554,0.05097952387910126,99.89068194248956,10004.19305738708,103.42552155893274,0
dodo-k500000000000000000,439,10000,716.7771070622593,-716.5113215822876,716.5113215822876,0.2657854799717825,234061.46080400355,49587.628904638004,0.8251796649318586,10953,3572,167959.9353053698,0.001191488116449193,0.09189992941813756,100.11914881164492,9975.244008605765,65.04314524380018,0
dodo-k500000000000000000,440,10000,188.02833376973342,-187.99716554537406,187.99716554537406,0.031168224359362284,111578.38201203807,16050.749717797682,0.8742391372545434,10308,2073,71347.3160274381,-0.0025938712646124884,0.03849756164496014,99.74061287353875,10014.70079091729,114.23074103393479,0
dodo-k500000000000000000,441,10000,84.84632865279038,-84.82393631666221,84.82393631666221,0.022392336128163493,50360.12825113013,13614.541025040704,0.7871885673020302,4370,1135,35228.7164666857,0.002018862144926743,0.03185452678417988,100.20188621449267,9983.62280699544,67.50017776197232,0
dodo-k500000000000000000,442,10000,1143.948991763674,-1145.1724412424062,1145.1724412424062,-1.2234494787321637,229042.74632611172,41257.28631912225,0.847364848922264,9949,3659,175104.92127076501,0.0001379580088376997,0.1433441263112303,100.01379580088377,10032.51718549948,49.24764939711783,0
dodo-k500000000000000000,443,10000,543.6063827357948,-543.580026087425,543.580026087425,0.02635664836975593,185411.33327448633,39287.781581136805,0.8251538213384572,9279,3204,136450.88425763755,-0.0007812078090144325,0.0725348978059111,99.92187921909856,10007.475458011717,94.36663547381654,0
dodo-k500000000000000000,444,10000,630.8908924691025,-630.4681676872115,630.4681676872115,0.42272478189102003,197916.9429960749,36316.664520276834,0.8449553635562669,11296,3346,140881.60688045828,-0.004666817375196359,0.08373919303029126,99.53331826248036,10023.669220440514,83.27319595062855,0
dodo-k500000000000000000,445,10000,118.5346426342119,-118.53597679905238,118.53597679905238,-0.0013341648404718853,72032.15325436645,9748.920455630387,0.8807924619551836,6075,1551,49802.74700432029,-0.0002142849059555374,0.02169249142733463,99.97857150940445,10003.95582457306,109.9092269867585,0
dodo-k500000000000000000,446,10000,241.79880523001518,-241.87661528785407,241.87661528785407,-0.07781005783888872,97733.43397913576,28580.001832934315,0.7737374361706397,4665,1721,75568.19670641427,0.0013039723350615872,0.03657840597119971,100.13039723350616,9999.648635325624,119.80019033788815,0
dodo-k500000000000000000,447,10000,241.86881863125117,-241.88000538275944,241.88000538275944,-0.011186751508262205,111567.87025808074,26192.914989817196,0.8098666834492593,8257,2222,77796.86651965337,-0.0003577790243767254,0.0721387060836112,99.96422209756233,9996.917215878728,97.24092416885661,0
dodo-k500000000000000000,448,10000,441.67513839490937,-441.899859564147,441.899859564147,-0.22472116923762542,152154.01487992512,27010.488294997278,0.8492419658115742,9452,2797,107842.78602609997,0.001473478564762587,0.1032388976135978,100.14734785647626,10003.194377241403,78.63750169079104,0
dodo-k500000000000000000,449,10000,252.42635231552586,-252.33319200278416,252.33319200278416,0.093160312741702,121206.75919518838,29846.250337408703,0.8024120775232358,10215,2508,81457.0458768927,0.0017286583285664391,0.07405534539828636,100.17286583285664,9985.492519644331,55.34013984938232,0
dodo-k500000000000000000,450,10000,204.1855673508422,-204.23457623426137,204.23457623426137,-0.04900888341916243,124734.92072262186,25688.8404224464,0.8292235200948596,10972,2394,80552.96318641872,0.0004484438969430471,0.028389734475367873,100.0448443896943,10001.763298942744,100.43729998502583,0
dodo-k500000000000000000,451,10000,185.73720636521435,-185.76788090999318,185.76788090999318,-0.030674544778833024,86980.02085662031,21124.02895474797,0.8045953968273392,5188,1739,64535.12963963816,-0.0000245287895212698,0.03680335996126132,99.99754712104787,10000.950038328405,115.67576703159847,0
dodo-k500000000000000000,452,10000,313.0721809991015,-313.05526383608554,313.05526383608554,0.0169171630159326,120233.01627382808,25637.74518147293,0.8242434266765031,8181,2349,86426.56797224919,-0.0005469195836982976,0.07736196182379786,99.94530804163017,9993.658645536454,66.93526093106411,0
dodo-k500000000000000000,453,10000,670.9265204776021,-670.9059008473961,670.9059008473961,0.020619630206056172,196761.00826410722,42177.8352172769,0.8234785328214623,10176,3326,143915.00149115644,0.000522006022323751,0.07187639674615141,100.05220060223238,9987.396218263342,69.62910628954926,0
dodo-k500000000000000000,454,10000,119.37068378762545,-119.24105051151328,119.24105051151328,0.12963327611217323,55668.2224548727,8496.39708537339,0.8675843923605877,5226,1300,38952.39238639388,0.0030418286968252064,0.04808280350602359,100.30418286968252,9988.062254814633,48.609308582368236,0
dodo-k500000000000000000,455,10000,476.5003044605074,-478.1841973914621,478.1841973914621,-1.6838929309546984,124331.25107493742,38306.82003101903,0.7644658487983256,6834,2390,93610.14312450748,-0.00020159808104637023,0.18391078200325553,99.97984019189536,10001.888504388859,68.55504131725361,0
dodo-k500000000000000000,456,10000,375.1304299182661,-375.13345965501014,375.13345965501014,-0.0030297367440539347,115621.63037358275,15717.190130226485,0.8803309633059281,5198,2097,93682.30645052763,-0.00003863947361580245,0.04903366254768727,99.99613605263842,10000.321426295995,105.73620594054768,0
dodo-k500000000000000000,457,10000,717.4703531664754,-717.4093285869071,717.4093285869071,0.06102457956831131,248869.34128849092,51042.48977964058,0.8298083486808323,11784,3908,178444.1714914065,0.0003659717812172403,0.05094147697514927,100.03659717812172,9996.68735641133,85.0943379522687,0
dodo-k500000000000000000,458,10000,255.7919087567529,-255.77222355042713,255.77222355042713,0.019685206325760873,130348.40345519152,29965.50107410463,0.8130823326767102,10487,2472,85798.18593624677,-0.006352525767327535,0.047879722782101196,99.36474742326725,10050.966565444458,58.4527547431518,0
dodo-k500000000000000000,459,10000,244.1268904450735,-244.14559551992312,244.14559551992312,-0.018705074849606262,77410.24220486831,21763.988406215674,0.7805479480696543,4268,1654,60176.25904430618,-0.0015988431593318352,0.09507572871141236,99.84011568406682,10013.075925044903,54.759180549935586,0
dodo-k500000000000000000,460,10000,321.02840277241467,-321.1831352742586,321.1831352742586,-0.15473250184390963,130650.82327831675,20997.853464986714,0.861536190648535,8988,2461,93652.64748674686,0.0006654367868510747,0.06568909888146265,100.06654367868511,10002.99733359753,80.3890781604229,0
dodo-k500000000000000000,461,10000,158.9393816771382,-158.93349138170694,158.93349138170694,0.005890295431242976,84180.02603281914,9127.182060441794,0.9021813829075335,6694,1753,60696.454464533505,-0.0007141230608614535,0.029210879772967786,99.92858769391385,10007.3582328835,107.07658468719652,0
dodo-k500000000000000000,462,10000,789.4683122675574,-789.4816317790177,789.4816317790177,-0.01331951146028132,242520.4376969766,36136.804558222,0.8703180858829882,11518,3780,176122.2397895602,-0.00039715754683555815,0.09221985483278913,99.96028424531644,10009.538860022838,104.15971191181474,0
dodo-k500000000000000000,463,10000,130.70840132239584,-130.71381768396577,130.71381768396577,-0.005416361569928085,75898.86145227097,6868.178813219096,0.9170179483138676,6517,1628,52947.087916160956,-0.0006911570346157703,0.028570054263687722,99.93088429653842,10007.385682383507,99.54678831296937,0
dodo-k500000000000000000,464,10000,208.7653056693361,-208.80439211638245,208.80439211638245,-0.03908644704634412,106447.36301292185,12371.074910459069,0.8958825319818087,8330,2146,73755.1692454559,-0.0000993135015650637,0.03070107936430844,99.9900686498435,10002.23325096919,95.88776045030315,0
dodo-k500000000000000000,465,10000,470.7013237243717,-470.3237380766986,470.3237380766986,0.3775856476731292,151267.0384929975,34590.80328505998,0.8138856937423891,6949,2603,117217.04981727182,0.0011990272348039355,0.07926281663071805,100.1199027234804,9983.26407902773,97.65309966561432,0
dodo-k500000000000000000,466,10000,391.931406751849,-391.91426711389255,391.91426711389255,0.01713963795646123,108786.05609282345,23195.468137251424,0.8242521574700391,5374,2041,85498.21907548592,-0.0004085020270420614,0.0706527100390602,99.9591497972958,9996.978818694708,75.03875251009258,0
dodo-k500000000000000000,467,10000,166.52488092321875,-166.52233889519263,166.52233889519263,0.00254202802611303,71060.800966472,8254.13818312054,0.8959321122650961,4264,1465,54050.69181298094,-0.0007697995796463886,0.03728265638480195,99.92302004203536,10008.254104997917,101.77994543370228,0
dodo-k500000000000000000,468,10000,410.699762887358,-410.71957102235376,410.71957102235376,-0.019808134995741966,109965.77552398927,5378.3683646028085,0.9533711189551363,5534,1959,87280.31282093015,0.001305639465332291,0.07220545710204547,100.13056394653323,9989.159959745271,103.89632848176089,0
dodo-k500000000000000000,469,10000,143.91965314192151,-143.83956852015828,143.83956852015828,0.08008462176323405,67920.41842061937,15499.679579345982,0.8141972983614522,5690,1435,47369.96263878608,0.0012790041954903585,0.06538290440844392,100.12790041954904,9988.676017268346,91.26349732777008,0
dodo-k500000000000000000,470,10000,181.19921091455518,-181.1661773552528,181.1661773552528,0.03303355930236762,87816.25611865902,12432.754200308947,0.8759812774136029,6707,1768,61750.88376844461,0.000535496563995963,0.04424146594713292,100.0535496563996,9994.6146043046,132.9398925875566,0
dodo-k500000000000000000,471,10000,142.2124106953779,-142.27171574213608,142.27171574213608,-0.059305046758169055,70042.75931898237,16910.116010708753,0.8055255108403001,6173,1543,48660.75729328541,-0.0012724665941208002,0.026530098537354548,99.87275334058792,10013.259208186284,65.47061976477148,0
dodo-k500000000000000000,472,10000,685.9840392275141,-687.7169017325767,687.7169017325767,-1.7328625050625988,137404.97921381946,22565.771055430017,0.8589381432702591,7350,2573,105609.55124131993,0.002170459831569502,0.1972375363481605,100.21704598315695,10029.730636480801,79.49324905523362,0
dodo-k500000000000000000,473,10000,543.0841178696422,-543.0598010625442,543.0598010625442,0.024316807097989113,184270.753676545,32651.40009268328,0.8494787207054042,10017,3208,134771.12482778443,0.010744825736201023,0.06440677311446379,101.0744825736201,9949.87612871573,57.854180223578204,0
dodo-k500000000000000000,474,10000,979.5060695536386,-979.6836747084922,979.6836747084922,-0.17760515485360884,270485.7847810799,30474.411132564383,0.8987427189829831,11109,3910,202868.80220474352,-0.0042883386413070925,0.07826892868354107,99.57116613586929,10051.757567572398,116.09748451979789,0
dodo-k500000000000000000,475,10000,409.4440339434101,-408.09559797863795,408.09559797863795,1.3484359647721362,105912.52257669756,10179.358574176998,0.9123163612023156,7201,2170,78990.94593943658,0.0018834055368650126,0.2048351104582295,100.1883405536865,9984.986783521454,49.48173493297955,0
dodo-k500000000000000000,476,10000,427.6903104477834,-427.7530685763271,427.7530685763271,-0.06275812854369178,188228.59776637307,36143.502748526145,0.8389126693310692,11433,3217,130835.2597668631,0.0003659756737475561,0.035662954809550056,100.03659756737476,9995.395760069809,108.59601315210521,0
dodo-k500000000000000000,477,10000,260.2507575898452,-260.2442101363231,260.2442101363231,0.006547453522102842,125707.26599406732,24561.51338352952,0.8365494583421677,8541,2325,86512.79602669897,0.00013224465670703012,0.04351186514293758,100.0132244656707,10000.275403297528,109.38881867964473,0
dodo-k500000000000000000,478,10000,212.13926804421388,-212.13875964138288,212.13875964138288,0.0005084028310022859,71032.94507454026,21710.046038246815,0.7659117332991268,4240,1594,55626.49650347877,-0.0008535991062137782,0.055463142123931844,99.91464008937862,10003.906758038862,50.407565765424664,0
dodo-k500000000000000000,479,10000,344.1448610144277,-343.8900524977456,343.8900524977456,0.2548085166820897,109167.31903447784,13076.106139377467,0.8930322336699863,8557,2227,77055.73877855981,0.0009001544820263518,0.1353512897717691,100.09001544820264,9980.74691361284,72.52114921339496,0
dodo-k500000000000000000,480,10000,430.9542548427547,-430.9782258681055,430.9782258681055,-0.02397102535076101,179465.39712488698,25741.81640400357,0.8745569614180281,10164,3161,129489.535127559,0.000027914779938953415,0.043599791955896736,100.0027914779939,10000.445908986276,101.69001240386267,0
dodo-k500000000000000000,481,10000,305.34843953140086,-305.3394456371953,305.3394456371953,0.008993894205559627,160461.03495326758,17957.0986201284,0.8993538478377738,11453,2793,108722.66196236796,-0.0006877412325943055,0.022571718112949668,99.93122587674057,10008.02924209102,146.35858597611372,0
dodo-k500000000000000000,482,10000,394.52400261021955,-394.652481800982,394.652481800982,-0.12847919076244807,159013.35390433748,33278.842861310084,0.8269360721804638,8863,2672,114772.70833514769,0.0002841592667930115,0.052409582085488605,100.0284159266793,10011.130030864093,159.33411335403972,0
dodo-k500000000000000000,483,10000,346.4799766269834,-344.7944349570541,344.7944349570541,1.6855416699293073,75941.0431668134,15554.174015865756,0.8300001410476973,3954,1420,59427.94414733928,0.0010945617931724882,0.12317166484442367,100.10945617931725,9987.230197245883,92.25154665532128,0
dodo-k500000000000000000,484,10000,242.97284948512606,-243.1958042792932,243.1958042792932,-0.22295479416715125,124817.77504198879,33298.629692458395,0.7894043331659186,10973,2532,79835.7949915221,0.002090105204796089,0.061613335977156396,100.20901052047961,9992.02661931232,108.23916588867387,0
dodo-k500000000000000000,485,10000,308.8974696984909,-308.8174124447712,308.8174124447712,0.0800572537197013,127710.27662045269,26917.777118392958,0.82591918822276,7317,2302,93736.11378096792,-0.002484402114481128,0.03889913365179865,99.75155978855189,10018.644342071226,119.5297720697439,0
dodo-k500000000000000000,486,10000,413.1819181763275,-413.14548840737814,413.14548840737814,0.03642976894934691,100617.4447517404,6644.200188151011,0.9380561412061659,4589,1884,81846.48750831076,0.0011995293812698548,0.062184852992777026,100.11995293812699,9991.96161470961,77.7629685280421,0
dodo-k500000000000000000,487,10000,284.3401675676978,-284.5127542221199,284.5127542221199,-0.17258665442210486,100875.0378705632,23243.644674670424,0.8127304915100146,4504,1705,80743.19592989302,-0.0013789429242801533,0.02819128810379894,99.86210570757198,10019.566394130721,172.84417558901163,0
dodo-k500000000000000000,488,10000,339.6176615837061,-339.66304324970247,339.66304324970247,-0.04538166599638771,138305.75242570727,26565.00891079898,0.8388737414963531,7825,2472,101739.99072668901,-0.0003202393240718493,0.05233645943545184,99.96797606759282,9992.901480583689,122.67048292464139,0
dodo-k500000000000000000,489,10000,778.3679304271758,-778.3701833761614,778.3701833761614,-0.0022529489856424334,183183.50186541086,11318.496077273967,0.9418078158733914,6824,2752,146157.863479287,-0.0005612903612970399,0.09617710997833015,99.9438709638703,10004.092709275426,119.25194359041714,0
dodo-k500000000000000000,490,10000,379.9597815526864,-379.9668102798519,379.9668102798519,-0.007028727165504733,119014.50528822714,8022.499233048525,0.9368491152378758,6631,2149,91044.96036451508,-0.0018855070676183062,0.05159042641814466,99.81144929323817,10018.480441670292,97.31936629640732,0
dodo-k500000000000000000,491,10000,693.1025080960152,-692.9383058205603,692.9383058205603,0.16420227545484067,219538.27885035664,58149.5236944912,0.7905938857897808,11001,3686,158362.7733526615,-0.0007856669830032104,0.08322025132690086,99.92143330169968,10001.22459018789,79.77451593859573,0
dodo-k500000000000000000,492,10000,336.38891207869085,-336.5097769735348,336.5097769735348,-0.12086489484397589,111926.14279613894,8298.911471071386,0.9309718633802705,5936,2034,87541.07495333963,0.00010409007219223553,0.03431420696054161,100.01040900721922,10007.731376531006,121.66367939265241,0
dodo-k500000000000000000,493,10000,518.9848439337229,-519.3962467543506,519.3962467543506,-0.41140282062769984,150570.77931815354,23781.43359068499,0.8636011944217805,10068,2966,107217.70678704225,0.008972017485807272,0.18549530260929814,100.89720174858073,9964.715389078468,40.56523644849904,0
dodo-k500000000000000000,494,10000,179.57884585986147,-179.46246723289178,179.46246723289178,0.11637862696969137,86764.6884896786,11718.180834898425,0.8810130034262307,7821,1803,58101.09402530056,-0.0007402042680766385,0.09309498446763953,99.92597957319234,10013.05474580249,62.51250639959682,0
dodo-k500000000000000000,495,10000,454.07936899779156,-454.0789233992009,454.0789233992009,0.00044559859065884666,134047.90017075697,19384.4486050362,0.8736612666122827,8002,2481,98539.9493647451,0.00003164479947557197,0.10706847227993449,100.00316447994756,9993.46410559335,93.3622555485158,0
dodo-k500000000000000000,496,10000,299.45642192216695,-299.4477284288295,299.4477284288295,0.008693493337432301,114946.51238417735,35243.79506251857,0.7653390843811478,7107,2399,85649.84975968946,0.0018846805043322946,0.043630748036348595,100.18846805043323,9989.723917737012,63.81967609577817,0
dodo-k500000000000000000,497,10000,333.14970931160207,-331.6379157055357,331.6379157055357,1.5117936060663624,124775.48893013994,17848.325587479794,0.8748573255606286,7720,2248,90122.85173413201,-0.011806380419646984,0.058222483534732986,98.8193619580353,10164.496332852914,142.06103934942544,0
dodo-k500000000000000000,498,10000,184.32869065541442,-184.32297809240364,184.32297809240364,0.005712563010774829,116586.47105268812,15718.16009397583,0.881197204075557,10583,2334,76210.94827870143,-0.0012631658407433121,0.019787503409893218,99.87368341592567,10014.402349246016,95.30359048196318,0
dodo-k500000000000000000,499,10000,137.1721034808258,-137.16971344538294,137.16971344538294,0.002390035442857652,77132.01963349555,9080.383463831035,0.894674279597797,6373,1667,53732.60415164637,0.00009833356222969769,0.02576496797416027,100.00983335622297,9997.718578841806,87.47165406845828,0
dodo-k500000000000000000,500,10000,550.9511543236342,-550.9661707072162,550.9661707072162,-0.015016383581951231,171343.46758864028,30056.258943097055,0.8507631591130256,7305,2852,132832.05255710578,0.00395526512902066,0.056517188517986344,100.39552651290207,9961.338454850093,108.87813137566569,0
dodo-k500000000000000000,501,10000,502.67551324045377,-502.5049456641424,502.5049456641424,0.17056757631138453,128355.21429870675,25354.493060708286,0.835049500150159,5364,2213,103196.42341708238,0.0004694228804720524,0.09469204090775349,100.0469422880472,9987.298938539712,99.87699805983084,0
dodo-k500000000000000000,502,10000,465.2444328151401,-465.39280376760735,465.39280376760735,-0.1483709524672463,153298.2158335149,36179.70873839236,0.8090558104848669,8679,2885,112806.62980960279,-0.0002490856471800385,0.1106699293565319,99.975091435282,9994.711638745608,75.81893143355069,0
dodo-k500000000000000000,503,10000,220.60356641874708,-220.58200207684627,220.58200207684627,0.021564341900813133,109485.2100807167,15017.967043077047,0.8793768368806794,8284,2152,76661.76520932911,0.00003400101450637294,0.02171112249967166,100.00340010145064,9997.547882777782,97.94582952960913,0
dodo-k500000000000000000,504,10000,670.6515312095211,-670.5684557912937,670.5684557912937,0.08307541822739495,234708.78010067495,79733.81215965239,0.74642807901278,11078,3681,164619.60901490823,-0.00065587226749372,0.05608799612229007,99.93441277325063,10005.526847800762,67.85407064680061,0
dodo-k500000000000000000,505,10000,77.71371574821622,-77.72973994978614,77.72973994978614,-0.016024201569919683,47286.47605671182,11602.023239877617,0.8029832076133488,4217,1026,32222.83620052021,-0.00006761936721588313,0.03140183891798401,99.99323806327841,10006.315094806296,80.97984172022159,0
dodo-k500000000000000000,506,10000,205.46982567357932,-205.35334139013264,205.35334139013264,0.11648428344668105,125220.2524602049,22554.342963784136,0.8473733397877212,9846,2185,81092.80995476445,0.0005660306945334526,0.025618685111896723,100.05660306945335,9986.723639591957,125.3239000523486,0
dodo-k500000000000000000,507,10000,212.01250827822528,-212.07893199164363,212.07893199164363,-0.06642371341834519,87520.1630693327,11838.929208929305,0.8808470474370522,5647,1755,65675.58075297906,-0.0006822124836217825,0.03213129625831044,99.93177875163782,10013.846190942915,116.76323549341127,0
dodo-k500000000000000000,508,10000,620.4890258814372,-620.5139206092244,620.5139206092244,-0.024894727787227566,196938.83839110952,11929.459054658822,0.9428852573581386,10483,3301,144448.42876301554,-0.00000969105363154199,0.08284530576469563,99.99903089463685,10001.413748897734,95.07703668238047,0
dodo-k500000000000000000,509,10000,514.2506855528399,-514.0648607211622,514.0648607211622,0.18582483167767805,199641.1945474483,65380.39618487477,0.7533016234480676,10891,3438,138471.25026564553,0.00012364548652499252,0.06542757196307476,100.0123645486525,9997.91670151012,93.67146644680534,0
dodo-k500000000000000000,510,10000,521.2472232656585,-521.0859423706481,521.0859423706481,0.16128089501034992,157161.49805467395,35027.6384657636,0.8177439209107497,7505,2761,120515.99876517613,0.0025599841711438386,0.0919485961086356,100.25599841711438,9974.046232869227,87.51734843932982,0
dodo-k500000000000000000,511,10000,428.5501451097332,-428.5146404089063,428.5146404089063,0.03550470082689117,182232.04505303744,40265.5870821511,0.8190291433857332,11002,3224,126664.68787662093,0.0013913206075179118,0.05006649621175754,100.13913206075179,9983.411968427004,103.86260754960776,0
dodo-k500000000000000000,512,10000,270.10299237758863,-270.071458865173,270.071458865173,0.031533512415649056,133654.5138459988,18581.9674349517,0.8779401147569951,10633,2503,90207.47024564818,0.0001302157234587753,0.04371922159939217,100.01302157234588,9997.203287419687,90.71353089466925,0
dodo-k500000000000000000,513,10000,736.1692149168184,-735.9096995670677,735.9096995670677,0.2595153497506999,209691.23200594625,58490.133304538365,0.781900829549354,9858,3611,155826.05795425296,0.002154460555824471,0.07514176081715462,100.21544605558245,9965.460690921298,46.23435740383001,0
dodo-k500000000000000000,514,10000,236.42018796771166,-235.83974033055568,235.83974033055568,0.5804476371559701,120920.37166780083,30361.869872390966,0.7993031464679573,9527,2113,78702.60773144747,0.0008404740070785976,0.07550537035436307,100.08404740070786,9992.923924559698,201.20910727615166,0
dodo-k500000000000000000,515,10000,318.54285225673715,-318.53799586137103,318.53799586137103,0.004856395366118704,132437.39433617683,16697.44913756334,0.8880379075162039,8566,2572,95264.1452516786,-0.00037426417428832793,0.07313790442404326,99.96257358257117,10003.52263375309,85.3506831389895,0
dodo-k500000000000000000,516,10000,498.281979665598,-498.5879540468785,498.5879540468785,-0.3059743812805209,133772.17004380378,20235.712324314383,0.8686059959194435,6795,2496,103332.70302233528,-0.0001762741352501962,0.12193008510767968,99.98237258647498,10011.3683660184,36.74187400178701,0
dodo-k500000000000000000,517,10000,893.8763660470053,-893.7661348555015,893.7661348555015,0.1102311915037717,201950.18458547528,40370.29418617202,0.8334012280315141,10030,3488,150124.1024794684,0.0024862136681589675,0.12966493323687986,100.2486213668159,9986.67899749975,33.76847659356618,0
dodo-k500000000000000000,518,10000,404.2802926070418,-404.15679848913857,404.15679848913857,0.12349411790324893,96419.48385802089,21547.8688938729,0.8173404048559784,4208,1813,78406.76809592126,-0.00044282447514873977,0.06378120052963254,99.95571755248513,9993.62263069977,72.43327741346008,0
dodo-k500000000000000000,519,10000,1068.5426130225926,-1068.3771956378566,1068.3771956378566,0.16541738473597434,272005.1778601945,42105.188414930126,0.865954158360852,11551,3969,201600.66650090824,0.004546253029945859,0.08727751829256988,100.45462530299459,9950.279849316428,105.0759677992,0
dodo-k500000000000000000,520,10000,415.9770882515801,-415.6063762223743,415.6063762223743,0.3707120292057766,169721.78322446215,47943.386503617294,0.7797379040316322,9772,2719,117547.69856764743,-0.004151086150481121,0.04770287897839509,99.58489138495189,10050.3011383823,138.28744481730243,0
dodo-k500000000000000000,521,10000,82.58492746354875,-82.63280236725622,82.63280236725622,-0.04787490370746639,54557.141931628874,9588.857717799312,0.8505151097464456,4818,1076,36552.5688861781,-0.000905984685463892,0.023960948293878345,99.90940153145361,10014.663587742118,111.02052442371586,0
dodo-k500000000000000000,522,10000,207.7593251304909,-207.7537225168502,207.7537225168502,0.005602613640718346,94660.64791558008,10951.095884179695,0.8963079721044753,6744,1868,67809.22020518698,0.0011423786382145807,0.053699254316370286,100.11423786382146,9987.488440930905,94.86528978636358,0
dodo-k500000000000000000,523,10000,212.56608815521074,-212.6279757831432,212.6279757831432,-0.06188762793246383,98812.47802880338,7954.402931987211,0.9254974683122156,7485,1890,69761.39261699525,0.00007273988443117219,0.03192970378762936,100.00727398844312,10003.522608845398,112.16467383836296,0
dodo-k500000000000000000,524,10000,296.17577764530694,-296.3391868120465,296.3391868120465,-0.16340916673954098,80839.98475881135,33447.21457486831,0.7073406753348304,4598,1705,62800.21086102257,0.001373051775184848,0.0973382608335622,100.13730517751848,10013.191910294685,60.93384366556086,0
dodo-k500000000000000000,525,10000,289.71727280178044,-289.9358845871297,289.9358845871297,-0.2186117853492533,94878.45435384412,17288.42217999021,0.8458687384882713,5805,1855,71573.0242094059,0.0007421742792151065,0.05231558743741587,100.07421742792151,10006.852260514186,103.88130537616819,0
dodo-k500000000000000000,526,10000,174.98999324411204,-174.93663721722203,174.93663721722203,0.05335602689001462,108882.73224484554,29525.093079026243,0.7866804639843299,10529,2169,68957.95363288028,-0.0011150757120643106,0.043756212717406415,99.88849242879357,10001.163896115997,104.74560557098565,0
dodo-k500000000000000000,527,10000,182.87538515682138,-182.8459882729357,182.8459882729357,0.02939688388568129,85877.06647559631,15859.880138667486,0.844108943048976,6541,1783,61338.86555469551,-0.00029844549718688996,0.03072848456853521,99.97015545028131,10006.611902547264,81.35558103079696,0
dodo-k500000000000000000,528,10000,317.8209009833112,-317.7775810072809,317.7775810072809,0.04331997603031823,135498.75197663446,22071.658772317092,0.8599251047997668,9422,2533,94533.13561350308,0.0038797359671862352,0.045662061731987225,100.38797359671862,9962.756208400506,89.07469559322297,0
dodo-k500000000000000000,529,10000,207.89929804183387,-207.91224733767686,207.91224733767686,-0.01294929584298643,72105.55833760268,4669.52936481423,0.9391791073829379,4075,1440,56033.45515401662,0.00016064042182165395,0.04601991099355729,100.01606404218217,10000.00415168725,100.28336618752037,0
dodo-k500000000000000000,530,10000,434.6458625080343,-435.07050900936355,435.07050900936355,-0.4246465013292209,120704.23690350457,29621.265751850016,0.8029524915691681,5321,2186,97350.25056657512,0.00013392307096168565,0.04921412973199366,100.01339230709617,10018.380912357705,101.69769729782128,0
dodo-k500000000000000000,531,10000,673.8794253887241,-673.9828287611903,673.9828287611903,-0.10340337246611853,213109.5407686795,20192.758371598142,0.9134480952566316,10678,3382,154701.5840843384,0.00021940026942061764,0.11004262406253332,100.02194002694206,10005.239621403054,110.13111417837389,0
dodo-k500000000000000000,532,10000,295.642309181349,-295.72588404067665,295.72588404067665,-0.08357485932765485,138703.1856765522,32458.538532752278,0.8103633351282412,9255,2499,97262.88370030481,-0.001827132760750345,0.03316437152008831,99.81728672392497,10024.706431635052,124.74795167451322,0
dodo-k500000000000000000,533,10000,200.03501724961828,-200.17957532285965,200.17957532285965,-0.14455807324137027,90733.6715534755,20026.378773067194,0.8191913175009813,6610,1788,64338.63523301105,-0.0005519275885396269,0.060999171902406175,99.94480724114604,10020.548725638233,142.7729189741036,0
dodo-k500000000000000000,534,10000,406.8683640277255,-406.21481748168287,406.21481748168287,0.6535465460426053,103123.46224842758,33707.35982454654,0.7536566738847053,6677,2291,77031.76625327644,0.00005021430906268165,0.13733122479490065,100.00502143090627,9997.88520097723,33.98897758375087,0
dodo-k500000000000000000,535,10000,294.2352439685088,-294.2228725085493,294.2228725085493,0.0123714599595246,78993.29662375635,11016.491237009574,0.8776078524476613,5130,1862,61073.93736412949,0.0025725160995305886,0.12139221154305417,100.25725160995306,9989.881089250597,17.266303552170353,0
dodo-k500000000000000000,536,10000,377.97748336245337,-378.06413409072456,378.06413409072456,-0.08665072827119502,129370.95279007967,6360.624592509352,0.9531382106126967,9436,2439,92391.16388271088,0.0008804091585585638,0.11188814889958365,100.08804091585586,9994.213074404697,85.9329445092417,0
dodo-k500000000000000000,537,10000,283.9474061695567,-283.9144683571523,283.9144683571523,0.032937812404384204,115359.31961158554,13428.245252254226,0.8957333709473333,7646,2284,84636.34211053852,-0.000023167948721152244,0.03480490126157321,99.99768320512788,9996.95681732198,86.57890930611123,0
dodo-k500000000000000000,538,10000,278.44272476295686,-278.3234108623422,278.3234108623422,0.11931390061465663,80472.02672042149,22141.700317302235,0.7842228232372622,3921,1539,64297.086827693856,0.0017946547485739473,0.053722479636622605,100.1794654748574,9991.537232277655,64.3198757310599,0
dodo-k500000000000000000,539,10000,256.9382415240352,-257.03390563583696,257.03390563583696,-0.09566411180173873,91156.24742226976,21335.093872315098,0.8103401237216635,4926,1798,70773.11146943171,-0.0010751701173248307,0.03818123971943578,99.89248298826752,10016.724882008644,106.7799829552167,0
dodo-k500000000000000000,540,10000,612.3318247625347,-612.437339028799,612.437339028799,-0.10551426626432203,201325.3616008053,36028.64113266778,0.8482071474769918,9727,3321,148011.87400163768,0.00006634406705430251,0.08875223958151565,100.00663440670543,10004.077975453101,90.5869240700577,0
dodo-k500000000000000000,541,10000,306.49191799469503,-306.4845605542821,306.4845605542821,0.007357440412931737,83067.1699844816,20928.17155883367,0.7987585669871872,3964,1644,67214.09341521906,0.003347898958253239,0.06662656572328003,100.33478989582532,9986.18601954993,42.0996734967568,0
dodo-k500000000000000000,542,10000,329.8144328803556,-329.7157123770496,329.7157123770496,0.09872050330596949,152333.9114856559,22169.144004702935,0.8729584193101548,10330,2801,107589.94307520697,-0.0002823845041331197,0.050414124210293634,99.97176154958669,9993.176333920212,99.12963906929552,0
dodo-k500000000000000000,543,10000,228.93603911979332,-228.90485370254737,228.90485370254737,0.031185417245950475,75160.94077873259,7777.676713938201,0.9062236995374862,4662,1513,58150.61851052363,0.0030135677833571604,0.05565234908810908,100.30135677833572,9974.222900350926,82.93519514019627,0
dodo-k500000000000000000,544,10000,513.3712058815655,-514.2998070411485,514.2998070411485,-0.9286011595829677,149718.06659668003,45318.63541908775,0.7676404750967131,7593,2645,112718.12508268373,-0.0011882548205882416,0.08873101275777032,99.88117451794118,10020.228109388767,83.85583403727492,0
dodo-k500000000000000000,545,10000,887.5691028597365,-887.5944897712191,887.5944897712191,-0.02538691148254202,242580.33719159517,10972.718437069112,0.9567241719494834,11670,3714,180397.65482308427,-0.0004215676681610603,0.055910232669443616,99.9578432331839,10002.523596486328,93.23300619833327,0
dodo-k500000000000000000,546,10000,527.3111474924814,-527.7493492321172,527.7493492321172,-0.4382017396358151,206628.84221211393,18091.497462841973,0.9194932800074519,11551,3155,146317.97558585717,-0.00038521833845848617,0.03879035615217404,99.96147816615415,10044.687841414261,305.13540527244663,0
dodo-k500000000000000000,547,10000,234.35181021630763,-234.35327475263995,234.35327475263995,-0.0014645363323211313,111219.11712994914,18639.630746005427,0.8564622634140087,7832,2213,78932.81557196271,-0.00020448417064230284,0.05724111830196122,99.97955158293577,9998.162567248926,98.21059136074548,0
dodo-k500000000000000000,548,10000,212.20647100574269,-212.186260192289,212.186260192289,0.020210813453672927,93235.94333991656,17230.736012952726,0.8440187021652772,4940,1718,71107.76057297978,-0.0007277222067234846,0.028207547361332387,99.92722777932765,10015.50930944826,159.14265862726558,0
dodo-k500000000000000000,549,10000,107.99518832506433,-107.9210062527317,107.9210062527317,0.07418207233263274,59809.18943918047,12200.019894103621,0.8305769497115624,5478,1326,41392.97152015123,-0.0038091316219906446,0.06082110124240955,99.61908683780094,10041.213406745,101.7972663837582,0
dodo-k500000000000000000,550,10000,275.39545519904823,-275.40164834271707,275.40164834271707,-0.006193143668838275,109767.99031006794,22324.250179083,0.8309949918601273,5456,1937,85484.0488856345,0.003414398841873094,0.02718080661347571,100.34143988418731,9964.715219154034,130.97145669698696,0
dodo-k500000000000000000,551,10000,610.4775348887393,-610.8230391506895,610.8230391506895,-0.34550426195016826,142466.74773335364,19201.205227986095,0.8812306033677698,6914,2538,110245.4845012491,0.0008443742483524374,0.14688721111233263,100.08443742483524,9991.25020925121,68.6646416531645,0
dodo-k500000000000000000,552,10000,223.30127677389342,-223.4174896721975,223.4174896721975,-0.11621289830407022,76766.47162506382,10902.413605932046,0.8756410147430798,5009,1647,58847.61758208364,-0.0018393894740565031,0.04800385685952975,99.81606105259435,10015.802930556669,55.18647110103805,0
dodo-k500000000000000000,553,10000,290.0652092583076,-290.09052306056304,290.09052306056304,-0.025313802255425344,146879.61431519323,34729.39030221014,0.8087683461765857,9222,2717,102717.33182584055,0.00046064291050669227,0.0307347886842652,100.04606429105067,9997.16010938499,101.98080623911477,0
dodo-k500000000000000000,554,10000,356.7789264389233,-356.7587487675617,356.7587487675617,0.020177671361579996,119283.33475039827,39218.2464830419,0.7525687366785224,6454,2428,91476.7493006359,-0.0006376214998027763,0.095764503052132,99.93623785001972,9999.327911997185,39.7306217339827,0
dodo-k500000000000000000,555,10000,331.2129943733554,-330.44521198430215,330.44521198430215,0.7677823890532522,99314.29275109885,22571.281824505553,0.8148158065210185,6362,1923,72943.54977135368,-0.0005897187074965871,0.13210639499540433,99.94102812925034,9994.492083374946,99.0478883338801,0
dodo-k500000000000000000,556,10000,214.71285664676554,-214.65271831841375,214.65271831841375,0.060138328351797554,128521.7491852971,18310.754473818055,0.8752949516114763,9604,2254,85633.534550403,-0.0005312615279940758,0.02137911699592806,99.94687384720059,10002.068039172058,202.7625046711033,0
dodo-k500000000000000000,557,10000,337.63720889574284,-337.7381950594304,337.7381950594304,-0.1009861636875371,155905.92088378823,34005.51647980099,0.8209401342442755,11343,2835,105198.70390383105,-0.0023385295065573076,0.044047589762857484,99.76614704934427,10030.213347922812,106.7344285451224,0
dodo-k500000000000000000,558,10000,328.211263196012,-328.0872143069418,328.0872143069418,0.1240488890701954,131793.2758934237,14820.484136973066,0.8989147803459893,8532,2373,94940.28983168623,-0.00006340928035811544,0.04994614507697406,99.99365907196419,9991.273450692326,116.09850474915106,0
dodo-k500000000000000000,559,10000,978.8034598230529,-978.601613185569,978.601613185569,0.2018466374838681,233428.09910658805,43439.765901210114,0.8431028971166927,10878,3808,172671.6850409253,0.0017743345905135753,0.08339165178043217,100.17743345905136,9978.812246055315,69.45967769035484,0
dodo-k500000000000000000,560,10000,268.88598420520657,-267.7592358863076,267.7592358863076,1.12674831889899,94464.08909471967,20971.06738641961,0.8183303247841481,5113,1857,72740.20527609946,-0.015875891856955635,0.05129427193375222,98.41241081430444,10137.493351952504,85.91916807170469,0
dodo-k500000000000000000,561,10000,299.94999312937296,-299.99932170660355,299.99932170660355,-0.04932857723059669,103308.45366999318,5975.420744244792,0.9453220269113529,7117,2045,75806.51869211432,0.0008912153368724773,0.0713340293280588,100.08912153368725,10000.057888250343,72.1248658647297,0
dodo-k500000000000000000,562,10000,458.8140648762445,-458.8153901174719,458.8153901174719,-0.001325241227391416,143876.06052305154,3700.590005063873,0.9749242851642114,7754,2493,110561.92251136577,0.0005829882307239132,0.049422386234911214,100.05829882307239,9994.358999392532,99.63677897888302,0
dodo-k500000000000000000,563,10000,530.4749326808019,-530.374858544874,530.374858544874,0.10007413592791181,165223.81709643584,15452.09127805075,0.9144761943245735,7794,2802,128079.6480289938,-0.004790475683309836,0.06428730999109504,99.52095243166902,10046.13854464783,95.99120198730567,0
dodo-k500000000000000000,564,10000,677.2153952277092,-677.2243388515411,677.2243388515411,-0.00894362383189673,207675.04758573367,36202.06002461751,0.8515561366979205,10531,3437,149906.9226765548,0.0002159292074595953,0.09454505728043543,100.02159292074596,9997.566886722861,98.954955671467,0
dodo-k500000000000000000,565,10000,494.200324499337,-494.47668025601945,494.47668025601945,-0.2763557566824488,157206.93135043603,41064.72407525599,0.792886562695563,7271,2565,118022.01847625883,-0.0010124777378388216,0.07372306377334709,99.89875222621612,10029.680573720856,218.39122965706557,0
dodo-k500000000000000000,566,10000,426.00835613492103,-425.7186945735461,425.7186945735461,0.2896615613749418,129818.23148590344,15456.393545942767,0.8936056896202313,6727,2302,99107.1346595648,0.006955447953746443,0.07642350798012075,100.69554479537464,9913.666815306773,109.61850464730547,0
dodo-k500000000000000000,567,10000,795.7045929477879,-796.056538307379,796.056538307379,-0.35194535959112727,198840.6560548193,21246.533646527547,0.903463106256395,10310,3402,146954.26535911762,0.0016238549300662442,0.08414547175521733,100.16238549300662,9988.572937944748,51.24606829775438,0
dodo-k500000000000000000,568,10000,215.57427629709017,-215.5269582870199,215.5269582870199,0.04731801007025638,113006.03462117232,11233.949080662289,0.9095786336577215,9696,2234,77100.82339427092,0.000039610979807065406,0.03684304259159546,100.0039610979807,9997.070804047218,112.53721362883763,0
dodo-k500000000000000000,569,10000,1107.9018053933048,-1107.9458462953528,1107.9458462953528,-0.044040902047981945,241403.6831299767,13613.406377373161,0.9466176701974288,9124,3528,189726.5757652449,-0.00015466599563623617,0.08605510308211323,99.98453340043638,10000.752749624517,102.45326020043706,0
dodo-k500000000000000000,570,10000,731.9433242712578,-730.7051530320294,730.7051530320294,1.2381712392283362,197785.93326995603,49554.659433840396,0.7996501144752056,9224,3438,147186.96904016912,-0.018564333063268493,0.1194207822908841,98.14356669367315,10057.544805613992,45.819512705477635,0
dodo-k500000000000000000,571,10000,1014.9396792297687,-1014.3549176898821,1014.3549176898821,0.5847615398865855,249003.9506640578,39676.09569961035,0.8625603113225639,11493,3984,185446.1168417314,-0.013272586999291463,0.08747875482252625,98.67274130007085,10071.092829864978,67.94677806911939,0
dodo-k500000000000000000,572,10000,185.276115504443,-185.25962483414023,185.25962483414023,0.016490670302772514,74075.55675981815,15181.183920066904,0.8299155469443649,5091,1600,55133.96340118746,0.00019984968215368325,0.040736982048093895,100.01998496821537,9995.028183840914,61.81167045016577,0
dodo-k500000000000000000,573,10000,446.34025289421953,-446.505039982369,446.505039982369,-0.16478708814946685,158687.54405997496,31928.397118039073,0.8324988092773337,10943,3088,110968.37803589107,0.005706279706713815,0.08432694522394513,100.57062797067138,9968.73547665446,51.63776651458527,0
dodo-k500000000000000000,574,10000,402.49670434722367,-402.58678786610346,402.58678786610346,-0.09008351887979416,145927.27124380114,27609.800053553034,0.840899700293755,6892,2361,109923.91945015648,-0.001125700309375901,0.05977744195589821,99.88742996906241,10016.45478403551,167.5473347110451,0
dodo-k500000000000000000,575,10000,634.2001436594373,-634.0778647883459,634.0778647883459,0.12227887109145286,219405.25448702587,30657.27327109429,0.8774015701354968,11475,3604,158460.81597704018,-0.0001831000915059633,0.054668141111842344,99.9816899908494,9997.792119428375,88.1459098851723,0
dodo-k500000000000000000,576,10000,444.0438221504852,-443.97905896469496,443.97905896469496,0.0647631857902411,175515.18429015626,45392.05615058651,0.7945198352936617,10990,3091,120126.35812211901,-0.0008774218185736515,0.0863752387791753,99.91225781814263,9998.711942984943,83.24196392931401,0
dodo-k500000000000000000,577,10000,217.2163388882434,-217.20560623752803,217.20560623752803,0.010732650715368663,63921.13393743676,5974.0897033257515,0.9145279263425705,4033,1358,49973.05454722541,0.0015871024716993531,0.084067993065525,100.15871024716994,9997.178126598747,44.438527779382895,0
dodo-k500000000000000000,578,10000,347.5186094696698,-347.6804704513688,347.6804704513688,-0.16186098169902152,158641.01981900024,50590.64878420933,0.7582074973547609,11169,2652,104194.59096724479,-0.0008157538196243763,0.05638924256951484,99.91842461803756,10017.394320136855,183.1108844988538,0
dodo-k500000000000000000,579,10000,151.35316520425647,-151.36501186364137,151.36501186364137,-0.011846659384900704,74815.33724179411,15591.282353622917,0.8275426907521131,5041,1553,55279.82917982645,0.00007417852091307963,0.033216550966181584,100.00741785209131,10008.357758092008,143.8945402773289,0
dodo-k500000000000000000,580,10000,330.47681324231064,-330.3250279267909,330.3250279267909,0.15178531551975993,140145.46853967273,26889.713013599227,0.8390176682328245,9042,2469,98203.01098384423,-0.001340134274401521,0.03611689535541245,99.86598657255985,10000.05509209465,157.51798221163267,0
dodo-k500000000000000000,581,10000,146.6783512995661,-146.67168605300552,146.67168605300552,0.006665246560572768,76416.94294469115,23138.615249055598,0.7675808797734311,7499,1779,49766.27935396709,-0.0019011800962893232,0.08435630074758876,99.80988199037107,10004.800707673934,27.90702266373063,0
dodo-k500000000000000000,582,10000,282.8827493348436,-282.86832541795746,282.86832541795746,0.014423916886130428,108667.18778022693,24399.1744589139,0.8166390510092639,7048,2148,79715.45784457242,-0.0006971608021875398,0.05013862103462344,99.93028391978125,10007.111397061146,66.33948181015751,0
dodo-k500000000000000000,583,10000,214.40269326702918,-214.3718669161039,214.3718669161039,0.030826350925281076,75203.17769690606,4343.813586062549,0.9453931127248985,5331,1571,56472.591755663765,0.00014357359594356468,0.04158605366736296,100.01435735959436,9996.081978962342,62.790361907341946,0
dodo-k500000000000000000,584,10000,411.9772343359559,-411.9818631404997,411.9818631404997,-0.00462880454375636,187495.5363133148,28759.073990984005,0.8670128976648581,11696,3339,130014.53749472814,-0.000013955319822684941,0.03846880862169371,99.99860446801773,10000.917197354722,102.45791525013938,0
dodo-k500000000000000000,585,10000,129.34048866861207,-129.4142001060253,129.4142001060253,-0.07371143741323749,60550.909226519994,6358.36573699834,0.9049703387091674,5128,1333,43518.753016652525,0.001162022190005132,0.04917786970013083,100.11620221900051,9996.03958736743,62.998818361584135,0
dodo-k500000000000000000,586,10000,406.1213736823721,-405.6990074682278,405.6990074682278,0.4223662141442901,134387.60393412903,31449.514383458325,0.8103590155056195,6330,2296,103220.38027534792,-0.0020109909404557413,0.03994073712843857,99.79890090595443,10008.073731775621,135.47173399506005,0
dodo-k500000000000000000,587,10000,330.63459156185235,-330.7615940270902,330.7615940270902,-0.12700246523786518,99394.08778636501,15819.671712772444,0.8626928608046084,5360,1851,77937.5354880658,-0.00030565526028510705,0.058885526159214836,99.96943447397149,10020.240744851077,79.6243781498357,0
dodo-k500000000000000000,588,10000,240.13370849055536,-240.0330606438854,240.0330606438854,0.10064784666997184,103070.90778758658,19371.574816733668,0.8417904112632705,6402,1904,76599.47344339262,0.000943567285700766,0.044225293494874335,100.09435672857008,9980.748865937618,142.9535982638559,0
dodo-k500000000000000000,589,10000,305.88852452246454,-305.8454474508221,305.8454474508221,0.04307707164241492,145567.15050785226,12377.373476279216,0.9216346780245275,11135,2593,98264.95943943193,-0.00010238643992650509,0.029873668988601453,99.98976135600735,9999.85263377724,104.12931698699431,0
dodo-k500000000000000000,590,10000,445.6892666214155,-445.6740863841075,445.6740863841075,0.015180237308015876,178152.5588193627,26316.580459917826,0.8712931420718091,10220,3116,127786.43655422791,0.00010591274369673443,0.06866151590680701,100.01059127436967,9998.396183432273,102.17605587213778,0
dodo-k500000000000000000,591,10000,473.7309006801218,-467.43820682605406,467.43820682605406,6.29269385406775,157225.80909168522,22590.289500644,0.874370038736856,7941,2609,117384.35107303273,0.02001500529967302,0.06462550225197262,102.0015005299673,9645.296961982043,170.94502230468575,0
dodo-k500000000000000000,592,10000,661.707814003649,-661.769719132443,661.769719132443,-0.06190512879402377,189476.19598951732,31266.719689580306,0.8583568600904323,9081,3189,141631.08831146947,0.00002350957207923443,0.09714188430906547,100.00235095720792,10000.642497805757,86.88299440932985,0
dodo-k500000000000000000,593,10000,172.22138584891673,-172.3934731805494,172.3934731805494,-0.17208733163266743,72359.41276923569,15691.701068379329,0.8217887272009055,4967,1435,53306.40393903661,-0.0002084881789114945,0.051747696222617066,99.97915118210885,10016.676323412135,127.52394978198895,0
dodo-k500000000000000000,594,10000,184.06744596601732,-183.9564851728346,183.9564851728346,0.110960793182727,102950.67666759771,34292.07568692374,0.7501356166455956,8579,2152,68477.33943019249,-0.005276360673230726,0.04491422364100643,99.47236393267693,10015.75156741368,40.779985185185986,0
dodo-k500000000000000000,595,10000,209.50348002743127,-209.48115636163362,209.48115636163362,0.02232366579764289,110947.99789489781,25147.588910551323,0.8152211287607716,9462,2128,72016.24395375149,-0.00037485693752515204,0.07326210116134874,99.96251430624748,10004.698523846328,104.341102744763,0
dodo-k500000000000000000,596,10000,384.6627017966208,-384.69687484241035,384.69687484241035,-0.03417304578954372,114708.66775908398,20341.167907755334,0.8493802838980425,5418,2038,91474.76601169592,0.001456323088147826,0.06071077557837583,100.14563230881478,9990.199777555641,87.41606387806199,0
dodo-k500000000000000000,597,10000,450.7337455349439,-450.4326384354491,450.4326384354491,0.30110709949479997,175053.9248585177,22387.92087823045,0.8866100506977606,10576,2973,124086.17500727848,-0.006228280537075221,0.06199193426086154,99.37717194629248,10061.831901772022,95.73666565786881,0
dodo-k500000000000000000,598,10000,804.6848221641332,-804.8128499049362,804.8128499049362,-0.128027740803077,245779.80588461435,45494.14123253734,0.8438097822245688,10975,3785,179280.3366261065,0.0011021238322734917,0.08201604014558668,100.11021238322735,9988.04217949135,92.16854290901698,0
dodo-k500000000000000000,599,10000,1571.8765311600632,-1572.9825570305704,1572.9825570305704,-1.1060258705072101,282142.91523165925,27286.58944475453,0.9118164588949282,11194,3996,215380.17286865693,0.0020243645214604554,0.21873717043885763,100.20243645214605,10000.100873873012,85.52272691216025,0
dodo-k500000000000000000,600,10000,206.21810644196955,-206.37613493699777,206.37613493699777,-0.15802849502821914,72939.66267929054,23892.663397642733,0.7532573638821811,4308,1599,55532.23702179093,-0.0018105496809357646,0.07608775761806015,99.81894503190642,10015.96896694752,53.75655396086622,0
dodo-k500000000000000000,601,10000,253.1427844859713,-253.07656601266928,253.07656601266928,0.06621847330202968,87209.78626602428,19536.438118825226,0.8169823969755502,4140,1677,69755.9673752568,-0.0002630517988455949,0.04976091769670887,99.97369482011544,9997.366418283911,110.0934412303796,0
dodo-k500000000000000000,602,10000,418.60356525261403,-418.6989721898201,418.6989721898201,-0.09540693720606441,124986.0640507163,16852.1890507083,0.8811872771821452,5461,2069,99074.73818775627,-0.0003096607855010802,0.04475534565236671,99.96903392144989,10006.434542668085,126.13494630676568,0
dodo-k500000000000000000,603,10000,304.81415814005885,-304.4767322009613,304.4767322009613,0.3374259390975567,136763.29482806794,21588.65326062968,0.86366663927281,8946,2592,97849.12155352539,0.008070853376717367,0.035983885445923104,100.80708533767174,9918.502775225455,99.4759488368599,0
dodo-k500000000000000000,604,10000,906.2981471018986,-904.7149554768062,904.7149554768062,1.5831916250924678,222355.34383263212,53058.504220472976,0.8073499041695162,11570,3788,158495.09235830233,-0.002817687523844654,0.3131123327271132,99.71823124761553,9988.318935876152,40.19395435154546,0
dodo-k500000000000000000,605,10000,173.7558256727441,-173.75437523850596,173.75437523850596,0.001450434238137177,73218.77521152138,4427.487248932803,0.942978746064078,4859,1511,55920.87595612599,0.0012987413670300897,0.03188803363317831,100.12987413670301,9988.150986159942,102.41020392610012,0
dodo-k500000000000000000,606,10000,128.29406855741448,-128.19575749154203,128.19575749154203,0.09831106587245131,60260.88976642599,7447.534777563259,0.8900057883827337,4114,1197,44953.23630110239,-0.0024654017109489246,0.028227450678354273,99.75345982890511,10025.563417681287,127.25552115746517,0
dodo-k500000000000000000,607,10000,567.3587341328039,-567.4591641261446,567.4591641261446,-0.10042999334075375,154056.97746755256,24429.64131024225,0.8631290038573946,7377,2667,116956.75281310387,-0.00009043086656376431,0.08675326675585424,99.99095691334362,10012.85973377665,122.22203561688673,0
dodo-k500000000000000000,608,10000,346.09984199583556,-346.1161477611606,346.1161477611606,-0.016305765325057564,161235.22685214417,16492.13719220861,0.9072054138602264,11237,2896,111188.76935830331,-0.0020757428820341772,0.05017563293418647,99.79242571179658,10027.435177533187,105.19220550071998,0
dodo-k500000000000000000,609,10000,210.23250720227287,-210.1815954197611,210.1815954197611,0.05091178251177553,111048.74070138713,24288.370815092698,0.8205342899450375,10018,2049,70982.39423824617,-0.001452388692505906,0.05178288452820595,99.85476113074941,10000.441370088065,100.24624707468026,0
dodo-k500000000000000000,610,10000,310.22627965528716,-310.59794452834404,310.59794452834404,-0.37166487305688634,143370.18150150724,25037.150041622033,0.8513298096216791,11394,2558,94009.8267036658,0.0011183446552158216,0.0624200273851406,100.11183446552158,9991.737413511655,122.47292879266541,0
dodo-k500000000000000000,611,10000,872.1273334685153,-871.850019146151,871.850019146151,0.27731432236430464,237162.19244137307,42022.09532386091,0.8494825920891461,11568,3847,172252.05584239739,-0.0006125546935690806,0.16246530050860258,99.93874453064309,9979.963308989942,47.75684995178802,0
dodo-k500000000000000000,612,10000,497.4539596164476,-497.4538165398194,497.4538165398194,0.00014307662820556288,172357.3760917058,9834.741568662586,0.9460199393093618,11176,3113,123610.89767007316,0.0014336600813327038,0.05155223199452166,100.14336600813327,9982.057008074158,54.572305331533386,0
dodo-k500000000000000000,613,10000,330.3252467007413,-330.1961128320889,330.1961128320889,0.12913386865238863,138741.70260456216,39319.72491480508,0.7791788740403736,8472,2692,96975.04936635964,-0.00003224820402323303,0.048984316364675776,99.99677517959768,9992.757470144466,65.467761243177,0
dodo-k500000000000000000,614,10000,695.5558175696564,-695.068029421738,695.068029421738,0.4877881479184225,210205.50696501165,15045.371638105327,0.933206157812087,9815,3196,156623.56823253137,0.00022361148169494527,0.04488651865269091,100.0223611481695,9986.721465992394,118.1689678595904,0
dodo-k500000000000000000,615,10000,109.69091871704538,-109.66160952003769,109.66160952003769,0.029309197007691523,53667.877049093506,9273.455176594489,0.8526650954361314,4775,1270,38372.991764772836,-0.00014220783957441085,0.038250997886790546,99.98577921604256,9992.894204075235,51.05806734201403,0
dodo-k500000000000000000,616,10000,115.72908439959369,-115.73335846001223,115.73335846001223,-0.0042740604185382836,52079.87776051871,4194.117538288768,0.9254697037944692,4333,1141,38211.29200557689,0.000039746619219442894,0.04404462611752066,100.00397466192194,10000.96028806981,107.76120335627509,0
dodo-k500000000000000000,617,10000,507.64711968577353,-508.469135054073,508.469135054073,-0.8220153682994464,186211.33811459836,46770.049420203155,0.7992541382164406,9792,2974,132982.5304745757,0.0006194730981893315,0.0501546483609215,100.06194730981893,10006.106818084696,104.6636433113879,0
dodo-k500000000000000000,618,10000,828.0610753302203,-827.9724849652557,827.9724849652557,0.08859036496460249,248280.69911528548,55106.9655139384,0.8183612191969448,11139,3947,181714.31706353725,0.000011362761973714442,0.11403772301220727,100.00113627619737,9993.583894898915,81.63107379049231,0
dodo-k500000000000000000,619,10000,308.8826807531091,-308.6288499313022,308.6288499313022,0.25383082180690053,148767.88420968433,21480.02539231749,0.8738309008167409,11212,2867,100615.29918986342,0.007861788730312468,0.058608595158246145,100.78617887303125,9924.865799640187,96.09177552407807,0
dodo-k500000000000000000,620,10000,891.3109848616735,-892.6125266285381,892.6125266285381,-1.3015417668646023,181646.0111921087,31258.538923701686,0.8531805031564687,7803,2990,142277.25687570582,0.000839879046666141,0.1951535891471498,100.08398790466661,10027.279747372893,77.39078559825987,0
dodo-k500000000000000000,621,10000,262.2608647187983,-262.00800897381725,262.00800897381725,0.2528557449810478,88436.59700105598,20801.598481914563,0.8095757771359617,4034,1578,69417.95091885999,-0.005705485916943615,0.040143790101727174,99.42945140830564,10063.45231187159,122.78787575107806,0
dodo-k500000000000000000,622,10000,76.34552194271008,-76.34928601171029,76.34928601171029,-0.003764069000212089,48876.55379234991,9263.702005793059,0.8406663011948953,4716,1112,33397.30422542559,0.00026303936986664666,0.024398251656868267,100.02630393698666,9999.565812770965,92.90810835553661,0
dodo-k500000000000000000,623,10000,294.73584004058654,-294.67777054724183,294.67777054724183,0.05806949334470346,114591.1317240475,22478.004762736124,0.83600972955058,8230,2285,81927.28875889479,0.00021692315381002914,0.06753875604528403,100.021692315381,9997.925298525188,86.01573014315113,0
dodo-k500000000000000000,624,10000,706.1131325631144,-703.8206402632666,703.8206402632666,2.2924922998478223,143906.64783588174,29079.95908002352,0.8318947368326596,8653,2839,105813.96312556848,0.004617441544184402,0.5934854559025681,100.46174415441844,9996.931117278138,33.270632516992315,0
dodo-k500000000000000000,625,10000,515.8388357650606,-515.6946668846382,515.6946668846382,0.14416888042239862,138499.58592630387,12179.43376235272,0.9191696774539767,6193,2386,110178.53615613245,-0.0007169149246681173,0.0818207780742712,99.92830850753319,9998.073456920567,104.8000712852069,0
dodo-k500000000000000000,626,10000,137.71929448508897,-137.72426560890278,137.72426560890278,-0.0049711238138172575,64513.382408633224,3530.4871806317383,0.948114544308798,4810,1429,49007.51051601895,0.00006809068586377976,0.02584693077595901,100.00680906858638,9999.996929800845,90.71281131164903,0
dodo-k500000000000000000,627,10000,124.96248075614125,-124.97626031104846,124.97626031104846,-0.013779554907216607,52849.2154094205,4901.77837226055,0.9151221814330851,4277,1191,39145.82203980021,-0.0007439109113730069,0.043267226829392484,99.9256089088627,10008.820520657904,69.20764041483396,0
dodo-k500000000000000000,628,10000,638.8440284173627,-638.8183739591097,638.8183739591097,0.0256544582529159,187558.86957556088,55232.354689565895,0.7725109099114207,8797,3069,137407.4253514813,0.0005403444161454729,0.07304838028326387,100.05403444161455,10011.481085882377,119.61462933631582,0
dodo-k500000000000000000,629,10000,103.5391634926519,-103.53089115801261,103.53089115801261,0.008272334639286782,52069.31923226756,5913.33862142963,0.8980153921824303,4074,1085,38349.10143255142,0.0003466994082022268,0.02178767334764231,100.03466994082022,9992.84167690032,144.8054846259827,0
dodo-k500000000000000000,630,10000,205.7943993110615,-205.76412099932952,205.76412099932952,0.03027831173199047,77976.16753064295,19322.24312994148,0.8014125513586738,4046,1441,60147.8801854688,-0.00048143047895123916,0.03871669884627323,99.95185695210488,10008.270450275539,135.3348578819516,0
dodo-k500000000000000000,631,10000,609.3490829264813,-610.121480887602,610.121480887602,-0.7723979611207596,180320.7326884373,19756.46327656073,0.9012557968874325,7855,2685,138798.8551863749,-0.003334577623586199,0.04131248713840464,99.66654223764138,10056.679028571933,177.22367047747647,0
dodo-k500000000000000000,632,10000,757.5555096743288,-757.3352242449632,757.3352242449632,0.22028542936561735,231301.61626405903,43295.208428023645,0.8423317222383309,10573,3555,170436.64869469,0.004255007763575378,0.06306120600826645,100.42550077635754,9961.708958756062,87.79391393212764,0
dodo-k500000000000000000,633,10000,1014.6068618282603,-1014.4967654471349,1014.4967654471349,0.11009638112545872,215571.4710642753,8977.983923044663,0.9600177879587745,8654,3205,168890.8246766511,0.001575619494536653,0.12279415619601253,100.15756194945367,9983.722257536807,97.13453000383612,0
dodo-k500000000000000000,634,10000,380.58086588684233,-380.6231365480508,380.6231365480508,-0.04227066120847667,108071.52048962914,16153.312483858455,0.8699671225373599,4527,1872,87885.13955995669,0.00009264590890836644,0.05171507772944906,100.00926459089084,10001.566767390488,119.34191686874206,0
dodo-k500000000000000000,635,10000,847.4279733123028,-847.7239993008825,847.7239993008825,-0.2960259885796859,174134.81526990174,36692.37757099432,0.8259599386750609,7938,3159,134228.1518118066,0.007941568049514559,0.13125427551379673,100.79415680495146,9979.271751797984,41.45820561370026,0
dodo-k500000000000000000,636,10000,257.4798306025707,-257.4228795796178,257.4228795796178,0.05695102295288734,113705.51672080046,16678.530794406448,0.8720815075750643,9324,2323,78663.6072690555,-0.0008889006785658182,0.05637525629854011,99.91110993214342,9996.405398802588,72.4763268572966,0
dodo-k500000000000000000,637,10000,211.8289826106128,-211.84312504917068,211.84312504917068,-0.014142438557882997,98639.43289645355,24782.807165047798,0.7992030678368947,7312,1919,68578.73240737357,-0.00028357036449790487,0.06977102790206785,99.97164296355021,10000.431801582743,129.0679058391502,0
dodo-k500000000000000000,638,10000,178.17588808188052,-178.0144433910569,178.0144433910569,0.1614446908236289,91922.56129017171,7482.841022480018,0.9247240004225842,7633,1885,63268.34926561825,0.005778528647537655,0.03542717982078827,100.57785286475377,9943.58209327124,99.23445976650498,0
dodo-k500000000000000000,639,10000,394.42443969742493,-394.3246345192488,394.3246345192488,0.09980517817615464,128326.54100597584,18833.765590493695,0.8720187119333881,6026,2182,99444.61557619963,-0.00015167379154746642,0.05032708229387481,99.98483262084525,10003.920263806545,150.36570794272964,0
dodo-k500000000000000000,640,10000,228.54501003068407,-228.54487220830643,228.54487220830643,0.0001378223776384857,91679.50178899446,2737.9780406150862,0.9710013649426338,6398,1772,66920.104286451,0.0003260391740722923,0.02902233851386569,100.03260391740723,9996.84207291323,100.16493752469623,0
dodo-k500000000000000000,641,10000,486.62913278309,-486.49313106815737,486.49313106815737,0.13600171493260405,104513.83655525361,13844.273814891361,0.8830306282214566,4575,1920,85402.25661974531,0.0021481130365079083,0.12159225212187309,100.21481130365079,9988.204004197794,59.86077133900214,0
dodo-k500000000000000000,642,10000,468.5464359434601,-468.6123836090066,468.6123836090066,-0.06594766554650278,171760.3023154567,18406.288907069687,0.9032096605994726,9928,2993,124088.88732146977,-0.0008172364232630968,0.06121925599404861,99.91827635767369,10010.974221090713,87.8002578843329,0
dodo-k500000000000000000,643,10000,279.97980106264833,-279.953820914724,279.953820914724,0.025980147924315133,151797.86863768555,35712.49543489066,0.8095438851525664,11059,2601,99338.10483515728,-0.002065979310207382,0.03728890328788779,99.79340206897926,10021.819437853657,176.0255444871919,0
dodo-k500000000000000000,644,10000,268.5213425161536,-268.3033514844854,268.3033514844854,0.21799103166819123,98380.78439664235,10026.290336914251,0.9075125829051572,7568,2021,71119.47739825085,-0.007807655116097862,0.06254388469289097,99.21923448839021,10035.566827686804,43.50502343556149,0
dodo-k500000000000000000,645,10000,403.2848539637705,-403.31093532154284,403.31093532154284,-0.026081357772341107,131322.74902628473,14184.534882294383,0.9025166678858056,6631,2298,100635.9673848861,0.000874819937548068,0.053345544537126414,100.0874819937548,9990.131513918612,112.08563231943062,0
dodo-k500000000000000000,646,10000,207.28104972831818,-207.313863451729,207.313863451729,-0.032813723410811235,93912.75677692908,19692.363574637282,0.8266595421606298,5540,1937,70843.35415308047,-0.00005271148803387859,0.03350268451286467,99.99472885119661,10005.082519750897,99.87357187932876,0
dodo-k500000000000000000,647,10000,670.4992700477397,-670.5293501172539,670.5293501172539,-0.030080069514156094,188094.2925761165,28095.336334038475,0.870043089135814,8938,2971,142076.7209239077,-0.0002776687827447688,0.10232419100576096,99.97223312172552,9988.764076512596,207.24050857232703,0
dodo-k500000000000000000,648,10000,370.4286107350831,-370.4516742774048,370.4516742774048,-0.02306354232166541,162778.82473880224,19884.834873529453,0.8911396228689868,10999,2856,112665.04146032801,-0.001150108148175235,0.04717171813200054,99.88498918518248,10012.050026038129,116.09301442264407,0
dodo-k500000000000000000,649,10000,491.44252420038805,-491.1575462611985,491.1575462611985,0.2849779391895595,128475.36256833431,14653.589664169967,0.8976196678896516,5468,2095,102487.22831041642,-0.00020432031847178678,0.06949206537487129,99.97956796815282,9990.277258421014,131.9835907771027,0
dodo-k500000000000000000,650,10000,244.45962262535969,-244.36222363390715,244.36222363390715,0.09739899145253617,102416.48626806837,19390.802796895256,0.8408075333935596,9130,2220,69493.77860289441,-0.0010186675578428605,0.056030842291315254,99.89813324421571,9995.964610321193,65.57003906431606,0
dodo-k500000000000000000,651,10000,403.6627774658131,-403.68794653213206,403.68794653213206,-0.025169066318937894,121965.31835367494,33905.64008632974,0.7824762199086616,6039,2282,94190.96822647296,0.0031201184947437354,0.09904277319702544,100.31201184947437,10007.930479557,69.76828640236748,0
dodo-k500000000000000000,652,10000,236.9029524880121,-236.95771335076202,236.95771335076202,-0.054760862749930084,106397.92102823222,23192.14614230635,0.8210345387676523,7670,2190,75273.54012146249,0.0016409125279403724,0.056682308375551854,100.16409125279404,9991.189477127242,67.28073571738732,0
dodo-k500000000000000000,653,10000,107.79418202841973,-107.76102181412242,107.76102181412242,0.033160214297311086,54018.21266346131,7458.512489450416,0.8786774593002672,4778,1110,37576.240195930535,0.00018473245305244745,0.02683462010952681,100.01847324530524,9995.238078260458,91.85372398830214,0
dodo-k500000000000000000,654,10000,233.1261195980495,-233.21820133822527,233.21820133822527,-0.09208174017575743,88283.7410960264,16335.322404245897,0.8438590266657914,5974,1798,64024.87736010011,-0.0034516500137802097,0.09184156944445818,99.65483499862198,10036.253123948818,103.18343145795929,0
dodo-k500000000000000000,655,10000,556.4173004843744,-556.3596899868135,556.3596899868135,0.05761049756097236,223874.11786308896,66864.58298641433,0.7700182920572868,11346,3744,159148.2483776903,-0.0022043508098325048,0.04219329441691954,99.77956491901675,10021.663005957455,101.30606533075216,0
dodo-k500000000000000000,656,10000,581.6887017159344,-581.4353945186722,581.4353945186722,0.2533071972621883,207183.49923270734,22586.045327994114,0.9017013095831452,11043,3250,147338.4860911024,-0.0008414513362444609,0.060835438794918414,99.91585486637555,9995.494044108473,126.97958699102001,0
dodo-k500000000000000000,657,10000,998.3412558380861,-996.9507027267515,996.9507027267515,1.3905531113346115,224145.88225902253,52008.142582833025,0.8116698005302787,9570,3545,168167.94920697325,0.0017643303541416344,0.19550666172618775,100.17643303541416,9981.012486413747,59.091139205076885,0
dodo-k500000000000000000,658,10000,303.51566109755936,-303.5011749155485,303.5011749155485,0.01448618201084173,89368.2784606962,14437.569700891067,0.8609175691294664,4159,1673,72566.85721637639,-0.00028305467093233007,0.06311568505984028,99.97169453290677,10004.142107523256,127.85032111518267,0
dodo-k500000000000000000,659,10000,217.48387108806514,-217.49232059626272,217.49232059626272,-0.008449508197571731,108149.89633976715,14543.491921277537,0.8814647461659911,8975,2187,73239.68587448483,0.001820951062369147,0.03957103949805955,100.18209510623691,10005.593958798574,51.036525213575416,0
dodo-k500000000000000000,660,10000,564.6037065040997,-564.5866378066472,564.5866378066472,0.01706869745248696,105120.64119000814,7795.913490698269,0.9309586312410724,4552,1821,86263.53990569497,0.000715881559364675,0.1607637397688518,100.07158815593647,9991.591921609544,98.47884106501276,0
dodo-k500000000000000000,661,10000,249.27952162432877,-249.2177482454491,249.2177482454491,0.061773378879678376,129168.14500741032,10399.631249150412,0.9254868743481786,10057,2409,87310.27432155501,0.00009148282148260024,0.031064668653699386,100.00914828214826,10003.438675192796,114.15948571921379,0
dodo-k500000000000000000,662,10000,625.8677196502315,-625.7890483206351,625.7890483206351,0.07867132959643186,194965.0656198249,9320.321970219351,0.9543759733372453,11242,3206,141265.12237104354,-0.0020940337258205945,0.061657262608320454,99.79059662741794,10010.83247036528,101.29361979293853,0
dodo-k500000000000000000,663,10000,1037.609131873207,-1037.3932806335504,1037.3932806335504,0.2158512396565584,227074.96231673658,22276.006541843923,0.9106640465693246,9610,3596,173573.0860292138,-0.00011622073350721963,0.11631975408161538,99.98837792664928,10003.13275558627,91.26406102827708,0
dodo-k500000000000000000,664,10000,504.6323612157145,-504.36105966151996,504.36105966151996,0.27130155419456514,135706.60499334536,35615.02301002978,0.7921160134590354,6189,2455,107529.72268305294,-0.00023293678971796793,0.09362617811289624,99.9767063210282,9998.55815289409,88.90739423377586,0
dodo-k500000000000000000,665,10000,1018.5686617625689,-1018.9557273416276,1018.9557273416276,-0.3870655790586852,210606.20133462822,31484.982106590913,0.8699457714277496,9224,3555,161918.78090369893,0.0014850337824526606,0.1351122912823763,100.14850337824527,9978.937639227279,46.72329681313615,0
dodo-k500000000000000000,666,10000,843.1225149964365,-842.9183324314439,842.9183324314439,0.20418256499260679,239074.35147696058,48569.205376401886,0.8311479460631133,10901,3729,175041.88127670466,0.00383857805581286,0.11394117999175378,100.38385780558129,9983.497923075576,34.299933565995524,0
dodo-k500000000000000000,667,10000,223.54666689714628,-223.86182697850816,223.86182697850816,-0.31516008136188134,103049.53202296705,26335.998952872073,0.7964532915369807,9066,2211,68861.51572789888,0.004284863431114445,0.05099793821856963,100.42848634311144,10000.412178629555,44.06651226738637,0
dodo-k500000000000000000,668,10000,306.17330477306854,-306.181187333002,306.181187333002,-0.00788255993347775,125994.48411638406,19533.010133068914,0.8657778708153471,9851,2520,87036.50337419724,-0.0006185072238004352,0.04007090534499724,99.93814927761996,9998.547329528958,55.263872548945464,0
dodo-k500000000000000000,669,10000,499.38159991620614,-499.3857423423867,499.3857423423867,-0.0041424261805786955,196630.7640783676,40707.783295651345,0.8284822092911,10263,3350,140408.2027391191,-0.00003612925814749701,0.05054808616012067,99.99638707418525,10000.584685622649,103.17282136309223,0
dodo-k500000000000000000,670,10000,451.1007772159487,-451.0996854234703,451.0996854234703,0.0010917924784052957,105276.44238920236,12164.864440060497,0.8964174976548424,4632,1936,86142.68421421207,0.00035329339257359036,0.08166308998157362,100.03532933925736,9996.725644468628,70.1268352414169,0
dodo-k500000000000000000,671,10000,143.80374249719907,-143.8868917301774,143.8868917301774,-0.08314923297834298,77605.18961219168,12053.365051362678,0.8655636922032349,5995,1507,53492.76443113176,-0.000053578063273107546,0.024924850321765037,99.99464219367269,9998.974344443472,196.57284604550597,0
dodo-k500000000000000000,672,10000,194.94685632196462,-195.03257668516846,195.03257668516846,-0.08572036320384768,97031.59286592991,12015.049543237548,0.8898173361619481,7077,1946,70336.81705792464,0.0006508967043194502,0.02583587461870337,100.06508967043195,10005.315638876276,85.07281675444192,0
dodo-k500000000000000000,673,10000,574.5996869700972,-573.8504459528732,573.8504459528732,0.7492410172239943,214212.44108327077,36745.77095537962,0.8535781289766268,10128,3226,156446.943869492,0.0009388058370677755,0.05130286329571078,100.09388058370678,9984.52887179578,208.3391821168631,0
dodo-k500000000000000000,674,10000,225.52710195634322,-225.57373898042863,225.57373898042863,-0.04663702408541326,97248.03334645792,19021.422008111498,0.836402243821434,6114,1839,71589.79113795956,0.000529661065618825,0.0369408479190669,100.05296610656188,10003.53733031455,112.31457047343919,0
dodo-k500000000000000000,675,10000,479.49294722328057,-479.48643776047896,479.48643776047896,0.0065094628016026945,193233.8676707747,44540.8175806493,0.8126763682452081,11172,3392,136529.67176972234,0.0003413203768688788,0.05838965100600817,100.03413203768689,9996.202953016256,100.94105821059277,0
dodo-k500000000000000000,676,10000,484.5201040252607,-484.0308575630872,484.0308575630872,0.48924646217352574,165385.68839162728,29066.071060846512,0.850522972161892,9076,2928,122452.60295241373,0.011271286368358772,0.04146208354882972,101.12712863683588,9908.570399961929,83.65176315775184,0
dodo-k500000000000000000,677,10000,169.84737810950372,-170.15323719739166,170.15323719739166,-0.3058590878879386,64464.81896341662,18906.174135927977,0.7732283923570462,4224,1270,47824.44689349022,0.000542521177411146,0.059192796061278447,100.05425211774111,10010.34919519221,152.7301053883448,0
dodo-k500000000000000000,678,10000,686.2135518513646,-686.6726841759635,686.6726841759635,-0.45913232459884057,174086.01347334502,33827.4580149773,0.8373003068400151,8088,3000,133319.52107568065,-0.000027618674842813106,0.14876054042351627,99.99723813251572,10004.820013481862,74.18050330198702,0
dodo-k500000000000000000,679,10000,331.9905518638429,-331.6947275563638,331.6947275563638,0.2958243074791085,98077.8264213973,26079.209695369373,0.7899498046100061,4823,1920,77381.17686787115,0.005896825058553645,0.08907500858469518,100.58968250585536,9971.390878344995,61.28312041766061,0
dodo-k500000000000000000,680,10000,1033.0063711420755,-1032.9103719893567,1032.9103719893567,0.09599915271883219,234672.1520501667,43137.81390031581,0.8447218631890089,9774,3656,179738.75677592907,0.000004721066077166824,0.12989545756918303,100.00047210660772,10000.1872702821,98.66863183944704,0
dodo-k500000000000000000,681,10000,194.89606333182067,-194.3231256912911,194.3231256912911,0.5729376405295739,75380.92101448208,5766.528487992624,0.928937649632269,4595,1471,56859.330169137436,0.009631086384340933,0.04003739359713549,100.9631086384341,9892.084856924606,113.9275243100176,0
dodo-k500000000000000000,682,10000,365.456343628168,-365.6294320976998,365.6294320976998,-0.17308846953181956,135225.69939230956,25526.719235613054,0.8412047578910948,7421,2460,100112.18604100535,0.0027494762554678685,0.05179483944596001,100.27494762554679,9978.918608763137,144.58013305454293,0
dodo-k500000000000000000,683,10000,538.3593213927727,-538.3727691488104,538.3727691488104,-0.013447756037749059,156150.56408404646,9143.58380021461,0.9446829551000382,8056,2669,118343.75227716917,-0.0002909128469725886,0.060519738352439845,99.97090871530274,10004.832881279,93.46698194069094,0
dodo-k500000000000000000,684,10000,218.17602181608274,-218.1634070166334,218.1634070166334,0.012614799449323755,106023.95337306532,28518.87446688751,0.7880312542500406,9153,2269,70376.03204621517,-0.00044986567846393654,0.046887545601588414,99.9550134321536,9991.541271243788,35.005667386685694,0
dodo-k500000000000000000,685,10000,191.08628718574747,-190.99505248540424,190.99505248540424,0.09123470034322168,102866.21011052474,18378.393777935977,0.8484188723578723,9191,1945,67492.48105850627,0.0012842501189508936,0.05596445732631977,100.12842501189509,9992.829010533113,74.53254446695522,0
dodo-k500000000000000000,686,10000,227.21686187185946,-227.17280382790017,227.17280382790017,0.044058043959296356,100629.57932603521,12626.732746657895,0.8885118849839161,7623,2001,71649.44436375951,-0.00038821625806093605,0.04275706966972123,99.9611783741939,9999.107215040762,77.92447921593649,0
dodo-k500000000000000000,687,10000,134.07230268378902,-134.04917702306534,134.04917702306534,0.02312566072367872,69507.38895168412,13127.17883992332,0.8411417982722655,5676,1492,48669.63041246987,0.00031126322510431235,0.039067309147089585,100.03112632251043,9995.65338396397,85.59749766811757,0
dodo-k500000000000000000,688,10000,109.17799450457514,-109.21946736803653,109.21946736803653,-0.04147286346139367,61018.39354275437,17613.281575473793,0.7760027171112531,3716,1077,44562.57050021365,-0.00045474482120511084,0.02353616600219894,99.95452551787949,10001.36857736444,296.8381024912803,0
dodo-k500000000000000000,689,10000,422.8060339669982,-422.8391487710757,422.8391487710757,-0.03311480407751333,171748.1828493645,20121.219051578795,0.8951306521403198,10076,3060,123855.46381718041,0.001521425447955238,0.04762493534071922,100.15214254479552,9988.406694589494,89.76886576258029,0
dodo-k500000000000000000,690,10000,158.27615749224066,-158.41415986627248,158.41415986627248,-0.1380023740318279,66817.4937521607,14900.81461503141,0.8176563500546749,4280,1367,50016.46393868418,0.002394353456720921,0.046079065928934286,100.23943534567209,9996.062578037318,75.62694109864069,0
dodo-k500000000000000000,691,10000,868.6800519163351,-868.6995559177891,868.6995559177891,-0.01950400145403819,223330.97101790464,33410.21043164261,0.8698681285058739,9426,3354,171578.9039727418,-0.0006755260134848128,0.058792551849109316,99.93244739865152,10012.464195050317,130.8393435159028,0
dodo-k500000000000000000,692,10000,530.863561601638,-531.0423340577344,531.0423340577344,-0.17877245609633974,175453.12833266731,56715.29188152898,0.7557148735852878,8811,3111,129607.23889985438,0.0017487082254295672,0.060109773831393626,100.17487082254296,9989.947576010485,112.0643809274625,0
dodo-k500000000000000000,693,10000,341.75502943168317,-341.81416165225073,341.81416165225073,-0.0591322205675624,110674.93212413376,10359.005460440547,0.9144123898869105,7351,2149,80646.70440034503,0.000006260588368860453,0.08815576729660109,100.00062605883689,10002.428474311986,109.43152602398868,0
dodo-k500000000000000000,694,10000,557.1615433240719,-556.9013201081723,556.9013201081723,0.2602232158996003,178258.38644874052,14800.584788252409,0.9233364567654114,9479,2977,132671.7433434989,-0.001506351524991203,0.052885507942226156,99.84936484750088,10003.04093017813,74.99713505576915,0
dodo-k500000000000000000,695,10000,1004.6122918288868,-1005.2481049841828,1005.2481049841828,-0.6358131552959776,227587.53769011603,34511.29713949576,0.8683271630645315,10806,3668,167352.54794738244,0.0030679558212227676,0.1650762214453957,100.30679558212228,9972.80575174413,59.362736808104785,0
dodo-k500000000000000000,696,10000,850.0572406747654,-849.9995840300795,849.9995840300795,0.05765664468583509,220023.04362607596,38670.727709814404,0.8505154279126266,9490,3425,167291.61047343505,-0.00023721471024032326,0.08589898085097389,99.97627852897597,9998.075646300984,112.57374544884273,0
dodo-k500000000000000000,697,10000,315.59641170094517,-315.40296900415643,315.40296900415643,0.19344269678873616,119127.9710919102,21967.329220368792,0.8443085689477281,7777,2254,86493.04961335058,-0.001462916053585559,0.086467088896555,99.85370839464144,10013.625759842573,140.3254392306608,0
dodo-k500000000000000000,698,10000,844.8005669877468,-845.0799303893326,845.0799303893326,-0.2793634015857833,184549.47383872638,23514.71870744183,0.8869833467273613,7616,2962,143888.53024390992,0.0011760013911560918,0.1923942616158442,100.11760013911561,9989.347430616259,104.90806521623315,0
dodo-k500000000000000000,699,10000,605.0708597926554,-605.3273221669959,605.3273221669959,-0.25646237434057184,168007.8735498174,38862.41515283545,0.8121411470126831,7109,2683,130154.57949813029,-0.0006768218345661126,0.07223581114406868,99.93231781654339,10022.133000874486,84.27511345553144,0
dodo-k500000000000000000,700,10000,298.54894120637033,-298.4628476100606,298.4628476100606,0.08609359630975177,113405.08042400857,19220.068010994295,0.8550797624900401,7670,2277,82441.94970294536,0.0025208541956432385,0.07261639076055999,100.25208541956432,9981.113034569657,76.88228090323615,0
dodo-k500000000000000000,701,10000,348.84291722665654,-348.7903321928509,348.7903321928509,0.05258503380565571,112220.87930219174,16471.686221580494,0.8720074764650034,6955,2066,81868.3887248632,-0.0005190250696851706,0.06921618943291548,99.94809749303148,9996.277631797459,52.70554282196386,0
dodo-k500000000000000000,702,10000,309.7268320712257,-309.68718079369035,309.68718079369035,0.0396512775353699,103580.12334162656,15969.799324083506,0.8664173178201139,5903,1949,79880.21014062584,0.000543737049218862,0.050445214926643445,100.05437370492189,9999.617429756541,79.17456840546116,0
dodo-k500000000000000000,703,10000,117.7548167718058,-117.87146222694001,117.87146222694001,-0.11664545513420421,62524.34093620541,11276.677403417276,0.8472016015887007,5239,1333,44183.0590242179,0.0003835978753252789,0.03328009967244853,100.03835978753253,10022.390472025498,136.3622804204815,0
dodo-k500000000000000000,704,10000,825.6770086240821,-825.3867175163464,825.3867175163464,0.29029110773569755,226997.9741425672,43301.93069118692,0.8398004219874978,10673,3696,167456.48692752092,0.0004974661413179148,0.1726129407965746,100.04974661413179,9991.878384278765,81.81499073906875,0
dodo-k500000000000000000,705,10000,143.89257861371158,-143.94251816217593,143.94251816217593,-0.049939548464351446,61729.62039463789,3409.441577058044,0.9476590317106576,4725,1309,45951.65599911448,0.000008653542083720822,0.04607967901027635,100.00086535420837,10002.837607286798,101.45358702177614,0
dodo-k500000000000000000,706,10000,251.31914117519048,-251.29744888705335,251.29744888705335,0.021692288137131754,90710.67828278284,28236.573359055485,0.7626126457795045,4108,1733,72811.91720973281,-0.00022171887169875504,0.037481267580649416,99.97782811283012,9998.3318152049,88.297718567935,0
dodo-k500000000000000000,707,10000,514.5343469926794,-514.4991266030706,514.4991266030706,0.03522038960875307,136533.14197002267,15130.942422847975,0.9002338458480864,6551,2359,105113.39151020058,-0.0006935549368830607,0.09818842963946892,99.9306445063117,9990.279066904559,78.18641879933519,0
dodo-k500000000000000000,708,10000,212.98956754658147,-212.41184056875608,212.41184056875608,0.5777269778253924,76460.88858104785,27049.382441328245,0.7386792424156545,6031,1617,53539.630330280685,0.005032031433926107,0.08382504618236623,100.50320314339261,9933.225704369568,127.36521796475098,0
dodo-k500000000000000000,709,10000,262.5165064761288,-262.28526782204824,262.28526782204824,0.23123865408058464,108100.0474781642,19006.11957624692,0.8504705159733843,6793,1997,78789.36287547428,-0.0010486152188217092,0.055493281383466805,99.89513847811783,9990.919576901586,229.0286881279344,0
dodo-k500000000000000000,710,10000,163.0010793372135,-162.95895310436234,162.95895310436234,0.04212623285116024,73959.10274169508,15552.103995131834,0.8262552303550461,4587,1468,55104.097182538215,-0.0021249309566141504,0.037437599988985826,99.78750690433858,10026.010752654754,123.37871282870498,0
dodo-k500000000000000000,711,10000,159.03644377837077,-159.0056467892811,159.0056467892811,0.030796989089679982,70689.82821914551,24210.164077824695,0.7448876075557107,4657,1403,52229.280974053254,-0.00018492267683384967,0.0435317824413039,99.98150773231662,10014.96782550152,135.7026919679984,0
dodo-k500000000000000000,712,10000,664.8566954018646,-664.8412603938443,664.8412603938443,0.015435008020290297,134184.0188095217,6047.17861360863,0.9568770806729829,5381,2240,110323.86404558572,0.0012003155263454347,0.1324313321571475,100.12003155263454,9991.325058754974,85.02737598750716,0
dodo-k500000000000000000,713,10000,391.65761165446105,-391.6869309310391,391.6869309310391,-0.029319276578064546,130552.4616844731,7469.238113863136,0.9458835956608529,8572,2329,95015.48990949112,0.0021509856122114003,0.0663300277112603,100.21509856122114,9996.365760250861,78.07764903590488,0
dodo-k500000000000000000,714,10000,381.98162304609565,-382.0832195461666,382.0832195461666,-0.10159650007096843,140185.15507817356,51903.93901435554,0.7297923692151234,7210,2565,105352.13505729429,0.0008957294966351981,0.050096700829009536,100.08957294966352,10003.297019254496,111.89803474042124,0
dodo-k500000000000000000,715,10000,295.15773365527883,-295.490126942414,295.490126942414,-0.3323932871351758,74580.99197683623,14879.37290339148,0.8336763669216815,6578,1544,51151.86714656934,-0.0013330588172938461,0.15742216698448033,99.86669411827062,10025.96293423311,95.94146580123405,0
dodo-k500000000000000000,716,10000,263.8794489983869,-263.88297809408175,263.88297809408175,-0.0035290956948301755,102288.5744613934,7361.3734641584315,0.9328647792048518,6245,2010,78080.69760913665,0.0011795068676909181,0.04649820212981751,100.11795068676909,9985.740991094968,110.00443498299455,0
dodo-k500000000000000000,717,10000,142.2802893812927,-142.2769232060804,142.2769232060804,0.0033661752123066435,73977.22360818765,15327.1940371371,0.8283713791403968,5265,1589,53586.76505061373,0.00044849693964792435,0.0280009622066774,100.04484969396479,9994.90634983709,98.72515025958354,0
dodo-k500000000000000000,718,10000,474.2502091075236,-473.68825589220216,473.68825589220216,0.5619532153214095,170528.76067084313,40844.01835760571,0.8067678414158123,7754,2807,127921.62173506043,0.007405174363745743,0.07975679820368399,100.74051743637457,9888.970799726656,151.07665137673703,0
dodo-k500000000000000000,719,10000,192.0574934203189,-192.05385319674812,192.05385319674812,0.0036402235707839736,79858.93158377858,21033.686366944235,0.7915240302594057,4420,1624,61890.359861668185,-0.0001054032837582497,0.033316759161017444,99.98945967162418,10000.182970928658,107.2573289111001,0
dodo-k500000000000000000,720,10000,393.36680954120845,-393.35292126273623,393.35292126273623,0.013888278472222737,157828.85881705338,34249.41789536441,0.8216903104215002,8958,2878,114712.97884670095,0.00006332292370032633,0.04634517566744179,100.00633229237003,9999.197414619615,96.13148050933626,0
dodo-k500000000000000000,721,10000,364.53966974747215,-364.52072417847296,364.52072417847296,0.01894556899918598,141530.2745132774,13201.527498377975,0.914681226956928,8793,2711,103951.90259385032,0.000731709783925254,0.049761016209000815,100.07317097839253,9994.668356500675,82.15250460101505,0
dodo-k500000000000000000,722,10000,429.0715456456542,-429.0446053519522,429.0446053519522,0.026940293702011786,156370.1869535842,19176.11956735502,0.8907631840999873,9443,2798,113787.87136001611,-0.0013366514796322804,0.05552608746712948,99.86633485203677,9999.138733932188,62.40020232591469,0
dodo-k500000000000000000,723,10000,293.06771535031316,-293.106870448019,293.106870448019,-0.03915509770581593,150563.44354344805,35030.38302287035,0.8112524340331282,10752,2708,100999.40522771383,-0.000664231950376859,0.039522277472600106,99.93357680496231,9997.423252808245,128.91160817583662,0
dodo-k500000000000000000,724,10000,244.82323131975224,-244.81971948519936,244.81971948519936,0.00351183455288151,106320.14005920666,5009.13658389357,0.9550061157771474,7295,2034,76765.85294404646,0.000014062541730197609,0.02738694700400714,100.00140625417302,9999.444870844605,107.33569419556993,0
dodo-k500000000000000000,725,10000,961.8185996984882,-962.2787674457551,962.2787674457551,-0.46016774726683707,243539.07200003954,50880.81992490604,0.8271828048293804,10823,3885,178298.5067277318,-0.0005172217501856835,0.21595210069987913,99.94827782498143,9994.467251950076,45.70873996978709,0
dodo-k500000000000000000,726,10000,950.0572159877295,-949.2162129839542,949.2162129839542,0.8410030037753131,191828.50035765968,43447.4602031889,0.8153340439047863,8434,3324,147177.81349451654,-0.01183816789048322,0.18578114822943348,98.81618321095168,10069.315670059317,54.16903366905275,0
dodo-k500000000000000000,727,10000,439.98578302363774,-439.962850335851,439.962850335851,0.022932687786749284,174120.8853522125,17117.398437878077,0.9104917796864005,10632,3100,124510.40320815274,-0.0004876965600729477,0.0452512348662998,99.9512303439927,10004.211425007963,92.85888436652552,0
dodo-k500000000000000000,728,10000,605.2461201592322,-605.2884996066731,605.2884996066731,-0.042379447440907825,203043.21219146324,15586.032137081513,0.9287102135629228,11802,3414,145375.02744934804,-0.004203125591822215,0.06884359324647718,99.57968744081778,10043.240628362457,99.66198221640279,0
dodo-k500000000000000000,729,10000,222.18001460788776,-222.093914589051,222.093914589051,0.08610001883675977,139095.51038011807,33423.28588688989,0.8062629312856986,10365,2382,89538.85931765795,-0.00026104376516570936,0.025220245500788396,99.97389562348343,9997.481246657253,208.9385814085783,0
dodo-k500000000000000000,730,10000,541.242659990848,-540.9229391655608,540.9229391655608,0.3197208252871633,155365.63747698467,39892.52233207978,0.7956934431263247,9796,3139,113605.29375368042,-0.0003403163570787626,0.14040322747028783,99.96596836429212,9981.900721587082,59.683498641207,0
dodo-k500000000000000000,731,10000,845.4768321614745,-845.3323017966673,845.3323017966673,0.14453036480722403,233004.20450161115,49894.039647014615,0.8236325580698838,10036,3546,175858.30708125784,0.00038277413678287073,0.07708925288482461,100.03827741367829,9996.808659202625,124.39984901616288,0
dodo-k500000000000000000,732,10000,153.84584227847415,-153.8439006860433,153.8439006860433,0.001941592430853234,88313.77613398044,20079.60057817906,0.8147525136014464,7647,1713,58318.38932734831,-0.0006099785337734431,0.03191274342180904,99.93900214662266,10004.475839462944,79.2662698882511,0
dodo-k500000000000000000,733,10000,121.30802661136968,-121.28553077662208,121.28553077662208,0.02249583474760186,61949.60570157142,12428.191694893101,0.8329045477288648,5144,1324,43264.35130560699,-0.0003644012334734725,0.048659831461250885,99.96355987665265,10000.673093132189,100.2393723827712,0
dodo-k500000000000000000,734,10000,438.9258858356669,-439.1277766693632,439.1277766693632,-0.20189083369626815,120016.38599036002,25351.663796971345,0.8256036052347129,4998,1959,95609.48812255684,0.00018557698342391404,0.10200306331042029,100.01855769834239,10001.443314305137,128.31237941132758,0
dodo-k500000000000000000,735,10000,456.9752199915139,-456.97254146592064,456.97254146592064,0.0026785255932395557,143748.4235820457,12550.48437743321,0.9197020341262592,7605,2404,109252.8619202996,-0.0005409278066551337,0.054100161841889614,99.94590721933449,10020.647202513657,118.99688162807234,0
dodo-k500000000000000000,736,10000,557.652321968856,-556.9796425912461,556.9796425912461,0.6726793776098248,148434.4703780471,29868.14303702339,0.8324862296465987,6819,2610,113808.34568295185,-0.0009836371984793856,0.12563570340085461,99.90163628015206,10016.183312033008,98.53037177512664,0
dodo-k500000000000000000,737,10000,265.9109272638985,-265.7687878904105,265.7687878904105,0.14213937348796435,129382.35182710961,16600.976390909495,0.8862816967282954,10776,2377,86279.66397189799,-0.0023083951687630135,0.044134417743412084,99.7691604831237,10018.4529401118,126.62826571614187,0
dodo-k500000000000000000,738,10000,265.13107640137287,-265.0861428032412,265.0861428032412,0.04493359813164943,120485.32221169356,22538.47119157241,0.8424145335872644,8976,2330,83661.19597648541,0.00040157331384335746,0.05089829136781532,100.04015733138434,9990.968857983216,91.82415555038274,0
dodo-k500000000000000000,739,10000,229.84427486808588,-229.8278715977961,229.8278715977961,0.0164032702897714,127573.80794608576,29670.484930576342,0.8113096228309601,9664,2484,85654.3356619134,-0.00039169026599381593,0.028337972708720544,99.96083097340062,10000.772685483824,121.64777944769699,0
dodo-k500000000000000000,740,10000,133.27151042722988,-133.352207855912,133.352207855912,-0.0806974286821287,80408.37204222914,18908.974575546417,0.8096105542537506,7177,1576,52253.66963367437,0.003922828282893249,0.0375736238763946,100.39228282828932,9968.063597120983,84.62575815646454,0
dodo-k500000000000000000,741,10000,202.81989268984324,-202.76177461296967,202.76177461296967,0.05811807687356918,97829.21306383732,11767.0368964842,0.8926328510259761,7726,1943,68165.90913538013,-0.001041193860514369,0.04940310792927591,99.89588061394856,10004.878021855844,95.66194468520477,0
dodo-k500000000000000000,742,10000,282.5429114515971,-282.6059670524223,282.6059670524223,-0.06305560082518014,102462.56340352741,12329.975891828959,0.8925890483169429,5696,2007,80720.70529075978,0.000016013831002084088,0.036361534325834693,100.00160138310021,9998.798679969565,132.35171059481505,0
dodo-k500000000000000000,743,10000,543.4661807449087,-543.6770882653456,543.6770882653456,-0.21090752043687644,125772.1244287686,7127.804291234225,0.9463671323236653,5796,2200,100591.97900244429,-0.0002769636938629105,0.09116485717059745,99.97230363061371,10004.38489765704,84.1320090263956,0
dodo-k500000000000000000,744,10000,199.73129819863183,-199.82714278562673,199.82714278562673,-0.09584458699490028,101543.19108608818,24070.271312665158,0.808378251399079,8789,2093,68014.47854157333,0.000028064321141130223,0.047188030958939746,100.00280643211411,10000.43908094272,51.98239017487564,0
dodo-k500000000000000000,745,10000,418.46117218439935,-418.14447883966324,418.14447883966324,0.3166933447361089,106470.94460169676,27259.812475502193,0.7961589908612731,4791,1967,84974.18141185671,-0.001056090014079132,0.07755515536312814,99.89439099859209,10005.244164836551,106.59549972683105,0
dodo-k500000000000000000,746,10000,355.5142732384474,-355.5233046443578,355.5233046443578,-0.009031405910377543,146436.15298525358,17680.660423521207,0.8922678301126709,8867,2730,106174.66254560456,0.0006629449249332709,0.047520054389683965,100.06629449249333,9993.75502798641,101.02848243158687,0
dodo-k500000000000000000,747,10000,165.501263564804,-165.38730347416535,165.38730347416535,0.11396009063864199,69551.19672708467,21462.468780333722,0.7641841072911809,5218,1558,50613.048728289854,0.004489473356391898,0.05110782256581743,100.44894733563919,9970.559131708143,59.147130478079994,0
dodo-k500000000000000000,748,10000,774.7804228814582,-775.4334742297166,775.4334742297166,-0.6530513482583729,231327.14160090947,45313.11075942525,0.8362020336057127,11587,3761,167865.868774976,0.0005757045830701202,0.07602765632378464,100.05757045830701,10002.295075678803,65.84911581145109,0
dodo-k500000000000000000,749,10000,344.848595627048,-344.5880594151049,344.5880594151049,0.2605362119430765,159525.39406371614,45701.40664465628,0.7773126780376114,10465,2841,107727.92214127308,0.002803258499612582,0.06320148119490483,100.28032584996126,9985.061247036552,75.92248779143098,0
dodo-k500000000000000000,750,10000,219.67598989577345,-219.58491759343588,219.58491759343588,0.09107230233757946,94509.83931660415,25119.843064381108,0.7900199802889903,7684,2126,65765.50194847431,0.0008819519146172183,0.07675468542871983,100.08819519146172,9991.177720853362,30.054351490408308,0
dodo-k500000000000000000,751,10000,735.524160997288,-735.4707290387054,735.4707290387054,0.05343195858267791,222099.84683933007,47445.41225786276,0.8239797931643277,10442,3556,162737.40291063362,-0.0014636672506284753,0.09010342513636402,99.85363327493715,10010.400824254826,101.2866927732182,0
dodo-k500000000000000000,752,10000,224.56609309380144,-224.54283954745156,224.54283954745156,0.02325354634987775,76685.9361958927,23237.61885651943,0.7674460356786668,3992,1496,59906.29008193348,0.0025439931527736805,0.07217216963375947,100.25439931527737,9984.800212797205,77.42692162612333,0
dodo-k500000000000000000,753,10000,309.7858755635758,-309.6816205759047,309.6816205759047,0.1042549876711405,137698.93307557248,26469.890533334317,0.8387642065560965,10099,2575,93934.29546025781,0.00012414119435007364,0.05022729525051403,100.01241411943501,9996.449083891537,116.90083946461168,0
dodo-k500000000000000000,754,10000,1106.5743464505736,-1106.6638838586998,1106.6638838586998,-0.08953740812626165,215829.80417574063,22293.605241031913,0.906377935308272,8704,3274,168279.74190744222,0.0005804211687500072,0.2254571036387051,100.058042116875,9994.389695249696,100.34288258639835,0
dodo-k500000000000000000,755,10000,235.719404869227,-235.3410246892912,235.3410246892912,0.3783801799357889,104821.78131658654,20370.614918822554,0.8372855258675768,9593,2103,67995.25192093036,-0.003966033379906264,0.10140425312930333,99.60339666200937,10002.00535384749,75.26623008941496,0
dodo-k500000000000000000,756,10000,376.83810136143217,-376.3000645998179,376.3000645998179,0.5380367616142507,133553.0829887754,28189.766581733697,0.8257124401073146,9240,2684,95305.31440977122,0.0008552895863616072,0.12059861212398218,100.08552895863616,9983.330673945486,29.392458375787093,0
dodo-k500000000000000000,757,10000,795.0930406695157,-797.3642257008133,797.3642257008133,-2.271185031297591,231984.15193060017,78513.30973348393,0.7471370319335343,11469,3694,162410.89400122967,0.0020568096678003655,0.22434395001556212,100.20568096678004,9983.108408988228,158.94831824420146,0
dodo-k500000000000000000,758,10000,322.36746354197453,-322.34985120641494,322.34985120641494,0.01761233555959052,125253.70340715242,12610.788710097682,0.9085276526506003,7529,2384,93740.6960097607,-0.0019155765541120217,0.043934925897645055,99.8084423445888,10018.144423606265,106.84769461779557,0
dodo-k500000000000000000,759,10000,143.6271214187823,-143.52831751501566,143.52831751501566,0.09880390376665105,72051.26797781073,15595.1850306039,0.8220671288419776,6777,1608,48851.098454447325,-0.000790855506547814,0.04485232791530052,99.92091444934522,10004.34073565685,71.69126603690364,0
dodo-k500000000000000000,760,10000,184.38584344181217,-184.38543549959232,184.38543549959232,0.00040794221985152035,77212.31718923061,6773.367105040629,0.9193509326981498,4531,1572,59757.85177176738,-0.000036295234262979645,0.03954270013286063,99.9963704765737,10000.901127593355,103.10818805891064,0
dodo-k500000000000000000,761,10000,468.83956591409986,-468.7982369969424,468.7982369969424,0.04132891715744336,194770.6518165814,20630.639778042994,0.9042223023580149,11483,3322,137592.55732048696,-0.0006881211199116421,0.04191450014457288,99.93118788800884,10000.415775474054,109.84123302701997,0
dodo-k500000000000000000,762,10000,381.60724552732694,-381.9703463823854,381.9703463823854,-0.36310085505846246,113989.20806869229,21295.83864263893,0.8425854212248631,5448,2124,90765.91222427906,-0.000225348765460609,0.11976708288803266,99.97746512345394,10004.183762458764,95.76820015918756,0
dodo-k500000000000000000,763,10000,337.9028602976512,-337.9041428243045,337.9041428243045,-0.0012825266532558999,150369.50703196964,39665.79946349499,0.7912714211112046,9613,2805,105759.88441210755,-0.00009407776680589564,0.05869397307567155,99.99059222331941,9999.849354228287,83.24321816981625,0
dodo-k500000000000000000,764,10000,345.9786228984475,-346.05255252426446,346.05255252426446,-0.07392962581695883,142744.8934094729,33618.47684175263,0.8093794828605062,8254,2621,103360.44581918172,-0.00032537875845662257,0.07779895995761323,99.96746212415434,10002.869229682145,112.10210031335453,0
dodo-k500000000000000000,765,10000,659.7396745882825,-660.1105085485218,660.1105085485218,-0.370833960239338,140781.59499962637,9104.404634175873,0.9392578048889186,8225,2530,106598.62919385757,0.0024005733336954905,0.19379440451024435,100.24005733336955,9994.130068396524,59.15366382988853,0
dodo-k500000000000000000,766,10000,494.8528704796802,-494.9738116864642,494.9738116864642,-0.12094120678403897,177843.73322791854,23604.069734911915,0.8828278621670193,10016,2899,128015.38214769014,-0.0002742868732489967,0.06412230652366105,99.9725713126751,10002.92342708783,129.17125411408526,0
dodo-k500000000000000000,767,10000,633.9048435726453,-633.8601993112467,633.8601993112467,0.044644261398616436,229368.64578442537,48234.82782626247,0.8262455898015629,11159,3407,164103.51994053018,-0.0012862757660262502,0.04952969264008786,99.87137242339737,10018.150730555477,141.39502169550477,0
dodo-k500000000000000000,768,10000,443.9445721993892,-443.76252816480115,443.76252816480115,0.18204403458804563,139567.1009673093,17695.874460905132,0.88747590198697,6974,2400,106492.25046244515,-0.0006157846422546242,0.06836731745525171,99.93842153577454,10000.073644487096,111.92007962805289,0
dodo-k500000000000000000,769,10000,317.717142441619,-318.26204837234405,318.26204837234405,-0.544905930725065,97425.52529628614,16355.559817762054,0.8562541409991995,6730,2072,71905.96662139887,0.002303801502073526,0.09665874460403984,100.23038015020735,10010.687155578382,37.26992806776026,0
dodo-k500000000000000000,770,10000,360.9884015378795,-360.8656207873282,360.8656207873282,0.12278075055127147,137836.40969934873,25465.858356688026,0.8440569218061963,10484,2726,95283.33780724603,-0.0009814788670780672,0.11340451136207264,99.9018521132922,9998.533111031624,57.98356107023355,0
dodo-k500000000000000000,771,10000,358.5452644825847,-358.44511876073864,358.44511876073864,0.10014572184604731,122848.80392227386,33246.6632409818,0.7870107066836854,5953,2204,94105.67761763681,0.00004101534781668192,0.04559995922509728,100.00410153478167,9996.567105452807,117.1002968466999,0
dodo-k500000000000000000,772,10000,368.60691772176847,-368.47931576247436,368.47931576247436,0.1276019592941111,106612.93535800972,12879.272547230139,0.8922166325904388,4763,1869,84799.48146351564,-0.0010557287766322077,0.07714598786011535,99.89442712233678,10006.174829724987,106.47163313139586,0
dodo-k500000000000000000,773,10000,143.5558736352532,-143.61492478544397,143.61492478544397,-0.059051150190782664,56125.41834335149,10034.801344162117,0.8483257553926172,4082,1315,42517.86333046359,-0.000005503803758841741,0.04838522475605799,99.99944961962412,10000.147242301126,60.991476141526256,0
dodo-k500000000000000000,774,10000,488.89794606056154,-488.9840810587895,488.9840810587895,-0.08613499822797621,170320.12345638796,41919.39591525308,0.8024901486803203,8925,2952,124439.36024425206,-0.0013817825927159787,0.04454245547767684,99.8618217407284,10023.301694166192,105.14823605591745,0
dodo-k500000000000000000,775,10000,502.1690880682212,-502.04586209487513,502.04586209487513,0.12322597334605234,184557.39831814144,34599.99437642621,0.8421226226913227,9324,3086,135801.3189580635,0.0039561462716339695,0.03416413033325554,100.3956146271634,9962.666506736798,103.46699775840948,0
dodo-k500000000000000000,776,10000,641.8970455606407,-642.6163744909759,642.6163744909759,-0.719328930335223,185730.39534896798,28826.20544969924,0.865647547815372,10759,3181,133053.8671066011,0.00048166290879933624,0.13712435858900263,100.04816629087993,10010.012155074824,79.8028225848472,0
dodo-k500000000000000000,777,10000,329.3788717919992,-329.23164563544856,329.23164563544856,0.1472261565506301,133698.20092144504,16441.369441871877,0.8904927634860946,10594,2513,92045.80973945455,0.000755372706596944,0.06598228804672843,100.0755372706597,9992.73269409069,121.75783026085003,0
dodo-k500000000000000000,778,10000,159.68511442797353,-159.69233040703344,159.69233040703344,-0.00721597905990734,81651.4136089482,26397.318789324363,0.7556906203024887,6115,1831,58387.422282599444,0.000380519882488386,0.04186984307817809,100.03805198824884,9996.13622610275,70.4965545879545,0
dodo-k500000000000000000,779,10000,527.8032591836813,-527.6737297109241,527.6737297109241,0.12952947275721272,116398.40691611472,8535.962641419317,0.9316764260175149,5339,2038,94712.57703897153,0.0017434285064881294,0.08197368605423577,100.17434285064881,9982.529131451502,119.5149394147438,0
dodo-k500000000000000000,780,10000,181.21932416819658,-181.04091392534568,181.04091392534568,0.17841024285090157,68456.14189822871,13515.825119735196,0.8351164963898787,4687,1539,51670.46121296957,0.001788412206635428,0.05493646254857268,100.17884122066354,9974.295165339663,43.201264710126864,0
dodo-k500000000000000000,781,10000,549.2223774840771,-549.2254333363046,549.2254333363046,-0.0030558522274759525,194160.7673451033,45683.186802541015,0.809529546138073,9796,3408,142260.75541872025,0.0006308940142639585,0.047560813897428035,100.0630894014264,9994.59599787677,88.30946982733876,0
dodo-k500000000000000000,782,10000,304.1302439539702,-304.28087065842516,304.28087065842516,-0.1506267044549645,130614.04982661312,34748.16062886502,0.7898663755573069,11114,2832,87329.0286422822,0.005952972167389277,0.06938325749305989,100.59529721673893,9991.4176868747,30.849314336764525,0
dodo-k500000000000000000,783,10000,269.68598827356925,-269.5538942685464,269.5538942685464,0.13209400502285007,146829.7471864271,37526.882304329505,0.796444085531456,9193,2471,100611.59522611344,0.0016304606112355201,0.028765683235454986,100.16304606112355,9972.47293368756,187.45760283221549,0
dodo-k500000000000000000,784,10000,509.3757009753345,-509.4517113338376,509.4517113338376,-0.07601035850308335,170371.2991169708,35887.467935974964,0.826007551345622,8405,2940,127271.56713489484,-0.0006836972839549559,0.08219122406880487,99.9316302716045,10009.37991921927,90.7681798913549,0
dodo-k500000000000000000,785,10000,409.28452619280637,-409.40003942969065,409.40003942969065,-0.11551323688428283,173894.9655958254,35027.22909899062,0.8323431880937456,11151,2888,119911.48836086209,-0.0031508939897331345,0.08428596682660854,99.68491060102669,10041.016430794032,107.79334861455105,0
dodo-k500000000000000000,786,10000,406.9870317153144,-407.02667856012874,407.02667856012874,-0.03964684481434233,171897.4450684913,26771.31434078363,0.8652464815284199,11529,3214,120902.64053012135,0.0007387620625135583,0.04413013049215379,100.07387620625136,9989.881460898358,69.39788457473159,0
dodo-k500000000000000000,787,10000,209.64919968546133,-209.61401564218082,209.61401564218082,0.03518404328050906,72630.04120696838,15942.261332740638,0.8200085029335965,4462,1475,54610.642903734224,-0.0006003746437671964,0.06578661285403584,99.93996253562328,10004.107696892255,102.25641890206818,0
dodo-k500000000000000000,788,10000,412.5881254373579,-412.6461792474152,412.6461792474152,-0.05805381005728805,144695.6728699176,7099.045609723064,0.9532325914839044,9877,2743,106073.75599199331,0.0008023477573858884,0.04434239011511664,100.08023477573859,10002.549915606362,76.4701005624904,0
dodo-k500000000000000000,789,10000,437.9698945813694,-437.93577599829393,437.93577599829393,0.0341185830754398,138670.99068030744,26514.575976573535,0.8394861214984424,8807,2592,99367.17541572021,-0.00038529020633390585,0.15545141109805427,99.96147097936661,9991.332542597378,45.19913850165597,0
dodo-k500000000000000000,790,10000,618.9606285775019,-617.7638067402502,617.7638067402502,1.1968218372517185,209303.7320408588,38865.87081318945,0.8433898818944117,10780,3308,148871.59969555464,0.010365659395741886,0.10054829473164531,101.03656593957419,9873.021295005243,107.42707785417099,0
dodo-k500000000000000000,791,10000,529.031519601821,-528.4180747529961,528.4180747529961,0.6134448488248836,101808.92060595553,24827.69404013785,0.8039453746491654,4408,1882,82624.58117663056,0.004321605504696038,0.23602286261182626,100.4321605504696,9959.30068974202,79.51436980792685,0
dodo-k500000000000000000,792,10000,239.2786810403749,-239.28964462610278,239.28964462610278,-0.010963585727893133,117933.63186839716,15612.185172360483,0.8830949144023305,8229,2368,84637.68045011684,-0.00023161308226960387,0.03859046332461901,99.97683869177304,10004.030481321211,107.75392412089055,0
dodo-k500000000000000000,793,10000,552.3688510848322,-552.1199242312381,552.1199242312381,0.24892685359407096,170903.9387991118,43588.2128629766,0.7967841129607129,8987,2978,127004.89024986344,0.00029893668719878976,0.11050504316555376,100.02989366871988,9997.612605346234,90.0232238598749,0
dodo-k500000000000000000,794,10000,491.2638421902274,-491.13601613977505,491.13601613977505,0.12782605045237005,158571.79393759122,26173.157665996947,0.8583281576096469,8733,2880,117298.93711168488,0.0029508874793536676,0.07565474290850346,100.29508874793537,9975.255701275239,75.5775003864907,0
dodo-k500000000000000000,795,10000,194.57175562894415,-194.65794865265661,194.65794865265661,-0.08619302371246818,87276.02714020808,21295.164699809884,0.8038598974653536,5153,1665,65679.48536534669,0.0004405326832126377,0.031383445116473896,100.04405326832126,10002.014432916227,101.23265814628994,0
dodo-k500000000000000000,796,10000,466.3552647453741,-466.48396067620143,466.48396067620143,-0.1286959308273481,167071.75381302694,17502.069148389866,0.9051757780839351,11436,3147,117733.68606480835,-0.001770152922814532,0.08324948838881881,99.82298470771855,10017.775582050117,44.766029147773274,0
dodo-k500000000000000000,797,10000,125.04830009269446,-124.84607160042324,124.84607160042324,0.20222849227121742,54484.3101026799,11120.858229203364,0.8304880772053629,4745,1266,39175.54306901506,0.008392895585336504,0.06803093646635076,100.83928955853365,9954.724187939515,48.03513720874063,0
dodo-k500000000000000000,798,10000,537.4622094836667,-537.3987787517672,537.3987787517672,0.06343073189952975,166952.71432841185,10022.403015184089,0.9433682928672641,9185,2836,123200.40038782114,0.00014882718252920313,0.059277018650891335,100.01488271825292,9996.007191053131,94.88059338914263,0
dodo-k500000000000000000,799,10000,294.5596652642432,-294.48559247087684,294.48559247087684,0.0740727933663834,135012.41407349615,16351.574777256787,0.891971829618076,9711,2472,93983.39963798737,-0.003540598971850386,0.06825219076172175,99.64594010281496,10052.285197503501,129.93298697183545,0
dodo-k500000000000000000,800,10000,214.35934289932257,-214.4188696265268,214.4188696265268,-0.059526727204229246,73567.26995696791,5966.730179146233,0.9249788748342244,5001,1506,55094.217187804345,-0.00003586108588933712,0.04985083618922303,99.99641389141107,10000.234567090563,77.59413458054722,0
dodo-k500000000000000000,801,10000,661.7586925406749,-661.7459153815179,661.7459153815179,0.012777159157053575,209138.70702875865,34290.335952392394,0.8591362167288825,9874,3406,155751.8322768824,-0.0001619665828420125,0.08053952584550444,99.9838033417158,10000.889051074126,104.84914144142202,0
dodo-k500000000000000000,802,10000,441.5073360234697,-441.5434832925037,441.5434832925037,-0.03614726903401788,154912.94678054107,35550.38625222946,0.813347872862685,8785,2805,114305.21304472527,0.0046313844113133485,0.06671347445202613,100.46313844113133,9966.808574717448,87.95038740837605,0
dodo-k500000000000000000,803,10000,470.48734634513823,-470.307868333038,470.307868333038,0.17947801210021908,188468.28615065626,24720.49571413391,0.8840441063647885,11426,3234,132003.7044035604,0.0006618651878744686,0.05333904793845193,100.06618651878745,9991.56999212131,89.95941612798795,0
dodo-k500000000000000000,804,10000,145.36019551094734,-145.34747520916403,145.34747520916403,0.012720301783303967,79397.7399476674,13137.55220133696,0.8580265767121338,7347,1752,54546.971666728095,-0.0009127119693279439,0.03556627432170657,99.9087288030672,10008.758266771012,97.2363674029311,0
dodo-k500000000000000000,805,10000,220.96021113219908,-220.98634460597788,220.98634460597788,-0.026133473778799043,112974.43334440902,16160.179308563986,0.8748578791033224,9876,2052,73807.24054709803,-0.0010376843260871738,0.03867262009464838,99.89623156739128,10021.03819888663,119.2981378612403,0
dodo-k500000000000000000,806,10000,159.7588207064681,-159.75001143255162,159.75001143255162,0.008809273916483562,70980.15229990643,18447.349437972047,0.7937172672893938,6155,1506,49274.914570265966,-0.00016912149797903452,0.05211439758854823,99.9830878502021,9995.855831586574,75.48629317156421,0
dodo-k500000000000000000,807,10000,221.89075320750595,-221.89348087985616,221.89348087985616,-0.0027276723502041023,94769.76706273232,12413.235666554998,0.8841865281764201,6656,1923,69915.46792095166,0.0012434421073223233,0.047899020065928825,100.12434421073223,9993.277095450901,99.07495247045713,0
dodo-k500000000000000000,808,10000,300.0816524228767,-300.09501260189734,300.09501260189734,-0.01336017902065123,87213.28209698421,17434.92415907338,0.8333949067754407,4430,1691,69609.2706990285,0.000009214493337879048,0.08751417067622612,100.00092144933379,9999.871114909012,99.8784555894213,0
dodo-k500000000000000000,809,10000,1016.3221070369498,-1016.3505794500167,1016.3505794500167,-0.0284724130668792,198677.6338241918,15666.327145567462,0.9269103403954649,7375,2946,159764.59750575817,0.004142423688957991,0.11874172949727595,100.4142423688958,9968.231453320059,98.84999152418169,0
dodo-k500000000000000000,810,10000,390.49070221907607,-390.3306290408829,390.3306290408829,0.16007317819315858,140201.7585511272,41395.78292530682,0.7720465674328594,7321,2542,105084.33765778947,-0.0027568848737567465,0.047275611320199855,99.72431151262433,10056.136111891134,110.90749740308672,0
dodo-k500000000000000000,811,10000,754.9681261549986,-755.2711920509191,755.2711920509191,-0.3030658959205539,232824.0814755461,17365.182942666856,0.9305918142289293,10129,3210,173243.53905142253,-0.0029011247343872525,0.05642009621908997,99.70988752656127,9999.82042835732,186.54067034309261,0
dodo-k500000000000000000,812,10000,201.58851330731477,-201.59055708435264,201.59055708435264,-0.0020437770378691766,72115.80516113869,4448.290527113023,0.9419010897062604,4183,1443,57075.71836454343,-0.0004794560123151825,0.048241209295114655,99.95205439876848,10005.210386368084,99.1449253962304,0
dodo-k500000000000000000,813,10000,121.26382187003841,-121.3391647761845,121.3391647761845,-0.07534290614609063,53191.04306795848,10433.80230694919,0.83601056716966,3694,1058,39240.299408717,0.0005241410662884505,0.05573792969694679,100.05241410662885,9989.48984232007,176.8947872540809,0
dodo-k500000000000000000,814,10000,152.0501844461295,-152.08069545263788,152.08069545263788,-0.030511006508390892,58929.02822259955,4969.820786705789,0.9222236258749817,4467,1193,43052.16041848498,-0.0005387991595063113,0.036890127030429765,99.94612008404937,10005.590102469338,62.71693477351568,0
dodo-k500000000000000000,815,10000,204.87058183495682,-204.78802124793862,204.78802124793862,0.08256058701820734,71995.85545841973,14657.033865684069,0.8308534893641798,4491,1547,54736.707991526026,-0.0008176171207146865,0.04695434117117401,99.91823828792853,10002.821945310909,77.68030596446827,0
dodo-k500000000000000000,816,10000,623.4881364909508,-623.9232545347795,623.9232545347795,-0.4351180438287656,136594.08528240825,17911.369996299778,0.8840728959117337,6402,2416,107882.50773346901,0.0006193577772283732,0.11185008459432368,100.06193577772284,10010.796423150388,64.61531201975052,0
dodo-k500000000000000000,817,10000,140.3124061193249,-140.31894926692848,140.31894926692848,-0.0065431476035939795,86585.2708626476,9444.972946364165,0.9016458506015183,7144,1764,59993.91983776294,0.00019645110292998424,0.026126701745128857,100.019645110293,9997.833113434397,129.80734167473219,0
dodo-k500000000000000000,818,10000,280.2772730671676,-280.2782535172788,280.2782535172788,-0.0009804501112284925,134470.72491537305,14602.192490924372,0.9020466443872821,9683,2570,93811.92901819354,-0.0009111256707720372,0.03278045374718005,99.9088874329228,10008.77433612112,98.4871648904089,0
dodo-k500000000000000000,819,10000,481.9959379849539,-481.9581107805476,481.9581107805476,0.037827204406312376,182824.14350479766,35972.295258854436,0.835590124491412,9497,3212,132093.28765411876,-0.0003404662290890315,0.06305061151762317,99.9659533770911,9998.729117526414,78.1946351444569,0
dodo-k500000000000000000,820,10000,519.380058535738,-519.3746860552656,519.3746860552656,0.0053724804724879505,168138.88491731352,9983.523512158794,0.943951333242208,9728,2910,123359.4061555531,0.0006011387964495895,0.08397417207001254,100.06011387964496,9993.224879800993,100.49189058316097,0
dodo-k500000000000000000,821,10000,689.032585443832,-689.3429625943348,689.3429625943348,-0.31037715050285897,189337.3794834933,46713.7142300576,0.8021033773020984,8491,3127,142375.79149425784,-0.005149699821452032,0.11359301472098451,99.4850300178548,10033.655472117387,96.39702422755052,0
dodo-k500000000000000000,822,10000,209.7268845292475,-209.63797782810437,209.63797782810437,0.08890670114314503,82827.24136328745,8922.774843617195,0.9027490652045714,6257,1757,61073.79349084452,-0.00005072762090890137,0.059068553174086415,99.99492723790911,9999.067679768019,84.97408078309397,0
dodo-k500000000000000000,823,10000,648.2764092855859,-648.430969369134,648.430969369134,-0.15456008354806272,193986.2438409644,11271.207854449656,0.9450874608383268,10935,3182,139972.1691952223,0.00004623450910415272,0.0865639021969399,100.00462345091042,10013.381870242134,97.60021019536488,0
dodo-k500000000000000000,824,10000,196.01207852828767,-195.98551302676537,195.98551302676537,0.026565501522298973,69667.78522362841,5638.850190531954,0.9251214695820595,4961,1452,51939.82973886708,-0.0006950619554935145,0.05641495249107123,99.93049380445065,10005.180849166962,86.78164772720766,0
dodo-k500000000000000000,825,10000,326.9349009594374,-326.9222924198988,326.9222924198988,0.012608539538632613,119502.69830781006,20550.82742664166,0.8532644764287689,6649,2267,90276.69770958887,-0.0015906850372854819,0.05847926659342775,99.84093149627145,10015.629918504808,102.54219046099887,0
dodo-k500000000000000000,826,10000,721.0194456046682,-721.2548182655026,721.2548182655026,-0.23537266083440045,168492.52569263297,13008.924843279401,0.9283260557705272,7755,2723,131571.43382340466,0.001782785580841022,0.122923091291252,100.1782785580841,9992.098054206323,85.45788929678895,0
dodo-k500000000000000000,827,10000,373.55930398006836,-373.5417526857429,373.5417526857429,0.017551294325471645,120203.52069259898,22849.80906615132,0.8402706941202559,5334,1986,94215.08129290068,-0.001071656413309654,0.05599534982242346,99.89283435866903,10007.323695362107,160.70313852432446,0
dodo-k500000000000000000,828,10000,312.3223522748877,-311.8689785731816,311.8689785731816,0.4533737017060844,118145.36440285374,23762.025826722274,0.832552583848661,8225,2265,83108.20395458005,-0.0005709653961561401,0.08637604556455258,99.94290346038439,9999.287430939838,75.19124874910781,0
dodo-k500000000000000000,829,10000,379.28506512800146,-379.23522976375205,379.23522976375205,0.049835364249418035,129352.84007301524,4303.464177333546,0.9678020112745838,7083,2275,97394.67789303655,0.0000765662972369796,0.03829485738441562,100.0076566297237,9995.520294500524,122.83687938068753,0
dodo-k500000000000000000,830,10000,173.40703897572456,-173.44351960893937,173.44351960893937,-0.03648063321480777,111433.85092815533,21988.509707778256,0.8351962174632948,9165,2052,72629.47771945361,0.000033484702955206556,0.024564277149275,100.00334847029552,10001.754086409659,112.94110362518128,0
dodo-k500000000000000000,831,10000,544.3533334847036,-544.2210172053015,544.2210172053015,0.1323162794021755,123569.79617126357,33347.83367516751,0.7874819183299947,5451,2254,98635.41726151292,0.0007127910581057506,0.10549702228038584,100.07127910581058,10015.34521429994,51.688097046321765,0
dodo-k500000000000000000,832,10000,573.8951667093356,-573.9423110602652,573.9423110602652,-0.04714435092955682,222579.02666943037,63699.89006462187,0.7774901107237391,10466,3685,161537.15791200922,-0.0008754101547211235,0.03838046481610078,99.91245898452789,10005.515954304215,91.85844630659516,0
dodo-k500000000000000000,833,10000,480.97173722311607,-480.7707501129254,480.7707501129254,0.20098711019068105,143032.50870343175,49157.08599263841,0.7442260801352137,6649,2528,110605.7209624168,-0.00005121201061584202,0.07276280496765779,99.99487879893842,9996.833733082372,104.45568928617625,0
dodo-k500000000000000000,834,10000,695.4512408089332,-695.1283153710374,695.1283153710374,0.32292543789583306,189663.24600134473,24168.95395902654,0.8869723364231127,9920,3267,141485.87733401865,-0.01264152349436003,0.06814047225690673,98.735847650564,10061.656124410209,46.10246177590722,0
dodo-k500000000000000000,835,10000,609.9408956260012,-610.291469993573,610.291469993573,-0.35057436757176674,125332.89251501464,15881.683886925202,0.8875350952318046,5963,2326,98336.68654076748,0.001763207285488022,0.20583239189174946,100.1763207285488,10006.568082545371,34.93327604732511,0
dodo-k500000000000000000,836,10000,728.2471437255423,-728.2305725583841,728.2305725583841,0.016571167158190292,234778.89428425286,43012.41171274956,0.845162858648954,11165,3739,171347.96089412132,-0.0005878646372400454,0.06065810789735579,99.941213536276,10004.684588391234,90.85752508151614,0
dodo-k500000000000000000,837,10000,278.9863644230776,-278.90577856653215,278.90577856653215,0.08058585654544004,104275.68374871198,13916.638499842358,0.882254293383151,6278,2029,79302.00520827217,-0.004743646939469528,0.03320703802488381,99.52563530605305,10043.206653238625,91.23673533614378,0
dodo-k500000000000000000,838,10000,152.33206249909927,-152.2769653987181,152.2769653987181,0.055097100381175323,60514.511631267545,7796.388890586767,0.885869036551604,4789,1369,44069.86405336028,-0.0019160607477942903,0.046286787426783035,99.80839392522057,10010.684236908914,60.250967028008056,0
dodo-k500000000000000000,839,10000,303.593922833205,-303.61016953144724,303.61016953144724,-0.016246698242241564,75604.99022554047,8289.520445453594,0.9011911461291872,4132,1486,61065.717203756496,-0.0002343135550131592,0.08381377063086476,99.97656864449868,10004.061510879816,108.29122919939262,0
dodo-k500000000000000000,840,10000,183.00272719057958,-182.98633484880335,182.98633484880335,0.01639234177622484,79842.9478935367,6240.3152226628745,0.9275083797155856,6661,1676,56250.75351139013,-0.0003265370181713934,0.05562877366706573,99.96734629818286,9997.280502933492,71.96154163648174,0
dodo-k500000000000000000,841,10000,298.2134024568055,-298.34312248783215,298.34312248783215,-0.1297200310266362,113712.26099657129,33556.019898353166,0.7721436028556937,5652,2116,87092.71129272175,0.00008655941305619309,0.05016665940158134,100.00865594130562,10014.264161443054,100.83021057413497,0
dodo-k500000000000000000,842,10000,861.7360121373437,-861.1629706132397,861.1629706132397,0.5730415241039282,237027.38712398318,64058.59144456773,0.787241532305421,11421,3577,169329.06406660433,-0.00004896200016261787,0.12280447162196055,99.99510379998374,10002.464020677242,104.82636872516866,0
dodo-k500000000000000000,843,10000,216.67198232853247,-216.7620100169806,216.7620100169806,-0.09002768844814568,87290.6040749643,23279.940104960217,0.7894562220198696,5580,1784,65485.93872344561,0.00031685859675235407,0.059635244968335284,100.03168585967524,9997.409714161153,90.99599602018608,0
dodo-k500000000000000000,844,10000,515.1529785070397,-515.2322649654915,515.2322649654915,-0.07928645845174742,184886.41849175244,37780.50987344528,0.8303272508817242,9064,3083,135943.38317848352,0.00027585326860176453,0.03864184623461568,100.02758532686018,10008.715174209183,130.21283471593298,0
dodo-k500000000000000000,845,10000,772.2863020725246,-772.0370695269133,772.0370695269133,0.2492325456112212,209747.35698277858,19611.777976631784,0.9144931463920002,9456,3273,159668.48165279982,0.0011835012298800508,0.06619935419181815,100.118350122988,9991.758261897248,86.84440521727163,0
dodo-k500000000000000000,846,10000,1094.0473732999483,-1093.347890373469,1093.347890373469,0.699482926479277,252743.35283761405,50910.19515355715,0.8323411812891534,11412,3939,187041.72985214842,0.0018786620681935063,0.1873770117700147,100.18786620681935,9999.111878400736,86.26568770451667,0
dodo-k500000000000000000,847,10000,203.42487771666677,-203.49906283636176,203.49906283636176,-0.07418511969498809,103772.28135212348,13995.137197947672,0.881162911013479,9124,2096,69782.29312559184,0.0021190858693827864,0.04416789172852788,100.21190858693828,9988.786406619818,101.68714168473659,0
dodo-k500000000000000000,848,10000,462.74575768016405,-462.6888795730832,462.6888795730832,0.05687810708081997,164088.56143413894,35683.98820507964,0.8213769195541454,9190,3014,120714.96318844982,-0.000000696576073551114,0.06216318894660659,99.99993034239264,9995.501910262274,86.78353724731187,0
dodo-k500000000000000000,849,10000,392.73869617989726,-392.68397286458753,392.68397286458753,0.054723315309729514,110626.42615038791,26429.140599944927,0.8071647782968966,6451,2191,85259.49521513529,0.0024946937133243806,0.14711960772752092,100.24946937133244,10003.729666779594,48.957746823523024,0
dodo-k500000000000000000,850,10000,109.43204647810337,-109.41509447762111,109.41509447762111,0.016952000482262974,58472.34696916447,8090.555715690973,0.8784524804455116,5391,1283,40665.07566488915,0.003770447265875845,0.02348466305398503,100.37704472658758,9976.886689112533,67.06723239911757,0
dodo-k500000000000000000,851,10000,703.9330710331568,-704.2156263072674,704.2156263072674,-0.2825552741105639,161777.11978817717,14564.188289918324,0.9174090946208228,7926,2746,124832.01392808282,0.0020059641076692,0.10826029534537226,100.20059641076692,9989.401838829235,82.33778507966863,0
dodo-k500000000000000000,852,10000,424.23541703627177,-424.5470148133262,424.5470148133262,-0.3115977770544305,135114.23059018393,34951.54932373911,0.7944821742420524,5990,2239,103712.27143158305,0.0006750769705979564,0.07980117560959642,100.0675076970598,9991.089722719464,88.6748237802902,0
dodo-k500000000000000000,853,10000,149.51404935235428,-149.47997048718494,149.47997048718494,0.03407886516933445,89593.62907418284,15635.104314994598,0.851417917792759,8172,1799,59594.3311417185,-0.0004887722196149014,0.026868115120252726,99.95112277803851,9994.95597936887,148.30004310935598,0
dodo-k500000000000000000,854,10000,448.1730299660553,-448.1940979922378,448.1940979922378,-0.021068026182490485,156294.68160858826,12061.275144513082,0.9283584888997941,9709,2800,112548.00162590212,0.0004724375183921836,0.06043962161446089,100.04724375183922,9996.31068771215,91.36150052574122,0
dodo-k500000000000000000,855,10000,574.1675204000803,-574.1703214481578,574.1703214481578,-0.00280104807745829,226842.73729890762,46188.871963895865,0.8308295801771534,10431,3372,162937.5204575818,0.0005538039335431222,0.049168898804514784,100.05538039335431,9984.674145321844,198.6265803228232,0
dodo-k500000000000000000,856,10000,402.8770272895926,-403.0955845218838,403.0955845218838,-0.2185572322911753,104034.61991183451,26714.431969499146,0.7956816391009485,4733,2003,83766.25442714244,0.003684661221321619,0.10312262963938267,100.36846612213216,9976.777642216975,67.00186336323387,0
dodo-k500000000000000000,857,10000,394.4884001303609,-395.5592193530125,395.5592193530125,-1.0708192226516076,96291.50160169354,23340.424019784714,0.8048980328743094,5251,1892,73927.50259744587,0.009466039467927487,0.15018071229912536,100.94660394679275,9978.298180140013,60.32203024469303,0
dodo-k500000000000000000,858,10000,248.12013875977507,-248.15650585216443,248.15650585216443,-0.036367092389355093,107757.09606232677,17353.226970675965,0.8612966016713235,7842,2198,76078.90241218008,-0.0009991319238642404,0.07692979524106064,99.90008680761358,10003.79008321512,77.63671165355022,0
dodo-k500000000000000000,859,10000,722.3487192267629,-722.033624200881,722.033624200881,0.3150950258818739,231538.86057239134,50708.12072048644,0.8203413177770416,10194,3632,172136.9789805927,0.0054421173106841535,0.04716142116176343,100.54421173106842,9948.136134338176,80.30670692604882,0
dodo-k500000000000000000,860,10000,271.1734211924567,-271.2571522836156,271.2571522836156,-0.08373109115888155,123403.08115855156,20858.139841895663,0.8554140905141029,8828,2170,83339.59448484388,-0.0003067770334155284,0.06766708974310433,99.96932229665845,10022.51241800931,197.45107031287412,0
dodo-k500000000000000000,861,10000,366.3367067895081,-366.30802818792773,366.30802818792773,0.02867860158039548,106913.06237542864,4723.459193626163,0.9576889433024445,5379,2002,85096.46593240181,-0.00009697247056749348,0.04770586011186453,99.99030275294325,9998.700440159651,101.3932377875106,0
dodo-k500000000000000000,862,10000,587.7647468316558,-587.8009259080353,587.8009259080353,-0.036179076379539765,188283.1794495776,38408.2004775826,0.8305705294576097,9783,3049,138012.97759272446,-0.000750069517538634,0.07706692192419695,99.92499304824614,9994.982140816463,57.60465136755883,0
dodo-k500000000000000000,863,10000,331.9534637410946,-331.8853843733002,331.8853843733002,0.0680793677943825,123406.15367641696,18337.220962463703,0.8706308424701937,6841,2144,92069.55391021262,-0.00011420515397915665,0.0676051428987951,99.98857948460208,10001.797297899197,145.07392197208722,0
dodo-k500000000000000000,864,10000,195.47000108157732,-194.3571646312631,194.3571646312631,1.1128364503142336,100623.34923871988,13384.508333296686,0.8826001240761677,8713,2106,67896.93726561464,-0.019989217324390865,0.04262098199161159,98.00107826756091,10083.676003790339,46.03179362892335,0
dodo-k500000000000000000,865,10000,234.65542945563598,-234.7464556066548,234.7464556066548,-0.09102615101880929,94165.83046173501,14144.367917853755,0.8694087156199015,5541,1810,70638.35502472786,0.00001393200912843895,0.029003568543834318,100.00139320091284,10022.991213004912,122.21216496178592,0
dodo-k500000000000000000,866,10000,114.1097957731979,-114.05539907687984,114.05539907687984,0.054396696318065096,64948.85845001103,13285.253051830614,0.8301859278926191,5393,1389,45561.35406465949,-0.0005357130578265412,0.029975980582549938,99.94642869421735,9995.903020996995,108.47222454667182,0
dodo-k500000000000000000,867,10000,636.814328478232,-636.9462708988649,636.9462708988649,-0.13194242063286765,171627.52493576938,18272.54622684189,0.903778097001369,7718,2845,131589.74939467973,0.000401396167971626,0.07454352655550409,100.04013961679716,10002.893637721505,94.5777182947253,0
dodo-k500000000000000000,868,10000,180.34102129603258,-180.33653697603117,180.33653697603117,0.004484320001409969,81869.14993183553,10366.343902952214,0.8876100352265646,5244,1697,61385.42888577696,-0.000553679309632571,0.03381697187320569,99.94463206903674,10005.546704216067,99.10295489690044,0
dodo-k500000000000000000,869,10000,204.2752983676632,-204.3180105598286,204.3180105598286,-0.042712192165396345,74555.48752536307,9934.110806754925,0.8824220850511659,5147,1568,55765.04409444269,-0.0036284999094495164,0.046085171387641,99.63715000905505,10030.247319941453,80.18677816515901,0
dodo-k500000000000000000,870,10000,210.7601181261522,-210.61807091802592,210.61807091802592,0.1420472081262858,69835.2384417489,7938.415902759977,0.8979292413392882,4047,1339,54756.88435316078,0.00389156529358317,0.04168284080944332,100.38915652935832,9955.059560022555,105.06790297340291,0
dodo-k500000000000000000,871,10000,156.07345760803565,-155.8761429882971,155.8761429882971,0.19731461973856312,65716.48058664818,15258.391918559217,0.811566335994194,4298,1275,48654.112865095085,-0.0005322180223195971,0.036722166875124175,99.94677819776804,9992.893311041908,162.52717894192187,0
dodo-k500000000000000000,872,10000,591.3027280965676,-590.7731686547604,590.7731686547604,0.5295594418072369,143385.59615383125,19274.776587678974,0.8815029360696889,7356,2659,110844.7861995533,0.00430610553234672,0.15933247641918186,100.43061055323467,9977.90645189967,46.93697407140254,0
dodo-k500000000000000000,873,10000,640.6059478499756,-640.6045362087634,640.6045362087634,0.001411641212143877,180807.74385207728,22128.917326038547,0.8909565319663154,8033,2997,141667.30242364286,0.0008171896946232948,0.06443316522954845,100.08171896946233,9992.663190602008,98.61261982968234,0
dodo-k500000000000000000,874,10000,295.2380779905404,-295.14928944336197,295.14928944336197,0.08878854717841023,95097.8007997415,16737.679336261386,0.8503365898200935,5223,1834,74316.3025279705,-0.0009808419292242831,0.06935682508695024,99.90191580707757,10013.080986970444,103.32487417824419,0
dodo-k500000000000000000,875,10000,624.6319099561005,-624.4139562866281,624.4139562866281,0.21795366947230832,175689.52293932397,34043.25628871593,0.8376827102848758,8285,3057,133916.4656440943,0.00034929114839300725,0.07619306881494708,100.0349291148393,9992.107179091749,86.56645037972162,0
dodo-k500000000000000000,876,10000,606.6090857465502,-606.4124345123018,606.4124345123018,0.19665123424840658,205471.89985831722,36230.50643307259,0.8501028310434192,10723,3480,149819.06371199986,0.0017674872961262623,0.05411965146619295,100.17674872961263,9978.024402103658,85.52460096449374,0
dodo-k500000000000000000,877,10000,476.5840862945265,-477.0105861907916,477.0105861907916,-0.4264998962651134,123409.93806719832,21882.281748553945,0.8493912352891072,5613,2252,98038.95834962862,-0.00041536432967447467,0.07255555428921369,99.95846356703255,10007.185904730808,70.11026216843064,0
dodo-k500000000000000000,878,10000,432.85890446610205,-433.20229349527835,433.20229349527835,-0.34338902917630776,123643.08598630167,21471.958218054617,0.8520349262491556,5733,2234,98598.51678806328,0.0005280398553685473,0.06635799587192266,100.05280398553685,10001.776711697006,99.63650055586174,0
dodo-k500000000000000000,879,10000,802.6301219937346,-802.7797716649033,802.7797716649033,-0.14964967116861772,249828.47684116516,44809.76243812194,0.847915998453796,10670,3727,186021.205979727,-0.0005825366385934672,0.04595535689109369,99.94174633614065,10011.624146751423,106.96298308753185,0
dodo-k500000000000000000,880,10000,288.5393007445173,-288.52506112460304,288.52506112460304,0.01423961991423539,118696.77564799682,13453.938387859254,0.898192465428459,7354,2261,86967.2792077609,0.00003836197230555172,0.052769378554020675,100.00383619723056,9998.500150305186,105.03268926818903,0
dodo-k500000000000000000,881,10000,958.3690585797438,-958.3156395326168,958.3156395326168,0.05341904712690848,211002.81578827163,20262.34669659175,0.9123847860227631,8464,3342,165677.31517396308,0.0019294954932183828,0.1305749165594115,100.19294954932184,9979.833715419752,79.91864952698177,0
dodo-k500000000000000000,882,10000,220.00101411571111,-220.13327761432575,220.13327761432575,-0.13226349861463405,104916.678723442,18847.82369446326,0.8477122007825687,7768,2129,73923.0366718539,0.0014310609989355782,0.04524510545178004,100.14310609989356,9987.236374595968,92.96718688283305,0
dodo-k500000000000000000,883,10000,247.4131576005599,-247.42994337450972,247.42994337450972,-0.01678577394980607,102406.9936606773,11931.37765990985,0.8956485253191502,8451,2095,71665.98311680909,-0.0006543629593481626,0.0775101366490783,99.93456370406518,10007.60019974056,57.866316955603345,0
dodo-k500000000000000000,884,10000,390.43256031387614,-390.52658010049515,390.52658010049515,-0.09401978661901467,121930.82161511485,7041.99783253201,0.9453993650546616,6486,2164,95153.15660106625,-0.00020503518302447787,0.046171499370499164,99.97949648169755,10013.522870887033,171.72152903121366,0
dodo-k500000000000000000,885,10000,211.32749071802579,-211.32052570673693,211.32052570673693,0.006965011288855294,90521.14562495596,17444.82533765834,0.8384229291681263,5705,1875,68311.88356823064,0.0005915444273391302,0.03837063380476707,100.05915444273391,9993.767675085654,95.93368572207761,0
dodo-k500000000000000000,886,10000,804.657049323996,-804.5667960435479,804.5667960435479,0.09025328044810976,230841.3093475512,38263.86365759643,0.8578107465185574,10755,3647,171235.85336276784,-0.004019126660903823,0.09100282227450762,99.59808733390962,10046.131961064855,98.39244390078188,0
dodo-k500000000000000000,887,10000,159.4777306638451,-159.5761734328176,159.5761734328176,-0.0984427689724896,70307.59897907006,7452.281734354849,0.9041628965221876,5352,1439,51204.23946643032,0.000023541608447885666,0.04279212159385011,100.00235416084479,10001.898605194847,150.83631635609953,0
dodo-k500000000000000000,888,10000,329.90100080285765,-329.822242981312,329.822242981312,0.07875782154565059,145471.70974075006,7830.076722283485,0.9489237737997814,11035,2679,100764.72618089184,0.0026413649872080213,0.046996303729208225,100.2641364987208,9970.11164093866,101.32791616145774,0
dodo-k500000000000000000,889,10000,345.96968501882066,-345.9621957801086,345.9621957801086,0.007489238712082624,138841.0675896821,32637.862589174518,0.8096683799278871,7687,2545,102184.85511406756,-0.00011385291900523952,0.036167053213592766,99.98861470809948,10000.127440442353,96.7181977662013,0
dodo-k500000000000000000,890,10000,280.0478045093355,-280.03696444736795,280.03696444736795,0.01084006196754217,86844.37216344384,11216.218224983038,0.8856195115636711,4488,1724,69956.712451482,-0.0018706847588514108,0.05760881178801895,99.81293152411486,10017.79588266217,101.83985582112363,0
dodo-k500000000000000000,891,10000,202.5065943682177,-202.53132374959858,202.53132374959858,-0.024729381380893756,97979.63051846916,12715.98765037341,0.8851265491739891,8136,1850,67268.6786952459,0.005120829786774124,0.029414360738856685,100.51208297867741,9962.040715206695,97.39477003811395,0
dodo-k500000000000000000,892,10000,180.252239879124,-179.80196327798507,179.80196327798507,0.4502766011389383,78382.02847108604,12749.404717114956,0.8600987137908235,4814,1534,58390.30941186447,-0.011300129147898162,0.029846251919954908,98.86998708521018,10108.560703974514,87.98773448184434,0
dodo-k500000000000000000,893,10000,764.5160435601927,-764.735618832232,764.735618832232,-0.21957527203937843,243751.89959210178,38669.84076270228,0.8630776769730202,10611,3643,179391.82431626733,-0.0014674337221046586,0.1086610094535024,99.85325662778953,10032.666769841613,162.11446641430615,0
dodo-k500000000000000000,894,10000,676.6622045669752,-676.5802435584242,676.5802435584242,0.0819610085510476,197532.49204670647,39384.904926832765,0.8337610262903927,8961,3248,147598.093188898,0.00020509117121505937,0.1358172093752225,100.0205091171215,9997.454080662055,103.80107120402114,0
dodo-k500000000000000000,895,10000,444.78425387086554,-444.98818673826145,444.98818673826145,-0.20393286739590621,191039.5901299787,34673.56170087299,0.8463821827854445,10791,3027,133175.2951695512,-0.0003817468741917196,0.05353525548799183,99.96182531258083,10005.376857774974,152.32987369519603,0
dodo-k500000000000000000,896,10000,186.6730455536547,-186.73010885158143,186.73010885158143,-0.05706329792673159,92642.99777336066,15023.889621719427,0.8604595155928512,7281,1954,64669.30916355348,0.0007151066630029845,0.041876539252074,100.0715106663003,10003.024134862175,74.75278526739645,0
dodo-k500000000000000000,897,10000,327.2612470143779,-327.37379799211556,327.37379799211556,-0.1125509777376692,116724.5844390128,19232.344855133004,0.858540900011625,7960,2341,83727.9373554785,0.0008007771814058629,0.08887845345108858,100.08007771814059,10000.320608007492,61.66054881566218,0
dodo-k500000000000000000,898,10000,288.67377119609927,-288.6674815536186,288.6674815536186,0.006289642480680868,125920.31678218803,23328.863970446084,0.8436918457253618,9904,2481,85513.91565198761,0.0003193800641660971,0.05762978153810579,100.03193800641661,9986.418660841122,61.72752126679433,0
dodo-k500000000000000000,899,10000,505.51658847579847,-505.4166968529646,505.4166968529646,0.09989162283386577,148360.58517387425,49370.14110368542,0.7503162910837474,8425,3037,110261.87905831344,-0.0013622890998786375,0.10851687480062551,99.86377109001214,9991.994309660742,48.27563102318908,0
dodo-k500000000000000000,900,10000,304.7169388331671,-304.6707076983756,304.6707076983756,0.04623113479146923,149158.05551585852,26325.761170473103,0.8499818292787132,11462,2901,101875.40966089607,-0.00013639586726796438,0.07046599730708096,99.9863604132732,9997.550873492377,95.15456377734994,0
dodo-k500000000000000000,901,10000,405.58664050694614,-405.39703750339885,405.39703750339885,0.18960300354729043,153042.71482750907,40337.923724738095,0.791406606024627,9824,2990,107354.4401267943,0.0030712182739847547,0.05772274018737619,100.30712182739848,9961.255134034487,51.95977984924389,0
dodo-k500000000000000000,902,10000,627.5858428395995,-627.250504650159,627.250504650159,0.33533818944056293,180840.43890322692,47682.62714700969,0.791344357612778,9580,3217,133074.29779950366,0.0016209794485477858,0.1697013982326712,100.16209794485478,9986.85892714687,42.07959173122799,0
dodo-k500000000000000000,903,10000,490.5527388873594,-490.45253000028913,490.45253000028913,0.10020888707026643,210304.883775896,42870.75523344931,0.8306679291846605,11628,3227,146022.9326945017,0.00038542289133559394,0.039484172782123184,100.03854228913356,9986.810881394684,79.3553036882172,0
dodo-k500000000000000000,904,10000,607.8481130168751,-607.8357358893757,607.8357358893757,0.012377127499462404,201006.23979547693,13669.707511224044,0.9363239911935985,10024,3270,148991.9991926221,-0.00007835813594454067,0.05619026337754335,99.99216418640555,9999.11424707333,103.56459739764196,0
dodo-k500000000000000000,905,10000,451.6362045966653,-451.63746632969765,451.63746632969765,-0.0012617330323223541,164592.98917174706,38997.41607124142,0.8084516015148289,8438,2973,121536.99804506477,-0.0007173596511438518,0.041139077681532826,99.92826403488561,10007.142230393656,95.28967750177506,0
dodo-k500000000000000000,906,10000,157.6842907900378,-157.68766224914475,157.68766224914475,-0.0033714591069440303,91403.09476248789,10870.474453221379,0.8937117914571454,7350,1678,61434.00862274402,0.0002512661783921999,0.03377662336972776,100.02512661783922,9990.661789086118,176.99047483532598,0
dodo-k500000000000000000,907,10000,183.02057313840393,-183.0900930732193,183.0900930732193,-0.06951993481536078,82350.09370203709,19573.667324498987,0.8079577605127528,5355,1733,60943.13210174256,-0.0002915272295464888,0.038502323649391455,99.97084727704535,9992.858666952276,116.46277568617353,0
dodo-k500000000000000000,908,10000,375.430667716554,-375.2278347967787,375.2278347967787,0.2028329197752896,138417.56595277475,24006.259853709613,0.8521998867191366,8416,2507,101185.39296811116,-0.0008437310030831213,0.06057208608794852,99.91562689969169,10000.238731919442,80.53688170807973,0
dodo-k500000000000000000,909,10000,503.38249404933265,-498.60302196544325,498.60302196544325,4.779472083889402,141692.1416508416,17930.3755380661,0.8876701366834974,6796,2510,109908.41302063958,0.047279125365801776,0.06791719570037187,104.72791253658018,9691.798093820234,63.95569969304597,0
dodo-k500000000000000000,910,10000,514.9836212662102,-514.9189702959957,514.9189702959957,0.06465097021452948,204200.57693216766,48995.825693413884,0.8064908301012977,10539,3135,144659.73223259815,-0.003111692147109295,0.07534613308201471,99.68883078528907,10046.90205488809,185.42967231080868,0
dodo-k500000000000000000,911,10000,369.87538637347427,-369.6506026462788,369.6506026462788,0.22478372719547224,159730.0108879565,23428.937725860946,0.872084121997993,11756,2904,108563.69158302297,0.0027344733650298283,0.04301970959895471,100.27344733650298,9979.281741062687,52.93232788898077,0
dodo-k500000000000000000,912,10000,640.4417663062613,-640.687118300576,640.687118300576,-0.24535199431466026,198453.3245521439,15201.312080458832,0.9288510077756994,9028,3034,148779.28652446475,0.006540769262947919,0.04821232425322435,100.65407692629479,9953.11229064269,134.0828478532055,0
dodo-k500000000000000000,913,10000,316.9032882217632,-316.98543939334706,316.98543939334706,-0.08215117158385965,145830.09213050868,28256.539151159344,0.8376869094247625,9530,2656,101924.65778865009,0.0037188549727267175,0.042601909363579014,100.37188549727267,9986.182099871237,74.17759602197118,0
dodo-k500000000000000000,914,10000,222.77762889326618,-222.64851500452585,222.64851500452585,0.12911388874033491,100041.50837586055,21884.110988171848,0.8205126116863707,7034,2074,71652.06063059128,0.00033175358092051965,0.03487518385014198,100.03317535809205,9993.403745338195,80.71806694001118,0
dodo-k500000000000000000,915,10000,459.15747522538834,-459.08900270020087,459.08900270020087,0.06847252518747382,155630.97861217608,28219.397416454034,0.8465088947543976,8706,2751,114134.24158378255,0.000027642647699224198,0.06479961071058823,100.00276426476992,9995.434361102522,91.80961420802007,0
dodo-k500000000000000000,916,10000,259.72206216448427,-259.9459775948857,259.9459775948857,-0.22391543040140505,85127.27109158314,14686.742935133945,0.8528589088582015,7305,1963,60222.37700900213,-0.0031690037578374587,0.10106051065557793,99.68309962421625,10029.970321252144,31.36505247600264,0
dodo-k500000000000000000,917,10000,762.5631511572899,-762.4084347121728,762.4084347121728,0.15471644511706018,236670.4008703073,33463.42159809682,0.8761227998318839,11482,3543,168586.8646614113,0.0007716866329194261,0.058850772982775794,100.07716866329194,10002.168986434915,177.4678224861306,0
dodo-k500000000000000000,918,10000,391.15621938816014,-391.50248488319113,391.50248488319113,-0.34626549503099113,92163.5624568306,13940.022710880408,0.8686187399902998,5254,1839,72423.67133347676,0.00006827276430144025,0.15350286996875723,100.00682727643014,10009.259338516478,114.53240818853689,0
dodo-k500000000000000000,919,10000,544.3133999919379,-544.187389254649,544.187389254649,0.12601073728887968,174071.900812521,11453.65928857402,0.9382637126532173,8841,2656,128234.39685864931,-0.00004076286877335633,0.0631564914719516,99.99592371312266,9997.236509695096,224.58719251823345,0
dodo-k500000000000000000,920,10000,250.53725144159054,-250.40537935931724,250.40537935931724,0.13187208227330416,87710.4912141027,8533.201199414547,0.9113375538133855,5953,1768,65659.86435279503,0.0005861332233182281,0.059652734606928985,100.05861332233182,10000.732437948995,76.11630482573209,0
dodo-k500000000000000000,921,10000,110.577556883216,-110.54499384852346,110.54499384852346,0.032563034692543624,82787.01949909837,13935.977153610458,0.8559186787434986,7556,1456,52130.39311757091,0.0014882807640141493,0.017818714516397306,100.14882807640141,9979.095881525998,157.45369450939688,0
dodo-k500000000000000000,922,10000,388.4116699624855,-388.43054162506337,388.43054162506337,-0.01887166257785111,120958.45117657722,19422.696794631906,0.8616431260512606,5401,2175,96633.01726807379,0.0007696203554573344,0.04715795960241891,100.07696203554573,9995.127087556984,94.81008829113199,0
dodo-k500000000000000000,923,10000,539.7092478098562,-539.5939459108195,539.5939459108195,0.11530189903669452,164894.05685571543,13110.085219235756,0.9263495496991548,8499,2785,124460.0695564534,-0.00034623284851662104,0.08160405475633936,99.96537671514834,9997.083801119727,110.38617493415198,0
dodo-k500000000000000000,924,10000,155.77859191852397,-155.8891299537001,155.8891299537001,-0.11053803517611982,62739.69269352775,16190.824792191828,0.7948724358088601,4370,1338,46429.53541550158,-0.000014986081660026684,0.07829704142030934,99.998501391834,10005.144763051658,116.5546764444914,0
dodo-k500000000000000000,925,10000,467.48627277690167,-468.02246673755633,468.02246673755633,-0.5361939606546571,108876.07958053029,12113.778321112548,0.8998777374301878,4924,1764,87003.43822715613,-0.0015217240848275537,0.07472441877012387,99.84782759151724,10014.741742139142,91.18801028239726,0
dodo-k500000000000000000,926,10000,208.78167057060696,-208.46854002276635,208.46854002276635,0.3131305478406148,90562.85828202961,19055.42491165104,0.8261656326255111,5772,1772,66440.74115076916,0.0015189920146497116,0.054795055398038243,100.15189920146497,9969.874478555395,103.07168258716703,0
dodo-k500000000000000000,927,10000,346.8105632781693,-346.9473194516809,346.9473194516809,-0.13675617351162828,117906.47107791262,28921.759025439635,0.8030231720079876,5540,2147,92199.98481367635,-0.0010924298315906356,0.044233458064559555,99.89075701684094,10018.72501710483,104.82748780615688,0
dodo-k500000000000000000,928,10000,403.6414500971792,-403.65714007971536,403.65714007971536,-0.015689982536173375,97738.23021761078,8898.748119177795,0.9165510101845429,4500,1810,79549.59317009927,-0.00013454916408264239,0.13224232035505054,99.98654508359174,9999.513941164034,83.2080907777807,0
dodo-k500000000000000000,929,10000,238.1228435119391,-238.1642272906755,238.1642272906755,-0.0413837787364173,95612.54632173544,22960.91353518925,0.8063570586293529,5115,1696,72733.49699215725,0.0002771806029629431,0.03346107492193596,100.0277180602963,9995.976689404388,127.89647149898721,0
dodo-k500000000000000000,930,10000,255.10833665834247,-255.05700006702705,255.05700006702705,0.0513365913154189,131877.88673756225,21630.339624320168,0.8590932868097343,9714,2490,91566.88479533164,0.00041624419266113934,0.024994649552953094,100.04162441926611,9988.395783456366,110.88951471751186,0
dodo-k500000000000000000,931,10000,287.19705305040236,-287.3558762068283,287.3558762068283,-0.15882315642596723,81856.56306665113,15681.991000574457,0.8392226422613759,4027,1565,65882.72057963068,-0.000175180599508451,0.05778236417633451,99.98248194004915,10015.789447959627,107.36776649630849,0
dodo-k500000000000000000,932,10000,423.1735551206273,-423.16182829477856,423.16182829477856,0.011726825848768385,171139.6586780351,10981.31991607739,0.9397031577534452,10946,3031,121597.27371549707,0.0004170134946541282,0.07433733269761773,100.04170134946541,9995.574119455301,101.02862854195298,0
dodo-k500000000000000000,933,10000,662.4077076928469,-662.4671231815264,662.4671231815264,-0.05941548867951951,215473.12812294133,27306.4604260057,0.8875257158593445,10033,3215,159696.2340321767,0.0007642713215265929,0.06434346606099765,100.07642713215266,9994.919270075034,118.56551349852177,0
dodo-k500000000000000000,934,10000,412.9469653652167,-411.1300717149943,411.1300717149943,1.8168936502224255,132721.45913449887,23805.60158777165,0.847913827309321,7934,2491,96639.61763221736,-0.0005252377231008153,0.17595737910098053,99.94747622768992,9993.67524505942,73.91346420600289,0
dodo-k500000000000000000,935,10000,475.9740237035526,-476.32521888670294,476.32521888670294,-0.3511951831503666,118097.32248147667,12426.661225058775,0.9047940395920006,6411,2300,91952.8403977428,0.0017744391326463926,0.08872343636331123,100.17744391326464,10004.182960912081,60.009998089698215,0
dodo-k500000000000000000,936,10000,75.22323512102436,-75.19330475102947,75.19330475102947,0.02993036999488652,46593.553243746166,11795.4405996274,0.7979852053750359,4134,1048,32237.183273490104,-0.0024913097429755736,0.03179021298220363,99.75086902570244,10027.316065451963,105.05855312620623,0
dodo-k500000000000000000,937,10000,781.274391329831,-780.7578275820399,780.7578275820399,0.5165637477911105,190295.6403451178,33143.83239750344,0.851665276548152,8161,2894,145733.81380658105,-0.0018151263955239472,0.11200588171472291,99.8184873604476,10013.945309394598,150.2718954070977,0
dodo-k500000000000000000,938,10000,302.4528652891342,-302.4072046524097,302.4072046524097,0.04566063672450582,137803.22705975536,17639.117559644154,0.8865230860816367,9545,2484,96163.84642987598,-0.00029121986084504667,0.034443520762597046,99.9708780139155,9992.476401440663,126.17586885449033,0
dodo-k500000000000000000,939,10000,300.5946035650885,-300.5998722880213,300.5998722880213,-0.005268722932783021,137860.13810154388,21033.32522499472,0.8676262397165478,9524,2656,97377.69900331624,0.0003931556449273899,0.04905993121010724,100.03931556449274,9994.894973789937,101.06099073645629,0
dodo-k500000000000000000,940,10000,322.61034125641976,-322.6701858327383,322.6701858327383,-0.059844576318539566,104290.547060688,16171.610670336051,0.8657536028331394,5793,1952,80110.98676991771,-0.0012947501895847324,0.0434692750046213,99.87052498104153,10007.143197673071,120.78313631376483,0
dodo-k500000000000000000,941,10000,633.8507100935003,-634.0552660717015,634.0552660717015,-0.20455597820114235,200909.57841275667,27477.300645467414,0.879689670620428,8503,3060,154615.33232035048,0.0004899921829451159,0.04338329520613911,100.04899921829451,10005.420707231642,169.26597924815883,0
dodo-k500000000000000000,942,10000,702.3858157253719,-702.5518875614564,702.5518875614564,-0.16607183608448395,158086.83713514023,18286.96122041987,0.8963170187923586,9418,3090,118889.07307953811,0.003182512930968926,0.1578157515781011,100.31825129309689,9993.665008165945,25.402786763145137,0
dodo-k500000000000000000,943,10000,579.6927184341583,-579.5625217709547,579.5625217709547,0.13019666320360557,194496.60403759865,33012.04791921215,0.8548976153861656,11467,3474,138100.72789890354,0.0007095865676734547,0.15847928565559313,100.07095865676735,9991.437570759132,78.19488420272818,0
dodo-k500000000000000000,944,10000,316.6280134422317,-316.66500982070954,316.66500982070954,-0.03699637847785198,112443.14866206782,14679.550651716936,0.8845245520197577,6195,2148,85734.3738410663,-0.0002707619597124733,0.04685780344398282,99.97292380402875,9995.982178849279,79.20098667178127,0
dodo-k500000000000000000,945,10000,118.06477091134579,-118.01603094220039,118.01603094220039,0.048739969145401574,60479.51797657187,7936.247603775668,0.883999725261346,4226,1177,44069.21351402584,-0.00010214813970748083,0.02470454543505042,99.98978518602925,10006.038622512484,173.7740876760304,0
dodo-k500000000000000000,946,10000,274.5289995732635,-274.81037488269567,274.81037488269567,-0.28137530943217826,75813.96134992377,8368.14437314342,0.9005947368354982,4197,1490,60285.32871221527,0.002736580252913825,0.07273389058533511,100.27365802529138,10005.443823921609,52.164583536131765,0
dodo-k500000000000000000,947,10000,374.97869536615923,-375.0344501350248,375.0344501350248,-0.05575476886559727,108402.5274429032,12124.064031955837,0.8994075590822227,5640,2035,84613.0766902228,0.0007018830141034015,0.05343562091858132,100.07018830141034,9999.545995140646,128.16906905538224,0
dodo-k500000000000000000,948,10000,238.66699276767278,-238.710017625692,238.710017625692,-0.04302485801920852,75349.59540925315,13032.514972243847,0.852543519090123,3950,1529,59824.64840871386,0.0009391223080628208,0.07828863399875388,100.09391223080628,9998.449821542423,83.92570193792658,0
dodo-k500000000000000000,949,10000,956.9227673408815,-957.0074632370299,957.0074632370299,-0.08469589614844608,211416.00903209465,42217.99122095035,0.8335475875520222,9140,3457,160108.97267978487,-0.005965584026010901,0.09676445754926605,99.40344159739891,10027.131859996469,70.36953262042883,0
dodo-k500000000000000000,950,10000,127.35531214352064,-127.3338696889282,127.3338696889282,0.02144245459243166,67989.76099651068,5735.463023021507,0.9222048749353138,5918,1517,48202.96045120601,-0.0019655817659472064,0.044141797383747704,99.80344182340528,10019.196257773649,98.44005129273961,0
dodo-k500000000000000000,951,10000,444.07474532127355,-443.344051542905,443.344051542905,0.7306937783685612,142784.96331623817,9116.477408440061,0.9399842597611454,8608,2447,103808.51433447139,-0.001819607109973873,0.0889623936216789,99.81803928900261,9985.02660170836,148.9629282748829,0
dodo-k500000000000000000,952,10000,389.09944892933976,-389.0866528969294,389.0866528969294,0.012796032410335556,173026.50640195282,17116.094944067776,0.9099828506452377,11745,3125,119287.63716796333,0.0012124385024523576,0.05479421056567133,100.12124385024524,9987.482478336955,98.64640832164508,0
dodo-k500000000000000000,953,10000,258.2836313449118,-258.2888378043486,258.2888378043486,-0.005206459436806199,135277.87280464498,24130.194953764494,0.8486262628166665,10477,2537,89318.66885662182,-0.00015618952317169031,0.047733923911983,99.98438104768283,10004.56702935236,119.56303624451994,0
dodo-k500000000000000000,954,10000,217.95382432845827,-217.97825934735775,217.97825934735775,-0.02443501889948152,106754.44158118147,20050.19099211779,0.8418812421499837,8282,2194,72812.43218070694,-0.0019082634643817187,0.032267405424260716,99.80917365356183,10027.654834203253,73.36659174298256,0
dodo-k500000000000000000,955,10000,327.2703084013556,-327.09479148573956,327.09479148573956,0.175516915616015,132496.23839489787,32038.967257157,0.8052759156911968,8933,2631,93489.77163914981,-0.00014423330692380886,0.0572774194562011,99.98557666930762,9992.595417288565,44.53245722914996,0
dodo-k500000000000000000,956,10000,882.1224944033461,-882.0363748694328,882.0363748694328,0.08611953391323368,264258.181501572,52783.5166268234,0.8335123835810166,11790,3937,192429.46055328604,-0.002257614616418806,0.1056063689155674,99.77423853835812,10022.13367749184,107.41825791751016,0
dodo-k500000000000000000,957,10000,594.0723433397905,-594.1405392203934,594.1405392203934,-0.068195880602957,169647.04720137583,19897.903098185983,0.8950227739291455,11026,3033,120025.6630282436,-0.001561562137574981,0.13668320977988174,99.8438437862425,10010.092428505099,79.42004567793134,0
dodo-k500000000000000000,958,10000,491.14105542650583,-491.06835952691375,491.06835952691375,0.07269589959207678,130719.40190124809,15534.632448679346,0.893783220970772,6416,2259,101713.82795730476,-0.001141011187321368,0.09861936006409565,99.88589888126786,10015.134358868429,103.19117791931505,0
dodo-k500000000000000000,959,10000,397.5480133308356,-397.56294261451393,397.56294261451393,-0.014929283678327465,149159.6006789435,20610.123018620907,0.8785995372453057,10342,2711,105163.08049287825,0.0001728787055814962,0.05036963047293099,100.01728787055815,9984.419405506269,63.97954373227681,0
dodo-k500000000000000000,960,10000,396.7060220198241,-396.53149097597594,396.53149097597594,0.17453104384816243,162173.75076339106,24700.10520983935,0.8678247147991764,10008,2908,116169.87799055764,-0.004245521003210086,0.040183595948453645,99.57544789967899,10025.950155690294,80.69917607259077,0
dodo-k500000000000000000,961,10000,82.35357815782264,-82.37240832186214,82.37240832186214,-0.018830164039499664,56427.16795113006,8609.384129214475,0.8676223776657369,5109,1175,37827.46747727868,0.0016191663974535685,0.021836078533932265,100.16191663974536,9987.585141305124,108.08405333850828,0
dodo-k500000000000000000,962,10000,327.6853361608154,-327.51317316572045,327.51317316572045,0.17216299509493638,148920.63482968605,12784.068891783822,0.9209418860579103,10214,2724,104342.77104046362,0.005142507841936208,0.050056392339544974,100.51425078419362,9942.64558900236,113.53587072471963,0
dodo-k500000000000000000,963,10000,365.13696751795385,-365.46347935802834,365.46347935802834,-0.3265118400744882,146428.39944884463,38576.59209553129,0.7914835066151273,10146,2810,101222.9119051783,0.0016638338062136882,0.06710909933336864,100.16638338062137,10003.306726697096,87.66726353746705,0
dodo-k500000000000000000,964,10000,379.8912702591386,-380.30644354103725,380.30644354103725,-0.4151732818986602,145300.344554632,15396.42348989193,0.9041895883952933,9673,2588,103461.83810787344,0.002356127105366568,0.07165505966999192,100.23561271053666,10008.828009078654,61.096299341296785,0
dodo-k500000000000000000,965,10000,278.24258588923243,-278.23275104311824,278.23275104311824,0.009834846114188167,133933.7480935266,8954.81552175224,0.9373300753035584,9086,2556,95281.8828256952,0.0011286945793041526,0.032285207479884406,100.11286945793042,9988.410624846285,100.07319535446113,0
dodo-k500000000000000000,966,10000,500.06333347990915,-500.0881539253549,500.0881539253549,-0.024820445445755013,173420.57239267623,17467.065300284845,0.9084955657087638,9116,3015,129168.66861407706,0.0006476976035587256,0.052016572994138956,100.06476976035587,9996.621786145179,103.84998603647017,0
dodo-k500000000000000000,967,10000,581.9004042628997,-582.3182886975995,582.3182886975995,-0.4178844346998858,133997.1168170831,21415.58111639472,0.8622018573697153,5674,2401,108216.37647289179,0.00035336358032679984,0.09445945576363812,100.03533635803268,10012.343534899954,83.88825720589213,0
dodo-k500000000000000000,968,10000,781.7398716571238,-781.5215863815346,781.5215863815346,0.21828527558920996,198950.3929359679,41561.35192654321,0.8271961647847932,8770,3191,150858.24529774007,-0.0010212158139941607,0.10387041671627259,99.89787841860058,10005.73263780301,92.76347330671241,0
dodo-k500000000000000000,969,10000,467.89842946617944,-468.17542269719416,468.17542269719416,-0.2769932310147283,147049.38910572793,35280.122506018706,0.8065034991091055,8226,2859,109169.67543976035,0.002325897764813618,0.09054253027212439,100.23258977648136,10006.674143323851,62.133199381701424,0
dodo-k500000000000000000,970,10000,411.1198756914425,-411.33650738002876,411.33650738002876,-0.21663168858628978,165329.7019686816,32468.912561411427,0.8358486350445513,7525,2597,124108.17089856628,0.00024163601265129843,0.033949578370927186,100.02416360126513,10009.682664556074,181.17236352138633,0
dodo-k500000000000000000,971,10000,480.12915037674117,-480.0928272104733,480.0928272104733,0.03632316626789134,158679.56120251815,25355.287842471407,0.8622256166478937,7784,2798,120541.7369654948,-0.00033623397671462386,0.07339814937225754,99.96637660232854,10000.617376938842,108.39538477256826,0
dodo-k500000000000000000,972,10000,163.36838721375597,-163.33497847167285,163.33497847167285,0.033408742083111065,72079.12749647263,13515.062152141205,0.8421030421851762,4433,1486,53733.86066697172,-0.003973188474845841,0.04436677885627518,99.60268115251542,10044.520426647498,110.90080125537601,0
dodo-k500000000000000000,973,10000,504.5396482840968,-504.74143634047243,504.74143634047243,-0.20178805637561936,193956.60939131837,39571.58406827427,0.8305490078861877,11572,3234,136119.57292857012,-0.000677327937681298,0.06259883226308716,99.93226720623187,10013.320482592224,153.51238374577542,0
dodo-k500000000000000000,974,10000,183.93111579357466,-184.02257857447594,184.02257857447594,-0.09146278090128135,90839.46700781031,12107.336657049083,0.8823923014019532,6655,1755,63632.68496346411,-0.0010533545032859592,0.029331782183684537,99.8946645496714,10014.252854509159,117.57216251344016,0
dodo-k500000000000000000,975,10000,425.60555337107826,-425.7425374740788,425.7425374740788,-0.1369841030005432,101779.92443682748,17316.70789776729,0.854599516725905,4438,1844,82623.36777579595,-0.0017784569095603332,0.07172799279755196,99.82215430904397,10009.828481179331,64.16033880879931,0
dodo-k500000000000000000,976,10000,242.60813059583157,-242.61365121455236,242.61365121455236,-0.005520618720794346,99499.6522854995,7702.555814239115,0.9281492802175043,6363,1951,75393.37575789382,-0.0000650892537090897,0.03423281421555899,99.99349107462909,10000.128984841962,102.75298993868925,0
dodo-k500000000000000000,977,10000,453.8429481732281,-453.67384139892994,453.67384139892994,0.16910677429814314,128695.95155388767,10476.509179509649,0.9247228286091834,6895,2242,97930.37287157665,0.00011923293804613877,0.11070927041045976,100.01192329380461,10004.012510908537,91.86459830000013,0
dodo-k500000000000000000,978,10000,243.84502694167753,-243.86320867719178,243.86320867719178,-0.018181735514247066,96869.01299856487,18930.652719813457,0.8365223888827771,8991,2295,65770.557093642,-0.0045748741374235635,0.16958484197441492,99.54251258625764,10009.946042586706,23.8162423587413,0
dodo-k500000000000000000,979,10000,444.0110857522443,-444.2866372915839,444.2866372915839,-0.275551539339574,161557.50103855497,30196.44372621935,0.8425250455042189,8798,2794,119272.47742440247,-0.0006076623548543125,0.05198591582571268,99.93923376451457,10014.26693346782,126.11982565019574,0
dodo-k500000000000000000,980,10000,256.3141329563184,-256.0751371990993,256.0751371990993,0.23899575721912925,112957.33624038652,15637.335519479286,0.8783982624981538,9524,2143,76479.25463793654,-0.00010167177681168482,0.07783523463152278,99.98983282231883,10003.588741480507,113.32141015727349,0
dodo-k500000000000000000,981,10000,520.4902824580832,-520.4203197312372,520.4203197312372,0.069962726846029,166146.36134908034,15704.776706732922,0.9136393817787775,8613,2780,123549.49005869617,-0.0013435137744568237,0.07685056392904883,99.86564862255432,10010.108655183807,133.91110719652707,0
dodo-k500000000000000000,982,10000,455.75148691222694,-455.53705743534897,455.53705743534897,0.21442947687796732,174771.9420759242,24752.467296327177,0.8759426609796566,10074,2958,126514.07461813686,-0.0007617961803921958,0.06416406912831846,99.92382038196078,9993.748240443343,137.53453606259666,0
dodo-k500000000000000000,983,10000,525.7588266669585,-524.963033013023,524.963033013023,0.7957936539354478,168131.1161757552,33974.302640221016,0.8318981111973264,8114,3036,128061.44323457526,0.015342753624011322,0.081420603819505,101.53427536240113,9872.456863228144,82.94149992009324,0
dodo-k500000000000000000,984,10000,601.725689166041,-601.6623845116083,601.6623845116083,0.06330465443272715,189263.36350539667,30170.484129908247,0.8625076101292676,8019,2983,145574.92545235337,-0.0037385190712680583,0.0515685604609034,99.6261480928732,10045.851130436284,132.2300375431944,0
dodo-k500000000000000000,985,10000,431.2840030650007,-431.32453454682116,431.32453454682116,-0.04053148182043742,180120.96554760108,26579.021499281804,0.8714125633048383,10562,3168,129100.34848868306,0.00023470051734562956,0.03660907921740218,100.02347005173456,10000.081451604665,108.3868371185161,0
dodo-k500000000000000000,986,10000,647.0165754459955,-646.9143640036915,646.9143640036915,0.10221144230399659,182447.23682764856,13147.190480280779,0.9327834097257647,8718,2940,138217.18354368795,0.004367471344654774,0.05970790296457139,100.43674713446548,9955.388739401596,105.05371503082581,0
dodo-k500000000000000000,987,10000,406.9336790067959,-407.0566462208794,407.0566462208794,-0.12296721408347366,121627.06590254989,25452.856829299264,0.8269454024958661,5562,2215,96044.65091903992,0.003087903233406735,0.08012308639216556,100.30879032334067,9978.165939039767,94.71457169401732,0
dodo-k500000000000000000,988,10000,621.1203090780828,-620.927426588944,620.927426588944,0.19288248913881034,219912.58701901743,35897.04484696107,0.8596728176921503,11700,3635,159698.28767698555,0.00442453078072603,0.07722230386405741,100.4424530780726,9953.547430147788,95.34830776808288,0
dodo-k500000000000000000,989,10000,404.30041797164523,-404.26328005664834,404.26328005664834,0.03713791499689023,148624.3632180547,48401.20650574222,0.7543404819303701,8318,2791,107489.0153465119,0.00035325226298724035,0.09148868648730059,100.03532522629872,9996.0258954484,87.92640818545736,0
dodo-k500000000000000000,990,10000,295.44162224668645,-295.1653756558758,295.1653756558758,0.27624659081067193,101804.8046063671,20273.325301659454,0.8339315541863777,6019,2007,76676.13164158558,0.0003328219434821733,0.06848052185984983,100.03328219434822,9992.511787019215,63.800433732442364,0
dodo-k500000000000000000,991,10000,690.9115923443707,-691.3307614919195,691.3307614919195,-0.4191691475488142,230953.4965007165,49805.096602630605,0.8226052636462051,10203,3436,168528.36576136344,-0.0013256937912184696,0.07457841558576873,99.86743062087815,10027.88467257978,131.43011031994297,0
dodo-k500000000000000000,992,10000,502.1164283515984,-502.0510141863614,502.0510141863614,0.06541416523702992,197399.43674278993,53462.100078678086,0.7868860218426958,10711,3246,139153.81161375294,-0.000979469696504367,0.04984793257164242,99.90205303034956,10001.878325083719,105.72201433928285,0
dodo-k500000000000000000,993,10000,261.1939211986943,-260.8882083048967,260.8882083048967,0.30571289379759037,86346.8582596146,23112.31550455983,0.7888498998324762,4305,1697,68448.09814758642,-0.004881005600109916,0.04643632033840859,99.51189943998901,10025.521056420366,64.12596545006191,0
dodo-k500000000000000000,994,10000,538.7305819973893,-538.6044384614261,538.6044384614261,0.12614353596325145,199380.1214330293,49461.83882765862,0.8012319193441404,10200,3350,144266.5857445955,0.0018837513211059332,0.049773572953308615,100.1883751321106,9978.706835050516,104.93080575184041,0
dodo-k500000000000000000,995,10000,1114.7193515641707,-1113.9543702018177,1113.9543702018177,0.7649813623529553,248670.3724329306,47737.06469682729,0.8389478173723101,10853,3774,186359.72773631767,-0.009043991607174036,0.09510581538266351,99.0956008392826,10003.131371365253,75.38367126263556,0
dodo-k500000000000000000,996,10000,580.1621024989948,-579.8470699285566,579.8470699285566,0.31503257043823396,156368.38558103266,51035.46856006904,0.753931918134229,7579,2815,119759.48746346383,-0.007927597534817608,0.11811375233168547,99.20724024651824,10059.73565372044,87.21507112732313,0
dodo-k500000000000000000,997,10000,215.60429200563686,-215.6529509380866,215.6529509380866,-0.04865893244974018,97895.59322053661,21152.57740622145,0.8223191730300553,7190,1962,69442.35261891036,0.000744220807211633,0.04633166020600612,100.07442208072116,9996.386075170067,107.08728473357351,0
dodo-k500000000000000000,998,10000,530.0336069024105,-530.0543938158303,530.0543938158303,-0.02078691341978356,192853.495185484,59241.24591246186,0.7650040391384246,9613,3334,140852.01289396847,0.00018630721517283179,0.05812926693695601,100.01863072151728,9999.93316683381,96.25685765340556,0
dodo-k500000000000000000,999,10000,436.0712228638186,-436.11522684174923,436.11522684174923,-0.044003977930628935,118910.15004082269,14544.898864215933,0.8910127493597825,5317,2172,95630.75868692686,0.0007711151820763007,0.0722379419558031,100.07711151820763,9995.975775175148,90.08787327790438,0
flashbots-c2,0,10000,388.88508875048814,-388.9198638771398,388.9198638771398,-0.0347751266516525,131413.68347207928,24719.998230787885,0.8416741476843433,6698,2530,102347.44940587015,0.0006143537847472658,0.03853571141688121,100.06143537847473,9991.721811265239,88.19719749066152,0
flashbots-c2,1,10000,128.24779042576566,-128.22485037784182,128.22485037784182,0.022940047923839302,46585.75176020837,11709.09109298769,0.7991401894250799,3883,1140,34533.03463187261,0.0008318057082969687,0.05897974864812696,100.0831805708297,9993.440008309206,51.02014315808477,0
flashbots-c2,2,10000,232.9188764546318,-232.9017628704705,232.9017628704705,0.017113584161307926,110745.26383675066,14093.603704028883,0.8871056428045128,7612,2299,80444.13489152242,0.0016162125004990458,0.04423124537742254,100.1616212500499,9982.947125937317,92.60684722629529,0
flashbots-c2,3,10000,157.08363071212236,-157.09415179847082,157.09415179847082,-0.010521086348461495,73263.50493342748,8697.291269954883,0.8938847391334155,5706,1493,52408.47075797652,0.00000401694575430156,0.052901817337540534,100.00040169457543,9990.792382509751,95.23520454777344,0
flashbots-c2,4,10000,266.3198509741078,-266.3341332127233,266.3341332127233,-0.014282238615521692,89509.61442012091,12774.672444248545,0.8751062080416325,4391,1723,72326.9344161486,0.0000024636352976870056,0.042428813438582014,100.00024636352977,10000.234024820196,99.79690512669549,0
flashbots-c2,5,10000,336.5203712141482,-336.53556985777675,336.53556985777675,-0.015198643628536956,125256.75224519981,21087.144748049996,0.8559069070777673,8563,2468,90471.62177326155,-0.0000007508917705933981,0.04629775439536573,99.99992491082294,10002.175215561589,89.6630303027163,0
flashbots-c2,6,10000,239.22284964346537,-239.20442181268942,239.20442181268942,0.01842783077594845,118364.10957203677,11335.914576693172,0.9125989786733268,8981,2307,83311.6384791584,-0.0005134336172375242,0.028616804396305894,99.94865663827625,10009.24918312693,112.87745809577848,0
flashbots-c2,7,10000,390.1916236216254,-390.1925449030508,390.1925449030508,-0.0009212814254055957,125614.07677714381,31360.166259713344,0.8002209429202339,5775,2300,98783.78876689066,-0.0001061282466568514,0.05510429989182498,99.98938717533431,10001.249346771687,99.57023518258744,0
flashbots-c2,8,10000,880.90267377384,-881.458654376378,881.458654376378,-0.5559806025380567,230096.2864178885,49941.68401962937,0.8216610271042786,9665,3481,171583.85888605774,0.0013385723999292053,0.12017318863421948,100.13385723999292,9968.81655446036,118.34002263650147,0
flashbots-c2,9,10000,483.7293627285904,-483.92154075353557,483.92154075353557,-0.19217802494517855,169038.93607521072,36108.220457629584,0.8239886866194545,9058,2874,121986.77624185935,-0.0007442781739950987,0.04831454823789769,99.92557218260049,9970.03723593313,153.7840946317001,0
flashbots-c2,10,10000,412.04262794779123,-412.04437106448273,412.04437106448273,-0.0017431166915002905,142610.51531735406,12625.353519835038,0.9186698691841866,7541,2614,109369.65094264476,0.0000007358533505907872,0.0754428497534387,100.00007358533506,10000.417929847164,101.48687291166948,0
flashbots-c2,11,10000,464.38515215353044,-464.3861780933064,464.3861780933064,-0.0010259397759568856,129650.41024680587,17042.127305588245,0.8838241699956869,6119,2083,99879.45721289306,-0.0005045363675215242,0.0890573048625778,99.94954636324785,9996.259309107601,95.23554058680836,0
flashbots-c2,12,10000,1012.6358700205049,-1012.5726416969546,1012.5726416969546,0.06322832355022001,273476.7346354419,29311.87984603434,0.9031935864027425,11619,3995,202945.44313988625,-0.003171450605351822,0.09029658794554792,99.68285493946482,10030.607107718059,101.37104955938125,0
flashbots-c2,13,10000,626.9036000054834,-626.9162325662385,626.9162325662385,-0.012632560755037048,227743.98992611465,59415.05627026932,0.7930935589274934,10467,3697,168886.74189922286,0.0009655720282547975,0.04305750470669494,100.09655720282548,9990.885437568562,100.44654210855664,0
flashbots-c2,14,10000,311.1479788254246,-310.89131632013266,310.89131632013266,0.2566625052919562,97948.29298633503,36544.59723490822,0.7282785939480392,6440,2145,71778.82266813472,0.0026664018082206554,0.06197437052180703,100.26664018082207,10002.001213445807,62.80895993167865,0
flashbots-c2,15,10000,495.4915851657297,-495.39670558072805,495.39670558072805,0.0948795850016495,159843.24816973298,45895.57418158409,0.7769231219608452,7329,2811,122213.3493110677,-0.0020974291726997764,0.0525239032611735,99.79025708273002,10023.223902384005,92.84026173414608,0
flashbots-c2,16,10000,1331.936306175095,-1330.9296865279846,1330.9296865279846,1.0066196471104831,208693.2594403732,48047.041959524184,0.8128574216920998,9395,3498,157972.60742135663,0.000004620993493205106,0.28052192124832914,100.00046209934932,9984.708989744582,33.40793782367383,0
flashbots-c2,17,10000,220.13327198043308,-220.25602635654812,220.25602635654812,-0.12275437611504003,109949.11122062497,11835.656357574195,0.9028149694503099,8629,2078,75262.85728483585,-0.000006072006219142167,0.030905178740714946,99.99939279937809,10002.772821287503,139.045628647001,0
flashbots-c2,18,10000,1020.0680376677217,-1020.05227878695,1020.05227878695,0.01575888077172749,256002.38857825473,18751.971022734877,0.9317500510275166,10249,3739,195300.85495456556,0.0000001678578999531055,0.06543410296847654,100.00001678579,10002.237599568954,93.76140412178559,0
flashbots-c2,19,10000,265.91860739729634,-265.7876976556042,265.7876976556042,0.13090974169216452,123213.33864676101,12489.145968520299,0.9079667111186119,10170,2219,83093.65402601828,0.00000025314305986512407,0.06180339459963363,100.00002531430599,9999.595802587955,112.35294496405139,0
flashbots-c2,20,10000,371.7211594797711,-371.78730219536726,371.78730219536726,-0.06614271559618601,140446.69973736195,45990.083969796215,0.7533207607677129,8077,2687,101257.73986931158,-0.000003513602602680521,0.06423650947039661,99.99964863973973,10008.042109897076,96.08783510341532,0
flashbots-c2,21,10000,762.8883975107785,-763.210378573946,763.210378573946,-0.3219810631674136,200983.19774668405,40575.402658191895,0.8320266693457259,8901,3243,152443.6894170609,0.000003883811037894702,0.1074238846659189,100.00038838110379,9968.327233328726,66.664639588171,0
flashbots-c2,22,10000,565.2015781775547,-566.6180911117185,566.6180911117185,-1.4165129341638476,135741.1268561057,15220.467324174324,0.899176559396969,7345,2352,103452.60631590767,0.002250977281577633,0.15167025166465806,100.22509772815776,10010.12858984592,57.98358028671422,0
flashbots-c2,23,10000,582.339163639674,-582.7382693751946,582.7382693751946,-0.3991057355206067,189341.0603365905,12859.235792536007,0.936403476954732,7794,2551,142769.5432179428,0.0004291690841972695,0.051633075408900025,100.04291690841973,9969.330089988036,163.8063401131231,0
flashbots-c2,24,10000,335.86739625630474,-335.94380785352,335.94380785352,-0.07641159721526947,180834.48734894837,28947.92448062646,0.8620097641734452,10573,2599,124523.05909362758,0.0000016164494559234298,0.0271560356071889,100.00016164494559,9996.374864645966,179.83882562108087,0
flashbots-c2,25,10000,431.64524868852254,-431.84935359749863,431.84935359749863,-0.2041049089760918,152445.5009971406,30640.258969059392,0.8326453189220397,8733,2701,110717.23064711764,0.000006126546415003986,0.05742842666290827,100.0006126546415,10012.884175890069,91.09577641654727,0
flashbots-c2,26,10000,579.3641923904561,-579.5154102818773,579.5154102818773,-0.15121789142119724,159740.23554883324,17119.868835095953,0.9032010701637265,10138,3167,116665.11722819258,-0.004442012741628929,0.06185384902978726,99.5557987258371,10047.959747482315,48.704627688688795,0
flashbots-c2,27,10000,198.5929727433436,-198.6478663218434,198.6478663218434,-0.0548935784997866,80688.44829870384,17050.460933354057,0.8255509390546627,4836,1560,61165.68108468823,0.0013359792595164777,0.03754130448622689,100.13359792595165,9992.812092793061,84.40924722637783,0
flashbots-c2,28,10000,160.9002262941966,-160.95636250879562,160.95636250879562,-0.05613621459900742,94193.66881174501,11947.044001879569,0.8874414568624792,4797,1406,69843.50735141177,0.000052850794521077656,0.0230557280081878,100.00528507945211,9993.769242637069,205.51212060341794,0
flashbots-c2,29,10000,514.7881816431759,-514.6826435521501,514.6826435521501,0.10553809102577816,151019.29616818883,27355.258766615825,0.8466414743032487,7896,2789,114657.51640054492,0.0061416930157116665,0.08321950472467109,100.61416930157117,9943.097064475502,86.58439095986556,0
flashbots-c2,30,10000,411.35431096900396,-411.2782499747208,411.2782499747208,0.07606099428318203,118006.817154415,13799.22995896937,0.89530654881791,7131,2415,90440.39786077547,0.000004150090783383575,0.09341997393902161,100.00041500907834,10005.58716947813,52.14392420479111,0
flashbots-c2,31,10000,538.9242034324518,-538.8002890957565,538.8002890957565,0.12391433669529306,185090.13843706038,43914.52948326708,0.8082374045818782,10170,3223,132765.18683561237,0.0010410790154348603,0.06353476184114924,100.10410790154349,9994.20191101572,110.67588266666739,0
flashbots-c2,32,10000,209.2351533225869,-209.2496386615449,209.2496386615449,-0.014485338957996419,112805.66080621847,13047.390808292843,0.8963283715339928,7724,1902,79501.68783279535,-0.0006847837899884723,0.051962882742455745,99.93152162100115,10020.776132162036,150.5462407016785,0
flashbots-c2,33,10000,327.6059968348962,-327.62105794749726,327.62105794749726,-0.015061112601074456,99328.76667651189,17911.81443565939,0.8472217190861409,7471,2319,73352.36477396115,0.0008286163763472132,0.08406819537430352,100.08286163763472,9997.614125993403,65.08150843612081,0
flashbots-c2,34,10000,422.53513592952197,-422.52610256758993,422.52610256758993,0.009033361932040407,156526.96678453288,20655.59862208545,0.8834219463146238,8691,2796,115785.43551989245,0.0008568427603294993,0.044656751762969404,100.08568427603295,9989.970133113473,101.14182694135982,0
flashbots-c2,35,10000,369.2124993534509,-369.39627233718875,369.39627233718875,-0.18377298373786743,132755.34449288645,27105.196141710254,0.8304447361799789,11233,2787,90479.28890615786,-0.0000005802509353713959,0.08630866950835142,99.99994197490646,10024.853564707892,48.53289564999783,0
flashbots-c2,36,10000,439.00313060254194,-439.02045555939134,439.02045555939134,-0.017324956849392947,191143.9165167372,24467.55538923618,0.8865201597440682,11619,3304,134244.19001834127,0.0007768577837387624,0.04021388630330435,100.07768577837388,9997.552187815761,93.57010798548743,0
flashbots-c2,37,10000,191.22575327367147,-191.29397759296623,191.29397759296623,-0.0682243192947567,85025.16187053418,19415.006241667033,0.8141040311156023,5595,1609,61171.05726291483,-0.00006884096964071773,0.0397812541800171,99.99311590303593,9991.70498546915,120.57881934574904,0
flashbots-c2,38,10000,304.7459952356342,-304.74727142945426,304.74727142945426,-0.0012761938200469558,82754.70995357158,5992.331196569045,0.9324785241410884,4312,1654,66306.52854316827,-0.0005134409088559266,0.0585444520025824,99.94865590911441,10006.107546698096,71.98237568592819,0
flashbots-c2,39,10000,402.92481337044677,-402.9249260029256,402.9249260029256,-0.00011263247881743155,139361.42683897578,23771.93219653301,0.8542791472137918,8760,2733,102150.2195362676,-0.0000003308007008229197,0.0565980442046559,99.99996691992992,9989.209010750243,63.832420655588194,0
flashbots-c2,40,10000,282.6944488789074,-282.69456730081953,282.69456730081953,-0.00011842191213418118,106385.39816973345,28638.69679562003,0.7878993611994319,5701,2070,81148.68562731278,-0.00029398011033919145,0.06714444734821669,99.97060198896608,10003.634267789526,103.824823994845,0
flashbots-c2,41,10000,347.5408866724529,-347.54671315925776,347.54671315925776,-0.00582648680483544,190302.4256333293,38480.04021764901,0.8318051163819796,10999,2936,130450.66935344881,-0.0002730513985999039,0.02887146720588234,99.97269486014001,10019.431774536373,123.15711283826744,0
flashbots-c2,42,10000,364.76507932557973,-364.86473131214353,364.86473131214353,-0.09965198656379926,127146.16529890258,18507.322436852424,0.8729359473325592,5978,2219,98519.3894395435,-0.0004554979637286749,0.09807689133569183,99.95445020362713,10006.242058535701,131.86361333046014,0
flashbots-c2,43,10000,824.3622664352945,-824.3128123283439,824.3128123283439,0.049454106950634014,227592.3094893018,40660.2499613556,0.8484254910945792,9366,3431,173289.70416905137,0.0010256366243349647,0.06413963411634598,100.1025636624335,9984.601898394349,104.65399671555824,0
flashbots-c2,44,10000,270.95462591350673,-270.9476431505385,270.9476431505385,0.006982762968220868,93406.82609743897,16182.75480142724,0.8523330898001942,4145,1644,75021.24578101894,-0.0004295891686049913,0.034834175235152004,99.9570410831395,10005.240027189682,202.93007228776162,0
flashbots-c2,45,10000,503.84954231100363,-503.8197384295444,503.8197384295444,0.02980388145925872,192300.63760076114,14554.13556524276,0.9296408038234493,11021,3327,140027.4906594884,0.0017318951899041224,0.0741243970345755,100.17318951899041,9983.480513543871,102.2127090536692,0
flashbots-c2,46,10000,958.9593194673245,-959.1180223073391,959.1180223073391,-0.15870284001459822,261779.85181289716,34495.76585741935,0.883568664446074,11102,3900,193851.56948934073,0.000001932402791879895,0.10641227993527679,100.00019324027919,10000.016006532811,102.77217781739873,0
flashbots-c2,47,10000,726.8854408449874,-726.9534940821708,726.9534940821708,-0.06805323718333511,192439.13022184162,44880.748680383214,0.8108850009194807,8324,3238,147441.93859538515,0.000003538233426070292,0.09311761943876305,100.0003538233426,10004.422782233909,79.6674381363814,0
flashbots-c2,48,10000,422.8296999871754,-422.98029077626467,422.98029077626467,-0.1505907890892786,120670.1281270531,21541.19307255153,0.8485268761246034,6482,2298,92223.57222773587,-0.00013903279700713255,0.08720284831572656,99.98609672029929,10003.788786889256,70.09697829734397,0
flashbots-c2,49,10000,253.48283068897982,-253.49542909480257,253.49542909480257,-0.012598405822757286,139385.20109891015,27494.657673436053,0.8352428035611916,10685,2616,92811.2792644046,-0.0000007651419217324928,0.044975499330163586,99.99992348580783,10000.373223812087,126.28308410483056,0
flashbots-c2,50,10000,421.57426701251234,-421.60822162753175,421.60822162753175,-0.033954615019410994,102229.78742016245,21083.87806553521,0.8290223716690946,4256,1777,83057.73527916503,-0.0000018910477548672588,0.1392722617411077,99.99981089522451,9989.735667211882,97.35866611043825,0
flashbots-c2,51,10000,350.4618894632666,-350.3531740879807,350.3531740879807,0.1087153752858967,124401.4572576335,22217.638420742467,0.848466952289222,5793,2139,97151.19618264936,-0.0008192591940176896,0.035664461254251024,99.91807408059823,10013.269803297193,117.11257224741712,0
flashbots-c2,52,10000,421.7817133264394,-421.81579992281104,421.81579992281104,-0.03408659637165101,128675.48417270785,11635.721147086222,0.9170720462377445,5974,2172,102134.41356541109,0.00022680425959194393,0.04634141609981768,100.0226804259592,10024.244745007976,125.65909739566708,0
flashbots-c2,53,10000,434.4952859800179,-434.3842039604525,434.3842039604525,0.11108201956540142,105429.44806442049,30432.690629098954,0.7760031534778823,6253,2376,80654.36804093997,0.004634086922749674,0.0863132967540956,100.46340869227497,9988.384399454999,41.85639581894704,0
flashbots-c2,54,10000,222.84820401263553,-222.7230350451008,222.7230350451008,0.1251689675347336,67671.1289900911,8891.707619507102,0.8838639212801528,5442,1565,51276.15023330626,0.0000009737741713422565,0.08648079798480068,100.00009737741713,9991.037927589072,50.51369382026857,0
flashbots-c2,55,10000,663.6630916028054,-663.5491092545471,663.5491092545471,0.11398234825821874,192587.88558497006,56549.116644885515,0.7730200004866684,10413,3571,137869.1245664656,-0.005303045782272448,0.09888865353108571,99.46969542177276,10041.592435506876,60.546112460192404,0
flashbots-c2,56,10000,289.82424796849887,-290.1815416931877,290.1815416931877,-0.35729372468881593,91625.06896671873,15013.664517612182,0.8592100259722398,5111,1672,70439.27284784612,-0.0000010997005061597065,0.058140157334016035,99.99989002994938,9988.29964547407,146.04832612510074,0
flashbots-c2,57,10000,446.97661762803176,-446.84659565917474,446.84659565917474,0.13002196885702233,143053.10895128525,17974.837642921608,0.8883744218125162,8858,2769,105023.40184880688,0.0031476948907352663,0.06328297819117978,100.31476948907353,9980.712664243683,77.67038526056504,0
flashbots-c2,58,10000,615.1367999137279,-614.8679796488216,614.8679796488216,0.2688202649063669,161823.52401329056,53575.93665156979,0.7512717233079405,7688,3064,123821.36241588483,-0.00112345191071185,0.08180874536598338,99.88765480892881,10011.078582155506,72.28276224227757,0
flashbots-c2,59,10000,576.5654552915142,-576.5728995170905,576.5728995170905,-0.007444225576250574,146531.60844103814,12344.094412631743,0.9223034473433545,5892,2468,119352.95468644347,-0.000009250736551251749,0.08023674437917905,99.99907492634487,10001.463905267487,97.70721160064947,0
flashbots-c2,60,10000,275.4553620131428,-275.62324892969065,275.62324892969065,-0.16788691654784316,133670.0701015028,26234.45624210051,0.835936750247283,10891,2570,88951.25190120087,0.00002077519629068547,0.04479461805334424,100.00207751962907,10005.882979988186,92.56558696223887,0
flashbots-c2,61,10000,239.70454579587172,-239.71448261257902,239.71448261257902,-0.009936816707295293,99228.01296665132,12350.022091941006,0.8893149347409128,6187,1905,72783.42326966315,-0.000647796156407594,0.05216175152674921,99.93522038435924,10006.872980528406,103.92595555353815,0
flashbots-c2,62,10000,225.5253325598748,-225.5735101331181,225.5735101331181,-0.04817757324329364,100468.06881221785,9971.500072434656,0.9097108022682586,6509,1880,74470.79127560825,-0.0000025023414204383697,0.05690910451241819,99.99974976585796,10001.36613845262,137.42372466016568,0
flashbots-c2,63,10000,783.4285991105116,-783.3779703631169,783.3779703631169,0.05062874739473955,248696.34397115957,27849.950140962945,0.8992937141668169,11414,3719,180715.96473129423,-0.0002630238658572637,0.05832431486485035,99.97369761341427,10001.819800346946,98.96920325179053,0
flashbots-c2,64,10000,589.7447340163327,-589.9461262165102,589.9461262165102,-0.20139220017745174,164829.2796636545,49634.4276474107,0.7685649088616224,8947,2983,121228.02218951263,-0.0006860060598559415,0.11423486776717169,99.9313993940144,10012.633809051667,74.15403615226887,0
flashbots-c2,65,10000,123.10392051705716,-123.09358690551261,123.09358690551261,0.010333611544552923,51660.629584554496,2052.7335963999058,0.9617835586000364,4313,1084,37526.06891828467,0.0007531000541199262,0.05293909086377511,100.07531000541199,9993.217758221603,102.73393851923394,0
flashbots-c2,66,10000,343.7815792219743,-343.0606950190745,343.0606950190745,0.7208842028998106,92929.64585553866,19643.411991647306,0.8255052108621536,4063,1786,77036.82032717692,-0.012226632918353176,0.055180237915807735,98.77733670816468,10118.549013386835,94.85584061218105,0
flashbots-c2,67,10000,221.17151559009312,-221.18207654933104,221.18207654933104,-0.010560959237920997,85962.85000961403,22451.947076020886,0.7929069861350523,5759,1857,64028.00509517076,-0.0010912935368772025,0.025988880320156938,99.89087064631228,10020.922681641257,72.42108641022617,0
flashbots-c2,68,10000,260.5268851848824,-260.4976002905036,260.4976002905036,0.029284894378804438,118769.45809132239,22780.16536803382,0.8390658709553206,11130,2466,77582.34245053597,-0.00018229221469184153,0.06957306773645883,99.98177077853082,9990.405423786995,58.40932061697143,0
flashbots-c2,69,10000,475.0175572974627,-474.6960847485466,474.6960847485466,0.32147254891611965,113003.6481984544,15322.98269348231,0.8805938986554885,5452,1895,88399.26539796549,-0.000002810522321823328,0.16334585091530784,99.99971894776782,9975.753479575904,134.91793217780622,0
flashbots-c2,70,10000,382.92854842891796,-382.81766882252856,382.81766882252856,0.1108796063894033,132336.71634492173,19890.274483531724,0.8693380564426559,8044,2543,99252.77176807134,0.00221248961465335,0.11625405505757627,100.22124896146534,9979.334685683103,94.92072900346442,0
flashbots-c2,71,10000,287.33154985054335,-287.28029378573365,287.28029378573365,0.05125606480970646,108127.43586031107,20576.651296216853,0.8401243367571393,7636,2322,79246.37333471987,0.0000025340662611483823,0.04753957500370049,100.00025340662611,9990.198007669687,68.45710391780875,0
flashbots-c2,72,10000,127.15350445875389,-127.13497645877148,127.13497645877148,0.018527999982410392,71608.51616492751,13963.313108471002,0.8368234823652211,6558,1567,48684.42095544174,-0.00000074928883151415,0.03289828131689404,99.99992507111685,9999.03390312042,96.37060832147118,0
flashbots-c2,73,10000,106.134358241766,-106.13883193489343,106.13883193489343,-0.004473693127437173,50984.6168544342,8458.500957782755,0.8577042848845265,4323,1161,36260.10865729017,0.0005219401057428286,0.03411255586748297,100.05219401057428,10004.676315684537,100.67828776070691,0
flashbots-c2,74,10000,486.85928617826806,-486.86934042604616,486.86934042604616,-0.010054247778100489,176289.49822323085,45338.9339767308,0.7954281699027484,9164,3134,129802.90924630832,-0.0000029851061006525014,0.04959478772245873,99.99970148938993,9999.474675191226,95.90659946873016,0
flashbots-c2,75,10000,227.13266404218828,-227.0982758227358,227.0982758227358,0.03438821945249515,128918.7530695262,20397.020374831973,0.8633967470125798,10937,2258,82544.64266570102,0.000650227225531097,0.03203857878156896,100.06502272255311,9967.222653104469,91.22287163918266,0
flashbots-c2,76,10000,213.76069228471147,-213.71881989920678,213.71881989920678,0.04187238550468919,75583.08832570682,7717.556948727892,0.9073529751984234,4397,1401,57692.7098329755,-0.00030932573912849647,0.039107117864380994,99.96906742608715,10001.431827919218,125.84233488930936,0
flashbots-c2,77,10000,249.4551282997185,-249.43412513217962,249.43412513217962,0.021003167538879097,83397.7238178959,11795.12679152089,0.8760923040332392,4280,1631,66174.20014221588,0.0000010941527602881252,0.06757705193488889,100.00010941527603,10001.91987321573,95.62363522688833,0
flashbots-c2,78,10000,218.94108301666157,-218.89162149074295,218.89162149074295,0.04946152591861619,106523.9220841085,28808.982318150218,0.7871250717229904,9069,2072,70164.30213228066,-0.0009020751623459944,0.057271291995980106,99.9097924837654,10004.459736730014,84.69556416044391,0
flashbots-c2,79,10000,205.19871256446368,-205.15056770361696,205.15056770361696,0.048144860846718984,124411.01300293818,18370.257378040882,0.8713398660130698,11298,2479,80299.85808190725,0.002932467416039799,0.0503396457739548,100.29324674160398,9970.653093806826,102.00281131785363,0
flashbots-c2,80,10000,166.13583926972402,-166.15407493998003,166.15407493998003,-0.018235670256018466,78877.36683310341,12923.721295661175,0.8592203909660227,5007,1454,58310.76459133708,0.000001089777801865921,0.023258390061474187,100.00010897778019,9992.5710002982,113.19352804042104,0
flashbots-c2,81,10000,144.5702573137476,-144.59356225691764,144.59356225691764,-0.0233049431700465,68802.89820496459,14263.552629115264,0.8282874435359489,5401,1523,48929.75224931549,0.0006763414094515951,0.02897858380581212,100.06763414094516,9990.59471948895,74.05978472305385,0
flashbots-c2,82,10000,341.83393987476524,-341.9132968372636,341.9132968372636,-0.0793569624983661,141710.27105379806,24732.874375946732,0.8514034668589797,7043,2204,105785.97409920828,-0.0013310382240084096,0.048676453469224584,99.86689617759916,10035.14195815016,143.70313277411483,0
flashbots-c2,83,10000,230.1672219991472,-230.16189327454236,230.16189327454236,0.00532872460482281,90311.0453809084,23166.340656292996,0.7958505966228518,5489,1790,67501.21343360907,-0.0010291238108173673,0.04975316556581433,99.89708761891826,10011.739862116641,91.19295798900148,0
flashbots-c2,84,10000,378.3461850464761,-378.36817303098746,378.36817303098746,-0.02198798451138373,180619.44851482662,41091.590388113305,0.8146615044905262,9630,2899,128574.447491172,-0.0010304408211661098,0.03570386849794786,99.89695591788339,10000.56307992294,140.58364303972618,0
flashbots-c2,85,10000,306.79861613345395,-306.76245968535494,306.76245968535494,0.036156448099006866,120682.3487787659,19541.66673415982,0.8606396581735424,7270,2225,88381.1929109028,0.0004872403750293586,0.039953588080830826,100.04872403750294,9992.383440786632,98.12149974691745,0
flashbots-c2,86,10000,516.1837713847702,-516.1928981398216,516.1928981398216,-0.009126755051397595,152578.5722448381,3174.3530653360285,0.9796193037208485,8636,2577,114072.10766467253,0.000042110679949303176,0.09215059000913228,100.00421106799493,10001.33572608551,99.3576510960261,0
flashbots-c2,87,10000,893.083855959028,-892.9663407790679,892.9663407790679,0.11751517996015082,235233.97604447827,62638.882827933616,0.7897126879399113,10599,3832,173721.08950029666,0.0002979089341373253,0.06352084940801263,100.02979089341373,9965.899958438411,60.98923060627165,0
flashbots-c2,88,10000,608.909530030722,-607.7112637935912,607.7112637935912,1.1982662371307242,160070.24288195735,28896.91706757554,0.8470796879452864,7181,2715,125387.90502863518,0.010266766488022085,0.07055574532170567,101.02667664880221,9891.506904939515,144.27266168576583,0
flashbots-c2,89,10000,119.58361838905981,-119.5780100655716,119.5780100655716,0.005608323488203837,67567.74874537138,15936.354486661498,0.8091548334771149,5875,1570,46867.46487958712,-0.001292692954151562,0.02110856809425613,99.87073070458484,10008.273786055217,82.74322143651109,0
flashbots-c2,90,10000,935.7399011021015,-935.8043568182952,935.8043568182952,-0.06445571619372004,260881.72201821828,57051.23478879731,0.8205557694875047,11185,4028,191132.64931793936,0.0006008529525092853,0.08415418039334512,100.06008529525093,9993.94299992573,89.13127481907044,0
flashbots-c2,91,10000,157.2032308001466,-157.1790729418123,157.1790729418123,0.024157858334291404,61862.793876787146,9197.9105208296,0.8705626323465198,4654,1382,45426.27555601806,-0.0007672028527090902,0.03891850019788663,99.92327971472909,10006.759952353466,90.47500892590769,0
flashbots-c2,92,10000,277.59327308663626,-277.65865513667507,277.65865513667507,-0.06538205003880648,110656.44615978183,16414.73214478992,0.8708225392744363,9032,2267,77141.38226634444,-0.001220885134508478,0.05367264083174916,99.87791148654915,10006.98841969764,46.34894965051198,0
flashbots-c2,93,10000,597.6218142255934,-597.6134997910908,597.6134997910908,0.008314434502608492,217751.5209087937,65414.666094538705,0.7689884276551392,10623,3559,156215.51312250725,-0.0003663164367796412,0.08698505957752715,99.96336835632204,10003.020765574754,108.74972911151411,0
flashbots-c2,94,10000,338.9906336204275,-338.9708773854046,338.9708773854046,0.019756235022896362,140486.91469134224,17014.64259899228,0.8919715913181233,8714,2605,102927.68419037531,-0.002226878381512165,0.0433759688239833,99.77731216184878,10013.674925498392,86.87945885007937,0
flashbots-c2,95,10000,716.6638847492344,-716.5208890589865,716.5208890589865,0.14299569024785797,203817.8300204475,46428.37393303361,0.8144692179160317,9212,3413,152859.16589267447,-0.0036495646598358176,0.07255166741751765,99.63504353401642,10038.530664734157,82.82845130071455,0
flashbots-c2,96,10000,266.95855727969195,-266.9425156895847,266.9425156895847,0.016041590107249704,108854.59472223306,16975.168502463926,0.8650941711449381,6967,2102,80850.1929216561,0.0009684284715953595,0.03784480453641336,100.09684284715954,10004.728806526704,101.89845176990846,0
flashbots-c2,97,10000,230.68327404587,-230.68708301676264,230.68708301676264,-0.0038089708926349886,81897.59054333867,15287.62182788541,0.842696008426772,4612,1735,63657.88158442535,-0.000002761845854308831,0.046022633479932296,99.99972381541457,10000.3169915802,76.02099851722808,0
flashbots-c2,98,10000,384.0285932348596,-384.0646154218092,384.0646154218092,-0.03602218694959447,159139.39355516012,31530.619794161692,0.8346325190820896,9083,2742,115255.54044655457,-0.0003536262567084236,0.040034080213014536,99.96463737432916,10009.771680072407,115.97815055388776,0
flashbots-c2,99,10000,417.7850275096158,-417.6378765176845,417.6378765176845,0.1471509919313121,96038.88957582672,34311.75225708049,0.7367734306896336,4894,2132,77591.11613920676,-0.0000028246207165238956,0.06737316730975663,99.99971753792835,9995.036265201976,56.70140573344945,0
flashbots-c2,100,10000,792.4786949876773,-792.6437301005412,792.6437301005412,-0.16503511286396133,231815.4595719882,42161.8385640667,0.846111926605213,10936,3741,171008.36015226477,0.0003330182202267906,0.061299852259684824,100.03330182202268,10017.64543381116,104.02738870828291,0
flashbots-c2,101,10000,786.4644521547717,-786.2235595202386,786.2235595202386,0.24089263453311105,196950.97418370427,18564.70380625652,0.913859149462336,8596,3235,152177.29093056842,0.007025462035285415,0.07838545543853741,100.70254620352854,9940.15615217278,90.23761949204535,0
flashbots-c2,102,10000,603.4575494838043,-603.3089645160504,603.3089645160504,0.14858496775389085,171755.47357268864,49168.939826612754,0.7774399892249833,9212,3245,127535.42284225808,0.00017662721780240532,0.05260383669030773,100.01766272178024,9989.123753767093,62.261355572996756,0
flashbots-c2,103,10000,302.26137634314716,-302.2710744054338,302.2710744054338,-0.009698062286645381,116046.59634326483,22689.208776872474,0.83645743968383,9112,2597,81386.1367486611,0.00046309934423149457,0.0391629439173694,100.04630993442315,9981.863170510826,48.18442667012048,0
flashbots-c2,104,10000,239.45657242988807,-239.45958239861304,239.45958239861304,-0.0030099687249673934,84700.28171504488,7731.894037854019,0.9163506216869344,5495,1739,64875.94337544836,0.00044318779752856586,0.034584161705250555,100.04431877975286,9989.81333879803,95.58534366048933,0
flashbots-c2,105,10000,650.3334746506919,-650.30346643454,650.30346643454,0.030008216151827583,212303.82829547304,33943.86181944018,0.8621556133030119,9478,3244,156259.5675689135,0.000002838249967282991,0.046808659954686506,100.00028382499673,9996.545907269105,126.3446173667896,0
flashbots-c2,106,10000,490.01006900605125,-490.22662443578577,490.22662443578577,-0.21655542973451247,180515.70484279608,21046.74619379111,0.8955820090222522,10480,2927,129844.38882120105,0.0000003570335502445232,0.09583875984219574,100.00003570335502,10025.161189254592,123.2856935857355,0
flashbots-c2,107,10000,490.5937651094757,-490.50542590848863,490.50542590848863,0.08833920098709314,101352.30485987442,7117.836337321085,0.9343797633269318,4281,1743,83029.88074092018,0.0009237907588422445,0.11471240722152558,100.09237907588422,9992.194109970686,112.59229413037767,0
flashbots-c2,108,10000,270.3010257696142,-270.27510761225005,270.27510761225005,0.02591815736417402,122880.05973871004,21917.99947278417,0.8486305714859725,8560,2386,87476.13100550474,-0.000004213336794123279,0.06914530047865028,99.99957866632059,10002.709540740669,98.97826851090687,0
flashbots-c2,109,10000,364.3363571519385,-364.3946126584648,364.3946126584648,-0.05825550652627953,143701.94518289465,26868.95024981544,0.8424763487249488,10370,2764,99122.22773289774,0.0016901726955371999,0.057026102196828535,100.16901726955372,9986.69083280836,78.35886006302351,0
flashbots-c2,110,10000,234.042058953523,-234.1239239692775,234.1239239692775,-0.08186501575451643,83230.550678184,14349.792037589863,0.8529438241533228,5424,1686,62017.57568211653,0.001063347049589538,0.05559281000459734,100.10633470495895,9998.194136249469,97.06464735191683,0
flashbots-c2,111,10000,1120.5098261545047,-1120.5225986305863,1120.5225986305863,-0.012772476081636341,286625.5837136078,36098.4234460127,0.888144598340469,11715,4128,213022.3610133872,-0.001072569035194988,0.09943150571050297,99.8927430964805,10017.903203221222,85.90060301799143,0
flashbots-c2,112,10000,199.03423108810304,-199.13204384750404,199.13204384750404,-0.09781275940099476,139980.3428866163,24510.415353033546,0.8509921431736376,11205,2154,87335.913016944,0.0000016347984256981363,0.027100740401828746,100.00016347984257,9986.654333205817,231.81134331243595,0
flashbots-c2,113,10000,1126.2565758723292,-1126.0897734727832,1126.0897734727832,0.1668023995459862,278097.63669286587,36804.73636764454,0.8831233438797482,11315,4002,208335.42302221127,0.0000823083560672444,0.06750332835048255,100.00823083560672,10023.252647719606,116.02591753715777,0
flashbots-c2,114,10000,753.206770436255,-753.2195557819979,753.2195557819979,-0.012785345742827303,177436.44467341408,8332.814430315155,0.9551442769890022,7708,2848,140091.97929574834,0.0013639067114711168,0.1262849387758659,100.13639067114711,9983.965838272754,94.79567510274329,0
flashbots-c2,115,10000,256.9784716518394,-256.9906207846116,256.9906207846116,-0.012149132772208304,119890.74204787322,13357.999245116342,0.8997514039119923,7553,2063,85816.35138860204,0.0007757019911404938,0.03076402644946896,100.07757019911405,9996.937077897983,151.57175636232085,0
flashbots-c2,116,10000,1237.3257939282798,-1237.0381075039124,1237.0381075039124,0.28768642436739356,268336.84832213115,45733.12111608041,0.8543855651086766,11055,4019,201010.77583208572,0.0000153072788901909,0.1041797286177703,100.00153072788902,10018.836003399148,88.85658903404455,0
flashbots-c2,117,10000,320.70767528408203,-320.93514118605503,320.93514118605503,-0.2274659019730052,191486.20527573294,24669.273690382728,0.8858725496648185,10057,2550,133493.32083399617,-0.0000023351981214148055,0.038711547550724104,99.99976648018786,9970.094544024336,223.81651361137108,0
flashbots-c2,118,10000,681.3338428344074,-681.331065842068,681.331065842068,0.00277699233936346,195019.31126297716,32816.826666878966,0.8559630313037422,8145,3145,151251.38780814418,-0.00000023096314279769104,0.06281043963560663,99.99997690368572,10001.537453894902,97.05795474736756,0
flashbots-c2,119,10000,245.07764825588933,-245.03015858285772,245.03015858285772,0.04748967303160612,158476.10446247063,22475.916114538337,0.8757907425246291,11358,2379,103427.95890322162,0.002142162591704846,0.03707398360875658,100.21421625917048,9948.854529299482,228.41773225218557,0
flashbots-c2,120,10000,128.23921886398176,-127.07589459434608,127.07589459434608,1.1633242696356803,63167.01564916377,7199.243780125012,0.8976889799384669,4523,1313,46250.424862692205,-0.01475417285539379,0.03979136766932797,98.52458271446062,10153.717677678362,108.22252911637716,0
flashbots-c2,121,10000,361.76744383527745,-361.8657917244071,361.8657917244071,-0.09834788912962722,155169.03814661657,11550.577021483758,0.9307185479654716,10997,2711,105263.63327719021,0.0004877114736764554,0.03651263779697857,100.04877114736765,9989.078970084422,81.2835534671967,0
flashbots-c2,122,10000,206.06225684112576,-206.06481903056402,206.06481903056402,-0.00256218943826525,116973.64578443325,27136.70412293128,0.811694967499732,6528,1804,83216.65216797787,0.0001656700602588046,0.03535993173433041,100.01656700602588,9954.295806086442,162.68022996178323,0
flashbots-c2,123,10000,270.17982559858547,-270.3029124431737,270.3029124431737,-0.12308684458821517,146776.64590885473,24299.21477801897,0.8579623409143929,8420,2170,102643.97728975351,0.0005062994442458546,0.034125259400235704,100.05062994442459,9998.778870568849,201.07660064900926,0
flashbots-c2,124,10000,944.7362574565417,-943.1891338356669,943.1891338356669,1.5471236208747996,184962.06983627155,51580.38481213916,0.7819402656964619,9600,3526,137704.24275022803,-0.0007153855664286369,0.17793158084066718,99.92846144335714,9993.72714859896,103.73932183511346,0
flashbots-c2,125,10000,120.80203602927101,-120.78537997270372,120.78537997270372,0.016656056567285304,59135.6990644,7483.765424404733,0.8876639810627364,4261,1163,43021.82319502543,-0.0002550228339883631,0.03444072813102963,99.97449771660116,10004.371175591938,133.76052009310555,0
flashbots-c2,126,10000,291.77946696845373,-291.7620035604358,291.7620035604358,0.01746340801793167,142129.41420414438,18205.73213010333,0.8864520191215581,10571,2709,97968.32404706192,0.0017052089743046395,0.03298651887517053,100.17052089743046,9983.432484961391,92.61125780319949,0
flashbots-c2,127,10000,428.2305323865942,-428.453618910466,428.453618910466,-0.22308652387181382,120533.89289601715,33784.19044488447,0.7810743257466959,7207,2534,90607.58519788476,-0.0008021962238507286,0.10255737635727286,99.91978037761493,9984.868859245047,73.49070188611262,0
flashbots-c2,128,10000,487.6737794505411,-487.79567620536886,487.79567620536886,-0.12189675482778739,181695.1857990291,32870.238334165144,0.8468055211273904,10140,3053,131833.79683777457,0.0005669688769457082,0.05959666964420876,100.05669688769457,10003.4015468876,102.4981197144621,0
flashbots-c2,129,10000,574.906115467107,-573.3684499869161,573.3684499869161,1.5376654801909808,185907.91372712076,47673.855863246325,0.7959007847793426,10063,3178,133819.9991745122,-0.014766621654901257,0.06683375843463224,98.52333783450987,10161.018404659631,118.09338011502805,0
flashbots-c2,130,10000,965.6241653061201,-965.8664011393599,965.8664011393599,-0.2422358332398744,202615.9819042892,56849.24407417508,0.7808984080244588,8983,3412,154812.95105659784,0.002490630521686228,0.11466006097199567,100.24906305216862,9989.961732531307,65.91285074284076,0
flashbots-c2,131,10000,209.3300739141097,-209.32971707470995,209.32971707470995,0.00035683939975683643,97446.4339937488,8189.1159901022875,0.9224776508348355,7987,1950,67708.31185638059,0.0005703955090501723,0.0549525612147761,100.05703955090502,9989.958299538164,67.88717777144794,0
flashbots-c2,132,10000,314.95308921800284,-314.98481418336564,314.98481418336564,-0.03172496536279823,92220.18742141733,37816.960877502104,0.7091834035719441,5515,2053,69475.3175321645,0.0005035858411633853,0.08281789664047665,100.05035858411634,9989.505407079823,38.91995134673968,0
flashbots-c2,133,10000,1318.2132708422712,-1316.9792263794332,1316.9792263794332,1.2340444628380283,229683.61579989517,25693.21566105075,0.8993909685774297,10798,3512,170104.8772297631,0.0000019366745434012955,0.2525029402155614,100.00019366745434,9981.604033130454,102.33135517634553,0
flashbots-c2,134,10000,284.40964747671774,-284.39337700312944,284.39337700312944,0.01627047358829259,111215.81105715017,18463.97992375543,0.8576186791782067,6932,2174,81968.16344982527,0.0000015495950015065318,0.05729149764571687,100.00015495950015,9998.414405421328,99.52369914270692,0
flashbots-c2,135,10000,270.4844163023841,-270.48312633890316,270.48312633890316,0.0012899634809286908,126447.88902899878,33070.22055893633,0.7926867322816021,10716,2535,82966.48978599366,-0.0004489368333014454,0.04753291133653804,99.95510631666986,9993.484601905064,71.09016119825175,0
flashbots-c2,136,10000,250.21020362799402,-250.17249800958692,250.17249800958692,0.03770561840710229,116659.11884157757,12223.021201962216,0.9051612488911733,8653,2229,81934.51179778294,-0.0000006404139416815724,0.06049628891416561,99.99993595860583,9998.682008596099,90.45156927075406,0
flashbots-c2,137,10000,391.9413191898777,-391.901374699851,391.901374699851,0.03994449002669853,149416.75060050518,17189.89479417712,0.8968234745171468,8049,2629,111858.61389647711,-0.00000016763145083587005,0.05265185708197279,99.99998323685492,10004.19977877497,104.0445110828318,0
flashbots-c2,138,10000,239.66399700562746,-239.68403688375025,239.68403688375025,-0.020039878122787513,119505.20002272748,30168.631147401622,0.7984375029920229,8361,2393,83489.33982982379,-0.000005728695191606903,0.03334278839726508,99.99942713048084,9996.986290840885,95.4695741911343,0
flashbots-c2,139,10000,460.74969174863395,-460.77449494460876,460.77449494460876,-0.024803195974811842,159809.21982928592,25533.572712764104,0.862235955536436,8092,2614,118494.07771222887,-0.0000009748899896067087,0.06886681386448927,99.99990251100104,10022.815470950634,120.10161621218924,0
flashbots-c2,140,10000,421.69958920233523,-421.6019611639404,421.6019611639404,0.09762803839481649,111419.2957306365,21683.097972836684,0.8370946053671845,6991,2444,83716.47964896218,-0.0000008661571521884071,0.09049149027591881,99.99991338428478,10000.575439298578,72.86601294850834,0
flashbots-c2,141,10000,192.1168652482325,-192.11075670737785,192.11075670737785,0.0061085408546546205,99943.99901770397,13663.805020191734,0.8797282885986076,8361,2020,68687.12649718707,-0.0003539853711458818,0.030902150605025866,99.96460146288541,10003.479174026048,87.3522119895297,0
flashbots-c2,142,10000,762.2717564825177,-762.0845210631353,762.0845210631353,0.18723541938243216,210033.574672127,29467.20741025553,0.876964045152389,8984,3401,161455.58215411825,0.00458445534745195,0.09466391923476919,100.4584455347452,9953.015509270945,113.27656322645666,0
flashbots-c2,143,10000,182.37442940004172,-182.32296721220987,182.32296721220987,0.051462187831845085,113730.2578713173,24868.052375980013,0.8205746352058073,9803,2055,72078.41219510119,0.00000419171268291052,0.031832246381458734,100.00041917126829,9996.415333782446,143.38365960936963,0
flashbots-c2,144,10000,556.2418082763743,-555.8891679335018,555.8891679335018,0.3526403428725189,128144.57628231589,31551.146188089882,0.802429609885532,7519,2592,95913.72282208376,0.0012434365228411082,0.23065766279967434,100.12434365228411,10007.770625771884,55.61645980707202,0
flashbots-c2,145,10000,361.9207993113529,-361.87026378526764,361.87026378526764,0.050535526085241145,132949.2796637218,22762.764763339503,0.853815002897852,8257,2290,96031.07326999604,-0.0013760534811105174,0.07357437839455869,99.86239465188895,10007.240597197004,115.22724517525236,0
flashbots-c2,146,10000,506.7490498224525,-506.75510115011537,506.75510115011537,-0.006051327662873973,176053.6333581007,57528.39075642499,0.7537122517261058,9147,3001,127881.39368926828,0.0005678256616658927,0.05326813751494924,100.05678256616659,10010.300034970036,108.39662639911074,0
flashbots-c2,147,10000,530.8287829753732,-530.7921947569146,530.7921947569146,0.03658821845863258,150075.90222354804,19636.06838657834,0.8842976820315896,6389,2497,119538.02547685719,0.0007330081352500883,0.059588537143773976,100.07330081352501,9995.239333104088,94.86693306153195,0
flashbots-c2,148,10000,574.7541964531218,-574.3657826874188,574.3657826874188,0.3884137657030351,200181.37289197755,6368.5453022087395,0.9691670403073149,8075,2532,152509.8476801116,0.0012932518414963568,0.060247077609255226,100.12932518414964,9997.218593385533,253.78965492734454,0
flashbots-c2,149,10000,248.17265607079528,-248.17546856177154,248.17546856177154,-0.002812490976253912,127911.1026047107,18169.755748830612,0.8756185036587297,8995,2404,89877.48145793831,0.00012009479765580978,0.0285128730595288,100.01200947976558,9995.847887378477,137.6635502152757,0
flashbots-c2,150,10000,272.71910333973307,-272.7312991542326,272.7312991542326,-0.012195814499534663,80258.47284015291,17661.107223028343,0.8196366118846429,5370,1855,61786.1158041361,-0.0000027739163397200173,0.055866338794156575,99.99972260836603,9996.313479168693,74.1146224176046,0
flashbots-c2,151,10000,450.51257698337764,-450.55834185416535,450.55834185416535,-0.04576487078770697,138236.40224428356,19855.993978578605,0.8744025996633785,6698,2505,107986.17522520569,-0.00017850091907774867,0.10250887282243454,99.98214990809223,9998.59902676928,87.19231511011469,0
flashbots-c2,152,10000,504.69720141655034,-505.4171511131284,505.4171511131284,-0.7199496965780554,128608.11716352835,26830.268050595154,0.8273896887590847,8569,2579,93232.23374723204,-0.00036692493542005877,0.1882886112474,99.963307506458,10014.042326007782,90.90929103459119,0
flashbots-c2,153,10000,152.59038496438168,-152.5944262549463,152.5944262549463,-0.0040412905646292074,82855.21216933838,3927.7036192621595,0.9547410503142131,7250,1722,57721.45774805334,0.000168937269842786,0.02624343189698024,100.01689372698428,10000.586035810786,102.91618631381526,0
flashbots-c2,154,10000,210.77096675206894,-210.8435554771173,210.8435554771173,-0.07258872504834812,77938.48008234236,7431.633878226262,0.9129480618749222,6303,1711,57317.009911082954,-0.00005497728712100525,0.03957520849979573,99.9945022712879,9989.649484674655,102.51644130375507,0
flashbots-c2,155,10000,528.7514095575899,-528.7514089632227,528.7514089632227,0.0000005943671794739203,142165.7705418402,24742.840129444707,0.8517581565748334,6630,2669,113049.04059645446,0.0003987467798070554,0.054026433091503775,100.0398746779807,9991.665544402049,80.22522366676966,0
flashbots-c2,156,10000,475.0120130363479,-475.22136511134903,475.22136511134903,-0.20935207500110664,146132.816279119,36379.960405607,0.8006717060228061,7024,2512,111492.15845405572,-0.0006921101015372244,0.05741750345259874,99.93078898984628,10018.791321689665,118.8185059000919,0
flashbots-c2,157,10000,578.8403811669102,-578.8875278984951,578.8875278984951,-0.04714673158491678,191180.29964750024,42660.19443453437,0.817567121545815,9765,3237,139724.4724128321,0.0006382086488845573,0.10194797136205892,100.06382086488846,9987.594024585109,109.00829646753655,0
flashbots-c2,158,10000,456.62260575346846,-456.61759711124205,456.61759711124205,0.005008642226414395,135637.01993110465,44413.429508051944,0.7533278609056717,7063,2552,103065.46819760412,-0.0001784953962815905,0.10142389429576369,99.98215046037184,10030.477787304317,174.38100864889887,0
flashbots-c2,159,10000,315.77345916246986,-315.65102523080117,315.65102523080117,0.1224339316686951,164473.40240043474,44458.785575540925,0.7872094960272321,11219,2943,109498.1755736524,-0.0006257721019441931,0.04032006688784321,99.93742278980558,9995.850381873403,89.59126963684643,0
flashbots-c2,160,10000,208.33508036291857,-208.3372559008848,208.3372559008848,-0.0021755379662238283,79728.38997445835,11071.230881549513,0.8780696353445515,5358,1709,60365.86599174798,-0.0000003596360137692045,0.028181604918583503,99.99996403639862,9998.739203792158,79.25054805216993,0
flashbots-c2,161,10000,182.53805928716628,-182.5293897298421,182.5293897298421,0.008669557324168409,87906.34078477288,4166.52087283375,0.9547475684167623,7180,1847,62123.36458782735,0.0017664088893218377,0.05124229870483461,100.17664088893218,9983.721474391901,91.58311333071114,0
flashbots-c2,162,10000,470.9385419934659,-470.9010679351512,470.9010679351512,0.037474058314671765,134366.5556529466,26702.978988863793,0.8342145890702025,6045,2349,103433.70409653557,-0.00040747684505916483,0.13121178647374365,99.95925231549408,10005.470036957928,94.62081937808479,0
flashbots-c2,163,10000,705.7929934375179,-705.8066992522911,705.8066992522911,-0.013705814773175007,184681.1678195342,34955.63871812147,0.8408479923326126,11288,3674,132161.4134264756,-0.000009985684235118697,0.054861921218047914,99.99900143157649,9969.615973651305,44.00890757798017,0
flashbots-c2,164,10000,155.2374262179164,-155.21014186504965,155.21014186504965,0.0272843528667579,71920.30645988246,22175.966177479524,0.7643268372282548,4650,1616,53985.34695335944,0.0000014027414111694726,0.02697760884702191,100.00014027414112,10004.152962770308,86.19144714022153,0
flashbots-c2,165,10000,788.3240659648033,-788.4470255838569,788.4470255838569,-0.12295961905363129,231425.29659394242,70677.45483957572,0.7660482915028026,10809,3632,165975.0315248651,-0.0000014385742531430878,0.11707472517438902,99.99985614257469,9992.957878072682,96.73209893265582,0
flashbots-c2,166,10000,1009.1608405439339,-1009.5014774901691,1009.5014774901691,-0.3406369462352359,226376.10729015135,75265.26728454254,0.7504809564315753,11616,3975,162283.149027923,0.0000042045749636088205,0.1508265091661535,100.00042045749636,10019.828550595143,84.24358471801214,0
flashbots-c2,167,10000,155.28589730339198,-155.27814965911435,155.27814965911435,0.007747644277628751,62184.56726169179,5184.3455889711195,0.9230454319418321,4955,1378,46085.47054414588,0.0006131394553433722,0.035517761137236335,100.06131394553434,9991.233743463456,83.73482049058491,0
flashbots-c2,168,10000,194.24599472767673,-194.24133779881936,194.24133779881936,0.004656928857372122,89034.58523060917,20343.606432668326,0.8140067400703017,5455,1793,66468.47638080991,-0.001799676530239509,0.027025444105794633,99.82003234697605,10016.619484544046,101.40934073146617,0
flashbots-c2,169,10000,407.361435675156,-407.33207835957745,407.33207835957745,0.029357315578522503,166098.2595252994,17733.774695682507,0.9035327288258966,9739,2876,121684.80883099814,0.004263054496116609,0.04930994692680315,100.42630544961166,9952.742408621061,121.41388861505814,0
flashbots-c2,170,10000,418.4616207077888,-418.32817820790285,418.32817820790285,0.13344249988597312,141111.03390035656,39805.62133319685,0.7799781270452408,6974,2513,106810.07312397218,0.0000006654578484699414,0.07094757748870435,100.00006654578485,10009.850175580206,88.99655015191802,0
flashbots-c2,171,10000,590.9255945767834,-590.6914738494442,590.6914738494442,0.2341207273392456,170569.30457310105,31778.136627747168,0.8429526143787286,8311,3034,129643.11312623865,0.0004997731691030083,0.10091708979393943,100.0499773169103,9994.575593072886,88.88289485925085,0
flashbots-c2,172,10000,158.58088682247526,-158.58372467724288,158.58372467724288,-0.002837854767619774,85659.60753830383,9924.409336481356,0.8961708279169486,6923,1860,61187.786291666016,-0.00016893015044729508,0.04727993423176272,99.98310698495527,10002.048585576986,100.12704678278762,0
flashbots-c2,173,10000,753.0965761184053,-753.0902632371324,753.0902632371324,0.006312881272947379,170237.81969364706,11438.595415332378,0.9370386331738718,8317,2922,130853.31797728209,0.0000029923102880502483,0.20361803043877147,100.0002992310288,9998.533253375355,99.82540720581034,0
flashbots-c2,174,10000,560.1790397952466,-560.1810142422079,560.1810142422079,-0.0019744469612987814,197724.8747187713,18752.977261170883,0.9133723053436965,10156,3276,145352.92305927206,-0.0008094328520272143,0.0508021730431463,99.91905671479728,10008.379917257822,101.54059972097969,0
flashbots-c2,175,10000,413.4284037780045,-413.3173945726999,413.3173945726999,0.11100920530458325,111479.31500011454,24126.2546839845,0.8220850755600377,5692,2171,87399.16020947129,-0.001120925280006304,0.09128704650386282,99.88790747199937,10010.879886317935,71.18943770981471,0
flashbots-c2,176,10000,432.3121199610499,-432.3492611435877,432.3492611435877,-0.037141182537766326,171408.37489688312,35351.27819869062,0.8290223567827827,10652,3011,120417.66214488063,0.0000016468803794111864,0.07522434441296127,100.00016468803794,10002.602510591418,113.5668795006855,0
flashbots-c2,177,10000,518.1183829129142,-518.0895929686944,518.0895929686944,0.028789944219738572,177647.64165309185,16370.759444129786,0.9156226453184382,10946,3129,126912.70050307641,-0.0015567603561230214,0.1297979086923057,99.8443239643877,10015.755880346638,100.99498380035627,0
flashbots-c2,178,10000,100.10860100474466,-100.13705898825793,100.13705898825793,-0.02845798351327744,52225.812575599055,8984.224093072342,0.8532230238366993,3960,1137,38044.21614681816,-0.0000025883651341018777,0.029341980910747766,99.99974116348659,9997.523481541206,99.99833791850422,0
flashbots-c2,179,10000,222.51568839053456,-222.62532578729628,222.62532578729628,-0.10963739676171258,95249.48770115763,30556.023161959045,0.7571169740314024,9700,2315,62472.23603092096,0.0006212061763537235,0.05439961307791791,100.06212061763537,9979.59501482463,63.44613090760936,0
flashbots-c2,180,10000,840.3163359122234,-839.6233719065084,839.6233719065084,0.6929640057149982,192758.96591904698,54265.15558196527,0.7803244668891864,11408,3891,137878.42115093823,0.0173173806537406,0.116517205155278,101.73173806537406,9950.549885884588,32.75481328719678,0
flashbots-c2,181,10000,619.1183381624937,-618.6328400091423,618.6328400091423,0.48549815335138646,101935.44022282504,11197.55921024329,0.9010230501590477,4241,1876,84008.03148253122,0.0000015008596598420354,0.17268034125914256,100.00015008596598,10003.612804936782,71.87378761762875,0
flashbots-c2,182,10000,526.6722460506614,-526.4867446990263,526.4867446990263,0.18550135163513914,128304.70345505181,32600.837890513794,0.7973914532843884,5918,2408,102819.79795489961,-0.0006619837350480396,0.08675340901423638,99.9338016264952,10009.153981462508,93.43126881151193,0
flashbots-c2,183,10000,392.06904166521235,-392.07659702277726,392.07659702277726,-0.007555357564910992,154256.84793480765,11547.328889119204,0.930355621249628,10057,2675,108665.9635704361,0.0004891003809488837,0.05358132136668743,100.04891003809489,10008.805784664291,94.42813841375441,0
flashbots-c2,184,10000,254.6831668489253,-254.86267856605835,254.86267856605835,-0.17951171713303893,141485.13410717246,30630.320245981893,0.8220362002872026,9319,2320,95552.85527997276,0.00009921261586470109,0.03433648810157464,100.00992126158647,9991.757687770876,271.3474029751538,0
flashbots-c2,185,10000,264.70825431861215,-264.6803239948103,264.6803239948103,0.02793032380185423,88060.57364455522,14261.823625801813,0.8606187500853884,4450,1693,69731.31433074735,0.0000031067545069163317,0.04785638955652573,100.00031067545069,9999.114909774204,109.93580381075877,0
flashbots-c2,186,10000,281.00025010478527,-281.02506538107485,281.02506538107485,-0.024815276289587018,120648.29809918736,12713.164936484662,0.904671374720266,7430,2308,89417.73285109148,0.0001240791903190086,0.03112851407899953,100.0124079190319,9999.24301837505,103.26098876111455,0
flashbots-c2,187,10000,238.5029533195835,-238.5031027736332,238.5031027736332,-0.00014945404970490017,88528.91602117849,22508.980313230302,0.7972856019764565,4576,1755,69124.03886551462,0.0001142798315412108,0.05094872408427392,100.01142798315412,10004.156538404653,102.17040937157365,0
flashbots-c2,188,10000,215.32325933345962,-215.2849500519569,215.2849500519569,0.03830928150270552,108705.29801112469,14217.341596352966,0.8843391124551795,8859,2115,74172.57724144934,0.0004269690457324771,0.04364665481811784,100.04269690457325,9998.217364703582,99.984134307965,0
flashbots-c2,189,10000,424.77283195028735,-424.6007152155748,424.6007152155748,0.17211673471257427,146109.0114056627,34969.3864185576,0.8068826163764508,8601,2774,105582.99270814261,0.0000003977937304000534,0.06306055734373302,100.00003977937304,10011.416601017916,80.90954839688911,0
flashbots-c2,190,10000,346.84173529966097,-346.7764021184838,346.7764021184838,0.06533318117715226,88001.78093101706,6291.48523317628,0.9332774705012244,5146,1799,67306.5408389334,-0.0007887938840779895,0.11307912929090619,99.9211206115922,10009.098463209752,59.70296125969308,0
flashbots-c2,191,10000,573.130383969789,-572.8334945252967,572.8334945252967,0.29688944449230803,160932.5153856581,68994.9691166789,0.6999272650417848,8565,3108,118253.29380160231,0.0003611538660135238,0.0714765600504326,100.03611538660135,9978.32923381716,41.520139820593194,0
flashbots-c2,192,10000,483.05990742630956,-482.81684301943056,482.81684301943056,0.24306440687900022,118068.638917194,14653.490574164836,0.8895927104973186,5157,1981,94282.11787112744,-0.00007372551980054709,0.09139344261893172,99.99262744801995,9999.26150375164,89.90022131856176,0
flashbots-c2,193,10000,383.1306918789337,-383.17426879161974,383.17426879161974,-0.04357691268603503,127751.940643863,5048.432546924776,0.9619848015060023,6649,2243,97727.6923537186,-0.0006082402825272481,0.038264448060214985,99.93917597174728,10008.24356242232,114.77862858144684,0
flashbots-c2,194,10000,183.33244146901635,-183.34317715738578,183.34317715738578,-0.010735688369436502,87650.86942237926,21392.67007513498,0.8038153367570882,7580,1907,59583.98955066745,0.0020623823988374567,0.05350085262175952,100.20623823988375,9985.846218479435,81.8583582561802,0
flashbots-c2,195,10000,446.3197849669332,-446.3611522170686,446.3611522170686,-0.04136725013540854,178327.20633108125,40436.8641608566,0.8151576533115074,10513,3258,125318.23072231012,0.0005723576190410995,0.052935504211945525,100.05723576190411,10016.27693995168,65.52057441264236,0
flashbots-c2,196,10000,554.9212326135303,-554.9124089661974,554.9124089661974,0.008823647332860673,156075.21766873536,23546.863553461935,0.868908859126658,6405,2649,123982.0350399338,0.000000009670300897823837,0.11231613392117723,100.00000096703009,10000.175436019004,111.53046569883209,0
flashbots-c2,197,10000,754.350298453199,-753.8472926544969,753.8472926544969,0.5030057987021337,230195.37004318938,63706.68702146392,0.7832383765607684,10248,3496,169146.6656269755,0.000002419985215169618,0.08540589736703637,100.00024199852152,10007.49032236712,109.37046831301399,0
flashbots-c2,198,10000,323.57493256362835,-323.57262504581394,323.57262504581394,0.002307517814415405,136466.24752758566,36964.07905098141,0.7868649631226058,8907,2702,95867.54749098132,-0.0000016229205705542427,0.0490832647683078,99.99983770794294,9992.506590512616,92.39607552260667,0
flashbots-c2,199,10000,284.3045349555437,-283.87253933532804,283.87253933532804,0.43199562021567317,85122.16836269919,9262.47359352186,0.9018646105812625,7271,1945,61255.29182952651,-0.000005109267691665309,0.0683894772959573,99.99948907323083,9988.807084600858,65.97886838948915,0
flashbots-c2,200,10000,154.61058972309985,-154.55404396414843,154.55404396414843,0.05654575895141534,63041.13488245749,23263.4636368635,0.7304493151467993,6110,1769,44033.69458437564,-0.0000050902487778614615,0.034028455041595865,99.99949097512221,9998.867849613347,31.11320204960449,0
flashbots-c2,201,10000,187.21943044568047,-187.66703315207326,187.66703315207326,-0.4476027063927859,74058.74427768747,12953.085435336348,0.8511342023486084,5533,1509,52934.60703286894,0.0013234535442492757,0.08531327923406891,100.13234535442493,9996.409197020139,172.37792516449392,0
flashbots-c2,202,10000,308.92394872112226,-308.9157954357361,308.9157954357361,0.008153285386185871,116345.1475048513,22126.04051914633,0.8402119543069726,9325,2408,81637.91948908441,-0.00032217660122213943,0.06419846347739196,99.96778233987779,9983.261670886675,72.30082144211484,0
flashbots-c2,203,10000,733.6713730367499,-733.8879191966151,733.8879191966151,-0.21654615986528825,129552.68310397856,17943.429853910846,0.8783464221932834,6053,2565,103731.32280497767,0.00029087178432050107,0.10737113050867592,100.02908717843205,9986.2768947082,57.902198364854954,0
flashbots-c2,204,10000,627.7842804606188,-627.5202113868688,627.5202113868688,0.26406907374996536,225232.53145890444,39576.82055721641,0.850545986174963,11716,3561,161812.7574745226,0.0000008379810017800083,0.05751158210750276,100.00008379810018,9988.999288692748,131.48932780081054,0
flashbots-c2,205,10000,193.87234121618008,-193.85310294346277,193.85310294346277,0.019238272717302607,93689.91351497591,8765.135621454989,0.9144489637618232,6640,1816,67421.16035089389,-0.0000027550547241617098,0.025880657893504945,99.99972449452758,9995.193409314163,107.1066617850174,0
flashbots-c2,206,10000,670.7036464408626,-670.7311788704079,670.7311788704079,-0.027532429545317427,187485.26157637546,21492.668457344636,0.8971534053673675,8275,3189,143533.5334909874,-0.000000252301899053009,0.06685804975525585,99.9999747698101,9998.727204336918,79.35603674676747,0
flashbots-c2,207,10000,266.1030849609267,-266.07038712643305,266.07038712643305,0.032697834493660594,112208.70980846047,25145.75565166619,0.8169280076375391,7180,2285,82252.17441037399,-0.0013450921356415791,0.04695179573072835,99.86549078643584,10010.291067986473,90.7594439157596,0
flashbots-c2,208,10000,264.4963181936539,-264.45210995779934,264.45210995779934,0.04420823585456901,93567.34490018799,12719.21977612646,0.8803308789322374,5490,1906,72542.57789828443,0.000534824321191536,0.0417820655478063,100.05348243211915,9994.932607658471,86.60562109209545,0
flashbots-c2,209,10000,423.3953215324235,-423.3988365372537,423.3988365372537,-0.0035150048302057257,165307.22460628484,27071.862337928444,0.8592785589746622,9317,3021,120762.73649915874,-0.00000036810461665481855,0.08320815942254114,99.99996318953833,9999.784795008303,98.00199013650169,0
flashbots-c2,210,10000,244.2139172917409,-244.2084347688057,244.2084347688057,0.005482522935210454,107271.30869335504,6885.354035535959,0.9396850444735942,6723,2082,79818.3829755798,-0.0010768028262434371,0.02801198870291586,99.89231971737566,10011.583360258355,102.27583272581126,0
flashbots-c2,211,10000,205.74558671620986,-205.89031412716906,205.89031412716906,-0.14472741095920583,80165.49769092479,10073.881944964842,0.88836490248922,4988,1477,58798.75736963912,-0.00012401224876967376,0.05584037206927604,99.98759877512303,9988.924114468646,129.21013403521889,0
flashbots-c2,212,10000,686.9421194295508,-687.4195420900409,687.4195420900409,-0.47742266049010595,280236.38177739293,14721.56559283235,0.9500892729825173,10723,3245,205285.52476367456,0.0003720879193251392,0.036112194943342925,100.03720879193251,9978.075975502232,284.2480316052466,0
flashbots-c2,213,10000,344.868850520181,-344.9832674136601,344.9832674136601,-0.11441689347907413,160015.3400848179,22255.46736859011,0.8778988929739665,11265,2617,108710.40868177805,0.003111180582588986,0.03732588824200235,100.3111180582589,9961.8448282336,69.24468368883747,0
flashbots-c2,214,10000,539.152781312054,-538.9999205520716,538.9999205520716,0.15286075998244542,193370.57676868743,40939.75545056036,0.82527550081636,9186,3201,141996.20493009163,-0.00022960556942038578,0.05568100891846143,99.97703944305796,9996.579149337944,109.72608520405835,0
flashbots-c2,215,10000,169.4449948124899,-169.43865165612172,169.43865165612172,0.006343156368188829,67795.25710996249,9247.842765316376,0.8799653339457104,4014,1377,52153.802638886154,-0.0006523353830881717,0.03364207418993303,99.93476646169118,9997.559998829653,96.90540235547302,0
flashbots-c2,216,10000,102.46826346172165,-102.46135703923474,102.46135703923474,0.006906422486906649,58156.46592264565,9902.868824905001,0.8544965380335078,5083,1234,40463.19747494173,-0.0002887686476468332,0.024447952224770544,99.97112313523532,10001.427626008197,114.76331468946934,0
flashbots-c2,217,10000,315.1816775404875,-314.9605671028512,314.9605671028512,0.22111043763629823,160470.7413679666,44320.02961935705,0.783583852896865,7937,2328,114231.72108523356,0.0006175269991960875,0.03966208108162817,100.06175269991961,9961.219377511568,328.77473811409266,0
flashbots-c2,218,10000,334.01347586854877,-334.024882802901,334.024882802901,-0.011406934352237386,160378.89075103495,20922.614481183427,0.884597679129112,10298,2867,111185.42474053321,0.0010773109862476816,0.028580734799907505,100.10773109862477,9982.840118192147,112.78941581322782,0
flashbots-c2,219,10000,294.1337178905226,-294.06276805131535,294.06276805131535,0.07094983920723053,112267.32935347756,11676.063163340043,0.9057951946752164,8838,2190,78637.52283966953,0.000622324568806789,0.06283227475223001,100.06223245688068,10002.805568033804,110.29641023208549,0
flashbots-c2,220,10000,362.5492391843037,-362.53578050294954,362.53578050294954,0.013458681354165947,157703.0804230842,30892.97083446851,0.8361950283238958,9237,2869,113433.75665879162,0.0014774309142606512,0.031018485551461906,100.14774309142607,9981.09635950701,98.7563300744678,0
flashbots-c2,221,10000,86.53190437803103,-86.49028424072671,86.49028424072671,0.04162013730432079,49384.3866083501,8832.119492119898,0.8482883964750919,4501,1051,33443.839732099106,-0.0000005680926776108208,0.028637907066530202,99.99994319073224,10011.483237122804,111.41168931313693,0
flashbots-c2,222,10000,134.0952847121042,-134.0834146977876,134.0834146977876,0.011870014316599509,75355.6141223629,9030.74971164422,0.8929833055799367,6198,1482,52123.110031400574,-0.0012250721959449606,0.02833875172183383,99.8774927804055,10007.526322624679,128.64247561923003,0
flashbots-c2,223,10000,408.8593449155895,-408.74384688800063,408.74384688800063,0.11549802758884198,122253.16574360734,12405.582327685637,0.9078739220038071,5690,2077,96115.38030958119,-0.0008200183745310596,0.03614077881626557,99.9179981625469,10004.91715714571,117.63821917798023,0
flashbots-c2,224,10000,627.6339393513778,-627.683955498663,627.683955498663,-0.05001614728519144,194510.43907900146,55057.684888417614,0.7793881525686935,9814,3302,140474.1328641029,0.004141248410861351,0.05845128543474786,100.41412484108614,9982.882034325952,87.56235304753778,0
flashbots-c2,225,10000,106.60535847965801,-106.61610684430806,106.61610684430806,-0.010748364650055464,58884.5622597669,12835.435026984498,0.8210340837623602,4609,1192,41138.192696119506,-0.0004877533879324858,0.031112580914611953,99.95122466120675,10006.936914900907,138.8464263594924,0
flashbots-c2,226,10000,166.81473739404439,-166.85326710245408,166.85326710245408,-0.038529708409697605,100957.17281266426,11768.369748435836,0.8956015692534184,8555,1772,66826.32131887475,-0.000435813141041308,0.023205733063923616,99.95641868589587,10014.601768343937,174.5364242223458,0
flashbots-c2,227,10000,147.339776780274,-147.3516221430551,147.3516221430551,-0.011845362781087942,64944.88204262864,16024.338515721358,0.8020934571776751,4956,1473,46920.26348606452,-0.00007574855696645955,0.021699387512198312,99.99242514430335,9989.662256415206,60.317391349748426,0
flashbots-c2,228,10000,549.6331645598357,-549.4229853296556,549.4229853296556,0.21017923018007423,170341.41522780844,25907.53098316715,0.8679863944068494,9787,3080,123556.48262021349,-0.0005440146010019475,0.07699353891655505,99.9455985398998,9974.258515509404,73.84290400801531,0
flashbots-c2,229,10000,555.2973420548249,-555.2014429462386,555.2014429462386,0.09589910858630901,216264.1528160807,38922.8942884066,0.8474730801188766,11522,3373,152462.93711631995,-0.0003154785155356876,0.06315238263104589,99.96845214844643,9960.57658465679,117.3265333682859,0
flashbots-c2,230,10000,430.7623181135243,-430.57510587761817,430.57510587761817,0.187212235906145,162405.48794605248,33394.63021055199,0.829445301029684,8405,2600,120625.74985385181,0.0028255627965911856,0.04737549967933788,100.28255627965912,9969.14251733908,105.4279823870154,0
flashbots-c2,231,10000,409.3703648344276,-409.3322572897135,409.3322572897135,0.03810754471413702,125281.2930592909,9859.886085535167,0.9270401061473004,5844,2257,98810.34059752556,0.00010674467390273889,0.046986155393285,100.01067446739027,9999.677552974814,102.69018879406573,0
flashbots-c2,232,10000,398.80705471305447,-398.75567470853633,398.75567470853633,0.05138000451813696,105969.9727189806,8342.07546165153,0.9270236550352973,4287,1870,88464.96044316844,-0.0035325146746674817,0.039917553398050816,99.64674853253325,10034.670364590069,95.87193177792206,0
flashbots-c2,233,10000,401.2248065316352,-401.18713470572334,401.18713470572334,0.03767182591184337,148262.6227886227,32109.49962390829,0.8219819160830724,7790,2624,109904.67554329996,0.0013085516866007652,0.05467200067746319,100.13085516866008,10000.89792554265,79.76077115787699,0
flashbots-c2,234,10000,132.6714670725064,-132.63173375422645,132.63173375422645,0.039733318279957075,88268.13774173443,20876.275644044097,0.8087279504608683,6839,1793,60411.96248112814,0.0028855186129581514,0.027508709100430195,100.28855186129582,9962.374215139229,132.19781396251048,0
flashbots-c2,235,10000,848.5650759517414,-849.0745819818628,849.0745819818628,-0.5095060301214289,177830.6497534466,44665.977423279444,0.7992509909473734,9079,3415,135705.53052475525,-0.0000007866100689568612,0.11681256702962159,99.9999213389931,9980.079624415877,70.6910179816114,0
flashbots-c2,236,10000,194.5495913211844,-194.48214291944674,194.48214291944674,0.0674484017376642,70200.96667787497,16253.680897692202,0.8119976039057311,5064,1566,52438.286330958246,-0.000007496754379872073,0.04736788808699473,99.99925032456201,10013.092392203425,67.21480809917236,0
flashbots-c2,237,10000,379.2633470074032,-379.3350887312347,379.3350887312347,-0.0717417238315079,115601.0745782044,22905.59542004362,0.8346246038524111,5634,2092,89784.81012028256,0.00030768398575617087,0.07539558202165111,100.03076839857562,9991.59906312338,92.4113136470382,0
flashbots-c2,238,10000,253.1658731663269,-253.2555061774672,253.2555061774672,-0.08963301114030742,114600.30617408422,32583.84672986364,0.778618512339927,9734,2422,76048.7110560411,-0.00020792074892938216,0.04932078933033651,99.97920792510706,9989.052813827378,42.80061201675412,0
flashbots-c2,239,10000,428.3227928911382,-428.03779530559393,428.03779530559393,0.2849975855442608,126599.21636894227,34779.88928026245,0.7844833187025793,7821,2353,90734.87994199243,-0.0003848023432593095,0.09427928704006916,99.96151976567407,10008.91643497504,74.2257792015887,0
flashbots-c2,240,10000,1188.904134808484,-1188.9898739068678,1188.9898739068678,-0.08573909838378313,272038.602562432,32899.04746999094,0.892112215508669,11807,4051,200528.27355022743,-0.000014991191472830678,0.21572798725834574,99.99850088085272,10001.68591834643,94.64523357043299,0
flashbots-c2,241,10000,235.97493020143432,-236.05444420648612,236.05444420648612,-0.07951400505180573,86765.44199828123,9219.680143766673,0.9039467790630874,5008,1539,65482.05406986943,-0.0000007842366927945932,0.07105984642578875,99.99992157633072,9998.798613709429,152.4143206434038,0
flashbots-c2,242,10000,293.6399827209833,-293.63956934169966,293.63956934169966,0.0004133792836569228,124341.91527791385,11446.13523487362,0.9157058725591195,7906,2390,91543.5909587842,0.00015017221351087072,0.0484233699757398,100.01501722135109,9998.523796070072,98.9583810440994,0
flashbots-c2,243,10000,179.0636925096975,-179.16376520075863,179.16376520075863,-0.10007269106114336,132034.5983959386,13177.971669003904,0.9092504756088926,9008,1822,84895.96055735832,0.000324699984061283,0.04518635023012308,100.03246999840613,9970.228626449683,207.80799920429928,0
flashbots-c2,244,10000,177.2079444606863,-177.13727572938302,177.13727572938302,0.07066873130327167,90327.48384065954,11115.529415644121,0.89042587499289,6733,1697,64294.226301758106,-0.00015178984088890958,0.04612805641326318,99.98482101591111,9992.357827760434,165.48230014142715,0
flashbots-c2,245,10000,398.8714497955612,-399.035280245734,399.035280245734,-0.16383045017278164,121087.74436089015,14550.753483979503,0.8927240148248968,6329,2243,93041.41964333557,-0.00029499167651977134,0.08416384302135256,99.97050083234802,9996.228983055054,65.46384509427882,0
flashbots-c2,246,10000,89.61070784551292,-89.55738359934448,89.55738359934448,0.05332424616844378,46875.773298975655,10719.739390730832,0.8138789136493497,4004,1014,33401.68400079016,0.00043218947109679106,0.032011691221956795,100.04321894710968,10003.519973631848,100.37268906431748,0
flashbots-c2,247,10000,498.6054234798908,-496.1396264714652,496.1396264714652,2.465797008425625,146814.54916626905,6802.766449694437,0.9557161481281118,9047,2603,106562.38934434291,-0.020599602847894544,0.16602187598315893,97.94003971521055,10243.17186861734,116.00465957405977,0
flashbots-c2,248,10000,458.50355887879994,-458.60538493458125,458.60538493458125,-0.10182605578131643,172222.93781565034,31358.603695433998,0.8459653883025214,7564,2441,130238.68434985263,-0.00022319432401573635,0.09018628533572866,99.97768056759843,9993.153113886821,182.14330186882077,0
flashbots-c2,249,10000,520.0837159679654,-520.858210855725,520.858210855725,-0.7744948877596016,121931.52315543842,23758.896378882215,0.8369220402081052,5817,2283,95759.9728806822,-0.00000406001144526158,0.12374486833579595,99.99959399885547,9966.14587889839,73.0803811305613,0
flashbots-c2,250,10000,571.9306222524141,-571.8107040255726,571.8107040255726,0.11991822684149156,162692.5061705337,18117.9186658032,0.8997960505750545,6983,2578,128651.40160091162,-0.0019006060577522988,0.06613721143657983,99.80993939422477,10032.834053017003,90.4898072281145,0
flashbots-c2,251,10000,608.1192539079816,-608.4289756112638,608.4289756112638,-0.3097217032822073,150452.0958732154,10233.547401080934,0.936313243718906,6334,2481,120890.99533887175,-0.00020830399423104495,0.06680019402875899,99.9791696005769,10006.435863593419,105.52670585095511,0
flashbots-c2,252,10000,311.5922910770104,-311.5542462810474,311.5542462810474,0.03804479596294641,157832.37206315057,16678.22142860245,0.9044286017548234,11405,2462,104600.99630717802,0.0000016360746209898024,0.07233147086741099,100.0001636074621,10006.597517120366,146.94629569126272,0
flashbots-c2,253,10000,178.24916190742192,-178.2050929127568,178.2050929127568,0.044068994665110495,95647.12515026427,15183.32753689842,0.8630040104613136,8255,1895,64224.54460759579,-0.0007371799558193004,0.02469022720502153,99.92628200441807,10005.311309258326,89.36704191664047,0
flashbots-c2,254,10000,321.19633529819055,-321.0679157639935,321.0679157639935,0.12841953419706442,97369.59073970022,28846.454814121138,0.7714517620359104,5347,1987,75714.1586972025,-0.00022406031462196552,0.04752311815805612,99.9775939685378,9991.485055341476,78.18074559021296,0
flashbots-c2,255,10000,381.1575464017054,-381.08074332890584,381.08074332890584,0.07680307279957788,155771.95733123514,23093.57644788188,0.8708886169405874,9890,2773,110785.74169483177,0.0011088030462512678,0.07457815470371174,100.11088030462513,9991.71074245278,101.52218870979752,0
flashbots-c2,256,10000,638.6476546756361,-638.7235944045217,638.7235944045217,-0.07593972888560074,201570.7427588598,36580.47566211013,0.8463981166896725,10566,3269,146959.27931542584,-0.0038150122803655507,0.10151385740451403,99.61849877196344,10034.813630512706,101.36543166143167,0
flashbots-c2,257,10000,347.04508675185946,-347.02482557913396,347.02482557913396,0.020261172725497545,159686.6182528396,13948.15958705513,0.9196695514540499,11198,2866,110299.77591530929,0.0007983171668753641,0.04787069587330692,100.07983171668754,9992.623062130722,103.93354410602677,0
flashbots-c2,258,10000,540.8563181337755,-540.913594964027,540.913594964027,-0.05727683025145325,162339.67751515668,55721.28913339277,0.7444692189079433,7551,2767,121060.28678255298,-0.0005281232970989436,0.06123729240274798,99.9471876702901,9965.835606755025,78.2283451972868,0
flashbots-c2,259,10000,238.65618152073876,-238.66751162747406,238.66751162747406,-0.01133010673530066,116291.77980440669,9819.975735871136,0.922132748895603,7629,1851,81128.98459831269,0.00042502512550569806,0.054651775790005956,100.04250251255057,9990.556903890227,108.29608654382311,0
flashbots-c2,260,10000,353.08390854667056,-353.14283302019464,353.14283302019464,-0.05892447352408681,143930.78187526908,12583.191156762918,0.9196034008146503,9573,2540,103341.47318407125,0.000003583362425985115,0.04665878245502597,100.0003583362426,9999.713541077403,109.49047363123745,0
flashbots-c2,261,10000,322.34973673042504,-322.39479125249864,322.39479125249864,-0.045054522073598946,92093.76782121876,35222.56800369787,0.7233460437305125,5115,2037,71065.19383872938,-0.003844526158819832,0.0713834947215436,99.61554738411802,10021.98937016834,50.65810344203464,0
flashbots-c2,262,10000,334.6345778198276,-334.6289864644127,334.6289864644127,0.0055913554148787625,138100.17187784097,23547.379539247795,0.8543288819854127,9964,2611,94805.61702298615,0.0020343529598831366,0.06657415761545905,100.20343529598831,9977.204609839308,106.52284600287264,0
flashbots-c2,263,10000,251.56041884149832,-251.65202128694943,251.65202128694943,-0.09160244545111595,92465.68371698307,18810.25287874711,0.8309584852375991,4322,1652,72125.39197551552,-0.000849611115722837,0.04083096467036157,99.91503888842772,10017.270016214821,139.7420681636363,0
flashbots-c2,264,10000,151.95916450429112,-151.85752796019335,151.85752796019335,0.10163654409777223,108764.92240233153,12974.993841538193,0.8934203814010628,8554,1765,70784.5987482363,0.00011769882299589085,0.030825328846694474,100.01176988229959,10021.899873285842,277.5065921963876,0
flashbots-c2,265,10000,346.4366473089964,-346.4833101740538,346.4833101740538,-0.046662865057442104,133942.51876739226,14745.413693547993,0.9008297886082882,9439,2589,95816.34604571517,-0.0007042102975421471,0.04620231309173477,99.92957897024579,9996.809557413446,87.13095896679536,0
flashbots-c2,266,10000,342.9508718436386,-342.9240008489442,342.9240008489442,0.02687099469437726,107351.877387111,14520.371758073577,0.8808557989212484,4877,1964,87096.27066900593,0.0000021669162553905607,0.04033166139752524,100.00021669162554,10000.637430549106,104.78263269803747,0
flashbots-c2,267,10000,1087.772232562082,-1087.78966943459,1087.78966943459,-0.017436872507914813,256730.4057142004,15153.389247893581,0.9442651988508316,10480,3775,194868.5101468083,0.000004134007524925209,0.09206857646296342,100.00041340075249,10000.16138963842,101.65458535084109,0
flashbots-c2,268,10000,324.0236230779583,-324.17322095297123,324.17322095297123,-0.14959787501294386,127598.13318292703,6051.6962931470325,0.9547197604600731,6646,1988,95227.58907080661,0.0003223554892458935,0.061764167016913375,100.03223554892459,10005.86962890418,119.34976369164225,0
flashbots-c2,269,10000,115.3067629721113,-115.32454014272368,115.32454014272368,-0.01777717061237638,64329.26320087323,17018.92880226999,0.7907890958214241,5168,1427,44874.697876502694,0.0007214990741186967,0.02625475658596258,100.07214990741187,9993.812972687365,82.89332654495395,0
flashbots-c2,270,10000,544.968400239308,-545.1837430990087,545.1837430990087,-0.21534285970062683,151587.95720143043,34293.38876601092,0.8155092508743848,8062,2878,114455.14081602206,-0.0007402558079138544,0.08531621930330288,99.92597441920861,9997.921927247997,61.016651922615246,0
flashbots-c2,271,10000,636.3408552608023,-636.4645701589603,636.4645701589603,-0.12371489815802761,226095.9933519438,73541.46736056542,0.7545651762443493,10432,3471,163155.45125551178,0.0000035526222711723675,0.04121974767005071,100.00035526222712,9995.234888239669,72.2700787258984,0
flashbots-c2,272,10000,135.74341425169536,-135.80765841429675,135.80765841429675,-0.06424416260139765,48373.30407849721,10238.405515398543,0.8253180876937799,4180,1287,35543.742329110886,0.0010267958657621534,0.05491795461973936,100.10267958657622,9998.243648497777,30.13487132994103,0
flashbots-c2,273,10000,546.0277307999404,-545.6653215519568,545.6653215519568,0.3624092479835781,89393.21769062415,65822.16973348423,0.5759301263499562,5488,2617,69517.84423138686,-0.001151652177530309,0.2877827080715338,99.88483478224697,9998.777641910758,18.907137590054095,0
flashbots-c2,274,10000,448.3244676463824,-448.2896903493383,448.2896903493383,0.034777297044115585,102008.35142993963,3977.4479882628652,0.9624718782129622,6352,1917,78680.6063145969,0.004097083723512754,0.1506383159264074,100.40970837235128,9966.307421051442,86.94610444573428,0
flashbots-c2,275,10000,203.19085552664546,-203.28460123865642,203.28460123865642,-0.09374571201095705,104253.6568550587,25143.167754143404,0.8056894531215928,8896,2091,69369.5882509499,0.0022349837613204215,0.056710015042501,100.22349837613204,9984.96524824288,66.29636097997468,0
flashbots-c2,276,10000,567.0822956273056,-567.3843573505575,567.3843573505575,-0.30206172325188163,199221.69264274812,52137.45216229537,0.7925778582564256,10212,3346,145378.91924997282,-0.00020880838590514372,0.06361257913449336,99.97911916140949,10035.923682947534,138.11822407017874,0
flashbots-c2,277,10000,391.90332329141415,-391.9369256466555,391.9369256466555,-0.03360235524132804,174169.03085307666,14601.242306892174,0.9226507327532514,10950,2765,121834.24458422707,-0.001632412076779559,0.039257139315613615,99.83675879232204,10016.576705234582,142.15299267750655,0
flashbots-c2,278,10000,536.4378271678167,-536.4672167247134,536.4672167247134,-0.029389556896603608,212662.29512174884,31509.822993094884,0.8709524116169783,11285,3302,151737.0883808632,-0.0014041159064375108,0.05735981215451659,99.85958840935625,10032.924459426054,149.28264857405574,0
flashbots-c2,279,10000,675.5205867718146,-675.6184302471157,675.6184302471157,-0.09784347530114701,197981.6709735582,64959.35943475612,0.7529508447811192,10710,3631,142641.31569592177,-0.0006621314500191033,0.06986737911981479,99.93378685499809,10010.964086860311,61.750290027930994,0
flashbots-c2,280,10000,232.6340422484322,-232.6704075117353,232.6704075117353,-0.03636526330311085,107670.55380108093,14966.56822997534,0.8779605393366516,6689,1831,78093.76966980804,0.00042970243836336407,0.03482272815853591,100.04297024383634,9999.914634860224,169.94488864631452,0
flashbots-c2,281,10000,273.0258711906507,-273.03555171863206,273.03555171863206,-0.009680527981345222,110240.29765878251,13003.222802175454,0.8944916312554159,6290,2007,83911.03345286002,-0.0006362569085924008,0.032423922545848714,99.93637430914076,10018.10898727171,116.82539784415584,0
flashbots-c2,282,10000,245.74334306793978,-245.71915640514817,245.71915640514817,0.02418666279160675,100686.35613816157,19085.337389996937,0.8406523542600661,7295,2099,71860.82178599211,-0.0019107823989821782,0.05025901524778632,99.80892176010178,10018.776738705923,71.85428895294675,0
flashbots-c2,283,10000,210.45448836266473,-210.4847849113397,210.4847849113397,-0.030296548674954238,76312.52101093375,19615.654229861,0.7955172796665564,5291,1785,56998.70163057525,0.00000021127581121049843,0.04551924484238427,100.00002112758112,9995.272559211386,59.544311072851286,0
flashbots-c2,284,10000,1135.3556675219386,-1135.1401562589676,1135.1401562589676,0.21551126297094925,260257.3885390525,44400.53949662483,0.85426100747516,10809,3953,194840.66846052688,-0.003964902189594142,0.16150811487330613,99.60350978104059,10033.001606918231,104.0632719251634,0
flashbots-c2,285,10000,249.5665304474139,-249.5570354210646,249.5570354210646,0.009495026349298996,137084.48635224192,15221.519198283033,0.9000596257300337,10835,2576,92865.836914589,-0.0006623725637585665,0.032923648670513755,99.93376274362414,10001.96697521691,100.77628519878832,0
flashbots-c2,286,10000,382.3718866573637,-382.24739673769847,382.24739673769847,0.12448991966522271,121235.9668069852,16872.691035446493,0.8778303163680256,9498,2540,85725.95606982624,-0.000002276654295059188,0.06797081341173936,99.9997723345705,10007.138054999567,77.88995752428121,0
flashbots-c2,287,10000,352.0686311718128,-352.22119499746134,352.22119499746134,-0.1525638256485422,150969.02240768226,28124.93201012322,0.8429599027976623,9702,2678,106317.18618178445,-0.0003672311494814551,0.05696487029556323,99.96327688505185,9995.438598208364,115.90317231086996,0
flashbots-c2,288,10000,673.762379037014,-673.7876260079296,673.7876260079296,-0.02524697091564576,199114.5122400596,64372.77998410226,0.7556892423892037,9079,3295,148358.50512802365,-0.004506284866558161,0.05613009864181095,99.54937151334418,10025.553053567435,95.42736206669963,0
flashbots-c2,289,10000,199.881227812378,-199.8673626265603,199.8673626265603,0.013865185817707015,78785.8504120376,17567.792455678704,0.8176738114634909,6624,1868,56468.56496690006,0.0017873065273515466,0.05497538051760415,100.17873065273515,9994.048545872642,57.840803254481386,0
flashbots-c2,290,10000,452.837958257372,-452.9354776141969,452.9354776141969,-0.09751935682487556,153866.61634068072,40213.60501968792,0.7927990562983788,8379,2811,113698.62611206052,0.001286379582510051,0.0991855829817915,100.128637958251,9960.240917014953,86.58954499298352,0
flashbots-c2,291,10000,467.6682039778515,-467.4530688596958,467.4530688596958,0.215135118155672,199021.12288239016,32077.197598799223,0.8611967515297879,11031,3047,139838.32638242558,-0.0000028907864833627174,0.05651591609456602,99.99971092135166,10010.828490362774,153.01921293116803,0
flashbots-c2,292,10000,592.1706929011813,-591.8888550604918,591.8888550604918,0.2818378406894908,266224.4062659329,11549.379988961848,0.9584216345801481,10929,3070,191942.4417499924,-0.003476699464182076,0.0649997861469069,99.65233005358179,10191.179789303906,493.09013499152775,0
flashbots-c2,293,10000,111.15996708542433,-111.16136515181661,111.16136515181661,-0.0013980663922836811,56974.49782250058,14438.751250615354,0.7978141109945531,4389,1240,41748.635991890624,0.0009396121219363351,0.034336612499021445,100.09396121219363,9987.46531936311,103.97254062375309,0
flashbots-c2,294,10000,340.0414285306314,-340.25825881358236,340.25825881358236,-0.21683028295097984,147249.9635673604,38160.797256050755,0.7941824029706893,10744,2787,101299.54558334616,0.00020532760314196708,0.06627601631674451,100.0205327603142,9982.395736466537,61.9183229772161,0
flashbots-c2,295,10000,302.0138658675357,-302.0614346076567,302.0614346076567,-0.04756874012099388,97580.67362482574,14893.706434329193,0.8675813422888308,4709,1793,78567.39312947095,-0.000001909865383140641,0.047416122801402165,99.99980901346169,9994.939266485384,105.5472614564718,0
flashbots-c2,296,10000,329.04145727618754,-329.04334225183584,329.04334225183584,-0.0018849756482950397,145334.35432122907,14663.859220522258,0.9083498565645188,9983,2792,103914.3264913738,0.0004753209997349472,0.06259627391797196,100.0475320999735,9995.519109930277,100.7854773452055,0
flashbots-c2,297,10000,177.27022504771145,-177.25909183663515,177.25909183663515,0.011133211076298721,79825.1042409635,17815.43394643251,0.8175406006853387,6595,1793,56564.92506731395,0.0000039231216383939225,0.04890340010429469,100.00039231216384,9995.54977149869,65.1742623323321,0
flashbots-c2,298,10000,490.39927374154666,-490.27269267215024,490.27269267215024,0.12658106939642266,141034.87530971615,7898.226525047603,0.9469679579103213,6601,2227,108919.0551038108,-0.0005925032961393128,0.07754404825623099,99.94074967038607,10009.678960288773,126.87282753788942,0
flashbots-c2,299,10000,569.0382695655185,-569.0787335371191,569.0787335371191,-0.04046397160061588,203184.89330443827,48212.434671617724,0.8082221674360451,11622,3652,144231.86833838368,0.000002898585197357306,0.05223883213385136,100.00028985851974,10013.984950863754,75.61270530574372,0
flashbots-c2,300,10000,372.90374779949775,-372.90275622747765,372.90275622747765,0.0009915720200979194,166004.45807007488,11068.418112888441,0.9374923006194815,10833,2967,116988.91194886979,-0.0008756168317125912,0.03556625220388028,99.91243831682874,10010.731011652137,102.79312941173237,0
flashbots-c2,301,10000,465.3289740658574,-465.4213892066119,465.4213892066119,-0.09241514075449686,124857.60614396776,32632.395482568343,0.7927970338082085,6739,2476,96990.11368765765,-0.0000026922801799855735,0.07242818843300895,99.999730771982,10001.612498794904,63.168482125548095,0
flashbots-c2,302,10000,491.07112657337024,-491.0287259986065,491.0287259986065,0.04240057476374659,156954.52899006804,28961.8783819557,0.844220965802108,7727,2752,119707.91470543087,-0.0000010381895272359998,0.052943049190534025,99.99989618104728,9999.209974183384,101.9797741604915,0
flashbots-c2,303,10000,737.9563647066376,-737.9926473923169,737.9926473923169,-0.03628268567933901,206743.8156783152,10337.352994809666,0.9523802407274886,9427,3201,157447.99480232009,-0.00251323692846114,0.08098228603626993,99.74867630715389,10023.04994003886,99.98327419905475,0
flashbots-c2,304,10000,197.9851122116117,-197.96683608470482,197.96683608470482,0.018276126906869194,99591.63850908914,12023.012442973872,0.892281055036963,8562,1942,67711.04661810238,-0.0010586788443430351,0.036333172404353034,99.8941321155657,10012.10618234714,80.1618422792759,0
flashbots-c2,305,10000,120.12756050963054,-120.1529943634726,120.1529943634726,-0.02543385384205976,62976.27019865659,6476.528192498896,0.906749211802477,4087,1219,45650.708675707014,0.000032255416294049155,0.02972448733901899,100.0032255416294,10003.91695394628,120.98806606627531,0
flashbots-c2,306,10000,444.14850537854494,-444.1540315184312,444.1540315184312,-0.005526139886285364,161049.65169640371,57192.3626548683,0.7379406397761057,8686,3022,118262.12200724547,0.0000051673624280113015,0.054496656957560105,100.0005167362428,9997.899222717879,88.33883802758481,0
flashbots-c2,307,10000,631.9759824794223,-632.0372274864403,632.0372274864403,-0.06124500701798752,107463.0499239821,12044.330380520703,0.8992168487851382,4558,2084,90189.01853017771,-0.000005565641218936435,0.08917253667433712,99.9994434358781,9974.759907315623,35.262454488288526,0
flashbots-c2,308,10000,288.08756882278914,-288.15743521577923,288.15743521577923,-0.06986639299009312,114912.9703894035,33730.6666684793,0.7730769554882168,7333,2214,82274.75856832766,-0.0004284513953967917,0.07182043923004514,99.95715486046032,9989.656124701702,71.39019780118406,0
flashbots-c2,309,10000,201.8118823732667,-201.6871044000248,201.6871044000248,0.12477797324191897,72945.44919544617,11359.174013954258,0.8652603667329167,5207,1571,54303.57560342686,0.0005351316015963903,0.0615694010265311,100.05351316015964,9993.556489439583,74.06469152766799,0
flashbots-c2,310,10000,435.1992839230501,-435.25641790271237,435.25641790271237,-0.0571339796622965,172677.3019046231,35040.08904952283,0.8313088331768138,10468,3046,120461.3099141576,0.000663910777806791,0.05936714923867001,100.06639107778068,10014.813532011063,83.06030370845933,0
flashbots-c2,311,10000,521.4119494255846,-521.4709398545351,521.4709398545351,-0.05899042895055118,209131.98319877006,25409.42210706384,0.8916633842372913,11087,3185,152076.86402332626,0.0006081718886107978,0.04328266432449169,100.06081718886108,10004.793839586442,120.39333735672653,0
flashbots-c2,312,10000,327.1098806490766,-326.9755071692719,326.9755071692719,0.13437347980470804,142048.55665368104,6431.720770676119,0.9566829960029355,9637,2477,100226.14011603323,0.00020389926982275597,0.059065558230334575,100.02038992698228,9988.769234868982,128.03620268275165,0
flashbots-c2,313,10000,442.833954818718,-442.8782375410371,442.8782375410371,-0.044282722319110235,159210.71468614924,35311.09010181339,0.8184723294115842,7490,2844,120127.28334381199,-0.0014235404558824883,0.04830150553076109,99.85764595441175,10016.111304085587,109.12406973599073,0
flashbots-c2,314,10000,390.4512503381758,-390.35514896203415,390.35514896203415,0.0961013761416325,122706.64057248189,26407.0659884645,0.8229065147832584,7731,2493,91160.55733745566,0.0019338181303690761,0.09078192675183132,100.19338181303691,9999.351803591673,45.73847996385439,0
flashbots-c2,315,10000,577.9330881853205,-577.2501542724075,577.2501542724075,0.6829339129129721,214103.74525243024,36714.06844280713,0.853622564115731,11319,3181,151381.55981386805,0.00026076885843849594,0.10866746375500014,100.02607688584385,9998.11364159432,216.21833919433251,0
flashbots-c2,316,10000,373.6511233494959,-373.2666036898715,373.2666036898715,0.38451965962440227,88353.67268883085,50140.77160193959,0.6379582454826234,5517,2226,66937.57694160147,0.0000025089746556261616,0.08999685671166134,100.00025089746556,9987.844548924377,30.169280603748007,0
flashbots-c2,317,10000,233.98128500339536,-233.98433976791392,233.98433976791392,-0.003054764518566344,131171.87345195073,15084.83940680485,0.8968605330179086,10349,2370,87310.63533166869,0.0000025371477990177027,0.030656794193449313,100.0002537147799,10008.186100664625,94.60567878562699,0
flashbots-c2,318,10000,788.6886889907823,-788.6285986930756,788.6285986930756,0.06009029770677898,178733.72575194167,17822.333002890828,0.909326972082194,9597,3206,133613.18875020114,0.0022881990356137293,0.09939577432106006,100.22881990356137,10021.605224852556,73.23341597513519,0
flashbots-c2,319,10000,337.75666239894343,-337.74354118170004,337.74354118170004,0.013121217243394767,124370.86520884943,19483.34848393412,0.8645618506139628,7508,2342,91230.49654486023,0.0004899018027637681,0.04179295936911018,100.04899018027638,10011.291510573008,80.54127455886922,0
flashbots-c2,320,10000,220.67015668790143,-220.65976233755376,220.65976233755376,0.010394350347667114,83835.28350307453,14213.402354402013,0.8550372987654051,4173,1587,66753.63484351448,0.00030992517960498845,0.04454039805938123,100.0309925179605,10001.546804971285,119.30523616592417,0
flashbots-c2,321,10000,341.33625831147594,-341.3132812380926,341.3132812380926,0.02297707338334476,138345.29315065235,22259.400047123465,0.8614025555298547,9947,2703,96269.82293390136,-0.0016058940631526752,0.04385863784491804,99.83941059368473,10019.096259293225,79.383797537046,0
flashbots-c2,322,10000,130.0836064205916,-130.05337841687634,130.05337841687634,0.03022800371525136,62591.43573337699,13928.514050909305,0.8179753895529923,4674,1391,44837.850396633046,0.0000042815859882239235,0.023383020862068237,100.00042815859882,9993.986128022076,89.50265190011257,0
flashbots-c2,323,10000,435.73155039673964,-435.554754740193,435.554754740193,0.17679565654663065,132149.34562970063,27167.0826004574,0.829477205193113,8043,2653,97349.81103093589,0.0009163214203636017,0.08820225329624577,100.09163214203636,9998.506587677,64.41284481911472,0
flashbots-c2,324,10000,113.17785422281837,-113.14377294469585,113.14377294469585,0.034081278122513936,58957.81849006311,13603.980021408386,0.8125187040497942,4526,1265,42327.76222956901,0.0004768846036716923,0.03544225389729817,100.04768846036717,9995.885455375072,110.53762081098655,0
flashbots-c2,325,10000,447.0844255494139,-447.0866151128802,447.0866151128802,-0.0021895634663451347,133140.2477772053,19261.094647938986,0.8736159777765766,6847,2467,101658.84447603191,0.0002928992440664047,0.06471925917734808,100.02928992440664,10006.75067466293,88.53201256206908,0
flashbots-c2,326,10000,91.20428385089367,-91.25516394103848,91.25516394103848,-0.050880090144801216,59930.4459508691,15261.4204008303,0.7970336268892815,4409,1190,41864.30591539622,-0.000256837227507134,0.024137413955392616,99.97431627724929,9997.448340353509,107.76756774471322,0
flashbots-c2,327,10000,427.123969320822,-427.10452517757955,427.10452517757955,0.019444143242481005,123604.53466322165,21747.397865258532,0.8503810889408205,5361,2204,99296.07409640895,-0.002063843818984452,0.06754392635538593,99.79361561810155,10022.616757826363,90.85897714735844,0
flashbots-c2,328,10000,280.770101699202,-280.06605679872,280.06605679872,0.7040449004819607,86350.28702951485,34629.189283719934,0.7137598017529887,5231,1962,65643.01135389369,-0.019075725644983946,0.0583172541017619,98.0924274355016,10077.282654807439,40.753389784457795,0
flashbots-c2,329,10000,499.4192743007553,-499.414587382208,499.414587382208,0.004686918547292862,169877.20642699522,42301.69322797891,0.800631951165898,9979,3006,120138.45363592105,-0.0010969963456953736,0.10523351995387842,99.89030036543046,9995.622019630522,93.56275568572572,0
flashbots-c2,330,10000,357.66071935910725,-357.41138880454383,357.41138880454383,0.24933055456341435,91944.45198480938,44846.46039077916,0.6721532182807314,5828,2392,70366.45308746179,0.007143022714415395,0.07167283139324752,100.71430227144154,9967.105714648824,45.87125524823195,0
flashbots-c2,331,10000,551.4004845571849,-551.2709498651508,551.2709498651508,0.12953469203409895,218505.05453769598,27614.729265856582,0.887799636262081,11469,3316,152756.79971927917,0.001325867841419921,0.05641545119847877,100.13258678414199,9975.217582799332,111.84763406821621,0
flashbots-c2,332,10000,244.05212728883916,-244.07126289034198,244.07126289034198,-0.019135601502824784,119103.71605991611,20732.404553975342,0.851737845250866,9219,2390,81946.98508788864,0.0008780951473038101,0.05317044405053437,100.08780951473038,9994.011135169181,96.18037729242826,0
flashbots-c2,333,10000,530.3533026291534,-529.8937827484436,529.8937827484436,0.45951988070976313,169436.7217222163,10870.521613077919,0.9397111207958329,8800,2781,126848.67165749628,0.008479862788335736,0.05967333367283359,100.84798627883357,9924.252206579506,106.66347682725883,0
flashbots-c2,334,10000,285.2842897720256,-285.14126358058894,285.14126358058894,0.14302619143666107,82164.89733372901,11254.018693528431,0.8795316925937701,6112,1906,61269.73177024152,-0.0019649022559076455,0.12012848398092231,99.80350977440924,10014.625443495466,43.53506572387395,0
flashbots-c2,335,10000,458.35963406660795,-458.1392071866409,458.1392071866409,0.22042687996707855,125275.85587351762,47246.882548331094,0.7261411279433551,6082,2483,97416.91497885162,-0.0014710171683516649,0.04887480534695683,99.85289828316483,9993.932643017306,71.3855580917928,0
flashbots-c2,336,10000,324.70802948314866,-324.685187060103,324.685187060103,0.022842423045688065,146874.55424493804,21595.2579061804,0.8718152668989189,11340,2772,98614.78710231847,0.00023637589149345218,0.07108095980193908,100.02363758914935,10003.542910694396,74.95867785187997,0
flashbots-c2,337,10000,354.75426510822695,-354.7775568976421,354.7775568976421,-0.023291789415168296,133309.45677985335,20476.833988175593,0.8668487686001686,8108,2535,98131.82167536017,0.0008421759776079796,0.05595069265216068,100.0842175977608,9991.74564536776,91.34596491098851,0
flashbots-c2,338,10000,610.3749643508459,-610.3280141543812,610.3280141543812,0.04695019646464971,151459.73962276996,29699.76967843864,0.8360573519270375,6699,2742,120480.882718151,-0.0000014101609578176521,0.06659649217617229,99.99985898390422,10021.922006768471,87.77483026771564,0
flashbots-c2,339,10000,185.32460687646662,-185.33832038604592,185.33832038604592,-0.013713509579304173,97706.20152536703,23526.062420427625,0.8059422330762824,7571,2088,67879.92227408913,0.00008130901994576333,0.05260320967873213,100.00813090199458,9998.491825999718,90.66365827772091,0
flashbots-c2,340,10000,733.4400813366923,-732.974628416276,732.974628416276,0.4654529204162827,195141.10509390276,9566.697430327988,0.9532665716090836,9076,3047,148766.46606930543,0.006409339768213726,0.09601509282690344,100.64093397682137,9918.416374018803,113.06145681175519,0
flashbots-c2,341,10000,161.11274341448495,-161.12272502431682,161.12272502431682,-0.009981609831868354,59768.00640497575,7095.162254359317,0.8938853423099217,4749,1475,44805.736771819684,0.0000014972868881102385,0.027522311489181845,100.00014972868881,9999.959759817273,75.43729239482286,0
flashbots-c2,342,10000,399.11260233130236,-399.01488479189885,399.01488479189885,0.09771753940350436,141859.10310011375,28804.563435754735,0.8312202941585058,7143,2568,108426.78278978815,0.0027091345144292234,0.05393709830795686,100.27091345144292,9978.883983746675,83.65751360198476,0
flashbots-c2,343,10000,644.3337437813605,-643.9245636317557,643.9245636317557,0.4091801496047083,154747.50094027494,24636.75422131385,0.8626593276030768,8462,2932,115918.68276238206,0.000977066228255552,0.06509141438998796,100.09770662282556,9988.698496855463,63.41902642153338,0
flashbots-c2,344,10000,718.0450339376209,-717.9640764040003,717.9640764040003,0.08095753362067626,209447.27457066128,79041.43217378706,0.7260155065834024,11067,3954,147967.13224616926,0.00000376080905937215,0.07307150314563274,100.00037608090594,10003.240919048483,59.25613573620295,0
flashbots-c2,345,10000,286.8987193785889,-286.85483575847877,286.85483575847877,0.04388362011013669,112641.2848531301,5621.414847649558,0.9524667129883515,6263,1866,84632.51877727042,-0.00016742016802439252,0.03675174246780131,99.98325798319756,10006.388281747511,139.56768586631839,0
flashbots-c2,346,10000,486.98327543979354,-486.9990606650149,486.9990606650149,-0.015785225221350174,214748.49170112587,37787.39049580164,0.85036823216142,11530,3232,150646.9385627493,-0.0000008320865111954845,0.04636481417360699,99.99991679134888,10012.473766517322,90.28591474858376,0
flashbots-c2,347,10000,439.00337370357636,-438.95268561710054,438.95268561710054,0.05068808647581591,123413.32517996756,7941.78236127822,0.9395395998683608,7154,2180,92923.96451983535,-0.0009959395310222873,0.13981363989396642,99.90040604689777,10009.937806975002,122.91590736336742,0
flashbots-c2,348,10000,353.269689891137,-353.1690429541769,353.1690429541769,0.10064693696006088,129528.96159237427,18968.551756287772,0.8722635057750031,7943,2517,95832.01829596034,-0.0018359229250191334,0.06725291195773252,99.81640770749809,10011.340093785097,97.38786993123438,0
flashbots-c2,349,10000,190.42237943024315,-190.06465256500798,190.06465256500798,0.35772686523517905,85524.30222763638,7919.194074264097,0.9152515221746573,4484,1411,65192.52729836707,0.006812571894368204,0.03860721989820618,100.68125718943682,9866.363751139867,169.6359167203853,0
flashbots-c2,350,10000,1115.3157109567614,-1114.9711439629764,1114.9711439629764,0.3445669937850653,205260.3796179173,38925.18787202138,0.8405917750498287,10888,3901,151498.9838491876,-0.0000003246653209032502,0.15282420249942533,99.99996753346791,9986.520574605185,37.16394604801527,0
flashbots-c2,351,10000,259.84583188887,-259.821766362182,259.821766362182,0.024065526687991223,120220.4648457121,20266.396198931656,0.8557416967805166,6878,2115,87575.96788287057,-0.0007238470242975836,0.05375518929103976,99.92761529757024,10011.176877004538,141.52990195223055,0
flashbots-c2,352,10000,1022.0683510347781,-1021.2066394600764,1021.2066394600764,0.8617115747016442,246647.0212780669,48121.320778743444,0.8367486805300515,11639,3932,182363.3940121873,0.012922470152394254,0.11847436845514707,101.29224701523943,9904.16872061961,75.13661845490097,0
flashbots-c2,353,10000,409.42210584657767,-409.44131946270534,409.44131946270534,-0.01921361612767214,174808.14585774616,44371.12833312957,0.7975578279610129,8256,2833,129609.30694312768,0.0011423834684053701,0.041311378441749015,100.11423834684054,9984.819680904498,144.46897762998216,0
flashbots-c2,354,10000,835.4265689447685,-835.2647736261757,835.2647736261757,0.1617953185927945,242812.21619532563,33531.79497452193,0.8786592304549256,11709,3784,178543.39461408037,0.003792403444542742,0.06871440431525187,100.37924034445427,9956.22378677084,91.15506987045693,0
flashbots-c2,355,10000,847.3669880290123,-848.1448719673338,848.1448719673338,-0.7778839383214518,212758.0329601066,22020.19531333252,0.9062085293203327,8133,2871,163179.74083258002,-0.0000010069820730507217,0.10951718177768996,99.9998993017927,9953.761810202739,154.18981019057375,0
flashbots-c2,356,10000,307.2001591932006,-307.19981057680775,307.19981057680775,0.00034861639284144985,100455.32664292837,28311.17487654104,0.7801355589966044,4817,2007,78982.57938285194,0.0002219611980470404,0.05422409757356874,100.0221961198047,9997.686529382803,97.80831608080179,0
flashbots-c2,357,10000,449.07604633965684,-448.36690938575117,448.36690938575117,0.70913695390567,104364.17709494883,6187.911283690111,0.944027187776891,4407,1809,84708.92673531658,0.011888104480050288,0.07239956913831122,101.18881044800503,9882.354758173564,98.8813785647594,0
flashbots-c2,358,10000,276.0018115716906,-276.0814509578395,276.0814509578395,-0.07963938614886956,109942.89045613554,21304.813753346803,0.8376747701480359,7007,1948,78771.90947214655,-0.00022817948141337752,0.07331468367291336,99.97718205185866,10004.507729335981,144.43542147189282,0
flashbots-c2,359,10000,472.2483322011881,-472.24113637831226,472.24113637831226,0.0071958228758148834,159077.88428644685,38759.99231607992,0.8040820444411054,7409,2755,119740.37312471631,0.0006513009069421116,0.06213368849498991,100.06513009069421,9992.459861984322,106.20999279808248,0
flashbots-c2,360,10000,379.7360781552318,-379.7332849732511,379.7332849732511,0.0027931819806781277,112046.77179700739,14531.02687857573,0.8852008248633039,5026,2012,89635.7485458716,-0.000002248217480200765,0.07023006106254655,99.99977517825198,9999.777316691916,96.80170645181772,0
flashbots-c2,361,10000,756.7296525680728,-757.890778325924,757.890778325924,-1.1611257578512095,135235.035226591,40626.67325225796,0.7689851099271894,9078,3200,99261.12336072815,0.0021329327155334,0.2327390939397094,100.21329327155334,9980.973047865627,35.89070504569022,0
flashbots-c2,362,10000,639.5921572781562,-639.5577904950393,639.5577904950393,0.03436678311686592,213516.70115486695,25009.36934306409,0.8951503737480092,11667,3565,154556.42950837855,0.00002896425581980111,0.07832647553068356,100.00289642558198,10000.694018723754,97.38404598995342,0
flashbots-c2,363,10000,476.8740050525188,-476.8824137928448,476.8824137928448,-0.008408740325990038,143920.8298493056,23469.78077447475,0.8597903389741233,6580,2505,112885.02152689021,0.0023664684786498923,0.0870750842887017,100.23664684786499,9972.015339793144,105.30057743395567,0
flashbots-c2,364,10000,430.8928108710121,-430.81315121022703,430.81315121022703,0.07965966078506881,93091.61931000363,23703.18661523532,0.797052733403163,4559,1864,74276.76551981948,-0.0032950962475311483,0.2029959156086423,99.67049037524689,10041.94549338504,78.58188494603716,0
flashbots-c2,365,10000,600.1128771733692,-600.0632178031076,600.0632178031076,0.04965937026156553,198326.23588669996,39500.344732396305,0.833911143869742,9136,3197,147547.61447011167,-0.0014116900898132202,0.05165567126302392,99.85883099101868,10018.042237971058,95.25272921915307,0
flashbots-c2,366,10000,340.034918939745,-339.9209865237003,339.9209865237003,0.1139324160446904,144669.19539742882,19278.996993341287,0.8824079929628633,10773,2819,99679.77952600323,-0.002501622221491715,0.10082584320335357,99.74983777785083,10025.935737821403,89.16800316112867,0
flashbots-c2,367,10000,409.5019810675605,-409.5070545755416,409.5070545755416,-0.005073507981080638,141378.60527918045,18351.184066788363,0.8851110732573474,7838,2572,106627.26541023301,-0.0009339876857724505,0.0551331949445678,99.90660123142275,10003.749629144646,102.15133618218331,0
flashbots-c2,368,10000,210.12272699391585,-209.99973768922445,209.99973768922445,0.12298930469140146,108881.16428103193,26390.755793241246,0.804905883063159,10168,2250,70110.90492280695,0.0000029013930200960658,0.035954356410900064,100.00029013930201,10010.959025856633,46.64121858200154,0
flashbots-c2,369,10000,550.8250857610535,-551.191848121179,551.191848121179,-0.36676236012544905,178822.4702620655,24421.875401416983,0.8798398286471742,9452,2606,128975.00348996838,-0.00047485723844062025,0.09029670296468723,99.95251427615594,9978.785668804087,159.14475917761348,0
flashbots-c2,370,10000,565.3605919835596,-565.345672390241,565.345672390241,0.014919593318609259,158128.4663832265,26620.291134130646,0.8559108516243761,6822,2664,124462.04989484519,-0.00000003548273411979608,0.06373286324187717,99.99999645172659,9997.714817034734,99.22440146244203,0
flashbots-c2,371,10000,413.2627856874345,-413.1648657205267,413.1648657205267,0.0979199669077957,118081.0212420685,28483.97922592643,0.805656335857984,5343,2163,94268.65047847517,-0.0019243389772705655,0.05593203691281232,99.80756610227294,10027.62172117864,58.151763025720285,0
flashbots-c2,372,10000,217.98724024352873,-217.9122877272546,217.9122877272546,0.07495251627412358,106299.74071117613,16135.480679985616,0.8682121002710876,7429,1944,75308.21881925828,0.00010477132550320789,0.029327096669532864,100.01047713255032,9976.970868000028,117.61770074891827,0
flashbots-c2,373,10000,215.74417567529883,-215.79438327458033,215.79438327458033,-0.05020759928149232,81876.63678513619,13976.910547831481,0.8541847335156026,4776,1555,62938.1705418138,0.0003196252687780543,0.03992311079142766,100.0319625268778,10001.912176548787,97.85218742429431,0
flashbots-c2,374,10000,190.6135992735242,-190.5659007102418,190.5659007102418,0.0476985632823812,71620.62963659501,12130.902902246733,0.8551560486774288,4464,1498,54628.72323144229,-0.0012899192988031416,0.03786741256270929,99.87100807011969,10019.923010530849,94.7746136680901,0
flashbots-c2,375,10000,1126.6310608537103,-1126.1889409689104,1126.1889409689104,0.44211988479992215,250226.53958287716,24607.14718026957,0.910465316424343,11255,3649,186062.81907048658,-0.005626669630621279,0.12769536474178195,99.43733303693787,10086.889266163345,155.8141834348393,0
flashbots-c2,376,10000,412.7923630971228,-412.3840718399751,412.3840718399751,0.40829125714770953,169541.35268931274,29012.86819109352,0.8538793682529235,7830,2241,121754.91936392924,-0.0007928717416731956,0.08328839925418237,99.92071282583268,9993.713510639302,217.7149092138442,0
flashbots-c2,377,10000,413.81073494228156,-413.69092182442853,413.69092182442853,0.1198131178530275,165965.3230770781,26026.20137270846,0.8644408837978921,9811,3049,118934.19480523799,-0.0030503600799424648,0.06904139364522421,99.69496399200575,10018.631222952426,67.52459434563514,0
flashbots-c2,378,10000,495.9772239709325,-495.9014504469061,495.9014504469061,0.075773524026431,164592.26628461952,36668.89291242333,0.8178044235722453,8102,2772,122894.32557679588,0.0003552779369843506,0.06096114285181273,100.03552779369844,10012.062086946155,104.99722800548626,0
flashbots-c2,379,10000,363.0173796679224,-362.92855120604133,362.92855120604133,0.08882846188106441,128223.33619135032,20180.431824996154,0.8640167153789969,7332,2432,95675.58724656534,-0.0045303610441698085,0.037416154029609315,99.54696389558302,10066.144736218057,107.09477794308499,0
flashbots-c2,380,10000,240.19480482508405,-239.95999655014435,239.95999655014435,0.23480827493969514,88683.00566588115,22741.43645393273,0.795902622249802,6497,1955,63995.58181817019,-0.004598265714761424,0.05089156127813666,99.54017342852386,10014.736833764686,37.25852570816146,0
flashbots-c2,381,10000,325.63548007746664,-325.6277299892263,325.6277299892263,0.007750088240356945,104188.798290688,6350.058603148757,0.9425536071062554,6438,1933,78258.17411342027,-0.0005729843615314679,0.10041453955498156,99.94270156384685,10000.802680790257,100.82310097088454,0
flashbots-c2,382,10000,144.4211827989371,-144.456778207466,144.456778207466,-0.035595408528877215,57732.85373137476,11995.89187490948,0.8279634636962642,5457,1449,40590.61571785651,0.0007427254544400342,0.04028786996369476,100.074272545444,10006.111571874753,66.42757372228675,0
flashbots-c2,383,10000,340.7419283151157,-340.70789120657855,340.70789120657855,0.034037108537120275,96227.74449308829,23868.553118388405,0.8012548796832563,4468,1918,77662.68583120199,-0.0000021468431887683435,0.06790520900135448,99.99978531568112,9999.76366613555,73.20381602030669,0
flashbots-c2,384,10000,324.0552369091435,-324.20534553089385,324.20534553089385,-0.15010862175034845,113030.74161153463,19408.746066096042,0.8534519696018559,5967,2163,87116.10210397706,-0.00005887913161629399,0.059339146935311365,99.99411208683837,10015.421598383724,84.48340316634926,0
flashbots-c2,385,10000,148.71077124134732,-148.86405591609082,148.86405591609082,-0.15328467474350305,55596.453006702985,9274.148203128598,0.8570361915849943,4294,1060,40219.876855562994,-0.0003380538169834324,0.09107316770637539,99.96619461830166,9994.307119284329,104.61406622725117,0
flashbots-c2,386,10000,262.16274659162093,-262.1476484902446,262.1476484902446,0.01509810137633849,135645.65708776808,31779.449870465098,0.8101870714146059,9159,2674,94468.79069613788,-0.0015827574498403863,0.028176816126756137,99.84172425501596,10017.713625907534,93.76261887180742,0
flashbots-c2,387,10000,364.2544742525847,-363.90960502179,363.90960502179,0.3448692307946999,168269.74950093284,27031.968850009718,0.8615886789002271,11151,2725,114675.32443290934,-0.0006949488676718829,0.06175202903940687,99.93050511323281,10024.669688075606,150.68622293412932,0
flashbots-c2,388,10000,547.5998320927915,-547.7424202070296,547.7424202070296,-0.14258811423803763,203940.7531662425,32014.372069919187,0.8643200818889745,9950,3046,148611.67472312128,-0.0008926034651247505,0.04858248436656268,99.91073965348752,10014.78482219358,102.91410981530791,0
flashbots-c2,389,10000,690.2773233627863,-690.0694278961122,690.0694278961122,0.20789546667413106,114096.10387321803,21447.37727232378,0.841767548752165,4999,2252,92955.01331363781,-0.00046524168948423037,0.14400572119516597,99.95347583105158,10003.418898717113,50.707941737509806,0
flashbots-c2,390,10000,341.0753863545583,-341.0480781011121,341.0480781011121,0.027308253446221897,152627.52233550014,21810.63355486139,0.8749663831084646,10116,2925,107093.93320115904,0.002077655666476943,0.056674931823830405,100.2077655666477,9982.219976629509,84.43827250739176,0
flashbots-c2,391,10000,308.95828173661494,-309.0754029157234,309.0754029157234,-0.11712117910843745,143235.24024349314,29578.522492099022,0.8288416268248574,8858,2558,101248.37637109647,0.0002589290928882804,0.05153884961939454,100.02589290928883,10003.976757291997,148.86748956424333,0
flashbots-c2,392,10000,252.47720250063043,-252.4088381411739,252.4088381411739,0.06836435945652397,83165.61117637136,10362.923216121606,0.8892004105117958,5061,1672,64579.045411389394,-0.0009300399238379953,0.04470363413721756,99.9069960076162,10011.608339498995,111.24275701570009,0
flashbots-c2,393,10000,712.8519391833426,-712.4494075643653,712.4494075643653,0.40253161897726386,189308.86208969628,54556.83685746241,0.7762832694675773,10557,3526,136272.51757175237,0.00016988605532617385,0.12382035508818802,100.01698860553262,10001.626988989361,59.912073026557394,0
flashbots-c2,394,10000,755.6822129310218,-755.5991666609992,755.5991666609992,0.08304627002257803,205807.05679437454,44467.01365611492,0.8223267253532298,9675,3447,152769.85090868632,0.003064641277702407,0.11674918838920732,100.30646412777024,9964.436004139166,88.08142200921634,0
flashbots-c2,395,10000,218.89567294529365,-218.93894282473508,218.93894282473508,-0.04326987944142502,73121.4558955391,10443.348653698604,0.875026948126885,4546,1569,56640.430359760234,-0.0005216465055734432,0.04742846570961774,99.94783534944266,10000.198769097093,155.1184015835788,0
flashbots-c2,396,10000,450.29117228842694,-450.2887303041032,450.2887303041032,0.002441984323752422,146956.42879250748,33974.02180941043,0.8122260697611379,6643,2598,113635.3052755306,0.000008269734719164035,0.05793703567892578,100.00082697347192,9999.525315588364,103.43715369072217,0
flashbots-c2,397,10000,350.2385370263491,-350.2403885896433,350.2403885896433,-0.001851563294223979,132963.66151727468,34473.789289279164,0.7941094472997686,7848,2533,98072.0212845209,0.000520719904225615,0.048682272905346054,100.05207199042256,9987.87534190654,79.41108286165839,0
flashbots-c2,398,10000,183.55748608587763,-183.50340594534308,183.50340594534308,0.0540801405345519,105378.70157735363,12261.605861189133,0.8957703687777695,5481,1612,78207.41167108584,-0.00011836061756085315,0.02193090774906622,99.98816393824391,10021.2360607597,198.38121121080906,0
flashbots-c2,399,10000,123.77771515188364,-123.77046936639047,123.77046936639047,0.007245785493168455,73555.90292139757,10355.10518337524,0.8765941988154203,6628,1632,51039.98308339843,-0.0013044646110027714,0.04448261854073422,99.86955353889972,10012.259352420071,95.64050066528185,0
flashbots-c2,400,10000,548.8343990982435,-548.7604018519008,548.7604018519008,0.07399724634262839,166335.10830504505,20737.777262147487,0.8891460021089004,7314,2711,128593.76603770252,0.0000014367417148264395,0.07089503715336008,100.00014367417148,9995.72960101047,104.7825873962232,0
flashbots-c2,401,10000,123.09077581896403,-123.09230874746001,123.09230874746001,-0.0015329284959761935,55899.26305810342,10220.480146226744,0.8454246848079499,4001,1217,41707.89898997359,0.00019835585292810265,0.02435326664882652,100.01983558529281,10002.015193872596,82.87062419917793,0
flashbots-c2,402,10000,728.6587047348795,-728.619411383953,728.619411383953,0.03929335092652764,224899.21450375445,27400.131809876068,0.8913983242120046,10220,3598,169063.6102693202,0.0031478437982977426,0.06346691959079521,100.31478437982977,9968.880669025739,99.80422989275071,0
flashbots-c2,403,10000,422.1012447930153,-422.13364798111587,422.13364798111587,-0.03240318810054532,163671.1716420862,26227.270308519175,0.8618879120907103,9683,3017,118375.38421300618,0.0011254290572568948,0.04757698426094166,100.11254290572569,10002.870176298578,79.5186281759675,0
flashbots-c2,404,10000,317.82444647675067,-317.88214947522687,317.88214947522687,-0.05770299847620208,124752.15160444,32924.23924972962,0.7911910649947569,5812,2207,96266.03347864177,-0.0002542525604708601,0.03756965306509571,99.97457474395291,10012.309572739661,120.4283501745212,0
flashbots-c2,405,10000,87.85704876138595,-87.83912943846872,87.83912943846872,0.01791932291723697,44853.35163425461,12332.732429664939,0.7843403227981117,4106,962,30519.604141282678,-0.0000006893750315839498,0.03371383356885645,99.99993106249684,10003.41520674353,70.0721854917118,0
flashbots-c2,406,10000,304.0243822975268,-303.9792696165071,303.9792696165071,0.04511268101970245,127410.69101768377,15207.203917712575,0.8933709972047953,9297,2402,88487.8510769898,-0.0006590403092432951,0.06496039463203644,99.93409596907567,10009.623892663956,115.35967467289188,0
flashbots-c2,407,10000,205.62029142088792,-205.52438458447247,205.52438458447247,0.09590683641545183,74529.63599465463,9733.009914014021,0.8844919975030985,5092,1477,55710.7643942072,0.0016760421010549465,0.057740282826129315,100.1676042101055,9967.308196512353,104.9332958814478,0
flashbots-c2,408,10000,492.32908691889753,-492.28903864861064,492.28903864861064,0.04004827028688851,115597.75463368485,29423.991719537982,0.7971063481205688,7579,2551,85321.8834685445,-0.0000028390247715037733,0.12338790132861305,99.99971609752285,10007.082396522808,70.17455432988118,0
flashbots-c2,409,10000,274.49369519735654,-274.5063757112164,274.5063757112164,-0.012680513859834264,131298.56140104,38899.25762089528,0.7714467914780865,5859,1962,99016.61360555762,-0.0010034046886238457,0.04260111318138954,99.89965953113762,10030.094410385429,119.38920600185742,0
flashbots-c2,410,10000,422.39269595084136,-422.8739100524753,422.8739100524753,-0.4812141016339524,101853.19140718927,34757.74707625792,0.7455712737053671,4667,2023,82192.7739975822,-0.001984477031483465,0.12630629053330553,99.80155229685165,10018.117816846005,38.63694140995803,0
flashbots-c2,411,10000,302.32668369832953,-302.27906575676775,302.27906575676775,0.04761794156178212,108611.37368298526,21511.47431800451,0.8346833423301581,5781,1857,81450.74754684536,0.0000035158274094726495,0.06941173799387045,100.00035158274095,9999.468009307426,115.05567820961065,0
flashbots-c2,412,10000,172.00204076846575,-172.00573979679584,172.00573979679584,-0.0036990283300895044,109440.21638734607,13256.35801317032,0.8919582060221355,9103,1861,71242.5316684457,0.00076649616833393,0.03155068102157301,100.0766496168334,10005.978619600115,149.97496318984773,0
flashbots-c2,413,10000,373.33640737510734,-373.22943257401045,373.22943257401045,0.1069748010968965,139888.69835007284,34271.95875219841,0.8032164133827705,8307,2713,102095.26508879954,-0.0014030526911828645,0.06350685220903358,99.85969473088171,10021.09014086213,111.05521381129603,0
flashbots-c2,414,10000,662.1751440059268,-660.9222681200221,660.9222681200221,1.2528758859047002,219114.60379907812,48887.642751146486,0.8175849516918704,11477,3636,156167.16020095226,-0.01869602829908075,0.07733035888753392,98.13039717009192,10127.596165384437,70.54611788601315,0
flashbots-c2,415,10000,327.1589318620586,-327.14771516842734,327.14771516842734,0.01121669363124056,120595.91608329573,20816.944527412412,0.852793130430203,5758,2254,94199.44540123163,0.0011400831660168364,0.04245217538048294,100.11400831660168,9989.689197125048,101.89334590755318,0
flashbots-c2,416,10000,190.69373521302924,-190.65636905179122,190.65636905179122,0.03736616123802605,86014.09483581864,6041.813978815179,0.9343679937918908,6253,1660,62201.50124480584,-0.0010039132699390051,0.03143053734927321,99.8996086730061,10011.342052174248,111.54540870840175,0
flashbots-c2,417,10000,333.353653249804,-333.4008730662644,333.4008730662644,-0.0472198164604265,127806.32736270776,31254.384760889858,0.8035065708960001,7159,2398,95593.96818645665,-0.0000011478689425814536,0.07062499502235241,99.99988521310574,9995.896245910284,107.07520351566187,0
flashbots-c2,418,10000,241.44275769710487,-241.52447089316297,241.52447089316297,-0.08171319605810368,97308.85560156005,3835.5323954254645,0.96207864349785,5430,1638,73190.96859905486,0.0005650232267319665,0.04352020860867953,100.0565023226732,10001.132493172918,154.00157860553227,0
flashbots-c2,419,10000,240.64292774651588,-240.59136100275845,240.59136100275845,0.05156674375743364,107541.99076993101,16733.066270646414,0.8653545878865873,7682,2087,76795.76121658932,0.000908097661728533,0.07531667521061707,100.09080976617285,9990.22264936694,103.70456875739303,0
flashbots-c2,420,10000,397.1580613328662,-397.155084274278,397.155084274278,0.0029770585882147316,119107.69578800189,38593.92149913651,0.7552725066296191,9894,2808,81945.30794614188,-0.0036496095881420844,0.06779722176204374,99.63503904118579,10007.844002432948,65.58705845503661,0
flashbots-c2,421,10000,155.60502814399328,-155.61197210523304,155.61197210523304,-0.006943961239755936,65151.43785215044,10647.68291344665,0.8595276197678626,4074,1301,49278.21458580958,0.0021480116520032765,0.028611593074465418,100.21480116520033,9982.863791027834,113.96973346125885,0
flashbots-c2,422,10000,127.65351758343036,-127.63727188595185,127.63727188595185,0.016245697478510124,63446.84974569337,15332.23282472971,0.8053768548139191,4721,1262,44911.37652373253,-0.00009970854601334622,0.03260410521610595,99.99002914539867,9994.783152097389,143.2724004731088,0
flashbots-c2,423,10000,134.024695594997,-134.039031901452,134.039031901452,-0.014336306454993064,56775.69112822537,7761.006065044957,0.8797427447859193,4409,1116,40862.5995105182,-0.0003861601002188308,0.04730836146775246,99.96138398997812,10000.876716117893,129.30019002215653,0
flashbots-c2,424,10000,358.84143525150614,-359.0224477524961,359.0224477524961,-0.1810125009899366,108665.6427700967,15370.702766100372,0.8760790419964865,6658,2280,82610.12221470363,0.0015026000872614986,0.05374100871603773,100.15026000872615,9990.226500046601,64.94421331010906,0
flashbots-c2,425,10000,376.7419481359075,-375.73200353681176,375.73200353681176,1.0099445990957179,118712.0377352976,20484.173890615686,0.8528395733522802,5605,2012,91671.77177393247,0.010975219251021144,0.058053269074976585,101.09752192510211,9882.96177931109,118.38385301113112,0
flashbots-c2,426,10000,381.5189592981282,-381.4553941884846,381.4553941884846,0.06356510964360496,151610.88165360293,17636.046579313235,0.8957969473156839,9673,2861,109520.4359692584,-0.0024886208087892213,0.03942485466093871,99.75113791912108,10024.36615748408,95.29531009585322,0
flashbots-c2,427,10000,313.7329004149044,-313.79432829449115,313.79432829449115,-0.06142787958674489,110459.92765174172,23378.52259135367,0.8253228235317245,7400,2316,81113.8180096931,0.0005212331210044851,0.042679280671470254,100.05212331210045,10010.078841813758,76.86609659728674,0
flashbots-c2,428,10000,238.28289037648022,-238.19638862727476,238.19638862727476,0.0865017492054676,143763.56288170477,13002.567146361876,0.9170575484383396,10244,2355,96705.68501016978,-0.00048045032938830444,0.024947748530833563,99.95195496706117,10003.794008279332,194.90843545565022,0
flashbots-c2,429,10000,949.1433000804535,-948.9429736987693,948.9429736987693,0.2003263816842491,269610.8545853724,10923.378546205317,0.9610622260810432,10563,3632,202239.56147809638,0.0012621725240508396,0.07086088683665764,100.12621725240508,10003.916536039169,131.93445052589976,0
flashbots-c2,430,10000,309.0358925431404,-309.1711294646215,309.1711294646215,-0.13523692148112332,131815.4240707792,32606.327314034625,0.8016909135232202,8215,2395,94624.67494493758,0.0005459407045175624,0.04203712405252503,100.05459407045176,9997.563833786484,87.42609396551642,0
flashbots-c2,431,10000,459.92724312379596,-459.9241189685774,459.9241189685774,0.003124155218586111,179208.67703454767,10642.88127203847,0.9439410381090917,10572,3006,127644.31654450194,-0.0002603495511920073,0.05734988519366226,99.9739650448808,10002.316584316182,115.61020348028701,0
flashbots-c2,432,10000,472.3128684288333,-471.8742108666364,471.8742108666364,0.43865756219690866,95067.29090297144,26497.65902307858,0.7820287916936786,5707,2158,74243.85931720391,-0.0005773320865931453,0.17156395611198094,99.94226679134069,9993.305758852579,55.8637384565773,0
flashbots-c2,433,10000,709.1349270487252,-709.6917809563496,709.6917809563496,-0.5568539076243724,132834.6834317952,62550.67363365295,0.6798599722460247,7729,3136,101419.73717734971,-0.000008122448393095284,0.09899671920291794,99.99918775516069,10010.331655428929,29.59092273044651,0
flashbots-c2,434,10000,278.67049140921534,-278.6547138012815,278.6547138012815,0.015777607933841864,92772.35636747268,10572.702075561327,0.8976951367114545,6767,1955,68731.00965018303,-0.0011069905096769616,0.04656211890144817,99.8893009490323,10003.57998755025,75.05302836475634,0
flashbots-c2,435,10000,675.0191659219231,-675.0561608667858,675.0561608667858,-0.0369949448627267,237749.66740116148,29100.46311124206,0.8909482897558881,10883,3641,175517.7197824988,0.00039170474516353693,0.06768565242063232,100.03917047451635,10000.394134119635,133.83458281712393,0
flashbots-c2,436,10000,303.13308278439456,-303.1093632047749,303.1093632047749,0.023719579619637443,121338.59402718242,24247.148682867803,0.8334510767915054,8402,2439,85932.21875001879,-0.0044873908950323485,0.06830306927037355,99.55126091049677,10039.76243841386,92.19011207615675,0
flashbots-c2,437,10000,287.8259043977639,-287.8618244332596,287.8618244332596,-0.03592003549567835,99553.37485631717,21427.68904419793,0.8228839427150492,6255,2158,74366.95186873655,-0.00011059100335572225,0.058166767896923516,99.98894089966443,10000.801905752493,59.333780437215594,0
flashbots-c2,438,10000,146.80954147090952,-146.884043839484,146.884043839484,-0.07450236857448544,73687.11056036595,15235.574998434631,0.8286649250110645,5198,1429,52550.4336553005,-0.000391031180538306,0.05060928081975362,99.96089688194617,9997.14701300014,103.42552155893274,0
flashbots-c2,439,10000,686.5384083723205,-686.2032297749071,686.2032297749071,0.33517859741346,236458.5612902584,47190.52841838323,0.8336306015758543,10975,3497,169313.88372249392,-0.0000006091438343958089,0.07556037242615105,99.99993908561656,9980.289034201685,65.04314524380018,0
flashbots-c2,440,10000,181.67046920988994,-181.71531093184547,181.71531093184547,-0.04484172195552105,112353.63939436569,15275.492335469824,0.8803134352758516,10298,2044,71863.63048369245,-0.0015334412524420317,0.039061108686606755,99.8466558747558,10003.92889407551,114.23074103393479,0
flashbots-c2,441,10000,85.99040153596812,-85.98608796348663,85.98608796348663,0.004313572481493111,49649.10873378436,14325.560542386524,0.7760744884737923,4353,1149,34574.555560631256,0.00000022306960573814649,0.025648445111379915,100.00002230696057,9996.593893911253,67.50017776197232,0
flashbots-c2,442,10000,1228.5906050863045,-1229.8729161389817,1229.8729161389817,-1.282311052677187,219220.99016611703,51079.04247911668,0.8110283525338768,9963,3801,167383.8229630798,0.000008825521531434788,0.1303849812783949,100.00088255215314,10027.98225461433,49.24764939711783,0
flashbots-c2,443,10000,546.889728052933,-546.8468064911541,546.8468064911541,0.042921561778939576,184110.7946599688,40588.32019565432,0.8193659097334064,9280,3228,135673.96971719837,-0.0009201605072060204,0.07285416863552413,99.9079839492794,10008.984893717288,94.36663547381654,0
flashbots-c2,444,10000,638.1611784394404,-638.2524614580497,638.2524614580497,-0.09128301860926058,196201.66898900628,38031.93852734534,0.837632443394399,11271,3382,139851.56995570473,-0.003747504935321473,0.08306926445155895,99.62524950646785,10014.426525074927,83.27319595062855,0
flashbots-c2,445,10000,119.87221356171698,-119.85671967139291,119.85671967139291,0.015493890324066228,72168.76543927725,9612.308270719534,0.8824629240647334,6064,1538,49755.4274994727,-0.0005025593226994829,0.024194718944030313,99.94974406773005,10007.174742324607,109.9092269867585,0
flashbots-c2,446,10000,228.1650796162061,-228.0145033600888,228.0145033600888,0.15057625611729009,101282.16400874806,25031.27180332201,0.8018320723967662,4669,1650,77634.3787933768,-0.0000012150278766398514,0.03646645170558216,99.99987849721234,10017.195269588374,119.80019033788815,0
flashbots-c2,447,10000,241.03697488486398,-241.01473879137234,241.01473879137234,0.02223609349164235,112022.67173643314,25738.11351146483,0.8131680690905647,8257,2213,78183.63712128253,-0.0000007767380633083576,0.07177234586937288,99.99992232619367,9992.97916136653,97.24092416885661,0
flashbots-c2,448,10000,458.87600586420655,-458.63928874927024,458.63928874927024,0.23671711493631165,149468.5312758419,29695.97189908035,0.8342530391185383,9441,2892,106446.60470804118,0.0000017731047263680466,0.10448222896194323,100.00017731047264,10015.21142313732,78.63750169079104,0
flashbots-c2,449,10000,277.83552463432284,-277.7757647119959,277.7757647119959,0.05975992232691851,117805.79874742721,33247.210785169795,0.7798970646924112,10188,2620,79733.14366038094,-0.0006564246120478856,0.07377422016175955,99.93435753879521,9999.575582508935,55.34013984938232,0
flashbots-c2,450,10000,202.88781487378253,-202.8829000995092,202.8829000995092,0.0049147742733453015,125035.85722653026,25387.903918537944,0.8312241116345048,10957,2382,80587.1896798063,-0.00000039753202941028575,0.028136015169544493,99.99996024679706,10005.498942708675,100.43729998502583,0
flashbots-c2,451,10000,182.67472348728774,-182.68769463676935,182.68769463676935,-0.01297114948161493,87673.42523396078,20430.624577407536,0.8110096281031367,5187,1723,64890.2953814725,-0.0000010353603467194717,0.0369395584146325,99.99989646396533,10000.455371259764,115.67576703159847,0
flashbots-c2,452,10000,317.12666558665353,-317.01916981267453,317.01916981267453,0.10749577397899657,117462.88035267607,28407.881102624993,0.8052530828028207,8178,2409,84619.32595396064,-0.000001548825834447598,0.07685257846150094,99.99984511741656,9988.56895296271,66.93526093106411,0
flashbots-c2,453,10000,687.397054071875,-687.1661313002662,687.1661313002662,0.23092277160878893,191779.225008809,47159.61847257554,0.802628916314104,10191,3400,140319.5115272418,-0.000002808533656235568,0.069872019058989,99.99971914663438,9991.297709265082,69.62910628954926,0
flashbots-c2,454,10000,134.04727599815794,-134.11561347442588,134.11561347442588,-0.06833747626794207,54468.87772655882,9695.741813687195,0.8488927093597785,5205,1399,38919.34691955152,-0.000002555889021209623,0.049415372801351366,99.99974441109788,10003.212674585428,48.609308582368236,0
flashbots-c2,455,10000,486.49208365304185,-487.3585636208081,487.3585636208081,-0.8664799677662813,121867.75410569654,40770.31700026001,0.7493187374701542,6821,2457,92020.18457015864,0.000001191112679350681,0.18381363997363395,100.00011911126794,9999.814228118616,68.55504131725361,0
flashbots-c2,456,10000,379.46004558738935,-379.46362182772793,379.46362182772793,-0.003576240338588832,116603.57972657064,14735.240777238678,0.8878074226590812,5208,2085,94407.79230615826,-0.000016920949024381572,0.05311826601464205,99.99830790509756,9999.98268158411,105.73620594054768,0
flashbots-c2,457,10000,717.2227160635101,-717.1519560457309,717.1519560457309,0.07076001777920737,248835.8303450105,51076.0007231209,0.82969661269709,11778,3917,178702.20152200558,-0.0000004643064627884996,0.050296291914014545,99.99995356935372,9999.719687462697,85.0943379522687,0
flashbots-c2,458,10000,261.27372351486923,-261.12905763635246,261.12905763635246,0.1446658785167756,128537.81820876275,31776.086320533595,0.8017883326225972,10481,2512,84500.27596566931,-0.007587614562705767,0.04736167128854262,99.24123854372942,10061.03630455813,58.4527547431518,0
flashbots-c2,459,10000,264.8881478566448,-264.91139238495794,264.91139238495794,-0.023244528313114188,73421.07317182701,25753.157439257047,0.7403241015274508,4260,1727,57540.36520342613,-0.0017253247153333007,0.07528675689392003,99.82746752846667,10013.931961810671,54.759180549935586,0
flashbots-c2,460,10000,323.0833878447517,-323.205300801928,323.205300801928,-0.12191295717627781,130601.97072723252,21046.706016070922,0.8612140477051654,8984,2483,93789.13792641902,0.0009188497524027639,0.06605677541074727,100.09188497524028,9999.493564924414,80.3890781604229,0
flashbots-c2,461,10000,159.64691578709082,-159.6506171678652,159.6506171678652,-0.0037013807743733196,84523.5822616073,8783.625831653713,0.9058633731396781,6690,1738,60786.724910970355,-0.0006247696402505199,0.029311285199900255,99.93752303597495,10006.453666939566,107.07658468719652,0
flashbots-c2,462,10000,790.2464183094562,-790.2188592316052,790.2188592316052,0.027559077851037728,244361.17354964485,34296.06870555356,0.8769238207197044,11516,3774,177402.66621804578,-0.000725046321182532,0.10301057236560425,99.92749536788175,10012.669981458273,104.15971191181474,0
flashbots-c2,463,10000,130.2418005419778,-130.24070231399418,130.24070231399418,0.0010982279836184716,75933.23051629562,6833.809749194457,0.9174331989246711,6518,1633,53019.664342649405,-0.0007056261975952793,0.028578917858545338,99.92943738024047,10007.538877896639,99.54678831296937,0
flashbots-c2,464,10000,213.66375050342438,-213.6891136898822,213.6891136898822,-0.02536318645780966,105996.08635356757,12822.351569813301,0.8920844963634206,8328,2159,73444.051796288,-0.00000004918424750144368,0.030682616299403945,99.99999508157525,10001.173496237961,95.88776045030315,0
flashbots-c2,465,10000,477.1958925184042,-476.95749934563594,476.95749934563594,0.23839317276826932,153606.94496524037,32250.896812816965,0.8264754583165264,6958,2573,118858.20862873943,0.000835872205192203,0.0968749489611531,100.08358722051922,9985.181343629325,97.65309966561432,0
flashbots-c2,466,10000,397.83060072087284,-397.84038817972674,397.84038817972674,-0.009787458853907083,107748.14579522614,24233.378434848906,0.816388099954018,5385,2099,85312.64616559907,-0.00000020522076852103055,0.07063788486775238,99.99997947792315,9992.033876318683,75.03875251009258,0
flashbots-c2,467,10000,165.01011521812637,-165.00544273868255,165.00544273868255,0.004672479443826205,71026.61754265444,8288.321606938105,0.8955011288440144,4261,1463,54046.22258578778,-0.0007891596669966816,0.03769375151860416,99.92108403330033,10008.43261868606,101.77994543370228,0
flashbots-c2,468,10000,403.62249636717513,-403.6394773926964,403.6394773926964,-0.016981025521261017,110173.59938507887,5170.544503513209,0.955172891061489,5536,1954,87423.76359060337,0.0011905093358207353,0.07228967805895764,100.11905093358207,9990.23718060015,103.89632848176089,0
flashbots-c2,469,10000,144.44351354422795,-144.54926084770597,144.54926084770597,-0.10574730347801164,67611.74012297823,15808.357876987124,0.810497011439693,5691,1459,47424.71340630384,0.0009454479614662148,0.06559403365465244,100.09454479614662,9991.177973999707,91.26349732777008,0
flashbots-c2,470,10000,178.0710050201047,-178.11060667518973,178.11060667518973,-0.039601655085022,88613.07859899628,11635.931719971644,0.8839297098001372,6709,1724,62045.86708195101,0.0002846614182938367,0.044516014659104715,100.02846614182938,9998.102301366209,132.9398925875566,0
flashbots-c2,471,10000,156.17641513101083,-156.1958557937027,156.1958557937027,-0.01944066269186351,67889.18700496244,19063.688324728617,0.7807583906518718,6169,1610,47352.842552256545,-0.0011988810489168599,0.02649992982033382,99.88011189510831,10012.876666854636,65.47061976477148,0
flashbots-c2,472,10000,736.3541533166914,-736.9533719904855,736.9533719904855,-0.5992186737940983,132932.77268373774,27037.977585511766,0.830981741724636,7358,2687,102573.81579402012,-0.0008445500987885169,0.17642014882678098,99.91554499012115,10052.555085004251,79.49324905523362,0
flashbots-c2,473,10000,563.697549972614,-563.4118797719153,563.4118797719153,0.28567020069863247,182696.24266209852,34225.91110712967,0.8422203057068077,10017,3281,134148.76421939593,0.009246746007000865,0.06318091471670115,100.92467460070009,9960.907217878072,57.854180223578204,0
flashbots-c2,474,10000,960.6675520325527,-960.7139220878329,960.7139220878329,-0.0463700552801356,273202.18408515863,27758.01182848582,0.9077684949525667,11102,3865,204937.71698837826,-0.004111298208776475,0.07823451833544028,99.58887017912235,10051.123873275197,116.09748451979789,0
flashbots-c2,475,10000,472.5593135763734,-471.52982661793766,471.52982661793766,1.0294869584357684,101350.45928223856,14741.421868636106,0.8730193556819195,7193,2322,76484.6337774628,0.000011324685540756719,0.1729847274760928,100.00113246855408,9992.66338996203,49.48173493297955,0
flashbots-c2,476,10000,419.6203669439823,-419.69089718757107,419.69089718757107,-0.07053024358879156,189154.54248393452,35217.55803096461,0.8430394957744489,11425,3200,131616.7581765345,0.0009147431309730792,0.03564656165124532,100.09147431309731,9990.778730632926,108.59601315210521,0
flashbots-c2,477,10000,256.252831186346,-256.23226739612033,256.23226739612033,0.020563790225651246,127050.14050073914,23218.638876857767,0.845485942103025,8544,2303,87548.32942703576,-0.00017295502724778088,0.043631045228535045,99.98270449727522,10003.178707484532,109.38881867964473,0
flashbots-c2,478,10000,233.20571833590648,-233.18811022331312,233.18811022331312,0.017608112593364922,66719.52638744705,26023.464725339963,0.7194023568455735,4262,1702,52697.12633221408,-0.0010621685577964968,0.06784638427699846,99.89378314422035,10007.823648077563,50.407565765424664,0
flashbots-c2,479,10000,361.22259633394094,-361.291992940758,361.291992940758,-0.06939660681706528,106238.98188993488,16004.443283920584,0.8690772672545869,8551,2300,75662.37101247523,0.0009593590418657527,0.13802465402012756,100.09593590418658,9982.099084726382,72.52114921339496,0
flashbots-c2,480,10000,425.4368555735829,-425.43533338832793,425.43533338832793,0.0015221852549416326,180079.05695104177,25128.156577848487,0.8775474012549233,10162,3152,129912.4373883628,-0.000010725501506669844,0.043544004777993306,99.99892744984933,10000.966388335164,101.69001240386267,0
flashbots-c2,481,10000,282.503998170277,-282.53125080381227,282.53125080381227,-0.02725263353528362,162890.82816035382,15527.305413042186,0.9129723806540397,11460,2674,109508.91514382497,-0.00038830314839671587,0.025008434522688246,99.96116968516033,10004.955729204252,146.35858597611372,0
flashbots-c2,482,10000,382.04904458474977,-382.0762998333128,382.0762998333128,-0.027255248563051282,161777.20204017143,30514.99472547653,0.841309240630986,8864,2617,116751.2806209198,0.0000004496041357526792,0.052821396121109816,100.00004496041358,10013.063771376363,159.33411335403972,0
flashbots-c2,483,10000,360.82220627809755,-359.68810721464513,359.68810721464513,1.1340990634524246,75872.30341111528,15622.913771563908,0.8292488476160319,3951,1421,59473.09142618525,0.0008936314080945351,0.15316834473584479,100.08936314080945,9987.184669183935,92.25154665532128,0
flashbots-c2,484,10000,255.61600384554197,-255.39252906300823,255.39252906300823,0.2234747825337422,121281.40311405242,36835.00162039478,0.7670387099791556,10940,2625,77873.3683917611,0.001075933878890538,0.062253448686218606,100.10759338788905,9995.876308816145,108.23916588867387,0
flashbots-c2,485,10000,307.3988444204212,-307.39577407482386,307.39577407482386,0.0030703455973366545,130308.23473315936,24319.819005686077,0.8427205256895988,7310,2262,95774.94292528114,-0.0018288206226593218,0.048430062951240985,99.81711793773407,10011.045040085466,119.5297720697439,0
flashbots-c2,486,10000,427.8082055810305,-427.82153923286194,427.82153923286194,-0.01333365183143087,99102.97273469546,8158.672205195946,0.9239367230498096,4589,1926,80882.46052056644,-0.0003382331332156241,0.06257833720303622,99.96617668667844,10004.664817649977,77.7629685280421,0
flashbots-c2,487,10000,258.64814669765246,-258.74466910744553,258.74466910744553,-0.09652240979306725,104165.1810084415,19953.501536792046,0.8392385326075288,4515,1638,83082.07447465711,-0.0005498388640015151,0.02741737560378738,99.94501611359985,10007.744159077301,172.84417558901163,0
flashbots-c2,488,10000,329.1047662154996,-329.0018619170849,329.0018619170849,0.1029042984146713,140355.77315899724,24514.988177509094,0.8513078487732991,7831,2418,103016.69903980299,-0.00007421654482783424,0.052325153541662534,99.99257834551722,9989.178128746064,122.67048292464139,0
flashbots-c2,489,10000,731.5373190867293,-731.54968199174,731.54968199174,-0.01236290501071835,184179.43267630498,10322.565266379786,0.9469282301695348,6819,2712,146579.3605183031,-0.0006100589771180864,0.09643648729595597,99.93899410228819,10004.537124665592,119.25194359041714,0
flashbots-c2,490,10000,377.2699956468288,-377.30867380621714,377.30867380621714,-0.03867815938832564,119102.64031405459,7934.364207221067,0.9375428896712356,6634,2149,91161.62708640978,-0.0015365507427335956,0.05201349355204855,99.84634492572664,10014.612267737079,97.31936629640732,0
flashbots-c2,491,10000,705.9073477254574,-705.9031413253606,705.9031413253606,0.004206400096791185,217169.27112446429,60518.53142038342,0.7820626946312867,11002,3734,156879.638457133,-0.0009248224907287294,0.08323145398690074,99.90751775092713,10002.49439555531,79.77451593859573,0
flashbots-c2,492,10000,330.95139058686493,-331.0059324997396,331.0059324997396,-0.054541912874640275,112883.94076068354,7341.1135065267845,0.9389385719035689,5950,2001,87664.07864110578,0.000002441852406320777,0.0342133710020164,100.00024418524063,10008.322262955167,121.66367939265241,0
flashbots-c2,493,10000,617.2898219640841,-617.3909072543397,617.3909072543397,-0.10108529025558255,144105.25367695643,30246.95923188278,0.826518065201171,10045,3211,104100.45915564089,0.008875333331669281,0.1561418571676393,100.88753333316693,9965.675176526105,40.56523644849904,0
flashbots-c2,494,10000,193.82946520410502,-193.72551371108284,193.72551371108284,0.10395149302217987,86117.12636437539,12365.742960201716,0.8744376250914557,7801,1836,57701.66831501297,-0.0010664309405018458,0.0926924118060657,99.89335690594982,10014.129550838541,62.51250639959682,0
flashbots-c2,495,10000,467.1107870323365,-467.28861018274927,467.28861018274927,-0.17782315041279162,133077.82944111302,20354.519334680208,0.867338801125806,8011,2536,98454.67401101087,0.000012714300527107981,0.10721489949528205,100.00127143005271,9993.001695487652,93.3622555485158,0
flashbots-c2,496,10000,316.8153151132283,-316.84560095562034,316.84560095562034,-0.030285842392061113,110139.62389754929,40050.68354914654,0.7333337668054181,7108,2467,82288.33346163406,0.0007764911837485045,0.044162425495777737,100.07764911837485,9999.127992146574,63.81967609577817,0
flashbots-c2,497,10000,319.3065153706326,-317.83123095560245,317.83123095560245,1.4752844150301598,126198.49721289786,16425.317304721884,0.8848346795359853,7727,2201,90676.29335082114,-0.012123042571110432,0.06487577479343813,98.78769574288896,10167.974052243511,142.06103934942544,0
flashbots-c2,498,10000,184.74104777591523,-184.72872033977058,184.72872033977058,0.012327436144659032,116808.54763700473,15496.083509659138,0.8828757287227441,10584,2336,76537.02904846788,-0.0014279398816387356,0.019972922589765005,99.85720601183613,10015.829873114355,95.30359048196318,0
flashbots-c2,499,10000,137.80664522309263,-137.80092371231592,137.80092371231592,0.005721510776709238,76774.51418821808,9437.88890910857,0.8905274813131705,6375,1684,53632.12824308171,0.0001398343603634089,0.02577713089803737,100.01398343603634,9997.154136481187,87.47165406845828,0
flashbots-c2,500,10000,560.153960314637,-560.1113734588511,560.1113734588511,0.042586855785884836,171977.4301425575,29422.296389179686,0.8539109417085369,7303,2849,133369.4173606788,0.003971957129078873,0.056480137589433356,100.39719571290789,9962.08402000709,108.87813137566569,0
flashbots-c2,501,10000,524.3283660709076,-524.4004461077777,524.4004461077777,-0.07208003687014752,129239.19466648424,24470.512692930868,0.8408004730910577,5367,2215,104102.87537883443,0.0013452845365699772,0.11388386581252063,100.134528453657,9978.399535062686,99.87699805983084,0
flashbots-c2,502,10000,492.29481178704674,-492.3506696421654,492.3506696421654,-0.05585785511868835,147786.04060067807,41691.883971229,0.7799644255898165,8672,2957,108306.1658034962,-0.00012719987524107524,0.0689660150840733,99.98728001247589,9998.598171601368,75.81893143355069,0
flashbots-c2,503,10000,219.37365318044127,-219.3600745762658,219.3600745762658,0.013578604175478404,109446.46270700605,15056.714416787689,0.8790656209373937,8290,2147,76590.95326671728,-0.0000003579014598642516,0.02173876453006869,99.99996420985401,9998.304834306326,97.94582952960913,0
flashbots-c2,504,10000,677.1886914636335,-677.1159873022266,677.1159873022266,0.07270416140693214,232548.2604528039,81894.33180752405,0.7395571279996207,11081,3703,162846.79766917662,-0.0000008749526656970374,0.056091869234339384,99.99991250473343,9993.141191398436,67.85407064680061,0
flashbots-c2,505,10000,78.17088682317738,-78.2151971435031,78.2151971435031,-0.04431032032572091,47514.739363906585,11373.759932682837,0.8068594026246215,4213,1022,32540.29376662462,-0.000002999867545838697,0.03125464665060718,99.99970001324542,10003.991331766483,80.97984172022159,0
flashbots-c2,506,10000,190.6756309743308,-190.61299924977016,190.61299924977016,0.06263172456064581,128056.14768893144,19718.447735057736,0.8665640215188387,9881,2075,81875.80049248131,0.00034840175650131756,0.026121163149731643,100.03484017565013,9991.498432835253,125.3239000523486,0
flashbots-c2,507,10000,212.87421080861873,-212.9274495116137,212.9274495116137,-0.053238702994974574,87711.03080476938,11648.061473492642,0.8827680365590355,5637,1735,65656.31407917087,-0.0007471355707285454,0.03176299282998102,99.92528644292715,10014.433179995494,116.76323549341127,0
flashbots-c2,508,10000,626.8260698546384,-626.8752347779862,626.8752347779862,-0.04916492334780287,197116.38926810672,11751.908177661659,0.9437353187564859,10481,3325,144801.00137773552,0.0000025459836189156705,0.08303811342978108,100.00025459836189,10001.43357843979,95.07703668238047,0
flashbots-c2,509,10000,529.8661573437922,-529.8374402308364,529.8374402308364,0.028717112955860102,196535.5035263135,68486.0872060097,0.7415829894584629,10882,3480,136503.24200272074,0.0000016582850331303688,0.06533605372402661,100.00016582850331,9999.104171846848,93.67146644680534,0
flashbots-c2,510,10000,531.5044979460166,-531.3802956656556,531.3802956656556,0.12420228036103254,156237.17847379926,35951.95804663845,0.8129344941262313,7490,2771,119776.5724941919,0.0021994751894860087,0.09212467496858637,100.2199475189486,9977.414035918207,87.51734843932982,0
flashbots-c2,511,10000,423.9520781547562,-423.9487331590116,423.9487331590116,0.00334499574455549,183268.725475165,39228.906660023415,0.8236884308225441,11000,3222,127868.8132613124,0.001543402967390648,0.04995449987288694,100.15434029673906,9981.919667911765,103.86260754960776,0
flashbots-c2,512,10000,269.9199338468575,-269.88916145967346,269.88916145967346,0.030772387184015315,134017.05196572712,18219.42931522325,0.8803215289665062,10630,2510,90628.52627046048,0.0000011799556007474621,0.044127365202938904,100.00011799556007,9998.790650207831,90.71353089466925,0
flashbots-c2,513,10000,780.1966771766449,-780.103414438213,780.103414438213,0.09326273843191757,200912.94842079515,67268.41688968978,0.749168191414753,9855,3727,149287.71171015542,0.0015060066094095249,0.07473090152087025,100.15060066094095,9972.593584347751,46.23435740383001,0
flashbots-c2,514,10000,226.54746584464124,-226.21057120189047,226.21057120189047,0.33689464275076375,123818.77385365854,27463.467686533404,0.8184620520761056,9554,2038,80084.58984132994,0.000476597420800573,0.07463570503721755,100.04765974208006,9991.519217043773,201.20910727615166,0
flashbots-c2,515,10000,323.59906873734866,-323.5981890979413,323.5981890979413,0.000879639407344257,131440.04872526997,17694.794748470224,0.8813503649696328,8563,2607,94836.81696564019,-0.00047192215350989387,0.07324324842753172,99.95280778464901,10003.84458714252,85.3506831389895,0
flashbots-c2,516,10000,552.3427904367006,-552.6374716862329,552.6374716862329,-0.29468124953223196,129760.09722257873,24247.785145539223,0.8425549084066953,6790,2608,100777.01531267203,-0.0000061760591836446114,0.09775467768026416,99.99938239408164,10003.711449694078,36.74187400178701,0
flashbots-c2,517,10000,986.4234468308634,-986.3577383099107,986.3577383099107,0.06570852095273949,190962.26539036183,51358.21338128485,0.7880566527367965,10011,3695,142298.80439301272,-0.0000011189758509999593,0.1320036715650268,99.9998881024149,9999.008977360169,33.76847659356618,0
flashbots-c2,518,10000,427.1556903018745,-427.1894454541743,427.1894454541743,-0.03375515229981829,94529.91377278186,23437.43897911199,0.8013226673959103,4208,1854,76934.96599226916,0.0000010178472071231682,0.06218860355290985,100.00010178472071,9988.715647030876,72.43327741346008,0
flashbots-c2,519,10000,1069.779676727499,-1069.6597861195755,1069.6597861195755,0.11989060792348027,275934.3989379735,38175.96733715135,0.8784632045422099,11555,3951,204613.6912538523,0.004658664922086473,0.08810938609806712,100.46586649220865,9948.480915861279,105.0759677992,0
flashbots-c2,520,10000,401.03987647601264,-400.93781272147373,400.93781272147373,0.1020637545389036,176943.72757116437,40721.442156915065,0.8129170495776299,9779,2589,122103.2602508407,-0.0028107906863104404,0.06095471838229614,99.71892093136896,10031.233670401245,138.28744481730243,0
flashbots-c2,521,10000,74.10510201230693,-74.17584721727435,74.17584721727435,-0.07074520496742309,55478.36405020943,8667.635599218762,0.8648764436350003,4830,1018,36348.76932797904,-0.0008763034711824957,0.02398637779279099,99.91236965288175,10017.039867175736,111.02052442371586,0
flashbots-c2,522,10000,205.6577904995813,-205.66098484283432,205.66098484283432,-0.0031943432530283644,94992.08361877737,10619.660180982459,0.8994462187735734,6750,1860,68008.27612730612,0.0012411712553470977,0.05393675246759869,100.12411712553471,9986.416010135723,94.86528978636358,0
flashbots-c2,523,10000,211.73554287928425,-211.78035674846117,211.78035674846117,-0.04481386917692021,99683.88293921467,7082.998021575807,0.9336592213068676,7481,1858,70230.9926567339,0.000007180108790549866,0.031849185454397,100.00071801087905,10003.411142375633,112.16467383836296,0
flashbots-c2,524,10000,301.3067791922455,-301.481554440058,301.481554440058,-0.1747752478125335,76601.56396168789,37685.63537199189,0.6702549752578796,4564,1750,59453.18371787346,0.0005115796258480998,0.06521652294640745,100.05115796258481,10012.199773834704,60.93384366556086,0
flashbots-c2,525,10000,285.4637263600434,-285.5691202674402,285.5691202674402,-0.10539390739683085,94663.9847924754,17502.891741358962,0.8439566805974191,5788,1862,71293.09035720483,-0.000003218874641959246,0.053545105256933706,99.9996781125358,10014.257188596763,103.88130537616819,0
flashbots-c2,526,10000,174.8428333452771,-174.83596588999097,174.83596588999097,0.0068674552861409666,108749.88886042095,29657.936463450882,0.7857206672090119,10522,2172,68953.01468083668,-0.0004882305902080475,0.044205306936518696,99.9511769409792,9993.725650762963,104.74560557098565,0
flashbots-c2,527,10000,185.54404938093168,-185.48878739162632,185.48878739162632,0.05526198930536452,85503.06331149455,16233.883302769033,0.8404327646639532,6547,1801,61116.29965454302,-0.0012434883026101317,0.031335430592458094,99.87565116973899,10017.00040519312,81.35558103079696,0
flashbots-c2,528,10000,323.47327230175597,-323.34270109384306,323.34270109384306,0.130571207912908,134811.4592882432,22758.951460708493,0.8555632916577905,9417,2575,94659.19556482046,0.003572804451472109,0.045240698328351814,100.35728044514721,9962.728441383973,89.07469559322297,0
flashbots-c2,529,10000,205.32131074481242,-205.31399893985764,205.31399893985764,0.0073118049547815644,72093.65030529343,4681.437397123496,0.9390240045668339,4073,1439,56003.238118679335,0.0000006411304212861069,0.045940618535106094,100.00006411304213,10001.69230043526,100.28336618752037,0
flashbots-c2,530,10000,456.1014308852926,-456.4342322343388,456.4342322343388,-0.3328013490462354,119422.20858422629,30903.294071128268,0.794424142775168,5314,2217,96452.5254099537,0.0002716442366036631,0.04799127492908539,100.02716442366037,10018.286899953764,101.69769729782128,0
flashbots-c2,531,10000,665.6657895988848,-665.7054897678463,665.7054897678463,-0.039700168961530835,213571.01594600573,19731.28319427178,0.9154261090997309,10683,3372,154900.6573319231,-0.0000013091160583655893,0.10977875187828147,99.99986908839416,10007.348005957383,110.13111417837389,0
flashbots-c2,532,10000,293.31769689100685,-293.29654785914795,293.29654785914795,0.02114903185889716,140743.67875978316,30418.04544952134,0.8222847684548635,9263,2476,98913.7594190883,-0.0022410415148524975,0.03803136938611985,99.77589584851475,10027.943838492498,124.74795167451322,0
flashbots-c2,533,10000,195.67581788525416,-195.7721131370354,195.7721131370354,-0.09629525178124254,90435.0679443595,20324.982382183265,0.81649536703657,6611,1772,63729.10137013045,-0.0007993426569218798,0.06116936494115251,99.92006573430781,10020.125023853801,142.7729189741036,0
flashbots-c2,534,10000,456.4273578814474,-456.83388239306004,456.83388239306004,-0.4065245116126448,93070.4092451328,43760.412827841465,0.6801859978265477,6620,2468,69775.34193304011,-0.0008313071982017561,0.13855546379358613,99.91686928017982,9995.709568905058,33.98897758375087,0
flashbots-c2,535,10000,363.11320649828815,-362.8730607211502,362.8730607211502,0.24014577713796825,71773.75179247405,18236.036068291894,0.7973994106451978,5119,2077,56331.787027689934,-0.0000005696211093209058,0.07580439893078818,99.99994303788907,9996.902655787608,17.266303552170353,0
flashbots-c2,536,10000,389.388552962152,-389.4353505914875,389.4353505914875,-0.04679762933551501,129241.34826969456,6490.229112894409,0.9521833515969517,9450,2456,92401.45873534118,0.0006675831345853567,0.10627479852602349,100.06675831345854,9995.826676241144,85.9329445092417,0
flashbots-c2,537,10000,291.82584307632015,-291.82417629614224,291.82417629614224,0.0016667801779135516,114625.01998175657,14162.544882083243,0.8900317363942976,7646,2330,84360.40830485268,-0.000006998868685883508,0.034589875166866194,99.99930011313141,9996.950514121854,86.57890930611123,0
flashbots-c2,538,10000,281.4394963307483,-281.0619271561203,281.0619271561203,0.377569174627979,79713.38357190567,22900.343465817983,0.7768296296517991,3919,1548,63694.69629777705,0.0000004161189751528127,0.05411708690783783,100.00004161189752,10006.643893091288,64.3198757310599,0
flashbots-c2,539,10000,262.33279003830035,-262.3731421798742,262.3731421798742,-0.040352141573862355,90663.26766488218,21828.073629702598,0.8059577441383625,4927,1814,70418.87428774161,-0.0010928910992247154,0.038250743190421446,99.89071089007753,10016.1604877721,106.7799829552167,0
flashbots-c2,540,10000,609.9660417634336,-609.9707466985643,609.9707466985643,-0.0047049351306895915,202103.15164462943,35250.85108884376,0.851484067330319,9725,3321,148781.71141756818,0.0000011396991139633883,0.08880364959057829,100.0001139699114,10005.350540872869,90.5869240700577,0
flashbots-c2,541,10000,324.7879293664209,-324.79602596045015,324.79602596045015,-0.008096594029268545,80493.81056098496,23501.53098233039,0.774013617979785,3963,1692,65393.15134487458,0.0010957244590912296,0.06744930785790501,100.10957244590912,9999.903707717109,42.0996734967568,0
flashbots-c2,542,10000,322.2899002554054,-322.28763889417473,322.28763889417473,0.0022613612306940922,153454.19498661434,21048.860503744447,0.8793782696549551,10336,2760,108044.0389239964,0.0000028750668388966005,0.05048551339495489,100.00028750668389,9989.236023314039,99.12963906929552,0
flashbots-c2,543,10000,224.37654715226844,-224.31833252275823,224.31833252275823,0.05821462951021772,74964.31784886541,7974.299643805368,0.9038529953250058,4663,1513,57985.3751039025,0.0029607521169972982,0.05544710697951359,100.29607521169973,9973.689281394332,82.93519514019627,0
flashbots-c2,544,10000,519.3485882882198,-519.9214194152655,519.9214194152655,-0.5728311270456743,148568.20352713624,46468.49848863158,0.7617448510543682,7583,2649,111775.7430454714,-0.000005288329603985175,0.08968662361744265,99.9994711670396,10007.868630861714,83.85583403727492,0
flashbots-c2,545,10000,893.7154204289953,-893.7564738205476,893.7564738205476,-0.04105339155228194,241367.34037001492,12185.715258649512,0.9519401758798133,11670,3738,179510.54807960682,-0.00010863860325528662,0.05607711062407617,99.98913613967447,9999.469316245155,93.23300619833327,0
flashbots-c2,546,10000,457.9418957219306,-458.1171762894224,458.1171762894224,-0.17528056749176812,212540.66514378582,12179.674531170185,0.9458007470583778,11542,2969,148775.0847658089,-0.00046372437163611836,0.03904812611561681,99.95362756283639,10043.025421023349,305.13540527244663,0
flashbots-c2,547,10000,233.99628525801162,-233.97008460902518,233.97008460902518,0.02620064898644614,111075.8672536572,18782.88062229733,0.8553591426875656,7838,2218,78856.13307941711,0.00000020000826623345346,0.05727077632999794,100.00002000082662,9996.05477355685,98.21059136074548,0
flashbots-c2,548,10000,197.38993046013712,-197.38315616347649,197.38315616347649,0.006774296660637447,95264.955600063,15201.723752806396,0.8623863427246985,4943,1656,72037.34477037317,-0.0007941968083180484,0.028202475526125426,99.9205803191682,10015.864031104797,159.14265862726558,0
flashbots-c2,549,10000,106.19507846118037,-106.10640830201051,106.10640830201051,0.08867015916986531,60315.29737874901,11693.9119545351,0.8376053276684161,5472,1303,41587.80626516148,-0.003931796517018853,0.06069083552623951,99.60682034829811,10042.246601936526,101.7972663837582,0
flashbots-c2,550,10000,261.5831345898138,-261.4778174798082,261.4778174798082,0.10531711000561472,112835.23496825897,19257.005520891966,0.854215467543125,5459,1875,87699.06736790182,0.0028268913961318276,0.03379293720652896,100.28268913961318,9973.168521748714,130.97145669698696,0
flashbots-c2,551,10000,635.9365212553907,-636.3929130403405,636.3929130403405,-0.45639178494980115,139349.72326096965,22318.22970037039,0.8619501930249133,6899,2601,108252.79888579971,0.0015940780257459152,0.13238496598411273,100.15940780257459,9989.432933656784,68.6646416531645,0
flashbots-c2,552,10000,240.2052009862848,-240.1407645612898,240.1407645612898,0.06443642499499447,74188.76005940119,13480.125171594678,0.8462382048536795,5013,1725,57199.00601730248,-0.0047197013128267426,0.04671089000924369,99.52802986871733,10031.228615427735,55.18647110103805,0
flashbots-c2,553,10000,287.2910704619168,-287.3125592941992,287.3125592941992,-0.021488832282443582,148696.8000373308,32912.20458007253,0.8187743793353813,9237,2698,104322.81804103639,0.0005375971958403625,0.031040537731779238,100.05375971958404,9995.42458122904,101.98080623911477,0
flashbots-c2,554,10000,367.242919733377,-367.14470266511375,367.14470266511375,0.09821706826323862,114220.59845113216,44280.98278230817,0.7206275013932425,6445,2491,87437.295017422,-0.002414071118778054,0.05842872929274833,99.7585928881222,10010.811447796144,39.7306217339827,0
flashbots-c2,555,10000,332.6863187352773,-333.77343409907576,333.77343409907576,-1.087115363798432,98509.14825328578,23376.426322318606,0.8082100658448433,6369,1961,72705.2786439733,0.0012826864061075583,0.13368903411499106,100.12826864061076,9976.287994872158,99.0478883338801,0
flashbots-c2,556,10000,189.38632262278455,-189.4115706375582,189.4115706375582,-0.025248014773666227,131173.66835791682,15658.835301198149,0.8933557971772275,9627,2093,86097.10194783946,0.00022281264047151693,0.021300475759909433,100.02228126404715,9992.168938889912,202.7625046711033,0
flashbots-c2,557,10000,344.0145728715229,-344.14899474117124,344.14899474117124,-0.13442186964834946,154332.74101439508,35578.69634919436,0.8126563789779644,11328,2856,104272.16313001662,-0.0006627093178101973,0.037063066736394173,99.93372906821898,10015.383622489719,106.7344285451224,0
flashbots-c2,558,10000,323.03340680045426,-323.04018068038437,323.04018068038437,-0.006773879930108251,133074.91286341372,13538.84716698304,0.907656367559388,8536,2345,95956.53742668785,0.00028394874764146036,0.04980116452996313,100.02839487476415,9987.173932640258,116.09850474915106,0
flashbots-c2,559,10000,1055.619822435867,-1054.9576440831174,1054.9576440831174,0.6621783527496063,225001.55136499723,51866.313642801324,0.8126676288657032,10850,4001,167430.41615404136,-0.00017427511769582793,0.08642779584995282,99.98257248823042,9987.828925229458,69.45967769035484,0
flashbots-c2,560,10000,272.79932922301856,-271.6962734355288,271.6962734355288,1.1030557874897795,93679.48653746264,21755.66994367669,0.8115334131570974,5106,1867,72086.92882990252,-0.015796121926531584,0.06318751351865487,98.42038780734684,10136.059876372803,85.91916807170469,0
flashbots-c2,561,10000,308.54079077792136,-308.55480427699007,308.55480427699007,-0.014013499068710189,102980.68119759274,6303.193216645214,0.9423227511796195,7123,2088,76021.44649478902,0.000010171528222144844,0.07203275532177614,100.00101715282221,10007.06628264424,72.1248658647297,0
flashbots-c2,562,10000,456.864418940893,-456.86438476984773,456.86438476984773,0.00003417104528580239,144016.4480734429,3560.2024546724633,0.975875570817389,7755,2492,110732.07655374348,0.000590511315283635,0.04991773745264652,100.05905113152836,9994.288933587208,99.63677897888302,0
flashbots-c2,563,10000,533.5266248507727,-533.4060293684049,533.4060293684049,0.12059548236777573,164928.334747969,15747.573626517573,0.9128407668283166,7796,2803,127757.64737258152,-0.004784141284999635,0.07093508248757247,99.52158587150004,10046.06924896913,95.99120198730567,0
flashbots-c2,564,10000,712.0706122135141,-712.0680368835341,712.0680368835341,0.002575329980004426,208386.22402585202,35490.883584499155,0.8544722629677737,10528,3431,150441.0259936725,0.00024103418997142967,0.11584421591609682,100.02410341899714,9997.409809693101,98.954955671467,0
flashbots-c2,565,10000,482.67867099468447,-482.9590487930927,482.9590487930927,-0.2803777984082103,159841.70141562092,38429.954010071146,0.8061752501760199,7289,2535,119843.52648832768,0.0000005593815390625423,0.07342499423054591,100.0000559381539,10024.973915665207,218.39122965706557,0
flashbots-c2,566,10000,422.7429675847924,-422.50730605050677,422.50730605050677,0.23566153428561165,130065.00900205394,15209.616029792302,0.8953043862515003,6732,2297,99316.59905088578,0.007844918479026006,0.07573151246104856,100.7844918479026,9902.84756455885,109.61850464730547,0
flashbots-c2,567,10000,861.6016423922831,-861.492814769519,861.492814769519,0.1088276227641245,192875.31182746295,27211.877873883932,0.8763586471761041,10331,3579,143105.14751361424,-0.0003723280474422097,0.08381737516160812,99.96276719525578,10002.121717181159,51.24606829775438,0
flashbots-c2,568,10000,212.26132992141447,-212.2225642943183,212.2225642943183,0.0387656270961827,113488.4058186395,10751.577883195192,0.913461209806675,9706,2209,77477.25819404924,0.000001574454851009932,0.036803556710743236,100.0001574454851,9997.072080505981,112.53721362883763,0
flashbots-c2,569,10000,1100.6510790480672,-1100.6829669698564,1100.6829669698564,-0.03188792178912081,242074.4132123891,12942.676294960702,0.9492478079803837,9122,3521,190264.34743613034,-0.000019793256677900216,0.0860624091613883,99.99802067433221,9999.37804734772,102.45326020043706,0
flashbots-c2,570,10000,792.702399567286,-792.190023285277,792.190023285277,0.5123762820089723,186749.23997834884,60591.35272544779,0.7550286749817523,9192,3600,139501.96877022172,-0.015639686725491087,0.10011800163608413,98.43603132745089,10045.31823517829,45.819512705477635,0
flashbots-c2,571,10000,1064.3856586012237,-1063.9378856854687,1063.9378856854687,0.44777291575496747,242134.34163209537,46545.704731571925,0.8387636924758716,11502,4125,180463.8808039667,-0.011611115574531254,0.08719507315767018,98.83888844254687,10055.073856738722,67.94677806911939,0
flashbots-c2,572,10000,197.87486074562162,-197.8521478144075,197.8521478144075,0.022712931214130094,72351.79115514673,16904.9495247383,0.8106031052000086,5092,1662,54258.60881941777,0.0000034334484615783367,0.04074125510766805,100.00034334484616,9996.981525702344,61.81167045016577,0
flashbots-c2,573,10000,497.73976721100144,-497.79917156803276,497.79917156803276,-0.05940435703132607,151265.79562688287,39350.145551131354,0.7935631967192993,10909,3265,106084.75385382042,0.0055541448527225154,0.06592098242938363,100.55541448527225,9970.965468718385,51.63776651458527,0
flashbots-c2,574,10000,364.9635337774412,-364.9917014499433,364.9917014499433,-0.028167672502092955,150559.50796318837,22977.56333416584,0.8675927675718694,6904,2235,112445.19849091428,-0.000003481181806677114,0.06042546035058748,99.99965188181933,9994.82954871276,167.5473347110451,0
flashbots-c2,575,10000,639.8458820084547,-639.7901473969645,639.7901473969645,0.055734611490265706,219238.77985499986,30823.747903120286,0.8767358381143159,11481,3616,158612.90550275313,-0.0005180857098052627,0.055031010240661545,99.94819142901947,10000.245749755528,88.1459098851723,0
flashbots-c2,576,10000,451.3865504518,-451.40072843221026,451.40072843221026,-0.014177980410238433,174364.73197004703,46542.50847069586,0.789311982813073,10983,3122,119390.68457059504,-0.0004778749304065855,0.08658470642853232,99.95221250695934,9995.051429843641,83.24196392931401,0
flashbots-c2,577,10000,242.17958819115205,-242.0729644994239,242.0729644994239,0.10662369172814579,62399.205194062466,7496.0184467000645,0.8927534950710362,4032,1427,49278.45691083223,-0.000000646078503194758,0.07426158658527299,99.99993539214968,10001.781581472183,44.438527779382895,0
flashbots-c2,578,10000,348.37433707724455,-348.2955421592444,348.2955421592444,0.07879491800014193,162287.24708697482,46944.421516234645,0.7756342439477417,11169,2623,106920.78420929673,-0.000366578289029178,0.046826550676176026,99.96334217109708,10008.22480109483,183.1108844988538,0
flashbots-c2,579,10000,146.8901965475425,-146.84826315649494,146.84826315649494,0.04193339104756433,75415.6187898581,14991.000805559052,0.8341824871602769,5050,1520,55441.903735461085,-0.0003384568831438628,0.03342556749967926,99.96615431168561,10014.272441702089,143.8945402773289,0
flashbots-c2,580,10000,324.06837968706225,-324.1116331036292,324.1116331036292,-0.04325341656692672,140480.56021766932,26554.621335602526,0.8410237826027473,9042,2451,98202.88612591816,-0.00024123802290631601,0.035961098137925515,99.97587619770937,9983.928519339896,157.51798221163267,0
flashbots-c2,581,10000,165.0921555005957,-165.04998716846134,165.04998716846134,0.04216833213436644,70359.45337325693,29196.104820489993,0.7067355620298877,7439,1932,46111.25583371667,-0.0030331136407062333,0.050012212544845766,99.69668863592938,10015.198273136097,27.90702266373063,0
flashbots-c2,582,10000,291.1325502621129,-291.0972550689543,291.0972550689543,0.03529519315856078,106088.03527045167,26978.326968689078,0.7972565980258416,7040,2212,77954.72602773193,-0.0013228920002596567,0.06035157090164503,99.86771079997403,10011.695576387621,66.33948181015751,0
flashbots-c2,583,10000,226.53487294722285,-226.49697854008673,226.49697854008673,0.0378944071361218,74209.97135020395,5337.019932764711,0.9329073312932781,5326,1628,56186.075828155284,0.0000040519309850139966,0.040976223819371424,100.0004051930985,9996.62869547205,62.790361907341946,0
flashbots-c2,584,10000,409.6788271843829,-409.68233485884895,409.68233485884895,-0.003507674466050048,187733.72486373977,28520.885440558995,0.86811432412735,11696,3336,130262.48559499397,-0.000011014782734974916,0.03846298871382189,99.9988985217265,10000.847889570787,102.45791525013938,0
flashbots-c2,585,10000,134.62634480602227,-134.67250472126892,134.67250472126892,-0.04615991524664764,59619.90016633364,7289.374797184725,0.8910558394010519,5130,1396,43242.26120104039,0.0009658148062779049,0.03404181653374195,100.09658148062779,9996.65203737665,62.998818361584135,0
flashbots-c2,586,10000,399.94397784645594,-399.9033466711422,399.9033466711422,0.040631175313762924,137106.4222343982,28730.696083189097,0.8267535255396309,6334,2256,105290.8012839708,-0.0007538346993891309,0.04919707771690497,99.92461653006109,9990.74168985865,135.47173399506005,0
flashbots-c2,587,10000,330.90642248930214,-331.05486024111747,331.05486024111747,-0.14843775181532237,98766.4283505742,16447.33114856334,0.857245078885856,5359,1879,77741.1233369002,-0.00034053096393549254,0.06508124781148168,99.96594690360645,10018.836381850831,79.6243781498357,0
flashbots-c2,588,10000,223.13458355025818,-223.0625206894923,223.0625206894923,0.07206286076589663,104794.67106470728,17647.81153961306,0.855868558328379,6411,1841,77446.21202434579,0.0016196127647550894,0.04379117452094533,100.16196127647551,9967.72317674963,142.9535982638559,0
flashbots-c2,589,10000,297.4209828703982,-297.35413431187885,297.35413431187885,0.06684855851932525,145946.710952231,11997.81303190057,0.924037803088976,11124,2565,98589.2085287332,-0.00013599678022046646,0.03371189816778553,99.98640032197795,9999.650291312386,104.12931698699431,0
flashbots-c2,590,10000,441.93114833758165,-441.92179371598513,441.92179371598513,0.00935462159651479,178898.6022918519,25570.53698742836,0.8749418270279796,10222,3100,128208.13452006968,0.000020656875416591448,0.06876661181843274,100.00206568754166,9999.129756388471,102.17605587213778,0
flashbots-c2,591,10000,434.86639419361865,-431.1575716943255,431.1575716943255,3.7088224992931487,158496.12501082494,21319.973581504328,0.8814345670470807,7961,2562,118167.10553207612,0.020478569917622595,0.06532960696585277,102.04785699176226,9633.970653343007,170.94502230468575,0
flashbots-c2,592,10000,689.6789995102818,-689.7556619748608,689.7556619748608,-0.07666246457904435,188287.91753408077,32454.998145016878,0.8529737724756796,9078,3245,141232.98170653364,-0.0000003632775144524203,0.09719763353585975,99.99996367224855,9999.346014397232,86.88299440932985,0
flashbots-c2,593,10000,161.87577516443685,-161.96255479605276,161.96255479605276,-0.08677963161591151,72515.14284447697,15535.970993138038,0.8235573598558938,4969,1420,53177.97475051374,-0.0002489802833731858,0.05168695483174218,99.97510197166268,10017.742430903098,127.52394978198895,0
flashbots-c2,594,10000,187.34444253258795,-187.14903580522903,187.14903580522903,0.19540672735891462,100171.92105729542,37070.831297225974,0.729888604962791,8555,2195,66462.66936987969,-0.009147893137582486,0.04512113643509039,99.08521068624175,10028.582598957824,40.779985185185986,0
flashbots-c2,595,10000,210.81977265626804,-210.82082681608688,210.82082681608688,-0.0010541598188353873,110624.49890768791,25471.08789776128,0.8128441303965822,9458,2149,71922.57300983943,-0.0005109292176670977,0.07324790739926726,99.94890707823329,10005.840781223938,104.341102744763,0
flashbots-c2,596,10000,388.328230482054,-388.38479779064403,388.38479779064403,-0.056567308590047105,114964.17112408573,20085.664542753588,0.8512722030087926,5419,2042,91829.8812917015,0.001480488845884338,0.061043341234904604,100.14804888458843,9989.817990876496,87.41606387806199,0
flashbots-c2,597,10000,435.9457462414259,-435.62910220266883,435.62910220266883,0.31664403875709013,176360.81845414493,21081.027282603034,0.8932291824767954,10571,2925,124594.14648604621,-0.006501446043421169,0.06214252280132768,99.34985539565788,10064.528336498923,95.73666565786881,0
flashbots-c2,598,10000,807.2142238295831,-807.1602518433028,807.1602518433028,0.05397198628031674,246046.98745679797,45226.95966035417,0.8447270684248199,10974,3775,179577.54785457527,0.0002979163167466936,0.08143625277923362,100.02979163167467,9993.961577322714,92.16854290901698,0
flashbots-c2,599,10000,1631.5288995939247,-1631.2644922130391,1631.2644922130391,0.26440738088558646,277187.0895804543,32242.415095959306,0.8958004501552724,11204,4069,212124.98771519528,0.00015752886195059547,0.21611323065581162,100.01575288619506,10016.048260411593,85.52272691216025,0
flashbots-c2,600,10000,211.05435780096076,-210.838038338954,210.838038338954,0.21631946200676566,70521.85008394628,26310.475992986787,0.7282882993837908,4297,1650,53850.46486903089,-0.003355263150047705,0.07882654477095556,99.66447368499523,10027.339791187424,53.75655396086622,0
flashbots-c2,601,10000,248.12877174710314,-248.09049812905073,248.09049812905073,0.038273618052414804,88330.14896301877,18416.07542183067,0.8274779690995377,4130,1650,70511.96951843624,0.000005894137778312825,0.04947865556869786,100.00058941377783,9993.770095521311,110.0934412303796,0
flashbots-c2,602,10000,391.2101339264194,-391.27477882738674,391.27477882738674,-0.06464490096732334,127746.13175021586,14092.121351208718,0.9006465389761122,5472,1986,100537.21216723013,0.000011149959597105408,0.044681388721654544,100.00111499595971,10002.946509796524,126.13494630676568,0
flashbots-c2,603,10000,307.31776677961915,-306.9911931885242,306.9911931885242,0.32657359109492745,136901.36170253417,21450.586386163402,0.8645385380788098,8953,2587,97853.33103999138,0.008025998478635898,0.04393677498700711,100.80259984786359,9919.153156171617,99.4759488368599,0
flashbots-c2,604,10000,975.0502379190134,-974.3212093614308,974.3212093614308,0.7290285575826374,210959.1618082533,64454.68624485159,0.7659715126872505,11541,3962,150381.69771273847,-0.0017680420835955602,0.24867880303795759,99.82319579164044,9986.40212859119,40.19395435154546,0
flashbots-c2,605,10000,175.82129622348745,-175.80982791858952,175.80982791858952,0.011468304897931603,73407.99821816727,4238.264242286906,0.9454157340226712,4863,1514,56091.59642807254,0.001224211849382044,0.03195497204645406,100.1224211849382,9988.856525316656,102.41020392610012,0
flashbots-c2,606,10000,123.4827651645875,-123.46755050953638,123.46755050953638,0.015214655051124737,61552.95381454423,6155.470729444968,0.9090885547714104,4121,1137,45665.88239925788,-0.002148591839167011,0.028207961927606107,99.7851408160833,10019.182033221412,127.25552115746517,0
flashbots-c2,607,10000,595.9641277791945,-596.432143457318,596.432143457318,-0.46801567812349276,152901.28211550482,25585.33666228992,0.8566540346974574,7380,2725,116522.12294973503,0.0006736846445753031,0.08144204338257452,100.06736846445753,10003.708934180966,122.22203561688673,0
flashbots-c2,608,10000,344.35562151430105,-344.3426640217928,344.3426640217928,0.012957492508235191,161974.9132005549,15752.450843797991,0.9113673297947137,11246,2874,111683.70118968161,-0.002221145866025154,0.05045183935294475,99.77788541339748,10029.194846888702,105.19220550071998,0
flashbots-c2,609,10000,203.8664141161004,-203.98753357449766,203.98753357449766,-0.1211194583972599,111586.43516237172,23750.67635410815,0.8245072908090251,10042,2027,71414.94154583901,-0.0000003625931870487875,0.05111738607550294,99.9999637406813,9984.02957922037,100.24624707468026,0
flashbots-c2,610,10000,312.1020979869865,-311.6292324753326,311.6292324753326,0.4728655116538789,142904.51734563042,25502.814197498774,0.8485647034258275,11407,2580,93878.1410070619,-0.0000003745263244070429,0.06246583610199565,99.99996254736756,10006.133231883794,122.47292879266541,0
flashbots-c2,611,10000,926.7248163584103,-926.5983243970857,926.5983243970857,0.12649196132463203,232234.5872834439,46949.70048179014,0.8318325832101622,11563,3950,168945.87490338957,0.000006175314828311684,0.13046784549319157,100.00061753148283,9969.983039636192,47.75684995178802,0
flashbots-c2,612,10000,525.2897555120284,-525.2297939932622,525.2297939932622,0.059961518766158406,169395.5190192071,12796.598641161301,0.9297631598694299,11177,3200,121925.15370253145,0.001120284356615855,0.0513783352848111,100.11202843566159,9982.997494121559,54.572305331533386,0
flashbots-c2,613,10000,337.6707199836501,-337.7046122849186,337.7046122849186,-0.03389230126850862,135769.00726225122,42292.42025711581,0.7624840997497011,8462,2717,94587.41247411791,-0.0000036604090141167944,0.04593802614857338,99.99963395909859,9991.311138897618,65.467761243177,0
flashbots-c2,614,10000,672.2157860741535,-672.0586471731131,672.0586471731131,0.15713890104041184,212817.66261491505,12433.215988201831,0.9448028080276274,9826,3163,158589.06390251234,0.00017984699468669873,0.045064155134211886,100.01798469946867,9987.530363921018,118.1689678595904,0
flashbots-c2,615,10000,124.02639970984725,-123.999487181637,123.999487181637,0.02691252821026069,52379.19527107816,10562.136954609827,0.8321907627131676,4762,1355,38193.453555204105,-0.0024447046494410073,0.03130527666008476,99.7555295350559,10005.480183691427,51.05806734201403,0
flashbots-c2,616,10000,113.9878679256554,-113.98143565158264,113.98143565158264,0.006432274072750488,52093.30686247398,4180.688436333493,0.9257083415859388,4333,1137,38148.891920850336,-0.00002574699765276023,0.0440432974523371,99.99742530023472,10001.589323424818,107.76120335627509,0
flashbots-c2,617,10000,484.7063880507702,-484.9390643572287,484.9390643572287,-0.23267630645847248,190291.61178073895,42689.77575406233,0.8167674413575823,9809,2927,136236.9525377496,0.0000012359452856003373,0.056992781581721774,100.00012359452856,10008.400495265107,104.6636433113879,0
flashbots-c2,618,10000,837.4114825528287,-837.3576381645373,837.3576381645373,0.05384438829139526,245815.84490724117,57571.81972198262,0.8102367814052615,11138,3982,179933.13665405902,0.0015488098299286436,0.0985266693717557,100.15488098299286,9979.877783791082,81.63107379049231,0
flashbots-c2,619,10000,312.76057096789316,-312.4854094458082,312.4854094458082,0.27516152208494304,148195.59311711785,22052.316484883882,0.8704693846964885,11202,2899,100403.42139464215,0.00788356066411268,0.05872429576676083,100.78835606641127,9924.66125960545,96.09177552407807,0
flashbots-c2,620,10000,908.1284015995424,-908.5151968054537,908.5151968054537,-0.3867952059113122,178836.64330968485,34067.90680612572,0.8399850694238602,7804,3020,140062.03896727902,-0.00006262806589845127,0.19528198592154936,99.99373719341015,10034.084114352749,77.39078559825987,0
flashbots-c2,621,10000,246.0457336927563,-245.86044799483992,245.86044799483992,0.1852856979163846,89576.13419270143,19662.061290269135,0.8200074506601099,4042,1538,70023.72327311037,-0.005535524116489086,0.04024169006178866,99.44644758835109,10057.147083912276,122.78787575107806,0
flashbots-c2,622,10000,77.01065525193621,-77.00154442396473,77.00154442396473,0.009110827971483104,48662.081320220066,9478.174477922868,0.8369774204153809,4708,1130,33378.53599805721,-0.0000005993300587192607,0.026113604948749723,99.99994006699413,10001.881103981423,92.90810835553661,0
flashbots-c2,623,10000,319.98009394809833,-320.0265381751509,320.0265381751509,-0.046444227052575116,112165.8519021563,24903.284584627418,0.8183158862532952,8220,2388,80608.70095242123,-0.0000013583407198325404,0.06003269393274607,99.99986416592802,10002.539114489951,86.01573014315113,0
flashbots-c2,624,10000,795.0823725885928,-793.4620694026867,793.4620694026867,1.6203031859060957,135292.47966466603,37694.12725123902,0.7820980021328271,8634,3035,99835.78048982163,0.000004855651829984708,0.42741021391991213,100.000485565183,10024.55441887618,33.270632516992315,0
flashbots-c2,625,10000,519.001314972683,-519.0055748235724,519.0055748235724,-0.004259850889411609,138328.0377183177,12350.981970338747,0.9180311764978349,6196,2404,110408.1876248032,-0.0000008783339255558076,0.07927888955586226,99.99991216660744,9991.789237127829,104.8000712852069,0
flashbots-c2,626,10000,142.70781814772917,-142.71108358093161,142.71108358093161,-0.003265433202443546,64669.79622122493,3374.0733680400526,0.9504132644365016,4815,1440,49188.34198286258,0.000002956368330586656,0.02594315328899853,100.00029563683306,10000.475090153328,90.71281131164903,0
flashbots-c2,627,10000,133.48821480927487,-133.42909238112395,133.42909238112395,0.059122428150914175,52463.17516739111,5287.818614289931,0.9084376169476887,4272,1230,39065.05656883979,-0.0016084204786642432,0.04340532908972989,99.83915795213358,10014.169536679934,69.20764041483396,0
flashbots-c2,628,10000,637.9332208676427,-638.0449586378322,638.0449586378322,-0.11173777018950659,187636.5599993267,55154.664265799984,0.7728308985106834,8806,3076,137551.07991842026,-0.000000020153882047679873,0.07342784339536251,99.9999979846118,10016.268897635535,119.61462933631582,0
flashbots-c2,629,10000,97.74883799856869,-97.73985781288083,97.73985781288083,0.008980185687860853,52526.4868804596,5456.170973237622,0.9058999505161573,4066,1046,38482.576897381485,0.0005621369137958254,0.021867185695026877,100.05621369137958,9990.581787024732,144.8054846259827,0
flashbots-c2,630,10000,201.59595684546832,-201.5343338480614,201.5343338480614,0.06162299740691424,80282.91873897216,17015.491921612196,0.8251205563781611,4048,1414,62070.77798371167,-0.0006374100881325262,0.04221389008218878,99.93625899118675,10009.803507670968,135.3348578819516,0
flashbots-c2,631,10000,538.8986363503554,-539.2214191512493,539.2214191512493,-0.32278280089383315,186960.93269664416,13116.263268353885,0.9344439869566721,7874,2599,143684.94148181056,-0.0016474727418682277,0.04235988482438941,99.83525272581318,10037.181589994629,177.22367047747647,0
flashbots-c2,632,10000,754.5797578172125,-754.4564030919664,754.4564030919664,0.1233547252460312,231947.54403846245,42649.2806536203,0.8446839991633378,10570,3525,170438.8152566382,0.0037481745025655755,0.06298399439237272,100.37481745025656,9966.85465167785,87.79391393212764,0
flashbots-c2,633,10000,1005.8228281945924,-1005.8411887328127,1005.8411887328127,-0.018360538220349554,215377.09356878576,9172.361418534143,0.9591521546153292,8660,3211,168838.66166125468,0.001479385243071789,0.12362958608944269,100.14793852430718,9984.690752298171,97.13453000383612,0
flashbots-c2,634,10000,369.60192473712857,-369.60671556080393,369.60671556080393,-0.004790823675364209,108682.58520088278,15542.247772604895,0.8748861447378886,4528,1850,88193.96642720165,0.000002434572761984555,0.05177219075178883,100.0002434572762,10003.157014394646,119.34191686874206,0
flashbots-c2,635,10000,978.5809024461577,-978.3829790095748,978.3829790095748,0.19792343658286882,162571.24898827757,48255.943852619035,0.7711113865229141,7933,3407,125792.22345317356,0.005587886775063282,0.10511987232137926,100.55878867750633,9986.983214321712,41.45820561370026,0
flashbots-c2,636,10000,277.5731004127287,-277.5356405392246,277.5356405392246,0.037459873504133157,112070.49456779349,18313.552947413413,0.8595414600449686,9318,2393,77661.5011356038,-0.00046918949719724877,0.05636974734041886,99.95308105028028,9991.812785185417,72.4763268572966,0
flashbots-c2,637,10000,208.8492815674542,-208.85859434755602,208.85859434755602,-0.009312780101822682,99200.41564772265,24221.824413778813,0.8037483001304381,7299,1902,68952.93993473324,0.00004873844525221216,0.0696934785648888,100.00487384452522,9997.318438974002,129.0679058391502,0
flashbots-c2,638,10000,178.4296769433172,-178.2675778669524,178.2675778669524,0.1620990763647967,92033.59582159936,7371.806491052364,0.9258409873150916,7635,1888,63404.07826971511,0.005757975383013019,0.035427909899180036,100.5757975383013,9943.759969056386,99.23445976650498,0
flashbots-c2,639,10000,388.967012293379,-388.97136267406097,388.97136267406097,-0.004350380681955812,131459.40852610918,15700.898070360297,0.8933075199862557,6022,2117,101859.25189279787,-0.0000001428246807222422,0.05014802101709492,99.99998571753193,10004.184130624255,150.36570794272964,0
flashbots-c2,640,10000,226.2009526346533,-226.20195677546576,226.20195677546576,-0.0010041408124550344,91615.82342409894,2801.656405510604,0.9703269308758653,6393,1773,66819.26983594864,0.0003236667392484094,0.029011267521489827,100.03236667392484,9996.873654325838,100.16493752469623,0
flashbots-c2,641,10000,533.6937934240618,-533.6158582663624,533.6158582663624,0.07793515769947135,102101.45972977155,16256.650640373438,0.8626486128450893,4575,1983,83683.63562430446,0.000013546485274247288,0.10982131060739135,100.00135464852742,9995.696125488279,59.86077133900214,0
flashbots-c2,642,10000,471.7789407564241,-471.8539112137786,471.8539112137786,-0.07497045735448182,171854.8043072927,18311.786915233784,0.9037066037861194,9933,2983,124089.32028481405,-0.0006645046863185656,0.06125361669847948,99.93354953136814,10009.566643282646,87.8002578843329,0
flashbots-c2,643,10000,264.4375305711321,-264.5149032459271,264.5149032459271,-0.07737267479501497,155134.7776422217,32375.586430354346,0.8273397495094014,11096,2517,101291.26820855908,-0.0005614482859463976,0.03675497479188209,99.94385517140536,10000.923018915393,176.0255444871919,0
flashbots-c2,644,10000,287.57928080344993,-287.41103557009524,287.41103557009524,0.1682452333546962,96836.70422394277,11570.370509614037,0.8932692304625716,7572,2099,70719.86749176217,-0.008534878780591839,0.061745886365843036,99.14651212194082,10032.069616994617,43.50502343556149,0
flashbots-c2,645,10000,393.36032757604977,-393.3856373496847,393.3856373496847,-0.025309773634944577,132297.60710064947,13209.676807929645,0.9092163879835105,6634,2272,101294.65506732294,0.0007995412614990017,0.05348899015914313,100.0799541261499,9990.943984893056,112.08563231943062,0
flashbots-c2,646,10000,210.76547880595845,-210.77424790102813,210.77424790102813,-0.008769095069681043,93868.17156848265,19736.948783083717,0.8262670844236152,5539,1944,70881.22206171078,-0.0001781464562239421,0.03348850703112518,99.9821853543776,10006.33561713497,99.87357187932876,0
flashbots-c2,647,10000,631.5363913498396,-631.6614567623542,631.6614567623542,-0.12506541251457293,191480.4757231993,24709.153186955515,0.8857061122149191,8954,2891,144639.1167304273,0.00000025446411839880055,0.10222852172634461,100.00002544641184,9984.983494424012,207.24050857232703,0
flashbots-c2,648,10000,364.39390525509333,-364.4205001730202,364.4205001730202,-0.02659491792684321,163387.996004585,19275.663607746745,0.8944745569608339,11002,2830,112822.07191815285,-0.0013038932400455394,0.04685483800957016,99.86961067599545,10014.2573166723,116.09301442264407,0
flashbots-c2,649,10000,446.3035450859216,-446.08537747903296,446.08537747903296,0.21816760688864179,131703.5833457712,11425.368886733066,0.9201742994095754,5469,2029,104384.77701559493,-0.000002555313120780056,0.0712464447637646,99.99974446868792,9984.361560594429,131.9835907771027,0
flashbots-c2,650,10000,271.58618291576767,-271.7549510198963,271.7549510198963,-0.16876810412861687,97276.51800690904,24530.771058054583,0.7986099908604685,9060,2439,67306.57267179605,0.0006560815236696272,0.049289443992867776,100.06560815236696,9981.014568980814,65.57003906431606,0
flashbots-c2,651,10000,421.780101970615,-421.5887593139025,421.5887593139025,0.1913426567125498,118001.65771669378,37869.30072331068,0.7570471042051957,6021,2337,91126.89588078513,0.00043298525184425784,0.07869007360931875,100.04329852518443,10028.937251523777,69.76828640236748,0
flashbots-c2,652,10000,246.66921159814663,-246.69952253918484,246.69952253918484,-0.030310941038209194,104760.41594576703,24829.651224771384,0.8083985002330776,7668,2240,74253.18486108082,0.0014953480583899648,0.05549406661599647,100.149534805839,9991.93105641219,67.28073571738732,0
flashbots-c2,653,10000,105.15133809037063,-105.13413903138951,105.13413903138951,0.017199058981120174,54138.960466044584,7337.764686867129,0.880641581531615,4781,1111,37674.6108253819,-0.0000005443005561289738,0.0268735093910324,99.99994556994439,9997.039471103075,91.85372398830214,0
flashbots-c2,654,10000,234.4090374393902,-234.21844705955417,234.21844705955417,0.19059037983603844,87489.7078939466,17129.355606325647,0.8362692703105579,5977,1838,63756.40933899786,-0.0036513237218184715,0.09227795836324688,99.63486762781815,10037.343224869572,103.18343145795929,0
flashbots-c2,655,10000,556.4862377591983,-556.4593643622046,556.4593643622046,0.026873396993664755,224621.73130882488,66116.9695406785,0.7725897194027052,11346,3738,159785.7125432989,-0.0021771117998379452,0.042286491415767104,99.7822888200162,10021.120556422326,101.30606533075216,0
flashbots-c2,656,10000,533.0382617605151,-532.9332453353453,532.9332453353453,0.10501642516976517,209765.46667935615,20004.07788134521,0.9129385144598202,11064,3162,148579.45429033137,-0.000004958209857335305,0.06778854032694895,99.99950417901427,9985.381506529062,126.97958699102001,0
flashbots-c2,657,10000,1033.779785308256,-1033.4505614624384,1033.4505614624384,0.3292238458175234,218015.21730565667,58138.8075361988,0.7894696353982419,9552,3630,163587.40917600025,0.0010475080130315463,0.1579425581797844,100.10475080130315,9979.763157971818,59.091139205076885,0
flashbots-c2,658,10000,303.23108009362556,-303.28795953485877,303.28795953485877,-0.05687944123320676,89730.89219656012,14074.95596502708,0.864410760912838,4157,1660,72712.41247310054,-0.000020256536226241907,0.07033184826429931,99.99797434637738,10001.40825566311,127.85032111518267,0
flashbots-c2,659,10000,223.51459240307676,-223.47855182382136,223.47855182382136,0.03604057925539905,107136.83617638783,15556.552084656874,0.8732079021930793,8971,2237,73081.80430901665,0.00014466914161516796,0.04166646753532305,100.01446691416152,10020.719838871279,51.036525213575416,0
flashbots-c2,660,10000,577.3285268140993,-577.4111135022357,577.4111135022357,-0.08258668813641634,104179.16517835161,8737.389502354767,0.9226208280348135,4553,1837,85692.03661826014,0.0008914615748308563,0.17073574741538095,100.08914615748309,9989.36862934475,98.47884106501276,0
flashbots-c2,661,10000,239.20155687117375,-239.17308729501536,239.17308729501536,0.02846957615838619,130014.57856473909,9553.19769182176,0.9315515518835769,10052,2356,87828.32116963142,-0.00013988937544482383,0.030738562099063955,99.98601106245552,10007.022550823436,114.15948571921379,0
flashbots-c2,662,10000,624.206672919528,-624.2314102760594,624.2314102760594,-0.024737356531318255,194556.34571861822,9729.04187142606,0.952375243348535,11247,3213,141025.72328285073,-0.0013607569279976417,0.06208727540332703,99.86392430720024,10003.411159792216,101.29361979293853,0
flashbots-c2,663,10000,1094.0492487641766,-1093.966696196729,1093.966696196729,0.08255256744769213,220479.58279161403,28871.386066966337,0.8842138604909903,9607,3643,168718.19394852573,-0.0008068052200535192,0.10911964133128023,99.91931947799465,10007.691933348371,91.26406102827708,0
flashbots-c2,664,10000,518.396054446534,-518.2190173324299,518.2190173324299,0.1770371141041096,135133.92465204326,36187.70335133178,0.7887732928231403,6184,2483,107203.53461034606,-0.0006308411898463362,0.09324372554121751,99.93691588101537,10001.852282215941,88.90739423377586,0
flashbots-c2,665,10000,1131.4742929619952,-1131.499798583159,1131.499798583159,-0.02550562116380206,200052.88506232883,42038.29837889097,0.8263534516980956,9223,3755,154310.02843918157,0.0000028383305928514346,0.12266378217082619,100.00028383305929,9993.148140660796,46.72329681313615,0
flashbots-c2,666,10000,875.6466995323273,-875.4252291265936,875.4252291265936,0.2214704057336121,236394.7421511812,51248.81470218089,0.8218322174054221,10894,3783,173181.8885609436,0.0016850149164918094,0.08264574507199313,100.16850149164918,10000.053918591095,34.299933565995524,0
flashbots-c2,667,10000,240.21402595673365,-240.02218831878554,240.02218831878554,0.1918376379481117,98358.76957065919,31026.76140517971,0.7601991415023558,9039,2339,66081.28401282124,0.001225575346176555,0.05188021450132624,100.12255753461766,10023.17301260666,44.06651226738637,0
flashbots-c2,668,10000,333.13099075260084,-332.944734767039,332.944734767039,0.18625598556184286,122885.44584316698,22642.048406286016,0.8444139471853023,9845,2657,85486.75696847794,-0.0024477451449232035,0.03172415322775052,99.75522548550768,10013.088450999114,55.263872548945464,0
flashbots-c2,669,10000,503.55868183633027,-503.55837845285373,503.55837845285373,0.000303383476534691,197190.03719728295,40148.5101767359,0.830838645382512,10267,3358,141109.44009492244,-0.0000000933459281782234,0.05056428023922109,99.99999066540718,10000.253056991956,103.17282136309223,0
flashbots-c2,670,10000,459.28579219128545,-459.2376945157376,459.2376945157376,0.04809767554786504,102114.76341028888,15326.543418973853,0.869496143794996,4646,1959,83468.82863759877,-0.000001936836071934067,0.08258994064057859,99.9998063163928,9998.233903245005,70.1268352414169,0
flashbots-c2,671,10000,140.9924489100308,-141.07516742349733,141.07516742349733,-0.08271851346654557,78956.41517136588,10702.139492188498,0.8806344856623164,6008,1450,53963.44331202259,0.00010630107873069506,0.03105459147405455,100.01063010787307,9999.228798379801,196.57284604550597,0
flashbots-c2,672,10000,192.55432185894875,-192.5746562749853,192.5746562749853,-0.02033441603654751,97283.8016389496,11762.840770217868,0.8921301884189974,7064,1920,70354.29023321912,0.000001327560548816109,0.025839662202420895,100.00013275605488,10010.776638760288,85.07281675444192,0
flashbots-c2,673,10000,523.6993026186584,-523.2747572845344,523.2747572845344,0.42454533412399087,222133.45874828115,28824.753290369346,0.8851412230896433,10143,3089,162146.29393743863,0.00047236430465460446,0.06337444752638448,100.04723643046546,9984.46003840373,208.3391821168631,0
flashbots-c2,674,10000,215.75440332919612,-215.62740937866224,215.62740937866224,0.12699395053388685,98917.95031960143,17351.505034968064,0.8507647173365198,6117,1797,72540.42173844983,0.00000039025480916166086,0.03694138407205514,100.00003902548092,10007.619966215829,112.31457047343919,0
flashbots-c2,675,10000,478.66462222200676,-478.66188568962605,478.66188568962605,0.0027365323807089226,193303.4472343122,44471.23801711186,0.8129689963837498,11170,3391,136651.64838475533,0.00036955416971494513,0.059362640367498186,100.0369554169715,9995.911453739922,100.94105821059277,0
flashbots-c2,676,10000,495.7559620914434,-495.1375827347206,495.1375827347206,0.6183793567228122,164088.194612108,30363.56484036569,0.8438503980325932,9056,2960,121463.9677593222,0.01022231862818387,0.040402003180400214,101.02223186281839,9916.075716491661,83.65176315775184,0
flashbots-c2,677,10000,164.28712960641425,-164.07312379632205,164.07312379632205,0.21400581009220332,65675.48215382251,17695.510945522103,0.7877497881734936,4221,1256,48815.94784891988,-0.00021458236434526156,0.059161478670304884,99.97854176356547,10015.807436657376,152.7301053883448,0
flashbots-c2,678,10000,694.0618346499679,-694.1912397315511,694.1912397315511,-0.12940508158328612,170194.55715512243,37718.91433319994,0.818583596035438,8066,3068,130411.31642596806,0.0001395470018289302,0.11994935219145461,100.0139547001829,10004.7789262779,74.18050330198702,0
flashbots-c2,679,10000,354.5097346459873,-354.27349983415945,354.27349983415945,0.2362348118278419,95256.64942423507,28900.386692531545,0.7672271536399157,4814,1959,75488.86141087273,0.005752674510887203,0.08856608744679022,100.57526745108872,9974.84281285123,61.28312041766061,0
flashbots-c2,680,10000,1016.1817275575263,-1016.1993585915704,1016.1993585915704,-0.017631034044143234,234918.68295614762,42891.28299433486,0.8456092716199393,9776,3662,179951.76587372104,0.0000015145618128542537,0.130533980949627,100.00015145618129,10000.17112759887,98.66863183944704,0
flashbots-c2,681,10000,194.61270076509174,-194.09569246740492,194.09569246740492,0.5170082976868287,75868.27730281476,5279.172199659951,0.9349434611681917,4589,1452,57063.02593200169,0.00963600433153573,0.04430121048852911,100.96360043315357,9892.08538237056,113.9275243100176,0
flashbots-c2,682,10000,363.13286459588613,-363.0064471361515,363.0064471361515,0.12641745973462548,136232.84381032886,24519.57481759359,0.8474699477191283,7416,2424,100592.24648342932,0.0020076898868701676,0.05595255354463362,100.20076898868702,9984.203021229889,144.58013305454293,0
flashbots-c2,683,10000,542.9865143307456,-543.0266188490817,543.0266188490817,-0.04010451833607931,155480.70197262306,9813.445911637931,0.9406304092598045,8045,2683,118020.83059080184,-0.0002678705323805275,0.06061375518407758,99.97321294676195,10004.632456740286,93.46698194069094,0
flashbots-c2,684,10000,237.6710392720241,-237.51516341952498,237.51516341952498,0.15587585249912195,101518.09199035265,33024.73584960021,0.7545410901509725,9128,2406,67771.64201609974,-0.0011453854710390488,0.056401406054535815,99.8854614528961,9997.743356393394,35.005667386685694,0
flashbots-c2,685,10000,188.29541022268256,-188.33428393227,188.33428393227,-0.03887370958744896,103395.74107825219,17848.8628102084,0.8527863324405882,9187,1922,67461.77790148671,0.0006778120724378312,0.05602434003829842,100.06778120724378,9999.290754392136,74.53254446695522,0
flashbots-c2,686,10000,225.39453111137738,-225.4301895783768,225.4301895783768,-0.03565846699942199,100523.39747011874,12732.914602574283,0.887574349106461,7636,2014,71586.67281074334,-0.000013254984086046307,0.042259706321495685,99.9986745015914,9995.161058101363,77.92447921593649,0
flashbots-c2,687,10000,137.81390804523386,-137.7923026827966,137.7923026827966,0.021605362437270514,69180.44759351303,13454.12019809434,0.8371853262181546,5679,1509,48740.26423062876,0.0000006216013706250578,0.03883366128813293,100.00006216013706,9999.007556754506,85.59749766811757,0
flashbots-c2,688,10000,97.4986702484172,-97.44871851264412,97.44871851264412,0.0499517357730781,64247.59913609381,14384.07598213429,0.8170702078964127,3748,999,45948.106487195735,0.0006018876905278603,0.023576947961659586,100.06018876905279,9977.73238970833,296.8381024912803,0
flashbots-c2,689,10000,425.610200355735,-425.62952796775033,425.62952796775033,-0.019327612015331397,171525.85779329282,20343.544107650403,0.893971920972823,10084,3076,123752.77687762334,0.0014981398330385788,0.04766883115182068,100.14981398330386,9988.415660163379,89.76886576258029,0
flashbots-c2,690,10000,156.86410215788632,-156.83922518025062,156.83922518025062,0.024876977635699404,67113.31016929759,14604.99819789451,0.821276302829611,4284,1355,50174.615970231745,0.001415891448576474,0.04573358557948368,100.14158914485765,10005.121444430479,75.62694109864069,0
flashbots-c2,691,10000,836.3046553182552,-836.3516782306145,836.3516782306145,-0.04702291235935263,227835.66944187155,28905.512007675938,0.8874138077714027,9449,3313,175386.00011095553,-0.0005403336450167728,0.058812538482417694,99.94596663549832,10010.485967029266,130.8393435159028,0
flashbots-c2,692,10000,532.920240703419,-533.0423418916414,533.0423418916414,-0.12210118822235927,170599.3892194696,61569.0309947268,0.7348087610798928,8797,3153,125811.14605357179,0.0018590381543647538,0.0603363410739162,100.18590381543648,9988.610536976976,112.0643809274625,0
flashbots-c2,693,10000,355.4897166156737,-355.48032363585446,355.48032363585446,0.009392979819210723,110010.7453365909,11023.192247983308,0.9089247820242096,7343,2179,80309.0559851281,-0.000014472146485502435,0.08729537368129073,99.99855278535145,10001.806169475998,109.43152602398868,0
flashbots-c2,694,10000,542.512466213363,-542.4234443488824,542.4234443488824,0.08902186448062821,178459.3607751714,14599.610461821381,0.9243774564410199,9466,2963,132742.43763682008,-0.0012831526507049774,0.053336153683792846,99.8716847349295,10000.199216024002,74.99713505576915,0
flashbots-c2,695,10000,1051.990948557615,-1051.9906874590285,1051.9906874590285,0.0002610985864066606,220332.4449756625,41766.389853949346,0.8406464115679824,10825,3759,161653.05091122005,0.0031331735825989426,0.16289329298374797,100.3133173582599,9974.797722192743,59.362736808104785,0
flashbots-c2,696,10000,846.9080949866517,-846.8699341199094,846.8699341199094,0.038160866742259714,218711.76759450976,39982.003741380504,0.8454465929546192,9493,3439,166261.59146621366,-0.00021134245694057085,0.07814637714619735,99.97886575430594,9997.283644264582,112.57374544884273,0
flashbots-c2,697,10000,312.1506520450133,-312.43440043144705,312.43440043144705,-0.2837483864337287,119360.9678240993,21734.332488179785,0.8459599119171489,7784,2241,86456.87098340037,-0.0005505997776906212,0.08601132878602812,99.94494002223094,10007.530462281513,140.3254392306608,0
flashbots-c2,698,10000,856.7654497983449,-856.940152256501,856.940152256501,-0.1747024581561618,185250.5944561859,22813.59808998225,0.8903530789666267,7613,2958,144479.22477246038,0.0012421926214607026,0.2150766613220354,100.12421926214607,9988.980244171333,104.90806521623315,0
flashbots-c2,699,10000,595.4201458282084,-595.4332235822573,595.4332235822573,-0.013077754048822499,170077.5774959949,36792.71120665781,0.822145986079508,7111,2638,131649.60661713057,-0.0024133684231567544,0.07246053346185803,99.75866315768432,10035.054179801687,84.27511345553144,0
flashbots-c2,700,10000,318.3264374717813,-318.2499167625663,318.2499167625663,0.07652070921500354,110724.2823287749,21900.86610622799,0.8348664158746545,7666,2364,80541.83678753985,0.0014175731862225405,0.07146951098793408,100.14175731862225,9991.124637990863,76.88228090323615,0
flashbots-c2,701,10000,361.2756033343099,-361.1636792174685,361.1636792174685,0.1119241168414078,111167.2452115682,17525.32031220412,0.8638202584517843,6954,2105,81253.7193192924,-0.002040564296681282,0.06886868141453589,99.79594357033187,10010.575589612097,52.70554282196386,0
flashbots-c2,702,10000,308.83597896522735,-308.8288127330852,308.8288127330852,0.007166232142139961,103770.854731526,15779.067934184157,0.8680127298927146,5903,1946,80142.06583619294,0.00015586387753472764,0.05052326032206991,100.01558638775347,10002.10023801435,79.17456840546116,0
flashbots-c2,703,10000,118.31147546447643,-118.34257075484108,118.34257075484108,-0.031095290364646644,62290.68325457054,11510.335085052136,0.8440355520287935,5235,1346,44116.33912794994,0.0007184478838983921,0.03407942197749193,100.07184478838984,10009.247269194522,136.3622804204815,0
flashbots-c2,704,10000,842.0631350525463,-841.8610810016049,841.8610810016049,0.2020540509413422,224086.14241352174,46213.7624202326,0.8290278257824175,10670,3745,165304.52225256604,0.00024341843970546506,0.15441584077321566,100.02434184397055,9994.768658437011,81.81499073906875,0
flashbots-c2,705,10000,142.6636054235158,-142.62671559399095,142.62671559399095,0.03688982952485276,61686.43840029681,3452.6235713990864,0.9469961115973805,4725,1301,45839.61289259341,-0.00032962946251188893,0.04633599914160186,99.96703705374881,10005.698007750614,101.45358702177614,0
flashbots-c2,706,10000,251.39166112879713,-251.38714919372967,251.38714919372967,0.004511935067455397,90721.41819173511,28225.833450103248,0.7627029371381026,4115,1744,72884.25063876809,0.0000015011470951264982,0.03731007268894501,100.00015011470951,9996.140436514048,88.297718567935,0
flashbots-c2,707,10000,525.6246395085723,-525.7011331970932,525.7011331970932,-0.07649368852094085,136282.3074523102,15381.776940560447,0.8985799637261813,6549,2387,105262.26840534109,-0.000008226921815861488,0.09787528183516414,99.99917730781841,9983.38002668905,78.18641879933519,0
flashbots-c2,708,10000,218.89334035968383,-218.2649253461955,218.2649253461955,0.6284150134883362,74801.9962489688,28708.274773407247,0.7226528875844475,6038,1672,52543.573686152115,0.006274619873274645,0.08381302156243578,100.62746198732746,9917.34608928555,127.36521796475098,0
flashbots-c2,709,10000,257.6173991083246,-257.7502107538734,257.7502107538734,-0.13281164554877023,109634.44157928291,17471.72547512816,0.8625422677748678,6801,1933,79249.74613825516,0.00009722637430058966,0.060811980054642445,100.00972263743006,9972.239159708468,229.0286881279344,0
flashbots-c2,710,10000,157.9350377218708,-157.85992271884575,157.85992271884575,0.07511500302504714,74824.91288861234,14686.293848214485,0.8359278755855246,4586,1452,55636.3399318175,-0.0020204635934942417,0.03757024860522222,99.79795364065058,10024.428744009812,123.37871282870498,0
flashbots-c2,711,10000,156.25021881167316,-156.26910922705184,156.26910922705184,-0.01889041537867797,71498.32151604349,23401.6707809267,0.7534070318183385,4661,1390,52715.68752920772,-0.0008592774623943456,0.04610082290231645,99.91407225376057,10022.449886464141,135.7026919679984,0
flashbots-c2,712,10000,680.5166925490477,-680.509538827399,680.509538827399,0.007153721648705869,134144.4648865033,6086.732536627051,0.9565950184518422,5376,2269,110404.48237489503,-0.000003413707839285962,0.13473454168179955,99.99965862921607,10001.629245111732,85.02737598750716,0
flashbots-c2,713,10000,380.893988462973,-380.63981189762217,380.63981189762217,0.25417656535086053,131106.18089427918,6915.518904056968,0.9498954228634973,8561,2273,94814.81510047815,0.0005427473843950281,0.06485083232538798,100.0542747384395,10004.110255254262,78.07764903590488,0
flashbots-c2,714,10000,384.8730644917208,-384.88610482809923,384.88610482809923,-0.013040336378423945,140560.84240146296,51528.251691066005,0.7317481664719344,7221,2566,105698.54643219274,0.0003526985916477088,0.05058855768693036,100.03526985916477,10008.8036065509,111.89803474042124,0
flashbots-c2,715,10000,310.1417591068511,-309.76022089847976,309.76022089847976,0.381538208371353,73899.28290693383,15561.081973293876,0.8260561311802435,6573,1577,50794.44081375437,-0.0021732914130130608,0.1706418658197984,99.7826708586987,10032.685255862232,95.94146580123405,0
flashbots-c2,716,10000,265.55905748365245,-265.5453567362972,265.5453567362972,0.013700747355244403,102631.71686178689,7018.231063764965,0.9359942143471871,6247,2003,78312.80401993907,0.001357288267211203,0.05123922275348491,100.13572882672112,9984.145695242007,110.00443498299455,0
flashbots-c2,717,10000,144.17644397506976,-144.17542794043968,144.17542794043968,0.0010160346300835954,74113.58649532247,15190.831150002292,0.8298983236156005,5265,1588,53719.56976746631,0.00048106312615885826,0.031402402204729896,100.04810631261589,9994.483806303111,98.72515025958354,0
flashbots-c2,718,10000,458.3942665621406,-457.9572023669426,457.9572023669426,0.43706419519799056,175876.64939636397,35496.129632084885,0.8320685861479474,7760,2748,131882.2349622221,0.007128975739451846,0.07968809805189679,100.71289757394518,9893.990778587453,151.07665137673703,0
flashbots-c2,719,10000,191.0448356737118,-191.04892744125326,191.04892744125326,-0.004091767541467561,80235.13694879411,20657.48100192875,0.7952528002393782,4422,1626,62287.309685738364,-0.000001568645743361685,0.033225745907514155,99.99984313542566,9998.841897224307,107.2573289111001,0
flashbots-c2,720,10000,393.8333022122006,-393.8192443082832,393.8192443082832,0.014057903917375825,157516.2441231304,34562.032589287504,0.8200627724235874,8957,2881,114495.74788404065,-0.0000020789342990212844,0.046314700627482636,99.9997921065701,9999.58202299821,96.13148050933626,0
flashbots-c2,721,10000,365.3069836633899,-365.2768404426152,365.2768404426152,0.030143220774675683,139728.4708797414,15003.331131913985,0.9030365384694231,8788,2758,102794.2294354439,0.0004883289578913264,0.04968613512987957,100.04883289578913,9996.634075267324,82.15250460101505,0
flashbots-c2,722,10000,432.992677331799,-433.0053190633301,433.0053190633301,-0.012641731531118694,155930.45079164187,19615.85572929735,0.8882582258889191,9440,2836,113756.2907636542,-0.0012794198567873138,0.04964972730704389,99.87205801432127,9997.621172211748,62.40020232591469,0
flashbots-c2,723,10000,287.4507028742283,-287.43501840644564,287.43501840644564,0.015684467782648426,151096.760571044,34497.06599527434,0.8141260049781479,10764,2696,101341.25067809808,-0.0000027823819864636336,0.039150779945509126,99.99972176180135,9987.052058415808,128.91160817583662,0
flashbots-c2,724,10000,246.16289640356612,-246.15248984837132,246.15248984837132,0.010406555194805378,106782.67200352263,4546.604639577534,0.9591607457025607,7290,2021,77127.15750171817,-0.000001797494061861471,0.03369863159118964,99.99982025059381,9999.49664173501,107.33569419556993,0
flashbots-c2,725,10000,1043.9928050636317,-1044.307995487269,1044.307995487269,-0.31519042363720473,233546.07571512338,60873.816209822384,0.7932414966535601,10781,4037,170922.2208431699,-0.0000019216951885425717,0.15630172509474874,99.99980783048115,9989.134655650418,45.70873996978709,0
flashbots-c2,726,10000,1096.3990449444398,-1096.5956480977172,1096.5956480977172,-0.19660315327746503,181806.267515618,53469.69304523043,0.7727362671572143,8413,3555,140431.879424111,-0.014540015179435244,0.1649285723312471,98.54599848205648,10080.8281317527,54.16903366905275,0
flashbots-c2,727,10000,447.69101732464145,-447.68652929087045,447.68652929087045,0.004488033770996935,174087.0829842157,17151.200805874854,0.9103150244503314,10616,3116,124506.69042409801,-0.0005685277805086742,0.045298208621698845,99.94314722194913,10004.912891951022,92.85888436652552,0
flashbots-c2,728,10000,597.7500222472145,-597.6133730057737,597.6133730057737,0.1366492414407503,202522.46427722982,16106.78005131483,0.926328336811564,11794,3413,144769.50055611655,-0.0040386025044016095,0.06834550089219477,99.59613974955984,10041.550338193036,99.66198221640279,0
flashbots-c2,729,10000,204.25585373869978,-204.10280139342132,204.10280139342132,0.15305234527846778,143841.2564486405,28677.539818367644,0.8337715052568343,10387,2278,92168.26587025788,-0.00008704030258130046,0.025484335310836742,99.99129596974187,9987.752423058295,208.9385814085783,0
flashbots-c2,730,10000,624.2622002730578,-624.3051990412638,624.3051990412638,-0.042998768205961824,142791.440484634,52466.71932443045,0.7312956376535779,9737,3375,104380.70070072447,-0.00023235263999865196,0.09791839678092146,99.97676473600013,9980.962186707577,59.683498641207,0
flashbots-c2,731,10000,840.3045492952726,-840.2822044880787,840.2822044880787,0.022344807193917404,234202.53671843943,48695.70743018635,0.8278684705989086,10030,3553,177185.65178127305,-0.000000418202621403907,0.07813639008941209,99.99995817973786,9998.51001043203,124.39984901616288,0
flashbots-c2,732,10000,152.6678196053952,-152.70075722159808,152.70075722159808,-0.03293761620287228,88920.09481734798,19473.28189481158,0.8203462011657483,7648,1688,58534.82284855079,-0.0000037827707205906336,0.03200366648398017,99.99962172292794,9996.157296246058,79.2662698882511,0
flashbots-c2,733,10000,120.19989369052372,-120.21923308873494,120.21923308873494,-0.019339398211215553,62061.78334753552,12316.014048928993,0.8344127618719397,5143,1327,43407.58652999666,-0.0000033577638271253817,0.04884394064405157,99.99966422361729,9996.712142036133,100.2393723827712,0
flashbots-c2,734,10000,426.3583079424965,-426.2876343422435,426.2876343422435,0.07067360025297376,123669.18476475228,21698.86502257905,0.8507315393284578,5002,1911,98731.24497625552,0.0005766326937276745,0.10144695660845202,100.05766326937277,9999.84433686717,128.31237941132758,0
flashbots-c2,735,10000,434.7448509407816,-434.10574796368303,434.10574796368303,0.6391029770985597,145850.62669545432,10448.281264024788,0.9331519240893639,7608,2347,110247.56693471615,-0.003633522213343099,0.0508259294677157,99.63664777866569,10051.111759114374,118.99688162807234,0
flashbots-c2,736,10000,569.6905610048677,-569.2775008935951,569.2775008935951,0.41306011127267084,147203.04469735114,31099.56871771918,0.8255798492121788,6811,2642,113012.40572967245,-0.002005836952804856,0.12556781903707248,99.79941630471951,10025.976949743232,98.53037177512664,0
flashbots-c2,737,10000,256.24186826276565,-256.19128333414665,256.19128333414665,0.05058492861900277,130456.39716192243,15526.93105609667,0.8936390117581924,10789,2330,86707.24098500733,-0.0018272588085592645,0.04425222676188554,99.81727411914407,10013.667148948138,126.62826571614187,0
flashbots-c2,738,10000,265.54819498353413,-265.5361081655862,265.5361081655862,0.01208681794793165,120110.77580974171,22913.01759352431,0.8397957637096131,8972,2346,83514.9608586247,0.0005624842216782611,0.04123272720162632,100.05624842216783,9989.080846581686,91.82415555038274,0
flashbots-c2,739,10000,229.64561292007048,-229.64298425086767,229.64298425086767,0.0026286692028065772,128394.58745437318,28849.705422288804,0.8165293957923312,9653,2468,86437.41455172723,-0.00024100049513108956,0.03405108239272565,99.97589995048689,9999.657957220077,121.64777944769699,0
flashbots-c2,740,10000,131.9352515408611,-131.89243808841346,131.89243808841346,0.04281345244763202,80798.9107493781,18518.43586839751,0.8135427848302673,7173,1558,52195.942574459914,0.003064962986419033,0.04597144917222721,100.3064962986419,9978.179763955211,84.62575815646454,0
flashbots-c2,741,10000,203.5649578378722,-203.5560244029799,203.5560244029799,0.008933434892327341,97749.6515636603,11846.598396661167,0.8919069000905584,7734,1950,68065.33784636288,-0.0008118565076588879,0.049457366224559964,99.91881434923411,10002.5964779005,95.66194468520477,0
flashbots-c2,742,10000,276.81564993135174,-276.8278923359342,276.8278923359342,-0.012242404582480049,102800.02163734683,11992.517658009576,0.8955287710192269,5705,1999,80979.2200258883,0.00000776217642822985,0.036354041496353344,100.00077621764282,9998.81650846469,132.35171059481505,0
flashbots-c2,743,10000,564.5937091611876,-564.7815176588238,564.7815176588238,-0.18780849763618335,124028.50976510701,8871.41895489588,0.9332473761247351,5786,2262,99479.98679411951,-0.000005947155612204824,0.08126051171665366,99.99940528443878,10002.078199297412,84.1320090263956,0
flashbots-c2,744,10000,208.75780964713218,-208.69604827580036,208.69604827580036,0.06176137133181214,98596.26532205344,27017.197076699777,0.7849179812356806,8772,2159,66247.30455332888,-0.0007285109005432844,0.04654253945994696,99.92714890994567,10003.933992815957,51.98239017487564,0
flashbots-c2,745,10000,422.82335824036466,-422.6713862812752,422.6713862812752,0.15197195908945105,103377.46562203646,30353.29145516253,0.7730268479850119,4779,2022,82826.84889372236,-0.0010617399279810513,0.07808604031634772,99.8938260072019,10004.032855735428,106.59549972683105,0
flashbots-c2,746,10000,356.82315767915713,-356.82986152773293,356.82986152773293,-0.006703848575796201,147168.51292631272,16948.300482462222,0.8967302610229938,8868,2729,106861.75186123668,0.000666926305244857,0.047534069871938554,100.06669263052449,9993.688786815226,101.02848243158687,0
flashbots-c2,747,10000,173.08197344832328,-173.11128067086003,173.11128067086003,-0.029307222536743893,66933.52943680876,24080.136070609697,0.735422851762333,5197,1616,48907.532629730194,0.004875693839990731,0.05082601906868476,100.48756938399907,9968.085778434359,59.147130478079994,0
flashbots-c2,748,10000,790.8892578559338,-791.2475652338261,791.2475652338261,-0.35830737789228806,225767.31149132262,50872.94086901185,0.8161043433305292,11581,3827,163261.2213381636,0.0003622672538423899,0.08176673256974042,100.03622672538424,10003.803682628039,65.84911581145109,0
flashbots-c2,749,10000,343.21695814719885,-343.09392641051403,343.09392641051403,0.12303173668482259,159567.5337886696,45659.26691970279,0.7775180105030011,10481,2822,107385.20925655897,0.001928470626343426,0.06287793905016031,100.19284706263434,9993.074641533822,75.92248779143098,0
flashbots-c2,750,10000,240.7467419446142,-240.67834352706157,240.67834352706157,0.0683984175526291,89457.30383881828,30172.37854216714,0.7477851822252861,7656,2279,62835.79776351259,0.000003719880915724616,0.07726948531948623,100.00037198809157,9996.674572051108,30.054351490408308,0
flashbots-c2,751,10000,745.8394136211427,-745.642310934825,745.642310934825,0.19710268631774852,221741.59414342436,47803.66495376854,0.8226506928228648,10439,3566,162682.987741228,-0.0012154574655538397,0.09779886256020859,99.87845425344462,10007.459589935734,101.2866927732182,0
flashbots-c2,752,10000,223.20254279463694,-223.02038516417645,223.02038516417645,0.1821576304604946,77388.70877506612,22534.846277345947,0.774479137921725,3991,1487,60433.2902915144,0.001407941003711528,0.07269528912722506,100.14079410037115,9996.207450710051,77.42692162612333,0
flashbots-c2,753,10000,310.3237306936858,-310.26195055381095,310.26195055381095,0.061780139874827,136834.75030955768,27334.073299349195,0.8335002182602824,10085,2596,93471.1492240501,0.0002493182054188026,0.048395177217531685,100.02493182054188,9995.544280705706,116.90083946461168,0
flashbots-c2,754,10000,1139.5768610934456,-1139.5890087010903,1139.5890087010903,-0.01214760764469247,217013.61585857839,21109.793558193993,0.911349356159911,8706,3267,169287.2343187476,0.0005363516786277956,0.24973429109342674,100.05363516786278,9994.925669614495,100.34288258639835,0
flashbots-c2,755,10000,245.4300835415292,-245.70727881921297,245.70727881921297,-0.2771952776837736,102809.43268044101,22382.96355496799,0.8212114774696095,9579,2173,66987.25205271257,-0.0014683557694441162,0.09964055457331028,99.85316442305559,9982.058366693098,75.26623008941496,0
flashbots-c2,756,10000,397.773938287772,-397.4245440912644,397.4245440912644,0.3493941965076033,128917.78522206769,32825.064348441636,0.79705400000306,9217,2798,92099.00322560119,0.000004891410269465269,0.09658871009788726,100.00048914102695,9995.943965758424,29.392458375787093,0
flashbots-c2,757,10000,829.9796690390698,-831.0159171557522,831.0159171557522,-1.0362481166823727,224365.16755875706,86132.2941053268,0.722599039477784,11414,3776,156846.50082748415,0.0026706496995795703,0.17724470146150423,100.26706496995796,9971.374515236312,158.94831824420146,0
flashbots-c2,758,10000,323.27237967444927,-323.2585793430153,323.2585793430153,0.013800331433969859,125438.95258714986,12425.539530100306,0.9098713574519776,7523,2393,93979.00269361875,-0.001806143958053923,0.043999249358312655,99.81938560419461,10016.846653262435,106.84769461779557,0
flashbots-c2,759,10000,160.25624742900118,-160.2413758444374,160.2413758444374,0.014871584563763918,69585.61141350037,18060.841594914335,0.7939352823190647,6751,1727,47882.48157068552,-0.0011474739487293561,0.04353101813787063,99.88525260512706,10007.64704461057,71.69126603690364,0
flashbots-c2,760,10000,184.39391839027562,-184.39687035255116,184.39687035255116,-0.0029519622755458386,77588.94771142927,6396.736582842004,0.9238353936555551,4537,1574,60111.42048942691,-0.0000004850571684755777,0.03957423764431851,99.99995149428315,10000.626317483397,103.10818805891064,0
flashbots-c2,761,10000,461.8820966443159,-461.9239945893764,461.9239945893764,-0.04189794506049793,195484.28131383783,19917.01028078663,0.9075353256550125,11491,3307,138064.89983856346,0.00000026502354955937334,0.041593799773570056,100.00002650235496,9992.459032063614,109.84123302701997,0
flashbots-c2,762,10000,377.7590658697214,-377.94598935863974,377.94598935863974,-0.1869234889183531,115147.35335535993,20137.693355971296,0.8511461994839625,5446,2113,91845.5814479336,-0.0002879222240915169,0.11970365272006163,99.97120777759085,10005.306471880678,95.76820015918756,0
flashbots-c2,763,10000,334.13968184731107,-334.1738547924058,334.1738547924058,-0.03417294509472413,151178.44939278605,38856.857102678376,0.7955282214696996,9623,2791,106348.23043898524,0.00000015278772210081116,0.06000922630683334,100.00001527877221,9998.49540775438,83.24321816981625,0
flashbots-c2,764,10000,343.9204730811741,-343.9563643430753,343.9563643430753,-0.03589126190115621,144384.4600114406,31978.91023978479,0.8186760085485348,8251,2584,104675.70038313417,-0.0000026379099074347323,0.078386779990457,99.99973620900926,9999.668169059227,112.10210031335453,0
flashbots-c2,765,10000,725.2847214455295,-725.0572394976226,725.0572394976226,0.22748194790688103,138297.71805851202,11588.281575289997,0.922686030692645,8215,2604,105208.32233478663,0.0009625428127526447,0.182155323446257,100.09625428127526,10005.50790515184,59.15366382988853,0
flashbots-c2,766,10000,475.7588092508108,-475.782228226786,475.782228226786,-0.023418975975175726,180123.60163292944,21324.20132990107,0.8941452772565823,10021,2830,129149.16777742874,-0.00024025292965689003,0.0653921659378156,99.97597470703431,10002.97379280132,129.17125411408526,0
flashbots-c2,767,10000,606.352849023178,-606.6211372155915,606.6211372155915,-0.268288192413479,234063.28816785765,43540.18544283035,0.8431569141534185,11198,3331,167047.5576532336,-0.0002828325249375041,0.050129107533423534,99.97171674750625,10002.99565016079,141.39502169550477,0
flashbots-c2,768,10000,433.9239300936161,-434.0389924721552,434.0389924721552,-0.11506237853910761,140000.82000989007,17262.155418324382,0.8902338241323432,6973,2389,106753.16146169246,0.00032555891532197733,0.06834349359044353,100.0325558915322,9988.510352644367,111.92007962805289,0
flashbots-c2,769,10000,357.5970230460561,-357.56674343318775,357.56674343318775,0.030279612868355343,93951.44045024186,19829.644663806255,0.8257210797038007,6726,2248,70395.50354845414,-0.000003878902023615183,0.07635059953068861,99.99961210979764,10022.569123640369,37.26992806776026,0
flashbots-c2,770,10000,382.722689988228,-382.7543668110409,382.7543668110409,-0.03167682281286943,134149.36152782754,29152.906528209227,0.8214788632439234,10469,2821,93045.62001022468,-0.0014223243652051565,0.1034329194201419,99.85776756347948,10001.29750748043,57.98356107023355,0
flashbots-c2,771,10000,360.27980851960314,-360.2070957422355,360.2070957422355,0.07271277736765569,124865.8167368743,31229.65042638125,0.7999323683517402,5958,2167,95669.7787443797,0.00037620212970480794,0.050837279058009555,100.03762021297048,9992.432524879925,117.1002968466999,0
flashbots-c2,772,10000,365.3213382883447,-365.35403271596243,365.35403271596243,-0.03269442761774144,107787.51960951263,11704.688295727155,0.9020464304667526,4770,1839,85718.3056004492,-0.0006915338914413382,0.07757142037477592,99.93084661085587,10001.583565903627,106.47163313139586,0
flashbots-c2,773,10000,160.5471601772911,-160.46111639974933,160.46111639974933,0.08604377754176085,54998.73768744366,11161.482000069956,0.8312961768750526,4064,1377,42132.45160892053,0.00000453034033441213,0.04807319351417192,100.00045303403344,9998.907154806568,60.991476141526256,0
flashbots-c2,774,10000,491.91546579139725,-492.1048313690469,492.1048313690469,-0.189365577649653,169994.8103545855,42244.70901705573,0.8009573846467147,8915,2972,124390.11325889749,-0.0009639211873272302,0.04458829807218663,99.90360788126728,10016.95564284008,105.14823605591745,0
flashbots-c2,775,10000,498.9319309361555,-498.8004077390056,498.8004077390056,0.1315231971498747,185956.78003572338,33200.612658844184,0.8485079045217754,9326,3078,137036.18295779565,0.0033929572448738554,0.035446220800047425,100.33929572448739,9968.32183132992,103.46699775840948,0
flashbots-c2,776,10000,654.1598370961065,-653.6919789667476,653.6919789667476,0.4678581293588877,183616.4632035251,30940.13759514177,0.8557949861250131,10771,3242,131921.55245058495,0.000006918579046271134,0.13662482670707063,100.00069185790463,10010.33878170102,79.8028225848472,0
flashbots-c2,777,10000,325.01818525891304,-325.0022772634376,325.0022772634376,0.015907995475458847,134133.28114421276,16006.28921910416,0.8933906019554261,10584,2489,92255.45897962032,0.000619470409157401,0.06583966557152919,100.06194704091574,9992.950152769961,121.75783026085003,0
flashbots-c2,778,10000,162.94162093199353,-162.9248575583504,162.9248575583504,0.016763373643129853,79838.0902523849,28210.64214588766,0.738908161903261,6114,1874,57275.16008497397,0.0002455088570782493,0.04181280962139965,100.02455088570782,9996.662246175256,70.4965545879545,0
flashbots-c2,779,10000,542.4280320814989,-542.1406946933807,542.1406946933807,0.2873373881182033,115273.9197786296,9660.44977890443,0.9226758031987695,5338,2054,93995.3804386664,0.0009261678939152773,0.08377003122507616,100.09261678939153,9989.27565695418,119.5149394147438,0
flashbots-c2,780,10000,203.55355134238388,-203.51245150360785,203.51245150360785,0.0410998387760344,66371.44945725771,15600.517560706234,0.8096847235923055,4678,1625,50686.837085689534,0.0019513238613976115,0.0534402555247155,100.19513238613976,9973.950475001615,43.201264710126864,0
flashbots-c2,781,10000,559.9022358093346,-559.8958884056707,559.8958884056707,0.006347403663880868,192816.2498564339,47027.7042912108,0.8039237450936071,9790,3435,141495.18473561836,0.00044116504833127126,0.047506267835954505,100.04411650483313,9996.284761324046,88.30946982733876,0
flashbots-c2,782,10000,340.14301359599233,-340.0191687830683,340.0191687830683,0.12384481292400551,121647.66881025805,43714.541645219644,0.7356437028459449,11008,3070,82077.83430264192,0.0014597784243906631,0.041229666789311066,100.14597784243907,10011.7714463412,30.849314336764525,0
flashbots-c2,783,10000,249.00446478822434,-248.9876580363998,248.9876580363998,0.016806751824532284,153096.46446421483,31260.165026542138,0.8304364474828423,9199,2309,104070.90546836892,0.0016302927864377636,0.028658441729340324,100.16302927864378,9978.761577802672,187.45760283221549,0
flashbots-c2,784,10000,511.78430388590215,-511.6493082834919,511.6493082834919,0.13499560241024255,169704.22719352265,36554.53985942302,0.8227734007057278,8388,2964,127104.5242462749,-0.0010479076086807027,0.06592265190029195,99.89520923913193,10012.149203592826,90.7681798913549,0
flashbots-c2,785,10000,393.2864093558047,-393.42819720674413,393.42819720674413,-0.1417878509394086,176740.54906266078,32181.645632155258,0.8459634904794834,11154,2802,120916.39190446098,-0.0027747656039980484,0.08416917612334586,99.7225234396002,10036.483721479346,107.79334861455105,0
flashbots-c2,786,10000,425.2479505028238,-425.23826234646276,425.23826234646276,0.009688156361050915,170030.74363344113,28638.015775833715,0.8558504323428279,11514,3267,119975.74398867282,0.000903425726238396,0.044964167579739464,100.09034257262384,9988.001212678286,69.39788457473159,0
flashbots-c2,787,10000,208.73435355908086,-208.773687198182,208.773687198182,-0.0393336391011303,72702.7232324508,15869.579307258211,0.8208290983499777,4465,1474,54711.31612457073,-0.0004034657283644094,0.0658479139401328,99.95965342716356,10002.089028709943,102.25641890206818,0
flashbots-c2,788,10000,430.2505444665526,-430.23817427214664,430.23817427214664,0.012370194405946222,143203.4005149877,8591.317964653013,0.9434017332704147,9893,2803,105288.55772650232,-0.00006062829207053255,0.04493244218564584,99.99393717079295,10010.016596846292,76.4701005624904,0
flashbots-c2,789,10000,469.5428170809812,-469.38104317989996,469.38104317989996,0.1617739010812329,134574.3206361606,30611.24602072006,0.8146857098943459,8784,2700,96659.90913102467,-0.0033306247338389027,0.11043326908518879,99.66693752661611,10001.04055590176,45.19913850165597,0
flashbots-c2,790,10000,606.099084372861,-605.2744896919166,605.2744896919166,0.8245946809443012,213384.87544140514,34784.72741264314,0.8598348588521516,10786,3234,151548.28918368,0.010934419926720835,0.12438417585679247,101.09344199267208,9866.558145480474,107.42707785417099,0
flashbots-c2,791,10000,537.8883949797558,-537.3544268429862,537.3544268429862,0.5339681367696585,100712.16019216467,25924.45445392868,0.7952846850306383,4414,1893,81575.69183944749,0.0036384858329444113,0.21079554547628546,100.36384858329444,9965.02370020896,79.51436980792685,0
flashbots-c2,792,10000,237.02605400118756,-237.04298619044957,237.04298619044957,-0.01693218926200757,118051.39989563824,15494.417145119349,0.88397676925822,8222,2352,84613.27039543804,-0.00015842341331193666,0.038608794980138444,99.9841576586688,10003.14572465326,107.75392412089055,0
flashbots-c2,793,10000,572.133218170511,-571.7637152243452,571.7637152243452,0.36950294616576684,169611.84206026848,44880.30960181988,0.7907601315290805,8973,3014,126281.16591313363,-0.0003334830333808725,0.10978347432926369,99.96665169666191,10003.934897930452,90.0232238598749,0
flashbots-c2,794,10000,505.70400691102515,-505.58365671657316,505.58365671657316,0.12035019445198714,155549.274275137,29195.677328451282,0.8419676582497521,8730,2977,115530.34740963067,0.0018995733880197462,0.060421852322338765,100.18995733880197,9984.823381674903,75.5775003864907,0
flashbots-c2,795,10000,185.64358802094264,-185.67399468148753,185.67399468148753,-0.030406660544883835,89110.86468149556,19460.327158522457,0.8207597537733797,5166,1604,66582.26439620771,0.0002981624349017409,0.031270235457097895,100.02981624349017,10005.205427256706,101.23265814628994,0
flashbots-c2,796,10000,507.2904644769955,-507.30760335682015,507.30760335682015,-0.017138879824642572,163358.39108869756,21215.43187271878,0.8850572007865185,11430,3289,115872.07833048115,-0.0025859181205451875,0.07236313894591603,99.74140818794548,10018.761900238369,44.766029147773274,0
flashbots-c2,797,10000,140.91112420219957,-140.76157275149703,140.76157275149703,0.14955145070254616,52810.10397826536,12795.064353617949,0.8049686529437696,4725,1340,38414.87171263713,0.005903453555558542,0.0549009489648482,100.59034535555585,9965.13240001017,48.03513720874063,0
flashbots-c2,798,10000,536.7693188789179,-536.7552300636385,536.7552300636385,0.014088815279478695,167222.86296750896,9752.254376087012,0.9448947709572466,9186,2818,123143.60205558673,0.00022838033534384295,0.06471082172435558,100.02283803353438,9995.125344814864,94.88059338914263,0
flashbots-c2,799,10000,292.63697889777126,-292.6697009641305,292.6697009641305,-0.032722066359269775,136148.07114492392,15215.917705829026,0.8994746516568605,9720,2436,94770.10145108172,-0.003523138624524762,0.07539218986362073,99.64768613754752,10052.32111332076,129.93298697183545,0
flashbots-c2,800,10000,219.12883059976468,-219.1750818773058,219.1750818773058,-0.04625127754110281,73119.1330708519,6414.867065262272,0.9193443426171966,5002,1544,55009.18195663968,-0.0000027448787425043975,0.04990590910266178,99.99972551212575,9999.425540375356,77.59413458054722,0
flashbots-c2,801,10000,654.187917102051,-654.2270853717429,654.2270853717429,-0.03916826969191334,209954.14769816305,33474.89528298789,0.8624860251963449,9880,3400,156421.37686960338,0.000002263587978035275,0.08061469682239931,100.0002263587978,9999.02300310922,104.84914144142202,0
flashbots-c2,802,10000,445.72962622092433,-445.5921680485822,445.5921680485822,0.13745817234212154,154326.37263595453,36136.96039681593,0.8102681507175015,8781,2813,114040.41177644396,0.0037506993686073995,0.06673327185871969,100.37506993686074,9975.675612521012,87.95038740837605,0
flashbots-c2,803,10000,467.18682014065143,-467.06579015249457,467.06579015249457,0.12102998815686306,188650.84306481265,24537.938799977383,0.8849004221266201,11429,3238,132138.54328013843,-0.00000028457117537072916,0.05374286362344847,99.99997154288246,9996.992448745159,89.95941612798795,0
flashbots-c2,804,10000,145.97335328586772,-145.97768781717676,145.97768781717676,-0.004334531309041267,79436.1880184382,13099.104130566175,0.8584420730041742,7341,1761,54690.9532326083,-0.0008639089131801824,0.035537782218123225,99.91360910868198,10008.229977270003,97.2363674029311,0
flashbots-c2,805,10000,208.79111424411585,-208.82648052359718,208.82648052359718,-0.035366279481337415,114077.23949020354,15057.373162769463,0.8833978524159626,9878,2012,74257.25478339593,-0.0015527707617472685,0.04311027833273158,99.84472292382527,10026.474726312594,119.2981378612403,0
flashbots-c2,806,10000,165.36618800008816,-165.3410370708454,165.3410370708454,0.025150929242755637,69297.13776136756,20130.36397651091,0.7748973907879575,6137,1584,48573.37040317563,0.0000014334754749256718,0.052948380834782684,100.00014334754749,9993.964628903615,75.48629317156421,0
flashbots-c2,807,10000,221.0095994128329,-220.91695168335102,220.91695168335102,0.09264772948188238,94964.16127602912,12218.841453258121,0.8860001946006372,6663,1910,69822.61238566544,0.0003397319797376497,0.04805294093345381,100.03397319797376,10001.916866608466,99.07495247045713,0
flashbots-c2,808,10000,296.8773709496372,-296.87966399122763,296.87966399122763,-0.0022930415904056645,87324.8232506756,17323.383005382006,0.8344607745784536,4429,1693,69710.04384252623,0.0000009294964878847623,0.08748587411861791,100.00009294964879,9999.931873115083,99.8784555894213,0
flashbots-c2,809,10000,1017.9793072863121,-1017.9993446703496,1017.9993446703496,-0.02003738403755051,199217.52457928658,15126.436390472494,0.9294291459295808,7378,2953,160268.76408386772,0.004221658597998897,0.12541444067832727,100.42216585979989,9970.51783121033,98.84999152418169,0
flashbots-c2,810,10000,395.7968182816945,-395.6753431061437,395.6753431061437,0.12147517555081322,139021.4072427136,42576.134233720324,0.7655467475629594,7322,2560,104433.15211669361,-0.0039136488238990805,0.046974450642378256,99.60863511761009,10066.948558451397,110.90749740308672,0
flashbots-c2,811,10000,634.8300217505623,-635.5073615742374,635.5073615742374,-0.6773398236750836,241787.9271434429,8401.337274769767,0.9664200728424294,10112,3004,178668.4320583152,-0.00004542327680894687,0.05651221023639735,99.9954576723191,9951.124270864033,186.54067034309261,0
flashbots-c2,812,10000,201.37090303487128,-201.3710134141159,201.3710134141159,-0.00011037924463153104,72233.60183437438,4330.4938538772985,0.943439626433911,4184,1444,57226.43175666599,-0.0004978002257153946,0.04829171608069047,99.95021997742846,10005.403542244667,99.1449253962304,0
flashbots-c2,813,10000,118.87773621820294,-118.92625289949774,118.92625289949774,-0.04851668129479947,53503.514351882266,10121.331023025383,0.8409217191273988,3701,1038,39183.56637280378,0.0012771504875574635,0.044501673787638654,100.12771504875575,9980.912885678532,176.8947872540809,0
flashbots-c2,814,10000,149.91724433975682,-149.95862433335617,149.95862433335617,-0.04137999359934952,58874.29363058126,5024.555378724042,0.9213670440606475,4479,1195,42973.957685265676,-0.0007051462775616812,0.03698385665331145,99.92948537224383,10004.14823682848,62.71693477351568,0
flashbots-c2,815,10000,223.82962885557504,-223.96886166117858,223.96886166117858,-0.139232805603541,69985.74090611028,16667.148417993583,0.8076561722523273,4485,1606,53414.52495016218,-0.000003939168363018553,0.04652520030503595,99.9996060831637,9996.630837691378,77.68030596446827,0
flashbots-c2,816,10000,652.8474116747259,-653.4011190793693,653.4011190793693,-0.5537074046434327,133612.09901324403,20893.35626546403,0.8647726953862237,6405,2497,106035.58463753153,0.0004487226170299152,0.10029581514822539,100.04487226170299,10011.611840706437,64.61531201975052,0
flashbots-c2,817,10000,135.09421539434322,-135.10036878667051,135.10036878667051,-0.00615339232729184,87308.66732396539,8721.576485046402,0.909178857210941,7157,1706,60133.98669762618,0.0003436736367966375,0.026153317588979094,100.03436736367966,9996.404925492083,129.80734167473219,0
flashbots-c2,818,10000,276.71305518402863,-276.70828350802554,276.70828350802554,0.004771676003088032,134154.72483412927,14918.192572168073,0.8999268758421851,9683,2573,93500.50476733591,-0.0008757064674894366,0.03270740371947824,99.91242935325106,10008.437093928478,98.4871648904089,0
flashbots-c2,819,10000,496.65585574638624,-496.6662944434546,496.6662944434546,-0.01043869706836631,181277.42412956344,37519.01463408902,0.8285209080819744,9492,3259,131318.49850210952,-0.00033955593623133493,0.06302946105672419,99.96604440637687,9999.196597764982,78.1946351444569,0
flashbots-c2,820,10000,507.7865849618646,-507.7199667923752,507.7199667923752,0.06661816948940213,168157.51089827236,9964.89753120003,0.9440559016742375,9729,2906,123500.59421179706,0.00038992476078647087,0.084079000555611,100.03899247607865,9995.226917057784,100.49189058316097,0
flashbots-c2,821,10000,725.7514204444855,-726.2637138478817,726.2637138478817,-0.5122934033962565,186648.0855887953,49403.008124755295,0.7907105307264277,8482,3173,140292.4896955308,-0.004497778446155252,0.11469509888407145,99.55022215538447,10029.017004162633,96.39702422755052,0
flashbots-c2,822,10000,221.89684987734822,-221.8507681725652,221.8507681725652,0.046081704783006217,82808.39266700047,8941.623539904196,0.9025436298589854,6254,1778,61243.074708023996,-0.00009165893928368974,0.05872738788992635,99.99083410607163,9999.180490883433,84.97408078309397,0
flashbots-c2,823,10000,642.7444668738865,-642.7542666927076,642.7542666927076,-0.009799818821079498,194009.11072902416,11248.340966389816,0.9451988667233311,10935,3197,140373.50247168262,-0.0006135322722917635,0.08632258148000375,99.93864677277082,10020.29211822064,97.60021019536488,0
flashbots-c2,824,10000,198.5576799668622,-198.53505796819124,198.53505796819124,0.0226219986709566,69024.39397894529,6282.241435215133,0.9165778500039872,4965,1477,51546.90040184255,-0.0009136679771155798,0.056485708534602705,99.90863320228844,10006.965260736752,86.78164772720766,0
flashbots-c2,825,10000,327.784139206241,-327.77951798404393,327.77951798404393,0.004621222197044972,120161.93563668772,19891.590097764,0.8579715148658277,6651,2267,90926.88748614369,-0.0015500454867267877,0.059442205399318056,99.84499545132732,10015.294788790241,102.54219046099887,0
flashbots-c2,826,10000,717.0489262431546,-717.0237038148148,717.0237038148148,0.02522242833981636,168400.17909809685,13101.271437815652,0.9278172631726522,7742,2717,131571.690866981,0.0016867112868149548,0.12332180146421123,100.1686711286815,9993.158925809672,85.45788929678895,0
flashbots-c2,827,10000,349.4465568859772,-349.38741447961394,349.38741447961394,0.0591424063632644,123681.5162618713,19371.813496879062,0.8645832744365454,5332,1915,96665.55399511328,-0.000567802441796772,0.055401195687202004,99.94321975582032,9993.259699289587,160.70313852432446,0
flashbots-c2,828,10000,313.16816352565064,-313.6495122646326,313.6495122646326,-0.4813487389819784,117351.32278694143,24556.067442634732,0.8269570922070499,8219,2292,82608.39820379541,0.000001769482425828528,0.08700050863485657,100.00017694824258,9992.392140775002,75.19124874910781,0
flashbots-c2,829,10000,350.605783385304,-350.5901262358321,350.5901262358321,0.015657149471905996,129394.94881075229,4261.355439596541,0.968117063661923,7083,2220,96947.8911015705,0.0002714280488437737,0.03847391122338962,100.02714280488438,9993.39974551223,122.83687938068753,0
flashbots-c2,830,10000,160.51348802638907,-160.5429579758419,160.5429579758419,-0.029469949452817445,113654.21899583799,19768.141640095382,0.8518378662626404,9165,1949,73466.82988764998,0.0003156765606711076,0.024564277149275,100.03156765606711,10000.558702208664,112.94110362518128,0
flashbots-c2,831,10000,562.4378516293998,-562.9918840160614,562.9918840160614,-0.5540323866615608,118897.4543761916,38020.175470239505,0.7577061576353893,5437,2324,95580.30825523373,0.000008093041214891628,0.10567064071599773,100.00080930412149,10018.612327765117,51.688097046321765,0
flashbots-c2,832,10000,575.264593946895,-575.212014211611,575.212014211611,0.052579735284098206,222989.18404353026,63289.732690522316,0.7789228301806198,10473,3687,162063.95942265028,-0.0009279145124467902,0.03843731841630728,99.90720854875532,10006.319143834302,91.85844630659516,0
flashbots-c2,833,10000,500.55146207814465,-500.3217461646,500.3217461646,0.22971591354468046,143045.77430084225,49143.820395227885,0.7442951036295996,6653,2520,110393.10909716596,0.0000015418038385917043,0.08992716362210558,100.00015418038386,9992.292458017837,104.45568928617625,0
flashbots-c2,834,10000,720.2645381376688,-719.936742674575,719.936742674575,0.32779546309370744,185869.86803347408,27962.33192689726,0.869232361019157,9910,3381,138942.06914610177,-0.01357694643977311,0.062141511062840916,98.64230535602269,10065.74251115412,46.10246177590722,0
flashbots-c2,835,10000,726.6899854577618,-726.741383549929,726.741383549929,-0.0513980921671191,117631.65266991469,23582.923732025163,0.8329993664046341,5968,2419,92080.01949887177,-0.00039767029982911594,0.16481181435704684,99.96023297001709,10006.053259871733,34.93327604732511,0
flashbots-c2,836,10000,742.2209025401202,-742.2190418411084,742.2190418411084,0.0018606990117859823,234133.49774751457,43657.80824948793,0.8428395442657984,11164,3781,171493.72072346054,-0.000510306750551166,0.05023923025980679,99.94896932494488,10004.751826988973,90.85752508151614,0
flashbots-c2,837,10000,279.03965819623295,-278.94244954846215,278.94244954846215,0.09720864777079896,103895.57850931819,14296.74373923606,0.8790383041195305,6269,2037,78903.70148713134,-0.004859803023762765,0.032921384902824966,99.51401969762372,10043.745939983004,91.23673533614378,0
flashbots-c2,838,10000,163.7744115629139,-163.92967649764645,163.92967649764645,-0.15526493473254277,58225.78828933842,10085.112232515885,0.852364525200639,4799,1428,42901.12949282467,-0.0030393198469961646,0.04494982422316042,99.69606801530038,10017.31660568991,60.250967028008056,0
flashbots-c2,839,10000,308.0397510219067,-308.03336042700823,308.03336042700823,0.0063905948984483985,75424.15060230094,8470.36006869311,0.8990355864651144,4125,1515,61211.41663513506,-0.0005990936684578685,0.08376935914457945,99.94009063315421,10008.129757450182,108.29122919939262,0
flashbots-c2,840,10000,200.63081090603544,-200.6423481662665,200.6423481662665,-0.011537260231051505,78820.40406071495,7262.859055484556,0.91562983566642,6668,1761,56066.939682840995,0.000184623523826275,0.05615111914354969,100.01846235238263,9992.943853980736,71.96154163648174,0
flashbots-c2,841,10000,303.6855977586298,-303.4962128300705,303.4962128300705,0.18938492855932054,114366.11895824157,32902.16193668297,0.7765835131859891,5654,2121,87807.01196993502,-0.0011334340015596923,0.05089643164344722,99.88665659984403,10026.639801217227,100.83021057413497,0
flashbots-c2,842,10000,830.4823133773825,-831.226420821527,831.226420821527,-0.7441074441444471,240358.30498700388,60727.67358154727,0.7983045445348734,11442,3523,171489.28843469406,0.000426083308300349,0.12339326960674583,100.04260833083003,9993.485616903316,104.82636872516866,0
flashbots-c2,843,10000,217.04001516696442,-217.0184055996142,217.0184055996142,0.021609567350225234,87128.68464945952,23441.859530465015,0.7879918227378936,5584,1786,65494.88740271254,-0.000004146212504707592,0.059679207418052015,99.99958537874953,10000.654560493445,90.99599602018608,0
flashbots-c2,844,10000,521.6692953736816,-521.7051907167003,521.7051907167003,-0.035895343018637504,185841.07949775195,36825.84886744607,0.8346146455703217,9085,3063,136683.1516615055,0.001106047935419099,0.04075772071534274,100.11060479354191,9993.040770128538,130.21283471593298,0
flashbots-c2,845,10000,767.7334532810133,-767.392930022441,767.392930022441,0.3405232585723752,211744.9479751652,17614.186984245294,0.9232025923564698,9464,3257,161207.15931547154,-0.0008631220138568096,0.06595288528510608,99.91368779861432,10008.865099114977,86.84440521727163,0
flashbots-c2,846,10000,1111.93045543014,-1111.28295555404,1111.28295555404,0.6474998761000279,249697.33107936705,53956.21691180391,0.8223099408231754,11416,3982,184583.3096264295,0.0009133517902039046,0.1866273585421122,100.09133517902039,10007.69391369621,86.26568770451667,0
flashbots-c2,847,10000,213.30131065417336,-213.34060270979526,213.34060270979526,-0.039292055621899635,102754.00730904452,15013.411241026579,0.872516427498635,9120,2155,69570.17915293516,0.001982846202811288,0.035094161930309155,100.19828462028113,9990.770206063014,101.68714168473659,0
flashbots-c2,848,10000,476.5033518945642,-476.46120667011905,476.46120667011905,0.04214522444516433,162556.6680710877,37215.8815681308,0.8137087320788504,9203,3016,119246.88631262488,0.00001401543722124643,0.06935672186414536,100.00140154372212,9995.494562881706,86.78353724731187,0
flashbots-c2,849,10000,421.4140595073951,-421.3431562166199,421.3431562166199,0.07090329077522028,107859.42785564817,29196.138894684656,0.786975898995261,6443,2280,83340.72662360726,0.0008407121069799928,0.11864201566949462,100.084071210698,10008.72189170471,48.957746823523024,0
flashbots-c2,850,10000,111.74595352577055,-111.72681821548453,111.72681821548453,0.01913531028601767,57981.058763158515,8581.843921696876,0.8710716694203084,5385,1317,40559.76454020913,0.0035277698888749854,0.023250270170479297,100.3527769888875,9979.24181402729,67.06723239911757,0
flashbots-c2,851,10000,712.777586329772,-712.869159896519,712.869159896519,-0.09157356674700168,160477.0969909376,15864.211087158097,0.9100368979902749,7921,2793,124334.38162315672,0.0024568709282620205,0.10953575658370313,100.2456870928262,9985.933977032035,82.33778507966863,0
flashbots-c2,852,10000,401.45316516421093,-401.0953242723706,401.0953242723706,0.35784089184033974,139142.3056751938,30923.47423872931,0.8181675687232265,5998,2155,106253.14128217181,0.0000021943295567439236,0.07973529807506707,100.00021943295567,9999.093854415563,88.6748237802902,0
flashbots-c2,853,10000,148.52663593877188,-148.5428053329519,148.5428053329519,-0.016169394180025165,89810.03173726506,15418.701651912252,0.8534744156342943,8181,1782,59552.48719616675,-0.0005327820609835499,0.027921141666472808,99.94672179390165,9998.545205997942,148.30004310935598,0
flashbots-c2,854,10000,444.8220950663225,-444.81059012720107,444.81059012720107,0.011504939121437019,155044.31683189637,13311.639921205118,0.920931577486581,9700,2827,111888.62867186674,0.00029724922959033505,0.0600376374708263,100.02972492295903,9997.662966599297,91.36150052574122,0
flashbots-c2,855,10000,550.2095042387579,-550.1591192252401,550.1591192252401,0.05038501351771174,235458.85097701187,37572.75828579201,0.8623867822951345,10439,3238,169284.97000384517,0.0010185415304350442,0.05781936190512752,100.1018541530435,9975.939766541573,198.6265803228232,0
flashbots-c2,856,10000,440.45011207880276,-440.5490541899523,440.5490541899523,-0.09894211114954032,99798.071987774,30950.979893559732,0.7632795079718783,4725,2084,80596.88851079941,0.003491203311205453,0.10136121079464985,100.34912033112055,9977.97402341264,67.00186336323387,0
flashbots-c2,857,10000,414.9049909467275,-414.53414832770574,414.53414832770574,0.37084261902174376,92769.19678272957,26862.728838748684,0.7754551830608847,5249,1976,71364.0720784839,0.0035863253264805904,0.1589122818422206,100.35863253264806,10015.717768951316,60.32203024469303,0
flashbots-c2,858,10000,254.18604016015283,-254.23488701805007,254.23488701805007,-0.048846857897245854,107242.49005300239,17867.832980000443,0.8571833838580443,7844,2238,76245.69876499625,-0.0008748529069946187,0.07697024845973643,99.91251470930054,10002.477705485144,77.63671165355022,0
flashbots-c2,859,10000,736.5316801869628,-736.4251595745048,736.4251595745048,0.1065206124579845,232169.54094031223,50077.44035256564,0.8225758159638136,10176,3646,172855.2963188434,0.005441542555862355,0.05777883322131345,100.54415425558624,9947.871071720145,80.30670692604882,0
flashbots-c2,860,10000,251.2037532096306,-251.2007063992751,251.2007063992751,0.003046810355499474,124650.78941510289,19610.43158534439,0.8640630416868328,8827,2106,83561.52036966976,-0.000612640505697044,0.06770449868430348,99.9387359494303,10025.669621297007,197.45107031287412,0
flashbots-c2,861,10000,370.07083782911604,-370.0932822669074,370.0932822669074,-0.02244443779136418,107082.10194615174,4554.419622902958,0.9592031392693855,5371,2003,85276.85149978397,-0.0000014031223625465827,0.04773152772015393,99.99985968776375,9997.214470710373,101.3932377875106,0
flashbots-c2,862,10000,576.9793049643065,-577.1314421329205,577.1314421329205,-0.15213716861399007,189203.85855103287,37487.52137612734,0.8346319062146398,9787,3025,138125.418103484,-0.0011917819737082879,0.07667632584752468,99.88082180262917,10000.096435748172,57.60465136755883,0
flashbots-c2,863,10000,319.5098702712155,-319.4675358908847,319.4675358908847,0.04233438033082848,125163.91274239916,16579.46189648141,0.8830318387810302,6850,2087,92823.10720667146,-0.0000033919508169333314,0.06792936545781003,99.9996608049183,9998.960066664808,145.07392197208722,0
flashbots-c2,864,10000,204.91116290464635,-203.80534449780686,203.80534449780686,1.1058184068394894,99014.38600956359,14993.47156245308,0.8684873842754042,8703,2205,67458.77859797417,-0.020718307712939747,0.030889476093400533,97.92816922870603,10090.709455589282,46.03179362892335,0
flashbots-c2,865,10000,226.8676722276371,-226.75800491802283,226.75800491802283,0.10966730961425242,94943.35916717658,13366.839212412173,0.8765874367105657,5552,1783,71141.70856336944,-0.0011202704393883777,0.030069856980440762,99.88797295606116,10033.727822586312,122.21216496178592,0
flashbots-c2,866,10000,112.91600084942522,-112.91976532258809,112.91976532258809,-0.0037644731628745376,65159.713449087765,13074.398052753886,0.8328811077192829,5397,1375,45683.10674879267,-0.0000008314554055743883,0.030078784469942405,99.99991685445944,9990.924019700053,108.47222454667182,0
flashbots-c2,867,10000,644.3575207489134,-644.3388067438026,644.3388067438026,0.018714005110837206,171531.8020896069,18368.2690730043,0.9032740274369061,7707,2870,131748.45909109458,0.00041126927447677987,0.0744135466729803,100.04112692744768,10001.932332724178,94.5777182947253,0
flashbots-c2,868,10000,180.93049181085067,-180.92706534182184,180.92706534182184,0.003426469028823931,81867.40128642016,10368.092548367595,0.887591076739515,5244,1689,61172.72617400684,-0.0005945152123778997,0.033768091716666365,99.94054847876221,10005.955122887279,99.10295489690044,0
flashbots-c2,869,10000,212.6484884607484,-212.70688257976346,212.70688257976346,-0.05839411901504832,73642.28611386262,10847.3122182554,0.8716136372714666,5140,1595,55146.086024951364,-0.0031148559052918755,0.04455321794264904,99.68851440947081,10025.63914393481,80.18677816515901,0
flashbots-c2,870,10000,209.7717983794291,-209.68739353435092,209.68739353435092,0.08440484507818269,70309.49335409432,7464.160990414517,0.9040271277809447,4050,1331,55163.73704862848,0.004060684465040793,0.04171789343240491,100.40606844650408,9952.948718117654,105.06790297340291,0
flashbots-c2,871,10000,146.51883090369338,-146.48456822166509,146.48456822166509,0.03426268202829874,67032.12950281662,13942.74300239073,0.8278139554774341,4308,1224,49182.22246002497,-0.00000034293139790975145,0.03748721759219336,99.99996570686021,9987.001765249499,162.52717894192187,0
flashbots-c2,872,10000,661.3596635741449,-660.9119795205897,660.9119795205897,0.44768405355512186,138997.31428820692,23663.058453303278,0.8545247496087622,7350,2761,107485.73955613478,0.0024045094158493896,0.14092690850386858,100.24045094158494,9990.3401857755,46.93697407140254,0
flashbots-c2,873,10000,645.3222967096141,-645.3175193144009,645.3175193144009,0.00477739521318199,181231.65798311523,21705.00319500063,0.8930454306826782,8032,3005,142131.30116288963,0.0007891316209790489,0.06548883250829818,100.0789131620979,9992.924814937556,98.61261982968234,0
flashbots-c2,874,10000,294.85301664076246,-295.027886639343,295.027886639343,-0.17486999858056151,95406.50331582272,16428.976820180163,0.8530969170052213,5227,1834,74586.98791573339,0.00000028705568070108714,0.0618978397211599,100.00002870556807,10002.384525027488,103.32487417824419,0
flashbots-c2,875,10000,650.2629116672454,-650.1620562223065,650.1620562223065,0.10085544493881571,172015.00533375458,37717.77389428512,0.8201627135581173,8283,3099,130896.15617826358,-0.0000021491435892073697,0.07438741563231219,99.99978508564108,9996.604574290139,86.56645037972162,0
flashbots-c2,876,10000,611.1661817905601,-611.1251692976238,611.1251692976238,0.041012492936374656,204487.75268327535,37214.65360811438,0.8460311000658826,10709,3488,149100.47151557833,0.0020252227095116384,0.054621823412828265,100.20252227095116,9975.733897816657,85.52460096449374,0
flashbots-c2,877,10000,500.97387099683544,-500.9975178061966,500.9975178061966,-0.023646809361139276,121904.92937062125,23387.290445131108,0.8390327405363553,5612,2302,97071.83015707716,-0.0016952242152140683,0.07889221049208828,99.8304775784786,10020.480085099913,70.11026216843064,0
flashbots-c2,878,10000,428.9857614437849,-428.88240135833126,428.88240135833126,0.10336008545363029,123438.84430445009,21676.19989990622,0.8506274796058979,5740,2240,98411.9762778355,0.0000018395593187392477,0.06648453651082079,100.00018395593187,10008.77581377574,99.63650055586174,0
flashbots-c2,879,10000,778.0387749175453,-778.445300685774,778.445300685774,-0.4065257682286756,251705.699089077,42932.54019021007,0.8542872768476112,10669,3672,187117.26527316702,0.00011005636559062282,0.04677565238112393,100.01100563655906,10003.794818155766,106.96298308753185,0
flashbots-c2,880,10000,289.8077424368857,-289.8190033200779,289.8190033200779,-0.011260883192221627,118773.1834784915,13377.530557364573,0.8987706524708229,7348,2267,87110.4325547269,0.000006428783618730449,0.05264052575530158,100.00064287836187,9998.76913627956,105.03268926818903,0
flashbots-c2,881,10000,1018.0285702455545,-1017.9459656650756,1017.9459656650756,0.08260458047891461,206926.23982468533,24338.922660177854,0.8947575052002443,8455,3458,162851.35060493587,-0.0000013364477050004097,0.12867781489849747,99.9998663552295,9996.727411264048,79.91864952698177,0
flashbots-c2,882,10000,220.06236137651996,-220.08064083004513,220.08064083004513,-0.018279453525167355,104313.86581273205,19450.63660517323,0.8428415561394503,7759,2154,73547.41498124677,0.0010738255194127078,0.040845085768533525,100.10738255194127,9989.224316854248,92.96718688283305,0
flashbots-c2,883,10000,261.06752621795584,-261.03439076432926,261.03439076432926,0.033135453626584876,101157.25763312387,13181.11368746336,0.8847183711362693,8447,2165,71020.48366991192,-0.001408423310318625,0.06952627289070094,99.85915766896814,10012.962783867108,57.866316955603345,0
flashbots-c2,884,10000,384.0861351362741,-384.1822489350066,384.1822489350066,-0.09611379873251735,122838.58024596244,6134.239201684453,0.9524377366645498,6485,2118,95496.27954492082,-0.00015671443988750865,0.04641369087624028,99.98432855601125,10013.2193877529,171.72152903121366,0
flashbots-c2,885,10000,212.24778694099226,-212.2392905237161,212.2392905237161,0.008496417276148804,90316.5430207288,17649.427941885526,0.8365278635062057,5707,1884,68283.3665003231,0.0006007379280217151,0.038422010251662614,100.06007379280217,9993.732285263153,95.93368572207761,0
flashbots-c2,886,10000,799.9595144066946,-799.6928526068236,799.6928526068236,0.2666617998709171,229215.8822660932,39889.29073905455,0.8517706282134848,10752,3662,170266.03861458713,-0.004609132471411925,0.09160786477043673,99.53908675285881,10052.546772744136,98.39244390078188,0
flashbots-c2,887,10000,148.2015443214313,-148.2178544148753,148.2178544148753,-0.016310093443991036,70597.66008648866,7162.22062693624,0.9078931119592148,5342,1407,50899.6254960156,-0.0001604171494138029,0.04276073748892315,99.98395828505862,10002.953511493371,150.83631635609953,0
flashbots-c2,888,10000,335.73290190249344,-335.6816942266071,335.6816942266071,0.05120767588635999,145809.76230294706,7492.024160086447,0.9511289181102072,11033,2693,101334.08163577081,0.0021906891455915913,0.04702125217514677,100.21906891455916,9974.574000394743,101.32791616145774,0
flashbots-c2,889,10000,348.3069810296947,-348.3291645499321,348.3291645499321,-0.022183520237376797,139268.46362701932,32210.46655183727,0.812160791309807,7678,2555,102752.13439268917,0.0000026516390632025375,0.03629815680334247,100.00026516390632,9998.680330139725,96.7181977662013,0
flashbots-c2,890,10000,279.7929845023386,-279.79749738265264,279.79749738265264,-0.004512880314052836,86958.64241481632,11101.947973610564,0.8867848140661326,4485,1730,70115.4885857155,-0.001763624211045851,0.057662628178102866,99.82363757889541,10016.607412963955,101.83985582112363,0
flashbots-c2,891,10000,195.90876039846734,-195.8277611260477,195.8277611260477,0.080999272419632,98351.55987254358,12344.058296298923,0.8884864775995857,8135,1827,67238.14110748046,0.004300363877354698,0.03036023370245701,100.43003638773547,9967.94334455514,97.39477003811395,0
flashbots-c2,892,10000,170.12421954760745,-169.6879295708799,169.6879295708799,0.43628997672755077,78843.93291779073,12287.50027041031,0.8651672662160964,4809,1506,58443.26180070349,-0.010955430518206981,0.029539933687792654,98.9044569481793,10103.893650965842,87.98773448184434,0
flashbots-c2,893,10000,726.8210004264522,-726.8043302900841,726.8043302900841,0.01667013636813408,248715.2978411002,33706.442513704074,0.8806520968557203,10612,3565,183087.6666310678,-0.0013779641656867625,0.10912106435755532,99.86220358343132,10032.087763623154,162.11446641430615,0
flashbots-c2,894,10000,721.1185187297131,-721.3043160799018,721.3043160799018,-0.18579735018875,198886.8042216399,38030.59275189941,0.8394774160204582,8951,3229,148650.10437913734,0.00033889616955804056,0.16590402798678852,100.0338896169558,9996.009028896191,103.80107120402114,0
flashbots-c2,895,10000,409.57892541688966,-409.5349963434879,409.5349963434879,0.043929073401784535,195273.29342947292,30439.858401378435,0.8651391903641045,10818,2892,135089.3480549681,0.000001049742756293881,0.05367251978543521,100.00010497427563,9999.72093471687,152.32987369519603,0
flashbots-c2,896,10000,191.71273914269204,-191.76939458642855,191.76939458642855,-0.056655443736502775,91976.65102005377,15690.236375026425,0.8542705491480255,7281,1977,64403.52353105674,0.000027346992866625896,0.04176976328284539,100.00273469928666,10008.457087900584,74.75278526739645,0
flashbots-c2,897,10000,354.3278790639532,-354.4965718040497,354.4965718040497,-0.16869274009650326,113850.88222561823,22106.047068527565,0.8374040427119339,7945,2447,82493.86341822594,0.0011093808324687871,0.08920752593026521,100.11093808324688,9997.832610569592,61.66054881566218,0
flashbots-c2,898,10000,302.77204360242547,-302.77975031510175,302.77975031510175,-0.007706712676281313,123265.66872175346,25983.51203088071,0.8259051614229908,9883,2558,83743.88895123034,0.00026475375034650027,0.04610837515642572,100.02647537503465,9989.273741370293,61.72752126679433,0
flashbots-c2,899,10000,585.0089422956037,-584.859664487796,584.859664487796,0.14927780780772082,135372.13555856954,62358.59071898949,0.6846287276998348,8406,3242,100520.27203910882,-0.0009610981368524563,0.08767487177818638,99.90389018631475,9989.064793242738,48.27563102318908,0
flashbots-c2,900,10000,307.90482183761696,-307.8791352704839,307.8791352704839,0.025686567133050175,149406.89743733458,26076.91924899682,0.8513998627257576,11465,2900,101958.1091131619,-0.0000001295686689672948,0.07675792354603886,99.9999870431331,9996.093850379015,95.15456377734994,0
flashbots-c2,901,10000,431.2175371236745,-431.1326575962566,431.1326575962566,0.08487952741791105,145561.65116461366,47818.987387633344,0.7527209148463239,9795,3119,102321.36310143705,0.00041655650954083964,0.05814526568436548,100.04165565095408,9975.499892657444,51.95977984924389,0
flashbots-c2,902,10000,672.1457219427778,-672.4718504257975,672.4718504257975,-0.32612848301971553,174891.71321678866,53631.35283344793,0.7653131748999987,9577,3301,128460.26369997798,0.0020036691607445787,0.1991336012264675,100.20036691607446,9988.04542511385,42.07959173122799,0
flashbots-c2,903,10000,458.15595808071424,-457.97898737307895,457.97898737307895,0.17697070763529155,216349.5976640606,36826.041345285026,0.8545435039114263,11661,3097,149892.6471822121,0.0000023343915516704782,0.04090249793560929,100.00023343915517,9988.364176220035,79.3553036882172,0
flashbots-c2,904,10000,614.4444692539587,-614.4697400704196,614.4697400704196,-0.025270816460874812,202700.4201110614,11975.527195639575,0.9442157943361464,10034,3261,150278.3682660723,0.00008131704287208663,0.05630963968970178,100.00813170428721,9997.443800630577,103.56459739764196,0
flashbots-c2,905,10000,453.264409434499,-453.2545460528247,453.2545460528247,0.009863381674279026,164525.44661972584,39064.95862326269,0.8081198444659609,8440,2966,121267.51250493889,-0.0007937083648307918,0.041239065455029617,99.92062916351692,10007.773420275325,95.28967750177506,0
flashbots-c2,906,10000,137.1894843502199,-137.22433995664335,137.22433995664335,-0.03485560642343444,93208.83261469027,9064.736601018956,0.9113677495512046,7340,1576,61852.127289136435,0.0005910627834941806,0.03376195856559676,100.05910627834942,9982.87567856818,176.99047483532598,0
flashbots-c2,907,10000,188.67663968812985,-188.6240087985423,188.6240087985423,0.05263088958756157,81757.83362346905,20165.927403067017,0.8021469459136542,5345,1755,60672.94705129498,-0.00006922904143124243,0.0385243088865883,99.99307709585688,9991.011742158773,116.46277568617353,0
flashbots-c2,908,10000,374.4632941890674,-374.68055185690633,374.68055185690633,-0.21725766783890776,138950.76285793545,23473.062948548857,0.8554826372793655,8410,2496,101411.81335271113,0.000057921927368767,0.06043636009497831,100.00579219273688,9989.934055760928,80.53688170807973,0
flashbots-c2,909,10000,521.7907979574086,-517.270913745606,517.270913745606,4.519884211802605,140992.43923252847,18630.077956379475,0.8832866547623015,6793,2543,109809.33509647197,0.0384194735108224,0.06509298643888925,103.84194735108224,9745.715010605856,63.95569969304597,0
flashbots-c2,910,10000,473.5297804191151,-473.45397866138313,473.45397866138313,0.07580175773199471,212182.67990587343,41013.72271970807,0.8380161712630735,10576,3027,150576.20553321752,-0.002368250271065051,0.07512288252892148,99.7631749728935,10030.752844228376,185.42967231080868,0
flashbots-c2,911,10000,375.6710949521936,-375.55168737003225,375.55168737003225,0.11940758216132963,158680.45838636463,24478.49022745271,0.86635383958736,11750,2934,107879.47305554802,0.002175286511204888,0.043997296628893706,100.21752865112049,9984.65451600026,52.93232788898077,0
flashbots-c2,912,10000,608.388114027978,-608.1805217892421,608.1805217892421,0.20759223873585597,200946.51258568975,12708.124046912943,0.9405202515273954,9028,2954,150275.69085540576,0.0053312499248480095,0.048110459257223966,100.5331249924848,9962.234523451094,134.0828478532055,0
flashbots-c2,913,10000,315.09797404519867,-315.08106942976747,315.08106942976747,0.016904615431201364,146725.77147588736,27360.85980578038,0.8428319302617143,9528,2627,102403.1914382447,0.0029765572934184093,0.04213636321731755,100.29765572934184,9993.833225160022,74.17759602197118,0
flashbots-c2,914,10000,228.9364960486966,-228.87355422605492,228.87355422605492,0.06294182264167603,98937.98745888172,22987.631905150756,0.811461840218201,7032,2108,71127.74929650222,0.000004034049556764785,0.03522429543525576,100.00040340495568,9993.869523139168,80.71806694001118,0
flashbots-c2,915,10000,466.1078348421281,-466.0267394891484,466.0267394891484,0.08109535297973025,154510.62307700922,29339.75295162097,0.8404150506221862,8700,2774,113441.2379067432,0.00007561664498254573,0.05591828766147302,100.00756166449825,9992.12507182696,91.80961420802007,0
flashbots-c2,916,10000,292.27752960117124,-292.1254314898688,292.1254314898688,0.15209811130245043,81355.41811699243,18458.595909724685,0.8150700972231826,7280,2153,58499.550616048065,-0.003897290380856333,0.1042865386561958,99.61027096191437,10035.676732044107,31.36505247600264,0
flashbots-c2,917,10000,732.4336982695447,-732.595649973075,732.595649973075,-0.16195170353023514,241252.76737108536,28881.055097318444,0.8930861199334026,11465,3503,172357.0403957632,0.0007024437092189828,0.05915400298594491,100.0702443709219,10001.503729877933,177.4678224861306,0
flashbots-c2,918,10000,439.9716014568529,-440.30116934231813,440.30116934231813,-0.32956788546522375,89333.8607098791,16769.724457831904,0.8419495021650296,5241,1903,70503.98709309906,0.00024850116399420584,0.1536434351860953,100.02485011639942,10002.260360897035,114.53240818853689,0
flashbots-c2,919,10000,453.4538144979309,-453.6018968333375,453.6018968333375,-0.14808233540657056,178409.11796728714,7116.442133807487,0.9616417159450715,8835,2452,129648.66001766048,0.0007188681552737819,0.06306614153767029,100.07188681552738,9981.598123585947,224.58719251823345,0
flashbots-c2,920,10000,255.2616857621179,-255.2549297368168,255.2549297368168,0.006756025301115187,87053.3045863462,9190.387827171022,0.9045091933122855,5954,1793,65298.70549228313,0.0006474952844168059,0.059698261358244055,100.06474952844168,10000.572853963846,76.11630482573209,0
flashbots-c2,921,10000,90.62157767659362,-90.63979626054325,90.63979626054325,-0.018218583949632716,85267.63669788011,11455.35995482882,0.8815652910759151,7569,1313,52035.988771921104,0.0016882143963350416,0.017744611013954737,100.1688214396335,9973.814563284886,157.45369450939688,0
flashbots-c2,922,10000,385.9315277508484,-385.87281309276227,385.87281309276227,0.0587146580861031,120953.07523634392,19428.072734865145,0.8616048307366052,5406,2175,96689.5439604412,0.0002993468266772936,0.04671998675363881,100.02993468266773,10000.303301777612,94.81008829113199,0
flashbots-c2,923,10000,533.3383327087109,-533.3018346124752,533.3018346124752,0.03649809623573219,166284.42792810814,11719.71414684312,0.9341604413794575,8506,2772,125590.88836877236,-0.00006409439120162119,0.08161233611494467,99.99359056087984,9993.378978484663,110.38617493415198,0
flashbots-c2,924,10000,159.634149013433,-159.68376545863632,159.68376545863632,-0.049616445203326975,63377.5284309926,15552.989054726928,0.8029534133291241,4366,1325,46785.649807020425,0.000007494908771690234,0.07820835000245069,100.00074949087717,10003.927769868416,116.5546764444914,0
flashbots-c2,925,10000,409.1887533299559,-409.657947257467,409.657947257467,-0.4691939275111281,111376.06671916165,9613.79118248111,0.9205405200963495,4915,1681,88573.58138158738,-0.00000021496094845474545,0.07871412594994723,99.99997850390515,9988.558489785852,91.18801028239726,0
flashbots-c2,926,10000,207.89211572879168,-207.78833586606677,207.78833586606677,0.10377986272490602,90781.18141636388,18837.10177731685,0.8281572997815134,5770,1768,66658.04382662672,0.0024707644349946634,0.05543920231511066,100.24707644349947,9959.101050616548,103.07168258716703,0
flashbots-c2,927,10000,346.81151948830234,-347.0300089409388,347.0300089409388,-0.21848945263644737,118302.83817803476,28525.391925317457,0.8057227012459492,5545,2128,92387.98347741271,-0.0006336986584663862,0.04421630052026614,99.93663013415336,10014.194875697624,104.82748780615688,0
flashbots-c2,928,10000,401.997194074794,-401.9920134757667,401.9920134757667,0.005180599027255539,97175.12990775095,9461.848429037602,0.9112704750583375,4501,1820,79122.69098845276,-0.00011562126421537755,0.13263970246755705,99.98843787357846,9999.20466721008,83.2080907777807,0
flashbots-c2,929,10000,225.39208111944117,-225.40004936748522,225.40004936748522,-0.007968248044051052,98026.17764526344,20547.282211661208,0.8267126367362952,5108,1651,74345.76282538031,0.00012423356107717608,0.03609715009451506,100.01242335610772,9995.611802066092,127.89647149898721,0
flashbots-c2,930,10000,251.19614644465062,-251.17799435819398,251.17799435819398,0.018152086456638017,133064.1806016722,20444.045760210134,0.8668211714464404,9745,2468,92401.81176979435,0.0005316352318595818,0.025739457109743426,100.05316352318596,9987.768012799148,110.88951471751186,0
flashbots-c2,931,10000,288.1865503320436,-288.0876307170588,288.0876307170588,0.0989196149848226,81794.47178443077,15744.0822827948,0.8385860603188391,4020,1566,65726.76050989199,-0.0010375995197645692,0.0583668863840127,99.89624004802354,10024.711543417214,107.36776649630849,0
flashbots-c2,932,10000,422.72069509687555,-422.7316265170379,422.7316265170379,-0.010931420162364702,171563.12491794906,10557.853676163364,0.94202834973947,10941,3026,121910.97661798187,0.00046794664632614057,0.07440542100711113,100.04679466463261,9994.998028036462,101.02862854195298,0
flashbots-c2,933,10000,614.9614140558721,-614.8140621346329,614.8140621346329,0.14735192123919205,221510.6833330023,21268.905215944418,0.9123941788390649,10038,3053,163013.27187331778,0.0006356397321849272,0.06464340274212801,100.06356397321849,9993.93324235247,118.56551349852177,0
flashbots-c2,934,10000,424.9113009173128,-424.02785615757097,424.02785615757097,0.8834447597418489,130865.05184660034,25662.00887567018,0.8360538506424595,7928,2541,95299.24153531343,-0.0003424988395686057,0.14300348422415396,99.96575011604314,9994.336487564373,73.91346420600289,0
flashbots-c2,935,10000,514.1008003812456,-513.944485433326,513.944485433326,0.15631494791955447,114069.19810172431,16454.785604810986,0.8739328578737894,6395,2409,89289.94500700058,-0.000008715932830654083,0.10045577647245907,99.99912840671693,10016.62925275651,60.009998089698215,0
flashbots-c2,936,10000,76.0034951340255,-75.98183682540085,75.98183682540085,0.021658308624651568,46787.93546307238,11601.058380301165,0.8013142954403255,4137,1055,32586.36462444466,-0.0025083374588572836,0.031810309104695164,99.74916625411427,10027.490180948302,105.05855312620623,0
flashbots-c2,937,10000,772.3283366953367,-773.9355178403254,773.9355178403254,-1.6071811449886582,195635.8683111743,27803.60443144689,0.8755653864996641,8174,2820,149616.61700684184,-0.00032451632410086974,0.11842559771027225,99.96754836758991,9997.813104761675,150.2718954070977,0
flashbots-c2,938,10000,287.6954035668462,-287.7265121904824,287.7265121904824,-0.03110862363621436,138598.32472740774,16844.019891991746,0.8916381508961775,9558,2425,96336.21766796825,0.0004553680973596386,0.03457696858423816,100.04553680973596,9983.541337529736,126.17586885449033,0
flashbots-c2,939,10000,299.97805593599566,-299.98435595631224,299.98435595631224,-0.006300020316587052,137983.5028989045,20909.96042763404,0.8684026391654487,9525,2657,97517.86148136867,0.0004548949440551553,0.04908897536494038,100.04548949440552,9994.32143648402,101.06099073645629,0
flashbots-c2,940,10000,321.4264777442942,-321.6591942587464,321.6591942587464,-0.2327165144522496,104102.82648293546,16359.331248088523,0.8641952663290596,5788,1945,79909.5740484832,-0.00027784345361908436,0.042519168063561354,99.97221565463809,9997.319014869767,120.78313631376483,0
flashbots-c2,941,10000,591.7507003803034,-591.7578587191027,591.7578587191027,-0.007158338799285957,205020.32205746174,23366.557000762776,0.8976887065617909,8506,2961,157288.0551354244,0.00020825594616098896,0.04347835371858864,100.0208255946161,10008.733503344836,169.26597924815883,0
flashbots-c2,942,10000,820.7351431668575,-820.4144938673124,820.4144938673124,0.32064929954503896,149089.50530383363,27284.293051725675,0.8453041590864754,9410,3318,112690.34220971182,-0.0021241417284086593,0.12015582793784446,99.78758582715913,10009.719499544432,25.402786763145137,0
flashbots-c2,943,10000,601.0247776433923,-600.9185915652844,600.9185915652844,0.10618607810795311,191166.4644844437,36342.18747236656,0.8402601959978837,11458,3547,135986.06424000862,-0.0000003515677308030263,0.1414516764838494,99.99996484322692,9996.972597301341,78.19488420272818,0
flashbots-c2,944,10000,317.5635034777586,-317.5335894811818,317.5335894811818,0.029913996576794943,111952.62040694302,15170.078906841634,0.8806658528435082,6181,2152,85211.67223050706,-0.00012317230712397987,0.04671630913492649,99.9876827692876,9995.156770776153,79.20098667178127,0
flashbots-c2,945,10000,104.95548433608268,-104.89893762114683,104.89893762114683,0.056546714935848286,62007.72328455848,6408.042295788974,0.9063367596425802,4227,1093,44404.88374329719,0.000015883752429033393,0.030553069923812473,100.0015883752429,10001.777402804191,173.7740876760304,0
flashbots-c2,946,10000,300.46951249523556,-300.35885389550646,300.35885389550646,0.1106585997291063,74088.23777674553,10093.867946321623,0.8800948508044298,4186,1563,59330.68714928891,0.0004214209849513395,0.06388742676308595,100.04214209849513,10014.687800332204,52.164583536131765,0
flashbots-c2,947,10000,393.9060089455892,-393.94240517784715,393.94240517784715,-0.03639623225797095,107226.6865784831,13299.904896375901,0.8896516964959541,5639,2077,84015.55426015297,-0.00000025437379235881963,0.05316854087213216,99.99997456262076,9995.968485871754,128.16906905538224,0
flashbots-c2,948,10000,252.39986141230926,-252.2931462070633,252.2931462070633,0.1067152052459619,74881.46052251865,13500.649858978295,0.8472468036721071,3947,1549,59530.32990289106,-0.00017647520143725614,0.0873742615057327,99.98235247985627,10006.89607646578,83.92570193792658,0
flashbots-c2,949,10000,1029.9850747454418,-1030.5623937127275,1030.5623937127275,-0.5773189672856915,203687.0954770761,49946.904775968556,0.8030748845732918,9137,3595,154491.987113869,-0.0022193710018545685,0.08923152285472497,99.77806289981454,10001.300050515702,70.36953262042883,0
flashbots-c2,950,10000,127.91276383904474,-127.89439407181621,127.89439407181621,0.018369767228534783,68149.61255541471,5575.611464117485,0.9243730820995495,5921,1517,48358.35733458159,-0.001962523682962143,0.044150597260299664,99.80374763170379,10019.155215870436,98.44005129273961,0
flashbots-c2,951,10000,425.8470208731684,-425.666852086027,425.666852086027,0.1801687871413833,143549.1693282825,8352.271396395816,0.9450151930320771,8615,2393,103782.10413982329,-0.00012336024931073553,0.08888063128832528,99.98766397506893,9962.435728927037,148.9629282748829,0
flashbots-c2,952,10000,386.6162134109919,-386.61583716892716,386.61583716892716,0.00037624206476039035,172970.5026747879,17172.0986712328,0.9096883152451296,11745,3123,119302.91022157762,0.001242217692408758,0.05483324274155251,100.12422176924088,9987.100583618738,98.64640832164508,0
flashbots-c2,953,10000,258.0949383020674,-258.0703625902088,258.0703625902088,0.024575711858631166,135384.26748559828,24023.800272811055,0.8492936988031228,10471,2538,89420.23859942867,-0.0002855166252170704,0.049254396906487724,99.9714483374783,10006.426321841622,119.56303624451994,0
flashbots-c2,954,10000,226.44768244215433,-226.3856324788644,226.3856324788644,0.062049963289922516,103797.87979318683,23006.752780112412,0.8185653606400114,8265,2285,71117.77432571085,-0.003004843502981913,0.03305486290756363,99.69951564970181,10036.334811480789,73.36659174298256,0
flashbots-c2,955,10000,345.42968169457976,-345.44122810209177,345.44122810209177,-0.011546407512014412,127858.28510529542,36676.9205467593,0.7770877035014586,8910,2714,90565.95676643965,0.00013234115986591633,0.04040455964103586,100.01323411598659,9986.842630069317,44.53245722914996,0
flashbots-c2,956,10000,867.7282628375716,-867.7452521040615,867.7452521040615,-0.016989266489872534,267922.00981870317,49119.68830969233,0.8450686815025832,11805,3902,195606.62557161652,-0.0020355115082659834,0.10590769220070939,99.7964488491734,10019.48792074268,107.41825791751016,0
flashbots-c2,957,10000,612.5616042544706,-612.4449468180985,612.4449468180985,0.1166574363720656,166914.45095066764,22630.499348894256,0.8806061606329876,11029,3118,118944.72634550901,-0.0007872241731293173,0.14459442827004693,99.92127758268707,10001.36094121657,79.42004567793134,0
flashbots-c2,958,10000,485.57835272997147,-485.6512000913686,485.6512000913686,-0.07284736139712322,131036.12455120949,15217.90979871796,0.8959487861900097,6426,2262,101915.63960059952,-0.0012034118407814277,0.09910550613104505,99.87965881592186,10015.425935116922,103.19117791931505,0
flashbots-c2,959,10000,412.91857274950365,-412.92153242178813,412.92153242178813,-0.0029596722844758006,147857.94425105397,21911.77944651038,0.8709323490120946,10339,2776,104590.65119755083,0.0005155402284859179,0.050897729501172224,100.05155402284859,9980.63383480488,63.97954373227681,0
flashbots-c2,960,10000,402.14428475848615,-402.09108639281544,402.09108639281544,0.05319836567070979,163362.08916414593,23511.766809084562,0.8741837552040848,10011,2898,117324.16381710014,-0.003950973659037373,0.04015479618945946,99.60490263409626,10022.124731363037,80.69917607259077,0
flashbots-c2,961,10000,79.18099608659443,-79.14973601211588,79.14973601211588,0.031260074478552724,56756.76011316834,8279.791967176208,0.8726901764880224,5118,1148,37745.580665638714,0.0012004198453095683,0.021577493162347992,100.12004198453096,9992.299842567885,108.08405333850828,0
flashbots-c2,962,10000,321.7830415869993,-321.6375306862889,321.6375306862889,0.14551090071034878,149434.13886445074,12270.564857019106,0.9241174525253472,10210,2705,104682.15179358963,0.005232812887814759,0.050071541159749273,100.52328128878148,9941.708474445782,113.53587072471963,0
flashbots-c2,963,10000,382.3243908245642,-382.28638990520534,382.28638990520534,0.03800091935886485,141965.30815276492,43039.68339161054,0.7673593397003723,10133,2911,98770.9853352605,-0.0000004730737016700459,0.05459227472190321,99.99995269262983,10013.541469692667,87.66726353746705,0
flashbots-c2,964,10000,394.09028875731553,-394.18159884198707,394.18159884198707,-0.09131008467153379,145241.642341354,15455.125703169762,0.9038242903622825,9680,2599,103374.31034800984,0.003101372655140011,0.07161345488424659,100.310137265514,10006.219730121778,61.096299341296785,0
flashbots-c2,965,10000,275.58304751508587,-275.5771822371277,275.5771822371277,0.0058652779581507275,133734.00744637224,9154.556168906613,0.9359321982299796,9091,2557,95105.8668613707,0.0011436039833152734,0.03229267581140064,100.11436039833153,9988.27417831894,100.07319535446113,0
flashbots-c2,966,10000,502.84897955962043,-502.82473295658525,502.82473295658525,0.02424660303518067,173784.18748840538,17103.45020455566,0.910400430267432,9115,3009,129573.5742959506,0.0004243587446326558,0.05222128136048525,100.04243587446327,9998.66909109758,103.84998603647017,0
flashbots-c2,967,10000,600.8580193045956,-601.1559364013065,601.1559364013065,-0.29791709671087574,132817.97677354634,22594.72115993162,0.854614703557859,5674,2430,107353.99076445623,-0.0000009365069334421605,0.09759586644122792,99.99990634930666,10014.408986879307,83.88825720589213,0
flashbots-c2,968,10000,783.5742899104971,-783.7883434283759,783.7883434283759,-0.2140535178788241,196476.000116342,44035.74474616926,0.8169081315702802,8756,3204,149108.3357282113,-0.000701185373703197,0.10442967098826884,99.92988146262968,10000.510840901105,92.76347330671241,0
flashbots-c2,969,10000,501.80496149992416,-501.7246983994802,501.7246983994802,0.08026310044397178,139618.26979828675,42711.24181346027,0.7657469630894985,8209,2977,103568.60360520722,-0.001274590283406809,0.09621336032329623,99.87254097165932,10033.26024541374,62.133199381701424,0
flashbots-c2,970,10000,371.7221553052508,-371.7100565555321,371.7100565555321,0.01209874971868885,172321.18535759102,25477.42917250229,0.8711951080495253,7545,2444,128584.04529366446,-0.00017017276415629112,0.034156465908807124,99.98298272358437,10014.045950148307,181.17236352138633,0
flashbots-c2,971,10000,474.251252272654,-474.29155414400395,474.29155414400395,-0.04030187134992502,159397.4397342004,24637.40931078914,0.8661263916120244,7779,2789,120951.94967932114,0.000003018256375639794,0.0732763154980043,100.00030182563756,9996.830524870933,108.39538477256826,0
flashbots-c2,972,10000,159.54803607871608,-159.50751056816054,159.50751056816054,0.04052551055553977,72553.94118647036,13040.24846214351,0.8476503076239511,4439,1479,53882.7486112329,-0.0037622855870701245,0.04441435788515193,99.62377144129299,10041.858674303623,110.90080125537601,0
flashbots-c2,973,10000,497.6595851705096,-497.6084015250637,497.6084015250637,0.051183645445917136,193990.62835024006,39537.56510935268,0.8306946817700028,11559,3216,136363.59882860057,-0.0010884839300024395,0.06217499204517452,99.89115160699976,10012.738695880442,153.51238374577542,0
flashbots-c2,974,10000,176.01967495981157,-176.08156726815957,176.08156726815957,-0.061892308348006964,91729.84372689154,11216.959937967838,0.8910412024594337,6651,1725,64170.77902488738,-0.00007026807364908905,0.0295655865236877,99.99297319263509,10002.232184950377,117.57216251344016,0
flashbots-c2,975,10000,433.86348569126676,-434.0681693463717,434.0681693463717,-0.20468365510492958,99887.14738294532,19209.484951649523,0.8387067327169955,4442,1878,81098.66563730569,-0.0009037277564227964,0.06495349721308401,99.90962722435772,10000.462379422504,64.16033880879931,0
flashbots-c2,976,10000,238.28682646403064,-238.2896257078388,238.2896257078388,-0.002799243808169649,99414.90853313012,7787.299566608511,0.9273587764221856,6366,1942,75241.83791057246,0.000001885812146014132,0.03425633708417891,100.0001885812146,9999.408504603085,102.75298993868925,0
flashbots-c2,977,10000,448.2961208385333,-448.21555675146834,448.21555675146834,0.08056408706494267,128447.18577903353,10725.274954363802,0.9229353645265391,6901,2229,97575.87091706156,0.000011041240897782245,0.11146831030430036,100.00110412408978,10001.984219896063,91.86459830000013,0
flashbots-c2,978,10000,290.4633627188248,-290.3357882223051,290.3357882223051,0.127574496519685,89883.88146743373,25915.784250944496,0.7762015624987121,8943,2566,61993.297342840364,-0.005642500818400436,0.1104861087780003,99.43574991815996,10016.92993873512,23.8162423587413,0
flashbots-c2,979,10000,447.5101963186871,-447.70693326068783,447.70693326068783,-0.19673694200071168,161875.7343547176,29878.21041005678,0.844184637522276,8798,2799,119656.04895478455,0.00004972207064952272,0.05182360158370585,100.00497220706495,10005.559336708571,126.11982565019574,0
flashbots-c2,980,10000,249.3590905538709,-249.43725333443405,249.43725333443405,-0.07816278056313308,113373.08085810472,15221.590901760957,0.8816312472869378,9516,2123,76648.27310425404,0.0000014344488874939997,0.07807652967229686,100.00014344488875,10003.010416651206,113.32141015727349,0
flashbots-c2,981,10000,511.0696321367048,-511.13035778659696,511.13035778659696,-0.06072564989216289,167182.99217181242,14668.145884000562,0.919339818046678,8606,2772,124496.66438364604,-0.0006292464874016446,0.07649817413401365,99.93707535125984,9998.345692115763,133.91110719652707,0
flashbots-c2,982,10000,442.96459865981836,-442.943477846278,442.943477846278,0.02112081354039219,177561.89141434882,21962.51795790247,0.8899256585848242,10082,2886,128238.32968321121,-0.000002108837618237658,0.0708307482675292,99.99978911623818,9983.247400174925,137.53453606259666,0
flashbots-c2,983,10000,543.3668192986709,-542.3919538997958,542.3919538997958,0.9748653988750675,165703.63240665518,36401.78640932121,0.8198871330487866,8116,3081,126340.94415753105,0.015728204471119653,0.08163362215715082,101.57282044711197,9868.976700706577,82.94149992009324,0
flashbots-c2,984,10000,573.2949383447574,-573.3541154163831,573.3541154163831,-0.05917707162575425,191687.9304275155,27745.917207789338,0.8735568030785179,8020,2918,147149.98263799993,-0.002892002014542214,0.05091487789176014,99.71079979854578,10036.56253669254,132.2300375431944,0
flashbots-c2,985,10000,423.6801097943226,-423.69677732375226,423.69677732375226,-0.01666752942963967,181497.496489041,25202.490557841866,0.8780721231872862,10568,3152,130001.24733071485,0.00022300401290635817,0.03663894280067723,100.02230040129064,10000.363238858901,108.3868371185161,0
flashbots-c2,986,10000,647.889038678724,-647.7838572408651,647.7838572408651,0.10518143785884604,182991.94031665233,12602.48699127702,0.935568271730786,8718,2946,138771.03630696045,0.004375350482718687,0.05980983712075158,100.43753504827187,9955.065418067421,105.05371503082581,0
flashbots-c2,987,10000,406.5084086706656,-406.523358269392,406.523358269392,-0.014949598726445856,121289.26552979204,25790.657202057067,0.8246486894810404,5558,2216,95790.27456903676,0.0027694758638277506,0.07989911002177649,100.27694758638278,9981.241100076291,94.71457169401732,0
flashbots-c2,988,10000,621.5306551523574,-621.400721438665,621.400721438665,0.12993371369248052,220031.6929604954,35777.93890548304,0.8601384215109324,11693,3626,159837.08854600435,0.004700690596186945,0.07732642297318591,100.4700690596187,9950.797176070284,95.34830776808288,0
flashbots-c2,989,10000,411.24875395557376,-411.24557019297265,411.24557019297265,0.0031837626011110842,147113.02426670396,49912.54545709274,0.746669706236285,8329,2825,106879.75728699304,0.0003633682173530417,0.09143596289344373,100.0363368217353,9995.21828432672,87.92640818545736,0
flashbots-c2,990,10000,308.1223936723406,-307.9917929580207,307.9917929580207,0.13060071431988263,100407.92261990545,21670.20728812107,0.8224890297349134,6005,2068,76036.633300827,0.0000027064753055583425,0.06810373219340463,100.00027064753056,9996.009169266086,63.800433732442364,0
flashbots-c2,991,10000,652.4314306148909,-652.5852797694877,652.5852797694877,-0.15384915459674176,234889.16330822694,45869.42979511994,0.8366232381773068,10233,3357,171367.12042696672,-0.0009753472909238781,0.0745058753063276,99.90246527090761,10019.223668186596,131.43011031994297,0
flashbots-c2,992,10000,505.96040218343677,-505.87259246149006,505.87259246149006,0.08780972194671222,198249.77921151658,52611.75760995158,0.7902757103517466,10711,3220,139665.00802484847,0.0003007776582751376,0.05781997245590688,100.03007776582751,9989.548259926278,105.72201433928285,0
flashbots-c2,993,10000,269.03710078958375,-268.95487887473405,268.95487887473405,0.08222191484969699,85196.68851068917,24262.48525348531,0.778342148774502,4300,1712,67517.32403391038,-0.00437431680828439,0.04511423149547412,99.56256831917156,10017.818805069399,64.12596545006191,0
flashbots-c2,994,10000,539.496471434365,-539.4735952553337,539.4735952553337,0.022876179031300126,198519.5401286989,50322.420131989005,0.7977735745238824,10192,3370,143720.1803415244,0.001710595259901595,0.05028743999529553,100.17105952599016,9980.31908567071,104.93080575184041,0
flashbots-c2,995,10000,1167.2795789383863,-1167.879902584501,1167.879902584501,-0.6003236461147026,244179.13077934674,52228.30635041123,0.8237955604077934,10840,3822,182637.85964459868,-0.004836552203724409,0.09633163038963673,99.51634477962756,9965.615920194123,75.38367126263556,0
flashbots-c2,996,10000,608.3291161032067,-608.5501951068857,608.5501951068857,-0.22107900367893762,150716.96957740764,56686.884563694315,0.726683552731239,7553,2909,115656.86744370939,-0.006997457206210811,0.10475819717423164,99.30025427937892,10048.507097560834,87.21507112732313,0
flashbots-c2,997,10000,213.83599530721054,-213.81548000972384,213.81548000972384,0.020515297486696227,97897.55722024503,21150.613406512995,0.822335670551169,7192,1960,69487.49636989663,0.00044207457468587564,0.046506717981128105,100.04420745746859,9999.536854718588,107.08728473357351,0
flashbots-c2,998,10000,536.9271193284212,-536.8902614481736,536.8902614481736,0.036857880247566754,193038.58314447588,59056.1579534701,0.7657382391387327,9624,3331,141171.33886804004,0.00000012953605647680887,0.05829149130427822,100.00001295360565,10001.367843289074,96.25685765340556,0
flashbots-c2,999,10000,443.6969613957348,-443.7374244763362,443.7374244763362,-0.04046308060139836,118490.1560216701,14964.892883368522,0.8878656670830269,5315,2193,95486.59328218087,0.0006460610161980185,0.07223269220265863,100.0646061016198,9996.984712049598,90.08787327790438,0
dodo-k200000000000000000,0,10000,248.78664403976381,-248.78871991441096,248.78871991441096,-0.0020758746471472023,148973.27145093336,7160.410251933639,0.9541392339318534,6695,1892,110696.79186768473,-0.0015385382568156559,0.056921306976048525,99.84614617431843,10010.443833570016,88.19719749066152,0
dodo-k200000000000000000,1,10000,81.04757166946723,-80.99027585409858,80.99027585409858,0.05729581536864714,53554.68538603658,4740.157467159434,0.9186865040686947,3917,772,35993.54525732087,0.00040627093153361215,0.11457533075196892,100.04062709315336,9992.990889384593,51.02014315808477,0
dodo-k200000000000000000,2,10000,145.22981942285003,-145.22332939782393,145.22332939782393,0.006490025026096191,122659.5705695517,2179.296971227902,0.9825431212717785,7618,1642,82879.65219449496,0.0008038592413359424,0.05996415498325803,100.0803859241336,9989.433706650574,92.60684722629529,0
dodo-k200000000000000000,3,10000,84.75672765637724,-84.7668038975741,84.7668038975741,-0.010076241196870228,77977.36628734095,3983.429916041346,0.9513983501800466,5722,1062,50906.84524935389,-0.0013668285449266193,0.06658026215834596,99.86331714550734,9998.156959199821,95.23520454777344,0
dodo-k200000000000000000,4,10000,157.02516088232537,-157.01764126824713,157.01764126824713,0.007519614078233872,97369.02178707987,4915.265077289446,0.9519450618665684,4372,1268,73992.43392127026,-0.00012226716487987233,0.05257650883213771,99.98777328351201,9999.774195913102,99.79690512669549,0
dodo-k200000000000000000,5,10000,195.83388498879756,-195.8206992744373,195.8206992744373,0.013185714360275824,138380.86942377186,7963.027569477899,0.9455868831356513,8604,1766,93405.28736730841,0.0019253941232364013,0.07521014532030748,100.19253941232364,9983.872361728963,89.6630303027163,0
dodo-k200000000000000000,6,10000,123.38324538855053,-123.37951683790367,123.37951683790367,0.0037285506468691665,124627.69881116902,5072.3253375610275,0.9608918705231352,9012,1644,79610.1254633951,-0.0002387161127848003,0.0456654805081341,99.97612838872152,10007.07324161889,112.87745809577848,0
dodo-k200000000000000000,7,10000,303.8763079969864,-303.8776976134466,303.8776976134466,-0.0013896164602442695,154812.00794546917,2162.235091387664,0.9862255421682142,5808,1833,118689.10187280424,-0.00009713544886750469,0.0681011922295933,99.99028645511325,10001.280158926913,99.57023518258744,0
dodo-k200000000000000000,8,10000,555.6612248486899,-555.6967956081259,555.6967956081259,-0.03557075943592736,257784.21202510264,22253.758412415104,0.9205330677920323,9739,2852,188928.72435125554,-0.0014604305553309871,0.14557324730154164,99.8539569444669,10006.079720825648,118.34002263650147,0
dodo-k200000000000000000,9,10000,282.6874084456349,-282.5421124987517,282.5421124987517,0.14529594688320913,187829.66289458566,17317.49363825479,0.9155850174531541,9119,2234,129767.45538230312,-0.00482701846688812,0.06363513749633057,99.51729815331119,10003.230378964015,153.7840946317001,0
dodo-k200000000000000000,10,10000,248.4882516285304,-248.4898805926186,248.4898805926186,-0.001628964088183693,154248.92072235362,986.9481148352176,0.9936422675878451,7563,1964,112178.2194106075,0.000039141218093021734,0.08344334412931659,100.0039141218093,10000.477107073933,101.48687291166948,0
dodo-k200000000000000000,11,10000,261.8471487437848,-261.8687183685195,261.8687183685195,-0.02156962473469548,141895.25803374208,4797.279518652465,0.9672970445620724,6135,1635,103571.42615385166,-0.00036703247717142064,0.09268612176388587,99.96329675228286,9988.98825232265,95.23554058680836,0
dodo-k200000000000000000,12,10000,616.6619234561316,-616.617425087371,616.617425087371,0.04449836876062818,299139.9025713491,3648.711910126128,0.9879496396640456,11678,3170,215864.694681927,-0.003821880730216094,0.10298497157652292,99.61781192697839,10037.115683610738,101.37104955938125,0
dodo-k200000000000000000,13,10000,446.7781404487068,-446.80410226800115,446.80410226800115,-0.02596181929436625,270730.2858663955,16428.760329988687,0.9427886373506296,10577,2999,198881.98426859418,0.000926451809702371,0.053639141800608456,100.09264518097024,9991.165898844501,100.44654210855664,0
dodo-k200000000000000000,14,10000,196.0505047082834,-196.10930478905956,196.10930478905956,-0.05880008077616594,117462.89160329038,17029.998617952617,0.8733762164681123,6552,1624,82304.2514166905,0.006421092389767438,0.11481823846483635,100.64210923897674,9982.100036775015,62.80895993167865,0
dodo-k200000000000000000,15,10000,353.40616860977366,-353.3826404556477,353.3826404556477,0.023528154125983747,191949.0360093528,13789.78634196352,0.9329743109036743,7337,2224,143343.5085085356,-0.0013660416419564569,0.06884169786635468,99.86339583580435,10019.168197685578,92.84026173414608,0
dodo-k200000000000000000,16,10000,841.4813155640484,-840.7424784745314,840.7424784745314,0.7388370895170056,243524.53462213976,13215.76677775814,0.9485247672231509,9401,2770,180558.04108174998,0.002069919727623386,0.33076806245859813,100.20699197276234,9963.27927249769,33.40793782367383,0
dodo-k200000000000000000,17,10000,122.26288559753944,-122.26941196294631,122.26941196294631,-0.006526365406870127,117502.3707923071,4282.396785892249,0.9648363512855376,8648,1561,75853.22158580623,-0.0007283935671689789,0.045953909070523054,99.9271606432831,10009.30792119767,139.045628647001,0
dodo-k200000000000000000,18,10000,542.4534970017439,-542.5016351563239,542.5016351563239,-0.04813815457998771,272293.59428358113,2460.7653174078696,0.9910437624320813,10324,2951,199557.45739860795,0.00021437397854441544,0.07442402179440322,100.02143739785444,10000.691527959418,93.76140412178559,0
dodo-k200000000000000000,19,10000,155.39094983448513,-155.375521427074,155.375521427074,0.015428407411121725,131048.98820105693,4653.496414224377,0.9657080971846822,10212,1613,81763.54519262335,0.0017948268007802427,0.0772085226473601,100.17948268007802,9985.417467693635,112.35294496405139,0
dodo-k200000000000000000,20,10000,252.87179490129043,-253.0196187415613,253.0196187415613,-0.14782384027085982,166981.97928169783,19454.804425460334,0.8956493239230162,8141,2084,116610.00356661754,0.0034416991347613647,0.09942792212934393,100.34416991347614,9984.812453354245,96.08783510341532,0
dodo-k200000000000000000,21,10000,467.71443676556055,-466.7498104724019,466.7498104724019,0.9646262931586307,227316.4552576675,14242.145147208357,0.9410406206885736,8953,2580,166777.82350146226,-0.0006957976711404968,0.13227071245169555,99.93042023288595,9966.867659321646,66.664639588171,0
dodo-k200000000000000000,22,10000,346.433492357486,-348.5228042490165,348.5228042490165,-2.0893118915304854,146299.7396870593,4661.854493220318,0.9691189370479681,7368,1861,106032.65511466733,0.002398632676895858,0.15962196099102685,100.23986326768959,10010.338076746639,57.98358028671422,0
dodo-k200000000000000000,23,10000,340.5003854854362,-340.75702929307124,340.75702929307124,-0.2566438076350437,198661.4440301295,3538.852098997035,0.9824982842916457,7824,2069,143796.47583786867,-0.001505905996614274,0.06976649861038325,99.84940940033857,9996.548097391795,163.8063401131231,0
dodo-k200000000000000000,24,10000,214.73744514538183,-214.68833242505727,214.68833242505727,0.04911272032455827,192034.41213467007,17747.999694905,0.9153980567764504,10648,2091,125393.0293464818,-0.0010569047642025,0.043610154044803125,99.89430952357975,10009.941231605657,179.83882562108087,0
dodo-k200000000000000000,25,10000,250.1538197283814,-250.40127090032757,250.40127090032757,-0.2474511719461816,169351.00632025563,13734.753645944302,0.924981857417639,8789,2069,116254.49345428364,0.0001731290077607639,0.09308143908243338,100.01731290077608,10024.990171279698,91.09577641654727,0
dodo-k200000000000000000,26,10000,272.4672834158522,-272.678741326777,272.678741326777,-0.21145791092482114,173927.03330531326,2933.0710786163695,0.9834158693458123,10162,2328,119530.72629339439,-0.0022664238875138663,0.07852330331160275,99.77335761124861,10037.591584278809,48.704627688688795,0
dodo-k200000000000000000,27,10000,128.908549962474,-128.98884412277403,128.98884412277403,-0.08029416030001357,92571.27532858835,5167.633903469703,0.9471281811504529,4865,1232,66902.7471113568,0.0042571263719558775,0.046717367995207294,100.42571263719559,9968.963649143017,84.40924722637783,0
dodo-k200000000000000000,28,10000,102.9420026344145,-102.94438778511764,102.94438778511764,-0.0023851507031480423,99225.26276791038,6915.450045714171,0.9348463952954866,4805,1146,69677.84997193664,-0.00040086939082797815,0.03508680192755207,99.9599130609172,10001.365704169635,205.51212060341794,0
dodo-k200000000000000000,29,10000,326.42531665749175,-326.3737009629468,326.3737009629468,0.0516156945449211,172658.6160525045,5715.938882299663,0.9679554133469942,7900,2092,124697.6776635706,0.0035954201814784883,0.08410393244904682,100.35954201814785,9964.952517076357,86.58439095986556,0
dodo-k200000000000000000,30,10000,190.06613904667074,-190.13986947767185,190.13986947767185,-0.07373043100110976,128842.15662780155,2963.890485583019,0.9775132435082179,7183,1765,91518.57907049962,-0.0002477972111623217,0.12667452730735904,99.97522027888377,10004.855058168154,52.14392420479111,0
dodo-k200000000000000000,31,10000,352.4317462442422,-352.5132547210468,352.5132547210468,-0.08150847680457218,213758.3875956501,15246.2803246776,0.9334237137472592,10204,2518,149019.40931857622,0.0025654729668633538,0.07670102258518482,100.25654729668634,9979.914545145333,110.67588266666739,0
dodo-k200000000000000000,32,10000,127.7574128314039,-127.77635835438578,127.77635835438578,-0.018945522981880458,121212.99901028554,4640.052604225709,0.9631311871686813,7743,1459,79895.96270392212,-0.00003071019295134647,0.05295411009321754,99.99692898070487,10021.789363713335,150.5462407016785,0
dodo-k200000000000000000,33,10000,178.97875371494462,-179.09456233569722,179.09456233569722,-0.11580862075260256,112974.49615141674,4266.084960754538,0.9636125570149391,7460,1618,78213.81331597823,0.002135175211290914,0.09311627360540001,100.21351752112909,9992.613518301692,65.08150843612081,0
dodo-k200000000000000000,34,10000,248.70054784546923,-248.73216343298705,248.73216343298705,-0.03161558751781968,170563.98056799325,6618.584838624788,0.9626453944639771,8726,2130,120011.88452798428,0.0008371889335496974,0.05750616385022312,100.08371889335497,9990.876211064151,101.14182694135982,0
dodo-k200000000000000000,35,10000,206.6520563199622,-207.17676685273656,207.17676685273656,-0.5247105327743498,149314.17859264498,10546.3620419517,0.9340277344234799,11328,2012,94925.81233473006,0.0025664652740998405,0.11867909647534802,100.25664652740998,10021.358029776733,48.53289564999783,0
dodo-k200000000000000000,36,10000,261.66839033653264,-261.6824199590134,261.6824199590134,-0.01402962248073436,208815.10127166097,6796.370634311963,0.9684786223375172,11675,2489,139721.15926357568,0.000929567363900361,0.06013981094628292,100.09295673639004,9994.827056290269,93.57010798548743,0
dodo-k200000000000000000,37,10000,115.82375650183177,-115.66213569838924,115.66213569838924,0.16162080344253127,94620.89146121773,9819.276650983447,0.9059817996421214,5651,1202,63396.91519021309,-0.0012864716060859394,0.050128226864000994,99.8713528393914,9994.732743241513,120.57881934574904,0
dodo-k200000000000000000,38,10000,141.71135732904915,-141.7589450222262,141.7589450222262,-0.04758769317703582,87454.10997432937,1292.931175811345,0.985431275690375,4311,1221,65407.927636040426,-0.0013285590871120689,0.06616925209894375,99.8671440912888,10010.848560942195,71.98237568592819,0
dodo-k200000000000000000,39,10000,224.7956180171671,-224.76615203081866,224.76615203081866,0.02946598634844122,155265.0004181532,7868.358617356083,0.951767322981173,8823,2058,107786.0801979228,-0.00014481117963896395,0.07334770981428904,99.9855188820361,9987.013165149627,63.832420655588194,0
dodo-k200000000000000000,40,10000,198.54692492641436,-198.55796499927345,198.55796499927345,-0.011040072859088923,125162.25426611365,9861.84069923981,0.9269623640005118,5762,1614,92465.36989636485,-0.0008533187843818269,0.10368026752348157,99.91466812156182,10010.63042251405,103.824823994845,0
dodo-k200000000000000000,41,10000,218.68444524354618,-218.88164523361417,218.88164523361417,-0.19719999006798616,206394.4036175836,22388.06223339389,0.9021425783216409,11057,2359,135993.48809254184,-0.0002029233682139875,0.034353386756477276,99.9797076631786,10025.167998756144,123.15711283826744,0
dodo-k200000000000000000,42,10000,231.5348770265706,-231.51128555635893,231.51128555635893,0.023591470211670185,138399.39905980614,7254.08867594862,0.9501962583339644,5996,1705,101619.76562308508,-0.0009689767178340957,0.13787260163780757,99.90310232821659,10011.364022043344,131.86361333046014,0
dodo-k200000000000000000,43,10000,521.2151154186936,-521.1580081833401,521.1580081833401,0.057107235353441865,253822.7484661226,14429.810984534626,0.9462081144199153,9410,2719,187509.4871830305,0.0014425671506936054,0.07918901935696397,100.14425671506936,9986.755792829728,104.65399671555824,0
dodo-k200000000000000000,44,10000,165.19925889910948,-165.1813438522672,165.1813438522672,0.017915046842290394,101891.14806780271,7698.432831063675,0.9297521464365477,4173,1297,78015.79434589359,-0.00006627046599248843,0.05707847018250632,99.99337295340075,10000.314576328228,202.93007228776162,0
dodo-k200000000000000000,45,10000,291.2197888811018,-291.18598070043936,291.18598070043936,0.033808180662447285,205023.08977099866,1831.6833950050893,0.9911450755185854,11050,2477,141048.52193277155,0.0018556638807670821,0.08155114187217094,100.18556638807671,9981.563748264365,102.2127090536692,0
dodo-k200000000000000000,46,10000,568.9760594567732,-568.8568975161171,568.8568975161171,0.11916194065611307,289718.7257988132,6556.891871504318,0.9778689453993459,11116,3151,210768.33289290202,-0.00006593870050551231,0.1206621849297646,99.99340612994945,9999.728377318528,102.77217781739873,0
dodo-k200000000000000000,47,10000,457.1971181888109,-457.2842893199402,457.2842893199402,-0.08717113112930974,221638.6194928163,15681.259409409175,0.9339235318931299,8370,2520,165452.47514575857,0.00043651713000301127,0.12709971916244045,100.0436517130003,10004.579720377942,79.6674381363814,0
dodo-k200000000000000000,48,10000,261.6342410844544,-261.54134110051587,261.54134110051587,0.09289998393853693,136806.64489079607,5404.676308808783,0.9619954567384765,6492,1756,100908.70496896216,-0.0006521922337630315,0.10944838481572702,99.9347807766237,10005.917145895695,70.09697829734397,0
dodo-k200000000000000000,49,10000,156.69319984831753,-156.6694729945723,156.6694729945723,0.02372685374524508,154764.24999514784,12115.608777198122,0.9273992148224072,10702,1931,97365.44620341116,0.0016984628126789402,0.04574438513460379,100.1698462812679,9980.063170358457,126.28308410483056,0
dodo-k200000000000000000,50,10000,273.21475865909366,-272.8112939954889,272.8112939954889,0.4034646636047796,118866.92299320339,4446.742492494291,0.9639395806216624,4280,1413,92676.70549267274,-0.0011202434561668896,0.15296937565253985,99.88797565438331,9997.88085219406,97.35866611043825,0
dodo-k200000000000000000,51,10000,225.94744063860531,-225.87140132739813,225.87140132739813,0.07603931120718244,136586.7086931177,10032.386985257803,0.9315751680308758,5827,1645,101127.5802498405,0.0011182160407165042,0.057760311905418575,100.11182160407165,9990.555519534002,117.11257224741712,0
dodo-k200000000000000000,52,10000,221.40763937385904,-221.56994282877338,221.56994282877338,-0.16230345491433695,137667.18282402048,2644.0224957736814,0.9811560132368082,5985,1671,102722.69332968946,0.000794695853378613,0.0618030179436964,100.07946958533786,10024.477323651827,125.65909739566708,0
dodo-k200000000000000000,53,10000,268.48130028990363,-268.4872036331572,268.4872036331572,-0.005903343253578441,126332.67601128013,9529.462682239164,0.9298593208242075,6299,1730,92582.3962155873,0.005589443540979602,0.12006371567338021,100.55894435409796,9983.397513427792,41.85639581894704,0
dodo-k200000000000000000,54,10000,110.95779528980368,-110.7686606258245,110.7686606258245,0.1891346639791891,73827.44477696044,2735.3918326377693,0.9642725902831184,5464,1071,51016.90777071949,-0.00032249553238798966,0.12092824496822402,99.9677504467612,9992.30309346938,50.51369382026857,0
dodo-k200000000000000000,55,10000,419.82526612069165,-419.88753656785786,419.88753656785786,-0.062270447166213216,227705.49921787746,21431.50301197774,0.9139770374526506,10501,2780,158985.74160258967,-0.005780348924338625,0.13694497920385898,99.42196510756614,10050.517876621709,60.546112460192404,0
dodo-k200000000000000000,56,10000,173.87698985823,-173.84930091054042,173.84930091054042,0.027688947689568977,103686.8425376831,2951.890946647909,0.9723187733931438,5141,1313,76340.44670578848,-0.0014505382004288947,0.07236117448182483,99.85494617995711,10010.34951020794,146.04832612510074,0
dodo-k200000000000000000,57,10000,232.60048904096496,-232.58441970467263,232.58441970467263,0.016069336292332537,157096.69626329144,3931.250330915255,0.9755865338032156,8866,2030,107723.79169002501,0.002993137728543047,0.08441258031229835,100.2993137728543,9979.406444701572,77.67038526056504,0
dodo-k200000000000000000,58,10000,406.7683991440758,-407.0333747499321,407.0333747499321,-0.2649756058563071,197754.93847244082,17644.52219241936,0.9180846500824231,7770,2385,147533.68583349444,-0.00011095510482206806,0.10322756078545453,99.9889044895178,10012.921553215203,72.28276224227757,0
dodo-k200000000000000000,59,10000,310.3892418653043,-310.397077529837,310.397077529837,-0.007835664532706232,157288.0643499164,1587.6385037534617,0.9900070402507315,5919,1868,121068.02209896788,0.0017153340362166603,0.0786853985716516,100.17153340362167,9984.77478333619,97.70721160064947,0
dodo-k200000000000000000,60,10000,158.26800659208706,-158.5108829904076,158.5108829904076,-0.24287639832053287,150906.04946528224,8998.476878320234,0.9437259401964373,10935,1934,94448.33058855268,0.00028731988777636275,0.056149321101790405,100.02873198877764,10009.947534273273,92.56558696223887,0
dodo-k200000000000000000,61,10000,136.45017305460084,-136.44947597569518,136.44947597569518,0.0006970789056595095,108566.24840905496,3011.786649537418,0.9730073517789065,6217,1416,74942.38785432339,-0.0019237112452161398,0.055866649020232015,99.80762887547839,10024.21701968204,103.92595555353815,0
dodo-k200000000000000000,62,10000,128.26388533494963,-128.22668745680159,128.22668745680159,0.03719787814804931,106941.70888446491,3497.860000187584,0.968327837246079,6516,1389,73402.00461815232,-0.00032096581979118355,0.0638896198902782,99.96790341802088,10003.77138863469,137.42372466016568,0
dodo-k200000000000000000,63,10000,479.13469482693586,-479.0653024654224,479.0653024654224,0.06939236151345085,270365.91609592317,6180.378016199818,0.9776515608858818,11399,2897,189466.58413798155,-0.00019671585587843765,0.07796933075994503,99.98032841441216,9999.141502591094,98.96920325179053,0
dodo-k200000000000000000,64,10000,400.0400002915563,-400.25955421177565,400.25955421177565,-0.2195539202193686,199846.61583939975,14617.091471665422,0.9318435195635953,9005,2383,143718.9650699752,-0.0007675107606320352,0.14326216298060315,99.9232489239368,10028.450501966772,74.15403615226887,0
dodo-k200000000000000000,65,10000,65.46336506612832,-65.46775197186503,65.46775197186503,-0.004386905736708968,53254.083370596294,459.2798103580681,0.9914494311441492,4307,743,34684.42279590686,0.000868679027783088,0.07186700541508585,100.08686790277831,9991.708152674664,102.73393851923394,0
dodo-k200000000000000000,66,10000,230.93854763108277,-230.23814294627473,230.23814294627473,0.700404684808035,109225.0361556601,3348.02169152592,0.9702591210050389,4067,1384,86605.65665582947,-0.01972335375958437,0.06191725686609303,98.02766462404156,10190.249863000596,94.85584061218105,0
dodo-k200000000000000000,67,10000,120.89980762094895,-120.94748206326602,120.94748206326602,-0.047674442317074295,97542.12074489237,10872.676340742002,0.8997122474697441,5822,1400,68404.10080508856,-0.00004949147808503085,0.04195332991483667,99.9950508521915,10014.846579105606,72.42108641022617,0
dodo-k200000000000000000,68,10000,142.32922010994864,-142.22420602025485,142.22420602025485,0.1050140896937819,131595.99750110914,9953.625958247087,0.929681014226752,11203,1727,79232.6683217205,0.0003149703028350359,0.09024902229291626,100.0314970302835,9989.25705856384,58.40932061697143,0
dodo-k200000000000000000,69,10000,302.21541178486035,-301.5703377736452,301.5703377736452,0.645074011215172,122043.59718119352,6283.033710743481,0.9510387386696502,5444,1456,90296.121151613,-0.0013721973777859374,0.1995008290935445,99.8627802622214,9985.144573307438,134.91793217780622,0
dodo-k200000000000000000,70,10000,261.0983153285624,-261.1440495301022,261.1440495301022,-0.045734201539801234,147995.5880272157,4231.402801237017,0.9722033341248566,8073,1919,106021.22348268569,0.0024112846656302624,0.16416327111941256,100.24112846656303,9977.969523404707,94.92072900346442,0
dodo-k200000000000000000,71,10000,157.59310677136438,-157.42725208849606,157.42725208849606,0.16585468286831428,120577.48265132823,8126.604505199748,0.936858225059191,7693,1677,82294.21688401452,-0.00011471670353088825,0.0766348379453359,99.98852832964691,9985.999605474652,68.45710391780875,0
dodo-k200000000000000000,72,10000,75.91600774624654,-75.9010823195585,75.9010823195585,0.014925426688037646,79627.79154209794,5944.037731300492,0.9305374469405167,6615,1102,49646.85960477507,-0.0018681760008504966,0.05183014116639498,99.81318239991495,10016.624617678097,96.37060832147118,0
dodo-k200000000000000000,73,10000,56.54484262532662,-56.58832788670897,56.58832788670897,-0.043485261382343765,55918.58715562919,3524.5306565878777,0.940707506834988,4359,765,35290.92705150532,0.001209546101290897,0.03444463390068378,100.12095461012909,9996.69744422439,100.67828776070691,0
dodo-k200000000000000000,74,10000,372.0971937334747,-372.0978331253465,372.0978331253465,-0.0006393918718003988,213437.84368484098,8190.588515121441,0.9630436021505961,9194,2467,154620.38701497737,0.000026678387173149075,0.06434580331122362,100.00266783871731,9999.303708693766,95.90659946873016,0
dodo-k200000000000000000,75,10000,134.04917695898402,-133.86599728514355,133.86599728514355,0.1831796738404705,138151.88779012565,11163.885654233032,0.9252330453996332,11012,1639,81247.20551083099,-0.0005706217175163885,0.05097524190221861,99.94293782824836,9971.658157561767,91.22287163918266,0
dodo-k200000000000000000,76,10000,116.37586567142105,-116.33353718162948,116.33353718162948,0.04232848979157211,81402.38570447057,1898.2595699642081,0.9772119463935678,4401,1045,57945.79599135156,-0.0020029556116746504,0.05234266561645981,99.79970443883253,10025.20280786452,125.84233488930936,0
dodo-k200000000000000000,77,10000,156.736289867285,-156.71465465304425,156.71465465304425,0.02163521424074588,91168.66765025382,4024.182959162898,0.9577259958767869,4287,1217,68315.42985445668,0.001524859318521976,0.08414557027608752,100.1524859318522,9988.818000050662,95.62363522688833,0
dodo-k200000000000000000,78,10000,139.27343567987984,-139.37406947537255,139.37406947537255,-0.1006337954927119,120397.49658286698,14935.407819391778,0.8896394939179145,9175,1522,74759.56711581742,-0.00042137862747708253,0.07109886765794755,99.95786213725229,10004.571317544152,84.69556416044391,0
dodo-k200000000000000000,79,10000,144.55849351834678,-144.54484873055785,144.54484873055785,0.013644787788933854,141380.9493354351,1400.321045543971,0.9901925438693217,11366,1731,85015.80927642506,0.0029509480568354718,0.06324041559551716,100.29509480568355,9970.614162114527,102.00281131785363,0
dodo-k200000000000000000,80,10000,107.92232436720265,-107.95176398478952,107.95176398478952,-0.02943961758687408,86199.81104317283,5601.277085591794,0.9389846329736836,5031,1128,60562.61737655482,0.001137440724270391,0.03752599347833836,100.11374407242704,9977.715385782773,113.19352804042104,0
dodo-k200000000000000000,81,10000,86.40230563896633,-86.4056967043564,86.4056967043564,-0.0033910653900761645,79020.3485071496,4046.102326930236,0.95129077640488,5428,1091,52170.509048344,-0.00023045394361318473,0.038971635779971904,99.97695460563868,9999.285995903347,74.05978472305385,0
dodo-k200000000000000000,82,10000,215.86405079044923,-216.03069135916448,216.03069135916448,-0.1666405687152519,152279.7283606766,14163.417069068555,0.9149053748503758,7090,1750,107979.81663264845,-0.0011794109589067148,0.06017698462517927,99.88205890410933,10040.906374897795,143.70313277411483,0
dodo-k200000000000000000,83,10000,165.00357835669612,-165.0404329132355,165.0404329132355,-0.03685455653936742,105827.8975273776,7649.488509823619,0.9325901946021572,5525,1351,75540.6797891618,-0.0004859541911289966,0.059806772642239284,99.9514045808871,10011.52695339022,91.19295798900148,0
dodo-k200000000000000000,84,10000,251.7846853606884,-251.72820532328063,251.72820532328063,0.056480037407766304,200822.1548324581,20888.884070482534,0.9057832926414315,9691,2287,136479.01170383603,-0.0020205509495525575,0.045889062501383936,99.79794490504474,10009.41054569082,140.58364303972618,0
dodo-k200000000000000000,85,10000,190.9883937335389,-190.94821345575255,190.94821345575255,0.04018027778636224,131893.6318398742,8330.383673051554,0.9405923183516046,7323,1680,91038.23598930062,0.0008941524331628159,0.06584687409802825,100.08941524331628,9989.988264473279,98.12149974691745,0
dodo-k200000000000000000,86,10000,243.8331312776592,-243.84661786870524,243.84661786870524,-0.013486591046046215,155338.47734108017,414.44796909408365,0.9973390678327951,8677,1886,107717.10802257007,0.00013052897815697407,0.10381398160514678,100.0130528978157,10000.48989741035,99.3576510960261,0
dodo-k200000000000000000,87,10000,540.2374153334988,-540.131722199963,540.131722199963,0.1056931335358513,270696.497088573,27176.361783838085,0.9087652299483968,10695,3024,193514.42119790698,-0.00024342769373689066,0.08481452780932429,99.97565723062631,9973.198938183205,60.98923060627165,0
dodo-k200000000000000000,88,10000,356.81365331557316,-356.4681790432486,356.4681790432486,0.34547427232456585,178175.52264428468,10791.637305247865,0.9428914669187494,7244,2134,133778.91541584503,0.01478679351055348,0.08786600689380364,101.47867935105535,9865.984344166274,144.27266168576583,0
dodo-k200000000000000000,89,10000,72.1918489635856,-72.1852043185068,72.1852043185068,0.006644645078793587,77197.8859349562,6306.217297076963,0.9244801506393782,5910,1100,49191.04213595812,-0.0013593584329760233,0.03559824411900763,99.8640641567024,10010.050638247449,82.74322143651109,0
dodo-k200000000000000000,90,10000,640.3927887235541,-640.3850040270943,640.3850040270943,0.0077846964597938495,305766.46115293534,12166.495654080516,0.961732511859519,11239,3244,222088.64150404907,0.0007143902890521758,0.10605900237349829,100.07143902890522,9993.822137654653,89.13127481907044,0
dodo-k200000000000000000,91,10000,78.87187724897757,-78.91013140158822,78.91013140158822,-0.03825415261064791,66642.4070932684,4418.297304348258,0.9378236207788498,4690,952,44233.837669613866,-0.0004166644762234739,0.06962804067795701,99.95833355237765,10003.583924455146,90.47500892590769,0
dodo-k200000000000000000,92,10000,154.13919335584603,-154.12695752923136,154.12695752923136,0.012235826614670486,123131.35986694485,3939.818437626529,0.9689951845084545,9035,1595,79815.55597763868,-0.00029499719001606193,0.06794380775664223,99.9705002809984,9999.919858563127,46.34894965051198,0
dodo-k200000000000000000,93,10000,427.8579210133423,-427.92526258601396,427.92526258601396,-0.0673415726716371,256846.01927730392,26320.16772602824,0.9070504568198374,10716,2877,181320.9465460645,0.00017714169079155795,0.13405450813105774,100.01771416907916,9997.174690842388,108.74972911151411,0
dodo-k200000000000000000,94,10000,202.12089943934762,-202.0988544582842,202.0988544582842,0.02204498106343067,152080.07860842938,5421.478681905385,0.9655782534777636,8706,1945,105498.58641116944,-0.002089034604269244,0.06963479300285826,99.79109653957308,10014.485601803824,86.87945885007937,0
dodo-k200000000000000000,95,10000,454.2058796255507,-454.19198568813584,454.19198568813584,0.013893937414877655,233578.5652952257,16667.638658255382,0.933395038985871,9246,2691,170413.26159008013,-0.0027036068994084417,0.09596262541802147,99.72963931005916,10034.196326718464,82.82845130071455,0
dodo-k200000000000000000,96,10000,147.5042404474818,-147.58949996346118,147.58949996346118,-0.08525951597937365,119218.8293378575,6610.933886839332,0.9474612864443362,6997,1542,81873.53972617237,0.0023074388822257675,0.04592881246515248,100.23074388822258,9998.429779817792,101.89845176990846,0
dodo-k200000000000000000,97,10000,140.19648877290226,-140.1658714156286,140.1658714156286,0.030617357273655443,93172.51144520807,4012.7009260162113,0.9587107870826206,4627,1296,69023.19531701726,0.00020829158844392736,0.05695543276637153,100.02082915884439,9998.169773088794,76.02099851722808,0
dodo-k200000000000000000,98,10000,233.59144293612755,-233.64686329870267,233.64686329870267,-0.05542036257511995,176815.55092555,13854.462423771974,0.9273380109415027,9152,2116,122091.30469480078,0.0007240059953397804,0.04226526215574239,100.07240059953398,9994.448372356737,115.97815055388776,0
dodo-k200000000000000000,99,10000,255.4846404776731,-255.33327272485556,255.33327272485556,0.15136775281754922,116897.75070071426,13452.891132192919,0.8967945923163324,4939,1608,90662.46857569253,0.0005037358468037212,0.10065468565065828,100.05037358468037,9988.623109467477,56.70140573344945,0
dodo-k200000000000000000,100,10000,467.1265475413235,-467.3965925783886,467.3965925783886,-0.27004503706513105,258577.42537955675,15399.872756497763,0.9437914277523448,10940,2925,184413.31935835714,0.0011491720266387517,0.07421878824856463,100.11491720266388,10019.931596334342,104.02738870828291,0
dodo-k200000000000000000,101,10000,418.158604233471,-418.1372760686409,418.1372760686409,0.02132816483009492,212974.6826517394,2540.9953382218964,0.9882096961022935,8653,2457,157102.72203797117,0.007344802742723573,0.09497534565331478,100.73448027427236,9938.402633702452,90.23761949204535,0
dodo-k200000000000000000,102,10000,370.4787378795091,-370.28946256261264,370.28946256261264,0.18927531689644184,202792.23190989965,18132.181489401202,0.9179258588473473,9269,2466,145115.66319456746,-0.000007899598000733477,0.0843901474416883,99.99921004019993,9982.840450062613,62.261355572996756,0
dodo-k200000000000000000,103,10000,151.30424281153017,-151.1756417940795,151.1756417940795,0.1286010174506771,129400.61218223949,9335.192937897784,0.9327124462944945,9220,1836,83690.03654635031,-0.0022508657174016376,0.06489482821327514,99.77491342825984,9991.853402479946,48.18442667012048,0
dodo-k200000000000000000,104,10000,117.80914960582993,-117.76618234812851,117.76618234812851,0.04296725770142018,90510.54188461853,1921.6338682802182,0.9792103360910018,5494,1220,63857.56540880034,0.0001565423193416393,0.04253824634019864,100.01565423193416,9993.30658322535,95.58534366048933,0
dodo-k200000000000000000,105,10000,404.3644970775604,-404.13379950931625,404.13379950931625,0.2306975682441248,238943.2504991065,7304.43961580644,0.9703370228065986,9464,2654,171573.91865097918,-0.0021335719554548406,0.06072104148073691,99.78664280445452,10006.7422117859,126.3446173667896,0
dodo-k200000000000000000,106,10000,284.7164706248207,-285.01322290276624,285.01322290276624,-0.2967522779455294,196126.38144487742,5436.069591709305,0.9730303458617767,10473,2226,133226.46047007391,0.0016720802230290133,0.10790396870863318,100.1672080223029,10009.012298653337,123.2856935857355,0
dodo-k200000000000000000,107,10000,259.316986610663,-259.35122571309785,259.35122571309785,-0.034239102434867164,106518.1944690751,1951.9467281201644,0.9820047553494783,4288,1331,82652.1700588655,0.0010518028153202862,0.11736502852358754,100.10518028153203,9990.409435758347,112.59229413037767,0
dodo-k200000000000000000,108,10000,172.9990007821417,-172.97369926511917,172.97369926511917,0.02530151702254102,136701.43821306204,8096.62099843227,0.9440833596629481,8584,1790,92615.31473800016,0.00017491090472574912,0.08675271521757268,100.01749109047257,10000.181856666297,98.97826851090687,0
dodo-k200000000000000000,109,10000,222.42585722032732,-222.4688855453007,222.4688855453007,-0.04302832497339182,162393.67152900944,8177.223903700835,0.952059676517752,10380,2044,106427.36640589498,0.0015171792080842295,0.07012152460108681,100.15171792080842,9986.113215163998,78.35886006302351,0
dodo-k200000000000000000,110,10000,141.5351286786393,-141.52148452140582,141.52148452140582,0.013644157233471788,93710.33577627364,3870.0069395004152,0.9603403018293067,5432,1235,65063.25345803315,0.0005703131414580298,0.06301975526879787,100.0570313141458,9998.904455510708,97.06464735191683,0
dodo-k200000000000000000,111,10000,684.278989977078,-684.3055389533412,684.3055389533412,-0.02654897626314323,317443.15668471355,5280.850474907113,0.9836366357700338,11732,3235,229550.70067324967,-0.00046047507903793414,0.11058813505252303,99.9539524920962,10012.691475624113,85.90060301799143,0
dodo-k200000000000000000,112,10000,132.11162631313132,-132.0814045821446,132.0814045821446,0.03022173098673875,149993.81332047668,14496.944919173058,0.9118677239115636,11234,1671,88210.36503219773,-0.0021632994790759595,0.04450268754134981,99.7836700520924,10004.383116695946,231.81134331243595,0
dodo-k200000000000000000,113,10000,628.7930626213165,-628.8003556188105,628.8003556188105,-0.007292997494005249,308536.32887606934,6366.044184440413,0.9797840704642224,11333,3242,225048.87418499967,0.00224587963257207,0.08992960154383041,100.2245879632572,10012.15822618243,116.02591753715777,0
dodo-k200000000000000000,114,10000,379.72185030957417,-379.68734343606815,379.68734343606815,0.03450687350601811,184314.6939803135,1454.5651234156005,0.9921700440081779,7728,2188,137310.90710363846,0.0015544845826680387,0.13233207253831294,100.1554484582668,9981.78416139232,94.79567510274329,0
dodo-k200000000000000000,115,10000,145.4050130240769,-145.41120455221306,145.41120455221306,-0.006191528136156421,127094.32806449388,6154.413228495644,0.953812597636752,7589,1582,85280.47248968299,0.0008373483912752989,0.037121000775070453,100.08373483912753,9994.091067015564,151.57175636232085,0
dodo-k200000000000000000,116,10000,705.868477821545,-706.1776979797651,706.1776979797651,-0.30922015822011417,304289.6907481871,9780.278690023253,0.9688595547434299,11061,3242,223168.6906743478,0.004820246783513937,0.11749055165002076,100.4820246783514,9992.491614082732,88.85658903404455,0
dodo-k200000000000000000,117,10000,221.4861306458846,-221.27737346114773,221.27737346114773,0.20875718473686788,200898.2313419243,15257.247624191512,0.929415401834051,10094,2077,132668.10846741393,-0.0028426802136941377,0.06332915480494876,99.71573197863059,10000.54022813333,223.81651361137108,0
dodo-k200000000000000000,118,10000,466.2289867409563,-466.22868420458093,466.22868420458093,0.00030253637538635303,223455.26180038074,4380.876129475127,0.9807718118412634,8175,2462,169342.01772079023,0.0016602645618721112,0.06533528846164742,100.16602645618721,9985.541013824528,97.05795474736756,0
dodo-k200000000000000000,119,10000,157.86201429715513,-157.86587398038463,157.86587398038463,-0.003859683229507027,167659.5309683976,13292.48960861157,0.9265413584980966,11458,1852,102417.14931585359,0.0019189808644854622,0.04723526140567003,100.19189808644855,9952.840977996779,228.41773225218557,0
dodo-k200000000000000000,120,10000,71.91711635014839,-71.3902106086883,71.3902106086883,0.5269057414600837,67323.5103745258,3042.749054763049,0.9567584083701265,4554,953,44896.26509949095,-0.015217020512272939,0.05427159851059983,98.4782979487727,10158.483968922797,108.22252911637716,0
dodo-k200000000000000000,121,10000,175.26318456324157,-175.29702960361243,175.29702960361243,-0.033845040370863444,163003.33286090556,3716.2823071952816,0.9777093876839374,11043,1993,102266.00153757146,0.0011120483282981298,0.04817128259934691,100.11120483282981,9982.432570257073,81.2835534671967,0
dodo-k200000000000000000,122,10000,147.918954398003,-147.72316201643955,147.72316201643955,0.19579238156345014,127447.22976514699,16663.120142217453,0.8843724954319473,6576,1416,85850.39663940042,-0.0015181587454038948,0.05805592570840716,99.84818412545961,9980.815153902495,162.68022996178323,0
dodo-k200000000000000000,123,10000,192.3496365244498,-192.38178707413306,192.38178707413306,-0.032150549683251484,156980.3593253284,14095.501361545328,0.9176067195865534,8477,1725,104111.41773278645,-0.000002653670522647644,0.0547918883923775,99.99973463294774,10003.93774668219,201.07660064900926,0
dodo-k200000000000000000,124,10000,545.3993694323124,-544.3690954125403,544.3690954125403,1.0302740197720368,226795.78977018275,9746.664878227453,0.9587952831016545,9628,2703,163874.5093568194,0.002803802686099459,0.22206977341144465,100.28038026860995,9966.786172104137,103.73932183511346,0
dodo-k200000000000000000,125,10000,70.0286087906679,-70.01816031686843,70.01816031686843,0.010448473799471003,63418.474981607505,3200.9895071972087,0.9519511372275421,4280,842,41743.88627558836,-0.00031364371023101967,0.054738921490018126,99.9686356289769,9997.09167966243,133.76052009310555,0
dodo-k200000000000000000,126,10000,176.29124819101415,-176.284902664643,176.284902664643,0.006345526371148935,155832.13867230012,4503.007661947721,0.9719150307034967,10583,1992,101753.53720202198,0.0017154886886768849,0.05447093987774991,100.17154886886769,9983.6117054948,92.61125780319949,0
dodo-k200000000000000000,127,10000,261.1490479033823,-261.05753810437017,261.05753810437017,0.09150979901215806,139983.8399367932,14334.24340410782,0.90711235460045,7315,1904,99542.34966646742,-0.0025357735594931795,0.1448991742598618,99.74642264405068,9988.927517808117,73.49070188611262,0
dodo-k200000000000000000,128,10000,310.0466866077448,-310.38428628667134,310.38428628667134,-0.3375996789265514,199412.57286136452,15152.851271829199,0.9293788767083792,10174,2372,137016.43014418025,0.0006599842452401105,0.0902219262751828,100.06599842452401,10010.435161020549,102.4981197144621,0
dodo-k200000000000000000,129,10000,364.3715184408519,-363.63720128793364,363.63720128793364,0.7343171529182655,211972.0706273787,21609.69896298732,0.9074855071057797,10174,2455,145967.22257744358,-0.015089368826557887,0.08858505522035656,98.49106311734421,10161.562985053171,118.09338011502805,0
dodo-k200000000000000000,130,10000,609.9088326411216,-609.5519689864459,609.5519689864459,0.3568636546757489,247988.8702440083,11476.355734455352,0.955769195308631,8962,2776,186587.67168976337,0.002754887993417725,0.13967547965774726,100.27548879934177,9993.563098114622,65.91285074284076,0
dodo-k200000000000000000,131,10000,110.84497544488183,-110.83368669321206,110.83368669321206,0.011288751669766839,102989.25259468585,2646.2973891652705,0.9749487990589359,7962,1356,64732.86874675398,0.0009960505460730928,0.07251138791594627,100.09960505460731,9988.16674049601,67.88717777144794,0
dodo-k200000000000000000,132,10000,197.66850751806558,-197.82958911845,197.82958911845,-0.16108160038442065,112370.9057425937,17666.24255632542,0.8641446479915442,5580,1568,81516.52052719175,0.007075912202189869,0.10287080874653455,100.70759122021899,9986.60928535767,38.91995134673968,0
dodo-k200000000000000000,133,10000,798.393120862431,-798.1964817815315,798.1964817815315,0.1966390808995584,249004.65335958425,6372.178101361928,0.9750479396861951,10817,2713,177382.81415240213,-0.00034998633857640014,0.29982662474724153,99.96500136614236,9980.51272655285,102.33135517634553,0
dodo-k200000000000000000,134,10000,170.14062913866104,-170.11614449607055,170.11614449607055,0.024484642590493877,122547.6747009543,7132.116279951097,0.9450020992013994,6940,1625,85161.68809379624,0.00013409517886032063,0.07262756489417711,100.01340951788603,9997.066729045782,99.52369914270692,0
dodo-k200000000000000000,135,10000,163.2540278361039,-163.14455475264464,163.14455475264464,0.10947308345924966,142989.36977653066,16528.73981140432,0.8963833018451565,10857,1829,87440.48341874221,0.001158025999745149,0.0767594501225355,100.11580259997451,9982.347147967766,71.09016119825175,0
dodo-k200000000000000000,136,10000,138.08637621072523,-138.11020291435457,138.11020291435457,-0.023826703629339363,124356.10872562116,4526.031317918601,0.9648824009564895,8657,1636,81286.4824156069,-0.00004614247660441606,0.07550735833936428,99.99538575233956,9999.754785786166,90.45156927075406,0
dodo-k200000000000000000,137,10000,225.38091337118755,-225.36715741088204,225.36715741088204,0.013755960305502413,162366.78005974204,4239.865334939929,0.9745516433339383,8094,1974,114387.86014169912,0.0023381392864779116,0.0702334932758761,100.23381392864779,9977.865787814038,104.0445110828318,0
dodo-k200000000000000000,138,10000,173.023490802613,-173.01820561306374,173.01820561306374,0.005285189549255165,140162.1665757326,9511.66459439668,0.9364507174030636,8382,1812,94462.89413913351,-0.0003273516942969934,0.05793416965748591,99.9672648305703,10000.641595592593,95.4695741911343,0
dodo-k200000000000000000,139,10000,287.75017617671875,-288.018463235445,288.018463235445,-0.26828705872623004,177928.60330275528,7414.189239294181,0.9599974234897097,8108,2077,127174.47296406128,0.0017455346070336475,0.07818301805161638,100.17455346070336,10012.443757717025,120.10161621218924,0
dodo-k200000000000000000,140,10000,240.68576344513286,-240.63877378548653,240.63877378548653,0.04698965964632862,127321.8150832864,5780.5786201865385,0.9565704382968154,7026,1740,90036.09969963749,-0.00004039125687029354,0.11398210081509319,99.99596087431297,9996.831848985696,72.86601294850834,0
dodo-k200000000000000000,141,10000,118.15019155596791,-118.12439011310263,118.12439011310263,0.02580144286527286,109097.45243750807,4510.351600387893,0.9602989280658626,8407,1441,69340.51970847578,0.0021249633919259736,0.049705264289328144,100.2124963391926,9979.794106147581,87.3522119895297,0
dodo-k200000000000000000,142,10000,482.65438507436875,-482.7687008421413,482.7687008421413,-0.11431576777255259,233013.53717637644,6487.244906005959,0.9729134708888987,8968,2612,171307.61606340198,0.004950639997411343,0.1058059067327676,100.49506399974113,9951.390137922133,113.27656322645666,0
dodo-k200000000000000000,143,10000,114.55446433924821,-114.45036152059772,114.45036152059772,0.10410281865048887,125610.76037786566,12987.549869431838,0.9062935915578012,9793,1511,73444.5296065208,-0.0006557422246902434,0.052059198977909914,99.93442577753098,9993.016825663059,143.38365960936963,0
dodo-k200000000000000000,144,10000,332.86587536122113,-332.63713441981275,332.63713441981275,0.22874094140837542,147733.02869706613,11962.693773339228,0.9250907063239834,7563,1900,104955.79055801628,0.0011474591770858922,0.3567152091954793,100.11474591770859,10000.103826928635,55.61645980707202,0
dodo-k200000000000000000,145,10000,224.41488902555955,-224.3066946349041,224.3066946349041,0.10819439065545566,144843.86147596806,10868.182951093306,0.9302033250473172,8291,1759,99129.20227530388,-0.0013707095293371196,0.09131198031348503,99.86292904706629,10008.59570029868,115.22724517525236,0
dodo-k200000000000000000,146,10000,340.96312551907147,-341.08789104714106,341.08789104714106,-0.12476552806958807,205970.27304736938,27611.751067156205,0.8817899143916224,9255,2429,146534.66190886864,0.002860153448782938,0.0814321821233537,100.2860153448783,10006.941179606185,108.39662639911074,0
dodo-k200000000000000000,147,10000,309.24079825253614,-309.202437699353,309.202437699353,0.038360553183110824,165377.78259129642,4334.188018830316,0.9744615067325623,6369,2005,127421.26917606774,0.000531905053513384,0.07648166529462543,100.05319050535134,9996.373111811718,94.86693306153195,0
dodo-k200000000000000000,148,10000,358.1871990858002,-358.57553642199997,358.57553642199997,-0.3883373361997542,203502.32505832348,3047.593135862686,0.9852452464638716,8089,2067,147789.6101456267,0.0022264075772756085,0.07594464007136523,100.22264075772756,9979.664948938609,253.78965492734454,0
dodo-k200000000000000000,149,10000,147.81320621366044,-147.76299009518877,147.76299009518877,0.05021611847166696,138565.05872820644,7515.799625334872,0.948550414407168,9016,1775,90526.59653850611,-0.00036779062967454477,0.048615504550848385,99.96322093703255,10000.066446904899,137.6635502152757,0
dodo-k200000000000000000,150,10000,149.21127936878028,-149.2103338930923,149.2103338930923,0.0009454756879847537,93204.94080152527,4714.6392616559715,0.9518519252368738,5413,1337,67170.0453061612,0.002733952457234352,0.07039680998142017,100.27339524572344,9983.880840129586,74.1146224176046,0
dodo-k200000000000000000,151,10000,282.85266114053724,-282.7916813423565,282.7916813423565,0.06097979818071053,152477.28238688433,5615.113835977797,0.9644820752285759,6715,1878,112626.08156773106,-0.00032549614505612113,0.14220578482892024,99.96745038549439,9999.144217006153,87.19231511011469,0
dodo-k200000000000000000,152,10000,316.0012353524031,-317.00417917173326,317.00417917173326,-1.0029438193301417,146072.56429956335,9365.820914560329,0.9397457654899177,8631,1907,100976.72543790766,0.002448936891737219,0.2365019678452154,100.24489368917372,9995.187820271027,90.90929103459119,0
dodo-k200000000000000000,153,10000,74.15411169937987,-74.16152255761804,74.16152255761804,-0.007410858238174001,85528.99796010462,1253.9178284957618,0.9855510981959831,7200,1176,53958.74402557278,0.00018834849467538105,0.03480577770639769,100.01883484946754,9999.647732397216,102.91618631381526,0
dodo-k200000000000000000,154,10000,97.0459682507676,-97.03232241873084,97.03232241873084,0.013645832036758065,82995.64658929297,2374.467371275727,0.9721861988801789,6310,1193,55942.70975689288,-0.00089928921740551,0.05156291603740016,99.91007107825945,9993.993243994375,102.51644130375507,0
dodo-k200000000000000000,155,10000,317.01789887922405,-316.9205279009957,316.9205279009957,0.09737097822835494,160949.37282298403,5959.237848301028,0.9642964025382887,6657,2029,122438.2592437266,0.00316317977948259,0.07613762999940406,100.31631797794826,9967.617209515432,80.22522366676966,0
dodo-k200000000000000000,156,10000,337.60283541727335,-337.83465040109365,337.83465040109365,-0.23181498382029986,172607.53669774946,9905.239986976663,0.9457285119052949,7028,2027,128187.81865219148,-0.0006164811139910853,0.07157631694135787,99.93835188860089,10025.425259363137,118.8185059000919,0
dodo-k200000000000000000,157,10000,422.6374312478047,-422.5969749169415,422.5969749169415,0.04045633086320777,224127.43921687803,9713.054865156642,0.9584629047963388,9822,2512,158661.43250780395,0.000594495179768444,0.12585687992125913,100.05944951797684,9985.555598875695,109.00829646753655,0
dodo-k200000000000000000,158,10000,294.56686868761466,-294.91042450917064,294.91042450917064,-0.34355582155598086,159500.16460713194,20550.28483202466,0.8858637404347658,7163,1981,117291.26589592108,0.00023665394148082443,0.1586056687904106,100.02366539414808,10050.870507350843,174.38100864889887,0
dodo-k200000000000000000,159,10000,194.0180649531499,-193.958085646404,193.958085646404,0.059979306745901795,185580.09166210832,23352.096313866936,0.8882312173146238,11318,2223,116783.32830890504,-0.0004298465009580355,0.05436957464346179,99.9570153499042,9994.344765576532,89.59126963684643,0
dodo-k200000000000000000,160,10000,113.43818636797296,-113.41173744925213,113.41173744925213,0.026448918720831216,87452.82008423339,3346.800771774384,0.9631408067542283,5378,1247,62198.62183037193,0.00001745535976183987,0.04536360149110394,100.00174553597618,10001.833855562205,79.25054805216993,0
dodo-k200000000000000000,161,10000,95.33954585154856,-95.35444762601752,95.35444762601752,-0.014901774468953022,91138.57536963513,934.2862879715561,0.9898527506243272,7162,1252,58361.31980580102,0.0002864061376696725,0.07391599189210765,100.02864061376697,9997.325264957135,91.58311333071114,0
dodo-k200000000000000000,162,10000,307.54622407562107,-307.56927812704896,307.56927812704896,-0.02305405142789141,152674.5538312086,8394.980810601859,0.9478797723649555,6054,1839,113331.2199474291,-0.00013843814676448574,0.1620169782049838,99.98615618532355,10002.444504235538,94.62081937808479,0
dodo-k200000000000000000,163,10000,367.9965048163556,-367.7590056619954,367.7590056619954,0.23749915436019364,211254.45936002352,8382.347177632199,0.9618354167966147,11340,2714,145352.53109065117,-0.0025590375577920097,0.08006477211878263,99.7440962442208,9977.434457815589,44.00890757798017,0
dodo-k200000000000000000,164,10000,98.21358629527424,-98.22924815221722,98.22924815221722,-0.01566185694298383,84407.43111984263,9688.841517519277,0.8970326746643924,4724,1224,60318.25201872417,0.00045418573284436545,0.03987710128430365,100.04541857328444,10004.747837508656,86.19144714022153,0
dodo-k200000000000000000,165,10000,538.1240879941337,-538.3014219056755,538.3014219056755,-0.17733391154183664,276388.8295482059,25713.921885311884,0.9148835230288506,10816,2958,197398.8072710461,-0.00021433531209552825,0.14432026308015053,99.97856646879045,9992.950640887879,96.73209893265582,0
dodo-k200000000000000000,166,10000,675.2100809094151,-675.0091705004461,675.0091705004461,0.20091040896897994,278432.06781318627,23209.30676150708,0.9230566204844027,11626,3110,196633.72661402443,-0.0008575284045186038,0.19018597708272822,99.91424715954814,10036.320787715953,84.24358471801214,0
dodo-k200000000000000000,167,10000,73.9831151630217,-73.96818983029652,73.96818983029652,0.014925332725169937,65953.81806256967,1415.0947880932588,0.9789948400795763,4962,944,44357.27697794786,0.0006584413922192311,0.04808238343956873,100.06584413922192,9991.854461822924,83.73482049058491,0
dodo-k200000000000000000,168,10000,132.94715760200407,-132.93579917597762,132.93579917597762,0.011358426026447432,103470.85087070084,5907.340792576764,0.9459916030540841,5457,1367,73762.51590875041,-0.0018239540263462572,0.04241383940526305,99.81760459736537,10016.87820883473,101.40934073146617,0
dodo-k200000000000000000,169,10000,228.26030217059733,-228.21793767255105,228.21793767255105,0.042364498046282506,176096.8907088915,7735.143512090103,0.9579227660463583,9780,2174,120795.74470958782,0.005770345155610954,0.06155454875492026,100.5770345155611,9935.42574108644,121.41388861505814,0
dodo-k200000000000000000,170,10000,280.20223466939325,-280.4202830835378,280.4202830835378,-0.21804841414456178,161759.61256989234,19157.042663661232,0.8941112268578559,7027,1966,117518.20224898173,0.0006436359566721706,0.11010049249376067,100.06436359566722,10008.110789203098,88.99655015191802,0
dodo-k200000000000000000,171,10000,364.4497716052154,-364.36956803477915,364.36956803477915,0.08020357043625381,190877.1728267567,11470.268374091247,0.9433139934657935,8347,2335,139495.67031365455,0.0003790982722277647,0.15422798973898025,100.03790982722278,9999.40128526745,88.88289485925085,0
dodo-k200000000000000000,172,10000,88.0463338309532,-88.03993493031234,88.03993493031234,0.006398900640860461,92138.41110279267,3445.605771992549,0.9639520718562573,6932,1315,60609.51977349481,-0.0013005034830449347,0.05929464668404691,99.8699496516955,10012.627863847687,100.12704678278762,0
dodo-k200000000000000000,173,10000,418.5357367511289,-418.52023276137675,418.52023276137675,0.01550398975217604,180437.96073005712,1238.4543789222437,0.9931831857306336,8361,2224,131381.14396978557,-0.00006176762330809992,0.22767044789998805,99.99382323766919,9998.866468443346,99.82540720581034,0
dodo-k200000000000000000,174,10000,343.03389180022253,-343.03183849898454,343.03183849898454,0.002053301237992855,215094.73512984,1383.1168501026473,0.9936108158989364,10184,2494,150869.57543380605,-0.000022121898107911876,0.06514185811991012,99.99778781018921,10000.268112964568,101.54059972097969,0
dodo-k200000000000000000,175,10000,252.64008323232946,-252.58630727555905,252.58630727555905,0.053775956770408584,130799.41811056166,4806.151573537548,0.9645578600883891,5716,1665,98496.9221992759,0.0015352219018130598,0.1022370821128122,100.1535221901813,9991.403656574039,71.18943770981471,0
dodo-k200000000000000000,176,10000,279.1409466543151,-279.0799848953139,279.0799848953139,0.060961759001202154,192533.7126094211,14225.940486152784,0.9311957614884521,10731,2327,130157.062136192,-0.00022236000337741757,0.11634455615002935,99.97776399966226,10001.886568890935,113.5668795006855,0
dodo-k200000000000000000,177,10000,327.1362835614912,-327.10381235874706,327.10381235874706,0.03247120274414783,192435.08784601165,1583.3132512097557,0.9918393655330848,10978,2358,131002.36902834309,-0.0015489750126957346,0.15878352573467752,99.84510249873043,10015.580696599856,100.99498380035627,0
dodo-k200000000000000000,178,10000,58.28844845458679,-58.28918159629359,58.28918159629359,-0.0007331417067959478,57157.679505378226,4052.357163293215,0.9337958710067675,3985,804,38207.81651893093,0.0013527320642313613,0.047312422276066995,100.13527320642314,9982.502404268145,99.99833791850422,0
dodo-k200000000000000000,179,10000,129.3590477465998,-129.2818631224983,129.2818631224983,0.0771846241015055,112224.97307207125,13580.537791045364,0.8920513282933865,9868,1597,67881.2295921283,0.0010620819764341149,0.1012078762914345,100.10620819764341,9972.66803918081,63.44613090760936,0
dodo-k200000000000000000,180,10000,504.8693612154546,-504.7698019005593,504.7698019005593,0.09955931489531622,231130.15690687552,15893.964594135476,0.9356582486861696,11532,2928,161654.31516944675,0.029798234966611686,0.2147946671845186,102.97982349666117,9898.23377879683,32.75481328719678,0
dodo-k200000000000000000,181,10000,323.43922555735486,-323.8132144904327,323.8132144904327,-0.37398893307783965,111096.52775426321,2036.471678805055,0.9819993132948811,4246,1386,86160.29671372019,0.0011872744124725898,0.19152241018909322,100.11872744124726,9988.952306615774,71.87378761762875,0
dodo-k200000000000000000,182,10000,324.2440814188397,-324.2339272305612,324.2339272305612,0.01015418827847725,147364.5470289628,13540.994316602675,0.9158450715657975,5931,1868,113429.29018095498,-0.0000215643073917704,0.13258847030163237,99.99784356926082,9997.574272204978,93.43126881151193,0
dodo-k200000000000000000,183,10000,199.96748248759891,-199.91867822889168,199.91867822889168,0.048804258707235704,161846.05825519087,3958.1185687357247,0.9761277511546709,10112,1966,105777.77765031827,0.0016723424154666587,0.0687215000135322,100.16723424154667,9999.836672928743,94.42813841375441,0
dodo-k200000000000000000,184,10000,165.2493366428756,-165.34111311010713,165.34111311010713,-0.09177646723153998,155114.4388368047,17001.015516349402,0.9012231900950279,9403,1854,100088.82204946633,-0.002039557082553074,0.042761614329764656,99.79604429174469,10024.441506680936,271.3474029751538,0
dodo-k200000000000000000,185,10000,151.0844397408209,-151.03670408735638,151.03670408735638,0.047735653464513916,96196.18747763308,6126.209792723935,0.9401283594193242,4471,1268,71323.39660456113,0.00003870932252226567,0.059873477850238006,100.00387093225223,9999.814207881911,109.93580381075877,0
dodo-k200000000000000000,186,10000,164.11095333014256,-164.13906103954434,164.13906103954434,-0.028107709401780312,129984.82926599379,3376.63376967822,0.974680588433744,7428,1688,90528.34633291347,-0.00010119099495625505,0.05116355297740995,99.98988090050437,10001.662386411464,103.26098876111455,0
dodo-k200000000000000000,187,10000,152.8668482073061,-152.89816347867188,152.89816347867188,-0.03131527136577006,102056.44050026583,8981.455834142838,0.9191135987744786,4608,1314,75494.11693950888,0.0005854841919278896,0.05525487805399834,100.05854841919279,10001.399992514935,102.17040937157365,0
dodo-k200000000000000000,188,10000,111.87720432132771,-111.91510741688269,111.91510741688269,-0.03790309555498084,117217.58050638564,5705.05910109205,0.9535882151627258,8889,1508,72272.01684685943,0.0012273453653214971,0.04869592330558859,100.12273453653215,9997.935214506553,99.984134307965,0
dodo-k200000000000000000,189,10000,253.2904824222603,-253.41011814013893,253.41011814013893,-0.11963571787862293,165880.95704772885,15197.440776491458,0.9160725908827392,8708,2113,114944.93513887572,0.0007826199391878675,0.08977946092306893,100.07826199391879,10008.973759489687,80.90954839688911,0
dodo-k200000000000000000,190,10000,154.1610801893978,-154.29286273357522,154.29286273357522,-0.13178254417741186,92643.82339650349,1649.4427676899215,0.9825073111284772,5161,1270,64962.55262471243,0.0006348666858437468,0.1415214960392781,100.06348666858437,10001.09614394013,59.70296125969308,0
dodo-k200000000000000000,191,10000,379.49594061779675,-379.1732929745623,379.1732929745623,0.32264764323446116,201786.56530374495,28140.91919859145,0.8776095895647242,8641,2482,146687.42542864548,0.003694222772603837,0.11038701331527279,100.36942227726038,9953.733273502718,41.520139820593194,0
dodo-k200000000000000000,192,10000,270.91187173061303,-270.7216102968956,270.7216102968956,0.19026143371741,129531.99290824996,3190.136583108949,0.9759637929610175,5170,1573,99446.95368289726,0.000284819706274817,0.10238343385999031,100.02848197062748,9998.149421424081,89.90022131856176,0
dodo-k200000000000000000,193,10000,191.07206101768548,-191.09422482902443,191.09422482902443,-0.02216381133894174,131545.0240726705,1255.3491181173556,0.9905470964579756,6659,1645,93486.80388592703,-0.00013857966713075597,0.04956759678039788,99.98614203328692,10002.507185844896,114.77862858144684,0
dodo-k200000000000000000,194,10000,110.18361863207369,-110.28278885724232,110.28278885724232,-0.09917022516863483,100546.76268081265,8496.776816701624,0.92207904424365,7651,1393,64029.82188173556,0.0022562110608592436,0.06639984079769803,100.22562110608592,9985.957956189995,81.8583582561802,0
dodo-k200000000000000000,195,10000,287.1941535020261,-287.3660396685501,287.3660396685501,-0.17188616652401834,204079.72776026296,14684.342731674185,0.9328758936572475,10574,2507,138787.4022710947,0.005541610696422481,0.06783701933069494,100.55416106964225,9984.252699321227,65.52057441264236,0
dodo-k200000000000000000,196,10000,347.6695672594342,-347.66880255776067,347.66880255776067,0.0007647016735177203,172969.9957831046,6652.0854390925115,0.9629662155463854,6414,2068,131965.49209248723,0.00019798751556564297,0.1403990658198967,100.01979875155656,9999.016731501886,111.53046569883209,0
dodo-k200000000000000000,197,10000,547.5505328279538,-547.3551180789435,547.3551180789435,0.19541474901029687,272456.6462427065,21445.410821947444,0.9270321173110069,10259,2916,197955.2436393594,0.0016943603067247181,0.10871830283830804,100.16943603067247,9980.60081597746,109.37046831301399,0
dodo-k200000000000000000,198,10000,192.9161628840755,-192.83354048000388,192.83354048000388,0.08262240407162835,156591.48412576522,16838.84245280186,0.9029071628647741,9040,2049,104141.36963085289,0.001920416554959843,0.06109253607711295,100.19204165549598,9975.886353210526,92.39607552260667,0
dodo-k200000000000000000,199,10000,135.54938342932348,-135.55651966239265,135.55651966239265,-0.007136233069161335,91707.6712280933,2676.970728127832,0.9716376449320059,7288,1315,59727.28399517899,0.0011691075574938737,0.07922096267119898,100.11691075574939,9975.146545206875,65.97886838948915,0
dodo-k200000000000000000,200,10000,85.08116819956612,-85.02721314417609,85.02721314417609,0.05395505539003409,76202.20673599548,10102.39178332562,0.882944918849672,6249,1232,49083.745585999044,0.0015239794301147925,0.04920167991436898,100.15239794301148,9983.576712935785,31.11320204960449,0
dodo-k200000000000000000,201,10000,97.55916815744182,-98.01633293548582,98.01633293548582,-0.45716477804400313,80097.37022263283,6914.459490391158,0.9205342593852361,5582,1081,52601.46989018219,0.0014751228310792897,0.10489232212180624,100.14751228310793,10003.323827984032,172.37792516449392,0
dodo-k200000000000000000,202,10000,174.28743548418322,-174.05155953126183,174.05155953126183,0.23587595292138985,133229.0273035686,5242.160720428765,0.9621425886840785,9316,1817,88435.04826777439,-0.0008066279957380118,0.08252151721809384,99.9193372004262,9974.90047268148,72.30082144211484,0
dodo-k200000000000000000,203,10000,340.9748930708584,-340.8428050477159,340.8428050477159,0.1320880231425008,144614.12979667887,2881.983161210117,0.9804606161924218,6065,1906,109283.91339687852,-0.00031695990587436994,0.13648681268420532,99.96830400941256,9989.71375971359,57.902198364854954,0
dodo-k200000000000000000,204,10000,411.8765251007262,-411.6008359877042,411.6008359877042,0.27568911302199695,255227.34907514998,9582.002940970095,0.96381546622875,11746,2853,178647.45095202612,-0.0012788673428660502,0.0642400842607087,99.8721132657134,10007.37310032442,131.48932780081054,0
dodo-k200000000000000000,205,10000,100.7890265227359,-100.7699277955341,100.7699277955341,0.01909872720179351,99638.74440430966,2816.30473212101,0.9725118014596745,6648,1345,66816.35688346962,-0.0001195979435630079,0.041242383664027354,99.9880402056437,9996.303944787343,107.1066617850174,0
dodo-k200000000000000000,206,10000,365.71435825016687,-365.7074858120051,365.7074858120051,0.006872438161792616,206173.69768185882,2804.2323518607286,0.9865812033289436,8296,2445,151393.22622951953,0.0018235063788959848,0.0659327947013682,100.1823506378896,9982.742690066207,79.35603674676747,0
dodo-k200000000000000000,207,10000,162.87651098524242,-162.84255775045216,162.84255775045216,0.03395323479026047,127563.53087835058,9790.934581775975,0.9287177555605701,7175,1669,88035.84246678826,-0.001378013913250129,0.04755913214647464,99.86219860867499,10009.700670642731,90.7594439157596,0
dodo-k200000000000000000,208,10000,160.37045901786496,-160.37846803082147,160.37846803082147,-0.008009012956506467,103478.34287646555,2808.2217998489705,0.9735787697306698,5496,1377,75053.99158868774,-0.0012222276078502148,0.05453281753148389,99.87777723921498,10009.853457446376,86.60562109209545,0
dodo-k200000000000000000,209,10000,279.79321656878267,-279.7861265238103,279.7861265238103,0.0070900449723581005,187660.8631186633,4718.223825550283,0.9754743413096743,9360,2304,131691.8062668397,0.000008692920944071148,0.10523922804233635,100.00086929209441,9999.56384636862,98.00199013650169,0
dodo-k200000000000000000,210,10000,134.31159397636264,-134.31165052647964,134.31165052647964,-0.00005655011699445822,113153.03126420938,1003.631464681621,0.9912082970832362,6718,1527,78777.36436002883,-0.001058313257184409,0.045615777310779176,99.89416867428156,10011.291545250617,102.27583272581126,0
dodo-k200000000000000000,211,10000,122.06933014175175,-121.94231406650857,121.94231406650857,0.12701607524317637,87238.18590304797,3001.193732841883,0.9667418620900153,5012,1113,59655.847151533955,-0.0029207676270340244,0.056457277044931115,99.7079232372966,10020.853449562153,129.21013403521889,0
dodo-k200000000000000000,212,10000,443.1108762795937,-443.63451532687304,443.63451532687304,-0.523639047279346,288438.6345028835,6519.312867342381,0.9778974836058258,10760,2739,203707.91852928183,-0.00231460653671391,0.0488042512012521,99.76853934632861,10014.676159939321,284.2480316052466,0
dodo-k200000000000000000,213,10000,198.51294286581157,-198.42338867560235,198.42338867560235,0.0895541902092134,175554.53161312925,6716.275840278718,0.9631522132692832,11299,2043,113384.92296322648,0.0017499528304779233,0.04474922138901917,100.17499528304779,9980.918908301266,69.24468368883747,0
dodo-k200000000000000000,214,10000,338.6242420307256,-338.50033344471376,338.50033344471376,0.12390858601185073,217764.28732853045,16546.04489071759,0.929384057740846,9208,2520,154434.66907327325,-0.0012647580348401277,0.05930364133940543,99.87352419651599,10006.443348658444,109.72608520405835,0
dodo-k200000000000000000,215,10000,96.56755151837294,-96.5166130579299,96.5166130579299,0.05093846044303518,74600.17397995031,2442.925895328655,0.9682914381783265,4021,1004,53261.35302708773,-0.000030849082048547415,0.03876801293815006,99.99691509179515,9988.583162479406,96.90540235547302,0
dodo-k200000000000000000,216,10000,61.70612352569372,-61.68529782643152,61.68529782643152,0.020825699262196906,63955.90392755144,4103.430819999265,0.9397080380638464,5088,871,40401.78733432722,-0.00138682783745125,0.040884599693680454,99.86131721625488,10013.277066384098,114.76331468946934,0
dodo-k200000000000000000,217,10000,231.74759046511065,-231.6069010261791,231.6069010261791,0.1406894389315596,178633.70057206557,26157.07041525836,0.8722741738353169,7988,1964,124437.31927870595,0.00002638701558069556,0.0480011667709158,100.00263870155807,9959.632920375381,328.77473811409266,0
dodo-k200000000000000000,218,10000,218.57382822173372,-218.58832230388975,218.58832230388975,-0.014494082156033983,176583.38144754485,4718.123784673304,0.9739763672748875,10301,2100,114665.6200041131,0.0006602489139338275,0.04474854469459259,100.06602489139338,9988.353580878485,112.78941581322782,0
dodo-k200000000000000000,219,10000,157.37736537634765,-157.51600222774738,157.51600222774738,-0.13863685139972404,120186.25990272732,3757.1326140901792,0.9696867050530315,8866,1539,77158.07153364035,0.000916992576900384,0.07792591170311837,100.09169925769004,10001.707769012006,110.29641023208549,0
dodo-k200000000000000000,220,10000,233.56455054875715,-233.53634994944525,233.53634994944525,0.028200599311901442,178054.95823055165,10541.093027000557,0.9441075623974474,9248,2176,122504.9058008109,0.0022620287813968788,0.050960356564372804,100.22620287813969,9972.918867844488,98.7563300744678,0
dodo-k200000000000000000,221,10000,48.83574750203763,-48.86408105296832,48.86408105296832,-0.028333550930689455,53479.784120216646,4736.721980253432,0.9186361000078089,4544,720,32267.821273913476,0.0008579502645591219,0.04633742985945986,100.08579502645591,10004.426231632557,111.41168931313693,0
dodo-k200000000000000000,222,10000,77.26688515728155,-77.28550938798867,77.28550938798867,-0.018624230707118272,80341.51204470177,4044.8517893053404,0.952067471502128,6213,1029,49854.80921261938,-0.0015153269930446812,0.04715307891919465,99.84846730069553,10010.758280693415,128.64247561923003,0
dodo-k200000000000000000,223,10000,221.53067228486663,-221.49570292121143,221.49570292121143,0.03496936365519332,132267.0867586438,2391.661312649014,0.982239094400441,5705,1656,99219.41674523322,-0.0006542685815944082,0.048405460319878274,99.93457314184056,9999.309240757448,117.63821917798023,0
dodo-k200000000000000000,224,10000,399.5420460287848,-399.4727180851978,399.4727180851978,0.06932794358698402,225970.90777569838,23597.216191720996,0.9054477959100194,9864,2612,159202.83015994634,0.0047933201667068204,0.06622010629923267,100.47933201667068,9992.391799190123,87.56235304753778,0
dodo-k200000000000000000,225,10000,73.69390940430458,-73.69249589527212,73.69249589527212,0.0014135090324600696,67734.30025141033,3985.697035341122,0.9444269773267633,4610,899,44564.75627151639,-0.002140541583723632,0.05168706341812353,99.78594584162764,10023.6533642393,138.8464263594924,0
dodo-k200000000000000000,226,10000,93.92409640412015,-93.9742348504041,93.9742348504041,-0.050138446283952476,106909.96318351972,5815.5793775805305,0.9484093911153425,8602,1298,64636.64412047492,-0.0005471218474305317,0.03006335444418326,99.94528781525695,10018.339246993231,174.5364242223458,0
dodo-k200000000000000000,227,10000,82.90486443615566,-82.86704730626715,82.86704730626715,0.03781712988850927,73632.5158229652,7336.704735385319,0.9093889667605468,5039,1064,49499.205558135895,-0.0008311928258623879,0.03542658724349366,99.91688071741376,9998.0895468794,60.317391349748426,0
dodo-k200000000000000000,228,10000,293.784857694093,-293.5582940798773,293.5582940798773,0.22656361421564952,191317.2749804043,4931.6712305711035,0.9748703301302348,9813,2387,131913.9339624859,-0.0023663998048075994,0.08896586366585765,99.76336001951924,9987.664550548328,73.84290400801531,0
dodo-k200000000000000000,229,10000,337.06913028525565,-336.8520692011527,336.8520692011527,0.21706108410296565,235901.04941482417,19285.997689662687,0.9244240728183747,11587,2671,159457.12460338214,-0.0023301751661595916,0.0914142294818616,99.76698248338404,9979.789641057094,117.3265333682859,0
dodo-k200000000000000000,230,10000,279.8503279041386,-279.6523814425803,279.6523814425803,0.19794646155833107,181204.77468972225,14595.343466881628,0.9254579435176435,8428,2057,128611.09673549027,0.004917205900690505,0.06534315592438646,100.49172059006905,9936.355176260166,105.4279823870154,0
dodo-k200000000000000000,231,10000,214.06306328810166,-214.08046086874626,214.08046086874626,-0.017397580644598065,133368.79758569354,1772.3815591319928,0.9868849630412607,5846,1736,100147.83730001924,0.00024059284006796132,0.06157278022594511,100.0240592840068,9998.199200161675,102.69018879406573,0
dodo-k200000000000000000,232,10000,207.19926201060747,-207.12885924305755,207.12885924305755,0.07040276754992192,112926.1587459231,1385.8894347089229,0.9878762610173952,4283,1458,89906.72379067195,-0.005871875348845919,0.05317448792781249,99.41281246511541,10057.063437583482,95.87193177792206,0
dodo-k200000000000000000,233,10000,249.49215177417162,-249.57246112156088,249.57246112156088,-0.08030934738926021,166586.53502607188,13785.587386459994,0.9235714078091805,7870,2031,118357.85413288686,0.0022649382228286186,0.06798295596780704,100.22649382228286,9998.673635060384,79.76077115787699,0
dodo-k200000000000000000,234,10000,85.64684918166864,-85.53646138121181,85.53646138121181,0.11038780045683438,99170.05197330541,9974.3614124731,0.9086131749389864,6885,1347,64016.769776365945,0.005205399522342304,0.032088053609535476,100.52053995223423,9931.24638026321,132.19781396251048,0
dodo-k200000000000000000,235,10000,487.3145127318334,-487.1753473332021,487.1753473332021,0.13916539863129174,215309.93121326884,7186.695963456269,0.9676997532293018,9085,2644,158361.0660467517,-0.001899922918044581,0.1353867382624584,99.81000770819554,9984.988358143162,70.6910179816114,0
dodo-k200000000000000000,236,10000,117.21006747275263,-117.27102050618686,117.27102050618686,-0.060953033434230974,79860.62377686685,6594.023798700487,0.9237285214431433,5103,1117,55263.54379822965,0.0021869201434590478,0.07105876158116786,100.2186920143459,10000.500506457349,67.21480809917236,0
dodo-k200000000000000000,237,10000,242.65561765447262,-242.5907238584723,242.5907238584723,0.06489379600031953,132300.7390834972,6205.930914750632,0.9551939923555367,5634,1620,98068.55495049323,0.0012704899584024076,0.08263625275212036,100.12704899584024,9981.132049812006,92.4113136470382,0
dodo-k200000000000000000,238,10000,145.82123283370822,-145.7558174433475,145.7558174433475,0.06541539036072663,131671.37039600266,15512.782507945434,0.8946029025416273,9885,1756,82005.27615319015,-0.000953229741074324,0.061445663659417706,99.90467702589257,9992.590617022302,42.80061201675412,0
dodo-k200000000000000000,239,10000,282.9924400832781,-282.79577374079304,282.79577374079304,0.19666634248505943,146098.76265011218,15280.342999092774,0.905313993793545,7861,1790,100428.2611320357,0.0019373342810467876,0.12302004086428127,100.19373342810468,9988.387627963133,74.2257792015887,0
dodo-k200000000000000000,240,10000,736.2875658778157,-736.2825300264667,736.2825300264667,0.005035851349020959,299286.2794847689,5651.370547653195,0.981467127633953,11804,3162,213537.62877877892,-0.00017593355416110513,0.25112939994018363,99.98240664458389,10004.2044115286,94.64523357043299,0
dodo-k200000000000000000,241,10000,134.22951943703436,-134.18981362437228,134.18981362437228,0.03970581266207773,92846.28706276602,3138.8350792817405,0.9672987332908053,4990,1150,66193.5791379245,0.0001894230214456627,0.07461668605754483,100.01894230214457,9993.606216712527,152.4143206434038,0
dodo-k200000000000000000,242,10000,166.77273638031372,-166.76844607842438,166.76844607842438,0.004290301889341208,135170.37539435097,617.6751184366434,0.9954511820730613,7958,1768,92634.41623568157,0.0016222715523790043,0.05051205440791108,100.1622271552379,9983.77970611681,98.9583810440994,0
dodo-k200000000000000000,243,10000,126.69683767737958,-126.70773555966497,126.70773555966497,-0.010897882285391347,139127.42265358655,6085.147411355944,0.9580948990253768,9023,1501,84684.37623683971,-0.0011937872478134182,0.05862210940707414,99.88062127521866,9986.955599884799,207.80799920429928,0
dodo-k200000000000000000,244,10000,102.6103421291524,-102.5828867869273,102.5828867869273,0.027455342225096047,95687.58165617369,5755.431600130354,0.9432643864236486,6766,1214,61591.62801935133,-0.0003204174862226239,0.05473669328204977,99.96795825137774,9997.133386939498,165.48230014142715,0
dodo-k200000000000000000,245,10000,208.2123254735616,-208.15394405047095,208.15394405047095,0.0583814230906512,131858.0694972066,3780.428347662954,0.972128647782677,6338,1677,94942.28056078817,-0.0005353302182392383,0.09514015074098893,99.94646697817608,9998.32027477196,65.46384509427882,0
dodo-k200000000000000000,246,10000,55.85108320865943,-55.84835079098647,55.84835079098647,0.0027324176729592864,52291.74723189977,5303.765457806704,0.9079135646143038,4038,719,33816.87802271876,0.0010979466348480572,0.052642773798693414,100.1097946634848,9992.325855857702,100.37268906431748,0
dodo-k200000000000000000,247,10000,250.5498322792275,-249.69833400604935,249.69833400604935,0.8514982731781515,151869.84582084313,1747.469795120043,0.9886245258998755,9047,1873,100757.88439117731,-0.019411970389824517,0.17327695874697768,98.05880296101755,10228.192157396825,116.00465957405977,0
dodo-k200000000000000000,248,10000,312.9400310977489,-313.22717430248537,313.22717430248537,-0.2871432047364806,187343.72946203768,16237.812049046603,0.9202392715541821,7570,2007,135539.22927497598,-0.0027834686635090124,0.1153530681427108,99.7216531336491,10042.7554282892,182.14330186882077,0
dodo-k200000000000000000,249,10000,305.46243161740335,-305.16777414058106,305.16777414058106,0.2946574768222945,139205.4419356051,6484.977598715428,0.9554879612575503,5799,1733,104496.22081555784,-0.0015889354688857792,0.13968412538769756,99.84110645311142,9988.638112874396,73.0803811305613,0
dodo-k200000000000000000,250,10000,320.53807383680663,-320.37233099492795,320.37233099492795,0.16574284187868216,176905.97181192972,3904.453024406951,0.9784058190895734,6989,2053,133433.7667789922,0.0011251138780261271,0.06693301002307521,100.11251138780261,9999.5314302921,90.4898072281145,0
dodo-k200000000000000000,251,10000,314.7779367674119,-314.8592010090052,314.8592010090052,-0.08126424159326007,158569.17926341234,2116.4640108842036,0.9868285431868278,6361,1908,120516.08480894114,-0.000843871920735495,0.0845052145606961,99.91561280792645,10020.851953455416,105.52670585095511,0
dodo-k200000000000000000,252,10000,185.3311076744691,-185.52745244463117,185.52745244463117,-0.19634477016205665,167425.1766082363,7085.4168835166465,0.9593983566169495,11382,1873,103965.2959343998,-0.0013961565385655205,0.08150388804798255,99.86038434614345,10030.195583420775,146.94629569126272,0
dodo-k200000000000000000,253,10000,96.50178489257449,-96.5047732626271,96.5047732626271,-0.00298837005260566,103401.78048770802,7428.672199454653,0.9329726440762331,8319,1354,63668.11770454661,0.0001388293282141717,0.03901820134892873,100.01388293282142,10003.627779691047,89.36704191664047,0
dodo-k200000000000000000,254,10000,199.23759855374124,-199.2076166652137,199.2076166652137,0.029981888527544243,114054.46291178554,12161.5826420359,0.9036447181602603,5411,1507,84608.55737962713,0.0011400991565793106,0.07783274493750454,100.11400991565793,9982.757272119037,78.18074559021296,0
dodo-k200000000000000000,255,10000,231.54714400528246,-231.54044010046184,231.54044010046184,0.006703904820625439,172128.6697323513,6736.864046765716,0.9623355942062871,9890,2098,115667.9526903425,0.001449617307606985,0.08451711017591293,100.1449617307607,9986.794856733084,101.52218870979752,0
dodo-k200000000000000000,256,10000,406.40624060111475,-406.24807831860943,406.24807831860943,0.15816228250531594,223163.72678534032,14987.491635629602,0.9370673316936937,10606,2556,156529.84374190748,-0.0040100240140913,0.14335025170973453,99.59899759859087,10035.400392131349,101.36543166143167,0
dodo-k200000000000000000,257,10000,204.7481129481744,-204.73640815824544,204.73640815824544,0.011704789928955961,170446.49784610365,3188.279993791423,0.9816380103487605,11208,2117,110601.11115583904,0.0008546704292524509,0.06057797348135196,100.08546704292525,9991.387495500496,103.93354410602677,0
dodo-k200000000000000000,258,10000,346.62823766778496,-346.4313268494282,346.4313268494282,0.1969108183567414,189191.1301255333,28869.83652301622,0.8676065828436598,7629,2197,136438.74228339066,-0.002490351999959728,0.0783947500255502,99.75096480000403,9977.610690576352,78.2283451972868,0
dodo-k200000000000000000,259,10000,140.49236504719505,-140.45672603326716,140.45672603326716,0.03563901392789148,122460.28266299033,3651.472877287681,0.9710457374759052,7666,1449,80818.84700599976,0.0013013950712465316,0.07225596825173695,100.13013950712465,9983.844618897494,108.29608654382311,0
dodo-k200000000000000000,260,10000,187.12167640755615,-187.06070607835176,187.06070607835176,0.0609703292043946,152791.4879206638,3722.485111367973,0.9762162761620897,9550,1875,102315.4549894391,-0.0005432181096139743,0.06095029077551231,99.9456781890386,9999.503794040611,109.49047363123745,0
dodo-k200000000000000000,261,10000,209.80234263574172,-209.75053825937374,209.75053825937374,0.05180437636798274,113956.57489767269,13359.760927243915,0.8950664041602953,5173,1536,83844.39597460293,0.002210722795493467,0.08877987168404246,100.22107227954935,9989.103277581451,50.65810344203464,0
dodo-k200000000000000000,262,10000,208.64761092361937,-208.62332330935754,208.62332330935754,0.02428761426182291,155371.13419501786,6276.417222070716,0.9611722097424409,9988,1944,101831.13963716461,0.0034588549729375018,0.07272038031055487,100.34588549729375,9963.875068485235,106.52284600287264,0
dodo-k200000000000000000,263,10000,158.36240878840854,-158.39261120621163,158.39261120621163,-0.03020241780308197,102512.89594862796,8763.040647102342,0.9212494550467025,4329,1266,75767.60163941608,-0.0014215474617489576,0.04707635203647825,99.8578452538251,10024.589767622356,139.7420681636363,0
dodo-k200000000000000000,264,10000,91.62955483330971,-91.5493232196032,91.5493232196032,0.08023161370651621,114150.06114723027,7589.855096639498,0.9376551641333851,8599,1329,67811.3117058351,0.0011892265937831325,0.03555844711543514,100.11892265937831,10007.402738290924,277.5065921963876,0
dodo-k200000000000000000,265,10000,187.14321683751066,-187.09673575510294,187.09673575510294,0.046481082407723306,144811.30224921094,3876.630211729319,0.9739277414947733,9443,1888,97080.440166445,0.0003018858098525357,0.061604287609407324,100.03018858098525,9988.02586855149,87.13095896679536,0
dodo-k200000000000000000,266,10000,214.86709727411605,-214.85489807072793,214.85489807072793,0.012199203388121305,118466.23597461662,3406.0131705679587,0.9720525944629903,4880,1490,91273.36982491467,0.0021177949970420684,0.057694339613130266,100.2117794997042,9980.846222469216,104.78263269803747,0
dodo-k200000000000000000,267,10000,576.2201384230603,-576.2298612698387,576.2298612698387,-0.009722846778345229,270465.85455736396,1417.9404047298217,0.9947847557265136,10566,2950,195995.09237416004,0.00003689809206051109,0.1051639314663457,100.00368980920605,9999.825156807432,101.65458535084109,0
dodo-k200000000000000000,268,10000,180.1291227051416,-180.12152903026396,180.12152903026396,0.007593674877654166,130996.40083691974,2653.4286391542737,0.9801464120862997,6674,1524,91037.63786191876,0.0021472778909155466,0.06964192644145811,100.21472778909155,9992.607305876007,119.34976369164225,0
dodo-k200000000000000000,269,10000,71.13948273986742,-71.13785350729682,71.13785350729682,0.0016292325705933308,73496.8688940188,7851.323109124314,0.9034849710142181,5202,1033,47455.518006475984,-0.0006808488551487813,0.0409348554415368,99.93191511448512,10008.398467742045,82.89332654495395,0
dodo-k200000000000000000,270,10000,325.2678456737009,-325.2101597291181,325.2101597291181,0.05768594458277221,173548.6364258524,12332.709541589045,0.9336527854508369,8110,2185,125584.0893454071,-0.0049055425309244075,0.11960446954359227,99.50944574690756,10022.004813260384,61.016651922615246,0
dodo-k200000000000000000,271,10000,440.18911051134984,-440.0816682629028,440.0816682629028,0.10744224844705741,262628.8180544448,37008.64265806459,0.8764885986883564,10497,2846,186176.55339021597,-0.0007011238811004717,0.05639762138463027,99.92988761188995,10003.107424128753,72.2700787258984,0
dodo-k200000000000000000,272,10000,66.44637578800322,-66.52016930913547,66.52016930913547,-0.07379352113224513,55494.822226248005,3116.8873676477465,0.9468214220461442,4218,860,36957.04065386016,0.00471633586465515,0.0913519503316985,100.47163358646552,9990.661960172783,30.13487132994103,0
dodo-k200000000000000000,273,10000,370.17226661006015,-370.00078945044004,370.00078945044004,0.17147715962011034,131791.5559089339,23423.83151517535,0.8490882128124819,5651,2012,100799.81531660966,0.0007288551546525923,0.7150126249482389,100.07288551546526,9975.888811992008,18.907137590054095,0
dodo-k200000000000000000,274,10000,218.12786244503354,-218.0820989546303,218.0820989546303,0.0457634904032318,104889.6322456196,1096.1671725829885,0.9896574146857382,6353,1389,74380.53291202147,0.004343786781578416,0.16388302010099834,100.43437867815784,9963.41903179196,86.94610444573428,0
dodo-k200000000000000000,275,10000,116.06939809398223,-116.19289878168168,116.19289878168168,-0.12350068769944755,116648.57426023054,12748.250348971615,0.9014794189310809,9011,1502,71993.14595886265,0.004392358079052485,0.06946466294407998,100.43923580790525,9974.432375812134,66.29636097997468,0
dodo-k200000000000000000,276,10000,357.4324876871664,-357.5039903759595,357.5039903759595,-0.07150268879314581,226976.60716760444,24382.537637439083,0.9029972127875021,10315,2640,160299.12247985913,0.00158825984427736,0.0905776163396105,100.15882598442774,10023.746976119055,138.11822407017874,0
dodo-k200000000000000000,277,10000,224.5860363298223,-224.5965475513343,224.5965475513343,-0.010511221512018665,183631.10971157864,5139.163448389945,0.9727755680893946,10938,2114,120662.22023064553,-0.0018593977938944307,0.049126422295605036,99.81406022061056,10015.871228641892,142.15299267750655,0
dodo-k200000000000000000,278,10000,341.3923665820372,-341.44669069305337,341.44669069305337,-0.05432411101617163,235941.02696306692,8231.091151776835,0.9662897991165993,11306,2653,163179.45955953837,-0.0005108173581008657,0.06411337138866856,99.94891826418991,10034.259797195797,149.28264857405574,0
dodo-k200000000000000000,279,10000,429.0315223228505,-429.00749769025117,429.00749769025117,0.024024632599321194,236395.95187836533,26545.07852994859,0.8990455065581532,10802,2844,166727.09465126623,-0.001092813358385456,0.0977376773043801,99.89071866416145,10018.450040398804,61.750290027930994,0
dodo-k200000000000000000,280,10000,144.66295857029198,-144.6136845412977,144.6136845412977,0.04927402899429012,117872.21485129875,4764.907179757503,0.9611462899581837,6689,1446,81548.51715856431,-0.0003214170930034754,0.04601111486762207,99.96785829069965,10005.461902143803,169.94488864631452,0
dodo-k200000000000000000,281,10000,162.89707376526087,-163.01179838591582,163.01179838591582,-0.11472462065495392,119692.05834120233,3551.462119755434,0.9711833765663932,6281,1525,86028.92352931607,-0.0002687627254371705,0.04689483457160008,99.97312372745628,10017.538351599824,116.82539784415584,0
dodo-k200000000000000000,282,10000,142.5250079182905,-142.49911805097946,142.49911805097946,0.025889867311036596,111892.62976245949,7879.063765698771,0.9342159776354302,7389,1532,74993.57882243395,-0.0018067756306048466,0.08331593086055761,99.81932243693952,10017.165690632137,71.85428895294675,0
dodo-k200000000000000000,283,10000,122.00817675629361,-121.99697871295093,121.99697871295093,0.011198043342673714,87800.86992370905,8127.305317085506,0.9152771821554542,5357,1269,60449.276832710115,-0.0025898057696802823,0.05828278343085884,99.74101942303197,10008.488258801268,59.544311072851286,0
dodo-k200000000000000000,284,10000,736.9183985735438,-736.7448577360905,736.7448577360905,0.17354083745328808,297287.2383473453,7370.689688332348,0.9758066703339847,10827,3148,218589.12000111287,-0.004264452211278069,0.1876929870155128,99.5735547788722,10034.722903893402,104.0632719251634,0
dodo-k200000000000000000,285,10000,140.23064746461492,-140.19401899985746,140.19401899985746,0.03662846475745596,145824.43432701819,6481.571223506858,0.9574437580443491,10877,1858,90679.73214037794,-0.0010212190711577306,0.042368230137627735,99.89787809288423,10002.948603401224,100.77628519878832,0
dodo-k200000000000000000,286,10000,192.88758358328843,-192.96920559185529,192.96920559185529,-0.08162200856685331,134098.27120793774,4010.386634493677,0.9709620910293029,9520,1787,87470.108162977,0.0010866063771477741,0.09167056120812504,100.10866063771478,10003.385776971672,77.88995752428121,0
dodo-k200000000000000000,287,10000,216.91013089931863,-216.86076860194663,216.86076860194663,0.049362297371999375,168472.58954729076,10621.36487051496,0.9406938949723757,9732,2055,113353.97175548428,-0.0016070585454386332,0.07476305698811131,99.83929414545614,10007.806550967694,115.90317231086996,0
dodo-k200000000000000000,288,10000,431.25083352007374,-431.28084216691127,431.28084216691127,-0.030008646837529795,232565.86676372887,30921.425460433282,0.8826454771331939,9158,2686,170153.01652952403,-0.005453919056373309,0.08221398146080162,99.45460809436267,10042.37443040124,95.42736206669963,0
dodo-k200000000000000000,289,10000,117.65814916254081,-117.65643266987524,117.65643266987524,0.0017164926655652835,91656.62625897114,4697.016608745064,0.9512523193835692,6649,1330,61278.47856757217,0.002647799362353851,0.0641892740546288,100.26477993623539,9987.806965010019,57.840803254481386,0
dodo-k200000000000000000,290,10000,284.15108862926866,-284.27899980876396,284.27899980876396,-0.12791117949529962,174578.08039712394,19502.140963244765,0.8995150519380687,8478,2175,123603.32561067506,-0.002061658659219603,0.13794605632358412,99.79383413407804,9993.987423986295,86.58954499298352,0
dodo-k200000000000000000,291,10000,292.3629137647172,-292.42740861213616,292.42740861213616,-0.06449484741898459,214397.1834958582,16701.136985331148,0.9277314653323472,11078,2374,142548.568143466,0.0002815508386191823,0.06549815083859073,100.02815508386192,10007.324653063784,153.01921293116803,0
dodo-k200000000000000000,292,10000,385.8057553019151,-386.18856014082434,386.18856014082434,-0.38280483890923733,271110.0647137903,6663.721541104485,0.976010257731845,11009,2590,186737.59185066543,-0.0042486937455224446,0.08571483042058574,99.57513062544776,10228.544590097594,493.09013499152775,0
dodo-k200000000000000000,293,10000,72.36296322136272,-72.34507682555397,72.34507682555397,0.017886395808744737,65611.26087595327,5801.988197162632,0.9187547370765569,4411,920,45624.89594144974,-0.00004708652753095066,0.0345105101830417,99.9952913472469,9996.9771297638,103.97254062375309,0
dodo-k200000000000000000,294,10000,204.92962508782838,-204.89523613511366,204.89523613511366,0.0343889527147212,165291.57587841846,20119.184944992336,0.8914885799743075,10870,2073,106823.43204149223,-0.002252594439892448,0.08448150799693523,99.77474055601076,9996.553767257836,61.9183229772161,0
dodo-k200000000000000000,295,10000,179.69712919336118,-179.7229513963564,179.7229513963564,-0.025822202995215093,109292.54290743671,3181.8371517181126,0.9717105606623957,4738,1374,83314.57899311297,-0.00045621243570238335,0.061997879474194946,99.95437875642976,10006.19866939016,105.5472614564718,0
dodo-k200000000000000000,296,10000,208.6276181538988,-208.6240784923419,208.6240784923419,0.003539661556885676,158793.9727538888,1204.2407878625177,0.9924734110387535,10026,2040,106751.91984392385,0.0014753171106525543,0.07828064715024581,100.14753171106526,9985.371240844954,100.7854773452055,0
dodo-k200000000000000000,297,10000,93.52872390531105,-93.44743882129357,93.44743882129357,0.08128508401748036,89006.01795989957,8634.520227496285,0.911568285183716,6656,1257,57020.354778993744,-0.00041039424510188385,0.07850250510875639,99.95896057548981,9997.664503483044,65.1742623323321,0
dodo-k200000000000000000,298,10000,279.93121041529,-279.7950919833006,279.7950919833006,0.13611843198941642,146231.5698064795,2701.532028284584,0.98186076839196,6615,1694,105846.26707531513,-0.0005790392538918354,0.07682123904405515,99.94209607461082,10005.630390814393,126.87282753788942,0
dodo-k200000000000000000,299,10000,349.6088491361734,-349.68450807201,349.68450807201,-0.0756589358366,232780.45453863466,18616.87343742136,0.9259464148354254,11669,2788,159217.46523971105,0.002800120424679449,0.07121687617081875,100.28001204246794,9995.189044741513,75.61270530574372,0
dodo-k200000000000000000,300,10000,201.3283366086212,-201.33484910234142,201.33484910234142,-0.0065124937202085675,175161.86235181298,1911.01383115006,0.98920775517773,10849,2173,115465.44734036189,-0.0007704950111741483,0.0562287458378519,99.92295049888259,10009.68930308855,102.79312941173237,0
dodo-k200000000000000000,301,10000,294.40524432189505,-294.3434470259974,294.3434470259974,0.06179729589763383,150298.22462982335,7191.776996713222,0.9543350249384883,6719,1894,112034.35628202114,-0.0012458033957889825,0.1162631515129712,99.8754196604211,10010.730301680083,63.168482125548095,0
dodo-k200000000000000000,302,10000,343.70668185755756,-343.70229142937563,343.70229142937563,0.0043904281819209245,180955.29339873322,4961.113973290433,0.9733153515420341,7743,2146,134263.82954777096,0.0002716657439729886,0.06390324157842031,100.0271665743973,9998.971163085784,101.9797741604915,0
dodo-k200000000000000000,303,10000,371.6079284202981,-371.6908843418376,371.6908843418376,-0.08295592153950793,213854.92765879686,3226.2410143283832,0.9851380889735932,9457,2454,154249.3723357475,-0.0027392188380446214,0.08294562926508789,99.72607811619554,10027.064072923444,99.98327419905475,0
dodo-k200000000000000000,304,10000,104.49065711073561,-104.60953117221732,104.60953117221732,-0.11887406148170498,107399.08965850172,4215.561293561068,0.9622311116183878,8571,1413,67684.42176411215,-0.0003469938624944291,0.04804317312642084,99.96530061375056,10013.753844107174,80.1618422792759,0
dodo-k200000000000000000,305,10000,68.62793032602495,-68.63491775991596,68.63491775991596,-0.006987433891012529,66631.211857433,2821.586533722491,0.959374041088576,4110,939,45674.86756215416,0.00010717665883078098,0.048095456742292694,100.01071766588308,10002.187556503824,120.98806606627531,0
dodo-k200000000000000000,306,10000,310.4157544755864,-310.4084742559994,310.4084742559994,0.007280219587016745,197409.5086887145,20832.50566255777,0.9045440186002558,8737,2407,142744.66632886085,-0.00034294222976839707,0.06692578696190168,99.96570577702316,10000.094810805,88.33883802758481,0
dodo-k200000000000000000,307,10000,294.908386488742,-294.83103349784574,294.83103349784574,0.07735299089625869,117600.91417022777,1906.4661342751094,0.98404729373686,4571,1578,93621.94862528499,-0.0013754374978000783,0.1079883528778771,99.86245625021999,9989.009590370533,35.262454488288526,0
dodo-k200000000000000000,308,10000,179.4901923010074,-179.29952315272257,179.29952315272257,0.19066914828482595,131242.05897326034,17401.578084622743,0.8829308914323294,7406,1713,89552.959849046,-0.0016370569655572353,0.10094659402440258,99.83629430344428,9994.134191285262,71.39019780118406,0
dodo-k200000000000000000,309,10000,112.5368402999186,-112.54947125375428,112.54947125375428,-0.012630953835682135,80629.81027185616,3674.8129375441754,0.9564103035201702,5232,1121,55655.983774542976,0.0025304472358139663,0.06950624861779672,100.2530447235814,9982.795193062535,74.06469152766799,0
dodo-k200000000000000000,310,10000,278.18610041696974,-278.39834617128946,278.39834617128946,-0.21224575431972426,194207.00311046347,13510.387843682809,0.9349578396800428,10508,2333,130161.76458279998,0.0018860146727102745,0.074423357819864,100.18860146727103,9999.743725463111,83.06030370845933,0
dodo-k200000000000000000,311,10000,319.6573283433881,-319.7126216867039,319.7126216867039,-0.05529334331583868,227924.42523574326,6616.980070091262,0.9717875824037853,11089,2552,159051.60158897092,0.0027230319637799026,0.043773854276339536,100.27230319637799,9978.205916910365,120.39333735672653,0
dodo-k200000000000000000,312,10000,164.2486883966944,-164.20160379734392,164.20160379734392,0.04708459935048381,146018.09915347863,2462.178270878417,0.9834174725856586,9651,1794,94066.23918702551,0.00009815796155777434,0.06740755495395546,100.00981579615578,9988.717248186787,128.03620268275165,0
dodo-k200000000000000000,313,10000,295.3164781107258,-295.37489825568593,295.37489825568593,-0.05842014496010961,182919.12986078803,11602.674927174436,0.9403528311912288,7531,2198,133030.56104563214,-0.0014252924690083546,0.05945522457401509,99.85747075309916,10018.414826727763,109.12406973599073,0
dodo-k200000000000000000,314,10000,233.4289619933664,-233.35895236912242,233.35895236912242,0.07000962424399404,139667.86710537542,9445.839455571031,0.9366534460619133,7785,1867,98581.55838614817,0.003808733102492852,0.11291651745182406,100.38087331024929,9975.343013664518,45.73847996385439,0
dodo-k200000000000000000,315,10000,371.98967731230744,-372.4257317080113,372.4257317080113,-0.43605439570387716,238223.78224739718,12594.031447839063,0.9497881300283487,11287,2552,161149.3266433893,0.0006095716691258701,0.12429510681568971,100.06095716691259,9995.807026603596,216.21833919433251,0
dodo-k200000000000000000,316,10000,253.33196948185412,-253.0524208815529,253.0524208815529,0.27954860030121154,118363.99245646199,20130.451834308475,0.8546479468010689,5620,1682,85658.21920599279,-0.003970026466421075,0.17330576496765487,99.60299735335789,9986.531508223019,30.169280603748007,0
dodo-k200000000000000000,317,10000,128.4412851102916,-128.4798026214366,128.4798026214366,-0.03851751114498825,138729.68167099002,7527.031187765615,0.9485354822993001,10401,1743,85439.38458375937,-0.0017372379623459722,0.05091803215595021,99.8262762037654,10023.57344361649,94.60567878562699,0
dodo-k200000000000000000,318,10000,387.3576870055459,-387.58695719385236,387.58695719385236,-0.22927018830642965,193161.1950427416,3394.8637120905814,0.982728267276029,9622,2367,135202.45438853823,0.005880060789620245,0.11160741688636917,100.58800607896202,9995.554790074735,73.23341597513519,0
dodo-k200000000000000000,319,10000,192.94827949513083,-193.12103460161558,193.12103460161558,-0.17275510648474324,135331.85325855203,8522.360434231327,0.9407569634878282,7549,1747,93859.56928917191,0.001668677502697733,0.05996952248250451,100.16686775026977,10002.787140496053,80.54127455886922,0
dodo-k200000000000000000,320,10000,150.8507948073073,-150.89053847454113,150.89053847454113,-0.03974366723383582,95260.39663641751,2788.2892210592777,0.9715621969160063,4165,1235,72287.56338136665,0.0007285086688763443,0.05392786820115589,100.07285086688763,9997.975915804613,119.30523616592417,0
dodo-k200000000000000000,321,10000,180.33733619329772,-180.43441821029998,180.43441821029998,-0.09708201700226482,151732.35735706464,8872.335840711916,0.9447566838548977,10035,1956,98217.057101951,-0.0006265983346855819,0.056843597711516196,99.93734016653144,10015.941959252925,79.383797537046,0
dodo-k200000000000000000,322,10000,77.39955560276792,-77.36690904963706,77.36690904963706,0.03264655313085996,70992.74807678907,5527.201707497162,0.9277678340997526,4693,1012,47511.88165537701,0.00033978270263759216,0.034562617717696614,100.03397827026376,9995.970000119301,89.50265190011257,0
dodo-k200000000000000000,323,10000,258.19578628077363,-258.2941370181322,258.2941370181322,-0.09835073735854394,153961.3320293958,5355.0962007619255,0.9663870433184351,8040,1986,108361.75882166722,0.002155296024683082,0.09009403356739142,100.21552960246831,9992.165149097036,64.41284481911472,0
dodo-k200000000000000000,324,10000,69.70505800322425,-69.71884708997729,69.71884708997729,-0.013789086753035917,66431.15902513338,6130.639486338174,0.9155114728121168,4558,911,44201.446197764024,0.00015158345134139495,0.038221424900674636,100.01515834513414,9998.842578950942,110.53762081098655,0
dodo-k200000000000000000,325,10000,248.29428050328292,-248.38120189453355,248.38120189453355,-0.08692139125062681,148742.217431694,3659.1249934501916,0.9759902049731126,6880,1859,107943.86516847489,-0.0011214414408931362,0.07380280437965255,99.88785585591069,10017.224606709615,88.53201256206908,0
dodo-k200000000000000000,326,10000,60.276540493093805,-60.272908185639636,60.272908185639636,0.0036323074541684264,66821.23171772185,8370.634633977568,0.8886763284365746,4455,885,43167.99533074424,-0.0008947269159753546,0.03152893149840139,99.91052730840246,10007.54163577967,107.76756774471322,0
dodo-k200000000000000000,327,10000,283.07928419976787,-283.1042607537404,283.1042607537404,-0.024976553972521742,139329.08986571277,6022.84266276742,0.9585637248986194,5347,1699,107450.78567119566,-0.0018323232659653854,0.0848386723015298,99.81676767340346,10022.325867245338,90.85897714735844,0
dodo-k200000000000000000,328,10000,175.45311209686926,-174.77831865610582,174.77831865610582,0.6747934407634375,106175.23653689888,14804.239776335879,0.8776301549032549,5312,1497,77432.80636065277,-0.028704247901912793,0.09716342562184067,97.12957520980872,10123.295243063989,40.753389784457795,0
dodo-k200000000000000000,329,10000,331.1389475941994,-331.0544409838245,331.0544409838245,0.08450661037488771,195490.71617716303,16688.18347781191,0.9213485247357366,9969,2365,134944.5662158625,-0.00203927220384557,0.13265637761264273,99.79607277961544,10001.364808547014,93.56275568572572,0
dodo-k200000000000000000,330,10000,236.79151005407738,-236.72686209678855,236.72686209678855,0.06464795728882677,120525.08330266584,16265.829072922425,0.881089841492824,5942,1746,88420.97772145412,0.012548319352720796,0.13779099595586658,101.25483193527208,9932.95653532556,45.87125524823195,0
dodo-k200000000000000000,331,10000,338.1201136798012,-338.0743172335271,338.0743172335271,0.04579644627409607,236423.8510636178,9695.932739934246,0.9606048218063066,11509,2626,158553.6592841317,0.0006609226991686512,0.06987821507661493,100.06609226991687,9992.619329684612,111.84763406821621,0
dodo-k200000000000000000,332,10000,153.596101723529,-153.60957628290362,153.60957628290362,-0.013474559374628825,132314.34989381325,7521.770720078618,0.9462101016028088,9237,1717,84891.3690910871,0.0008143969125333683,0.0701664248921442,100.08143969125334,9993.345230875902,96.18037729242826,0
dodo-k200000000000000000,333,10000,282.843747780408,-282.7442831634833,282.7442831634833,0.0994646169247062,176562.30977677644,3744.933558517964,0.979230265577551,8831,2115,123983.63973229851,0.007459377949310238,0.0774869362289796,100.74593779493102,9942.019161587981,106.66347682725883,0
dodo-k200000000000000000,334,10000,129.0921142270831,-129.14406846449373,129.14406846449373,-0.05195423741062655,91133.33274150682,2285.5832857506107,0.9755340418948585,6139,1326,62290.8872912058,0.002364968588064187,0.15506634678286418,100.23649685880642,9989.120998012571,43.53506572387395,0
dodo-k200000000000000000,335,10000,303.2985169972878,-303.03993864770985,303.03993864770985,0.258578349577931,152096.38514303265,20426.353278816256,0.8816019646704761,6177,1920,114262.80933127312,-0.00075585716035107,0.09201970386712333,99.9244142839649,9986.962839709558,71.3855580917928,0
dodo-k200000000000000000,336,10000,192.78886743888233,-192.9273551299294,192.9273551299294,-0.13848769104706093,160545.96406872245,7923.848082396425,0.9529657688744338,11339,2008,100708.19125077811,0.0004421017094283286,0.08969351086921236,100.04421017094283,10004.832366178023,74.95867785187997,0
dodo-k200000000000000000,337,10000,225.27755014222012,-225.3305132363634,225.3305132363634,-0.05296309414327993,148772.571061807,5013.71970622174,0.96739813619808,8114,1836,102748.94502693303,0.0005098086318339767,0.07042692820858193,100.0509808631834,9993.069747559783,91.34596491098851,0
dodo-k200000000000000000,338,10000,386.1046091896213,-386.288108617545,386.288108617545,-0.18349942792366392,175258.79877924133,5900.7105219665,0.9674280939227121,6684,2129,135383.77519898696,0.0020153868707964762,0.08713607234179306,100.20153868707965,10010.043838179958,87.77483026771564,0
dodo-k200000000000000000,339,10000,120.39883868676033,-120.40298042820511,120.40298042820511,-0.00414174144478352,111744.05301535636,9488.21093043851,0.9217352656659051,7628,1524,73414.12130613903,-0.001607124913254978,0.06619527152797473,99.8392875086745,10014.831629701202,90.66365827772091,0
dodo-k200000000000000000,340,10000,376.94678746355584,-376.48229399433933,376.48229399433933,0.4644934692165066,201556.75458878506,3151.0479354455965,0.9846070941283608,9096,2333,145371.5834257266,0.008342340045274597,0.09614894792917497,100.83423400452746,9894.055728127512,113.06145681175519,0
dodo-k200000000000000000,341,10000,73.00119390500942,-72.98945720511983,72.98945720511983,0.011736699889581814,65067.0949632331,1796.0736961019886,0.9731380708974039,4764,1000,44093.33479349345,-0.00021065900920220316,0.04117833825270992,99.97893409907978,10003.101717739008,75.43729239482286,0
dodo-k200000000000000000,342,10000,245.140925702578,-245.1631622101157,245.1631622101157,-0.02223650753771267,159422.08875362063,11241.577782247754,0.9341302222644731,7196,1995,116779.3947342616,0.003027561081960215,0.05656119361479114,100.30275610819602,9977.298023406956,83.65751360198476,0
dodo-k200000000000000000,343,10000,317.9783339508161,-317.8225982120633,317.8225982120633,0.15573573875275315,174673.2497728538,4711.005388735583,0.9737379103617989,8485,2209,125015.82537536112,0.003213422063220577,0.07745613403457113,100.32134220632206,9972.407739236447,63.41902642153338,0
dodo-k200000000000000000,344,10000,479.46911807779,-479.486955305199,479.486955305199,-0.01783722740901794,261856.80124803173,26631.905496417996,0.9076847555075728,11207,3143,184963.07188477495,0.0014275851286865305,0.11845259896415954,100.14275851286865,9990.201573700313,59.25613573620295,0
dodo-k200000000000000000,345,10000,149.0815164421583,-149.01064190404273,149.01064190404273,0.07087453811556088,115950.37269868271,2312.3270020970303,0.9804475374911318,6281,1431,80853.90964654552,0.00012906539558514397,0.04744204615954018,100.01290653955851,10003.153529985737,139.56768586631839,0
dodo-k200000000000000000,346,10000,318.84579035447166,-319.0140770285501,319.0140770285501,-0.16828667407844478,233846.2261688297,18689.65602809779,0.9259920773812111,11579,2551,157131.5295185884,0.002341353205285941,0.07373410238527157,100.2341353205286,9989.327300541723,90.28591474858376,0
dodo-k200000000000000000,347,10000,235.80180310732618,-235.80186663239454,235.80186663239454,-0.00006352506835582972,128846.5067270453,2508.600814200419,0.9809021448715823,7153,1634,90632.23405968741,-0.0011409898171434918,0.16194220576219875,99.88590101828565,10010.514580008543,122.91590736336742,0
dodo-k200000000000000000,348,10000,210.35890643625652,-210.2534190426751,210.2534190426751,0.10548739358142711,141779.3109643355,6718.202384326404,0.9547588223342668,7959,1830,97940.35533071426,-0.002052156501089257,0.08634611263785288,99.79478434989107,10012.928082485481,97.38786993123438,0
dodo-k200000000000000000,349,10000,113.70230965221538,-113.20102894214021,113.20102894214021,0.5012807100751644,90634.81617877187,2808.6801231285162,0.9699424761028403,4505,1106,64919.06975187076,0.006449499409541772,0.050771112196494245,100.64494994095418,9854.977446877649,169.6359167203853,0
dodo-k200000000000000000,350,10000,573.2702856940447,-572.9637247437381,572.9637247437381,0.3065609503065616,237336.4552361779,6849.112253760521,0.9719511995562853,10899,2906,168570.5947323495,0.0012944328559972007,0.18806485778340887,100.12944328559972,9969.159938534593,37.16394604801527,0
dodo-k200000000000000000,351,10000,159.7103768036646,-159.65997047915266,159.65997047915266,0.050406324511925504,130931.91046903528,9554.950575608516,0.9319868740424619,6905,1605,90241.60819472432,-0.0008305814207176354,0.06812888138981833,99.91694185792824,10007.311641020537,141.52990195223055,0
dodo-k200000000000000000,352,10000,589.8874049616584,-590.2995079746609,590.2995079746609,-0.4121030130024792,281074.87487237906,13693.467184431036,0.9535449869247088,11648,3106,201890.24508863396,0.012973051594063492,0.15140485888384533,101.29730515940635,9904.237045292408,75.13661845490097,0
dodo-k200000000000000000,353,10000,276.7535245186356,-276.82019140038693,276.82019140038693,-0.0666668817513596,197006.02143068385,22173.252760192085,0.8988350844665991,8279,2299,141807.90899370244,0.000602944129034313,0.041814152913162844,100.06029441290343,9990.930701409523,144.46897762998216,0
dodo-k200000000000000000,354,10000,507.36963592828437,-507.27822514384104,507.27822514384104,0.09141078444332607,269828.3264769239,6515.684692923961,0.976421834997107,11709,2951,192529.34376539587,0.0037357426616316048,0.07716865694646997,100.37357426616316,9953.627152386081,91.15506987045693,0
dodo-k200000000000000000,355,10000,513.4497378803761,-514.3012815153156,514.3012815153156,-0.8515436349395031,228272.4932153532,6505.735058085919,0.9722898707178722,8138,2405,169787.41319979698,-0.0038530434013402727,0.12242521786878684,99.61469565986597,9991.148053594035,154.18981019057375,0
dodo-k200000000000000000,356,10000,206.83381376594178,-206.83047517830616,206.83047517830616,0.00333858763562489,122040.34706167184,6726.154457797842,0.9477647184754736,4852,1573,93856.89776395248,0.0002572606789560439,0.05426037406389838,100.0257260678956,9997.401691264042,97.80831608080179,0
dodo-k200000000000000000,357,10000,232.38946769875366,-232.1108250226125,232.1108250226125,0.27864267614117466,109522.47671022055,1029.611668418471,0.9906866375523178,4414,1351,83715.42557116058,0.011874548786043987,0.08258959295076039,101.1874548786044,9882.285560945716,98.8813785647594,0
dodo-k200000000000000000,358,10000,171.41465629930258,-171.41210723223148,171.41210723223148,0.002549067071100808,120328.8146055378,10918.889603944308,0.9168070049704117,7048,1470,80858.25031778679,-0.002784495452268487,0.09411177152441169,99.72155045477315,10028.890011377982,144.43542147189282,0
dodo-k200000000000000000,359,10000,361.47451939596436,-361.45101172486466,361.45101172486466,0.02350767109970775,189502.538093182,8335.338509344048,0.9578678327300768,7394,2162,139422.7227242048,0.0003541678038730822,0.07637962016699618,100.03541678038731,9994.848959478784,106.20999279808248,0
dodo-k200000000000000000,360,10000,233.44042116644667,-233.41691513001282,233.41691513001282,0.023506036433843747,125377.778043015,1200.020632568062,0.9905195014834813,5053,1543,96134.49058320042,0.00203376239013906,0.0918204378322224,100.2033762390139,9979.514784168605,96.80170645181772,0
dodo-k200000000000000000,361,10000,402.78782008219775,-403.32837235839304,403.32837235839304,-0.5405522761952852,164458.91544022923,11402.793038619384,0.9351604556941352,9130,2297,114851.86643383617,0.00042617049705455655,0.34365738450668604,100.04261704970546,9988.769900247456,35.89070504569022,0
dodo-k200000000000000000,362,10000,397.517416775073,-397.526539213041,397.526539213041,-0.009122437968017039,234627.05102575742,3899.0194721735634,0.9836536967886393,11693,2712,162239.72706372803,0.002280170929148255,0.08690405460964498,100.22801709291483,9980.102296784895,97.38404598995342,0
dodo-k200000000000000000,363,10000,313.60373259424455,-313.5674326494554,313.5674326494554,0.036299944789163874,162082.54865449845,5308.061969281632,0.9682893685045942,6585,1899,121219.5546999512,0.0018008037788321473,0.10841090868121057,100.18008037788321,9976.128780302995,105.30057743395567,0
dodo-k200000000000000000,364,10000,255.8076806127575,-255.88571060782246,255.88571060782246,-0.07802999506495212,109201.40098769826,7593.404937540797,0.9349850802235044,4578,1467,83892.67105876304,-0.0002006182684306168,0.2535623633746758,99.97993817315694,10016.744150222605,78.58188494603716,0
dodo-k200000000000000000,365,10000,401.9672448239273,-401.94468212754884,401.94468212754884,0.022562696378429337,224332.3333075699,13494.24731152644,0.9432601382217286,9172,2526,162925.39474193126,-0.0008952049307825405,0.06692764340349626,99.91047950692175,10012.635238030638,95.25272921915307,0
dodo-k200000000000000000,366,10000,202.24830183600278,-202.20841925891213,202.20841925891213,0.03988257709065124,158284.00206980985,5664.190320960305,0.9654513402169161,10776,1992,100381.93617730659,-0.0019314022539019505,0.11658390684438913,99.8068597746098,10023.99507337442,89.16800316112867,0
dodo-k200000000000000000,367,10000,259.6574211919123,-259.67292359054375,259.67292359054375,-0.015502398631440428,155741.5037693458,3988.285576622622,0.9750310471643825,7825,1986,113193.22422619928,-0.0010291749714777154,0.06892011528959102,99.89708250285223,10005.516812605245,102.15133618218331,0
dodo-k200000000000000000,368,10000,119.9472470498924,-120.01214395653658,120.01214395653658,-0.06489690664417935,122395.28944157854,12876.630632694494,0.9048092861724414,10308,1584,72270.34607101581,0.00026580516947419144,0.07597025078831393,100.02658051694742,10003.922861727222,46.64121858200154,0
dodo-k200000000000000000,369,10000,351.92955301310354,-351.91951278378883,351.91951278378883,0.010040229314711269,196142.29951322262,7102.046150260232,0.9650566114049771,9438,2128,136791.6925045929,-0.0026310511061808485,0.10540188836523541,99.73689488938192,10010.815552109034,159.14475917761348,0
dodo-k200000000000000000,370,10000,340.36057490644123,-340.3536556649816,340.3536556649816,0.006919241459627301,179633.09026786333,5115.667249493609,0.972310139898976,6856,2070,135477.5169399249,0.00020299648913038482,0.06830206755668257,100.02029964891304,9994.850686135456,99.22440146244203,0
dodo-k200000000000000000,371,10000,244.09188492683734,-244.03444537279583,244.03444537279583,0.057439554041508245,133476.20729840247,13088.793169592258,0.910696324990287,5363,1684,101584.00319157657,0.000048160596253126184,0.06866709472262655,100.00481605962531,10004.149244637953,58.151763025720285,0
dodo-k200000000000000000,372,10000,120.79823872932275,-120.55685953302697,120.55685953302697,0.24137919629578164,114677.75998349611,7757.461407665735,0.9366402794921094,7472,1463,75425.47959414277,-0.0013787665919696224,0.047157668306139156,99.86212334080304,9996.51625849197,117.61770074891827,0
dodo-k200000000000000000,373,10000,144.12009553784287,-144.2559824905438,144.2559824905438,-0.135886952700929,92246.0186148441,3607.528718123397,0.9623641605501371,4783,1182,67185.13538241152,0.000012923224923895305,0.049950663761331525,100.00129232249239,10004.578960072946,97.85218742429431,0
dodo-k200000000000000000,374,10000,118.8251481760706,-118.8706347733366,118.8706347733366,-0.0454865972660059,80910.49575963267,2841.0367792092575,0.9660777935270419,4462,1099,58542.73736901528,-0.0006237365429537079,0.057359855644553474,99.93762634570463,10014.650118839962,94.7746136680901,0
dodo-k200000000000000000,375,10000,567.5446012835232,-566.8628047929467,566.8628047929467,0.6817964905765166,269313.7091284602,5519.977634686601,0.9799152072669907,11287,2850,191417.39788763312,-0.006640758692081334,0.14395969879083212,99.33592413079187,10103.122986920174,155.8141834348393,0
dodo-k200000000000000000,376,10000,304.0157197654446,-303.6171824343875,303.6171824343875,0.39853733105712763,182497.48984173054,16056.731038675545,0.9191317567187509,7830,1869,126817.21034216968,0.0006655267159703726,0.09340768110702072,100.06655267159704,9979.332836911219,217.7149092138442,0
dodo-k200000000000000000,377,10000,261.9131849747235,-261.9135308226843,261.9135308226843,-0.00034584796082981484,183141.86263846103,8849.661811326136,0.9539059766482523,9798,2281,124616.24787956857,-0.002694514598560431,0.1043884384953391,99.73054854014396,10016.439115247635,67.52459434563514,0
dodo-k200000000000000000,378,10000,306.3899425617613,-306.4824758223698,306.4824758223698,-0.09253326060849076,183722.76479553647,17538.394401505935,0.9128575306259904,8151,2173,131188.27091903382,-0.0008566314929062457,0.07683135207357011,99.91433685070938,10022.321456976815,104.99722800548626,0
dodo-k200000000000000000,379,10000,206.58705362122402,-206.69429268056106,206.69429268056106,-0.10723905933704714,140530.17708501956,7873.590931326716,0.9469448044576642,7340,1811,98347.60937247897,-0.003241826826304788,0.06159446368700529,99.67581731736952,10062.344614273734,107.09477794308499,0
dodo-k200000000000000000,380,10000,146.87672908654028,-146.99309690533838,146.99309690533838,-0.11636781879809632,101149.84609034684,10274.596029466873,0.9077886697568681,6573,1421,67312.41284251357,-0.002320677349396618,0.07543328128395402,99.76793226506034,10008.674458768864,37.25852570816146,0
dodo-k200000000000000000,381,10000,161.02886667737332,-161.00582887649503,161.00582887649503,0.023037800878284997,108363.0329811543,2175.823912682391,0.9803162075868752,6459,1435,75601.36628594199,-0.0006840618576674729,0.11207370973296193,99.93159381423325,10002.723958061439,100.82310097088454,0
dodo-k200000000000000000,382,10000,74.52314849386737,-74.52366815446433,74.52366815446433,-0.0005196605969643997,64732.56259879543,4996.183007488939,0.928348302209546,5491,967,40928.775393744734,0.002042039956054538,0.06444425446175614,100.20420399560545,9992.978077811116,66.42757372228675,0
dodo-k200000000000000000,383,10000,213.58399535136323,-213.47974334465368,213.47974334465368,0.10425200670954382,111067.15341515708,9029.144196319285,0.9248174641858696,4501,1485,86132.83005257652,-0.000012476228473872197,0.08448175643405122,99.99875237715261,9997.254323713549,73.20381602030669,0
dodo-k200000000000000000,384,10000,182.30087754239494,-182.43117393470004,182.43117393470004,-0.13029639230509815,124542.80329340194,7896.684384228788,0.9403751515299575,5978,1647,90402.57462920337,0.00020211071649413272,0.07527175921259328,100.02021107164941,10020.639763733105,84.48340316634926,0
dodo-k200000000000000000,385,10000,94.19719760798546,-94.08498904661549,94.08498904661549,0.11220856136996815,60124.59131794678,4746.0098918847125,0.9268388175325647,4323,777,40094.09372153146,-0.0006891370655904438,0.11419445000217564,99.93108629344096,10003.100447636969,104.61406622725117,0
dodo-k200000000000000000,386,10000,176.0271970468013,-176.0446987900022,176.0446987900022,-0.017501743200909914,156525.75412785888,10899.35283037443,0.9349001292076615,9216,2032,105030.3899249814,-0.0013731124401111573,0.03386038527497078,99.86268875598888,10016.557699705209,93.76261887180742,0
dodo-k200000000000000000,387,10000,223.56902688664135,-223.58931171925786,223.58931171925786,-0.02028483261651104,181174.50072019896,14127.217630743997,0.9276646526716246,11244,2124,117810.42999439724,-0.0013288461404225415,0.08109501848839741,99.86711538595775,10038.666607162126,150.68622293412932,0
dodo-k200000000000000000,388,10000,355.40885079235034,-355.6652201602493,355.6652201602493,-0.25636936789896936,226754.9710171562,9200.154219005011,0.9610088816261277,9936,2489,159617.55142092585,-0.0036889211656689724,0.051999500483980936,99.6311078834331,10053.307009547238,102.91410981530791,0
dodo-k200000000000000000,389,10000,390.93904141584477,-390.9642817881996,390.9642817881996,-0.02524037235485821,131856.13533954826,3687.345805993746,0.9727958454746016,5023,1727,104283.41246935423,0.0025254029103724917,0.1815938472470495,100.25254029103725,9989.079075575748,50.707941737509806,0
dodo-k200000000000000000,390,10000,215.04079874163492,-215.02840490126363,215.02840490126363,0.012393840371288434,172015.45609926092,2422.6997911005747,0.9861114113553041,10165,2164,114853.21169404368,0.002973644975737528,0.06748676441488442,100.29736449757375,9975.337650201744,84.43827250739176,0
dodo-k200000000000000000,391,10000,193.62692241815398,-193.62636227144463,193.62636227144463,0.0005601467093470092,157832.06587345668,14981.696862136268,0.9133072700635629,8910,1946,105328.65759837908,-0.0011441202224402502,0.08338393791880265,99.88558797775597,10032.041185377426,148.86748956424333,0
dodo-k200000000000000000,392,10000,130.94295083542585,-130.9565132719003,130.9565132719003,-0.01356243647444444,90921.54121157568,2606.9931809174172,0.9721262265270066,5104,1259,66000.82713846913,0.00011450524368967762,0.059775381001893634,100.01145052436897,10004.587602797075,111.24275701570009,0
dodo-k200000000000000000,393,10000,443.4069617772369,-443.1525030536187,443.1525030536187,0.25445872361819966,229568.3387475891,14297.36019956916,0.9413719917918133,10586,2730,161206.04655605686,0.003322559411985253,0.15414175920848294,100.33225594119853,9985.871336187902,59.912073026557394,0
dodo-k200000000000000000,394,10000,506.6751595550933,-506.56239169775984,506.56239169775984,0.11276785733343786,240148.3727421404,10125.697708348613,0.9595415630148081,9722,2678,173372.02638514224,0.002975546926505217,0.14190095656604612,100.29755469265052,9963.160691342307,88.08142200921634,0
dodo-k200000000000000000,395,10000,114.12256351838026,-114.08136773116662,114.08136773116662,0.04119578721363837,81019.27381631765,2545.5307329198317,0.9695382434429083,4560,1156,58804.12888940038,-0.001829169588881001,0.060534679111968755,99.8170830411119,10010.775704484564,155.1184015835788,0
dodo-k200000000000000000,396,10000,320.49539831536833,-320.49052998951566,320.49052998951566,0.004868325852669386,172709.09491582954,8221.355686088584,0.9545606852868722,6684,2049,130749.86605743422,0.000003918702393548301,0.06945754261663438,100.00039187023935,9999.611983370209,103.43715369072217,0
dodo-k200000000000000000,397,10000,219.10882475762614,-219.0943452380831,219.0943452380831,0.014479519543044717,151707.56555775856,15729.885248795192,0.9060551556833695,7917,1931,106668.41978288637,-0.001464675724123481,0.06212638397818196,99.85353242758765,10006.185603435622,79.41108286165839,0
dodo-k200000000000000000,398,10000,110.83374413809025,-110.85271255493224,110.85271255493224,-0.018968416841985913,111383.28688693933,6257.0205516034675,0.9468122730393898,5482,1315,78128.42965900069,0.0014751581854297057,0.023376676034717433,100.14751581854297,9989.935091563455,198.38121121080906,0
dodo-k200000000000000000,399,10000,77.56942197486471,-77.55491041803886,77.55491041803886,0.014511556825851812,81931.62258168642,1979.3855230865688,0.9764108956882621,6675,1169,52504.95968928605,-0.0031728231755774063,0.05679004278894581,99.68271768244226,10030.35344087477,95.64050066528185,0
dodo-k200000000000000000,400,10000,329.90027594604726,-329.80814030565324,329.80814030565324,0.09213564039401945,182461.98344024917,4610.902126943872,0.9753523760914689,7300,2100,134667.05371876876,-0.0010344292726307458,0.07135975220539947,99.89655707273693,10008.324990341333,104.7825873962232,0
dodo-k200000000000000000,401,10000,80.51101227384964,-80.49909068312792,80.49909068312792,0.011921590721726716,63195.80878802818,2923.9344163020096,0.9557781946117643,3988,864,43702.23042840868,0.00040612186180538856,0.04140248057238494,100.04061218618054,9999.897856714615,82.87062419917793,0
dodo-k200000000000000000,402,10000,475.0764294607495,-475.0706594426497,475.0706594426497,0.005770018099838126,250012.60368954306,2286.742624088255,0.9909363910073488,10256,2815,182100.7615710179,0.0031076077202105523,0.0862459231585892,100.31076077202106,9969.146069587141,99.80422989275071,0
dodo-k200000000000000000,403,10000,235.09596007735786,-235.17190079308963,235.17190079308963,-0.0759407157317753,178598.90531918226,11299.536631423256,0.9404969492358322,9755,2252,121391.25156535301,0.00221884265201453,0.0595815286351079,100.22188426520145,9996.887264591933,79.5186281759675,0
dodo-k200000000000000000,404,10000,218.31320401655418,-218.4808829616152,218.4808829616152,-0.1676789450610272,143309.16711765705,14367.223736512864,0.908881579171858,5849,1721,105521.59030102614,-0.0006270564461179618,0.04620703300849186,99.9372943553882,10024.384276284125,120.4283501745212,0
dodo-k200000000000000000,405,10000,52.90267319344832,-52.859893803837,52.859893803837,0.04277938961132577,50495.93728009429,6690.146783825167,0.8830109301356027,4156,687,31829.08558597545,-0.0008085578331977672,0.04854521531801154,99.91914421668022,10012.246714554902,70.0721854917118,0
dodo-k200000000000000000,406,10000,165.29825713503502,-165.37368487521448,165.37368487521448,-0.07542774017946385,138291.2962940159,4326.59864137991,0.9696630030660612,9339,1773,90073.04834283184,-0.00037806172726675415,0.07219966464497418,99.96219382727332,10007.771797526864,115.35967467289188,0
dodo-k200000000000000000,407,10000,121.58440919379879,-121.4909214945303,121.4909214945303,0.09348769926849343,81416.17428518274,2846.471623486004,0.9662190571778239,5109,1069,56541.81714698174,0.0002287211455666238,0.07753834695858189,100.02287211455666,9976.82259224094,104.9332958814478,0
dodo-k200000000000000000,408,10000,300.2460776276895,-300.1045546002456,300.1045546002456,0.14152302744389544,134592.0565457353,10429.689807487479,0.9280818906835919,7639,1850,94470.92004070264,-0.00015386968478310338,0.1879584520943503,99.98461303152169,9999.724622162912,70.17455432988118,0
dodo-k200000000000000000,409,10000,194.74965680438183,-194.7230602440588,194.7230602440588,0.026596560323042695,146218.6302818037,23979.188740131867,0.8591098941341817,5908,1628,106237.60275097025,-0.00006871642206817796,0.04278368340425629,99.99312835779318,10020.047236637693,119.38920600185742,0
dodo-k200000000000000000,410,10000,269.03012428401803,-269.7053639502648,269.7053639502648,-0.6752396662467959,122227.85725321819,14383.081230228781,0.8947150104530498,4725,1571,94494.57064407272,0.0005108650759663647,0.15642650931291713,100.05108650759664,10006.062317038522,38.63694140995803,0
dodo-k200000000000000000,411,10000,197.59007025453266,-197.63727141751147,197.63727141751147,-0.0472011629788085,119037.72906738931,11085.118933600406,0.9148103572593486,5818,1430,84240.23926571761,-0.0003737543123932596,0.08562828396113815,99.96262456876067,10002.1981113641,115.05567820961065,0
dodo-k200000000000000000,412,10000,98.74307789884128,-98.82981806339225,98.82981806339225,-0.08674016455097444,115681.84614433302,7014.728256183438,0.942828654422858,9139,1397,69585.04775584918,0.0016529294332747213,0.039762922197952265,100.16529294332747,10005.961524565366,149.97496318984773,0
dodo-k200000000000000000,413,10000,226.2846635062183,-226.20863566198778,226.20863566198778,0.07602784423050934,159646.58013952393,14514.076962747738,0.9166627112906178,8367,2048,110845.64537003433,-0.0004796925648085448,0.0970845538751803,99.95203074351915,10010.200622673177,111.05521381129603,0
dodo-k200000000000000000,414,10000,427.5021824016873,-426.06690982958906,426.06690982958906,1.4352725720982562,249143.32219652057,18858.92435370459,0.9296314691519934,11556,2815,172782.0897385978,-0.030221362491039086,0.11057258638912487,96.97786375089609,10202.44389024385,70.54611788601315,0
dodo-k200000000000000000,415,10000,215.94501825968868,-215.99040186619226,215.99040186619226,-0.04538360650357731,135767.700676685,5645.159934023261,0.9600802931950888,5769,1742,101502.39447449766,-0.00044731019687048955,0.06698720373661331,99.95526898031295,10007.862555727752,101.89334590755318,0
dodo-k200000000000000000,416,10000,93.38254364086043,-93.37058955565777,93.37058955565777,0.01195408520266028,89674.71704345832,2381.1917711755736,0.9741332001189582,6253,1189,59147.10352082271,-0.000830840323137636,0.038985157984401865,99.91691596768624,10006.879981130918,111.54540870840175,0
dodo-k200000000000000000,417,10000,215.23925009751093,-215.2235968521556,215.2235968521556,0.015653245355338186,146012.26243804448,13048.449685553069,0.9179656024963989,7200,1816,103474.39101547567,-0.0024559936654956972,0.08577490084717397,99.75440063345043,10022.870368701655,107.07520351566187,0
dodo-k200000000000000000,418,10000,118.016260846374,-118.09818132092136,118.09818132092136,-0.08192047454735985,99429.08620317686,1715.3017938085377,0.9830410581567841,5442,1254,69361.3337854678,0.0014311451582497625,0.04381337815139446,100.14311451582498,9994.628309737667,154.00157860553227,0
dodo-k200000000000000000,419,10000,144.42011114849885,-144.3552192625778,144.3552192625778,0.06489188592104256,118792.29770703019,5482.759333547476,0.9558820614199576,7682,1553,79299.2101364302,0.002150442391807559,0.08295412816751906,100.21504423918076,9975.668283658293,103.70456875739303,0
dodo-k200000000000000000,420,10000,220.43329417486405,-220.39351030349184,220.39351030349184,0.03978387137220807,145266.54106634425,12435.076220794745,0.9211480742258128,9980,2019,94824.56491115711,-0.0012325999996951964,0.09551161974853116,99.87674000003048,9999.865073428375,65.58705845503661,0
dodo-k200000000000000000,421,10000,92.34754127638004,-92.30142541128404,92.30142541128404,0.04611586509599874,70507.13799052685,5291.982775070282,0.9301841139894574,4091,960,49879.83437521737,0.002640741425034605,0.042658423885707605,100.26407414250346,9968.979082520898,113.96973346125885,0
dodo-k200000000000000000,422,10000,86.26372938167464,-86.2186455576258,86.2186455576258,0.045083824048830934,71445.5382461357,7333.544324287337,0.9069100059938925,4765,933,47443.815555317706,-0.0017720648175520637,0.052586925449930814,99.8227935182448,10020.523320618866,143.2724004731088,0
dodo-k200000000000000000,423,10000,72.15469879342967,-72.1694285569679,72.1694285569679,-0.014729763538227303,60449.64534930579,4087.0518439646557,0.9366708861514091,4442,807,40442.361048713414,-0.0006821150812422161,0.05078423805336868,99.93178849187578,10005.54080368145,129.30019002215653,0
dodo-k200000000000000000,424,10000,195.2418391370063,-195.19178655983973,195.19178655983973,0.05005257716658207,120706.58295847244,3329.7625777245808,0.9731549445178319,6696,1635,85536.64092570268,-0.0006531252569295986,0.08725631906541452,99.93468747430704,10000.367113289236,64.94421331010906,0
dodo-k200000000000000000,425,10000,245.73970114360912,-245.61177625655938,245.61177625655938,0.12792488704974403,133816.86656771827,5379.3450581951365,0.9613542279968652,5626,1598,98485.66273083798,0.01420660847436352,0.07760320136532173,101.42066084743635,9842.671237474822,118.38385301113112,0
dodo-k200000000000000000,426,10000,231.26232804206555,-231.23364714353428,231.23364714353428,0.02868089853126321,165481.9467830696,3764.981449846153,0.9777545064530517,9655,2099,112932.38692087177,-0.0031513756129366755,0.053900155788930135,99.68486243870633,10029.058334405401,95.29531009585322,0
dodo-k200000000000000000,427,10000,185.3418727021148,-185.57607991732488,185.57607991732488,-0.2342072152100627,127375.84091109857,6462.609331996538,0.951713358005429,7413,1700,87838.9858660108,0.0019903449987018007,0.06643419194151093,100.19903449987018,10001.219774463323,76.86609659728674,0
dodo-k200000000000000000,428,10000,144.53046448025415,-144.4839234451352,144.4839234451352,0.046541035118963237,151895.78980495603,4870.340223110659,0.9689324459164828,10277,1783,95798.0584887483,-0.0015714807837865408,0.03669611133246462,99.84285192162135,10017.19710965166,194.90843545565022,0
dodo-k200000000000000000,429,10000,511.87334743516175,-512.0853643855166,512.0853643855166,-0.21201695035489365,277493.00284653896,3041.2302850391497,0.9891591473486491,10616,2873,198236.83845808383,0.001050423484768288,0.08402100107018583,100.10504234847683,10010.587765807624,131.93445052589976,0
dodo-k200000000000000000,430,10000,200.49796412410845,-200.57942898439904,200.57942898439904,-0.08146486029059474,148586.46711567845,15835.284269135482,0.9036910619442652,8292,1849,101751.1149773558,0.000004766794905890492,0.058920206480048164,100.00047667949059,10006.276848969504,87.42609396551642,0
dodo-k200000000000000000,431,10000,247.08105157029138,-247.06639974661778,247.06639974661778,0.014651823673602848,188168.75962304027,1682.7986835454833,0.9911362398151718,10604,2220,124910.08387620562,-0.0004305077058766926,0.057237911135100884,99.95694922941233,10003.989535978142,115.61020348028701,0
dodo-k200000000000000000,432,10000,300.1292187022632,-300.2318528404304,300.2318528404304,-0.10263413816721823,112846.38752061996,8718.562405430244,0.9282806235618583,5761,1608,84122.21627653707,0.0012012073393884747,0.24164040953205101,100.12012073393885,9978.970491346852,55.8637384565773,0
dodo-k200000000000000000,433,10000,438.61442791820747,-438.96407893746016,438.96407893746016,-0.3496510192526898,176424.0200051078,18961.33706034022,0.902954155085487,7787,2416,131922.90349596745,0.00024168621027513383,0.19353891485763938,100.02416862102751,10011.697418037673,29.59092273044651,0
dodo-k200000000000000000,434,10000,131.2676492556635,-131.24278049119573,131.24278049119573,0.024868764467782967,100452.22827113133,2892.8301719030783,0.9720080455177482,6791,1371,68439.33989034471,-0.0014206843472383923,0.052249643176617726,99.85793156527616,10000.438417324769,75.05302836475634,0
dodo-k200000000000000000,435,10000,409.005113422446,-409.04834161855695,409.04834161855695,-0.043228196110931094,257074.5262431994,9775.60426920428,0.9633666873220813,10890,2858,183633.66108221334,0.0002275079730526386,0.0816089677695669,100.02275079730526,10000.340713216689,133.83458281712393,0
dodo-k200000000000000000,436,10000,189.8764743300774,-189.8045120461838,189.8045120461838,0.07196228389361181,137570.36528897664,8015.377421073795,0.9449439397576364,8470,1786,92996.39755194017,-0.005102315338074419,0.0863172150514798,99.48976846619256,10045.931649716478,92.19011207615675,0
dodo-k200000000000000000,437,10000,178.43319769536794,-178.43888331197087,178.43888331197087,-0.0056856166029319866,116817.77731129822,4163.2865892173395,0.965587287340762,6276,1578,82633.00154046221,0.0005264171661518446,0.09265762639675543,100.05264171661518,9996.503821993463,59.333780437215594,0
dodo-k200000000000000000,438,10000,85.86442052121012,-85.79932298718938,85.79932298718938,0.0650975340207367,81072.87339343339,7849.812165367276,0.91172317709437,5205,1098,53962.24720320494,-0.0019331708206058807,0.06304203670967055,99.80668291793941,10005.935140249021,103.42552155893274,0
dodo-k200000000000000000,439,10000,425.89346527163775,-425.8331125207492,425.8331125207492,0.06035275088856906,261621.20990699416,22027.879801647192,0.9223410876295293,11007,2809,181815.71482965944,0.0021001169399836785,0.11612943379637215,100.21001169399837,9969.134649358208,65.04314524380018,0
dodo-k200000000000000000,440,10000,109.88939203727443,-109.87163478960731,109.87163478960731,0.01775724766712017,119981.22787609574,7647.903853739616,0.9400771301184697,10322,1481,70678.76648579887,-0.0026201246595843487,0.04842808446076603,99.73798753404157,10015.896247495171,114.23074103393479,0
dodo-k200000000000000000,441,10000,54.95958350852359,-54.93725388711985,54.93725388711985,0.02232962140374184,57466.46039316421,6508.208883006653,0.898268971818963,4454,855,37921.52677903808,0.0018125476863922075,0.05148345610651532,100.18125476863922,9982.669546795089,67.50017776197232,0
dodo-k200000000000000000,442,10000,684.5891929868637,-685.336287604053,685.336287604053,-0.7470946171893047,261311.75880396867,8988.273841265125,0.9667470486285062,9963,3006,195172.22006780765,-0.00001771005061897313,0.15945418164894234,99.9982289949381,10040.292958843827,49.24764939711783,0
dodo-k200000000000000000,443,10000,375.58401849246604,-375.57881836920654,375.57881836920654,0.005200123259498923,217411.8192875168,7287.295568105688,0.967568650313607,9296,2511,155784.40887817586,0.0003913367719034966,0.08267090879131146,100.03913367719035,9998.73780381924,94.36663547381654,0
dodo-k200000000000000000,444,10000,402.05367936113987,-401.7841113524976,401.7841113524976,0.26956800864229535,223187.2630633491,11046.344453003147,0.9528404801935522,11292,2564,152652.77896739024,-0.006380366999534886,0.10470339496598441,99.36196330004651,10029.79859878365,83.27319595062855,0
dodo-k200000000000000000,445,10000,61.903807291287166,-61.894278877729164,61.894278877729164,0.009528413558001603,76881.374255192,4899.699454804825,0.9400876115642648,6108,1082,47969.27438890142,-0.00046400762014926045,0.03497509929693081,99.95359923798507,10004.953555951915,109.9092269867585,0
dodo-k200000000000000000,446,10000,149.56337861116685,-149.52779653693446,149.52779653693446,0.035582074232394234,111737.69906088091,14575.736751188857,0.8846066005767211,4698,1323,81650.96782246059,-0.0003733830972640817,0.04408356777045953,99.96266169027359,10016.518168413373,119.80019033788815,0
dodo-k200000000000000000,447,10000,162.4310199018766,-162.41703801354333,162.41703801354333,0.013981888333262305,127504.16249929735,10256.62274860049,0.9255475879427959,8284,1652,84119.76295175258,-0.002261156749189155,0.09056590490136386,99.77388432508108,10017.964276260627,97.24092416885661,0
dodo-k200000000000000000,448,10000,274.7072611232154,-274.8920868274576,274.8920868274576,-0.18482570424220057,171562.33777267687,7602.165402245946,0.957568797013191,9463,2177,116605.53512758834,0.004396336932407223,0.131276570156642,100.43963369324072,9977.961021603533,78.63750169079104,0
dodo-k200000000000000000,449,10000,171.15149784722368,-171.06825968987565,171.06825968987565,0.08323815734803475,140025.52301016718,11027.48652242972,0.9269959164895023,10258,1902,90315.53801072385,0.002808801565394674,0.09118868718978149,100.28088015653947,9974.419560699884,55.34013984938232,0
dodo-k200000000000000000,450,10000,129.60686412390456,-129.6558305919935,129.6558305919935,-0.04896646808893479,139289.5609842268,11134.20016084172,0.9259811077978305,11009,1756,84736.89233783813,-0.0007116873710592131,0.04579278001573115,99.92883126289408,10015.303271333849,100.43729998502583,0
dodo-k200000000000000000,451,10000,118.46230287986052,-118.48668931714343,118.48668931714343,-0.024386437282913676,99149.19631244591,8954.853498922377,0.9171644955526849,5235,1304,68929.21156993104,0.00172127849002635,0.04529704232570083,100.17212784900264,9983.638757574081,115.67576703159847,0
dodo-k200000000000000000,452,10000,190.66653002863487,-190.67078771056032,190.67078771056032,-0.0042576819254520615,133195.55027678498,12675.211178515803,0.9131065674021324,8245,1794,90130.63936582013,-0.0028788374991590617,0.11028737445470398,99.7121162500841,10003.015055348353,66.93526093106411,0
dodo-k200000000000000000,453,10000,417.89717590787757,-417.82162902014,417.82162902014,0.07554688773757334,228995.01821404198,9943.825267341968,0.9583833874707914,10225,2709,163755.41228097366,0.0005434595864898028,0.09145494726374935,100.05434595864898,9978.613256221446,69.62910628954926,0
dodo-k200000000000000000,454,10000,67.49906730440361,-67.38220201861226,67.38220201861226,0.11686528579134858,60522.90514892031,3641.7143913257787,0.9432441987902449,5246,947,38824.32311986492,0.00296423781322801,0.0803541751744956,100.2964237813228,9991.593991933774,48.609308582368236,0
dodo-k200000000000000000,455,10000,343.2862131289039,-344.7621391842218,344.7621391842218,-1.4759260553178706,143305.79246982245,19332.278636134157,0.8811331288875196,6897,1889,104292.94237258285,-0.000527526403634937,0.2523390897360082,99.9472473596365,9994.404506670411,68.55504131725361,0
dodo-k200000000000000000,456,10000,229.34959660325003,-229.34253196325957,229.34253196325957,0.007064639990460364,128355.13109753812,2983.6894062713295,0.9772825018922353,5222,1617,99170.35147812602,-0.00010278730608774822,0.07175495117805183,99.98972126939123,10000.131012998776,105.73620594054768,0
dodo-k200000000000000000,457,10000,459.68618656750175,-459.623919700868,459.623919700868,0.06226686663376313,283376.07085751684,16535.7602106138,0.9448645951987891,11822,3082,198131.87235100043,0.0002385573906259708,0.060456005216202015,100.0238557390626,9995.972197526724,85.0943379522687,0
dodo-k200000000000000000,458,10000,156.7722323332319,-156.8306774937347,156.8306774937347,-0.058445160502799354,145318.13010617823,14995.774423117879,0.90645992643528,10579,1845,89844.69451780977,-0.005754020987053252,0.07789043912101334,99.42459790129467,10052.626225846348,58.4527547431518,0
dodo-k200000000000000000,459,10000,160.02099760007334,-160.04630302693363,160.04630302693363,-0.02530542686028525,89384.47882270736,9789.751788376705,0.9012873432135045,4303,1307,66492.66743769834,-0.0021366740464556244,0.11860844496260028,99.78633259535444,10014.075230121529,54.759180549935586,0
dodo-k200000000000000000,460,10000,187.44745226963238,-187.54746285441348,187.54746285441348,-0.10001058478110281,142087.5268006652,9561.149942638887,0.936951972493482,9065,1853,95693.84515983477,0.0004629525779643018,0.1004366094979683,100.04629525779643,10002.078883002054,80.3890781604229,0
dodo-k200000000000000000,461,10000,93.05753864946647,-93.05139007298521,93.05139007298521,0.006148576481251666,91207.7648628616,2099.4432303993162,0.9774996672464906,6707,1244,60699.493538740084,-0.0009967893197713807,0.04713932431182315,99.90032106802286,10010.602987345308,107.07658468719652,0
dodo-k200000000000000000,462,10000,527.101497806235,-527.1250726374608,527.1250726374608,-0.023574831225801063,273817.07777752663,4840.164477670949,0.9826304012825968,11571,2951,193516.3293949854,-0.0002838715917837931,0.11413065563038245,99.97161284082162,10010.068192086526,104.15971191181474,0
dodo-k200000000000000000,463,10000,79.10139527291719,-79.10625130947096,79.10625130947096,-0.004856036553775311,82133.25209214167,633.7881733484764,0.9923425052857334,6533,1151,52850.15587855286,0.0001681118172867002,0.04677071263331868,100.01681118172867,9998.410414682588,99.54678831296937,0
dodo-k200000000000000000,464,10000,116.40388452156468,-116.42178806794396,116.42178806794396,-0.01790354637928715,114406.25613061532,4412.181792765631,0.9628661858388443,8374,1545,73133.27081852697,-0.00013806085343333053,0.0473758980013227,99.98619391465667,10003.130927273533,95.88776045030315,0
dodo-k200000000000000000,465,10000,316.34780504140343,-315.98624048698326,315.98624048698326,0.36156455442016977,170769.35712199993,15088.484656057097,0.9188170673257087,7014,2052,127749.25501410838,0.0010295701414867154,0.12106384327081443,100.10295701414867,9978.851653294878,97.65309966561432,0
dodo-k200000000000000000,466,10000,269.02093068925404,-268.9573242762177,268.9573242762177,0.0636064130363252,125092.68026271893,6888.843967355996,0.9478044824262893,5404,1598,95060.5329146088,-0.002000445693470283,0.08577126808149131,99.79995543065297,10005.120990437157,75.03875251009258,0
dodo-k200000000000000000,467,10000,110.86832561300382,-110.86898247827921,110.86898247827921,-0.0006568652753884408,78609.69408170428,705.2450678881804,0.9911082946611349,4283,1081,56707.77169782887,0.0004808561418445834,0.05941822260269234,100.04808561418446,9995.59926856716,101.77994543370228,0
dodo-k200000000000000000,468,10000,206.70855692234085,-206.72524258654283,206.72524258654283,-0.016685664201986583,114176.9903184742,1167.153570117903,0.9898811198317512,5516,1440,84555.89021335299,-0.00046779425774076347,0.0825910598221634,99.95322057422592,10007.326492821243,103.89632848176089,0
dodo-k200000000000000000,469,10000,91.32584945795482,-91.28119893431204,91.28119893431204,0.044650523642772555,76621.49200732603,6798.605992639048,0.9185015822848603,5755,1025,49187.14086724696,0.0009294081059172754,0.08248445683868866,100.09294081059173,9993.447934464462,91.26349732777008,0
dodo-k200000000000000000,470,10000,105.21763005978332,-105.18420820052901,105.18420820052901,0.033421859254303854,94651.52179140902,5597.488527558821,0.944164151748242,6737,1257,61540.279307746896,0.00012462273627903642,0.055736626852749535,100.0124622736279,9995.576697706241,132.9398925875566,0
dodo-k200000000000000000,471,10000,85.50573963289915,-85.55487622028357,85.55487622028357,-0.0491365873844245,78897.7648447806,8055.110484910598,0.9073623447830934,6247,1145,51150.12922492734,-0.001473987041841127,0.04544210094560157,99.85260129581589,10013.379295507684,65.47061976477148,0
dodo-k200000000000000000,472,10000,403.93379911553853,-404.94838254594026,404.94838254594026,-1.0145834304017285,155120.07617754035,4850.674091709725,0.9696777436903593,7362,2001,113996.72899797237,0.002297088812658927,0.22117991378542598,100.22970888126589,10035.739422240418,79.49324905523362,0
dodo-k200000000000000000,473,10000,331.0553944085652,-330.9464484741298,330.9464484741298,0.1089459344353827,205294.59737456546,11627.556394663101,0.9463975615555016,10028,2467,144020.42643694318,0.01703167780334667,0.07952350052308774,101.70316778033467,9915.771472448247,57.854180223578204,0
dodo-k200000000000000000,474,10000,572.3222675850994,-572.4569619547949,572.4569619547949,-0.13469436969546678,295817.6309013541,5142.565012289945,0.9829128068026459,11097,3136,215142.4668290693,-0.004591894556961478,0.10453968878009703,99.54081054430385,10057.419166729846,116.09748451979789,0
dodo-k200000000000000000,475,10000,214.14139914862218,-213.44167301953325,213.44167301953325,0.6997261290889298,113035.23297458906,3056.6481762856806,0.9736704397759459,7234,1597,78480.10920870242,0.001704662041109515,0.21797445659263673,100.17046620411095,9985.62249088968,49.48173493297955,0
dodo-k200000000000000000,476,10000,281.05695952627354,-281.1108188479371,281.1108188479371,-0.053859321663537685,214752.72706403994,9619.373450859292,0.9571275865903812,11420,2482,143724.65618074522,0.0015318000853949342,0.04445621754192928,100.1531800085395,9988.89410324959,108.59601315210521,0
dodo-k200000000000000000,477,10000,152.899940716369,-152.90542552680503,152.90542552680503,-0.00548481043603033,138603.40981224316,11665.369565353682,0.9223699719018758,8581,1686,89142.26841968324,0.00015431443299448232,0.046612204766563255,100.01543144329945,10000.702999981764,109.38881867964473,0
dodo-k200000000000000000,478,10000,143.6703897545997,-143.6120005332431,143.6120005332431,0.05838922135660596,83240.8246034863,9502.166509300774,0.8975430229790092,4296,1244,62692.410935250475,-0.00045294145900328433,0.09020985429164241,99.95470585409967,10002.697221850161,50.407565765424664,0
dodo-k200000000000000000,479,10000,181.996443673393,-181.83835291434548,181.83835291434548,0.1580907590475249,117837.7102436279,4405.714930227237,0.9639594937399586,8578,1633,76949.49269965361,-0.000563610365749696,0.1577679524429493,99.94363896342503,9993.26885681727,72.52114921339496,0
dodo-k200000000000000000,480,10000,263.91306834012255,-263.9421862111464,263.9421862111464,-0.02911787102385688,197612.38746909023,7594.826059799831,0.9629894781514072,10188,2362,135502.35795280288,0.00017262559067134474,0.05851689817380759,100.01726255906713,10000.204397428482,101.69001240386267,0
dodo-k200000000000000000,481,10000,158.84723394408053,-158.82788658432747,158.82788658432747,0.01934735975305557,170419.78163306488,7998.351940330959,0.955170745371346,11463,2020,106944.22944195836,-0.0002609359338293871,0.029776101205750364,99.97390640661706,10002.079453687227,146.35858597611372,0
dodo-k200000000000000000,482,10000,236.3348610922934,-236.45557723684982,236.45557723684982,-0.12071614455641111,175571.90289747118,16720.293868176217,0.9130474655268838,8928,2037,120433.17347274651,0.0013695597892224498,0.07140118035319873,100.13695597892224,9993.384158566301,159.33411335403972,0
dodo-k200000000000000000,483,10000,250.87128594807425,-249.3641517921523,249.3641517921523,1.507134155921932,84509.06514882688,6986.15203385239,0.9236446204624681,3970,1082,62783.777276473884,0.001544220478887297,0.17176584670115885,100.15442204788873,9987.859497624157,92.25154665532128,0
dodo-k200000000000000000,484,10000,147.90146277597097,-148.03827779656908,148.03827779656908,-0.13681502059810668,140025.5434779126,18090.86125653444,0.885585171969236,11097,1878,83744.59174859975,0.002962787358314216,0.07686053105633604,100.29627873583142,9991.720277920156,108.23916588867387,0
dodo-k200000000000000000,485,10000,200.36974085315612,-200.3297426302957,200.3297426302957,0.039998222860418764,144097.4909758037,10530.562763041595,0.9318974629220459,7362,1735,100283.72512018353,-0.0023745180481797943,0.056501110058270285,99.76254819518202,10018.913788497566,119.5297720697439,0
dodo-k200000000000000000,486,10000,208.74394785631975,-208.72243123461007,208.72243123461007,0.021516621709679384,105652.159774426,1609.4851654652418,0.9849947745406367,4602,1420,80518.47719052152,0.001191704634423587,0.07739468219083676,100.11917046344236,9993.464832887214,77.7629685280421,0
dodo-k200000000000000000,487,10000,192.2187434765153,-192.46601884988092,192.46601884988092,-0.24727537336562477,117040.01538304341,7078.66716219027,0.9429685602760848,4522,1343,89307.15334187054,-0.0017797437532632897,0.04500729171432809,99.82202562467367,10036.087843256424,172.84417558901163,0
dodo-k200000000000000000,488,10000,201.20017569341545,-201.26831856983557,201.26831856983557,-0.06814287642012573,153246.30948700497,11624.451849501067,0.9294935514625592,7867,1858,106303.36397542918,-0.000635913552720524,0.06418590604726816,99.93640864472795,9990.0353572114,122.67048292464139,0
dodo-k200000000000000000,489,10000,394.2258422099888,-394.2222628120122,394.2222628120122,0.003579397976579912,192316.48268604744,2185.5152566374413,0.9887635331268861,6866,2185,146747.85167183317,-0.0021407787789867426,0.10439728185256059,99.78592212210133,10022.635483990365,119.25194359041714,0
dodo-k200000000000000000,490,10000,189.76622239578455,-189.75983516017604,189.75983516017604,0.006387235608514175,124611.22875113241,2425.7757701432083,0.9809049671842903,6661,1613,89254.50014159427,-0.0023796188751738613,0.06766996289561178,99.76203811248261,10022.211500283789,97.31936629640732,0
dodo-k200000000000000000,491,10000,503.3550258495229,-503.236394687533,503.236394687533,0.1186311619899243,262945.70813365356,14742.094411194279,0.9469112641027387,10988,2957,187728.12755438837,-0.0007944984307181358,0.10453891001368049,99.92055015692819,9999.109126212126,79.77451593859573,0
dodo-k200000000000000000,492,10000,165.50499954160048,-165.55360417067786,165.55360417067786,-0.048604629077374284,117816.15632294293,2408.897944267356,0.9799634280978291,5977,1509,85655.25556838249,0.0017689105400775418,0.044567012543002986,100.17689105400775,9986.899208938323,121.66367939265241,0
dodo-k200000000000000000,493,10000,308.91804078974707,-309.15319318609835,309.15319318609835,-0.23515239635128182,166141.587595432,8210.625313407018,0.9529078227547362,10103,2303,113544.01163227028,0.013955369694548948,0.20929073816802046,101.3955369694549,9946.299827261819,40.56523644849904,0
dodo-k200000000000000000,494,10000,96.8738830219105,-96.82098806208295,96.82098806208295,0.052894959827554544,92652.42411322251,5830.445211354607,0.9407973665740913,7827,1275,55711.86491832051,0.0001496307274160813,0.11827135769961572,100.01496307274161,10008.821150621447,62.51250639959682,0
dodo-k200000000000000000,495,10000,265.5831989852668,-265.5537863619857,265.5537863619857,0.029412623281075412,147812.99730262524,5619.351473168136,0.9633757058534015,8025,1858,102976.47681051718,0.00011134019641275473,0.11943831479909434,100.01113401964128,9993.184529088669,93.3622555485158,0
dodo-k200000000000000000,496,10000,207.61969879532728,-207.65261868315233,207.65261868315233,-0.03291988782504518,134915.01391743674,15275.29352925961,0.8982937461881091,7153,1859,96507.19192371183,0.002456452290066977,0.06696656143594495,100.2456452290067,9990.457120360417,63.81967609577817,0
dodo-k200000000000000000,497,10000,188.5106371160593,-187.06473071361634,187.06473071361634,1.4459064024429722,134976.5925509665,7647.221966653106,0.9463818718317314,7750,1643,90468.32817620717,-0.01954099162721235,0.07197373981421748,98.04590083727877,10269.348878820454,142.06103934942544,0
dodo-k200000000000000000,498,10000,105.76045083940969,-105.76690835267488,105.76690835267488,-0.006457513265189618,126345.28219889218,5959.34894777164,0.9549573669785941,10593,1624,75751.05587816148,-0.00027912411479533714,0.026459919990235933,99.97208758852047,10005.60457636001,95.30359048196318,0
dodo-k200000000000000000,499,10000,79.83140008599564,-79.82663776405957,79.82663776405957,0.00476232193607018,83113.6388183618,3098.76427896492,0.9640566302801388,6396,1153,52685.16466525122,0.000038408607689888186,0.04099457444410533,100.00384086076899,9996.233642867031,87.47165406845828,0
dodo-k200000000000000000,500,10000,356.89590596917884,-356.90961873230447,356.90961873230447,-0.01371276312562486,192523.5177942853,8876.208737451903,0.955927404220913,7312,2223,143830.63343271267,0.004034783538190112,0.06979786601824657,100.40347835381901,9961.696305982214,108.87813137566569,0
dodo-k200000000000000000,501,10000,342.41885416016544,-342.3261714503549,342.3261714503549,0.09268270981056048,144760.96341657263,8948.743942842451,0.9417815302847604,5391,1734,112109.55216403752,0.0002916133697036116,0.14559173737863673,100.02916133697036,9990.74172301356,99.87699805983084,0
dodo-k200000000000000000,502,10000,293.35469155535804,-293.44672913996357,293.44672913996357,-0.0920375846055208,173411.26653197443,16066.658039932305,0.915205646904608,8775,2258,122643.63431343222,0.00016798525506430905,0.13979735723553688,100.01679852550643,9996.250857649624,75.81893143355069,0
dodo-k200000000000000000,503,10000,129.24169853343926,-129.23846811702288,129.23846811702288,0.003230416416386106,119781.61080844307,4721.566315350531,0.9620767403336553,8267,1548,78232.70821654455,0.0016939449858193712,0.03640945657236685,100.16939449858194,9981.308841820703,97.94582952960913,0
dodo-k200000000000000000,504,10000,470.30768222112084,-470.31293692052463,470.31293692052463,-0.005254699403792529,277617.5366900978,36825.05557022915,0.882887826024085,11182,3022,192169.77715630375,-0.0037704901578281633,0.08562177429138643,99.62295098421718,10024.11949412721,67.85407064680061,0
dodo-k200000000000000000,505,10000,47.03868913017937,-47.05985712682887,47.05985712682887,-0.021167996649495535,52609.18147317288,6279.317823416641,0.8933693692584843,4251,718,32807.322503150936,0.0004551239891860348,0.03657665635991521,100.0455123989186,10013.421489947603,80.97984172022159,0
dodo-k200000000000000000,506,10000,118.77783253879856,-118.68269987309714,118.68269987309714,0.09513266570142775,136668.2136066529,11106.381817336849,0.9248424143170833,9913,1544,80586.79302432181,0.0009438848684229129,0.03972509177113309,100.09438848684229,9981.036734784459,125.3239000523486,0
dodo-k200000000000000000,507,10000,121.9921880994223,-122.04533885485368,122.04533885485368,-0.05315075543138903,95816.46670945636,3542.6255688055758,0.9643452301387354,5662,1309,67079.06344230831,-0.0015282452981685423,0.05366370962498948,99.84717547018315,10029.856482655518,116.76323549341127,0
dodo-k200000000000000000,508,10000,316.7337094248901,-316.74760197755353,316.74760197755353,-0.013892552663435254,206743.1151629552,2125.1822828132385,0.9898252520425459,10501,2511,143592.30407398677,-0.0015120363724749097,0.0953432959337097,99.84879636275251,10016.910481356636,95.07703668238047,0
dodo-k200000000000000000,509,10000,360.635411415898,-360.5062776189146,360.5062776189146,0.12913379698335348,236187.54718714216,28834.043545180597,0.8912011528362472,10966,2832,164092.77294144957,0.0019500207152000825,0.08073436939577248,100.19500207152001,9981.452395108234,93.67146644680534,0
dodo-k200000000000000000,510,10000,348.4544356490745,-348.3761675578995,348.3761675578995,0.07826809117500488,180422.10266812632,11767.033852310704,0.9387736785473334,7535,2160,133635.6719842525,0.0019386020068128573,0.11312867363794225,100.19386020068129,9975.020506655188,87.51734843932982,0
dodo-k200000000000000000,511,10000,287.8091833872449,-287.7846843787088,287.7846843787088,0.024499008536110978,211666.79752630007,10830.83460888872,0.951321573605296,11046,2452,142798.33440836048,0.002740337594636486,0.050013377294136345,100.27403375946365,9970.026412646435,103.86260754960776,0
dodo-k200000000000000000,512,10000,150.1585344154275,-150.07586219100827,150.07586219100827,0.08267222441924105,144205.2226012338,8031.258679716233,0.9472448481984113,10632,1830,90611.0513698419,0.000026257045241777633,0.07152330952745473,100.00262570452418,9994.922951945224,90.71353089466925,0
dodo-k200000000000000000,513,10000,511.553216091398,-511.35776193052345,511.35776193052345,0.19545416087453304,245690.56652523557,22490.798785248568,0.9161358629104969,9904,2950,179543.80563371294,0.0012685761583348665,0.11849499106798504,100.12685761583349,9959.769215796898,46.23435740383001,0
dodo-k200000000000000000,514,10000,143.55960019552396,-143.13089017515415,143.13089017515415,0.428710020369806,135273.077118283,16009.164421908823,0.8941768428407666,9623,1575,82503.23602400819,0.0010059199178195399,0.09451521842330848,100.10059199178195,9983.124757572308,201.20910727615166,0
dodo-k200000000000000000,515,10000,199.37670400534245,-199.3688233511002,199.3688233511002,0.007880654242256924,145615.08703133286,3519.75644240758,0.9763988323558516,8555,1906,98848.87962727278,0.00010124049369295563,0.09203545075186,100.0101240493693,9998.065100194524,85.3506831389895,0
dodo-k200000000000000000,516,10000,299.15239374702867,-299.34073766592,299.34073766592,-0.1883439188913485,149878.67829275082,4129.20407536718,0.9731883588562218,6806,1967,111509.95840258256,-0.0010591812522558542,0.15712159763394382,99.89408187477441,10008.912935353492,36.74187400178701,0
dodo-k200000000000000000,517,10000,561.7673118422416,-561.5971911061929,561.5971911061929,0.17012073604871603,228729.08592333217,13591.392848314452,0.943911497215543,10079,2812,164997.41074805515,0.008221643042076322,0.16510488722533367,100.82216430420763,9961.330182006941,33.76847659356618,0
dodo-k200000000000000000,518,10000,271.3289759734224,-271.2699992444483,271.2699992444483,0.05897672897413031,111495.3572666916,6471.995485202125,0.9451374017113542,4224,1409,87552.83026300804,-0.000416538996316973,0.09252196186255716,99.9583461003683,9994.363278216772,72.43327741346008,0
dodo-k200000000000000000,519,10000,655.09560365138,-655.0056432267062,655.0056432267062,0.08996042467379084,309727.2054793073,4383.1607958161985,0.9860457938787761,11647,3175,223538.47228514397,0.004514851228577754,0.10178962502920626,100.45148512285778,9949.220765568063,105.0759677992,0
dodo-k200000000000000000,520,10000,266.603186210249,-266.3791777175473,266.3791777175473,0.22400849270172785,193261.39475127423,24403.77497680481,0.8878838768403252,9813,2127,128731.11483810474,-0.003803696682665532,0.059665421125072414,99.61963033173345,10041.862929861643,138.28744481730243,0
dodo-k200000000000000000,521,10000,39.58786614302083,-39.63570267402339,39.63570267402339,-0.04783653100255947,58686.37139008282,5459.628259345384,0.9148874709384305,4859,748,34633.858035601144,-0.000900827429723563,0.03249514730208233,99.90991725702764,10017.868384467029,111.02052442371586,0
dodo-k200000000000000000,522,10000,125.75771592244195,-125.7524561328004,125.7524561328004,0.005259789641542056,103273.231852123,2338.5119476372074,0.9778574629723847,6729,1358,69109.58841102934,0.0011563197609302733,0.06583264432372089,100.11563197609303,9986.704109800969,94.86528978636358,0
dodo-k200000000000000000,523,10000,101.84324357083977,-101.86695973802767,101.86695973802767,-0.023716167187899373,103830.32569875897,2936.555262031834,0.9724956350170962,7489,1351,67172.51437682942,-0.00010749316375296302,0.040633843697814455,99.9892506836247,10003.926816283181,112.16467383836296,0
dodo-k200000000000000000,524,10000,198.72151931868308,-198.84290348899555,198.84290348899555,-0.12138417031246718,96594.87760799509,17692.32172568455,0.8451941964731412,4626,1334,71619.27798089404,0.001982302495200656,0.09683653940803211,100.19823024952007,10017.70124051754,60.93384366556086,0
dodo-k200000000000000000,525,10000,172.73366774746762,-172.877191895473,172.877191895473,-0.14352414800538327,108277.20310670308,3889.673427131314,0.9653224414610669,5817,1430,77100.18889528257,0.000627854385323019,0.06581674798693854,100.0627854385323,10010.626925742941,103.88130537616819,0
dodo-k200000000000000000,526,10000,107.16801204946005,-107.1402174581219,107.1402174581219,0.0277945913381501,123044.4170249446,15363.408298926825,0.8889989907508714,10652,1586,72515.88494823192,-0.0010804507138341534,0.04381245677814263,99.89195492861658,10006.716823191544,104.74560557098565,0
dodo-k200000000000000000,527,10000,121.34544532457737,-121.32876815729773,121.32876815729773,0.01667716727963864,97465.67688716442,4271.269727099509,0.9580165331352626,6576,1315,65533.39672035853,-0.00010070964428578577,0.048744646732118466,99.98992903557142,10004.995029375266,81.35558103079696,0
dodo-k200000000000000000,528,10000,193.28856913727304,-193.24977646338675,193.24977646338675,0.038792673886291595,151617.60323274677,5952.8075162047635,0.9622212857863964,9475,1898,99785.54562674377,0.004291310348356631,0.05642020006305259,100.42913103483566,9957.024693274901,89.07469559322297,0
dodo-k200000000000000000,529,10000,106.66102141986808,-106.65850564597537,106.65850564597537,0.0025157738927106266,75717.63829279607,1057.4494096208507,0.9862266596982662,4068,1054,54467.770974510815,0.00007025294704334329,0.060185660833561486,100.00702529470433,9999.644863594309,100.28336618752037,0
dodo-k200000000000000000,530,10000,299.48587290541576,-299.7845657512843,299.7845657512843,-0.29869284586851563,143696.415595341,6629.087060013418,0.9559017801842202,5346,1769,112161.24556287713,0.0017614055935827365,0.060951161981387544,100.17614055935827,10000.52708342213,101.69769729782128,0
dodo-k200000000000000000,531,10000,371.8798884143855,-371.9048819202846,371.9048819202846,-0.024993505899089996,228606.95938171595,4695.339758562287,0.979874438546621,10676,2603,157824.3558654498,-0.0009840498841853674,0.12135283053537776,99.90159501158146,10017.20271746814,110.13111417837389,0
dodo-k200000000000000000,532,10000,176.28911166047322,-176.46301402868943,176.46301402868943,-0.1739023682162042,154917.26471601825,16244.459493286091,0.9050929197615372,9338,1891,102548.30180783266,-0.0004225137847708993,0.04345571472548812,99.95774862152291,10011.791364313887,124.74795167451322,0
dodo-k200000000000000000,533,10000,111.17030750353713,-111.24679023971672,111.24679023971672,-0.07648273617958523,99022.60383287736,11737.446493665051,0.8940281585367581,6670,1313,64426.78388458874,-0.0012739641388505162,0.08144529840123312,99.87260358611495,10025.65078025057,142.7729189741036,0
dodo-k200000000000000000,534,10000,298.95177699556575,-298.43462302167825,298.43462302167825,0.5171539738875026,122716.52144368095,14114.300629293259,0.8968485286029645,6726,1833,89053.78643029873,0.0014422603428477032,0.19576159685188202,100.14422603428477,9991.393595468293,33.98897758375087,0
dodo-k200000000000000000,535,10000,170.52123059803873,-170.50465215435318,170.50465215435318,0.016578443685546063,86637.7803064103,3372.007554355484,0.9625373236122768,5150,1386,62178.9226773172,0.0022969234474493304,0.12148614042987915,100.22969234474493,9983.860142882751,17.266303552170353,0
dodo-k200000000000000000,536,10000,185.64604169767026,-185.69645279169404,185.69645279169404,-0.05041109402378652,133943.51824541503,1788.0591371742958,0.9868265058753847,9461,1744,88160.82489773542,0.001218612254702265,0.12070779070129489,100.12186122547023,9991.503863918619,85.9329445092417,0
dodo-k200000000000000000,537,10000,165.72229188226837,-165.71776903069033,165.71776903069033,0.004522851578030895,124681.32753467778,4106.23732916191,0.9681161971382624,7641,1687,85853.43224935183,0.000054873910779917876,0.05649491787583983,100.00548739107799,9997.33087661758,86.57890930611123,0
dodo-k200000000000000000,538,10000,184.4060302899253,-184.31331249312043,184.31331249312043,0.09271779680486247,91857.38860576249,10756.338431961065,0.8951764179854149,3952,1205,70348.66231438002,0.0034768806870440015,0.08349745382098377,100.3476880687044,9987.622163444481,64.3198757310599,0
dodo-k200000000000000000,539,10000,171.4585376789952,-171.5927365489503,171.5927365489503,-0.13419886995509955,104209.93400361853,8281.407290966246,0.9263818246305779,4942,1373,78119.36981416095,-0.00040422941251890167,0.06186774584443086,99.95957705874811,10014.92789914123,106.7799829552167,0
dodo-k200000000000000000,540,10000,385.7923287441481,-385.83592979052304,385.83592979052304,-0.04360104637493123,224153.69026713065,13200.31246634231,0.9443855493721541,9788,2598,159100.1969485487,0.00015469311759503057,0.12508342948324255,100.0154693117595,10001.134669831436,90.5869240700577,0
dodo-k200000000000000000,541,10000,201.42848911499507,-201.50360818806502,201.50360818806502,-0.07511907306994203,95395.58637181995,8599.75517149517,0.9173063423431012,3999,1305,74557.01111443367,0.004831059920426668,0.10425378446968595,100.48310599204267,9981.108026339842,42.0996734967568,0
dodo-k200000000000000000,542,10000,184.00142967217005,-183.95857630620978,183.95857630620978,0.04285336596026923,164730.07217606326,9772.983314295494,0.9439953456010662,10345,2075,108484.15073582961,-0.0014346037903186471,0.05296913276064046,99.85653962096814,10005.394818117271,99.12963906929552,0
dodo-k200000000000000000,543,10000,123.03974905768656,-123.01203133045362,123.01203133045362,0.027717727232939637,80537.19700842371,2401.420484247039,0.9710458100599609,4648,1088,57178.40300211022,0.003288337383516762,0.0736204221723449,100.32883373835168,9972.677214800491,82.93519514019627,0
dodo-k200000000000000000,544,10000,334.0757615857023,-334.6422472847305,334.6422472847305,-0.5664856990281919,173707.43259436855,21329.269421399593,0.8906397144693556,7600,2093,126313.10856407991,-0.002272262508430458,0.10882657689400731,99.77277374915695,10026.096869978735,83.85583403727492,0
dodo-k200000000000000000,545,10000,437.7080648359129,-437.73343360714296,437.73343360714296,-0.02536877123003478,251585.72541622323,1967.330212440921,0.9922409524603714,11729,2873,178049.3337809977,-0.00023005102401683076,0.07146817228013362,99.97699489759832,10001.422355115168,93.23300619833327,0
dodo-k200000000000000000,546,10000,271.8742931823051,-272.081449223758,272.081449223758,-0.20715604145289035,220382.0254978097,4338.314177145679,0.9806946083144018,11550,2430,147739.05030729226,-0.0007231015333039181,0.05083902034955898,99.92768984666961,10046.813248676459,305.13540527244663,0
dodo-k200000000000000000,547,10000,140.98301074921665,-140.96754737513416,140.96754737513416,0.015463374082486325,123109.45084119227,6749.297034762187,0.9480258577480714,7833,1631,82226.15410919242,-0.0018165444895726069,0.07181275185286708,99.81834555104274,10012.68966815438,98.21059136074548,0
dodo-k200000000000000000,548,10000,125.70680551957682,-125.69323635388423,125.69323635388423,0.013569165692587148,103492.00733480306,6974.67201806631,0.9368617572382459,4953,1290,73676.38685187277,-0.0006161348747400552,0.04457643912042741,99.938386512526,10016.638480911544,159.14265862726558,0
dodo-k200000000000000000,549,10000,71.61457939045285,-71.50741649249986,71.50741649249986,0.10716289795298906,66661.46110694902,5347.748226334856,0.9257352180943469,5486,908,42113.734203135915,-0.007125806639185725,0.09076200384663594,99.28741933608143,10076.993492665071,101.7972663837582,0
dodo-k200000000000000000,550,10000,162.75914809044946,-162.7198382349523,162.7198382349523,0.0393098554971516,122515.57603283171,9576.664456318947,0.9275001739628641,5488,1499,90269.39356419945,0.004681037849469902,0.03357099940538106,100.46810378494699,9946.26249884132,130.97145669698696,0
dodo-k200000000000000000,551,10000,340.3018530188572,-340.512558942533,340.512558942533,-0.21070592367584595,157273.84294429809,4394.110017041755,0.9728201542943237,6916,2002,117220.19299669308,0.0023481021795180366,0.1645012370401129,100.2348102179518,9984.939788319822,68.6646416531645,0
dodo-k200000000000000000,552,10000,133.46272132494317,-133.52339114493313,133.52339114493313,-0.06066981998995402,85240.83501658232,2428.0502144135753,0.9723043106112735,5012,1194,61084.26218659848,-0.0038683698641791865,0.06417234155491684,99.61316301358208,10025.066181755246,55.18647110103805,0
dodo-k200000000000000000,553,10000,192.5582983198352,-192.60789449578644,192.60789449578644,-0.0495961759512511,167124.74554750873,14484.259069894548,0.9202448188050553,9310,2077,112803.69560478731,-0.00000019740058689876606,0.05010311358261987,99.99998025994131,10005.35146882809,101.98080623911477,0
dodo-k200000000000000000,554,10000,243.5999685759848,-243.56092162388057,243.56092162388057,0.03904695210422915,139637.86195917166,18863.719274268387,0.8809871855695494,6509,1882,103411.11225233288,0.0001227153485407939,0.12046720744155877,100.01227153485408,9994.444440308213,39.7306217339827,0
dodo-k200000000000000000,555,10000,218.30929726583508,-217.72388754485067,217.72388754485067,0.5854097209844156,113493.5916281373,8391.982947467117,0.9311486779572783,6398,1465,79566.26230316794,-0.0005083992758316924,0.17126575859940574,99.94916007241683,9991.085856422202,99.0478883338801,0
dodo-k200000000000000000,556,10000,112.28479733393105,-112.21166731738845,112.21166731738845,0.07313001654260631,138004.53399767118,8827.96966144346,0.9398772789304307,9633,1641,84876.47113658921,-0.0008940477056165719,0.033544976024176096,99.91059522943834,10000.728183368905,202.7625046711033,0
dodo-k200000000000000000,557,10000,199.37910121176765,-199.39588719969234,199.39588719969234,-0.01678598792469188,173456.16066261372,16455.27670097622,0.9133528926461011,11453,2194,111412.6543995254,-0.0012592871968882945,0.07390515991744621,99.87407128031117,10018.544945565407,106.7344285451224,0
dodo-k200000000000000000,558,10000,199.88284883783226,-199.79362548674635,199.79362548674635,0.08922335108590573,142720.00771272086,3893.752317675454,0.9734421085928894,8564,1731,96386.26367266099,-0.000282736724166881,0.06287338868756465,99.97172632758331,9989.662793502948,116.09850474915106,0
dodo-k200000000000000000,559,10000,592.2873992123924,-592.2388387476484,592.2388387476484,0.0485604647440141,263054.02588763274,13813.839120165681,0.950106744530368,10886,3064,189901.10167727328,0.0029397534600107632,0.1052259893582415,100.29397534600108,9977.875587484805,69.45967769035484,0
dodo-k200000000000000000,560,10000,184.75784809336676,-184.02514380302503,184.02514380302503,0.7327042903417293,107498.31113894319,7936.845342196216,0.9312441236782748,5127,1431,78752.41550617445,-0.019511616362489832,0.08001312845705982,98.04883836375102,10168.270835470568,85.91916807170469,0
dodo-k200000000000000000,561,10000,144.47658372734244,-144.51006234882038,144.51006234882038,-0.033478621477939896,106973.4661712243,2310.408243013465,0.978858653617496,7114,1481,72130.39551834861,0.0009588925479704358,0.08174255559001552,100.09588925479704,9999.40640847373,72.1248658647297,0
dodo-k200000000000000000,562,10000,213.5415106915857,-213.54239161355747,213.54239161355747,-0.0008809219717704764,147338.98047636397,237.67005175169564,0.9983895145275274,7800,1831,104594.74288362592,0.0005852501858402093,0.060616660947241885,100.05852501858402,9994.432958364489,99.63677897888302,0
dodo-k200000000000000000,563,10000,299.052462185286,-299.0164472597611,299.0164472597611,0.03601492552490981,179070.4979845578,1605.410389928541,0.9911144191587457,7840,2172,133077.08034953798,-0.0047559808893493025,0.07241470689334278,99.52440191106507,10045.9770519887,95.99120198730567,0
dodo-k200000000000000000,564,10000,475.540157532998,-475.5504952909899,475.5504952909899,-0.010337757991862873,237984.69574708192,5892.411863268734,0.9758386019868531,10589,2685,167666.33184074302,0.0002504716877113822,0.14691129800031064,100.02504716877114,9997.379942252514,98.954955671467,0
dodo-k200000000000000000,565,10000,314.60637344326034,-314.857911701547,314.857911701547,-0.25153825828664367,178000.48135111952,20271.174074572536,0.8977606051099435,7333,2025,128752.28833889715,-0.0023611816520909203,0.09278781391017389,99.76388183479091,10069.903846059704,218.39122965706557,0
dodo-k200000000000000000,566,10000,216.66724306436225,-216.54541049613255,216.54541049613255,0.12183256822970634,141066.63569825527,4207.989333590388,0.9710342440555745,6746,1741,101894.13945473757,0.006797299163493875,0.07838814946000895,100.67972991634939,9913.741362942223,109.61850464730547,0
dodo-k200000000000000000,567,10000,432.56578703327546,-432.8137654335985,432.8137654335985,-0.2479784003230634,214967.72858748742,5119.461113859307,0.9767389409587796,10334,2700,153388.06475164904,0.0044793700453580245,0.09370022596554123,100.4479370045358,9977.0352052539,51.24606829775438,0
dodo-k200000000000000000,568,10000,111.06815989714525,-111.02810432072752,111.02810432072752,0.04005557641772839,118942.3573365951,5297.626365239503,0.9573597306809589,9716,1552,73805.46581736184,0.0010107107794352999,0.03833884582764639,100.10107107794353,9984.59891824626,112.53721362883763,0
dodo-k200000000000000000,569,10000,571.6242708229732,-571.6578717419219,571.6578717419219,-0.03360091894865036,253387.37487289563,1629.7146344537375,0.9936093905016246,9172,2773,190156.57744034755,-0.00014049901211947712,0.09637074777918428,99.98595009878805,10001.041809604534,102.45326020043706,0
dodo-k200000000000000000,570,10000,482.0375384803254,-481.3242601362251,481.3242601362251,0.7132783441002744,226049.7982466912,21290.794457104752,0.9139211472554298,9299,2787,164477.03785504898,-0.019471549526098073,0.15625727184175986,98.05284504739019,10050.420422137828,45.819512705477635,0
dodo-k200000000000000000,571,10000,622.7707926446876,-622.4059916523969,622.4059916523969,0.36480099229072493,279095.16977030033,9584.876593367359,0.9667975784467877,11546,3166,202322.93678695173,-0.017960377129482622,0.11080129161580941,98.20396228705174,10098.532595678313,67.94677806911939,0
dodo-k200000000000000000,572,10000,127.13636890355514,-127.12222798927948,127.12222798927948,0.014140914275657224,84657.92183199468,4598.818847890156,0.9484765093049543,5115,1196,60075.61577588368,0.00028248285009240703,0.06593347576468034,100.02824828500924,9993.837387727404,61.81167045016577,0
dodo-k200000000000000000,573,10000,263.97841677952545,-264.0800962886353,264.0800962886353,-0.10167950910982881,175131.52030044756,15484.4208775665,0.9187663907757548,11009,2331,114900.45239321516,0.004100607334290202,0.133759680373379,100.41006073342902,9968.638871189027,51.63776651458527,0
dodo-k200000000000000000,574,10000,245.09617807311236,-245.1701967648066,245.1701967648066,-0.07401869169424913,163172.92354849132,10364.147748862859,0.9402770389555325,6903,1811,116476.99003960709,-0.0001205416770496015,0.0750529555850504,99.98794583229504,10001.872074720759,167.5473347110451,0
dodo-k200000000000000000,575,10000,378.11634260301366,-378.06586679374055,378.06586679374055,0.05047580927310946,240333.96693699065,9728.560821129346,0.9610954871633562,11491,2752,166523.1914194739,-0.0002522792571309651,0.06853489215279311,99.9747720742869,9997.084087910784,88.1459098851723,0
dodo-k200000000000000000,576,10000,303.80695650255984,-303.7802425082193,303.7802425082193,0.02671399434052546,201278.09930978477,19629.141130958087,0.9111430612604864,11089,2395,133584.6799237051,-0.001042096340317613,0.11934736809973671,99.89579036596824,9998.259701383902,83.24196392931401,0
dodo-k200000000000000000,577,10000,109.98031707134065,-109.97704088975178,109.97704088975178,0.003276181588873328,68427.74069662963,1467.482944133083,0.9790045318164309,4055,1007,49784.011666783736,0.004425732975279999,0.10979761509118419,100.442573297528,9980.020630798146,44.438527779382895,0
dodo-k200000000000000000,578,10000,222.75600793364114,-222.9016050826861,222.9016050826861,-0.1455971490449599,181679.01734357595,27552.651259634054,0.8683151004646179,11284,2057,114149.66013507554,-0.001274403803245292,0.0593367736750622,99.87255961967547,10021.038617829563,183.1108844988538,0
dodo-k200000000000000000,579,10000,95.7545000387591,-95.73462829911055,95.73462829911055,0.0198717396485506,83384.62261282692,7021.9969825904345,0.92232872975436,5094,1155,57706.87025023976,-0.00004568237274128251,0.041936889418321785,99.99543176272587,10015.050647726654,143.8945402773289,0
dodo-k200000000000000000,580,10000,201.5246229464246,-201.37266246849538,201.37266246849538,0.1519604779292365,156864.5620688497,10170.619484421753,0.9391109143005416,9059,1869,103726.66086568659,-0.0019442715766183484,0.05321914375794577,99.80557284233817,10002.694482447198,157.51798221163267,0
dodo-k200000000000000000,581,10000,99.47506927895968,-99.4803073082108,99.4803073082108,-0.005238029251117382,87926.00311607413,11629.555077672918,0.8831852757528574,7597,1328,53796.92574196587,-0.0016365038455126068,0.13426051252961088,99.83634961544874,10003.492999995535,27.90702266373063,0
dodo-k200000000000000000,582,10000,174.96706068618303,-174.94935638391874,174.94935638391874,0.017704302264291982,121510.72076389469,11555.641475246253,0.9131588082758364,7058,1649,84540.49097266298,-0.0009545928778105406,0.07538192814416206,99.90454071221895,10013.293596658275,66.33948181015751,0
dodo-k200000000000000000,583,10000,104.27798823780897,-104.2535587898791,104.2535587898791,0.02442944792987589,78055.05614771649,1491.935135252319,0.9812446063491562,5324,1118,53655.15690080585,0.00016513603936729737,0.05391848999576155,100.01651360393673,9992.794519517529,62.790361907341946,0
dodo-k200000000000000000,584,10000,271.0638401661272,-271.0684402988931,271.0684402988931,-0.004600132765915532,212256.70788103112,3997.902423267449,0.9815129840809318,11750,2496,141884.28190249958,-0.000011236955657381032,0.04802421194847028,99.99887630443426,10001.378324525442,102.45791525013938,0
dodo-k200000000000000000,585,10000,65.33798999009736,-65.40775506832685,65.40775506832685,-0.06976507822949429,64484.462781695795,2424.812181822629,0.9637597002337159,5140,964,42256.08885527886,0.0007751463486617638,0.05386594565039786,100.07751463486618,10000.337831133162,62.998818361584135,0
dodo-k200000000000000000,586,10000,256.43676853481276,-256.0215044294905,256.0215044294905,0.415264105322251,150713.05684924714,15124.061468340318,0.9088017108487324,6372,1776,111026.183655991,-0.0035741290193819,0.06376926203979011,99.64258709806181,10014.948085027783,135.47173399506005,0
dodo-k200000000000000000,587,10000,199.73743821929202,-199.73762485362118,199.73762485362118,-0.00018663432916810052,111673.14824768245,3540.6112514547563,0.9692691978211051,5378,1459,84329.11693702845,-0.0001561303775802969,0.06497395485282893,99.98438696224197,10019.672332666185,79.6243781498357,0
dodo-k200000000000000000,588,10000,142.75493957937044,-142.70547052387167,142.70547052387167,0.04946905549877556,115034.8643420786,7407.61826224166,0.9395012408709501,6438,1404,79242.65781192314,0.0004894812975058472,0.05514668532191081,100.04894812975058,9995.182810855678,142.9535982638559,0
dodo-k200000000000000000,589,10000,156.53204158060376,-156.47739417000642,156.47739417000642,0.05464741059734024,154019.67379730538,3924.8501868261305,0.9751504510075927,11122,1873,95980.1755894979,-0.00010357628812826647,0.04491508736014268,99.98964237118717,9997.742453301551,104.12931698699431,0
dodo-k200000000000000000,590,10000,293.3036761835255,-293.2954846402336,293.2954846402336,0.008191543291900416,200719.73545077196,3749.4038285081706,0.981662739708671,10247,2340,137794.02835516335,0.00012656669364417893,0.08468274379912487,100.01265666936442,9997.601023265142,102.17605587213778,0
dodo-k200000000000000000,591,10000,266.11228321476847,-263.562766771396,263.562766771396,2.549516443372454,171749.23932445783,8066.859267871663,0.9551382811048501,7972,2021,121802.16375589617,0.020130005244908915,0.07142573227704788,102.01300052449089,9642.844540731112,170.94502230468575,0
dodo-k200000000000000000,592,10000,421.2354592801243,-421.27794476144317,421.27794476144317,-0.042485481318863094,210427.6512043071,10315.264474790807,0.9532702354544121,9116,2496,152643.67175899638,0.0014256745019400796,0.11943797195634247,100.14256745019401,9984.827887260473,86.88299440932985,0
dodo-k200000000000000000,593,10000,101.41086977216472,-101.51767181072069,101.51767181072069,-0.10680203855596915,80311.5031227417,7739.610714873449,0.9121009334515982,4998,1049,54848.080041012,0.00013323678721988586,0.06425603662909381,100.01332367872199,10020.020053675229,127.52394978198895,0
dodo-k200000000000000000,594,10000,115.38204846347963,-115.28540326938722,115.28540326938722,0.09664519409241734,118078.0988441319,19164.65351038972,0.8603594493581408,8682,1615,72911.94131294194,-0.008227988687931856,0.05400953779421329,99.17720113120681,10027.058217698868,40.779985185185986,0
dodo-k200000000000000000,595,10000,126.74866308862266,-126.71299737034445,126.71299737034445,0.03566571827821008,124650.88527731974,11444.701528129544,0.9159068872344119,9547,1586,76042.2283728359,-0.0010605319798141011,0.0912284886266461,99.89394680201859,10016.779732423844,104.341102744763,0
dodo-k200000000000000000,596,10000,240.41685810802204,-240.42361453769055,240.42361453769055,-0.0067564296685134195,130190.44427753158,4859.391389307918,0.9640177911708403,5416,1589,99914.32533836046,0.0015522645045756179,0.06595037070130573,100.15522645045756,9993.427876806029,87.41606387806199,0
dodo-k200000000000000000,597,10000,256.18037999115717,-256.03963254426054,256.03963254426054,0.14074744689662566,189748.5470127884,7693.298723959775,0.9610351154525908,10606,2229,127170.84544801422,-0.006440135469790391,0.07659904003712996,99.35598645302096,10059.18039019952,95.73666565786881,0
dodo-k200000000000000000,598,10000,485.8883240789446,-486.01213367386737,486.01213367386737,-0.12380959492276133,272756.0194466309,18517.927670520927,0.9364243597692145,11009,3015,193901.16590461615,0.001525129979902573,0.10105893178390019,100.15251299799026,9988.07054421532,92.16854290901698,0
dodo-k200000000000000000,599,10000,839.9037655617959,-840.551216811877,840.551216811877,-0.6474512500810761,303614.2679146485,5815.2367617651,0.9812065860757319,11286,3198,223740.03603292603,0.002307143073338409,0.23174945134373628,100.23071430733384,10001.019458261771,85.52272691216025,0
dodo-k200000000000000000,600,10000,133.39260299473108,-133.512895098539,133.512895098539,-0.12029210380791255,84490.38100095719,12341.945075976117,0.8725431312455467,4345,1185,60240.694769493035,-0.0013660351815218518,0.0951711775355227,99.86339648184781,10014.916098599106,53.75655396086622,0
dodo-k200000000000000000,601,10000,164.1276659813524,-164.09410859000928,164.09410859000928,0.0335573913431233,99542.5669438537,7203.6574409955865,0.9325160446422496,4162,1236,74671.14834492795,-0.00020670882285131142,0.05056103509347267,99.97932911771487,9997.548716945827,110.0934412303796,0
dodo-k200000000000000000,602,10000,243.14039533871022,-243.22605399798658,243.22605399798658,-0.08565865927636196,138312.92518328296,3525.3279181420326,0.9751454361495756,5498,1567,103355.53094930264,-0.00037040137327323916,0.05943092627610639,99.96295986267268,10010.926157943182,126.13494630676568,0
dodo-k200000000000000000,603,10000,177.2112615447058,-177.0743039176767,177.0743039176767,0.13695762702909065,149195.91058394764,9156.03750475018,0.9421791925185435,8973,1953,100606.78487289163,0.008118262757823942,0.045035082387216076,100.8118262757824,9918.517827873655,99.4759488368599,0
dodo-k200000000000000000,604,10000,618.055456145333,-616.8000267184805,616.8000267184805,1.2554294268525155,254264.60954120653,21149.23851189831,0.9232092407066607,11672,3066,177472.85374560542,-0.0050295501748028925,0.3927468158108806,99.49704498251971,9991.088644962947,40.19395435154546,0
dodo-k200000000000000000,605,10000,93.76916069489533,-93.76731107223007,93.76731107223007,0.0018496226652615633,76997.58533804535,648.677122408882,0.9916457392557786,4852,1055,53658.998565525966,0.0012996928758796855,0.04093053842194777,100.12996928758797,9988.28435358269,102.41020392610012,0
dodo-k200000000000000000,606,10000,71.84932927723304,-71.80278480425326,71.80278480425326,0.046544472979775264,65312.62575909796,2395.798784891264,0.9646159425355593,4116,836,44341.963286013444,-0.0027082279034176793,0.0458623777252869,99.72917720965823,10028.460784232186,127.25552115746517,0
dodo-k200000000000000000,607,10000,330.05426608343436,-330.0703195563933,330.0703195563933,-0.016053472958958537,173599.9843618352,4886.634415959434,0.9726218444305732,7402,2138,127167.12018237276,-0.0015936418679943643,0.1035519794776809,99.84063581320056,10026.087817145948,122.22203561688673,0
dodo-k200000000000000000,608,10000,193.46638281478874,-193.46082478482214,193.46082478482214,0.005558029966607592,172850.74384354442,4876.620200808792,0.9725612303595984,11249,2084,111498.42274629239,-0.0035671334537339307,0.06150862443123586,99.6432866546266,10041.90589586045,105.19220550071998,0
dodo-k200000000000000000,609,10000,129.47088234034737,-129.4478235828714,129.4478235828714,0.02305875747597952,125637.88837112254,9699.223145357371,0.9283328642330578,10114,1530,75792.09659585675,-0.0015229112506683863,0.0631801364898439,99.84770887493316,10003.537352622876,100.24624707468026,0
dodo-k200000000000000000,610,10000,176.68223220802562,-176.9183806017182,176.9183806017182,-0.2361483936925879,155486.2443857032,12921.08715742635,0.9232747942798606,11500,1882,94745.81378207849,0.0012439222977789655,0.0797810371205557,100.1243922297779,9995.754852436467,122.47292879266541,0
dodo-k200000000000000000,611,10000,536.9167076979936,-536.78085609427,536.78085609427,0.1358516037236086,267866.0053976324,11318.28236760113,0.9594594579150576,11565,3046,188764.0133722944,-0.0003445832545594385,0.18331233991530965,99.96554167454406,9977.054512056322,47.75684995178802,0
dodo-k200000000000000000,612,10000,237.89256613224248,-237.91800870835274,237.91800870835274,-0.025442576110265236,179012.21732024342,3179.900340125318,0.9825464439353349,11204,2315,119733.24698075054,0.0009205400807523745,0.07106532283109303,100.09205400807524,9986.200643080996,54.572305331533386,0
dodo-k200000000000000000,613,10000,218.75056003374635,-218.64580329836014,218.64580329836014,0.10475673538621777,160730.3997839437,17331.02773542376,0.9026682646720964,8506,2055,107803.57856882279,0.00007335546859209785,0.0800119861977619,100.00733554685921,9990.949606825068,65.467761243177,0
dodo-k200000000000000000,614,10000,344.01874751812926,-343.73334302046806,343.73334302046806,0.28540449766120446,221347.3227507892,3903.5558523274117,0.9826701858987847,9880,2509,156391.20843652872,0.0005025345105143231,0.0562911516150416,100.05025345105143,9981.288499854818,118.1689678595904,0
dodo-k200000000000000000,615,10000,63.323015040025254,-63.3121170496946,63.3121170496946,0.01089799033065475,59488.81264730318,3452.5195783849254,0.9451470209431656,4800,901,38681.56458878877,-0.0016034962162670753,0.048681233964938,99.83965037837329,9999.970790073854,51.05806734201403,0
dodo-k200000000000000000,616,10000,70.70926272028585,-70.71163801489382,70.71163801489382,-0.002375294607972478,55347.36566042104,926.6296383864589,0.9835336084906326,4321,772,36753.96566492444,-0.001087822058726573,0.0560815637650903,99.89121779412734,10012.682630797082,107.76120335627509,0
dodo-k200000000000000000,617,10000,321.052685737065,-321.90203707192967,321.90203707192967,-0.8493513348646502,210611.14255340587,22370.24498139504,0.9039826948491602,9832,2327,144495.76830351184,-0.0009667190810681347,0.06200443605788763,99.90332809189319,10036.400902134166,104.6636433113879,0
dodo-k200000000000000000,618,10000,551.0551419245282,-550.9453706052749,550.9453706052749,0.1097713192533547,284931.92030400864,18455.744325215688,0.9391677827515802,11170,3149,204742.9315437843,-0.0009546331415710086,0.14795217281408085,99.9045366858429,10000.883564990883,81.63107379049231,0
dodo-k200000000000000000,619,10000,198.37362631353085,-198.3291570287065,198.3291570287065,0.04446928482434487,165026.31631234178,5221.593289660075,0.9693294719337999,11242,2107,105675.12601695833,0.005767409937473502,0.07352228874484297,100.57674099374735,9945.052750998331,96.09177552407807,0
dodo-k200000000000000000,620,10000,528.1563873141255,-528.9958622078227,528.9958622078227,-0.8394748936972292,206715.16899725678,6189.3811185537525,0.9709288452727431,7857,2412,156769.6530498786,0.0007645695142983299,0.21965641648390716,100.07645695142983,10042.753056954503,77.39078559825987,0
dodo-k200000000000000000,621,10000,160.94293818702243,-160.70395132982065,160.70395132982065,0.23898685720178037,100695.7352434493,8542.460239521302,0.9217996946786529,4052,1230,75180.6667890048,-0.0069894263113340575,0.05933163593684128,99.3010573688666,10068.857732293876,122.78787575107806,0
dodo-k200000000000000000,622,10000,47.32410594055399,-47.313315954990614,47.313315954990614,0.010789985563377513,54528.621451829495,3611.634346313559,0.9378806595063363,4709,770,34049.66569989231,0.002331638572678685,0.039825152595506806,100.23316385726787,9979.335447499594,92.90810835553661,0
dodo-k200000000000000000,623,10000,177.9070955143362,-177.82878789396153,177.82878789396153,0.07830762037465888,128421.38184528447,8647.754641498797,0.9369095416871422,8259,1733,87210.47622538038,0.0015472411489891157,0.08862921594219302,100.15472411489891,9986.254429869872,86.01573014315113,0
dodo-k200000000000000000,624,10000,443.2357263907279,-441.7619382884649,441.7619382884649,1.473788102263029,161618.94303824365,11367.663877661435,0.9342858728757675,8663,2190,113649.12692525427,0.006181475014400349,0.6956026853525401,100.61814750144003,9999.107452572678,33.270632516992315,0
dodo-k200000000000000000,625,10000,280.2426086843176,-280.1566742146106,280.1566742146106,0.0859344697070128,148495.63535851898,2183.384330137625,0.9855096991296526,6201,1869,113745.56734854309,-0.0007787357276214379,0.09581761563853092,99.92212642723786,9997.848105222829,104.8000712852069,0
dodo-k200000000000000000,626,10000,66.98760108166253,-66.98792546435357,66.98792546435357,-0.00032438269103352013,67252.91494065613,790.9546486089174,0.988375813230738,4799,998,46050.531180077494,0.0000924651786533559,0.03217191467156738,100.00924651786534,9999.540084671062,90.71281131164903,0
dodo-k200000000000000000,627,10000,64.90610267815447,-64.93665771195582,64.93665771195582,-0.03055503380134894,56294.62346148125,1456.3703201997841,0.9747819002785411,4280,838,37828.97850624432,0.0015732281777380308,0.052672775493742136,100.1573228177738,9996.364366049043,69.20764041483396,0
dodo-k200000000000000000,628,10000,412.526494208512,-412.4692224292975,412.4692224292975,0.057271779214545404,217735.10451912705,25056.11974599899,0.8967997306251979,8826,2470,156161.2970738467,0.0006451426471025456,0.09111687229154697,100.06451426471025,10011.363881289813,119.61462933631582,0
dodo-k200000000000000000,629,10000,54.93701733711428,-54.93819889574651,54.93819889574651,-0.0011815586322327931,55350.6214295434,2632.0364241537854,0.9546064888781921,4093,762,37182.28182318061,0.00030827645131878965,0.028789102880484734,100.03082764513188,9994.319479942502,144.8054846259827,0
dodo-k200000000000000000,630,10000,132.47021326220374,-132.46175412454494,132.46175412454494,0.008459137658803684,89082.00179746053,8216.408863123832,0.9155545418744204,4078,1110,65606.1313089809,-0.00046265818411342255,0.05072393223631608,99.95373418158866,10007.97240604615,135.3348578819516,0
dodo-k200000000000000000,631,10000,321.6088310461621,-322.05131821325557,322.05131821325557,-0.4424871670934749,195838.17339342463,4239.022571573359,0.9788130648716461,7901,2088,143147.0617396761,-0.004116708379045804,0.04838734879775984,99.58832916209542,10078.951296011019,177.22367047747647,0
dodo-k200000000000000000,632,10000,478.3305724966539,-478.2363204078452,478.2363204078452,0.0942520888086733,266058.4885826545,8538.336109428781,0.9689059182712576,10605,2886,191636.56190608974,0.006278741384440281,0.08345626200095736,100.62787413844403,9949.037314627532,87.79391393212764,0
dodo-k200000000000000000,633,10000,496.4770494424987,-496.4413329461769,496.4413329461769,0.035716496321811064,222731.39887870578,1818.0561086146192,0.9919035380926785,8705,2484,165593.06128258083,0.001491717330719524,0.13462736832479252,100.14917173307195,9983.543410238703,97.13453000383612,0
dodo-k200000000000000000,634,10000,224.63190368837732,-224.66022483852566,224.66022483852566,-0.028321150148343577,119204.8609351209,5019.972038366708,0.9595896253735507,4529,1457,92997.03045407083,0.001258756683926947,0.06494010616775682,100.1258756683927,9986.63672245571,119.34191686874206,0
dodo-k200000000000000000,635,10000,548.6762373808879,-548.8427731911445,548.8427731911445,-0.1665358102566188,200609.08967701116,10218.103163884602,0.9515332769639642,7956,2575,151073.5879040319,0.012369883466988512,0.17230035521418047,101.23698834669885,9970.09603509756,41.45820561370026,0
dodo-k200000000000000000,636,10000,146.3637049514868,-146.2995412527423,146.2995412527423,0.06416369874449401,123141.16187595233,7242.88563925469,0.9444496027137834,9354,1675,78569.68053356664,-0.000014506501067756971,0.09264510719258041,99.99854934989322,9987.655053535,72.4763268572966,0
dodo-k200000000000000000,637,10000,146.66095979133513,-146.69258635093843,146.69258635093843,-0.0316265596032963,112110.02894327411,11312.211118227477,0.9083454399094476,7356,1444,74032.7146460249,-0.0003262565327236189,0.10770546205373009,99.96737434672764,10004.153003640331,129.0679058391502,0
dodo-k200000000000000000,638,10000,107.59231820601453,-107.55652556940916,107.55652556940916,0.03579263660536469,97982.71543857746,1422.686874074015,0.9856880326322772,7650,1298,61972.846846963716,0.004297450083022767,0.05827454062985865,100.42974500830228,9958.547540932559,99.23445976650498,0
dodo-k200000000000000000,639,10000,229.60008523425932,-229.52090638994082,229.52090638994082,0.07917884431850553,143370.1530515755,3790.1535448934633,0.9742447292170536,6028,1695,106465.42646837381,0.0007633717647642868,0.06856963258881024,100.07633717647643,9993.08032453529,150.36570794272964,0
dodo-k200000000000000000,640,10000,106.52467330902817,-106.52084294873455,106.52084294873455,0.0038303602936196057,94242.13548216161,175.3443474479824,0.9981428825704264,6448,1274,62720.401620327735,-0.0015225956643448058,0.03799644618343081,99.84774043356552,10015.67735944856,100.16493752469623,0
dodo-k200000000000000000,641,10000,266.4204328715257,-266.29662306599874,266.29662306599874,0.12380980552694609,115483.20072910168,2874.9096410435204,0.9757100748562755,4578,1478,89369.29015874719,0.0012723070188627617,0.13603558447773337,100.12723070188628,9988.883164547684,59.86077133900214,0
dodo-k200000000000000000,642,10000,258.4976336015707,-258.5403520226311,258.5403520226311,-0.04271842106038548,185645.19756001202,4521.393662514342,0.9762240379161892,9945,2270,126940.09092400844,-0.0010157660334182595,0.07994861894430272,99.89842339665817,10012.279350336474,87.8002578843329,0
dodo-k200000000000000000,643,10000,174.54383912597172,-174.53221388510158,174.53221388510158,0.011625240870131393,169693.1745789646,17817.18949361179,0.9049802415896563,11191,1938,105007.14397130186,-0.0022773235235156617,0.0376971073458455,99.77226764764843,10031.362879201119,176.0255444871919,0
dodo-k200000000000000000,644,10000,140.35450551276,-140.19616469193036,140.19616469193036,0.1583408208296362,105641.93650287206,2765.13823068455,0.9744930094508987,7578,1461,70135.95354035441,-0.009752505855317253,0.08329029415861854,99.02474941446827,10040.25035392667,43.50502343556149,0
dodo-k200000000000000000,645,10000,234.63165448140978,-234.66868066334837,234.66868066334837,-0.03702618193858598,142242.75251507465,3264.531393504451,0.9775644812698482,6619,1715,103468.3042551725,0.0008493612153937136,0.07109324117039705,100.08493612153937,9991.031467812756,112.08563231943062,0
dodo-k200000000000000000,646,10000,138.59124288045467,-138.6127453328185,138.6127453328185,-0.021502452363819202,107039.40804326888,6565.712308297437,0.9422058417087279,5571,1457,76258.64460325836,-0.0013860876514640097,0.040838963486398254,99.8613912348536,10020.460033991252,99.87357187932876,0
dodo-k200000000000000000,647,10000,386.07519730242603,-385.90514129617026,385.90514129617026,0.170056006255777,209907.60126630374,6282.027643850887,0.9709420489987445,8955,2320,152412.04840011772,0.00002173460506696756,0.12130460213372515,100.0021734605067,9990.71272171245,207.24050857232703,0
dodo-k200000000000000000,648,10000,201.58148282298183,-201.60235054981433,201.60235054981433,-0.02086772683250615,174491.42573899834,8172.233873333776,0.9552607568977992,11017,2092,112834.25285875359,-0.0006689927177302479,0.04915451994745098,99.93310072822698,10004.697055826899,116.09301442264407,0
dodo-k200000000000000000,649,10000,274.1394034533121,-273.9679972674334,273.9679972674334,0.17140618587870904,140246.01105716845,2882.941175335773,0.9798577357664673,5484,1613,106177.30656049564,-0.00014784680034807707,0.07883791987879846,99.98521531996519,9986.42296979199,131.9835907771027,0
dodo-k200000000000000000,650,10000,138.63444193722165,-138.5292911353781,138.5292911353781,0.10515080184356407,112091.75742811032,9715.531636853326,0.9202385036935538,9208,1654,70902.78945527799,-0.0036541759848036292,0.07947287680898242,99.63458240151964,10008.477539423951,65.57003906431606,0
dodo-k200000000000000000,651,10000,260.75712782574766,-260.852366307126,260.852366307126,-0.09523848137831692,139548.5897474455,16322.368692559048,0.8952828104996763,6073,1837,104585.27094214835,0.003256254395753615,0.12654900413781178,100.32562543957536,10009.693593620705,69.76828640236748,0
dodo-k200000000000000000,652,10000,150.264867678471,-150.29577078914394,150.29577078914394,-0.030903110672937828,120416.47126960188,9173.595900936616,0.9292106555600106,7715,1652,80597.33330580265,0.0017522166445648679,0.07788105773011068,100.17522166445649,9992.04265818722,67.28073571738732,0
dodo-k200000000000000000,653,10000,57.149713920421924,-57.123380283318255,57.123380283318255,0.02633363710366865,58960.3284098978,2516.3967430137636,0.9590674887649804,4794,772,36901.98833974071,0.0017465752791346746,0.03528096460225441,100.17465752791347,9977.545939845848,91.85372398830214,0
dodo-k200000000000000000,654,10000,138.09545291324952,-138.208070272351,138.208070272351,-0.11261735910147763,96206.0277609004,8413.035739371751,0.9195841039109486,6009,1311,64522.516766413566,-0.0031928439388654796,0.12904472606889414,99.68071560611345,10038.381691826646,103.18343145795929,0
dodo-k200000000000000000,655,10000,391.96147300335144,-391.93049950676976,391.93049950676976,0.030973496581680138,267745.194641513,22993.506207989896,0.9209135001951729,11446,2996,188282.02851344363,-0.0022114184987357534,0.052652806193517844,99.77885815012642,10020.31598696215,101.30606533075216,0
dodo-k200000000000000000,656,10000,307.2844785042814,-307.18218227206734,307.18218227206734,0.10229623221408701,224151.3505870124,5618.193973689418,0.9755485698314331,11070,2498,150456.90564496003,-0.0014086611433863539,0.06688567895544409,99.85913388566136,9997.858761820815,126.97958699102001,0
dodo-k200000000000000000,657,10000,654.1376682671411,-653.0147564435306,653.0147564435306,1.1229118236104796,253341.67345720142,22812.351384654587,0.9173926528946357,9611,2848,185147.39523886284,0.001437224845329581,0.2420945427123209,100.14372248453296,9979.41814189268,59.091139205076885,0
dodo-k200000000000000000,658,10000,189.34596734644984,-189.3252834536931,189.3252834536931,0.02068389275675031,99863.1963658947,3942.6517956922594,0.9620189819213748,4167,1275,77020.26335470109,-0.0002554880194749387,0.07988647717498865,99.9744511980525,10003.924214494391,127.85032111518267,0
dodo-k200000000000000000,659,10000,111.91260656822821,-111.96415132778819,111.96415132778819,-0.05154475955997384,116031.72979799205,6661.658463052503,0.9457048292701882,8994,1563,71299.05707015227,0.002811065522039371,0.05290296747216232,100.28110655220394,10005.360821064362,51.036525213575416,0
dodo-k200000000000000000,660,10000,297.0435083162926,-297.04391408757647,297.04391408757647,-0.0004057712838516636,111080.26386072574,1836.2908199806377,0.9837376297463812,4543,1384,86464.8207018409,-0.00021325336781188753,0.186380206845661,99.97867466321881,10000.140653258311,98.47884106501276,0
dodo-k200000000000000000,661,10000,121.47854286480896,-121.44525906694503,121.44525906694503,0.03328379786393043,136011.9499493109,3555.826307249934,0.9745225839185585,10045,1736,84161.4111306118,0.0013289372934342225,0.03831335127109128,100.13289372934342,9986.618021584929,114.15948571921379,0
dodo-k200000000000000000,662,10000,304.8689656420519,-304.8337557767268,304.8337557767268,0.03520986532510051,201670.09994737577,2615.287642668732,0.9871978721849796,11301,2379,136403.4828976042,-0.002210449661089768,0.06785234678468796,99.77895503389102,10010.59959074825,101.29361979293853,0
dodo-k200000000000000000,663,10000,549.1627730051756,-549.0402063075305,549.0402063075305,0.12256669764508388,244138.38443948448,5212.5844190961625,0.9790953913555778,9675,2855,179532.8337230288,-0.0002873707005836934,0.13592591152174605,99.97126292994163,10003.268638769041,91.26406102827708,0
dodo-k200000000000000000,664,10000,338.613484616304,-338.41958265557054,338.41958265557054,0.19390196073345578,158123.6798706442,13197.948132730298,0.9229639112904627,6214,1951,121358.60496376739,-0.0018844783052661285,0.11574991433199998,99.81155216947339,10012.860137507067,88.90739423377586,0
dodo-k200000000000000000,665,10000,596.9020286287683,-597.1387581101357,597.1387581101357,-0.23672948136731975,234918.81741600417,7172.366025215502,0.9703732869439379,9240,2869,175757.13653144994,0.0008741900333130559,0.15029102164929412,100.0874190033313,9980.640047888584,46.72329681313615,0
dodo-k200000000000000000,666,10000,522.9082821793096,-522.9390094855598,522.9390094855598,-0.03072730625024178,267977.08274254453,19666.474110817016,0.9316290122193044,10961,3009,190546.2613792593,0.004813683219237674,0.14597667763558703,100.48136832192377,9988.055177483055,34.299933565995524,0
dodo-k200000000000000000,667,10000,135.16894144571563,-135.3480406912241,135.3480406912241,-0.17909924550846767,116846.64237329655,12538.88860254298,0.9030889427281912,9122,1675,73520.14636505868,0.00506251403626905,0.05814703212376443,100.5062514036269,10000.831987894575,44.06651226738637,0
dodo-k200000000000000000,668,10000,174.74553697702987,-174.74010340411945,174.74010340411945,0.005433572910419571,137925.7499485849,7601.744300868038,0.9477642053821276,9908,1837,88946.26488350591,0.0003066087846200105,0.052118655322638714,100.030660878462,9993.082669842464,55.263872548945464,0
dodo-k200000000000000000,669,10000,343.85690398245487,-343.85703526053544,343.85703526053544,-0.00013127808057333823,229786.46231649115,7552.085057527548,0.9681801159521453,10320,2652,162244.2241139221,-0.00004000266459073032,0.055114451346315436,99.99599973354093,10000.656969542248,103.17282136309223,0
dodo-k200000000000000000,670,10000,237.35516681373093,-237.39168000363804,237.39168000363804,-0.03651318990711161,114732.74351502348,2708.5633142393926,0.9769368769186371,4659,1476,88161.77592423669,0.0010461279058495165,0.0931083747901485,100.10461279058495,9996.803709622784,70.1268352414169,0
dodo-k200000000000000000,671,10000,83.50669102411129,-83.54402453682444,83.54402453682444,-0.03733351271314689,86196.44655653866,3462.1081070156733,0.9613856355368731,6032,1080,55069.03998764084,-0.0003488554550560252,0.04049625862154158,99.9651144544944,10002.004260996897,196.57284604550597,0
dodo-k200000000000000000,672,10000,111.28582320677205,-111.35532555512732,111.35532555512732,-0.06950234835527169,104734.17762169149,4312.464787475901,0.9604530254925726,7081,1418,70610.75111874979,0.0007285328199196783,0.04337485202097184,100.07285328199197,10008.914099028056,85.07281675444192,0
dodo-k200000000000000000,673,10000,338.68355759897366,-338.05344696283873,338.05344696283873,0.6301106361349298,235724.43679932453,15233.77523932603,0.9392975622691325,10161,2517,165415.25649151765,0.001116646012996796,0.07103221557602339,100.11166460129968,9977.87265205417,208.3391821168631,0
dodo-k200000000000000000,674,10000,142.8350469123962,-142.88621815796256,142.88621815796256,-0.05117124556636554,107485.34791151177,8784.107443057817,0.9244504292527196,6157,1345,73731.37274356985,0.0004592548218056436,0.06182632828392329,100.04592548218056,10005.426105327488,112.31457047343919,0
dodo-k200000000000000000,675,10000,360.56026023011805,-360.5495485027775,360.5495485027775,0.01071172734054926,232335.51430884213,5439.170942582302,0.9771246845019229,11228,2701,161729.03693326339,0.0018843376553228097,0.07789548565110849,100.18843376553228,9980.713273428031,100.94105821059277,0
dodo-k200000000000000000,676,10000,307.505696920997,-307.25067495562473,307.25067495562473,0.2550219653722934,184813.0398402928,9638.719612181416,0.9504313067707818,9130,2263,131071.59141851922,0.011427572528669003,0.06674410213218807,101.1427572528669,9904.660807266828,83.65176315775184,0
dodo-k200000000000000000,677,10000,101.05993600972954,-101.27312347154898,101.27312347154898,-0.21318746181944448,72584.97249935866,10786.020599985808,0.8706262190359993,4261,936,49727.96740590256,0.000991070607794171,0.07424084710388441,100.09910706077942,10003.368268292032,152.7301053883448,0
dodo-k200000000000000000,678,10000,437.1688753343437,-437.51203642402595,437.51203642402595,-0.343161089682269,194903.28534568768,13010.186142634739,0.937424996805147,8099,2358,144836.7274209137,0.001180859724313592,0.18425362062154663,100.11808597243136,9999.515141909307,74.18050330198702,0
dodo-k200000000000000000,679,10000,223.46937361815313,-223.3126933986642,223.3126933986642,0.1566802194889192,113171.53787280867,10985.498243957858,0.9115193259476146,4834,1491,85585.42402088018,0.005785934655749543,0.11401293680458068,100.57859346557495,9970.13692245312,61.28312041766061,0
dodo-k200000000000000000,680,10000,664.6423442523518,-664.5759835768285,664.5759835768285,0.06636067552324221,272271.42090106575,5538.545049417543,0.9800635480067525,9828,2928,204664.8418282254,0.00001070325800483829,0.14910416630547885,100.00107032580048,9999.731508684337,98.66863183944704,0
dodo-k200000000000000000,681,10000,102.45079942212604,-102.22402200747499,102.22402200747499,0.22677741465105328,79701.09065899749,1446.358843477228,0.9821761638554873,4593,1083,56345.09000684085,0.009671216627298236,0.04470303304817605,100.96712166272982,9891.843829668895,113.9275243100176,0
dodo-k200000000000000000,682,10000,221.2545274433018,-221.32469498281762,221.32469498281762,-0.07016753951580768,154988.66216675224,5763.7564611701255,0.9641451338003758,7419,1919,109775.64675088084,0.0034871875662668118,0.056847939180771474,100.34871875662668,9966.688310547543,144.58013305454293,0
dodo-k200000000000000000,683,10000,273.85806011471186,-273.85140063556423,273.85140063556423,0.006659479147629099,164141.0866925355,1153.0611917256165,0.9930241862371741,8060,2004,117164.99281580366,-0.002590801378372305,0.07062198591903211,99.74091986216277,10026.135882959841,93.46698194069094,0
dodo-k200000000000000000,684,10000,141.02807763215085,-141.0503849297848,141.0503849297848,-0.02230729763394379,121459.73550483669,13083.092335116058,0.9027589017923777,9242,1703,75987.37056872112,0.00010753166666788161,0.06092738260413043,100.01075316666679,9989.406574156814,35.005667386685694,0
dodo-k200000000000000000,685,10000,113.90284968142075,-113.83943286101382,113.83943286101382,0.06341682040692831,115208.1223412833,6036.481547177393,0.9502123694285755,9215,1442,70954.64576739888,0.0035450814269829324,0.0627028026842639,100.3545081426983,9974.568234191005,74.53254446695522,0
dodo-k200000000000000000,686,10000,126.27828305960175,-126.25666635709958,126.25666635709958,0.021616702502171847,107722.53884542375,5533.773227269089,0.9511393835275399,7634,1424,70909.20848674125,-0.0003085591560952139,0.053342615245064166,99.96914408439048,10000.751283467482,77.92447921593649,0
dodo-k200000000000000000,687,10000,84.6188408836131,-84.59715332217489,84.59715332217489,0.021687561438213265,78160.41793903222,4474.149852575113,0.9458561958736411,5698,1096,51686.48263295951,0.00041276758754193565,0.04816962565788103,100.0412767587542,9995.06139519559,85.59749766811757,0
dodo-k200000000000000000,688,10000,66.85536541094973,-66.8876638510251,66.8876638510251,-0.03229844007536542,69237.19187590957,9394.483242318458,0.8805254596421452,3769,815,47012.7573998466,-0.0006259395068825313,0.037563292578710585,99.93740604931175,10018.896050865485,296.8381024912803,0
dodo-k200000000000000000,689,10000,255.39352381870805,-255.43553840841247,255.43553840841247,-0.04201458970442218,187453.54419612198,4415.857704821216,0.9769850864125745,10075,2276,127994.37715257386,0.0010454502891538197,0.059376688553684144,100.10454502891538,9993.239277316297,89.76886576258029,0
dodo-k200000000000000000,690,10000,93.07041965695298,-93.16370071422196,93.16370071422196,-0.09328105726898173,74268.69588497136,7449.612482220842,0.9088379014315027,4329,1001,51651.65690757328,0.002703241966432728,0.056746423625838954,100.27032419664327,9990.447093681883,75.62694109864069,0
dodo-k200000000000000000,691,10000,491.80329743756255,-491.82168336220025,491.82168336220025,-0.01838592463769828,249983.12063901502,6758.060810531953,0.9736775348139465,9481,2626,184382.88269478764,-0.000741170777997695,0.06412042427293756,99.92588292220023,10013.476734753422,130.8393435159028,0
dodo-k200000000000000000,692,10000,354.5143888198351,-354.5851859127274,354.5851859127274,-0.07079709289229186,205556.30282522153,26612.11738897452,0.8853758088011174,8872,2488,147714.40292016428,0.0013271597742186714,0.08414754298735516,100.13271597742187,9993.908462277419,112.0643809274625,0
dodo-k200000000000000000,693,10000,177.02434103058224,-177.0906719475135,177.0906719475135,-0.06633091693126403,118137.01290304073,2896.9246815335023,0.9760651868447291,7379,1528,79856.28819390527,-0.001221500672380813,0.09867642461350598,99.87784993276192,10022.20775214495,109.43152602398868,0
dodo-k200000000000000000,694,10000,287.32915659936947,-287.0986914709696,287.0986914709696,0.2304651283998851,189753.86966854878,3305.101568443977,0.9828803523230902,9481,2280,133370.0200412951,-0.0032410782910316984,0.06927140693187198,99.67589217089683,10013.040577591037,74.99713505576915,0
dodo-k200000000000000000,695,10000,567.4626089327769,-567.8348603458755,567.8348603458755,-0.3722514130986383,254597.98367030834,7500.851159302542,0.9713815928858333,10843,2953,180583.3139163777,0.005073545158660835,0.1898607575499777,100.50735451586608,9959.508166832116,59.362736808104785,0
dodo-k200000000000000000,696,10000,524.3267858755315,-524.2527555604108,524.2527555604108,0.07403031512069447,250706.48400449037,7987.28733139961,0.9691245471811964,9536,2759,185884.26453224864,-0.00008798173604674276,0.11268988807717846,99.99120182639533,9996.570725990985,112.57374544884273,0
dodo-k200000000000000000,697,10000,188.2913645356286,-188.12365315954156,188.12365315954156,0.16771137608702702,130789.98425742312,10305.316054855844,0.9269620176430566,7825,1705,89460.39847043825,-0.0012763616857778004,0.10883036023598024,99.87236383142222,10014.537499584887,140.3254392306608,0
dodo-k200000000000000000,698,10000,556.3745402759118,-556.6132859141239,556.6132859141239,-0.2387456382120945,205039.00310283978,3025.189443328904,0.9854603071950613,7623,2313,153798.19672545747,-0.00004517223990987418,0.2513510112760652,99.99548277600901,10003.80018762196,104.90806521623315,0
dodo-k200000000000000000,699,10000,398.3737995437049,-398.56928601075316,398.56928601075316,-0.19548646704828343,195650.59200166134,11219.696700991353,0.945764581413051,7091,2153,147974.76887839165,0.0004064797092226513,0.08272898949458167,100.04064797092227,10022.146019716782,84.27511345553144,0
dodo-k200000000000000000,700,10000,175.0671169776473,-175.01677835088327,175.01677835088327,0.05033862676401668,124553.74539069747,8071.403044304938,0.9391412327183136,7684,1687,84619.91833563472,0.0032388522020637823,0.11710932165373095,100.32388522020638,9972.626808028313,76.88228090323615,0
dodo-k200000000000000000,701,10000,202.82296873758278,-202.74931210169797,202.74931210169797,0.07365663588481652,124954.28644244639,3738.2790813258353,0.9709518644988447,6974,1599,87110.3750591757,0.0004588678687670722,0.0903118537552541,100.04588678687671,9982.469405753345,52.70554282196386,0
dodo-k200000000000000000,702,10000,170.19529076912696,-170.05732371781497,170.05732371781497,0.13796705131198905,111632.31604598105,7917.606619728922,0.933771545449942,5926,1457,80584.22928054664,0.0006059296081497223,0.0647234865473365,100.06059296081497,9993.574560773333,79.17456840546116,0
dodo-k200000000000000000,703,10000,63.18859226130393,-63.23480447202079,63.23480447202079,-0.04621221071685966,67576.92232645131,6224.096013171361,0.9156638193726693,5294,970,43385.51707712999,0.0008958772456603015,0.047655238885059674,100.08958772456603,10017.711293735247,136.3622804204815,0
dodo-k200000000000000000,704,10000,553.6383527933858,-553.4798205996346,553.4798205996346,0.15853219375117078,261505.4989830768,8794.405850677389,0.9674642658269291,10685,2975,189664.43094228161,0.0005712083449888894,0.1908914043137284,100.05712083449889,9991.392766730853,81.81499073906875,0
dodo-k200000000000000000,705,10000,66.32303022301299,-66.35437338352467,66.35437338352467,-0.031343160511681845,63835.47926586854,1303.5827058274747,0.9799876960710011,4720,909,42273.66576124572,-0.000014701218375847702,0.05685387518446831,99.99852987816242,10001.685344206055,101.45358702177614,0
dodo-k200000000000000000,706,10000,176.1576135944266,-176.14605596525152,176.14605596525152,0.011557629175086959,108293.66968402015,10653.581957818154,0.9104344000322334,4152,1371,83774.52895197246,-0.0005523792925934857,0.0538912267570214,99.94476207074065,9997.82910068412,88.297718567935,0
dodo-k200000000000000000,707,10000,282.07582940687087,-282.05092107012473,282.05092107012473,0.024908336746136683,148281.8417978634,3382.24259500734,0.9776991196792116,6539,1768,107813.93090299952,-0.000925820064925773,0.11161744788111022,99.90741799350742,9990.096019542923,78.18641879933519,0
dodo-k200000000000000000,708,10000,145.43662331539292,-145.00216130912906,145.00216130912906,0.4344620062638569,89219.97891038039,14290.292111995632,0.8619432451403158,6122,1188,58487.75835759215,0.006352212089390292,0.11593436234903379,100.63522120893903,9917.079613372585,127.36521796475098,0
dodo-k200000000000000000,709,10000,158.5302863633,-158.30373095776463,158.30373095776463,0.2265554055353789,121850.27027218963,5255.896782221714,0.9586495533299201,6800,1486,83011.10136155719,-0.0011725505692605509,0.062140582421062615,99.88274494307394,9982.064771453051,229.0286881279344,0
dodo-k200000000000000000,710,10000,107.3051657111026,-107.30273939835087,107.30273939835087,0.002426312751737214,84508.76075268842,5002.445984138454,0.9441137465742562,4607,1073,59349.94053365842,-0.0015854956428198363,0.04511156489664345,99.84145043571802,10021.966485907069,123.37871282870498,0
dodo-k200000000000000000,711,10000,105.95079309414618,-105.9499857536481,105.9499857536481,0.0008073404980848409,82490.05631548312,12409.935981487246,0.8692314332054648,4721,1058,56819.54078565269,-0.000680950170584822,0.05435475754108182,99.93190498294152,10022.892426188944,135.7026919679984,0
dodo-k200000000000000000,712,10000,329.2619525441876,-329.25825363320894,329.25825363320894,0.003698910978641834,139138.47557440697,1092.7218487236412,0.9922077122009698,5403,1732,108445.2842511644,0.0012869268919588706,0.14955449014807898,100.12869268919589,9991.019027995271,85.02737598750716,0
dodo-k200000000000000000,713,10000,189.07178362033645,-188.98769020347467,188.98769020347467,0.0840934168617764,135540.49089539374,2481.2089029427684,0.9820230521246437,8586,1631,89563.38595078036,0.00129964251503651,0.08315097895643418,100.12996425150365,9987.81693439079,78.07764903590488,0
dodo-k200000000000000000,714,10000,267.64708367414494,-267.6932685071357,267.6932685071357,-0.04618483299077525,168316.57819828182,23772.515894247073,0.8762422405782396,7280,2047,123087.19477133176,0.0006606268271664817,0.06307372068959154,100.06606268271665,10004.444456786607,111.89803474042124,0
dodo-k200000000000000000,715,10000,204.49475166848143,-204.7944377615952,204.7944377615952,-0.29968609311376326,81804.23805276935,7656.126827458428,0.9144187838076819,6617,1083,51754.24255160672,-0.0023813631210897767,0.21645347381855204,99.76186368789102,10040.671476829526,95.94146580123405,0
dodo-k200000000000000000,716,10000,138.2118764409224,-138.21780700474682,138.21780700474682,-0.005930563824421142,107854.50058883183,1795.4473367201094,0.9836256435074721,6212,1464,76431.03717526759,0.0012040117134246486,0.050792185435882826,100.12040117134246,9985.498394790093,110.00443498299455,0
dodo-k200000000000000000,717,10000,96.92588413533697,-96.92228908747968,96.92228908747968,0.0035950478572885913,84931.60179278888,4372.815852535917,0.9510347195823762,5305,1160,58341.92851039802,0.0004371824413593117,0.04579163303167917,100.04371824413593,9994.906329225605,98.72515025958354,0
dodo-k200000000000000000,718,10000,303.93232705766155,-303.2837267389958,303.2837267389958,0.6486003186657285,193970.0092960913,17402.769732356996,0.917667876571681,7794,2189,139221.9529103213,0.012226832728161838,0.10104397470722574,101.22268327281618,9815.292999857293,151.07665137673703,0
dodo-k200000000000000000,719,10000,130.61738424435532,-130.61761498406818,130.61761498406818,-0.00023073971286180495,93960.01005043765,6932.607900285396,0.9312872632200767,4463,1267,70026.10938435583,-0.0008271372057754434,0.042665285195087395,99.91728627942246,10007.800939312776,107.2573289111001,0
dodo-k200000000000000000,720,10000,291.5571432696846,-291.53087270141873,291.53087270141873,0.02627056826588614,185358.14145945254,6720.135252965553,0.9650135592218634,8947,2241,131526.4523240774,-0.00202841981047726,0.06994788331530699,99.79715801895227,10018.944382014988,96.13148050933626,0
dodo-k200000000000000000,721,10000,198.76612505767477,-198.7526597503716,198.7526597503716,0.013465307303164309,151767.0197753372,2964.7822363180458,0.9808392185848471,8767,2005,104355.234993488,0.0007481275968663681,0.052428718794706126,100.07481275968664,9993.81315723302,82.15250460101505,0
dodo-k200000000000000000,722,10000,246.73633981822172,-246.79444321547635,246.79444321547635,-0.05810339725462654,171046.17992016207,4500.126600777838,0.9743650169008765,9457,2104,117662.2130130519,-0.0015287764011627303,0.07187869437214474,99.84712235988373,10001.590775417784,62.40020232591469,0
dodo-k200000000000000000,723,10000,169.4962151619043,-169.56357692228525,169.56357692228525,-0.06736176038094754,167226.00019895806,18367.826367359965,0.9010321264064427,10871,2075,106596.5158655332,-0.0009344005334148164,0.04827777548483894,99.90655994665852,9995.244845341256,128.91160817583662,0
dodo-k200000000000000000,724,10000,126.33066204428471,-126.32542012412385,126.32542012412385,0.005241920160855784,110652.65738818161,676.6192549186869,0.9939223600896304,7309,1460,73627.99860855992,-0.000011454093450424806,0.04347897618916207,99.99885459065496,10000.267358453231,107.33569419556993,0
dodo-k200000000000000000,725,10000,637.1825656735488,-637.5233599830239,637.5233599830239,-0.34079430947508627,278131.6087321973,16288.283192749077,0.9446766891793396,10861,3168,200941.3806081443,0.00013620801750349187,0.24306163590747162,100.01362080175035,9996.7094636273,45.70873996978709,0
dodo-k200000000000000000,726,10000,612.208206211921,-611.5838334373689,611.5838334373689,0.624372774552171,219402.04629981687,15873.914261031648,0.9325306579423092,8436,2740,164355.27226100132,-0.012854033677606368,0.20661333426871678,98.71459663223936,10073.536978573102,54.16903366905275,0
dodo-k200000000000000000,727,10000,262.0422378274002,-262.0240426942953,262.0240426942953,0.01819513310488219,187612.58821518117,3625.695574909848,0.9810409531864993,10630,2274,125958.15904579041,-0.0020237403537385033,0.06144059172204976,99.79762596462615,10018.371497828206,92.85888436652552,0
dodo-k200000000000000000,728,10000,309.5533496940025,-309.6157919159621,309.6157919159621,-0.06244222195959992,214695.18957661092,3934.0547519333913,0.9820058164495986,11777,2564,143927.0817994741,-0.0052463446663561794,0.07703995900466111,99.47536553336438,10055.077103132291,99.66198221640279,0
dodo-k200000000000000000,729,10000,134.23890047505975,-134.162094702934,134.162094702934,0.0768057721257378,156325.65343925878,16193.142827749367,0.9061369359273341,10443,1781,94051.74929694107,-0.00006621140309874818,0.039178204820419754,99.99337885969013,9980.833383242209,208.9385814085783,0
dodo-k200000000000000000,730,10000,350.7251204098067,-350.61300658080404,350.61300658080404,0.11211382900268063,179446.95772693088,15811.20208213352,0.9190241160851116,9879,2481,126974.87843855987,0.0016815376517321568,0.15737663462155468,100.16815376517322,9980.482383001237,59.683498641207,0
dodo-k200000000000000000,731,10000,543.6631164813181,-543.4790264428303,543.4790264428303,0.18409003848773864,266354.7440911759,16543.500057450325,0.9415213759730553,10030,2899,196847.02215235794,0.00016455356987634672,0.09628986694704153,100.01645535698763,9993.464725224118,124.39984901616288,0
dodo-k200000000000000000,732,10000,91.28284132315733,-91.27763875714606,91.27763875714606,0.005202566011263343,97810.70496321065,10582.671748949182,0.9023679114910165,7771,1248,59065.99374323505,-0.0021143511359196054,0.05118335989655847,99.78856488640804,10014.718713228136,79.2662698882511,0
dodo-k200000000000000000,733,10000,81.96263459912136,-81.95011878097918,81.95011878097918,0.012515818142176727,70281.71255938629,4096.084837078426,0.9449286617719455,5167,961,46425.22289259301,0.00032182334225041133,0.06015165274176809,100.03218233422504,9995.339802168846,100.2393723827712,0
dodo-k200000000000000000,734,10000,258.48187601718394,-258.6286302187724,258.6286302187724,-0.14675420158846464,133038.1271015957,12329.922685735723,0.9151813434673302,5022,1546,101421.61940533634,0.0003762067969825011,0.12904008286693938,100.03762067969825,10006.016988134126,128.31237941132758,0
dodo-k200000000000000000,735,10000,236.84798605551177,-236.81254335807952,236.81254335807952,0.03544269743224504,153677.2929026484,2621.6150568307503,0.9832269137957739,7610,1830,109538.1261572995,0.0005252875882133879,0.07113680289089302,100.05252875882134,10017.428555957691,118.99688162807234,0
dodo-k200000000000000000,736,10000,370.4748310413804,-370.0111934517651,370.0111934517651,0.46363758961530266,168805.80467168498,9496.80874338541,0.9467376918291275,6857,2018,123999.35848855421,-0.0017233537600007765,0.1552598296320535,99.82766462399992,10024.324433295384,98.53037177512664,0
dodo-k200000000000000000,737,10000,153.62050403208085,-153.52437955256858,153.52437955256858,0.09612447951226955,139177.83879138643,6805.489426632945,0.9533817353686495,10811,1673,85276.66838065453,-0.002014650758862331,0.054859319492197474,99.79853492411377,10017.034302667096,126.62826571614187,0
dodo-k200000000000000000,738,10000,172.7563008063935,-172.72519753343903,172.72519753343903,0.03110327295448201,134370.5752969544,8653.218106311768,0.9394980520345074,8970,1740,89983.05595896537,0.00045069788203065285,0.05602324009366697,100.04506978820307,9990.363834695885,91.82415555038274,0
dodo-k200000000000000000,739,10000,150.69011830189774,-150.6680735902859,150.6680735902859,0.02204471161184074,144688.68421624013,12555.6086604225,0.9201522139167829,9720,1868,92913.5610395236,-0.0004361412233487272,0.035992348970552826,99.95638587766513,9999.53537336132,121.64777944769699,0
dodo-k200000000000000000,740,10000,80.01021344431048,-80.101959071929,80.101959071929,-0.09174562761852201,89007.10051016313,10310.24610761257,0.8961888687251008,7267,1171,53927.642189864186,0.005569963731075375,0.04662192304370194,100.55699637310754,9966.531251025168,84.62575815646454,0
dodo-k200000000000000000,741,10000,115.97759111224971,-115.91870130370964,115.91870130370964,0.05888980854007286,104556.59224517326,5039.65771514849,0.9540161482078716,7724,1428,67596.34822229034,-0.0007487065083223854,0.079409730290499,99.92512934916776,10001.473911205452,95.66194468520477,0
dodo-k200000000000000000,742,10000,160.73762001132232,-160.8046259935986,160.8046259935986,-0.06700598227627097,111648.97299494587,3143.566300410553,0.9726152385886134,5700,1455,81464.30760641678,-0.00018132162576762312,0.05896781575165662,99.98186783742324,10003.05074740312,132.35171059481505,0
dodo-k200000000000000000,743,10000,273.6464778996466,-273.7476369125086,273.7476369125086,-0.10115901286201279,131360.82538710345,1539.1033328994902,0.9884190808247753,5799,1676,98885.42993458714,-0.00006550664693165231,0.10951485760109449,99.99344933530683,10004.309025107154,84.1320090263956,0
dodo-k200000000000000000,744,10000,122.06289537665353,-122.1458491839293,122.1458491839293,-0.0829538072757714,115114.01997672702,10499.442422026426,0.9164146722689923,8851,1554,72179.48248405494,0.0012533281036827759,0.07724653240827607,100.12533281036828,9996.047460694017,51.98239017487564,0
dodo-k200000000000000000,745,10000,261.6613000338581,-261.55328804717925,261.55328804717925,0.10801198667883227,119966.68807458495,13764.069002613986,0.8970762650011143,4834,1553,91353.67689056626,0.0004779758600483319,0.10676320666134231,100.04779758600483,9992.477309389773,106.59549972683105,0
dodo-k200000000000000000,746,10000,225.10691751623054,-225.1127858486684,225.1127858486684,-0.005868332437870549,162822.188532084,1294.6248766908202,0.992111564623996,8907,2032,111977.37581404035,-0.0011692589158914758,0.059065998880119534,99.88307410841085,10012.675864337403,101.02848243158687,0
dodo-k200000000000000000,747,10000,109.28510095586354,-109.28075285703925,109.28075285703925,0.004348098824294766,80783.09803265087,10230.567474767831,0.8875930617920897,5271,1183,55749.3255497832,0.00419942423228008,0.052169236148949236,100.41994242322801,9972.919671853633,59.147130478079994,0
dodo-k200000000000000000,748,10000,473.7805826634313,-474.09704093676305,474.09704093676305,-0.3164582733317616,266413.8008637555,10226.451496579506,0.9630333929739945,11604,3052,188195.93872396793,0.00031093430355127793,0.08432085920287732,100.03109343035513,10000.427173830387,65.84911581145109,0
dodo-k200000000000000000,749,10000,219.53212198684017,-219.32595543155077,219.32595543155077,0.20616655528939987,182302.09984203373,22924.70086633881,0.8882957742984317,10581,2191,117033.05132954636,0.0019639431824327856,0.07685213405342083,100.19639431824328,9979.924440156989,75.92248779143098,0
dodo-k200000000000000000,750,10000,141.45449791588626,-141.39393623814425,141.39393623814425,0.06056167774201526,107951.03227057394,11678.650110411148,0.9023766520317414,7737,1607,70157.1448024961,-0.0007626189669785788,0.09689962744234691,99.92373810330214,9989.206207893478,30.054351490408308,0
dodo-k200000000000000000,751,10000,500.5410763814513,-500.4516495198597,500.4516495198597,0.08942686159161894,259004.99049572618,10540.268601465945,0.9608961083687049,10414,2841,186002.67376517114,-0.002326847797177152,0.10988967747402555,99.76731522028228,10013.64828570798,101.2866927732182,0
dodo-k200000000000000000,752,10000,141.69582306428882,-141.68905094526417,141.68905094526417,0.006772119024645917,88276.93728167453,11646.617770737545,0.8834447216711951,4017,1145,65122.63078201965,0.002701204059907383,0.09101616255792919,100.27012040599074,9981.758024485074,77.42692162612333,0
dodo-k200000000000000000,753,10000,171.93467405748765,-171.878413901059,171.878413901059,0.05626015642866378,150188.9701229669,13979.85348593934,0.9148446508988632,10135,1897,95837.01387225573,0.0012615314347884522,0.05888449233849571,100.12615314347885,9982.965908160644,116.90083946461168,0
dodo-k200000000000000000,754,10000,684.916194648868,-684.9761757819678,684.9761757819678,-0.05998113309976816,236314.8267471403,1808.582669632163,0.9924048514421079,8752,2622,179076.23910265588,-0.0014112739214057512,0.28015931884914097,99.85887260785942,10014.735589613854,100.34288258639835,0
dodo-k200000000000000000,755,10000,140.91468597980312,-140.63006185564757,140.63006185564757,0.28462412415555605,114784.5564709194,10407.839764489829,0.9168652404023074,9641,1525,69133.75859542297,-0.0047821920035826795,0.12933950169853203,99.52178079964173,9998.154588513888,75.26623008941496,0
dodo-k200000000000000000,756,10000,224.4348161329204,-224.0657639183379,224.0657639183379,0.3690522145824957,147416.84670177844,14326.002868731066,0.911427287779508,9332,2029,98906.12474248697,0.0018492816745148844,0.14827338005928795,100.18492816745149,9968.955798517296,29.392458375787093,0
dodo-k200000000000000000,757,10000,538.8726651284016,-540.2011249938107,540.2011249938107,-1.3284598654090587,271899.8494198984,38597.612244185744,0.8756910538420339,11604,3004,186622.34818782093,0.0026865237032460245,0.27707620854732623,100.2686523703246,9957.379785023864,158.94831824420146,0
dodo-k200000000000000000,758,10000,191.06890866050287,-191.0578690871522,191.0578690871522,0.011039573350672072,134979.80358269985,2884.6885345503924,0.9790759136725572,7532,1732,94390.07631932184,-0.0030022598884183083,0.06987666927441424,99.69977401115817,10030.376472223426,106.84769461779557,0
dodo-k200000000000000000,759,10000,88.25576113434514,-88.18568199679339,88.18568199679339,0.070079137551744,81609.74432840566,6036.70868000884,0.9311243242275955,6804,1193,51570.5828177315,-0.001938438253794459,0.07191770722956918,99.80615617462055,10008.764533121464,71.69126603690364,0
dodo-k200000000000000000,760,10000,103.95014369462766,-103.94899197284104,103.94899197284104,0.0011517217866128249,82675.17452236035,1310.5097719108303,0.9843960338845483,4532,1140,59503.41083205594,-0.0018650734862961827,0.048936946927277486,99.81349265137038,10020.317515405877,103.10818805891064,0
dodo-k200000000000000000,761,10000,269.0366060122862,-269.0155252461055,269.0155252461055,0.021080766180716637,209992.8577797727,5408.433814851505,0.9748913584741639,11495,2472,140454.34383755384,0.0010482316426700322,0.0681473983040118,100.104823164267,9981.442022073737,109.84123302701997,0
dodo-k200000000000000000,762,10000,247.60202265624724,-247.87581969333468,247.87581969333468,-0.27379703708743364,130954.21055210354,4330.836159227785,0.9679873255433112,5467,1671,100530.9416046068,0.000637933874897243,0.14723444447258288,100.06379338748972,9999.187384213712,95.76820015918756,0
dodo-k200000000000000000,763,10000,221.45668945215624,-221.41621822159323,221.41621822159323,0.04047123056301416,172809.87785894214,17225.42863652265,0.9093566929525607,9684,2129,117070.20843268523,-0.00016517801901116513,0.07608622423997403,99.98348219809888,9994.792323313657,83.24321816981625,0
dodo-k200000000000000000,764,10000,235.121874393005,-235.19198202409402,235.19198202409402,-0.07010763108903006,164005.16020741125,12358.210043814432,0.9299275692780737,8302,2019,115313.81057005716,-0.00032775800896345686,0.10862122662007252,99.96722419910365,10002.987916794307,112.10210031335453,0
dodo-k200000000000000000,765,10000,346.1395230632495,-346.3821300271063,346.3821300271063,-0.24260696385681513,147238.54635496816,2647.4532788342385,0.9823368874657912,8263,1859,103946.84666284248,0.002789265449431895,0.2266169685436897,100.27892654494319,9993.523275647574,59.15366382988853,0
dodo-k200000000000000000,766,10000,300.4811403033206,-300.5391505614489,300.5391505614489,-0.058010258128263104,195878.1662951549,5569.636667675961,0.9723519612239028,9998,2228,135997.48659591723,-0.000208951611205066,0.07576116891271426,99.9791048388795,10003.475734368618,129.17125411408526,0
dodo-k200000000000000000,767,10000,392.97037631574176,-392.8901865119102,392.8901865119102,0.08018980383155849,254982.88183393987,22620.591776747737,0.918514738009111,11280,2691,175136.755013697,-0.0015772031834841015,0.07400370891776376,99.84227968165159,10023.433331992526,141.39502169550477,0
dodo-k200000000000000000,768,10000,259.30726126730275,-259.2244319285712,259.2244319285712,0.08282933873152842,151591.8082096885,5671.167218525948,0.9639383192192325,6984,1812,109643.50466504943,-0.0007377389534875079,0.08574493307559138,99.92622610465125,10000.659640048287,111.92007962805289,0
dodo-k200000000000000000,769,10000,185.07163663941094,-185.40206617689844,185.40206617689844,-0.3304295374875039,108131.99774105512,5649.087372992823,0.9503512612194681,6775,1587,75532.61242538302,0.00352768883608249,0.12747979903072135,100.35276888360825,10012.66433273148,37.26992806776026,0
dodo-k200000000000000000,770,10000,222.2319062971317,-222.1764033023146,222.1764033023146,0.05550299481708976,155852.54910871704,7449.71894731978,0.9543807992626078,10470,2062,102521.64902523856,0.0020702814766305265,0.14928253991080723,100.20702814766305,9980.463314474468,57.98356107023355,0
dodo-k200000000000000000,771,10000,235.8566501492511,-235.80369069151703,235.80369069151703,0.05295945773406174,140899.448225857,15196.018937397997,0.9026491978687312,5975,1707,103618.89742142362,0.00019043141686324815,0.07269309088340335,100.01904314168632,9995.653760687173,117.1002968466999,0
dodo-k200000000000000000,772,10000,213.81781685360627,-213.70834187167264,213.70834187167264,0.10947498193363003,116283.7178657574,3208.4900394824467,0.973148960122765,4766,1455,88665.09270842576,-0.0014329053917309408,0.08735012697724344,99.8567094608269,10009.07368818452,106.47163313139586,0
dodo-k200000000000000000,773,10000,85.89027770353763,-85.8935564669693,85.8935564669693,-0.0032787634316662206,63046.410455102094,3113.809232411573,0.9529353250772346,4081,962,44243.92440065406,0.00012384503155743687,0.06029346439456063,100.01238450315574,9998.665488989353,60.991476141526256,0
dodo-k200000000000000000,774,10000,343.78791223185306,-343.85783081751026,343.85783081751026,-0.06991858565720577,201033.17485637384,11206.344515267663,0.947199538764292,8944,2321,142622.6967781541,-0.0012271440928071798,0.052792467637235205,99.87728559071928,10024.0151871525,105.14823605591745,0
dodo-k200000000000000000,775,10000,317.43147261745014,-317.33166093762026,317.33166093762026,0.09981167982988381,207096.34159447046,12061.05110009687,0.944966259400129,9369,2400,146857.33842245038,0.006215760371293442,0.0524956049819707,100.62157603712934,9940.065905212196,103.46699775840948,0
dodo-k200000000000000000,776,10000,393.9350756888323,-394.62107845503465,394.62107845503465,-0.686002766202364,204662.48819487743,9894.112603789883,0.9538857692237854,10788,2499,140891.5741383811,0.0012666845448187302,0.17586883366734454,100.12666845448187,10017.739050843475,79.8028225848472,0
dodo-k200000000000000000,777,10000,173.2803913067614,-173.24900471772642,173.24900471772642,0.03138658903498026,144400.7806937607,5738.789669556894,0.9617769675531255,10563,1770,91558.21245128472,-0.00004833684160502117,0.06769873889445563,99.9951663158395,10006.541739030281,121.75783026085003,0
dodo-k200000000000000000,778,10000,109.36697750644987,-109.35695349055774,109.35695349055774,0.01002401589212809,96419.92727575997,11628.805122512487,0.892374441935624,6157,1368,65277.77836460912,-0.0006007043772955,0.051384045400669154,99.93992956227045,10001.647337896458,70.4965545879545,0
dodo-k200000000000000000,779,10000,270.60686600774415,-270.48501524546725,270.48501524546725,0.12185076227689251,122843.6324828733,2090.737074660853,0.9832653169654966,5374,1600,95400.72218899748,0.0012745584693445266,0.09551917024242272,100.12745584693445,9979.918329239248,119.5149394147438,0
dodo-k200000000000000000,780,10000,112.89758207420732,-112.78045419918602,112.78045419918602,0.11712787502129629,77629.17739811091,4342.789619852999,0.9470210392913802,4713,1190,56118.954992029154,-0.00016834165880538876,0.08003713972187981,99.98316583411946,9977.660706415481,43.201264710126864,0
dodo-k200000000000000000,781,10000,374.4951819800844,-374.48574695947644,374.48574695947644,0.009435020607952538,227109.91883344486,12734.035314199265,0.9469069989299777,9813,2701,162861.56635769806,0.0005450589579763232,0.07216746203335106,100.05450589579763,9994.766685388886,88.30946982733876,0
dodo-k200000000000000000,782,10000,200.22279566246507,-200.36130307052065,200.36130307052065,-0.13850740805557393,148916.92060654954,16445.28984892802,0.9005498910323542,11199,2150,94504.79474039737,0.004545108183411344,0.11223597088071542,100.45451081834113,9998.967580354507,30.849314336764525,0
dodo-k200000000000000000,783,10000,164.30363280710998,-164.28223021610768,164.28223021610768,0.021402591002299687,165770.60775661515,18586.021734141643,0.8991844134627472,9218,1834,105843.62997883625,0.0012539451645993437,0.039487185604625094,100.12539451645993,9972.324810772352,187.45760283221549,0
dodo-k200000000000000000,784,10000,329.59540376023295,-329.63663207810396,329.63663207810396,-0.04122831787100267,191563.92050905537,14694.846543890502,0.9287552875746687,8464,2334,138600.182754191,-0.0006369268910343351,0.10112479986245773,99.93630731089657,10011.443052715063,90.7681798913549,0
dodo-k200000000000000000,785,10000,260.0747672898571,-260.1859504178521,260.1859504178521,-0.11118312799499108,193493.50200428563,15428.692690530594,0.9261510118009812,11211,2162,125552.61301375968,-0.003196375500800883,0.12893249533829207,99.68036244991991,10044.112148941002,107.79334861455105,0
dodo-k200000000000000000,786,10000,234.1784053697328,-234.21193394630808,234.21193394630808,-0.033528576575292846,187945.30473255613,10723.454676718959,0.9460234477297577,11610,2419,125004.9837353636,0.0010458472576154066,0.059572762311289294,100.10458472576154,9989.874391050826,69.39788457473159,0
dodo-k200000000000000000,787,10000,145.2548782078917,-145.22029989256757,145.22029989256757,0.0345783153241257,83672.74278556331,4899.559754145927,0.9446829357072508,4497,1092,59770.501553731,-0.0009523862372844861,0.08250655716966321,99.90476137627155,10005.520968880153,102.25641890206818,0
dodo-k200000000000000000,788,10000,194.5884216550123,-194.60327409229498,194.60327409229498,-0.01485243728268415,149226.28780738692,2568.4306722534707,0.9830795781435704,9939,2001,100560.67074917875,0.0008689872138066334,0.05879678785606231,100.08689872138066,10002.840091073384,76.4701005624904,0
dodo-k200000000000000000,789,10000,267.1995193008425,-267.2008939259894,267.2008939259894,-0.001374625146922881,155649.91735081765,9535.649306062698,0.9422731083650309,8830,2045,106894.43020794999,-0.002930381449736359,0.2218404384634553,99.70696185502636,9991.371966579454,45.19913850165597,0
dodo-k200000000000000000,790,10000,410.0930429338848,-409.3606422903783,409.3606422903783,0.7324006435065371,234510.3154414672,13659.287412581203,0.9449598691560368,10794,2559,160435.60211063057,0.00939293705921486,0.13923742310800732,100.93929370592149,9873.165496640482,107.42707785417099,0
dodo-k200000000000000000,791,10000,355.44513347652753,-355.0441300787179,355.0441300787179,0.4010033978096317,120008.85018681342,6627.7644592799925,0.9476631266731004,4435,1508,94340.10215239442,0.004551826772542285,0.29238726164560913,100.45518267725423,9956.68381504875,79.51436980792685,0
dodo-k200000000000000000,792,10000,143.1754810350191,-143.18624453432756,143.18624453432756,-0.010763499308467317,128811.87479174545,4733.942249012092,0.9645519241717072,8250,1675,85585.98915200077,-0.00028039720953600524,0.04406976665075689,99.9719602790464,10004.585117967303,107.75392412089055,0
dodo-k200000000000000000,793,10000,374.44333915445867,-374.3790618856932,374.3790618856932,0.06427726876546558,198628.33418575875,15863.817476329456,0.9260401028503766,8981,2337,143103.38883190736,0.0008093336386218652,0.134767499577586,100.08093336386219,10001.024905809458,90.0232238598749,0
dodo-k200000000000000000,794,10000,274.6313366745947,-274.52799823686,274.52799823686,0.10333843773469198,173003.34434447644,11741.607259111881,0.9364442321308669,8762,2221,121648.22005329981,0.003645896355292848,0.09298883564509453,100.36458963552928,9965.181395357078,75.5775003864907,0
dodo-k200000000000000000,795,10000,119.11700052882153,-119.17883474566392,119.17883474566392,-0.061834216842385104,97816.86887019724,10754.32296982107,0.9009468093003181,5220,1263,69005.09063259735,0.000937225002449793,0.05030837666233964,100.09372250024498,9998.89846162477,101.23265814628994,0
dodo-k200000000000000000,796,10000,261.3712310556913,-261.48429241255803,261.48429241255803,-0.11306135686675134,180104.19388265914,4469.6290787575335,0.97578405752753,11454,2374,120236.51683211296,-0.0012193694581513626,0.09756865783190079,99.87806305418486,10014.819750194838,44.766029147773274,0
dodo-k200000000000000000,797,10000,74.89656176398127,-74.73386165815539,74.73386165815539,0.16270010582587702,59985.84198050159,5619.326351381674,0.9143462856012404,4794,918,39479.102967445746,0.01045281700526445,0.11043978785275342,101.04528170052644,9942.67516330966,48.03513720874063,0
dodo-k200000000000000000,798,10000,289.4250122959468,-289.4008323576062,289.4008323576062,0.02417993834058052,175369.63179688345,1605.4855467126015,0.9909281848724781,9205,2073,121027.25877866399,0.00017912933420021203,0.08667399295886384,100.01791293342002,9996.304973249964,94.88059338914263,0
dodo-k200000000000000000,799,10000,157.59061197039142,-157.5617472035782,157.5617472035782,0.02886476681322847,146504.88331160482,4859.105539147741,0.9678978760004872,9742,1841,95980.11233725102,-0.003532124332846962,0.07711556167569028,99.6467875667153,10052.141385337989,129.93298697183545,0
dodo-k200000000000000000,800,10000,109.7076377928922,-109.73527078076174,109.73527078076174,-0.02763298786953783,77640.83139598033,1893.168740133847,0.9761967367805733,5006,1038,52520.03416035068,-0.002259313214316876,0.06400819585917503,99.77406867856831,10017.215767734997,77.59413458054722,0
dodo-k200000000000000000,801,10000,453.02246917361515,-453.01439074867653,453.01439074867653,0.00807842493861699,239183.9636110229,4245.079370127636,0.9825613274482767,9908,2682,174435.5537193319,-0.0001931599865022804,0.10202522979030305,99.98068400134977,10000.828027793683,104.84914144142202,0
dodo-k200000000000000000,802,10000,285.31139196643284,-285.34353029020326,285.34353029020326,-0.03213832377042536,175490.03228394262,14973.300748827492,0.921384864422953,8847,2177,124601.72263880668,0.0049120320384064085,0.08534391550271976,100.49120320384064,9962.98737498759,87.95038740837605,0
dodo-k200000000000000000,803,10000,284.9692483921035,-284.8412807589266,284.8412807589266,0.1279676331769224,206513.95924379604,6674.82262099367,0.9686905541529524,11406,2439,138134.39128516387,0.0007156769815678388,0.06600102930692273,100.07156769815678,9989.500078293324,89.95941612798795,0
dodo-k200000000000000000,804,10000,94.78755900207831,-94.77830316284343,94.77830316284343,0.009255839234882046,88973.7265312083,3561.5656177961437,0.9615112727794585,7395,1204,56559.923739085265,-0.0008951900957033843,0.056672195980929416,99.91048099042966,10008.523746980522,97.2363674029311,0
dodo-k200000000000000000,805,10000,122.92258046068665,-122.98709098688227,122.98709098688227,-0.06451052619561892,124181.17235993179,4953.440293040979,0.9616412657205043,9889,1475,74361.77822217163,-0.00018021578785948122,0.04999711857635802,99.98197842121405,10004.515014615044,119.2981378612403,0
dodo-k200000000000000000,806,10000,94.85111789397835,-94.85615195701928,94.85615195701928,-0.005034063040923797,79842.9433951111,9584.558342767426,0.8928231454920793,6199,1111,51239.528838474915,-0.00034973673815358097,0.0654541054364428,99.96502632618464,9992.942743205596,75.48629317156421,0
dodo-k200000000000000000,807,10000,127.32237805995207,-127.3065984344867,127.3065984344867,0.015779625465370373,103621.38235085506,3561.620378432068,0.9667706605736016,6672,1390,70901.90165003129,0.0014700473673737236,0.05628071207851207,100.14700473673737,9989.649294011779,99.07495247045713,0
dodo-k200000000000000000,808,10000,199.49211565066742,-199.49927029350945,199.49927029350945,-0.0071546428420390384,102672.28184809719,1975.9244079603309,0.9811184111161393,4454,1290,78752.50480632999,0.0000036390253683293848,0.096759334930791,100.00036390253683,9999.795861605948,99.8784555894213,0
dodo-k200000000000000000,809,10000,524.0439959171895,-524.0337778964574,524.0337778964574,0.010218020732054356,211122.743513716,3221.21745604319,0.984971736822118,7390,2358,163431.24851192159,0.006195928096863241,0.13015224952393226,100.61959280968632,9946.207891784892,98.84999152418169,0
dodo-k200000000000000000,810,10000,258.6225722027714,-258.4763999831546,258.4763999831546,0.14617221961680116,161816.90749252148,19780.6339839123,0.8910743294039625,7380,1985,116055.34355221306,-0.002535830443860192,0.07637598066420623,99.74641695561398,10049.374976504585,110.90749740308672,0
dodo-k200000000000000000,811,10000,382.01931386066116,-382.29634155842655,382.29634155842655,-0.2770276977653907,246297.70726218386,3891.557156028776,0.9844455469938802,10170,2485,172499.2571628321,-0.003078869585119861,0.06803422962998582,99.69211304148801,10005.861168953441,186.54067034309261,0
dodo-k200000000000000000,812,10000,113.12053743204852,-113.12149045576669,113.12149045576669,-0.0009530237181678558,76484.18554605696,79.91014219480758,0.9989562974462575,4198,1010,54670.9641219541,-0.0004715236661017741,0.06564926054015999,99.95284763338982,10005.192980171498,99.1449253962304,0
dodo-k200000000000000000,813,10000,70.19833894398457,-70.21003810226837,70.21003810226837,-0.011699158283803968,58054.87420252475,5569.971172382879,0.9124560360098012,3744,776,39752.14891037963,0.0009969434728579075,0.05636802805193128,100.09969434728579,9990.47223126039,176.8947872540809,0
dodo-k200000000000000000,814,10000,76.65183384796322,-76.69438403315235,76.69438403315235,-0.04255018518912834,62293.181556481686,1605.667452823622,0.9748717312171022,4476,844,41541.0910853134,-0.00008898803312050063,0.04722176776585272,99.99110119668795,10006.34454306921,62.71693477351568,0
dodo-k200000000000000000,815,10000,128.99754329500024,-128.9168828023468,128.9168828023468,0.08066049265343622,80660.16143420104,5992.727889902853,0.9308421457536342,4543,1172,57886.66393421025,-0.0009187161774478625,0.07439720602409537,99.90812838225521,10001.4498526843,77.68030596446827,0
dodo-k200000000000000000,816,10000,355.02957107950647,-355.3190953047519,355.3190953047519,-0.28952422524542953,151021.53800585264,3483.917272855615,0.9774511698206961,6405,1879,115102.90647390332,0.00014849857483440588,0.12575575807341352,100.01484985748344,10014.991546407118,64.61531201975052,0
dodo-k200000000000000000,817,10000,72.43850989528464,-72.43915195813608,72.43915195813608,-0.000642062851440528,91865.14630168754,4165.0975073242535,0.9566272317749401,7185,1222,57247.39918744671,0.00020040905280978904,0.04262138164987348,100.02004090528098,9997.89729363177,129.80734167473219,0
dodo-k200000000000000000,818,10000,163.50858679504438,-163.53441569050494,163.53441569050494,-0.025828895460563217,144734.10931066592,4338.808095631553,0.9708947260768626,9690,1850,94399.70682272817,0.0008569168683011697,0.050350130560738365,100.08569168683012,9992.757289452165,98.4871648904089,0
dodo-k200000000000000000,819,10000,311.6266676962613,-311.6135300505769,311.6135300505769,0.013137645684366817,208077.3948858236,10719.04387782943,0.9510090569188455,9562,2515,145600.8467868309,-0.000501886505388427,0.0780083821711952,99.94981134946116,9999.454685081962,78.1946351444569,0
dodo-k200000000000000000,820,10000,266.34556858144015,-266.35582213922055,266.35582213922055,-0.010253557780401934,175846.3469791328,2276.0614503395545,0.9872219252456337,9704,2197,121167.22397388934,0.002240924309826511,0.09369056641614079,100.22409243098265,9979.109875094771,100.49189058316097,0
dodo-k200000000000000000,821,10000,462.8587676285277,-463.06854510107365,463.06854510107365,-0.2097774725459658,220162.49456325005,15888.59915030033,0.9326899998625668,8537,2516,161193.7188736353,-0.009145781710757177,0.14059882392744683,99.08542182892428,10069.85619671387,96.39702422755052,0
dodo-k200000000000000000,822,10000,126.3099089125971,-126.24114685479046,126.24114685479046,0.06876205780663724,89232.0199256338,2517.9962812709996,0.9725559036895134,6250,1240,60597.84769732451,0.00008366709162118014,0.07307911983443233,100.00836670916212,9998.155237970394,84.97408078309397,0
dodo-k200000000000000000,823,10000,326.44611872218826,-326.53029234050894,326.53029234050894,-0.08417361832067627,202369.28424305865,2888.1674523551833,0.9859290494522899,10956,2397,137172.97746284367,0.00017577762224490811,0.09712930793249414,100.01757776222449,10015.292090469815,97.60021019536488,0
dodo-k200000000000000000,824,10000,100.1950784064947,-100.18741341967655,100.18741341967655,0.007664986818156194,73535.04660145752,1771.5888127028556,0.9764749971505202,4940,1009,49389.52485993159,-0.0008529630870646088,0.07160005852015516,99.91470369129354,10004.186068470093,86.78164772720766,0
dodo-k200000000000000000,825,10000,223.3969913948852,-223.39767364080888,223.39767364080888,-0.000682245923684377,137601.67432201974,2451.851412432363,0.9824934688393266,6678,1707,99622.69029467332,-0.0006726618924437844,0.07545179027078731,99.93273381075562,10006.413636879262,102.54219046099887,0
dodo-k200000000000000000,826,10000,365.0123719218501,-365.1359776232227,365.1359776232227,-0.12360570137258264,178178.6719074747,3322.778628437816,0.98169282604284,7777,2099,132043.43426085016,0.0018136797322958387,0.13461994698569527,100.18136797322958,9992.221524475643,85.45788929678895,0
dodo-k200000000000000000,827,10000,231.57194563367707,-231.61753515134404,231.61753515134404,-0.045589517666968504,137716.1009146994,5337.228844051061,0.9626906353522009,5353,1572,103580.2478746298,-0.001185820453026878,0.07350190911267092,99.88141795469731,10006.138102594803,160.70313852432446,0
dodo-k200000000000000000,828,10000,198.45892930894613,-198.1648985494761,198.1648985494761,0.29403075947001867,134008.67676608497,7898.713463490707,0.944338956197332,8202,1739,89991.90181369336,0.000004715124632639345,0.10832305761585673,100.00047151246326,9997.635222731828,75.19124874910781,0
dodo-k200000000000000000,829,10000,177.9513939672101,-177.91179481502255,177.91179481502255,0.039599152187548725,132509.37526939972,1146.9289809490178,0.9914188186828754,7081,1659,92489.14639469552,0.00007798984557211953,0.05054150730701409,100.00779898455721,9994.331049652017,122.83687938068753,0
dodo-k200000000000000000,830,10000,104.32795959344062,-104.34490645598427,104.34490645598427,-0.016946862543647967,123050.70671762488,10371.653918308402,0.9222644999768118,9231,1476,74674.5941221257,0.0002639029693571615,0.03428494290738882,100.02639029693572,10001.721306338792,112.94110362518128,0
dodo-k200000000000000000,831,10000,370.2788774478395,-370.38070310259445,370.38070310259445,-0.1018256547549754,148307.7160794667,8609.91376696434,0.9451309978656285,5444,1856,116203.23563722923,0.0016057690988699846,0.1334011175420737,100.160576909887,10028.134053644375,51.688097046321765,0
dodo-k200000000000000000,832,10000,402.82923060175995,-402.84557544255404,402.84557544255404,-0.016344840794090487,261957.9780770126,24320.938657039434,0.9150446042813793,10540,2971,187500.07362520378,-0.0006135004541452815,0.04929159551183446,99.93864995458547,10003.834566239568,91.85844630659516,0
dodo-k200000000000000000,833,10000,319.25316954192215,-319.11243840638775,319.11243840638775,0.14073113553439498,167410.1458386019,24779.448857466985,0.8710676876307819,6685,1986,124159.20765086128,-0.000022897651790430017,0.11151508068042361,99.99771023482096,9998.734335175668,104.45568928617625,0
dodo-k200000000000000000,834,10000,398.44485963746524,-398.04161178771596,398.04161178771596,0.4032478497492775,207882.3673606869,5949.832599683682,0.9721752261783474,9936,2562,148606.28063950327,-0.021553627636748444,0.08713499351881737,97.84463723632516,10103.7194393579,46.10246177590722,0
dodo-k200000000000000000,835,10000,333.85487206337297,-333.9773585921982,333.9773585921982,-0.12248652882522038,137640.7389226112,3573.837479328608,0.9746921488532715,5987,1828,103208.4066022501,0.0021291240085047035,0.24053701290235976,100.21291240085047,9999.49764058866,34.93327604732511,0
dodo-k200000000000000000,836,10000,470.97120399385466,-470.9556135675017,470.9556135675017,0.01559042635295782,263874.6963219418,13916.60967506043,0.9499026449905865,11213,2936,188183.8744937278,0.0013298649371722604,0.07535937143315508,100.13298649371723,9988.415056825941,90.85752508151614,0
dodo-k200000000000000000,837,10000,170.03124123563282,-170.00312275591028,170.00312275591028,0.02811847972253645,114382.22250342098,3810.099745133536,0.967763559657276,6253,1478,81992.71646355673,-0.004908586510783976,0.049940113686782014,99.5091413489216,10042.832537995806,91.23673533614378,0
dodo-k200000000000000000,838,10000,83.80921788151136,-83.78908843462528,83.78908843462528,0.020129446886073765,65900.6926962677,2410.2078255865604,0.9647170831130314,4827,996,44363.807985359,-0.002231486551591928,0.06085154400618762,99.77685134484081,10007.391297493246,60.250967028008056,0
dodo-k200000000000000000,839,10000,160.95403666013377,-160.9729456937754,160.9729456937754,-0.01890903364162,81466.6746312855,2427.83603970873,0.9710608474822641,4135,1108,61334.2872517851,-0.0011082290813538974,0.09532514891546427,99.88917709186461,10013.419778318948,108.29122919939262,0
dodo-k200000000000000000,840,10000,87.06215058131002,-87.03548292457604,87.03548292457604,0.026667656733977196,84020.24829233719,2063.01482386226,0.9760346581997303,6700,1216,54391.23623499327,-0.0003579654982718239,0.06932984978006118,99.96420345017282,9997.6321035104,71.96154163648174,0
dodo-k200000000000000000,841,10000,195.21233066266336,-195.31501937530905,195.31501937530905,-0.10268871264568702,131767.72037870204,15500.560516222591,0.8947461026771801,5685,1689,97350.22599864504,0.001215532535644286,0.054030125887783956,100.12155325356443,10008.127033630712,100.83021057413497,0
dodo-k200000000000000000,842,10000,582.5958563415799,-582.2341856974058,582.2341856974058,0.3616706441740689,274004.62016678974,27081.35840176196,0.9100544019667922,11458,2869,193024.40585235166,0.0005422843414291379,0.15655178207452153,100.05422843414291,10003.366935309576,104.82636872516866,0
dodo-k200000000000000000,843,10000,148.45375368569637,-148.53891716257806,148.53891716257806,-0.08516347688168935,100139.69717046697,10430.847009457653,0.9056634197939356,5614,1304,69846.78384271514,-0.00013799378082339332,0.0879765740340747,99.98620062191766,9999.367700199042,90.99599602018608,0
dodo-k200000000000000000,844,10000,308.4718014623583,-308.5434508018034,308.5434508018034,-0.07164933944505947,205769.7385641709,16897.189801028053,0.9241145062489264,9108,2385,145011.3583722911,0.00021737061050629335,0.05869790101096726,100.02173706105063,10010.514667130552,130.21283471593298,0
dodo-k200000000000000000,845,10000,407.6472944682421,-407.47299996363506,407.47299996363506,0.174294504607019,224786.32969873492,4572.805260675569,0.9800626852665588,9544,2533,162492.96427234283,0.0005562710193886744,0.07528696844928731,100.05562710193887,9998.661899269251,86.84440521727163,0
dodo-k200000000000000000,846,10000,716.2832548562407,-715.7634757608076,715.7634757608076,0.519779095433023,292908.4500958957,10745.09789527471,0.9646139557190778,11417,3150,212274.98631296874,0.0021010818620646886,0.23167500305569702,100.21010818620647,9998.142771223414,86.26568770451667,0
dodo-k200000000000000000,847,10000,114.50206169899006,-114.56222440872651,114.56222440872651,-0.06016270973644566,111306.95438010851,6460.464169962465,0.945142177271928,9152,1514,69188.33381656127,-0.0004250684593586129,0.06895239838057705,99.95749315406414,10009.936067645122,101.68714168473659,0
dodo-k200000000000000000,848,10000,316.55468815371734,-316.5232983322748,316.5232983322748,0.031389821442530774,192245.6814033417,7526.868235876874,0.9623228103687413,9222,2343,136630.75739650702,-0.000026267094934837587,0.07855060388624197,99.99737329050652,9993.848240356825,86.78353724731187,0
dodo-k200000000000000000,849,10000,249.262215264651,-249.13842610739763,249.13842610739763,0.1237891572533556,128658.77012478447,8396.796625548453,0.9387343628234783,6437,1726,94949.88478762045,0.002330322355201275,0.14698747140293209,100.23303223552013,9998.677720770434,48.957746823523024,0
dodo-k200000000000000000,850,10000,60.68607267771337,-60.669092475590595,60.669092475590595,0.016980202122773846,63470.26736660638,3092.6353182490097,0.9535381542344809,5404,928,40894.63841153104,0.006647794507711211,0.03782473530771611,100.66477945077112,9960.713066661669,67.06723239911757,0
dodo-k200000000000000000,851,10000,372.84973382717095,-373.0111278925729,373.0111278925729,-0.16139406540196433,173065.35333431716,3275.9547437782626,0.9814226469142019,7940,2130,127237.88280836455,0.0020404393556799506,0.12780238367652585,100.204043935568,9990.08784851275,82.33778507966863,0
dodo-k200000000000000000,852,10000,276.040179837516,-276.227597367013,276.227597367013,-0.1874175294969973,153209.15910652388,16856.620807399,0.9008817598935492,6071,1733,111517.2227419406,0.0008715218968868044,0.10095567181347803,100.08715218968868,9987.37531389837,88.6748237802902,0
dodo-k200000000000000000,853,10000,82.28200710636233,-82.29707316963442,82.29707316963442,-0.015066063272087149,97122.50115390336,8106.2322352737665,0.9229656009894774,8256,1250,58379.995184245105,-0.0006545330312310682,0.03498756141285028,99.9345466968769,9999.6134645171,148.30004310935598,0
dodo-k200000000000000000,854,10000,243.98919441483883,-244.00675542126973,244.00675542126973,-0.01756100643089553,165678.41745501332,2677.539298087266,0.9840959633996559,9695,2046,112190.37831416784,-0.0012817735500088646,0.08009898442781078,99.87182264499911,10013.06573864887,91.36150052574122,0
dodo-k200000000000000000,855,10000,369.78228503234715,-369.77222410196174,369.77222410196174,0.010060930385407119,254689.90245503138,18341.706807772585,0.9328220389672246,10458,2634,177169.22149842835,0.0006606335523508733,0.062323145738380534,100.06606335523509,9981.404721245348,198.6265803228232,0
dodo-k200000000000000000,856,10000,271.8762238367045,-272.00065456418946,272.00065456418946,-0.12443072748493478,121048.97067790969,9700.081203424272,0.9258114604744673,4742,1599,94907.22895950166,0.0017409027035596126,0.1276126671045789,100.17409027035596,9989.470651084426,67.00186336323387,0
dodo-k200000000000000000,857,10000,267.3654034694908,-268.20357625441676,268.20357625441676,-0.8381727849259732,109952.42658652648,9679.499034951707,0.9190893318429216,5288,1516,81545.0738174043,0.011074394788696651,0.21661636514125007,101.10743947886967,9980.480661069265,60.32203024469303,0
dodo-k200000000000000000,858,10000,156.01401164561244,-156.03862738787308,156.03862738787308,-0.024615742260635898,119278.66091086138,5831.662122141686,0.9533878421798708,7879,1582,79030.40385273745,0.000050340726522648536,0.09486563682672752,100.00503407265226,9994.020057194812,77.63671165355022,0
dodo-k200000000000000000,859,10000,475.3820982018142,-475.0837982212477,475.0837982212477,0.298299980566469,264651.7008282217,17595.280464656673,0.9376599870650215,10237,2878,192079.40489039305,0.01118064512987985,0.059989510758645254,101.11806451298798,9901.992791313767,80.30670692604882,0
dodo-k200000000000000000,860,10000,156.2485882789286,-156.39584578730722,156.39584578730722,-0.1472575083786296,133932.69753917557,10328.523461271248,0.9284040202235688,8841,1566,82940.49699162148,-0.00002291667150771559,0.0863326276309202,99.99770833284923,10029.066097099418,197.45107031287412,0
dodo-k200000000000000000,861,10000,182.1501091368273,-182.128207761229,182.128207761229,0.021901375598304185,110572.13365484356,1064.3879142112723,0.9904655940614123,5399,1455,81458.11809389469,-0.0017393665109166534,0.06284859338393246,99.82606334890833,10014.490933192896,101.3932377875106,0
dodo-k200000000000000000,862,10000,369.05170672248187,-369.2027817438693,369.2027817438693,-0.15107502138744167,214534.52753849095,12156.8523886691,0.9463726746355539,9770,2417,151977.6001843837,-0.000455618278646881,0.08818824946819091,99.95443817213531,9993.764362586817,57.60465136755883,0
dodo-k200000000000000000,863,10000,192.7618726583092,-192.76422010555925,192.76422010555925,-0.002347447250059531,134705.13407234213,7038.240566538317,0.9503451883767432,6853,1620,94628.27938489748,-0.00011732495621075145,0.08500844848923805,99.98826750437892,10003.836049972992,145.07392197208722,0
dodo-k200000000000000000,864,10000,106.8258016853177,-106.03756653767476,106.03756653767476,0.7882351476429363,108000.90021982716,6006.957352189468,0.9473110232915746,8752,1499,66614.769199986,-0.026735369196063487,0.062138319876237205,97.32646308039365,10116.586895996355,46.03179362892335,0
dodo-k200000000000000000,865,10000,136.14205034362237,-136.1551750204087,136.1551750204087,-0.013124676786333112,102229.37889075254,6080.819488836374,0.9438573691137998,5565,1296,71032.35406799866,0.00004446108162312612,0.048017442848690736,100.00444610816231,10021.267501652046,122.21216496178592,0
dodo-k200000000000000000,866,10000,73.19930567249817,-73.13684567974829,73.13684567974829,0.062459992749879234,73244.9136973479,4989.197804493816,0.9362273347428971,5423,980,47073.74427317462,0.0012774137227829386,0.04628378903033678,100.1277413722783,9973.585524019414,108.47222454667182,0
dodo-k200000000000000000,867,10000,348.6279288804687,-348.7162921638481,348.7162921638481,-0.08836328337940813,186267.56462180463,3632.5065408063556,0.9808714840464917,7732,2151,135627.58776338535,0.0013709292112761772,0.08352354284159105,100.13709292112762,9998.565712621174,94.5777182947253,0
dodo-k200000000000000000,868,10000,106.76925890599996,-106.7675989105099,106.7675989105099,0.0016599954900584635,89418.31236006063,2817.1814747270364,0.9694566445345522,5252,1213,62343.58123782836,-0.0002322713258806175,0.042601778343717596,99.97677286741194,10002.227600759648,99.10295489690044,0
dodo-k200000000000000000,869,10000,114.33643430243092,-114.3995660711542,114.3995660711542,-0.06313176872328086,81698.88881808905,2790.7095140289052,0.9669697859959167,5154,1144,56917.15031264517,-0.0034553548435096106,0.05868911441046066,99.65446451564904,10032.948860615623,80.18677816515901,0
dodo-k200000000000000000,870,10000,117.80547386314888,-117.73128021190848,117.73128021190848,0.07419365124039246,76185.47252652275,1588.1818179862926,0.9795794368752274,4051,991,56180.21775611991,0.0037714477729323902,0.05415051414383512,100.37714477729324,9954.888908352597,105.06790297340291,0
dodo-k200000000000000000,871,10000,86.44155439675382,-86.3400102129255,86.3400102129255,0.10154418382830954,72525.49898447662,8449.373520730669,0.8956543769774097,4341,936,49530.34458653743,-0.0000627233623154666,0.0399089102182981,99.99372766376845,10000.080329429322,162.52717894192187,0
dodo-k200000000000000000,872,10000,331.62193687143446,-331.451153725814,331.451153725814,0.1707831456204758,158361.1752002849,4299.197541225118,0.9735694842648791,7389,2067,117155.38067215605,0.007198522714172242,0.17710093777096247,100.71985227141722,9974.224476179465,46.93697407140254,0
dodo-k200000000000000000,873,10000,399.63658055103724,-399.63731351630304,399.63731351630304,-0.0007329652657972474,200808.62161561873,2128.0395624971356,0.9895137746420821,8081,2342,151766.70901089566,-0.0007880063215131372,0.0735885940589283,99.92119936784869,10008.491274506741,98.61261982968234,0
dodo-k200000000000000000,874,10000,181.0524708110384,-181.000213917088,181.000213917088,0.052256893950413996,106968.90316261433,4866.576973388464,0.956484498770245,5233,1396,79043.33673458803,-0.0010538936609253823,0.07667226204127843,99.89461063390746,10017.21451763582,103.32487417824419,0
dodo-k200000000000000000,875,10000,390.7134160957788,-390.5213196469266,390.5213196469266,0.19209644885222588,196561.53888686956,13171.240341169543,0.9371998960312795,8300,2361,143664.6984967518,-0.0006054133452475696,0.09427804378466063,99.93945866547524,9995.70752780151,86.56645037972162,0
dodo-k200000000000000000,876,10000,407.1323657578637,-406.9877986395052,406.9877986395052,0.1445671183585091,233404.91042438278,8297.49586700673,0.9656706112515755,10756,2718,165803.56223976094,0.0015046633671691723,0.06703921733848034,100.15046633671692,9976.510777481106,85.52460096449374,0
dodo-k200000000000000000,877,10000,294.1596255156054,-294.3399314193208,294.3399314193208,-0.1803059037154071,137876.10728141438,7416.112534337942,0.9489572632055423,5644,1748,104819.58691080745,0.0000751421808952557,0.08982769630628894,100.00751421808953,10003.010979782734,70.11026216843064,0
dodo-k200000000000000000,878,10000,261.7207657691722,-261.9417095653075,261.9417095653075,-0.220943796135316,140066.14843968098,5048.8957646750605,0.9652076337614932,5756,1748,106495.1475698014,0.0014928381068180841,0.07183566144380307,100.14928381068181,9995.967870726461,99.63650055586174,0
dodo-k200000000000000000,879,10000,457.2082564740698,-457.3328593438639,457.3328593438639,-0.12460286979410284,274857.15623240214,19781.083046884098,0.9328631507734008,10712,2993,198097.6493293681,-0.00041305923414853397,0.070499060839076,99.95869407658515,10011.566662494119,106.96298308753185,0
dodo-k200000000000000000,880,10000,164.99833299282747,-165.00340182398332,165.00340182398332,-0.005068831155853104,128980.83657106727,3169.8774647889422,0.9760131643032298,7317,1673,89263.09501565924,-0.00003193309948699152,0.06606199036911875,99.9968066900513,9999.172991120042,105.03268926818903,0
dodo-k200000000000000000,881,10000,519.989168359417,-519.9903471131882,519.9903471131882,-0.0011787537712280027,227424.76025452328,3840.4022303408797,0.983393944037757,8501,2646,172107.73444263535,0.00288021362114165,0.14754347563100254,100.28802136211416,9975.097852009136,79.91864952698177,0
dodo-k200000000000000000,882,10000,131.6894854358494,-131.77998212647572,131.77998212647572,-0.09049669062630983,118120.86284769459,5643.639570210725,0.954400175656552,7807,1577,77744.10051524897,0.0020703007470000046,0.05307617552642114,100.2070300747,9985.654458532394,92.96718688283305,0
dodo-k200000000000000000,883,10000,136.82588240649213,-136.86206737356696,136.86206737356696,-0.03618496707483132,110499.88299853349,3838.488322053856,0.9664286951290278,8462,1530,71991.99801748423,-0.00024656842159629375,0.10156756006679032,99.97534315784037,10006.581526189102,57.866316955603345,0
dodo-k200000000000000000,884,10000,191.41623314702449,-191.41887783580395,191.41887783580395,-0.0026446887794691065,126812.67594936081,2160.1434982860437,0.9832511725529666,6516,1574,91238.01251876619,-0.0019638182566913544,0.05953343097793251,99.80361817433086,10041.391399147726,171.72152903121366,0
dodo-k200000000000000000,885,10000,133.27809067693536,-133.2776880885226,133.2776880885226,0.00040258841275431223,102001.7577955491,5964.213167065135,0.9447583982815254,5717,1376,72725.81353564237,0.0006852594305193805,0.04011761319839593,100.06852594305194,9994.30219059622,95.93368572207761,0
dodo-k200000000000000000,886,10000,484.702469430078,-484.7180653436917,484.7180653436917,-0.01559591361370849,261574.41651328022,7530.756491867461,0.9720155639976368,10812,2928,189162.71808266867,-0.003844316992236543,0.10312749857608836,99.61556830077635,10047.200317134502,98.39244390078188,0
dodo-k200000000000000000,887,10000,82.8750580990741,-82.95555090034924,82.95555090034924,-0.0804928012751418,75024.32678278435,2735.55393064054,0.9648204973368965,5338,1023,49720.27311569725,-0.00010645471629629811,0.055950774228156204,99.98935452837037,10001.994653672306,150.83631635609953,0
dodo-k200000000000000000,888,10000,162.33041670446983,-162.2791148939416,162.2791148939416,0.05130181052822991,151346.64165973561,1955.14480329781,0.9872464317056783,11025,1920,96246.86006374806,0.0027212985314072568,0.05949549693740352,100.27212985314073,9967.979141283156,101.32791616145774,0
dodo-k200000000000000000,889,10000,232.13191056528336,-232.12159405352202,232.12159405352202,0.010316511761345737,159895.5547460852,11583.37543277085,0.9324501533763411,7703,1979,114358.40333831067,0.001318071934622651,0.05285166947825644,100.13180719346227,9986.544040206563,96.7181977662013,0
dodo-k200000000000000000,890,10000,174.62530531061114,-174.63762568763508,174.63762568763508,-0.012320377023939955,95319.35470816461,2741.235680262366,0.9720454907582742,4483,1261,72247.68882086794,-0.0007342381240751194,0.07263993057131984,99.92657618759249,10005.568643338715,101.83985582112363,0
dodo-k200000000000000000,891,10000,112.11447719291309,-112.13025761247759,112.13025761247759,-0.015780419564507042,106898.68416473178,3796.934004110824,0.9656993287817462,8150,1342,67331.5815036198,0.005151837840091247,0.04354579620979564,100.51518378400912,9965.393076015942,97.39477003811395,0
dodo-k200000000000000000,892,10000,101.07718106771321,-101.01810006372762,101.01810006372762,0.05908100398559668,85033.06079889493,6098.372389306146,0.9330815704751179,4833,1135,59046.65365181131,-0.008814695826008573,0.03807844227544337,99.11853041739914,10088.618540948233,87.98773448184434,0
dodo-k200000000000000000,893,10000,483.7987320884702,-483.9565946770833,483.9565946770833,-0.1578625886130567,271029.9267383012,11391.813616503383,0.9596638219062317,10669,2861,193277.24112516892,-0.0011842539223331982,0.13687388441034543,99.88157460776668,10026.85468553724,162.11446641430615,0
dodo-k200000000000000000,894,10000,467.88543219566816,-467.81154291173976,467.81154291173976,0.07388928392839489,224284.8586102923,12632.538363247124,0.946679566276604,8971,2558,163458.23901838023,0.00012559746889124313,0.19493041318665263,100.01255974688912,9998.408665701769,103.80107120402114,0
dodo-k200000000000000000,895,10000,254.13120267725748,-254.2226934842585,254.2226934842585,-0.09149080700103696,208387.17388031672,17325.97795053536,0.9232389525820838,10875,2287,137577.05034075145,-0.0006366826377588097,0.06754096113217002,99.93633173622412,10003.220312854872,152.32987369519603,0
dodo-k200000000000000000,896,10000,110.59790540272988,-110.60536647652872,110.60536647652872,-0.007461073798836537,100908.2058109328,6758.681584147288,0.9372259963330553,7323,1436,65860.07151276256,0.0006908920209126279,0.06727676627341495,100.06908920209126,10005.871514491027,74.75278526739645,0
dodo-k200000000000000000,897,10000,198.2523452973424,-198.3115412141047,198.3115412141047,-0.059195916762291745,127854.71025078527,8102.219043360845,0.9404059867678278,7960,1741,86492.65338380032,0.0011902986699827522,0.12370170888571963,100.11902986699828,9996.938618763257,61.66054881566218,0
dodo-k200000000000000000,898,10000,169.28686376771603,-169.3389737081734,169.3389737081734,-0.052109940457370385,137826.48787586662,11422.692876768038,0.9234656242723369,10007,1851,87692.19152613389,0.00018858211108721434,0.059972067472344154,100.01885821110872,9992.713090957997,61.72752126679433,0
dodo-k200000000000000000,899,10000,355.8609757444494,-355.7333423554639,355.7333423554639,0.12763338898548682,177578.40708882807,20152.319188732083,0.8980820049158991,8456,2468,129007.28860312958,-0.0037562893343225314,0.1347709261369934,99.62437106656775,9993.074564520022,48.27563102318908,0
dodo-k200000000000000000,900,10000,213.35633824660957,-213.32029675684402,213.32029675684402,0.03604148976555166,170788.5454121347,4695.271274196802,0.9732438502714507,11507,2119,111467.70477069629,-0.0014383464888413754,0.08669117763287602,99.85616535111586,10009.10367604828,95.15456377734994,0
dodo-k200000000000000000,901,10000,262.15328914684403,-262.05420803741913,262.05420803741913,0.09908110942490111,173453.51008543727,19927.1284668096,0.896953859414288,9917,2282,116019.54808549158,0.0010870039866918545,0.08086192224481464,100.10870039866919,9965.56143032382,51.95977984924389,0
dodo-k200000000000000000,902,10000,451.6792044356253,-451.29947302610793,451.29947302610793,0.37973140951737605,209222.6319390465,19300.434111190014,0.9155427307852276,9652,2603,150743.69630273533,0.0011905074388306501,0.25469884873355414,100.11905074388307,9986.520664635362,42.07959173122799,0
dodo-k200000000000000000,903,10000,295.8336816115504,-295.8150932762418,295.8150932762418,0.01858833530860693,232277.15841941827,20898.480589927683,0.9174546150186423,11740,2513,153606.08840376823,0.0010335381313313974,0.04980039355016799,100.10335381313314,9985.994082654068,79.3553036882172,0
dodo-k200000000000000000,904,10000,322.6407370180661,-322.62846079263676,322.62846079263676,0.012276225429332044,213099.90993826132,1576.0373684394528,0.9926585284089241,10065,2462,148865.70904526833,-0.001645292980851849,0.0734200461091885,99.83547070191482,10015.368149407255,103.56459739764196,0
dodo-k200000000000000000,905,10000,325.18931583986074,-325.1958470224512,325.1958470224512,-0.006531182590435947,195398.77455519303,8191.630687795376,0.9597641613905207,8515,2328,140859.36556920048,0.0008718689155857362,0.05254974640333657,100.08718689155857,9993.005504260493,95.28967750177506,0
dodo-k200000000000000000,906,10000,83.85230985636628,-83.82784833145443,83.82784833145443,0.024461524911842503,98605.07121254223,3668.4980031670852,0.9641305370361163,7348,1209,60947.734546144675,0.0005072826082626136,0.042627215921707776,100.05072826082626,9990.709374690068,176.99047483532598,0
dodo-k200000000000000000,907,10000,109.94733891239785,-110.03797127535995,110.03797127535995,-0.09063236296209709,92945.27403890452,8978.486987631473,0.9119097755302229,5379,1334,65253.5435036329,-0.0006754352723075386,0.04772126694785797,99.93245647276925,9998.845064504485,116.46277568617353,0
dodo-k200000000000000000,908,10000,231.35295491101056,-231.27037132717822,231.27037132717822,0.08258358383233144,156127.986893015,6295.83891346926,0.9612382057730233,8427,1931,109557.68049822908,-0.0006587017322640065,0.06613650559887688,99.9341298267736,10001.079886491607,80.53688170807973,0
dodo-k200000000000000000,909,10000,288.165315825872,-284.7809538094528,284.7809538094528,3.3843620164192316,155237.46553886254,4385.051650045224,0.9725286148391228,6782,1940,115286.76199047772,0.062269341286290684,0.08882880553285602,106.22693412862907,9593.810514581786,63.95569969304597,0
dodo-k200000000000000000,910,10000,324.6111605791384,-324.5752440236172,324.5752440236172,0.035916555521225746,231126.43601222936,22069.96661335203,0.912834596445715,10587,2466,157962.4032829682,-0.0037572076111199236,0.09408728110532394,99.62427923888801,10051.34271010247,185.42967231080868,0
dodo-k200000000000000000,911,10000,206.4680933593167,-206.23364655908912,206.23364655908912,0.23444680022757325,172158.63620860857,11000.312405209124,0.93994116864908,11805,2129,108952.80466496381,-0.0021113607117932533,0.05959885060933431,99.78886392882067,10004.497985005712,52.93232788898077,0
dodo-k200000000000000000,912,10000,321.7296347577677,-321.84984174204874,321.84984174204874,-0.12020698428102605,210527.1749090227,3127.4617235800615,0.9853620694927487,9066,2357,150147.53193006135,0.00668493628235467,0.0647389880571069,100.66849362823547,9952.531058982511,134.0828478532055,0
dodo-k200000000000000000,913,10000,196.1614779811985,-196.22095648292063,196.22095648292063,-0.059478501722139754,161680.9512614704,12405.680020197275,0.9287384681473605,9617,2017,107387.75496309875,0.00380107175059365,0.06720787410923933,100.38010717505936,9986.249383267175,74.17759602197118,0
dodo-k200000000000000000,914,10000,134.0057643839229,-133.9019224857751,133.9019224857751,0.10384189814780598,111099.14632252147,10826.473041511066,0.9112042809543863,7090,1501,73263.82379281099,0.000356775067903925,0.05596210585713066,100.03567750679039,9991.659398841937,80.71806694001118,0
dodo-k200000000000000000,915,10000,278.27067880944884,-278.23255343526006,278.23255343526006,0.03812537418878037,172618.5459219423,11231.83010668822,0.9389077664712575,8747,2106,121077.64694072207,-0.0014591773656242423,0.08002625223611502,99.85408226343758,10012.38729372886,91.80961420802007,0
dodo-k200000000000000000,916,10000,156.40456586092296,-156.5971587579593,156.5971587579593,-0.19259289703634863,94314.37227978153,5499.641746935502,0.9449011063169603,7339,1445,62236.843000314504,0.0045422395078624335,0.1556234589062096,100.45422395078624,10013.035529191671,31.36505247600264,0
dodo-k200000000000000000,917,10000,435.2712899205768,-435.21605404371746,435.21605404371746,0.05523587685934217,262997.4794220588,7136.3430463452,0.9735821935175114,11465,2804,180740.20305106582,0.0007668855779290596,0.07016864534063444,100.0766885577929,10004.878936356401,177.4678224861306,0
dodo-k200000000000000000,918,10000,225.71707402312052,-225.88267068512238,225.88267068512238,-0.1655966620018603,102901.75521357988,3201.829954131018,0.9698235460274967,5286,1385,76401.59663733291,-0.0004516797370806103,0.1721011113771806,99.95483202629194,10004.384548113201,114.53240818853689,0
dodo-k200000000000000000,919,10000,273.0649934965467,-272.9575545249289,272.9575545249289,0.10743897161779614,182431.32523346908,3094.2348676255892,0.9833217866802855,8881,1962,124953.1156523555,0.0001091823790881108,0.07545505877277989,100.01091823790881,9981.568012379868,224.58719251823345,0
dodo-k200000000000000000,920,10000,130.4363312664639,-130.3510852555718,130.3510852555718,0.08524601089209227,93908.8378581381,2334.854555379322,0.9757401810256047,5949,1298,65436.98690653145,0.000015692710858843386,0.07380715181260583,100.00156927108588,10011.081231816554,76.11630482573209,0
dodo-k200000000000000000,921,10000,57.09582063502428,-57.086447525992085,57.086447525992085,0.00937310903219668,89030.13632559509,7692.860327113885,0.9204650332047127,7613,1008,50092.69990761703,0.0015579599954362777,0.026573170031884672,100.15579599954363,9981.692261003143,157.45369450939688,0
dodo-k200000000000000000,922,10000,255.35391694416074,-255.36485777947968,255.36485777947968,-0.01094083531893375,136159.28296594927,4221.865005260146,0.9699256982417183,5388,1657,104000.99252794491,0.0012033691297726535,0.07617689329673424,100.12033691297727,9993.257324848759,94.81008829113199,0
dodo-k200000000000000000,923,10000,276.7208805840668,-276.6599089984736,276.6599089984736,0.0609715855931654,175302.80247009068,2701.3396048608215,0.984824287944247,8525,2138,125614.60208757344,-0.00048426278427669443,0.0932557821040821,99.95157372157233,9995.839985298577,110.38617493415198,0
dodo-k200000000000000000,924,10000,100.94417121110332,-101.02487056050134,101.02487056050134,-0.08069934939801726,72071.3632483731,6859.154237346262,0.9130988310245494,4402,969,49533.96628146915,0.000007178492279962256,0.09680605292868265,100.000717849228,10007.34156148841,116.5546764444914,0
dodo-k200000000000000000,925,10000,252.17220282465743,-252.35642528583153,252.35642528583153,-0.18422246117410168,118459.34213137392,2530.5157702688452,0.9790848934434984,4922,1341,89272.75029322333,-0.0019756231062292785,0.08674853162764577,99.80243768937707,10010.623131507029,91.18801028239726,0
dodo-k200000000000000000,926,10000,134.13316664844075,-133.92725112587266,133.92725112587266,0.2059155225680911,103068.81415167413,6549.469042006504,0.9402520377879439,5813,1350,71608.81967295494,0.0014024997447313582,0.06709821510018771,100.14024997447314,9964.482144128933,103.07168258716703,0
dodo-k200000000000000000,927,10000,235.44556752350533,-235.56257667572194,235.56257667572194,-0.11700915221661035,137626.61921314392,9201.610890208365,0.9373307783950582,5565,1702,104316.5129100795,-0.0005624360666959661,0.05583087826227981,99.9437563933304,10017.809773188505,104.82748780615688,0
dodo-k200000000000000000,928,10000,209.77277858508984,-209.77807365114165,209.77807365114165,-0.005295066051814956,104794.33378531682,1842.6445514717102,0.982720397931268,4504,1368,79877.13857474348,-0.002194496517861495,0.15197105019318954,99.78055034821385,10016.489066126089,83.2080907777807,0
dodo-k200000000000000000,929,10000,149.74518132014245,-149.8303067242308,149.8303067242308,-0.08512540408835889,107731.94056835798,10841.519288566858,0.9085670663431038,5119,1280,77284.80135507516,0.0003426178415197967,0.054392407472451935,100.03426178415198,9997.45373084336,127.89647149898721,0
dodo-k200000000000000000,930,10000,156.89373208996278,-156.88132487943088,156.88132487943088,0.012407210531904411,145172.80468534492,8335.421676537495,0.9457004886703111,9776,1823,94420.71535045044,0.00045903411719152134,0.04003637671881364,100.04590341171915,9988.936864697256,110.88951471751186,0
dodo-k200000000000000000,931,10000,188.62537352293788,-188.70066653035417,188.70066653035417,-0.07529300741629186,91291.93261151944,6246.62145570619,0.9359574117594476,4071,1166,69436.03508527328,-0.000047656706060479335,0.08505919881809348,99.99523432939395,10013.944049858765,107.36776649630849,0
dodo-k200000000000000000,932,10000,219.93943669466486,-219.93187860745772,219.93187860745772,0.007558087207144126,181296.89536134162,824.0832327708295,0.9954750779447137,11000,2238,120697.38321411615,0.0012308836932258772,0.07444114631572944,100.12308836932259,9987.825624164116,101.02862854195298,0
dodo-k200000000000000000,933,10000,375.6863289793845,-375.6529244555339,375.6529244555339,0.03340452385060644,237289.43928902716,5490.14925991963,0.9773862815538434,10058,2466,167044.53060020675,0.000976488900043222,0.08330745421194606,100.09764889000432,9985.750023860228,118.56551349852177,0
dodo-k200000000000000000,934,10000,242.8261412047651,-241.50845470233358,241.50845470233358,1.3176865024315134,146212.64552073786,10314.41520153235,0.9341045877055503,7990,1859,99837.8166841321,-0.0011096712261404206,0.21943916678345132,99.88903287738596,9986.833918759918,73.91346420600289,0
dodo-k200000000000000000,935,10000,273.6737498495853,-273.8962163005383,273.8962163005383,-0.222466450952993,127872.30871021979,2651.6749963154084,0.9796843850377925,6414,1756,94490.76133425305,0.002388094241955514,0.1145365323943689,100.23880942419555,10004.232592083094,60.009998089698215,0
dodo-k200000000000000000,936,10000,45.28857374415815,-45.27714955704326,45.27714955704326,0.011424187114890572,52404.97426329423,5984.019580079409,0.8975145967383626,4155,762,33604.251480839506,-0.0025302951977906217,0.0354921168152886,99.74697048022094,10026.891846963668,105.05855312620623,0
dodo-k200000000000000000,937,10000,455.0314111640197,-454.8153767074259,454.8153767074259,0.21603445659377485,217221.93117239198,6217.541570229246,0.9721734862067491,8196,2310,159498.04568088506,-0.0014332392610043598,0.1286040254657847,99.85667607389956,10014.876053601318,150.2718954070977,0
dodo-k200000000000000000,938,10000,173.29369536970523,-173.25814969472523,173.25814969472523,0.03554567497999983,150172.73059261104,5269.614026788654,0.9660992373751741,9594,1836,97586.81852697363,-0.0006177319162806327,0.049471455125295306,99.93822680837194,9997.571218019,126.17586885449033,0
dodo-k200000000000000000,939,10000,191.60731566547236,-191.60580111043515,191.60580111043515,0.0015145550372039907,154475.87323719866,4417.590089339663,0.9721977858820965,9573,1940,103028.87802397383,-0.0014539772101559833,0.06072468530324968,99.8546022789844,10013.512991515581,101.06099073645629,0
dodo-k200000000000000000,940,10000,196.12794332162903,-196.22910288360734,196.22910288360734,-0.10115956197830656,114852.61089088855,5609.546840135737,0.953433120028772,5830,1455,83041.39762847045,-0.0008847222847853686,0.06937794452508057,99.91152777152146,10003.134038141283,120.78313631376483,0
dodo-k200000000000000000,941,10000,370.8090568103394,-370.8995755374053,370.8995755374053,-0.09051872706589847,222225.1080541841,6161.771004040525,0.9730204684724044,8508,2409,164457.3480509083,0.0003523747415228229,0.04872088380552341,100.03523747415228,10006.259679363386,169.26597924815883,0
dodo-k200000000000000000,942,10000,388.69598441202834,-388.8475695310455,388.8475695310455,-0.1515851190171702,171262.48401864906,5111.314336910904,0.9710199905849577,9452,2404,122474.0125804969,0.006999274988052235,0.15681075751330353,100.69992749880522,9988.115153629222,25.402786763145137,0
dodo-k200000000000000000,943,10000,355.05627104841335,-354.972243881107,354.972243881107,0.08402716730637394,217493.2030339969,10015.448922813897,0.9559777228836326,11472,2689,148147.03991005642,-0.0008987077907323737,0.1743052457041553,99.91012922092676,10004.672525858445,78.19488420272818,0
dodo-k200000000000000000,944,10000,174.5039361931924,-174.52106955103528,174.52106955103528,-0.01713335784288006,123857.94905106303,3264.750262721473,0.9743181172178944,6204,1611,88033.87480054115,-0.0008467834590693712,0.062024420636816305,99.91532165409306,9996.27938721899,79.20098667178127,0
dodo-k200000000000000000,945,10000,62.73845868867692,-62.66385089692923,62.66385089692923,0.07460779174768817,65820.8858122582,2594.879768089327,0.9620719033679174,4215,861,44464.732736971004,-0.00015656274642367407,0.030437146229492385,99.98434372535763,10000.756940525358,173.7740876760304,0
dodo-k200000000000000000,946,10000,148.46853580481107,-148.608532984595,148.608532984595,-0.13999717978393278,82399.75323372931,1782.352489337852,0.978827418558509,4205,1126,61525.54493025714,0.0030870499396480964,0.09510071488101048,100.30870499396481,10006.37193054295,52.164583536131765,0
dodo-k200000000000000000,947,10000,200.86549677543385,-200.93034435178075,200.93034435178075,-0.06484757634689231,118104.60578894863,2421.9856859100546,0.9799049682209318,5637,1555,87068.36668601765,0.0012470833180029217,0.0685412678578031,100.12470833180029,9998.430623544922,128.16906905538224,0
dodo-k200000000000000000,948,10000,146.21922903440674,-146.22068675576762,146.22068675576762,-0.0014577213608788497,84629.38974376868,3752.720637728262,0.9575398163550313,3963,1181,63914.284178319445,0.0029251828466986753,0.10065775077319288,100.29251828466987,9981.46349062315,83.92570193792658,0
dodo-k200000000000000000,949,10000,617.9172897075197,-617.9192461517484,617.9192461517484,-0.0019564442287673955,237743.33535493488,15890.664898109408,0.9373480492274076,9168,2800,175818.54524277258,-0.004391266133816316,0.13942645277543506,99.56087338661837,10013.979990410986,70.36953262042883,0
dodo-k200000000000000000,950,10000,72.61950344269424,-72.61088619507126,72.61088619507126,0.008617247622979107,72711.3756348804,1013.8483846517934,0.9862482834316897,5939,1000,45945.617430069375,-0.0019743201474801708,0.04524442703667859,99.80256798525198,10019.359558473338,98.44005129273961,0
dodo-k200000000000000000,951,10000,211.8162557782588,-211.37805414206832,211.37805414206832,0.4382016361904846,148937.59135623337,2963.8493684446603,0.9804883393185411,8633,1780,100041.93254928886,-0.0018148695984207563,0.09838056597717809,99.81851304015792,9983.601207998805,148.9629282748829,0
dodo-k200000000000000000,952,10000,231.63933927467798,-231.63560328854334,231.63560328854334,0.003735986134643099,188055.51502560003,2087.086320419978,0.9890235733305136,11809,2300,122120.204201863,0.001164668538827982,0.06803238326865284,100.1164668538828,9987.759849058108,98.64640832164508,0
dodo-k200000000000000000,953,10000,160.40812908124306,-160.41163327469755,160.41163327469755,-0.0035041934544892683,149425.23028686506,9982.837471544846,0.9373755819769781,10526,1861,92608.50976402948,-0.00003499069116386977,0.06460029890987058,99.99650093088361,10001.80869472616,119.56303624451994,0
dodo-k200000000000000000,954,10000,130.93110679899607,-130.94388125788555,130.94388125788555,-0.012774458889481366,118310.86227834977,8493.77029494936,0.9330168770447755,8306,1589,74915.62324250299,-0.0020284718936603953,0.0503518920297519,99.79715281063396,10026.427826337545,73.36659174298256,0
dodo-k200000000000000000,955,10000,200.87777806591302,-200.7938374945394,200.7938374945394,0.0839405713736312,148420.97976404594,16114.225888009576,0.9020621402930233,9002,2012,99519.48158826065,-0.0005715040760652812,0.056767832457916396,99.94284959239347,9993.284883240653,44.53245722914996,0
dodo-k200000000000000000,956,10000,602.2258343790572,-602.1611056621088,602.1611056621088,0.06472871694847981,302915.7486814942,14125.949446900775,0.9554445061003299,11841,3115,217291.1214464145,-0.002604187518691248,0.13392269319200395,99.73958124813088,10025.390516830314,107.41825791751016,0
dodo-k200000000000000000,957,10000,316.080575592445,-316.09119808034757,316.09119808034757,-0.010622487902594457,184056.97327575408,5487.977023807896,0.9710465669745643,11108,2306,123174.09669738785,-0.002337300839915741,0.15931705171375923,99.76626991600843,10010.68552495228,79.42004567793134,0
dodo-k200000000000000000,958,10000,267.3316682595962,-267.2747108361365,267.2747108361365,0.05695742345972121,142587.66447999357,3666.369869933537,0.9749314958303208,6467,1714,104536.25703177109,-0.001280398265048177,0.11175359968072981,99.87196017349518,10016.23524895549,103.19117791931505,0
dodo-k200000000000000000,959,10000,225.953572156747,-225.97932402297596,225.97932402297596,-0.02575186622897263,163952.52681088183,5817.196886682549,0.9657347802659703,10336,2045,108610.70349903652,0.0010719475949549917,0.06479236702299986,100.1071947594955,9981.073988698623,63.97954373227681,0
dodo-k200000000000000000,960,10000,243.71166042628207,-243.58851953006246,243.58851953006246,0.12314089621960989,179655.80753412453,7218.048439105737,0.9613747551709977,10016,2195,122394.87717398038,-0.006208702637936909,0.051365510099660415,99.37912973620631,10040.371529641776,80.69917607259077,0
dodo-k200000000000000000,961,10000,42.149499398629224,-42.16796615465602,42.16796615465602,-0.018466756026796816,60543.29487518777,4493.257205156784,0.93091181710239,5175,844,36755.261809463955,0.001854113358569407,0.035095474408555705,100.18541133585694,9992.489777660148,108.08405333850828,0
dodo-k200000000000000000,962,10000,182.37333822779377,-182.30108136879537,182.30108136879537,0.07225685899840073,159204.99813116543,2499.705590304458,0.9845415406430594,10206,1987,103826.72589085801,0.005127591861047592,0.05605444686916769,100.51275918610476,9942.70477651667,113.53587072471963,0
dodo-k200000000000000000,963,10000,231.26662458456943,-231.42205409470705,231.42205409470705,-0.15542951013762263,166463.56746708625,18541.424077289168,0.8997787901693354,10217,2191,109785.1212080886,0.003952185665616241,0.07206777829840093,100.39521856656162,9987.159828455755,87.66726353746705,0
dodo-k200000000000000000,964,10000,198.09245424128665,-198.3853598791926,198.3853598791926,-0.29290563790596025,156877.13105027316,3819.6369942499823,0.9762307789961794,9673,1986,105166.48589458858,0.004787860781693496,0.09241995730199562,100.47878607816935,10004.295631680418,61.096299341296785,0
dodo-k200000000000000000,965,10000,157.2905512956494,-157.2869217459429,157.2869217459429,0.0036295497065168547,142446.62312749797,441.94048778086335,0.9969070968550655,9123,1816,93476.49555887816,-0.0004922058569459864,0.05252578625613154,99.9507794143054,10004.529762067421,100.07319535446113,0
dodo-k200000000000000000,966,10000,294.31856446396705,-294.33657168165547,294.33657168165547,-0.01800721768842095,188093.9865633285,2793.6511296327662,0.9853649447214268,9133,2269,132936.48264799776,0.0008585864008176713,0.06082539423174851,100.08585864008177,9996.908169646238,103.84998603647017,0
dodo-k200000000000000000,967,10000,348.6653007756407,-348.92646856485555,348.92646856485555,-0.2611677892148805,151507.87430771798,3904.8236257594417,0.9748744878785203,5690,1868,116981.99518571368,-0.0014084160743416873,0.12328750542749405,99.85915839256583,10026.433171316286,83.88825720589213,0
dodo-k200000000000000000,968,10000,490.4105550534606,-490.22581633591113,490.22581633591113,0.18473871754946458,232275.7743842321,8235.970478279372,0.9657564727951748,8776,2599,172524.28408134473,-0.0018623127408471873,0.1171269794141314,99.81376872591528,10005.68183923499,92.76347330671241,0
dodo-k200000000000000000,969,10000,300.4445501860226,-300.6958822004972,300.6958822004972,-0.25133201447459896,168144.35199125015,14185.159620496965,0.9222004189277768,8255,2264,120497.98528058898,0.007139697634742817,0.13905663676517777,100.71396976347428,9990.093676782735,62.133199381701424,0
dodo-k200000000000000000,970,10000,254.72709677694786,-254.94281328733013,254.94281328733013,-0.21571651038226491,184193.65414916936,13604.96038092366,0.9312181209497106,7569,2016,132898.01610854678,0.0002549367205050146,0.0555250820089465,100.0254936720505,10014.37184726859,181.17236352138633,0
dodo-k200000000000000000,971,10000,300.45973085233766,-300.43588083941916,300.43588083941916,0.023850012918501307,177230.5121986588,6804.3368463310235,0.963026911035379,7818,2141,129698.83149827957,-0.0003418854090615753,0.09380658222873038,99.96581145909384,9999.968700538395,108.39538477256826,0
dodo-k200000000000000000,972,10000,105.34694305626282,-105.32864623105763,105.32864623105763,0.01829682520518361,80287.16384187204,5307.025806741725,0.9379978263883514,4460,1098,56077.988610006825,-0.005522456193261292,0.06885375929008192,99.44775438067387,10061.66612017075,110.90080125537601,0
dodo-k200000000000000000,973,10000,323.1429527999332,-323.33879170067075,323.33879170067075,-0.19583890073755583,222805.01002396975,10723.183435622279,0.9540818464924333,11554,2589,151944.86603275992,0.00045587212656343466,0.07011743267588699,100.04558721265634,10010.523041171547,153.51238374577542,0
dodo-k200000000000000000,974,10000,108.92027872235916,-109.00720836288997,109.00720836288997,-0.08692964053081198,98872.8679162229,4073.935748636485,0.9604267873930397,6652,1255,63879.82051191837,-0.000303052284145906,0.04432555334311274,99.96969477158541,10005.15574690893,117.57216251344016,0
dodo-k200000000000000000,975,10000,256.1617229821433,-256.2249701163894,256.2249701163894,-0.06324713424606898,115619.91006091294,3476.7222736818235,0.9708075517709503,4454,1424,89938.04239547598,-0.0014935367044148506,0.08485209786789567,99.85064632955851,10003.97563874903,64.16033880879931,0
dodo-k200000000000000000,976,10000,143.22410525217606,-143.22997801758467,143.22997801758467,-0.005872765408611258,106701.00001214223,501.2080875964471,0.9953246477243255,6385,1415,75457.00058355852,-0.00004390538442436309,0.05563126080188951,99.99560946155756,10000.14631173749,102.75298993868925,0
dodo-k200000000000000000,977,10000,225.02851513435107,-224.92163121735086,224.92163121735086,0.10688391700020361,136091.99563722135,3080.4650961764933,0.9778658429983681,6921,1748,98300.25306847427,0.000029516043146742276,0.11657467814042732,100.00295160431467,10001.308519744036,91.86459830000013,0
dodo-k200000000000000000,978,10000,148.68751887061856,-148.7290880022171,148.7290880022171,-0.0415691315985498,108173.2750935541,7626.3906248237445,0.9341415143341523,9002,1673,68177.99268109309,-0.0028510531230645595,0.22298726084508458,99.71489468769354,10008.864556786484,23.8162423587413,0
dodo-k200000000000000000,979,10000,269.9992501992123,-270.1437898935989,270.1437898935989,-0.14453969438659442,179698.5548707494,12055.389894025297,0.9371309419015412,8848,2176,127663.8700017682,-0.0006556348092145469,0.08131680876172695,99.93443651907855,10018.226272211077,126.11982565019574,0
dodo-k200000000000000000,980,10000,149.17386716382532,-148.95888054341813,148.95888054341813,0.2149866204071884,121481.47335308467,7113.198406780777,0.9446851233458273,9547,1578,76414.79365336774,-0.0018933569803111538,0.09497777000971568,99.81066430196888,10021.44660435975,113.32141015727349,0
dodo-k200000000000000000,981,10000,266.16825829793686,-266.1153646578663,266.1153646578663,0.05289364007057884,177863.54003818342,3987.5980176295857,0.9780721855234927,8648,2156,125263.287979106,-0.0010644982993814266,0.08586200503700823,99.89355017006186,10010.332015203741,133.91110719652707,0
dodo-k200000000000000000,982,10000,262.7795847792591,-262.68284180868466,262.68284180868466,0.09674297057443937,190659.78726440776,8864.6221078435,0.9555712399513744,10078,2225,130183.22802571124,-0.00106881017014814,0.08074287941505816,99.89311898298519,9994.768231856047,137.53453606259666,0
dodo-k200000000000000000,983,10000,354.26700978815353,-353.6524351234969,353.6524351234969,0.6145746646566295,190916.4139656875,11189.004850288971,0.9446377790568945,8139,2320,140529.94026297244,0.02148568903779278,0.12460401751208763,102.14856890377928,9821.268826237083,82.94149992009324,0
dodo-k200000000000000000,984,10000,382.7326595050173,-382.70727899346963,382.70727899346963,0.02538051154766663,210486.22290920198,8947.624726103657,0.9592240448657929,8020,2316,156486.59616218126,-0.0037592106515919,0.06703465088835003,99.62407893484081,10044.577422806316,132.2300375431944,0
dodo-k200000000000000000,985,10000,281.35600745283426,-281.39144388815606,281.39144388815606,-0.035436435321798854,201095.685635367,5604.301411515489,0.972886783924934,10582,2372,137389.54960585386,0.0002333289773913805,0.06095617110406408,100.02333289773914,10000.173555187881,108.3868371185161,0
dodo-k200000000000000000,986,10000,349.8521198636049,-349.80178996738664,349.80178996738664,0.05032989621827255,194020.23526747042,1574.1920404590578,0.9919517541367334,8755,2222,139322.6066241805,0.00433793263752193,0.08134431610156952,100.4337932637522,9955.000763890725,105.05371503082581,0
dodo-k200000000000000000,987,10000,289.08180872120676,-289.17537575874326,289.17537575874326,-0.09356703753650208,139159.3398015914,7920.5829302575285,0.9461477625012216,5596,1720,106261.05563705724,0.004981735794262363,0.11546062613459,100.49817357942624,9961.075452543477,94.71457169401732,0
dodo-k200000000000000000,988,10000,414.67637375656244,-414.6021269374793,414.6021269374793,0.07424681908315733,250965.49536423423,4844.136501744082,0.9810635101328711,11754,2857,177513.22227568447,0.003024355791726947,0.08258430344886264,100.3024355791727,9965.603187655392,95.34830776808288,0
dodo-k200000000000000000,989,10000,286.96006823702214,-286.90741462812827,286.90741462812827,0.052653608893876935,176887.26630501798,20138.30341877894,0.8977883761635097,8367,2161,123807.15834646663,0.0007636415133310948,0.1269721551718476,100.07636415133311,9991.632756356148,87.92640818545736,0
dodo-k200000000000000000,990,10000,173.5111861969332,-173.32987170615814,173.32987170615814,0.18131449077506545,111819.59024491032,10258.53966311649,0.9159674245432393,6076,1491,78875.44583873713,0.0008427779508298272,0.08684085039979138,100.08427779508298,9990.922665841945,63.800433732442364,0
dodo-k200000000000000000,991,10000,433.4015412940121,-433.6373969794905,433.6373969794905,-0.23585568547844105,260739.5787093774,20019.014393969373,0.9286966992792972,10255,2788,186393.4464351225,-0.0023567854583079395,0.09293595027488834,99.7643214541692,10040.83412658902,131.43011031994297,0
dodo-k200000000000000000,992,10000,310.99373725512834,-310.9224567116445,310.9224567116445,0.07128054348385149,224402.35923463802,26459.177586829977,0.8945267659519269,10769,2605,153587.36840192362,-0.0011604281178486532,0.05991461956906122,99.88395718821513,10003.588501072945,105.72201433928285,0
dodo-k200000000000000000,993,10000,166.92799278117923,-166.80703104714092,166.80703104714092,0.12096173403830335,99408.98682265669,10050.18694151802,0.9081832376775405,4347,1359,75997.38507704227,-0.008188426027540885,0.06987406091185179,99.18115739724591,10042.24728853001,64.12596545006191,0
dodo-k200000000000000000,994,10000,360.55145540911786,-360.44927136976094,360.44927136976094,0.10218403935692777,230589.71734248442,18252.2429182038,0.9266512653288752,10212,2659,164092.61212579563,0.0017373780086695945,0.06582144163886014,100.17373780086696,9975.510351743347,104.93080575184041,0
dodo-k200000000000000000,995,10000,677.5794600702624,-677.1845080361787,677.1845080361787,0.3949520340836443,287258.98637532676,9148.45075443104,0.9691355559664108,10887,3126,211107.04029301702,-0.009386967232909882,0.11117276134719305,99.06130327670901,10002.996177487323,75.38367126263556,0
dodo-k200000000000000000,996,10000,394.91881341671797,-394.66553739830255,394.66553739830255,0.2532760184154199,182075.32724308892,25328.5268980131,0.8778782245734861,7686,2241,135231.30105261874,-0.01043853086455087,0.14663232829031514,98.95614691354491,10079.10038996534,87.21507112732313,0
dodo-k200000000000000000,997,10000,140.99423426636145,-141.02668981170908,141.02668981170908,-0.03245554534763073,111493.95005228127,7554.220574476749,0.9365448411789471,7202,1485,75538.32881968575,-0.0012514661536206972,0.057051303831430145,99.87485338463793,10020.948316042633,107.08728473357351,0
dodo-k200000000000000000,998,10000,372.4890548744513,-372.5118220642099,372.5118220642099,-0.022767189758610584,232594.55039218525,19500.19070576123,0.9226473720918089,9707,2688,167553.67474803762,0.0002545013601972812,0.07366642921186341,100.02545013601973,10000.200735165463,96.25685765340556,0
dodo-k200000000000000000,999,10000,255.65449684928333,-255.68772262585554,255.68772262585554,-0.03322577657220904,130285.97689421357,3169.0720108251103,0.9762536371847566,5309,1623,98994.42939447217,0.002044319691514005,0.07987355369599997,100.2044319691514,9985.83077581881,90.08787327790438,0
flashbots-c5,0,10000,253.09204487554314,-253.1203718381493,253.1203718381493,-0.0283269626061724,148664.63206771648,7469.0496351505435,0.9521624703030788,6699,1929,110894.97489842791,-0.001297725016046485,0.05710677675615315,99.87022749839535,10008.713158917433,88.19719749066152,0
flashbots-c5,1,10000,84.6473587675056,-84.62973069569203,84.62973069569203,0.01762807181356152,52630.64712194479,5664.195731251182,0.9028353889637315,3909,805,35603.005319158045,0.0007895007314661484,0.07525736817714275,100.07895007314661,9993.811260877572,51.02014315808477,0
flashbots-c5,2,10000,141.50779061281958,-141.5037457890153,141.5037457890153,0.004044823804264297,122494.70230244026,2344.165238339272,0.9812224727401222,7623,1636,82530.62261135803,0.0009356241655069653,0.055216059489779784,100.0935624165507,9988.257047732908,92.60684722629529,0
flashbots-c5,3,10000,85.97569095124064,-85.98172710722969,85.98172710722969,-0.00603615598905094,78238.54172776692,3722.2544756153943,0.9545849400196311,5724,1070,51433.99775122548,-0.0005324870722913034,0.0661613950071073,99.94675129277087,9989.431931511597,95.23520454777344,0
flashbots-c5,4,10000,162.94419493941592,-162.9601038374793,162.9601038374793,-0.01590889806337259,98114.95212471804,4169.334739651266,0.9592377786709323,4377,1271,74820.45389072498,-0.000004085590373534842,0.06711403519168456,99.99959144096265,9998.794308081986,99.79690512669549,0
flashbots-c5,5,10000,200.41048186347535,-200.42068920886192,200.42068920886192,-0.010207345386561428,137858.2122127097,8485.684780539996,0.9420154515843498,8603,1818,93895.57641389826,0.001853984900682235,0.07560828751807222,100.18539849006822,9984.239406494882,89.6630303027163,0
flashbots-c5,6,10000,120.81549841829221,-120.79488417148102,120.79488417148102,0.02061424681119206,124718.47936718965,4981.544781540352,0.9615917975787892,9010,1642,79658.49085169888,-0.0005116967826012342,0.04572231072713891,99.94883032173988,10010.679635914095,112.87745809577848,0
flashbots-c5,7,10000,299.2128041956021,-299.2133322227953,299.2133322227953,-0.0005280271932406322,154932.3277172582,2041.9153195987362,0.9869920358901217,5811,1835,118850.65882167422,-0.0001090367477503662,0.06811113298661453,99.98909632522496,10001.402845725874,99.57023518258744,0
flashbots-c5,8,10000,555.0459284751413,-555.4006169559926,555.4006169559926,-0.35468848085133686,258341.11327240657,21696.857165111054,0.9225217311380562,9729,2847,189706.78681268392,0.0013400310086099409,0.14807525935264976,100.134003100861,9973.236546303428,118.34002263650147,0
flashbots-c5,9,10000,288.6610233284387,-288.78508202714573,288.78508202714573,-0.12405869870701736,187741.64516867595,17405.511364164773,0.9151559706781585,9114,2235,129803.14944129213,-0.0007454114392474765,0.0635015598032966,99.92545885607525,9954.903113951086,153.7840946317001,0
flashbots-c5,10,10000,252.72704367392453,-252.7258812842589,252.7258812842589,0.00116238966563742,154525.20718650462,710.6616506842014,0.9954220525448951,7566,1962,112302.38833286014,0.000003400151421431019,0.10918779047962417,100.00034001514214,10000.82506980383,101.48687291166948,0
flashbots-c5,11,10000,243.5198904613431,-243.5317873500262,243.5317873500262,-0.011896888683111229,142512.39142757753,4180.146124817066,0.971504030167015,6136,1588,103105.07276445879,-0.0005034047769694893,0.09418176758274527,99.94965952230305,9986.936508916595,95.23554058680836,0
flashbots-c5,12,10000,607.3433157374295,-607.3084959522879,607.3084959522879,0.03481978514162165,299249.64564000664,3538.96884146864,0.9883120808636444,11673,3172,216100.70411015424,-0.003700553994023181,0.10306620688113469,99.62994460059768,10035.734166043303,101.37104955938125,0
flashbots-c5,13,10000,447.1003530194128,-447.1129240961974,447.1129240961974,-0.012571076784581692,271473.3932599539,15685.652936430331,0.9453764276480319,10584,2993,199543.6356444867,0.000949502262077715,0.05720272648391244,100.09495022620777,9990.91911895451,100.44654210855664,0
flashbots-c5,14,10000,216.24669281366974,-216.0820484689662,216.0820484689662,0.1646443447035324,115726.79212550384,18766.098095739202,0.8604677313063267,6535,1728,82565.93993314574,0.005459418687482014,0.07783134012879103,100.5459418687482,9991.794227428994,62.80895993167865,0
flashbots-c5,15,10000,357.55681914082766,-357.5121134704179,357.5121134704179,0.04470567040976903,192354.34661460482,13384.475736711373,0.934944335814967,7343,2238,143964.51610131338,-0.0021067263803496417,0.06842041983956619,99.78932736196504,10026.51853438681,92.84026173414608,0
flashbots-c5,16,10000,907.8827187221381,-907.1934920896726,907.1934920896726,0.6892266324654202,240390.63697827185,16349.66442162643,0.936318278305048,9387,2858,178650.72914526256,-0.0034294030865483194,0.3932916207183223,99.65705969134517,9990.964132199844,33.40793782367383,0
flashbots-c5,17,10000,119.76793822142211,-119.85594860654287,119.85594860654287,-0.08801038512075365,117727.59771164654,4057.169866552819,0.9666857362605084,8641,1543,75631.90524882672,0.000017164053339229213,0.05058717804489689,100.00171640533392,10003.07610552828,139.045628647001,0
flashbots-c5,18,10000,530.5539171373217,-530.5449682852388,530.5449682852388,0.008948852082880876,272308.0868903708,2446.27271061816,0.9910965099364729,10319,2945,199384.49900129795,0.00000042015186195953903,0.0743242198217473,100.0000420151862,10002.735678798443,93.76140412178559,0
flashbots-c5,19,10000,147.3008970841464,-147.2198194794868,147.2198194794868,0.08107760465961178,131598.35283429423,4104.131780987045,0.9697563991357835,10208,1541,81045.4362550899,0.0015730405624248078,0.08105835038240883,100.15730405624248,9987.718100416592,112.35294496405139,0
flashbots-c5,20,10000,257.38771758293416,-257.4392652772059,257.4392652772059,-0.05154769427173278,166015.76035878214,20421.023348376108,0.890466768722786,8145,2137,116531.44045988636,0.002082056241531518,0.0806599170225239,100.20820562415315,9995.348243483993,96.08783510341532,0
flashbots-c5,21,10000,457.8142269174855,-457.98881115330414,457.98881115330414,-0.17458423581865645,226329.60357342646,15228.996831449496,0.9369552696284702,8940,2605,165821.49592488052,0.00001025986289590719,0.13263995400867173,100.00102598628959,9962.878381673965,66.664639588171,0
flashbots-c5,22,10000,292.09632469189245,-292.7301293827686,292.7301293827686,-0.6338046908761612,146465.02177509572,4496.572405184035,0.9702137988830842,7358,1833,105870.59424293162,0.0024818115005929542,0.1600257743175871,100.2481811500593,10005.906465202897,57.98358028671422,0
flashbots-c5,23,10000,288.3338778521726,-288.57819266226494,288.57819266226494,-0.24431481009236222,199624.00013317907,2576.2959959474188,0.9872586932597657,7839,1948,142359.67077492806,0.0004262328166821305,0.06791250811983332,100.04262328166821,9963.362686434697,163.8063401131231,0
flashbots-c5,24,10000,180.84125104355556,-180.89295181224114,180.89295181224114,-0.051700768685577714,194940.8367705904,14841.575058984674,0.9292525291822756,10649,1949,125348.70569643451,0.000001555828592358921,0.04373298570759303,100.00015558285924,9997.418766044339,179.83882562108087,0
flashbots-c5,25,10000,247.89699233141275,-248.04922735838798,248.04922735838798,-0.15223502697523372,169029.31383026994,14056.446135930062,0.9232247983757719,8779,2087,116404.98369732538,-0.00034992172723050883,0.07106949508072816,99.96500782727695,10026.373216079455,91.09577641654727,0
flashbots-c5,26,10000,315.0271359722215,-315.10811099096946,315.10811099096946,-0.08097501874794943,173687.66845789898,3172.4359260306737,0.9820624558767425,10151,2457,120990.6646846428,-0.004441641483883103,0.08095518957709473,99.55583585161169,10051.064929440092,48.704627688688795,0
flashbots-c5,27,10000,127.8605896467215,-127.9164574139096,127.9164574139096,-0.05586776718810427,92954.52306908203,4784.38616297605,0.9510493190422593,4860,1223,67053.01099941447,0.0035390777307796385,0.04689160239315839,100.35390777307796,9974.77690512545,84.40924722637783,0
flashbots-c5,28,10000,82.64828531530198,-82.69182991889859,82.69182991889859,-0.04354460359661516,102006.09049841434,4134.622315210268,0.9610458399457862,4812,1068,70660.99714838297,0.00004960030399715265,0.03494779983568307,100.00496003039972,10003.539258045223,205.51212060341794,0
flashbots-c5,29,10000,332.1741149582654,-332.1889492690128,332.1889492690128,-0.014834310747403379,172288.81533103168,6085.739603772472,0.9658822436529874,7903,2140,125292.48002288693,0.004058663795805444,0.08432192419904112,100.40586637958054,9960.51188859226,86.58439095986556,0
flashbots-c5,30,10000,214.86942785866208,-214.83743464681748,214.83743464681748,0.03199321184459336,128492.6166235126,3313.430489872046,0.9748613165902646,7175,1852,92486.97819144199,-0.001546899280869951,0.10440497640432199,99.845310071913,10014.275926810195,52.14392420479111,0
flashbots-c5,31,10000,356.3631664737122,-356.30713479276204,356.30713479276204,0.05603168095018418,212858.62977173575,16146.038148591926,0.9294947203687164,10210,2523,148300.05174188915,0.0015203188676196078,0.07785291383857768,100.15203188676196,9988.267379120063,110.67588266666739,0
flashbots-c5,32,10000,111.68613353595246,-111.68177709884137,111.68177709884137,0.004356437111098899,121945.65424685422,3907.3973676569326,0.9689527006494422,7757,1370,78912.24609162235,-0.0006878747086162207,0.06863032680882625,99.93121252913838,10028.444584533432,150.5462407016785,0
flashbots-c5,33,10000,203.13913076020737,-203.13971219428507,203.13971219428507,-0.0005814340777021698,112389.53340593659,4851.047706234838,0.9586231349229365,7464,1748,79269.83210524393,0.0006830983753430076,0.09483291197929901,100.0683098375343,10001.592848793975,65.08150843612081,0
flashbots-c5,34,10000,248.72056162626893,-248.72221986192835,248.72221986192835,-0.0016582356594199155,170809.27018122407,6373.295225394013,0.9640297835694619,8731,2126,120315.02519869556,0.0008637498579594194,0.05771425481635589,100.08637498579594,9991.05127594219,101.14182694135982,0
flashbots-c5,35,10000,226.79682737039394,-226.93570467699377,226.93570467699377,-0.13887730659982367,146906.80182010162,12953.738814494529,0.9189685036527949,11341,2141,94784.79650252683,0.000000894640058817231,0.13406774045925984,100.00008946400588,10032.055292909643,48.53289564999783,0
flashbots-c5,36,10000,259.8742390918427,-259.8832716781655,259.8832716781655,-0.009032586322803127,209165.9436416064,6445.528264366723,0.9701058194752383,11686,2488,140269.7899007509,0.0007762681826474705,0.05998872706051671,100.07762681826475,9995.997843837395,93.57010798548743,0
flashbots-c5,37,10000,119.60546391272328,-119.6653731774929,119.6653731774929,-0.059909264769615334,95112.96752094076,9327.200591260475,0.91069335907962,5654,1197,63828.03102039377,-0.0000615990158571833,0.0651458855283812,99.99384009841428,9981.052577637887,120.57881934574904,0
flashbots-c5,38,10000,149.94993416164425,-149.9486660356817,149.9486660356817,0.0012681259625537677,87332.99211313593,1414.0490370047753,0.9840665218955017,4310,1256,65592.58152660179,-0.002200137313310222,0.06653426683153853,99.77998626866898,10019.345391587354,71.98237568592819,0
flashbots-c5,39,10000,241.97167525230896,-241.9799712101003,241.9799712101003,-0.008295957791347064,154155.7721957691,8977.586839740177,0.9449678049123845,8821,2126,108040.68627566949,0.000002177074387077482,0.0706545473448375,100.00021770743871,9991.32612100493,63.832420655588194,0
flashbots-c5,40,10000,201.9033534882764,-201.90175542619934,201.90175542619934,0.0015980620770505993,125779.38594211894,9244.709023234544,0.9315328939949074,5759,1612,93123.42292782359,-0.0009780854818328066,0.10393288620648562,99.90219145181672,10011.47432777772,103.824823994845,0
flashbots-c5,41,10000,200.21256713373955,-200.25814394586166,200.25814394586166,-0.04557681212210696,209048.38764373973,19734.07820723754,0.9137430478606181,11065,2260,136425.3383164577,-0.0008385727486545136,0.046997680388077896,99.91614272513455,10032.858331521475,123.15711283826744,0
flashbots-c5,42,10000,228.92731661438384,-229.00534803826474,229.00534803826474,-0.07803142388090123,139157.69726154118,6495.790474213591,0.9554024378324651,5993,1666,102121.36101650877,-0.00045728723896019117,0.15241545532632741,99.95427127610398,10005.747618780528,131.86361333046014,0
flashbots-c5,43,10000,528.0141632989956,-528.00131030502,528.00131030502,0.012852993975684512,256054.41466583806,12198.14478481918,0.9545273871391974,9405,2730,190386.2936132684,0.0010242428023590833,0.0910719544643581,100.10242428023591,9991.567215547233,104.65399671555824,0
flashbots-c5,44,10000,154.58116626735776,-154.55533252291931,154.55533252291931,0.025833744438443773,102467.13277342894,7122.448125437489,0.9350079809867111,4171,1276,78244.33810107785,-0.0004298398176143792,0.05671264235629295,99.95701601823856,9999.233611119636,202.93007228776162,0
flashbots-c5,45,10000,286.5370049054633,-286.52243534208367,286.52243534208367,0.014569563379609463,205279.49288389616,1575.2802821074936,0.992384607529248,11056,2467,141147.366376436,0.0017329659826609146,0.08153509577265992,100.17329659826609,9982.615885358413,102.2127090536692,0
flashbots-c5,46,10000,564.0199807066601,-564.0822473019746,564.0822473019746,-0.062266595314440565,289750.32291183533,6525.294758482197,0.9779755930987771,11118,3154,210690.15332898966,-0.0000015849516978505563,0.12121002569957084,99.99984150483021,9998.867418188574,102.77217781739873,0
flashbots-c5,47,10000,474.49102393076726,-474.5224688300434,474.5224688300434,-0.03144489927615268,220704.6642859046,16615.214616320885,0.92998810427016,8366,2562,165447.37325727544,-0.0000032689348125813922,0.13624249323065427,99.99967310651874,10007.5570232111,79.6674381363814,0
flashbots-c5,48,10000,270.55193107190877,-270.6351708426416,270.6351708426416,-0.0832397707328596,135901.2778753109,6310.043324293953,0.9556291069440435,6488,1807,100849.85763973759,-0.0001384051609757364,0.11022307300448318,99.98615948390243,10000.676862190143,70.09697829734397,0
flashbots-c5,49,10000,161.06781224783558,-161.07294493816852,161.07294493816852,-0.005132690332942502,155244.92534540396,11634.933426941978,0.9302795824940497,10705,1919,97644.16459894618,0.001694710051173587,0.07422905410243885,100.16947100511736,9978.379070669807,126.28308410483056,0
flashbots-c5,50,10000,267.80274249220133,-267.7919803801574,267.7919803801574,0.010762112043948946,119142.31986238976,4171.345623307895,0.9661728843524509,4278,1405,92699.37883936144,0.0000024549101775050984,0.17044446056471385,100.00024549101775,9983.961879921764,97.35866611043825,0
flashbots-c5,51,10000,214.49714426271373,-214.43486660818616,214.43486660818616,0.06227765452757694,137580.24800386207,9038.84767451372,0.938351497581588,5833,1597,101266.14528787883,0.0007588870903629186,0.057845288614428794,100.07588870903629,9990.976085453993,117.11257224741712,0
flashbots-c5,52,10000,211.06773318283302,-211.10973052115028,211.10973052115028,-0.041997338317258937,137549.43898283716,2761.766336956988,0.9803168511690679,5978,1633,102124.50303440669,-0.00009520904149837862,0.06070859797355468,99.99047909585016,10030.925661420488,125.65909739566708,0
flashbots-c5,53,10000,302.3379538795573,-302.26183825375153,302.26183825375153,0.07611562580575537,122223.5781780505,13638.560515468609,0.8996147076248021,6295,1856,90735.02347911989,0.004639693201710315,0.12790326980013816,100.46396932017103,9991.766335434324,41.85639581894704,0
flashbots-c5,54,10000,119.93349640194282,-119.86810655004447,119.86810655004447,0.06538985189834534,73249.77182663926,3313.064782958976,0.9567275073695005,5465,1141,51453.50895474155,0.0000006033863999732603,0.0942997480399346,100.00006033864,9989.119529994496,50.51369382026857,0
flashbots-c5,55,10000,466.1249770721601,-466.0179236686571,466.0179236686571,0.1070534035030164,225518.3301019239,23618.67212793109,0.9051980560232462,10489,2901,159064.50224559955,-0.007321040229251707,0.1503246108991175,99.26789597707483,10059.38941182925,60.546112460192404,0
flashbots-c5,56,10000,169.7032389052661,-169.91187451391465,169.91187451391465,-0.20863560864856368,103831.62968790866,2807.1037964223583,0.9736765084814626,5143,1302,76318.72495755134,-0.0000005475311959912687,0.07259119483519769,99.9999452468804,9984.982536696407,146.04832612510074,0
flashbots-c5,57,10000,247.03483896057816,-246.94690302084445,246.94690302084445,0.08793593973371117,156945.0425934562,4082.90400075056,0.9746447490196248,8851,2093,108500.35087435461,0.003151084952701666,0.08413794421884617,100.31510849527017,9978.10950820055,77.67038526056504,0
flashbots-c5,58,10000,426.09611853671663,-425.9490946082067,425.9490946082067,0.14702392850995238,193558.25828146384,21841.20238339624,0.8986014063545917,7770,2455,145023.09157410334,-0.001130908940458113,0.10372429712254658,99.88690910595419,10019.168084426357,72.28276224227757,0
flashbots-c5,59,10000,321.6947756166999,-321.69044940725695,321.69044940725695,0.004326209442979234,157953.24304073275,922.459812937208,0.9941938270209458,5923,1869,121656.98325063984,0.001666838636438115,0.10304640365680001,100.16668386364381,9985.343166239913,97.70721160064947,0
flashbots-c5,60,10000,166.45548082902778,-166.59649599256431,166.59649599256431,-0.14101516353653665,150207.80414893734,9696.722194664977,0.9393593013506779,10942,1966,94393.53513464902,0.00003114563476941612,0.05591823366734175,100.00311456347694,10007.597500112282,92.56558696223887,0
flashbots-c5,61,10000,135.93638240570203,-135.93807477806263,135.93807477806263,-0.0016923723605941632,108381.84838095916,3196.186677633241,0.9713546965049631,6215,1418,74852.54233167837,-0.0017576902666192496,0.05605826055069357,99.82423097333808,10022.147919295225,103.92595555353815,0
flashbots-c5,62,10000,121.74177526530877,-121.75510571306789,121.75510571306789,-0.013330447759116737,107460.54990890341,2979.0189757490375,0.9730258003917015,6532,1344,73000.01131341339,0.0000028378551448327015,0.06383479858811668,100.00028378551448,10000.25387886215,137.42372466016568,0
flashbots-c5,63,10000,464.6381657651811,-464.60764255895674,464.60764255895674,0.030523206224359,270776.83246313786,5769.461648984768,0.979137447249083,11405,2885,189803.2569916178,-0.0002641256679183357,0.07814016982506303,99.97358743320817,9999.694968103438,98.96920325179053,0
flashbots-c5,64,10000,403.3673774316275,-403.50798505740914,403.50798505740914,-0.14060762578162667,196229.82766260448,18233.879648461003,0.9149791828320213,9002,2436,141793.5288764557,-0.0011314050080652293,0.14498337674561398,99.88685949919348,10023.242196000763,74.15403615226887,0
flashbots-c5,65,10000,63.87204949559313,-63.86561335711103,63.86561335711103,0.006436138482101228,53250.19416823357,463.1690127207955,0.9913770245374427,4303,738,34705.953658228296,0.0007700917894818815,0.07196559265338706,100.07700917894819,9992.867525878013,102.73393851923394,0
flashbots-c5,66,10000,234.14140062310736,-233.38990476879036,233.38990476879036,0.7514958543169996,109379.9090621641,3193.148785021982,0.9716348756435437,4066,1399,86941.3293672317,-0.019819301390535317,0.06195728087652469,98.01806986094647,10190.664585177874,94.85584061218105,0
flashbots-c5,67,10000,133.6084996390674,-133.62016956542098,133.62016956542098,-0.011669926353590654,96948.10095673283,11466.696128901498,0.8942331080521765,5822,1460,68947.80064387545,0.00024924240984219636,0.04220354565142543,100.02492424098422,10007.711471079469,72.42108641022617,0
flashbots-c5,68,10000,151.5622433644914,-151.54215131408463,151.54215131408463,0.020092050406759654,129947.68838926619,11601.935070089956,0.9180362703442918,11221,1818,79475.422917103,-0.00024984094438153194,0.08938809719029293,99.97501590556185,9990.776215948244,58.40932061697143,0
flashbots-c5,69,10000,277.62718673211367,-277.50023304899025,277.50023304899025,0.1269536831234177,122923.7729828387,5402.857909098267,0.9578976096267346,5452,1430,90892.71870809184,-0.000004472866300488931,0.2004053643329027,99.99955271336995,9969.58941416169,134.91793217780622,0
flashbots-c5,70,10000,263.08126867427524,-262.99152485854376,262.99152485854376,0.08974381573148094,147742.07285202103,4484.917976431714,0.9705379581372278,8081,1934,106102.09107569362,0.0022050650228007383,0.18173322831002395,100.22050650228007,9980.175531708961,94.92072900346442,0
flashbots-c5,71,10000,173.88987394072186,-173.84586579501567,173.84586579501567,0.0440081457061865,119945.39744846759,8758.689708060156,0.9319470740862489,7693,1749,82820.7255811366,0.0005989986324762242,0.0767966952675006,100.05989986324762,9980.774361347287,68.45710391780875,0
flashbots-c5,72,10000,77.69590065863314,-77.67777816074809,77.67777816074809,0.018122497885045163,79564.60551721559,6007.223756182868,0.929799049439623,6616,1121,49804.09727675285,-0.0018726055897865025,0.05160589336594413,99.81273944102135,10017.08487638139,96.37060832147118,0
flashbots-c5,73,10000,59.12118556424524,-59.12505132088282,59.12505132088282,-0.0038657566375803754,55765.31070195565,3677.8071102614067,0.9381289668910078,4362,804,35860.59821620992,0.0007007561744920565,0.0347730309506737,100.0700756174492,10002.492335750265,100.67828776070691,0
flashbots-c5,74,10000,373.1024520596446,-373.1057083342487,373.1057083342487,-0.003256274604098053,213403.85360171995,8224.578598242433,0.9628902369763557,9191,2474,154639.49694433092,0.0000008802325613999073,0.06438891403630094,100.00008802325614,9999.656214575874,95.90659946873016,0
flashbots-c5,75,10000,129.6175756050352,-129.6049989565671,129.6049989565671,0.012576648468098028,138902.88380505514,10412.889639303705,0.9302626279923202,10990,1629,81669.61173554459,0.0006633090841222611,0.05250702249394621,100.06633090841223,9960.051799485167,91.22287163918266,0
flashbots-c5,76,10000,111.53599463103158,-111.49191336436891,111.49191336436891,0.04408126666267265,81446.73038219093,1853.9148922438537,0.9777442913420886,4399,1025,57765.98676318707,-0.0021567925022185365,0.05284024829400323,99.78432074977815,10026.295387172337,125.84233488930936,0
flashbots-c5,77,10000,149.95028018776085,-149.9272311272366,149.9272311272366,0.023049060524243714,91160.51879887789,4032.3318105388357,0.9576403922697537,4287,1221,68453.39481916638,0.0013011414041156398,0.08414697988843343,100.13011414041156,9991.076767012622,95.62363522688833,0
flashbots-c5,78,10000,137.83604381762228,-137.815294060153,137.815294060153,0.02074975746927521,119936.56883892557,15396.33556333317,0.886233613094051,9177,1533,74534.5132273753,-0.0009019585829538813,0.07183925049639499,99.90980414170461,10009.236921222247,84.69556416044391,0
flashbots-c5,79,10000,144.43753587112536,-144.4171255656121,144.4171255656121,0.02041030551325207,141508.92785923393,1272.3425217451431,0.991088869581072,11356,1731,85218.344766484,0.0029203620499986017,0.06328521995425845,100.29203620499986,9970.968847562537,102.00281131785363,0
flashbots-c5,80,10000,101.02553581986112,-101.03694984232212,101.03694984232212,-0.011414022460996875,87971.25813437179,3829.829994392746,0.9582812135187239,5029,1078,61016.33322842497,0.00161940630901654,0.037126528363637876,100.16194063090165,9973.357417211268,113.19352804042104,0
flashbots-c5,81,10000,91.79697896580564,-91.81761781513015,91.81761781513015,-0.020638849324512876,78873.07273472488,4193.378099354957,0.9495177889840151,5426,1124,52612.89413669945,-0.0006175900959038927,0.039179396337817425,99.93824099040961,10002.420555846873,74.05978472305385,0
flashbots-c5,82,10000,201.52608862323933,-201.5778540493448,201.5778540493448,-0.051765426105475854,154478.2607454607,11964.884684284441,0.9281142839893352,7087,1652,108343.58857857532,-0.0016426377485235831,0.07475954761931476,99.83573622514764,10047.050610432085,143.70313277411483,0
flashbots-c5,83,10000,160.72875475670358,-160.73654280514666,160.73654280514666,-0.007788048443075013,105906.82315395812,7570.562883243073,0.9332857131485104,5523,1346,75656.20965856583,-0.0010320037897994894,0.06052658394363178,99.89679962102005,10015.202413162244,91.19295798900148,0
flashbots-c5,84,10000,235.5742412267096,-235.60991401213772,235.60991401213772,-0.035672785428118914,202839.38665379447,18871.652249146024,0.914881765280945,9681,2212,136971.79756655096,-0.0012699951434139223,0.0453743446247465,99.87300048565861,10002.645048730446,140.58364303972618,0
flashbots-c5,85,10000,187.3452332676387,-187.34454793860988,187.34454793860988,0.0006853290288120206,132109.40889235653,8114.606620569234,0.942131120757833,7327,1663,90895.74056343094,0.0004818746458224155,0.06660512325583597,100.04818746458224,9993.203700167665,98.12149974691745,0
flashbots-c5,86,10000,243.03549274879921,-243.04190151354823,243.04190151354823,-0.006408764749011198,155553.12370850533,199.80160166890468,0.9987171887701563,8678,1882,107724.35125973432,0.00004163483646593136,0.11553359623570955,100.0041634836466,10001.454317305324,99.3576510960261,0
flashbots-c5,87,10000,574.7089133957769,-574.6763893795211,574.6763893795211,0.03252401625582024,268897.17746247177,28975.68140993962,0.9027246674315137,10703,3124,193782.4640184599,0.0006367886120413857,0.08755448063505383,100.06367886120414,9954.359225993958,60.98923060627165,0
flashbots-c5,88,10000,357.0102856661662,-356.37339967771646,356.37339967771646,0.6368859884497624,176943.43144814676,12023.728501385833,0.9363713329628439,7249,2171,133376.01543475734,0.010266793495850664,0.0871025980577997,101.02667934958507,9903.154197235604,144.27266168576583,0
flashbots-c5,89,10000,75.76288361178801,-75.76600727854591,75.76600727854591,-0.003123666757900878,76756.75864139062,6747.344590642544,0.9191974486344261,5911,1149,49551.296147322355,-0.001293587711772517,0.03561234790450442,99.87064122882275,10008.927484444997,82.74322143651109,0
flashbots-c5,90,10000,654.4860888431816,-654.5302112678017,654.5302112678017,-0.044122424620127276,305851.1945219404,12081.762285075476,0.961999025183133,11235,3245,222281.02184088918,0.0006010095269587623,0.10627865133350384,100.06010095269588,9995.580455885436,89.13127481907044,0
flashbots-c5,91,10000,84.11182945526498,-84.07615921189486,84.07615921189486,0.03567024337012015,66236.43221214009,4824.272185476619,0.9321105493342335,4684,985,44276.52688092399,-0.000989789557854408,0.0639800553025725,99.90102104421456,10009.870767242905,90.47500892590769,0
flashbots-c5,92,10000,165.08781211067964,-165.15586834837364,165.15586834837364,-0.06805623769400881,122810.04896268257,4261.129341888806,0.9664665945595036,9028,1661,80469.49039902823,-0.0007258402054044666,0.06909441526809061,99.92741597945955,10003.81153873047,46.34894965051198,0
flashbots-c5,93,10000,424.86990693527486,-424.83020759227065,424.83020759227065,0.03969934300420164,258871.28827116202,24294.898732170048,0.9142026843343264,10710,2851,182632.77629494594,0.0005337102315677101,0.1341885864135996,100.05337102315677,9993.466563834218,108.74972911151411,0
flashbots-c5,94,10000,204.6140877302621,-204.60262992750765,204.60262992750765,0.01145780275444963,152560.0908086838,4941.4664816510485,0.968625919853338,8717,1940,105878.64545917447,-0.0022303300667798,0.06947819505320724,99.77696699332202,10016.37272216899,86.87945885007937,0
flashbots-c5,95,10000,465.3942776544447,-465.329452655915,465.329452655915,0.06482499852967294,232581.44610438836,17664.757849092737,0.9294104862730446,9238,2730,170139.65039492655,-0.003655720911586542,0.09135696807148165,99.63442790884135,10040.138062642278,82.82845130071455,0
flashbots-c5,96,10000,146.26910824976443,-146.21961497593136,146.21961497593136,0.04949327383306468,119388.71518714151,6441.048037555461,0.9488114109691715,7003,1533,82084.19898747819,0.0009687380699203629,0.047139731647785794,100.09687380699204,10002.103640587075,101.89845176990846,0
flashbots-c5,97,10000,144.90744590662257,-144.91063313621814,144.91063313621814,-0.003187229595567942,92696.00802310569,4489.204348118582,0.9538077425712577,4622,1332,69344.6612029788,0.000003904628262887399,0.05705292249732637,100.00039046282629,10000.730764685899,76.02099851722808,0
flashbots-c5,98,10000,233.15148848446537,-233.20687857065366,233.20687857065366,-0.05539008618828234,177550.14483608355,13119.86851323824,0.9311907085819433,9151,2092,122543.5866858854,0.0012428011353641465,0.06465911010301952,100.12428011353641,9988.649530064238,115.97815055388776,0
flashbots-c5,99,10000,290.5564500330124,-290.49816065817095,290.49816065817095,0.058289374841479,114516.12645354826,15834.51537935885,0.8785236869055337,4943,1689,89666.0320536672,0.0000033162262850794378,0.08371051188767467,100.00033162262851,9992.062658793842,56.70140573344945,0
flashbots-c5,100,10000,488.0168398545971,-488.12906211107213,488.12906211107213,-0.11222225647503592,258307.802205488,15669.495930566494,0.9428073200328256,10941,2979,185304.28528569973,0.0003310951269170914,0.08315123915557124,100.03310951269171,10026.00167413533,104.02738870828291,0
flashbots-c5,101,10000,426.80907930360985,-426.7069462674705,426.7069462674705,0.10213303613932112,212991.0476026639,2524.6303872972503,0.9882856300254181,8649,2486,157582.392761685,0.00702319233658173,0.09532997142803282,100.70231923365817,9942.352359201534,90.23761949204535,0
flashbots-c5,102,10000,396.5743201826225,-396.54732157722714,396.54732157722714,0.02699860539536303,198617.66914072423,22306.74425857658,0.8990299717656864,9246,2587,143371.46597294405,0.000175008302640407,0.06969325572820324,100.01750083026404,9987.176137407438,62.261355572996756,0
flashbots-c5,103,10000,179.9937846189543,-180.02131902213054,180.02131902213054,-0.027534403176247224,127989.36066042655,10746.444459710661,0.9225402234815674,9226,1956,84571.13131409348,-0.000531802317240988,0.06302383417376334,99.9468197682759,9983.439326148842,48.18442667012048,0
flashbots-c5,104,10000,121.5290794015259,-121.52847775610248,121.52847775610248,0.0006016454234298863,90451.80471796388,1980.3710349349083,0.9785748737514404,5498,1242,64315.57863878587,0.0004394570181294455,0.04192285683334077,100.04394570181294,9990.465098228646,95.58534366048933,0
flashbots-c5,105,10000,389.6460873022663,-389.68033446586486,389.68033446586486,-0.03424716359853619,239285.36527125316,6962.324843659927,0.9717263344057728,9458,2620,171442.26222392442,-0.000004008441667053831,0.060459745101438644,99.9995991558333,9985.579696213374,126.3446173667896,0
flashbots-c5,106,10000,263.52583201023634,-263.6281426020978,263.6281426020978,-0.1023105918614533,196222.24410497057,5340.2069316162215,0.9735059436707938,10473,2206,133100.05338065684,0.0010815523320921727,0.09656209296451579,100.10815523320922,10012.662785948694,123.2856935857355,0
flashbots-c5,107,10000,257.400088486411,-257.3515377635424,257.3515377635424,0.04855072286858331,106925.77640273422,1544.3647944610555,0.985762304930963,4283,1331,82992.36797564325,0.0009224206491444419,0.13333864241716725,100.09224206491444,9992.393543078399,112.59229413037767,0
flashbots-c5,108,10000,172.86737156640396,-172.85306954867204,172.85306954867204,0.014302017731921524,137031.27122254495,7766.787988949314,0.9463612424693827,8585,1782,92813.85739364933,0.00000038530014663251676,0.08642989397852772,100.00003853001466,10002.12272658805,98.97826851090687,0
flashbots-c5,109,10000,238.28068652665368,-238.31740524219703,238.31740524219703,-0.03671871554334416,161689.87606007617,8881.01937263411,0.947933559531921,10401,2104,106824.30903420782,0.001686606008411502,0.0722345308730766,100.16866060084115,9984.535424540216,78.35886006302351,0
flashbots-c5,110,10000,149.52104072981788,-149.59628392355802,149.59628392355802,-0.07524319374013544,93953.68441404075,3626.6583017333346,0.9628341303094534,5424,1257,65665.64360432148,0.0010610521080002399,0.0814143226348743,100.10610521080002,9996.039186627619,97.06464735191683,0
flashbots-c5,111,10000,693.9105461436535,-693.926544694929,693.926544694929,-0.015998551275515638,317559.66942139313,5164.337738227785,0.9839976648044237,11732,3267,230369.972383693,-0.0010861966923623356,0.10993349738087531,99.89138033076377,10018.341568262073,85.90060301799143,0
flashbots-c5,112,10000,117.31513309152233,-117.38435998753666,117.38435998753666,-0.06922689601432808,153421.62205144894,11069.136188201048,0.9327066377062097,11239,1567,89148.900540156,0.0000035768760676546664,0.042990622998480464,100.00035768760677,9975.20516069398,231.81134331243595,0
flashbots-c5,113,10000,635.8840696558917,-635.7698209174631,635.7698209174631,0.11424873842861416,308298.95020065113,6603.422859858745,0.9790302537396571,11329,3260,224778.4776877818,0.0000816378701584597,0.0888132775459124,100.00816378701585,10030.030913363584,116.02591753715777,0
flashbots-c5,114,10000,371.3776672339112,-371.39038832322683,371.39038832322683,-0.012721089315618883,184393.81376348107,1375.4453402481552,0.992595947537907,7727,2185,137474.10381834366,-0.0000005638191117895986,0.13225460092659388,99.99994361808882,9996.161915524439,94.79567510274329,0
flashbots-c5,115,10000,133.3798775756025,-133.39682910341406,133.39682910341406,-0.016951527811556844,127644.61066398058,5604.13062900895,0.9579423372061242,7592,1507,84411.683311492,0.0007705619440923783,0.03710291567358894,100.07705619440924,9995.592321881795,151.57175636232085,0
flashbots-c5,116,10000,728.081556189109,-727.8683428101665,727.8683428101665,0.2132133789425552,303494.2273297116,10575.74210849874,0.9663267961358546,11056,3307,223335.47610900807,-0.000007566853917921889,0.11992140336361345,99.99924331460821,10034.53017943553,88.85658903404455,0
flashbots-c5,117,10000,163.96916751901247,-164.1103137406778,164.1103137406778,-0.14114622166533763,205106.5419072851,11048.937058830874,0.948884307204802,10102,1856,130740.23001181614,-0.000002053959019008289,0.06275017542665125,99.9997946040981,9952.270979544359,223.81651361137108,0
flashbots-c5,118,10000,475.825926890515,-475.8170328093702,475.8170328093702,0.008894081144831034,224412.9037299475,3423.2341999083014,0.9849750165578991,8176,2466,170287.1267570155,0.0015602467723648773,0.06898180973770636,100.15602467723649,9986.520457080525,97.05795474736756,0
flashbots-c5,119,10000,134.7860365078317,-134.73195218872365,134.73195218872365,0.05408431910805689,170199.21353070656,10752.807046302447,0.9405764742940447,11427,1692,101573.26781024264,0.0020779522229169346,0.04692252777127877,100.2077952222917,9949.702986582728,228.41773225218557,0
flashbots-c5,120,10000,68.3583306281686,-67.88164771955539,67.88164771955539,0.4766829086132134,67454.23539928034,2912.0240300085225,0.9586161883035033,4558,930,44599.56668329429,-0.014832158116052768,0.054686658168893135,98.51678418839472,10154.739035667602,108.22252911637716,0
flashbots-c5,121,10000,174.43253507147227,-174.49708938484412,174.49708938484412,-0.06455431337184336,163040.5978604331,3679.0173076676883,0.9779329066711304,11045,1999,102515.8346638467,0.0020428212463285433,0.04821416946321719,100.20428212463285,9970.144082766124,81.2835534671967,0
flashbots-c5,122,10000,126.87802642785246,-126.8938294478296,126.8938294478296,-0.01580301997714173,129913.08352696252,14197.266380401985,0.9014833675060249,6579,1301,85706.58104919006,0.00016787661489701123,0.05774624382181159,100.0167876614897,9948.057046836653,162.68022996178323,0
flashbots-c5,123,10000,164.50661148839183,-164.58998288765324,164.58998288765324,-0.08337139926140935,160866.53896028304,10209.321726591053,0.9403228387359832,8461,1614,105366.69831193166,0.0006640711075296224,0.05494877306391516,100.06640711075296,9992.859866416446,201.07660064900926,0
flashbots-c5,124,10000,640.4439967826577,-639.4260829269873,639.4260829269873,1.017913855670372,224100.578094456,12441.876553954007,0.9474010846279275,9619,2903,164557.06169882923,-0.0008419625421187504,0.21993911871511146,99.91580374578812,9990.682170804475,103.73932183511346,0
flashbots-c5,125,10000,66.67690696805343,-66.66523905657982,66.66523905657982,0.011667911473608683,63773.372121182794,2846.0923676219286,0.9572783661732945,4267,816,41763.73053363471,-0.000256343132610084,0.05461312707537459,99.97436568673899,10000.105921242213,133.76052009310555,0
flashbots-c5,126,10000,179.75555117410593,-179.7475226831319,179.7475226831319,0.008028490974027136,156313.29422060863,4021.852113639252,0.9749159669255861,10593,2013,102300.94917004116,0.0017137637426304763,0.05440961074177409,100.17137637426305,9983.710681880326,92.61125780319949,0
flashbots-c5,127,10000,297.10087241631084,-297.3357936471643,297.3357936471643,-0.23492123085344474,138817.67660891017,15500.406731990919,0.8995554740156455,7298,2039,100928.81459595994,-0.0007992289374003292,0.15984495246768873,99.92007710625997,9974.931732050249,73.49070188611262,0
flashbots-c5,128,10000,293.32083958362307,-293.3272369096777,293.3272369096777,-0.006397326054639052,199572.96037333232,14992.463759861557,0.9301263760439108,10184,2341,136521.7884259837,0.0013215709668416764,0.09105330140476156,100.13215709668417,10009.31863432649,102.4981197144621,0
flashbots-c5,129,10000,373.73349236076973,-373.06377073237564,373.06377073237564,0.6697216283940861,211385.0737415344,22196.695848831616,0.9049724818518238,10146,2482,145692.52010605583,-0.014854703325823948,0.08330389659873447,98.5145296674176,10156.298405707686,118.09338011502805,0
flashbots-c5,130,10000,641.6868272031888,-641.7583615256091,641.7583615256091,-0.07153432242023428,246254.83211228612,13210.393866177232,0.9490860718758753,8947,2852,186290.32964575395,0.0024950186677841655,0.1293506334990603,100.24950186677842,9994.442717607813,65.91285074284076,0
flashbots-c5,131,10000,108.7228131788171,-108.71284687397541,108.71284687397541,0.009966304841697138,103036.04542010414,2599.504563746998,0.9753917638129929,7966,1348,64711.75810644443,0.0005704633731690479,0.07345685829019871,100.0570463373169,9991.187064334086,67.88717777144794,0
flashbots-c5,132,10000,210.87586504188442,-210.84203949983322,210.84203949983322,0.03382554205120414,109385.53216118751,20651.616137731693,0.8411867961741257,5583,1641,79942.21509075633,0.00062325601100369,0.10453870758269546,100.06232560110037,10000.532989003505,38.91995134673968,0
flashbots-c5,133,10000,715.2412025374144,-714.5742096246778,714.5742096246778,0.6669929127366458,249166.498100215,6210.333360731165,0.9756816884084456,10810,2709,177731.07153455223,-0.000007193549909487729,0.3047537914540841,99.99928064500905,9978.33885845702,102.33135517634553,0
flashbots-c5,134,10000,179.80470251669774,-179.80524678932986,179.80524678932986,-0.0005442726321120972,123236.20507627162,6443.585904633833,0.9503115646941271,6936,1631,86150.21433966742,0.0000006342582616980508,0.07242940008415473,100.00006342582617,9999.36317993469,99.52369914270692,0
flashbots-c5,135,10000,166.95124084304803,-166.91407435845784,166.91407435845784,0.037166484590187565,141852.85634876927,17665.253239165733,0.8892586347418586,10854,1882,87354.67679223485,-0.00033835687433864337,0.0768911486948204,99.96616431256614,9991.345290261777,71.09016119825175,0
flashbots-c5,136,10000,137.74680887846233,-137.7254257039678,137.7254257039678,0.021383174494530977,124748.63544796925,4133.504595570527,0.9679280263799614,8663,1633,81687.86924423104,-0.0000012605565338219549,0.07555378372873847,99.99987394434662,9999.135932320996,90.45156927075406,0
flashbots-c5,137,10000,216.46566834396597,-216.43543465186067,216.43543465186067,0.03023369210529836,162644.6547576069,3961.9906370752556,0.9762194921595744,8091,1959,114540.11947820624,0.0019432376338448876,0.07009347968392773,100.19432376338449,9982.205751936834,104.0445110828318,0
flashbots-c5,138,10000,173.73156182451555,-173.75225509694275,173.75225509694275,-0.020693272427195097,140238.41423006039,9435.416940068664,0.936960142823205,8385,1813,94659.85669625016,0.00000893545622915326,0.057974454002923184,100.00089354562292,9997.110943194171,95.4695741911343,0
flashbots-c5,139,10000,270.07783748683653,-270.0508649951818,270.0508649951818,0.02697249165470339,178764.60536711078,6578.187174938706,0.9645079957805951,8123,2045,127189.55886473521,0.0000011268878982662046,0.07657281446919327,100.00011268878983,10031.481371442002,120.10161621218924,0
flashbots-c5,140,10000,265.36056506614057,-265.3076008220815,265.3076008220815,0.05296424405906919,125449.07682538846,7653.316878084732,0.942500531619778,7011,1892,90650.46856564176,-0.0000015969838604235065,0.11444350233281114,99.99984030161396,10000.845535182172,72.86601294850834,0
flashbots-c5,141,10000,117.37127134576104,-117.35037054380754,117.35037054380754,0.02090080195350197,108836.8973635103,4770.906674385623,0.9580054670118067,8395,1447,69307.22863976209,0.001968742956242977,0.04885658762797064,100.1968742956243,9981.735626044088,87.3522119895297,0
flashbots-c5,142,10000,472.8807378667781,-472.7792125609184,472.7792125609184,0.10152530585969544,233454.95486788847,6045.827214493975,0.9747565450019519,8968,2605,171628.00516028333,0.004583623082635882,0.10635834335433202,100.45836230826359,9956.262322665554,113.27656322645666,0
flashbots-c5,143,10000,114.51213232317828,-114.47873273534513,114.47873273534513,0.033399587833145006,126868.3231677907,11729.987079506767,0.915367026779928,9801,1501,74810.99232626674,0.000007414797242404347,0.05163303890475816,100.00074147972424,9988.124043255166,143.38365960936963,0
flashbots-c5,144,10000,379.2781347307903,-379.0085156513562,379.0085156513562,0.2696190794341078,145595.55286275552,14100.169607649865,0.9117060282546835,7570,2002,104706.80077422597,0.0008825965029549821,0.3185303277300261,100.0882596502955,10004.561195010263,55.61645980707202,0
flashbots-c5,145,10000,208.13847139728261,-208.07422399044907,208.07422399044907,0.06424740683354457,145616.32627380444,10095.718153256897,0.935164179557183,8287,1729,99279.78958372989,-0.0013718995469511697,0.09117012013482664,99.86281004530488,10004.681797474133,115.22724517525236,0
flashbots-c5,146,10000,343.4069660034015,-343.3544226421667,343.3544226421667,0.05254336123482517,205190.86953346766,28391.15458105757,0.8784531699787934,9261,2437,146039.24097405674,0.0026461570648027076,0.06595660383938153,100.26461570648027,10002.273743144668,108.39662639911074,0
flashbots-c5,147,10000,299.0510474657916,-299.03873091989965,299.03873091989965,0.01231654589196296,165511.36795276785,4200.602657358913,0.9752486366031963,6368,1984,127004.85169909385,0.0007340038523274472,0.07667616918328506,100.07340038523274,9993.699599813768,94.86693306153195,0
flashbots-c5,148,10000,262.3659805368971,-262.1614584068071,262.1614584068071,0.20452213008996978,204598.50502462068,1951.4131695655383,0.990552341116248,8097,1860,144672.59411768487,0.0016060645947564467,0.07571291868760455,100.16060645947564,9989.895045028074,253.78965492734454,0
flashbots-c5,149,10000,142.91461483613733,-142.90613812986646,142.90613812986646,0.008476706270869272,138939.29227058424,7141.566082957011,0.9511122390472737,9007,1751,90185.20176216844,0.0001248366691797287,0.046500112537017343,100.01248366691797,9993.96436253736,137.6635502152757,0
flashbots-c5,150,10000,175.31670448008404,-175.33856429518866,175.33856429518866,-0.02185981510461943,91955.84960988694,5963.73045329444,0.9390956287859239,5403,1432,67500.1616904178,0.002154588103586974,0.07044064315356934,100.2154588103587,9987.66000825288,74.1146224176046,0
flashbots-c5,151,10000,286.3192817411721,-286.3517956977342,286.3517956977342,-0.032513956562070234,152632.15382686924,5460.242395992962,0.9654617013439679,6716,1887,112883.90810275362,-0.00018119712458656068,0.157422075707247,99.98188028754134,9997.64306690507,87.19231511011469,0
flashbots-c5,152,10000,323.49523373481185,-323.99591556353636,323.99591556353636,-0.5006818287245096,145117.54281615617,10320.842397967343,0.9336017137353175,8631,1941,100578.54371628498,-0.0000012288257374848398,0.23597477030445305,99.99987711742625,10015.379478035979,90.90929103459119,0
flashbots-c5,153,10000,73.45274526373609,-73.45559737939585,73.45559737939585,-0.002852115659763399,85531.21164731089,1251.7041412894923,0.9855766065254296,7200,1173,53953.47397063334,0.00017282357866548636,0.03484110576261315,100.01728235786655,9999.744620688261,102.91618631381526,0
flashbots-c5,154,10000,105.48422228139377,-105.50649397308302,105.50649397308302,-0.022271691689255135,82818.9941403868,2551.1198201819047,0.970116944890571,6309,1245,56444.060911190405,0.0006599587618558189,0.0517992753507869,100.06599587618558,9977.642468917174,102.51644130375507,0
flashbots-c5,155,10000,334.76330555368,-334.7530700537398,334.7530700537398,0.010235499940222326,160578.6317189587,6329.9789523264235,0.9620751803824377,6652,2063,122709.53095776352,0.00039129273303672107,0.07572987414854779,100.03912927330367,9990.361927940996,80.22522366676966,0
flashbots-c5,156,10000,336.25442060974143,-336.2876459712232,336.2876459712232,-0.03322536148175459,173159.57994681888,9353.19673790728,0.9487531946650286,7037,2022,128420.95019753496,-0.0008667126838284389,0.07099949580981445,99.91332873161716,10020.55025526838,118.8185059000919,0
flashbots-c5,157,10000,403.78121562604525,-403.8225284317914,403.8225284317914,-0.04131280574614493,224205.8307621174,9634.663319917365,0.9587981399126817,9822,2524,159378.94255792827,0.0010573102398821277,0.1260173637935175,100.10573102398821,9980.270584515272,109.00829646753655,0
flashbots-c5,158,10000,302.1880553693491,-302.2383388070009,302.2383388070009,-0.050283437651785334,157485.41220853067,22565.03723062612,0.8746738078082311,7159,2025,115694.64960153845,-0.0013610341479714805,0.14066494796950238,99.86389658520285,10055.885114900328,174.38100864889887,0
flashbots-c5,159,10000,192.768904034199,-192.70010798160644,192.70010798160644,0.0687960525925746,186056.7469722128,22875.441003762768,0.8905126049491563,11314,2213,117116.78063009978,-0.00101651146777769,0.05391675600978957,99.89834885322223,10000.336634947442,89.59126963684643,0
flashbots-c5,160,10000,117.82890810770958,-117.81404287896021,117.81404287896021,0.014865228749371795,86753.01943697916,4046.6014190286824,0.9554337189860531,5363,1273,61968.35213117725,0.0000015987180735521633,0.04121489806900442,100.00015987180736,9999.979802470893,79.25054805216993,0
flashbots-c5,161,10000,95.56142525368638,-95.56579061899492,95.56579061899492,-0.004365365308544256,91146.26289656102,926.598761045643,0.9899362445745262,7165,1261,58479.023127004046,0.0002509581978604558,0.07389664306544674,100.02509581978605,9997.645387700268,91.58311333071114,0
flashbots-c5,162,10000,296.9275521376783,-296.89909231861094,296.89909231861094,0.02845981906733641,152749.1575717858,8320.377070024626,0.9483429495929963,6054,1837,113637.45748547291,-0.00040707571047860825,0.1620935397453546,99.95929242895214,10004.043889560004,94.62081937808479,0
flashbots-c5,163,10000,434.52426563677346,-434.5663874950546,434.5663874950546,-0.042121858281120694,206724.01787408744,12912.788663567748,0.9412084483146319,11344,2916,143953.1369296947,-0.000003981094946823305,0.08205129789406101,99.99960189050532,9963.137735486778,44.00890757798017,0
flashbots-c5,164,10000,101.5620572969162,-101.54599297829465,101.54599297829465,0.016064318621545226,83712.00004134908,10384.272596012825,0.8896420410186402,4721,1254,60187.330538864546,0.000002622247571935077,0.039380838156924794,100.0002622247572,10008.731254125129,86.19144714022153,0
flashbots-c5,165,10000,545.437797689364,-545.5039566712579,545.5039566712579,-0.0661589818939774,276913.09073098586,25189.660702531542,0.9166188967726933,10808,2964,197950.1814816812,0.0000009511365725245468,0.14470986698758181,100.00009511365725,9992.841419639035,96.73209893265582,0
flashbots-c5,166,10000,686.19868382247,-686.4215774396766,686.4215774396766,-0.22289361720663692,270487.7061341341,31153.668440559442,0.8967195117563521,11668,3237,191963.21137137717,-0.0018239341695570489,0.19382645429686662,99.8176065830443,10041.374085581709,84.24358471801214,0
flashbots-c5,167,10000,78.41570975611256,-78.41101359584118,78.41101359584118,0.004696160271379313,65861.64326322467,1507.2695874382691,0.9776266303899035,4960,988,45123.72901906859,0.0006150878326006648,0.04818888558694581,100.06150878326007,9992.12363602748,83.73482049058491,0
flashbots-c5,168,10000,132.57435325955655,-132.57712213460928,132.57712213460928,-0.002768875052737485,103949.55126408733,5428.640399190317,0.9503681646529459,5456,1357,74122.68805164401,-0.0009527696292845178,0.04231112170751047,99.90472303707155,10008.15516103319,101.40934073146617,0
flashbots-c5,169,10000,216.61258561931038,-216.58097197572667,216.58097197572667,0.03161364358371088,176965.05882571422,6866.9753952673855,0.9626453821045536,9771,2126,120966.62185916628,0.005841983048048291,0.06185715044103304,100.58419830480483,9935.343702863678,121.41388861505814,0
flashbots-c5,170,10000,279.5286859482037,-279.3571737517185,279.3571737517185,0.171512196485196,161904.58042155133,19012.074812002196,0.8949125231866649,7023,1959,117483.1036186647,0.0000007520894176593629,0.1103301687194103,100.00007520894177,10010.336112224164,88.99655015191802,0
flashbots-c5,171,10000,367.66338861624456,-367.48267844569153,367.48267844569153,0.18071017055302718,190066.82922110613,12280.611979741583,0.9393092795892982,8351,2379,139322.34921194837,-0.0009940442543874895,0.1569630648619156,99.90059557456125,10012.129839420346,88.88289485925085,0
flashbots-c5,172,10000,87.7394117900173,-87.7369453325353,87.7369453325353,0.0024664574820008056,92133.53357140787,3450.483303377313,0.9639010431221211,6930,1317,60714.481465890094,-0.0012744094017442364,0.05931878118277453,99.87255905982558,10012.331407747468,100.12704678278762,0
flashbots-c5,173,10000,396.6205700230341,-396.6173509595835,396.6173509595835,0.003219063450558224,180607.00215512514,1069.4129538541233,0.9941136390586932,8362,2226,131607.48101413494,-0.0000019295776561989443,0.2276833342066186,99.99980704223438,9998.246886230989,99.82540720581034,0
flashbots-c5,174,10000,337.54828612408613,-337.55140990203586,337.55140990203586,-0.0031237779497246265,215035.55353187092,1442.298448071757,0.9933374318209449,10182,2499,150882.90612545804,0.00000265338499190193,0.0652459820480118,100.00026533849919,9999.94916980204,101.54059972097969,0
flashbots-c5,175,10000,272.0428783705467,-271.98094762726026,271.98094762726026,0.06193074328643888,130165.94622068672,5439.623463412532,0.9598864303576582,5711,1714,98891.13267623557,-0.000001125886364974349,0.10061641579434606,99.9998874113635,10001.807806879639,71.18943770981471,0
flashbots-c5,176,10000,281.8793257768151,-281.9300979143603,281.9300979143603,-0.05077213754520926,193417.9452447864,13341.707850787494,0.93547238229975,10743,2316,131026.02736758393,-0.0000043515884041767095,0.1161163244179275,99.99956484115958,9999.91379925908,113.5668795006855,0
flashbots-c5,177,10000,315.20171177660154,-315.1856826434206,315.1856826434206,0.01602913318095034,192447.39211507863,1571.008982142708,0.9919027835851741,10980,2357,131021.04826997257,-0.001563029272939076,0.15877508416479913,99.84369707270609,10015.71153750737,100.99498380035627,0
flashbots-c5,178,10000,58.23566107699885,-58.242161842475056,58.242161842475056,-0.006500765476204151,57228.22105673828,3981.815611933133,0.934948321735427,3988,799,38123.768430167846,0.001713461130399594,0.04747091327170495,100.17134611303996,9978.98586987565,99.99833791850422,0
flashbots-c5,179,10000,150.29331658951847,-150.40634488109998,150.40634488109998,-0.1130282915815144,109928.79664806633,15876.714215050466,0.8737995330560265,9870,1767,68761.95565254522,0.0004001058262623758,0.08851599090474593,100.04001058262624,9978.352460337852,63.44613090760936,0
flashbots-c5,180,10000,602.301360142037,-601.6982448467936,601.6982448467936,0.6031152952433558,224692.27777901938,22331.84372199188,0.9095965058541846,11534,3231,160302.66058570048,0.02801441439222387,0.16472599882682346,102.80144143922239,9920.105802478172,32.75481328719678,0
flashbots-c5,181,10000,326.6213284389298,-326.39463416915237,326.39463416915237,0.22669426977745388,110973.15366926721,2159.845763801045,0.980908790762868,4243,1426,86781.80988610168,-0.0000008980138119341064,0.19326523667482406,99.9999101986188,10000.61618788959,71.87378761762875,0
flashbots-c5,182,10000,346.1740170219809,-345.99642145137466,345.99642145137466,0.1775955706062291,146840.52666559888,14065.014679966578,0.9125883759978152,5943,1896,113306.34167044573,-0.0008218229015426459,0.13160170351833259,99.91781770984574,10006.108478689028,93.43126881151193,0
flashbots-c5,183,10000,192.38682321689376,-192.37728233703692,192.37728233703692,0.009540879856842821,161929.78667645805,3874.3901474686495,0.9766327349426004,10117,1936,105263.45585160398,0.0011304019294105672,0.06856415869391498,100.11304019294106,10006.138413398017,94.42813841375441,0
flashbots-c5,184,10000,154.74363276405902,-154.87350810743501,154.87350810743501,-0.12987534337599982,157932.77431369174,14182.680039462271,0.9175978700299531,9398,1766,100672.2206120725,0.0001009280058858053,0.040485090014611556,100.01009280058858,9998.11748441886,271.3474029751538,0
flashbots-c5,185,10000,156.60627155691006,-156.5634353433416,156.5634353433416,0.042836213568449466,96582.11960039016,5740.277669966878,0.9439000861678419,4470,1255,71286.07717054083,0.000008535352250618189,0.07752217374512796,100.00085353522506,10000.974779825856,109.93580381075877,0
flashbots-c5,186,10000,160.93586397551553,-160.95798972257757,160.95798972257757,-0.022125747062034407,130072.76064742383,3288.7023882481762,0.9753399346903648,7430,1687,90699.46773515649,0.0001177399698970305,0.051392923314121076,100.0117739969897,9999.794933968198,103.26098876111455,0
flashbots-c5,187,10000,160.47123963778543,-160.46627120866026,160.46627120866026,0.004968429125170815,103017.11025869507,8020.786075713596,0.9277653275098288,4609,1311,76389.53381670082,0.00011431211590561929,0.055398357972668746,100.01143121159056,10006.063395440404,102.17040937157365,0
flashbots-c5,188,10000,111.91549969859963,-111.89214495069001,111.89214495069001,0.023354747909621665,117331.70454540133,5590.935062076305,0.9545166368056403,8899,1499,72277.62875966525,0.0004337949803804975,0.04741528624260994,100.04337949803805,10003.522328626022,99.984134307965,0
flashbots-c5,189,10000,274.78964266474406,-274.66929642451913,274.66929642451913,0.1203462402249329,165137.49358685655,15940.904237363578,0.9119668363045821,8701,2160,115008.37711613245,-0.001889965224663115,0.09474706370601112,99.81100347753369,10035.233910432844,80.90954839688911,0
flashbots-c5,190,10000,165.6230287451943,-165.5736751671908,165.5736751671908,0.049353578003490384,92368.99449221892,1924.2716719744908,0.9795926925616963,5162,1319,65363.11207058115,-0.0007928627915791254,0.12256402423490442,99.92071372084209,10013.269114925584,59.70296125969308,0
flashbots-c5,191,10000,419.76128675166325,-419.5297674390173,419.5297674390173,0.2315193126459576,197161.65352233496,32765.8309800015,0.8574949356275476,8648,2585,144570.20383368048,0.0004497008036975103,0.11000949610114602,100.04497008036975,9969.82303866807,41.520139820593194,0
flashbots-c5,192,10000,266.66951494637095,-266.5142433625452,266.5142433625452,0.15527158382576545,129804.40893245739,2917.7205589014825,0.9780163219948076,5171,1558,99291.63840962484,-0.0002795699098486182,0.10217959041747221,99.97204300901514,10004.02346520495,89.90022131856176,0
flashbots-c5,193,10000,181.70118524567164,-181.73212562118303,181.73212562118303,-0.03094037551139195,131629.01340398294,1171.3597868049696,0.991179544464667,6660,1632,93497.11754427468,0.00005459102112823189,0.04952455883757949,100.00545910211282,9999.933598121266,114.77862858144684,0
flashbots-c5,194,10000,113.31540138174091,-113.31949079650255,113.31949079650255,-0.004089414761637045,99538.31705560695,9505.2224419073,0.9128309436239093,7660,1435,64171.88605062756,0.002061444005936437,0.06616468958309796,100.20614440059364,9986.251693906568,81.8583582561802,0
flashbots-c5,195,10000,288.92797786647253,-288.9781366564714,288.9781366564714,-0.05015878999887491,202500.2664165303,16263.804075406882,0.9256559633451952,10578,2540,137935.6848918356,0.0005691292675462023,0.05407242543597974,100.05691292675462,10021.98218447197,65.52057441264236,0
flashbots-c5,196,10000,341.61570647017413,-341.6015002503264,341.6015002503264,0.014206219847721968,173778.50585528015,5843.575366916975,0.9674673886019152,6414,2057,132668.20775623288,-0.0009445890273789815,0.14088168756009936,99.9055410972621,10011.795070213959,111.53046569883209,0
flashbots-c5,197,10000,538.1220309724954,-537.8062596984187,537.8062596984187,0.3157712740767238,276711.43902754656,17190.618037107142,0.941509024438963,10242,2912,201524.8503201471,0.001617425484215289,0.10789306898474749,100.16174254842153,9980.698717029236,109.37046831301399,0
flashbots-c5,198,10000,202.45815130410716,-202.43631931518064,202.43631931518064,0.021831988926521717,155515.67008967506,17914.656488892204,0.8967040145612796,9050,2099,104244.31583625844,0.0020589821196492154,0.06143099177432347,100.20589821196492,9972.738264299265,92.39607552260667,0
flashbots-c5,199,10000,153.94304520642072,-153.6889730501556,153.6889730501556,0.25407215626512425,91756.11988982951,2628.522066391539,0.9721509557920373,7292,1412,61156.99001638551,-0.0000001692048498114218,0.08832169122567052,99.99998307951502,9988.984784606459,65.97886838948915,0
flashbots-c5,200,10000,106.65850487423437,-106.62941000431356,106.62941000431356,0.02909486992081156,74061.82637412321,12242.772145197823,0.8581446138996054,6227,1387,49545.82788151528,0.0000040435420218898346,0.04965905841952562,100.00040435420219,9995.09256034624,31.11320204960449,0
flashbots-c5,201,10000,101.23101234238823,-101.51695448996135,101.51695448996135,-0.28594214757312386,80186.2777065557,6825.55200646824,0.9215560455517396,5583,1081,52745.7946362387,0.0013226512830129878,0.10486846064564631,100.1322651283013,10001.012324033554,172.37792516449392,0
flashbots-c5,202,10000,188.78347907533325,-188.8204997207365,188.8204997207365,-0.03702064540325978,132724.90508240965,5746.282941587614,0.9585019596958193,9334,1916,89505.63155690697,0.0017610431811542072,0.08346276653396131,100.17610431811542,9949.432281615458,72.30082144211484,0
flashbots-c5,203,10000,410.3294737484678,-410.4222001351235,410.4222001351235,-0.09272638665567001,144151.85254810768,3344.2604097813105,0.9773264505571336,6068,2072,111511.60593723247,0.0004620838048063547,0.12134580579255527,100.04620838048064,9987.105326709803,57.902198364854954,0
flashbots-c5,204,10000,398.0550812323316,-397.9201220376845,397.9201220376845,0.13495919464708095,255602.88614719984,9206.465868920312,0.9652336075035602,11735,2829,178688.5215024478,-0.0007186392763301796,0.07878062974145465,99.92813607236698,9999.443169210157,131.48932780081054,0
flashbots-c5,205,10000,98.89050782725795,-98.88445962328335,98.88445962328335,0.006048203974600597,99746.99980980885,2708.049326621798,0.9735684151298808,6642,1341,66869.25707598691,-0.0000017614229933826665,0.04120048913209672,99.99982385770066,9994.725575753759,107.1066617850174,0
flashbots-c5,206,10000,387.702585628179,-387.7090541431308,387.7090541431308,-0.006468514951791349,206264.02487476054,2713.9051589590003,0.9870134364977148,8310,2500,152729.86908396316,0.001630928567372223,0.08896100476968898,100.16309285673722,9984.405275413461,79.35603674676747,0
flashbots-c5,207,10000,165.06543937766753,-165.05339485841586,165.05339485841586,0.012044519251674046,127311.52358021904,10042.941879907537,0.926883033279883,7173,1677,87802.32969868515,-0.0013552497917548579,0.04759168324910803,99.86447502082451,10009.442613123221,90.7594439157596,0
flashbots-c5,208,10000,162.6791553108254,-162.65461006851578,162.65461006851578,0.024545242309613968,103216.98322574863,3069.5814505658645,0.971119760433372,5498,1404,75091.60372144128,-0.00128986350173534,0.05434301774500994,99.87101364982647,10010.93955737083,86.60562109209545,0
flashbots-c5,209,10000,278.1902058531632,-278.1920103228225,278.1920103228225,-0.0018044696593051412,187937.53120665762,4441.555737556043,0.9769124814546811,9361,2302,131892.15889720526,0.000007234209567172911,0.10542011272447596,100.00072342095672,9999.531024458081,98.00199013650169,0
flashbots-c5,210,10000,131.7315814106648,-131.72946338533595,131.72946338533595,0.0021180253288548556,113201.13631162021,955.5264172707816,0.991629692087793,6720,1524,78795.16037372967,-0.0010768730252654279,0.04559216504786704,99.89231269747346,10011.414752211513,102.27583272581126,0
flashbots-c5,211,10000,120.32733651973133,-120.42414930045905,120.42414930045905,-0.09681278072771704,87651.39921059966,2587.980425290251,0.9713209417470223,5008,1090,59863.45448543375,-0.0016674977074352172,0.07483471010213506,99.83325022925648,10010.012976967586,129.21013403521889,0
flashbots-c5,212,10000,320.32731004558707,-320.55279825505556,320.55279825505556,-0.22548820946849446,291040.0514075601,3917.8959626650735,0.9867171032426957,10788,2484,200877.31273668032,-0.0003395205525303879,0.048005074477749474,99.96604794474696,9995.010690605157,284.2480316052466,0
flashbots-c5,213,10000,186.15800867583175,-186.17730410929218,186.17730410929218,-0.019295433460428058,175950.1271705017,6320.680282906293,0.9653225858204311,11304,1982,112413.66302814394,0.003061897907617208,0.044431684958718305,100.30618979076172,9952.686019428153,69.24468368883747,0
flashbots-c5,214,10000,344.6659586607788,-344.5394028850144,344.5394028850144,0.126555775764416,218458.09421645297,15852.238002795142,0.9323451174660026,9210,2516,155069.94279064078,-0.0017007630818568487,0.09261764728290373,99.82992369181432,10011.452844966172,109.72608520405835,0
flashbots-c5,215,10000,95.26105728319197,-95.26014988864131,95.26014988864131,0.0009073945506656855,74639.48782902972,2403.612046249256,0.9688017220213058,4023,1006,53360.563829567436,0.0005549074908880414,0.03840733893705732,100.0554907490888,9982.357533026767,96.90540235547302,0
flashbots-c5,216,10000,60.75188982895932,-60.74003148897656,60.74003148897656,0.011858339982758537,63884.181109467005,4175.153638083706,0.9386542102773938,5084,868,40494.30451791655,-0.0012372644258343258,0.040645295480398004,99.87627355741657,10011.93254968473,114.76331468946934,0
flashbots-c5,217,10000,209.67282065715003,-209.48004978459585,209.48004978459585,0.19277087255417769,183436.16961961586,21354.601367707786,0.8957247864991453,7997,1841,126349.33936781243,0.0007262524950108684,0.05825967880702052,100.07262524950109,9948.723378530947,328.77473811409266,0
flashbots-c5,218,10000,209.6026292704213,-209.5980834643087,209.5980834643087,0.00454580611258848,176671.50091440123,4630.00431781679,0.9744624055278168,10299,2078,114539.09280757091,0.003091183306763554,0.043819202119714476,100.30911833067636,9961.541699825122,112.78941581322782,0
flashbots-c5,219,10000,156.91043917194904,-156.85015732763003,156.85015732763003,0.060281844319007405,120183.09478479053,3760.297732026945,0.9696611682505244,8861,1553,77275.69551502819,0.0004556022817534711,0.07765776430067448,100.04556022817535,10005.474321006835,110.29641023208549,0
flashbots-c5,220,10000,231.17210618679997,-231.1531762654596,231.1531762654596,0.018929921340372857,177968.05835563643,10627.992901915784,0.9436467898927434,9248,2172,122298.90482139622,0.0025989005094879756,0.05132717882511969,100.2598900509488,9969.67650044702,98.7563300744678,0
flashbots-c5,221,10000,47.81459631575186,-47.79350372388966,47.79350372388966,0.021092591862199583,53556.45082641788,4660.0552740521425,0.9199530238724766,4551,723,32448.212060379577,0.0000021667303090566746,0.04633646325945975,100.0002166730309,10008.644789388678,111.41168931313693,0
flashbots-c5,222,10000,73.13076959174873,-73.1061442631418,73.1061442631418,0.024625328606930452,80540.51784542573,3845.8459885812954,0.9544257411523703,6212,997,49388.958706161284,-0.00122700825656068,0.046330068810367775,99.87729917434393,10004.291899507161,128.64247561923003,0
flashbots-c5,223,10000,216.38871808207398,-216.3253431322477,216.3253431322477,0.063374949826283,132481.3535770343,2177.394494258551,0.9838302781999299,5707,1647,99283.16599327103,-0.0007143958602914324,0.04856226581889359,99.92856041397086,9998.140868114648,117.63821917798023,0
flashbots-c5,224,10000,418.9969319950928,-419.0590522286834,419.0590522286834,-0.062120233590633234,224597.54721572727,24970.576751691893,0.8999448473036894,9867,2678,159505.39930635778,0.004143245107554349,0.06583708828841509,100.41432451075543,9989.637390353377,87.56235304753778,0
flashbots-c5,225,10000,71.7317509125348,-71.73342399658613,71.73342399658613,-0.0016730840513190515,67778.51020797144,3941.4870787800432,0.9450434017304663,4615,878,44003.36582992984,-0.0015221502632822136,0.05033663696283114,99.84778497367178,10016.03458622785,138.8464263594924,0
flashbots-c5,226,10000,85.52975840351645,-85.54874748682441,85.54874748682441,-0.018989083307957344,107960.95612381284,4764.58643728746,0.9577328586845796,8610,1228,64106.26064508912,-0.001855650636720867,0.030063344014183,99.81443493632791,10042.65448176186,174.5364242223458,0
flashbots-c5,227,10000,89.00894919645114,-89.03039632426682,89.03039632426682,-0.02144712781567648,72901.5533353647,8067.667222985765,0.9003613080704933,5028,1100,49289.0717546282,-0.00007587273057268362,0.03473545337709439,99.99241272694273,9991.512194457891,60.317391349748426,0
flashbots-c5,228,10000,306.7234079065323,-306.5961610527097,306.5961610527097,0.12724685382261214,190871.21717719184,5377.72903378337,0.9725974119218856,9811,2434,132391.23854566878,-0.001536655834988352,0.08856535086539537,99.84633441650116,9977.957104987116,73.84290400801531,0
flashbots-c5,229,10000,320.73084597980574,-320.669334402911,320.669334402911,0.061511576894758946,237088.7816185347,18098.265485952095,0.9290784321096763,11592,2623,159271.30453098958,-0.0004080727661168737,0.09962453971011456,99.95919272338831,9957.405565475194,117.3265333682859,0
flashbots-c5,230,10000,260.29700555032235,-260.1997101745485,260.1997101745485,0.09729537577385372,182788.13377216065,13011.984384443094,0.9335445529504945,8436,2026,129141.6298943304,0.0044042714211131795,0.06522341464235083,100.44042714211132,9945.698897962373,105.4279823870154,0
flashbots-c5,231,10000,213.6686411549506,-213.65647474074106,213.65647474074106,0.01216641420953124,133360.9725037977,1780.2066410278542,0.9868270600249827,5846,1746,100287.2768834707,0.00011140253826923185,0.06132330339985487,100.01114025382692,9999.342836374768,102.69018879406573,0
flashbots-c5,232,10000,205.05021391638942,-204.98438973482388,204.98438973482388,0.06582418156554581,112921.82018750874,1390.2279931232974,0.9878383073766074,4283,1456,89914.37320175408,-0.005989176175887963,0.05312399445322228,99.4010823824112,10058.006804146167,95.87193177792206,0
flashbots-c5,233,10000,246.5510688171671,-246.53816800998237,246.53816800998237,0.012900807184735186,166753.84910374528,13618.273308786534,0.924499012781809,7873,2038,118637.58649256857,-0.000003392221697566811,0.06863822328302546,99.99966077783024,10015.294930397864,79.76077115787699,0
flashbots-c5,234,10000,83.99888689150043,-83.92415204107076,83.92415204107076,0.07473485042967809,100099.47750655387,9044.935879224713,0.9171287324871613,6887,1331,64809.72222606254,0.005684000997507894,0.032125850389032845,100.56840009975079,9925.50338782773,132.19781396251048,0
flashbots-c5,235,10000,557.790522532192,-558.022672738352,558.022672738352,-0.23215020615998583,213617.48703450584,8879.140142219137,0.9600931472315462,9071,2814,159669.99107213668,0.0000024881181424518674,0.14064180850805796,100.00024881181425,9968.667727569153,70.6910179816114,0
flashbots-c5,236,10000,124.87999584953134,-124.84341856016354,124.84341856016354,0.03657728936779847,78576.1288032216,7878.518772345733,0.9088710787299276,5103,1150,54483.144927638714,0.000002732714489468435,0.07657402511164449,100.00027327144895,10018.20446751042,67.21480809917236,0
flashbots-c5,237,10000,232.73813149551896,-232.77774926185907,232.77774926185907,-0.03961776634011471,132406.83183264706,6099.838165600759,0.9559599680962807,5634,1624,98066.6876254954,0.0018148965537217521,0.08324544152242552,100.18148965537218,9974.645852959013,92.4113136470382,0
flashbots-c5,238,10000,161.50828469642738,-161.54547347956432,161.54547347956432,-0.03718878313694063,130202.39438916119,16981.758514787067,0.8846223715003525,9876,1839,81827.44077806157,-0.00021563877766098472,0.06149799733511941,99.9784361222339,9985.551765260989,42.80061201675412,0
flashbots-c5,239,10000,292.7817941928967,-292.533200258644,292.533200258644,0.24859393425271037,146441.63696052908,14937.468688676014,0.9074386449931996,7852,1814,101229.49211803098,0.0003521313236443291,0.1305415587180714,100.03521313236443,10003.075555505167,74.2257792015887,0
flashbots-c5,240,10000,733.5728904884885,-733.6274990738549,733.6274990738549,-0.054608585366395346,299632.47414275707,5305.175889664736,0.9826024241706438,11802,3158,213964.52562406633,-0.000018133673146820685,0.2822907143416474,99.99818663268532,10002.588097809237,94.64523357043299,0
flashbots-c5,241,10000,121.46732050110927,-121.49872838119305,121.49872838119305,-0.03140788008377626,93009.25684629423,2975.865295753514,0.9689965983337548,4989,1110,65889.54720724585,0.0005637034208814385,0.07454188273968355,100.05637034208814,9990.628590945913,152.4143206434038,0
flashbots-c5,242,10000,168.43206525014824,-168.42693820914633,168.42693820914633,0.005127041001912858,135317.30230002254,470.74821276509954,0.9965332132614957,7959,1771,92779.12640885917,0.0016337381472142454,0.06312971487314244,100.16337381472142,9983.66749082172,98.9583810440994,0
flashbots-c5,243,10000,94.68964766237818,-94.72717412996832,94.72717412996832,-0.037526467590140555,141246.3720106461,3966.198054296522,0.972686950912564,9007,1313,83105.30846842728,0.0004366530240312727,0.058883010755839536,100.04366530240313,9967.677741889702,207.80799920429928,0
flashbots-c5,244,10000,97.38968887872117,-97.34913035264417,97.34913035264417,0.04055852607700672,96526.02037188696,4916.992884417081,0.9515295067981282,6762,1165,61791.34354121759,-0.0002132514876360858,0.056423996448267386,99.97867485123639,9990.902262287693,165.48230014142715,0
flashbots-c5,245,10000,220.6568814121203,-220.77573534736882,220.77573534736882,-0.11885393524852361,132046.5931926888,3591.904652180682,0.9735185459198409,6340,1716,95994.14416964301,-0.0002963706495965823,0.12355754459326619,99.97036293504034,9995.992389166922,65.46384509427882,0
flashbots-c5,246,10000,54.29725778515007,-54.25913576991614,54.25913576991614,0.038122015233930995,52339.349547894235,5256.163141812245,0.9087400580991507,4036,707,33648.43235669615,0.0004347617759735556,0.05310543048261636,100.04347617759736,9999.148116298948,100.37268906431748,0
flashbots-c5,247,10000,235.50884415338368,-234.6459131128023,234.6459131128023,0.8629310405813726,151935.82860571757,1681.4870102455568,0.9890540529008514,9051,1861,100657.73382424485,-0.0193421664662111,0.17327881710908882,98.06578335337889,10227.539871169645,116.00465957405977,0
flashbots-c5,248,10000,277.5108799742355,-277.58138307139416,277.58138307139416,-0.07050309715867797,194349.13485702625,9232.40665405779,0.9546500798376403,7569,1845,138447.62216229687,-0.0014820726456686373,0.11477731060832795,99.85179273543314,10021.162086360913,182.14330186882077,0
flashbots-c5,249,10000,318.28358944353823,-318.57576576145794,318.57576576145794,-0.29217631791971144,138242.35226935206,7448.067264968541,0.9488774396506287,5795,1781,104541.15611262206,0.000007437399682856949,0.140291201202039,100.00074373996829,9973.53391704478,73.0803811305613,0
flashbots-c5,250,10000,303.49637386243126,-303.35974409608855,303.35974409608855,0.13662976634270763,177492.6575818976,3317.767254439217,0.9816505754165318,6998,2002,132658.182038324,-0.00040259239644797163,0.0815893289910261,99.9597407603552,10016.51137770843,90.4898072281145,0
flashbots-c5,251,10000,301.9633530222946,-302.104982716297,302.104982716297,-0.141629694002404,158566.62011609762,2119.0231581990893,0.9868126167651341,6363,1889,120322.74098045519,-0.00021232927844550887,0.08483355475993819,99.97876707215545,10010.813772170806,105.52670585095511,0
flashbots-c5,252,10000,161.74874852379392,-161.75991486576396,161.75991486576396,-0.011166341970039184,168855.72184450415,5654.87164724883,0.9675958259375464,11387,1769,103572.75882051986,-0.0012209898864520596,0.08112778388818001,99.8779010113548,10029.18173093992,146.94629569126272,0
flashbots-c5,253,10000,97.13650573148666,-97.10136909803686,97.10136909803686,0.03513663344980955,103419.29319203336,7411.159495129251,0.9331306575454629,8319,1355,63790.313035602965,-0.0007390927203010733,0.038083193897551694,99.92609072796989,10010.697874345917,89.36704191664047,0
flashbots-c5,254,10000,212.21116236075622,-212.10969577275404,212.10969577275404,0.10146658800218233,113404.84814172372,12811.197412097712,0.8984978704103456,5406,1563,85113.66742110263,-0.0001354727978856829,0.06140577638445734,99.98645272021143,9991.323149345852,78.18074559021296,0
flashbots-c5,255,10000,226.69643699320352,-226.66732137576122,226.66732137576122,0.029115617442300845,172603.09439034993,6262.439388767181,0.9649880038012202,9890,2055,115143.7118505287,0.0011043190563033533,0.08592500033376382,100.11043190563034,9989.073687415714,101.52218870979752,0
flashbots-c5,256,10000,416.1986404268328,-416.3185315181022,416.3185315181022,-0.11989109126938047,223973.09855279297,14178.119868177015,0.9404658940559567,10609,2549,157141.67912162555,-0.0038147671956583907,0.1581483963843712,99.61852328043416,10032.972295539928,101.36543166143167,0
flashbots-c5,257,10000,201.8265627853126,-201.81432242172238,201.81432242172238,0.012240363590223069,170639.93139375316,2994.846446142009,0.9827520357188841,11209,2111,110801.35687622402,0.0007962766465364268,0.060402267792896966,100.07962766465364,9991.91662808642,103.93354410602677,0
flashbots-c5,258,10000,364.37917436821726,-364.2735551050812,364.2735551050812,0.10561926313607728,190032.4189972086,28028.547651340985,0.8714646271539519,7630,2204,137402.01324256186,-0.0005221690430829539,0.07687110995064103,99.9477830956917,9950.715526118192,78.2283451972868,0
flashbots-c5,259,10000,121.38474695379071,-121.39360385109796,121.39360385109796,-0.00885689730725403,122837.01948474025,3274.73605553773,0.9740330626474244,7668,1328,79421.38522017797,0.0015948637619469252,0.07218624624358398,100.15948637619469,9983.164661124736,108.29608654382311,0
flashbots-c5,260,10000,178.86977627311293,-178.89275871832538,178.89275871832538,-0.022982445212448965,153057.393632491,3456.579399540839,0.9779152025050605,9556,1836,101690.64092712804,-0.0000023299940019683165,0.06114694663471184,99.9997670005998,9993.656883668917,109.49047363123745,0
flashbots-c5,261,10000,224.9298105586846,-224.99676989054058,224.99676989054058,-0.06695933185596914,111160.12865362411,16156.207171292557,0.8731018524322731,5178,1618,82708.12151725142,-0.003013805307452202,0.11100308518765317,99.69861946925478,10013.972090670732,50.65810344203464,0
flashbots-c5,262,10000,207.37766647037995,-207.36222184688253,207.36222184688253,0.015444623497415932,155447.84897924835,6199.702437840223,0.9616467902947472,9985,1972,102141.98199417055,0.003427904931874366,0.07303457883602832,100.34279049318744,9964.48885987795,106.52284600287264,0
flashbots-c5,263,10000,147.82934621545297,-147.88678163025622,147.88678163025622,-0.057435414803251206,103159.95182099433,8115.984774735902,0.9270643319388846,4330,1243,75774.19580558644,-0.0010207057433646582,0.04678587999793407,99.89792942566353,10021.198759390201,139.7420681636363,0
flashbots-c5,264,10000,75.71771401901282,-75.65564254767143,75.65564254767143,0.062071471341383244,115685.38193760757,6054.534306262096,0.9502666463632714,8590,1229,67067.67054154372,-0.00029679118425704584,0.035127996011814704,99.9703208815743,10045.041932988894,277.5065921963876,0
flashbots-c5,265,10000,190.85944527889916,-190.88317204062105,190.88317204062105,-0.023726761721889034,144601.95072885128,4085.981732089022,0.9725197488157797,9440,1904,97045.4459810449,0.0010537745193524017,0.06103403476966264,100.10537745193524,9980.516015918458,87.13095896679536,0
flashbots-c5,266,10000,213.61220647269064,-213.59506364860363,213.59506364860363,0.01714282408701706,118637.85557470247,3234.3935704821533,0.9734607870686864,4882,1484,91332.42732103144,0.0017421449552603007,0.06655409295037344,100.17421449552603,9984.599208525544,104.78263269803747,0
flashbots-c5,267,10000,557.7361913493489,-557.746598042504,557.746598042504,-0.010406693155118774,270507.5788711133,1376.216090980552,0.9949382195022971,10573,2952,196177.65640590023,-0.000000920383439648731,0.10537747215762863,99.99990796165604,10000.22809332894,101.65458535084109,0
flashbots-c5,268,10000,147.88140913559695,-147.95662688238457,147.95662688238457,-0.07521774678761517,131257.4234999163,2392.405976157654,0.9820994461007827,6686,1431,89548.26498192674,0.0020548252770021236,0.06992603115279451,100.20548252770021,9988.41317872792,119.34976369164225,0
flashbots-c5,269,10000,73.0009157465206,-73.00746210787982,73.00746210787982,-0.006546361359212938,73065.93329272929,8282.258710413875,0.8981875502519605,5209,1045,47391.42571633622,-0.0004863273809169755,0.04118856118939533,99.9513672619083,10001.579343099524,82.89332654495395,0
flashbots-c5,270,10000,345.18857987105304,-345.3684127455042,345.3684127455042,-0.17983287445116503,171223.14657969485,14658.199387746603,0.9211421710368177,8114,2287,125241.68425401981,-0.003263359581970775,0.13253987245082313,99.67366404180292,10011.589113706761,61.016651922615246,0
flashbots-c5,271,10000,430.45914769245496,-430.5065493126034,430.5065493126034,-0.04740162014843463,264111.96969153173,35525.491020977395,0.8814384191599369,10504,2811,186769.51092713277,-0.000011052689232400326,0.06713780059406659,99.99889473107676,9993.048342196582,72.2700787258984,0
flashbots-c5,272,10000,80.51337194569737,-80.53757918425971,80.53757918425971,-0.024207238562340194,54024.981818097396,4586.727775798317,0.9217438322891709,4214,934,36792.82227088203,0.0032634132298422,0.07046551869314556,100.32634132298422,9990.382805331607,30.13487132994103,0
flashbots-c5,273,10000,500.8708872961685,-500.53845901881704,500.53845901881704,0.3324282773514824,118941.17525929335,36274.21216481578,0.7662975767621515,5627,2253,92448.11157986516,-0.0016606284689510175,0.46925919308292774,99.8339371531049,9989.877923281801,18.907137590054095,0
flashbots-c5,274,10000,210.36497740915615,-210.35104108576925,210.35104108576925,0.01393632338690054,104859.07643184716,1126.7229863554062,0.9893691136686195,6355,1407,74640.39399323348,0.004097707333714595,0.16500024066806673,100.40977073337146,9966.07084323366,86.94610444573428,0
flashbots-c5,275,10000,119.36519819591378,-119.42764055613138,119.42764055613138,-0.0624423602176023,116478.99960740386,12917.825001798397,0.9001689180487067,9010,1529,72034.09722685993,0.001324450245708988,0.06944634441495708,100.1324450245709,9995.480486511888,66.29636097997468,0
flashbots-c5,276,10000,363.7562396507856,-363.9628874970639,363.9628874970639,-0.20664784627831523,226712.36577608908,24646.77902895454,0.9019459624273037,10309,2646,160309.30928716657,0.0008912101358482972,0.10185497888949513,100.08912101358483,10024.509989229628,138.11822407017874,0
flashbots-c5,277,10000,194.9265874648268,-194.94942960321154,194.94942960321154,-0.022842138384731925,184315.77383319184,4454.499326776801,0.9764025381104262,10948,2011,119325.28835328516,-0.001500137508008521,0.04955764438358443,99.84998624919915,10011.180441896064,142.15299267750655,0
flashbots-c5,278,10000,325.6141155643496,-325.6240486082766,325.6240486082766,-0.009933043926992013,237119.05676912068,7053.061345722903,0.9711143868506494,11314,2588,163210.54336000636,-0.0014001255331221785,0.08257659721747032,99.85998744668778,10041.913057678401,149.28264857405574,0
flashbots-c5,279,10000,471.73478530098237,-471.7648513431384,471.7648513431384,-0.030066042156022377,233147.43215101812,29793.598257296126,0.8866909503966329,10799,2937,165222.38857145194,-0.0015506414477255248,0.10863192573187362,99.84493585522745,10018.74670240089,61.750290027930994,0
flashbots-c5,280,10000,131.8105813081837,-131.85507408384845,131.85507408384845,-0.04449277566473597,118643.04537957204,3994.0766514841976,0.9674317483537102,6686,1380,81057.78144343462,0.0004324943676026294,0.04431849013963557,100.04324943676026,10000.434492646353,169.94488864631452,0
flashbots-c5,281,10000,154.89999556071626,-154.9009907672234,154.9009907672234,-0.0009952065071274774,119816.56883125317,3426.9516297045634,0.972193656778977,6279,1495,85709.06360583693,-0.0006423872591449254,0.04688285595581845,99.93576127408551,10021.804533130387,116.82539784415584,0
flashbots-c5,282,10000,148.49344671067047,-148.46506647066963,148.46506647066963,0.028380240000842605,111555.66234308557,8216.03118507269,0.931402563134493,7383,1575,75444.26979201127,-0.002421538154353584,0.07279496588769022,99.75784618456464,10024.247680178196,71.85428895294675,0
flashbots-c5,283,10000,136.94595425084805,-136.97880972434422,136.97880972434422,-0.03285547349616991,86829.53253596784,9098.642704826785,0.9051515085949694,5353,1349,60828.04216775052,-0.0022003336942034934,0.05834150870560507,99.77996663057965,10006.730137564851,59.544311072851286,0
flashbots-c5,284,10000,740.8933464213402,-740.77986793067,740.77986793067,0.11347849067021798,298102.4705781496,6555.457457527985,0.978482564035687,10830,3152,219421.61896751044,-0.003962178556314342,0.20221168987793306,99.60378214436857,10031.552293374802,104.0632719251634,0
flashbots-c5,285,10000,133.80575241597563,-133.80981364191032,133.80981364191032,-0.0040612259346914925,145993.1625387713,6312.843011753702,0.9585515818044383,10876,1814,89958.76907602267,-0.0006679879579129988,0.04241459558057485,99.9332012042087,9999.509459647254,100.77628519878832,0
flashbots-c5,286,10000,215.40757030225407,-215.3721356282856,215.3721356282856,0.03543467396846722,133651.84005522454,4456.817787206815,0.9677296278391785,9506,1931,89454.63690157361,-0.0007503842937089189,0.08054321924092904,99.92496157062911,10020.58738697627,77.88995752428121,0
flashbots-c5,287,10000,214.42608705407832,-214.5302042331932,214.5302042331932,-0.10411717911486562,169168.3522102392,9925.60220756642,0.9445787980960478,9731,2045,113533.9881676558,-0.00035808737437022844,0.07489648504424394,99.96419126256298,9994.677472793315,115.90317231086996,0
flashbots-c5,288,10000,445.442013920397,-445.50108881401525,445.50108881401525,-0.05907489361823082,231650.3520977215,31836.940126440808,0.8791708706036743,9162,2716,169398.2143090169,-0.004497300111867304,0.09010468734148233,99.55026998881327,10025.86788642275,95.42736206669963,0
flashbots-c5,289,10000,133.24951640422236,-133.2028248523049,133.2028248523049,0.04669155191746199,91014.9242618779,5338.71860583835,0.944592457047339,6636,1401,61805.61992301874,0.0018004594100598582,0.06175730272416814,100.18004594100599,9992.605819472687,57.840803254481386,0
flashbots-c5,290,10000,284.39776463165447,-284.44431156880074,284.44431156880074,-0.04654693714627456,173990.86181789186,20089.359542476755,0.8964894031876913,8474,2207,123745.32367877889,0.00010776922133658218,0.1408932727732784,100.01077692213366,9972.064501536926,86.58954499298352,0
flashbots-c5,291,10000,266.4628522161207,-266.2946087115591,266.2946087115591,0.16824350456164439,216339.07892854756,14759.241552641732,0.9361343625435691,11085,2262,141686.9951060586,0.0016940357276602925,0.06966382432399669,100.16940357276603,9982.942486371703,153.01921293116803,0
flashbots-c5,292,10000,268.5979572393344,-268.3880322405466,268.3880322405466,0.20992499878781246,273035.9128763589,4737.873378536035,0.9829434107429116,11017,2282,182138.73637535964,-0.0034769270604304834,0.08603476344932574,99.65230729395695,10189.052368116232,493.09013499152775,0
flashbots-c5,293,10000,73.9140680540284,-73.91708682497097,73.91708682497097,-0.0030187709425604226,65932.07672878631,5481.172344329566,0.9232471226912291,4404,911,45720.5463430716,0.00012850189603625495,0.04504749316228299,100.01285018960363,9995.084663525497,103.97254062375309,0
flashbots-c5,294,10000,217.1910252226481,-217.39786300805008,217.39786300805008,-0.20683778540197295,165570.3860397002,19840.374783710624,0.892992323122998,10871,2084,107267.49827797692,-0.0009107601343725946,0.1103976291890487,99.90892398656274,9981.813158907078,61.9183229772161,0
flashbots-c5,295,10000,173.08765392443962,-173.11463835236327,173.11463835236327,-0.026984427923650856,109336.23463895162,3138.1454202032196,0.9720990200741472,4735,1366,83323.3469819162,0.00000025364677583183945,0.061278099054695334,100.00002536467758,10001.018451330385,105.5472614564718,0
flashbots-c5,296,10000,204.1654130882003,-204.16278217084047,204.16278217084047,0.0026309173598235702,158787.61883720668,1210.594704544636,0.9924336986160865,10025,2036,106630.88417649249,0.0014741797323046058,0.07835470440759253,100.14741797323046,9985.350766533007,100.7854773452055,0
flashbots-c5,297,10000,103.83906438575858,-103.82004270400152,103.82004270400152,0.01902168175705299,88397.93395096577,9242.604236429994,0.9053405029508215,6667,1315,57291.0970621472,-0.0000032779494726753456,0.07856137627948413,99.99967220505273,9996.31475642707,65.1742623323321,0
flashbots-c5,298,10000,245.36892708272435,-245.29578976229644,245.29578976229644,0.07313732042791798,146822.98535201608,2110.1164827478174,0.9858317831512775,6619,1622,104986.62803661507,-0.0005819235262964639,0.09011770731184071,99.94180764737035,10005.567374116165,126.87282753788942,0
flashbots-c5,299,10000,367.85569964909814,-367.8962562688825,367.8962562688825,-0.0405566197843541,231453.09100336544,19944.23697269053,0.9206664719420165,11658,2865,159234.98070128498,0.0019544125309990078,0.07251835491120161,100.1954412530999,10003.929309760666,75.61270530574372,0
flashbots-c5,300,10000,199.68101200310093,-199.67444902020262,199.67444902020262,0.00656298289831625,175215.0921298632,1857.7840530998715,0.9895083646171744,10848,2177,115824.66579116264,-0.0008770274214916185,0.05624730064221822,99.91229725785084,10010.841824688654,102.79312941173237,0
flashbots-c5,301,10000,315.63685436746596,-315.71030285543713,315.71030285543713,-0.0734484879711772,148111.38263423758,9378.61899229904,0.9404494323738786,6721,1988,111474.24095913148,-0.0020270255535353955,0.08865367567454996,99.79729744464646,10019.224061913466,63.168482125548095,0
flashbots-c5,302,10000,345.0801667360066,-345.04684320388776,345.04684320388776,0.03332353211885675,181168.43464849726,4747.9727235264045,0.9744617874740577,7742,2154,134734.9342991888,-0.00006277431224802399,0.06481573074099017,99.9937225687752,10001.785318869725,101.9797741604915,0
flashbots-c5,303,10000,359.32925117406927,-359.3518126887739,359.3518126887739,-0.02256151470464829,214343.40228263428,2737.7663904908973,0.9873882824234591,9463,2421,153878.44759766263,-0.0027322290931823547,0.09701369068225177,99.72677709068176,10028.261607257607,99.98327419905475,0
flashbots-c5,304,10000,101.89737803214952,-101.9049178971205,101.9049178971205,-0.007539864970979693,107346.75861901247,4267.892333050376,0.9617622570455971,8565,1406,67535.92791516877,-0.0016607630903139636,0.04755712327912292,99.8339236909686,10025.533082538752,80.1618422792759,0
flashbots-c5,305,10000,63.77672689143355,-63.805848020861575,63.805848020861575,-0.02912112942802736,66702.92220964217,2749.8761815133053,0.9604065459533234,4111,908,45314.38754864368,0.000033270496305277676,0.04843051790253369,100.00332704963053,10003.696601164065,120.98806606627531,0
flashbots-c5,306,10000,317.09928781768883,-317.11336514418315,317.11336514418315,-0.014077326494316367,196604.26819512184,21637.74615615042,0.9008543509806352,8745,2428,142385.27103469288,0.0000009197564648388834,0.06668079589207893,100.00009197564648,9996.873769000384,88.33883802758481,0
flashbots-c5,307,10000,335.3762393547103,-335.4642257754335,335.4642257754335,-0.08798642072315488,117126.01095155471,2381.3693529481307,0.9800734536488003,4568,1664,94569.07139872618,-0.00000941483017641076,0.11028595524843282,99.99905851698236,9969.617574365484,35.262454488288526,0
flashbots-c5,308,10000,188.7433161943159,-188.8277508820351,188.8277508820351,-0.08443468771920948,131612.85818630783,17030.778871575138,0.885425442967712,7393,1720,90107.31028812075,-0.0004277281961033452,0.11079113888526251,99.95722718038967,9981.048160339327,71.39019780118406,0
flashbots-c5,309,10000,117.42708082175558,-117.34080986132646,117.34080986132646,0.0862709604291183,80664.96743271474,3639.65577668561,0.9568273288210394,5233,1134,55987.326084112494,0.0015538895793577013,0.08525241623773012,100.15538895793577,9990.549780848685,74.06469152766799,0
flashbots-c5,310,10000,276.50788851341224,-276.5591068406676,276.5591068406676,-0.05121832725535569,194439.64371158238,13277.747242563873,0.9360778258306983,10510,2339,130441.49005982181,0.0006638840490516884,0.07418737285753864,100.06638840490517,10011.130765877375,83.06030370845933,0
flashbots-c5,311,10000,288.1094921974155,-288.1106619497268,288.1106619497268,-0.001169752311341199,228879.149691303,5662.255614531363,0.9758581833039331,11091,2472,158038.383151007,0.0022964334159769353,0.056177795769531545,100.2296433415977,9985.674631567974,120.39333735672653,0
flashbots-c5,312,10000,153.52021596374146,-153.43347063428752,153.43347063428752,0.0867453294539473,146237.45410388662,2242.823320470465,0.984894806506453,9643,1730,92771.43511105358,0.0002051618259605448,0.0784212855955981,100.02051618259605,9986.900068062667,128.03620268275165,0
flashbots-c5,313,10000,294.45786579276006,-294.4826286145578,294.4826286145578,-0.0247628217977649,183552.53542578657,10969.269362175959,0.943609050028438,7532,2195,133718.26533424275,-0.0013694494262740874,0.05948584014810123,99.86305505737259,10017.328226933329,109.12406973599073,0
flashbots-c5,314,10000,241.43327747026217,-241.4322361493939,241.4322361493939,0.0010413208682678032,137442.15966450344,11671.54689644306,0.9217272029136194,7794,1950,97729.77618340719,0.0000003787279257494447,0.11403747538291839,100.00003787279257,10010.14061685861,45.73847996385439,0
flashbots-c5,315,10000,338.09844822668265,-337.7159142744071,337.7159142744071,0.3825339522755371,241442.7166459395,9375.097049297221,0.9626218851397506,11294,2450,162108.44957496872,0.00026043414888277995,0.12467338493271854,100.02604341488828,9994.861723112179,216.21833919433251,0
flashbots-c5,316,10000,297.17053423983026,-296.88051498337427,296.88051498337427,0.2900192564559916,111990.86902159668,26503.575269173834,0.8086307692348345,5618,1866,83184.42903455344,-0.0000018797148921123608,0.12677036651933107,99.99981202851079,9977.307319377329,30.169280603748007,0
flashbots-c5,317,10000,123.31689811445098,-123.33073300422616,123.33073300422616,-0.013834889775182546,139096.67695013562,7160.035908620035,0.9510447365548637,10405,1701,84975.67389818092,-0.0022514517641643293,0.05098884461194757,99.77485482358357,10031.805226283157,94.60567878562699,0
flashbots-c5,318,10000,419.6975712447523,-419.69828404003044,419.69828404003044,-0.0007127952781615932,192962.99162146813,3593.0671333640403,0.9817198861427837,9613,2468,136769.67968306397,0.002287624839904936,0.11296918496050054,100.2287624839905,10023.985508544081,73.23341597513519,0
flashbots-c5,319,10000,197.14427914438028,-197.14531581755875,197.14531581755875,-0.0010366731784756666,135508.14347915546,8346.070213627885,0.9419824418111808,7548,1769,94353.612244302,0.002464403423426518,0.059228427699046904,100.24644034234265,9998.482536311587,80.54127455886922,0
flashbots-c5,320,10000,144.00615777780024,-144.000997354218,144.000997354218,0.00516042358225377,95420.89282854708,2627.793028929782,0.9731990999578564,4166,1211,72274.4153810283,0.00031225170834701997,0.06257950748080247,100.0312251708347,10002.752335193747,119.30523616592417,0
flashbots-c5,321,10000,195.3675211101458,-195.3478029032165,195.3478029032165,0.01971820692929782,150912.37804833078,9692.315149445862,0.9396511088408216,10026,2030,98964.77085799695,-0.0016037402843467419,0.0736743209401105,99.83962597156533,10024.54555115105,79.383797537046,0
flashbots-c5,322,10000,82.39274564634025,-82.35983323477802,82.35983323477802,0.03291241156222213,70607.04526022964,5912.9045240566,0.9227272816994079,4688,1032,47460.64247707702,0.0000009166203322763522,0.03424641651515458,100.00009166203323,9997.177897219244,89.50265190011257,0
flashbots-c5,323,10000,291.9702204218253,-291.83554628423934,291.83554628423934,0.13467413758593239,153504.75635522255,5811.6718749352085,0.9635212015515479,8030,2092,109889.59360448907,0.001849723114043087,0.11723103051284568,100.18497231140431,9994.452406961671,64.41284481911472,0
flashbots-c5,324,10000,73.10175695093544,-73.06895041841099,73.06895041841099,0.03280653252444665,66691.15987379612,5870.638637675401,0.9190946371492255,4557,907,44456.04404482765,0.000044462186721290206,0.05900173164925718,100.00444621867213,10000.737939783225,110.53762081098655,0
flashbots-c5,325,10000,265.0488943011094,-265.04966535426433,265.04966535426433,-0.0007710531549491861,148622.97380348074,3778.368621663521,0.9752077733598747,6877,1904,108399.91641486075,-0.0014269559445388325,0.07329151162467654,99.85730440554612,10020.655139220873,88.53201256206908,0
flashbots-c5,326,10000,55.58393991104105,-55.61433274303896,55.61433274303896,-0.030392831997907876,67455.54505322553,7736.321298473841,0.8971122586279707,4462,860,43365.71784037796,-0.00042619803169088757,0.031100062911174006,99.95738019683091,10002.515622104884,107.76756774471322,0
flashbots-c5,327,10000,284.5251874906004,-284.5158015081813,284.5158015081813,0.009385982419075845,140054.66421000336,5297.268318476759,0.9635555700820226,5352,1695,108053.05156856774,-0.002087143147843449,0.08493961073147531,99.79128568521566,10025.094882561916,90.85897714735844,0
flashbots-c5,328,10000,193.12972684337683,-192.38567465499128,192.38567465499128,0.7440521883855524,103121.2490599121,17858.22725332263,0.8523863071858164,5293,1584,76062.00711225519,-0.030978722623455468,0.07271392498344995,96.90212773765445,10130.782539886148,40.753389784457795,0
flashbots-c5,329,10000,330.9363311704936,-330.9145741229295,330.9145741229295,0.021757047564108234,195147.49973281703,17031.399922157816,0.9197309442651806,9965,2385,135276.8918613988,-0.0012955972146076534,0.13788655863158866,99.87044027853923,9993.328040627046,93.56275568572572,0
flashbots-c5,330,10000,270.13512730018203,-269.86729615261027,269.86729615261027,0.2678311475717692,114511.27605900438,22279.636316583936,0.837126341730871,5909,1943,85826.82383693464,0.011480120114548385,0.1113616804804009,101.14801201145484,9943.264956547175,45.87125524823195,0
flashbots-c5,331,10000,312.3629502756979,-312.2743064251025,312.2743064251025,0.08864385059541746,238011.8649687008,8107.9188348512125,0.967057021140069,11503,2570,158611.242913506,0.0006391903538850841,0.06973293706133617,100.06391903538851,9990.016499393809,111.84763406821621,0
flashbots-c5,332,10000,153.05889156501053,-153.07258213325144,153.07258213325144,-0.013690568240917855,132321.61646794635,7514.504145945506,0.9462620665321934,9248,1725,85201.0573838912,0.0008860279482308897,0.07012998982153164,100.08860279482309,9992.306250494088,96.18037729242826,0
flashbots-c5,333,10000,256.11087837226137,-256.00351785566306,256.00351785566306,0.10736051659830537,176586.5152315997,3720.7281036945947,0.9793645111817519,8833,2074,123483.08545547079,0.006621866702071344,0.07711418328153599,100.66218667020713,9949.892754938033,106.66347682725883,0
flashbots-c5,334,10000,158.10901196714633,-157.97787747736504,157.97787747736504,0.13113448978128872,90743.08077630741,2675.835250949927,0.9713566013742958,6138,1431,63541.90511471511,-0.00000535864229320282,0.13667851839724052,99.99946413577068,10002.920836378205,43.53506572387395,0
flashbots-c5,335,10000,318.6597913873898,-318.5331677249568,318.5331677249568,0.12662366243301904,150174.87445291795,22347.863968930902,0.8704642404047263,6157,2001,113562.41536127872,-0.0014091287607928393,0.05993546142780815,99.85908712392072,9993.055132386135,71.3855580917928,0
flashbots-c5,336,10000,196.3812329808985,-196.3816731833319,196.3816731833319,-0.00044020243342401955,160419.55878028582,8050.253370833164,0.9522154546975334,11357,2026,100829.81333234887,-0.0022306691439364103,0.08980340955401517,99.77693308560636,10024.181916545818,74.95867785187997,0
flashbots-c5,337,10000,231.44877405763253,-231.4790596448249,231.4790596448249,-0.030285587192366847,148610.58594071592,5175.704827312771,0.9663448230563035,8108,1853,103039.88202638233,0.000843525337415656,0.07162639390578875,100.08435253374157,9989.988386396637,91.34596491098851,0
flashbots-c5,338,10000,396.8903705845075,-396.8430008210471,396.8430008210471,0.04736976346038091,174568.92442487518,6590.584876332598,0.9636199893576954,6685,2151,134918.2801841668,-0.0000014944676821926351,0.08503427817541948,99.99985055323178,10026.236877593507,87.77483026771564,0
flashbots-c5,339,10000,120.79140175750965,-120.79536618422317,120.79536618422317,-0.003964426713523039,111657.26256396298,9575.001381831948,0.9210193634087944,7632,1522,73394.51804820672,-0.0016301006808282636,0.06611860687208548,99.83698993191717,10014.91302586931,90.66365827772091,0
flashbots-c5,340,10000,350.7035277615995,-350.434834309934,350.434834309934,0.26869345166551284,201782.2500133919,2925.5525108387274,0.9857086419043923,9101,2292,145008.78347335823,0.008175814872758877,0.0958397373258923,100.81758148727589,9894.091462559127,113.06145681175519,0
flashbots-c5,341,10000,86.56757710010422,-86.59901275343726,86.59901275343726,-0.03143565333304821,64918.164658357295,1945.0040009777829,0.9709106816207367,4759,1070,44900.06934362473,0.0000015202987395923628,0.04316851849581596,100.00015202987396,10000.658926870246,75.43729239482286,0
flashbots-c5,342,10000,258.43514753473437,-258.36109337469054,258.36109337469054,0.07405416004382914,160417.1186735272,10246.547862341073,0.9399605781926198,7199,2001,117835.79611252874,0.002709820356495811,0.08811224260333816,100.27098203564958,9981.40551436292,83.65751360198476,0
flashbots-c5,343,10000,378.04511729386394,-377.75895515482244,377.75895515482244,0.2861621390414939,174444.03217384013,4940.222987749308,0.9724601081443902,8479,2345,126792.55834481581,0.0009858995354809963,0.08683321621537005,100.0985899535481,9981.341340582225,63.41902642153338,0
flashbots-c5,344,10000,522.229717487951,-522.1562626999319,522.1562626999319,0.07345478801914851,254688.3425986825,33800.364145767,0.8828364391549365,11188,3318,181065.24305012703,-0.000003401751925764529,0.09024822590026318,99.99965982480742,10003.733842082182,59.25613573620295,0
flashbots-c5,345,10000,129.25055904290372,-129.23587161812804,129.23587161812804,0.014687424775672753,116096.36915892805,2166.330541851703,0.9816820472783658,6276,1370,80130.73581901105,-0.00016302308715623325,0.047141340766312115,99.98369769128438,10008.789187771155,139.56768586631839,0
flashbots-c5,346,10000,291.91881626031426,-291.9154535681997,291.9154535681997,0.003362692114535548,236228.4158991075,16307.466297820216,0.9354251516420006,11588,2447,156894.07107781898,0.001824839278235686,0.07346796992194371,100.18248392782357,9993.385340669283,90.28591474858376,0
flashbots-c5,347,10000,217.92832665652944,-217.90617121837258,217.90617121837258,0.022155438156858054,128857.28958626115,2497.8179549846004,0.9809842342506531,7151,1597,90166.03350918088,-0.0009942948148015773,0.16273822213176117,99.90057051851984,10009.38297053649,122.91590736336742,0
flashbots-c5,348,10000,210.8134240179037,-210.76562437969667,210.76562437969667,0.0477996382070387,141460.6526241795,7036.860724482428,0.9526129389927199,7956,1838,97887.3954100476,-0.0018357219889536226,0.08617050778764124,99.81642780110464,10010.022474622145,97.38786993123438,0
flashbots-c5,349,10000,95.06623846999568,-94.93259918312015,94.93259918312015,0.1336392868755354,91008.30472613512,2435.1915757653255,0.9739394214456871,4511,1032,64030.585267225586,0.00681260611102644,0.05078254990378383,100.68126061110264,9852.975895706224,169.6359167203853,0
flashbots-c5,350,10000,719.3260182682895,-719.1211129762913,719.1211129762913,0.20490529199821594,234737.52051491092,9448.04697502765,0.9613079221997142,10905,3140,170006.71733804332,0.000004352082546006386,0.1858888230405654,100.0004352082546,9981.304465709394,37.16394604801527,0
flashbots-c5,351,10000,149.90569397544655,-149.88642742025445,149.88642742025445,0.01926655519210385,131511.01232310035,8975.84872154349,0.9361089809054018,6908,1577,90425.11029360906,-0.0003558969710236681,0.0679483608728357,99.96441030289763,10003.331208203163,141.52990195223055,0
flashbots-c5,352,10000,624.0909809360927,-623.6536279129352,623.6536279129352,0.4373530231574705,278155.8223007283,16612.519756082052,0.9436421169242105,11656,3196,201075.19126480745,0.012011935226547336,0.15454311315958635,101.20119352265473,9911.978393593785,75.13661845490097,0
flashbots-c5,353,10000,266.6227613207759,-266.639531101991,266.639531101991,-0.016769781215089097,200180.88675667462,18998.38743420114,0.9133203287384916,8268,2234,143681.1024901402,0.0012986791286138555,0.06813792527204597,100.12986791286139,9981.194674610124,144.46897762998216,0
flashbots-c5,354,10000,501.217020113214,-501.1338528875913,501.1338528875913,0.08316722562273071,269801.27677510306,6542.734394744588,0.9763239508356009,11707,2964,192833.98101647024,0.003789222556513465,0.07716274937434363,100.37892225565135,9952.670567079022,91.15506987045693,0
flashbots-c5,355,10000,450.1697870890743,-450.6722619592081,450.6722619592081,-0.5024748701337671,230410.31282502165,4367.915448417427,0.9813955685732059,8144,2255,168941.9937080527,-0.000006929073855701518,0.12236537032625434,99.99930709261443,9952.048848674474,154.18981019057375,0
flashbots-c5,356,10000,210.0349218526278,-210.03427234148666,210.03427234148666,0.0006495111411481957,122497.43378428133,6269.067735188344,0.9513144516530919,4852,1578,94412.30434815965,0.00022915167025658434,0.05422234773983348,100.02291516702566,9997.696849884343,97.80831608080179,0
flashbots-c5,357,10000,229.36568828632397,-229.07956132324728,229.07956132324728,0.28612696307669694,109533.03615507665,1019.0522235624126,0.9907821531143566,4414,1354,83716.81517454916,0.011891503332255552,0.08267790548563796,101.18915033322556,9882.217027973484,98.8813785647594,0
flashbots-c5,358,10000,167.8908838263644,-167.9388637368516,167.9388637368516,-0.04797991048721428,121506.75807105619,9740.946138425898,0.9257819693144609,7056,1441,81459.94143867494,-0.0015982948363055982,0.09376028472460803,99.84017051636944,10020.759089697056,144.43542147189282,0
flashbots-c5,359,10000,353.85683467154826,-353.85505112777565,353.85505112777565,0.0017835437726034797,190473.30326144732,7364.573341078736,0.9627747048868968,7401,2152,140002.4610550252,0.0006517511071427862,0.07643343005785994,100.06517511071428,9991.384670014377,106.20999279808248,0
flashbots-c5,360,10000,231.42526231472536,-231.41220873234707,231.41220873234707,0.013053582378290685,125455.77111375565,1122.027561827397,0.9911356685487702,5052,1547,96232.49624712777,0.001973523040920071,0.09205005041000575,100.197352304092,9980.007910804441,96.80170645181772,0
flashbots-c5,361,10000,515.3124507163191,-516.1910805372052,516.1910805372052,-0.8786298208860899,157482.4175747642,18379.29090408421,0.8954900923966926,9137,2589,113333.96838605,0.002133929775300345,0.31031044031206617,100.21339297753003,9979.709796799452,35.89070504569022,0
flashbots-c5,362,10000,393.3071967453423,-393.2705905504041,393.2705905504041,0.0366061949382015,234616.23797002315,3909.8325279079063,0.9836083639840877,11690,2722,162431.8234395387,0.0019285823990814776,0.08659161386241393,100.19285823990815,9983.433002829652,97.38404598995342,0
flashbots-c5,363,10000,308.2575671837335,-308.2720778567868,308.2720778567868,-0.014510673053280243,162324.59575127994,5066.014872500145,0.9697353701404059,6585,1898,121415.07946459168,0.002365401950473398,0.10852941924104016,100.23654019504734,9970.127937569749,105.30057743395567,0
flashbots-c5,364,10000,272.21613624462975,-272.20270258687583,272.20270258687583,0.01343365775392158,107026.93580328494,9767.870121954187,0.9163672558503446,4579,1474,81829.2154124088,-0.002063679661588651,0.25184422086853275,99.79363203384113,10028.440563996213,78.58188494603716,0
flashbots-c5,365,10000,402.92184248216205,-402.8994296614079,402.8994296614079,0.022412820754141194,224882.5988278813,12943.981791214943,0.9455738641260371,9171,2527,163459.98125711968,-0.0008671397029178251,0.08424412742470508,99.91328602970822,10010.794989748867,95.25272921915307,0
flashbots-c5,366,10000,202.69466044401779,-202.63671623079247,202.63671623079247,0.05794421322531207,158126.36572732442,5821.826663445888,0.9644898392684345,10772,2017,100733.93684450079,-0.002508516788188473,0.11668772080511502,99.74914832118115,10029.252492775038,89.16800316112867,0
flashbots-c5,367,10000,254.50960298205695,-254.52122915461956,254.52122915461956,-0.011626172562614556,155858.0374901208,3871.75185584766,0.9757606150255317,7820,1972,112967.80697284974,-0.0009256105662682046,0.06890634784192529,99.90743894337318,10004.628125919997,102.15133618218331,0
flashbots-c5,368,10000,131.39406267429487,-131.3032941411086,131.3032941411086,0.09076853318626377,121502.29899879346,13769.621075479568,0.8982078389371634,10305,1646,72502.5505941811,-0.0009079908504737944,0.053372936103731804,99.90920091495262,10021.487623329465,46.64121858200154,0
flashbots-c5,369,10000,307.75376158601426,-307.9151444434549,307.9151444434549,-0.1613828574406284,197463.380840271,5780.964823211927,0.971556577358449,9447,2035,136732.59353554389,-0.0006912752097318276,0.10403047184755607,99.93087247902682,9980.06523603675,159.14475917761348,0
flashbots-c5,370,10000,334.7627598701656,-334.78362678776716,334.78362678776716,-0.020866917601551904,179829.43129376945,4919.326223587475,0.9733728860226554,6860,2067,135622.04430745545,-0.0000033338512427860677,0.06829819257660233,99.99966661487572,9996.566289821038,99.22440146244203,0
flashbots-c5,371,10000,253.14359234238373,-253.0564331198002,253.0564331198002,0.08715922258352293,133389.79579851864,13175.20466947607,0.9101067469900282,5358,1694,101632.22252997309,-0.001926525115917883,0.06902458286140231,99.80734748840821,10019.703531953634,58.151763025720285,0
flashbots-c5,372,10000,115.29416995053938,-115.23256830300024,115.23256830300024,0.061601647539148985,115440.06392595457,6995.157465207263,0.9428664612541615,7470,1444,75965.37517394837,-0.001191080362917063,0.04694481432687752,99.8808919637083,9989.271603485076,117.61770074891827,0
flashbots-c5,373,10000,139.0379244765911,-139.06827321909796,139.06827321909796,-0.030348742506873805,92274.09373370897,3579.453599258493,0.9626570565320395,4784,1174,67032.64022476987,0.00032125824142013924,0.050029492119960536,100.03212582414201,10000.91458829551,97.85218742429431,0
flashbots-c5,374,10000,123.8582144042388,-123.82353136008267,123.82353136008267,0.03468304415612522,80826.60884264857,2924.923696193375,0.9650761770259324,4461,1124,58872.32383118891,-0.0012825425223346087,0.057045541932366176,99.87174574776654,10020.6768193904,94.7746136680901,0
flashbots-c5,375,10000,598.0139239462454,-597.8416139771293,597.8416139771293,0.17230996911609964,269621.1465633863,5212.540199760642,0.9810338380962271,11283,2859,191808.67210068065,-0.006381626936579323,0.14280069534945197,99.36183730634207,10099.723982719921,155.8141834348393,0
flashbots-c5,376,10000,244.31151677572913,-244.00835655392046,244.00835655392046,0.30316022180866753,186740.2108859028,11814.009994502941,0.9404998295069295,7852,1697,126799.88004785097,-0.00019215323301352783,0.10262571404316873,99.98078467669865,9986.551464440889,217.7149092138442,0
flashbots-c5,377,10000,257.69451355867994,-257.60352575004015,257.60352575004015,0.09098780863979528,182658.79426195388,9332.730187833127,0.9513898844515192,9793,2292,124338.73470951011,-0.0031450647286234814,0.10733133231065509,99.68549352713765,10018.954671452417,67.52459434563514,0
flashbots-c5,378,10000,307.7806361408094,-307.7243899911412,307.7243899911412,0.05624614966819763,184294.5014795123,16966.6577175299,0.9156983007291591,8148,2161,131538.43756891755,-0.0008733769306374483,0.08536762378091681,99.91266230693626,10022.660009917394,104.99722800548626,0
flashbots-c5,379,10000,208.05937490638405,-208.0441703538144,208.0441703538144,0.015204552569656471,139758.45266070703,8645.315355639164,0.9417446371396249,7342,1838,98026.34017331986,-0.0045340594683902675,0.06077965296696391,99.54659405316097,10074.150352304527,107.09477794308499,0
flashbots-c5,380,10000,151.92065255642686,-151.74248299119938,151.74248299119938,0.17816956522747773,100075.28811862359,11349.154001190129,0.8981448433999205,6565,1468,67250.86323773283,-0.005718535680553032,0.06176171973986868,99.4281464319447,10030.678656001932,37.25852570816146,0
flashbots-c5,381,10000,155.0642479770852,-155.0663272288046,155.0663272288046,-0.0020792517194081483,108371.6494237563,2167.20747008042,0.9803941570323833,6460,1423,75418.06011065321,-0.0005757546458112018,0.11228760964641893,99.94242453541888,10001.322962725895,100.82310097088454,0
flashbots-c5,382,10000,84.41579755643323,-84.43131212437288,84.43131212437288,-0.015514567939646895,63530.39904807837,6198.346558205978,0.9111077288955655,5491,1072,41453.28854216519,0.0009969027239790762,0.06542382369319043,100.09969027239791,9999.046963288472,66.42757372228675,0
flashbots-c5,383,10000,225.27075664664116,-225.28169927578614,225.28169927578614,-0.0109426291449779,110525.84880653195,9570.448804944412,0.9203102094295549,4499,1539,86637.27736695371,-0.0000010517045240021615,0.08447938107192414,99.9998948295476,9998.390204923338,73.20381602030669,0
flashbots-c5,384,10000,185.97723469741692,-186.07560273876103,186.07560273876103,-0.09836804134411636,124746.62788419686,7692.859793433846,0.941914153185499,5989,1667,90999.93900222701,-0.00006371015757196119,0.07437439323111676,99.9936289842428,10024.245356435384,84.48340316634926,0
flashbots-c5,385,10000,88.11728635384925,-88.22155457663993,88.22155457663993,-0.10426822279067949,60978.014217599564,3892.586992231906,0.939994590467246,4323,755,40424.986002560196,-0.00033095534475805264,0.11531394814432573,99.9669044655242,9993.808499677134,104.61406622725117,0
flashbots-c5,386,10000,176.0831925538848,-176.07667055481156,176.07667055481156,0.006521999073243023,156535.03885758633,10890.06810064705,0.9349555852255557,9214,2034,105109.68181317615,-0.0012942897286481526,0.033877616487627764,99.87057102713518,10015.905654194523,93.76261887180742,0
flashbots-c5,387,10000,207.41364415156917,-207.16781862379824,207.16781862379824,0.2458255277709327,182479.73883310836,12821.979517834565,0.934347840735357,11228,2052,117484.67212411904,-0.002231169326925908,0.08209316682778933,99.77688306730741,10049.721436258053,150.68622293412932,0
flashbots-c5,388,10000,326.6371611800794,-326.7830967540161,326.7830967540161,-0.14593557393675383,228670.84968757,7284.275548591191,0.9691285555196119,9931,2416,159865.88132798963,-0.0021677104729833727,0.06326308260187431,99.78322895270166,10036.205675417046,102.91410981530791,0
flashbots-c5,389,10000,429.6947365110705,-429.5282214776782,429.5282214776782,0.16651503339232931,130477.78429916089,5065.69684638092,0.9626267762671554,5020,1816,104115.80280220008,0.000007510793128204795,0.18432012243902038,100.00075107931282,10004.641023962728,50.707941737509806,0
flashbots-c5,390,10000,217.1820845645753,-217.16020088249994,217.16020088249994,0.021883682075355182,171735.3719217939,2702.78396856761,0.9845057753862843,10161,2198,115175.5262525274,0.00272874827003136,0.06755550831136305,100.27287482700314,9977.32727781458,84.43827250739176,0
flashbots-c5,391,10000,185.46382476628708,-185.54698715734082,185.54698715734082,-0.08316239105374734,158118.81997956266,14694.942756030236,0.9149665945384589,8918,1922,105105.86846651186,-0.0006949712782640915,0.08338978629555001,99.93050287217359,10021.609006351713,148.86748956424333,0
flashbots-c5,392,10000,133.92192526409104,-133.8825846689341,133.8825846689341,0.039340595156943436,90860.43521136297,2668.099181130134,0.971472885804738,5107,1280,66199.73193951191,-0.0009303620027225179,0.05857885947448182,99.90696379972775,10012.31462085821,111.24275701570009,0
flashbots-c5,393,10000,491.5683799284218,-491.2878123991536,491.2878123991536,0.2805675292681826,224627.7009495828,19237.997997575516,0.9211123250189274,10583,2845,158477.23117410665,0.00016930306081206937,0.15128176130927556,100.0169303060812,10000.80670716673,59.912073026557394,0
flashbots-c5,394,10000,519.391513310594,-519.3220910667285,519.3220910667285,0.06942224386546059,239032.64542896958,11241.425021519266,0.9550835410105214,9726,2741,173686.4774649699,0.0030579753187848268,0.14322771563841044,100.30579753187848,9962.0851159361,88.08142200921634,0
flashbots-c5,395,10000,120.9951153941953,-121.05380081458361,121.05380081458361,-0.058685420388314924,80911.60183415566,2653.2027150818303,0.9682497586227402,4556,1182,58903.44194541863,-0.0005252990254695078,0.060237920383341505,99.94747009745305,9993.158923904282,155.1184015835788,0
flashbots-c5,396,10000,343.73494821095306,-343.7308253198943,343.7308253198943,0.004122891058784717,175206.30146859985,5724.14913331831,0.9683627100121884,6685,2051,133157.75209199634,-0.000008110651403683278,0.08632663094517909,99.99918893485963,9999.9245094522,103.43715369072217,0
flashbots-c5,397,10000,228.9649151266211,-228.95235703890972,228.95235703890972,0.012558087711369126,151949.73793504568,15487.712871508207,0.9075015010267823,7914,1960,107462.36195327483,0.0005241941730315603,0.06387611203992932,100.05241941730316,9989.889820000451,79.41108286165839,0
flashbots-c5,398,10000,91.06326932064577,-90.99880404161001,90.99880404161001,0.06446527903575827,113925.19304933328,3715.114389209535,0.9684197154011148,5480,1201,78049.0356971167,-0.00012331529948767184,0.03520571042424237,99.98766847005123,10019.38813124839,198.38121121080906,0
flashbots-c5,399,10000,77.52599785280631,-77.50806472474565,77.50806472474565,0.01793312806066183,81968.99493893086,1942.0131658420657,0.976856276551734,6676,1170,52517.25027294299,-0.0031936327170133437,0.05676763486671049,99.68063672829867,10030.683613575582,95.64050066528185,0
flashbots-c5,400,10000,320.50049054926154,-320.4616602314594,320.4616602314594,0.038830317802137415,182953.06126874045,4119.824298452667,0.9779774375855612,7299,2076,134726.4013764814,-0.0000028298061508280624,0.0708955217528461,99.99971701938492,9995.052672779362,104.7825873962232,0
flashbots-c5,401,10000,81.05673966498516,-81.06151345090575,81.06151345090575,-0.004773785920590967,63042.27532163073,3077.4678826994423,0.9534561428469386,3995,881,43922.71824729532,0.0002018847342660024,0.04137519659279647,100.0201884734266,10001.662849190949,82.87062419917793,0
flashbots-c5,402,10000,469.3207250514233,-469.308929961831,469.308929961831,0.011795089592339991,250171.13701857024,2128.209295060947,0.9915647451087115,10256,2818,182358.4182066609,0.003144097111183157,0.08627919799225622,100.31440971111832,9968.836387438389,99.80422989275071,0
flashbots-c5,403,10000,236.83825217903365,-236.8161785022168,236.8161785022168,0.022073676816859233,178323.25090700336,11575.191043602095,0.9390453606427539,9760,2277,121492.15352360597,0.0011331113883240108,0.05935420922871586,100.1133111388324,10006.242001488265,79.5186281759675,0
flashbots-c5,404,10000,215.84922968183935,-215.91449069906054,215.91449069906054,-0.06526101722118938,144526.43072484352,13149.960129326382,0.9166015910302743,5847,1693,106005.36374313239,-0.0005364833018724369,0.06267729773342894,99.94635166981276,10022.4324465041,120.4283501745212,0
flashbots-c5,405,10000,53.63117820532892,-53.61667444401206,53.61667444401206,0.014503761316859709,50207.52466462134,6978.559399298126,0.8779675245554868,4150,689,31547.36095716092,-0.0007215998524320355,0.04854639109903772,99.9278400147568,10004.75754111458,70.0721854917118,0
flashbots-c5,406,10000,168.43405734257908,-168.38420603195155,168.38420603195155,0.04985131062753112,138264.36816174895,4353.526773646882,0.9694741899281365,9344,1797,90653.1323187193,-0.0006616270552967762,0.0730923483924029,99.93383729447032,10006.940830308757,115.35967467289188,0
flashbots-c5,407,10000,118.10053669205388,-118.03967627695641,118.03967627695641,0.06086041509746565,81503.00117308296,2759.644735585811,0.9672494887167802,5109,1060,56640.380084726734,0.0010708372577440174,0.0767541788031518,100.1070837257744,9967.717374421325,104.9332958814478,0
flashbots-c5,408,10000,341.16295718759403,-341.20930635717406,341.20930635717406,-0.04634916958002577,131680.69661869947,13341.049734523413,0.9080065571543373,7631,2009,94147.0413424247,-0.000002389347214659665,0.18708560844464345,99.99976106527853,10000.814356264618,70.17455432988118,0
flashbots-c5,409,10000,171.43115754091676,-171.4758454968893,171.4758454968893,-0.04468795597253461,150124.12312311697,20073.69589881847,0.8820566796086187,5902,1520,107429.19408569917,-0.0006659991098403851,0.04332290175800807,99.93340008901596,10029.539593497242,119.38920600185742,0
flashbots-c5,410,10000,288.8686189249499,-289.1862534387201,289.1862534387201,-0.31763451377020147,120930.85523039635,15680.083253050632,0.8852208803546828,4724,1604,93681.21824052371,0.000006059256717207972,0.15612338760422034,100.00060592567172,10011.76976898803,38.63694140995803,0
flashbots-c5,411,10000,178.93611015523703,-178.87738883117083,178.87738883117083,0.05872132406619812,119758.20103952265,10364.646961467035,0.920347217105268,5819,1395,84348.00259799081,-0.0000006010124425870345,0.08566249375424931,99.99993989875574,9997.115553730118,115.05567820961065,0
flashbots-c5,412,10000,90.50782154872354,-90.50840031796679,90.50840031796679,-0.0005787692432477343,116869.9336641594,5826.640736357103,0.9525117896336919,9138,1339,70035.97325852037,-0.0000013313621010979658,0.04095691815642311,99.99986686378989,10021.232245560803,149.97496318984773,0
flashbots-c5,413,10000,236.4290136584351,-236.33477703079376,236.33477703079376,0.09423662764135088,158496.76155208677,15663.895550184754,0.9100606542786152,8375,2087,110349.73708509706,-0.0011943386434334969,0.09703334279830358,99.88056613565665,10014.475233567662,111.05521381129603,0
flashbots-c5,414,10000,435.8339610932497,-434.4145983505402,434.4145983505402,1.4193627427094953,248496.79668217016,19505.449868055,0.9272190807385656,11561,2838,172313.05811200524,-0.030792070929839214,0.12202538372749046,96.92079290701608,10208.328678037415,70.54611788601315,0
flashbots-c5,415,10000,215.06787857350926,-215.06838119402957,215.06838119402957,-0.0005026205203080281,136385.15391923307,5027.706691475246,0.9644466092421687,5766,1720,101595.65245005583,-0.0006256017506187561,0.06725598638177019,99.93743982493812,10009.829115270364,101.89334590755318,0
flashbots-c5,416,10000,88.66745106496687,-88.64733091375493,88.64733091375493,0.020120151211941106,89697.70584131431,2358.2029733195577,0.9743829265966176,6248,1169,58906.796656686325,-0.0007566215571975476,0.038920896644446826,99.92433784428025,10006.118139534387,111.54540870840175,0
flashbots-c5,417,10000,213.06989492819565,-213.09615104096773,213.09615104096773,-0.026256112772074403,146695.78761233223,12364.92451126525,0.9222628621098017,7196,1809,103928.77244823493,-0.0019681432042945347,0.08567941408031998,99.80318567957055,10015.976352547774,107.07520351566187,0
flashbots-c5,418,10000,104.13937777290487,-104.16634510670981,104.16634510670981,-0.026967333804947202,99512.14516879153,1632.2428281938649,0.9838622501898721,5444,1189,68171.27468301088,0.0009662636340875963,0.044043279807540046,100.09662636340876,9999.807513186872,154.00157860553227,0
flashbots-c5,419,10000,139.3744984408493,-139.33932028509952,139.33932028509952,0.0351781557497759,118985.77801518528,5289.279025392405,0.9574389330300981,7681,1533,78990.50012700453,0.0020929299493059263,0.08295293621608181,100.20929299493059,9976.207317108878,103.70456875739303,0
flashbots-c5,420,10000,268.4577693387677,-268.4524885577349,268.4524885577349,0.005280781032809045,139808.4685925895,17893.148694549298,0.8865379505780847,9963,2186,92734.7544303371,-0.002082761276245577,0.08393529258593063,99.79172387237544,9995.198341418594,65.58705845503661,0
flashbots-c5,421,10000,88.61889186319341,-88.62489188914671,88.62489188914671,-0.006000025953298405,70671.28105866477,5127.839706932357,0.93234961494092,4088,932,49341.62052451851,0.0031148638454222065,0.04229769014486991,100.31148638454222,9966.511721464434,113.96973346125885,0
flashbots-c5,422,10000,82.9019696018018,-82.8977570564042,82.8977570564042,0.0042125453975927485,71509.4298234135,7269.652747009577,0.9077210280976424,4767,913,47136.276186266536,-0.001260454927495971,0.052560210133428174,99.8739545072504,10012.90681696232,143.2724004731088,0
flashbots-c5,423,10000,83.42827643504658,-83.43943184753576,83.43943184753576,-0.011155412489173955,61475.94743262324,3060.7497606472475,0.9525734985866863,4441,778,40842.681179754974,-0.00039316029308395173,0.07939573820645279,99.9606839706916,10001.062725978292,129.30019002215653,0
flashbots-c5,424,10000,213.64108592286806,-213.78167836131558,213.78167836131558,-0.140592438447527,119725.68723081863,4310.658305378376,0.9652468130470643,6695,1717,85705.05820828694,0.0014967237895926644,0.07762307660889689,100.14967237895927,9990.174971178634,64.94421331010906,0
flashbots-c5,425,10000,233.41929070810608,-232.8175719241475,232.8175719241475,0.6017187839585745,134492.02346441612,4704.188161497172,0.9662046250645127,5628,1569,98570.87726289204,0.013745969972609231,0.07700550391851081,101.37459699726092,9854.43145296798,118.38385301113112,0
flashbots-c5,426,10000,232.30518662980404,-232.2639215323915,232.2639215323915,0.04126509741254836,165507.89789213633,3739.030340779445,0.9779078392747321,9658,2112,112941.01627874275,-0.003301353462316854,0.053898012407345985,99.66986465376831,10030.67011376029,95.29531009585322,0
flashbots-c5,427,10000,199.66970184778796,-199.73207076793858,199.73207076793858,-0.06236892015061812,126647.32935002181,7191.120893073296,0.9462701422497658,7419,1785,88487.97776402027,0.0005138480413666003,0.06657887364447149,100.05138480413666,10004.363582755162,76.86609659728674,0
flashbots-c5,428,10000,125.13554169969169,-125.11783309091697,125.11783309091697,0.017708608774711365,152615.86860161304,4150.261426453523,0.9735257773748035,10293,1673,94270.71101069424,-0.0008686978918080968,0.03743439822248092,99.91313021081919,10010.23858286509,194.90843545565022,0
flashbots-c5,429,10000,452.17556645260123,-452.0812011964381,452.0812011964381,0.09436525616314384,277792.765882316,2741.467249261854,0.9902276908644656,10625,2772,196683.29650512364,0.000267989454799249,0.08456428616431197,100.02679894547992,10020.950683831117,131.93445052589976,0
flashbots-c5,430,10000,201.68191121931804,-201.7872040207712,201.7872040207712,-0.10529280145317443,149354.23557827587,15067.515806538135,0.9083605686009633,8297,1822,101990.86649594997,0.000547798917143183,0.06854361414674685,100.05477989171432,9998.473410255823,87.42609396551642,0
flashbots-c5,431,10000,242.15038203217284,-242.14600607346998,242.14600607346998,0.004375958702866001,188609.70170780804,1241.8565987778911,0.9934588021828482,10604,2186,124767.0572811132,-0.00026110212724120177,0.07507056769722383,99.97388978727588,10002.086646922313,115.61020348028701,0
flashbots-c5,432,10000,333.9636678031606,-333.56831427282714,333.56831427282714,0.3953535303334661,109501.18197282073,12063.767953229471,0.9007627777532254,5760,1751,83266.06490349208,-0.0005764878779807248,0.2691962754229351,99.94235121220193,9993.83460688215,55.8637384565773,0
flashbots-c5,433,10000,520.5153250284203,-520.8467501776918,520.8467501776918,-0.3314251492714675,163818.09954977973,31567.25751566794,0.8384359094776281,7785,2622,123875.5460350404,0.0006289759058830668,0.1512532020179556,100.0628975905883,10003.96616852971,29.59092273044651,0
flashbots-c5,434,10000,146.0766477464627,-146.05707022049958,146.05707022049958,0.019577525963114795,100364.29789628742,2980.760546746964,0.9711572029504437,6783,1439,69461.60275091579,-0.001105890721366194,0.05187624974421908,99.88941092786338,9998.574117685075,75.05302836475634,0
flashbots-c5,435,10000,387.2355995281886,-387.23867749493104,387.23867749493104,-0.0030779667424667423,257868.18592720697,8981.944585196628,0.966340864934375,10881,2819,183799.10260614348,0.0022730063602601548,0.0816895680714886,100.22730063602602,9973.602705897118,133.83458281712393,0
flashbots-c5,436,10000,194.59771711131256,-194.60827223050183,194.60827223050183,-0.010555119189262996,137021.39961548935,8564.343094561093,0.9411732018868227,8466,1850,93520.65715853644,-0.004492220780944365,0.08561118040693699,99.55077792190556,10040.991557792991,92.19011207615675,0
flashbots-c5,437,10000,200.84792056821198,-200.86815930077023,200.86815930077023,-0.020238732558254924,116346.00857699683,4635.055323518724,0.9616877619184255,6273,1656,83771.37552496609,0.0004390013184750785,0.07189608480850368,100.04390013184751,9994.920595235337,59.333780437215594,0
flashbots-c5,438,10000,83.41568886389433,-83.45864569281397,83.45864569281397,-0.042956828919642476,81708.38986497445,7214.295693826237,0.918870020079907,5205,1087,54182.17364610303,-0.000756266397803671,0.06249027051147664,99.92437336021963,9995.392742170008,103.42552155893274,0
flashbots-c5,439,10000,430.28825817162794,-430.0874937910677,430.0874937910677,0.20076438056025836,264000.3867771432,19648.70293149768,0.9307288348724106,11020,2756,182678.4774663736,0.000004734774014423238,0.11366547295691547,100.00047347740144,9980.514618085266,65.04314524380018,0
flashbots-c5,440,10000,104.11561006285795,-104.15488151126237,104.15488151126237,-0.03927144840442054,120300.73637135922,7328.395358476121,0.9425805436490093,10320,1445,70518.12027914645,-0.0015292123587599348,0.04935568946987687,99.847078764124,10005.684179823947,114.23074103393479,0
flashbots-c5,441,10000,56.02663336721402,-56.01938251162635,56.01938251162635,0.007250855587670912,57044.710985180805,6929.958290990036,0.8916765280790394,4454,874,37803.59609851906,0.001947651516212261,0.03177864477469797,100.19476515162123,9981.59000774018,67.50017776197232,0
flashbots-c5,442,10000,784.5934463190997,-785.3966157409885,785.3966157409885,-0.8031694218888106,259179.16502103404,11120.867624199833,0.9588573204547264,9949,3151,195511.8198794269,0.0000013953076785355733,0.16108280717981657,100.00013953076785,10031.673584744985,49.24764939711783,0
flashbots-c5,443,10000,379.8373261407643,-379.80795508308665,379.80795508308665,0.029371057677622048,217200.95868220765,7498.15617341473,0.966630237158555,9300,2533,156087.91700894307,-0.00014359501492151595,0.08317388132269343,99.98564049850785,10003.19259595141,94.36663547381654,0
flashbots-c5,444,10000,409.4332329833469,-409.47453114058766,409.47453114058766,-0.04129815724076025,222478.03531867862,11755.57219767364,0.9498126151822472,11288,2615,152765.90173832394,-0.0052186257184881416,0.10455631090857154,99.47813742815119,10015.414653326292,83.27319595062855,0
flashbots-c5,445,10000,61.127744427580765,-61.12189866449606,61.12189866449606,0.0058457630847073005,76936.44609267803,4844.627617318797,0.9407610172189926,6103,1086,47929.43385228623,-0.0006662920453628374,0.0351834335970031,99.93337079546372,10006.29196733801,109.9092269867585,0
flashbots-c5,446,10000,136.81770245053835,-136.7458957447631,136.7458957447631,0.07180670577525916,114405.72767211062,11907.70813995923,0.9057288873237871,4706,1259,82879.31178264732,-0.000002390625625281473,0.04402259376333234,99.99976093743747,10020.78748644955,119.80019033788815,0
flashbots-c5,447,10000,157.4091282671243,-157.38298650163821,157.38298650163821,0.02614176548607361,127521.09136088841,10239.693887009465,0.9256704738682832,8270,1643,83853.60155300252,-0.002132252392854639,0.09028938059748498,99.78677476071454,10016.37640068679,97.24092416885661,0
flashbots-c5,448,10000,293.85570367562747,-293.6720542870804,293.6720542870804,0.18364938854705315,170566.08793994953,8598.415234973374,0.9520082656854271,9466,2256,116579.17278116859,0.002495758905574661,0.132716877700732,100.24957589055747,9991.464056918538,78.63750169079104,0
flashbots-c5,449,10000,185.82150690210267,-185.78535635177508,185.78535635177508,0.036150550327590736,137005.59781349314,14047.411719103875,0.9070034303681155,10223,1994,89251.24683554716,0.0010192079413458544,0.09083284186252882,100.10192079413459,9984.97733079517,55.34013984938232,0
flashbots-c5,450,10000,128.10373740001265,-128.09657667304762,128.09657667304762,0.007160726965025788,139624.05650690733,10799.704638161169,0.9282047958650232,11002,1736,84795.35449403542,-0.0013849615280709315,0.04552676090591064,99.8615038471929,10021.053534383496,100.43729998502583,0
flashbots-c5,451,10000,116.18077852478157,-116.18180255849396,116.18180255849396,-0.0010240337123832433,99647.6242873291,8456.425524039249,0.9217751273999916,5237,1284,68851.82737545292,0.0006662754989223174,0.04547050757049533,100.06662754989223,9995.63931998087,115.67576703159847,0
flashbots-c5,452,10000,204.70612520082054,-204.61001763008963,204.61001763008963,0.09610757073090781,132473.95918470994,13396.802270590839,0.908159783791243,8235,1864,90885.78438179241,-0.0023999683769987713,0.11952579169866383,99.76000316230012,9999.525453913639,66.93526093106411,0
flashbots-c5,453,10000,466.2557684504127,-466.0999348295462,466.0999348295462,0.15583362086647412,228515.458281592,10423.38519979176,0.9563763469851906,10194,2807,164940.76474112808,-0.000001169000834408962,0.09287679473066959,99.99988309991656,9984.618241621132,69.62910628954926,0
flashbots-c5,454,10000,76.22517950196682,-76.35247271632836,76.35247271632836,-0.1272932143615435,59514.011742878276,4650.607797367788,0.9275206830385586,5238,1015,38938.22148286574,0.002491490177961424,0.08289884677086448,100.24914901779614,9983.64113822264,48.609308582368236,0
flashbots-c5,455,10000,342.60479099936754,-343.27641959610366,343.27641959610366,-0.6716285967361273,142076.60864844863,20561.46245750796,0.8735753423679475,6885,1944,104419.74170712612,-0.000014778064376628207,0.25236796093746816,99.99852219356234,9991.672377906627,68.55504131725361,0
flashbots-c5,456,10000,230.25920543468447,-230.25839156230234,230.25839156230234,0.0008138723821389249,128943.62813980287,2395.1923640065747,0.9817632566303038,5222,1612,99737.03262761125,-0.00018813011741997343,0.07176317716564284,99.981186988258,10000.84725776823,105.73620594054768,0
flashbots-c5,457,10000,466.5813308376435,-466.54931939130597,466.54931939130597,0.03201144633754893,284227.7445620427,15684.086506087555,0.9477043421387246,11820,3088,198902.6719796757,0.0000019536207364012624,0.06064878672093144,100.00019536207364,9997.971972743786,85.0943379522687,0
flashbots-c5,458,10000,165.65396275512066,-165.63215359699703,165.63215359699703,0.021809158123630823,144529.1056320644,15784.798897231949,0.9015381794637322,10580,1878,89783.92546479127,-0.00679331300748089,0.057292347088728664,99.32066869925191,10059.418708973984,58.4527547431518,0
flashbots-c5,459,10000,183.93188768236223,-183.96585272172385,183.96585272172385,-0.03396503936161821,86863.1526432939,12311.077967790157,0.8758641444261003,4294,1394,65847.7693273622,-0.0017201793420049682,0.11502639681089519,99.8279820657995,10010.36623663854,54.759180549935586,0
flashbots-c5,460,10000,187.68704399805216,-187.79550531467186,187.79550531467186,-0.10846131661969594,142021.10706749995,9627.569675804123,0.9365139882354482,9055,1863,95678.18519074807,0.0009248791514514209,0.10092697058124785,100.09248791514514,9995.394705841434,80.3890781604229,0
flashbots-c5,461,10000,91.13053052650046,-91.13032998162184,91.13032998162184,0.00020054487862353199,91302.37591104573,2004.8321822151413,0.9785136408731541,6700,1245,60832.62420613144,-0.0009205412023544568,0.04721655691051424,99.90794587976455,10009.911241120855,107.07658468719652,0
flashbots-c5,462,10000,504.59975474385885,-504.57752533966493,504.57752533966493,0.022229404193922164,274341.28074904194,4315.9615061555805,0.9845115760450864,11577,2933,193521.99567038752,-0.0007185383445280991,0.1139460077602007,99.92814616554719,10014.55294801805,104.15971191181474,0
flashbots-c5,463,10000,78.43353090899447,-78.43431926960032,78.43431926960032,-0.0007883606058527448,82124.26704762732,642.7732178628468,0.9922339470421917,6532,1150,52894.22727930504,0.00017553915815284426,0.04677069322174646,100.01755391581528,9998.318459191303,99.54678831296937,0
flashbots-c5,464,10000,121.81286988672072,-121.82590348174404,121.82590348174404,-0.013033595023316025,114265.45548770374,4552.982435677199,0.9616811791566124,8361,1570,73591.07425209794,0.0000019811384613888093,0.04992494487932461,100.00019811384614,10001.281258346497,95.88776045030315,0
flashbots-c5,465,10000,300.9727164059827,-300.8242482183981,300.8242482183981,0.14846818758456948,172347.1476622488,13510.694115808394,0.9273063004145811,7011,2017,128505.7783336197,0.000727479379312399,0.12082217680225994,100.07274793793124,9980.731024932813,97.65309966561432,0
flashbots-c5,466,10000,271.9697771503737,-271.95630696497585,271.95630696497585,0.013470185397864043,124619.65123138555,7361.872998689346,0.9442204275057783,5400,1616,94983.57153137153,-0.0018527258299977235,0.08570328400981268,99.81472741700023,10003.072856567362,75.03875251009258,0
flashbots-c5,467,10000,110.26380944177032,-110.2623193566958,110.2623193566958,0.001490085074522085,78808.76559130306,506.17355828938696,0.9936181813449454,4286,1080,56896.40263232535,0.00045797051625172,0.05939687916619718,100.04579705162517,9995.807590309938,101.77994543370228,0
flashbots-c5,468,10000,199.85088414183494,-199.86854178436292,199.86854178436292,-0.01765764252797908,114185.95894013817,1158.1849484539528,0.9899588751590838,5514,1433,84418.0515386768,-0.00047836711729402735,0.08260980303038494,99.9521632882706,10007.377108381972,103.89632848176089,0
flashbots-c5,469,10000,92.4403006001638,-92.51595303136105,92.51595303136105,-0.07565243119725551,76497.62107302296,6922.476926942153,0.9170166771208415,5752,1040,49441.900412233015,0.0007190453600154001,0.08267273746814724,100.07190453600154,9996.052992439278,91.26349732777008,0
flashbots-c5,470,10000,98.75035611177613,-98.78693199328131,98.78693199328131,-0.0365758815051862,94796.30940061665,5452.700918351165,0.945608431434864,6746,1217,60854.86154070177,0.00028526076640801536,0.055653200844001986,100.0285260766408,9993.860747718341,132.9398925875566,0
flashbots-c5,471,10000,95.21226259868317,-95.2458309326812,95.2458309326812,-0.033568333998033495,77069.31826644055,9883.557063250593,0.8863343273494289,6235,1220,50853.23413161946,-0.0012767107453707637,0.04302703969588606,99.87232892546292,10009.439823555835,65.47061976477148,0
flashbots-c5,472,10000,470.3298280748903,-470.75589241652034,470.75589241652034,-0.42606434163002405,154114.11620855166,5856.63406069835,0.9633893442967484,7350,2120,115124.09165550163,-0.0008517459520440696,0.21759037236267303,99.9148254047956,10061.136382064586,79.49324905523362,0
flashbots-c5,473,10000,340.06925821891684,-339.7287012860264,339.7287012860264,0.3405569328904221,203544.49022886832,13377.66354036015,0.9383296574005443,10040,2506,142748.39913496203,0.015475545407240077,0.07813692435200864,101.54755454072401,9927.603357865457,57.854180223578204,0
flashbots-c5,474,10000,540.0254077321139,-540.0914184760253,540.0914184760253,-0.06601074391141992,296198.1979261987,4761.997987445239,0.9841773162959676,11105,3092,214846.9330938497,-0.004378479724723263,0.1045180151602392,99.56215202752767,10055.913249007437,116.09748451979789,0
flashbots-c5,475,10000,273.8235421794466,-273.1477866374885,273.1477866374885,0.6757555419580967,112341.72274462439,3750.1584062501915,0.9676966350353438,7217,1773,80076.91347942072,0.000002180579551520623,0.21614119353271036,100.00021805795515,9990.148124806172,49.48173493297955,0
flashbots-c5,476,10000,274.1664482047673,-274.2270421081683,274.2270421081683,-0.06059390340101345,215254.73143094426,9117.369083954862,0.9593649608706611,11416,2458,143833.32908047969,0.0018216382007311437,0.05684804739868994,100.18216382007311,9986.848449154895,108.59601315210521,0
flashbots-c5,477,10000,151.64464162443414,-151.64142091266064,151.64142091266064,0.0032207117735083557,139691.15337083014,10577.626006766632,0.9296086249547082,8582,1653,89628.1512444092,-0.0001684892687876527,0.055489834986238405,99.98315107312123,10003.452345204083,109.38881867964473,0
flashbots-c5,478,10000,164.0531697605258,-164.0215469588269,164.0215469588269,0.03162280169891574,80611.36696602798,12131.624146758984,0.8691909329082839,4277,1347,61855.58939026515,-0.0013098769330703419,0.08536490320787352,99.86901230669297,10007.84474064442,50.407565765424664,0
flashbots-c5,479,10000,193.55469073353927,-193.56493737857872,193.56493737857872,-0.010246645039444502,117431.52866250594,4811.8965113492295,0.9606367663168327,8591,1722,78175.30897518336,-0.0009259911215329453,0.1594938868699893,99.9074008878467,9995.322908483411,72.52114921339496,0
flashbots-c5,480,10000,257.3887280352882,-257.37958831177696,257.37958831177696,0.009139723511225384,197946.393806433,7260.819722457007,0.9646171321290575,10187,2345,135670.5815978496,0.000014346652517787107,0.058386693664561874,100.00143466525178,10001.592633743558,101.69001240386267,0
flashbots-c5,481,10000,144.77543375922832,-144.7871863448403,144.7871863448403,-0.011752585611986888,171856.06418535992,6562.069388036011,0.9632208382824688,11457,1897,105698.16742514935,0.000030404617699133497,0.03614006455200922,100.00304046176991,9998.174356172034,146.35858597611372,0
flashbots-c5,482,10000,226.74370451844243,-226.7954723793108,226.7954723793108,-0.05176786086838092,176996.78800868103,15295.408756966439,0.9204574651793727,8925,1967,120186.06629091145,0.0015458889404214916,0.08359003685999468,100.15458889404215,9984.87117635938,159.33411335403972,0
flashbots-c5,483,10000,230.72968567782172,-229.99568137799497,229.99568137799497,0.7340042998267506,84865.28572056288,6629.931462116382,0.9275379449738989,3966,1093,63368.082709063136,0.0008966549064930974,0.19040143726352896,100.08966549064931,9990.011809389343,92.25154665532128,0
flashbots-c5,484,10000,154.56239505635503,-154.41599075762196,154.41599075762196,0.14640429873307426,137769.03404835478,20347.370686092505,0.871313980859447,11082,1969,82738.75737929693,0.0010507182285884654,0.07823396285073983,100.10507182285885,10002.713536970661,108.23916588867387,0
flashbots-c5,485,10000,188.2472036957271,-188.2442949431549,188.2442949431549,0.00290875257221046,145058.68445534617,9569.369283499149,0.93811362781775,7359,1662,99761.37344081876,-0.001853094878678121,0.05650099592075136,99.81469051213219,10011.91633668744,119.5297720697439,0
flashbots-c5,486,10000,224.8581006467026,-224.8632949745957,224.8632949745957,-0.005194327893093487,105674.37770999418,1587.2672298971174,0.9852019122885295,4599,1464,81244.02653306558,0.0012912205707424106,0.08324089896929905,100.12912205707424,9993.954892802069,77.7629685280421,0
flashbots-c5,487,10000,163.93433762446406,-163.97993846303373,163.97993846303373,-0.04560083856966912,120171.17778120025,3947.5047640334556,0.9681957245832445,4533,1285,91279.98762250933,-0.0020547926019916928,0.04405894078286053,99.79452073980083,10048.585292748521,172.84417558901163,0
flashbots-c5,488,10000,188.7432748079552,-188.69290720933503,188.69290720933503,0.05036759862016993,154436.74889649812,10434.012440007895,0.9367139912776178,7859,1785,105913.8287901528,-0.00006446197313096035,0.06414384184653357,99.9935538026869,9983.790884596432,122.67048292464139,0
flashbots-c5,489,10000,373.3495193282788,-373.3605236036317,373.3605236036317,-0.011004275352888726,192729.2118098105,1772.7861328743636,0.9908855119658114,6854,2139,146179.6212638384,-0.002082752606288949,0.12172009700492964,99.7917247393711,10022.63271503068,119.25194359041714,0
flashbots-c5,490,10000,186.48576367477853,-186.50112427474858,186.50112427474858,-0.01536059997005168,124606.13312975423,2430.871391521362,0.9808648558687146,6660,1618,89447.42121700232,-0.002002540049997492,0.06813009112476877,99.79974599500025,10018.47571285411,97.31936629640732,0
flashbots-c5,491,10000,512.277455632902,-512.2763294558146,512.2763294558146,0.0011261770874853028,261369.6936579606,16318.10888688729,0.941235773637368,10997,3026,187601.41912987566,-0.0009161187477567978,0.10454858984290126,99.90838812522432,9999.937226073098,79.77451593859573,0
flashbots-c5,492,10000,158.74262119917793,-158.76555153604124,158.76555153604124,-0.02293033686331114,117799.34631711211,2425.7079500981736,0.9798236069438002,5972,1490,85410.81814864188,0.0017253963516021997,0.04472347630376362,100.17253963516022,9988.2385892372,121.66367939265241,0
flashbots-c5,493,10000,381.9045257738562,-382.04344915048193,382.04344915048193,-0.13892337662571208,162067.95124762697,12284.261661211753,0.9295434141255513,10082,2559,113349.84777628868,0.008880333577297535,0.19944028426773572,100.88803335772975,9962.532533018311,40.56523644849904,0
flashbots-c5,494,10000,104.40646740807134,-104.33041569243048,104.33041569243048,0.07605171564085822,92178.27299835782,6304.596326219278,0.9359828123463709,7829,1307,55641.19328499121,-0.0010658230730548723,0.11727393333886824,99.89341769269451,10018.950064276065,62.51250639959682,0
flashbots-c5,495,10000,272.026967845254,-272.11577306192635,272.11577306192635,-0.08880521667236962,147587.19944053868,5845.149335254706,0.961904061419303,8027,1909,103766.27856336354,-0.000004824984579414604,0.1196471736133715,99.99951750154206,9994.188478133889,93.3622555485158,0
flashbots-c5,496,10000,213.8156844828618,-213.84800875394384,213.84800875394384,-0.03232427108204661,131151.31396231317,19038.993484383205,0.8732342066005805,7151,1955,94299.27464301925,0.002036936379085574,0.05331607024976051,100.20369363790856,9990.868647995301,63.81967609577817,0
flashbots-c5,497,10000,175.183181533764,-173.84016870548527,173.84016870548527,1.343012828278745,135899.47944779924,6724.335069820516,0.9528526488191087,7752,1588,90349.83768335843,-0.01969140394450051,0.07200224339846799,98.03085960554995,10270.910352044622,142.06103934942544,0
flashbots-c5,498,10000,106.22639764621846,-106.22660021506351,106.22660021506351,-0.0002025688450544294,126487.58271736941,5817.048429294367,0.9560329190378379,10594,1626,76050.69546589076,-0.0004482698470781088,0.035519177399205265,99.95517301529219,10007.284745516221,95.30359048196318,0
flashbots-c5,499,10000,80.4244409076285,-80.41993442144329,80.41993442144329,0.004506486185206882,82956.90934426156,3255.4937530651623,0.9622386845035513,6391,1166,52846.73914050377,-0.0006758024184296119,0.04096679362016999,99.93241975815704,10002.116502506251,87.47165406845828,0
flashbots-c5,500,10000,353.93522495914397,-353.9137236484494,353.9137236484494,0.021501310694588938,192667.5737878758,8732.152743861332,0.9566426782486951,7324,2221,143923.68337162628,0.00397140787459847,0.06980879551593616,100.39714078745985,9962.94879235266,108.87813137566569,0
flashbots-c5,501,10000,330.9471885071345,-331.0237863711277,331.0237863711277,-0.07659786399318591,144995.67548713277,8714.031872282274,0.9433085130277004,5388,1727,112064.62693166731,0.0013368169026925613,0.14534561297351728,100.13368169026926,9979.662734506812,99.87699805983084,0
flashbots-c5,502,10000,332.256830088961,-332.32758020378446,332.32758020378446,-0.07075011482345417,170785.21583272194,18692.708739184745,0.9013462450498244,8754,2382,122152.59346108175,-0.00015773411257583803,0.11208718295375278,99.98422658874242,10000.016061000964,75.81893143355069,0
flashbots-c5,503,10000,127.61092700214175,-127.6074413729666,127.6074413729666,0.0034856291751452773,119795.6411770047,4707.535946788904,0.9621894311812766,8271,1539,77982.83554973284,0.0017649214138381808,0.036371553531005955,100.17649214138382,9980.264585941666,97.94582952960913,0
flashbots-c5,504,10000,474.6301045425216,-474.65285093810326,474.65285093810326,-0.022746395581634715,276424.64114898787,38017.95111133945,0.8790941429465626,11175,3051,191444.8167029638,-0.0023383718492692653,0.0835417609480929,99.76616281507307,10004.259346525985,67.85407064680061,0
flashbots-c5,505,10000,46.013226040890174,-46.03938665488258,46.03938665488258,-0.02616061399240266,52714.681657850175,6173.817638739333,0.8951608936806973,4246,710,32781.699286226896,0.000010422664811926551,0.036623935590386056,100.00104226648119,10019.81396471301,80.97984172022159,0
flashbots-c5,506,10000,104.04657639061571,-103.97466084867685,103.97466084867685,0.07191554193886418,137592.90388798498,10181.691536004777,0.9310998517249071,9937,1472,80369.51135565536,0.0004250818466962869,0.040561969371324266,100.04250818466963,9984.285360134467,125.3239000523486,0
flashbots-c5,507,10000,119.93747781271503,-119.97641501006426,119.97641501006426,-0.038937197349227404,95877.92370682319,3481.1685714387004,0.9649637643458995,5669,1295,66918.20359890237,0.00032961568476025605,0.05314807512533449,100.03296156847603,10006.246942150332,116.76323549341127,0
flashbots-c5,508,10000,319.3934909315424,-319.4153502701609,319.4153502701609,-0.02185933861852618,207093.4433564346,1774.854089333772,0.9915025204349426,10510,2519,144077.2143129585,-0.0016076059505773798,0.09554734101101005,99.83923940494226,10017.738525244493,95.07703668238047,0
flashbots-c5,509,10000,373.3898063413597,-373.37282185854133,373.37282185854133,0.016984482818372726,234949.52846067733,30072.062271645467,0.8865297646559717,10959,2881,163882.11980308392,0.0017794496296743034,0.0805235925510074,100.17794496296743,9982.943004280216,93.67146644680534,0
flashbots-c5,510,10000,350.6883916508852,-350.654168254005,350.654168254005,0.03422339688017928,179416.61210199608,12772.524418441048,0.9335419022652051,7528,2175,133108.15319412737,0.0019575469048612603,0.11378082870560391,100.19575469048613,9974.209448222444,87.51734843932982,0
flashbots-c5,511,10000,291.7417667041413,-291.73808116438147,291.73808116438147,0.003685539759828771,213582.3150413859,8915.317093802723,0.9599307327082662,11062,2438,144141.76192526516,0.0028703342507738227,0.061592529642565806,100.28703342507738,9968.798554713974,103.86260754960776,0
flashbots-c5,512,10000,149.73713107083992,-149.7139801714093,149.7139801714093,0.02315089943061821,144445.2979526044,7791.183328345691,0.9488218378223865,10630,1815,90617.37707488137,-0.000002137761234592972,0.05633760346420061,99.99978622387654,9995.356097262527,90.71353089466925,0
flashbots-c5,513,10000,553.2530669105307,-553.1980085422348,553.1980085422348,0.05505836829593136,239090.7951194612,29090.570191023256,0.8915265042470647,9903,3091,176439.45896163257,0.002417262657445605,0.11777092343649102,100.24172626574456,9956.17872088156,46.23435740383001,0
flashbots-c5,514,10000,133.08577000336902,-132.86809435192876,132.86809435192876,0.2176756514402598,137196.37838548984,14085.863154702125,0.9068901742114929,9629,1515,82984.38781995591,0.0005342541425719105,0.09373519029936161,100.05342541425719,9991.236844743815,201.20910727615166,0
flashbots-c5,515,10000,203.5242160037949,-203.52597356580003,203.52597356580003,-0.0017575620051388796,145553.64130076655,3581.2021729737457,0.9759868177713659,8569,1934,99125.85305964036,0.00011062547547325607,0.09220805025826109,100.01106254754733,9997.972699828284,85.3506831389895,0
flashbots-c5,516,10000,346.2909188696046,-346.43814919281425,346.43814919281425,-0.14723032320966922,148024.52496784236,5983.357400275603,0.9611490184250839,6806,2064,111378.9774421472,0.000006624964825050483,0.1220659196337654,100.0006624964825,10002.637002355892,36.74187400178701,0
flashbots-c5,517,10000,644.3478700049164,-644.2687123937226,644.2687123937226,0.07915761119386389,220371.49754137103,21948.981230275716,0.9094216826347575,10087,3036,161299.8920140428,-0.0000014888636682997003,0.16893955996157914,99.99985111363317,10000.088152826027,33.76847659356618,0
flashbots-c5,518,10000,282.06350684386746,-282.1130513672126,282.1130513672126,-0.049544523345161906,109686.75945194809,8280.5932999456,0.9298060598396137,4221,1451,86695.5497364893,0.000005020577272603078,0.07852842253193615,100.00050205772726,9990.13838932037,72.43327741346008,0
flashbots-c5,519,10000,635.991468309101,-635.9431830383323,635.9431830383323,0.048285270768701594,310380.05732398405,3730.308951139258,0.9881242093491688,11664,3145,223720.06935768682,0.004653538662705756,0.10197844110407757,100.46535386627058,9947.494531545704,105.0759677992,0
flashbots-c5,520,10000,237.15854155322046,-237.0653257512971,237.0653257512971,0.09321580192334977,197980.04478455486,19685.124943524053,0.9095623568616148,9814,1994,130374.61573959548,-0.0028207715552954937,0.07751930372606551,99.71792284447045,10030.513587486841,138.28744481730243,0
flashbots-c5,521,10000,34.76898480507907,-34.81183544802801,34.81183544802801,-0.0428506429489417,59046.127657011624,5099.871992416571,0.9204958684830157,4858,690,33855.30159218687,-0.0008708717675598621,0.032624629408686164,99.91291282324401,10013.669471386182,111.02052442371586,0
flashbots-c5,522,10000,121.68640150114675,-121.68497693800563,121.68497693800563,0.0014245631411142767,103319.63029720934,2292.113502550841,0.97829679332919,6733,1351,69046.18039794565,0.0012350407009574836,0.06612668297789498,100.12350407009575,9986.096804235087,94.86528978636358,0
flashbots-c5,523,10000,96.84318344588637,-96.86872115168178,96.86872115168178,-0.025537705795414922,103854.08484679318,2912.796113997576,0.9727181679582146,7492,1327,66708.08860450202,-0.0000004953165294807604,0.04073760061421666,99.99995046834705,10002.332203284823,112.16467383836296,0
flashbots-c5,524,10000,210.50676828877576,-210.62352294607047,210.62352294607047,-0.11675465729470602,94286.68463151074,20000.51470216906,0.8249977703646901,4629,1424,70991.67445619038,0.0005207047751487437,0.09643883529799595,100.05207047751487,10020.112022169697,60.93384366556086,0
flashbots-c5,525,10000,172.9796066474997,-173.0361172289455,173.0361172289455,-0.05651058144579224,108140.8552801764,4026.021253658003,0.9641068613295692,5811,1425,77154.14576449923,-0.00000011393444438567712,0.06710786214507408,99.99998860655556,10012.847456208296,103.88130537616819,0
flashbots-c5,526,10000,105.1484438443514,-105.13549883622639,105.13549883622639,0.012945008125015534,122901.28738742652,15506.53793644484,0.8879648755396606,10658,1589,72284.84329929,-0.0010265564677798978,0.04384057066310334,99.89734435322201,10005.94976780234,104.74560557098565,0
flashbots-c5,527,10000,123.39846241646885,-123.34732133402295,123.34732133402295,0.05114108244589488,97151.00893949137,4585.937674772588,0.9549235766612871,6582,1333,65412.936183450365,-0.0012393479819677112,0.0482257710381397,99.87606520180323,10014.369619741245,81.35558103079696,0
flashbots-c5,528,10000,197.14170129180357,-197.0558493883701,197.0558493883701,0.08585190343347904,151218.31982434427,6352.090924607358,0.9596872858653152,9467,1917,99568.19666698079,0.004075061088854426,0.056109240050531355,100.40750610888544,9955.64471951278,89.07469559322297,0
flashbots-c5,529,10000,104.65676861562092,-104.65356683953732,104.65356683953732,0.003201776083599839,75708.07889455016,1067.0088078667625,0.9861021479779675,4067,1056,54517.802742324595,-0.000000594219229412829,0.06014065944723839,99.99994057807706,10000.235730444376,100.28336618752037,0
flashbots-c5,530,10000,315.5869594981292,-315.77385086766003,315.77385086766003,-0.18689136953082652,142849.09133468854,7476.411320666043,0.9502651832949002,5347,1823,112322.25188848376,0.0021793276628871185,0.06002298609305697,100.21793276628871,9993.108293570498,101.69769729782128,0
flashbots-c5,531,10000,360.86167060785834,-360.8655464735564,360.8655464735564,-0.003875865698034886,228758.80264221042,4543.496498067779,0.9805252819418814,10680,2590,157759.03529856814,-0.001195554832981287,0.12109432285035993,99.88044451670187,10018.773056953474,110.13111417837389,0
flashbots-c5,532,10000,171.97449526187188,-171.9877653192794,171.9877653192794,-0.013270057407510194,156220.07109972564,14941.653109578776,0.9127044718753392,9346,1835,102648.3661982349,-0.0009410307893926984,0.06126779861461259,99.90589692106073,10009.271506549745,124.74795167451322,0
flashbots-c5,533,10000,109.75990425806856,-109.82548185233236,109.82548185233236,-0.06557759426380017,99032.34692134793,11727.70340519447,0.894116124264851,6664,1299,63900.89862414747,-0.0002676101111615026,0.08145832828307903,99.97323898888385,10010.908469072521,142.7729189741036,0
flashbots-c5,534,10000,335.8694518667971,-336.17858035002155,336.17858035002155,-0.3091284832244696,114377.47375721272,22453.34831576172,0.8359043088713819,6727,2034,84206.59570392224,-0.0008191462502976776,0.19516584153037342,99.91808537497023,9995.136283002788,33.98897758375087,0
flashbots-c5,535,10000,238.88114715869514,-238.72822739210847,238.72822739210847,0.1529197665866775,83926.61336016638,6083.17450059949,0.9324165221896821,5140,1645,63504.21162692362,0.00002592522054825963,0.0933641765271679,100.00259252205483,9992.384677420721,17.266303552170353,0
flashbots-c5,536,10000,190.25005100373428,-190.27683754948416,190.27683754948416,-0.026786545749871493,133967.32723816865,1764.250144420618,0.9870019182091453,9462,1777,88639.91151962991,0.0009185654806999821,0.11778311272185547,100.09185654807,9993.991087471311,85.9329445092417,0
flashbots-c5,537,10000,173.1016654053427,-173.10624764596665,173.10624764596665,-0.004582240623960843,124393.52751031973,4394.037353520014,0.9658815091490734,7650,1712,85959.76102895323,0.000006696911969754638,0.056224108926151505,100.00066969119698,9997.206428649748,86.57890930611123,0
flashbots-c5,538,10000,188.98903913514295,-188.69961695039797,188.69961695039797,0.2894221847449785,91683.54796978095,10930.179067942614,0.8934822914684271,3948,1222,70435.16760590633,0.00058574108837675,0.08183421334334738,100.05857410883767,10008.280971722144,64.3198757310599,0
flashbots-c5,539,10000,174.38253212014894,-174.4370881191184,174.4370881191184,-0.054555998969476605,103877.72717571184,8613.614118872993,0.9234286477541748,4946,1393,77968.51044544706,-0.0006705870946491643,0.06189006259349554,99.93294129053508,10018.196989759079,106.7799829552167,0
flashbots-c5,540,10000,388.6156908440686,-388.5879417561074,388.5879417561074,0.02774908796118325,224770.33042848995,12583.672304982972,0.9469835260410027,9785,2581,159464.05288868866,-0.0000013561379032012156,0.13824798443799793,99.99986438620968,10003.759709896362,90.5869240700577,0
flashbots-c5,541,10000,213.26315771714772,-213.21427047071552,213.21427047071552,0.04888724643220144,93148.63411788434,10846.707425430763,0.895700064402279,3986,1378,73760.41114536663,0.001346623837274734,0.10533558664790235,100.13466238372747,10002.987479472054,42.0996734967568,0
flashbots-c5,542,10000,184.69562600415347,-184.69760990208104,184.69760990208104,-0.0019838979275732527,165463.39631509254,9039.659175266195,0.9481977026140632,10336,2025,108264.40518874009,-0.0012212774402937043,0.08501453638602641,99.87787225597063,10000.743427538697,99.12963906929552,0
flashbots-c5,543,10000,119.43963673186332,-119.39537678885091,119.39537678885091,0.04425994301240621,80463.76234063225,2474.8551520384576,0.9701604002230063,4647,1081,57074.07138032788,0.0029631000119145767,0.07354389930125947,100.29631000119146,9976.254605001479,82.93519514019627,0
flashbots-c5,544,10000,336.6707227217954,-336.98471582724756,336.98471582724756,-0.3139931054521412,173221.3947484884,21815.307267279433,0.8881476817347139,7602,2106,125789.62657931933,0.0000009611385571872688,0.11085763256164143,100.00009611385572,10000.541544384992,83.85583403727492,0
flashbots-c5,545,10000,444.30328895477294,-444.3359722886554,444.3359722886554,-0.03268333388245992,251625.3224059796,1927.7332226846077,0.9923971209185195,11728,2902,178487.77030137245,0.0001674585877970003,0.07245717888417942,100.0167458587797,9998.025120078788,93.23300619833327,0
flashbots-c5,546,10000,211.90478685635665,-212.0216336222029,212.0216336222029,-0.11684676584624754,221037.80527806503,3682.5343968907487,0.983612812252699,11567,2239,144217.5184890455,-0.00046634237428818894,0.051114216009908515,99.95336576257118,10045.009459780891,305.13540527244663,0
flashbots-c5,547,10000,140.85571703516194,-140.83997364098664,140.83997364098664,0.015743394175302683,123098.79705048449,6759.950825469967,0.947943816369404,7835,1635,82140.63889755722,-0.0015325813301228664,0.07183111460492383,99.84674186698771,10008.580722620467,98.21059136074548,0
flashbots-c5,548,10000,112.69176927176096,-112.6873368262294,112.6873368262294,0.004432445531563189,104325.92415052865,6140.7552023407225,0.9444107921201742,4959,1230,73384.90401780186,-0.0006898283072277422,0.044633947304149754,99.93101716927723,10018.254553592778,159.14265862726558,0
flashbots-c5,549,10000,70.95105196512375,-70.83365805137048,70.83365805137048,0.11739391375327557,67179.14714510062,4830.062188183265,0.9329243824101993,5487,893,42360.505126390635,-0.007334326195340282,0.09226591725245058,99.26656738046597,10080.175338790914,101.7972663837582,0
flashbots-c5,550,10000,154.60500057233605,-154.5490434896725,154.5490434896725,0.05595708266355359,124789.87432911244,7302.366160038226,0.9447176750655691,5484,1427,91238.38172605586,0.004151350478951344,0.054447002001376886,100.41513504789513,9954.229575321826,130.97145669698696,0
flashbots-c5,551,10000,378.21693729305275,-378.4706398611289,378.4706398611289,-0.2537025680761644,156809.5987520313,4858.354209308423,0.9699485635816133,6919,2077,117951.69254717234,0.0026144319974166306,0.1636389732306462,100.26144319974166,9982.629202686763,68.6646416531645,0
flashbots-c5,552,10000,158.71971194373438,-158.71142046339276,158.71142046339276,0.008291480341625856,84879.88541740116,2788.9998135947108,0.9681871189961403,5009,1317,62648.44991145094,-0.004588785795240255,0.06114025103860755,99.54112142047597,10032.620492595033,55.18647110103805,0
flashbots-c5,553,10000,187.61003543060568,-187.6344511479901,187.6344511479901,-0.024415717384414393,168259.01246418388,13349.992153219508,0.9264904723125156,9304,2046,113124.93614210852,0.00011031930360331898,0.05049941169696197,100.01103193036033,10001.726902323124,101.98080623911477,0
flashbots-c5,554,10000,267.4774019462127,-267.388127128846,267.388127128846,0.08927481736668597,137597.25953613524,20904.3216973048,0.8681128507701317,6519,1962,102478.26140365032,-0.002447314603358706,0.09452603111138515,99.75526853966413,10012.496733396578,39.7306217339827,0
flashbots-c5,555,10000,216.71333521080388,-217.41587917417,217.41587917417,-0.7025439633661108,112706.89319247691,9178.681383127558,0.9246942764548884,6399,1469,79067.09942080991,0.002078766989502299,0.17326838309661155,100.20787669895023,9966.326736945713,99.0478883338801,0
flashbots-c5,556,10000,97.14692381609265,-97.18172020153995,97.18172020153995,-0.03479638544729369,140700.79047851014,6131.713180604777,0.9582400828985379,9664,1524,85131.34152596063,0.0001703398335460804,0.03266388512647453,100.01703398335461,9985.971044986345,202.7625046711033,0
flashbots-c5,557,10000,203.19399152474818,-203.27326118581647,203.27326118581647,-0.07926966106828104,172578.3228966501,17333.114466940035,0.9087305393105137,11458,2213,110510.16495778244,-0.0006609504640134389,0.04820716023245012,99.93390495359866,10010.989513135248,106.7344285451224,0
flashbots-c5,558,10000,192.1879412427303,-192.1970790990577,192.1970790990577,-0.009137856327413374,143301.05698021138,3312.7030501848562,0.9774052377519132,8552,1688,96267.49863682705,0.0002785077974121464,0.06255773717828958,100.02785077974121,9982.652475188097,116.09850474915106,0
flashbots-c5,559,10000,658.3677520792079,-657.9402225460814,657.9402225460814,0.427529533126517,257741.67698617926,19126.18802161902,0.9309194368906614,10908,3222,187646.75231336278,0.0001491336437368318,0.10647440502080925,100.01491336437368,9988.483478615828,69.45967769035484,0
flashbots-c5,560,10000,184.4130146485942,-183.70736872526746,183.70736872526746,0.705645923326756,107338.84973911569,8096.306742023675,0.9298627299617642,5130,1435,78600.04233173636,-0.019588713758509898,0.08022292079483322,98.04112862414901,10168.450053771947,85.91916807170469,0
flashbots-c5,561,10000,151.24024440387322,-151.25067866686993,151.25067866686993,-0.010434262996710686,107111.26369047158,2172.61072376625,0.9801195671784931,7116,1515,72674.94135192639,-0.000004737606312374965,0.09261659371858472,99.99952623936876,10007.235513385604,72.1248658647297,0
flashbots-c5,562,10000,210.06919302926465,-210.06923348339302,210.06923348339302,-0.000040454128367173325,147379.42873903087,197.22178908481393,0.9986635976058609,7802,1832,104622.14098048805,0.0005934332712774904,0.06064849195579043,100.05934332712775,9994.356017142223,99.63677897888302,0
flashbots-c5,563,10000,303.23148205000166,-303.18084093954946,303.18084093954946,0.05064111045220443,179332.38396111887,1343.524413367544,0.9925638983888057,7842,2181,133488.57490303967,-0.004787084709162031,0.09445935335938885,99.5212915290838,10046.228492789918,95.99120198730567,0
flashbots-c5,564,10000,480.3285051890854,-480.32767731556356,480.32767731556356,0.0008278735218141264,239053.82465831802,4823.282952032844,0.9802224858278247,10587,2684,168679.9656944814,0.00024523286934368115,0.14751458827572037,100.02452328693437,9997.477850446223,98.954955671467,0
flashbots-c5,565,10000,306.85357266977707,-307.0257510088253,307.0257510088253,-0.1721783390482301,179030.699384712,19240.95604098,0.9029565976050918,7333,1980,128900.3893175859,0.00023720432376563849,0.11380158043485324,100.02372043237656,10033.027694825596,218.39122965706557,0
flashbots-c5,566,10000,231.7381880261686,-231.68641507900864,231.68641507900864,0.051772947159946625,141935.22539698172,3339.399634863909,0.9770131939137211,6744,1744,102835.94431370679,0.007847922535258931,0.09894727209590329,100.7847922535259,9902.121355684281,109.61850464730547,0
flashbots-c5,567,10000,497.47602451081207,-497.3660247897469,497.3660247897469,0.10999972106515088,214081.5795332001,6005.610168146421,0.9727125864240628,10316,2854,154835.59596440443,-0.0003683888926897794,0.1017170035141487,99.96316111073102,10003.144121769928,51.24606829775438,0
flashbots-c5,568,10000,112.55674985706872,-112.53957880341059,112.53957880341059,0.01717105365813154,119588.3126582932,4651.671043541371,0.9625589854011493,9708,1524,73704.6583718089,0.001114703734425575,0.04541402313790144,100.11147037344256,9982.150765455055,112.53721362883763,0
flashbots-c5,569,10000,561.363021302701,-561.3763558789082,561.3763558789082,-0.013334576207171267,253780.65245685345,1236.4370504958656,0.9951515521846616,9169,2770,190532.2580083366,0.0000030881377138314294,0.09686170168302709,100.00030881377138,9999.620584031494,102.45326020043706,0
flashbots-c5,570,10000,557.8303325262237,-557.6098430754516,557.6098430754516,0.22048945077210647,220963.88607187202,26376.70663192369,0.893358763543066,9282,2976,162939.98094353062,-0.01572014066062195,0.13916675791208205,98.4279859339378,10034.92016144568,45.819512705477635,0
flashbots-c5,571,10000,679.6494790809551,-679.3555628755333,679.3555628755333,0.2939162054217377,276291.7386494187,12388.307714248798,0.9570863734078715,11547,3289,201487.0009319963,-0.015623207941369089,0.11152063481531783,98.43767920586309,10080.592456329416,67.94677806911939,0
flashbots-c5,572,10000,135.5834271589443,-135.5637202264109,135.5637202264109,0.019706932533381405,83421.9411636244,5834.799516260392,0.9346290322521787,5109,1260,59906.752073974014,0.0000070215067925971655,0.06497635151108298,100.00070215067926,9997.399565957987,61.81167045016577,0
flashbots-c5,573,10000,319.4625085541749,-319.6218499686663,319.6218499686663,-0.1593414144913936,171279.60730386403,19336.333874149914,0.8985586737675211,11005,2534,114838.28898956385,0.0047307528429551835,0.08918059150711784,100.47307528429552,9969.489064273153,51.63776651458527,0
flashbots-c5,574,10000,220.007278912939,-220.04151551939333,220.04151551939333,-0.034236606454328466,167460.27727907785,6076.794018276347,0.9649827326642858,6894,1680,117595.97029551865,-0.000003128256284554709,0.0757212032063859,99.99968717437154,9999.706863560521,167.5473347110451,0
flashbots-c5,575,10000,383.1267136641841,-383.09201198945567,383.09201198945567,0.034701674728410126,240485.75373410757,9576.774024012524,0.9617024825355843,11496,2758,166920.20633078113,-0.0005253532501713209,0.07004508999373456,99.94746467498287,10000.680767036876,88.1459098851723,0
flashbots-c5,576,10000,304.7889405353565,-304.8075845766332,304.8075845766332,-0.01864404127667285,200557.7748975268,20349.46554321608,0.9078823061543123,11084,2425,133502.66168605027,-0.0004750878397375402,0.11963684077523026,99.95249121602625,9992.317103095134,83.24196392931401,0
flashbots-c5,577,10000,128.08564280456514,-128.0166986839234,128.0166986839234,0.06894412064173139,68057.9041775059,1837.3194632567381,0.973713232928477,4052,1078,50350.254565871604,0.0031119390768115807,0.0822014505861857,100.31119390768116,9983.106077308477,44.438527779382895,0
flashbots-c5,578,10000,214.060608259627,-214.04050107243583,214.04050107243583,0.020107187191172216,183437.23210731454,25794.43649589555,0.8767182966704123,11286,2023,115189.8043833263,-0.0003733761166888883,0.05889657257824141,99.96266238833111,10015.886317027065,183.1108844988538,0
flashbots-c5,579,10000,88.94611855356392,-88.90635431508338,88.90635431508338,0.03976423848054367,83547.3999243774,6859.219671039943,0.9241292318888159,5092,1111,56866.256862605514,-0.0007618287011553094,0.04245729340254826,99.92381712988447,10021.462872231805,143.8945402773289,0
flashbots-c5,580,10000,204.1341269492547,-204.16240829446227,204.16240829446227,-0.028281345207574304,157896.28234517964,9138.899208091792,0.9452875788016121,9067,1849,104625.89189455996,-0.00023870423956566357,0.057368968633282835,99.97612957604343,9979.701368739552,157.51798221163267,0
flashbots-c5,581,10000,123.75576142386527,-123.71541849325882,123.71541849325882,0.04034293060644245,83944.70521090305,15610.852982844104,0.8431945612472636,7558,1509,53053.29375708512,-0.003035789364822108,0.08343058392566106,99.69642106351779,10013.316222717844,27.90702266373063,0
flashbots-c5,582,10000,186.80119493666393,-186.74077328558505,186.74077328558505,0.06042165107888309,120751.3969629902,12314.965276150786,0.9074524540317794,7063,1703,84789.144607393,-0.0022374232663530335,0.07596241173469366,99.7762576733647,10020.202839217536,66.33948181015751,0
flashbots-c5,583,10000,113.75821299126866,-113.73229284522318,113.73229284522318,0.025920146045478987,77976.43220136427,1570.5590816044787,0.9802562101183989,5327,1157,54045.86139911528,0.000001305135153302217,0.05367415090474537,100.00013051351533,9997.067260221238,62.790361907341946,0
flashbots-c5,584,10000,272.2372005081702,-272.24001709192686,272.24001709192686,-0.0028165837566689333,212945.37853865576,3309.231765642825,0.9846975203858715,11751,2486,142266.90034953583,-0.0000031281830037244163,0.04800540325462961,99.99968718169963,10001.283559674192,102.45791525013938,0
flashbots-c5,585,10000,73.22249346065135,-73.27036006902787,73.27036006902787,-0.047866608376523345,64061.3598814781,2847.915082040265,0.9574361688481444,5138,1005,42659.025179086595,0.0009656165685208862,0.05402960717496143,100.09656165685209,9998.133599885241,62.998818361584135,0
flashbots-c5,586,10000,249.86433387864665,-249.82821506092972,249.82821506092972,0.03611881771692538,152175.04794015354,13662.070377433845,0.9176175363149388,6371,1723,111051.0192738636,-0.001830758977520901,0.07960122433245999,99.81692410224791,9987.470301223613,135.47173399506005,0
flashbots-c5,587,10000,206.5854363623071,-206.69592208344972,206.69592208344972,-0.11048572114262356,111780.97551907024,3432.7839800669576,0.9702050866581376,5377,1458,84220.13473028038,-0.00033275130051734435,0.08485834474998115,99.96672486994827,10022.7151649171,79.6243781498357,0
flashbots-c5,588,10000,130.0577984081595,-130.03733500439827,130.03733500439827,0.020463403761226573,116765.76916070066,5676.713443619598,0.9536377136196739,6436,1372,80411.7649376909,0.0015609177727755252,0.05470390202287192,100.15609177727755,9979.382947920603,142.9535982638559,0
flashbots-c5,589,10000,148.52309193358164,-148.4733446405178,148.4733446405178,0.049747293063830966,154085.96172780314,3858.562256328426,0.9755701422309768,11123,1846,95589.31943900463,-0.0001398552955393484,0.044902504569871694,99.98601447044607,9998.08497429553,104.12931698699431,0
flashbots-c5,590,10000,293.3718797187825,-293.3639897042234,293.3639897042234,0.007890014559109204,201507.28567712833,2961.8536021519017,0.9855144223104183,10269,2331,138522.73427186924,0.000024124358380106514,0.08486616418238058,100.00241243583801,9998.967280998233,102.17605587213778,0
flashbots-c5,591,10000,252.15275592408335,-248.30293305860812,248.30293305860812,3.8498228654752324,173451.28210723356,6364.816485096126,0.9646037449654264,7976,1952,121762.86112120742,0.03304733840422571,0.09277898384989157,103.30473384042257,9419.67757160534,170.94502230468575,0
flashbots-c5,592,10000,432.34777404424216,-432.3999963120277,432.3999963120277,-0.0522222677855666,209543.4876820432,11199.427997054672,0.9492648361438892,9124,2538,152726.34925523453,0.0017630798473732058,0.11991190912504322,100.17630798473732,9982.054794519556,86.88299440932985,0
flashbots-c5,593,10000,100.99541594237617,-101.0327082685952,101.0327082685952,-0.037292326219031224,80764.57318369459,7286.54065392058,0.9172464681439635,4991,1033,55038.603139292834,0.00039435787872207586,0.06388640034260462,100.03943578787221,10014.799809127717,127.52394978198895,0
flashbots-c5,594,10000,123.13178196364456,-123.03925108527179,123.03925108527179,0.09253087837277008,116842.0959187562,20400.656435765555,0.851353487992815,8681,1672,73000.29793251271,-0.009185309520991326,0.054314155026033574,99.08146904790087,10027.650970430039,40.779985185185986,0
flashbots-c5,595,10000,129.5583623398396,-129.5471481871059,129.5471481871059,0.011214152733685978,124497.82455933031,11597.762246118931,0.914782231236505,9536,1596,76326.15926205009,-0.0013940874132548232,0.09270178289270561,99.86059125867452,10015.219330449478,104.341102744763,0
flashbots-c5,596,10000,247.863778326389,-247.90327618220715,247.90327618220715,-0.0394978558181549,130611.07730052431,4438.758366315207,0.967132441558349,5404,1578,100149.60100644993,0.001480229087242577,0.08677607271096037,100.14802290872426,9993.948442728064,87.41606387806199,0
flashbots-c5,597,10000,245.68990127745099,-245.53618218387805,245.53618218387805,0.15371909357293134,191024.66251543336,6417.183221314783,0.967498362885693,10603,2185,127704.52540586634,-0.006514963666124487,0.0767609851666937,99.34850363338755,10058.726957174787,95.73666565786881,0
flashbots-c5,598,10000,482.32632016800176,-482.27480130219925,482.27480130219925,0.05151886580250675,272960.9653712936,18312.981745858368,0.9371279789108883,11008,3013,194084.36007527306,0.0004243358895996607,0.10021803018032827,100.04243358895997,9996.262664904287,92.16854290901698,0
flashbots-c5,599,10000,869.5115849233869,-869.3880302310934,869.3880302310934,0.12355469229351002,303262.28723020264,6167.217446210855,0.9800690711357334,11289,3267,224452.90999936502,0.00014543325018181007,0.23007936229781437,100.01454332501818,10020.167632393719,85.52272691216025,0
flashbots-c5,600,10000,143.94170750935658,-143.79123600301608,143.79123600301608,0.15047150634049444,83633.9116650401,13198.41441189326,0.8636982612458662,4352,1238,60336.11569825657,-0.0038177778138896203,0.09934998811109821,99.61822221861104,10028.97836321306,53.75655396086622,0
flashbots-c5,601,10000,167.3520085488654,-167.31043489749948,167.31043489749948,0.041573651365922615,100488.0567457082,6258.167639141066,0.9413734052402765,4161,1215,75113.39550380142,-0.000002473308293389209,0.08078888931922534,99.99975266917066,9996.97055840655,110.0934412303796,0
flashbots-c5,602,10000,212.59045027983427,-212.62118000621183,212.62118000621183,-0.03072972637755811,139169.41004843017,2668.843052994958,0.9811838978932818,5500,1484,102294.04900088599,-0.0000034694645587762807,0.05947963509365892,99.99965305354412,10009.711448980372,126.13494630676568,0
flashbots-c5,603,10000,174.5863525041992,-174.4618027753644,174.4618027753644,0.12454972883480764,149218.12586318902,9133.82222550882,0.9423194830518113,8973,1946,100494.03476427475,0.008028528983396087,0.045219031845686715,100.80285289833961,9918.709702449907,99.4759488368599,0
flashbots-c5,604,10000,717.5060064276994,-717.0315091935216,717.0315091935216,0.47449723417776113,247557.74165840214,27856.10639470297,0.89885727754208,11664,3269,174540.70759916372,-0.005016277880419153,0.3470474609885011,99.49837221195808,9991.928623254378,40.19395435154546,0
flashbots-c5,605,10000,92.50207947132172,-92.49885902691213,92.49885902691213,0.00322044440959246,76997.58533804535,648.677122408882,0.9916457392557786,4852,1054,53587.30509161222,0.0012232761790383507,0.04092371649383352,100.12232761790384,9989.04297682277,102.41020392610012,0
flashbots-c5,606,10000,62.511432291836655,-62.504794036480135,62.504794036480135,0.006638255356520517,65849.68093960042,1858.743604388803,0.9725478237470848,4122,773,43518.253849575405,-0.0022690912745161997,0.04566071461027846,99.77309087254838,10016.863950780575,127.25552115746517,0
flashbots-c5,607,10000,349.8072738726897,-350.11672869211134,350.11672869211134,-0.30945481942166,173208.39512906777,5278.2236487268965,0.9704279027477238,7397,2194,128088.66231544239,-0.00040273470023578285,0.10460580263505832,99.95972652997642,10013.801085229117,122.22203561688673,0
flashbots-c5,608,10000,188.51311775516996,-188.48945435386636,188.48945435386636,0.0236634013035939,173206.61579426847,4520.748250084753,0.974563577902632,11237,2058,111371.39721571951,-0.00357999582904867,0.06143587670302779,99.64200041709513,10041.646419787197,105.19220550071998,0
flashbots-c5,609,10000,128.61202144590618,-128.709586776103,128.709586776103,-0.09756533019682934,126881.02812957304,8456.083386906872,0.937518369557657,10092,1512,76241.48975381479,-0.000002316399868504959,0.06251237810199328,99.99976836001315,9992.520408479671,100.24624707468026,0
flashbots-c5,610,10000,177.86092000167824,-177.54499232469905,177.54499232469905,0.3159276769791859,155529.90345666284,12877.428086466593,0.9235340411342563,11497,1898,95369.66769029366,0.00000004023010461651211,0.0784566975448628,100.00000402301046,10006.4379214842,122.47292879266541,0
flashbots-c5,611,10000,582.3745974373237,-582.3093599226299,582.3093599226299,0.06523751469376293,264516.7956930112,14667.492072222603,0.9474630460416293,11544,3173,188149.65649859785,-0.0000028596834705751916,0.16241861092124082,99.99971403165294,9978.352827794686,47.75684995178802,0
flashbots-c5,612,10000,257.82179977289184,-257.7897803366612,257.7897803366612,0.032019436230655174,178741.3372781962,3450.7803821724115,0.981059661490926,11202,2408,120618.94902726865,0.0011270456418361618,0.06947692025911607,100.11270456418362,9980.37804128883,54.572305331533386,0
flashbots-c5,613,10000,232.7148461830965,-232.75040211428131,232.75040211428131,-0.0355559311848026,159625.36094333712,18436.066576030233,0.8964623229586038,8508,2125,107917.51217196196,0.0000007768641765437678,0.07360785543147073,100.00007768641765,9992.020640959163,65.467761243177,0
flashbots-c5,614,10000,318.24834371357537,-318.1684313901644,318.1684313901644,0.07991232341095156,221539.3606831601,3711.5179199565764,0.983522737212066,9894,2443,155325.47196042497,0.0007460679763575228,0.056667940061637265,100.07460679763575,9978.366751257874,118.1689678595904,0
flashbots-c5,615,10000,76.13666590395944,-76.1270059548223,76.1270059548223,0.009659949137144963,58742.65875475411,4198.673470934007,0.9332922688086921,4782,988,39608.66917925865,0.00018021648101949948,0.04802982173071015,100.01802164810195,9988.928000132828,51.05806734201403,0
flashbots-c5,616,10000,68.96378600837058,-68.95681482010148,68.95681482010148,0.006971188269091044,55357.327583544815,916.6677152626891,0.9837106338301501,4321,770,36799.59994272792,-0.0011494654636616986,0.05608239345898611,99.88505345363383,10013.33586458069,107.76120335627509,0
flashbots-c5,617,10000,295.02111643987786,-295.2054741695123,295.2054741695123,-0.18435772963442787,213412.69780971418,19568.689725086748,0.9160074977141094,9840,2258,145775.73543366912,-0.0018899626635268873,0.07026258515170823,99.81100373364731,10037.181677778217,104.6636433113879,0
flashbots-c5,618,10000,575.6258623228914,-575.5833285777461,575.5833285777461,0.04253374514530606,284503.4122241925,18884.252405031697,0.9377553717350028,11174,3192,205194.8123443983,-0.0005878825043559744,0.14685951700975125,99.9412117495644,9998.64431545125,81.63107379049231,0
flashbots-c5,619,10000,200.07819714646857,-200.0255811415198,200.0255811415198,0.052616004948760065,164898.54041641124,5349.369185590745,0.9685789435059952,11239,2122,105677.83965266681,0.005827337203529482,0.07364790208875789,100.58273372035295,9944.923279030223,96.09177552407807,0
flashbots-c5,620,10000,542.9818477910437,-543.2244862875707,543.2244862875707,-0.242638496526979,206439.91760790715,6464.632507903361,0.9696360058796917,7856,2468,157527.18080674222,-0.0008717174305770925,0.22095200330014308,99.91282825694229,10055.45866749224,77.39078559825987,0
flashbots-c5,621,10000,151.36795698501757,-151.22083264485866,151.22083264485866,0.14712434015891063,102390.4899882679,6847.705494702649,0.9373140002503048,4049,1206,76295.6821455807,-0.007038512779939765,0.059342912567811934,99.29614872200602,10071.449458939893,122.78787575107806,0
flashbots-c5,622,10000,48.320559822362135,-48.30534344703567,48.30534344703567,0.015216375326467357,54570.475223536065,3569.7805746069994,0.938600535453423,4713,772,34053.48231945781,0.0021608484757626913,0.040143518431543866,100.21608484757627,9980.915558982944,92.90810835553661,0
flashbots-c5,623,10000,196.60543284974824,-196.62068972227303,196.62068972227303,-0.015256872524787468,126031.9326733905,11037.203813392789,0.9194771040637799,8260,1812,86314.36356020438,0.0016471590043089178,0.07473614391392303,100.16471590043089,9983.830672746852,86.01573014315113,0
flashbots-c5,624,10000,574.3469771290761,-572.9490987682824,572.9490987682824,1.3978783607936975,155779.86207724208,17206.744838663497,0.9005313466433372,8673,2403,111871.70764585809,0.000003172304362806244,0.5906655707888107,100.00031723043628,10026.124726704318,33.270632516992315,0
flashbots-c5,625,10000,279.17606079831745,-279.1764285329576,279.1764285329576,-0.00036773464012185286,148419.29697785646,2259.7227108000993,0.9850030699995972,6200,1877,113801.24994358963,0.0000005533882368524701,0.09610566127626029,100.00005533882369,9990.487112873765,104.8000712852069,0
flashbots-c5,626,10000,68.00973224639493,-68.01127314003148,68.01127314003148,-0.001540893636544638,67233.78978259041,810.07980667464,0.9880947422366696,4802,1019,46252.657421309115,0.0000043082122056148365,0.03197371713977176,100.00043082122056,10000.3788714487,90.71281131164903,0
flashbots-c5,627,10000,69.77446359789508,-69.75704344065325,69.75704344065325,0.01742015724182977,56140.65933027834,1610.3344514026946,0.9721159005940171,4283,868,38240.742659661344,0.0006770954452420596,0.053143159773962056,100.0677095445242,10004.224321180105,69.20764041483396,0
flashbots-c5,628,10000,409.5738323344199,-409.62954880714506,409.62954880714506,-0.05571647272518021,218210.19947386,24581.024791266034,0.8987565351026701,8828,2468,156279.7177005989,0.000002524706674051913,0.09142134394264602,100.0002524706674,10014.463520220315,119.61462933631582,0
flashbots-c5,629,10000,51.9950660870407,-51.98846997592344,51.98846997592344,0.006596111117261216,55616.57723785432,2366.080615842863,0.9591933053187559,4088,735,37044.903062244004,0.0005619723270707766,0.03696157010346326,100.05619723270708,9993.008024874951,144.8054846259827,0
flashbots-c5,630,10000,131.05736847651437,-131.0067121392342,131.0067121392342,0.0506563372801736,90759.72889560061,6538.68176498381,0.93279765084968,4078,1080,66900.63061978854,-0.0006423918158328945,0.06347907479609446,99.93576081841671,10010.911604797244,135.3348578819516,0
flashbots-c5,631,10000,259.6479046550961,-259.78268307346514,259.78268307346514,-0.1347784183690237,196604.38151932062,3472.8144456774476,0.9826426273672638,7910,1962,141518.42272147507,-0.002643346178620618,0.051677218825172136,99.73566538213794,10055.148207310694,177.22367047747647,0
flashbots-c5,632,10000,471.2669697226238,-471.20478282689277,471.20478282689277,0.0621868957310312,266466.74448407406,8130.080208009187,0.9703926648928816,10603,2882,191912.3735261674,0.005399013485378532,0.0837031659713621,100.53990134853785,9954.084995668567,87.79391393212764,0
flashbots-c5,633,10000,502.40749734561126,-502.4245228722896,502.4245228722896,-0.017025526678310143,223166.69577522526,1382.7592120951922,0.9938420727310459,8703,2482,165892.62911770257,0.0014924744276747504,0.15774819027002934,100.14924744276748,9982.925199766227,97.13453000383612,0
flashbots-c5,634,10000,213.61779308440936,-213.61239823009373,213.61239823009373,0.005394854315625253,119401.82853065338,4823.004442834266,0.9611751988117899,4525,1449,93138.50202598295,0.001234768892862661,0.0649827741201706,100.12347688928627,9987.4106442163,119.34191686874206,0
flashbots-c5,635,10000,665.0845087831825,-664.9732063674234,664.9732063674234,0.11130241575915534,192796.11313346904,18031.079707426823,0.9144746013810738,7938,2839,147948.441454442,0.005586141458459934,0.13031020877945607,100.558614145846,9999.695682699414,41.45820561370026,0
flashbots-c5,636,10000,158.97895657969104,-158.97379730877887,158.97379730877887,0.005159270912173497,121693.42175447952,8690.625760727506,0.9333459428024438,9374,1776,78911.41426258821,-0.0004688603007632253,0.08508370483835051,99.95311396992368,9996.492825348929,72.4763268572966,0
flashbots-c5,637,10000,142.9201451379501,-142.92803884959943,142.92803884959943,-0.007893711649330726,112717.31100042758,10704.92906107396,0.9132658015626708,7356,1421,74151.91007606756,0.00007448462964418923,0.10779809054399352,100.00744846296442,9998.242197366353,129.0679058391502,0
flashbots-c5,638,10000,108.75021681065647,-108.71629077976823,108.71629077976823,0.033926030888238756,98215.76361584252,1189.638696808922,0.9880324542818382,7650,1300,62224.20580958739,0.004271713262987049,0.05831673770203807,100.4271713262987,9958.921141586197,99.23445976650498,0
flashbots-c5,639,10000,208.64883236508493,-208.64855777162498,208.64855777162498,0.00027459345994884643,143951.08846616407,3209.218130304886,0.9781923658320111,6027,1639,106136.4954198872,0.0007791645661839652,0.06850632753199334,100.0779164566184,9988.489087586388,150.36570794272964,0
flashbots-c5,640,10000,105.30115446378093,-105.29712095840313,105.29712095840313,0.004033505377805113,94242.25645809334,175.22337151625737,0.9981441638578739,6452,1273,62669.68775084212,-0.001530718113733087,0.03797767983410694,99.84692818862669,10015.77317806073,100.16493752469623,0
flashbots-c5,641,10000,306.7619207160652,-306.66902391460366,306.66902391460366,0.09289680146156343,114995.53474505877,3362.575625086373,0.971589816578091,4577,1549,90002.89336070335,0.00006217374209128934,0.13583156994373383,100.00621737420913,9991.045197708696,59.86077133900214,0
flashbots-c5,642,10000,256.9450789045922,-256.9877160008197,256.9877160008197,-0.042637096227508664,185731.01988677183,4435.571335754615,0.9766753386741615,9947,2268,126927.0125546527,-0.000653434585200614,0.08017744684207856,99.93465654147994,10009.058663860736,87.8002578843329,0
flashbots-c5,643,10000,158.8611015692645,-158.9157732049824,158.9157732049824,-0.05467163571790934,171588.00644546232,15922.357627114192,0.9150854529782076,11195,1841,104693.10084283064,-0.0010411426406146517,0.051114893637835335,99.89588573593853,10013.269550668816,176.0255444871919,0
flashbots-c5,644,10000,153.03724319901102,-152.93999629217012,152.93999629217012,0.0972469068408941,105459.49638868567,2947.5783448709512,0.9728100924029587,7571,1533,71073.01050170243,-0.009270614851682808,0.08255646360586098,99.07293851483172,10031.413453015051,43.50502343556149,0
flashbots-c5,645,10000,224.847179991231,-224.87284102398684,224.87284102398684,-0.025661032755834867,142848.06209602204,2659.2218125570366,0.9817244763208706,6621,1681,103269.58731263748,0.0007953019894722502,0.07116073859210942,100.07953019894723,9991.126008044506,112.08563231943062,0
flashbots-c5,646,10000,139.0466181356358,-139.04483405614516,139.04483405614516,0.0017840794906476276,106988.14536641695,6616.974985149402,0.9417546060893006,5571,1466,76318.47215402978,-0.0016253447428991308,0.040692976110943135,99.83746552571009,10022.028974811796,99.87357187932876,0
flashbots-c5,647,10000,345.9672252274415,-345.99974347009123,345.99974347009123,-0.03251824264975767,210911.31334829028,5278.315561864297,0.9755847882783596,8955,2212,151917.12293948757,0.001300969209963796,0.12168072629843167,100.13009692099638,9955.250670141386,207.24050857232703,0
flashbots-c5,648,10000,196.86013138528023,-196.87865325313646,196.87865325313646,-0.01852186785623644,174723.92249019005,7939.737122142096,0.956533570284354,11019,2082,113025.93027372149,-0.0008594745766848178,0.048911659899729044,99.91405254233152,10005.19114972069,116.09301442264407,0
flashbots-c5,649,10000,237.61821506155562,-237.49652192544437,237.49652192544437,0.12169313611124721,140646.60558490144,2482.3466476028834,0.982656572210698,5488,1558,105776.52021252977,-0.0000028224351453332018,0.091303484119545,99.99971775648547,9988.17096847748,131.9835907771027,0
flashbots-c5,650,10000,164.50875690808633,-164.65738654024705,164.65738654024705,-0.1486296321607199,109364.2196939363,12443.069371027243,0.8978462662904272,9221,1815,70705.98259258791,-0.001310706762941578,0.06122568980064088,99.86892932370584,9993.925694434089,65.57003906431606,0
flashbots-c5,651,10000,290.6224861723061,-290.4649005677554,290.4649005677554,0.15758560455066117,137783.02564190773,18087.93279809656,0.8839557222260956,6070,1894,104141.30384606266,0.0004246611582657067,0.12052713267346689,100.04246611582657,10034.101683681474,69.76828640236748,0
flashbots-c5,652,10000,152.9432239877901,-152.97473386531252,152.97473386531252,-0.03150987752241008,118322.7574680455,11267.309702493034,0.9130542182089818,7721,1722,80050.80604517755,0.0014869539429906808,0.0696627159174443,100.14869539429907,9992.437071949898,67.28073571738732,0
flashbots-c5,653,10000,55.85710026416585,-55.8401136752583,55.8401136752583,0.01698658890754956,59008.83879873176,2467.886354179785,0.9598565742068825,4795,768,37098.74445502933,0.0017249317683345566,0.035257377281610616,100.17249317683346,9978.355441892016,91.85372398830214,0
flashbots-c5,654,10000,146.55107178196778,-146.41538927429173,146.41538927429173,0.1356825076760515,95897.0448677593,8722.018632512843,0.9166306948208329,5996,1331,64795.00498410881,-0.003655786946551558,0.14286390497762624,99.63442130534484,10041.078700264496,103.18343145795929,0
flashbots-c5,655,10000,387.16253725850345,-387.14758801767266,387.14758801767266,0.014949240830787858,268310.01474288094,22428.68610662195,0.9228562071678519,11449,2986,188669.26570771303,-0.0021756014803303004,0.05278105540739958,99.78243985196697,10019.982716894745,101.30606533075216,0
flashbots-c5,656,10000,269.63952931336604,-269.60699564180425,269.60699564180425,0.03253367156179365,224927.36792898388,4842.176631717767,0.9789259423350664,11087,2391,149078.17819317098,-0.0000028851686116126984,0.07588372436108116,99.99971148313884,9977.594489351182,126.97958699102001,0
flashbots-c5,657,10000,688.1479623806449,-687.8167323568399,687.8167323568399,0.33123002380500566,250315.67453759175,25838.350304264026,0.906435003730035,9615,2948,184097.18069002224,0.001039903518446721,0.21869598557593847,100.10399035184467,9973.56364500794,59.091139205076885,0
flashbots-c5,658,10000,190.26520069643848,-190.3092249819703,190.3092249819703,-0.04402428553180471,100438.34093143577,3367.5072301512528,0.9675595615296231,4166,1268,77701.79015518086,0.00003635562210845933,0.07992301701799874,100.00363556221085,10000.379789052426,127.85032111518267,0
flashbots-c5,659,10000,119.63020436098769,-119.60496886624864,119.60496886624864,0.02523549473905007,115298.67167248022,7394.71658856436,0.9397301134692667,8994,1601,71410.68727565088,-0.000037189638277084214,0.053457352393115797,99.99628103617229,10023.761657769282,51.036525213575416,0
flashbots-c5,660,10000,292.8336110178562,-292.86806364740045,292.86806364740045,-0.03445262954426198,111084.76573984914,1831.7889408572398,0.983777498826129,4547,1400,86708.12674029492,-0.00003073309688048198,0.18771706343811986,99.99692669031195,9997.766142724897,98.47884106501276,0
flashbots-c5,661,10000,112.85543121804268,-112.83891322913337,112.83891322913337,0.016517988909313885,136161.30220788877,3406.474048671972,0.9755926895158806,10041,1686,83660.24027104687,-0.00013487420324594267,0.03819859758912898,99.9865125796754,10005.056856148363,114.15948571921379,0
flashbots-c5,662,10000,306.72893485594534,-306.74809782703375,306.74809782703375,-0.01916297108840581,201819.72852186422,2465.659068180232,0.9879303209237449,11297,2386,136665.21514997666,-0.0013602741049551525,0.07893482906603978,99.86397258950448,10002.078651694148,101.29361979293853,0
flashbots-c5,663,10000,592.4509078460443,-592.4147974658694,592.4147974658694,0.03611038017493229,243539.85770950248,5811.111149078076,0.9766950528579103,9683,2965,180646.4041017601,-0.0008026768336910095,0.11448873199574422,99.9197323166309,10006.897280207037,91.26406102827708,0
flashbots-c5,664,10000,352.6617455515706,-352.53174425389375,352.53174425389375,0.13000129767686985,158415.90909782128,12905.718905553224,0.9246696458820773,6222,1971,122214.47437222268,-0.0024003533304268387,0.11525019049495469,99.75996466695732,10017.402570091886,88.90739423377586,0
flashbots-c5,665,10000,736.879091133336,-736.8627333300886,736.8627333300886,0.016357803247387892,232547.75797236376,9543.425468855714,0.9605792109683627,9214,3101,176824.0969801585,0.000012216431202176636,0.13496153953576795,100.00122164312022,9989.640238331429,46.72329681313615,0
flashbots-c5,666,10000,544.0822797326141,-543.8767608291956,543.8767608291956,0.20551890341846502,265843.47961850907,21800.077234853037,0.9242114877408274,10950,3054,189569.47487702934,0.0027144514817065615,0.1128848345580512,100.27144514817066,9997.615422818191,34.299933565995524,0
flashbots-c5,667,10000,154.3892351028564,-154.28676983421667,154.28676983421667,0.10246526863971894,113482.1078121439,15903.42316369553,0.8770849951787482,9133,1788,72544.95433298322,0.0014041891741649693,0.05180947328037462,100.1404189174165,10023.315177650995,44.06651226738637,0
flashbots-c5,668,10000,196.94846785306135,-196.85722541788397,196.85722541788397,0.09124243517737796,135261.84693967286,10265.647309780094,0.9294590526503298,9909,1949,88275.65923528688,-0.0024146064902140552,0.05162493189014256,99.7585393509786,10014.496995244384,55.263872548945464,0
flashbots-c5,669,10000,339.45620846996457,-339.45472384127936,339.45472384127936,0.0014846286852048252,230324.26460785055,7014.282766168125,0.9704460870609678,10323,2651,162658.99630315977,0.0000008644395238377456,0.05512212869335613,100.00008644395238,10000.248392638952,103.17282136309223,0
flashbots-c5,670,10000,253.114839042855,-253.06624310925037,253.06624310925037,0.04859593360464487,114603.93450668578,2837.3723225770104,0.9758400821722633,4657,1521,88862.56172538683,-0.00000618572327582001,0.09446306102037128,99.99938142767242,10003.327692556042,70.1268352414169,0
flashbots-c5,671,10000,74.51930661919508,-74.55857127114575,74.55857127114575,-0.03926465195067408,86325.35704446588,3333.1976190885434,0.962823429045935,6030,1052,54547.4764779285,0.00046888303361754426,0.04065315126906427,100.04688830336175,9992.457912376154,196.57284604550597,0
flashbots-c5,672,10000,108.74212829792968,-108.75910554267195,108.75910554267195,-0.016977244742264475,104878.96234601217,4167.680063155264,0.9617807575631977,7087,1396,70436.99367099776,-0.0000019020159653848623,0.04305234023410264,99.99980979840346,10018.62193853339,85.07281675444192,0
flashbots-c5,673,10000,283.5898588104483,-283.3137380253954,283.3137380253954,0.27612078505285353,240236.31022486647,10721.901813784178,0.957276146786809,10162,2353,166096.6841321838,0.00039941990854671874,0.07843191498029753,100.03994199085467,9991.000902059306,208.3391821168631,0
flashbots-c5,674,10000,129.73555327013278,-129.60625931111903,129.60625931111903,0.12929395901375074,108145.21735253486,8124.238002034931,0.9301257757055827,6157,1294,73282.78687402027,-0.0000032294271339594618,0.061844250667602976,99.9996770572866,10010.115146999986,112.31457047343919,0
flashbots-c5,675,10000,362.6923917938949,-362.68506362546424,362.68506362546424,0.007328168430660753,233488.31000708282,4286.375244341721,0.9819729537658338,11243,2696,162635.37593497414,0.0019310421759804798,0.07807258665579254,100.19310421759805,9980.256085761857,100.94105821059277,0
flashbots-c5,676,10000,317.8364634546523,-317.511680762465,317.511680762465,0.3247826921872843,184317.41504422532,10134.344408248915,0.9478824751353003,9132,2285,131015.1158362506,0.010227434207501601,0.06535929548075145,101.02274342075016,9914.267203679972,83.65176315775184,0
flashbots-c5,677,10000,103.05393181239394,-102.92602301464709,102.92602301464709,0.12790879774685493,73555.99705637447,9814.996042969997,0.8822732502265567,4265,916,50383.09448874383,-0.0002066613210166679,0.07434151621981258,99.97933386789833,10018.369104146026,152.7301053883448,0
flashbots-c5,678,10000,475.5104063101306,-475.58648405053003,475.58648405053003,-0.07607774039945525,193252.85922447708,14660.612263845453,0.9294869535922838,8104,2435,144303.06633801266,0.0008046253133834113,0.18327651612808424,100.08046253133834,10000.203736227062,74.18050330198702,0
flashbots-c5,679,10000,237.377596545242,-237.26600506218927,237.26600506218927,0.11159148305273447,111284.74895891575,12872.28715785072,0.896322531847936,4832,1550,84872.75461043521,0.005747211478042544,0.10970039639470784,100.57472114780425,9969.519173880772,61.28312041766061,0
flashbots-c5,680,10000,662.7273417562618,-662.7356279364349,662.7356279364349,-0.00828618017305871,272730.3880815707,5079.577868912421,0.9817156384165937,9830,2923,205009.4393992235,0.0000993352131588665,0.1668791394957232,100.00993352131589,9998.755160556531,98.66863183944704,0
flashbots-c5,681,10000,97.91873807137931,-97.70370529395677,97.70370529395677,0.21503277742253601,79704.20168074599,1443.2478217287376,0.9822145017424765,4592,1076,56250.24196973447,0.009641246932010858,0.04463924484426727,100.96412469320109,9892.424660201787,113.9275243100176,0
flashbots-c5,682,10000,213.34438791309088,-213.25814553782493,213.25814553782493,0.0862423752659538,155359.15123114327,5393.267396779107,0.9664498522460033,7417,1898,109814.58542787486,0.0028769118507797485,0.05689952327488129,100.28769118507797,9969.955124826713,144.58013305454293,0
flashbots-c5,683,10000,280.2873101338261,-280.29829564760195,280.29829564760195,-0.010985513775835898,164302.06249091425,992.0853933469484,0.9939980609958338,8063,2032,117881.03257478883,-0.0025458102809776052,0.07814551101914845,99.74541897190224,10025.75242188962,93.46698194069094,0
flashbots-c5,684,10000,156.82548658673667,-156.71315553353708,156.71315553353708,0.11233105319959691,117838.11195342823,16704.715886524624,0.8758409039358387,9246,1842,75382.38882070349,-0.0014051904779515212,0.058799176467117034,99.85948095220485,10003.202602685133,35.005667386685694,0
flashbots-c5,685,10000,108.9116174652909,-108.9272410527154,108.9272410527154,-0.015623587424499874,115204.75506226272,6039.848826197919,0.9501845968192176,9201,1410,69953.87938688531,0.0005702723956670752,0.06284467834802882,100.05702723956671,9993.99747390791,74.53254446695522,0
flashbots-c5,686,10000,129.22758791590542,-129.24811215358602,129.24811215358602,-0.020524237680604074,107951.74259540642,5304.5694772864545,0.9531631449037318,7641,1432,71368.46728969121,0.000004705399570497093,0.053288000154662285,100.00047053995705,9996.498319650964,77.92447921593649,0
flashbots-c5,687,10000,89.50273496128517,-89.48133245237706,89.48133245237706,0.021402508908110462,78126.85307531804,4507.714716289258,0.9454500115779988,5697,1108,51787.216541883194,-0.000005069558187358325,0.062474903538174684,99.99949304418126,9998.097767726684,85.59749766811757,0
flashbots-c5,688,10000,56.301214176389436,-56.27372690757022,56.27372690757022,0.027487268819214705,71136.99170988002,7494.683408348055,0.9046862044197929,3786,723,46683.32284287709,0.0006011787912750321,0.037594886811602495,100.0601178791275,9982.479434835604,296.8381024912803,0
flashbots-c5,689,10000,254.38247712831634,-254.4079835190814,254.4079835190814,-0.02550639076505945,187446.39000602803,4423.011894915137,0.9769477996434335,10075,2284,127894.58026106781,0.0010290238945088958,0.05939713411883787,100.10290238945089,9993.355578457233,89.76886576258029,0
flashbots-c5,690,10000,90.05725721702902,-90.0248375367367,90.0248375367367,0.03241968029232112,74215.03505602544,7503.273311166748,0.908181245291427,4324,989,51418.39721965125,0.0015657278460953705,0.05649761094017222,100.15657278460954,9999.922374200669,75.62694109864069,0
flashbots-c5,691,10000,481.1064073431698,-481.1312633436703,481.1312633436703,-0.02485600050050607,251970.83592693083,4770.345522616369,0.9814196324263865,9481,2565,185121.04140622314,-0.0005836161596718626,0.07564432157551834,99.94163838403281,10011.3371583739,130.8393435159028,0
flashbots-c5,692,10000,370.60746257619485,-370.7315436225259,370.7315436225259,-0.12408104633107087,203366.2643563022,28802.155857894,0.8759428356736829,8866,2552,146915.90326416248,0.0018695023389280153,0.0757362573567508,100.1869502338928,9991.71109258489,112.0643809274625,0
flashbots-c5,693,10000,183.0316794448235,-183.02137170661376,183.02137170661376,0.01030773820974673,117913.03190530362,3120.9056792705674,0.9742146232573009,7375,1556,79633.25901466713,-0.0016696912938574827,0.08726528353124607,99.83303087061425,10024.104826126382,109.43152602398868,0
flashbots-c5,694,10000,276.90624280397697,-276.84083921873867,276.84083921873867,0.06540358523830037,189794.21005299638,3264.7611839965302,0.9830893060131931,9483,2269,133300.14516451885,-0.0031331079500728264,0.06933242476557411,99.68668920499272,10010.800435498464,74.99713505576915,0
flashbots-c5,695,10000,642.945288616943,-643.0100781439543,643.0100781439543,-0.06478952701127128,254134.77452425114,7964.060305360167,0.9696142857310389,10832,3094,182507.31611325245,0.00040596749513724715,0.18874387984374508,100.04059674951372,9994.614314081775,59.362736808104785,0
flashbots-c5,696,10000,542.5860087065453,-542.5610307645976,542.5610307645976,0.024977941947668114,251281.25681348954,7412.514522400223,0.9713463741932319,9527,2767,186536.6058634206,-0.00021813369990439924,0.0973701425575507,99.97818663000956,9996.528228910638,112.57374544884273,0
flashbots-c5,697,10000,184.35043830368576,-184.51112292578335,184.51112292578335,-0.16068462209759105,130874.29837352067,10221.001938758322,0.927559586207785,7816,1700,89549.70438763146,-0.0005571987986971294,0.10861231775605347,99.94428012013029,10007.701709258181,140.3254392306608,0
flashbots-c5,698,10000,532.1407643591343,-532.262837423736,532.262837423736,-0.12207306460163636,205530.56579385124,2533.6267523175,0.9878228602369661,7629,2301,153802.62681287128,0.0000011214306339013547,0.26538331371381363,100.00011214306339,10003.665786315429,104.90806521623315,0
flashbots-c5,699,10000,380.81231876617665,-380.715825771827,380.715825771827,0.09649299434965997,197097.17650095574,9773.112201696946,0.9527572941335021,7082,2120,148850.83882751918,-0.002409475574768578,0.08308144179858402,99.75905244252314,10044.285407500409,84.27511345553144,0
flashbots-c5,700,10000,188.80962254715055,-188.74395521211085,188.74395521211085,0.06566733503970568,122812.12853159572,9813.019903406741,0.9260093578088175,7693,1776,84515.71739912691,0.0017493965882972873,0.08828729858739337,100.17493965882973,9985.671337166716,76.88228090323615,0
flashbots-c5,701,10000,211.4463233868382,-211.4096168874575,211.4096168874575,0.03670649938069914,124623.03187175217,4069.533652020037,0.9683778652212174,6975,1634,87055.61250346756,-0.0007524662266087034,0.08985423476793343,99.92475337733913,9995.41761335534,52.70554282196386,0
flashbots-c5,702,10000,180.12157158396553,-180.09827667119026,180.09827667119026,0.023294912775270404,112545.12663401401,7004.796031695948,0.9414069379929,5935,1451,81498.64086913709,0.00039376400625542376,0.07322632047350709,100.03937640062554,9996.85872514335,79.17456840546116,0
flashbots-c5,703,10000,63.589455792210956,-63.61253991802976,63.61253991802976,-0.023084125818805035,67551.80647739302,6249.211862229601,0.9153235009106305,5296,962,43080.56444517467,0.0003949089234747305,0.048149355717956865,100.03949089234747,10020.539155098324,136.3622804204815,0
flashbots-c5,704,10000,579.7705511605544,-579.664084420816,579.664084420816,0.10646673973838006,260430.03303900294,9869.871794751161,0.9634854780995148,10679,3034,189715.50905243141,0.0002449582696823427,0.19071215276539832,100.02449582696823,9993.32250745523,81.81499073906875,0
flashbots-c5,705,10000,65.51517579098112,-65.49548687698321,65.49548687698321,0.019688913997910618,63849.63186771496,1289.4301039810468,0.9802049635817396,4719,908,42216.41294524712,-0.0003299031648316486,0.05702453301258032,99.96700968351684,10004.615673881537,101.45358702177614,0
flashbots-c5,706,10000,184.00703762338628,-184.00177213597354,184.00177213597354,0.0052654874127426865,108821.06993901187,10126.181702826401,0.914868300334359,4155,1376,84434.37792088906,0.0000059034416769065955,0.06076916876182139,100.00059034416769,9992.160283214527,88.297718567935,0
flashbots-c5,707,10000,290.0414589967866,-290.0876731623,290.0876731623,-0.046214165513390526,148322.8564590336,3341.227933837066,0.9779695506209503,6541,1781,107969.96223099386,-0.000024722637360383714,0.11117363574210656,99.99752773626396,9982.330109986222,78.18641879933519,0
flashbots-c5,708,10000,154.84611575420757,-154.41715408331854,154.41715408331854,0.4289616708890378,88050.80135679286,15459.469665583123,0.8506479645653596,6110,1255,58771.618515281654,0.006100754717535324,0.1282933379781612,100.61007547175353,9911.064054326238,127.36521796475098,0
flashbots-c5,709,10000,151.954332536039,-151.98485492036457,151.98485492036457,-0.030522384325564644,122594.00829031439,4512.158764096823,0.964500866726905,6803,1454,83208.82021313164,-0.0008447314897478008,0.08065848165920628,99.91552685102522,9987.34064681115,229.0286881279344,0
flashbots-c5,710,10000,101.9582267336529,-101.91505806019073,101.91505806019073,0.04316867346216213,84943.3499509276,4567.856785899218,0.9489688838702707,4613,1056,59400.57470063964,-0.0017838127390758984,0.04531728071702872,99.82161872609241,10023.55077465914,123.37871282870498,0
flashbots-c5,711,10000,101.5769959174288,-101.57488661459502,101.57488661459502,0.0021093028337872965,82892.91522365953,12007.077073310793,0.8734765221504226,4717,1042,56810.22870810254,-0.001087322897705576,0.05556256770905804,99.89126771022944,10021.984912567197,135.7026919679984,0
flashbots-c5,712,10000,336.55478958822675,-336.5416572448581,336.5416572448581,0.013132343368681632,139315.49559435478,915.7018287758603,0.9934700562670599,5408,1756,108945.82930192957,0.0008925680237607025,0.15060734349483298,100.08925680237607,9994.667913820596,85.02737598750716,0
flashbots-c5,713,10000,182.34902085131856,-182.2483219347365,182.2483219347365,0.1006989165820471,135765.7320141899,2255.9677841465946,0.9836549775329329,8590,1599,89354.92351609602,0.0005307488543625994,0.08241876633226156,100.05307488543626,9995.654504249609,78.07764903590488,0
flashbots-c5,714,10000,268.7417320767496,-268.7649369439215,268.7649369439215,-0.023204867171898513,168701.97293908455,23387.12115344434,0.8782485738509506,7280,2038,123165.60199114823,0.0003536551595760784,0.0633467071005819,100.03536551595761,10007.75553945582,111.89803474042124,0
flashbots-c5,715,10000,187.22256181442447,-186.97763155818458,186.97763155818458,0.24493025623988274,81200.24800130769,8260.11687892009,0.9076673017153576,6624,1108,51538.209129628965,-0.004053253637506771,0.21925784423393196,99.59467463624932,10053.57371190317,95.94146580123405,0
flashbots-c5,716,10000,135.0989673795188,-135.09629199978716,135.09629199978716,0.0026753797316416694,107857.1256984268,1792.822227125124,0.9836495843268217,6210,1453,76109.62064742132,0.0013584844460154955,0.05066782041251315,100.13584844460155,9984.106826798588,110.00443498299455,0
flashbots-c5,717,10000,94.75604314196285,-94.7565372116892,94.7565372116892,-0.0004940697263577931,84876.04788412248,4428.369761202283,0.9504126461157869,5304,1158,58324.2488557465,0.0004499120048188843,0.04580291982637604,100.04499120048189,9994.725467001837,98.72515025958354,0
flashbots-c5,718,10000,283.40423935779745,-282.9127770501023,282.9127770501023,0.4914623076951443,196406.5705548537,14966.208473594776,0.9291951946585304,7810,2108,140143.79709563425,0.012060278496240784,0.10083749084106344,101.20602784962408,9821.24283536248,151.07665137673703,0
flashbots-c5,719,10000,133.21347740064502,-133.21479710567883,133.21479710567883,-0.0013197050338078498,94668.66592332433,6223.952027398688,0.9383111256916881,4461,1263,70868.6389211235,-0.0006885715825434602,0.051006727173501215,99.93114284174565,10006.065166243197,107.2573289111001,0
flashbots-c5,720,10000,289.45166169177577,-289.42900777416753,289.42900777416753,0.022653917608238316,185460.05110849647,6618.225603921708,0.9655441223380477,8953,2256,131855.26030664388,-0.002185069326366289,0.06988058040093549,99.78149306736337,10020.698894006162,96.13148050933626,0
flashbots-c5,721,10000,208.30645810586284,-208.29429316316356,208.29429316316356,0.01216494269928603,151599.71751790034,3132.08449375491,0.9797579783015843,8778,2058,105234.0413339039,0.0004810925144525413,0.04747153093468668,100.04810925144525,9996.004458380981,82.15250460101505,0
flashbots-c5,722,10000,250.529589715091,-250.51348334255925,250.51348334255925,0.016106372531737634,170827.79041488108,4718.5161060587825,0.9731209605056775,9461,2123,117713.3597265807,-0.0012841036576050158,0.07149247969112565,99.8715896342395,9994.191781586582,62.40020232591469,0
flashbots-c5,723,10000,167.35126202301646,-167.3339659704804,167.3339659704804,0.01729605253606792,167635.57931011164,17958.247256206392,0.903238983815071,10868,2063,106952.88466372498,-0.00000009256585542516405,0.04740413869132567,99.99999074341446,9981.883901003803,128.91160817583662,0
flashbots-c5,724,10000,122.63633372252292,-122.63033583525979,122.63033583525979,0.005997887263134771,110708.04881224161,621.2278308587016,0.9944199059798957,7314,1457,73762.19925105122,0.0000017270189944440517,0.0434657798869901,100.00017270189944,10000.008994496475,107.33569419556993,0
flashbots-c5,725,10000,723.7039423337405,-724.0098329670154,724.0098329670154,-0.30589063327488475,271394.8158504316,23025.076074513916,0.9217951072396171,10879,3344,197612.07964597945,-0.000012147759282896685,0.21979181610642826,99.99878522407171,9994.633838494787,45.70873996978709,0
flashbots-c5,726,10000,711.6337960247744,-711.7963878510125,711.7963878510125,-0.1625918262380992,211157.37290916473,24118.587651683734,0.8974880918807425,8448,2941,160562.2425624105,-0.01564495881525133,0.20491522884689786,98.43550411847487,10090.230832054785,54.16903366905275,0
flashbots-c5,727,10000,263.8250207015983,-263.8208463175403,263.8208463175403,0.004174384057989755,187587.54832256847,3650.7354675225342,0.9809100176221531,10638,2301,126376.56319345995,-0.0020795186471703176,0.061472722733451945,99.79204813528297,10019.111754612288,92.85888436652552,0
flashbots-c5,728,10000,312.2118959892084,-312.1134456765768,312.1134456765768,0.09845031263159854,214940.82610390167,3688.4182246426412,0.9831293465063627,11779,2569,144073.5366612299,-0.005188595480925642,0.09094954102196923,99.48114045190744,10055.82748613255,99.66198221640279,0
flashbots-c5,729,10000,120.60620860946325,-120.47755247044626,120.47755247044626,0.12865613901699646,160116.0598355109,12402.736431496793,0.9281079122978515,10439,1670,94860.57128481631,0.0003232169039362987,0.03918616214669797,100.03232169039363,9970.488194119092,208.9385814085783,0
flashbots-c5,730,10000,437.0859725362063,-437.0301124752158,437.0301124752158,0.05586006099053975,170441.3087906152,24816.851018449288,0.8729023614546161,9871,2767,122914.09785321288,-0.00045332119016237014,0.1271360489328221,99.95466788098376,9983.22373929652,59.683498641207,0
flashbots-c5,731,10000,539.2117370022625,-539.1485687389703,539.1485687389703,0.06316826329214109,267786.56657372817,15111.677574898145,0.9465826392087504,10020,2886,198280.59499406524,0.0000026606719232802333,0.09683394948751825,100.00026606719233,9994.308693001152,124.39984901616288,0
flashbots-c5,732,10000,91.21839333729159,-91.25463029908109,91.25463029908109,-0.03623696178949842,98276.31545306173,10117.061259098182,0.9066634736736344,7769,1233,59276.51994193767,-0.0013477879183517417,0.05145336369969044,99.86522120816483,10004.361253806099,79.2662698882511,0
flashbots-c5,733,10000,80.00081902836777,-80.02304806357523,80.02304806357523,-0.022229035207459447,70299.21742954208,4078.5799669226476,0.9451640125186537,5171,957,46362.23139541482,0.0007503765985883604,0.060377338195888655,100.07503765985884,9990.80277019934,100.2393723827712,0
flashbots-c5,734,10000,235.60664157720944,-235.50874645115448,235.50874645115448,0.09789512605496498,134577.22090754492,10790.828879786395,0.9257689093609427,5029,1474,101182.23746540814,0.0005759589561674261,0.12870079612325924,100.05759589561674,10002.30311910599,128.31237941132758,0
flashbots-c5,735,10000,212.44283825512048,-212.0948005205962,212.0948005205962,0.34803773452426867,153867.6517333248,2431.2562261543453,0.9844448290912906,7609,1764,108609.28881131024,-0.003636052424168952,0.06671482286303472,99.6363947575831,10065.580239597071,118.99688162807234,0
flashbots-c5,736,10000,377.10123823475186,-376.8277368825361,376.8277368825361,0.2735013522157601,168207.80271256957,10094.810702500696,0.943383832075411,6863,2061,124332.74156925964,-0.0023156953914450183,0.15741473721702703,99.7684304608555,10028.282821444232,98.53037177512664,0
flashbots-c5,737,10000,150.61355432575573,-150.58357221186304,150.58357221186304,0.029982113892685902,140055.46335508133,5927.864862938047,0.9593935490079727,10800,1635,85608.72497477681,-0.0018206366551225984,0.05500177463798906,99.81793633448774,10014.73868756502,126.62826571614187,0
flashbots-c5,738,10000,175.89631940044328,-175.8903078211619,175.8903078211619,0.006011579281363311,134364.59896519931,8659.194438066883,0.9394562664573464,8982,1753,90153.95245579383,0.000564271549151556,0.056022077748571916,100.05642715491516,9989.38325292449,91.82415555038274,0
flashbots-c5,739,10000,149.48724455189532,-149.4938239671224,149.4938239671224,-0.006579415227093932,145263.3202151729,11980.972661489655,0.9238066295297144,9718,1850,93458.41421220104,-0.00024368858549323136,0.055388152323304636,99.97563114145068,9998.929915542256,121.64777944769699,0
flashbots-c5,740,10000,78.24134015368193,-78.2380157978064,78.2380157978064,0.0033243558755344793,89221.73664376505,10095.609974010615,0.8983499829806798,7254,1162,53882.92301084306,0.004597440548056113,0.046741918501272295,100.45974405480561,9972.79372844854,84.62575815646454,0
flashbots-c5,741,10000,115.86353458706682,-115.85168021130536,115.85168021130536,0.011854375761458869,104580.52513159957,5015.724828722165,0.9542345214317274,7722,1432,67637.62663599398,-0.0004983344378685217,0.07945703869168128,99.95016655621315,9999.037105891433,95.66194468520477,0
flashbots-c5,742,10000,155.40304662876372,-155.42641582235058,155.42641582235058,-0.023369193586859183,111620.9741004898,3171.5651948666305,0.9723713299284518,5702,1449,81589.62301515059,-0.0001784126401963704,0.05881674521322523,99.98215873598036,10002.814869876127,132.35171059481505,0
flashbots-c5,743,10000,296.91134776216785,-297.01972862130157,297.01972862130157,-0.10838085913371742,131278.45720113488,1621.4715188680736,0.9877993048266848,5796,1722,99822.12541894354,-0.000006097005295089275,0.1091245695415725,99.99939029947049,10002.620178328305,84.1320090263956,0
flashbots-c5,744,10000,135.30640558661284,-135.26022068338733,135.26022068338733,0.04618490322550883,112772.97838136964,12840.484017383656,0.8977778036511547,8844,1615,71102.05447190737,-0.0007358709036103051,0.0753114383465237,99.92641290963897,10008.32036828247,51.98239017487564,0
flashbots-c5,745,10000,281.6535296113163,-281.6078152669892,281.6078152669892,0.0457143443271093,118768.68515149869,14962.071925700287,0.8881179449461795,4827,1589,90928.89649114039,0.00041974603112720387,0.11957608401551113,100.04197460311272,9992.961241354586,106.59549972683105,0
flashbots-c5,746,10000,220.5546434529383,-220.55764748294487,220.55764748294487,-0.003004030006565017,162864.31791545008,1252.495493324656,0.9923682682638677,8910,2029,111966.14052778383,-0.0011866640063077228,0.05908024138256167,99.88133359936923,10012.863696112236,101.02848243158687,0
flashbots-c5,747,10000,117.05869487702758,-117.07831118095552,117.07831118095552,-0.019616303927946888,78741.44495022041,12272.220557198358,0.8651606823131629,5268,1253,55257.32661344168,0.004879506536840381,0.05185931437783978,100.48795065368404,9965.578603418538,59.147130478079994,0
flashbots-c5,748,10000,524.0564228758923,-524.2507389778723,524.2507389778723,-0.19431610198000726,266009.99861609185,10630.253744243124,0.9615737274183918,11592,3122,188883.3681134213,0.0003667645367180228,0.09434576657275472,100.0366764536718,10001.649037278708,65.84911581145109,0
flashbots-c5,749,10000,221.91138738683313,-221.86258908574294,221.86258908574294,0.048798301090187124,182755.98832432495,22470.81238404745,0.8905074176156041,10576,2206,117966.62418231388,0.001927113430339915,0.07658091255341432,100.19271134303399,9981.142817441607,75.92248779143098,0
flashbots-c5,750,10000,165.20697755424914,-165.16893137989638,165.16893137989638,0.03804617435275759,104440.90205431232,15188.780326672877,0.8730350191994902,7745,1746,69284.27073946089,0.0000024093237222189146,0.0974170411084988,100.00024093237222,9993.065353490536,30.054351490408308,0
flashbots-c5,751,10000,506.23521899156333,-506.1465669370241,506.1465669370241,0.08865205453923863,259368.2597671341,10176.999330058175,0.9622438199649856,10408,2859,186909.87628921607,-0.001642973314853009,0.11052243693005337,99.8357026685147,10008.373390306275,101.2866927732182,0
flashbots-c5,752,10000,143.76820001748337,-143.6087681269281,143.6087681269281,0.15943189055525409,89061.80875679337,10861.746295618765,0.8912994409584253,4020,1135,65442.358959081444,0.0014184984365714114,0.09153885407811217,100.14184984365714,9990.565240837057,77.42692162612333,0
flashbots-c5,753,10000,176.59771101381233,-176.54102072079255,176.54102072079255,0.05669029301978412,149936.31229624758,14232.511312658738,0.9133056386725147,10131,1926,96204.6677440841,0.0014274200910821832,0.05913990668016908,100.14274200910822,9982.036355445447,116.90083946461168,0
flashbots-c5,754,10000,634.6897754624007,-634.6946542167176,634.6946542167176,-0.0048787543169055425,236348.22104608736,1775.1883706850826,0.9925450909046154,8752,2618,179195.01887801097,-0.001458948690011681,0.28015345349830084,99.85410513099883,10015.297764982546,100.34288258639835,0
flashbots-c5,755,10000,153.73211762736085,-153.9992459690277,153.9992459690277,-0.2671283416668473,113979.36492256819,11213.031312841076,0.9104336073913282,9642,1590,69397.67808175589,-0.0012901263837494525,0.1425260688512664,99.87098736162505,9973.70658933997,75.26623008941496,0
flashbots-c5,756,10000,264.0155991324567,-263.67871812094785,263.67871812094785,0.33688101150886496,145106.0728648082,16636.776705701086,0.8971405737571816,9328,2156,98362.36450485651,0.000001653833558776796,0.14693413322718157,100.00016538335588,9984.33061700735,29.392458375787093,0
flashbots-c5,757,10000,608.5275969319329,-609.3717703218321,609.3717703218321,-0.844173389899197,268938.154717811,41559.30694627319,0.86615250661458,11614,3110,185859.65029883644,0.0036221617587358424,0.24904591713267052,100.36221617587358,9964.903429084565,158.94831824420146,0
flashbots-c5,758,10000,188.55222444613938,-188.55803072550808,188.55803072550808,-0.005806279368698597,134967.89676892717,2896.595348323107,0.9789895476069383,7533,1730,94417.28617133113,-0.0007928773051501992,0.06995369741224793,99.92071226948498,10006.827578938859,106.84769461779557,0
flashbots-c5,759,10000,100.05763669482481,-100.03550977650448,100.03550977650448,0.022126918320324762,79668.94640424945,7977.506604165013,0.9089808391515953,6804,1277,51400.81384379822,-0.0021293434692428548,0.050896739656633515,99.78706565307571,10009.749042032445,71.69126603690364,0
flashbots-c5,760,10000,104.47403913879488,-104.46817806386355,104.46817806386355,0.0058610749313317,82851.85056532428,1133.83372894689,0.9864996786241077,4533,1129,59349.695701402256,-0.0018850832574260324,0.0640328873926245,99.8114916742574,10020.496888190442,103.10818805891064,0
flashbots-c5,761,10000,261.588858863293,-261.6215480760534,261.6215480760534,-0.032689212760374176,210387.69001819764,5013.6015764266995,0.9767243662314612,11500,2447,140403.14123448453,0.0007973206259229926,0.06771359354081084,100.0797320625923,9984.272853349132,109.84123302701997,0
flashbots-c5,762,10000,237.99399791581087,-238.100679318593,238.100679318593,-0.10668140278212945,131343.3346411031,3941.71207022818,0.9708636529605601,5471,1662,100817.73192363621,0.00039236411110707084,0.14695385150984008,100.0392364111107,10001.48307515105,95.76820015918756,0
flashbots-c5,763,10000,227.4639786096932,-227.47785807453158,227.47785807453158,-0.013879464838367994,174175.31418777752,15859.99230768705,0.9165418647715046,9685,2119,118102.38869948656,-0.000010018013514638823,0.0773941984423051,99.99899819864854,9993.121836227701,83.24321816981625,0
flashbots-c5,764,10000,238.44235514368006,-238.47109012106696,238.47109012106696,-0.028734977386903893,165316.41816927347,11046.952081952171,0.9373625483215928,8305,2000,116400.14101557448,-0.000004839854208142924,0.11772959805597466,99.99951601457919,10000.497892797677,112.10210031335453,0
flashbots-c5,765,10000,366.7827768782307,-366.6227457480832,366.6227457480832,0.1600311301475017,146699.62909482452,3186.370538977785,0.9787413731318292,8263,1944,104749.49054404888,0.0009547027755751003,0.19225677107048142,100.09547027755751,10007.558337891007,59.15366382988853,0
flashbots-c5,766,10000,279.0323108965853,-279.03855882098674,279.03855882098674,-0.0062479244014639335,196606.1351685219,4841.667794308903,0.9759656460725846,10015,2178,135995.06942041553,-0.0002428161634148296,0.0830152830003783,99.97571838365852,10004.773790574645,129.17125411408526,0
flashbots-c5,767,10000,362.343723192741,-362.5248350167305,362.5248350167305,-0.18111182398951087,257812.159476164,19791.314134523294,0.9287065328214201,11302,2582,174927.98920506384,-0.0002810491441798035,0.07339118910690999,99.97189508558202,10001.65984045062,141.39502169550477,0
flashbots-c5,768,10000,248.89467192558538,-248.97571236859403,248.97571236859403,-0.08104044300864643,151920.6058635288,5342.369564685689,0.9660290697785742,6989,1789,109413.94273515997,0.0003198093580982686,0.08570090578213638,100.03198093580983,9990.981747069794,111.92007962805289,0
flashbots-c5,769,10000,222.31988926505068,-222.34911112492597,222.34911112492597,-0.029221859875292466,105581.29757166258,8199.787542385466,0.9279336496556836,6767,1728,75606.29331579582,-0.000005625657559136244,0.09476887797316351,99.99943743424409,10032.45846331025,37.26992806776026,0
flashbots-c5,770,10000,247.4294557661627,-247.42087729647253,247.42087729647253,0.008578469690178281,154810.51623438485,8491.751821652038,0.9479997925152019,10460,2182,103385.593417002,0.0014530186083759134,0.11383098502126998,100.14530186083759,9980.292282752069,57.98356107023355,0
flashbots-c5,771,10000,235.01158224660406,-234.95994340314348,234.95994340314348,0.05163884346058012,142909.40235974768,13186.064803507548,0.9155256392569255,5976,1668,104965.2212706838,0.00037976914281514953,0.07255098694547485,100.03797691428151,9990.666740674274,117.1002968466999,0
flashbots-c5,772,10000,201.60231517515018,-201.62211999895592,201.62211999895592,-0.019804823805742444,116507.61698569497,2984.5909195448708,0.9750227151053086,4769,1431,88697.23126425644,-0.0009734375476774914,0.08755498167370873,99.90265624523225,10003.772650525849,106.47163313139586,0
flashbots-c5,773,10000,100.21395462879055,-100.13104242249356,100.13104242249356,0.0829122062969816,62602.48792965109,3557.7317578626003,0.9462255147478895,4084,1048,45211.495029551785,0.000005904621373105101,0.060703635393969224,100.00059046213731,9999.901661646045,60.991476141526256,0
flashbots-c5,774,10000,348.93087678218666,-349.0867064294065,349.0867064294065,-0.15582964721983217,201050.63319091965,11188.886180721978,0.9472817964635054,8937,2342,143243.5399187337,-0.0005888708324621916,0.06307054960892472,99.94111291675378,10017.837244335673,105.14823605591745,0
flashbots-c5,775,10000,316.6023800212967,-316.4877289341564,316.4877289341564,0.11465108714031658,208392.01711840034,10765.3755761669,0.9508783370535427,9369,2380,147567.05136384748,0.0055180356827594325,0.052432992951042506,100.55180356827594,9946.785068567808,103.46699775840948,0
flashbots-c5,776,10000,396.1487594089635,-395.84000585179774,395.84000585179774,0.30875355716574404,203250.48103026912,11306.119768398148,0.9473047218015566,10804,2547,140306.23660829474,-0.000008882635790996574,0.17649981412148164,99.9991117364209,10030.592060286626,79.8028225848472,0
flashbots-c5,777,10000,179.37422641702383,-179.37891734912253,179.37891734912253,-0.004690932098696976,144976.3625679866,5163.207795330902,0.9656106129594174,10576,1767,92130.1613306706,-0.0003242913633947353,0.08641503667494732,99.96757086366053,10006.754993563656,121.75783026085003,0
flashbots-c5,778,10000,112.70722727444033,-112.69593636756227,112.69593636756227,0.011290906878059559,95409.68141787575,12639.050980396687,0.8830245325432549,6172,1424,65359.426500255715,0.0002466290721734765,0.051392604453252486,100.02466290721735,9994.530964244914,70.4965545879545,0
flashbots-c5,779,10000,277.16545997899806,-276.9835978486037,276.9835978486037,0.18186213039433596,122786.23702648011,2148.1325310539964,0.9828059121067982,5369,1621,95513.70700306448,0.000919688958776419,0.09514233011171157,100.09196889587764,9980.383803290759,119.5149394147438,0
flashbots-c5,780,10000,129.40766952261797,-129.36404647162738,129.36404647162738,0.04362305099058972,75910.77928452377,6061.187733440122,0.9260577981236947,4708,1269,55799.62124805095,0.0018613946188136765,0.06877950334063826,100.18613946188137,9975.124935810194,43.201264710126864,0
flashbots-c5,781,10000,387.49631284663843,-387.4991954751368,387.4991954751368,-0.0028826284983551886,226990.6519364075,12853.302211236489,0.9464097302059813,9823,2734,163133.53875657814,0.0004401016798165358,0.06939666457135062,100.04401016798165,9995.651212414321,88.30946982733876,0
flashbots-c5,782,10000,244.8679536506969,-244.7608687771575,244.7608687771575,0.10708487353940654,143906.5848241116,21455.62563136604,0.8702507327867223,11197,2421,93956.37575503136,0.00012890343373882728,0.06901164995861166,100.01289034337388,10017.409853905683,30.849314336764525,0
flashbots-c5,783,10000,141.24357717284778,-141.24842464982612,141.24842464982612,-0.004847476978341092,170645.2445643016,13711.384926454957,0.9256257560993084,9233,1694,106759.0280457698,0.001632574930983992,0.03943596729658438,100.1632574930984,9978.923729575581,187.45760283221549,0
flashbots-c5,784,10000,336.95419454463524,-336.806360759175,336.806360759175,0.14783378546025006,191194.21144506035,15064.555607885643,0.9269628349711864,8467,2337,138145.15620096558,-0.0013954582302292805,0.10015197486413996,99.86045417697707,10015.944348207247,90.7681798913549,0
flashbots-c5,785,10000,246.1464556586995,-246.27316611698038,246.27316611698038,-0.12671045828088268,194737.69333944586,14184.501355370403,0.9321062973893681,11222,2108,125814.07661525531,-0.002778566115071328,0.12878720823772638,99.72214338849287,10037.070446744036,107.79334861455105,0
flashbots-c5,786,10000,252.874524329498,-252.86599547928012,252.86599547928012,0.00852885021788552,187539.9897597348,11128.769649540294,0.9439832931829304,11611,2514,126329.7338594983,0.0009194499208980744,0.07264964735206846,100.09194499208981,9989.957947566589,69.39788457473159,0
flashbots-c5,787,10000,142.27836271500323,-142.29920279074125,142.29920279074125,-0.020840075738021824,83781.60373827748,4790.698801431784,0.945911998852192,4489,1094,59993.31513480265,-0.0006741101305087227,0.0830921543220589,99.93258898694913,10003.507837587706,102.25641890206818,0
flashbots-c5,788,10000,206.98261061878426,-206.97518793533675,206.97518793533675,0.00742268344751551,149166.81576340194,2627.9027162385096,0.9826877855661955,9941,2082,101711.02759414284,-0.00006538778616771879,0.05916935933713361,99.99346122138323,10011.040657306003,76.4701005624904,0
flashbots-c5,789,10000,293.5093729443381,-293.4570682219333,293.4570682219333,0.052304722404812765,152118.0208056329,13067.545851247743,0.920891721258,8836,2130,104788.79562068045,-0.0011113407084613414,0.15328843239088216,99.88886592915387,9971.38552988435,45.19913850165597,0
flashbots-c5,790,10000,380.4399596777737,-380.0731976562141,380.0731976562141,0.36676202155956616,237733.03271236757,10436.570141680895,0.9579458159997993,10800,2494,162468.86040748702,0.010154393690744286,0.1530618410522196,101.01543936907443,9862.092323875524,107.42707785417099,0
flashbots-c5,791,10000,365.973153850117,-365.66148584316255,365.66148584316255,0.31166800695444863,119492.6497496816,7143.964896411738,0.9435868929663296,4435,1541,94461.76471952426,0.003567959278333035,0.2738042853735664,100.3567959278333,9966.939868406904,79.51436980792685,0
flashbots-c5,792,10000,140.3792407557249,-140.39336902665045,140.39336902665045,-0.014128270925539255,128858.99643016551,4686.820610591962,0.9649047741483241,8248,1667,85542.6113097785,-0.00015682227460857236,0.04408399489004069,99.98431777253914,10003.381390785802,107.75392412089055,0
flashbots-c5,793,10000,380.17057155218674,-379.9455686320776,379.9455686320776,0.2250029201091479,197239.32101912613,17252.83064296229,0.9195642800481463,8990,2380,142624.0311612898,-0.0003262029522372245,0.13370906796190737,99.96737970477628,10011.2209712335,90.0232238598749,0
flashbots-c5,794,10000,298.79999940626794,-298.7354157373705,298.7354157373705,0.06458366889745548,171797.20890701696,12947.742696571297,0.9299155804573562,8774,2318,122339.0642071299,0.0026295788856258184,0.09293329769219781,100.26295788856258,9974.068953082564,75.5775003864907,0
flashbots-c5,795,10000,113.14047090552408,-113.15656008771072,113.15656008771072,-0.01608918218663291,99266.24499162236,9304.946848396023,0.9142963553158094,5233,1206,68903.03259903663,0.00030063532823092486,0.04992129698902957,100.03006353282309,10002.341047758542,101.23265814628994,0
flashbots-c5,796,10000,298.7733481578658,-298.7796045475687,298.7796045475687,-0.006256389702855358,179335.766320752,5238.056640664877,0.9716208043122138,11439,2508,121524.33393388012,-0.0026001082275240606,0.08909646553692141,99.7399891772476,10021.047899636736,44.766029147773274,0
flashbots-c5,797,10000,86.37703563969556,-86.22679128141948,86.22679128141948,0.1502443582760833,59211.271652842144,6393.8966790411105,0.9025397412792895,4786,983,39663.16682337916,0.010154098620214142,0.06789178250416057,101.01540986202141,9945.802245599098,48.03513720874063,0
flashbots-c5,798,10000,282.4696790892453,-282.46495294038215,282.46495294038215,0.004726148863142043,175440.82341902883,1534.2939245672537,0.9913304539779542,9202,2067,121033.17468624994,0.00022909919648483879,0.08672612090818334,100.02290991964848,9995.821300923908,94.88059338914263,0
flashbots-c5,799,10000,147.29108080981706,-147.30551574060553,147.30551574060553,-0.014434930788468137,146673.1860971021,4690.802753650455,0.9690097837057157,9744,1806,95493.61535161974,-0.0034382825737395706,0.07514934776351524,99.65617174262604,10051.627392259901,129.93298697183545,0
flashbots-c5,800,10000,116.64809251893358,-116.66247748156766,116.66247748156766,-0.014384962634082399,77816.4716699142,1717.5284661999583,0.9784051039396914,5008,1070,53344.75055999254,-0.002200724352188956,0.06387049371518316,99.7799275647811,10015.219774825056,77.59413458054722,0
flashbots-c5,801,10000,435.3266689493503,-435.3526225792554,435.3526225792554,-0.025953629905131947,239302.2290437258,4126.813937424702,0.9830471586837555,9920,2666,174310.75835136592,-0.000007651787573479396,0.10213885459745228,99.99923482124265,9998.948164996977,104.84914144142202,0
flashbots-c5,802,10000,291.89556310299264,-291.8224706201615,291.8224706201615,0.07309248283115721,175727.36935762857,14735.963675141553,0.9226309681737735,8846,2177,124834.68639831682,0.004075873392867067,0.08540691063302262,100.4075873392867,9971.91405298734,87.95038740837605,0
flashbots-c5,803,10000,281.33874362369465,-281.2887984656483,281.2887984656483,0.049945158046341476,206843.521020378,6345.26084441174,0.9702364224378557,11400,2438,138389.68067965802,0.0000048364100807418705,0.06640854521125504,100.00048364100807,9995.667357556418,89.95941612798795,0
flashbots-c5,804,10000,97.07535179932661,-97.07657505666802,97.07657505666802,-0.0012232573414081571,89304.49184732842,3230.8003016760526,0.9650857502403118,7392,1210,56958.844879308665,-0.0008580485729621046,0.056708361592383766,99.91419514270379,10008.09099554014,97.2363674029311,0
flashbots-c5,805,10000,115.63065880281452,-115.69254501051404,115.69254501051404,-0.061886207699515694,124685.20749708005,4449.405155892707,0.9655444418465116,9888,1418,73983.26121551674,-0.0015484375046388265,0.05722792205275127,99.84515624953612,10010.307065296258,119.2981378612403,0
flashbots-c5,806,10000,103.76348822757102,-103.7098706962198,103.7098706962198,0.053617531351221714,79064.10891607463,10363.39282180384,0.8841140295724682,6196,1148,51299.83890179485,0.0000017181608927785418,0.06636753732584495,100.00017181608928,9989.1657273382,75.48629317156421,0
flashbots-c5,807,10000,122.43508954918588,-122.36520025381944,122.36520025381944,0.06988929536643695,103533.66856275228,3649.334166534931,0.965952305182641,6673,1386,70682.60864212368,0.0003326338970818199,0.05169264504678736,100.03326338970818,10001.442997832386,99.07495247045713,0
flashbots-c5,808,10000,192.95606624465907,-192.9568916198225,192.9568916198225,-0.0008253751634299533,102600.53897936168,2047.6672766958186,0.980432848780174,4455,1291,78680.35870294175,-0.00000003408244964475671,0.09672611030432847,99.99999659175504,9999.852893541376,99.8784555894213,0
flashbots-c5,809,10000,525.2912643721093,-525.267995792328,525.267995792328,0.023268579781301924,211487.10418815643,2856.856781602801,0.9866716245763235,7390,2350,163486.37735938016,0.0065715884721024055,0.15181099974345075,100.65715884721024,9948.054139892236,98.84999152418169,0
flashbots-c5,810,10000,262.4934399797969,-262.4730857550865,262.4730857550865,0.02035422471038828,161823.0023607532,19774.539115680564,0.89110789190807,7379,1991,115844.20342290944,-0.003641251819556288,0.06093076514732587,99.63587481804437,10056.61263093307,110.90749740308672,0
flashbots-c5,811,10000,277.397866283487,-277.7324164857793,277.7324164857793,-0.3345502022922915,247184.893926035,3004.370492177711,0.9879916090757769,10185,2267,169327.45659633694,-0.00004576770877491754,0.0671728276608448,99.99542322912251,9951.991917528589,186.54067034309261,0
flashbots-c5,812,10000,110.87055889181661,-110.87063289454238,110.87063289454238,-0.00007400272576774114,76484.18554605696,79.91014219480758,0.9989562974462575,4198,1011,54668.870636774525,-0.000497247541097039,0.0657144276294376,99.9502752458903,10005.46490183198,99.1449253962304,0
flashbots-c5,813,10000,67.86000685893191,-67.88851681034586,67.88851681034586,-0.02850995141395174,57940.64323621633,5684.20213869133,0.9106606530012399,3736,757,39122.439052582195,0.0013017430331237279,0.05500835714289536,100.13017430331237,9982.390261203649,176.8947872540809,0
flashbots-c5,814,10000,76.81500001169499,-76.8355875083933,76.8355875083933,-0.020587496698311725,62256.3736171087,1642.4753921966385,0.9742956967510095,4476,847,41703.38127315949,-0.0007118440812719485,0.04729247984694197,99.9288155918728,10010.305365193783,62.71693477351568,0
flashbots-c5,815,10000,142.4618165160596,-142.59400166849082,142.59400166849082,-0.13218515243121942,78851.22188598734,7801.667438116547,0.9099664477552927,4530,1248,57461.15485011003,-0.0000044203180351587434,0.07439084347330378,99.99955796819648,9996.044136646202,77.68030596446827,0
flashbots-c5,816,10000,387.397393841429,-387.70587056493656,387.70587056493656,-0.3084767235075674,150160.1811981883,4345.27408051971,0.9718762416985123,6405,1947,115354.76888167692,0.0004407453932999772,0.11192441547044481,100.04407453933,10007.572944155105,64.61531201975052,0
flashbots-c5,817,10000,69.12398585081067,-69.12510341034367,69.12510341034367,-0.0011175595330001897,92371.41602851183,3658.8277804999157,0.9618992138791534,7174,1190,57226.624424860835,0.0003234540014419451,0.042673366440508,100.0323454001442,9998.173100844586,129.80734167473219,0
flashbots-c5,818,10000,162.47374185281106,-162.47321810749196,162.47321810749196,0.0005237453191000441,144761.7514458149,4311.165960482499,0.9710801530184558,9693,1853,94477.28045406734,0.0008173418116375331,0.05028251205538155,100.08173418116375,9993.26148907333,98.4871648904089,0
flashbots-c5,819,10000,324.09250762194995,-324.10630094818146,324.10630094818146,-0.013793326231507308,207763.52794004837,11032.910823604467,0.9495745411307979,9561,2547,145678.94318108153,-0.0003481531242982783,0.07804831193082591,99.96518468757017,9997.596749944723,78.1946351444569,0
flashbots-c5,820,10000,258.30863877267734,-258.2631888064652,258.2631888064652,0.04544996621211794,175880.4400128169,2241.9684166553297,0.9874133275177276,9703,2181,120835.4511639933,0.001863077236920816,0.09385421339094918,100.18630772369208,9982.649771592642,100.49189058316097,0
flashbots-c5,821,10000,467.3088484811207,-467.57924957504105,467.57924957504105,-0.2704010939203272,215524.45109041836,20526.642623131876,0.9130415271532648,8530,2560,158413.07953820535,-0.007155791494726742,0.14155827718557204,99.28442085052733,10054.242289145222,96.39702422755052,0
flashbots-c5,822,10000,128.8884513892402,-128.85336127660622,128.85336127660622,0.03509011263398065,89034.22662929216,2715.7895776126547,0.9704001188240851,6258,1268,60627.61536336194,-0.00009928832899234407,0.072907393150996,99.99007116710077,9999.179950608059,84.97408078309397,0
flashbots-c5,823,10000,319.5820961933896,-319.57636482050117,319.57636482050117,0.005731372888419628,202349.92510353413,2907.5265918796545,0.9858347330736903,10957,2393,137170.28048280993,-0.0006168559540698482,0.09680322312257986,99.93831440459302,10023.51899665426,97.60021019536488,0
flashbots-c5,824,10000,104.04013971440875,-104.03990032266235,104.03990032266235,0.00023939174640474903,73501.28642942151,1805.348984738894,0.9760266943967141,4943,1030,49829.3472464633,-0.0009126243366975472,0.07153437212568094,99.90873756633025,10004.710178051702,86.78164772720766,0
flashbots-c5,825,10000,223.14299879667965,-223.14897061567484,223.14897061567484,-0.0059718189951922795,137763.0645589195,2290.4611755326273,0.9836458156728203,6674,1704,99685.76842067944,-0.0006408822713964924,0.07548009616333402,99.93591177286035,10005.931017601759,102.54219046099887,0
flashbots-c5,826,10000,356.47156529286536,-356.45375493512404,356.45375493512404,0.017810357741325333,178019.03056748948,3482.419968423053,0.9808132664607327,7782,2096,132095.98809114352,0.0016859624683694108,0.1350177058482909,100.16859624683694,9993.437371510838,85.45788929678895,0
flashbots-c5,827,10000,202.25080139281155,-202.1743369567185,202.1743369567185,0.07646443609306175,138969.65527328124,4083.674485469269,0.9714534817724544,5357,1491,103528.8811705224,-0.0005493891864705347,0.07372813670838795,99.94506108135295,9989.76592480659,160.70313852432446,0
flashbots-c5,828,10000,200.4411350805573,-200.72044203430542,200.72044203430542,-0.27930695374811876,133748.28799767623,8159.102231899483,0.9425040357750234,8207,1782,90606.24140859612,-0.000005528173028750416,0.10987318669006953,99.99944718269712,10005.75814268172,75.19124874910781,0
flashbots-c5,829,10000,162.96236493568085,-162.94455410521482,162.94455410521482,0.017810830466032712,132588.83484868912,1067.4694016596634,0.9920133254645421,7084,1620,91819.65981400685,0.0002711080494340479,0.050754504345060666,100.0271108049434,9992.436220929427,122.83687938068753,0
flashbots-c5,830,10000,94.23960468840491,-94.24551202131212,94.24551202131212,-0.005907332907213458,124058.45768541131,9363.90295052205,0.9298175890016434,9240,1397,74322.92752771282,0.00022598834584172778,0.038258924598631554,100.02259883458417,10000.207159577105,112.94110362518128,0
flashbots-c5,831,10000,388.86751148298055,-389.18872599505534,389.18872599505534,-0.3212145120747891,145163.68679600934,11753.943050421769,0.9250948216467144,5447,1930,114431.4697458402,0.000004964683114110358,0.12037703904545723,100.00049646831141,10032.909070416545,51.688097046321765,0
flashbots-c5,832,10000,399.2891301779953,-399.2213190609395,399.2213190609395,0.06781111705578269,262196.14092997357,24082.775804078417,0.9158765302075985,10543,2963,187384.15793624573,-0.0009387378799512191,0.04936885303499011,99.90612621200488,10006.073534984205,91.85844630659516,0
flashbots-c5,833,10000,332.18531449030957,-332.0187765613765,332.0187765613765,0.16653792893305308,168005.74814586187,24183.846550207058,0.8741667227695042,6685,1990,124986.66039168982,-0.0000006004863648456649,0.11121816757891878,99.99993995136352,10000.31936129524,104.45568928617625,0
flashbots-c5,834,10000,433.41510751598406,-432.99616474589186,432.99616474589186,0.41894277009220104,206788.86681663705,7043.333143733522,0.9670614007383412,9936,2695,149939.16247928364,-0.022908412035090323,0.07544591823712381,97.70915879649097,10109.228035247917,46.10246177590722,0
flashbots-c5,835,10000,430.68974521203376,-430.7508245153176,430.7508245153176,-0.061079303283861464,136345.15668293883,4869.419719000951,0.9655175843523327,5985,2018,104630.20997363227,-0.004176854058930388,0.20339456011125406,99.58231459410696,10027.942231192466,34.93327604732511,0
flashbots-c5,836,10000,490.09290856831694,-490.08883150217844,490.08883150217844,0.00407706613850678,264309.70174524974,13481.604251752273,0.9514685882505706,11220,2971,189212.14834686197,-0.0005113321751743172,0.07544852030479973,99.94886678248257,10005.155403431281,90.85752508151614,0
flashbots-c5,837,10000,170.8765266034211,-170.8440655822546,170.8440655822546,0.03246102116651173,114502.20947071565,3690.1127778389136,0.968778743765786,6253,1485,82084.17626663731,-0.0048923747798730235,0.050174530894836235,99.5107625220127,10042.107608619392,91.23673533614378,0
flashbots-c5,838,10000,95.66232245320627,-95.75925798701823,95.75925798701823,-0.09693553381195841,65584.44355499664,2726.4569668576546,0.9600875270852944,4821,1065,45224.90260234438,-0.000745633675961983,0.05934339713257487,99.9254366324038,10001.485528476516,60.250967028008056,0
flashbots-c5,839,10000,161.96887493675652,-161.97029903748893,161.97029903748893,-0.0014241007324073962,81464.37927009858,2430.1314008956306,0.9710334873943568,4133,1119,61550.7823671352,-0.0010328422341898146,0.09523302557512664,99.89671577658102,10010.971664570914,108.29122919939262,0
flashbots-c5,840,10000,99.04900901262954,-99.05420410026792,99.05420410026792,-0.005195087638384166,83778.31638747708,2304.9467287224074,0.9732242175158825,6700,1275,54987.80665761524,0.00020155408381256735,0.06713688265096864,100.02015540838126,9990.476950203232,71.96154163648174,0
flashbots-c5,841,10000,192.0333993986458,-191.96795916361938,191.96795916361938,0.06544023502641494,131786.52999758723,15481.750897337379,0.8948738261677437,5684,1688,97469.3805003343,-0.00038814748001399837,0.05494136280351,99.9611852519986,10025.075196607411,100.83021057413497,0
flashbots-c5,842,10000,549.0565999169543,-549.4732553178268,549.4732553178268,-0.4166554008725143,276180.56100828026,24905.417560271348,0.9172813769718577,11454,2808,193660.3627834072,0.00042793405201777544,0.15775496078810916,100.04279340520178,10000.696565028637,104.82636872516866,0
flashbots-c5,843,10000,149.82061069840586,-149.8106753038848,149.8106753038848,0.009935394521050966,100397.70628384511,10172.837896079543,0.9079968542116795,5615,1297,69925.56459854076,-0.0004542209551590304,0.08881026109936187,99.9545779044841,10002.249742992013,90.99599602018608,0
flashbots-c5,844,10000,312.3212133949676,-312.3285878189166,312.3285878189166,-0.007374423949045195,206360.1452285553,16306.783136643397,0.9267660300684686,9102,2371,145438.9564663199,-0.0000016383102948225314,0.06644777223423702,99.99983616897052,10009.870009059508,130.21283471593298,0
flashbots-c5,845,10000,386.4769708231643,-386.327829251211,386.327829251211,0.1491415719532938,224749.18154166747,4609.953417743033,0.9799007202457454,9549,2488,161582.08919386822,-0.00011943840251532834,0.07509195058190386,99.98805615974847,10001.470352981853,86.84440521727163,0
flashbots-c5,846,10000,741.9023593742414,-741.4796169097033,741.4796169097033,0.4227424645381461,292634.75175137486,11018.796239795534,0.9637126049977327,11418,3204,213238.6702862356,0.0009123462562193651,0.2306735853288865,100.09123462562194,10008.67510962008,86.26568770451667,0
flashbots-c5,847,10000,116.32235098654792,-116.37118008801447,116.37118008801447,-0.04882910146655206,110564.05847341301,7203.360076657988,0.9388340156781534,9142,1549,68945.97642821143,-0.00008185139457836499,0.04677657439853164,99.99181486054216,10005.417494062442,101.68714168473659,0
flashbots-c5,848,10000,327.2294650895537,-327.21089807213747,327.21089807213747,0.018567017416216913,192263.5315480857,7509.018091133034,0.9624121627085702,9247,2373,136885.05975737862,0.000008310571831486867,0.0786423626277697,100.00083105718315,9992.950839579864,86.78353724731187,0
flashbots-c5,849,10000,280.0703698830676,-280.009334660552,280.009334660552,0.06103522251561344,127054.18726559445,10001.379484738389,0.9270268277175681,6442,1801,94433.88416343863,0.000634615497018416,0.1467816341957365,100.06346154970184,10004.470521522506,48.957746823523024,0
flashbots-c5,850,10000,63.12678483788528,-63.124338103305035,63.124338103305035,0.002446734580246357,63316.73099334405,3246.1716915113198,0.9512315184498422,5400,952,41182.79054684678,0.0028603462698791305,0.0376201650845141,100.28603462698791,9987.48009668701,67.06723239911757,0
flashbots-c5,851,10000,380.6851233032839,-380.74851268819543,380.74851268819543,-0.06338938491154522,173024.04444705055,3317.263631044781,0.9811883916071685,7941,2165,127684.13242691185,0.0024384547684641687,0.12700609591375922,100.24384547684642,9983.97939072905,82.33778507966863,0
flashbots-c5,852,10000,249.58832695516378,-249.33873774305977,249.33873774305977,0.24958921210401286,155816.40568169946,14249.37423222344,0.9162125723385645,6064,1653,112682.82360959725,0.000000670862715281828,0.1011982447252926,100.00006708627153,10000.712352220937,88.6748237802902,0
flashbots-c5,853,10000,80.24529009525094,-80.26549360705727,80.26549360705727,-0.02020351180632929,97179.61128064251,8049.122108534481,0.9235083246819508,8253,1233,58057.19109651569,0.00029269407636178357,0.03568005843027421,100.02926940763618,9986.07708680049,148.30004310935598,0
flashbots-c5,854,10000,249.6355226978083,-249.62386832072357,249.62386832072357,0.011654377084738599,165686.39649479944,2669.5602583012073,0.9841433572664363,9690,2084,112792.64178121465,-0.0015115426448991797,0.07960101520741034,99.84884573551008,10014.605964780734,91.36150052574122,0
flashbots-c5,855,10000,324.204722965197,-324.18943523961434,324.18943523961434,0.015287725582652456,257889.97297888665,15141.636283917393,0.944542551960191,10467,2498,177539.8457199836,0.0010192834799840967,0.07253429185246858,100.10192834799841,9978.834438334878,198.6265803228232,0
flashbots-c5,856,10000,303.72899382401965,-303.84015600061304,303.84015600061304,-0.1111621765933819,118083.01439377082,12666.037487562908,0.903127117900186,4741,1686,93276.26956089173,0.0014990412497698459,0.1278549580539692,100.14990412497698,9990.97815089695,67.00186336323387,0
flashbots-c5,857,10000,286.7433007511942,-286.3824455387607,286.3824455387607,0.3608552124335347,106781.4987283551,12850.426893123204,0.8925836324512352,5283,1578,79704.6646025114,0.004710268658117656,0.2450168541092768,100.47102686581177,10021.969103426172,60.32203024469303,0
flashbots-c5,858,10000,158.23804441810256,-158.27327489415399,158.27327489415399,-0.035230476051424375,118942.70163839079,6167.621394612226,0.9507025380073132,7882,1608,79029.39909403917,0.00036152106408962934,0.09489274969127152,100.03615210640896,9991.853581942674,77.63671165355022,0
flashbots-c5,859,10000,490.4225922745385,-490.25675515307523,490.25675515307523,0.16583712146325524,265690.8739397296,16556.10735314862,0.9413417735158381,10240,2881,193007.72533267614,0.011158499603580624,0.08766615829280809,101.11584996035806,9902.388987303393,80.30670692604882,0
flashbots-c5,860,10000,141.89762567185684,-141.87280174426172,141.87280174426172,0.024823927595122086,134731.94542360216,9529.275576844633,0.93394430248989,8846,1506,82383.73931026664,-0.0012045192413012273,0.08795518839220762,99.87954807586988,10045.976349884984,197.45107031287412,0
flashbots-c5,861,10000,181.0605065580691,-181.072268851397,181.072268851397,-0.011762293327905127,110554.04874781925,1082.4728212355553,0.9903035959377687,5395,1459,81504.47093442232,-0.0015443552259363003,0.0628895172452924,99.84556447740637,10012.152621943014,101.3932377875106,0
flashbots-c5,862,10000,362.1307481285707,-362.2332323772303,362.2332323772303,-0.10248424865960715,215649.08824764114,11042.291679518818,0.9512893181775729,9782,2390,152505.39500645324,-0.001194383954429412,0.0878695571918071,99.88056160455706,9995.88396212628,57.60465136755883,0
flashbots-c5,863,10000,179.97269827984894,-179.95934783614763,179.95934783614763,0.013350443701312997,135969.9454493173,5773.429189563245,0.9592684370308511,6854,1570,95148.23178851599,0.000001560227715771134,0.08541088654278724,100.00015602277158,10000.641821955303,145.07392197208722,0
flashbots-c5,864,10000,113.6715479728551,-112.79107693207513,112.79107693207513,0.8804710407799661,106804.6263440355,7203.231227981074,0.9368181160370378,8760,1578,66601.79927143997,-0.029589640658807637,0.04136088791649499,97.04103593411924,10134.843459287096,46.03179362892335,0
flashbots-c5,865,10000,127.41949987223023,-127.34210344136513,127.34210344136513,0.07739643086510739,102726.66649632348,5583.53188326547,0.9484486967358589,5560,1280,71354.43935478845,-0.0013187864852547194,0.049209336031931915,99.86812135147453,10038.796434046542,122.21216496178592,0
flashbots-c5,866,10000,70.87955560033322,-70.86663878083556,70.86663878083556,0.012916819497661436,73477.27544372604,4756.836058115688,0.9391974169988023,5423,975,47190.02490546931,0.0019846475055682335,0.04639498489285685,100.19846475055682,9968.028805297901,108.47222454667182,0
flashbots-c5,867,10000,349.2348865506985,-349.2131857524789,349.2131857524789,0.021700798219569606,186293.57680910334,3606.4943535077114,0.9810084623379658,7736,2166,135995.87947926452,0.0007265190451913383,0.08319374683970039,100.07265190451913,10005.069209993437,94.5777182947253,0
flashbots-c5,868,10000,109.93916844904044,-109.93660704391147,109.93660704391147,0.002561405128972183,89612.64379502255,2622.8500397650823,0.9715635496627455,5255,1218,62562.531962615576,-0.0002986536601120804,0.055737278389531894,99.97013463398879,10002.757261798433,99.10295489690044,0
flashbots-c5,869,10000,125.76993798879434,-125.83425172092493,125.83425172092493,-0.06431373213058578,81537.44557581613,2952.15275630178,0.9650589798675899,5143,1192,57710.62143425911,-0.003125960614590042,0.05869242050106209,99.687403938541,10027.285771481802,80.18677816515901,0
flashbots-c5,870,10000,112.904656392715,-112.87392204945829,112.87392204945829,0.030734343256710872,76188.7695273893,1584.884817119732,0.9796218291338187,4045,983,56080.470178551164,0.00406304004355519,0.054207196174723006,100.40630400435552,9951.477918999317,105.06790297340291,0
flashbots-c5,871,10000,82.18528209778032,-82.17365292458581,82.17365292458581,0.011629173194506848,73354.51663790354,7620.355867303679,0.9058923388016,4350,890,49132.85153757859,-0.000002409183684051186,0.0612840471020408,99.9997590816316,9996.966125375691,162.52717894192187,0
flashbots-c5,872,10000,403.26402162897364,-402.9878033170868,402.9878033170868,0.27621831188685064,157289.77776113024,5370.594980379852,0.9669827697437133,7383,2215,118536.20715022132,0.004158324341642725,0.1763302698321651,100.41583243416427,9989.662371567432,46.93697407140254,0
flashbots-c5,873,10000,399.82444659478034,-399.8240989821248,399.8240989821248,0.00034761265555971477,201172.31755208434,1764.343626031457,0.991305939420759,8084,2343,152001.70732029498,-0.0008145576967521606,0.07356110621645527,99.91854423032478,10008.77776107354,98.61261982968234,0
flashbots-c5,874,10000,177.6329305274159,-177.7410671014249,177.7410671014249,-0.10813657400899501,107161.84622201386,4673.633913988913,0.9582097389101801,5235,1394,79325.28690671772,-0.0000018956489665811206,0.07665289698873408,99.99981043510334,10005.02417287537,103.32487417824419,0
flashbots-c5,875,10000,422.29347256763447,-422.3089829443708,422.3089829443708,-0.015510376736358467,195662.10319462768,14070.676033411499,0.9329114119156707,8301,2465,144231.6627103342,-0.0004583966874000112,0.095342554051457,99.95416033126,9995.753163498539,86.56645037972162,0
flashbots-c5,876,10000,407.89051061721926,-407.8693179139632,407.8693179139632,0.021192703256076584,232980.7700202762,8721.636271113292,0.9639158070251119,10748,2738,165664.67748947788,0.00201902941847095,0.06769390085204123,100.2019029418471,9972.144876975135,85.52460096449374,0
flashbots-c5,877,10000,308.89807913666414,-308.86039498007125,308.86039498007125,0.037684156592888485,136630.74798645737,8661.471829294911,0.9403858524546002,5638,1798,104567.35864145143,-0.0016868897501356628,0.09089953106231576,99.83131102498643,10018.67658374328,70.11026216843064,0
flashbots-c5,878,10000,265.5256740698022,-265.4311974919356,265.4311974919356,0.09447657786660102,140425.61529657722,4689.428907778911,0.9676847501684589,5759,1746,106854.57686882191,0.0007148524340919949,0.08251697172624788,100.0714852434092,10007.69169658122,99.63650055586174,0
flashbots-c5,879,10000,449.0282663345147,-449.23558748017285,449.23558748017285,-0.20732114565817028,277478.8738600167,17159.365419269245,0.9417612409670831,10711,2916,198774.54556408312,0.00019629544311698056,0.07417942914286513,100.0196295443117,10006.72788783107,106.96298308753185,0
flashbots-c5,880,10000,162.98255046400192,-162.99180747549863,162.99180747549863,-0.00925701149671454,128988.40208183209,3162.311954024134,0.9760704134132329,7312,1666,89353.43394986684,0.000004350215320414463,0.06587778861072664,100.00043502153204,9998.709968375217,105.03268926818903,0
flashbots-c5,881,10000,566.2258828021047,-566.1579481469568,566.1579481469568,0.06793465514795116,226701.8483302849,4563.314154579204,0.9802680433769272,8501,2738,173239.45665654817,0.002199711009857168,0.14661014904421477,100.21997110098572,9981.462124053769,79.91864952698177,0
flashbots-c5,882,10000,134.16623983591768,-134.17519376098562,134.17519376098562,-0.008953925067942237,118142.13916740606,5622.36325049921,0.9545720853664919,7809,1593,77732.86630088181,0.0012742988057988214,0.0523356421074935,100.12742988057988,9992.658633168352,92.96718688283305,0
flashbots-c5,883,10000,145.1581920835433,-145.13899263524914,145.13899263524914,0.019199448294159538,109937.31973695496,4401.051583632333,0.9615085335500149,8460,1588,72160.96322988562,-0.0014077644306425441,0.07814239150908364,99.85922355693575,10015.309737353307,57.866316955603345,0
flashbots-c5,884,10000,180.46900992190558,-180.51725440492174,180.51725440492174,-0.048244483016162576,126836.14353008715,2136.6759175597463,0.9834331301222188,6513,1540,90718.39013487668,-0.0016165322490031997,0.05965126921336306,99.83834677509968,10035.456813241817,171.72152903121366,0
flashbots-c5,885,10000,139.6418929518465,-139.63562330035919,139.63562330035919,0.006269651487315286,102365.46492615617,5600.506036458094,0.9481271183269643,5716,1374,72995.0490357123,0.0006059890256186407,0.06289958139937254,100.06059890256186,9995.134958281591,95.93368572207761,0
flashbots-c5,886,10000,487.8222723264247,-487.6958487043992,487.6958487043992,0.1264236220254702,261350.43748651093,7754.73551863663,0.9711832536251978,10802,2955,189413.02485400942,-0.004617735911211014,0.10372726067724941,99.5382264088789,10054.750097998047,98.39244390078188,0
flashbots-c5,887,10000,75.98210235212903,-75.99475055500199,75.99475055500199,-0.012648202872952652,75113.9889472913,2645.891766133559,0.9659735619208999,5336,996,49424.85174042077,-0.00011968642141795272,0.055643856909299814,99.9880313578582,10003.014924937432,150.83631635609953,0
flashbots-c5,888,10000,161.10535455715032,-161.07473346375454,161.07473346375454,0.030621093395780008,151348.6340570819,1953.1524059516094,0.9872594282753346,11027,1919,96226.4897238938,0.0027233089523679157,0.059461733806393656,100.27233089523679,9967.8409599879,101.32791616145774,0
flashbots-c5,889,10000,229.9679600306252,-229.9813042409582,229.9813042409582,-0.013344210333002593,160199.33753544418,11279.592643411832,0.9342216992393935,7702,1984,114633.8543910133,0.0014382969605235018,0.05279611258163072,100.14382969605235,9985.411665092572,96.7181977662013,0
flashbots-c5,890,10000,171.53353163086715,-171.55484666876652,171.55484666876652,-0.02131503789937028,95292.19173431862,2768.398654108351,0.9717684888175517,4485,1259,72315.6445450377,-0.0005008824856946603,0.07269111904830339,99.94991175143053,10003.452250108869,101.83985582112363,0
flashbots-c5,891,10000,105.93797256442485,-105.91012580943858,105.91012580943858,0.027846754986271094,107084.31329151016,3611.304877332509,0.9673762617069066,8162,1316,67023.19652786756,0.004298804109878489,0.04441757644581202,100.42988041098785,9968.208550679728,97.39477003811395,0
flashbots-c5,892,10000,95.83357456757383,-95.7509359690607,95.7509359690607,0.08263859851312816,85381.82272639671,5749.610461804388,0.9369085916828443,4833,1098,58642.59594756556,-0.008776544800281555,0.047453497651473386,99.12234551997184,10087.357269345264,87.98773448184434,0
flashbots-c5,893,10000,441.445716882467,-441.43891703820043,441.43891703820043,0.006799844266595301,273352.98412369384,9068.756231110583,0.9678893125588789,10671,2732,193427.2981923908,-0.0011346198625540184,0.13742184136168561,99.8865380137446,10028.911482492424,162.11446641430615,0
flashbots-c5,894,10000,472.0371369839399,-472.1518958524711,472.1518958524711,-0.11475886853122574,225666.03627058447,11251.360702954997,0.9525093520075623,8964,2542,164411.90290897476,0.0003359887627914304,0.2158582435485141,100.03359887627914,9996.109919212477,103.80107120402114,0
flashbots-c5,895,10000,233.20834156768922,-233.16873547560783,233.16873547560783,0.039606092081385214,211235.3979911317,14477.753839720275,0.9358577303879492,10890,2185,138164.0283659873,0.0000030565849625929785,0.0676914750653097,100.00030565849626,9993.542430379894,152.32987369519603,0
flashbots-c5,896,10000,113.31139317501034,-113.36353039343552,113.36353039343552,-0.05213721842518737,100371.80553722699,7295.081857853074,0.9322439606609596,7322,1476,66129.75267887906,-0.00000766896111244364,0.06732036885748428,99.99923310388876,10010.043609681292,74.75278526739645,0
flashbots-c5,897,10000,223.57073607522025,-223.7199586542275,223.7199586542275,-0.1492225790072439,126477.13895459256,9479.790339553521,0.9302735771632223,7963,1864,87257.68280024962,0.0011129282045209265,0.12810171013411364,100.11129282045209,9998.06116991066,61.66054881566218,0
flashbots-c5,898,10000,185.2758083695236,-185.32486329382743,185.32486329382743,-0.04905492430384584,136482.78862907508,12766.392123559517,0.9144625648249385,9984,1910,86902.40834853871,0.0002660083657836765,0.059005814529879644,100.02660083657837,9993.332638058668,61.72752126679433,0
flashbots-c5,899,10000,417.169708877244,-417.0464826018142,417.0464826018142,0.12322627542977216,165836.18168536708,31894.54459219322,0.8386970745890958,8454,2690,122043.57467548299,-0.0026536694465967513,0.10837079121016387,99.73463305534032,9993.76179473938,48.27563102318908,0
flashbots-c5,900,10000,208.85526840597018,-208.83701051574508,208.83701051574508,0.018257890225100937,170796.42192978127,4687.394756550151,0.9732887348528062,11502,2121,111489.36960041996,-0.001268997615714653,0.08677704628972407,99.87310023842853,10007.171821115731,95.15456377734994,0
flashbots-c5,901,10000,296.86762489385654,-296.7949096573148,296.7949096573148,0.07271523654173961,170390.9865833675,22989.651968879167,0.8811170955841687,9916,2475,116312.44854370292,0.0006661729737896849,0.07294261703992234,100.06661729737897,9963.311327375784,51.95977984924389,0
flashbots-c5,902,10000,489.90367062561245,-490.18123404659576,490.18123404659576,-0.2775634209833129,206430.34524260112,22092.720807635535,0.9033238911525069,9662,2711,149921.66791939424,0.0008898503258404844,0.2878990153459617,100.08898503258405,9989.474784159069,42.07959173122799,0
flashbots-c5,903,10000,259.70565461620293,-259.57157383235426,259.57157383235426,0.13408078384867395,234983.33827363962,18192.300735706664,0.9281435575441164,11757,2416,153849.08753999468,0.0000009219809555816028,0.06549556607364465,100.00009219809556,9996.82248037315,79.3553036882172,0
flashbots-c5,904,10000,318.8684781024187,-318.8783517313864,318.8783517313864,-0.00987362896768218,213601.03384970213,1074.9134569985167,0.9949928556483191,10067,2445,148987.42679929576,-0.0014447471460613316,0.07355109303048493,99.85552528539387,10013.111839222667,103.56459739764196,0
flashbots-c5,905,10000,324.59337284011355,-324.58633227291847,324.58633227291847,0.007040567195076619,195441.27094088067,8149.134302107811,0.9599728961078412,8517,2330,140971.36541329752,0.0007271258394366953,0.05239292051349466,100.07271258394367,9994.343170098697,95.28967750177506,0
flashbots-c5,906,10000,68.85829709495279,-68.8642311474849,68.8642311474849,-0.0059340525321118776,99167.42531752832,3106.1438981810816,0.9696290652413843,7355,1095,59433.56065186934,0.0007056112423680361,0.042594019134867406,100.0705611242368,9976.180440667915,176.99047483532598,0
flashbots-c5,907,10000,112.89255416240012,-112.88562310247903,112.88562310247903,0.0069310599210865576,92301.2736496407,9622.487376895291,0.9055913235541801,5384,1350,64983.40762592574,0.000034177749795105684,0.047376523797682354,100.00341777497951,9988.226503246107,116.46277568617353,0
flashbots-c5,908,10000,231.85497042658696,-231.97650913831126,231.97650913831126,-0.12153871172429831,156312.12379532965,6111.702011154556,0.9623718873705377,8436,1930,110006.2248078681,0.000024342243051478363,0.07589026770159776,100.00243422430515,9992.68322528271,80.53688170807973,0
flashbots-c5,909,10000,296.0333964603672,-291.0728982786816,291.0728982786816,4.960498181685637,154902.04445968728,4720.472729220437,0.9704272754724578,6784,1972,115304.19608694762,0.06300713065352369,0.07126628104960517,106.30071306535237,9587.948037439044,63.95569969304597,0
flashbots-c5,910,10000,295.2015003990639,-295.22002899318477,295.22002899318477,-0.01852859412088037,237581.4041359476,15614.998489633732,0.9383285136450984,10563,2325,160802.2593372153,-0.00102580212588677,0.09593489121986237,99.89741978741132,10003.640990477485,185.42967231080868,0
flashbots-c5,911,10000,213.5752399026753,-213.5102578493698,213.5102578493698,0.06498205330549922,171902.21464442115,11256.733969396622,0.9385411739115683,11835,2162,108986.96178558588,-0.002601589619387852,0.05951410327948978,99.73984103806121,10008.241868680852,52.93232788898077,0
flashbots-c5,912,10000,290.1267643181088,-290.02230196296546,290.02230196296546,0.10446235514336877,210856.50378423615,2798.1328483667253,0.9869034770671589,9066,2287,149120.43579146088,0.005330355881318383,0.0646160548115509,100.53303558813184,9960.017650943193,134.0828478532055,0
flashbots-c5,913,10000,188.18440644991756,-188.17480630542548,188.17480630542548,0.009600144492083018,161797.2647468003,12289.366534867371,0.9294066038018537,9606,2003,107286.26000338286,0.0029896400183173455,0.06669351035101784,100.29896400183173,9995.343115978581,74.17759602197118,0
flashbots-c5,914,10000,139.5064352956802,-139.44782338856936,139.44782338856936,0.058611907110844186,110790.96320176715,11134.6561622654,0.9086766487605799,7084,1525,73310.4556553024,0.0000012432457563704702,0.05656339868167578,100.00012432457564,9996.535603170154,80.71806694001118,0
flashbots-c5,915,10000,293.26057836174294,-293.1979303797607,293.1979303797607,0.06264798198225208,172416.85054242995,11433.525486200599,0.9378107038278775,8750,2127,121018.6103837895,-0.0014749427273235938,0.07741032539122969,99.85250572726764,10008.478154416687,91.80961420802007,0
flashbots-c5,916,10000,183.13554975746706,-183.03242480184352,183.03242480184352,0.10312495562354229,91624.47619813417,8189.537828582851,0.9179520239874256,7327,1657,62875.272013032314,-0.0038616888684983052,0.158851559663222,99.61383111315017,10045.000900457288,31.36505247600264,0
flashbots-c5,917,10000,392.6619580009341,-392.7858051526368,392.7858051526368,-0.1238471517027051,263537.24052402866,6596.581944375253,0.9755803183618489,11470,2723,179326.74072616038,0.0007032035121726211,0.07762712232629126,100.07032035121726,10003.830235762178,177.4678224861306,0
flashbots-c5,918,10000,260.7826325831957,-260.9874749588319,260.9874749588319,-0.2048423756361899,102495.16827412635,3608.4168935845732,0.9659915648667198,5283,1471,77393.93493375005,0.00031039803911269814,0.17235462578001845,100.03103980391127,9998.13251027932,114.53240818853689,0
flashbots-c5,919,10000,212.3190315597612,-212.43025030679897,212.43025030679897,-0.11121874703775347,182903.71122429587,2621.848876798983,0.9858679910446285,8879,1821,123226.9341196441,0.0008921064098412046,0.0750944650883568,100.08921064098412,9968.921390154403,224.58719251823345,0
flashbots-c5,920,10000,135.00607870869837,-134.997496389423,134.997496389423,0.008582319275376449,93803.10588429768,2440.5865292197277,0.9746415950176394,5943,1320,65709.80249191941,0.0009171625021346585,0.0711120261946769,100.09171625021347,10003.219155311717,76.11630482573209,0
flashbots-c5,921,10000,44.83775298097885,-44.83840691486505,44.83840691486505,-0.0006539338861983879,90558.9329644148,6164.063688294026,0.9362709603546863,7614,883,48673.655035343545,0.001695112750892207,0.02644773791362297,100.16951127508922,9977.363461849873,157.45369450939688,0
flashbots-c5,922,10000,250.2360186332929,-250.18453047826995,250.18453047826995,0.05148815502295179,136080.00345891056,4301.144512298787,0.9693609535578033,5397,1654,103816.2518486856,0.0003135993633890166,0.060616629816895085,100.0313599363389,10002.101069438962,94.81008829113199,0
flashbots-c5,923,10000,263.51287514487007,-263.49316445052875,263.49316445052875,0.01971069434131323,175443.047134814,2561.094940137577,0.9856121609852248,8529,2105,125300.24367197623,-0.00009168697964284433,0.09326157393635157,99.99083130203572,9991.098137860923,110.38617493415198,0
flashbots-c5,924,10000,102.06374600531072,-102.09429259624507,102.09429259624507,-0.030546590934349638,72769.623175954,6160.894309765403,0.921945345019687,4404,950,49634.34877198033,-0.0000004533997419287061,0.09823340697670276,99.99995466002581,10006.984718295662,116.5546764444914,0
flashbots-c5,925,10000,216.11738068805104,-216.41454428217963,216.41454428217963,-0.29716359412859106,119161.51530800477,1828.3425936379806,0.9848884639973351,4936,1271,88682.59689051875,-0.0000006639486159087937,0.09888598901121398,99.99993360513841,9981.211777833374,91.18801028239726,0
flashbots-c5,926,10000,131.5735591361342,-131.518354512957,131.518354512957,0.05520462317721808,103303.57356756914,6314.709626111487,0.9423936460037943,5812,1344,71827.78384203855,0.003296296657922255,0.06839115378644024,100.32962966579223,9939.374635397862,103.07168258716703,0
flashbots-c5,927,10000,236.37408031495212,-236.5074658794431,236.5074658794431,-0.13338556449096473,138271.36510522146,8556.864998130797,0.9417219359512293,5563,1707,105086.25278283545,-0.0006336654529950181,0.05581276073866235,99.9366334547005,10022.52510796426,104.82748780615688,0
flashbots-c5,928,10000,206.79216200255104,-206.78741842782654,206.78741842782654,0.004743574724500377,104731.96998261433,1905.0083541741951,0.9821355745081443,4501,1372,79854.15629859864,-0.0022345185187683113,0.1523248361884738,99.77654814812317,10016.412536706113,83.2080907777807,0
flashbots-c5,929,10000,137.5541667428281,-137.58235615326237,137.58235615326237,-0.028189410434265483,109611.34126461961,8962.118592305069,0.9244171621278564,5132,1234,78138.64957015241,0.00013822776471002384,0.05480158999281656,100.013822776471,9999.577101764062,127.89647149898721,0
flashbots-c5,930,10000,149.57246237066462,-149.56108306363524,149.56108306363524,0.01137930702938661,145475.19424765575,8033.032114226765,0.9476703476770711,9776,1786,94025.45771902564,0.0005318347050456396,0.03990096356258576,100.05318347050456,9987.580881723097,110.88951471751186,0
flashbots-c5,931,10000,192.1082958305783,-191.99654347278428,191.99654347278428,0.1117523577940176,91581.1083822401,5957.445684985568,0.938922144766678,4069,1177,69810.97898461505,-0.00103780067503223,0.09008503189511088,99.89621993249678,10025.03173850055,107.36776649630849,0
flashbots-c5,932,10000,224.5694482013607,-224.57198084710268,224.57198084710268,-0.0025326457419794224,181635.82299184834,485.15560226406495,0.997336080631626,11005,2237,120993.2623638569,0.0014348509292561574,0.09757340076753664,100.14348509292562,9985.6668556788,101.02862854195298,0
flashbots-c5,933,10000,317.78344638915604,-317.6986284540507,317.6986284540507,0.08481793510532043,238655.21826620298,4124.3702827439765,0.9830118738259891,10053,2340,165598.11111777142,0.0009355320143667711,0.08352648233822733,100.09355320143668,9982.82679307845,118.56551349852177,0
flashbots-c5,934,10000,268.6117149012848,-267.78063624876535,267.78063624876535,0.8310786525194658,144400.839046333,12126.221675936962,0.9225295509927651,7991,1915,99788.44970147016,-0.0003393854263596552,0.21718659040057262,99.96606145736403,9980.608369764812,73.91346420600289,0
flashbots-c5,935,10000,311.0986567891156,-310.9894067337718,310.9894067337718,0.10925005534380716,127368.44078739353,3155.5429191416856,0.9758240376248668,6407,1885,95928.408338987,-0.0000096272395610697,0.10357947872481915,99.9990372760439,10022.881370829838,60.009998089698215,0
flashbots-c5,936,10000,47.577557498912086,-47.571087751096385,47.571087751096385,0.006469747815700089,52618.190516487564,5770.803326886073,0.9011662481739958,4153,753,33593.93125662605,-0.002518082997485038,0.05102250669020521,99.7481917002515,10026.183127663298,105.05855312620623,0
flashbots-c5,937,10000,411.92765876642216,-412.6380272864958,412.6380272864958,-0.7103685200736436,217994.9135915186,5444.559151102874,0.9756329573988279,8196,2216,158609.7096724232,-0.0003282992600352941,0.12939159377824494,99.96717007399647,9994.54630717893,150.2718954070977,0
flashbots-c5,938,10000,161.51878217044762,-161.5613687530893,161.5613687530893,-0.042586582641689574,150560.56161758356,4881.7830018161,0.9685942526550977,9581,1795,97616.7943581317,0.00045624940388933055,0.050541384339214804,100.04562494038893,9984.034447129367,126.17586885449033,0
flashbots-c5,939,10000,193.8084089476547,-193.81215217853904,193.81215217853904,-0.0037432308843392548,154928.91305613707,3964.5502704012724,0.9750490033548215,9570,1942,103444.79737316094,-0.0013859208001210277,0.060793166294944856,99.8614079199879,10012.767424546124,101.06099073645629,0
flashbots-c5,940,10000,193.94222378025572,-194.14071804720876,194.14071804720876,-0.19849426695304828,114821.71211934988,5640.445611674417,0.9531766181353918,5834,1441,82521.7824448116,0.0007009852597012412,0.06764686168034928,100.07009852597012,9984.074606345162,120.78313631376483,0
flashbots-c5,941,10000,320.42721045584705,-320.4004278605331,320.4004278605331,0.026782595313932234,223410.72646115307,4976.152597071654,0.9782117404572832,8503,2300,162953.60091280626,0.00033351073315643023,0.0569079877628134,100.03335107331564,10005.83649121625,169.26597924815883,0
flashbots-c5,942,10000,486.76535354351194,-486.61437625635966,486.61437625635966,0.15097728715227277,169113.7347924196,7260.063563140548,0.9588370629264068,9423,2667,124021.44729605308,0.00000041003345302215166,0.1494244243010384,100.0000410033453,10014.013648695909,25.402786763145137,0
flashbots-c5,943,10000,384.59826522607057,-384.54875219429994,384.54875219429994,0.04951303177062982,216070.5268645384,11438.125092272048,0.9497244390756471,11467,2767,148604.280580315,0.00000023836294985812855,0.1737980557454607,100.00002383629499,9998.021133277156,78.19488420272818,0
flashbots-c5,944,10000,176.20629421941322,-176.19914019585448,176.19914019585448,0.007154023558740619,123615.6793751115,3507.0199386729596,0.9724123232309881,6195,1616,87994.37825518976,-0.0003985534608244734,0.06150989572198626,99.96014465391755,9990.726133606762,79.20098667178127,0
flashbots-c5,945,10000,53.61850612654415,-53.57571620610666,53.57571620610666,0.04278992043748531,66536.46516095274,1879.300419394852,0.9725311789840632,4219,793,44002.66532692748,0.000016621864996722025,0.03998948579039478,100.00166218649967,9995.235222210747,173.7740876760304,0
flashbots-c5,946,10000,165.6483115831226,-165.596507993165,165.596507993165,0.05180358995758638,81917.02569479818,2265.0800282689597,0.9730930937303901,4205,1197,62082.60223512993,0.0004201261538456436,0.07089314422242637,100.04201261538456,10025.544995167827,52.164583536131765,0
flashbots-c5,947,10000,213.26530419923358,-213.3092715647491,213.3092715647491,-0.04396736551552749,117893.68758432532,2632.903890533326,0.9781549958534873,5625,1610,87716.74870801369,0.000004272959249504993,0.0688028703603753,100.00042729592495,9996.811852528414,128.16906905538224,0
flashbots-c5,948,10000,148.72082408973324,-148.66707987865328,148.66707987865328,0.05374421107995886,84147.5738721593,4234.536509337665,0.9520883073389004,3963,1202,63880.554398299704,0.0014596885359920008,0.09982298770963353,100.1459688535992,9993.355347100609,83.92570193792658,0
flashbots-c5,949,10000,680.7384179321206,-681.1919769347297,681.1919769347297,-0.45355900260915405,232717.33223167606,20916.668021368354,0.9175320816590035,9157,2938,173931.4008580758,-0.0022215032199993344,0.13629503745200594,99.77784967800007,9989.982083356554,70.36953262042883,0
flashbots-c5,950,10000,71.79953051039165,-71.79247148924986,71.79247148924986,0.007059021141785138,72710.76138180429,1014.4626377278921,0.9862399517774388,5938,1005,46033.55171654507,-0.001957162683690683,0.04526191141035312,99.80428373163093,10019.156614736818,98.44005129273961,0
flashbots-c5,951,10000,199.02953149456732,-198.9201472353527,198.9201472353527,0.1093842592146359,149071.8494994457,2829.5912252322605,0.9813721896794849,8638,1740,99426.40112194496,-0.00012609544526455353,0.09824064210033229,99.98739045547354,9959.537204852437,148.9629282748829,0
flashbots-c5,952,10000,229.08939209972678,-229.09171669110964,229.09171669110964,-0.002324591382858898,188267.5974634834,1875.003882536634,0.9901389595531802,11807,2299,122232.47706018844,0.0012563009457596764,0.06809403181867538,100.12563009457597,9986.711215224723,98.64640832164508,0
flashbots-c5,953,10000,158.40741927486883,-158.3803638879747,158.3803638879747,0.027055386894119238,149657.64130419216,9750.426454217632,0.938833544679841,10523,1878,93061.09684568513,-0.00046154253186898587,0.06445315979506759,99.9538457468131,10006.81571912659,119.56303624451994,0
flashbots-c5,954,10000,145.1573813772665,-145.11380053261527,145.11380053261527,0.04358084465121692,116946.87058277967,9857.761990519406,0.9222602377336557,8311,1689,75647.74060518881,-0.0030001550829160807,0.0511325306840132,99.69998449170839,10033.964108000895,73.36659174298256,0
flashbots-c5,955,10000,230.08102211119515,-230.0771475092643,230.0771475092643,0.003874601930846211,146524.2925385004,18010.91311355521,0.8905345938446567,8997,2124,99692.25484503366,0.00014491806126770256,0.06584643909397471,100.01449180612677,9984.173581839348,44.53245722914996,0
flashbots-c5,956,10000,583.3001806082799,-583.3336495358676,583.3336495358676,-0.033468927587705366,305092.18021007685,11949.517918317859,0.9623093177053367,11840,3068,218413.72511800722,-0.0023179746597965334,0.13425533926294464,99.76820253402035,10021.821240320385,107.41825791751016,0
flashbots-c5,957,10000,324.38806415641847,-324.3645928456961,324.3645928456961,0.023471310722356975,183680.1171459949,5864.833153566894,0.9690583518880458,11094,2373,124071.27162680568,-0.001076903405544698,0.1599436962416796,99.89230965944553,9996.439253867502,79.42004567793134,0
flashbots-c5,958,10000,260.88497297976727,-260.9234430439804,260.9234430439804,-0.03847006421312926,142632.6027524448,3621.4315974823867,0.9752387575933956,6470,1703,104491.00274557009,-0.0011994650400343687,0.11231829399797419,99.88005349599656,10014.311773325353,103.19117791931505,0
flashbots-c5,959,10000,242.80852741654536,-242.84957409210122,242.84957409210122,-0.04104667555586161,163607.74532572064,6161.978371843751,0.9637039029242871,10328,2089,109239.65139089688,-0.0010171008458881659,0.06826592373942972,99.89828991541118,9986.32161591519,63.97954373227681,0
flashbots-c5,960,10000,240.26234932694106,-240.20932768445115,240.20932768445115,0.05302164248990948,179925.2812092774,6948.5747639530355,0.9628167635982829,10016,2193,122551.8288854388,-0.0058207838032404875,0.06316044921989458,99.41792161967595,10036.002298569634,80.69917607259077,0
flashbots-c5,961,10000,40.43430356394172,-40.419497289405264,40.419497289405264,0.014806274536454112,60801.94585032872,4234.606230015825,0.9348888264435591,5178,818,36303.89889368578,0.001191644707200652,0.03475652763630322,100.11916447072007,10002.946624155587,108.08405333850828,0
flashbots-c5,962,10000,178.1257651948557,-178.06957899418728,178.06957899418728,0.05618620066840663,159486.8322459439,2217.8714755258497,0.9862844343764666,10210,1956,103182.30210324386,0.005231607494883406,0.07289019950885872,100.52316074948834,9941.418624021107,113.53587072471963,0
flashbots-c5,963,10000,247.26361649550523,-247.24356583685667,247.24356583685667,0.020050658648557373,163730.4353182411,21274.55622613413,0.8850055014811251,10232,2285,108745.54295359353,0.0016830890821958632,0.07304987471680505,100.16830890821959,10002.298511779449,87.66726353746705,0
flashbots-c5,964,10000,203.87891928834233,-203.94525148487915,203.94525148487915,-0.06633219653681977,156581.21922325908,4115.548821264107,0.9743893491366058,9676,2010,105230.23556639225,0.0010786250618851057,0.09199768746461004,100.10786250618851,10030.015321377636,61.096299341296785,0
flashbots-c5,965,10000,155.58892505532162,-155.58949339238583,155.58949339238583,-0.0005683370642088903,142441.06720668048,447.49640859832937,0.9968682139614533,9124,1816,93483.86900453965,-0.0004637689691881519,0.052543340061779985,99.95362310308118,10004.235918355464,100.07319535446113,0
flashbots-c5,966,10000,290.9218603244767,-290.8998917903063,290.8998917903063,0.021968534170412113,188184.4532561974,2703.184436763857,0.9858388711315508,9135,2262,132934.23270118414,0.00042086589626578075,0.06127564430260705,100.04208658962658,10001.436891905525,103.84998603647017,0
flashbots-c5,967,10000,348.48509414414474,-348.59817971469886,348.59817971469886,-0.11308557055411939,150907.31297383364,4505.38495964378,0.9710101875872956,5682,1921,117463.85776420706,-0.001628535608529802,0.10723778635258072,99.83714643914702,10028.015138361332,83.88825720589213,0
flashbots-c5,968,10000,502.23038655194046,-502.3197623022062,502.3197623022062,-0.08937575026573086,232183.6745575327,8328.07030497864,0.9653735400334009,8776,2640,172839.8138796124,-0.0011350615878930625,0.12899106943222322,99.8864938412107,9998.318703268389,92.76347330671241,0
flashbots-c5,969,10000,330.127745113662,-330.01211110833236,330.01211110833236,0.11563400532963897,162770.10459180706,19559.407019939816,0.8927249524937593,8263,2378,117090.9330583234,0.0014155535143557075,0.14438026752729358,100.14155535143557,10029.638881714765,62.133199381701424,0
flashbots-c5,970,10000,211.94355241480372,-211.91960698387885,211.91960698387885,0.02394543092486856,187639.2706163725,10159.34391372073,0.9486379419903618,7571,1859,132241.57950756847,-0.0012126410589748105,0.05579021817917322,99.87873589410252,10040.593625385924,181.17236352138633,0
flashbots-c5,971,10000,304.60063004091774,-304.6105663174318,304.6105663174318,-0.009936276514054043,178423.62212655286,5611.226918436922,0.9695099762487637,7822,2134,130625.95030348231,0.0000014034173166521668,0.0937011714521526,100.00014034173167,9996.309202847187,108.39538477256826,0
flashbots-c5,972,10000,102.77622069650496,-102.742801498087,102.742801498087,0.033419198417959706,80666.05638304813,4928.133265565643,0.9424244415912236,4458,1090,56406.89983905065,-0.005288134362816663,0.06880327719893443,99.47118656371833,10059.351873283144,110.90080125537601,0
flashbots-c5,973,10000,322.6023573760347,-322.5397059911912,322.5397059911912,0.06265138484349109,223612.6383538904,9915.555105701651,0.957540222622339,11568,2590,152459.68843376116,-0.0005486211548479502,0.08045979062111015,99.9451378845152,10011.827153068813,153.51238374577542,0
flashbots-c5,974,10000,99.56308783508132,-99.61460073981051,99.61460073981051,-0.051512904729193565,99222.9370428559,3723.8666220033897,0.9638272730241694,6654,1203,63253.27466204924,-0.00006426345963589597,0.044787739723674204,99.99357365403641,10001.812444450836,117.57216251344016,0
flashbots-c5,975,10000,275.67706962201504,-275.8302589176867,275.8302589176867,-0.15318929567166606,115372.5717436197,3724.0605909750548,0.968730764942937,4456,1472,90618.16326730893,0.000046470990611027215,0.08490963106501795,100.0046470990611,9992.439880779128,64.16033880879931,0
flashbots-c5,976,10000,140.35556366138454,-140.35740744150593,140.35740744150593,-0.0018437801213906369,106722.13703320862,480.07106653005894,0.9955218173670135,6382,1410,75509.29328304826,0.000004038737968414807,0.05565245614289239,100.00040387379684,9999.719305669181,102.75298993868925,0
flashbots-c5,977,10000,219.72780749518753,-219.69336925489452,219.69336925489452,0.03443824029301368,136136.19719938512,3036.2635340127486,0.9781834457908373,6924,1746,98228.6263993138,0.000005193903760698504,0.11747600701218175,100.00051939037607,9999.187143211793,91.86459830000013,0
flashbots-c5,978,10000,194.73269381117225,-194.6344884653449,194.6344884653449,0.09820534582735263,103404.96053516054,12394.705183217302,0.8929642403859702,8995,1957,68496.11338022038,-0.005647329584177072,0.16822904336067823,99.43526704158229,10022.946830842737,23.8162423587413,0
flashbots-c5,979,10000,278.66397205283374,-278.83541546699956,278.83541546699956,-0.17144341416582165,180332.1962344877,11421.748530287081,0.9404353921151495,8845,2188,128439.52240383136,0.000031313592931354605,0.0811821872108834,100.00313135929314,10011.420123265987,126.11982565019574,0
flashbots-c5,980,10000,145.17427792302843,-145.17710364433344,145.17710364433344,-0.0028257213050153496,122005.03044373314,6589.641316132387,0.9487564980263123,9550,1562,76547.09238285355,-0.0014477548274076924,0.0952153680829835,99.85522451725923,10016.078261727556,113.32141015727349,0
flashbots-c5,981,10000,263.07196589320114,-263.08711230057315,263.08711230057315,-0.015146407372014892,178067.30714501406,3783.830910799017,0.9791927015071102,8666,2116,125075.71071298969,-0.0015895016320834543,0.09979482503801279,99.84104983679165,10012.459036681437,133.91110719652707,0
flashbots-c5,982,10000,255.13549764890013,-255.1245099084969,255.1245099084969,0.010987740403237467,193062.35089241248,6462.058479838775,0.9676126921003306,10082,2161,131229.4945306292,0.000004008290805899151,0.07996965804038723,100.00040082908059,9979.745306393717,137.53453606259666,0
flashbots-c5,983,10000,369.7247715465918,-369.00008924473644,369.00008924473644,0.7246823018553528,190395.82356762874,11709.595248347592,0.9420619431336992,8134,2391,141151.5080325721,0.021436475407662955,0.1247311081218973,102.1436475407663,9821.952486833577,82.94149992009324,0
flashbots-c5,984,10000,356.50070407386926,-356.5501358046864,356.5501358046864,-0.04943173081716168,211662.20155081456,7771.646084491044,0.9645831936675177,8026,2252,156416.38241336122,-0.002894594990387276,0.06652908737773544,99.71054050096127,10036.325880058197,132.2300375431944,0
flashbots-c5,985,10000,269.4313916920066,-269.4424328340706,269.4424328340706,-0.011041142063959342,201160.8545181834,5539.132528699131,0.9732020663966333,10588,2349,137066.3883454301,0.000218242465867462,0.060981975111783694,100.02182424658675,10000.127190946441,108.3868371185161,0
flashbots-c5,986,10000,342.97219180682964,-342.927510091601,342.927510091601,0.0446817152286485,194269.23308405676,1325.1942238727265,0.9932247853780289,8764,2225,139552.35102260613,0.004351871673702447,0.07932928053776762,100.43518716737024,9954.775575006492,105.05371503082581,0
flashbots-c5,987,10000,287.103385143204,-287.1115576083694,287.1115576083694,-0.00817246516544401,139294.9523150374,7784.970416811615,0.9470697953043876,5595,1735,106679.1020179704,0.004474513641996794,0.11690882059296982,100.44745136419968,9966.322132197301,94.71457169401732,0
flashbots-c5,988,10000,408.8722923586306,-408.84852042613784,408.84852042613784,0.02377193249276388,250998.8710879472,4810.760778031302,0.9811939810751469,11744,2863,177712.20851636401,0.0034077978913610706,0.08275937510001356,100.3407797891361,9961.70152227606,95.34830776808288,0
flashbots-c5,989,10000,292.4403071993156,-292.4406703021272,292.4406703021272,-0.0003631028116046764,176380.13638383336,20645.433339963292,0.8952144466887957,8382,2185,123605.75211344537,0.0008408565999377516,0.12680286322483994,100.08408565999378,9991.307791950454,87.92640818545736,0
flashbots-c5,990,10000,183.34789183601816,-183.2558161569384,183.2558161569384,0.09207567907975545,111234.43321208602,10843.696695940806,0.9111741250942295,6068,1537,78998.68961517542,0.0000016584671365649228,0.08418393750166529,100.00016584671366,10001.681166884096,63.800433732442364,0
flashbots-c5,991,10000,406.7069905041023,-406.78607194184286,406.78607194184286,-0.07908143774056953,265788.91708451946,14969.676018827586,0.9466813255709781,10253,2717,189255.87314803395,-0.0009781855791976568,0.09278661232462497,99.90218144208023,10020.453726939528,131.43011031994297,0
flashbots-c5,992,10000,320.2824440072981,-320.1486373108655,320.1486373108655,0.13380669643260035,225637.4192105665,25224.11761090133,0.8994500395297637,10763,2586,154080.8800166925,0.0002969949501971314,0.0714573102039165,100.02969949501971,9987.50718341807,105.72201433928285,0
flashbots-c5,993,10000,171.80316237008887,-171.77608404758686,171.77608404758686,0.027078322502006813,97920.56140282068,11538.612361354024,0.8945852415603511,4337,1364,74396.55181504255,-0.004103072826002716,0.0577355326960722,99.58969271739973,10012.55818522797,64.12596545006191,0
flashbots-c5,994,10000,370.11714465014865,-370.0732284036151,370.0732284036151,0.04391624653356985,231305.46001960887,17536.500241079477,0.9295275594891306,10220,2678,165037.78008505973,0.0017157873993043893,0.07035646597818129,100.17157873993044,9974.46673107499,104.93080575184041,0
flashbots-c5,995,10000,724.0625088045206,-724.4659160536145,724.4659160536145,-0.40340724909390246,286178.6151360704,10228.821993687157,0.9654906702317011,10877,3204,211455.8472507444,-0.004832528231693089,0.11315573020679694,99.51674717683069,9955.265806408835,75.38367126263556,0
flashbots-c5,996,10000,420.0982994020845,-420.3332227848333,420.3332227848333,-0.23492338274883195,178922.38862325664,28481.465517845125,0.8626762957911644,7681,2331,134211.6874414412,-0.008783386575052106,0.14824373788158937,99.12166134249479,10064.474030511077,87.21507112732313,0
flashbots-c5,997,10000,138.92918378374728,-138.9185174044552,138.9185174044552,0.01066637929207559,111565.49276226146,7482.677864496559,0.9371457971583924,7204,1490,75980.74931255153,-0.0015944041487092875,0.057293695951365325,99.84055958512907,10023.292086860407,107.08728473357351,0
flashbots-c5,998,10000,373.5655073272246,-373.54378473947696,373.54378473947696,0.021722587747660782,233160.67279835232,18934.06829959411,0.9248930453006251,9706,2695,168185.19376617353,-0.000009426309367199792,0.0739320563601666,99.99905736906328,10003.002327626395,96.25685765340556,0
flashbots-c5,999,10000,260.5496552103857,-260.5812534984028,260.5812534984028,-0.031598288017107734,130262.04452810976,3193.0043769288973,0.976074308142505,5308,1651,99446.22839810101,0.001926692445175604,0.07986764898421583,100.19266924451756,9986.407846424965,90.08787327790438,0
dodo-k100000000000000000,0,10000,142.42285793192622,-142.42684531577873,142.42684531577873,-0.003987383852518178,153301.33250158143,2832.349201285555,0.981859460621215,6668,1454,106315.16147955436,0.0012911332874907088,0.07220879230952874,100.12911332874907,9986.633007355178,88.19719749066152,0
dodo-k100000000000000000,1,10000,43.63977408310089,-43.619846656414325,43.619846656414325,0.01992742668656433,55915.74218792153,2379.100665274497,0.9591884882292969,3940,598,34880.23724080584,0.0014576581347716911,0.1175664338201905,100.14576581347717,9991.845578926268,51.02014315808477,0
dodo-k100000000000000000,2,10000,75.3625488547137,-75.35900383575809,75.35900383575809,0.003545018955605883,123584.7807625493,1254.0867782301193,0.9899543563400199,7597,1222,76162.084435403,0.0010138836111103443,0.06564794877751154,100.10138836111103,9987.67524640702,92.60684722629529,0
dodo-k100000000000000000,3,10000,50.44192129726886,-50.45216051843129,50.45216051843129,-0.010239221162429146,80066.46644761761,1894.3297557645924,0.9768873675767633,5729,796,47298.83418963971,-0.0014767337045563523,0.0895540649880823,99.85232662954436,9998.652294073168,95.23520454777344,0
dodo-k100000000000000000,4,10000,100.23854423026631,-100.23525122774717,100.23525122774717,0.0032930025191433288,101146.19917177985,1138.087692589549,0.9888732890703079,4386,989,72527.18700557096,-0.000049658659335278796,0.08462199267614395,99.99503413406647,9999.722555011545,99.79690512669549,0
dodo-k100000000000000000,5,10000,111.44573978230079,-111.4368402067186,111.4368402067186,0.008899575582191233,142911.41751821517,3432.4794750343103,0.9765451136292165,8590,1378,90468.36053350865,0.0004922233529458708,0.07586241259659587,100.04922233529459,9997.985895255408,89.6630303027163,0
dodo-k100000000000000000,6,10000,66.2628306593866,-66.26104877873655,66.26104877873655,0.0017818806500429218,127073.12465929055,2626.899489439613,0.9797463454098722,9002,1234,74586.84747705239,0.0004608516859248368,0.04764577283200296,100.04608516859248,9994.829072770079,112.87745809577848,0
dodo-k100000000000000000,7,10000,170.95531745841188,-170.95583729682352,170.95583729682352,-0.0005198384116340549,156797.0186827385,177.22435411836864,0.9988709972369367,5831,1420,112894.49130041203,-0.00009361684443589979,0.0891575815432546,99.99063831555641,10001.332221678418,99.57023518258744,0
dodo-k100000000000000000,8,10000,336.43473135128994,-336.49039731047844,336.49039731047844,-0.055665959188502256,274166.24981262104,5871.720624896217,0.9790324125841844,9740,2334,192236.94840199273,-0.00284980425783786,0.14450993224397876,99.71501957421621,10027.717556339197,118.34002263650147,0
dodo-k100000000000000000,9,10000,179.26838128540703,-179.0765772579719,179.0765772579719,0.1918040274351256,199660.3476777774,5486.808855063751,0.9732542778179556,9148,1776,129920.91083284593,-0.00617555742492172,0.08809092942968576,99.38244425750783,10007.887005613313,153.7840946317001,0
dodo-k100000000000000000,10,10000,131.0855680401835,-131.08473043539976,131.08473043539976,0.0008376047837259648,154788.09273271635,447.7761044725324,0.9971155113323574,7560,1492,103042.4555674829,0.000044973871207787394,0.10920967083354839,100.00449738712078,10000.447531348202,101.48687291166948,0
dodo-k100000000000000000,11,10000,145.0457868334724,-145.1180972299908,145.1180972299908,-0.07231039651841797,144184.50216220878,2508.0353901856074,0.982902774523961,6157,1299,99014.77051196042,0.0023795987135294184,0.10550376752072055,100.23795987135294,9962.113106301269,95.23554058680836,0
dodo-k100000000000000000,12,10000,347.1900085081566,-347.16342090470044,347.16342090470044,0.026587603456164288,302028.99910461716,759.6153768580134,0.9974912683617286,11695,2484,204894.12740720357,-0.0038524636680473635,0.13776552667798866,99.61475363319526,10037.015421586133,101.37104955938125,0
dodo-k100000000000000000,13,10000,287.5338208573212,-287.56724951536165,287.56724951536165,-0.03342865804046369,283754.043893153,3405.0023032313343,0.9881424515496451,10587,2436,200553.36823200193,0.0008920027864780878,0.08749685000749195,100.08920027864781,9992.353036208608,100.44654210855664,0
dodo-k100000000000000000,14,10000,129.0994361084517,-129.1504595243821,129.1504595243821,-0.05102341593038773,127421.90866159128,7070.981559651808,0.9474248672326104,6531,1287,84203.83733463904,0.01293295011056074,0.12059705318594396,101.29329501105607,9949.198134247337,62.80895993167865,0
dodo-k100000000000000000,15,10000,214.77495131622325,-214.73465974805015,214.73465974805015,0.04029156817310309,201232.13324231489,4506.6891090015915,0.9780950962122936,7337,1785,143354.35579612016,-0.0032188953931616025,0.08571816023870227,99.67811046068384,10038.306522752731,92.84026173414608,0
dodo-k100000000000000000,16,10000,534.3447846067284,-533.8395120537613,533.8395120537613,0.5052725529670852,251665.97787635334,5074.323523544672,0.9802355785364568,9449,2241,176484.03936767564,0.00344905463862446,0.3989603309293878,100.34490546386245,9965.495199025981,33.40793782367383,0
dodo-k100000000000000000,17,10000,63.84281659715367,-63.856565667266466,63.856565667266466,-0.01374907011279447,119340.51186128009,2444.2557169191414,0.9799297090635768,8672,1130,68377.28239882877,-0.0006108811335157327,0.05058809023313159,99.93891188664843,10014.749617969032,139.045628647001,0
dodo-k100000000000000000,18,10000,279.19345922254615,-279.21740736372493,279.21740736372493,-0.02394814117877786,273526.06258151453,1228.2970194745917,0.9955294721391923,10348,2347,189047.96576328645,0.0001725628065767637,0.08736859301932298,100.01725628065768,10000.06928739676,93.76140412178559,0
dodo-k100000000000000000,19,10000,85.27359429410026,-85.23637418182106,85.23637418182106,0.037220112279200634,132402.01336287698,3300.471252404256,0.9756786232635227,10223,1191,74999.12067462901,-0.00007389698623327945,0.0808942420447984,99.99261030137667,10002.95448589036,112.35294496405139,0
dodo-k100000000000000000,20,10000,160.6607661941235,-160.71650705006522,160.71650705006522,-0.05574085594170697,179363.9432210219,7072.840486136309,0.9620630631708073,8145,1655,119148.61417709016,0.0033453651350041015,0.10313175196199652,100.33453651350041,9986.62323993451,96.08783510341532,0
dodo-k100000000000000000,21,10000,279.377761366911,-278.80716784541886,278.80716784541886,0.5705935214921283,237182.6015975293,4375.9988073465875,0.9818843179252902,8945,2089,165122.35520108492,-0.0017691343788482073,0.17227864350281266,99.82308656211518,9966.02429544003,66.664639588171,0
dodo-k100000000000000000,22,10000,186.16167109832654,-187.25736829289826,187.25736829289826,-1.095697194571727,147806.62751513408,3154.9666651458424,0.979100865473253,7394,1390,98298.60752819668,0.0027420464313523494,0.15947465677604655,100.27420464313523,10009.661433961981,57.98358028671422,0
dodo-k100000000000000000,23,10000,177.11409029327723,-177.2311241836684,177.2311241836684,-0.11703389039118406,200130.30948689298,2069.9866422335554,0.9897626923310159,7852,1619,134555.60974218318,-0.0036049141114907,0.0711727007840706,99.63950858885093,10023.904816332059,163.8063401131231,0
dodo-k100000000000000000,24,10000,124.32603827026531,-124.37779852125198,124.37779852125198,-0.051760250986660594,202788.74623775348,6993.665591821472,0.9666622881736002,10649,1630,123768.38150843796,-0.0011169403299243186,0.043806301746836314,99.88830596700757,10013.151318366577,179.83882562108087,0
dodo-k100000000000000000,25,10000,150.34550763113128,-150.52953743028067,150.52953743028067,-0.18402979914938555,178356.7007454303,4729.059220769515,0.974170251025298,8796,1630,115727.82859713372,0.0008811362370909137,0.09328053933292409,100.08811362370909,10023.57043741373,91.09577641654727,0
dodo-k100000000000000000,26,10000,137.45127931934326,-137.5385973547531,137.5385973547531,-0.08731803540985084,174760.95846649108,2099.145917438553,0.9881310376653306,10182,1784,110173.43761846615,-0.0025338016541553545,0.08024649913732546,99.74661983458446,10027.142865840604,48.704627688688795,0
dodo-k100000000000000000,27,10000,71.33483695631021,-71.38469398258539,71.38469398258539,-0.04985702627517696,95345.14479249093,2393.7644395672255,0.9755085824225459,4879,925,62944.38556134908,0.003820719782151514,0.0607868803598636,100.38207197821515,9963.252334197447,84.40924722637783,0
dodo-k100000000000000000,28,10000,59.21649618674881,-59.237161759279346,59.237161759279346,-0.020665572530532472,103300.99239182462,2839.720421799959,0.9732457004807731,4822,905,67651.36017372088,-0.0007798419908093024,0.036638166568546494,99.92201580091907,10004.551093050235,205.51212060341794,0
dodo-k100000000000000000,29,10000,194.18912119829767,-194.15251651902128,194.15251651902128,0.03660467927639388,176035.01554474293,2339.5393900613385,0.9868841192572761,7892,1607,118649.44191034776,0.0034321196982179457,0.1175704819857458,100.3432119698218,9964.511169991007,86.58439095986556,0
dodo-k100000000000000000,30,10000,96.93480300801009,-96.97325274737112,96.97325274737112,-0.03844973936102747,129527.36966931514,2278.677444069402,0.982711889977937,7191,1322,84293.67610428248,0.005447692218634188,0.12686872652779585,100.54476922186342,9982.29052012077,52.14392420479111,0
dodo-k100000000000000000,31,10000,209.75791414032392,-209.8287384190491,209.8287384190491,-0.07082427872518338,222793.19475642568,6211.473163901536,0.9728762159290895,10226,2030,148233.3013756869,0.0025963428855870063,0.09823221751299642,100.2596342885587,9977.658248597167,110.67588266666739,0
dodo-k100000000000000000,32,10000,70.34774734314077,-70.34290016424097,70.34290016424097,0.004847178899794358,123082.33613184365,2770.7154826675533,0.9779845188724205,7771,1103,74264.9159993861,0.00013770751496323898,0.06810026916883956,100.01377075149632,10019.463537039679,150.5462407016785,0
dodo-k100000000000000000,33,10000,97.73118062171365,-97.78438136828751,97.78438136828751,-0.05320074657386442,114492.05890650785,2748.522205663556,0.9765565627567653,7472,1208,72093.40995377325,0.004205520097629289,0.12201374870133719,100.42055200976293,9982.113304804403,65.08150843612081,0
dodo-k100000000000000000,34,10000,136.28205888883681,-136.30469681597623,136.30469681597623,-0.022637927139413705,174284.0238056868,2898.541600931492,0.983640932197366,8717,1646,114142.96989554967,0.0009779594394589708,0.07391733558935798,100.0977959439459,9990.756228218946,101.14182694135982,0
dodo-k100000000000000000,35,10000,124.5698151123744,-124.93198353934635,124.93198353934635,-0.36216842697194807,155154.4930847122,4706.047549884763,0.9705615436354512,11331,1505,90944.25248088698,0.00204914822913139,0.13371194518349966,100.20491482291314,10017.135221639714,48.53289564999783,0
dodo-k100000000000000000,36,10000,145.5145899453695,-145.52150450987597,145.52150450987597,-0.006914564506473653,212360.76058614897,3250.711319823716,0.9849232914599213,11666,1917,131087.95741743402,0.0010423782750719113,0.06593534650693783,100.10423782750719,9993.983947762323,93.57010798548743,0
dodo-k100000000000000000,37,10000,72.56561477376219,-72.46186599161503,72.46186599161503,0.10374878214716432,100649.64938357167,3790.51872862945,0.9637063134123142,5675,905,62462.89358170193,-0.0014432617163345185,0.0645340075749752,99.85567382836655,9993.795298822904,120.57881934574904,0
dodo-k100000000000000000,38,10000,72.57638888273263,-72.60312001546265,72.60312001546265,-0.02673113273002059,87747.16884731727,999.8723028234133,0.9887334575906385,4316,925,59994.874104491624,-0.0014273075645057532,0.07789787735119887,99.85726924354942,10009.668172462192,71.98237568592819,0
dodo-k100000000000000000,39,10000,122.87426155591984,-122.87194077255512,122.87194077255512,0.002320783364723411,159762.24285483238,3371.1161806768023,0.9793352126100523,8818,1582,102745.43503804498,0.0005216040633038688,0.07409913281991223,100.05216040633039,9992.014052154984,63.832420655588194,0
dodo-k100000000000000000,40,10000,127.07895769284274,-127.0842007589852,127.0842007589852,-0.005243066142469388,132059.22710105494,2964.867864298673,0.9780419349223601,5742,1238,91657.30316523969,-0.000914992406675168,0.1049000487308362,99.90850075933248,10010.641532930491,103.824823994845,0
dodo-k100000000000000000,41,10000,138.1730656340432,-138.29104363530033,138.29104363530033,-0.11797800125711433,220272.75566736268,8509.71018361437,0.9628043602381776,11054,1863,136160.66871373556,0.000004186981292235714,0.0462920585916396,100.00041869812922,10027.143601054016,123.15711283826744,0
dodo-k100000000000000000,42,10000,135.32610035941795,-135.30354752755977,135.30354752755977,0.022552831858178024,142645.54696332218,3007.9407724324196,0.979348652619363,5986,1335,99107.52146172414,-0.001169499935398477,0.154422782832945,99.88305000646015,10012.172792634297,131.86361333046014,0
dodo-k100000000000000000,43,10000,314.60435252870496,-314.5472499982094,314.5472499982094,0.05710253049556968,263785.33760555496,4467.221845102007,0.9833469553682908,9409,2198,186130.79060621126,0.0023241737061242417,0.10148935002818689,100.23241737061242,9974.842871605999,104.65399671555824,0
dodo-k100000000000000000,44,10000,94.41964334807889,-94.4090246802208,94.4090246802208,0.010618667858096842,107321.70600867465,2267.8748901918907,0.9793057435607426,4176,1029,77196.76294004788,0.0005788305877264577,0.0574621660584566,100.05788305877265,9993.20903080703,202.93007228776162,0
dodo-k100000000000000000,45,10000,158.51146146825022,-158.48634368350488,158.48634368350488,0.025117784745333438,205941.22872262172,913.5444433817747,0.9955836433967679,11049,1925,131875.5720164951,0.00183279674303094,0.10949072458926225,100.1832796743031,9981.381209868048,102.2127090536692,0
dodo-k100000000000000000,46,10000,311.371292296442,-311.28380633650056,311.28380633650056,0.08748595994143216,293246.48050744034,3029.13716287716,0.9897759485350297,11118,2501,201174.72034311836,-0.00036323085410330694,0.13659672647780227,99.96367691458967,10000.07172111977,102.77217781739873,0
dodo-k100000000000000000,47,10000,306.4383248726571,-306.52104452329735,306.52104452329735,-0.08271965064022879,233143.18389775214,4176.69500447309,0.9824005682802751,8363,2035,167611.4662695649,0.00007963416216952624,0.14000716560213974,100.00796341621695,10005.665034751833,79.6674381363814,0
dodo-k100000000000000000,48,10000,148.17287181484363,-148.08172018541342,148.08172018541342,0.0911516294302146,139952.35700767607,2258.9641919286946,0.9841154405087198,6485,1373,96981.64828168669,-0.0005724999203424374,0.1442131786656435,99.94275000796576,10008.395494383256,70.09697829734397,0
dodo-k100000000000000000,49,10000,97.25604829904579,-97.23239150557158,97.23239150557158,0.023656793474202686,161834.81562631894,5045.043146027143,0.9697684119393373,10714,1428,92517.64043970253,0.0012793213519168489,0.07445335761259414,100.12793213519168,9984.576609290085,126.28308410483056,0
dodo-k100000000000000000,50,10000,149.52236919847738,-149.31016738543516,149.31016738543516,0.21220181304221342,121027.51221098112,2286.1532747164997,0.9814606656471365,4301,1120,88256.81025149848,-0.0007049372259967868,0.1711455826095694,99.92950627740032,10007.182262130666,97.35866611043825,0
dodo-k100000000000000000,51,10000,134.88272010489374,-134.83312070916563,134.83312070916563,0.049599395728108675,143509.54793025675,3109.547748118937,0.9787916592055645,5837,1297,100299.66521818054,0.0012089349826267437,0.057754316484333545,100.12089349826267,9989.708745453669,117.11257224741712,0
dodo-k100000000000000000,52,10000,115.24141598472038,-115.31900398577578,115.31900398577578,-0.07758800105540331,138539.7655878362,1771.439731958093,0.9873749232791447,5992,1301,96470.55732877919,0.0007751029901331207,0.06164779134298286,100.07751029901331,10026.0620343942,125.65909739566708,0
dodo-k100000000000000000,53,10000,155.43711999841295,-155.42818456744064,155.42818456744064,0.008935430972314862,132116.80441132584,3745.334282193435,0.9724328328833226,6303,1354,90808.70526198483,0.004213756286865049,0.13407577022379868,100.4213756286865,9974.71391148086,41.85639581894704,0
dodo-k100000000000000000,54,10000,59.34897409390018,-59.24053146867424,59.24053146867424,0.1084426252259405,75061.92469392951,1500.9119156687293,0.9803963387181953,5478,818,48019.195984744416,-0.0037830554652977357,0.12114543612376906,99.62169445347023,10011.79959205356,50.51369382026857,0
dodo-k100000000000000000,55,10000,269.47752847544507,-269.53315143395815,269.53315143395815,-0.05562295851308363,240724.1351199728,8412.867109882503,0.9662319646034725,10505,2244,160811.16833000374,-0.00985536284833003,0.15327462361096805,99.014463715167,10082.567230716186,60.546112460192404,0
dodo-k100000000000000000,56,10000,91.16311699929999,-91.12800472587399,91.12800472587399,0.035112273425994545,104689.21750913163,1949.5159751993374,0.9817185002906492,5159,990,70931.86526886272,-0.000974935836044466,0.07731683863003454,99.90250641639555,9999.552069675156,146.04832612510074,0
dodo-k100000000000000000,57,10000,120.78433026881127,-120.7897057710046,120.7897057710046,-0.005375502193331272,158691.0526618887,2336.8939323183063,0.9854876499281996,8888,1531,99962.03801791518,0.003985671860651081,0.08407335658419271,100.39856718606511,9991.758374026418,77.67038526056504,0
dodo-k100000000000000000,58,10000,243.84336235681639,-243.99480931140465,243.99480931140465,-0.15144695458826618,209467.8903123805,5931.570352479891,0.9724624642319378,7785,1960,150041.8894611867,0.0006795442509584859,0.12651367438155917,100.06795442509585,10011.841136278066,72.28276224227757,0
dodo-k100000000000000000,59,10000,168.38908349207102,-168.39303323088564,168.39303323088564,-0.003949738814611692,158548.15980494287,327.5430487270364,0.9979383691600174,5926,1473,114427.91426487177,0.0017536261221857785,0.10306845898914872,100.17536261221858,9984.351803418172,97.70721160064947,0
dodo-k100000000000000000,60,10000,87.24686759557447,-87.41205266157255,87.41205266157255,-0.1651850659980738,155001.34100310187,4903.1853405008915,0.9693367945697489,10967,1463,88460.72026302428,0.001710835184726136,0.07324154938867423,100.17108351847261,10012.897522059773,92.56558696223887,0
dodo-k100000000000000000,61,10000,73.1112648550578,-73.10578241128383,73.10578241128383,0.005482443773971113,109641.77151220969,1936.263546382606,0.9826465527434156,6228,1059,69957.57632334401,-0.0021606077803942012,0.07297962785475093,99.78393922196058,10027.199521663935,103.92595555353815,0
dodo-k100000000000000000,62,10000,72.55945686192061,-72.52571261516911,72.52571261516911,0.03374424675149612,108507.71978550975,1931.8490991428184,0.982507636360293,6541,1043,68328.44221061491,0.0015333010241106138,0.08381435527112444,100.15333010241106,9976.403381364857,137.42372466016568,0
dodo-k100000000000000000,63,10000,259.6802303031987,-259.65060925405066,259.65060925405066,0.029621049148033762,273689.4363155915,2856.857796531596,0.9896695133604889,11411,2269,179134.7115803897,-0.00020084262916711282,0.09578332123953275,99.97991573708329,9998.054014697342,98.96920325179053,0
dodo-k100000000000000000,64,10000,230.24248392390462,-230.38321041849292,230.38321041849292,-0.1407264945883071,208455.82242205038,6007.884889014727,0.9719864728426955,9045,1965,143968.3319505739,0.00028974229711025145,0.1486470687622753,100.02897422971103,10028.928825200488,74.15403615226887,0
dodo-k100000000000000000,65,10000,33.102525640881595,-33.104737911973,33.104737911973,-0.002212271091401874,53334.43519936504,378.9279815892981,0.9929453685424104,4298,529,30978.665936488236,0.0009111072935050401,0.0723882352872775,100.0911107293505,9991.528849447865,102.73393851923394,0
dodo-k100000000000000000,66,10000,130.03402582819658,-129.69939650966725,129.69939650966725,0.3346293185293234,111014.75960438652,1558.2982427996062,0.9861574494590443,4084,1074,82815.23054542285,-0.01959231175974125,0.0812989224270153,98.04076882402588,10190.663409004905,94.85584061218105,0
dodo-k100000000000000000,67,10000,73.06183283276191,-73.07942643864652,73.07942643864652,-0.01759360588461334,104308.37746419963,4106.419621434464,0.9621230705418291,5846,1062,66650.26082268632,0.0003290181202348208,0.05505065101206299,100.03290181202348,10005.679750489464,72.42108641022617,0
dodo-k100000000000000000,68,10000,79.41583968139422,-79.33740111188945,79.33740111188945,0.0784385695047689,136833.46651363504,4716.156945721134,0.9666819534346885,11212,1311,75356.89838627476,0.004090031363486588,0.103158043834011,100.40900313634866,9955.498249142094,58.40932061697143,0
dodo-k100000000000000000,69,10000,178.99999334241573,-178.62197409393528,178.62197409393528,0.37801924848045587,125507.34307020338,2819.287821733454,0.9780303760635035,5460,1144,87516.38781255532,-0.0015559538251164896,0.22349353649409892,99.84440461748835,9988.195679694052,134.91793217780622,0
dodo-k100000000000000000,70,10000,146.76754484745328,-146.80411008336222,146.80411008336222,-0.03656523590893812,150109.35790085053,2117.6329276024003,0.9860889785965172,8041,1429,98636.57173605554,0.0017490056461559789,0.18445405347368266,100.1749005646156,9983.924186404018,94.92072900346442,0
dodo-k100000000000000000,71,10000,88.19951295860825,-88.10569092450169,88.10569092450169,0.09382203410656587,125139.30199986945,3564.785156658587,0.9723024712313669,7714,1279,78294.36236446866,-0.00021206550974582682,0.07647929794046689,99.97879344902542,9983.855326541263,68.45710391780875,0
dodo-k100000000000000000,72,10000,44.77253359004963,-44.76332250292701,44.76332250292701,0.00921108712262253,82641.38699685843,2930.442276540066,0.9657545911847061,6614,829,47583.82053468681,-0.00009743243340466278,0.05347996217747593,99.99025675665953,9999.0942572155,96.37060832147118,0
dodo-k100000000000000000,73,10000,32.22967572938467,-32.247135253422535,32.247135253422535,-0.01745952403786788,57890.073450612,1553.044361605039,0.9738734370140011,4378,581,33522.11984862963,0.0032322988732506985,0.05654470857694605,100.32322988732507,9979.836457751902,100.67828776070691,0
dodo-k100000000000000000,74,10000,204.77505090893675,-204.77571637186975,204.77571637186975,-0.0006654629330000716,218651.2889409067,2977.143259056035,0.9865669615152539,9202,1954,148882.120106454,0.000017533009769721276,0.08337398857119027,100.00175330097697,9999.748867763808,95.90659946873016,0
dodo-k100000000000000000,75,10000,78.59818183413488,-78.48357560721736,78.48357560721736,0.1146062269175161,144509.42916400483,4806.344280353947,0.9678108737644855,11010,1269,79207.03734078466,-0.0009668880504031563,0.0511417252531399,99.90331119495968,9963.914794521732,91.22287163918266,0
dodo-k100000000000000000,76,10000,59.32905679925343,-59.309218610373,59.309218610373,0.019838188880427765,81940.94901458426,1359.6962598505597,0.9836772421705615,4411,797,53863.34013203519,-0.001916688561310167,0.05258325937048596,99.80833114386898,10023.743819840234,125.84233488930936,0
dodo-k100000000000000000,77,10000,91.94468812631072,-91.92634758788094,91.92634758788094,0.018340538429782782,93495.5090102681,1697.3415991486254,0.9821694424709169,4283,949,65740.36538043822,0.0014676919585885173,0.10991343212000004,100.14676919585885,9986.340007456878,95.62363522688833,0
dodo-k100000000000000000,78,10000,84.54309345645152,-84.56135675256084,84.56135675256084,-0.018263296109324756,127595.41653216742,7737.487870091242,0.9428262631008597,9197,1178,73865.51850956211,-0.0031116730873611688,0.08615587829126455,99.68883269126388,10026.399415441223,84.69556416044391,0
dodo-k100000000000000000,79,10000,79.37987023417082,-79.36292109335223,79.36292109335223,0.01694914081859622,142451.93723490028,329.33314607872234,0.9976934429480844,11378,1275,78257.4749462577,0.004386061280456488,0.08347894495954222,100.43860612804565,9956.204107205014,102.00281131785363,0
dodo-k100000000000000000,80,10000,59.39719180409533,-59.41787502281135,59.41787502281135,-0.020683218716023077,89405.32215686767,2395.7659718969094,0.9739026407994588,5051,842,57072.260715761215,0.0018241091145088718,0.03663593327929036,100.18241091145089,9982.498598524242,113.19352804042104,0
dodo-k100000000000000000,81,10000,45.803920338133544,-45.81457010210194,45.81457010210194,-0.01064976396839512,80382.76928757335,2683.681546506553,0.9676923532959528,5445,805,47879.29064279652,0.00011391801152143443,0.04703795226251458,100.01139180115214,9997.91356373616,74.05978472305385,0
dodo-k100000000000000000,82,10000,140.6866827933952,-140.82245296619845,140.82245296619845,-0.1357701728032623,161106.37202440493,5336.773405340759,0.9679363581386211,7109,1367,108038.9115552274,-0.002089196049313671,0.07919458346123648,99.79108039506863,10061.081156362967,143.70313277411483,0
dodo-k100000000000000000,83,10000,94.30821194395398,-94.32395860897283,94.32395860897283,-0.015746665018852468,109667.62218856656,3809.763848634607,0.96642710956185,5548,1046,73021.27287324778,-0.00010924259014103654,0.07890345139572333,99.9890757409859,10008.98531541946,91.19295798900148,0
dodo-k100000000000000000,84,10000,157.33872698924557,-157.26536092258073,157.26536092258073,0.07336606666484613,213232.9099837479,8478.128919192928,0.9617604564881208,9671,1817,137320.77920584026,-0.0015692786463108632,0.07104031475140374,99.84307213536891,9995.36806218756,140.58364303972618,0
dodo-k100000000000000000,85,10000,107.10463896906259,-107.07676751289146,107.07676751289146,0.02787145617112685,137077.41862816527,3146.5968847606377,0.9775602141098964,7328,1257,87379.56191828444,0.0007680863200853593,0.06645718558251403,100.07680863200854,9987.61480891447,98.12149974691745,0
dodo-k100000000000000000,86,10000,125.79714468365688,-125.80677710652824,125.80677710652824,-0.009632422871362678,155601.00459754202,151.92071263222027,0.9990246044346861,8676,1437,98916.58663101567,0.00016079169140326144,0.11570106387026315,100.01607916914033,10000.822083378493,99.3576510960261,0
dodo-k100000000000000000,87,10000,340.4924481617533,-340.36632206487985,340.36632206487985,0.1261260968734632,288780.92233770987,9091.93653470038,0.9694771233300084,10690,2512,199502.74735024167,-0.00001269822148387334,0.09631126603164404,99.99873017785161,9967.502170461084,60.98923060627165,0
dodo-k100000000000000000,88,10000,209.58006516802365,-209.51042213768775,209.51042213768775,0.06964303033589658,185612.6361256118,3354.523823920756,0.9822481121861775,7220,1686,131573.82133099096,0.01260652234485562,0.1148756514315798,101.26065223448556,9899.786669884641,144.27266168576583,0
dodo-k100000000000000000,89,10000,41.057130923711796,-41.055979684948795,41.055979684948795,0.001151238763000606,80177.28960770414,3326.813624329256,0.9601598784303448,5902,814,46598.26817830421,-0.00014254092972706189,0.035808298444834886,99.9857459070273,9997.710227112777,82.74322143651109,0
dodo-k100000000000000000,90,10000,387.5376860259215,-387.53289885794936,387.53289885794936,0.0047871679721538385,314997.3408431447,2935.6159638707736,0.9907665565930849,11238,2615,218019.4613791761,0.0008712199048885338,0.13986801352890466,100.08712199048885,9993.357656841672,89.13127481907044,0
dodo-k100000000000000000,91,10000,46.09200641666963,-46.134921016849056,46.134921016849056,-0.04291460017942228,69341.90871382602,1718.7956837908018,0.9758122903739688,4691,721,42354.8797438059,0.0009809138450530951,0.0705348027946431,100.09809138450531,9993.753928379148,90.47500892590769,0
dodo-k100000000000000000,92,10000,78.85759495132835,-78.86667753580798,78.86667753580798,-0.009082584479628508,124281.96933434936,2789.208970222046,0.9780500267060033,9074,1204,73083.99890335153,-0.00005065102861934179,0.06863338863483022,99.99493489713807,10001.438711862333,46.34894965051198,0
dodo-k100000000000000000,93,10000,287.5390253759325,-287.5891019449894,287.5891019449894,-0.05007656905689828,274488.0507894881,8678.136213844204,0.9693532045415364,10709,2281,185198.33800249093,0.0004313836511055058,0.13703974544604364,100.04313836511055,9995.074064726776,108.74972911151411,0
dodo-k100000000000000000,94,10000,109.11498027737284,-109.11677450775889,109.11677450775889,-0.0017942303860536413,155012.22801329094,2489.3292770437774,0.9841948910228551,8703,1467,98608.37554226762,-0.002251019529445415,0.07013741601212076,99.77489804705546,10012.814660836853,86.87945885007937,0
dodo-k100000000000000000,95,10000,275.3001074109937,-275.34346047333815,275.34346047333815,-0.04335306234446534,245351.12635034713,4895.077603133837,0.9804389536152812,9235,2153,170594.03103145448,-0.0031412851368166628,0.09229428006833544,99.68587148631833,10034.25913924124,82.82845130071455,0
dodo-k100000000000000000,96,10000,80.21892217622486,-80.26835153412473,80.26835153412473,-0.04942935789986791,123016.20662788708,2813.556596809647,0.9776399754342268,7022,1182,77901.42205422506,0.00310701536308855,0.060851972536394926,100.31070153630885,9998.692560778447,101.89845176990846,0
dodo-k100000000000000000,97,10000,80.95086872541115,-80.93167877556183,80.93167877556183,0.019189949849319987,95490.9689558764,1694.2434153476897,0.9825668599778731,4614,956,64634.04195931829,0.00015917773071038254,0.07420164593186698,100.01591777307104,9998.024505078105,76.02099851722808,0
dodo-k100000000000000000,98,10000,146.1552852209192,-146.21376987549203,146.21376987549203,-0.05848465457282259,185933.5701097589,4736.44323956269,0.9751589505011197,9151,1669,121151.11592966269,-0.00014587622515392694,0.06443197750533045,99.98541237748461,10005.983033931449,115.97815055388776,0
dodo-k100000000000000000,99,10000,176.42087225878956,-176.3029964231534,176.3029964231534,0.11787583563616977,126418.5705293474,3932.0713035599124,0.9698346609708273,4952,1258,92456.97383439231,0.0005890372742108241,0.13220729257865713,100.05890372742108,9986.92260179213,56.70140573344945,0
dodo-k100000000000000000,100,10000,284.79441198534573,-284.957766142569,284.957766142569,-0.16335415722329572,268981.1380172565,4996.160118798106,0.9817643280929172,10948,2331,181601.65277242922,0.0008607404475542068,0.09739103681950965,100.08607404475542,10023.427034436896,104.02738870828291,0
dodo-k100000000000000000,101,10000,218.72714629079124,-218.7113491861154,218.7113491861154,0.0157971046758405,214097.38829571533,1418.289694245816,0.9934190880799313,8676,1954,149288.70885805663,0.008468537061492754,0.10287612012409866,100.84685370614928,9929.493955373595,90.23761949204535,0
dodo-k100000000000000000,102,10000,232.27221218994538,-232.1435494600028,232.1435494600028,0.1286627299425902,215100.52980877884,5823.883590521597,0.9736385694052043,9291,1968,146324.22417439887,0.003856301773719508,0.08845898187757299,100.38563017737195,9955.99798207074,62.261355572996756,0
dodo-k100000000000000000,103,10000,89.2865886820781,-89.19738851944462,89.19738851944462,0.08920016263348884,134849.57559045326,3886.2295296837856,0.9719882727727096,9232,1402,81180.72767379698,-0.002115908480266455,0.06506088271560642,99.78840915197335,9987.306688700433,48.18442667012048,0
dodo-k100000000000000000,104,10000,60.281405169153565,-60.2595219695679,60.2595219695679,0.02188319958566609,90944.3952053525,1487.780547546276,0.983904083881747,5505,939,59578.88301817716,-0.00006485722823725836,0.04645357784199859,99.99351427717627,9993.838238051883,95.58534366048933,0
dodo-k100000000000000000,105,10000,212.62547024113184,-212.50438567292483,212.50438567292483,0.12108456820701008,242553.5555097092,3694.1346052040085,0.9849982974318252,9499,2121,163393.0630927577,-0.003960556921149276,0.0786846159483504,99.60394430788507,10033.268016293197,126.3446173667896,0
dodo-k100000000000000000,106,10000,147.3658869170431,-147.53557198950602,147.53557198950602,-0.16968507246292575,197901.02088219707,3661.4301543896495,0.9818347607128223,10502,1712,123898.55822406163,0.0029243221231379833,0.1253452410556622,100.2924322123138,9997.119373696361,123.2856935857355,0
dodo-k100000000000000000,107,10000,139.65534960413865,-139.67330144013602,139.67330144013602,-0.017951835997365606,107128.10266543287,1342.0385317624475,0.9876275764284047,4295,1027,77282.80351712201,-0.00001443600729075456,0.13050794715457428,99.99855639927092,9999.558541441678,112.59229413037767,0
dodo-k100000000000000000,108,10000,101.4297172820314,-101.41759240310094,101.41759240310094,0.012124878930464433,141010.07362660085,3787.9855848935085,0.9738395279223964,8577,1329,87358.20303377505,0.00012163691287483402,0.11030015489187832,100.01216369128748,10000.1806277488,98.97826851090687,0
dodo-k100000000000000000,109,10000,120.46152319573417,-120.51166039212433,120.51166039212433,-0.05013719639015335,166427.4828900754,4143.4125426347855,0.975708560759304,10415,1553,100778.41362695844,-0.0016314757217058683,0.09230145981239601,99.83685242782941,10017.363678771644,78.35886006302351,0
dodo-k100000000000000000,110,10000,77.03162204488596,-77.02394738163169,77.02394738163169,0.0076746632542779025,95577.6658653996,2002.6768503745197,0.9794766364347808,5462,945,61853.08079458523,0.000595438419121308,0.08228600331244436,100.05954384191213,9997.672015212172,97.06464735191683,0
dodo-k100000000000000000,111,10000,372.5919699144351,-372.6272237723513,372.6272237723513,-0.035253857916188736,320496.5952204097,2227.411939211336,0.9930980903502797,11738,2607,220451.73043099992,-0.00034149815655098336,0.14468676238617634,99.9658501843449,10012.682901258751,85.90060301799143,0
dodo-k100000000000000000,112,10000,80.47507173183803,-80.46047740035135,80.46047740035135,0.014594331486676992,158512.22954004654,5978.52869960358,0.9636543185551293,11299,1244,85139.6747883414,-0.0014980039541002555,0.044891026845259606,99.85019960458997,10016.508215850405,231.81134331243595,0
dodo-k100000000000000000,113,10000,329.2847340776199,-329.2133123618684,329.2133123618684,0.0714217157514554,311556.3460962852,3346.0269642245125,0.9893743990186394,11369,2560,213628.49817921597,0.00479903306092055,0.08834149601889237,100.47990330609206,9986.034092586602,116.02591753715777,0
dodo-k100000000000000000,114,10000,202.54601270519527,-202.51755836923098,202.51755836923098,0.028454335964283928,184929.98350850923,839.275595220114,0.9954821610460777,7729,1663,128108.65631032441,0.0029099052659617543,0.15509022785648655,100.29099052659618,9965.735848640614,94.79567510274329,0
dodo-k100000000000000000,115,10000,80.7424546645666,-80.74335766954009,80.74335766954009,-0.0009030049734946033,130519.48613271838,2729.2551602711515,0.9795175914324773,7587,1182,80579.15850083147,0.0003226645516356541,0.04466495136962124,100.03226645516357,9996.780628889055,151.57175636232085,0
dodo-k100000000000000000,116,10000,384.1649861475458,-384.3306503076428,384.3306503076428,-0.16566416009703744,310073.67233945307,3996.297098757751,0.9872757745482444,11108,2621,215429.72178114532,0.0047959924157783005,0.12949254124386259,100.47959924157783,9991.273565805184,88.85658903404455,0
dodo-k100000000000000000,117,10000,120.52642833405733,-120.41200545795802,120.41200545795802,0.11442287609931157,208516.7172431957,7638.761722920187,0.9646607999045093,10093,1632,127636.46418378552,-0.0029782199719214477,0.06398208195715384,99.70217800280786,9998.959618818153,223.81651361137108,0
dodo-k100000000000000000,118,10000,262.24166196370453,-262.2425909515661,262.2425909515661,-0.0009289878615845737,227188.03110639247,648.1068234632007,0.997155381804871,8187,1946,162681.25216715888,0.0012395537029105696,0.07773644952579445,100.12395537029106,9989.823837182106,97.05795474736756,0
dodo-k100000000000000000,119,10000,97.4272313057765,-97.46826498298782,97.46826498298782,-0.0410336772113169,175087.7650883687,5864.255488640925,0.9675922077579387,11429,1389,97867.74013137698,0.002679918421309964,0.058782946355631506,100.267991842131,9935.653578564594,228.41773225218557,0
dodo-k100000000000000000,120,10000,37.32831488705681,-37.06147050530858,37.06147050530858,0.26684438174823555,68754.21128598996,1612.048143298924,0.9770906091019537,4566,676,40459.79867210571,-0.015388531961795024,0.05173200298211612,98.4611468038205,10162.3781055456,108.22252911637716,0
dodo-k100000000000000000,121,10000,88.54598974533594,-88.55853247955838,88.55853247955838,-0.01254273422243557,163951.96041767517,2767.6547504256455,0.983399345376157,11086,1489,93546.99512069733,0.0024029662936889905,0.04547915955345801,100.2402966293689,9963.91718995674,81.2835534671967,0
dodo-k100000000000000000,122,10000,93.14426202351659,-93.00366458413625,93.00366458413625,0.1405974393803433,136555.65562597945,7554.694281385222,0.9475770179848884,6621,1141,88108.95376884802,-0.0016591591924091631,0.05764080061738966,99.83408408075908,9980.139076593088,162.68022996178323,0
dodo-k100000000000000000,123,10000,115.12242888384188,-115.13113846569536,115.13113846569536,-0.008709581853480586,165601.98960643227,5473.871080441571,0.9680032527180408,8499,1347,102458.79528570593,-0.00028214524573428435,0.0534158484832858,99.97178547542657,10000.324272956233,201.07660064900926,0
dodo-k100000000000000000,124,10000,320.3168960439582,-319.59481921592754,319.59481921592754,0.7220768280306515,232052.2525268344,4490.202121576052,0.9810173521355811,9666,2198,160370.47902753865,0.0031654965227804156,0.26006015648893366,100.31654965227804,9961.538463817447,103.73932183511346,0
dodo-k100000000000000000,125,10000,37.8866789105641,-37.887440283241666,37.887440283241666,-0.0007613726775659302,65056.01072904339,1563.453759761258,0.9765315771935694,4287,601,38288.60347860328,0.0001977823963423475,0.05729794049526731,100.01977823963423,9995.65734949021,133.76052009310555,0
dodo-k100000000000000000,126,10000,95.0899360406815,-95.08613625973122,95.08613625973122,0.003799780950274112,158268.08666403807,2067.0596702099037,0.9871078817248169,10560,1481,94610.51144380185,0.0018090695263887823,0.05294661257178049,100.18090695263888,9983.773581084699,92.61125780319949,0
dodo-k100000000000000000,127,10000,158.95374675226063,-158.97795605674273,158.97795605674273,-0.024209304482099014,148663.3113497597,5654.771991141552,0.9633563878664194,7313,1490,98809.62234196311,-0.0027810521587704785,0.1626441498013695,99.72189478412295,10000.920350454999,73.49070188611262,0
dodo-k100000000000000000,128,10000,176.3524690263481,-176.56485855025022,176.56485855025022,-0.21238952390211807,209182.53243716306,5382.89169603065,0.9749125856704239,10180,1825,134195.00159896704,0.0010046706153117669,0.09022409402112032,100.10046706153118,10018.853663770693,102.4981197144621,0
dodo-k100000000000000000,129,10000,228.16665880107038,-227.65674554866797,227.65674554866797,0.5099132524024128,227050.08390765905,6531.685682707162,0.972036834491999,10154,1994,149847.7147844595,-0.014803000404671564,0.10922789866354023,98.51969995953284,10153.05770000326,118.09338011502805,0
dodo-k100000000000000000,130,10000,354.679191500327,-354.41636327913585,354.41636327913585,0.262828221191171,254455.97557180165,5009.25040666215,0.9806939431371897,9010,2263,182193.87682108342,0.0028352734388191435,0.16378533096205503,100.28352734388191,9991.570364475998,65.91285074284076,0
dodo-k100000000000000000,131,10000,56.796815549563995,-56.78669188643117,56.78669188643117,0.010123663132823424,103765.4796788685,1870.0703049827541,0.9822969605850621,7977,997,59190.284342881976,0.0006588064062745502,0.07419702610251505,100.06588064062746,9989.987321612138,67.88717777144794,0
dodo-k100000000000000000,132,10000,140.23711213238204,-140.34040485489905,140.34040485489905,-0.10329272251701127,123829.49464078841,6207.6536581310265,0.9522624593100016,5604,1289,85970.62942671384,0.004629260597783826,0.1278370647759958,100.46292605977838,9996.660445279891,38.91995134673968,0
dodo-k100000000000000000,133,10000,424.7838345299066,-424.68701427162273,424.68701427162273,0.09682025828385576,251222.59149986855,4154.239961077545,0.9837329019343212,10833,2153,168692.84598417528,-0.00032207417705905074,0.310264486974592,99.9677925822941,9978.153073494705,102.33135517634553,0
dodo-k100000000000000000,134,10000,101.08050007025241,-101.0715173470863,101.0715173470863,0.00898272316611326,126585.64676545453,3094.144215451109,0.9761401202758979,6951,1185,79823.10217666395,0.00011190664464393762,0.08385475799047754,100.0111906644644,9999.16485292629,99.52369914270692,0
dodo-k100000000000000000,135,10000,103.53614240270248,-103.47068101862433,103.47068101862433,0.06546138407814794,152216.33655759395,7301.773030341164,0.954226055905483,10866,1417,87150.88314680022,0.00020909735942112206,0.09270526440524676,100.02090973594211,9979.733312733237,71.09016119825175,0
dodo-k100000000000000000,136,10000,78.06926212443678,-78.08921426751876,78.08921426751876,-0.01995214308198001,126278.06184224524,2604.0782012946192,0.9797948870152615,8627,1207,75390.11430897357,-0.00006577332827077953,0.09740925883714013,99.99342266717292,10002.182454649794,90.45156927075406,0
dodo-k100000000000000000,137,10000,116.49683973495672,-116.49309236250271,116.49309236250271,0.003747372454014908,163807.66708439865,2798.9783102837796,0.9832000800228998,8089,1530,107464.84830363623,0.0025083589867408306,0.0706917352429707,100.25083589867408,9981.517998127692,104.0445110828318,0
dodo-k100000000000000000,138,10000,101.56028380636599,-101.55634117681178,101.55634117681178,0.003942629554202881,146000.51292333537,3673.3182467938445,0.9754578457832184,8358,1361,91338.21290896957,-0.00038543660769235544,0.05685494243565927,99.96145633923076,10000.325862905858,95.4695741911343,0
dodo-k100000000000000000,139,10000,157.16652379994355,-157.3651519385292,157.3651519385292,-0.19862813858566142,182057.4870216782,3285.3055203711983,0.9822744360581174,8157,1590,119549.15342331307,0.0021775295120184525,0.10386790608690476,100.21775295120185,10022.0880891471,120.10161621218924,0
dodo-k100000000000000000,140,10000,131.77685150313616,-131.73962040503278,131.73962040503278,0.037231098103376326,130171.45978438003,2930.9339190930596,0.9779798556769563,7013,1332,85558.07216057203,0.0030814737019842654,0.11801032336496092,100.30814737019843,9969.37214392997,72.86601294850834,0
dodo-k100000000000000000,141,10000,61.27496544152906,-61.258967702708944,61.258967702708944,0.015997738820118457,110865.53875355369,2742.2652843424025,0.9758619990275698,8421,1067,63978.86381408809,0.0021349010837958815,0.04826857770712934,100.21349010837959,9980.001640679364,87.3522119895297,0
dodo-k100000000000000000,142,10000,285.27334508748294,-285.39228008404876,285.39228008404876,-0.11893499656582662,237005.29833183036,2495.4837505521364,0.9895804776550009,8959,2085,164795.06355391297,0.004994528363456823,0.14162056134159726,100.49945283634568,9952.521312607654,113.27656322645666,0
dodo-k100000000000000000,143,10000,70.11256209383973,-70.03629503854737,70.03629503854737,0.07626705529236233,132926.02717876874,5672.283068528675,0.9590739377817251,9855,1137,71835.44191553949,-0.0007956396847620795,0.05243000449380006,99.92043603152379,9993.801919611975,143.38365960936963,0
dodo-k100000000000000000,144,10000,202.55633672385176,-202.4159145722447,202.4159145722447,0.14042215160705496,154917.12718457682,4778.595285828394,0.9700768736199934,7576,1501,104361.65062442544,0.004773556117243061,0.39715331021281997,100.4773556117243,9986.085839536045,55.61645980707202,0
dodo-k100000000000000000,145,10000,126.02122834717308,-125.9562056878182,125.9562056878182,0.06502265935488083,151249.32734873297,4462.717078328365,0.9713399365171216,8320,1386,97916.72854015836,0.0015125573449378748,0.09014950931945606,100.15125573449379,9981.337390281726,115.22724517525236,0
dodo-k100000000000000000,146,10000,230.26045103876132,-230.46492930250884,230.46492930250884,-0.20447826374751799,224678.73540086637,8903.288713659265,0.9618836734230286,9256,1988,153006.2528132533,0.004275039956780234,0.10673850570449105,100.42750399567802,9987.500642780446,108.39662639911074,0
dodo-k100000000000000000,147,10000,166.70507214717065,-166.6728383662039,166.6728383662039,0.03223378096674878,167593.46926236554,2118.5013477612993,0.9875170776690345,6384,1536,119252.54636706227,-0.00015173189067752447,0.07758838871371239,99.98482681093225,10003.862567046795,94.86693306153195,0
dodo-k100000000000000000,148,10000,188.83915525150732,-189.08403964333934,189.08403964333934,-0.2448843918320165,204816.81592188147,1733.1022723046399,0.9916092812456343,8101,1587,138566.51078814795,0.00259132264870658,0.07662712478907892,100.25913226487066,9980.99977132819,253.78965492734454,0
dodo-k100000000000000000,149,10000,82.27914137562192,-82.24416977238937,82.24416977238937,0.03497160323254889,142342.63220904538,3738.226144496063,0.9744098837682833,9005,1326,85187.12055785286,-0.0003504407857380443,0.048620027329238556,99.9649559214262,10000.086060964439,137.6635502152757,0
dodo-k100000000000000000,150,10000,85.00824058503522,-85.01582937743166,85.01582937743166,-0.007588792396433064,95818.45778016976,2101.1222830115853,0.9785423683224962,5415,1029,64461.754705339634,0.0018229253610648755,0.09357365422126974,100.18229253610649,9978.626408013293,74.1146224176046,0
dodo-k100000000000000000,151,10000,163.06900954295457,-163.0366856859979,163.0366856859979,0.03232385695667972,155751.44937217093,2340.946850691174,0.9851925398904628,6684,1426,107268.15953465507,-0.00039928275252307797,0.16024460431365853,99.96007172474769,9998.905922700444,87.19231511011469,0
dodo-k100000000000000000,152,10000,195.30168335460596,-195.95057363198822,195.95057363198822,-0.6488902773822645,151368.12821662004,4070.2569975033466,0.9738143381257057,8650,1477,98441.12591495404,0.002372332956073251,0.2617518974091898,100.23723329560733,9988.589999986441,90.90929103459119,0
dodo-k100000000000000000,153,10000,37.55333819181965,-37.556112663134876,37.556112663134876,-0.002774471315227345,85763.41838422485,1019.4974043755731,0.9882523259893798,7183,838,48055.43963576744,0.00007324910183015732,0.03496790996101808,100.00732491018302,9999.71250173198,102.91618631381526,0
dodo-k100000000000000000,154,10000,48.849235608897686,-48.84634251479545,48.84634251479545,0.0028930941022338175,83590.64076876883,1779.4731917998438,0.9791557828700831,6339,855,50178.1922222626,0.00019618702616483574,0.05158385328493807,100.01961870261648,10000.466436037235,102.51644130375507,0
dodo-k100000000000000000,155,10000,178.76601942693532,-178.70381144940717,178.70381144940717,0.06220797752814633,164439.3376572764,2469.2730140082117,0.9852058380686466,6667,1595,117544.45329650947,0.0033430344790005505,0.08061045525520924,100.33430344790006,9963.302654828503,80.22522366676966,0
dodo-k100000000000000000,156,10000,192.05165285716657,-192.32269154210368,192.32269154210368,-0.2710386849371105,178814.39224609974,3698.3844386266346,0.9797362984345186,7063,1594,125437.08946056972,0.0008249132704051476,0.09362885744916526,100.08249132704051,10020.384718432326,118.8185059000919,0
dodo-k100000000000000000,157,10000,236.94951064362235,-236.91693524059338,236.91693524059338,0.03257540302897155,229269.52990819878,4570.964173835643,0.9804526406267681,9819,1994,153726.35068321013,0.0003393847136649697,0.1256688550686455,100.0339384713665,9984.900293875378,109.00829646753655,0
dodo-k100000000000000000,158,10000,186.4909811012202,-186.72409429388438,186.72409429388438,-0.2331131926641774,173367.65393546698,6682.795503689512,0.9628837610541606,7170,1650,121996.70126438832,0.00007830738478162402,0.2049552927161362,100.00783073847816,10063.32635855356,174.38100864889887,0
dodo-k100000000000000000,159,10000,127.54086160761409,-127.46594250212351,127.46594250212351,0.07491910549057934,199451.23840437562,9480.94957159999,0.9546218815614463,11285,1790,119678.2452619074,-0.00017339757730795214,0.07566248247560864,99.9826602422692,9989.97813972626,89.59126963684643,0
dodo-k100000000000000000,160,10000,58.99223946729564,-58.97927351386204,58.97927351386204,0.012965953433599964,89052.73675208942,1746.884103918341,0.9807611079490233,5376,946,58029.92752180074,0.0000616585309686002,0.04540600290699217,100.00616585309686,10002.294507270073,79.25054805216993,0
dodo-k100000000000000000,161,10000,47.6015532397596,-47.60682335787296,47.60682335787296,-0.005270118113358535,91359.94889404785,712.912763558745,0.992257080417356,7166,919,52471.814470537516,0.0018038305072259676,0.07096963220703416,100.1803830507226,9983.513157149446,91.58311333071114,0
dodo-k100000000000000000,162,10000,179.54037926795783,-179.54736381300413,179.54736381300413,-0.006984545046293533,157862.09569819216,3207.438943618158,0.980086619417192,6049,1440,110754.40108257363,-0.000014624267240748168,0.16215878118088256,99.99853757327593,10001.713096409332,94.62081937808479,0
dodo-k100000000000000000,163,10000,204.80601922126849,-204.62968114274216,204.62968114274216,0.176338078526328,215780.78263068164,3856.023906973862,0.9824436351640691,11359,2133,139322.4604911958,-0.0027147891379179613,0.08672276750901134,99.7285210862082,9969.439264071816,44.00890757798017,0
dodo-k100000000000000000,164,10000,60.164418613297784,-60.16882881339316,60.16882881339316,-0.004410200095378514,90312.14875867992,3784.123878682111,0.9597845507306569,4725,942,59926.54329050159,0.0009396089293755949,0.044882687869676946,100.09396089293756,10004.153458791701,86.19144714022153,0
dodo-k100000000000000000,165,10000,335.64895209305905,-335.7826355489083,335.7826355489083,-0.1336834558492228,293114.2556673126,8988.495766205242,0.9702468920804143,10835,2385,200023.87066787292,0.0027733385992186753,0.18911226247311647,100.27733385992187,9964.355739350643,96.73209893265582,0
dodo-k100000000000000000,166,10000,419.1503847305871,-419.0637368104242,419.0637368104242,0.08664792016293177,293243.4642725507,8397.91030214362,0.9721592891095115,11668,2515,198345.83044094464,0.00035312776122822245,0.19387973032917954,100.03531277612282,10036.612057110893,84.24358471801214,0
dodo-k100000000000000000,167,10000,37.35726121419851,-37.35036834609097,37.35036834609097,0.006892868107541972,66118.05416425952,1250.8586864034426,0.9814327019173334,4953,682,40028.22642545727,0.0005287963498665249,0.046962972653875855,100.05287963498665,9991.818148984836,83.73482049058491,0
dodo-k100000000000000000,168,10000,77.5467213616798,-77.53970936870581,77.53970936870581,0.007011992973986025,107101.9498054219,2276.241857855781,0.9791892531478009,5468,1030,70464.73521432588,-0.0010894459562047131,0.04270677552102413,99.89105540437953,10008.12729050859,101.40934073146617,0
dodo-k100000000000000000,169,10000,124.71114699374849,-124.69963044110798,124.69963044110798,0.011516552640500777,180603.82325851114,3228.2109624708805,0.9824393448282779,9764,1669,115786.56616512257,0.00577673918055126,0.061817926179775926,100.57767391805513,9937.773960296916,121.41388861505814,0
dodo-k100000000000000000,170,10000,176.83781508645393,-176.91690130124468,176.91690130124468,-0.07908621479074895,174664.67641123713,6251.978822316454,0.9654427680290381,7034,1621,122073.0133084783,0.0009627767820464328,0.11327899281102319,100.09627767820464,10012.656145255021,88.99655015191802,0
dodo-k100000000000000000,171,10000,210.87038658480571,-210.79412303205908,210.79412303205908,0.07626355274663865,198225.85566286332,4121.585537984689,0.9796311457484969,8342,1856,136618.12422654673,0.001062713017437318,0.1616548665937134,100.10627130174373,9991.575357239604,88.88289485925085,0
dodo-k100000000000000000,172,10000,55.66631888032365,-55.663686816479846,55.663686816479846,0.002632063843805099,94057.3518509259,1526.665023859162,0.9840280302735226,6908,953,56375.79861639721,-0.0002112240684331823,0.0964985980109941,99.97887759315668,10001.868751445587,100.12704678278762,0
dodo-k100000000000000000,173,10000,221.06949986543438,-221.0616535044894,221.0616535044894,0.007846360944967046,181135.094742321,541.3203666582345,0.9970204147504037,8378,1686,122281.04142954828,-0.00007810664712835092,0.22766024360831125,99.99218933528716,9998.978849662173,99.82540720581034,0
dodo-k100000000000000000,174,10000,183.24047189614333,-183.23240901920857,183.23240901920857,0.008062876934758378,215900.81868393166,577.0332960109814,0.9973344465000307,10190,1955,141831.06059115034,-0.0027560942792247546,0.08520550014367771,99.72439057207752,10027.40489561163,101.54059972097969,0
dodo-k100000000000000000,175,10000,137.94688345755597,-137.90298567377334,137.90298567377334,0.043897783782625766,133058.6476585037,2546.922025595604,0.9812181606439263,5732,1311,93792.02809180791,-0.0017123677957135896,0.13311234587717366,99.82876322042864,10006.42977157636,71.18943770981471,0
dodo-k100000000000000000,176,10000,164.24981699792284,-164.21634468211252,164.21634468211252,0.03347231581031451,200624.71252411386,6134.940571459308,0.9703281540687076,10735,1790,126923.37330079357,0.00014629744871882621,0.11668664757434427,100.01462974487188,10003.554855278466,113.5668795006855,0
dodo-k100000000000000000,177,10000,175.15012600166423,-175.13099992927505,175.13099992927505,0.0191260723891844,193405.89150684085,612.5095903805053,0.9968430335116844,10994,1718,118714.95852026281,-0.0015486956044397004,0.15833558926952052,99.84513043955603,10015.348336946883,100.99498380035627,0
dodo-k100000000000000000,178,10000,31.51282035385761,-31.5114137783354,31.5114137783354,0.0014065755222105736,58996.985014219325,2213.0516544520633,0.9638449546039114,3996,619,36495.838472869684,0.0016440333901186932,0.04756742832092641,100.16440333901187,9984.258028144657,99.99833791850422,0
dodo-k100000000000000000,179,10000,80.52895122850569,-80.46926892776762,80.46926892776762,0.0596823007380749,118618.70622513953,7186.804637977418,0.9428736898036443,9844,1226,66607.83533790719,0.001420448373203982,0.10057012679790148,100.1420448373204,9975.952252690187,63.44613090760936,0
dodo-k100000000000000000,180,10000,308.7863476751814,-308.75393200359673,308.75393200359673,0.03241567158465841,241208.06187184373,5816.059629167806,0.97645549918839,11550,2338,159536.48239344428,0.030145311308210125,0.21891750822707706,103.01453113082101,9897.218661109353,32.75481328719678,0
dodo-k100000000000000000,181,10000,173.46078096180776,-173.7089355503809,173.7089355503809,-0.24815458857312933,111882.31960770543,1250.67982536287,0.9889450484683491,4251,1078,80822.80217391375,0.005719110791204685,0.20792935589049122,100.57191107912047,9962.03025670217,71.87378761762875,0
dodo-k100000000000000000,182,10000,203.7785917121691,-203.85326969665795,203.85326969665795,-0.07467798448885787,156907.6006042227,3997.9407413432277,0.9751534924906214,5949,1496,114396.93479361419,0.002496634368709749,0.13576346540568168,100.24966343687097,9980.151827835336,93.43126881151193,0
dodo-k100000000000000000,183,10000,101.20558635686601,-101.18024837139367,101.18024837139367,0.025337985472333457,162859.35064268374,2944.826181243099,0.9822391315004669,10136,1485,97033.59578648146,0.0012004905417632016,0.06911573340164495,100.12004905417632,10003.826250916107,94.42813841375441,0
dodo-k100000000000000000,184,10000,102.90287061582751,-102.97027276456322,102.97027276456322,-0.06740214873570949,166100.89475238038,6014.5596007735685,0.965055086869581,9409,1413,99057.52640703594,-0.0024869620770491,0.057606979948157146,99.75130379229509,10027.00528781945,271.3474029751538,0
dodo-k100000000000000000,185,10000,90.63996368058318,-90.60999452535866,90.60999452535866,0.029969155224520705,100194.96405635407,2127.433214003002,0.97920852842822,4475,970,68244.62323284564,0.00005476483520368447,0.0782894241671076,100.00547648352037,9999.765336296487,109.93580381075877,0
dodo-k100000000000000000,186,10000,88.46730339997887,-88.47788273183167,88.47788273183167,-0.010579331852795804,131823.85992080017,1537.60311487192,0.9884704090681681,7415,1291,85261.20661266103,0.0018031649781178772,0.05408402374696791,100.18031649781179,9983.072531080694,103.26098876111455,0
dodo-k100000000000000000,187,10000,105.22125363370817,-105.25365137661657,105.25365137661657,-0.03239774290840103,108206.14641283367,2831.749921575069,0.974497446231809,4592,1028,75670.21783768463,0.0006419166272739574,0.08388483623020974,100.0641916627274,10002.39812279501,102.17040937157365,0
dodo-k100000000000000000,188,10000,61.9831739673814,-61.99415299974487,61.99415299974487,-0.01097903236347264,120212.42706091882,2710.2125465589916,0.9779518845737989,8915,1121,67717.4505609332,0.0011029682733799007,0.0673708700900569,100.11029682733799,9993.678158550709,99.984134307965,0
dodo-k100000000000000000,189,10000,153.50652208518684,-153.58338409482553,153.58338409482553,-0.07686200963868828,175876.95530612877,5201.442518091217,0.9712751903010515,8685,1723,116789.77605392292,0.0007154781347168182,0.0937286353743606,100.07154781347168,10008.070020135829,80.90954839688911,0
dodo-k100000000000000000,190,10000,80.65518358198017,-80.71848598844898,80.71848598844898,-0.06330240646880725,93102.30176275181,1190.96440144158,0.9873695710214582,5166,934,59016.56486010234,0.0004397134523644297,0.14145729900089463,100.04397134523644,9997.368596981814,59.70296125969308,0
dodo-k100000000000000000,191,10000,254.47129448453217,-254.29768390091584,254.29768390091584,0.1736105836163233,221623.26014803105,8304.224354305861,0.9638832896716119,8637,2082,156082.36381804425,0.008608882690619168,0.14498926125623698,100.86088826906192,9926.446339380473,41.520139820593194,0
dodo-k100000000000000000,192,10000,148.70859857262104,-148.55592491415558,148.55592491415558,0.15267365846546,130829.23792140644,1892.8915699524525,0.9857379355107793,5171,1242,94301.6588719088,0.0005640640613606251,0.1226793720355171,100.05640640613606,9993.642622133504,89.90022131856176,0
dodo-k100000000000000000,193,10000,96.15987704767564,-96.17208672254081,96.17208672254081,-0.012209674865175657,131812.25583782353,988.1173529644215,0.9925593781913186,6651,1216,84920.67765101443,-0.0000911722929477321,0.05122185800109236,99.99088277070523,10002.74705993289,114.77862858144684,0
dodo-k100000000000000000,194,10000,67.85512344161432,-67.90935129574584,67.90935129574584,-0.05422785413151132,104597.0875627892,4446.451934725032,0.9592231510897865,7659,1034,61452.62186918302,0.005049590043520311,0.08555540342058407,100.50495900435203,9960.923935908664,81.8583582561802,0
dodo-k100000000000000000,195,10000,167.68649534584085,-167.7743138260506,167.7743138260506,-0.08781848020973371,213145.51869342517,5618.551798512158,0.9743168437765961,10578,2000,137617.87751083184,0.005299924616205942,0.08757905802396053,100.5299924616206,9984.027313353972,65.52057441264236,0
dodo-k100000000000000000,196,10000,194.0110757122853,-193.99582045139994,193.99582045139994,0.015255260885368216,176829.79887386822,2792.282348328913,0.9844546821341259,6398,1604,125797.44591516432,-0.0026036942778105755,0.14262042799102972,99.73963057221894,10028.667481705277,111.53046569883209,0
dodo-k100000000000000000,197,10000,328.93115076825245,-328.71152071390145,328.71152071390145,0.21963005435100058,286437.3250467466,7464.732017906912,0.9746012937355358,10300,2386,199749.17458971374,0.0017195305351475553,0.12615489445871148,100.17195305351476,9977.97881002102,109.37046831301399,0
dodo-k100000000000000000,198,10000,120.68332861080322,-120.65262602277406,120.65262602277406,0.030702588029157596,166879.4067828323,6550.919795734794,0.9622273686213286,9036,1583,103378.93893042629,0.0023600188310778946,0.07933729364675102,100.23600188310779,9984.235566059464,92.39607552260667,0
dodo-k100000000000000000,199,10000,74.90556308147555,-74.9359073673815,74.9359073673815,-0.030344285905954393,92638.22253360026,1746.4194226208297,0.9814967839425519,7294,972,54717.0003147969,-0.002392564684430738,0.09295299734545694,99.76074353155693,10002.83173353086,65.97886838948915,0
dodo-k100000000000000000,200,10000,55.525495339948804,-55.47588917917264,55.47588917917264,0.04960616077616464,81560.04700540168,4744.551513919442,0.9450255073852493,6277,959,48911.65536945309,0.012059175207124042,0.07132507952725817,101.2059175207124,9959.178719208345,31.11320204960449,0
dodo-k100000000000000000,201,10000,66.02060421544437,-66.43485474965289,66.43485474965289,-0.4142505342085201,84595.15210037337,2416.6776126505483,0.9722258729574926,5587,810,51539.401382773154,-0.0013856424909522503,0.13721357339279236,99.86143575090477,10039.200356789917,172.37792516449392,0
dodo-k100000000000000000,202,10000,91.15009670344438,-91.03342853074813,91.03342853074813,0.11666817269625085,135073.21023460358,3397.977789394022,0.9754607594700123,9386,1348,80960.1348417646,-0.00034133607725834737,0.08294071652416107,99.96586639227417,9977.992060536475,72.30082144211484,0
dodo-k100000000000000000,203,10000,182.47649914667755,-182.40700130953485,182.40700130953485,0.06949783714270552,145880.41866347488,1615.6942944139605,0.98904585170407,6094,1519,104251.28519251909,-0.0009073394881366426,0.13749624776003216,99.90926605118634,9990.0346298464,57.902198364854954,0
dodo-k100000000000000000,204,10000,225.8117008715041,-225.57578131283958,225.57578131283958,0.23591955866450576,260203.72479335728,4605.627222762884,0.9826077621968483,11784,2283,171969.08108673073,-0.0007610153518223229,0.08368224703739913,99.92389846481777,9998.455583975621,131.48932780081054,0
dodo-k100000000000000000,205,10000,51.76764768383189,-51.74536701381975,51.74536701381975,0.02228067001213674,100752.85636360913,1702.192772821603,0.9833859552343298,6670,999,61030.176387086234,0.0020463586876725516,0.04190853425242395,100.20463586876726,9965.826266721107,107.1066617850174,0
dodo-k100000000000000000,206,10000,196.32342612042683,-196.32189495861854,196.32189495861854,0.0015311618082876066,207557.42238706167,1420.5076466578216,0.993202594903545,8294,1914,142592.76525046554,0.0023169112018477734,0.09167523984171311,100.23169112018478,9979.26001395083,79.35603674676747,0
dodo-k100000000000000000,207,10000,107.35714417879964,-107.31845941844378,107.31845941844378,0.038684760355863546,133688.72055885498,3665.744901271427,0.97331178939839,7193,1285,86874.40842517166,-0.0013229342094788876,0.07692101681424532,99.86770657905211,10009.767741865946,90.7594439157596,0
dodo-k100000000000000000,208,10000,84.63154730322957,-84.63551981277791,84.63551981277791,-0.0039725095483476025,104809.14389302226,1477.4207832923285,0.9860996468576092,5497,1038,69529.63427204794,-0.0021834109010987392,0.06632851591560296,99.78165890989013,10018.849362526362,86.60562109209545,0
dodo-k100000000000000000,209,10000,156.71851499415297,-156.71617531780961,156.71617531780961,0.002339676343353858,190908.15620220694,1470.9307420065281,0.9923539987356679,9357,1771,124823.10445064807,0.000033710198321159626,0.10993679014021268,100.00337101983212,9999.55735543037,98.00199013650169,0
dodo-k100000000000000000,210,10000,67.18748399812273,-67.18540832630552,67.18540832630552,0.002075671817209468,113435.71221769488,720.9505111962112,0.9936845516156303,6713,1104,70171.59276435892,-0.0017701067651820779,0.04800214342703285,99.82298932348179,10018.504735395773,102.27583272581126,0
dodo-k100000000000000000,211,10000,65.92524620708863,-65.87909597957096,65.87909597957096,0.04615022751767128,88558.97527326051,1680.4043626295095,0.9813783697382471,5018,834,55045.78078959398,-0.002826377776665794,0.07428399953209962,99.71736222233342,10024.814538826615,129.21013403521889,0
dodo-k100000000000000000,212,10000,236.49700890327668,-236.8293449817017,236.8293449817017,-0.33233607842501556,291736.6618603239,3221.2855099013586,0.989078831275368,10816,2160,193146.62503783687,-0.0024184868934564465,0.04910231332420466,99.75815131065436,10019.181883052073,284.2480316052466,0
dodo-k100000000000000000,213,10000,103.00784205115403,-102.95609611848018,102.95609611848018,0.05174593267385319,177720.44398620297,4550.363467204902,0.9750351494527281,11364,1543,105255.79957118715,0.0017584670460171026,0.04738306092071014,100.17584670460171,9983.226249079362,69.24468368883747,0
dodo-k100000000000000000,214,10000,214.10596288592154,-214.009784543887,214.009784543887,0.09617834203453413,228344.63726575754,5965.694953490605,0.9745393431993071,9207,1947,152250.46063066623,-0.0012006799965494962,0.09360384485178756,99.87993200034505,10003.80545692606,109.72608520405835,0
dodo-k100000000000000000,215,10000,49.646309849857886,-49.61638459476723,49.61638459476723,0.029925255090653025,75454.06321420678,1589.0366610722044,0.9793747050203768,4029,729,47969.44458651242,0.00002377243445849331,0.047443845221326914,100.00237724344585,9986.901360119933,96.90540235547302,0
dodo-k100000000000000000,216,10000,35.273133226457404,-35.26723367313932,35.26723367313932,0.005899553318080564,65978.97585811907,2080.358889431628,0.9694331586233069,5094,634,38011.776221541506,-0.0015610376730535336,0.04292712817267443,99.84389623269465,10016.351799019374,114.76331468946934,0
dodo-k100000000000000000,217,10000,153.53085025443747,-153.3922898584834,153.3922898584834,0.1385603959540731,193676.77622383428,11113.994763489376,0.9457300018457505,8005,1566,127388.4508106685,-0.0005099623196136349,0.07789853645055246,99.94900376803864,9951.696930653867,328.77473811409266,0
dodo-k100000000000000000,218,10000,113.28061302157184,-113.27393645678164,113.27393645678164,0.0066765647901974035,178039.30447952866,3262.200752689674,0.9820067640998825,10310,1605,108082.86310147936,0.0029592302756745424,0.0446640140583942,100.29592302756745,9961.921255917328,112.78941581322782,0
dodo-k100000000000000000,219,10000,78.91545353549203,-78.98447145953321,78.98447145953321,-0.06901792404117657,121040.2041226746,2903.1883941430583,0.9765764972606416,8870,1148,69957.93914975076,0.0005516873371786347,0.07954983917154422,100.05516873371786,10001.623689603155,110.29641023208549,0
dodo-k100000000000000000,220,10000,139.96705746139168,-139.94617224065064,139.94617224065064,0.020885220741035937,184702.7300572123,3893.3212003400236,0.979356295243832,9254,1665,118602.58584327834,-0.0005153197215120997,0.06155883117637117,99.94846802784879,9997.31344807179,98.7563300744678,0
dodo-k100000000000000000,221,10000,28.456795784081663,-28.477643328943852,28.477643328943852,-0.020847544862188983,56005.03323692523,2211.4728635447827,0.9620129579791644,4565,526,30608.359388305595,0.0007191157598944642,0.04446276837420854,100.07191157598945,9998.842659269523,111.41168931313693,0
dodo-k100000000000000000,222,10000,40.94985409612186,-40.953332528395386,40.953332528395386,-0.003478432273524845,82275.9412150787,2110.4226189282404,0.9749909520561928,6222,742,45503.41776310003,-0.0016551271804846124,0.0473214771771805,99.83448728195154,10005.78853839934,128.64247561923003,0
dodo-k100000000000000000,223,10000,113.1638525085328,-113.13632417039744,113.13632417039744,0.027528338135354602,133152.23981902708,1506.5082522658429,0.98881239968555,5721,1269,91893.68579672866,-0.0006982834688977846,0.051208134378131834,99.93017165311022,9990.817602833617,117.63821917798023,0
dodo-k100000000000000000,224,10000,257.9943195126087,-257.9859283849626,257.9859283849626,0.008391127646063978,242126.62235413343,7441.50161328552,0.9701824836642319,9843,2119,164229.05969501668,0.0027279827614883345,0.0952647928405483,100.27279827614883,10006.586536425764,87.56235304753778,0
dodo-k100000000000000000,225,10000,39.28026204483938,-39.27498083543164,39.27498083543164,0.0052812094077410165,69188.40140415123,2531.5958826002093,0.9647016734749954,4626,685,42175.9690282517,-0.002509973380030317,0.05292457293452145,99.74900266199697,10024.168208770283,138.8464263594924,0
dodo-k100000000000000000,226,10000,50.88107023999267,-50.9072288714115,50.9072288714115,-0.02615863141883068,109697.11634995241,3028.4262111477474,0.9731345164339639,8622,959,60589.5006323555,-0.000057067749829400327,0.030064137894183177,99.99429322501706,10021.88586935099,174.5364242223458,0
dodo-k100000000000000000,227,10000,48.85272973897282,-48.82817736102988,48.82817736102988,0.024552377942939074,78058.7990161297,2910.421542220678,0.9640552110771119,5058,813,48887.60610413613,-0.000672462518925272,0.038591339247673634,99.93275374810747,9997.581351829442,60.317391349748426,0
dodo-k100000000000000000,228,10000,154.8263831510835,-154.71836980337915,154.71836980337915,0.10801334770434323,193196.319220066,3052.626990909112,0.9844451292613443,9842,1854,123514.64612146716,-0.002650510993397006,0.10489889614343284,99.7349489006603,9989.48042903594,73.84290400801531,0
dodo-k100000000000000000,229,10000,208.30267953532632,-208.13869568734137,208.13869568734137,0.16398384798495158,247609.06053804207,7577.986566444667,0.9703041880360729,11562,2141,158100.96199062173,-0.0023187460949380067,0.1045854895486444,99.7681253905062,9977.501232545443,117.3265333682859,0
dodo-k100000000000000000,230,10000,159.96998455406165,-159.84924320242447,159.84924320242447,0.1207413516371787,190625.19604970518,5174.922106898776,0.9735703831253064,8447,1615,126652.69012338635,0.005080655596197659,0.06644247908375277,100.50806555961977,9928.927618072677,105.4279823870154,0
dodo-k100000000000000000,231,10000,109.11670526430105,-109.12718571293755,109.12718571293755,-0.010480448636499773,133954.037848469,1187.141296356674,0.9912155472975083,5836,1298,91968.80975603404,0.0002791730274755366,0.061789721970393854,100.02791730274755,9998.838290709004,102.69018879406573,0
dodo-k100000000000000000,232,10000,107.10065523138465,-107.0641197783576,107.0641197783576,0.03653545302705652,113420.54777807233,891.5004025597134,0.9922011684966838,4272,1157,84683.01231414804,-0.005778989812508684,0.05344688272155779,99.42210101874913,10056.541624773326,95.87193177792206,0
dodo-k100000000000000000,233,10000,151.77076354851292,-151.82542260410966,151.82542260410966,-0.05465905559674411,175883.92249801292,4488.199914518209,0.9751169978237922,7880,1619,118186.66266652149,0.0012332197615111794,0.0843050517527378,100.12332197615112,10006.304826199295,79.76077115787699,0
dodo-k100000000000000000,234,10000,53.54523777389741,-53.49221768382143,53.49221768382143,0.053020090075982296,104455.9209924917,4688.492393286924,0.9570432214728654,6881,1019,61876.59010932714,0.004961798000021389,0.05431894074457375,100.49617980000214,9932.88777632976,132.19781396251048,0
dodo-k100000000000000000,235,10000,269.8213705373158,-269.7597968344886,269.7597968344886,0.061573702827161014,218841.98597930747,3654.641197417951,0.9835743973120314,9126,2131,152268.80255417392,-0.0023135215945616493,0.15631181015058546,99.76864784054384,9987.986621325723,70.6910179816114,0
dodo-k100000000000000000,236,10000,70.02920803860641,-70.07972404755054,70.07972404755054,-0.050516008944129,83792.1524747738,2662.4951007937,0.9692035630766236,5126,841,53712.07778885933,0.0016676116070357238,0.08111188439996411,100.16676116070357,10004.603476550159,67.21480809917236,0
dodo-k100000000000000000,237,10000,140.94466386364263,-140.88921028862595,140.88921028862595,0.05545357501668491,135554.0743900935,2952.5956081544755,0.9786826467765644,5645,1262,93727.84920490108,-0.00158923379558658,0.10800118776903915,99.84107662044134,10004.494437045805,92.4113136470382,0
dodo-k100000000000000000,238,10000,89.00596614979074,-88.91161509299815,88.91161509299815,0.09435105679258982,139842.1325880608,7342.020315887416,0.9501167743195914,9904,1390,81532.04263938406,-0.005369233170181786,0.09223467830746443,99.46307668298182,10009.338955569165,42.80061201675412,0
dodo-k100000000000000000,239,10000,177.7289111964265,-177.60560439658673,177.60560439658673,0.12330679983978143,155623.75969106096,5755.345958144098,0.9643364862198787,7866,1423,101527.54579808027,0.0022136148077687777,0.13397364176631413,100.22136148077688,9987.222147190168,74.2257792015887,0
dodo-k100000000000000000,240,10000,431.8126722705155,-431.8135086600898,431.8135086600898,-0.0008363895742604655,302327.23904607067,2610.4109863512076,0.9914395254699653,11827,2496,203402.88563175802,-0.0001919840949406648,0.28778844073774207,99.98080159050593,10004.882501695522,94.64523357043299,0
dodo-k100000000000000000,241,10000,74.06419952504153,-74.03551740215472,74.03551740215472,0.028682122886806383,93994.24139693195,1990.8807451157736,0.9792584444267364,4994,876,62095.84039520867,0.0011405337814824178,0.09651898882281572,100.11405337814824,9978.628748279638,152.4143206434038,0
dodo-k100000000000000000,242,10000,85.9780399154265,-85.97597600580892,85.97597600580892,0.002063909617589843,135690.1451217615,97.9053910260683,0.999278983749628,7983,1274,83635.35658663767,0.001645290161204116,0.06034076682499844,100.16452901612041,9983.712819011002,98.9583810440994,0
dodo-k100000000000000000,243,10000,66.85831062585089,-66.86018988923793,66.86018988923793,-0.0018792633870390318,141976.29748722268,3236.2725777198566,0.9777135507189735,9059,1088,77010.77273829846,-0.0009810363998788319,0.058573188143091814,99.90189636001212,9990.83852173147,207.80799920429928,0
dodo-k100000000000000000,244,10000,58.194509588280724,-58.179161576871834,58.179161576871834,0.015348011408889306,98977.92861501353,2465.084641290479,0.9756998085707269,6777,913,58272.52056599287,-0.0014760321971292,0.056422119536974694,99.85239678028708,10013.368496876843,165.48230014142715,0
dodo-k100000000000000000,245,10000,116.29329149457783,-116.23336572888832,116.23336572888832,0.059925765689513355,133695.20327091296,1943.2945739566278,0.9856729866163868,6355,1304,90056.54505884391,0.00009774933140079156,0.12435724804941031,100.00977493314008,10002.51566606284,65.46384509427882,0
dodo-k100000000000000000,246,10000,33.67965606879222,-33.68442159005154,33.68442159005154,-0.004765521259322725,55174.15578078646,2421.3569089200973,0.9579592784950963,4036,537,32903.99355971418,0.0009694971000703844,0.054165003999888627,100.09694971000704,9989.643131884195,100.37268906431748,0
dodo-k100000000000000000,247,10000,141.51270104809396,-141.08907572859403,141.08907572859403,0.42362531949993354,152543.38194180402,1073.9336741590018,0.993009032413743,9054,1412,92142.53684887748,-0.019459534146367474,0.20291897137349238,98.05404658536325,10228.352737461224,116.00465957405977,0
dodo-k100000000000000000,248,10000,213.12240787295377,-213.28956898343094,213.28956898343094,-0.16716111047716709,198528.44072003962,5053.100791044688,0.9751789835486163,7592,1592,136857.51243986664,-0.0013632152525430285,0.15299708977972956,99.8636784747457,10021.385402476328,182.14330186882077,0
dodo-k100000000000000000,249,10000,176.4737456621911,-176.3244701295461,176.3244701295461,0.14927553264499238,143162.97271622674,2527.4468180936756,0.9826519353422667,5823,1399,101705.172588726,-0.002900698269537969,0.1586677046935536,99.7099301730462,9985.884994237935,73.0803811305613,0
dodo-k100000000000000000,250,10000,172.6789010167306,-172.57877848897624,172.57877848897624,0.10012252775436536,178879.21398858723,1931.2108477494419,0.9893191399251592,7016,1603,125520.92592047033,0.0009099976863481629,0.08715195661960834,100.09099976863482,10002.641183924872,90.4898072281145,0
dodo-k100000000000000000,251,10000,161.922888208722,-161.9643814072907,161.9643814072907,-0.04149319856870193,159132.611776051,1553.0314982457553,0.9903349704018382,6367,1489,112795.64762306299,-0.0037518896963032945,0.08699202910689323,99.62481103036967,10048.623640685631,105.52670585095511,0
dodo-k100000000000000000,252,10000,104.64657913593376,-104.76448932789,104.76448932789,-0.1179101919562413,170734.46862084226,3776.1248709111023,0.978361629541478,11402,1393,97295.19212345197,-0.00036728391106194636,0.10551879537851803,99.9632716088938,10011.256802842294,146.94629569126272,0
dodo-k100000000000000000,253,10000,53.53640128981243,-53.53464246008808,53.53464246008808,0.00175882972435204,107012.12056250295,3818.332124659696,0.9655479876506724,8333,1018,59853.94172618987,-0.00012962024396784955,0.03878224198050589,99.98703797560322,10003.47586175812,89.36704191664047,0
dodo-k100000000000000000,254,10000,133.3176024014404,-133.32173587118808,133.32173587118808,-0.00413346974767137,122618.07182275443,3597.973731067036,0.9714935314659912,5430,1179,86091.89717196072,0.0008202990685958866,0.07661824550275682,100.08202990685959,9981.18317817092,78.18074559021296,0
dodo-k100000000000000000,255,10000,129.5999475356673,-129.59757489789646,129.59757489789646,0.0023726377708328528,175153.267502011,3712.2662771059863,0.9792454912991214,9929,1575,107229.75853266736,0.001419752216013137,0.10951295026729951,100.14197522160131,9986.554498998772,101.52218870979752,0
dodo-k100000000000000000,256,10000,246.14432835369962,-246.09045422693958,246.09045422693958,0.05387412676003578,232115.4478060919,6035.770614877858,0.9746557222973821,10609,1977,152096.51148177352,-0.004150104533086676,0.1593540316637703,99.58498954669133,10036.892916758758,101.36543166143167,0
dodo-k100000000000000000,257,10000,110.10568303821806,-110.09395441176343,110.09395441176343,0.011728626454626578,172169.61184838618,1465.1659915089617,0.9915617941881438,11186,1574,102171.03994066583,0.0008889421194180614,0.07809180133654664,100.0888942119418,9991.605338785761,103.93354410602677,0
dodo-k100000000000000000,258,10000,247.9895932397212,-247.78656357822615,247.78656357822615,0.20302966149503732,208076.78310576145,9984.18354278808,0.9542137976537558,7616,1811,144897.8817112106,-0.001359806168418487,0.09821629791477378,99.86401938315815,9979.110646140807,78.2283451972868,0
dodo-k100000000000000000,259,10000,71.33524824012515,-71.31434809238294,71.31434809238294,0.020900147742210606,123351.00822277146,2760.7473175065356,0.9781087234439076,7687,1041,72849.98799174707,0.00038854767317488383,0.07272599777320067,100.03885476731749,9996.986597620598,108.29608654382311,0
dodo-k100000000000000000,260,10000,94.59233683734114,-94.56875128294536,94.56875128294536,0.023585554395779695,153932.2442458421,2581.728786189725,0.9835048032059007,9579,1430,93823.12930110571,-0.0006147536406783161,0.061464942063585826,99.93852463593217,10002.734020932596,109.49047363123745,0
dodo-k100000000000000000,261,10000,143.69325003877856,-143.66982622658847,143.66982622658847,0.02342381219008871,122550.24891197296,4766.086912943717,0.9625650009320252,5163,1220,86001.38660321628,0.0010876366804865255,0.11087779373927048,100.10876366804865,9991.3143364809,50.65810344203464,0
dodo-k100000000000000000,262,10000,117.60128758016138,-117.5871628759649,117.5871628759649,0.014124704196476046,158039.31621136164,3608.23520572683,0.9776783800676525,9991,1445,94308.57269806074,0.00330352100008767,0.09504580179994605,100.33035210000877,9962.71199806197,106.52284600287264,0
dodo-k100000000000000000,263,10000,97.9245588230561,-97.92744083977738,97.92744083977738,-0.002882016721272862,108800.66498289262,2475.271612837647,0.9777555535494579,4352,1003,75818.87336064457,-0.0011725120547146162,0.07464542214003032,99.88274879452854,10027.734941987075,139.7420681636363,0
dodo-k100000000000000000,264,10000,52.57110624772487,-52.56658070666732,52.56658070666732,0.004525541057553539,118386.66700105196,3353.2492428177525,0.9724556304433419,8607,1011,64750.88350821831,0.0018268384287817695,0.04664356713908546,100.18268384287818,10012.732682207312,277.5065921963876,0
dodo-k100000000000000000,265,10000,94.80023109270758,-94.77306101617481,94.77306101617481,0.02717007653276937,145898.16120177225,2789.771259167995,0.9812374063382658,9460,1398,88118.45526073646,0.00013391761385747714,0.06203467941981415,100.01339176138575,9987.983040928833,87.13095896679536,0
dodo-k100000000000000000,266,10000,116.11491671858838,-116.1063319638613,116.1063319638613,0.008584754727081645,120498.54385764843,1373.7052875361117,0.9887283175852475,4882,1147,85495.56523399471,0.002045560828693738,0.06650728132210816,100.20455608286937,9982.185062303219,104.78263269803747,0
dodo-k100000000000000000,267,10000,305.2187221122392,-305.2234010757157,305.2234010757157,-0.0046789634764650145,271599.53143468965,284.26352740400756,0.9989544668249035,10599,2303,184095.9512481773,0.0000185552213085316,0.1218951136268278,100.00185552213085,9999.74190963243,101.65458535084109,0
dodo-k100000000000000000,268,10000,93.24276832611856,-93.22086671287552,93.22086671287552,0.021901613243045404,131758.1336503346,1891.6958257393806,0.9858458792416339,6696,1179,85425.61093490342,0.0017609468020067709,0.07870800512586186,100.17609468020068,9995.684880066176,119.34976369164225,0
dodo-k100000000000000000,269,10000,41.36507821819291,-41.35500029216002,41.35500029216002,0.010077926032892037,77616.3638505798,3731.8281525635757,0.9541252477692513,5233,795,46041.06483077019,-0.00003125470986120149,0.04174724895328396,99.99687452901388,10003.237420181596,82.89332654495395,0
dodo-k100000000000000000,270,10000,193.44148309141778,-193.4192933493599,193.4192933493599,0.022189742057889816,181658.260206869,4223.08576057281,0.9772807446675552,8117,1723,124181.48643207236,-0.0043643425052277965,0.1334299140410164,99.56356574947722,10022.519903079155,61.016651922615246,0
dodo-k100000000000000000,271,10000,312.2614980264652,-312.0616114816172,312.0616114816172,0.19988654484797053,288564.4696611321,11072.99105137813,0.9630453714797623,10503,2355,198230.1116337662,-0.0014179181792464135,0.08293670896672381,99.85820818207536,10001.97561657315,72.2700787258984,0
dodo-k100000000000000000,272,10000,36.34059240322687,-36.378070607503695,36.378070607503695,-0.037478204276823135,57044.90823824322,1566.8013556524795,0.9732681171303752,4235,616,34088.62818105888,0.007163146388023307,0.09125361178848636,100.71631463880233,9984.484559479619,30.13487132994103,0
dodo-k100000000000000000,273,10000,259.96249599917,-259.8819571992503,259.8819571992503,0.08053879991973645,143762.22291720493,11453.164506903879,0.9262111527924137,5653,1696,106415.15004849253,0.00464767307868911,0.8010538089745097,100.46476730786891,9967.874423892332,18.907137590054095,0
dodo-k100000000000000000,274,10000,116.10834670739742,-116.09527545446387,116.09527545446387,0.01307125293354261,105199.62054849409,786.1788697083882,0.9925822244675794,6346,1015,67577.44651872982,0.0018849265304120876,0.1759247246672176,100.18849265304121,9984.815066972762,86.94610444573428,0
dodo-k100000000000000000,275,10000,74.7286447819492,-74.89393696193714,74.89393696193714,-0.16529217998794365,123649.59069697226,5747.233912230007,0.9555844285237485,9026,1164,70545.28960515214,0.002498939737755137,0.1126353755486862,100.24989397377551,9994.120456195431,66.29636097997468,0
dodo-k100000000000000000,276,10000,222.43059872033854,-222.55081220951706,222.55081220951706,-0.12021348917852492,244059.49346362418,7299.651341419398,0.9709592768264664,10299,2129,164222.2768003435,-0.001781065922690317,0.1024228546062632,99.82189340773097,10072.888122669858,138.11822407017874,0
dodo-k100000000000000000,277,10000,115.62296052857114,-115.60861871842273,115.60861871842273,0.01434181014840874,185214.16046021838,3556.1126997503206,0.9811616911909813,10946,1595,111361.72220353868,-0.003880521194426336,0.049264632726135744,99.61194788055737,10050.598199701953,142.15299267750655,0
dodo-k100000000000000000,278,10000,183.19059747343852,-183.19422611823182,183.19422611823182,-0.003628644793309377,239877.97369940722,4294.144415436133,0.9824134530650366,11366,2112,156158.7210691029,0.00012951543301440439,0.0835029862249145,100.01295154330144,10021.909249395265,149.28264857405574,0
dodo-k100000000000000000,279,10000,283.57789846129094,-283.5784104887304,283.5784104887304,-0.0005120274394698754,254007.01778466778,8934.012623646777,0.9660227519083904,10777,2285,171970.8495848895,-0.0026691015565788235,0.10850887955167067,99.73308984434212,10031.418632913055,61.750290027930994,0
dodo-k100000000000000000,280,10000,75.57346307717307,-75.53119007250848,75.53119007250848,0.04227300466459383,119644.59104368783,2992.5309873684737,0.9755984897736703,6689,1070,74661.36160893991,-0.000684681176389148,0.044888366276720576,99.93153188236109,10008.074207630474,169.94488864631452,0
dodo-k100000000000000000,281,10000,86.19210758229163,-86.2539441035166,86.2539441035166,-0.06183652122497563,121129.8538614132,2113.666599544686,0.9828496736247139,6278,1136,79820.48239078785,-0.0003572848719807098,0.05317150290572215,99.96427151280193,10018.453529116157,116.82539784415584,0
dodo-k100000000000000000,282,10000,87.63976217414174,-87.6193285116837,87.6193285116837,0.02043366245803213,116595.67033012018,3176.0231980379904,0.9734826894028069,7378,1172,72634.110397764,-0.003392968308102695,0.08320254189817959,99.66070316918973,10026.733922757358,71.85428895294675,0
dodo-k100000000000000000,283,10000,76.62386208270266,-76.62056756171602,76.62056756171602,0.003294520986642624,92253.12795339104,3675.0472874036386,0.9616895945515622,5356,965,59194.11148610092,-0.002517481990427797,0.08936995389614424,99.74825180095722,10007.868963567931,59.544311072851286,0
dodo-k100000000000000000,284,10000,418.54875288690874,-418.45969599805335,418.45969599805335,0.08905688885539575,301520.7302340327,3137.197801645369,0.9897025564971413,10849,2504,209102.62223896617,-0.004218427823139876,0.2061446896461412,99.57815721768601,10035.08180629638,104.0632719251634,0
dodo-k100000000000000000,285,10000,80.32533191586276,-80.29933652898762,80.29933652898762,0.025995386875138138,148821.13250596556,3484.873044559169,0.9771192670179828,10835,1342,84060.8451591285,-0.003780476225035301,0.0685488202862048,99.62195237749647,10034.054702517768,100.77628519878832,0
dodo-k100000000000000000,286,10000,100.20099424856106,-100.24258387143868,100.24258387143868,-0.041589622877623356,135299.8370179175,2808.8208245140167,0.979662239367219,9534,1325,80018.94356137606,0.0005578725095536185,0.09156969540173052,100.05578725095536,10005.697786799445,77.88995752428121,0
dodo-k100000000000000000,287,10000,123.09656378577876,-123.06458302190224,123.06458302190224,0.03198076387651838,174252.65535913297,4841.299058672684,0.9729678253271549,9712,1567,108103.24198519564,-0.0017918147866996038,0.08508784865575734,99.82081852133004,10006.775941831349,115.90317231086996,0
dodo-k100000000000000000,288,10000,297.3474638831319,-297.2917400461571,297.2917400461571,0.05572383697483474,255370.6282885049,8116.663935657473,0.9691952356899542,9151,2251,181558.82773361992,-0.004990343773191626,0.10858291198469189,99.50096562268084,10041.647991847407,95.42736206669963,0
dodo-k100000000000000000,289,10000,62.33102444011693,-62.32335822578802,62.32335822578802,0.007666214328907017,93169.92682385838,3183.716043857877,0.966958010625205,6670,1003,56735.32824518366,0.003024201329994156,0.0790085850664201,100.30242013299942,9986.990087212038,57.840803254481386,0
dodo-k100000000000000000,290,10000,179.0581693492151,-179.14199819483082,179.14199819483082,-0.08382884561572723,187654.44416567832,6425.777194690044,0.9668911280621498,8480,1777,126816.18777923056,-0.002454524115606347,0.15531129762944929,99.75454758843937,9995.709690503534,86.58954499298352,0
dodo-k100000000000000000,291,10000,176.7418702649467,-176.7956092648909,176.7956092648909,-0.05373899994421549,224102.94493439037,6995.375546799049,0.9697298728427217,11083,1837,138919.6364512694,0.002272654320566687,0.08046187769335006,100.22726543205667,9982.09641492864,153.01921293116803,0
dodo-k100000000000000000,292,10000,200.092614236857,-200.37780643947698,200.37780643947698,-0.28519220261998157,273492.03767996485,4281.748574929987,0.9845854836316307,11020,1996,173970.09242264394,-0.003972802027478508,0.08520251904408241,99.60271979725215,10203.396888746456,493.09013499152775,0
dodo-k100000000000000000,293,10000,49.27365911853308,-49.24976118149531,49.24976118149531,0.02389793703777343,68939.46025364392,2473.7888194720535,0.9653595256961451,4414,704,44943.750216287306,0.002418698223974758,0.0563669136749904,100.24186982239748,9970.676364322097,103.97254062375309,0
dodo-k100000000000000000,294,10000,142.21962241604868,-142.136752076522,142.136752076522,0.08287033952669276,178291.18663733482,7119.574186076083,0.9616010734519507,10847,1630,109088.19342794649,-0.0024726966695993724,0.11048152845211603,99.75273033304006,9996.518361319557,61.9183229772161,0
dodo-k100000000000000000,295,10000,92.16865325920173,-92.1798039060381,92.1798039060381,-0.011150646836370015,110470.32417935587,2004.0558797989866,0.9821821122397388,4740,1091,78991.39106747568,-0.0007957607766998365,0.0626712968148901,99.92042392233002,10005.294593474326,105.5472614564718,0
dodo-k100000000000000000,296,10000,110.85142894307135,-110.84928777248221,110.84928777248221,0.002141170589140984,159630.41460685935,367.7989348919027,0.9977012309903327,10033,1500,97223.68167512513,-0.0015046798468529232,0.07966437545607391,99.84953201531471,10015.360847431992,100.7854773452055,0
dodo-k100000000000000000,297,10000,54.12039334698101,-54.069123925273686,54.069123925273686,0.051269421707324625,93558.48145085691,4082.0567365390034,0.9581930127350943,6670,932,54645.995448244765,0.000030669079828413716,0.0793786385237766,100.00306690798284,10000.297627047743,65.1742623323321,0
dodo-k100000000000000000,298,10000,153.35133292242938,-153.27583177255244,153.27583177255244,0.07550114987694201,147241.79734639468,1691.3044883691489,0.9886438644765111,6623,1305,99341.58364374496,-0.0005929617404191844,0.09067438599820946,99.94070382595808,10006.10612531537,126.87282753788942,0
dodo-k100000000000000000,299,10000,217.62800402385264,-217.68629686974893,217.68629686974893,-0.05829284589628969,245027.65860665732,6369.669369398189,0.9746629392576326,11683,2200,158119.26211433494,0.0012620349429998611,0.10564526720065785,100.12620349429999,10013.98633497347,75.61270530574372,0
dodo-k100000000000000000,300,10000,104.07157174517342,-104.07650638110856,104.07650638110856,-0.004934635935143206,175769.68423801835,1303.1919449447505,0.9926403638262575,10842,1692,108078.93704617173,-0.000741286131740111,0.0593774601367889,99.92587138682599,10010.267916112129,102.79312941173237,0
dodo-k100000000000000000,301,10000,163.48602931643143,-163.434479851749,163.434479851749,0.05154946468243793,154057.16809704553,3432.8335294908306,0.9782028478377233,6760,1489,107591.3518295686,0.0005166885383655995,0.11592060038534129,100.05166885383656,10004.447355203733,63.168482125548095,0
dodo-k100000000000000000,302,10000,188.82441082605294,-188.81579925588431,188.81579925588431,0.008611570168625349,183633.95479595615,2282.452576068106,0.9877232321324881,7738,1665,127018.94213992498,0.00024967316824941576,0.08295071234436008,100.02496731682494,9999.206148998283,101.9797741604915,0
dodo-k100000000000000000,303,10000,194.47393622286256,-194.50949052970304,194.50949052970304,-0.03555430684048133,215022.52886018096,2058.6398129443196,0.9905167277957484,9475,1910,144188.07219137772,-0.0031699142092956835,0.09797928789179793,99.68300857907043,10028.466249621122,99.98327419905475,0
dodo-k100000000000000000,304,10000,53.664393219377814,-53.72051978948099,53.72051978948099,-0.056126570103174345,108395.78841571792,3218.862536344804,0.9711609317514484,8610,1028,61336.20111136198,-0.0010953975695493056,0.04789540345860019,99.89046024304507,10007.625939921205,80.1618422792759,0
dodo-k100000000000000000,305,10000,35.598519853706776,-35.60193909589137,35.60193909589137,-0.0034192421845915533,67942.88315328881,1509.9152378665565,0.9782598358476101,4122,675,41768.18961376197,0.000046503859551592085,0.048347356027493904,100.00465038595516,10006.74683319881,120.98806606627531,0
dodo-k100000000000000000,306,10000,212.41025599012409,-212.39329469794816,212.39329469794816,0.016961292175921017,212366.730217379,5875.284133893205,0.9730790418547154,8747,1933,146759.07694434375,-0.0030133864058495873,0.08352965137927398,99.69866135941504,10023.541092290518,88.33883802758481,0
dodo-k100000000000000000,307,10000,154.9043590703494,-154.83107398346237,154.83107398346237,0.07328508688701163,118464.414314877,1042.9659896257697,0.9912727901241889,4570,1240,88161.68496163355,-0.0015400014856955125,0.115330242437539,99.84599985143045,9984.194680204631,35.262454488288526,0
dodo-k100000000000000000,308,10000,124.90928510161956,-124.73776786042129,124.73776786042129,0.1715172411982735,142399.70331723528,6243.933740647362,0.9579939386290989,7416,1364,93348.58815868708,-0.0015888973767550852,0.11237285945146212,99.84111026232449,9993.502539479163,71.39019780118406,0
dodo-k100000000000000000,309,10000,65.2168590905174,-65.21040175744199,65.21040175744199,0.006457333075417182,82212.62824799777,2091.994961402534,0.9751852878079257,5244,832,51789.724875928034,-0.001457196737409845,0.08708740710937263,99.85428032625902,10008.563315600712,74.06469152766799,0
dodo-k100000000000000000,310,10000,159.69413662859031,-159.8712095042619,159.8712095042619,-0.17707287567159824,201460.03146646003,6257.359487685805,0.9698756109975061,10507,1794,126266.73085770615,0.0022120732078072082,0.08860797561709248,100.22120732078072,10000.952941494956,83.06030370845933,0
dodo-k100000000000000000,311,10000,166.7804752941992,-166.8335507388771,166.8335507388771,-0.053075444677915584,230424.71889624489,4116.686409589656,0.9824479332157935,11151,2021,151088.29195352696,0.0024828070414257297,0.056331255891868895,100.24828070414257,9982.537300598222,120.39333735672653,0
dodo-k100000000000000000,312,10000,84.93605032405493,-84.91693616317582,84.91693616317582,0.019114160879112774,146574.99688570024,1905.2805386567652,0.9871681237959202,9652,1322,85120.63137361244,-0.001965089860703131,0.07944919295625652,99.80349101392969,10014.596940308013,128.03620268275165,0
dodo-k100000000000000000,313,10000,188.9263815880298,-188.9683795193975,188.9683795193975,-0.041997931367689034,190369.78111269898,4152.023675263391,0.9786552274703122,7530,1699,130546.81324117679,-0.00035907876543419094,0.08457530584697281,99.96409212345658,10005.824270625777,109.12406973599073,0
dodo-k100000000000000000,314,10000,136.6978741780366,-136.71934051200623,136.71934051200623,-0.02146633396961306,145623.18984995634,3490.5167109905315,0.9765915770488619,7792,1457,96270.19749791743,0.00020472264592342527,0.11845557478794816,100.02047226459234,10000.24466547553,45.73847996385439,0
dodo-k100000000000000000,315,10000,212.50712805709975,-212.7742409810981,212.7742409810981,-0.2671129239983543,244848.82189812794,5968.991797108851,0.9762018825171579,11365,2027,154665.54972428217,0.0013741728219136462,0.14077598327086832,100.13741728219136,9995.6086885526,216.21833919433251,0
dodo-k100000000000000000,316,10000,181.89122160203,-181.79672493243436,181.79672493243436,0.09449666959562819,130277.41981518523,8217.024475585164,0.9406689234527456,5639,1378,91029.01185264991,-0.0005081552957398117,0.2073170126035832,99.94918447042602,9969.388196865231,30.169280603748007,0
dodo-k100000000000000000,317,10000,70.44297236821795,-70.47698177632398,70.47698177632398,-0.03400940810603004,142455.2814961227,3801.431362632771,0.9740084999291353,10425,1302,80352.97627940829,-0.0015330364316623957,0.051466225997339736,99.84669635683376,10028.187292353045,94.60567878562699,0
dodo-k100000000000000000,318,10000,202.7346866142841,-202.8498331826088,202.8498331826088,-0.11514656832468972,194336.1370503245,2219.9217045077057,0.988705910575483,9654,1803,125817.70307409864,0.007143504783086314,0.1338861987888555,100.71435047830863,9980.227861598825,73.23341597513519,0
dodo-k100000000000000000,319,10000,117.15179186617736,-117.24685415175239,117.24685415175239,-0.09506228557502538,140917.01646518652,2937.197227597027,0.9795821258745347,7552,1321,90376.65916647555,0.0043404483926089196,0.06858799342311556,100.43404483926089,9983.30503103425,80.54127455886922,0
dodo-k100000000000000000,320,10000,80.3010242061124,-80.32760018701671,80.32760018701671,-0.02657598090431179,96482.00197290091,1566.6838845759257,0.9840213678452229,4175,961,68710.97596493244,0.0008029038461864956,0.061875720881701,100.08029038461865,10000.690557249512,119.30523616592417,0
dodo-k100000000000000000,321,10000,104.65327253930802,-104.72138817796282,104.72138817796282,-0.06811563865480252,156761.63996213276,3843.053235644056,0.9760713515954883,10014,1534,95475.719761711,-0.0006543503282895813,0.0724941447243097,99.93456496717104,10017.254549366427,79.383797537046,0
dodo-k100000000000000000,322,10000,44.796550408607615,-44.773607000590964,44.773607000590964,0.02294340801665129,73928.26890340098,2591.6808808852143,0.966130651049938,4702,731,45048.44479824596,0.0033766135450937896,0.04129294215033354,100.33766135450938,9967.169164389292,89.50265190011257,0
dodo-k100000000000000000,323,10000,137.45333452696389,-137.553510088365,137.553510088365,-0.10017556140110173,156033.84775920658,3282.5804709512636,0.9793958444372788,8094,1539,101855.61263753155,0.0032105957689222463,0.11824085970722521,100.32105957689222,9990.761137318685,64.41284481911472,0
dodo-k100000000000000000,324,10000,43.758401255459255,-43.77544307922211,43.77544307922211,-0.01704182376285246,70054.02880004553,2507.7697114259972,0.9654395320558443,4569,685,42661.97432010752,0.00024244908144481768,0.056746172761027364,100.02424490814448,10001.87385108886,110.53762081098655,0
dodo-k100000000000000000,325,10000,130.25082044325765,-130.3002245932393,130.3002245932393,-0.049404149981654655,150435.41522251393,1965.9272026302565,0.9871003288334164,6907,1425,101215.82719418922,-0.0014939966085290735,0.0923712724817986,99.85060033914709,10020.921683364744,88.53201256206908,0
dodo-k100000000000000000,326,10000,39.932074438261665,-39.91295780951435,39.91295780951435,0.019116628747312348,71486.33465865214,3705.5316930470726,0.9507189823469073,4472,658,42527.321401855545,0.0015007895808636818,0.04893570610283817,100.15007895808637,9977.97374994213,107.76756774471322,0
dodo-k100000000000000000,327,10000,172.89015228588426,-172.90985551756054,172.90985551756054,-0.019703231676288624,143420.82702583628,1931.1055026438016,0.9867142770718551,5338,1340,104764.3578006092,-0.0017604749770991645,0.11169958189513181,99.82395250229008,10022.401470531962,90.85897714735844,0
dodo-k100000000000000000,328,10000,117.27984911251158,-116.87553443386999,116.87553443386999,0.4043146786415974,115825.44701758468,5154.029295650124,0.9573974904445318,5314,1172,79350.3646269454,-0.029827791344709028,0.11285322860506412,97.0172208655291,10127.67513373885,40.753389784457795,0
dodo-k100000000000000000,329,10000,206.73868013689741,-206.69116004718347,206.69116004718347,0.047520089713941616,205418.5062492629,6760.393405711917,0.9681382389261843,9999,1844,133218.0522737263,-0.0029559780565071494,0.14223907727605067,99.70440219434929,10007.92575435018,93.56275568572572,0
dodo-k100000000000000000,330,10000,163.29658266261694,-163.29327585435692,163.29327585435692,0.0033068082600209436,130579.92144640847,6210.9909291798585,0.9545950032694697,5960,1412,90669.968146153,0.008395290081336384,0.16524421269974895,100.83952900813364,9953.768934360065,45.87125524823195,0
dodo-k100000000000000000,331,10000,179.63997399926131,-179.6489452287065,179.6489452287065,-0.00897122944519424,241600.55748667358,4519.22631687813,0.9816381021995156,11534,2025,149688.64632022413,0.0014435296261804354,0.06768174209044574,100.14435296261804,9981.864553668076,111.84763406821621,0
dodo-k100000000000000000,332,10000,90.6714468249033,-90.68763903144182,90.68763903144182,-0.016192206538519827,136267.58407034317,3568.53654354881,0.9744805810695932,9235,1279,80242.63388634991,0.0008137923567701933,0.08756250008433782,100.08137923567702,9995.599332936268,96.18037729242826,0
dodo-k100000000000000000,333,10000,144.86144386812262,-144.79647033700627,144.79647033700627,0.06497353111635107,177609.98820695374,2697.25512834064,0.9850407832849792,8865,1611,114799.6409529654,0.007595021811462459,0.07732439625239607,100.75950218114625,9945.482643647267,106.66347682725883,0
dodo-k100000000000000000,334,10000,67.35029128611362,-67.38243011052565,67.38243011052565,-0.032138824412029976,91902.42580509992,1516.4902221575314,0.9837667756526414,6158,980,56856.957422411004,0.00327218253314669,0.1791011173360566,100.32721825331467,9993.068758053567,43.53506572387395,0
dodo-k100000000000000000,335,10000,211.03794341020588,-210.81842683418827,210.81842683418827,0.219516576017611,166715.1646942018,5807.573727647087,0.9663373432350318,6187,1556,119624.23134548953,-0.0008396298797407553,0.09272586921576036,99.91603701202592,9978.58972294778,71.3855580917928,0
dodo-k100000000000000000,336,10000,112.27912339511403,-112.37280554162942,112.37280554162942,-0.0936821465153912,164488.57016302552,3981.2419880934754,0.9763682173247616,11347,1519,95568.75184441321,0.0004582263449893276,0.11586249098382041,100.04582263449893,10001.95416371694,74.95867785187997,0
dodo-k100000000000000000,337,10000,123.17440904187906,-123.20605476145863,123.20605476145863,-0.031645719579572074,151377.58299527093,2408.7077727577075,0.9843373049656877,8140,1415,97000.28107573728,0.0005876090404744616,0.09249267003940545,100.05876090404745,9994.794838178732,91.34596491098851,0
dodo-k100000000000000000,338,10000,214.94855078083765,-215.05614455987745,215.05614455987745,-0.10759377903980294,178393.98967223475,2765.5196289731757,0.9847343391487385,6706,1684,129540.53426952037,0.0017877728135285054,0.09819432029303059,100.17877728135285,10007.941542635986,87.77483026771564,0
dodo-k100000000000000000,339,10000,79.57382253089493,-79.57084601187577,79.57084601187577,0.0029765190191568536,117150.1767079859,4082.087237808811,0.9663283757561931,7616,1153,71778.92413923821,-0.0016387208813172548,0.08173051945984369,99.83612791186827,10014.902313820474,90.66365827772091,0
dodo-k100000000000000000,340,10000,202.66949394561254,-202.4097773794222,202.4097773794222,0.2597165661903489,202792.65957934133,1915.1429448893114,0.9906445044044541,9084,1766,134877.39617146738,0.008208232314192258,0.11262087199569251,100.82082323141923,9892.031995834262,113.06145681175519,0
dodo-k100000000000000000,341,10000,37.48031933831907,-37.48326655675793,37.48326655675793,-0.0029472184388623646,65433.05985917403,1430.1088001610754,0.9786114115014887,4777,734,40117.06898988041,-0.00026433754870282657,0.04283879336779577,99.97356624512972,10008.677682058084,75.43729239482286,0
dodo-k100000000000000000,342,10000,159.61181296576305,-159.6369446256404,159.6369446256404,-0.02513165987735988,166619.20181420734,4044.464721661235,0.976301547929001,7173,1555,115197.32118413004,0.0034312857877657164,0.08931266695494998,100.34312857877657,9972.159619765194,83.65751360198476,0
dodo-k100000000000000000,343,10000,166.47921192608538,-166.39955658424333,166.39955658424333,0.0796553418420558,176485.11212220386,2899.143039385475,0.9838383639814212,8532,1731,117440.44460984544,0.004095254849187171,0.08745863278650588,100.40952548491872,9973.775875006448,63.41902642153338,0
dodo-k100000000000000000,344,10000,318.8616888119865,-318.87903361938584,318.87903361938584,-0.017344807399354067,280017.3304803964,8471.376264052078,0.9706353279487081,11211,2548,189328.34667851104,0.001157485450168423,0.11830384522282017,100.11574854501684,9988.385358877931,59.25613573620295,0
dodo-k100000000000000000,345,10000,75.81942276936596,-75.77625679577831,75.77625679577831,0.043165973587647954,116426.10189797814,1836.597802801631,0.9844701853801032,6283,1057,73951.20691896121,0.00027075314208062194,0.04777168389891699,100.02707531420806,10002.49594444444,139.56768586631839,0
dodo-k100000000000000000,346,10000,195.22567512801223,-195.2894284312207,195.2894284312207,-0.06375330320847183,246050.6890584811,6485.193138446917,0.9743197161447744,11582,2009,156070.2422849366,0.002549680662683613,0.07542352684795774,100.25496806626836,9990.136765279756,90.28591474858376,0
dodo-k100000000000000000,347,10000,133.54029557755555,-133.5432458652021,133.5432458652021,-0.002950287646541483,129649.62528207926,1705.4822591663994,0.9870162470946865,7157,1195,82874.00232890635,-0.0010191074645571519,0.19258403188255144,99.89808925354428,10010.798711791042,122.91590736336742,0
dodo-k100000000000000000,348,10000,123.91118712537236,-123.81795402601452,123.81795402601452,0.09323309935784607,145734.17515685913,2763.338191802531,0.9813913504038657,7943,1397,93607.59777046589,-0.0015329423659520103,0.11187511899581735,99.8467057634048,10005.534291308595,97.38786993123438,0
dodo-k100000000000000000,349,10000,58.51315526415509,-58.31171789430838,58.31171789430838,0.20143736984670824,91471.04614743628,1972.450154464207,0.9788915201964238,4522,828,60020.75615213505,0.0053636386320501115,0.051105756160636416,100.53636386320501,9878.055150396405,169.6359167203853,0
dodo-k100000000000000000,350,10000,318.262567794772,-318.0910659179235,318.0910659179235,0.17150187684848106,240812.09185394013,3373.4756359982875,0.98618478696069,10920,2267,160572.37048381177,-0.0032010175702352228,0.22115539526694364,99.67989824297648,9985.150415073012,37.16394604801527,0
dodo-k100000000000000000,351,10000,98.38436877971489,-98.32952602597801,98.32952602597801,0.05484275373687808,136880.89219521312,3605.968849430696,0.974332340956178,6906,1287,89616.91958357047,-0.0006172741301040219,0.08386124679658423,99.9382725869896,10003.999038693288,141.52990195223055,0
dodo-k100000000000000000,352,10000,340.57323212953577,-340.8534080576767,340.8534080576767,-0.2801759281409204,289577.20307212556,5191.138984684894,0.9823890891794466,11681,2559,199291.6481428726,0.019854123398878015,0.17568895112087332,101.9854123398878,9865.61548880135,75.13661845490097,0
dodo-k100000000000000000,353,10000,180.6037853620383,-180.64053147503392,180.64053147503392,-0.036746112995615476,212099.9696535971,7079.304537278793,0.9677008487074664,8275,1810,143930.26352232188,0.0002361095715318129,0.06892822511091054,100.02361095715318,9989.442298630465,144.46897762998216,0
dodo-k100000000000000000,354,10000,273.3353751238104,-273.2826854111197,273.2826854111197,0.052689712690721535,272867.92624462047,3476.084925227293,0.987421167875099,11725,2380,184157.0662594282,0.005184190197704055,0.10230966857314698,100.5184190197704,9940.286696504752,91.15506987045693,0
dodo-k100000000000000000,355,10000,288.5078075440093,-289.01671540956687,289.01671540956687,-0.5089078655575463,231693.05539497396,3085.1728784651714,0.9868592036784946,8162,1861,161156.79344740184,-0.003989227207535322,0.13769944492700475,99.60107727924647,9989.369638219134,154.18981019057375,0
dodo-k100000000000000000,356,10000,136.70813196391398,-136.70638981464953,136.70638981464953,0.0017421492644587033,128097.34752107691,669.1539983926359,0.9948033534304614,4861,1218,92326.16034707968,0.00022278027651864818,0.07407969568721683,100.02227802765186,9997.531884784685,97.80831608080179,0
dodo-k100000000000000000,357,10000,122.92807453347294,-122.79068401050549,122.79068401050549,0.13739052296745058,109980.1358830432,571.9524955958865,0.9948263980899487,4422,1041,78538.89243190436,0.01189278510896159,0.09749738631674304,101.18927851089616,9882.408832929263,98.8813785647594,0
dodo-k100000000000000000,358,10000,99.58938779003277,-99.59732675808043,99.59732675808043,-0.007938968047653816,126907.32333311538,4340.380876366648,0.966929852963835,7067,1142,79884.5628823729,-0.0028568700833056936,0.0922632615929814,99.71431299166943,10028.408594576575,144.43542147189282,0
dodo-k100000000000000000,359,10000,205.30335131040192,-205.26999528330904,205.26999528330904,0.03335602709287855,194251.70563075505,3586.170971771011,0.9818731830660721,7425,1692,134307.58429689155,0.00031846548164992327,0.10002719167902768,100.03184654816499,9993.332461916178,106.20999279808248,0
dodo-k100000000000000000,360,10000,117.63037707557532,-117.61971826473088,117.61971826473088,0.010658810844446975,125816.9139851062,760.8846904768998,0.9939887982060185,5060,1217,90037.36516396965,0.0016639388992551573,0.0927405812864859,100.16639388992552,9982.91063901535,96.80170645181772,0
dodo-k100000000000000000,361,10000,240.0324762827903,-240.40443023719644,240.40443023719644,-0.37195395440613765,171148.99691609258,4712.71156275628,0.9732021734377551,9148,1795,112834.38413917461,-0.004362633978784345,0.34407065304892936,99.56373660212157,10006.597535460633,35.89070504569022,0
dodo-k100000000000000000,362,10000,220.7684908516026,-220.77680478197018,220.77680478197018,-0.008313930367592093,236759.60609356628,1766.4644043647768,0.9925942501770258,11690,2107,153797.62939584276,0.002291104374727979,0.11631368948486667,100.2291104374728,9980.408915164178,97.38404598995342,0
dodo-k100000000000000000,363,10000,165.5077937837573,-165.47921599362212,165.47921599362212,0.028577790135187797,164903.89871017684,2486.711913603379,0.9851442568711789,6581,1496,116220.1059906092,0.0029038472431882666,0.10972593427879673,100.29038472431883,9964.298379017504,105.30057743395567,0
dodo-k100000000000000000,364,10000,151.71256468056495,-151.76144489399869,151.76144489399869,-0.04888021343373339,113902.5381203959,2892.2678048434013,0.9752363319418952,4590,1140,81863.35601044299,0.0001286355580063514,0.2834064249106564,100.01286355580064,10015.297322203776,78.58188494603716,0
dodo-k100000000000000000,365,10000,232.7424462451501,-232.73270152503255,232.73270152503255,0.009744720117538463,233004.90375882087,4821.676860275821,0.979726080879083,9171,2003,159501.88346880174,-0.001024707779876195,0.08336101017172552,99.89752922201238,10014.497378498894,95.25272921915307,0
dodo-k100000000000000000,366,10000,113.1740138566361,-113.14154640391416,113.14154640391416,0.03246745272193152,160562.80682101613,3385.3855697538065,0.97935088200494,10769,1496,93523.78393001518,-0.001990389613918353,0.14492624583753383,99.80096103860816,10024.523147576801,89.16800316112867,0
dodo-k100000000000000000,367,10000,136.29159346393408,-136.3004546546378,136.3004546546378,-0.008861190703726152,157312.7873249911,2417.0020209774343,0.9848681825045026,7831,1455,104129.21919749773,-0.000902773783557791,0.08079763541966699,99.90972262164422,10006.125549324615,102.15133618218331,0
dodo-k100000000000000000,368,10000,72.66886198638811,-72.7122019129259,72.7122019129259,-0.04333992653779717,129430.7561124225,5841.163961850518,0.9568190947637667,10356,1206,70568.71673117165,0.0017417955372606285,0.0763303399867283,100.17417955372606,9991.05232192071,46.64121858200154,0
dodo-k100000000000000000,369,10000,195.90148503818722,-195.83115964671126,195.83115964671126,0.0703253914759614,198911.17257915804,4333.173084324817,0.9786799821162092,9473,1617,128652.43484034308,-0.0043475587463127855,0.12383262449474657,99.56524412536872,10032.622176919487,159.14475917761348,0
dodo-k100000000000000000,370,10000,188.4208103624436,-188.4114780045092,188.4114780045092,0.00933235793439735,182422.45796485443,2326.29955250227,0.987408307456229,6878,1620,129523.77320460578,0.003277274951969673,0.08481712049109574,100.32772749519697,9964.414742627743,99.22440146244203,0
dodo-k100000000000000000,371,10000,159.5920272320231,-159.58286007467456,159.58286007467456,0.009167157348542787,143492.76656367653,3072.233904318475,0.9790384205334932,5369,1352,104179.09640794557,0.0006090902216539007,0.09134498836238464,100.06090902216539,10007.82936918827,58.151763025720285,0
dodo-k100000000000000000,372,10000,68.9020653119369,-68.76908682529138,68.76908682529138,0.13297848664551282,119622.54396063942,2812.6774305224953,0.9770272197937518,7499,1139,73120.73281526934,-0.0007741886613425209,0.04730768448268989,99.92258113386575,9997.838929331296,117.61770074891827,0
dodo-k100000000000000000,373,10000,76.596480930061,-76.67318343955361,76.67318343955361,-0.07670250949260549,93784.7283373171,2068.8189956503925,0.978416876023754,4799,905,63442.372160869636,0.0006899104875030559,0.06765226132891983,100.0689910487503,10007.10233973518,97.85218742429431,0
dodo-k100000000000000000,374,10000,62.161163339126894,-62.1869997901507,62.1869997901507,-0.025836451023806717,82023.57215307439,1727.9603857674517,0.9793680147289715,4475,842,54725.03976584492,-0.00038931518251146714,0.0629894771734628,99.96106848174885,10015.89152601475,94.7746136680901,0
dodo-k100000000000000000,375,10000,312.3857665748511,-311.90352346020313,311.90352346020313,0.48224311464798575,271982.1568874514,2851.5298756951133,0.9896245256202796,11328,2268,183225.38391998576,-0.006679443365620017,0.17148924196960608,99.332055663438,10100.30806986754,155.8141834348393,0
dodo-k100000000000000000,376,10000,180.02408104701016,-179.79204824386943,179.79204824386943,0.23203280314072572,191867.5775000307,6686.643380375401,0.9663233380246148,7878,1452,125277.52521785686,0.0005496751823902457,0.10320003646443368,100.05496751823902,9983.873160359428,217.7149092138442,0
dodo-k100000000000000000,377,10000,146.11850617940394,-146.12957094809116,146.12957094809116,-0.01106476868721984,188052.55789873743,3938.9665510492937,0.9794836435496949,9801,1752,118824.83519302888,-0.0023541546403500037,0.10860029192840628,99.764584535965,10017.545022805196,67.52459434563514,0
dodo-k100000000000000000,378,10000,199.84275427319812,-199.9511849453654,199.9511849453654,-0.10843067216728741,195767.33211893856,5493.827078103962,0.9727029939605719,8152,1710,132270.2712553444,-0.0006303180677809905,0.1011078619704142,99.9369681932219,10020.211788677414,104.99722800548626,0
dodo-k100000000000000000,379,10000,118.45712546027367,-118.50805235732938,118.50805235732938,-0.05092689705570308,145533.93747352393,2869.8305428221424,0.980662010263068,7357,1379,94890.22878444985,-0.003242949557145636,0.061548023614922724,99.67570504428544,10061.897854291412,107.09477794308499,0
dodo-k100000000000000000,380,10000,91.99862924166163,-92.02660161158943,92.02660161158943,-0.02797236992779517,107300.52731275729,4123.914807056462,0.9629891365969591,6570,1075,66307.65693166938,-0.006332449590242817,0.08413360892697824,99.36675504097572,10020.66656278256,37.25852570816146,0
dodo-k100000000000000000,381,10000,87.78834325160983,-87.78004707832172,87.78004707832172,0.008296173288115938,108933.59120009694,1605.2656937398897,0.9854778153235146,6452,1034,68754.85594548112,0.0003676913703880302,0.13132780492569565,100.0367691370388,9991.706286003477,100.82310097088454,0
dodo-k100000000000000000,382,10000,41.43403924121127,-41.44183079508978,41.44183079508978,-0.007791553878504942,67401.48135698985,2327.2642492945342,0.9666240339036762,5528,726,38816.9580356626,0.0032645432206358294,0.06872865522089555,100.32645432206358,9984.507765130495,66.42757372228675,0
dodo-k100000000000000000,383,10000,130.56249665522952,-130.4957758360393,130.4957758360393,0.06672081919023753,117265.87211786838,2830.4254936079205,0.9764320337104426,4504,1143,84983.85857043066,0.004419276393130503,0.0859207096349833,100.44192763931305,9967.447703444446,73.20381602030669,0
dodo-k100000000000000000,384,10000,106.05908522097745,-106.13400091223157,106.13400091223157,-0.07491569125411957,129528.0332654817,2911.4544121491117,0.978016719460318,5974,1276,88083.2884816395,0.00006256579389088301,0.07696613599112936,100.00625657938909,10018.815355677274,84.48340316634926,0
dodo-k100000000000000000,385,10000,50.956228796963714,-50.8895445122386,50.8895445122386,0.06668428472511323,62424.84023446659,2445.7609753649053,0.9622978524978701,4337,587,37817.38755800836,-0.001030062249173085,0.11811658886906556,99.89699377508269,10001.999368531948,104.61406622725117,0
dodo-k100000000000000000,386,10000,108.01056967775432,-108.0370556647716,108.0370556647716,-0.02648598701728133,163329.95253529676,4095.1544229365763,0.9755403804283775,9196,1551,102266.2352301592,0.00046410852863786544,0.05020448898921117,100.04641085286379,10001.096685898192,93.76261887180742,0
dodo-k100000000000000000,387,10000,131.3706020734811,-131.33363308919763,131.33363308919763,0.03696898428347595,189938.62027216124,5363.098078781731,0.9725394219566228,11233,1621,113976.55609469375,-0.0015584051773146258,0.08226060282005974,99.84415948226854,10037.97877396792,150.68622293412932,0
dodo-k100000000000000000,388,10000,192.11052332736242,-192.22313137789735,192.22313137789735,-0.11260805053493073,232055.1022890233,3900.022947137645,0.9834713361566771,9959,1943,153074.9172094939,-0.0028851853842354557,0.06158958338611143,99.71148146157645,10053.970377835323,102.91410981530791,0
dodo-k100000000000000000,389,10000,222.1432406543348,-222.131062652746,222.131062652746,0.012178001588779352,133846.8019444394,1696.6792011025886,0.9874823991034969,5026,1340,98949.29245292072,0.002677773568814672,0.20617388000064693,100.26777735688147,9986.043642580797,50.707941737509806,0
dodo-k100000000000000000,390,10000,112.60342885500171,-112.59509951675287,112.59509951675287,0.008329338248842078,172977.3495876073,1460.8063027541355,0.9916256492434358,10171,1669,107189.32655391401,0.0029989736789659107,0.08102362382633331,100.29989736789659,9974.825898605863,84.43827250739176,0
dodo-k100000000000000000,391,10000,111.47621874859578,-111.45144775124572,111.45144775124572,0.024770997350060497,166429.9175379968,6383.845197596149,0.9630593935544155,8927,1545,103410.28061110963,-0.0014561864388684853,0.08317281407811919,99.85438135611315,10025.30584875229,148.86748956424333,0
dodo-k100000000000000000,392,10000,65.42408674710622,-65.4373796766746,65.4373796766746,-0.013292929568379463,91410.12211672681,2118.4122757662526,0.9773500965290836,5113,941,60470.49555636841,0.0006281639990314147,0.05939808598184357,100.06281639990314,9995.814262072012,111.24275701570009,0
dodo-k100000000000000000,393,10000,257.9700863269563,-257.8343205958055,257.8343205958055,0.13576573115079782,238002.60364618417,5863.095300974306,0.9759576876687167,10616,2173,158075.75634829147,0.007715083206354478,0.17249507283964008,100.77150832063545,9960.810836698769,59.912073026557394,0
dodo-k100000000000000000,394,10000,288.99575359624583,-288.912322442465,288.912322442465,0.08343115378085031,246084.38795042728,4189.682500062261,0.9832596221713225,9716,2178,170173.9361834936,0.006468979706090891,0.16608929159796473,100.64689797060909,9931.429217332248,88.08142200921634,0
dodo-k100000000000000000,395,10000,60.40000312465855,-60.36941511753088,60.36941511753088,0.03058800712766896,82002.91857067953,1561.8859785579843,0.981309284608717,4585,880,54654.70045959586,-0.0042358565972674,0.06351723850457602,99.57641434027326,10039.435548148527,155.1184015835788,0
dodo-k100000000000000000,396,10000,209.3076960637326,-209.30305556321937,209.30305556321937,0.004640500513232837,179940.88679577087,989.5638061474688,0.9945306950662236,6675,1617,129224.81317054016,-0.00002119960433020651,0.08800719410141142,99.99788003956698,10000.198978803075,103.43715369072217,0
dodo-k100000000000000000,397,10000,141.25050259248275,-141.30146371326038,141.30146371326038,-0.05096112077762882,161835.48798465612,5601.962821897626,0.9665429520402233,7934,1532,108458.89645962864,0.0005519522969102298,0.0993916586110413,100.05519522969102,9994.468225256025,79.41108286165839,0
dodo-k100000000000000000,398,10000,61.804005202280706,-61.785309872546215,61.785309872546215,0.018695329734491395,114929.89412537336,2710.413313169291,0.9769601646562743,5498,975,73364.14024169376,0.0009000246519067901,0.03489078343882682,100.09000246519068,9990.505976609338,198.38121121080906,0
dodo-k100000000000000000,399,10000,41.60007800725302,-41.5885216800794,41.5885216800794,0.011556327173614989,82757.95586744943,1153.0522373235024,0.9862586296677097,6642,809,46344.226238925556,-0.003982471646401393,0.07431549706592008,99.60175283535986,10038.147711780919,95.64050066528185,0
dodo-k100000000000000000,400,10000,177.44679311933962,-177.31048303299846,177.31048303299846,0.1363100863411546,184644.02213796086,2428.863429232411,0.9870164859975926,7326,1614,126542.0380624925,-0.0036354116200570273,0.09342838523555187,99.6364588379943,10032.661291395134,104.7825873962232,0
dodo-k100000000000000000,401,10000,42.178412547560775,-42.16199170987779,42.16199170987779,0.01642083768298619,64251.94679720539,1867.7964071247786,0.9717513057884585,3985,654,41097.585840547836,0.0032939625580036135,0.03993807492133982,100.32939625580036,9974.16862274516,82.87062419917793,0
dodo-k100000000000000000,402,10000,254.81258429547395,-254.81452153340217,254.81452153340217,-0.001937237928217428,251851.5718353758,447.7744782553038,0.9982252253729635,10289,2201,171414.40584022834,0.003113835811585943,0.08999334838927595,100.3113835811586,9969.269113270546,99.80422989275071,0
dodo-k100000000000000000,403,10000,133.75528109539624,-133.8019289491097,133.8019289491097,-0.04664785371346625,185672.59907500638,4225.842875599689,0.9777468270292662,9739,1729,117080.60707024764,0.0019913660432828804,0.0591191852519286,100.19913660432829,9997.79829218672,79.5186281759675,0
dodo-k100000000000000000,404,10000,135.05663451927998,-135.13147080833386,135.13147080833386,-0.07483628905387718,153017.21157993865,4659.1792742313755,0.9704510025312508,5864,1421,108468.21606872747,-0.000909134269661962,0.06190209477501043,99.9090865730338,10025.813756317271,120.4283501745212,0
dodo-k100000000000000000,405,10000,34.83516464718974,-34.83632264196603,34.83632264196603,-0.0011579947762854204,54335.09073521897,2850.993328700536,0.9501453303654461,4170,534,32089.991702966123,0.0009267201553575433,0.0703030788917306,100.09267201553575,10001.341565388246,70.0721854917118,0
dodo-k100000000000000000,406,10000,87.12828084029272,-87.157995802572,87.157995802572,-0.029714962279285828,139822.03282691026,2795.862108485776,0.9803961339511268,9366,1322,82890.07817322524,0.00003389871837882197,0.08977665717502845,100.00338987183788,10010.880978591465,115.35967467289188,0
dodo-k100000000000000000,407,10000,62.20721575845669,-62.16193566880794,62.16193566880794,0.045280089648748856,82132.60043576456,2130.0454729041508,0.9747213554721165,5122,804,52420.95962178946,0.0003240827335149277,0.07824353248859622,100.03240827335149,9979.574127120943,104.9332958814478,0
dodo-k100000000000000000,408,10000,193.65399069825256,-193.66263518570003,193.66263518570003,-0.008644487447469373,140969.28782136022,4052.458531862636,0.9720562009921446,7668,1412,91540.44497766386,0.00321311530163257,0.24962539212774218,100.32131153016326,9979.303275210028,70.17455432988118,0
dodo-k100000000000000000,409,10000,134.82396249110158,-134.83093259938042,134.83093259938042,-0.006970108278835596,160890.73296813385,9307.086053801164,0.9453160674602905,5918,1305,111246.15522987852,0.0004466162730017231,0.06989906956482655,100.04466162730017,10027.937058703848,119.38920600185742,0
dodo-k100000000000000000,410,10000,168.22167690119923,-168.6741177102581,168.6741177102581,-0.45244080905885653,132889.3565127697,3721.5819706772036,0.9727578039358235,4731,1314,99012.22156200281,0.0007011930787592746,0.15637423978136866,100.07011930787593,10006.432404890282,38.63694140995803,0
dodo-k100000000000000000,411,10000,127.69850148079155,-127.75328789363508,127.75328789363508,-0.05478641284352648,126627.40391992289,3495.4440810668852,0.9731373533951524,5834,1099,83178.53569241954,-0.0016829351011340065,0.11176851931854358,99.8317064898866,10019.520972979462,115.05567820961065,0
dodo-k100000000000000000,412,10000,55.36240660905391,-55.4137239780761,55.4137239780761,-0.0513173690221862,119441.54661162739,3255.0277888889404,0.9734709155101299,9163,1018,64805.73918198482,0.0007386341234985139,0.05307270891652081,100.07386341234985,10016.962981525865,149.97496318984773,0
dodo-k100000000000000000,413,10000,143.45877052372506,-143.40180686013053,143.40180686013053,0.05696366359453009,168742.04258157098,5418.614520700621,0.9688872641453191,8376,1613,110103.14470650785,-0.00019201841013668285,0.1250920776641884,99.98079815898633,10009.830448373861,111.05521381129603,0
dodo-k100000000000000000,414,10000,267.338120055959,-266.67183195795326,266.67183195795326,0.6662880980057366,261738.94889362846,6263.2976565970175,0.9766296822611775,11523,2238,172421.82997239183,-0.030153513842712414,0.12108076568445042,96.98464861572876,10204.987790170097,70.54611788601315,0
dodo-k100000000000000000,415,10000,124.99980228070599,-125.02510756359342,125.02510756359342,-0.02530528288743028,139744.79530823394,1668.0653024743553,0.9882042885260178,5755,1313,96404.45565904322,-0.00045130660915503995,0.06959227208799518,99.9548693390845,10008.013431814836,101.89334590755318,0
dodo-k100000000000000000,416,10000,47.53427770558161,-47.525830455855555,47.525830455855555,0.008447249726053485,90101.06575946932,1954.8430551645201,0.9787646107638692,6248,864,53414.113372925916,-0.0009956740896387827,0.038959319030748535,99.90043259103612,10007.120044853831,111.54540870840175,0
dodo-k100000000000000000,417,10000,137.5545815249869,-137.53504037459203,137.53504037459203,0.01954115039487192,154464.1524979057,4596.559625691275,0.9711018543528238,7203,1410,102968.00987003192,-0.0016840188402942147,0.08567088067535053,99.83159811597058,10013.882256379819,107.07520351566187,0
dodo-k100000000000000000,418,10000,59.70959304868549,-59.75878696664303,59.75878696664303,-0.04919391795753825,99840.04358663506,1304.3444103502854,0.9871041346318773,5456,922,63069.97734640564,-0.0009337700474982568,0.0440305156328111,99.90662299525017,10032.299089034632,154.00157860553227,0
dodo-k100000000000000000,419,10000,83.35610260069679,-83.30649389156417,83.30649389156417,0.04960870913261317,121028.6942571577,3246.3627834199756,0.9738775997313767,7698,1128,72741.48791636727,0.0022912701767226905,0.10849417111847202,100.22912701767227,9971.104801532434,103.70456875739303,0
dodo-k100000000000000000,420,10000,137.74673303656365,-137.70973972166567,137.70973972166567,0.036993314897983964,152381.68225477822,5319.935032361293,0.9662658181705589,10016,1544,92094.36743207915,-0.004950580109656215,0.11560883948312153,99.50494198903438,10005.232888599654,65.58705845503661,0
dodo-k100000000000000000,421,10000,51.532576635709944,-51.50754292787706,51.50754292787706,0.025033707832882612,73724.75092121205,2074.3698443850008,0.9726333257769595,4084,708,47435.05576533097,0.003961615763645767,0.0422926230106394,100.39616157636458,9960.725176361808,113.96973346125885,0
dodo-k100000000000000000,422,10000,52.35626255261953,-52.317257485585095,52.317257485585095,0.03900506703443796,75697.26973020782,3081.8128402151337,0.9608803156921736,4771,730,46695.751085931806,-0.0005916466021628253,0.05932916396467533,99.94083533978372,9996.688036972686,143.2724004731088,0
dodo-k100000000000000000,423,10000,50.089838619773666,-50.10479806592472,50.10479806592472,-0.014959446151053157,62849.33072344695,1687.3664698235202,0.9738541551828984,4433,568,37970.81718150752,-0.00017318568660400048,0.0797391248162755,99.9826814313396,10004.119431514338,129.30019002215653,0
dodo-k100000000000000000,424,10000,101.86375537730348,-101.84261870104625,101.84261870104625,0.02113667625722826,122123.30119284727,1913.0443433496914,0.9845767437352351,6704,1226,79399.60979039478,0.0008516309391443144,0.08725688147118049,100.08516309391443,9994.954145714182,64.94421331010906,0
dodo-k100000000000000000,425,10000,136.2813488694428,-136.23043692220006,136.23043692220006,0.05091194724275283,136828.3077774179,2367.903848495531,0.9829887335234437,5646,1260,95155.35343921852,0.015575042798747489,0.07898758966813006,101.55750427987475,9836.345637075385,118.38385301113112,0
dodo-k100000000000000000,426,10000,125.89464622611709,-125.88867591995731,125.88867591995731,0.005970306159781558,167516.92812797136,1730.0001049446773,0.9897782481312519,9669,1570,105073.75830897588,-0.002949734862181259,0.06447925282046868,99.70502651378187,10027.805933658226,95.29531009585322,0
dodo-k100000000000000000,427,10000,102.02177408554391,-102.20259624159615,102.20259624159615,-0.18082215605224405,130691.5042096034,3146.946033491616,0.9764869809253192,7462,1304,83528.44925668971,0.0024753139212357667,0.06995250546441312,100.24753139212358,10001.561081747113,76.86609659728674,0
dodo-k100000000000000000,428,10000,73.3168946701444,-73.28745569834132,73.28745569834132,0.02943897180308852,153488.5389095081,3277.591118558376,0.9790924792366082,10291,1323,87155.20177364534,-0.0016796197756667652,0.036667120901752386,99.83203802243332,10013.359081475115,194.90843545565022,0
dodo-k100000000000000000,429,10000,261.6992622531323,-261.80456359306976,261.80456359306976,-0.10530133993745494,278247.9923049343,2286.24082664375,0.9918504034209206,10632,2245,186373.74950384005,0.0014739134876175797,0.08471986374328366,100.14739134876176,10004.635836037327,131.93445052589976,0
dodo-k100000000000000000,430,10000,126.62268880471166,-126.64709066920585,126.64709066920585,-0.02440186449419457,159144.80536577624,5276.9460190379195,0.9679060344839187,8325,1441,102115.67658233666,-0.0003307267645944023,0.07028174042397267,99.96692732354056,10005.622307795456,87.42609396551642,0
dodo-k100000000000000000,431,10000,131.05761108304543,-131.04190541397264,131.04190541397264,0.015705669072787032,188848.58954673455,1002.9687598513806,0.9947170896631161,10601,1677,115590.62803031383,0.0017809179616234871,0.07726032343540297,100.17809179616235,9979.428165623942,115.61020348028701,0
dodo-k100000000000000000,432,10000,187.9201475352518,-188.03334316848253,188.03334316848253,-0.11319563323073112,118573.20652648975,2991.7433995604574,0.9753897533673943,5767,1265,82462.50297416393,0.0010858690136933546,0.2737147221560889,100.10858690136934,9973.500701491683,55.8637384565773,0
dodo-k100000000000000000,433,10000,287.9196630112412,-288.19582341926855,288.19582341926855,-0.2761604080273514,188888.65689210503,6496.700173342889,0.9667492985609628,7819,1951,134769.7038741532,0.00003415879366357899,0.1928542697690706,100.00341587936636,10011.458788626347,29.59092273044651,0
dodo-k100000000000000000,434,10000,69.50935441364453,-69.50583257838913,69.50583257838913,0.003521835255398287,101363.99558804458,1981.0628549897453,0.9808305991129537,6804,992,61989.659751764724,-0.0011307821947157493,0.06719005730736256,99.88692178052843,10004.24230889065,75.05302836475634,0
dodo-k100000000000000000,435,10000,237.30446421472686,-237.3372052413253,237.3372052413253,-0.03274102659844402,263563.7465658271,3286.3839465765213,0.9876845331112786,10867,2236,176765.88254740922,-0.000037967977778805565,0.10599018204045904,99.99620320222212,10004.161619803308,133.83458281712393,0
dodo-k100000000000000000,436,10000,114.625646781883,-114.56874265133865,114.56874265133865,0.05690413054435339,142365.55339269407,3220.189317356694,0.9778811492292205,8456,1327,88298.16750777171,-0.005920761021790639,0.113586512792605,99.40792389782094,10054.4235780351,92.19011207615675,0
dodo-k100000000000000000,437,10000,94.2199245891394,-94.2217285522583,94.2217285522583,-0.0018039631189026295,118302.62537413393,2678.43852638172,0.9778606796797205,6300,1216,77680.00590086226,0.001786033177826596,0.09423296236722152,100.17860331778266,9989.930682233693,59.333780437215594,0
dodo-k100000000000000000,438,10000,52.42132145940967,-52.40382374502207,52.40382374502207,0.017497714387594954,86115.14841442797,2807.53714437279,0.9684272114958079,5237,858,53542.33041508903,-0.0012548640663730738,0.08118553357584644,99.87451359336269,10018.192076242436,103.42552155893274,0
dodo-k100000000000000000,439,10000,274.9093918378259,-274.74240884594604,274.74240884594604,0.16698299187987686,276834.1531541279,6814.9365545140945,0.9759740580817154,11010,2297,184104.4841625277,0.001843814879270127,0.14966443121414058,100.18438148792701,9966.904271716205,65.04314524380018,0
dodo-k100000000000000000,440,10000,63.10614366294643,-63.11766849567128,63.11766849567128,-0.011524832724852274,123890.59883386,3738.5328959754006,0.9707078404020714,10329,1067,65382.193052352646,-0.00283828858715637,0.07841674836647712,99.71617114128436,10020.362401549995,114.23074103393479,0
dodo-k100000000000000000,441,10000,33.17040859166248,-33.16340711527275,33.16340711527275,0.00700147638973192,60931.06587869496,3043.6033974758916,0.952424867030777,4465,660,37487.72115805468,0.002092205046914444,0.05170991151257425,100.20922050469144,9984.538966157077,67.50017776197232,0
dodo-k100000000000000000,442,10000,380.9409877759686,-381.3994561981917,381.3994561981917,-0.4584684222230635,266143.8848808208,4156.147764412794,0.9846239464947912,10022,2459,190028.22740721036,-0.0023713403809269094,0.18724331967005967,99.76286596190731,10052.148689677299,49.24764939711783,0
dodo-k100000000000000000,443,10000,210.06850166160712,-210.06471600546777,210.06471600546777,0.0037856561393425636,221298.69935563885,3400.4154999831194,0.9848668050954805,9321,1985,148909.0850797035,-0.0007644083211346242,0.10815164449034213,99.92355916788654,10009.118145749258,94.36663547381654,0
dodo-k100000000000000000,444,10000,235.144086018525,-234.9676032174218,234.9676032174218,0.17648280110319092,229015.00369311753,5218.603823234507,0.9777205163743627,11318,2012,147791.82459768598,-0.005985816536068995,0.13642988937873327,99.4014183463931,10028.952342720326,83.27319595062855,0
dodo-k100000000000000000,445,10000,35.05190284830597,-35.04961915736764,35.04961915736764,0.0022836909383343595,79343.95531557448,2437.118394422386,0.9701994815687474,6113,800,44724.12806241264,-0.0005199823245384039,0.03807535685273123,99.94800176754616,10007.378664230739,109.9092269867585,0
dodo-k100000000000000000,446,10000,97.85821839473164,-97.88828712320145,97.88828712320145,-0.030068728469814232,121651.53621936394,4661.899592705939,0.9630926071899275,4703,1063,84809.15539727002,0.002095414179120354,0.05843514354364771,100.20954141791204,9995.743042119262,119.80019033788815,0
dodo-k100000000000000000,447,10000,97.21344769006535,-97.2285480756342,97.2285480756342,-0.015100385568842967,132519.81470755837,5240.970540339815,0.9619560056157579,8276,1272,81185.14597251787,-0.0002319861410796875,0.11928506938367377,99.97680138589203,9997.58494520783,97.24092416885661,0
dodo-k100000000000000000,448,10000,157.2398730079472,-157.37790006524193,157.37790006524193,-0.1380270572947211,175158.15840423704,4006.3447706859547,0.9776387359120213,9514,1654,109517.14879709587,0.0020937557992483846,0.17322474230536897,100.20937557992484,9998.627799666705,78.63750169079104,0
dodo-k100000000000000000,449,10000,98.69996583150693,-98.64667831423766,98.64667831423766,0.05328751726926839,145603.39844609244,5449.611086504556,0.963922525586433,10269,1441,86595.44753207105,0.0031556787410319488,0.12229563927195301,100.3155678741032,9968.048281524238,55.34013984938232,0
dodo-k100000000000000000,450,10000,75.76626795344792,-75.79428969024477,75.79428969024477,-0.02802173679684472,144841.07161326427,5582.689531803929,0.9628869170049539,11021,1313,81721.96074412933,0.001436905277984266,0.045854693618657336,100.14369052779843,9997.736467226114,100.43729998502583,0
dodo-k100000000000000000,451,10000,73.81518840941932,-73.83377150726129,73.83377150726129,-0.018583097841968765,104462.4347729058,3641.6150384625043,0.9663137963395748,5242,1022,68318.97596133519,0.0010516082035530872,0.06893700576745317,100.10516082035531,9991.488588018858,115.67576703159847,0
dodo-k100000000000000000,452,10000,120.27468119328738,-120.28463246159272,120.28463246159272,-0.00995126830534332,141206.16324647755,4664.598208823341,0.9680223907636714,8253,1369,88485.22309217267,-0.0019783017818990347,0.12272855845565105,99.8021698218101,10005.208335126044,66.93526093106411,0
dodo-k100000000000000000,453,10000,237.10930043246418,-237.10181880774456,237.10181880774456,0.007481624719616775,233868.7508395574,5070.09264182653,0.9787807935789999,10264,2157,157302.92300383202,0.0009433219457066855,0.095582276807653,100.09433219457067,9981.810994227555,69.62910628954926,0
dodo-k100000000000000000,454,10000,38.36768187596079,-38.268301252861086,38.268301252861086,0.09938062309970519,62442.88043287575,1721.7391073703022,0.9731668461574782,5254,691,36606.68817826731,-0.000794730849662102,0.08534030594154274,99.92052691503379,9994.463028996379,48.609308582368236,0
dodo-k100000000000000000,455,10000,228.06515532676679,-229.06266659757298,229.06266659757298,-0.9975112708062,155168.50023317858,7469.570872777783,0.9540724332133067,6875,1518,107874.28940553089,-0.0012903814689673254,0.27919898992373604,99.87096185310327,9990.110088646907,68.55504131725361,0
dodo-k100000000000000000,456,10000,138.86027081593963,-138.85930385116666,138.85930385116666,0.0009669647729708686,130803.05377559079,535.7667282185271,0.9959207283409174,5210,1244,94716.53451685786,0.0006995469342437843,0.08904340434383413,100.06995469342438,9991.49206485292,105.73620594054768,0
dodo-k100000000000000000,457,10000,274.22590354881095,-274.176846724748,274.176846724748,0.04905682406297274,294576.6677018024,5335.163366327582,0.9822108939573123,11836,2488,195838.57222487096,0.00029121631474296803,0.08127574947380936,100.0291216314743,9993.180221414963,85.0943379522687,0
dodo-k100000000000000000,458,10000,96.65563215438428,-96.68664391028332,96.68664391028332,-0.031011755899044147,154083.42890833286,6230.47562096336,0.9611357752201415,10547,1434,88995.71382112103,-0.005564877915388422,0.0778211913389724,99.44351220846116,10050.24587936875,58.4527547431518,0
dodo-k100000000000000000,459,10000,105.39607189561656,-105.39353905712632,105.39353905712632,0.002532838490239442,96324.80730942645,2849.4233016578833,0.9712685111434642,4306,1058,68599.20707221272,-0.0027809945199365415,0.15356642140037763,99.72190054800635,10006.80322917507,54.759180549935586,0
dodo-k100000000000000000,460,10000,109.41661642436003,-109.48339271318727,109.48339271318727,-0.06677628882724207,147922.95944634292,3725.7172969612393,0.9754319168688312,9076,1385,91402.26988424372,0.0012914368509133567,0.1013416138352558,100.12914368509134,10002.050919743819,80.3890781604229,0
dodo-k100000000000000000,461,10000,49.56417324268344,-49.559814859788595,49.559814859788595,0.004358382894842805,92127.66338343291,1179.5447098279647,0.9873584824374018,6678,909,55288.59364482211,-0.0007955633784490601,0.04757941147008665,99.9204436621551,10006.993239585956,107.07658468719652,0
dodo-k100000000000000000,462,10000,306.3019802037499,-306.3045008055293,306.3045008055293,-0.0025206017793948376,277268.0579553111,1389.1842998868935,0.9950147202755468,11571,2323,184918.58341199774,-0.0002525850706732058,0.15052211253028047,99.97474149293268,10009.208876330486,104.15971191181474,0
dodo-k100000000000000000,463,10000,39.47704948455467,-39.47265106835462,39.47265106835462,0.004398416200046995,82317.1555178686,449.8847476215201,0.9945644456274088,6532,805,46322.62926919203,-0.002630731405914446,0.04678489982690394,99.73692685940856,10026.332340197954,99.54678831296937,0
dodo-k100000000000000000,464,10000,64.71383605051969,-64.73249677654321,64.73249677654321,-0.01866072602352631,116419.22310770168,2399.2148156792214,0.9798077229627751,8352,1128,67338.0473469509,-0.000031527972196414564,0.05264007106578816,99.99684720278036,10005.294071514276,95.88776045030315,0
dodo-k100000000000000000,465,10000,182.6400858261369,-182.42735140005857,182.42735140005857,0.2127344260783275,180800.41592938287,5057.425848674317,0.9727887411136859,6988,1629,127702.63620548687,0.0015154724759570116,0.1214074538046593,100.1515472475957,9971.843117855124,97.65309966561432,0
dodo-k100000000000000000,466,10000,152.82381496834645,-152.79864269800208,152.79864269800208,0.025172270344370418,129158.64506710248,2822.8791629725874,0.9786115580992106,5415,1213,91115.70663622612,0.0012597099881637064,0.09605656398663726,100.12597099881637,9978.450441441913,75.03875251009258,0
dodo-k100000000000000000,467,10000,58.25862275319547,-58.25859822259111,58.25859822259111,0.000024530604356698404,79074.8074139774,240.1317356150293,0.9969724274116617,4279,800,51896.88114227995,0.00048345115351608567,0.059416911757301565,100.04834511535161,9995.64964012947,101.77994543370228,0
dodo-k100000000000000000,468,10000,107.88974532785862,-107.89502903262489,107.89502903262489,-0.005283704766270603,114610.70784991485,733.4360386772828,0.9936413240070021,5524,1096,78570.34312856766,-0.00048102792823968344,0.09721161154743684,99.95189720717603,10006.552593168528,103.89632848176089,0
dodo-k100000000000000000,469,10000,51.22401593255579,-51.19933704670116,51.19933704670116,0.024678885854626742,80227.20859491745,3192.889405047562,0.9617251779655197,5755,788,47548.666102548195,0.003074437477428091,0.08499514557668945,100.30744374774281,9980.964287258492,91.26349732777008,0
dodo-k100000000000000000,470,10000,58.74303279894087,-58.72624906607724,58.72624906607724,0.016783732863629552,97675.57725268461,2573.433066283186,0.974329591303743,6736,922,57655.54203626496,-0.00195718946857113,0.07307236157887914,99.80428105314289,10025.392986300838,132.9398925875566,0
dodo-k100000000000000000,471,10000,52.71617907723409,-52.744512862101345,52.744512862101345,-0.02833378486725735,83709.89619923885,3242.9791304521987,0.962704176047588,6283,875,50411.34323217716,-0.0010961678280197874,0.04617182929034186,99.89038321719802,10012.549955774335,65.47061976477148,0
dodo-k100000000000000000,472,10000,231.71543950724495,-232.3899828468715,232.3899828468715,-0.6745433396265526,157334.83665971493,2635.913609535139,0.9835225276802254,7381,1551,107825.11269851639,0.00454844108394596,0.2572722041514477,100.4548441083946,10020.875330725297,79.49324905523362,0
dodo-k100000000000000000,473,10000,190.73764934546122,-190.67032461082954,190.67032461082954,0.06732473463168276,212250.47515737568,4671.678611852704,0.9784638012730473,10057,1947,140206.6717989342,0.01684229372615931,0.10374357130935166,101.68422937261593,9916.047768888908,57.854180223578204,0
dodo-k100000000000000000,474,10000,298.79213371823766,-298.88191608364,298.88191608364,-0.08978236540235685,297911.9064065549,3048.289507089347,0.9898714529413584,11133,2485,203606.31310747334,-0.004319808227939887,0.10579257249239561,99.56801917720601,10059.470458039003,116.09748451979789,0
dodo-k100000000000000000,475,10000,115.77702605320727,-115.29388152238616,115.29388152238616,0.4831445308211073,114269.84561500094,1822.0355358738097,0.9843052286015948,7266,1194,72788.44397355575,0.0018514693156375017,0.25199764873360164,100.18514693156375,9987.72185382001,49.48173493297955,0
dodo-k100000000000000000,476,10000,148.53705954563026,-148.56982422013039,148.56982422013039,-0.032764674500128876,218763.40225009774,5608.698264801726,0.9750026930624145,11455,1932,135920.26000407693,0.0017716208795067702,0.057513805646482015,100.17716208795068,9989.77094911431,108.59601315210521,0
dodo-k100000000000000000,477,10000,95.87315387448454,-95.86985812681678,95.86985812681678,0.0032957476677637487,145749.24505568424,4519.534321912455,0.9699236638466616,8610,1302,87738.42019787227,-0.00198908186093675,0.0721338063664534,99.80109181390633,10027.392028517908,109.38881867964473,0
dodo-k100000000000000000,478,10000,93.23643812805915,-93.22471771332344,93.22471771332344,0.011720414735705731,88792.32564257443,3950.6654702125056,0.9574020050161202,4312,997,63035.19538738183,-0.00045729303054699245,0.09376576094654808,99.9542706969453,9997.418018859255,50.407565765424664,0
dodo-k100000000000000000,479,10000,96.22672600861344,-96.13784524092043,96.13784524092043,0.08888076769301279,118824.73378610559,3418.6913877495613,0.9720337401959451,8611,1210,70673.5830737569,-0.0008387927548945129,0.16261489603905305,99.91612072451055,9990.712266629856,72.52114921339496,0
dodo-k100000000000000000,480,10000,151.68005483330748,-151.69032184198477,151.69032184198477,-0.010267008677288914,202172.5971906388,3034.616338251037,0.9852119412077889,10172,1815,129664.25957359791,0.00011670788020055057,0.07411731986258943,100.01167078802006,10000.746340025706,101.69001240386267,0
dodo-k100000000000000000,481,10000,88.99188505200385,-88.99216360194333,88.99216360194333,-0.0002785499394803992,174801.36388206933,3616.7696913265763,0.9797286877802769,11446,1461,98486.02009727735,-0.00028277582624113506,0.036651954595553635,99.97172241737589,10006.165648458802,146.35858597611372,0
dodo-k100000000000000000,482,10000,142.7178796189036,-142.76793351129646,142.76793351129646,-0.05005389239286728,186771.61004656448,5520.58671908309,0.9712906357515319,8925,1600,119543.12716919812,0.0027239743114697034,0.08301568559978492,100.27239743114697,9988.437350231292,159.33411335403972,0
dodo-k100000000000000000,483,10000,150.87809833472505,-149.868451052737,149.868451052737,1.009647281988066,88465.04780491312,3030.169377766152,0.9668816636424161,3979,847,61683.5008240771,0.0017963042999281243,0.1875432049938739,100.17963042999281,9983.461916495655,92.25154665532128,0
dodo-k100000000000000000,484,10000,98.2751346963939,-98.38279747287154,98.38279747287154,-0.107662776477639,150123.52188412644,7992.8828503203995,0.9494493764657482,11101,1452,84168.3805345327,0.0035752103637906887,0.09526452486838338,100.35752103637907,9992.301754842623,108.23916588867387,0
dodo-k100000000000000000,485,10000,117.43025495738854,-117.39458127231703,117.39458127231703,0.03567368507151514,150348.79294743517,4279.260791409833,0.9723254565524238,7346,1354,98167.86237090564,-0.002668004289997299,0.061301583838338586,99.73319957100027,10019.503619293913,119.5297720697439,0
dodo-k100000000000000000,486,10000,111.8177649246004,-111.79955381237419,111.79955381237419,0.018211112226211412,106242.4307638074,1019.2141760838799,0.9904978692369015,4617,1097,75850.3252437955,-0.0009531860229844824,0.08488613761605165,99.90468139770155,10007.640098304977,77.7629685280421,0
dodo-k100000000000000000,487,10000,105.26693439436292,-105.37850200968289,105.37850200968289,-0.11156761531997006,121685.95066104145,2432.73188419225,0.9803999540254089,4533,1060,87500.82305733292,-0.0023928208789919837,0.04575564187522829,99.7607179121008,10059.004301699693,172.84417558901163,0
dodo-k100000000000000000,488,10000,120.4254174760588,-120.48682799928585,120.48682799928585,-0.061410523227053204,160497.64202534527,4373.119311160495,0.9734754708736084,7864,1454,104646.3363117188,-0.00022961886298276113,0.0877271985121726,99.97703811370172,9985.993684980896,122.67048292464139,0
dodo-k100000000000000000,489,10000,205.32509168645538,-205.32182659884447,205.32182659884447,0.0032650876109130422,193172.13866528752,1329.8592773972728,0.9931627474706498,6856,1691,137244.87391065538,-0.00226541627861792,0.12253024102209423,99.77345837213821,10024.893166837237,119.25194359041714,0
dodo-k100000000000000000,490,10000,94.93709552860406,-94.91817033523266,94.91817033523266,0.01892519337140186,125130.93110381438,1906.0734174612007,0.9849959196956507,6655,1204,81425.95488505786,-0.0045896115770632665,0.06625361990537514,99.54103884229367,10043.461571459165,97.31936629640732,0
dodo-k100000000000000000,491,10000,291.05961954584023,-290.994505920071,290.994505920071,0.06511362576924284,272507.55845091614,5180.244093932058,0.9813450787306532,11038,2349,184480.47445743208,-0.0006906458765625701,0.1036439139056084,99.93093541234374,10000.540475554903,79.77451593859573,0
dodo-k100000000000000000,492,10000,82.50223340645297,-82.52593653564824,82.52593653564824,-0.023703129195268957,118323.83511099577,1901.2191562144822,0.9841861651233788,5990,1141,78572.49723278028,0.001736735723540903,0.04464387566987781,100.17367357235409,9986.694227867825,121.66367939265241,0
dodo-k100000000000000000,493,10000,182.8228851495705,-182.97213234941233,182.97213234941233,-0.14924719984182389,170946.34247316633,3405.8704356727108,0.9804655738011567,10113,1774,108514.21150580922,0.0143209517483794,0.23364509855573942,101.43209517483794,9943.585714131243,40.56523644849904,0
dodo-k100000000000000000,494,10000,59.19025670324747,-59.12403200612331,59.12403200612331,0.0662246971241629,95689.10042312082,2793.768901456345,0.9716319302979616,7873,947,52822.61613708331,-0.00023816537609107512,0.15128661332622315,99.97618346239089,10006.8239429188,62.51250639959682,0
dodo-k100000000000000000,495,10000,156.53722633950787,-156.5522054275328,156.5522054275328,-0.014979088024944076,150398.39234864604,3033.9564271472473,0.9802260967041528,8035,1427,97807.18296891455,-0.00009929700131095842,0.13262835447432025,99.9900702998689,9997.308230987637,93.3622555485158,0
dodo-k100000000000000000,496,10000,131.9314196798553,-131.9457755443057,131.9457755443057,-0.01435586445037984,144934.82612957255,5255.48131712313,0.9650078529935204,7184,1472,98574.44295634143,0.003431617703977281,0.07443691550118033,100.34316177039773,9986.078289783925,63.81967609577817,0
dodo-k100000000000000000,497,10000,119.19804437779419,-118.18168371811718,118.18168371811718,1.0163606596770052,139456.16645954797,3167.648058071683,0.9777901883441749,7744,1249,86865.59500670277,-0.022002961560217072,0.0959317730654297,97.79970384397829,10294.125653688536,142.06103934942544,0
dodo-k100000000000000000,498,10000,58.80142690652265,-58.80591408101029,58.80591408101029,-0.004487174487643131,129063.98651750297,3240.6446291606903,0.9755061890043113,10557,1185,69843.03059917853,0.0011768501891796746,0.038162932965481816,100.11768501891797,9991.729934255085,95.30359048196318,0
dodo-k100000000000000000,499,10000,42.49654861720807,-42.495177205789574,42.495177205789574,0.0013714114184963933,84448.9566684689,1763.4464288577756,0.9795453279864269,6379,842,48550.70640479345,0.000043852467479297277,0.042147643885136574,100.00438524674793,9995.600419074131,87.47165406845828,0
dodo-k100000000000000000,500,10000,205.85435154282223,-205.88969979881546,205.88969979881546,-0.03534825599322744,198437.21735930978,2962.509172427459,0.9852904012163064,7312,1804,142117.56002712782,0.0039765309285662905,0.09152081299110691,100.39765309285663,9963.438062254954,108.87813137566569,0
dodo-k100000000000000000,501,10000,201.6972377441588,-201.62078856757532,201.62078856757532,0.0764491765834805,150759.07959095322,2950.6277684618885,0.9808038944374378,5405,1334,109608.75908066127,0.0004758523363608447,0.1522240669756833,100.04758523363608,9988.417553753774,99.87699805983084,0
dodo-k100000000000000000,502,10000,188.63867110333456,-188.7161391638308,188.7161391638308,-0.0774680604962441,183499.75526732448,5978.169304582348,0.9684492569881742,8764,1801,122846.9416568209,0.0006859201989597352,0.180905860753833,100.06859201989597,9996.37824017599,75.81893143355069,0
dodo-k100000000000000000,503,10000,65.53830568947174,-65.54101083962257,65.54101083962257,-0.0027051501508310594,121171.79728104488,3331.379842748684,0.9732426117974781,8286,1173,72372.31629514934,0.002099225023917768,0.03629992768317478,100.20992250239178,9982.286788022695,97.94582952960913,0
dodo-k100000000000000000,504,10000,316.67778052925047,-316.5891139011622,316.5891139011622,0.08866662808827641,303379.6347294152,11062.957530912046,0.9648172423099952,11167,2506,203026.39045050537,-0.003617242110930761,0.10917107016797757,99.63827578890692,10016.69213989212,67.85407064680061,0
dodo-k100000000000000000,505,10000,30.465281629621618,-30.479389583335074,30.479389583335074,-0.014107953713455856,55781.813637651576,3106.685658938011,0.9472446114938111,4265,530,31820.268923162916,0.000529968632122717,0.062005359751766916,100.05299686321227,10016.835927462995,80.97984172022159,0
dodo-k100000000000000000,506,10000,65.5705509199536,-65.50744184121046,65.50744184121046,0.06310907874313898,142181.57084500606,5593.02457898374,0.9621516502011971,9936,1180,77353.31366039753,-0.0011381428359848655,0.0410127584673684,99.88618571640151,10011.762616537813,125.3239000523486,0
dodo-k100000000000000000,507,10000,64.62321447262086,-64.64962923819476,64.64962923819476,-0.026414765573903765,97217.99965882156,2141.0926194403683,0.9784509643722983,5670,963,62578.858554808685,0.00038317799224230954,0.05122909806092125,100.03831779922423,10006.276944928535,116.76323549341127,0
dodo-k100000000000000000,508,10000,169.18014534773727,-169.18555677457425,169.18555677457425,-0.005411426836985811,207870.63288742196,997.6645583466084,0.995223475412272,10515,1940,133826.9588142821,-0.001652942837838083,0.11211928038721411,99.83470571621619,10016.770284160715,95.07703668238047,0
dodo-k100000000000000000,509,10000,257.29579067641225,-257.20030402866763,257.20030402866763,0.09548664774462168,255775.70216376084,9245.888568562146,0.965112696882494,10958,2276,170775.986710457,0.0002298371383092501,0.11134665465163777,100.02298371383093,9998.988444001063,93.67146644680534,0
dodo-k100000000000000000,510,10000,198.65363867650822,-198.59610106486116,198.59610106486116,0.05753761164706361,187807.87672904338,4381.259791393786,0.9772033952037248,7550,1679,130619.86249164255,-0.00044239788244937017,0.1132284552263917,99.95576021175506,9992.425810833583,87.51734843932982,0
dodo-k100000000000000000,511,10000,173.47911346262933,-173.46403934449188,173.46403934449188,0.015074118137448522,219292.06296100357,3205.5691741846995,0.9855927942089873,11022,1890,137452.53293881577,0.002449241111699081,0.06694691868904684,100.24492411116991,9972.491873703662,103.86260754960776,0
dodo-k100000000000000000,512,10000,86.80807467788489,-86.77598155354264,86.77598155354264,0.03209312434225353,148306.61913547135,3929.862145478715,0.9741858054494427,10663,1393,86338.50874364296,0.0029872658500413253,0.07141598740849077,100.29872658500413,9967.462985281265,90.71353089466925,0
dodo-k100000000000000000,513,10000,310.68737374062044,-310.5362083390979,310.5362083390979,0.151165401522519,260786.2065790984,7395.158731385651,0.9724247852835562,9888,2444,182939.1014884145,0.001696323052898663,0.1197450413310618,100.16963230528987,9954.544110969906,46.23435740383001,0
dodo-k100000000000000000,514,10000,95.833116037469,-95.4455172989203,95.4455172989203,0.38759873854870364,144565.53985908497,6716.701681107376,0.9556015193011078,9652,1229,82917.04053189707,0.00046704779289242994,0.12285410698666027,100.04670477928924,9978.531785367726,201.20910727615166,0
dodo-k100000000000000000,515,10000,108.61182024839192,-108.60581227018668,108.60581227018668,0.0060079782052469,147238.73942974632,1896.1040439941569,0.9872859755652741,8528,1403,90715.83999207559,-0.00042290839096907005,0.12075460355032205,99.9577091609031,10002.218225351462,85.3506831389895,0
dodo-k100000000000000000,516,10000,156.52446905001077,-156.61863610128,156.61863610128,-0.0941670512692383,152027.7867680516,1980.0956000662916,0.9871428944439781,6819,1568,106454.48016792207,-0.0001682834846336334,0.15806733544616122,99.98317165153664,10008.986369855138,36.74187400178701,0
dodo-k100000000000000000,517,10000,318.6843872106535,-318.6246505179949,318.6246505179949,0.05973669265858916,237173.9679709481,5146.510800699079,0.9787615523591428,10107,2287,161853.46305569453,0.00944739672883216,0.16905801002390078,100.94473967288322,9957.430060128694,33.76847659356618,0
dodo-k100000000000000000,518,10000,162.26829719536684,-162.23837124772848,162.23837124772848,0.029925947638361095,115867.22228572656,2100.1304661671743,0.9821973586998759,4233,1121,86587.66806786579,-0.00008473010245836576,0.0928769989517511,99.99152698975416,9994.897357794,72.43327741346008,0
dodo-k100000000000000000,519,10000,349.8335012822934,-349.7888863963242,349.7888863963242,0.04461488596922436,312576.7438716231,1533.6224035002417,0.99511756831942,11707,2523,212763.99014951198,0.004495048118515683,0.11525219832680335,100.44950481185157,9949.595484306516,105.0759677992,0
dodo-k100000000000000000,520,10000,180.5077622835541,-180.2289293304225,180.2289293304225,0.27883295313159806,207794.51933756244,9870.650390516706,0.9546521365689893,9811,1684,131607.45618159356,-0.004068794664534181,0.07599741985506427,99.59312053354658,10034.916368928532,138.28744481730243,0
dodo-k100000000000000000,521,10000,24.486400429160142,-24.495088933503144,24.495088933503144,-0.008688504343002279,61576.81014833311,2569.189501095003,0.9599477829461512,4881,554,33089.30428719028,-0.0005115999100036106,0.03958435393183237,99.94884000899964,10006.962066403066,111.02052442371586,0
dodo-k100000000000000000,522,10000,65.7529233307239,-65.75260617897337,65.75260617897337,0.0003171517505364818,104044.4306713667,1567.3131283934983,0.9851596700139227,6735,980,62147.71804698854,0.0009770903155734345,0.08091664032758829,100.09770903155734,9989.083857267606,94.86528978636358,0
dodo-k100000000000000000,523,10000,52.55840922420346,-52.57287704985634,52.57287704985634,-0.014467825652879185,104400.02395269071,2366.8570081002435,0.977831543014079,7507,982,60721.15064454246,-0.00005657894123373808,0.042393264493396005,99.99434210587663,10004.719420730507,112.16467383836296,0
dodo-k100000000000000000,524,10000,147.1793149046707,-147.29982450504738,147.29982450504738,-0.12050960037669256,106850.63570648045,7436.563627199179,0.9349309137807555,4669,1088,76694.30260099692,0.0026781665513507845,0.11952401679063726,100.26781665513508,10022.867435605627,60.93384366556086,0
dodo-k100000000000000000,525,10000,93.15936494868215,-93.2548048057572,93.2548048057572,-0.09543985707504987,109564.5393417353,2602.337192099052,0.9767994146532727,5834,1062,71835.45622719741,0.0006622700923132641,0.07809977878314783,100.06622700923133,10021.761714976197,103.88130537616819,0
dodo-k100000000000000000,526,10000,71.25210029437956,-71.2319901881111,71.2319901881111,0.020110106268461436,131455.07692473583,6952.748399135658,0.9497662189051351,10664,1208,71506.06255534649,-0.0005973124870661195,0.07071110396151667,99.94026875129339,9999.31283969749,104.74560557098565,0
dodo-k100000000000000000,527,10000,61.29331209505374,-61.28697356545601,61.28697356545601,0.006338529597734066,98586.3257664579,3150.6208478062053,0.9690316944565696,6585,990,60280.57354792286,-0.0000869837590521172,0.048632290527111335,99.99130162409479,10005.582026929018,81.35558103079696,0
dodo-k100000000000000000,528,10000,102.93947406478492,-102.90088437722807,102.90088437722807,0.03858968755685055,154020.77491628437,3549.6358326671357,0.9774727005165799,9492,1407,92562.00209677049,0.005442486202279753,0.07630346263294598,100.54424862022798,9944.990021655009,89.07469559322297,0
dodo-k100000000000000000,529,10000,53.9649889423214,-53.963941969385665,53.963941969385665,0.0010469729357325264,75990.6722431656,784.4154592512724,0.989782942843495,4072,754,49262.2012715102,0.0009025006808180081,0.05742406420819208,100.0902500680818,9991.168879199218,100.28336618752037,0
dodo-k100000000000000000,530,10000,167.597553501118,-167.7794435338132,167.7794435338132,-0.18189003269520754,147803.49033578802,2522.0123195666147,0.9832229909428692,5365,1409,109150.67572557699,0.0015150907528742152,0.07907175553487335,100.15150907528742,10009.348006174225,101.69769729782128,0
dodo-k100000000000000000,531,10000,194.63307795263478,-194.65519832388208,194.65519832388208,-0.022120371247297044,230476.03930548986,2826.2598347883322,0.9878858466238732,10694,2018,147435.63081504533,0.0010419736651067523,0.13544508956965415,100.10419736651068,9994.947996985878,110.13111417837389,0
dodo-k100000000000000000,532,10000,110.94422960941925,-111.00778679599904,111.00778679599904,-0.06355718657978571,165432.28174754017,5729.442461763931,0.9665261466123249,9344,1467,102449.64155555796,0.0003208989739134438,0.0621212982554691,100.03208989739134,10008.019883538156,124.74795167451322,0
dodo-k100000000000000000,533,10000,71.29708018606917,-71.38968314970901,71.38968314970901,-0.09260296363984821,105773.83788323734,4986.212443305003,0.9549818510500431,6715,1023,64525.3954420216,-0.0015633333975270602,0.10070074175536518,99.8436666602473,10042.9360640192,142.7729189741036,0
dodo-k100000000000000000,534,10000,192.58068727222707,-192.23782062249776,192.23782062249776,0.34286664972930225,130981.33013093492,5849.491942039259,0.957250187834729,6741,1421,88702.21004656775,0.003752781025577434,0.21493778681625755,100.37527810255774,10002.528268066295,33.98897758375087,0
dodo-k100000000000000000,535,10000,92.4385634307326,-92.4437684224126,92.4437684224126,-0.0052049916800029905,88337.01847479418,1672.769385971528,0.9814156946069121,5167,1067,58081.46002414942,0.0032660703226859767,0.1223691681045156,100.3266070322686,9982.415807962356,17.266303552170353,0
dodo-k100000000000000000,536,10000,98.78830782062778,-98.82237914932543,98.82237914932543,-0.034071328697649506,134357.58570315715,1373.991679432243,0.9898771405598614,9455,1295,80941.9888618019,0.0008701748293690059,0.13816548179407234,100.0870174829369,9993.735579695453,85.9329445092417,0
dodo-k100000000000000000,537,10000,87.99891145829082,-87.99388749056114,87.99388749056114,0.0050239677296843865,126506.70951761522,2280.855346224542,0.9822897859072344,7612,1245,79509.23984210605,-0.0001269923330517031,0.056899010995418,99.98730076669483,9998.709467306457,86.57890930611123,0
dodo-k100000000000000000,538,10000,123.3380846860849,-123.33015220967218,123.33015220967218,0.007932476412719325,99894.27126533796,2719.4557723855005,0.9734981288479488,3957,940,72137.57916959285,0.004729357646854168,0.08493448607293672,100.47293576468542,9983.28518670697,64.3198757310599,0
dodo-k100000000000000000,539,10000,97.70082676745437,-97.75464159231083,97.75464159231083,-0.05381482485645961,109445.95151605729,3045.3897785276386,0.9729277849878901,4958,1070,76049.93996335506,0.0007180793751442138,0.06324752084710425,100.07180793751442,10003.909712226303,106.7799829552167,0
dodo-k100000000000000000,540,10000,225.8970065330637,-225.95706904880143,225.95706904880143,-0.060062515737740796,231991.00255726444,5363.00017620841,0.9774050569426016,9767,2082,154927.68925499782,0.0002107456889504533,0.14001042911212352,100.02107456889505,10000.102795314302,90.5869240700577,0
dodo-k100000000000000000,541,10000,126.31370085573056,-126.32717446760279,126.32717446760279,-0.01347361187222873,101664.69310422218,2330.6484390929654,0.9775889149984451,4015,1062,75528.73253329849,0.0046934154467876965,0.10939418136062727,100.46934154467877,9982.892627469431,42.0996734967568,0
dodo-k100000000000000000,542,10000,118.48940853133622,-118.44828096134904,118.44828096134904,0.041127569987182255,170350.0937134969,4152.961776861815,0.9762012088258749,10330,1538,102838.60898896099,-0.0016729390196125848,0.08563904987822951,99.83270609803874,10002.708533835386,99.12963906929552,0
dodo-k100000000000000000,543,10000,64.01740422239271,-64.00280485146834,64.00280485146834,0.014599370924372579,81264.78290325447,1673.8345894162148,0.9798183929269844,4661,804,52541.293347134684,0.003347757674399503,0.0741063179835119,100.33477576743995,9975.59920338596,82.93519514019627,0
dodo-k100000000000000000,544,10000,211.27626357918948,-211.62343266576363,211.62343266576363,-0.347169086574155,188694.60603352805,6342.09598223979,0.9674825511470807,7639,1693,131033.24992640923,-0.0025477190171261555,0.11166499088235014,99.74522809828738,10033.816892110368,83.85583403727492,0
dodo-k100000000000000000,545,10000,223.48003605289978,-223.4895403663103,223.4895403663103,-0.00950431341053104,252071.3944593081,1481.6611693563295,0.9941564057838599,11733,2229,166417.54528814065,-0.000589654137686324,0.0740003969676441,99.94103458623137,10002.351108601362,93.23300619833327,0
dodo-k100000000000000000,546,10000,137.7312359128434,-137.84394995996988,137.84394995996988,-0.11271404712647382,221737.75234268742,2982.5873322683256,0.9867275595231724,11595,1862,136634.80448627114,-0.000933368890013071,0.04980307502905305,99.9066631109987,10049.060859340394,305.13540527244663,0
dodo-k100000000000000000,547,10000,79.84015781918,-79.84285469763455,79.84285469763455,-0.002696878454543139,126550.17169672757,3308.5761792268463,0.9745217304698848,7851,1214,76480.13040242235,-0.0005347134126814978,0.09445952066920583,99.94652865873185,9999.151555352324,98.21059136074548,0
dodo-k100000000000000000,548,10000,73.45412153542517,-73.44154815565096,73.44154815565096,0.012573379774210025,107473.8925747364,2992.786778132995,0.9729077872561644,4950,981,70317.30633432751,-0.0009589285741230924,0.051023647133216346,99.90410714258769,10012.113260660835,159.14265862726558,0
dodo-k100000000000000000,549,10000,40.717194994634056,-40.67891036662942,40.67891036662942,0.03828462800463939,68866.3701674144,3142.839165869543,0.956355038543426,5484,681,40220.18524918432,-0.006176196411519186,0.09242342294031004,99.38238035884808,10068.498360542935,101.7972663837582,0
dodo-k100000000000000000,550,10000,100.89519856617946,-100.87785714532862,100.87785714532862,0.01734142085084045,128780.99688548395,3311.2436036667223,0.9749323382554125,5485,1185,89354.74945681494,0.004648384475873541,0.05419428892927456,100.46483844758735,9944.43434753294,130.97145669698696,0
dodo-k100000000000000000,551,10000,188.9064145591839,-189.09097510652688,189.09097510652688,-0.18456054734298277,159697.24727817613,1970.7056831636983,0.987810164927152,6936,1549,111061.2952578374,0.0019860248914964984,0.19288861639099125,100.19860248914965,9988.095143661205,68.6646416531645,0
dodo-k100000000000000000,552,10000,68.00503243279952,-68.04607202003339,68.04607202003339,-0.04103958723386825,85862.65122691015,1806.2340040857948,0.9793970916896387,5034,906,56349.747438438404,0.0004187309106866621,0.06492765055323091,100.04187309106867,10002.053191446748,55.18647110103805,0
dodo-k100000000000000000,553,10000,109.9422914341086,-109.96541572482974,109.96541572482974,-0.023124290721142415,174941.34183275278,6667.662784650822,0.9632856157176918,9288,1566,108243.62806910198,0.002033396889886063,0.05041543476030469,100.2033396889886,9983.51855497389,101.98080623911477,0
dodo-k100000000000000000,554,10000,172.8506149819064,-172.86757415375058,172.86757415375058,-0.016959171844177945,152833.5295347472,5668.051698693185,0.9642397782117686,6530,1530,108215.42122819049,0.0005075496177936145,0.1550557396641389,100.05075496177936,9995.795105552694,39.7306217339827,0
dodo-k100000000000000000,555,10000,123.19954466567157,-122.8982785469016,122.8982785469016,0.30126611876997345,118163.5706545738,3722.0039210303953,0.969463130202322,6412,1135,76899.81971066272,-0.00005499149525306279,0.17569284697592535,99.9945008504747,9983.807932466907,99.0478883338801,0
dodo-k100000000000000000,556,10000,63.59243843972798,-63.558335057801784,63.558335057801784,0.034103381926193777,142662.2195849054,4170.284074209671,0.9715983588763741,9679,1219,79823.16723040803,-0.0011312647413396347,0.03422110532971459,99.88687352586604,9994.061461058864,202.7625046711033,0
dodo-k100000000000000000,557,10000,121.63089255073353,-121.65625421443102,121.65625421443102,-0.025361663697481163,183268.73919666026,6642.698166929852,0.9650221268442498,11447,1697,109191.81146355362,-0.0000457034147387958,0.07463123257617198,99.99542965852612,10020.534512620165,106.7344285451224,0
dodo-k100000000000000000,558,10000,109.75108312312764,-109.6953597910867,109.6953597910867,0.05572333204094093,144582.01306973575,2031.746960660521,0.9861421809232687,8566,1286,89651.50309947264,-0.00019460421199710254,0.08269997421380665,99.98053957880029,9990.482360057698,116.09850474915106,0
dodo-k100000000000000000,559,10000,347.0041853280308,-346.98965040711505,346.98965040711505,0.01453492091576436,271231.89212764095,5635.972880157518,0.979643817168891,10913,2484,186399.8539045564,0.0033654605176482734,0.1280537901308955,100.33654605176483,9974.525983619675,69.45967769035484,0
dodo-k100000000000000000,560,10000,102.51338447941521,-101.58629555292855,101.58629555292855,0.9270889264866611,112275.60178333285,3159.5546978065518,0.9726291816624966,5142,1082,75235.43620746596,-0.03146897063152352,0.07824549846300613,96.85310293684765,10273.942000366033,85.91916807170469,0
dodo-k100000000000000000,561,10000,77.57508354394636,-77.58810444564476,77.58810444564476,-0.01302090169839687,107698.36170243802,1585.512711799917,0.9854917962938423,7118,1037,64286.462459385875,0.0009490485739557642,0.09626623067128676,100.09490485739558,9998.30222090629,72.1248658647297,0
dodo-k100000000000000000,562,10000,106.98145411503121,-106.98156897486511,106.98156897486511,-0.0001148598339000273,147536.53375449718,40.11677361846097,0.9997281631377667,7815,1409,96766.61146221326,0.0005776099749364505,0.05823495212249753,100.05776099749365,9994.478885050732,99.63677897888302,0
dodo-k100000000000000000,563,10000,160.7219150106028,-160.68957413533337,160.68957413533337,0.032340875269426306,180115.17208018046,560.7362943057725,0.9968964523308579,7843,1671,124407.70006233241,-0.0060795953270609,0.09526278349329274,99.39204046729391,10058.16807662117,95.99120198730567,0
dodo-k100000000000000000,564,10000,268.65584577956554,-268.6575471076289,268.6575471076289,-0.0017013280633477734,241619.21636084505,2257.8912495057143,0.9907416843194925,10603,2095,160381.21243228897,0.00024032557205643456,0.14936358030809857,100.02403255720564,9997.232053996877,98.954955671467,0
dodo-k100000000000000000,565,10000,197.74742675508125,-197.88985205053734,197.88985205053734,-0.14242529545609273,191353.02369004226,6918.631735649984,0.9651052909161646,7361,1618,130602.15985554243,-0.002077099211942368,0.11521830329193407,99.79229007880576,10067.851710578921,218.39122965706557,0
dodo-k100000000000000000,566,10000,120.69467604201148,-120.63412788773942,120.63412788773942,0.0605481542720554,142992.6642190085,2281.9608128374907,0.9842920894661593,6753,1371,96293.49826430094,0.006512963814162162,0.10108278822765555,100.65129638141622,9914.117447529687,109.61850464730547,0
dodo-k100000000000000000,567,10000,231.58475935124943,-231.73496220357498,231.73496220357498,-0.15020285232554897,217145.28372221385,2941.9059791326754,0.9866329976627681,10363,2114,144560.70263154397,0.005405207662703617,0.10773922505864504,100.54052076627036,9982.851702835114,51.24606829775438,0
dodo-k100000000000000000,568,10000,66.22446376502688,-66.19784622281509,66.19784622281509,0.026617542211795353,121668.25651542546,2571.727186409083,0.9793003257906004,9672,1140,68788.40669296544,0.0009731978632866856,0.063503102129541,100.09731978632867,9983.44043640739,112.53721362883763,0
dodo-k100000000000000000,569,10000,301.52016198755905,-301.54046055395486,301.54046055395486,-0.020298566395808848,254379.77078469476,637.3187226544972,0.997500878376874,9173,2208,180459.60398010103,-0.0001916568098648952,0.11303436224579486,99.98083431901351,10000.841347451606,102.45326020043706,0
dodo-k100000000000000000,570,10000,312.85004924288575,-312.40704137538194,312.40704137538194,0.44300786750380894,240728.35614636797,6612.236557428294,0.9732666745674585,9322,2287,168114.5284850303,-0.01860731322677097,0.19965735766659634,98.1392686773229,10047.222976460116,45.819512705477635,0
dodo-k100000000000000000,571,10000,352.16172578544865,-351.99206950831774,351.99206950831774,0.1696562771309118,284522.42404138955,4157.622322277672,0.9855978188494535,11557,2596,196352.1717049392,-0.01793328603773844,0.14661476189388536,98.20667139622616,10098.270542784958,67.94677806911939,0
dodo-k100000000000000000,572,10000,67.91783229664475,-67.90720011273424,67.90720011273424,0.010632183910502135,86891.90085944298,2364.839820441928,0.9735051963310724,5112,917,56964.9986945764,0.0004097732018823308,0.06594821012795733,100.04097732018823,9994.399647016753,61.81167045016577,0
dodo-k100000000000000000,573,10000,162.59331968217666,-162.7628183448642,162.7628183448642,-0.16949866268754477,184887.8398003383,5728.101377675497,0.9699495155427421,11050,1840,114319.70078558948,0.005998957855958622,0.13627317485017115,100.59989578559586,9980.570598707816,51.63776651458527,0
dodo-k100000000000000000,574,10000,150.74412896764036,-150.7938003205334,150.7938003205334,-0.0496713528930286,169890.18391781635,3646.887379537419,0.9789849664266345,6915,1423,114830.19873092088,-0.002475642904825577,0.09747615391301281,99.75243570951744,10043.681622923774,167.5473347110451,0
dodo-k100000000000000000,575,10000,218.02799487913106,-217.96224053207874,217.96224053207874,0.06575434705231942,246385.87450875214,3676.653249368179,0.9852970643689385,11506,2170,161245.62017547886,-0.0005577293837498587,0.08790797946281004,99.94422706162501,9995.592476054806,88.1459098851723,0
dodo-k100000000000000000,576,10000,198.49053754834648,-198.40836087299095,198.40836087299095,0.08217667535552664,213194.28516362692,7712.95527711564,0.9650850951660654,11067,1856,133328.04499414677,-0.00403911970984737,0.1319741602283014,99.59608802901526,10021.373788672478,83.24196392931401,0
dodo-k100000000000000000,577,10000,56.766046815314766,-56.765023630963256,56.765023630963256,0.0010231843515100536,69022.84465944403,872.3789813187077,0.987518761141642,4058,750,45499.660943912924,0.005686054131552396,0.11112360715299573,100.56860541315524,9982.215729215546,44.438527779382895,0
dodo-k100000000000000000,578,10000,173.61575394529154,-173.74170361934569,173.74170361934569,-0.12594967405414081,199499.78271344822,9731.8858897611,0.9534875100183002,11281,1616,119577.98692585202,-0.001121127280633516,0.09680343540958802,99.88788727193665,10025.31231409038,183.1108844988538,0
dodo-k100000000000000000,579,10000,54.0528817618949,-54.05213106860724,54.05213106860724,0.0007506932876637507,86998.86956035436,3407.750035063036,0.9623064101908332,5093,833,53043.29610601269,0.00045844378747844416,0.06780127496237781,100.04584437874784,10011.392325905133,143.8945402773289,0
dodo-k100000000000000000,580,10000,114.08175683373372,-113.98910523208664,113.98910523208664,0.09265160164707709,162764.51395968368,4270.667593588042,0.9744325264062649,9088,1434,100027.53835220351,-0.003726817201791164,0.05729819378948122,99.62731827982088,10030.455973537306,157.51798221163267,0
dodo-k100000000000000000,581,10000,61.57260224378287,-61.57197812240504,61.57197812240504,0.0006241213778253041,93528.44575328862,6027.112440458478,0.9394598096800483,7671,1022,52988.28101527415,0.0007208135751719169,0.13467585407387303,100.07208135751719,9989.389050931135,27.90702266373063,0
dodo-k100000000000000000,582,10000,109.05117604095086,-109.04364661644706,109.04364661644706,0.007529424503800897,128882.07051272977,4184.291726411173,0.9685548499560592,7086,1280,83854.66033822135,0.0030331190437449607,0.0995723517109424,100.3033119043745,9986.073287715995,66.33948181015751,0
dodo-k100000000000000000,583,10000,52.820318885004625,-52.79862612578995,52.79862612578995,0.021692759214673174,78366.68858010502,1180.3027028637598,0.9851621955296195,5335,810,48578.70956402181,-0.003665940533776819,0.0540309660881303,99.63340594662232,10020.22327345903,62.790361907341946,0
dodo-k100000000000000000,584,10000,155.78772833226805,-155.78910573873858,155.78910573873858,-0.0013774064705387445,215895.61669902678,358.99360527171996,0.9983399493552227,11780,1957,134812.43658764366,-0.00002377532224286938,0.07463790147286745,99.99762246777571,10001.396789952027,102.45791525013938,0
dodo-k100000000000000000,585,10000,34.31887007954753,-34.360348081075436,34.360348081075436,-0.04147800152790637,65592.69793052234,1316.577032996012,0.9803229517325683,5146,722,39313.12345011224,0.0014464079190170764,0.05432358916931776,100.14464079190171,10006.161128983027,62.998818361584135,0
dodo-k100000000000000000,586,10000,166.12696854468825,-165.82630361197005,165.82630361197005,0.30066493271820605,161501.14848682616,4335.9698307607305,0.9738540450126665,6383,1451,113220.7251169502,-0.004057183445556518,0.08024486633016209,99.59428165544435,10007.848909143113,135.47173399506005,0
dodo-k100000000000000000,587,10000,106.20204418632682,-106.22574398891628,106.22574398891628,-0.023699802589462138,113319.35578301537,1894.403716121874,0.9835574871928725,5395,1110,79036.2275846413,-0.0008083839895633105,0.08429447285925776,99.91916160104367,10018.216813478099,79.6243781498357,0
dodo-k100000000000000000,588,10000,81.98751000092406,-81.95658230141937,81.95658230141937,0.03092769950468721,119281.80006746802,3160.682536852065,0.9741863896449569,6450,1076,76349.72353905317,0.0011537608424966096,0.07209081106063224,100.11537608424966,9990.30574337735,142.9535982638559,0
dodo-k100000000000000000,589,10000,78.40386426235577,-78.37123160959105,78.37123160959105,0.03263265276471827,154982.41852772053,2962.1054564109936,0.9812459122881108,11157,1385,86800.22517055906,-0.00009387145995887636,0.045301580761540804,99.99061285400411,9996.537807965044,104.12931698699431,0
dodo-k100000000000000000,590,10000,161.15410218919914,-161.14893657413876,161.14893657413876,0.005165615060377604,202654.4275919372,1814.711687343115,0.9911247648728817,10260,1782,129214.08370338133,0.00008853597209238728,0.1120229082407775,100.00885359720924,9997.343615286434,102.17605587213778,0
dodo-k100000000000000000,591,10000,149.54329795772784,-146.1315104518353,146.1315104518353,3.4117875058925335,176465.80770150467,3350.2908908247537,0.9813682372320824,7986,1549,114599.62909571284,0.03247863782767837,0.09507321983732808,103.24786378276784,9425.972185087618,170.94502230468575,0
dodo-k100000000000000000,592,10000,252.48547519464933,-252.52222124600715,252.52222124600715,-0.03674605135782372,217484.95602444487,3257.9596546530765,0.9852409322191373,9110,1954,148762.70976141203,0.0014692836546116438,0.15686224694905632,100.14692836546116,9986.185778653755,86.88299440932985,0
dodo-k100000000000000000,593,10000,62.11944936085897,-62.197630008652524,62.197630008652524,-0.07818064779355183,84432.47334285793,3618.6404947571687,0.9589029560553803,5010,807,53508.19825985568,0.00004837125177033386,0.07869591324428456,100.00483712517703,10011.426521223662,127.52394978198895,0
dodo-k100000000000000000,594,10000,80.22992030933086,-80.18748000827959,80.18748000827959,0.042440301051271945,129760.52209201115,7482.23026251058,0.9454817822132955,8705,1296,76038.1694223649,-0.00907762488253212,0.08838856515509662,99.09223751174679,10040.960047676726,40.779985185185986,0
dodo-k100000000000000000,595,10000,73.97221488266541,-73.95362573783837,73.95362573783837,0.018589144827046766,130493.59020314571,5601.996602303404,0.9588377791389258,9550,1197,73970.59134249909,-0.00202428407959502,0.09614703408897213,99.7975715920405,10013.606247294323,104.341102744763,0
dodo-k100000000000000000,596,10000,135.37556028717407,-135.38736477004883,135.38736477004883,-0.011804482874765654,132859.73985934895,2190.0958074904393,0.9837830546281205,5436,1240,95537.24508279328,0.0017991560838267163,0.08907867752628604,100.17991560838267,9994.49170785375,87.41606387806199,0
dodo-k100000000000000000,597,10000,136.6743531586074,-136.60451711170774,136.60451711170774,0.06983604689966683,193389.90407551226,4051.9416612359837,0.9794777968868945,10624,1709,120000.84826678016,-0.006563653110505925,0.0744626236519872,99.34363468894941,10061.513112034769,95.73666565786881,0
dodo-k100000000000000000,598,10000,298.98289693728236,-299.0717467911773,299.0717467911773,-0.08884985389494204,285710.5246290275,5563.422488123234,0.9808996906754396,11022,2387,192073.16014435512,0.001248836109132867,0.13109724359129926,100.12488361091329,9985.195330619936,92.16854290901698,0
dodo-k100000000000000000,599,10000,462.062068521593,-462.4917083083928,462.4917083083928,-0.42963978679978254,306082.7515208357,3346.753155577748,0.9891841175292007,11314,2573,213255.5402471556,0.002154544907001821,0.2465693342478815,100.21545449070018,10000.84052766385,85.52272691216025,0
dodo-k100000000000000000,600,10000,94.98602911130246,-95.08381176672967,95.08381176672967,-0.09778265542720987,92009.05116411691,4823.2749128166215,0.950189413925836,4373,955,62774.55077181587,-0.0005838075206844451,0.1191584823492832,99.94161924793156,10014.157167505684,53.75655396086622,0
dodo-k100000000000000000,601,10000,101.91749277594252,-101.87084465887916,101.87084465887916,0.0466481170633557,104333.69960560823,2412.524779241063,0.9773994369061405,4161,968,73679.04307533703,-0.0001933633420571823,0.0817724949848754,99.98066366579428,9993.7959867201,110.0934412303796,0
dodo-k100000000000000000,602,10000,126.93575377869692,-126.98122986860764,126.98122986860764,-0.045476089910721385,139977.41105527326,1860.842046151788,0.9868805346550543,5500,1215,97018.65725438354,-0.0005046206803868359,0.05999476998970934,99.94953793196132,10012.54129494656,126.13494630676568,0
dodo-k100000000000000000,603,10000,114.34091193149607,-114.27181650371097,114.27181650371097,0.06909542778510058,154746.17547723648,3605.772611461089,0.97722937636712,8976,1449,96066.48693528178,0.00791443244174488,0.0726862948849579,100.79144324417449,9919.014384240096,99.4759488368599,0
dodo-k100000000000000000,604,10000,387.6216619415507,-386.78189788572837,386.78189788572837,0.8397640558223429,266873.46159141575,8540.38646168881,0.968990715165339,11667,2476,177175.02999757903,-0.004730062376946052,0.4370304331651221,99.5269937623054,9984.562269664273,40.19395435154546,0
dodo-k100000000000000000,605,10000,48.40984453678257,-48.41030493279086,48.41030493279086,-0.0004603960082860681,77192.75800509198,453.5044553622419,0.9941593524145066,4845,764,48554.54081189115,0.000048379760023635754,0.05343150438164656,100.00483797600236,10000.753841688675,102.41020392610012,0
dodo-k100000000000000000,606,10000,35.84077614254244,-35.816261064646255,35.816261064646255,0.024515077896182902,66322.67722413718,1385.7473198520047,0.9795336056157723,4127,626,40495.91293616104,-0.0017223524618148645,0.04438180655902812,99.82776475381851,10005.637631268648,127.25552115746517,0
dodo-k100000000000000000,607,10000,179.62527861803613,-179.59233165051938,179.59233165051938,0.03294696751675019,175905.98544510957,2580.633332685403,0.9855415865326121,7421,1667,120429.0444838217,-0.001967106795567588,0.10594867486538434,99.80328932044324,10022.533866645847,122.22203561688673,0
dodo-k100000000000000000,608,10000,106.51594889547007,-106.51927912922974,106.51927912922974,-0.0033302337596694542,175278.99575988503,2448.368284468081,0.986224021845859,11244,1567,104057.84976899404,-0.0035191722789062398,0.08001667815214092,99.64808277210938,10040.613146323707,105.19220550071998,0
dodo-k100000000000000000,609,10000,77.16889754762717,-77.12884535609453,77.12884535609453,0.04005219153263795,130597.52417850586,4739.587337973977,0.9649793963764562,10139,1128,71139.38397247095,0.0003500765789915761,0.08481446928039574,100.03500765789916,9977.333123136632,100.24624707468026,0
dodo-k100000000000000000,610,10000,106.60191347046566,-106.87284445552329,106.87284445552329,-0.2709309850576318,163325.51246266713,5081.819080462031,0.9698242408219586,11494,1462,93098.40484763247,-0.0011291892843608765,0.10554428885520693,99.88708107156391,10016.414240762393,122.47292879266541,0
dodo-k100000000000000000,611,10000,309.0934779120178,-309.05041051961393,309.05041051961393,0.04306739240388424,274562.04790446843,4622.239860765641,0.983443767922024,11613,2470,184194.3542220785,0.0006552776116157588,0.2127019590420636,100.06552776116158,9970.379189602205,47.75684995178802,0
dodo-k100000000000000000,612,10000,120.04173602907557,-120.04744599725832,120.04744599725832,-0.005709968182756597,179768.87259421826,2423.245066150289,0.9866995065578656,11216,1728,108838.74866152034,0.001114048954072473,0.06980447061174473,100.11140489540725,9982.671895008754,54.572305331533386,0
dodo-k100000000000000000,613,10000,142.21846363332017,-142.1374195454642,142.1374195454642,0.08104408785595751,171748.89272647802,6312.5347928893825,0.9645485556258232,8506,1633,109643.89226708753,-0.00017604665607024117,0.08388582163217052,99.98239533439298,9987.583424580933,65.467761243177,0
dodo-k100000000000000000,614,10000,174.40869558772954,-174.25731327061698,174.25731327061698,0.15138231711256367,222288.67028773457,2962.208315382434,0.9868492929583564,9908,1915,144788.5193127993,0.0005493606306770005,0.056413410275110036,100.0549360630677,9977.144815333198,118.1689678595904,0
dodo-k100000000000000000,615,10000,34.96775467734331,-34.95906788581361,34.95906788581361,0.008686791529697757,61074.78305788367,1866.5491678044434,0.9703446193176913,4797,677,36407.084093145895,-0.0014900687826731485,0.04948213579876366,99.85099312173269,9995.415314265836,51.05806734201403,0
dodo-k100000000000000000,616,10000,37.586360936314655,-37.586087602820974,37.586087602820974,0.00027333349368063864,55698.20565426916,575.7896445383677,0.9897681044062893,4312,545,32845.802234330746,-0.0011150972869371856,0.0708185190944316,99.88849027130628,10013.047868767304,107.76120335627509,0
dodo-k100000000000000000,617,10000,206.38080849826522,-206.83158910532393,206.83158910532393,-0.4507806070587037,225979.749430468,7001.638104333101,0.9699476504178376,9837,1871,147603.90560750756,-0.000675434056285411,0.08403240826426113,99.93245659437146,10038.608811265583,104.6636433113879,0
dodo-k100000000000000000,618,10000,338.47230325759693,-338.41606256534715,338.41606256534715,0.056240692249787116,297282.912086605,6104.752542619329,0.9798780462940705,11196,2566,204523.03707591564,0.00011132963567973775,0.18680479833973934,100.01113296356797,9996.739270105698,81.63107379049231,0
dodo-k100000000000000000,619,10000,112.86381865653777,-112.85484254058056,112.85484254058056,0.008976115957210595,167736.027034102,2511.882567900133,0.9852457362103751,11210,1582,99555.8163977637,0.005763820157016681,0.09605596011180595,100.57638201570167,9946.242198717462,96.09177552407807,0
dodo-k100000000000000000,620,10000,281.1899939006382,-281.64962992804783,281.64962992804783,-0.4596360274096014,209655.71688587673,3248.8332299337058,0.9847404236867343,7871,1914,149933.0044863449,0.0004717685161337215,0.21787753972215312,100.04717685161337,10041.64720465733,77.39078559825987,0
dodo-k100000000000000000,621,10000,99.40898268567493,-99.31048516212527,99.31048516212527,0.09849752354965347,106776.04708417863,2462.1483987918905,0.9774607371725056,4074,972,75293.38942982517,-0.008582997802763117,0.05813729151903786,99.14170021972369,10082.788728076552,122.78787575107806,0
dodo-k100000000000000000,622,10000,24.88083312450207,-24.87832625633533,24.87832625633533,0.0025068681667406167,55723.57646261542,2416.6793355276295,0.9584336308405987,4711,562,31592.053837649408,0.00012143841995509774,0.039596898196227956,100.01214384199551,9997.035189001843,92.90810835553661,0
dodo-k100000000000000000,623,10000,104.06817327205192,-104.03339394013739,104.03339394013739,0.034779331914535305,133426.28916974377,3642.847317039616,0.9734232854280009,8278,1317,83302.37481688209,-0.0005515332811035023,0.09434617715286735,99.94484667188965,9995.867767274398,86.01573014315113,0
dodo-k100000000000000000,624,10000,259.324860791933,-258.3873841253044,258.3873841253044,0.9374766666286405,168124.6986250087,4861.908290896486,0.9718943080185392,8712,1740,111834.16505678106,0.00620823855981385,0.7341311057841654,100.62082385598139,9999.89965129177,33.270632516992315,0
dodo-k100000000000000000,625,10000,140.31871317591668,-140.2732627398534,140.2732627398534,0.04545043606327681,148933.3080784966,1745.711610160027,0.9884143684119584,6211,1434,104782.21328705292,-0.0009002106594671489,0.09864121639632373,99.90997893405329,9996.47211184476,104.8000712852069,0
dodo-k100000000000000000,626,10000,34.52567797327167,-34.5265539027902,34.5265539027902,-0.0008759295185285509,67460.43437967765,583.4352095873271,0.9914256021430125,4791,739,42064.163122497055,0.0001480661381016546,0.03219120839515981,100.01480661381017,9999.60506285738,90.71281131164903,0
dodo-k100000000000000000,627,10000,34.909927508147696,-34.9281425389563,34.9281425389563,-0.018215030808605093,56725.10402617184,1025.889755509188,0.9822359809185723,4277,618,34945.13118233728,0.0012497779416784738,0.05764292290924715,100.12497779416785,9995.60356907802,69.20764041483396,0
dodo-k100000000000000000,628,10000,285.8896800880109,-285.87249207038604,285.87249207038604,0.017188017624846452,235814.17230334698,6977.051961779447,0.9712631624849811,8878,2000,162092.90748654577,0.000977023091139415,0.11859819703683712,100.09770230911394,10013.51572336725,119.61462933631582,0
dodo-k100000000000000000,629,10000,30.666440906902167,-30.66537327970265,30.66537327970265,0.0010676271995180286,56622.80572331045,1359.852130386754,0.9765472611859575,4091,562,34778.88850046133,0.000121991084076285,0.03689016586501921,100.01219910840763,9996.624386835632,144.8054846259827,0
dodo-k100000000000000000,630,10000,93.22962934934552,-93.20404387402452,93.20404387402452,0.025585475320994533,94587.68761311147,2710.723047472848,0.9721401096989248,4088,850,65321.486258662466,-0.0003974264916749348,0.06989710920759094,99.9602573508325,10007.349209589245,135.3348578819516,0
dodo-k100000000000000000,631,10000,167.6473015785792,-167.85926611180616,167.85926611180616,-0.2119645332269613,197468.68419085589,2608.51177414196,0.9869624733515443,7933,1652,136184.54158862206,-0.004439592356025344,0.05023327019773859,99.55604076439747,10073.960032611181,177.22367047747647,0
dodo-k100000000000000000,632,10000,253.58962452042812,-253.53408236451182,253.53408236451182,0.05554215591629941,269936.70757917967,4660.117112903575,0.9830292388918584,10626,2290,183248.35989958266,0.0034945643128266113,0.08194585930549295,100.34945643128266,9970.974901843108,87.79391393212764,0
dodo-k100000000000000000,633,10000,266.7767086481175,-266.7442754998322,266.7442754998322,0.032433148285292646,223653.85421517555,895.6007721447721,0.9960115655938896,8709,1966,156927.61672423995,0.0015703400349390507,0.15944999477922964,100.1570340034939,9983.82944751886,97.13453000383612,0
dodo-k100000000000000000,634,10000,133.66850309583614,-133.68593556795744,133.68593556795744,-0.017432472121299725,122884.62719049456,1340.205782993131,0.9892114503122,4521,1139,90720.64450461528,0.001263521960627685,0.0855895884068309,100.12635219606277,9985.720808093662,119.34191686874206,0
dodo-k100000000000000000,635,10000,307.47592662211315,-307.6151606267475,307.6151606267475,-0.13923400463437474,206446.09198283142,4381.100858063825,0.9792194697513708,7964,2135,149519.9887205621,0.00879863937314866,0.17231371500012785,100.87986393731487,9993.070847478964,41.45820561370026,0
dodo-k100000000000000000,636,10000,82.1698297454677,-82.15002101152083,82.15002101152083,0.019808733946860002,127161.76780603711,3222.279709170046,0.9752862426763196,9406,1258,74597.55939728685,-0.001318282517865299,0.09245305072202598,99.86817174821347,10006.346486746112,72.4763268572966,0
dodo-k100000000000000000,637,10000,85.5664298860538,-85.58734229371873,85.58734229371873,-0.020912407664937405,118410.11372309571,5012.12633840571,0.9593904118422404,7385,1078,71722.3083339234,-0.0003139496845949452,0.10840035006140682,99.9686050315405,10003.814581012428,129.0679058391502,0
dodo-k100000000000000000,638,10000,59.08316691985545,-59.07267029891446,59.07267029891446,0.010496620940990908,98867.25070091574,538.1516117357891,0.9945862941126361,7641,920,56031.45315438014,0.003299155487626848,0.061101787998933045,100.32991554876268,9967.866202513485,99.23445976650498,0
dodo-k100000000000000000,639,10000,121.10996545960711,-121.0882715372661,121.0882715372661,0.02169392234101508,144824.8334938816,2335.4731025873702,0.9841297347321278,6048,1303,99903.42397932266,0.0006635167557521982,0.06909723705667276,100.06635167557522,9994.152698270154,150.36570794272964,0
dodo-k100000000000000000,640,10000,52.14755618071625,-52.14748699084875,52.14748699084875,0.00006918986750292788,94345.22911765898,72.25071195062324,0.9992347739837898,6459,894,54696.70587540082,0.00033903481988829755,0.03798861965298457,100.03390348198883,9996.835785133457,100.16493752469623,0
dodo-k100000000000000000,641,10000,148.69846705791517,-148.6580617585181,148.6580617585181,0.040405299397065164,117036.8211957092,1321.2891744359963,0.9888365134395617,4586,1166,85476.7721708496,0.002072420098521661,0.16004783350582344,100.20724200985217,9989.730989056452,59.86077133900214,0
dodo-k100000000000000000,642,10000,136.7819356078745,-136.8098018775828,136.8098018775828,-0.027866269708312075,187554.22752812266,2612.3636944035165,0.9862627621518092,9975,1712,117305.02353238664,-0.001329254283979111,0.08017266192527103,99.86707457160209,10017.452757329347,87.8002578843329,0
dodo-k100000000000000000,643,10000,108.52185380058764,-108.51862893945787,108.51862893945787,0.0032248611297660545,180353.76014527254,7156.6039273038705,0.9618335553733239,11168,1487,103754.31088010228,-0.0025259488911981974,0.06320640608218539,99.74740511088018,10032.037173970926,176.0255444871919,0
dodo-k100000000000000000,644,10000,71.90653984573174,-71.82117934782607,71.82117934782607,0.08536049790566835,106453.63917766546,1953.4355558911163,0.9819805528311479,7605,1069,63798.575676883585,-0.009468652349733589,0.08372762983635554,99.05313476502664,10036.740459374358,43.50502343556149,0
dodo-k100000000000000000,645,10000,125.37947003211258,-125.40293267751196,125.40293267751196,-0.023462645399376925,143862.58314033123,1644.7007682476244,0.98869678050426,6641,1284,95592.3589921869,-0.00011697008511603713,0.07341469956177107,99.9883029914884,9999.428806011174,112.08563231943062,0
dodo-k100000000000000000,646,10000,79.464171611302,-79.48002372524444,79.48002372524444,-0.01585211394242947,110773.22487789462,2831.8954736717587,0.975072466232965,5573,1092,72566.56950058648,0.00005269046727832461,0.06607491004881069,100.00526904672783,10005.731189780086,99.87357187932876,0
dodo-k100000000000000000,647,10000,213.69864481043578,-213.67387420752516,213.67387420752516,0.024770602910621164,212648.1423724081,3541.486537746478,0.9836186104042102,8982,1795,143517.57828560277,0.0008060538157431551,0.13577369958895333,100.08060538157432,9968.173828446601,207.24050857232703,0
dodo-k100000000000000000,648,10000,113.68588042339452,-113.72756795166961,113.72756795166961,-0.04168752827509081,179067.19276679223,3596.466845539934,0.9803109887693441,11014,1619,107825.2247179166,0.0012483130391653674,0.07788646640733703,100.12483130391654,9987.264277392473,116.09301442264407,0
dodo-k100000000000000000,649,10000,146.02642309084564,-145.90451948976488,145.90451948976488,0.12190360108075993,141278.02934395935,1850.9228885449618,0.987068144776619,5494,1258,99715.81048986517,-0.0021161070134476743,0.09076584271426313,99.78838929865523,10015.07961121195,131.9835907771027,0
dodo-k100000000000000000,650,10000,85.95815865220617,-85.85784392923506,85.85784392923506,0.10031472297110611,117178.61292907888,4628.67613588483,0.9620000069666093,9237,1238,68331.64513617048,-0.002917266931628859,0.09998207521324304,99.70827330683711,9995.38292451218,65.57003906431606,0
dodo-k100000000000000000,651,10000,166.73421161106484,-166.71196684436092,166.71196684436092,0.022244766703920504,150991.6158965165,4879.342543487695,0.9686962690656336,6094,1494,107992.93842677539,0.00010151313554572994,0.15948611150061098,100.01015131355457,10025.628853185179,69.76828640236748,0
dodo-k100000000000000000,652,10000,83.83279746636146,-83.85526127159031,83.85526127159031,-0.022463805228852607,125010.44431142669,4579.622859111826,0.9646606953827325,7735,1273,77716.39290852824,0.0011924836001895756,0.07657604041822907,100.11924836001896,9991.12220052944,67.28073571738732,0
dodo-k100000000000000000,653,10000,29.71321751222483,-29.698173391145748,29.698173391145748,0.015044121079082373,59692.34094769954,1784.3842052120401,0.9709746379499928,4826,566,33890.70681825252,-0.0007697392251084522,0.03383945568399028,99.92302607748915,9998.495741073799,91.85372398830214,0
dodo-k100000000000000000,654,10000,82.75568762205066,-82.83756756858706,82.83756756858706,-0.08187994653640374,101039.70680488936,3579.3566953828663,0.9657867641362173,6012,967,61720.92462992851,-0.000888225442876518,0.14427070034093845,99.91117745571235,10010.42842221501,103.18343145795929,0
dodo-k100000000000000000,655,10000,266.9334481738777,-266.90587975968015,266.90587975968015,0.027568414197560287,284065.5830890007,6673.117760503042,0.9770477141811359,11436,2416,193152.4793622732,0.00011670351674553103,0.08508631110343173,100.01167035167455,9995.243916808813,101.30606533075216,0
dodo-k100000000000000000,656,10000,161.8727507899189,-161.8128029274721,161.8128029274721,0.059947862446819045,226242.98599950163,3526.5585612001005,0.9846517580563492,11115,1927,140355.65269072485,-0.0012112678052683635,0.07442653687590578,99.87887321947316,9997.379137357748,126.97958699102001,0
dodo-k100000000000000000,657,10000,408.3451387291099,-407.70546608841903,407.70546608841903,0.6396726406908897,269312.95840125467,6841.066440600848,0.9752273520383471,9622,2336,189973.56832439057,0.005550195125081246,0.24166583652456153,100.55501951250812,9946.64172919854,59.091139205076885,0
dodo-k100000000000000000,658,10000,110.51081113583454,-110.49962706942027,110.49962706942027,0.011184066414273275,102358.46693709995,1447.3812244869596,0.9860568431343683,4159,971,73586.36019829233,-0.00007080741171833438,0.10466420757762976,99.99291925882817,10003.809982512546,127.85032111518267,0
dodo-k100000000000000000,659,10000,64.77756731766873,-64.76345314327078,64.76345314327078,0.014114174397946044,119609.74990587657,3083.6383551678973,0.974867118767581,9028,1159,67067.38191325957,0.007515046210937868,0.07635505618504922,100.75150462109379,9971.540773246597,51.036525213575416,0
dodo-k100000000000000000,660,10000,171.27654322921367,-171.26524925156554,171.26524925156554,0.011293977648136888,111808.17478924381,1108.3798914625029,0.99018407978709,4550,1070,81302.62059371498,0.0008104557457247097,0.22439746324969917,100.08104557457247,9989.154254787096,98.47884106501276,0
dodo-k100000000000000000,661,10000,62.29122859132279,-62.279304996929994,62.279304996929994,0.011923594392797554,136870.22235177143,2697.5539047891602,0.980672086514939,10054,1266,76257.14211049,0.00009923270460248545,0.03824691862315646,100.00992327046025,10004.083929360788,114.15948571921379,0
dodo-k100000000000000000,662,10000,156.8245648768908,-156.81004849770363,156.81004849770363,0.014516379187170969,202464.06957779572,1821.318012248891,0.9910844430248537,11314,1813,125216.87338779985,-0.0020514494803516923,0.07940642093528467,99.79485505196483,10010.714357088467,101.29361979293853,0
dodo-k100000000000000000,663,10000,289.304173719645,-289.2236660654095,289.2236660654095,0.0805076542355323,246061.3270784605,3289.641780120382,0.9868071826823898,9720,2240,169762.30848344046,-0.0005281954808934586,0.1356688285944962,99.94718045191065,10003.309061055086,91.26406102827708,0
dodo-k100000000000000000,664,10000,226.28621959782944,-226.1279107720499,226.1279107720499,0.15830882577955663,167662.9028497107,3658.7251536636254,0.9786441140193253,6256,1540,122315.05044814489,-0.0014035102526308663,0.15146486349810773,99.85964897473691,10008.549876282983,88.90739423377586,0
dodo-k100000000000000000,665,10000,343.88782941961693,-344.09294480340407,344.09294480340407,-0.20511538378713112,239425.22501629163,2665.958424928259,0.9889877921738709,9254,2305,170473.4926669502,0.0015190164139039551,0.17632515253777087,100.1519016413904,9981.890256286779,46.72329681313615,0
dodo-k100000000000000000,666,10000,313.7718362065072,-313.80333549689595,313.80333549689595,-0.03149929038875143,282156.3558076581,5487.201045704279,0.9809236086991456,10958,2450,191412.86041937134,0.006519957436707244,0.1475466318486022,100.65199574367072,9978.652059908156,34.299933565995524,0
dodo-k100000000000000000,667,10000,88.26744224149171,-88.43882957219088,88.43882957219088,-0.17138733069917578,123828.43324241161,5557.097733427703,0.9570500836413819,9134,1276,72375.69008202023,0.0063589597242408044,0.08546140357338401,100.63589597242408,9998.400309525643,44.06651226738637,0
dodo-k100000000000000000,668,10000,95.200889931788,-95.20369278169765,95.20369278169765,-0.002802849909656402,141739.0769157356,3788.417333717168,0.9739676866336795,9922,1429,85220.29070116984,0.003766904061235152,0.056741717842125755,100.37669040612352,9975.619372103638,55.263872548945464,0
dodo-k100000000000000000,669,10000,211.06100754627633,-211.05707064115097,211.05707064115097,0.003936905125357271,236292.50972048184,1046.0376535371151,0.9955926348032766,10344,2112,157514.0491761615,-0.0026915662171595046,0.08323293719816206,99.73084337828405,10027.740957567534,103.17282136309223,0
dodo-k100000000000000000,670,10000,123.80983011925076,-123.82610899740592,123.82610899740592,-0.0162788781551626,115739.88063287895,1701.4261963837625,0.9855125403291253,4670,1157,82449.04679707129,0.0010284319280728482,0.11015067800638803,100.10284319280728,9997.121946531117,70.1268352414169,0
dodo-k100000000000000000,671,10000,42.838623136480884,-42.85886770651022,42.85886770651022,-0.020244570029333886,86969.31602492844,2689.2386386259323,0.9700057774886361,6052,819,50868.63473210285,-0.0008087836635083079,0.043004339123075115,99.91912163364917,10004.684110592229,196.57284604550597,0
dodo-k100000000000000000,672,10000,58.66533945279443,-58.69757077379848,58.69757077379848,-0.03223132100405479,106627.61800308105,2419.0244060863847,0.9778166080803325,7078,1042,65405.12181887373,0.003549906809605545,0.043280695545938386,100.35499068096055,9984.726467421871,85.07281675444192,0
dodo-k100000000000000000,673,10000,200.99696586936705,-200.50964714883028,200.50964714883028,0.48731872053676284,245304.8839020511,5653.328136599605,0.9774730299093424,10162,1994,161584.87322945954,0.0007636054754814836,0.0782225947439204,100.07636054754815,9975.206761888256,208.3391821168631,0
dodo-k100000000000000000,674,10000,79.47354950947877,-79.49080594995615,79.49080594995615,-0.017256440477382284,112954.28442644406,3315.170928125815,0.9714871724648918,6163,1029,71147.04328182549,0.00011439501370674065,0.06255607813401795,100.01143950137067,10003.143847849797,112.31457047343919,0
dodo-k100000000000000000,675,10000,202.5065461538927,-202.50235341500556,202.50235341500556,0.004192738887155656,237046.05147383522,728.6337775892343,0.9969356124819647,11304,2048,153091.61002366035,0.000830016044543811,0.09107784548655488,100.08300160445438,9991.323150421349,100.94105821059277,0
dodo-k100000000000000000,676,10000,169.75834879709933,-169.64834129508722,169.64834129508722,0.11000750201210963,190300.72585829755,4151.033594176597,0.9786526303188778,9128,1770,126509.6679424618,0.011621425776904459,0.06716347221653592,101.16214257769045,9903.632042285197,83.65176315775184,0
dodo-k100000000000000000,677,10000,77.64837470179229,-77.80727456423037,77.80727456423037,-0.1588998624380764,79770.52291066325,3600.470188681273,0.9568138742884955,4283,744,52763.02472872275,0.0006151524701817835,0.09790691325443589,100.06151524701818,10007.956892899092,152.7301053883448,0
dodo-k100000000000000000,678,10000,266.82653140371315,-267.0246270075208,267.0246270075208,-0.19809560380764424,203608.81658850852,4304.654899813657,0.9792959308071798,8125,1897,142808.67231588217,-0.0017916295483949795,0.1883592692709813,99.8208370451605,10022.704485802833,74.18050330198702,0
dodo-k100000000000000000,679,10000,140.29839336863972,-140.11256040390776,140.11256040390776,0.18583296473195787,121204.36263426194,2952.6734825044223,0.97621823478673,4851,1210,87126.36800266581,0.008379674389068014,0.14517781319550763,100.8379674389068,9945.695500404152,61.28312041766061,0
dodo-k100000000000000000,680,10000,384.76119543585133,-384.7175667794055,384.7175667794055,0.0436286564458328,275795.6404927778,2014.3254577052646,0.9927492685483275,9842,2334,197231.3819160572,0.0001301492956484651,0.16908332848156676,100.01301492956485,9998.80611257807,98.66863183944704,0
dodo-k100000000000000000,681,10000,53.667824842348814,-53.55546542170417,53.55546542170417,0.1123594206446441,80137.70159138535,1009.747911089352,0.987556627875796,4590,770,50403.32929897231,0.00960045715506297,0.058103177433730904,100.9600457155063,9891.50029395523,113.9275243100176,0
dodo-k100000000000000000,682,10000,119.4074211339721,-119.46670003022037,119.46670003022037,-0.05927889624827287,157468.126697547,3284.2919303753874,0.9795692533996816,7455,1434,101330.46152381746,0.003411106967221116,0.07468791657777117,100.34111069672211,9968.146458281895,144.58013305454293,0
dodo-k100000000000000000,683,10000,141.2722263974678,-141.26666873491482,141.26666873491482,0.005557662552973852,164581.5029059099,712.6449783512885,0.9956886254748095,8069,1537,108752.858020062,-0.0024486498926320622,0.07858852255121362,99.7551350107368,10024.434705034873,93.46698194069094,0
dodo-k100000000000000000,684,10000,90.96037513415112,-90.96575964439154,90.96575964439154,-0.005384510240418194,128903.47785657283,5639.349983380175,0.9580850939888931,9252,1313,75325.55285291269,-0.0016153137847007314,0.092254070458157,99.83846862152993,9990.65684173423,35.005667386685694,0
dodo-k100000000000000000,685,10000,61.71746957339522,-61.673757817334284,61.673757817334284,0.04371175606093658,117231.82460032903,4012.779288131576,0.9669034401578552,9260,1059,64774.17494016271,0.003880197899999729,0.0821834406142753,100.38801978999997,9969.739839617607,74.53254446695522,0
dodo-k100000000000000000,686,10000,80.89920172885962,-80.87800722849232,80.87800722849232,0.02119450036730086,110967.58154555617,2288.73052713665,0.9797915852525054,7639,1036,66712.94563652067,-0.00046317389476143947,0.08632060924855167,99.95368261052386,9998.218788584396,77.92447921593649,0
dodo-k100000000000000000,687,10000,47.8451221733186,-47.834371606130844,47.834371606130844,0.010750567187756133,80238.5911347582,2395.9766568490313,0.9710051529174649,5707,796,47809.31899786569,0.00044940051176979524,0.06601650590969868,100.04494005117698,9994.095841027043,85.59749766811757,0
dodo-k100000000000000000,688,10000,41.67935454692724,-41.713660122522555,41.713660122522555,-0.034305575595311666,74812.10695762998,3819.5681605981736,0.9514245607148112,3818,633,47488.555233666695,-0.0011916230676756357,0.036920513235835554,99.88083769323244,10041.591859876335,296.8381024912803,0
dodo-k100000000000000000,689,10000,138.39369828958377,-138.41658900490035,138.41658900490035,-0.022890715316577825,189800.46499320885,2068.936907733989,0.9892169523267595,10083,1735,119956.67572305888,0.0010723551093441586,0.07865018495013885,100.10723551093442,9994.086656635794,89.76886576258029,0
dodo-k100000000000000000,690,10000,66.35405742593395,-66.43912195525176,66.43912195525176,-0.08506452931781894,79049.68109401828,2668.627273173788,0.9673435815486707,4323,773,51921.142798782974,0.0028107606767399317,0.09186117828843081,100.281076067674,9991.738811217749,75.62694109864069,0
dodo-k100000000000000000,691,10000,275.59594142665605,-275.59971549721774,275.59971549721774,-0.0037740705616897685,253635.53336210485,3105.6480874424674,0.9879035841858008,9507,2112,177317.9604688413,-0.0006565512464004542,0.07575699634188254,99.93434487535995,10013.375574605465,130.8393435159028,0
dodo-k100000000000000000,692,10000,244.672803295426,-244.80926237960452,244.80926237960452,-0.1364590841785116,222527.4866957708,9640.933518425554,0.958474397553591,8856,2030,154051.64371111317,0.0012131063621721695,0.09424112857849934,100.12131063621722,10001.82916257157,112.0643809274625,0
dodo-k100000000000000000,693,10000,93.96131164364797,-93.9825855211221,93.9825855211221,-0.021273877474129677,119174.10205798526,1859.8355265888881,0.98463376831569,7393,1142,72767.6854138535,-0.0014421371498600877,0.11541932209173794,99.85578628501399,10021.344517283374,109.43152602398868,0
dodo-k100000000000000000,694,10000,147.2809505041434,-147.1620701978528,147.1620701978528,0.11888030629057766,190671.340154912,2387.631082081088,0.9876326333514431,9492,1766,124773.2204477725,-0.0035862787391994287,0.06983508246763265,99.64137212608006,10014.82220246128,74.99713505576915,0
dodo-k100000000000000000,695,10000,320.9679112048788,-321.2440223014101,321.2440223014101,-0.27611109653128096,258483.75632427298,3615.0785053381237,0.986207193528013,10880,2353,173077.40520963195,0.004949450382590186,0.2121452680811349,100.49494503825902,9954.539601974991,59.362736808104785,0
dodo-k100000000000000000,696,10000,286.38541959609864,-286.36596229588076,286.36596229588076,0.019457300217879947,255017.74689932304,3676.0244365669005,0.9857900543272303,9556,2237,179105.2966542372,-0.0000016746942468159887,0.11267710361179496,99.99983253057532,9995.789737986093,112.57374544884273,0
dodo-k100000000000000000,697,10000,116.3430010946216,-116.21526576598642,116.21526576598642,0.12773532863518255,137324.49520700087,3770.8051052782494,0.9732747646666295,7863,1294,86150.16293224668,-0.002116022085093192,0.1464907913278232,99.78839779149068,10018.147366164889,140.3254392306608,0
dodo-k100000000000000000,698,10000,317.75124685721175,-317.8873997225861,317.8873997225861,-0.13615286537435622,206933.25985774037,1130.9326884282118,0.9945645011061802,7643,1819,146480.7839378667,0.0029410278829575987,0.26566386120639607,100.29410278829576,9972.332045515444,104.90806521623315,0
dodo-k100000000000000000,699,10000,236.674355329266,-236.87742241151534,236.87742241151534,-0.20306708224933345,203069.5767899987,3800.711912654303,0.9816275602625697,7131,1711,145892.03138681216,0.003449111059936456,0.10723387795373497,100.34491110599365,10002.97367973743,84.27511345553144,0
dodo-k100000000000000000,700,10000,98.58955961255988,-98.56683609810605,98.56683609810605,0.022723514453829807,129493.94334474378,3131.2050902586834,0.9763905629723518,7697,1309,82129.42225756058,0.003786694571885363,0.116921734787379,100.37866945718854,9972.651906471012,76.88228090323615,0
dodo-k100000000000000000,701,10000,108.94577388654903,-108.92082590966683,108.92082590966683,0.024947976882202738,126489.53690838885,2203.0286153834268,0.9828814616724967,6987,1223,81233.02603906843,-0.000652486577918836,0.0905205081548192,99.93475134220812,9989.466683853781,52.70554282196386,0
dodo-k100000000000000000,702,10000,108.27002513678576,-108.20697215598845,108.20697215598845,0.06305298079730903,116969.02370037204,2580.898965337938,0.9784115379768605,5935,1138,79553.52064963712,0.00018856646538395694,0.08007155090466966,100.0188566465384,9998.656599717273,79.17456840546116,0
dodo-k100000000000000000,703,10000,37.413689866583525,-37.47144849557165,37.47144849557165,-0.05775862898812534,71182.85916499198,2618.159174630746,0.9645240779391102,5310,714,41462.29448014601,0.0012410279390184086,0.06665649235436533,100.12410279390184,10021.28454656796,136.3622804204815,0
dodo-k100000000000000000,704,10000,306.3727869718825,-306.26420570120615,306.26420570120615,0.10858127067632495,266132.5687771332,4167.336056621129,0.9845825470816049,10702,2349,182037.23420896108,0.0006914793375990769,0.21337397787891432,100.06914793375991,9989.283712159757,81.81499073906875,0
dodo-k100000000000000000,705,10000,34.11400889174444,-34.13186482709934,34.13186482709934,-0.01785593535490193,64137.252186170124,1001.8097855258726,0.9846204450109954,4717,670,38483.241716329234,0.0003377269790192372,0.05729873148479769,100.03377269790192,10003.218339032917,101.45358702177614,0
dodo-k100000000000000000,706,10000,108.31379493727252,-108.30079242221095,108.30079242221095,0.01300251506157224,115379.66199302122,3567.5896488170265,0.9700069602317556,4155,1113,85318.42196289178,-0.0003907529958145517,0.061502770568765186,99.96092470041854,9997.261793864576,88.297718567935,0
dodo-k100000000000000000,707,10000,159.5911134239159,-159.58496577700305,159.58496577700305,0.006147646912864957,150059.44635184092,1604.638041029866,0.9894197888217674,6546,1392,101670.85585672843,-0.0013718561573682563,0.14657172173227478,99.86281438426317,9987.689208169764,78.18641879933519,0
dodo-k100000000000000000,708,10000,98.98745538256465,-98.71482613023858,98.71482613023858,0.2726292523260696,96738.3992220815,6771.871800294569,0.9345777792540928,6123,948,60388.546308436125,0.006030554445834469,0.12832827218334075,100.60305544458345,9912.714937198814,127.36521796475098,0
dodo-k100000000000000000,709,10000,86.75507395352388,-86.63452639424213,86.63452639424213,0.12054755928174643,124244.26043202626,2861.9066223849686,0.9774841245809902,6829,1130,78262.40871587089,-0.0009897814821259487,0.08162368913768774,99.9010218517874,9983.875096203796,229.0286881279344,0
dodo-k100000000000000000,710,10000,60.03279948100786,-60.02402481887087,60.02402481887087,0.008774662136985967,87083.26563117653,2427.9411056501735,0.9728755628020009,4649,828,57033.305353701435,-0.001534064611423247,0.05884297298697049,99.84659353885768,10023.229971877568,123.37871282870498,0
dodo-k100000000000000000,711,10000,73.21350567373725,-73.163089375543,73.163089375543,0.050416298194249975,90333.21631108286,4566.77598588752,0.9518780152099832,4751,824,58544.2280370823,-0.0010362307657712222,0.09030578416020817,99.89637692342288,10021.00811699783,135.7026919679984,0
dodo-k100000000000000000,712,10000,177.4042716273402,-177.4023257690611,177.4023257690611,0.001945858279100321,139662.2220924411,568.9753306894316,0.995942590941639,5415,1330,101545.59265226345,0.00037997738117923063,0.16170239971833028,100.03799773811792,9998.415176651917,85.02737598750716,0
dodo-k100000000000000000,713,10000,97.68089017775954,-97.63405232533077,97.63405232533077,0.046837852428765814,136160.28200643027,1861.4177919062226,0.98651358594608,8619,1218,81881.83926159839,0.0024173186774693535,0.08425248220857214,100.24173186774694,9991.606977441923,78.07764903590488,0
dodo-k100000000000000000,714,10000,200.84890417471996,-200.90963872974015,200.90963872974015,-0.06073455502018987,184515.97555195037,7573.11854057876,0.9605749687333588,7280,1641,128985.30521334744,0.0007576475549997497,0.10227351027796487,100.07576475549997,10008.076736549518,111.89803474042124,0
dodo-k100000000000000000,715,10000,133.6483679773966,-133.83967216605004,133.83967216605004,-0.19130418865344723,85831.23878428953,3629.1260959384663,0.9594331400190773,6646,812,50250.50996258332,-0.0027141778292586595,0.2472130334590014,99.72858221707413,10047.578135272119,95.94146580123405,0
dodo-k100000000000000000,716,10000,73.61189601483552,-73.61647392402864,73.61647392402864,-0.004577909193116625,108462.00449267168,1187.9434328802956,0.9891660374185781,6189,1080,69652.37636977654,0.0011200252953319988,0.06877005338346408,100.1120025295332,9985.466790897193,110.00443498299455,0
dodo-k100000000000000000,717,10000,61.6674666754627,-61.66614368502451,61.66614368502451,0.0013229904381901747,88220.40601580306,1084.0116295215812,0.9878616124699814,5326,882,56526.01813191167,0.0004301482300419934,0.05326442245872642,100.0430148230042,9995.473370750813,98.72515025958354,0
dodo-k100000000000000000,718,10000,188.52635501290118,-188.22695282906537,188.22695282906537,0.2994021838358094,205523.43601563893,5849.343012809358,0.972326885989316,7809,1748,140459.81148829462,0.012382886182756323,0.10312536313914819,101.23828861827563,9819.567692040882,151.07665137673703,0
dodo-k100000000000000000,719,10000,79.83731215904808,-79.83181872597676,79.83181872597676,0.005493433071322329,98653.10396213632,2239.513988586622,0.9778029945691327,4458,974,68637.65737928242,-0.0007825604011496523,0.05233215830442717,99.92174395988503,10006.752171416545,107.2573289111001,0
dodo-k100000000000000000,720,10000,154.54131273482452,-154.53434874939452,154.53434874939452,0.006963985429990771,188973.33905958955,3104.93765282832,0.9838350400369477,8970,1721,124507.66194125189,-0.0010470443874160652,0.06847325799766807,99.8952955612584,10010.8265432702,96.13148050933626,0
dodo-k100000000000000000,721,10000,102.00788372251361,-101.99545824313401,101.99545824313401,0.012425479379601256,152799.628208004,1932.1738036512743,0.9875127557584722,8783,1502,95515.88117416445,0.0006677579182722582,0.06293486286359552,100.06677579182723,9993.423273244725,82.15250460101505,0
dodo-k100000000000000000,722,10000,126.51485108028197,-126.56825978967238,126.56825978967238,-0.053408709390410536,172834.79692883164,2711.5095921082107,0.9845538784276,9485,1606,108666.60268378869,0.0005250941321189372,0.08174140761606964,100.0525094132119,9994.764372324858,62.40020232591469,0
dodo-k100000000000000000,723,10000,106.29900060913849,-106.32688027707047,106.32688027707047,-0.02787966793198393,178435.82004164965,7158.006524668023,0.9614318716462787,10858,1625,106202.22586333746,-0.00322727318026665,0.07790975081617617,99.67727268197334,10016.836549348762,128.91160817583662,0
dodo-k100000000000000000,724,10000,63.797311192683914,-63.79388844876974,63.79388844876974,0.003422743914171633,110817.1594081338,512.1172349665131,0.9953999769835183,7303,1057,66462.89342489185,-0.00006380606776190234,0.04371831732602246,99.99361939322381,9999.632554433001,107.33569419556993,0
dodo-k100000000000000000,725,10000,384.60017637054614,-384.7441385789976,384.7441385789976,-0.14396220845145535,289177.00377642794,5242.888148518018,0.9821924798822541,10863,2609,199310.89297813206,0.0007557176191157566,0.27163395222546854,100.07557176191158,9988.252498028107,45.70873996978709,0
dodo-k100000000000000000,726,10000,366.7752290096986,-366.22303253130497,366.22303253130497,0.5521964783936255,230077.39902371052,5198.561537137829,0.9779044084030278,8433,2245,165112.51058808577,-0.023694271391106837,0.22827670213094037,97.63057286088932,10130.858457746453,54.16903366905275,0
dodo-k100000000000000000,727,10000,142.03063940995543,-142.01796188669488,142.01796188669488,0.012677523260549606,189438.60927522954,1799.674514861275,0.9905893606698716,10630,1715,116881.1528023428,-0.001986627521217059,0.07279310321866234,99.8013372478783,10017.63821915443,92.85888436652552,0
dodo-k100000000000000000,728,10000,162.4112774425188,-162.45298998317926,162.45298998317926,-0.04171254066045549,215731.50262952578,2897.7416990190222,0.9867458641778754,11773,1969,133991.6074776309,-0.005182385745289224,0.09221367041076477,99.48176142547108,10058.17549499267,99.66198221640279,0
dodo-k100000000000000000,729,10000,79.87194906499826,-79.79912316613881,79.79912316613881,0.07282589885944901,164957.39973259988,7561.396534407701,0.9561705930135003,10446,1351,90983.94611066306,-0.0005744458589875024,0.03844308278380623,99.94255541410125,9991.566261675964,208.9385814085783,0
dodo-k100000000000000000,730,10000,222.9837747990213,-222.8543133071015,222.8543133071015,0.12946149191978407,189153.32151605582,6104.838293008184,0.9687345292049362,9903,2014,126873.76994093826,0.00008439955454051074,0.2028442825485965,100.00843995545405,9982.669446770235,59.683498641207,0
dodo-k100000000000000000,731,10000,319.4124226402997,-319.321294503297,319.321294503297,0.09112813700272682,276791.3872442885,6106.856904337781,0.9784132385737629,10044,2366,196405.74702781247,0.000285515726610015,0.11545629776665521,100.028551572661,9991.958009160408,124.39984901616288,0
dodo-k100000000000000000,732,10000,54.48285555883305,-54.48426132899373,54.48426132899373,-0.0014057701606802198,103190.39692480167,5202.97978735817,0.9519990986056762,7810,949,57223.804242200444,0.00019536378294688462,0.0513565976314419,100.01953637829469,10015.482406422982,79.2662698882511,0
dodo-k100000000000000000,733,10000,45.76597750904026,-45.75551654356438,45.75551654356438,0.010460965475878936,71626.48774288745,2751.3096535773007,0.9630089926041816,5186,686,42290.968778294184,-0.00023664713041640084,0.07886559329634978,99.97633528695836,10000.538200255387,100.2393723827712,0
dodo-k100000000000000000,734,10000,177.33221441558135,-177.4748874964453,177.4748874964453,-0.14267308086394337,142296.1508823222,3071.898905009188,0.9788681287978805,5041,1206,101866.37559570698,0.0007231658577481426,0.169942200493399,100.07231658577481,10008.22913779658,128.31237941132758,0
dodo-k100000000000000000,735,10000,119.8721650959513,-119.84513943556323,119.84513943556323,0.027025660388076744,154497.6554830879,1801.2524763909562,0.9884755914170691,7633,1384,101203.84032998899,0.00007630709811365933,0.07063947230615283,100.00763070981137,10015.675119590487,118.99688162807234,0
dodo-k100000000000000000,736,10000,209.20851247800817,-208.96747673277824,208.96747673277824,0.24103574522993654,174588.14993967648,3714.4634753935693,0.9791676442411605,6879,1577,120157.49927757395,-0.00014614497643918866,0.15751868941465305,99.98538550235608,10009.214423805717,98.53037177512664,0
dodo-k100000000000000000,737,10000,90.83980170213952,-90.77560781550716,90.77560781550716,0.06419388663236703,142339.1081031331,3644.2201148864783,0.9750367376921014,10810,1225,79769.48962855464,-0.001045367852437238,0.0735551322929993,99.89546321475628,10003.205731896338,126.62826571614187,0
dodo-k100000000000000000,738,10000,106.3022533642577,-106.27493148649614,106.27493148649614,0.02732187776155115,139466.68775600736,3557.105647258964,0.9751292735102514,8974,1300,86664.98226881195,-0.0021477038105400937,0.08243885246640317,99.78522961894599,10013.358722845129,91.82415555038274,0
dodo-k100000000000000000,739,10000,97.94318119207819,-97.94303292492505,97.94303292492505,0.00014826715313631667,151533.83968816488,5710.45318849783,0.9636841942939263,9700,1387,89642.5536202554,0.0008610574768499646,0.05788279897558596,100.086105747685,9983.473968937513,121.64777944769699,0
dodo-k100000000000000000,740,10000,50.17511176917895,-50.25388521706549,50.25388521706549,-0.07877344788654028,94973.76442406574,4343.582193709953,0.9562656238650203,7277,880,53077.363888220934,0.006091998205827025,0.07588288203072835,100.6091998205827,9969.451510579238,84.62575815646454,0
dodo-k100000000000000000,741,10000,66.37184501218032,-66.33790558033675,66.33790558033675,0.03393943184356374,107038.70818722257,2557.541773098991,0.9766639663854838,7707,1013,61534.33330383033,-0.0008329645792301221,0.07887788350324826,99.91670354207699,9999.409720899286,95.66194468520477,0
dodo-k100000000000000000,742,10000,83.62852460780583,-83.6640671136935,83.6640671136935,-0.03554250588767616,112965.79472430711,1826.7445710492739,0.9840865566502616,5697,1112,76204.3384447406,-0.00015743537622043392,0.05892038653404839,99.98425646237796,10003.60732469726,132.35171059481505,0
dodo-k100000000000000000,743,10000,136.10613538185345,-136.1476256568418,136.1476256568418,-0.04149027498834812,131762.20924485676,1137.7194751462034,0.991439277010124,5806,1280,91332.27303670438,-0.0004620439152837719,0.10654163330514749,99.95379560847162,10001.219897812265,84.1320090263956,0
dodo-k100000000000000000,744,10000,73.17328756712413,-73.23695739738532,73.23695739738532,-0.06366983026119044,120845.62132454822,4767.841074205231,0.9620435502440815,8881,1212,71132.7585113171,0.0016606143213329005,0.07360558161328712,100.16606143213329,9998.423590755692,51.98239017487564,0
dodo-k100000000000000000,745,10000,173.55558715562117,-173.40661346221663,173.40661346221663,0.14897369340454247,129585.30037278373,4145.456704415128,0.9690014713517096,4826,1228,93806.95566451723,0.0008621238012445076,0.12882379512792128,100.08621238012445,9984.765841033524,106.59549972683105,0
dodo-k100000000000000000,746,10000,124.37989299724903,-124.3864342357671,124.3864342357671,-0.006541238518067871,163808.9725978567,307.8408109179079,0.9981242579323598,8918,1534,104046.10865026497,0.00024368896068011737,0.07733169478739313,100.02436889606801,9998.528390179617,101.02848243158687,0
dodo-k100000000000000000,747,10000,72.91622280351888,-72.8642367385252,72.8642367385252,0.05198606499368452,87137.58851553412,3876.0769918844644,0.9574121427779599,5297,892,55621.89286706867,0.003769267389379394,0.08765006734173099,100.37692673893794,9978.89845560612,59.147130478079994,0
dodo-k100000000000000000,748,10000,259.10728851740043,-259.36961978967054,259.36961978967054,-0.262331272270103,271221.5132166492,5418.739143686159,0.9804123257644083,11678,2439,179964.3239642858,-0.000010981030974051009,0.10761817626240557,99.9989018969026,10005.002572052248,65.84911581145109,0
dodo-k100000000000000000,749,10000,143.26739959785036,-143.06353904226336,143.06353904226336,0.20386055558699923,197298.3275127496,7928.473195622622,0.9613672621302078,10614,1749,120208.55166309504,-0.001312353473855694,0.10094011899618635,99.86876465261443,10002.671626519239,75.92248779143098,0
dodo-k100000000000000000,750,10000,87.3715951432137,-87.33845970540497,87.33845970540497,0.03313543780872408,114453.62562802214,5176.056752963024,0.9567326716083822,7757,1251,69829.46161416128,0.0015665273589732464,0.12026894691996062,100.15665273589732,9983.308106240213,30.054351490408308,0
dodo-k100000000000000000,751,10000,287.32835477390574,-287.2902340195347,287.2902340195347,0.038120754371050225,264566.6341281072,4978.624969085418,0.9815295398414325,10462,2295,181086.11659517646,-0.00009788677485957465,0.1354028348891248,99.99021132251404,9988.260522222945,101.2866927732182,0
dodo-k100000000000000000,752,10000,90.65682932055276,-90.60582534015535,90.60582534015535,0.05100398039741094,96368.74052823559,3554.8145241765646,0.9644246592076114,4029,940,67981.92357678295,0.0032861921356087008,0.09011955798154048,100.32861921356087,9970.211037149282,77.42692162612333,0
dodo-k100000000000000000,753,10000,111.88456310776836,-111.82948064770031,111.82948064770031,0.055082460068049954,158789.88147898234,5378.942129923879,0.9672353007612582,10112,1476,95132.30456074807,0.0013341570969663508,0.0839646886172838,100.13341570969664,9978.699855893461,116.90083946461168,0
dodo-k100000000000000000,754,10000,362.52207392922537,-362.5564931951543,362.5564931951543,-0.034419265928931964,237068.70413894422,1054.7052778281782,0.9955707618985826,8767,2037,168803.55574382635,-0.0014018501798979343,0.28017338167768285,99.8598149820102,10014.561291428337,100.34288258639835,0
dodo-k100000000000000000,755,10000,88.92099130977537,-88.68906148901935,88.68906148901935,0.2319298207560223,119877.8732494261,5314.522985983089,0.957549155174011,9664,1168,67601.99792202887,-0.005202411060389381,0.16129399299168454,99.47975889396106,9998.622168197931,75.26623008941496,0
dodo-k100000000000000000,756,10000,142.95167188393077,-142.65734303773104,142.65734303773104,0.29432884619973265,155308.8296046698,6434.019965839894,0.9602206837401176,9374,1573,97812.3061510861,0.011692344935564165,0.19440329826951286,101.16923449355642,9942.09174962648,29.392458375787093,0
dodo-k100000000000000000,757,10000,362.47151324731493,-363.32792391597326,363.32792391597326,-0.8564106686583273,296942.97560746793,13554.48605661646,0.956345903815212,11615,2497,197881.3780994604,0.0016243768550496895,0.2805499647014537,100.16243768550497,9973.422807116925,158.94831824420146,0
dodo-k100000000000000000,758,10000,102.13344984198437,-102.13802044565192,102.13802044565192,-0.00457060366754547,136237.52133904258,1626.9707782075898,0.9881987685645417,7518,1278,86975.25305567129,-0.0008266689822100659,0.07322081604026906,99.917333101779,10006.8701301017,106.84769461779557,0
dodo-k100000000000000000,759,10000,48.11586913025897,-48.07070392906736,48.07070392906736,0.04516520119160816,84444.53404217913,3201.9189662353538,0.9634677861301705,6839,931,49301.12250291958,-0.002698601661829798,0.07282847502571485,99.73013983381702,10027.390436554166,71.69126603690364,0
dodo-k100000000000000000,760,10000,56.145679112912404,-56.14064229789076,56.14064229789076,0.005036815021647101,83312.90478805473,672.7795062164435,0.9919893549493609,4532,879,55786.805463210076,-0.0018830664627864735,0.06663185913076859,99.81169335372135,10020.641147142254,103.10818805891064,0
dodo-k100000000000000000,761,10000,142.2725799335216,-142.25842753303652,142.25842753303652,0.014152400485073713,212205.79432048099,3195.4972741433708,0.9851649112663765,11497,1929,132858.1129250777,-0.0007769018582236242,0.06863580325976627,99.92230981417764,10001.539858617802,109.84123302701997,0
dodo-k100000000000000000,762,10000,130.5629416991165,-130.70113134159305,130.70113134159305,-0.1381896424765614,132706.5525839997,2578.4941273314857,0.9809402872674212,5479,1261,93677.41210200917,0.0006030559608042552,0.14824995253330656,100.06030559608043,9999.563544362873,95.76820015918756,0
dodo-k100000000000000000,763,10000,141.54282282894494,-141.5453004062795,141.5453004062795,-0.0024775773345595553,182868.38064884613,7166.925846618188,0.9622863457386576,9683,1675,116645.55582952018,-0.00006573774482546923,0.0991305878500387,99.99342622551745,9998.134206226729,83.24321816981625,0
dodo-k100000000000000000,764,10000,151.59332035452547,-151.62894175306096,151.62894175306096,-0.03562139853548274,172177.22039730177,4186.149853924028,0.9762640629516155,8298,1579,113767.0070561815,0.0020648996024502254,0.11979871679037345,100.20648996024502,9977.774572752962,112.10210031335453,0
dodo-k100000000000000000,765,10000,177.6086815528538,-177.74081430186794,177.74081430186794,-0.13213274901414707,148012.3114590486,1873.688174753645,0.9874992448972459,8282,1435,97443.55349088812,0.007885571157491143,0.22713118886667927,100.78855711574911,9969.775727037893,59.15366382988853,0
dodo-k100000000000000000,766,10000,161.96961399096398,-162.02332901271674,162.02332901271674,-0.053715021752765324,198142.90923103548,3304.8937317952023,0.9835942925006486,10036,1717,127487.03459574305,-0.0002862010219175204,0.08732851395992768,99.97137989780825,10004.114595022218,129.17125411408526,0
dodo-k100000000000000000,767,10000,234.4688764817653,-234.39620635111788,234.39620635111788,0.072670130647424,269281.16990632983,8322.303704357411,0.970020894925729,11252,2159,175204.65511921237,-0.0011790541624287698,0.10150843290437236,99.88209458375712,10015.023722281208,141.39502169550477,0
dodo-k100000000000000000,768,10000,146.11449617720524,-146.01881027574183,146.01881027574183,0.09568590146341194,154893.0522104191,2369.923217795231,0.9849301896308261,6978,1407,104172.62106203836,-0.0031275170238438932,0.1125556349915263,99.68724829761561,10025.1586897835,111.92007962805289,0
dodo-k100000000000000000,769,10000,105.76306990929413,-105.95704318716548,105.95704318716548,-0.19397327787135055,111334.42224894797,2446.6628650999437,0.9784967522268965,6800,1215,72355.38682373316,0.0043329324394824195,0.12779385597191292,100.43329324394824,10016.347885233828,37.26992806776026,0
dodo-k100000000000000000,770,10000,121.55025485237488,-121.49653280247836,121.49653280247836,0.053722049896521185,158759.80814927228,4542.459906764666,0.972183730447602,10522,1590,97594.15467733174,-0.0009211607731865001,0.14778631604599568,99.90788392268135,9995.51068253569,57.98356107023355,0
dodo-k100000000000000000,771,10000,165.22728708520654,-165.13701682451094,165.13701682451094,0.09027026069560407,152095.24453585045,4000.2226274051063,0.9743732300488817,6007,1347,106273.04498610483,-0.002542103419431072,0.08418076305153406,99.74578965805689,10019.209852501594,117.1002968466999,0
dodo-k100000000000000000,772,10000,115.8958139399148,-115.84328805193346,115.84328805193346,0.052525887981346386,117901.28495160831,1590.9229536315474,0.9866859690558802,4770,1104,82357.97465603938,0.00007678053429927445,0.11537710312489764,100.00767805342993,9993.233741011427,106.47163313139586,0
dodo-k100000000000000000,773,10000,49.062944331741186,-49.093309916735905,49.093309916735905,-0.030365584994719086,64480.111603755,1680.1080837586744,0.974605463952597,4094,755,41877.25413597883,0.0003308803164802043,0.08118638762119545,100.03308803164802,10000.1901200788,60.991476141526256,0
dodo-k100000000000000000,774,10000,191.31958507497023,-191.34702181948472,191.34702181948472,-0.027436744514488964,207182.5510618757,5056.968309765546,0.9761732955071833,8987,1859,138810.25463085304,-0.0022042283438537423,0.06697683726074331,99.77957716561463,10041.59101976251,105.14823605591745,0
dodo-k100000000000000000,775,10000,190.1597621271083,-190.0878503820499,190.0878503820499,0.07191174505840081,215216.21023668177,3941.1824578857277,0.9820166574833347,9339,1851,142866.3363689321,0.006110888605959843,0.05815969922282022,100.61108886059598,9941.344065156085,103.46699775840948,0
dodo-k100000000000000000,776,10000,224.84412887538855,-225.20710113730632,225.20710113730632,-0.36297226191777554,210520.0804447895,4036.520353878164,0.9811866876206439,10824,1938,135233.11028217876,0.0008996490849519035,0.20161503812622883,100.08996490849519,10020.15769250067,79.8028225848472,0
dodo-k100000000000000000,777,10000,98.55070636517173,-98.49866411073478,98.49866411073478,0.052042254436955204,146510.74306825618,3628.827295061147,0.9758303071849754,10603,1350,85709.82561306107,-0.000586794552746852,0.08678193349923234,99.94132054472531,10012.401403305628,121.75783026085003,0
dodo-k100000000000000000,778,10000,72.7010373605515,-72.70661424003396,72.70661424003396,-0.00557687948246155,102647.61499344613,5401.117404826226,0.9500122094452947,6176,1033,64355.52140946891,-0.0006629753824884687,0.08596840374760532,99.93370246175115,10001.075369558104,70.4965545879545,0
dodo-k100000000000000000,779,10000,142.84083413760575,-142.79852945404016,142.79852945404016,0.042304683565589585,123506.02725460849,1428.3423029256926,0.9885672588897331,5391,1189,87675.927542606,0.0016107060617851232,0.10438749659665802,100.16107060617851,9976.897750335615,119.5149394147438,0
dodo-k100000000000000000,780,10000,62.65363899982668,-62.60993444153163,62.60993444153163,0.043704558295054596,80001.91791289276,1970.0491050711485,0.9759667947868153,4735,880,52613.29211817003,0.002335745740148667,0.08650691000460768,100.23357457401487,9973.753426791127,43.201264710126864,0
dodo-k100000000000000000,781,10000,226.17858229553283,-226.17604928296805,226.17604928296805,0.0025330125647826662,235850.59002214717,3993.364125496813,0.9833501572316533,9822,2119,159746.02359855038,0.0005174671253440977,0.0722368704551883,100.05174671253441,9994.109390293434,88.30946982733876,0
dodo-k100000000000000000,782,10000,130.17080182944758,-130.25944356891867,130.25944356891867,-0.08864173947108611,157990.32758219074,7371.882873286723,0.9554197851311891,11202,1706,94526.77466417593,0.005619949810747613,0.11241843353196714,100.56199498107476,9991.56034741604,30.849314336764525,0
dodo-k100000000000000000,783,10000,107.53406054258576,-107.46781117771432,107.46781117771432,0.06624936487143884,177694.3692883049,6662.260202451385,0.9638621067175378,9240,1440,106412.43851272187,0.0007168740969903808,0.04837406689872708,100.07168740969904,9970.41105778611,187.45760283221549,0
dodo-k100000000000000000,784,10000,203.37582112781544,-203.42137435211765,203.42137435211765,-0.04555322430221054,201346.94339590723,4911.823657038662,0.9761861096756299,8448,1802,136182.87760914132,-0.0008428343167379638,0.13193391015779127,99.9157165683262,10009.934881293055,90.7681798913549,0
dodo-k100000000000000000,785,10000,156.62693588445566,-156.69644496724288,156.69644496724288,-0.06950908278722068,202277.91387805506,6644.280816761248,0.9681973433867718,11220,1687,123548.78079656388,-0.003548580105423156,0.1288954106526549,99.64514198945768,10043.64308381321,107.79334861455105,0
dodo-k100000000000000000,786,10000,133.37793567496277,-133.40535953044457,133.40535953044457,-0.02742385548179982,194344.60234714366,4324.157062131703,0.9782343380258214,11593,1872,119448.40201831117,0.0012487293133524701,0.07355786768645317,100.12487293133525,9989.3060813975,69.39788457473159,0
dodo-k100000000000000000,787,10000,88.25308782347891,-88.22944137339758,88.22944137339758,0.023646450081329817,86473.37767086072,2098.924868848535,0.9763026949885656,4479,811,57065.589776639215,-0.000853091810620441,0.1053168454606417,99.91469081893796,10005.080069634367,102.25641890206818,0
dodo-k100000000000000000,788,10000,98.55510822756072,-98.56460899981411,98.56460899981411,-0.0095007722533893,149806.0487207274,1988.669758913173,0.9868989528830023,9959,1484,91194.01031894107,0.0007085128605055502,0.05912148193263761,100.07085128605056,10003.764405265985,76.4701005624904,0
dodo-k100000000000000000,789,10000,149.77621183975145,-149.7670373372521,149.7670373372521,0.009174502499348591,160720.99217475078,4464.5744821299495,0.9729723693632165,8854,1589,102936.6127489688,-0.003606401546373803,0.22096326373805666,99.63935984536262,9987.976416984351,45.19913850165597,0
dodo-k100000000000000000,790,10000,239.87082376390347,-239.4341772771415,239.4341772771415,0.4366464867619868,242490.7621933331,5678.840660715475,0.9771170981642935,10817,2064,157878.6008443532,0.009459371529641346,0.15250970606725844,100.94593715296413,9867.768073093132,107.42707785417099,0
dodo-k100000000000000000,791,10000,210.61294793196078,-210.41893094557537,210.41893094557537,0.19401698638540665,123813.76537151427,2822.849274579028,0.9777090592442956,4438,1161,91291.69130543816,0.004472995246813696,0.29254199284589416,100.44729952468137,9956.012316219432,79.51436980792685,0
dodo-k100000000000000000,792,10000,80.04135216112532,-80.04595736193345,80.04595736193345,-0.004605200808128984,131171.04203600725,2374.7750047502273,0.9822175261092194,8227,1243,79754.24774628395,-0.0002714086437704566,0.06355265856181064,99.97285913562295,10004.619969440682,107.75392412089055,0
dodo-k100000000000000000,793,10000,223.30514399124124,-223.1300356492813,223.1300356492813,0.17510834195994107,208654.33771914814,5837.813942939631,0.9727830883428473,8983,1907,143440.75667038976,0.0008873457800247309,0.17890409289120457,100.08873457800247,9998.933265408219,90.0232238598749,0
dodo-k100000000000000000,794,10000,166.0906635484698,-166.00390921625115,166.00390921625115,0.08675433221864637,180725.80174219958,4019.149861388862,0.9782448731264232,8781,1730,118744.53632819612,0.003859894286633363,0.1254673359626061,100.38598942866334,9963.102823837618,75.5775003864907,0
dodo-k100000000000000000,795,10000,75.47005779230973,-75.52098447331832,75.52098447331832,-0.050926681008590435,104442.15443114427,4129.037408874119,0.9619693093637737,5239,962,68238.67242677677,0.0010336635746436684,0.050384369636135774,100.10336635746437,9996.749470589983,101.23265814628994,0
dodo-k100000000000000000,796,10000,134.15296089693842,-134.22092159305242,134.22092159305242,-0.06796069611399957,181716.72801187515,2857.094949541543,0.9845205842101521,11466,1815,111577.8221544026,-0.00002818743968362014,0.10257452275164923,99.99718125603164,10011.723457991448,44.766029147773274,0
dodo-k100000000000000000,797,10000,43.837355815139304,-43.7647866778108,43.7647866778108,0.07256913732850734,62961.16776865706,2644.0005632261223,0.9596982885578366,4793,679,37871.88682943259,0.0066137418023777175,0.10945144979751134,100.66137418023777,9959.02844363207,48.03513720874063,0
dodo-k100000000000000000,798,10000,153.74338718120813,-153.72409582151207,153.72409582151207,0.01929135969606932,176386.91061929712,588.2067242991302,0.9966763309264708,9208,1563,111994.55686660363,-0.00003856760052897812,0.08666545282648187,99.9961432399471,9997.649252947018,94.88059338914263,0
dodo-k100000000000000000,799,10000,81.99051235519198,-81.97182359104411,81.97182359104411,0.018688764147867687,147983.13445766666,3380.8543930861356,0.9776640770453023,9750,1378,87675.52397739772,-0.0035532671552545025,0.08518796216532877,99.64467328447455,10050.063529212957,129.93298697183545,0
dodo-k100000000000000000,800,10000,60.27939269899925,-60.30422845730958,60.30422845730958,-0.024835758310324252,78437.39821776049,1096.6019183535998,0.986212161887031,5012,788,48863.15556293298,-0.0015532060950366145,0.0652101844341486,99.84467939049634,10009.528031370315,77.59413458054722,0
dodo-k100000000000000000,801,10000,255.81661165593215,-255.80429359695574,255.80429359695574,0.0123180589764047,242186.10853711257,1242.9344440379884,0.9948940585362518,9929,2119,166289.2410457819,-0.0002603919968460389,0.13380018365890747,99.9739608003154,10000.897778632028,104.84914144142202,0
dodo-k100000000000000000,802,10000,187.56731883050008,-187.58945799213194,187.58945799213194,-0.022139161631855586,184797.1123039282,5666.220728841944,0.9702503330241153,8858,1679,122597.83926581389,0.0027123919162156084,0.10426688440222179,100.27123919162156,9983.779725741908,87.95038740837605,0
dodo-k100000000000000000,803,10000,153.6939728234352,-153.59956418687068,153.59956418687068,0.09440863656450915,209425.27850149127,3763.503363298411,0.9823466163164002,11433,1877,129516.15804327706,0.00020688639457063117,0.08080928095025385,100.02068863945706,9988.66397619606,89.95941612798795,0
dodo-k100000000000000000,804,10000,57.772089559010325,-57.76535928884728,57.76535928884728,0.006730270163046725,91037.89487045608,1497.3972785483063,0.9838180953042529,7356,897,53717.02232600396,-0.00005762571735388633,0.058420803219485576,99.99423742826461,10000.139301189132,97.2363674029311,0
dodo-k100000000000000000,805,10000,66.04223748705921,-66.09702869262189,66.09702869262189,-0.05479120556267958,125906.01952089922,3228.5931320735262,0.9749982358273702,9930,1098,68960.2002414365,0.0002040512730228272,0.05693381293645544,100.02040512730228,10016.464761735482,119.2981378612403,0
dodo-k100000000000000000,806,10000,63.71274069547995,-63.69774463690008,63.69774463690008,0.014996058579868077,85653.20608073923,3774.2956571392224,0.957794911142636,6196,874,52423.55515493756,-0.0005124373337362442,0.07985663516130842,99.94875626662638,9989.399984813866,75.48629317156421,0
dodo-k100000000000000000,807,10000,68.15929714830733,-68.15294753929751,68.15294753929751,0.006349609009816959,104880.18213896947,2302.8205903177573,0.9785150580625736,6693,1044,65388.996142379016,0.0014804888162420582,0.06888100519226001,100.1480488816242,9990.258895337176,99.07495247045713,0
dodo-k100000000000000000,808,10000,119.72656775495712,-119.72825950188849,119.72825950188849,-0.0016917469313710853,104317.54189474725,330.66436131026603,0.9968402290575227,4456,1006,74632.80712279963,0.0023306395330189387,0.12664338654253754,100.2330639533019,9976.75961515043,99.8784555894213,0
dodo-k100000000000000000,809,10000,282.9988656877614,-282.9783627384738,282.9783627384738,0.020502949287617867,212548.85213124362,1795.108838515669,0.9916251018671389,7393,1845,154093.54912150872,0.006391084349571941,0.1518081609925065,100.6391084349572,9951.734148468955,98.84999152418169,0
dodo-k100000000000000000,810,10000,165.7197030996704,-165.65152030769806,165.65152030769806,0.06818279197233323,175562.96685893298,6034.574617500745,0.9667695136815283,7374,1604,120115.08994608645,-0.0026354385358197873,0.07644137468191275,99.73645614641802,10048.130434269946,110.90749740308672,0
dodo-k100000000000000000,811,10000,193.5128691033647,-193.64646331984213,193.64646331984213,-0.13359421647743375,247596.8128693816,2592.451548830975,0.9896380384072057,10192,1908,160315.79484673587,-0.0031942319640401707,0.06642877850941843,99.68057680359598,10006.129054858062,186.54067034309261,0
dodo-k100000000000000000,812,10000,57.23366118800322,-57.22364073305626,57.22364073305626,0.01002045494696091,76492.37754009821,71.71814815356879,0.9990632926894927,4196,762,50371.895968407385,-0.0032697288893335495,0.06609922347576855,99.67302711106665,10032.80517416037,99.1449253962304,0
dodo-k100000000000000000,813,10000,40.5691355539243,-40.592939328099476,40.592939328099476,-0.023803774175178205,61341.93116105242,2282.91421385532,0.964119139301584,3761,581,37946.41441571809,0.0013076726855538823,0.09088339848874157,100.13076726855539,9990.479073772922,176.8947872540809,0
dodo-k100000000000000000,814,10000,39.5839788225577,-39.61262806590522,39.61262806590522,-0.028649243347523168,62606.16785691333,1292.6811523920035,0.9797698836139638,4470,606,37849.76836798461,0.0003617754887957858,0.04954253432164052,100.03617754887958,10010.838543844724,62.71693477351568,0
dodo-k100000000000000000,815,10000,73.37396932452648,-73.3502755967256,73.3502755967256,0.02369372780088952,84571.35427019441,2081.535053909317,0.975978469152669,4553,890,56225.270735248145,-0.0015349225960281387,0.07650025125934362,99.84650774039719,10003.056377729534,77.68030596446827,0
dodo-k100000000000000000,816,10000,192.2634451769289,-192.40864861582446,192.40864861582446,-0.14520343889554965,152551.67336997105,1953.7819087371554,0.9873546089022374,6426,1475,109094.57900450176,0.0001715603217859041,0.14583892970741302,100.01715603217859,10014.231187196188,64.61531201975052,0
dodo-k100000000000000000,817,10000,39.47078130901304,-39.47357302212539,39.47357302212539,-0.0027917131123516015,93683.65506660035,2346.5887424113466,0.9755640655554481,7167,917,53974.40236941265,0.00022333130657557377,0.04283357374336276,100.02233313065756,9999.509789658216,129.80734167473219,0
dodo-k100000000000000000,818,10000,86.84535643398503,-86.85586379138641,86.85586379138641,-0.01050735740138009,146910.07975346752,2162.837652829999,0.9854914112471872,9691,1391,87805.076896633,0.0008498253362571972,0.051618864860790266,100.08498253362572,9991.745282046488,98.4871648904089,0
dodo-k100000000000000000,819,10000,186.36826135596897,-186.34845966576464,186.34845966576464,0.01980169020433209,214847.49678612725,3948.941977525399,0.9819515253546193,9546,1996,142804.18022987805,-0.0005269362290530921,0.09909638872670329,99.94730637709469,9997.62947881308,78.1946351444569,0
dodo-k100000000000000000,820,10000,139.83304566325555,-139.8385083449121,139.8385083449121,-0.005462681656553059,176659.857566534,1462.5508629382814,0.9917890686756721,9705,1635,111493.27985629368,0.0022333004188460847,0.10710507266200522,100.22333004188461,9977.876263764803,100.49189058316097,0
dodo-k100000000000000000,821,10000,282.3126730545085,-282.50204424005136,282.50204424005136,-0.1893711855428819,231024.09241089973,5027.00130265061,0.9787037576332905,8515,2039,162058.26673384497,-0.009624115679501983,0.1832346905582614,99.0375884320498,10064.16238261799,96.39702422755052,0
dodo-k100000000000000000,822,10000,71.74523030519113,-71.69203522475081,71.69203522475081,0.053195080440318065,90382.90995204651,1367.1062548583307,0.9850996619796188,6238,924,56107.7589635947,0.00011090633851466691,0.09487856122292442,100.01109063385147,9996.708262714794,84.97408078309397,0
dodo-k100000000000000000,823,10000,172.8142768162103,-172.85337656857672,172.85337656857672,-0.03909975236641117,203227.40317904286,2030.048516370935,0.990109745104975,10951,1760,125302.652863233,-0.002258858163613695,0.11356556605051153,99.77411418363863,10039.42368710752,97.60021019536488,0
dodo-k100000000000000000,824,10000,50.7209165454736,-50.71797227329954,50.71797227329954,0.0029442721740622346,73835.79266702004,1470.8427471403963,0.9804686168881231,4934,730,44694.27504714358,-0.0006817350819150647,0.07197381183941928,99.9318264918085,10004.758746384665,86.78164772720766,0
dodo-k100000000000000000,825,10000,125.796284619572,-125.79471615139195,125.79471615139195,0.0015684681800536282,139294.3413456383,759.1843888136701,0.9945793268335626,6669,1306,93559.08213559951,-0.0006693125759039731,0.08535784971614731,99.9330687424096,10006.305191002391,102.54219046099887,0
dodo-k100000000000000000,826,10000,196.91363029646888,-196.9941229230613,196.9941229230613,-0.08049262659241663,179238.60821352058,2262.8423223919444,0.9875326488261634,7804,1636,123604.2252895786,0.0018305439471896533,0.1608721848591101,100.18305439471897,9990.619275775463,85.45788929678895,0
dodo-k100000000000000000,827,10000,127.81282475733367,-127.78789197358714,127.78789197358714,0.024932783746535847,140606.72851622838,2446.601242522191,0.9828972786117722,5386,1238,98989.52771089695,-0.0015291008448748756,0.07437743834118493,99.84708991551251,10006.054896148604,160.70313852432446,0
dodo-k100000000000000000,828,10000,104.32688882748312,-104.16074258375275,104.16074258375275,0.1661462437303669,137589.0981394927,4318.292090083011,0.9695696462101309,8263,1302,83952.51045821668,-0.0033026922440608075,0.10934592846802758,99.66973077559392,10025.711813916094,75.19124874910781,0
dodo-k100000000000000000,829,10000,89.62739253775841,-89.60509352695598,89.60509352695598,0.022299010802427688,132818.39122277978,837.9130275689183,0.9937308379708042,7086,1232,84620.53738128617,-0.0017568233151610002,0.0504952133435863,99.8243176684839,10016.48449457429,122.83687938068753,0
dodo-k100000000000000000,830,10000,60.21616367235797,-60.235668155221745,60.235668155221745,-0.019504482863773376,128202.70743163301,5219.653204300339,0.960878722431369,9241,1107,70642.82571258084,-0.000025695108696908164,0.03974583533659939,99.99743048913031,10004.324092541376,112.94110362518128,0
dodo-k100000000000000000,831,10000,213.96166905412628,-213.92968388306662,213.92968388306662,0.03198517105965948,153611.3026834092,3306.3271630218223,0.9789295366858548,5481,1495,114019.58357606256,0.0016411423749228505,0.13606492457942068,100.16411423749229,10027.748530917315,51.688097046321765,0
dodo-k100000000000000000,832,10000,257.83308134676577,-257.87568968753857,257.87568968753857,-0.04260834077280151,278184.85686223756,8094.059871815072,0.9717266644566275,10550,2422,190852.61343342598,-0.0005605894992318383,0.07745559500263724,99.94394105007682,10004.77052098539,91.85844630659516,0
dodo-k100000000000000000,833,10000,221.59592021392103,-221.53331187413238,221.53331187413238,0.06260833978865321,184867.6554065156,7321.939289553593,0.9619025197428998,6723,1619,131233.3452192535,0.00302351054588641,0.11221522669451886,100.30235105458864,9979.01923277099,104.45568928617625,0
dodo-k100000000000000000,834,10000,217.97883122705602,-217.7596649429571,217.7596649429571,0.21916628409891814,210893.36265078257,2938.837309588134,0.9862563388014866,9952,1966,140053.76854730636,-0.02153491522865508,0.09837437616455262,97.84650847713449,10101.688687949993,46.10246177590722,0
dodo-k100000000000000000,835,10000,185.41451076118324,-185.49662123329753,185.49662123329753,-0.08211047211429445,139175.06269996776,2039.5137019719916,0.9855573429178662,5995,1465,99050.15777161533,0.000848356853811083,0.23942355844509636,100.08483568538111,10000.338086596075,34.93327604732511,0
dodo-k100000000000000000,836,10000,295.51722170253095,-295.5112679394284,295.5112679394284,0.005953763102525045,273207.6087021402,4583.697294862274,0.9834994933393928,11188,2309,184240.80415915418,0.0022091823573403245,0.09880386286487834,100.22091823573403,9980.785995897832,90.85752508151614,0
dodo-k100000000000000000,837,10000,88.46742025235297,-88.43152771535746,88.43152771535746,0.03589253699550454,115979.30496212821,2213.017286426273,0.9812761333026999,6290,1126,76437.37658657014,-0.006749312541171122,0.05218038360360851,99.32506874588289,10062.533193171377,91.23673533614378,0
dodo-k100000000000000000,838,10000,42.60845308706712,-42.596416259929256,42.596416259929256,0.01203682713786236,66645.18304228263,1665.7174795716126,0.9756156416202022,4852,713,39583.92670792451,-0.002091863636993736,0.06306991313682914,99.79081363630063,10016.54283055766,60.250967028008056,0
dodo-k100000000000000000,839,10000,86.12414862286077,-86.13718766711722,86.13718766711722,-0.013039044256444754,82250.48801208053,1644.0226589136028,0.9804036921395144,4143,821,56101.6331410711,-0.00025158948855960264,0.11220612502552925,99.97484105114404,10005.630780087211,108.29122919939262,0
dodo-k100000000000000000,840,10000,44.32692331096028,-44.30886242702935,44.30886242702935,0.018060883930935745,84617.36443061006,1465.8986855893775,0.9829711533633357,6702,897,49130.367297328245,-0.0005409126793071551,0.07018357877033196,99.94590873206928,9997.426502893022,71.96154163648174,0
dodo-k100000000000000000,841,10000,127.14234490254952,-127.2141974225459,127.2141974225459,-0.07185251999636932,142993.0424258947,4275.2384690300905,0.9709697265218947,5693,1354,100126.9869555087,0.0014446818932675853,0.0850151349145098,100.14446818932676,10011.171345310477,100.83021057413497,0
dodo-k100000000000000000,842,10000,371.77966042178844,-371.4751457377463,371.4751457377463,0.30451468404214665,292253.96456867654,8832.013999873494,0.9706661398120782,11484,2326,196335.9501133262,-0.0005709639658073229,0.16527044996276785,99.94290360341927,10013.950205302965,104.82636872516866,0
dodo-k100000000000000000,843,10000,88.40511119590451,-88.452076776034,88.452076776034,-0.04696558012949481,106232.6001503716,4337.944029553023,0.960767634258052,5633,1008,69572.22745797994,-0.0002970082296064902,0.09150047478906188,99.97029917703935,10004.142841993795,90.99599602018608,0
dodo-k100000000000000000,844,10000,197.08881888725662,-197.09726405190605,197.09726405190605,-0.008445164649430126,217062.41769986218,5604.510665336921,0.9748300715041756,9123,1917,146163.69058579736,0.00008706656729017936,0.07487567612408143,100.00870665672902,10012.8391127641,130.21283471593298,0
dodo-k100000000000000000,845,10000,212.9064676841327,-212.82767211840257,212.82767211840257,0.07879556573013247,226300.95173711207,3058.1832222984535,0.9866663988646467,9577,1998,154218.13844054908,0.004205384401569177,0.08858162743469009,100.42053844015692,9972.184615212944,86.84440521727163,0
dodo-k100000000000000000,846,10000,395.6098004451155,-395.3378422651765,395.3378422651765,0.27195817993901983,298426.810119204,5226.73787196652,0.9827871668006379,11473,2548,205772.7366029046,0.0020670883349283996,0.22986262581915867,100.20670883349284,9998.800895889684,86.26568770451667,0
dodo-k100000000000000000,847,10000,62.16197106530695,-62.19789678303382,62.19789678303382,-0.03592571772686881,114359.14497207376,3408.2735779974428,0.971059282610085,9148,1125,65164.329404164026,0.0017618341967083496,0.07032904283641712,100.17618341967083,9995.73344002913,101.68714168473659,0
dodo-k100000000000000000,848,10000,183.30285063341174,-183.28054336839602,183.28054336839602,0.02230726501571212,196017.94080326892,3754.608835949558,0.9812055818342899,9231,1848,131291.92120645632,-0.000019285939730764314,0.10315762460707191,99.99807140602692,9992.486975178024,86.78353724731187,0
dodo-k100000000000000000,849,10000,150.45360028315804,-150.3875843417856,150.3875843417856,0.06601594137242728,133814.32707808414,3241.23967224889,0.9763509082549467,6486,1344,92187.70330235889,0.0028184921831402223,0.192053069955239,100.28184921831402,9992.197423705384,48.957746823523024,0
dodo-k100000000000000000,850,10000,33.02555725596217,-33.015719922699034,33.015719922699034,0.009837333263135406,64560.583060637524,2002.3196242178585,0.9699183848141673,5412,653,36957.74370296251,0.006646173556308525,0.037818885861609884,100.66461735563085,9961.532715229416,67.06723239911757,0
dodo-k100000000000000000,851,10000,200.89749904785648,-200.99798351745267,200.99798351745267,-0.10048446959618218,174397.90688898115,1943.4011891141845,0.988979319648386,7952,1647,119279.60793869947,0.0025918587474330936,0.14510034656569915,100.25918587474331,9995.209594395186,82.33778507966863,0
dodo-k100000000000000000,852,10000,180.68169820618394,-180.9305689881805,180.9305689881805,-0.24887078199657253,164789.52034859915,5276.259565323507,0.9689751837906836,6064,1387,114152.99871812292,0.0007364165450745475,0.13093817388254395,100.07364165450745,9993.46876876558,88.6748237802902,0
dodo-k100000000000000000,853,10000,48.17194388299502,-48.18393917750448,48.18393917750448,-0.011995294509453913,101585.71163466093,3643.0217545161036,0.9653799714471257,8273,940,55127.376125679206,-0.001369082114624831,0.04645223876558831,99.86309178853752,10015.326108914363,148.30004310935598,0
dodo-k100000000000000000,854,10000,125.59912442443309,-125.61331340842037,125.61331340842037,-0.014188983987281745,166519.7286280348,1836.22812506611,0.9890931799475382,9695,1542,103009.46924998643,0.0005858432551211479,0.08017814048281409,100.05858432551211,9996.493052531645,91.36150052574122,0
dodo-k100000000000000000,855,10000,221.89716417068098,-221.92707420593268,221.92707420593268,-0.029910035251702993,266194.1301457044,6837.4791171000525,0.9749571885264072,10489,2136,176922.16784725545,-0.0007570955333451934,0.08063179381423566,99.92429044666548,10015.422974741294,198.6265803228232,0
dodo-k100000000000000000,856,10000,174.18877037513678,-174.3262990313724,174.3262990313724,-0.1375286562356166,128228.5654665931,2520.4864147408853,0.9807227174616269,4753,1268,94592.61526656007,0.0016773932565251925,0.16759846061426714,100.16773932565252,9991.151081875214,67.00186336323387,0
dodo-k100000000000000000,857,10000,169.3241454713926,-169.93422128843793,169.93422128843793,-0.6100758170453275,116277.99089152897,3353.9347299492943,0.9719645511636975,5302,1181,80717.17415091515,0.012309363158184823,0.2512689728863522,101.23093631581848,9985.974951387947,60.32203024469303,0
dodo-k100000000000000000,858,10000,90.61810301618576,-90.62264752631762,90.62264752631762,-0.004544510131864854,122238.28531798699,2872.0377150160584,0.9770439589204926,7864,1183,74040.25980863617,-0.00003200944190254518,0.09478415506139712,99.99679905580975,9993.631958021851,77.63671165355022,0
dodo-k100000000000000000,859,10000,307.99572427660434,-307.79400657544807,307.79400657544807,0.2017177011562694,276862.4413380697,5384.539954807971,0.9809225950614486,10218,2317,192372.8800456727,0.010942593684661687,0.0953417022590493,101.09425936846617,9899.481802968363,80.30670692604882,0
dodo-k100000000000000000,860,10000,94.82900685712156,-94.92588725792217,94.92588725792217,-0.09688040080061455,140362.7545444604,3898.4664559865455,0.9729763381388927,8872,1200,80874.20076075512,-0.0008103449340248403,0.10959694930226391,99.91896550659752,10045.74081000003,197.45107031287412,0
dodo-k100000000000000000,861,10000,92.27626379545396,-92.26634446705373,92.26634446705373,0.009919328400229688,110798.63209548814,837.8894735666767,0.9924944860177465,5382,1105,75633.33850359179,0.0008366754070908655,0.06024157462709951,100.08366754070909,9987.716373091915,101.3932377875106,0
dodo-k100000000000000000,862,10000,213.04635910218818,-213.11345724817954,213.11345724817954,-0.06709814599136621,221994.86490983408,4696.515017325788,0.9792823396335808,9814,1870,147058.06929260163,-0.00022149465550583614,0.11417348940021227,99.97785053444942,9998.653695502304,57.60465136755883,0
dodo-k100000000000000000,863,10000,104.37732572179092,-104.37362841736771,104.37362841736771,0.0036973044232126995,138595.30206149965,3148.0725773807967,0.977790337041141,6878,1246,90301.65801822038,0.0001952078533749102,0.08510604903018958,100.01952078533749,10005.080750743497,145.07392197208722,0
dodo-k100000000000000000,864,10000,58.68197103055942,-58.28977748482441,58.28977748482441,0.39219354573500453,111078.3259698603,2929.531602156355,0.9743041254827035,8772,1132,63146.0795457697,-0.026882398864896545,0.06212708495813047,97.31176011351035,10115.60971472131,46.03179362892335,0
dodo-k100000000000000000,865,10000,76.98776599381218,-76.9921386530824,76.9921386530824,-0.004372659270231338,106040.37477481559,2269.8236047734504,0.9790433067362824,5577,1005,68416.55698384828,-0.0005449576288155811,0.0492413192310056,99.94550423711844,10030.658846433633,122.21216496178592,0
dodo-k100000000000000000,866,10000,39.05918757800228,-39.03097942445612,39.03097942445612,0.02820815354616002,75424.6437724273,2809.467729414265,0.9640889673892682,5444,732,44303.69387170686,-0.0008528332458972443,0.04593960364487813,99.91471667541028,9998.296861045363,108.47222454667182,0
dodo-k100000000000000000,867,10000,181.34810212850144,-181.4007096180405,181.4007096180405,-0.052607489539070684,187586.81438807535,2313.256774535805,0.9878185576215242,7757,1694,128066.51591291014,0.0021390500772007215,0.09792670177794648,100.21390500772007,9994.412256073032,94.5777182947253,0
dodo-k100000000000000000,868,10000,64.5853539578896,-64.58272923294508,64.58272923294508,0.0026247249445106036,91593.13180811645,642.3620266711553,0.9930356308622172,5240,883,58277.08110393392,0.001712494859403506,0.05753445334604805,100.17124948594035,9982.817744896794,99.10295489690044,0
dodo-k100000000000000000,869,10000,59.80063313187972,-59.82858700897863,59.82858700897863,-0.027953877098909174,82696.41813840212,1793.1801937158293,0.9787763200546052,5164,872,52879.3414577208,-0.0014003607292636389,0.05883361953998161,99.85996392707364,10003.425606133185,80.18677816515901,0
dodo-k100000000000000000,870,10000,60.47642666322288,-60.43962666241036,60.43962666241036,0.03680000081251933,76575.70476380558,1197.9495807033923,0.9845969745050565,4053,714,51062.445725823985,0.0038334296638403488,0.054371343163857944,100.38334296638403,9955.555951484464,105.06790297340291,0
dodo-k100000000000000000,871,10000,61.74507032386694,-61.67054256874607,61.67054256874607,0.07452775512086873,78437.53883998672,2537.3336652205135,0.968665172457575,4356,716,49842.939068544205,-0.000031526515795690104,0.06131108591142549,99.99684734842043,9994.08083041471,162.52717894192187,0
dodo-k100000000000000000,872,10000,180.74027163541174,-180.5650940421088,180.5650940421088,0.1751775933029478,160692.2749408651,1968.0978006450848,0.987900569957671,7399,1601,110247.34092245977,0.007524510055492612,0.20724557467300173,100.75245100554926,9968.582869111451,46.93697407140254,0
dodo-k100000000000000000,873,10000,221.04875677091977,-221.04896463563426,221.04896463563426,-0.00020786471449696364,202685.7808053602,250.8803727555966,0.9987637503677297,8092,1837,144253.10052322826,0.000804803924889228,0.08955613939196069,100.08048039248892,9992.62259758285,98.61261982968234,0
dodo-k100000000000000000,874,10000,103.8185633616682,-103.74360529908307,103.74360529908307,0.07495806258512516,109784.19567118233,2051.2844648204814,0.9816580170950586,5249,1055,75083.39526335013,-0.0007348864977701908,0.10062664361602486,99.92651135022298,10020.113151997335,103.32487417824419,0
dodo-k100000000000000000,875,10000,232.4565568502567,-232.33037444383962,232.33037444383962,0.12618240641708667,205271.0920204442,4461.687207594577,0.9787268007222493,8293,1909,142727.99216910938,-0.0013854596196246406,0.12334735106690914,99.86145403803754,10004.498588461542,86.56645037972162,0
dodo-k100000000000000000,876,10000,225.76488240495416,-225.68242717809164,225.68242717809164,0.08245522686252116,237772.97209355352,3929.4341978360494,0.9837426765495298,10760,2134,158649.3156628761,-0.0013740806394801552,0.08804243014552483,99.86259193605198,9999.966059689925,85.52460096449374,0
dodo-k100000000000000000,877,10000,175.90107413169756,-176.0995899429603,176.0995899429603,-0.19851581126275164,142787.73355487848,2504.4862608740996,0.9827624200108575,5635,1393,102916.294993748,0.0003430027555788229,0.1185366020051417,100.03430027555788,10005.362892822126,70.11026216843064,0
dodo-k100000000000000000,878,10000,145.10541452973058,-145.27460951661615,145.27460951661615,-0.16919498688557155,142794.7818449108,2320.2623594453844,0.9840108765278814,5767,1371,101737.66736791136,0.0008399921952067757,0.09431280255163003,100.08399921952068,10012.601161230228,99.63650055586174,0
dodo-k100000000000000000,879,10000,277.1694696780756,-277.3433987736052,277.3433987736052,-0.17392909552961555,289525.597346559,5112.641932726533,0.9826477311796575,10702,2429,199072.94515801745,-0.00014825808806122608,0.0736187619289872,99.98517419119388,10014.93496653779,106.96298308753185,0
dodo-k100000000000000000,880,10000,86.13816696524772,-86.14111351931496,86.14111351931496,-0.0029465540672362067,130101.60349042744,2049.1105454286335,0.9844941394348224,7352,1225,80744.14388921951,0.00006417396156749078,0.06917495323044179,100.00641739615675,9999.22262200174,105.03268926818903,0
dodo-k100000000000000000,881,10000,276.7998165486834,-276.817230548597,276.817230548597,-0.017413999913628686,229077.38719651176,2187.775288352357,0.9905399703749347,8517,2109,163150.5671591698,0.00022789150868248953,0.16798389856757667,100.02278915086825,9995.810071345935,79.91864952698177,0
dodo-k100000000000000000,882,10000,69.50828217996329,-69.56563130325955,69.56563130325955,-0.057349123296262405,119745.24309541022,4019.25932249498,0.9675249425806804,7812,1191,72234.917313827,0.002420154368392673,0.059472573453356145,100.24201543683927,9984.117259439507,92.96718688283305,0
dodo-k100000000000000000,883,10000,71.60836174943168,-71.62576624603899,71.62576624603899,-0.01740449660731258,111765.65500228932,2572.7163182979707,0.9774990994835455,8483,1143,65650.94234005088,-0.00004510058985360388,0.10170403158357075,99.99548994101464,10007.64384235323,57.866316955603345,0
dodo-k100000000000000000,884,10000,97.04019720929304,-97.0359879155817,97.0359879155817,0.0042092937113409334,127245.22187485459,1727.5975727923044,0.98660494838997,6525,1215,84711.99936478156,-0.00233170162351513,0.05946323307154998,99.76682983764849,10040.472197462492,171.72152903121366,0
dodo-k100000000000000000,885,10000,87.04011240405134,-87.03482522892216,87.03482522892216,0.005287175129183197,106254.00258029375,1711.9683823203668,0.9841434447626727,5712,1017,69590.97900423392,0.0007064361024606569,0.06369549633082543,100.07064361024607,9993.329590852894,95.93368572207761,0
dodo-k100000000000000000,886,10000,269.99240605407755,-270.0036452509104,270.0036452509104,-0.011239196832832477,265454.08436506876,3651.0886400792224,0.986432484372906,10844,2317,181051.3107495876,-0.0036839775250747664,0.116206722340891,99.63160224749252,10048.91437131749,98.39244390078188,0
dodo-k100000000000000000,887,10000,41.9954546340997,-42.03630118140272,42.03630118140272,-0.040846547303019065,75744.48686792182,2015.3938455030802,0.9740818295114084,5357,755,45218.19816872483,0.00025184764221961584,0.05595701255564336,100.02518476422196,10006.01375021272,150.83631635609953,0
dodo-k100000000000000000,888,10000,85.37176455132958,-85.31989952414212,85.31989952414212,0.051865027187460555,151980.46482805064,1321.3216349827767,0.9913809116940631,11003,1421,87300.47717374172,0.005743016572960898,0.06055925680158168,100.57430165729609,9939.235646308434,101.32791616145774,0
dodo-k100000000000000000,889,10000,148.91919510249033,-148.91239566204263,148.91239566204263,0.006799440447707639,168088.1170505387,3390.8131283174303,0.9802260655301456,7711,1506,112204.02847473176,0.0012617728899971326,0.06406619331003355,100.12617728899971,9986.99242150883,96.7181977662013,0
dodo-k100000000000000000,890,10000,97.55075974009394,-97.5484901609806,97.5484901609806,0.002269579113331588,97023.32085817223,1037.2695302547465,0.9894221569934871,4473,948,68140.50632239817,-0.00288804824638504,0.09537891471311583,99.7111951753615,10029.064436946099,101.83985582112363,0
dodo-k100000000000000000,891,10000,57.56340959336471,-57.57063796398337,57.57063796398337,-0.007228370618662439,107968.56424142746,2727.053927415295,0.9753643913595952,8196,980,61462.70660242346,0.00478101683601011,0.04800698964851875,100.47810168360101,9965.71218226274,97.39477003811395,0
dodo-k100000000000000000,892,10000,55.56924776375581,-55.55881416013454,55.55881416013454,0.01043360362127288,88773.20487086335,2358.228317337744,0.974122778114686,4853,847,55843.92682271981,-0.007456222294112109,0.04657196463198503,99.25437777058879,10081.770974379338,87.98773448184434,0
dodo-k100000000000000000,893,10000,270.4853743200323,-270.6056374253458,270.6056374253458,-0.12026310531348372,278062.90024312964,4358.840111675051,0.9845662019283676,10654,2196,185357.2261315606,-0.0010221448282823075,0.13884381451883854,99.89778551717177,10029.774046550236,162.11446641430615,0
dodo-k100000000000000000,894,10000,286.19944265081597,-286.1518094626782,286.1518094626782,0.04763318813775186,232232.88803581664,4684.508937722425,0.9802272479878478,8962,2079,162623.56579850582,-0.0006981784793265433,0.21966888523717842,99.93018215206735,10007.039790000665,103.80107120402114,0
dodo-k100000000000000000,895,10000,159.08562094581984,-159.18738417797192,159.18738417797192,-0.10176323215208072,218062.38113016755,7650.770700684454,0.9661040101623414,10875,1781,133960.49801862045,-0.0009240067687831299,0.08312449983221243,99.90759932312169,10000.84706867465,152.32987369519603,0
dodo-k100000000000000000,896,10000,61.97912993061837,-61.980264919957115,61.980264919957115,-0.0011349893387446741,104427.65873554966,3239.2286595303312,0.9699143465748751,7307,1042,61598.469579326134,0.0007934557620376382,0.06792474697605484,100.07934557620376,10001.287060032411,74.75278526739645,0
dodo-k100000000000000000,897,10000,112.48140329655126,-112.51451219901847,112.51451219901847,-0.033108902467205326,132468.03720715092,3488.8920869952844,0.9743382547317837,7976,1324,82349.75856373295,0.0013415537734091743,0.13350221328328188,100.13415537734092,9988.770803344367,61.66054881566218,0
dodo-k100000000000000000,898,10000,95.62222665943884,-95.63032649520886,95.63032649520886,-0.008099835770025265,143742.62392542211,5506.5568272124765,0.9631049443658988,10009,1383,83675.95166655772,0.0007278123100506661,0.09314777826592646,100.07278123100507,9991.146179034316,61.72752126679433,0
dodo-k100000000000000000,899,10000,232.3004685562308,-232.2587541412758,232.2587541412758,0.041714414955009715,190138.70813067496,7592.018146884991,0.9616042570124996,8471,2005,131806.38623614414,-0.002736570933965794,0.1763701104185691,99.72634290660342,9991.63518893179,48.27563102318908,0
dodo-k100000000000000000,900,10000,116.72048281403228,-116.69589267674141,116.69589267674141,0.024590137290871894,172835.30203934014,2648.5146469917563,0.9849073567181078,11497,1573,103574.92586574427,-0.0014677994418258323,0.11113881874774847,99.85322005581742,10008.48027221378,95.15456377734994,0
dodo-k100000000000000000,901,10000,168.2369709049809,-168.17016981766045,168.17016981766045,0.06680108732044232,185571.45463996645,7809.183912280425,0.959617550284536,9930,1847,118233.93082424073,0.0005938868532786045,0.11794711221834944,100.05938868532786,9962.281308288575,51.95977984924389,0
dodo-k100000000000000000,902,10000,293.0546169286266,-292.7627667020366,292.7627667020366,0.2918502265900429,222084.32107470155,6438.744975535339,0.971824529196016,9644,2079,151683.86266869475,0.0017629750289911783,0.3166610398755191,100.17629750289912,9987.367293300938,42.07959173122799,0
dodo-k100000000000000000,903,10000,171.24085450182235,-171.2047164296423,171.2047164296423,0.036138072180051495,244472.03183772907,8703.607171617561,0.9656222565264415,11760,1997,151232.679470623,0.001224484613970276,0.0704766485673396,100.12244846139703,9982.969959149468,79.3553036882172,0
dodo-k100000000000000000,904,10000,170.73156727639648,-170.72726039882812,170.72726039882812,0.004306877568353684,214108.1018923625,567.8454143383999,0.9973548717429106,10058,1911,139353.37248782357,-0.0016584536999161513,0.07337852888851927,99.83415463000838,10015.79388038494,103.56459739764196,0
dodo-k100000000000000000,905,10000,195.7305986101227,-195.73000167892866,195.73000167892866,0.0005969311940532407,202045.72251025078,1544.6827327373994,0.9924127920915832,8520,1763,135666.8514557483,0.0008446379459689979,0.06321519915357285,100.0844637945969,9992.381466780858,95.28967750177506,0
dodo-k100000000000000000,906,10000,43.67607392540472,-43.65666712540302,43.65666712540302,0.019406800001704028,99834.38326097501,2439.1859547344434,0.9761503781139205,7382,868,55019.72527930834,0.0000055615943134057485,0.0448009166211628,100.00055615943134,9990.415277912984,176.99047483532598,0
dodo-k100000000000000000,907,10000,66.49939689571279,-66.54697165139973,66.54697165139973,-0.04757475568693792,98738.48733413353,3185.273692402513,0.9687484678712629,5394,1020,64109.616765419254,-0.0005582763000076341,0.060371185458300544,99.94417236999924,9991.348295306692,116.46277568617353,0
dodo-k100000000000000000,908,10000,128.38270421212036,-128.29481041963703,128.29481041963703,0.08789379248332807,158798.35269902024,3625.4731074638157,0.9776789329431058,8436,1469,103514.28435731951,-0.0005858489884360552,0.08879791063132757,99.9414151011564,9999.542319968832,80.53688170807973,0
dodo-k100000000000000000,909,10000,155.67460358130512,-153.9639940383915,153.9639940383915,1.7106095429136303,157763.96556011782,1858.5516287899086,0.9883565823824818,6804,1524,108926.59159055862,0.06241079646759374,0.09367548840768664,106.24107964675937,9594.356311877136,63.95569969304597,0
dodo-k100000000000000000,910,10000,217.83817948497068,-217.8497118562941,217.8497118562941,-0.011532371323426105,245640.91067739725,7555.4919481840025,0.970159560444637,10580,1913,157439.29804165423,-0.002544668015247282,0.12418636172309207,99.74553319847527,10022.695237258078,185.42967231080868,0
dodo-k100000000000000000,911,10000,116.16667434141056,-116.06623167531137,116.06623167531137,0.10044266609918395,178946.82246793754,4212.126145880345,0.9770028918720132,11846,1619,103939.13390963344,-0.001182638978220325,0.0725999850318557,99.88173610217797,10012.259426904882,52.93232788898077,0
dodo-k100000000000000000,912,10000,164.70224403623735,-164.78192454299312,164.78192454299312,-0.07968050675577842,211690.71168411485,1963.9249484879972,0.9908079460411378,9086,1790,138878.03451720777,0.00690976890119714,0.06346188976180386,100.69097689011971,9952.809543518699,134.0828478532055,0
dodo-k100000000000000000,913,10000,115.78683665775463,-115.84103144447134,115.84103144447134,-0.054194786716706744,168884.0050573382,5202.626224329518,0.9701147285921582,9579,1518,103729.41604713995,0.0037699068256509347,0.06793593745098903,100.3769906825651,9986.332301444185,74.17759602197118,0
dodo-k100000000000000000,914,10000,84.75770447197489,-84.70432227105323,84.70432227105323,0.05338220092166068,117804.98570880336,4120.63365522928,0.9662037094687514,7119,1139,72805.68416504195,0.000608086267393162,0.06327266661638163,100.06080862673932,9992.435108452537,80.71806694001118,0
dodo-k100000000000000000,915,10000,170.6920570472754,-170.65674419171364,170.65674419171364,0.035312855561755896,179834.44591389614,4015.9301147347173,0.9781565303183861,8756,1656,118509.952903672,-0.001358562067782003,0.10317248897632467,99.8641437932218,10008.463284019352,91.80961420802007,0
dodo-k100000000000000000,916,10000,94.1770486360775,-94.28033020898035,94.28033020898035,-0.10328157290284423,97063.4662363225,2750.5477903946244,0.9724432704443847,7340,1084,58067.090649580634,0.005625627268580189,0.16423109361015606,100.56256272685802,10004.767525925396,31.36505247600264,0
dodo-k100000000000000000,917,10000,231.16480139570353,-231.11436963346884,231.11436963346884,0.05043176223469459,265661.55861036276,4472.263858041437,0.983444265448972,11508,2204,171205.91303973025,0.00048707445868956256,0.0773159482649055,100.04870744586896,10004.351840212148,177.4678224861306,0
dodo-k100000000000000000,918,10000,124.93133700794868,-125.04321879734925,125.04321879734925,-0.11188178940057014,104153.52377809028,1950.0613896206578,0.9816211545864513,5305,1103,73050.8026312268,-0.0009753630744260988,0.1991769212460464,99.90246369255739,10005.48007776836,114.53240818853689,0
dodo-k100000000000000000,919,10000,139.39534209810554,-139.34695813633004,139.34695813633004,0.04838396177549953,183274.873801589,2250.686299505746,0.987868591808701,8891,1484,115242.97136569081,-0.0015010218853754509,0.07635550236267193,99.84989781146245,10018.544753189746,224.58719251823345,0
dodo-k100000000000000000,920,10000,68.35270626837617,-68.29386731586611,68.29386731586611,0.05883895251005811,94609.618213068,1634.074200449371,0.983021493050906,5960,957,60500.26699253246,0.002887838711558004,0.07694403147519978,100.2887838711558,9983.647477762393,76.11630482573209,0
dodo-k100000000000000000,921,10000,32.05276697819695,-32.038804740024524,32.038804740024524,0.013962238172425145,92830.88912246175,3892.10753024711,0.9597602673103479,7658,709,45223.84366706176,-0.0006822725650660288,0.02714490695105937,99.9317727434934,10016.204756307921,157.45369450939688,0
dodo-k100000000000000000,922,10000,136.59581374745403,-136.6072047912409,136.6072047912409,-0.01139104378685829,138395.08044421126,1986.0675269979624,0.9858523202317359,5398,1280,98537.44261006355,0.0010223283069062462,0.07656849485886483,100.10223283069062,9995.864553730094,94.81008829113199,0
dodo-k100000000000000000,923,10000,146.87055992644903,-146.8348541844935,146.8348541844935,0.03570574195552467,176178.4280390779,1825.714035873494,0.9897434182452634,8537,1612,117043.40496535237,-0.000457782681571075,0.11038659786512739,99.95422173184289,9995.40443920645,110.38617493415198,0
dodo-k100000000000000000,924,10000,62.717337084491476,-62.76875470296836,62.76875470296836,-0.051417618476882865,75559.46456747182,3371.052918247617,0.9572908803130864,4396,720,47849.65510249624,-0.00016558739432994684,0.09833918675283641,99.983441260567,10008.429296866261,116.5546764444914,0
dodo-k100000000000000000,925,10000,136.9571332437903,-137.16880780790535,137.16880780790535,-0.21167456411504304,119498.80175674157,1491.0561449011063,0.9876761889735152,4932,1014,82882.72027801664,-0.0019717746991871365,0.09836937767378387,99.80282253008129,10013.820495717628,91.18801028239726,0
dodo-k100000000000000000,926,10000,76.55085699107505,-76.40695856350058,76.40695856350058,0.14389842757447013,106884.65451487718,2733.628678803343,0.9750622925377019,5841,1007,68362.48467474314,0.0005574819094776728,0.08825836095128281,100.05574819094777,9965.869627242835,103.07168258716703,0
dodo-k100000000000000000,927,10000,134.98964705721772,-135.0479052745722,135.0479052745722,-0.05825821735447789,143662.83419971625,3165.395903635747,0.978441503371609,5573,1330,101995.44736082292,-0.0010671881215837686,0.07405785886501036,99.89328118784162,10023.67630530259,104.82748780615688,0
dodo-k100000000000000000,928,10000,116.72501295576697,-116.72925515627367,116.72925515627367,-0.004242200506695326,105485.13268525127,1151.8456515372789,0.989198440639424,4508,1046,74392.43372629904,-0.0021602935199612717,0.18050904243273166,99.78397064800387,10017.358025651607,83.2080907777807,0
dodo-k100000000000000000,929,10000,90.91941818230742,-90.97140094032896,90.97140094032896,-0.051982758021537734,115207.62887095146,3365.830985973177,0.971613959902709,5148,1015,77803.32004782167,0.0006148478623191522,0.05975849788468025,100.06148478623192,10001.102037755725,127.89647149898721,0
dodo-k100000000000000000,930,10000,88.1591198607314,-88.15421200163708,88.15421200163708,0.004907859094316791,149296.59511876345,4211.631243119639,0.9725641332524353,9789,1373,89782.81732619928,0.000361474097635579,0.04138561082724266,100.03614740976356,9986.593166539307,110.88951471751186,0
dodo-k100000000000000000,931,10000,107.17074287197147,-107.23833294374708,107.23833294374708,-0.06759007177561216,95189.53299398026,2349.0210732453515,0.9759169992244671,4065,886,67227.7140014835,0.0014190838441028575,0.09233197621892643,100.14190838441029,10002.31442138008,107.36776649630849,0
dodo-k100000000000000000,932,10000,117.12936297521532,-117.12452074161153,117.12452074161153,0.004842233603781665,181904.20565222288,216.772941889502,0.9988097310723735,11014,1675,110972.5789385868,0.0004039502931659911,0.098482969561301,100.0403950293166,9995.474867139224,101.02862854195298,0
dodo-k100000000000000000,933,10000,193.96581871046297,-193.90951395951237,193.90951395951237,0.056304750950602056,239653.30657253336,3126.2819764137453,0.987122962045125,10091,1938,157543.04558871934,-0.0007149637788174346,0.0844085889912597,99.92850362211826,10000.37866765118,118.56551349852177,0
dodo-k100000000000000000,934,10000,141.8020304386796,-140.92375370073069,140.92375370073069,0.8782767379489087,152764.21556193888,3762.8451603309586,0.9759604176877282,8024,1452,97565.01761977751,-0.0036170204003515495,0.2443849536514962,99.63829795996485,9993.95986721259,73.91346420600289,0
dodo-k100000000000000000,935,10000,144.8148052681781,-144.9438389987649,144.9438389987649,-0.1290337305867979,128819.8336547407,1704.1500517945299,0.9869437784275259,6423,1360,88396.92263662838,0.002530867791951721,0.1153822317410544,100.25308677919517,10000.615006089101,60.009998089698215,0
dodo-k100000000000000000,936,10000,31.434392732337322,-31.428970164939273,31.428970164939273,0.0054225673980496936,55544.89803017788,2844.0958131957345,0.9512905493657774,4173,555,32437.190334080147,-0.0024422121611146963,0.05687810792277489,99.75577878388853,10024.286421278579,105.05855312620623,0
dodo-k100000000000000000,937,10000,254.68642343257264,-254.48481933385477,254.48481933385477,0.20160409871786555,219815.7681297415,3623.704612879909,0.9837821645011935,8219,1819,152059.33735601458,-0.0011062791841769126,0.15164001624574497,99.88937208158231,10017.118053116052,150.2718954070977,0
dodo-k100000000000000000,938,10000,90.2645287969473,-90.24746365481272,90.24746365481272,0.017065142134583766,152461.57522279886,2980.7693966006964,0.9808239549918067,9602,1348,89775.42992503339,-0.0002221323026779487,0.058250033679560144,99.9777867697322,9993.513905031657,126.17586885449033,0
dodo-k100000000000000000,939,10000,110.44480037935168,-110.45015250202036,110.45015250202036,-0.0053521226686825685,157489.50851893175,1403.9548076065612,0.9911641751761598,9555,1463,96495.93258593208,0.00017012317211154482,0.08276196715943783,100.01701231721115,9997.804581006783,101.06099073645629,0
dodo-k100000000000000000,940,10000,109.62646584345407,-109.6787183655197,109.6787183655197,-0.05225252206562914,118374.11792167432,2088.0398093498857,0.9826664253016936,5841,1097,79613.01672947238,-0.0018246940616904795,0.07041094579061494,99.81753059383095,10014.868770773244,120.78313631376483,0
dodo-k100000000000000000,941,10000,197.06993229751754,-197.14962021228007,197.14962021228007,-0.07968791476253045,225304.81549277683,3082.0635654478237,0.986505076043961,8512,1883,155178.94255503692,0.0003275278867759823,0.06391360974905397,100.0327527886776,10005.398939802533,169.26597924815883,0
dodo-k100000000000000000,942,10000,220.05586481067004,-220.13294197101678,220.13294197101678,-0.0770771603467324,173867.74010718448,2506.0582483756566,0.9857912100791548,9482,1843,114857.36132112241,0.012445585783309667,0.168530397112783,101.24455857833097,9974.771070458159,25.402786763145137,0
dodo-k100000000000000000,943,10000,197.8524558432553,-197.80106148879966,197.80106148879966,0.05139435445565255,222781.3910244199,4727.260932390131,0.9792216212801983,11486,2061,140781.52165216586,-0.0007291014981052513,0.19446283489728103,99.92708985018947,10006.077987460698,78.19488420272818,0
dodo-k100000000000000000,944,10000,88.50245083013762,-88.51141146781072,88.51141146781072,-0.008960637673098404,124853.399946175,2269.299367609571,0.9821487477857269,6227,1212,81174.87589102368,-0.000857417855094269,0.06252996492397855,99.91425821449057,9992.818596310717,79.20098667178127,0
dodo-k100000000000000000,945,10000,33.27087480425128,-33.20298683087756,33.20298683087756,0.06788797337371477,66838.90310518991,1576.8624751577104,0.976951767450357,4235,613,39747.097926375456,-0.00047388937015384157,0.038526996467015094,99.95261106298462,9998.437456557574,173.7740876760304,0
dodo-k100000000000000000,946,10000,76.55678929037502,-76.6312765609139,76.6312765609139,-0.07448727053888149,83017.73523917366,1164.3704838935475,0.9861684324252477,4213,848,56945.218235090804,0.00894637855612288,0.09549083022649213,100.89463785561229,9981.138743711099,52.164583536131765,0
dodo-k100000000000000000,947,10000,103.05963681944466,-103.08823033461937,103.08823033461937,-0.02859351517470543,119067.14650901932,1459.4449658394792,0.9878910956662712,5655,1191,80563.1387918297,0.0016725709213352502,0.06847170922327436,100.16725709213353,9996.466144899587,128.16906905538224,0
dodo-k100000000000000000,948,10000,83.77233933877463,-83.80048264353675,83.80048264353675,-0.0281433047621249,86601.0843701067,1781.0260113902657,0.9798485688596645,3971,909,60603.89844895631,0.003127026063638141,0.12928254362442318,100.31270260636381,9979.29788202904,83.92570193792658,0
dodo-k100000000000000000,949,10000,377.76095357084637,-377.81749815101864,377.81749815101864,-0.05654458017227171,248597.8497869291,5036.150466115172,0.9801440246138501,9175,2332,177555.29207299318,-0.005034334162373284,0.15128487662107404,99.49656658376267,10014.165818670399,70.36953262042883,0
dodo-k100000000000000000,950,10000,42.19182162212587,-42.186620294112224,42.186620294112224,0.00520132801364781,73543.46024948801,181.76377004418418,0.9975345782605417,5934,711,41390.254875601306,-0.001958856615603395,0.0726695128299798,99.80411433843966,10019.224478901104,98.44005129273961,0
dodo-k100000000000000000,951,10000,109.03516320150261,-108.78275542820813,108.78275542820813,0.25240777329447894,149751.0604716837,2150.380252994503,0.9858435822416453,8647,1295,90547.95919517566,-0.0015301859246702066,0.10764717223521472,99.84698140753298,9984.466745486865,148.9629282748829,0
dodo-k100000000000000000,952,10000,131.03829140827682,-131.0348346478619,131.0348346478619,0.003456760414906057,189708.81071681107,433.79062920878573,0.997718603689347,11817,1752,113453.8659370292,0.0011283017153508013,0.08872208017769978,100.11283017153508,9987.59228246915,98.64640832164508,0
dodo-k100000000000000000,953,10000,92.30125526917847,-92.28927525173685,92.28927525173685,0.011980017441615587,154457.54842557324,4950.519332836871,0.9689443614589218,10518,1443,89710.01121065102,0.0016922680552151803,0.07702958079025038,100.16922680552152,9977.781448807977,119.56303624451994,0
dodo-k100000000000000000,954,10000,76.9773716215414,-76.98834616618623,76.98834616618623,-0.010974544644838602,122799.75362694707,4004.8789463518606,0.9684169350513526,8321,1230,72602.51876719292,-0.0015718567249108162,0.05483761764915712,99.84281432750892,10025.631569065798,73.36659174298256,0
dodo-k100000000000000000,955,10000,130.92371234724732,-130.82024474801608,130.82024474801608,0.10346759923123727,158081.56447640507,6453.641175650668,0.9607765332040958,8987,1626,101718.7412708568,-0.0018941271088124267,0.08610196826625113,99.81058728911876,9987.641012144397,44.53245722914996,0
dodo-k100000000000000000,956,10000,349.0570798964936,-349.02213081037206,349.02213081037206,0.03494908612151448,312250.22461976507,4791.473508629887,0.9848869295839772,11835,2466,212144.6015665158,-0.002673938607049138,0.13480761465307395,99.73260613929509,10026.007655508605,107.41825791751016,0
dodo-k100000000000000000,957,10000,175.03984956208444,-175.0721986899121,175.0721986899121,-0.032349127827671964,185686.41678617318,3858.53351338914,0.9796431743114706,11154,1731,114059.29484749421,-0.0020582429046716298,0.18839033934011795,99.79417570953284,10012.048299946058,79.42004567793134,0
dodo-k100000000000000000,958,10000,141.0555161224189,-141.01719128971308,141.01719128971308,0.03832483270582543,143824.450050088,2429.5842998391076,0.9833879160281754,6480,1318,97103.64549908119,-0.001331119425781111,0.13242870809572638,99.86688805742189,10015.850480353518,103.19117791931505,0
dodo-k100000000000000000,959,10000,119.43875641999378,-119.44666308328321,119.44666308328321,-0.007906663289432458,166296.40670625115,3473.3169913135553,0.9795410105190423,10357,1554,101703.36713200047,0.0008453854508087489,0.0646679200742905,100.08453854508087,9970.89531258619,63.97954373227681,0
dodo-k100000000000000000,960,10000,134.5547346767525,-134.47804595883682,134.47804595883682,0.07668871791568677,183415.31221254804,3458.5437606825617,0.9814926291178044,10033,1673,115516.71641805468,-0.006189133200353041,0.06612587129662885,99.3810866799647,10034.883832459827,80.69917607259077,0
dodo-k100000000000000000,961,10000,23.789620096647113,-23.80277170870439,23.80277170870439,-0.013151612057278328,62799.10715199537,2237.4449283491085,0.9655971164402284,5158,618,34289.83309260734,0.001749462088450713,0.035353871193296985,100.17494620884507,9991.290770805956,108.08405333850828,0
dodo-k100000000000000000,962,10000,96.99444504150938,-96.96496212683658,96.96496212683658,0.029482914672797733,160195.57891022266,1509.1248112471,0.9906674031335135,10199,1461,94172.0841204879,0.004189219904328638,0.07340644095957813,100.41892199043286,9952.079835628489,113.53587072471963,0
dodo-k100000000000000000,963,10000,147.04513442460885,-147.22152443348966,147.22152443348966,-0.17639000888081569,178245.98664576004,6759.004898614954,0.9634658241261899,10191,1744,111476.13300841204,0.0032865753699356046,0.10788475824960785,100.32865753699356,9992.208067583379,87.66726353746705,0
dodo-k100000000000000000,964,10000,99.82834806858256,-99.97942972130723,99.97942972130723,-0.15108165272467033,157945.94644854162,2750.8215959815443,0.9828819108843596,9701,1479,96254.17031005723,0.0047470002897557605,0.09239518897409042,100.47470002897558,10009.711549589903,61.096299341296785,0
dodo-k100000000000000000,965,10000,80.29486229031454,-80.29294854893422,80.29294854893422,0.0019137413803207437,142851.83567888412,36.72793639482017,0.9997429609797623,9127,1351,84554.59389953269,-0.0004963498537952659,0.05282412240492278,99.95036501462047,10004.448385037731,100.07319535446113,0
dodo-k100000000000000000,966,10000,156.7116537052786,-156.72137833389758,156.72137833389758,-0.009724628618982933,189506.09414056505,1381.5435523961323,0.992762529993596,9129,1725,123873.32297553586,0.00168271614905251,0.07870409101236263,100.16827161490525,9987.393261478828,103.84998603647017,0
dodo-k100000000000000000,967,10000,184.341365007556,-184.46189381980997,184.46189381980997,-0.12052881225397982,153083.03200414323,2329.6659293341677,0.9850098096210171,5703,1479,110388.67395334384,-0.0007731617925816181,0.12384175762714364,99.92268382074184,10029.346253289968,83.88825720589213,0
dodo-k100000000000000000,968,10000,268.3641792520327,-268.25878723402997,268.25878723402997,0.10539201800276032,235858.3225558684,4653.422306642857,0.9806519955634474,8807,2098,166292.95826346765,-0.002031011568421519,0.1310811619583157,99.79689884315785,10005.733647969448,92.76347330671241,0
dodo-k100000000000000000,969,10000,179.431488010843,-179.62480713842973,179.62480713842973,-0.19331912758673298,176976.0819309311,5353.429680815415,0.9706387099186936,8298,1796,119003.63886112507,0.0075726668302750965,0.14326782930210696,100.75726668302751,9986.603996389116,62.133199381701424,0
dodo-k100000000000000000,970,10000,146.7019159675279,-146.79507256053108,146.79507256053108,-0.09315659300318657,192601.00609882962,5197.608431263736,0.9737227257955694,7566,1580,130307.78550774488,-0.00048051510257593574,0.05550360293819779,99.9519484897424,10037.3313319098,181.17236352138633,0
dodo-k100000000000000000,971,10000,177.90623006841676,-177.886395517361,177.886395517361,0.019834551055765814,181473.9987678088,2560.850277180994,0.9860849709146393,7796,1661,124069.3608945532,-0.00030731790503821796,0.1227547673288153,99.96926820949618,10000.287661882992,108.39538477256826,0
dodo-k100000000000000000,972,10000,64.70085341049877,-64.69714887834408,64.69714887834408,0.0037045321546855803,82990.22009357483,2603.969555039009,0.969577729916844,4445,825,52971.22930950714,-0.0055095888602186,0.08880967629689081,99.44904111397814,10061.886563094638,110.90080125537601,0
dodo-k100000000000000000,973,10000,178.44525604318224,-178.5484419646147,178.5484419646147,-0.10318592143246974,228399.34983880675,5128.843620785086,0.9780375827654723,11638,2008,144210.3999633918,0.0007160410662318384,0.09077909178764614,100.07160410662318,9998.395247289007,153.51238374577542,0
dodo-k100000000000000000,974,10000,57.55444926714293,-57.60038452933328,57.60038452933328,-0.04593526219035482,100248.19126673538,2698.6123981240025,0.9737863410804937,6663,896,57911.283559359756,-0.0010977607170073612,0.04770079355541754,99.89022392829926,10011.442572092605,117.57216251344016,0
dodo-k100000000000000000,975,10000,137.2911342296835,-137.3433394177799,137.3433394177799,-0.052205188096394295,117270.79032764977,1825.842006945034,0.9846692389939672,4461,1146,86141.72543968649,-0.0017147114508512119,0.0915086195594445,99.82852885491488,10000.161813947185,64.16033880879931,0
dodo-k100000000000000000,976,10000,72.33865539567354,-72.33182078058348,72.33182078058348,0.006834615090056673,106905.17201966848,297.0360800701429,0.9972291981169474,6378,1036,68201.69697082644,0.0029724426731148413,0.05565743536280607,100.29724426731148,9969.324750939193,102.75298993868925,0
dodo-k100000000000000000,977,10000,120.30167706014159,-120.22438144428496,120.22438144428496,0.07729561585662736,136924.5304799227,2247.9302534753274,0.983847880237014,6936,1307,90530.66604280281,-0.0001860309688422035,0.1365039472508458,99.98139690311578,9999.15932388111,91.86459830000013,0
dodo-k100000000000000000,978,10000,91.09131332341308,-91.1071003457044,91.1071003457044,-0.01578702229132034,111998.21352859892,3801.452189779135,0.9671721661181287,9026,1285,66023.8577446674,-0.0034488761698099777,0.22253891928565422,99.655112383019,10006.69020499067,23.8162423587413,0
dodo-k100000000000000000,979,10000,163.79701077023546,-163.93256321953834,163.93256321953834,-0.13555244930287813,187793.79791317662,3960.1468515980655,0.9793477685350568,8866,1702,125628.28665017521,-0.0010753297030358057,0.08433942495222936,99.89246702969642,10016.751586568276,126.11982565019574,0
dodo-k100000000000000000,980,10000,83.16025370070125,-83.03727134185792,83.03727134185792,0.12298235884333053,124780.98369714423,3813.6880627211676,0.9703433430753433,9533,1150,70536.38984933664,-0.0014146559365086375,0.1059480139189992,99.85853440634914,10010.814560417495,113.32141015727349,0
dodo-k100000000000000000,981,10000,137.6757282023175,-137.64738666652153,137.64738666652153,0.02834153579595977,179049.0731822148,2802.064873598184,0.9845914361408165,8670,1666,116822.96807514188,-0.0020198693789109257,0.09736931694188072,99.79801306210891,10009.765865892663,133.91110719652707,0
dodo-k100000000000000000,982,10000,156.81715742260485,-156.71058133224855,156.71058133224855,0.10657609035629889,195955.39367809304,3569.015694158226,0.9821123856204503,10091,1717,124257.27779797753,-0.0012301143231239564,0.10632135452865456,99.8769885676876,9991.760892889679,137.53453606259666,0
dodo-k100000000000000000,983,10000,207.12584103769515,-206.81040226856885,206.81040226856885,0.31543876912630253,198037.98996080417,4067.428855172226,0.9798747164771681,8122,1890,138636.74867325297,0.021388490979306313,0.12434333371400555,102.13884909793063,9819.185352727774,82.94149992009324,0
dodo-k100000000000000000,984,10000,215.13755106065813,-215.1185668822245,215.1185668822245,0.018984178433612442,216293.26320435005,3140.5844309551785,0.9856877848846055,8013,1835,151871.98030407078,-0.0036393120003289426,0.08446769840430605,99.6360687999671,10046.581047559514,132.2300375431944,0
dodo-k100000000000000000,985,10000,153.4257816696105,-153.44274580937315,153.44274580937315,-0.01696413976264921,204255.78923738023,2444.1978095023655,0.9881751428995107,10559,1856,131481.39328505594,0.0002202335557122126,0.05864938363144631,100.02202335557122,10000.766566084409,108.3868371185161,0
dodo-k100000000000000000,986,10000,179.0628684039189,-179.03725884218846,179.03725884218846,0.02560956173044815,194780.4007094785,814.026598450836,0.995838191252917,8765,1753,130715.5410220947,0.004390494721991871,0.08203885975802024,100.43904947219919,9954.632687076037,105.05371503082581,0
dodo-k100000000000000000,987,10000,158.39903274357744,-158.42671490669647,158.42671490669647,-0.027682163119038705,143839.78093572246,3240.141796126238,0.9779701965030703,5596,1337,102836.51738649097,0.008453219112042092,0.1187640205196017,100.84532191120421,9930.257563548152,94.71457169401732,0
dodo-k100000000000000000,988,10000,223.0414793488318,-222.96714343081203,222.96714343081203,0.07433591801978423,253264.50863419988,2545.123231778322,0.9900507138327311,11755,2238,166857.91121442147,0.005603894613039131,0.11026745194004661,100.56038946130391,9940.787988462549,95.34830776808288,0
dodo-k100000000000000000,989,10000,198.20896147627832,-198.18653889185467,198.18653889185467,0.022422584423651415,189493.89420104795,7531.67552274853,0.9617731062353636,8338,1690,126880.9922203158,-0.00006282945838080422,0.14039201988997632,99.99371705416192,9998.171885118198,87.92640818545736,0
dodo-k100000000000000000,990,10000,112.40836373462585,-112.26288263469596,112.26288263469596,0.14548109992989566,118511.79712309179,3566.332784934782,0.9707864726661388,6064,1205,79494.91743061137,0.0011424007662859026,0.10474515609536042,100.11424007662859,9989.944802243128,63.800433732442364,0
dodo-k100000000000000000,991,10000,255.83094021585043,-255.98333868172875,255.98333868172875,-0.15239846587832062,274487.23154807405,6271.361555274113,0.9776627974732528,10244,2227,186133.81952804144,-0.0012763493848277107,0.09208744137384756,99.87236506151723,10026.777529426643,131.43011031994297,0
dodo-k100000000000000000,992,10000,210.4809836927123,-210.36340081065129,210.36340081065129,0.11758288206101497,242220.19047685392,8641.346344613867,0.9655533229441876,10767,2122,158301.77038124524,-0.0017280591441019054,0.07590303486506557,99.82719408558981,10000.70809906404,105.72201433928285,0
dodo-k100000000000000000,993,10000,103.92960798523833,-103.78267427204136,103.78267427204136,0.14693371319697235,106278.4204938517,3180.7532703230027,0.9709411905741604,4359,1072,76581.13742607398,-0.008660922747516082,0.07734094758276683,99.13390772524839,10036.415417627137,64.12596545006191,0
dodo-k100000000000000000,994,10000,220.57678223907698,-220.50162093943842,220.50162093943842,0.07516129963855178,242007.88409811145,6834.07616257663,0.9725364799593397,10240,2138,163844.97780608753,0.00015525963363501204,0.07655316653417515,100.0155259633635,9991.74127177485,104.93080575184041,0
dodo-k100000000000000000,995,10000,372.9969013129683,-372.73895337654005,372.73895337654005,0.257947936428252,292093.61861134437,4313.818518412684,0.9854463215896831,10939,2489,202200.50554980745,-0.009808721869410278,0.12989996188497513,99.01912781305897,10003.008134875055,75.38367126263556,0
dodo-k100000000000000000,996,10000,270.368748699438,-270.22331301534683,270.22331301534683,0.1454356840911828,199186.4240987867,8217.430042315134,0.9603795692401906,7667,1871,142311.1956819819,-0.010573157797513062,0.1884037502170412,98.9426842202487,10075.177879928753,87.21507112732313,0
dodo-k100000000000000000,997,10000,81.66346445327348,-81.68667030358058,81.68667030358058,-0.023205850307107312,115242.61946436114,3805.551162396819,0.9680335183450399,7210,1094,71203.17568865436,-0.001299996500631977,0.07372870793547065,99.8700003499368,10022.05948001541,107.08728473357351,0
dodo-k100000000000000000,998,10000,244.59001208794427,-244.6009024499637,244.6009024499637,-0.010890362019438271,246279.75648250806,5814.984615438031,0.9769333362920937,9710,2190,171733.9399469913,0.00037801630587679824,0.08272560199951882,100.03780163058768,10000.587710333524,96.25685765340556,0
dodo-k100000000000000000,999,10000,144.47744492836642,-144.49280958354927,144.49280958354927,-0.015364655182850129,132042.82772655715,1412.2211784816086,0.9894180011167168,5308,1284,94565.44775196763,-0.0008959758716409283,0.10451734194173228,99.91040241283591,10011.151611375559,90.08787327790438,0
flashbots-c10,0,10000,147.12144876574112,-147.13721507325465,147.13721507325465,-0.015766307513530364,153367.0404544364,2766.6412484306734,0.9822803048115154,6660,1484,106976.8767176475,0.0015907337030847657,0.07232067670627827,100.15907337030848,9983.738863496561,88.19719749066152,0
flashbots-c10,1,10000,50.6076972991743,-50.60423463956735,50.60423463956735,0.003462659606945806,55458.65937130072,2836.18348189528,0.9513476091009003,3923,614,34506.91953160492,-0.0001088132421523369,0.11425199764207533,99.98911867578477,10000.594700521737,51.02014315808477,0
flashbots-c10,2,10000,75.13211939432395,-75.12855194321432,75.12855194321432,0.0035674511096317474,123610.04112576903,1228.826415010494,0.990156700078931,7597,1227,76316.43324959939,0.0011222774249158363,0.06630763698729282,100.11222774249158,9986.477070645413,92.60684722629529,0
flashbots-c10,3,10000,48.729815998407595,-48.73006929460772,48.73006929460772,-0.00025329620012826126,80066.49975177927,1894.2964516029126,0.9768877739193468,5731,797,47388.578973126205,-0.000532852169033049,0.08882224435925166,99.9467147830967,9989.608200323388,95.23520454777344,0
flashbots-c10,4,10000,97.14662860617588,-97.15406559509603,97.15406559509603,-0.007436988920147769,101146.77550016859,1137.5113642008087,0.9888789236443603,4386,979,72345.20906378444,-0.000003933940482312437,0.08483368183791129,99.99960660595177,9999.25857247149,99.79690512669549,0
flashbots-c10,5,10000,116.80388020946104,-116.81120473271254,116.81120473271254,-0.007324523251497794,142766.8270534076,3577.0699398418196,0.9755570952165719,8586,1416,91066.19303490638,0.0003249324777748086,0.07603104165335196,100.03249324777748,9999.872220861438,89.6630303027163,0
flashbots-c10,6,10000,64.57538651425871,-64.56471350276098,64.56471350276098,0.01067301149772959,127074.65435252497,2625.3697962051565,0.9797581394958371,9005,1222,74266.62924682385,0.0004426058046408343,0.048023760949272826,100.04426058046408,9993.148726366993,112.87745809577848,0
flashbots-c10,7,10000,166.3099982296523,-166.30996820592662,166.30996820592662,0.000030023725685168756,156797.6699540661,176.57308279078597,0.9988751461426105,5830,1419,112880.73706130106,-0.00010873735942681151,0.08916886237625021,99.98912626405732,10001.462883641754,99.57023518258744,0
flashbots-c10,8,10000,349.47273183486595,-349.7947204956962,349.7947204956962,-0.32198866083024313,274783.1572204414,5254.813217075965,0.9812353545882864,9741,2355,193805.05942591673,0.0008910365694318046,0.19368490202757158,100.08910365694318,9987.34164552211,118.34002263650147,0
flashbots-c10,9,10000,178.93347763912337,-179.02736260303234,179.02736260303234,-0.09388496390897672,199453.87911824186,5693.27741459908,0.9722478365734127,9137,1795,130440.33246375681,-0.0012066047094691612,0.08789124702974803,99.87933952905308,9959.421496401596,153.7840946317001,0
flashbots-c10,10,10000,127.1887433677362,-127.18816627169706,127.18816627169706,0.0005770960391373592,154810.91340733564,424.9554298532446,0.9972625177864085,7559,1493,103098.74334444456,-0.000006133410815891693,0.10917926052974082,99.99938665891841,10000.980872164435,101.48687291166948,0
flashbots-c10,11,10000,133.9438533170214,-133.93777345998978,133.93777345998978,0.006079857031608071,144461.89747645112,2230.640075943295,0.9847937726542731,6163,1245,97610.23999003944,0.002430823031293272,0.12292940866966859,100.24308230312933,9962.523157485124,95.23554058680836,0
flashbots-c10,12,10000,335.76857178446306,-335.7497281691038,335.7497281691038,0.01884361535928747,302040.40364924056,748.2108322346032,0.9975289333995735,11695,2484,204982.64341856499,-0.003704257553163046,0.13791462187915102,99.6295742446837,10035.535643814013,101.37104955938125,0
flashbots-c10,13,10000,279.00118073884516,-279.01249456078557,279.01249456078557,-0.011313821940404978,283818.0492849095,3340.996911474839,0.9883653433324542,10588,2430,200351.46593076162,0.0009476519516242376,0.08746671055395452,100.09476519516242,9991.710007894406,100.44654210855664,0
flashbots-c10,14,10000,149.01939724436852,-148.81996081857494,148.81996081857494,0.19943642579357856,125789.92986814762,8702.960353095292,0.9352905544763089,6525,1357,84477.79844428373,0.004767587436894587,0.12630977807519245,100.47675874368946,10003.393106083486,62.80895993167865,0
flashbots-c10,15,10000,211.92676206018,-211.87619706897436,211.87619706897436,0.05056499120564695,201287.3922739666,4451.430077349835,0.9783636844690953,7333,1780,143314.79084350364,-0.004127792546230751,0.08553675261283587,99.58722074537692,10046.840957997685,92.84026173414608,0
flashbots-c10,16,10000,543.4510325354796,-542.9146276475111,542.9146276475111,0.5364048879685015,251306.88271147577,5433.418688421921,0.9788369077281761,9447,2381,179538.79627787662,-0.003431553866603991,0.4321976015517056,99.6568446133396,9994.52851345409,33.40793782367383,0
flashbots-c10,17,10000,62.18241989507782,-62.22603690195081,62.22603690195081,-0.04361700687299219,119348.74667773534,2436.0209004638527,0.9799973268504236,8675,1131,69079.81150512482,-0.000012632995667871683,0.05058428750925131,99.99873670043321,10007.685048852261,139.045628647001,0
flashbots-c10,18,10000,272.3717046579116,-272.36675002262814,272.36675002262814,0.004954635283468178,273529.4550687796,1224.9045322097004,0.995541819485636,10346,2340,188853.2349058613,0.000001080124792309789,0.0872934413208543,100.00010801247923,10001.878690230562,93.76140412178559,0
flashbots-c10,19,10000,74.52407014524779,-74.48685024206264,74.48685024206264,0.03721990318514656,132428.91575053884,3273.568864742353,0.9758768686216543,10217,1130,73305.24693329819,0.0000033691856684470165,0.08106153655347186,100.00033691856684,10000.503210244928,112.35294496405139,0
flashbots-c10,20,10000,171.55974101928348,-171.60321916826615,171.60321916826615,-0.04347814898267188,179457.5541130615,6979.229594096737,0.9625651684430513,8147,1691,120226.00236057155,0.002073554445239125,0.10226633300624811,100.20735544452391,9997.494882586643,96.08783510341532,0
flashbots-c10,21,10000,270.6807960973657,-270.7827385198086,270.7827385198086,-0.10194242244290308,236954.60881955028,4603.991585325694,0.9809404774758218,8948,2114,165704.41136869614,0.000004620007635338652,0.14900381424893397,100.00046200076353,9947.527837857426,66.664639588171,0
flashbots-c10,22,10000,163.5169389382922,-163.95883837671272,163.95883837671272,-0.4418994384205064,148227.99697036156,2733.597209918422,0.9818921015986759,7397,1370,97730.97906880036,0.002484839956278364,0.18546860844014332,100.24848399562784,10015.371136496306,57.98358028671422,0
flashbots-c10,23,10000,144.5687581476491,-144.69114010543532,144.69114010543532,-0.1223819577862173,200350.23305233734,1850.0630767892142,0.990850344375323,7850,1491,131353.42126494242,-0.0014648892820318337,0.06902786992103756,99.85351107179682,9989.29843969296,163.8063401131231,0
flashbots-c10,24,10000,101.76372873721459,-101.75716463041769,101.75716463041769,0.006564106796901115,204818.83445121197,4963.577378363289,0.976339401692094,10646,1510,123584.20381217991,0.0018919188799992525,0.043919159994657946,100.18919188799993,9953.53704449392,179.83882562108087,0
flashbots-c10,25,10000,154.48451859233444,-154.5981783585313,154.5981783585313,-0.1136597661968608,178345.53652123973,4740.223444960051,0.9741092729121306,8796,1656,116581.69101525552,0.0006661680436687334,0.09597156197695711,100.06661680436687,10024.47252757993,91.09577641654727,0
flashbots-c10,26,10000,158.4322202194537,-158.47694833146983,158.47694833146983,-0.044728112016116484,174702.59986639966,2157.504517529989,0.9878010672613511,10184,1938,113349.38728427215,-0.004432985289378166,0.08162458402096263,99.55670147106218,10044.996459016675,48.704627688688795,0
flashbots-c10,27,10000,69.26757499831763,-69.31480913909255,69.31480913909255,-0.04723414077491839,95406.87927448364,2332.0299575745435,0.9761402088902211,4885,927,63052.08255056,0.003539134380968676,0.0608820940646747,100.35391343809687,9963.77831535333,84.40924722637783,0
flashbots-c10,28,10000,42.8759838920083,-42.90305242430945,42.90305242430945,-0.027068532301150583,104055.20232719328,2085.5104864313134,0.9803514558066581,4822,802,65014.58339693136,0.00004354459454020798,0.03672768825142583,100.00435445945402,10000.867334882902,205.51212060341794,0
flashbots-c10,29,10000,193.24122375260526,-193.25124639487632,193.25124639487632,-0.010022642271053428,175824.55863853588,2549.9962962682143,0.9857042597964701,7890,1632,119203.20762290449,0.004057470722852372,0.11777449325826765,100.40574707228524,9959.181031736458,86.58439095986556,0
flashbots-c10,30,10000,111.82462960018884,-111.8060393892433,111.8060393892433,0.018590210945546914,129434.92491730805,2371.1221960764715,0.9820105203971654,7189,1406,85791.94631726199,-0.0015417643910824097,0.12541085542136954,99.84582356089176,10020.122851554857,52.14392420479111,0
flashbots-c10,31,10000,213.54905556600443,-213.50122307268407,213.50122307268407,0.04783249332035666,222953.23645289967,6051.431467427449,0.9735750737206248,10224,2045,148380.3219421892,0.0019511077316029456,0.10264503597469712,100.1951107731603,9983.840909612964,110.67588266666739,0
flashbots-c10,32,10000,58.28628297082277,-58.27992889783658,58.27992889783658,0.006354072986191284,123171.3915006248,2681.6601138864676,0.978692132773225,7767,1005,72068.06078190709,-0.0006847677240354244,0.06744437765414162,99.93152322759646,10019.771140471636,150.5462407016785,0
flashbots-c10,33,10000,113.37568643330472,-113.37673064733022,113.37673064733022,-0.0010442140254980359,114308.4362914343,2932.144820737066,0.9749903592005255,7482,1350,75201.69716421298,0.0027695999957765595,0.12379505112578343,100.27695999957766,9989.09788038828,65.08150843612081,0
flashbots-c10,34,10000,134.21481234618696,-134.2138473843432,134.2138473843432,0.0009649618437492791,174227.46825023272,2955.0971563855746,0.9833217385152773,8717,1660,114620.32856943141,0.000850344659024671,0.07417924079881232,100.08503446590247,9991.202702286304,101.14182694135982,0
flashbots-c10,35,10000,138.07366895561685,-138.1532292442942,138.1532292442942,-0.07956028867735654,154809.67320013887,5050.867434458029,0.9684045392664904,11334,1610,92117.53569057694,-0.0045078674464075165,0.13589287598918673,99.54921325535925,10056.058516605313,48.53289564999783,0
flashbots-c10,36,10000,141.54256222952662,-141.54454918144899,141.54454918144899,-0.001986951922361868,212394.02089219107,3217.4510137816587,0.9850775518327486,11662,1901,130572.02666273263,0.0007727551502266294,0.06583744864275545,100.07727551502266,9996.215490255527,93.57010798548743,0
flashbots-c10,37,10000,70.17110702982785,-70.21038721172162,70.21038721172162,-0.03928018189377269,100674.01111294622,3766.15699925491,0.9639395735632206,5679,890,62100.97314956289,-0.0000638046493979516,0.06567434090224836,99.9936195350602,9977.21977157915,120.57881934574904,0
flashbots-c10,38,10000,77.22173477173567,-77.2195318467863,77.2195318467863,0.0022029249493726866,87740.71255380305,1006.3285963376486,0.9886607081960607,4313,962,61003.51021047808,-0.002201450677740127,0.07832662373627017,99.77985493222599,10014.801018363933,71.98237568592819,0
flashbots-c10,39,10000,135.67313422805088,-135.66574251793816,135.66574251793816,0.007391710112727878,159490.1064925476,3643.2525429616626,0.9776670292054207,8814,1634,103726.85242252366,-0.000004110810375266283,0.07311892745345176,99.99958891896247,9997.105877702501,63.832420655588194,0
flashbots-c10,40,10000,123.86421830646863,-123.86475402376746,123.86475402376746,-0.0005357172988311731,132132.45130767062,2891.6436576830297,0.9785842396616323,5743,1234,91711.40604296625,-0.0009632972859866129,0.10505374469582833,99.90367027140134,10011.182478203225,103.824823994845,0
flashbots-c10,41,10000,120.02468492309629,-120.03516041311715,120.03516041311715,-0.010475490020866118,221649.65316261468,7132.81268836262,0.9688227300906498,11070,1743,134459.17859552056,-0.0008401808959948198,0.04722380721641215,99.91598191040052,10040.422608283956,123.15711283826744,0
flashbots-c10,42,10000,124.43322980279174,-124.46926498979334,124.46926498979334,-0.0360351870016018,142710.27550555678,2943.212230197818,0.979793053527579,5984,1302,98714.50793652706,0.0021913060699040444,0.1547762270777578,100.2191306069904,9968.3143275372,131.86361333046014,0
flashbots-c10,43,10000,297.4578636739353,-297.48550391527453,297.48550391527453,-0.02764024133921339,263990.0808011834,4262.478649473587,0.9841102032420398,9412,2177,185618.75827498973,0.0023387822889600327,0.10264304878838786,100.233878228896,9973.504458881845,104.65399671555824,0
flashbots-c10,44,10000,86.42976760101756,-86.42206880479671,86.42206880479671,0.007698796220850568,107384.37201769074,2205.2088811757953,0.9798775680763772,4175,996,76031.53578229104,0.00016826530005531026,0.05703475989702397,100.01682653000553,9997.335761031238,202.93007228776162,0
flashbots-c10,45,10000,151.67210931441392,-151.66262921675428,151.66262921675428,0.009480097659633202,205958.5781828158,896.1949831877283,0.99566751605742,11052,1902,131244.87306129173,0.0017328726950098883,0.1094707856633211,100.17328726950099,9982.042461258046,102.2127090536692,0
flashbots-c10,46,10000,304.85534053961214,-304.8970990365784,304.8970990365784,-0.0417584969662812,293260.33038693765,3015.287283379893,0.9898226951407957,11119,2506,201309.5154315306,0.0000009172912434962655,0.13694654073042273,100.00009172912435,9996.417294008024,102.77217781739873,0
flashbots-c10,47,10000,310.42153987298195,-310.4634871488287,310.4634871488287,-0.04194727584672364,232710.93066104245,4608.948241183002,0.9805791732976491,8367,2079,168395.97599435705,0.000010646777986238475,0.13987066303668924,100.00106467779862,10006.452510211531,79.6674381363814,0
flashbots-c10,48,10000,154.47914779953985,-154.55825218218087,154.55825218218087,-0.07910438264102027,139836.73527711746,2374.5859224872174,0.9833024128989399,6479,1426,98026.67297992297,-0.0008303050448601823,0.1453768334768162,99.91696949551398,10008.433294285767,70.09697829734397,0
flashbots-c10,49,10000,94.58181374611725,-94.58594229111246,94.58594229111246,-0.004128544995211314,161873.39710738565,5006.461664960382,0.9699996050944046,10712,1419,92400.33787253125,0.0013732499133986664,0.07471233377800161,100.13732499133987,9983.43673749606,126.28308410483056,0
flashbots-c10,50,10000,138.04118507462846,-138.06511879826238,138.06511879826238,-0.02393372363391677,121065.00837437366,2248.657111323971,0.981764737083541,4301,1097,87554.33980666651,0.00000034603563292989747,0.17044747777409738,100.0000346035633,10003.295666507393,97.35866611043825,0
flashbots-c10,51,10000,121.58809216955373,-121.5433097070401,121.5433097070401,0.04478246251363771,143879.00630361406,2740.0893747615855,0.9813115108773262,5839,1276,100090.56510731144,0.0007587100212799669,0.057675996638361794,100.075871002128,9995.441489931087,117.11257224741712,0
flashbots-c10,52,10000,110.38660818988004,-110.41332484157807,110.41332484157807,-0.026716651698038163,138534.17798930666,1777.0273304875932,0.9873351003831987,5993,1268,95494.25407649117,-0.00010783686241978785,0.060559741273529824,99.98921631375802,10034.39958453389,125.65909739566708,0
flashbots-c10,53,10000,202.57633519786373,-202.5106740325743,202.5106740325743,0.06566116528944121,131774.0001695383,4088.138523981049,0.9699096557488825,6302,1501,93691.85836833001,0.00464154525040044,0.16737524028227838,100.46415452504004,9983.851676369728,41.85639581894704,0
flashbots-c10,54,10000,68.55795728608386,-68.48926794194286,68.48926794194286,0.06868934414100636,74891.10458233517,1671.7320272630102,0.9781652287024402,5475,865,49021.75562335623,-0.004026133760010566,0.12130779121644408,99.59738662399894,10009.864643866724,50.51369382026857,0
flashbots-c10,55,10000,295.6902494638276,-295.6413832863868,295.6413832863868,0.04886617744080013,239362.80475458803,9774.197475267125,0.9607677808282793,10494,2363,161884.55306675175,-0.010619985316432974,0.15513426192122495,98.9380014683567,10088.398323350515,60.546112460192404,0
flashbots-c10,56,10000,87.61645315761722,-87.72522866417785,87.72522866417785,-0.10877550656063306,104695.56387192877,1943.1696124022596,0.9817780130266853,5163,963,70058.03951950205,0.0000055159042048558146,0.07693442499496342,100.00055159042049,9983.121668075219,146.04832612510074,0
flashbots-c10,57,10000,127.63065556896089,-127.58907030990747,127.58907030990747,0.04158525905342003,158581.0589187572,2446.8876754497373,0.9848045775456856,8877,1591,101266.73562146061,0.003143456932756692,0.08484074702200488,100.31434569327567,9991.870735300467,77.67038526056504,0
flashbots-c10,58,10000,272.6349198061196,-272.50718781938417,272.50718781938417,0.12773198673545494,209126.03322401718,6273.427440843202,0.9708753799964058,7774,2040,151720.10300152484,-0.0011285592436216518,0.1349801059612473,99.88714407563783,10025.868902680548,72.28276224227757,0
flashbots-c10,59,10000,164.73215828324317,-164.72958729708165,164.72958729708165,0.0025709861615155205,158562.31407417473,313.3887794952383,0.9980274593668745,5926,1473,114505.23514732633,0.001678208565829351,0.10303930279955012,100.16782085658294,9985.157409658517,97.70721160064947,0
flashbots-c10,60,10000,91.94437400605062,-92.02061054026785,92.02061054026785,-0.0762365342172302,154898.1376982401,5006.38864536249,0.968691388794056,10964,1487,88872.01327949816,0.00002774506247291697,0.07272447271017014,100.00277450624729,10021.075623130544,92.56558696223887,0
flashbots-c10,61,10000,72.48419115795859,-72.48349123691926,72.48349123691926,0.000699921039327478,109660.12730441311,1917.9077541792228,0.982811063546942,6226,1059,69782.92803235745,-0.0019000378845537113,0.07313416331361637,99.80999621154463,10022.284635038706,103.92595555353815,0
flashbots-c10,62,10000,66.19382712603218,-66.20260673857527,66.20260673857527,-0.008779612543094117,108513.3599294866,1926.2089551659776,0.9825587063167751,6540,1009,67708.5402298399,0.00201649368411708,0.08363588494043044,100.20164936841171,9972.183043506555,137.42372466016568,0
flashbots-c10,63,10000,251.99074522482744,-251.9654226969568,251.9654226969568,0.025322527870628164,274030.5815517821,2515.712560340979,0.9909031051440486,11410,2254,179316.85493118962,-0.00026287203627560984,0.09583643968680121,99.97371279637244,9999.210300242517,98.96920325179053,0
flashbots-c10,64,10000,253.2641523959943,-253.33409465499133,253.33409465499133,-0.0699422589970311,208516.1937145077,5947.513596557498,0.972267971718259,9035,2033,145531.90078695375,-0.00067643617707148,0.1909167752598519,99.93235638229285,10027.3439230891,74.15403615226887,0
flashbots-c10,65,10000,31.984834123003004,-31.98152527719481,31.98152527719481,0.0033088458081955707,53334.501448967574,378.86173198676374,0.9929466019338536,4296,523,30799.85330291523,0.0008235866212318399,0.07247575595955069,100.08235866212318,9992.399927367429,102.73393851923394,0
flashbots-c10,66,10000,130.0332989157595,-129.6557579859806,129.6557579859806,0.3775409297788883,111032.30853310421,1540.7493140819474,0.9863133387015794,4081,1080,82877.06714883061,-0.019855015024159855,0.08146642419707448,98.01449849758401,10192.062523417306,94.85584061218105,0
flashbots-c10,67,10000,78.31341555664302,-78.31120135482576,78.31120135482576,0.0022142018172672806,103462.6543349286,4952.1427507055805,0.9543222615009462,5840,1106,67000.49819893134,-0.0005649882978035237,0.054661771546638246,99.94350117021965,10013.467136513835,72.42108641022617,0
flashbots-c10,68,10000,87.95041003308435,-87.94770710184893,87.94770710184893,0.0027029312354187596,136629.52136787854,4920.102091477691,0.9652411502677687,11209,1392,76886.57373605962,0.003147355221781822,0.10472409400372328,100.31473552217818,9958.777809604466,58.40932061697143,0
flashbots-c10,69,10000,161.6514232108793,-161.55681301456008,161.55681301456008,0.0946101963192234,125970.65404920188,2355.976842734955,0.9816407800441757,5462,1115,87529.6568145813,0.0000008354632211649005,0.22423254968955547,100.00008354632212,9970.587147721391,134.91793217780622,0
flashbots-c10,70,10000,140.55967529993865,-140.51122300746482,140.51122300746482,0.048452292473825764,150032.56726523247,2194.4235632204577,0.9855845303695625,8039,1432,98635.83038050395,0.002208869410836769,0.1850981230841056,100.22088694108368,9979.886070550532,94.92072900346442,0
flashbots-c10,71,10000,96.97764410945761,-96.9614191705294,96.9614191705294,0.01622493892821808,124538.22835926214,4165.858797265811,0.9676322726861085,7708,1343,79248.24339539814,0.0005981667993634688,0.07673077182759769,100.05981667993635,9978.827720533904,68.45710391780875,0
flashbots-c10,72,10000,45.5833404382623,-45.576848093219006,45.576848093219006,0.0064923450432914365,82569.08321039031,3002.746063008178,0.9649096427118027,6616,841,47805.89057174573,0.0000067260305796423836,0.051612540921636876,100.00067260305796,9998.960376303563,96.37060832147118,0
flashbots-c10,73,10000,33.46892841807882,-33.46020218140487,33.46020218140487,0.008726236673950893,57847.012357347965,1596.105454869096,0.9731490286241168,4378,600,33986.911717606235,0.0027744823684039944,0.05696606201366748,100.2774482368404,9985.982993980124,100.67828776070691,0
flashbots-c10,74,10000,204.76298414419009,-204.76751164338225,204.76751164338225,-0.004527499192164441,218628.2563801956,3000.1758197671675,0.9864630373008266,9210,1986,149876.34770842668,-0.000005831482302909308,0.08343188886182987,99.99941685176971,10000.337962961386,95.90659946873016,0
flashbots-c10,75,10000,71.47348280177849,-71.45910689734407,71.45910689734407,0.014375904434416498,144852.03238741375,4463.741056944674,0.9701053615838646,11022,1244,78236.79502684383,0.0006685445730492745,0.050694519887877335,100.06685445730493,9948.206933761008,91.22287163918266,0
flashbots-c10,76,10000,56.72429048935669,-56.70024754226078,56.70024754226078,0.024042947095907152,81976.66409221955,1323.9811822152817,0.9841059912818992,4412,776,53459.272361994656,-0.00215863002686703,0.05312141575040101,99.7841369973133,10027.745385806915,125.84233488930936,0
flashbots-c10,77,10000,88.55156502140102,-88.53169943912187,88.53169943912187,0.01986558227915225,93496.266542371,1696.584067045731,0.9821774003385303,4283,950,65819.77605491084,0.0013015855299271094,0.10995274252706708,100.13015855299271,9987.691031520035,95.62363522688833,0
flashbots-c10,78,10000,96.30912820996686,-96.26406930596454,96.26406930596454,0.04505890400231749,128213.9271358604,7118.977266398303,0.9473965529828716,9198,1192,74724.3611333367,-0.0028543830294336203,0.1165596248134375,99.71456169705664,10026.528129038732,84.69556416044391,0
flashbots-c10,79,10000,77.53667713035398,-77.51493873364495,77.51493873364495,0.021738396709025665,142454.7553259488,326.51505503029637,0.9977131800679524,11375,1276,78332.95498951936,0.004345379062620652,0.08354467224719997,100.43453790626207,9956.630041852824,102.00281131785363,0
flashbots-c10,80,10000,51.789145171114995,-51.79139627017274,51.79139627017274,-0.0022510990577444545,89632.34308898689,2168.7450397775674,0.976375606390029,5048,797,56154.818426980826,0.0016250798718945702,0.03636037757824681,100.16250798718946,9973.671722686076,113.19352804042104,0
flashbots-c10,81,10000,49.077162163348476,-49.089856894780766,49.089856894780766,-0.012694731432290496,80325.3191939198,2741.131640160054,0.9670007372093543,5448,816,48267.84878284374,-0.00015283950412779744,0.047075129143422316,99.98471604958722,9998.795796387763,74.05978472305385,0
flashbots-c10,82,10000,119.5112523592087,-119.55172856420546,119.55172856420546,-0.04047620499676441,162370.3370248763,4072.8084048692467,0.9755303326288775,7116,1252,105446.51149902442,-0.002482689688379196,0.07955968762490173,99.75173103116208,10061.914674635582,143.70313277411483,0
flashbots-c10,83,10000,91.95792789642913,-91.95872860878993,91.95872860878993,-0.0008007123607995936,109759.04807901662,3718.33795818461,0.9672327845394181,5551,1045,73070.62540577726,-0.0010290021332815514,0.080042272259129,99.89709978667184,10017.203301180029,91.19295798900148,0
flashbots-c10,84,10000,144.25207520368485,-144.30034470471105,144.30034470471105,-0.04826950102619776,214793.8276650668,6917.21123787384,0.9688007810882974,9659,1752,137289.63409406226,-0.00009958442950065204,0.07118922981304848,99.99004155704993,9980.019378258037,140.58364303972618,0
flashbots-c10,85,10000,103.4081167344253,-103.41106682228222,103.41106682228222,-0.002950087856916639,137107.17943039988,3116.8360825259383,0.97777245166511,7327,1249,87207.23995900872,0.0004833085567702256,0.06705635409794568,100.04833085567702,9987.690744497633,98.12149974691745,0
flashbots-c10,86,10000,122.17234884355841,-122.17533762901587,122.17533762901587,-0.002988785457461063,155601.00459754202,151.92071263222027,0.9990246044346861,8676,1435,99059.36145085342,0.0000465182887162996,0.11561800819878015,100.00465182887163,10001.96150228523,99.3576510960261,0
flashbots-c10,87,10000,366.6516281812078,-366.6049999791615,366.6049999791615,0.0466282020462927,287887.36310145445,9985.495770955393,0.9664773225437348,10675,2592,200623.70556475368,0.001177411457487807,0.09724342210582364,100.11774114574878,9960.625579229074,60.98923060627165,0
flashbots-c10,88,10000,215.2187599884125,-214.9002966110026,214.9002966110026,0.3184633774098984,185696.58256330248,3270.577386230094,0.98269235042161,7217,1707,132114.45734997612,0.008100718326081023,0.11386628959607947,100.8100718326081,9938.77262228744,144.27266168576583,0
flashbots-c10,89,10000,43.15474982851573,-43.15708281446773,43.15708281446773,-0.002332985951994715,79939.92505967709,3564.178172356386,0.957317328916729,5917,858,47144.74105707028,0.000003252143191190271,0.03606261933774448,100.00032521431912,9998.435206163986,82.74322143651109,0
flashbots-c10,90,10000,384.9152968952476,-384.951099347311,384.951099347311,-0.0358024520634217,314842.69647525955,3090.260331756239,0.9902801510016715,11244,2647,218867.06262835674,0.0005977099740759684,0.14015521661698757,100.0597709974076,9995.43344626077,89.13127481907044,0
flashbots-c10,91,10000,51.44172976259577,-51.43035076125461,51.43035076125461,0.011379001341161654,69241.39717331911,1819.3072242977075,0.9743978442133382,4688,755,42748.084170276896,0.0007277697201433852,0.06893392506884453,100.07277697201434,9992.737252522942,90.47500892590769,0
flashbots-c10,92,10000,84.56386856723464,-84.59304927460536,84.59304927460536,-0.029180707370727532,124187.23268862125,2883.9456159501506,0.9773044867102928,9078,1252,73919.37035952834,-0.0007291831993485687,0.06972429899676215,99.92708168006514,10007.612961033492,46.34894965051198,0
flashbots-c10,93,10000,271.55827513466585,-271.5609756736269,271.5609756736269,-0.0027005389610508246,274690.1060058294,8476.080997502702,0.9700667615466285,10708,2253,184916.89811619895,0.0006466018477284763,0.137021235784904,100.06466018477285,9992.629872473537,108.74972911151411,0
flashbots-c10,94,10000,106.27222158859239,-106.26487670383847,106.26487670383847,0.0073448847539197,154942.442426117,2559.114864217768,0.9837518123106532,8703,1471,98662.13470486776,-0.0022326050340501524,0.06995761454585463,99.77673949659498,10013.188329108449,86.87945885007937,0
flashbots-c10,95,10000,293.55579221230295,-293.5128948735009,293.5128948735009,0.04289733880204949,245199.67070893897,5046.533244542083,0.979833727086305,9228,2203,171877.40473173864,-0.003661997701048705,0.12033919512977519,99.63380022989513,10037.72586141655,82.82845130071455,0
flashbots-c10,96,10000,79.98848156766556,-79.96710637532068,79.96710637532068,0.021375192344876837,122902.46842444439,2927.2948002524467,0.9767360700264125,7012,1181,77931.32161936906,0.0011987595423214258,0.06208830098060687,100.11987595423214,10004.245003411099,101.89845176990846,0
flashbots-c10,97,10000,84.43530733006918,-84.43676840821593,84.43676840821593,-0.001461078146746786,95422.82100448209,1762.3913667420225,0.9818656426863573,4613,989,65318.15104860463,-0.000005697724594284637,0.07430090318802186,99.99943022754057,10000.10423284978,76.02099851722808,0
flashbots-c10,98,10000,139.02961164903488,-139.05413895756595,139.05413895756595,-0.024527308531077097,186051.3347975583,4618.678551763454,0.9757765866240242,9150,1654,121014.22476437702,0.0000381450362917235,0.06465900702767186,100.00381450362917,10003.310587150834,115.97815055388776,0
flashbots-c10,99,10000,206.41576064852532,-206.3420653192622,206.3420653192622,0.07369532926313127,125688.87411108708,4661.767721820176,0.9642367106423921,4952,1394,94816.34430446496,0.0000006485285801716145,0.12887111309285884,100.00006485285802,9993.937545851331,56.70140573344945,0
flashbots-c10,100,10000,291.14624418117955,-291.236468185763,291.236468185763,-0.09022400458343327,268807.5835853862,5169.714550668455,0.9811308652730009,10948,2376,182682.22537492306,0.00033074322339956554,0.0974424167066283,100.03307432233996,10027.948158814625,104.02738870828291,0
flashbots-c10,101,10000,221.08602969375096,-221.0225023516553,221.0225023516553,0.0635273420956537,214096.02028029785,1419.6577096631945,0.9934127404423482,8674,1982,149918.99975450902,0.008029514973797091,0.10261202386695104,100.80295149737971,9933.15245430224,90.23761949204535,0
flashbots-c10,102,10000,263.7299044211782,-263.69740471324593,263.69740471324593,0.0324997079322884,214411.6246593332,6512.788739967304,0.970520285016233,9278,2085,148321.82477518168,0.0001842669103956496,0.08401893128885916,100.01842669103956,9981.126738968042,62.261355572996756,0
flashbots-c10,103,10000,105.03626281490482,-105.04863490540859,105.04863490540859,-0.012372090503774302,134354.48683069993,4381.318289437227,0.9684197004108402,9220,1528,82750.9595426693,-0.0005391123679449095,0.06572862476268866,99.94608876320551,9983.795378320638,48.18442667012048,0
flashbots-c10,104,10000,61.77705579231767,-61.77839109933667,61.77839109933667,-0.001335307019004972,90924.31752953472,1507.8582233640154,0.9836868686571328,5505,965,59979.89193203074,0.00043005001532378626,0.04670390124841973,100.04300500153238,9989.529258140356,95.58534366048933,0
flashbots-c10,105,10000,202.028527617801,-202.02447489615105,202.02447489615105,0.004052721649941304,242589.25726826375,3658.4328466493735,0.9851432805524302,9500,2082,162311.3187230407,-0.002357995485288882,0.07886742598281785,99.76420045147111,10023.070128176634,126.3446173667896,0
flashbots-c10,106,10000,137.82732715680854,-137.89708094916554,137.89708094916554,-0.0697537923570053,198000.31596852993,3562.1350680566875,0.9823273876173985,10500,1662,122485.73822578868,0.0024061587092971595,0.1250911478504486,100.24061587092972,10000.44160917741,123.2856935857355,0
flashbots-c10,107,10000,128.47239360643732,-128.4498835824258,128.4498835824258,0.02251002401152391,107129.38370471993,1340.7574924753776,0.9876393864921968,4295,1022,77332.33297044401,-0.0000003657823231151269,0.13044735872475102,99.99996342176769,9999.06925869886,112.59229413037767,0
flashbots-c10,108,10000,97.68148601799382,-97.67038788540636,97.67038788540636,0.011098132587463283,141116.43015075623,3681.629060738115,0.9745740441495789,8580,1327,87356.68983322474,-0.000003103513510609446,0.1101131044570127,99.99968964864894,10001.238503688528,98.97826851090687,0
flashbots-c10,109,10000,129.95471694052227,-129.99043476529272,129.99043476529272,-0.03571782477044394,166309.26356986677,4261.631862843441,0.9750154805013341,10423,1614,101936.13183013255,-0.0018399042175211377,0.09223778136643475,99.81600957824789,10018.40055375934,78.35886006302351,0
flashbots-c10,110,10000,77.72336295056492,-77.76306867690593,77.76306867690593,-0.03970572634101188,95603.46211154651,1976.88060422761,0.9797409954791229,5460,962,62154.75247553413,0.0010619737158705789,0.08209978281155869,100.10619737158706,9990.601615681266,97.06464735191683,0
flashbots-c10,111,10000,371.8900202900798,-371.9029651267756,371.9029651267756,-0.012944836695794493,320520.31658952974,2203.6905700912293,0.9931715939279309,11739,2630,220986.5515103741,-0.0010574415039248208,0.14390798141402825,99.89425584960752,10019.561259963732,85.90060301799143,0
flashbots-c10,112,10000,66.34524889480596,-66.38851836614228,66.38851836614228,-0.0432694713363162,159096.21504816946,5394.543191480781,0.9672045818913343,11282,1140,83468.77875148006,0.0007225533840031062,0.043968624789605004,100.07225533840031,9975.10417349683,231.81134331243595,0
flashbots-c10,113,10000,329.6385089866807,-329.58098242389565,329.58098242389565,0.057526562785028545,311523.1895212257,3379.1835392841876,0.989269107417508,11369,2606,214623.3208295175,0.0025075771743060214,0.08712320506844008,100.2507577174306,10003.230834836353,116.02591753715777,0
flashbots-c10,114,10000,194.35059407315816,-194.34710711058455,194.34710711058455,0.0034869625736178023,184939.44390237867,829.8152013506962,0.9955330865539634,7728,1657,128014.42834843668,0.0032024738819926312,0.155017686640424,100.32024738819926,9963.136450610855,94.79567510274329,0
flashbots-c10,115,10000,72.50333547448054,-72.52020361498535,72.52020361498535,-0.01686814050481189,130644.8102581892,2603.9310348003855,0.9804581190821547,7590,1137,79379.25240068529,0.0007781104980814745,0.044499718128023745,100.07781104980815,9993.263703714636,151.57175636232085,0
flashbots-c10,116,10000,399.5709221402449,-399.38797177201394,399.38797177201394,0.1829503682309337,309965.5667810024,4104.402657208176,0.9869315660311304,11102,2684,217004.4984667123,0.0000008126060765789589,0.1280547424508437,100.00008126060766,10026.901662070972,88.85658903404455,0
flashbots-c10,117,10000,90.51939265175244,-90.58123288134313,90.58123288134313,-0.061840229590686135,211559.99492963427,4595.484036481385,0.9787399141652025,10120,1442,124838.47668590018,0.00196656103063205,0.06314801635537905,100.1966561030632,9913.72572789933,223.81651361137108,0
flashbots-c10,118,10000,257.84904869276204,-257.844913157175,257.844913157175,0.004135535587067807,227186.73000833218,649.407921523527,0.9971496711302074,8187,1956,162983.83684437216,0.0011268634934064891,0.0776178707022008,100.11268634934065,9990.973657041259,97.05795474736756,0
flashbots-c10,119,10000,74.86946266671218,-74.8533173912603,74.8533173912603,0.016145275451876273,176058.16040482416,4893.860172185191,0.9729549293974173,11442,1256,94996.71512841494,0.0020423870955825407,0.05912570475830534,100.20423870955825,9948.721855517177,228.41773225218557,0
flashbots-c10,120,10000,35.63882195707522,-35.40231300552732,35.40231300552732,0.2365089515479042,68736.04712073832,1630.2123085505402,0.9768324716736045,4559,665,40433.14163248423,-0.01485767413190132,0.051732634098074895,98.51423258680987,10156.69250750304,108.22252911637716,0
flashbots-c10,121,10000,87.75774807430467,-87.79274749543055,87.79274749543055,-0.03499942112587462,163936.85399328222,2782.7611748185386,0.983308735615706,11087,1473,92987.5743450505,-0.000005413925832016275,0.045397265201798404,99.9994586074168,9978.08519725502,81.2835534671967,0
flashbots-c10,122,10000,76.84705245852491,-76.84462407217544,76.84462407217544,0.0024283863494787283,139046.70313069003,5063.6467766746255,0.9648627126370203,6626,1051,87912.6371563414,0.00016455193162897785,0.05722066432177414,100.0164551931629,9947.305551302277,162.68022996178323,0
flashbots-c10,123,10000,86.7942791237352,-86.83067229225131,86.83067229225131,-0.036393168516113406,166618.78956120793,4457.071125666046,0.9739468145431459,8507,1215,99671.79916434376,0.0007862063163511834,0.0534922796813666,100.07862063163512,9991.920082073548,201.07660064900926,0
flashbots-c10,124,10000,372.6109793483894,-372.07747087414145,372.07747087414145,0.5335084742479239,231364.62876853556,5177.82587987475,0.978110373938704,9662,2352,162939.69469672817,-0.0008412890213124058,0.2199411894582576,99.91587109786876,9977.222774189167,103.73932183511346,0
flashbots-c10,125,10000,34.8282457222563,-34.82296070356667,34.82296070356667,0.005285018689626497,65120.42823174358,1499.0362570610612,0.9774985243642572,4289,585,37773.88419669597,0.00012850290528518827,0.05723306186217243,100.01285029052852,9993.500441745076,133.76052009310555,0
flashbots-c10,126,10000,95.4200721333874,-95.41603600029003,95.41603600029003,0.004036133097358174,158246.87415024333,2088.272184004654,0.9869755806399972,10565,1495,94757.99458831483,0.0017098846880021768,0.05288977977709834,100.17098846880022,9984.831263005546,92.61125780319949,0
flashbots-c10,127,10000,175.36326213925167,-175.55055433147828,175.55055433147828,-0.1872921922266073,147554.94400447418,6763.1393364269525,0.9561740322973904,7307,1582,99773.69393559438,-0.0007982725392115242,0.16242556141106776,99.92017274607885,9972.849212512148,73.49070188611262,0
flashbots-c10,128,10000,169.90509620299412,-169.92174846281625,169.92174846281625,-0.016652259822137694,209484.39647055801,5081.027662635671,0.9763194480976508,10178,1805,134160.27286642144,0.0011288655308266016,0.09105982143319181,100.11288655308266,10014.416123258577,102.4981197144621,0
flashbots-c10,129,10000,237.0609158632756,-236.64631730280365,236.64631730280365,0.4145985604719442,226693.30795780206,6888.461632564285,0.9705094209850168,10160,2034,150307.76785903404,-0.01488159771636063,0.10849182561343283,98.51184022836394,10141.603753675978,118.09338011502805,0
flashbots-c10,130,10000,373.6599768217516,-373.7353757806064,373.7353757806064,-0.07539895885474834,254196.15980530746,5269.0661731564205,0.9796925921256447,9005,2342,183546.45776722266,0.002488131425541269,0.163757476000319,100.24881314255413,9991.985052505352,65.91285074284076,0
flashbots-c10,131,10000,54.69050509041506,-54.68923874001444,54.68923874001444,0.0012663504006198423,103751.953551362,1883.596432489171,0.9821689153625165,7976,973,58301.05909057848,0.0005722229618497465,0.07399814282906376,100.05722229618497,9987.498432561923,67.88717777144794,0
flashbots-c10,132,10000,161.57973338994563,-161.6152377931466,161.6152377931466,-0.035504403200974366,123207.50027664451,6829.648022274815,0.9474792541084079,5589,1353,86649.93861823823,0.004374899295369658,0.1302697202350913,100.43748992953697,9987.929442389563,38.91995134673968,0
flashbots-c10,133,10000,402.4797878947321,-402.074680930814,402.074680930814,0.40510696391811507,251839.5763756724,3537.2550852736967,0.9861488802056241,10830,2140,168993.84464312327,0.000009071077235347502,0.33235230066332433,100.00090710772353,9973.177146352517,102.33135517634553,0
flashbots-c10,134,10000,99.44993748149068,-99.44663794540975,99.44663794540975,0.0032995360809309204,126631.55265746074,3048.2383234449176,0.9764941144615682,6952,1187,79963.23692464757,0.000004712672094910886,0.0836855958817209,100.00047126720949,9999.504592541613,99.52369914270692,0
flashbots-c10,135,10000,109.542610681373,-109.52762203532646,109.52762203532646,0.014988646046546705,151875.60498101625,7642.504606918799,0.952090050297983,10849,1496,89047.10344628271,0.0023577780737404908,0.09388244075201584,100.23577780737405,9961.698867836245,71.09016119825175,0
flashbots-c10,136,10000,75.1066024159244,-75.08537975787326,75.08537975787326,0.021222658051144094,126379.83487486209,2502.305168677714,0.9805845467197211,8629,1193,75007.3014357373,-0.00021492545252428387,0.09749983861827147,99.97850745474757,10002.536459907658,90.45156927075406,0
flashbots-c10,137,10000,109.90066911657628,-109.88738309474928,109.88738309474928,0.013286021826999672,163818.45258320222,2788.1928114802654,0.9832648163290535,8089,1518,107241.03578046868,0.001953658797229707,0.07051372583399171,100.19536587972297,9987.29595908037,104.0445110828318,0
flashbots-c10,138,10000,101.00939255207822,-101.02019185318431,101.02019185318431,-0.010799301106089843,145997.71518974565,3676.1159803835203,0.9754391535805279,8357,1369,91561.08032282676,0.000006435353824372214,0.056892110531131974,100.00064353538244,9996.414043578587,95.4695741911343,0
flashbots-c10,139,10000,145.90920182961986,-145.90342037068393,145.90342037068393,0.005781458935928185,182264.45138991764,3078.341152131606,0.9833910932822855,8158,1552,118788.25288014462,0.0000007208023750138182,0.10155793052058329,100.0000720802375,10046.708233116457,120.10161621218924,0
flashbots-c10,140,10000,156.42572708606207,-156.3754019313189,156.3754019313189,0.050325154743177336,130213.40228314011,2888.9914203329304,0.978294970210911,7013,1451,88394.45767732747,0.0034765170550225834,0.15095133289891735,100.34765170550226,9972.046492049429,72.86601294850834,0
flashbots-c10,141,10000,60.96592691891429,-60.9538357888966,60.9538357888966,0.01209113001769424,110842.70983799882,2765.094199897252,0.9756610540683024,8413,1073,64022.161645517524,0.0019668969531662127,0.04824326337465251,100.19668969531662,9981.441353669992,87.3522119895297,0
flashbots-c10,142,10000,270.85881607577346,-270.79259855239366,270.79259855239366,0.06621752337980524,237131.29131098892,2369.490771393563,0.9901065426559713,8963,2071,164835.10310508162,0.004588405597468466,0.14231104695952226,100.45884055974685,9957.338225611626,113.27656322645666,0
flashbots-c10,143,10000,65.21629547142466,-65.20998964975428,65.20998964975428,0.006305821670380851,133226.70979286762,5371.600454429661,0.9612433914609402,9859,1101,70801.68488196623,-0.000013986316921261732,0.051646734390621986,99.99860136830787,9988.326663424641,143.38365960936963,0
flashbots-c10,144,10000,232.89660290678904,-232.69989458808732,232.69989458808732,0.19670831870172378,154097.9812596256,5597.741210779489,0.9649474567998095,7572,1601,105281.02034114144,0.004136903105237195,0.35404031896824706,100.41369031052372,9986.90579368173,55.61645980707202,0
flashbots-c10,145,10000,128.45445709736632,-128.40840964356522,128.40840964356522,0.04604745380109421,152152.92350607668,3559.1209209846156,0.9771429311452411,8319,1360,98210.46133579861,0.0007614313067588796,0.1172112177359648,100.07614313067589,9985.83676925149,115.22724517525236,0
flashbots-c10,146,10000,234.19694770031654,-234.18866200849888,234.18866200849888,0.0082856918176617,224507.79319442826,9074.230920097352,0.9611518439636081,9250,2009,153474.85275578083,0.0026445852004037818,0.10537254776736418,100.26445852004038,10001.234707198662,108.39662639911074,0
flashbots-c10,147,10000,159.8550655466896,-159.84203703190877,159.84203703190877,0.013028514780813794,167597.54974896897,2114.420861157855,0.9875411212682502,6384,1512,118623.4514202832,-0.00012678076733010357,0.07780334802621042,99.98732192326699,10004.600905300287,94.86693306153195,0
flashbots-c10,148,10000,131.47174979468656,-131.37691627603112,131.37691627603112,0.09483351865543455,204977.92151650693,1571.9966776793185,0.9923892650676267,8105,1384,132259.28294018295,0.000272079012298434,0.07629528031750141,100.02720790122984,10027.656617439545,253.78965492734454,0
flashbots-c10,149,10000,78.56548842146593,-78.56517587638547,78.56517587638547,0.0003125450804617458,142518.8669970496,3561.991356491854,0.9756163032129013,8998,1315,85127.7792941847,0.0001179327681697373,0.04880073038604024,100.01179327681697,9995.547672635068,137.6635502152757,0
flashbots-c10,150,10000,100.01400827453413,-100.01123323192081,100.01123323192081,0.002775042613322398,95606.88715102023,2312.6929121610874,0.9763817112913592,5422,1114,65835.69658280507,0.0021454621795449214,0.09487104537880825,100.21454621795449,9985.21111167932,74.1146224176046,0
flashbots-c10,151,10000,157.92605779715805,-157.9441506001951,157.9441506001951,-0.01809280303703531,155716.92027286557,2375.4759499965357,0.9849741290109372,6686,1433,107412.32554322256,-0.0001735597188259419,0.16052770396850846,99.9826440281174,9996.628976559638,87.19231511011469,0
flashbots-c10,152,10000,194.33635654958073,-194.60092866645434,194.60092866645434,-0.2645721168736088,151019.82867991476,4418.556534208763,0.9715735818528866,8646,1516,98905.98132352009,0.00175068120392865,0.2613429830983233,100.17506812039287,9995.608241397806,90.90929103459119,0
flashbots-c10,153,10000,37.096388457837,-37.097538930277636,37.097538930277636,-0.001150472440635042,85764.76393372034,1018.1518548800659,0.98826783076337,7185,840,48120.16538372212,0.0001699996833089301,0.034962698400130277,100.0169999683309,9998.721717851893,102.91618631381526,0
flashbots-c10,154,10000,53.15685440010606,-53.16745355296235,53.16745355296235,-0.010599152856286764,83509.21482868018,1860.8991318885048,0.9782019837440064,6336,903,50952.421250712694,0.0006527631476184581,0.05180952271287296,100.06527631476185,9992.846750258113,102.51644130375507,0
flashbots-c10,155,10000,186.14269837255912,-186.1270583560791,186.1270583560791,0.015640016480034546,164343.4119621448,2565.1987091398873,0.9846311181980187,6672,1631,118042.97238893065,0.0029190050822764137,0.08048515884410008,100.29190050822764,9966.721960848909,80.22522366676966,0
flashbots-c10,156,10000,187.59672249882374,-187.72072398694132,187.72072398694132,-0.12400148811758527,178734.65251348892,3778.124171237464,0.9792993989798106,7063,1580,124926.87900642016,-0.0002665141829631068,0.09295596904221057,99.97334858170369,10025.243467331708,118.8185059000919,0
flashbots-c10,157,10000,228.3639069711365,-228.3899348939279,228.3899348939279,-0.02602792279139976,229514.490558547,4326.003523487514,0.9815001950775477,9824,1986,153807.01424415605,0.0010452765246515127,0.1408899384462488,100.10452765246515,9976.754661366567,109.00829646753655,0
flashbots-c10,158,10000,201.61585984526815,-201.57258482560934,201.57258482560934,0.04327501965880742,172473.85990610515,7576.589533051392,0.9579196299889732,7166,1675,121347.55762226546,-0.0020996037211182283,0.15866295435379357,99.79003962788818,10077.447246398166,174.38100864889887,0
flashbots-c10,159,10000,123.60391899268411,-123.53859918276348,123.53859918276348,0.0653198099206378,199415.38843891438,9516.799537061113,0.95445029495333,11297,1756,118646.73864096227,-0.0010189073985098674,0.07490162043269166,99.89810926014901,9993.955394822999,89.59126963684643,0
flashbots-c10,160,10000,63.79940213423193,-63.79552856992752,63.79552856992752,0.003873564304413435,88932.07786445433,1867.542991553395,0.9794322600254578,5377,968,58566.1264373654,-0.000002801478009217817,0.04562153212090465,99.99971985219908,10002.77058626336,79.25054805216993,0
flashbots-c10,161,10000,47.58582719337148,-47.5851598057421,47.5851598057421,0.0006673876293774583,91357.57122878155,715.2904288250522,0.9922312566814202,7163,931,52694.11517578469,0.001769670241407937,0.07099986121421466,100.1769670241408,9984.243421016956,91.58311333071114,0
flashbots-c10,162,10000,188.78264127366674,-188.75910657971284,188.75910657971284,0.023534693953905617,158454.28547987045,2615.249161939815,0.9837632289200087,6050,1440,111127.04967078283,-0.0004098446141658485,0.21205730308701504,99.95901553858342,10005.146248267103,94.62081937808479,0
flashbots-c10,163,10000,257.0230361792817,-257.046468276392,257.046468276392,-0.023432097110287486,215451.0903614609,4185.71617619456,0.9809425558394425,11345,2335,143208.94079870847,0.0000003282367964629884,0.08682277308939688,100.00003282367965,9954.921468284674,44.00890757798017,0
flashbots-c10,164,10000,63.217692499582306,-63.20011613513704,63.20011613513704,0.017576364445268666,90108.05925513647,3988.213382225524,0.9576156071814267,4724,965,60128.38093319809,0.000001919091936173345,0.04433441480730551,100.00019190919362,10012.09834116752,86.19144714022153,0
flashbots-c10,165,10000,345.7810478354504,-345.85202408069324,345.85202408069324,-0.07097624524283219,293631.3533453944,8471.398088123691,0.971958553677761,10838,2400,200749.80457601653,0.002856654318705267,0.18943780326458012,100.28566543187053,9965.37414838225,96.73209893265582,0
flashbots-c10,166,10000,437.15070647605154,-437.2219002822654,437.2219002822654,-0.07119380621384153,291770.51287150086,9870.8617031932,0.9672761678761381,11656,2645,199976.63905003853,-0.0018253892872586164,0.1976568247827811,99.81746107127414,10046.712423898301,84.24358471801214,0
flashbots-c10,167,10000,39.813110740078514,-39.81179448416226,39.81179448416226,0.0013162559162509524,66121.79355437237,1247.1192962905996,0.9814882080841189,4952,709,40782.19218327852,0.0006170066178562194,0.047121286639145124,100.06170066178562,9990.464826648249,83.73482049058491,0
flashbots-c10,168,10000,75.43617378775578,-75.44201863626473,75.44201863626473,-0.005844848508957057,107176.12785010596,2202.0638131717647,0.9798674326235813,5467,1019,70457.2537479483,-0.0008576036825945721,0.04248857742953618,99.91423963174054,10005.9834548898,101.40934073146617,0
flashbots-c10,169,10000,117.45876218225233,-117.44492307149623,117.44492307149623,0.013839110756094897,180883.31932528803,2948.7148956939145,0.9839597330890149,9767,1635,115267.90146698192,0.005844824152586341,0.08151190548557523,100.58448241525863,9937.466787334828,121.41388861505814,0
flashbots-c10,170,10000,183.0988924945335,-182.93433073296197,182.93433073296197,0.16456176157151958,174819.68365237088,6096.971581182629,0.9662995561502519,7035,1629,122606.24780969376,-0.000006277129211582633,0.14678092579419016,99.99937228707884,10023.216451306114,88.99655015191802,0
flashbots-c10,171,10000,229.0451913214461,-228.91954435617905,228.91954435617905,0.12564696526706598,198416.49551825918,3930.945682588803,0.9805732869204559,8338,1895,137670.91526179883,0.00003440432735345666,0.20948695900898856,100.00344043273535,9997.454847302919,88.88289485925085,0
flashbots-c10,172,10000,54.5939767515342,-54.59511216116506,54.59511216116506,-0.0011354096308622275,94055.66662421315,1528.350250571918,0.9840103994313814,6908,952,56389.79901171605,-0.00016479130581188882,0.09662780439725992,99.98352086941881,10001.431045911879,100.12704678278762,0
flashbots-c10,173,10000,224.02611375251882,-224.0242708074514,224.0242708074514,0.0018429450674375403,181570.26663550865,106.14847347056093,0.9994157278290257,8380,1684,122568.42822827272,0.000003968885687015699,0.26662123818961037,100.0003968885687,9998.161791314318,99.82540720581034,0
flashbots-c10,174,10000,179.22422478940783,-179.2200573421569,179.2200573421569,0.004167447250921441,215941.00327460913,536.8487053334612,0.9975200756085514,10189,1952,141681.46761191086,-0.002658960676748734,0.08528559521956282,99.73410393232513,10026.463398205073,101.54059972097969,0
flashbots-c10,175,10000,150.78111966075159,-150.73885558298838,150.73885558298838,0.04226407776320684,132995.48832929597,2610.0813548033516,0.9807524030105572,5728,1368,94880.94545023133,-0.0029348800579447245,0.13179514474688234,99.70651199420553,10016.196826111518,71.18943770981471,0
flashbots-c10,176,10000,161.6743558389502,-161.69353961021883,161.69353961021883,-0.019183771268643568,200501.2662891148,6258.386806458244,0.969731102210907,10730,1795,126996.62956543984,0.0000011014492520189378,0.11646701288967848,100.0001101449252,10004.926398322714,113.5668795006855,0
flashbots-c10,177,10000,173.44759356296413,-173.4384761109825,173.4384761109825,0.009117451981637714,193594.4695765285,423.9315206929206,0.9978149932259235,10996,1721,119074.43273567435,-0.0015630584690829608,0.17726360538901217,99.8436941530917,10015.448524900119,100.99498380035627,0
flashbots-c10,178,10000,31.282811223929713,-31.283566420062765,31.283566420062765,-0.000755196133052749,59023.41027576679,2186.626392904598,0.9642766691230598,3991,618,36575.51880041133,0.0017110727193222885,0.04747874964115979,100.17110727193223,9980.473544083854,99.99833791850422,0
flashbots-c10,179,10000,95.56781389664259,-95.63580069250409,95.63580069250409,-0.06798679586150058,117060.45151479074,8745.05934832606,0.9304874699977081,9846,1359,68200.37196310482,0.0038233003530592667,0.10201753380783003,100.38233003530593,9954.013142020247,63.44613090760936,0
flashbots-c10,180,10000,383.9954563342541,-383.64374851792854,383.64374851792854,0.35170781632552917,238513.6222540469,8510.49924696449,0.9655479019811851,11549,2578,161781.0376171158,0.02801902578943938,0.18465876574612067,102.80190257894394,9917.20117036839,32.75481328719678,0
flashbots-c10,181,10000,178.22381593899973,-178.08054725598464,178.08054725598464,0.1432686830150942,112028.3294616561,1104.6699714121548,0.9902356520471669,4249,1097,81111.52775417417,0.0000031083577397339467,0.2283117175340287,100.00031083577397,10008.704839927026,71.87378761762875,0
flashbots-c10,182,10000,211.5714268096316,-211.45714027887357,211.45714027887357,0.11428653075802231,156544.40858594084,4361.132759625022,0.9728963171612659,5946,1531,114903.48487107738,0.0014576337113413728,0.13656124169076947,100.14576337113414,9989.437373660618,93.43126881151193,0
flashbots-c10,183,10000,97.06376088640131,-97.06483248010721,97.06483248010721,-0.0010715937059018188,162908.1506262588,2896.0261976679753,0.9825334545055319,10135,1462,96489.16992583266,0.0007203092357021035,0.06901445283878814,100.07203092357021,10007.097871207505,94.42813841375441,0
flashbots-c10,184,10000,89.28131837423358,-89.34809922261823,89.34809922261823,-0.06678084838465281,166731.78600090902,5383.6683522450485,0.9687205987836595,9428,1337,97449.61264007028,-0.001380176107515325,0.05478059801238075,99.86198238924847,10024.663283494523,271.3474029751538,0
flashbots-c10,185,10000,89.15299931411255,-89.13048905899316,89.13048905899316,0.022510255119385647,100217.99963719229,2104.397633164785,0.9794336558827436,4473,983,68769.42819545306,0.00000029986432991790935,0.07813312258147874,100.00002998643299,10000.47602586421,109.93580381075877,0
flashbots-c10,186,10000,85.9644863386493,-85.97400201652383,85.97400201652383,-0.009515677874532003,131817.6472376531,1543.8157980190254,0.9884238237727935,7413,1285,84919.73250690004,0.0019858011159264778,0.0539153276484484,100.19858011159265,9981.406509745302,103.26098876111455,0
flashbots-c10,187,10000,101.49531427550527,-101.49810781563565,101.49810781563565,-0.002793540130383576,108269.67039622912,2768.2259381796225,0.9750695390532017,4587,1022,75474.1894946006,0.00011817406662856911,0.08418164877134743,100.01181740666286,10007.75083959001,102.17040937157365,0
flashbots-c10,188,10000,61.26286108077436,-61.25275509767794,61.25275509767794,0.010105983096416082,120196.80205508259,2725.8375523951718,0.9778247720590817,8917,1116,67544.62962740925,0.00042591518553379613,0.06908703245307919,100.04259151855338,9987.132399435915,99.984134307965,0
flashbots-c10,189,10000,164.9064910401389,-164.83739300177285,164.83739300177285,0.06909803836603601,175548.5595821333,5529.83824208677,0.9694616348027622,8684,1793,118014.61452208378,-0.0018559406146233925,0.09710976295730334,99.81440593853766,10035.40228857756,80.90954839688911,0
flashbots-c10,190,10000,89.63635229216356,-89.61560162930463,89.61560162930463,0.020750662858930013,93092.58514645856,1200.6810177348386,0.9872665242537672,5166,971,59455.63535542242,-0.0007830734167342257,0.13981986826156956,99.92169265832658,10009.943390466222,59.70296125969308,0
flashbots-c10,191,10000,288.1680327669462,-287.9791170066021,287.9791170066021,0.18891576034411628,220006.9704294264,9920.514072910559,0.956853726754838,8619,2199,157146.30535525788,0.0007174182283188202,0.11510143660732566,100.07174182283188,9965.98606376336,41.520139820593194,0
flashbots-c10,192,10000,140.1526897258285,-140.05363867886342,140.05363867886342,0.09905104696508715,130836.3080522701,1885.8214390887672,0.9857912056842671,5173,1232,94044.76835558022,-0.0002713905273495243,0.12233663754414892,99.97286094726505,10002.81711070841,89.90022131856176,0
flashbots-c10,193,10000,91.3039659799064,-91.31838133254604,91.31838133254604,-0.014415352639645107,131803.96984788362,996.403342904306,0.9924969838640978,6650,1197,84725.79497705275,0.00005172962110933099,0.05121152710172581,100.00517296211093,10001.743571029489,114.77862858144684,0
flashbots-c10,194,10000,71.32646546123115,-71.31834959964661,71.31834959964661,0.008115861584542472,104461.14373629952,4582.395761214612,0.9579764580063078,7659,1057,61802.78667272259,0.004972316254309277,0.08642517046933505,100.49723162543093,9962.99567035624,81.8583582561802,0
flashbots-c10,195,10000,174.7127697399849,-174.73249741699433,174.73249741699433,-0.01972767700942768,212920.09435831007,5843.976133627198,0.9732863988108934,10570,2030,137913.0491133872,0.00393668128438847,0.08634899270793454,100.39366812843885,9997.677685564839,65.52057441264236,0
flashbots-c10,196,10000,202.68827183768937,-202.68246051615057,202.68246051615057,0.005811321538800485,177551.5411373192,2070.5400848780146,0.9884727976048964,6396,1581,126131.06489284331,0.0001650165520311475,0.18660132018676565,100.01650165520311,9997.40074411676,111.53046569883209,0
flashbots-c10,197,10000,315.47646726836757,-315.1946692035327,315.1946692035327,0.28179806483484526,287043.0775760563,6858.979488597321,0.9766623631113666,10299,2340,199414.5812958831,0.0016077635593838124,0.13986561146397478,100.16077635593838,9980.891650071131,109.37046831301399,0
flashbots-c10,198,10000,130.84924003998336,-130.87231762141738,130.87231762141738,-0.023077581434023386,166741.59539989845,6688.731178668725,0.9614327476017372,9034,1629,104405.98309660204,0.0018223897518336685,0.10116613955896839,100.18223897518337,9989.109626731832,92.39607552260667,0
flashbots-c10,199,10000,81.05306728426535,-80.90967551460243,80.90967551460243,0.14339176966292655,92549.45484782443,1835.1871083966,0.9805562952789733,7297,1035,55928.11409990531,-0.0031886139974406547,0.09298808007596052,99.68113860025593,10004.613268757701,65.97886838948915,0
flashbots-c10,200,10000,65.02991074752254,-65.00006348522516,65.00006348522516,0.02984726229738044,79020.18152028625,7284.416999034808,0.9155964210017843,6268,1101,49245.39335367905,-0.00000412599143260195,0.07206176699588639,99.99958740085674,9997.08971431721,31.11320204960449,0
flashbots-c10,201,10000,67.44165589759564,-67.68927001947381,67.68927001947381,-0.247614121878172,84555.6801623164,2456.1495507075324,0.9717722342030017,5588,805,51088.58471822519,-0.000671502741859058,0.13775208416540097,99.9328497258141,10032.097280594791,172.37792516449392,0
flashbots-c10,202,10000,100.73607699491593,-100.74117042931081,100.74117042931081,-0.005093434394879637,135001.1267607476,3470.061263250039,0.9749401928822286,9371,1428,82949.73204926237,0.0019350019046586908,0.08346891325288866,100.19350019046587,9953.318192064778,72.30082144211484,0
flashbots-c10,203,10000,221.4762523882787,-221.53452624581826,221.53452624581826,-0.058273857539546725,145755.70327012666,1740.4096877621969,0.98820030133093,6085,1663,107324.95262540564,0.0004652318365624808,0.13712949207986283,100.04652318365625,9983.775161257308,57.902198364854954,0
flashbots-c10,204,10000,213.77726959273642,-213.67328757358368,213.67328757358368,0.1039820191527383,260258.2377451411,4551.114270979064,0.9828136195480663,11785,2238,170624.6294426995,-0.0000074362413442941035,0.08025232298904428,99.99925637586557,9988.763191594971,131.48932780081054,0
flashbots-c10,205,10000,50.51282062525219,-50.504112891098025,50.504112891098025,0.00870773415416437,100759.31932704961,1695.7298093811344,0.9834490362000307,6671,992,60985.77103134366,0.0026620588162951718,0.0413566890893965,100.26620588162952,9960.770668485113,107.1066617850174,0
flashbots-c10,206,10000,202.336122752445,-202.342032223717,202.342032223717,-0.005909471272019573,207548.96362418283,1428.9664095365763,0.9931621180796173,8294,1954,143416.26722387655,0.0021895283785465834,0.08974852384433689,100.21895283785466,9980.441577462589,79.35603674676747,0
flashbots-c10,207,10000,108.55519806795822,-108.54441748226789,108.54441748226789,0.010780585690326916,133765.044625398,3589.420834728428,0.9738674616605717,7194,1306,87446.67564313431,-0.001340392952304512,0.07690307313758069,99.86596070476955,10008.559955477709,90.7594439157596,0
flashbots-c10,208,10000,86.26781486033755,-86.24555881874525,86.24555881874525,0.02225604159229988,104795.55694051567,1491.0077357989,0.9859718136498284,5500,1054,69916.03010516417,-0.0024776964615084297,0.06658865518274439,99.75223035384916,10021.458553176311,86.60562109209545,0
flashbots-c10,209,10000,161.61897254211152,-161.6215353090461,161.6215353090461,-0.0025627669345738013,191278.50675356772,1100.5801906458028,0.994279106902275,9358,1775,125230.30217348385,-0.000013913367160824919,0.14247511634992718,99.99860866328392,9999.979181300861,98.00199013650169,0
flashbots-c10,210,10000,65.61797890375465,-65.61529533633647,65.61529533633647,0.0026835674181739932,113448.72347957939,707.9392493116819,0.9937985288603527,6710,1100,70152.01647395342,-0.0017252041870557378,0.04803588344488574,99.82747958129443,10017.951525723189,102.27583272581126,0
flashbots-c10,211,10000,60.66894468758568,-60.71681253656196,60.71681253656196,-0.04786784897628138,88548.13245789145,1691.2471779986174,0.9812582136000636,5016,805,54415.513684708676,-0.001668481766154315,0.07483407249645169,99.83315182338457,10013.423638883218,129.21013403521889,0
flashbots-c10,212,10000,161.0478769082057,-161.1474875275659,161.1474875275659,-0.09961061936019178,292248.54848271835,2709.398887506865,0.9908142875563679,10829,1871,184188.28092310994,0.0015312453022700368,0.04825045992349033,100.153124530227,9952.020715025374,284.2480316052466,0
flashbots-c10,213,10000,95.33139485178069,-95.3414815277819,95.3414815277819,-0.010086676001208161,177793.73147676638,4477.075976641465,0.9754372296957872,11379,1516,104568.89021754345,0.002563402363675493,0.04642539635493094,100.25634023636755,9965.313745595735,69.24468368883747,0
flashbots-c10,214,10000,208.5841398779264,-208.49975777662885,208.49975777662885,0.08438210129753543,228626.2158737734,5684.116345474734,0.9757410768375506,9202,1936,151966.1847130289,-0.0017102448460194354,0.09352586032858597,99.82897551539806,10009.682682215145,109.72608520405835,0
flashbots-c10,215,10000,48.76513403674978,-48.762048742077276,48.762048742077276,0.003085294672501959,75442.34279975336,1600.7570755256195,0.9792225769975896,4031,730,48073.895772640906,0.0005437709953623937,0.047209235640806924,100.05437709953624,9981.023152315729,96.90540235547302,0
flashbots-c10,216,10000,34.54678608724177,-34.53999590210993,34.53999590210993,0.006790185131841042,65896.20310865536,2163.1316388953055,0.968216973514083,5093,630,37887.667836410605,-0.001423351186666082,0.04305002682341467,99.85766488133339,10014.794710353865,114.76331468946934,0
flashbots-c10,217,10000,131.67829126267398,-131.53257477146275,131.53257477146275,0.14571649121123187,197355.42462070446,7435.346366619335,0.9636929616956246,8016,1470,128360.15233468411,0.0021658293778250483,0.07872803333210526,100.2165829377825,9886.865859711283,328.77473811409266,0
flashbots-c10,218,10000,108.15687033911097,-108.15291551162457,108.15291551162457,0.003954827486396084,178094.8812978597,3206.6239343586612,0.982313307712192,10315,1583,107555.83574968977,0.0033057302860210313,0.044162475522983156,100.3305730286021,9957.678210616297,112.78941581322782,0
flashbots-c10,219,10000,78.53315268958482,-78.50435523114626,78.50435523114626,0.028797458438560852,121028.32807433476,2915.064442482848,0.9764806789350444,8865,1157,70155.44456846222,0.00031454331506282075,0.07931265380011027,100.03145433150628,10003.97680514967,110.29641023208549,0
flashbots-c10,220,10000,138.01758396045594,-138.0130888944894,138.0130888944894,0.004495065966523271,184661.50539368877,3934.5458638635605,0.9791377081459123,9248,1670,118722.41337756567,-0.00001757088592214018,0.06215184021463571,99.99824291140779,9992.851694771827,98.7563300744678,0
flashbots-c10,221,10000,27.56051110021545,-27.544946611581157,27.544946611581157,0.015564488634293383,55979.546346592026,2236.959753877954,0.9615751630642791,4565,529,30560.376079646936,0.0000031476797914820054,0.04445354491420872,100.00031476797915,10005.208933762031,111.41168931313693,0
flashbots-c10,222,10000,38.41595783222316,-38.40041103532121,38.40041103532121,0.015546796901944049,82311.95541249677,2074.4084215101634,0.9754177295091107,6222,727,45325.28567459388,-0.0012278256141567568,0.04630802620994601,99.87721743858432,9996.623694588756,128.64247561923003,0
flashbots-c10,223,10000,108.88209483138778,-108.85213504829878,108.85213504829878,0.029959783088997938,133165.34741901004,1493.4006522828493,0.9889097390724872,5723,1248,91319.78830097694,-0.0005389739729973541,0.05127201228872394,99.94610260270026,9988.457870475875,117.63821917798023,0
flashbots-c10,224,10000,269.30947803051083,-269.33888731565094,269.33888731565094,-0.029409285140104657,241588.27925087995,7979.844716538904,0.9680253848541143,9847,2187,165139.7345969697,0.0014014010916248766,0.09458625222247803,100.14014010916249,10013.677748033062,87.56235304753778,0
flashbots-c10,225,10000,38.38961270875314,-38.393140554095275,38.393140554095275,-0.0035278453421341283,69284.37474936286,2435.6225373885886,0.9660398406367688,4629,668,41852.0555908585,0.0007894338199000117,0.05289297400128632,100.07894338199,9981.9800792757,138.8464263594924,0
flashbots-c10,226,10000,44.817263267317195,-44.833210420438085,44.833210420438085,-0.01594715312089079,109922.76658622596,2802.7759748741596,0.975136283124519,8627,902,59303.51572708443,-0.0003477006284552431,0.030064132974183054,99.96522993715448,10028.878605752805,174.5364242223458,0
flashbots-c10,227,10000,52.97176122467051,-52.98246434929831,52.98246434929831,-0.010703124627802652,77933.58550447332,3035.635053877124,0.9625087776201391,5062,852,49458.18535572143,-0.00006745865196009505,0.03832567157534811,99.99325413480399,9987.479231642941,60.317391349748426,0
flashbots-c10,228,10000,160.96189387004424,-160.896445276145,160.896445276145,0.06544859389924795,193060.5999029842,3188.346307991081,0.9837535621487441,9841,1904,124585.84894144458,-0.0015423904112621756,0.10463804346488714,99.84576095887378,9973.883168732014,73.84290400801531,0
flashbots-c10,229,10000,197.1244533888951,-197.0508894593948,197.0508894593948,0.07356392950029544,248496.60269977865,6690.444404708168,0.9737821943526438,11568,2105,158558.35678440073,-0.0005086197631686673,0.1299316172385126,99.94913802368313,9951.25857676213,117.3265333682859,0
flashbots-c10,230,10000,151.28180456520047,-151.20395381183573,151.20395381183573,0.07785075336474279,191342.86165357064,4457.256503033293,0.9772356802181891,8459,1562,125659.1036967952,0.004402448866491113,0.06529776072658848,100.44024488664911,9940.466948131732,105.4279823870154,0
flashbots-c10,231,10000,108.78036319652608,-108.77442106568387,108.77442106568387,0.00594213084221451,133945.1439090923,1196.0352357333732,0.9911497350896159,5838,1310,92179.30821023408,0.00011088276424942479,0.06163648871105721,100.01108827642494,9999.718660185537,102.69018879406573,0
flashbots-c10,232,10000,105.70103934123381,-105.66724430107436,105.66724430107436,0.0337950401594469,113461.34795699269,850.7002236393647,0.9925580878203222,4273,1160,84826.50138548965,-0.0059910972696090425,0.053404750672476665,99.4008902730391,10058.573014159361,95.87193177792206,0
flashbots-c10,233,10000,147.76733243414665,-147.75293783735145,147.75293783735145,0.014394596795199277,175760.6683432142,4611.454069316838,0.974433665204815,7880,1626,118149.1906895022,-0.0000010745764919306567,0.08512626850371945,99.9998925423508,10017.52957631886,79.76077115787699,0
flashbots-c10,234,10000,50.76802538424255,-50.733186069894856,50.733186069894856,0.03483931434769261,104770.0382118483,4374.375173930334,0.959921217786303,6884,1001,62006.33664286764,0.005312741280719422,0.05438271123877982,100.53127412807194,9929.863009342374,132.19781396251048,0
flashbots-c10,235,10000,307.9346718764949,-308.0926297101888,308.0926297101888,-0.15795783369389937,218303.9143221802,4192.712854545342,0.9811560610704668,9113,2299,155010.6655669141,-0.0000021923849797644834,0.1562621497661783,99.99978076150202,9968.444764659618,70.6910179816114,0
flashbots-c10,236,10000,77.88951894397402,-77.87402070895241,77.87402070895241,0.015498235021610185,83654.39073308358,2800.2568424838655,0.9676101063272944,5124,906,55158.09685502184,-0.00000303195801734546,0.08312379372471042,99.99969680419827,10016.263977127033,67.21480809917236,0
flashbots-c10,237,10000,134.19145434748722,-134.2184895723837,134.2184895723837,-0.027035224896479804,135576.94095912017,2929.7290391279103,0.9788477404072673,5644,1235,93076.03876495532,-0.0009419411884982764,0.10862012863406989,99.90580588115017,9998.482072510138,92.4113136470382,0
flashbots-c10,238,10000,96.41875281474215,-96.45995379419139,96.45995379419139,-0.04120097944924339,137764.40761408885,9419.745289859122,0.9360002751382723,9913,1445,80877.68294213015,-0.003955463742128415,0.07799380299080638,99.60445362578716,9991.786187832284,42.80061201675412,0
flashbots-c10,239,10000,183.99703383323134,-183.8351214747758,183.8351214747758,0.1619123584555382,155936.31215646124,5442.793492743729,0.9662732454065343,7856,1440,102257.53282410844,0.0003565567327244423,0.15706038604590616,100.03565567327244,10004.88085726692,74.2257792015887,0
flashbots-c10,240,10000,395.30936888965664,-395.3454786910106,395.3454786910106,-0.036109801353973126,302350.1283459651,2587.5216864567265,0.9915145876995457,11829,2504,203819.96933424706,-0.000011961392975905483,0.2911786673197031,99.99880386070241,10003.104515397345,94.64523357043299,0
flashbots-c10,241,10000,66.1662242916274,-66.18733023679273,66.18733023679273,-0.021105945165331264,94058.6840213981,1926.438120649679,0.9799298258140595,4988,840,61125.24294133803,0.001702619775362848,0.0964015518242681,100.17026197753628,9972.929765951356,152.4143206434038,0
flashbots-c10,242,10000,85.12531741546998,-85.12245389967242,85.12245389967242,0.00286351579755717,135690.1451217615,97.9053910260683,0.999278983749628,7983,1274,83671.8337002401,0.0016434033220954802,0.06036166362338165,100.16434033220955,9983.768707981162,98.9583810440994,0
flashbots-c10,243,10000,47.341224133082385,-47.35746246639843,47.35746246639843,-0.016238333316046294,142368.97156292782,2843.5985020146704,0.9804176835328859,9062,923,72757.22842322195,0.0003906856796396596,0.05888842847026481,100.03906856796397,9980.424919194571,207.80799920429928,0
flashbots-c10,244,10000,54.681716779419006,-54.64322771337926,54.64322771337926,0.03848906603974456,99292.14260544005,2150.8706508639457,0.9787972519563314,6782,850,57041.06099315326,-0.0013199203339786436,0.07379358809681619,99.86800796660214,10012.601158646274,165.48230014142715,0
flashbots-c10,245,10000,115.561466919848,-115.60710841586352,115.60710841586352,-0.04564149601552003,133702.6245716183,1935.873273251322,0.9857277004389611,6355,1306,90045.20781203116,-0.0041929472695061065,0.12508232617413284,99.58070527304939,10027.715815357547,65.46384509427882,0
flashbots-c10,246,10000,32.65073775724501,-32.62576420300254,32.62576420300254,0.024973554242471607,55175.256998892044,2420.2556908145125,0.9579783983545117,4035,530,32777.11216202177,0.00043708921188141404,0.05393074040590605,100.04370892118814,9992.952631905968,100.37268906431748,0
flashbots-c10,247,10000,129.37483735637738,-128.94301906529327,128.94301906529327,0.43181829108411307,152534.9472319749,1082.3683839881433,0.9929541251280941,9060,1395,91747.86778866226,-0.0193837834358672,0.20290986038643397,98.06162165641328,10228.30972509324,116.00465957405977,0
flashbots-c10,248,10000,166.79144708067236,-166.80579147231697,166.80579147231697,-0.014344391644613097,199977.36238219717,3604.1791288873396,0.9822961399047512,7602,1466,134781.72841428846,0.0000015303456933679626,0.1525232669668344,100.00015303456934,9992.497326451055,182.14330186882077,0
flashbots-c10,249,10000,180.5437503502613,-180.79945155614064,180.79945155614064,-0.2557012058793475,143093.2098744521,2597.2096598683574,0.982173092313345,5819,1441,102585.99515040814,0.0000014047818783069489,0.1589073535622022,100.00014047818783,9960.691474158366,73.0803811305613,0
flashbots-c10,250,10000,158.3858038727597,-158.3085507804098,158.3085507804098,0.07725309234990618,178942.33460311414,1868.0902332225655,0.989668238239507,7018,1552,124464.50885613267,-0.0004034845448849467,0.08656153826110753,99.9596515455115,10017.284438025377,90.4898072281145,0
flashbots-c10,251,10000,155.30582764616176,-155.3706192199793,155.3706192199793,-0.06479157381752998,159142.92457871465,1542.7186955821298,0.9903991503898787,6366,1482,113031.86263359964,-0.0028868953795561938,0.08744328162247057,99.71131046204438,10036.275396590818,105.52670585095511,0
flashbots-c10,252,10000,89.81887450964302,-89.81076672902381,89.81076672902381,0.00810778061921269,170979.3092995612,3531.2841921921677,0.9797646428131651,11416,1298,95374.17022767547,-0.0012134493841597304,0.10499718620843311,99.87865506158403,10012.134814404437,146.94629569126272,0
flashbots-c10,253,10000,53.93698499939194,-53.92296952938597,53.92296952938597,0.01401547000596537,106928.98761338592,3901.465073776747,0.9647978964338503,8330,1027,60549.828682215,-0.0007361567288677406,0.038369471942089464,99.92638432711323,10010.320288348965,89.36704191664047,0
flashbots-c10,254,10000,142.1811230977394,-142.10253438026672,142.10253438026672,0.07858871747268381,122402.87504185902,3813.1705119623807,0.9697885439586494,5419,1219,86753.96653074732,-0.00013559058667638623,0.0755397696461587,99.98644094133236,9988.191258144325,78.18074559021296,0
flashbots-c10,255,10000,122.6654868118801,-122.64681443052393,122.64681443052393,0.018672381356168444,175215.05381574816,3650.4799633687635,0.9795909257292867,9929,1551,107089.29189415183,0.0011019983767742757,0.10991788306084899,100.11019983767743,9989.641041442623,101.52218870979752,0
flashbots-c10,256,10000,252.46013245931545,-252.5467462161087,252.5467462161087,-0.08661375679324124,232672.22790719624,5478.990513773633,0.9769936490348387,10611,1964,152126.22571133875,-0.0038269183668580807,0.20535184994650466,99.61730816331419,10032.87827239678,101.36543166143167,0
flashbots-c10,257,10000,106.59038051996285,-106.58118967998793,106.58118967998793,0.009190839974920095,172133.97318846092,1500.8046514342254,0.9913565434868234,11185,1562,101806.30249338571,0.0007947485251729347,0.07793179116477617,100.0794748525173,9992.123728304081,103.93354410602677,0
flashbots-c10,258,10000,265.1589126590226,-265.227187996144,265.227187996144,-0.06827533712140621,209071.9843443162,8988.982304233306,0.958777664602758,7618,1820,145913.9798313163,-0.0005357310018213468,0.1247577785012453,99.94642689981787,9973.170895673298,78.2283451972868,0
flashbots-c10,259,10000,59.92847095553439,-59.93269034255279,59.93269034255279,-0.0042193870184021876,123535.72347206429,2576.0320682137167,0.9795734183766004,7689,940,69817.73381187515,-0.000003949740507351862,0.07270873046257292,99.99960502594926,10002.515542137278,108.29608654382311,0
flashbots-c10,260,10000,89.72959932296496,-89.74769205985095,89.74769205985095,-0.01809273688598978,154009.8479710249,2504.1250610068505,0.9840006293847364,9580,1389,93070.8094460593,0.000000321291741585128,0.06152868362430823,100.00003212917416,9998.255772036213,109.49047363123745,0
flashbots-c10,261,10000,161.31952302686767,-161.35361984619144,161.35361984619144,-0.034096819323764294,122132.09788926458,5184.2379356520905,0.9592806539548754,5166,1302,86987.02181490778,0.0014274373894076575,0.11241235381740822,100.14274373894077,9992.119018115422,50.65810344203464,0
flashbots-c10,262,10000,116.92605846140421,-116.92921171782544,116.92921171782544,-0.003153256421228434,158000.35950460596,3647.1919124823726,0.9774373822522572,9996,1454,94318.01502060816,0.0013000262303359022,0.09532465964193036,100.13000262303359,9984.09087799251,106.52284600287264,0
flashbots-c10,263,10000,90.47683866234416,-90.52713060177474,90.52713060177474,-0.05029193943057919,108797.93123457859,2478.005361151616,0.9777309862584729,4350,973,75092.49378291839,-0.0010199081627698093,0.07463799621465,99.89800918372302,10020.958093789668,139.7420681636363,0
flashbots-c10,264,10000,43.14210331874898,-43.098148783783756,43.098148783783756,0.0439545349652235,119019.8956881298,2720.020555740104,0.9776571182266024,8615,914,62219.69404398272,0.001339819209979538,0.04675763808578651,100.13398192099795,9995.841451010949,277.5065921963876,0
flashbots-c10,265,10000,96.3040247598404,-96.3185901494017,96.3185901494017,-0.014565389561298048,145865.0738473733,2822.858613566921,0.9810148774897486,9461,1425,88490.81541328099,0.001055878306054865,0.061422836529322636,100.10558783060549,9980.325023877942,87.13095896679536,0
flashbots-c10,266,10000,113.19966495740488,-113.19077337885693,113.19077337885693,0.008891578547945755,120604.94110960704,1267.3080355774812,0.9896013403833406,4880,1151,85763.6665512347,0.0017451459208868414,0.06679365710919541,100.17451459208868,9984.821225940133,104.78263269803747,0
flashbots-c10,267,10000,293.01274774404834,-293.0194651362045,293.0194651362045,-0.006717392156133428,271615.45164073387,268.3433213598519,0.9990130220103878,10600,2297,183937.52539824494,-0.0000004086066329023197,0.12208961141977127,99.99995913933671,9999.963301997828,101.65458535084109,0
flashbots-c10,268,10000,76.06968338593478,-76.11076301324523,76.11076301324523,-0.04107962731045234,131851.45206788814,1798.377408185901,0.9865441099682972,6706,1055,81548.6113486637,0.0020609466330915893,0.07903889552226019,100.20609466330916,9984.10146043552,119.34976369164225,0
flashbots-c10,269,10000,41.968498338700094,-41.98335295690441,41.98335295690441,-0.01485461820431766,77470.6179130025,3877.574090140895,0.9523336168308317,5226,800,45674.56114283488,-0.00048417027467436926,0.04237285775607688,99.95158297253256,10003.389705811725,82.89332654495395,0
flashbots-c10,270,10000,216.17996100296125,-216.28417324455745,216.28417324455745,-0.10421224159620124,181426.58491507053,4454.761052371152,0.9760343834977856,8110,1823,126614.46725131321,-0.003275861121384338,0.13432652056423436,99.67241388786157,10014.529663034824,61.016651922615246,0
flashbots-c10,271,10000,295.77621716444366,-295.87888634908956,295.87888634908956,-0.10266918464589025,289226.42921485374,10411.031497656764,0.965254573066731,10506,2309,197701.89571540634,0.000004023219753577223,0.0821149170750104,100.00040232197536,9978.971833078653,72.2700787258984,0
flashbots-c10,272,10000,48.258266836713744,-48.2914539228206,48.2914539228206,-0.03318708610685661,56780.64314073203,1831.0664531637424,0.9687593747759502,4226,699,35609.38680848795,0.0032655642077847346,0.09069232730812019,100.32655642077847,9992.51875684303,30.13487132994103,0
flashbots-c10,273,10000,390.8786158244288,-390.5878933088217,390.5878933088217,0.2907225156070581,135560.29037320026,19655.097050908746,0.873368888374428,5640,1947,103246.68146069319,0.000965852889151364,0.6444040104108302,100.09658528891514,9980.2391338596,18.907137590054095,0
flashbots-c10,274,10000,116.53475051318743,-116.54344709073438,116.54344709073438,-0.008696577546942308,105368.81263338789,616.9867848145709,0.9941785900733735,6347,1021,67825.23965275584,0.0016215232035207805,0.19425598973580066,100.16215232035208,9987.30721587543,86.94610444573428,0
flashbots-c10,275,10000,77.2690239822524,-77.36341869919933,77.36341869919933,-0.09439471694692259,123447.41287128137,5949.411737920858,0.9540219649447429,9029,1177,70760.74882848818,0.0013538484845874166,0.11253513410576446,100.13538484845874,10001.031990005144,66.29636097997468,0
flashbots-c10,276,10000,223.72215117906183,-223.8858711810596,223.8858711810596,-0.16372000199777403,244178.87315933497,7180.2716457085535,0.9714342135780354,10291,2142,164385.2232132417,-0.0017162560181132847,0.10292061690941694,99.82837439818867,10066.655783088787,138.11822407017874,0
flashbots-c10,277,10000,98.97359211133583,-98.96739096766663,98.96739096766663,0.00620114366920177,185397.46748859566,3372.8056713729347,0.982132749956267,10956,1500,109080.35947630025,-0.0037077304260179746,0.0495752190722115,99.6292269573982,10049.790931073025,142.15299267750655,0
flashbots-c10,278,10000,167.47401801667215,-167.47875722189207,167.47875722189207,-0.004739205219919995,240036.2757442385,4135.842370604945,0.9830617746099097,11367,2042,154185.0731408498,-0.0008725083592345584,0.08256899626263305,99.91274916407654,10032.339892331966,149.28264857405574,0
flashbots-c10,279,10000,315.0119868903357,-315.0812766338958,315.0812766338958,-0.06928974356009121,253248.7605887295,9692.269819585168,0.9631389981071639,10774,2408,174001.7868240122,-0.00315113600362821,0.1089636764441677,99.68488639963718,10035.420885392361,61.750290027930994,0
flashbots-c10,280,10000,67.48725852954105,-67.5179595470521,67.5179595470521,-0.030701017511049145,119781.82514787992,2855.2968831764365,0.9767175155785753,6695,1015,73817.43112007917,0.0004330948618340358,0.04556385110885614,100.0433094861834,9995.082120348497,169.94488864631452,0
flashbots-c10,281,10000,81.536693412763,-81.53835015068506,81.53835015068506,-0.0016567379220617795,121228.27667027531,2015.2437906825116,0.9836482779529094,6285,1123,79685.07347144466,-0.0006411556284517416,0.05315697982197392,99.93588443715483,10021.94084276264,116.82539784415584,0
flashbots-c10,282,10000,93.60629036913087,-93.58015761765203,93.58015761765203,0.026132751478840532,116482.91931899266,3288.7742091654286,0.9725413066118812,7376,1208,73490.26839581333,-0.003883237308315728,0.08279800209957472,99.61167626916843,10031.317639070827,71.85428895294675,0
flashbots-c10,283,10000,87.88283816507511,-87.90130012170829,87.90130012170829,-0.018461956633174736,91585.22200643847,4342.953234356233,0.9547270317249886,5352,1030,59899.03452519835,-0.002205822509418169,0.08926664890617403,99.77941774905818,10007.790192612702,59.544311072851286,0
flashbots-c10,284,10000,396.7020564269588,-396.6366726349448,396.6366726349448,0.06538379201401767,301484.45151786244,3173.476517815536,0.9895834763326956,10847,2519,209671.9053604218,-0.003966607048926391,0.20713991254084788,99.60333929510736,10032.609125417872,104.0632719251634,0
flashbots-c10,285,10000,76.87541401104562,-76.86457083727882,76.86457083727882,0.010843173766801328,149012.19954442722,3293.8060060975595,0.9783737614666488,10837,1320,84046.0897566444,-0.003623936128534666,0.06855728237796513,99.63760638714653,10030.820609305896,100.77628519878832,0
flashbots-c10,286,10000,112.4911606790683,-112.45873156406208,112.45873156406208,0.0324291150062237,135206.82524750294,2901.832594928568,0.9789887713032497,9532,1402,81187.97511578597,-0.0012985206589584664,0.09029985310550515,99.87014793410415,10014.89847453497,77.88995752428121,0
flashbots-c10,287,10000,118.48372544203744,-118.54154878273354,118.54154878273354,-0.05782334069610329,174313.18616375132,4780.768254054389,0.9733058088443265,9712,1542,107440.57067463163,-0.00036322755921929683,0.08524732879196506,99.96367724407807,9991.836428969003,115.90317231086996,0
flashbots-c10,288,10000,308.5842944726619,-308.5742157897144,308.5742157897144,0.010078682947494144,255216.03705493128,8271.255169230986,0.9686085233962851,9149,2272,181570.81673431786,-0.004508334350957739,0.11042171105839443,99.54916656490423,10029.758530194253,95.42736206669963,0
flashbots-c10,289,10000,71.75208253628793,-71.7314921907737,71.7314921907737,0.02059034551423622,92887.25364997343,3466.3892177427365,0.9640243055210509,6663,1071,57964.95170666355,0.0017904660094237102,0.08004294016676497,100.17904660094237,9997.171319480765,57.840803254481386,0
flashbots-c10,290,10000,180.3935333606164,-180.439145566347,180.439145566347,-0.04561220573060609,187361.76122453524,6718.460135833322,0.9653830767053873,8478,1794,126944.1412923818,0.0012930147781388256,0.15536179004407913,100.12930147781388,9956.09016795573,86.58954499298352,0
flashbots-c10,291,10000,159.72588280594294,-159.6081778331461,159.6081778331461,0.11770497279684378,225124.79695870468,5973.523522484583,0.9741515926639077,11076,1756,138027.7802671924,0.0016872556885250845,0.09140147233790544,100.16872556885251,9985.080685232728,153.01921293116803,0
flashbots-c10,292,10000,135.2069603133548,-135.13455906855194,135.13455906855194,0.07240124480287591,273967.4327864883,3806.353468406761,0.9862969306077215,11041,1734,167315.42685882805,-0.0024633944968996957,0.08559043338388421,99.75366055031003,10129.7176567378,493.09013499152775,0
flashbots-c10,293,10000,47.5197634390001,-47.517887589500134,47.517887589500134,0.0018758494999673303,68952.05870530453,2461.1903678114422,0.9655359418629508,4416,693,44667.42832265314,0.0027320716283026057,0.056318368589653715,100.27320716283026,9967.478984540081,103.97254062375309,0
flashbots-c10,294,10000,141.0891090258253,-141.19974923589905,141.19974923589905,-0.11064021007373981,177874.1185569858,7536.642266425033,0.9593516458648098,10843,1660,109732.27973639939,-0.0006226125060904053,0.10990096712775795,99.93773874939096,9974.30912273468,61.9183229772161,0
flashbots-c10,295,10000,88.91849270337286,-88.93233059190374,88.93233059190374,-0.013837888530872533,110506.62047708317,1967.7595820716695,0.9825048194883427,4746,1077,78698.66266287172,-0.0000031117095213062383,0.06166679372413711,99.99968882904787,9997.928660328349,105.5472614564718,0
flashbots-c10,296,10000,112.61885053891622,-112.6177476309319,112.6177476309319,0.0011029079843183354,159870.2146994088,127.9988423423902,0.99919999830305,10035,1498,97402.6166040688,-0.0015032301058120368,0.1027787433413208,99.8496769894188,10015.348113186388,100.7854773452055,0
flashbots-c10,297,10000,61.4413722946974,-61.42582169531416,61.42582169531416,0.015550599383239216,93324.71459231072,4315.8235950851795,0.9557988549100163,6648,965,55236.968709786306,-0.000002021560806895195,0.07932099062432613,99.99979784391931,9999.572685461879,65.1742623323321,0
flashbots-c10,298,10000,124.64130223005681,-124.60370501295259,124.60370501295259,0.037597217104220704,147289.22007641158,1643.881758352297,0.988962280795198,6626,1230,97576.95602672627,-0.000499773777382586,0.09082569532050926,99.95002262226174,10005.292457177893,126.87282753788942,0
flashbots-c10,299,10000,228.1411810324854,-228.17972541194268,228.17972541194268,-0.038544379457277955,244551.19674361145,6846.131232443969,0.9727676849727853,11668,2304,160452.28667090423,-0.000006875011708302736,0.08003167806622571,99.99931249882917,10026.056264126275,75.61270530574372,0
flashbots-c10,300,10000,102.51905532905091,-102.5127267324211,102.5127267324211,0.006328596629813887,175780.2276410389,1292.648541924206,0.9926999065594408,10843,1690,107975.1152426668,-0.002018144288008301,0.05939186841599295,99.79818557119917,10023.299930004723,102.79312941173237,0
flashbots-c10,301,10000,186.78361102791905,-186.84215124355478,186.84215124355478,-0.05854021563573042,153773.7441663017,3716.257460234683,0.97640321657341,6768,1566,108963.55008316903,-0.0000024430671115283078,0.11490243998858801,99.99975569328885,10004.243356995767,63.168482125548095,0
flashbots-c10,302,10000,185.27219651247583,-185.2525548126959,185.2525548126959,0.019641699779924693,183639.62656931515,2276.780802709132,0.9877537392482352,7738,1684,127577.0125783789,-0.0000743936812342838,0.08294837087780166,99.99256063187657,10002.369739114303,101.9797741604915,0
flashbots-c10,303,10000,181.95388191750902,-181.96615931924538,181.96615931924538,-0.012277401736355387,215030.61671615994,2050.551956965261,0.9905539850853994,9472,1887,143826.44478254925,-0.002730071976833699,0.09796836786362605,99.72699280231663,10022.532237961273,99.98327419905475,0
flashbots-c10,304,10000,52.46582783383831,-52.46589174181451,52.46589174181451,-0.00006390797619815203,108392.11397801085,3222.536974051913,0.9711280110042547,8619,1038,61789.12733142011,-0.001958022684137859,0.047540213415276186,99.80419773158621,10020.832743481002,80.1618422792759,0
flashbots-c10,305,10000,33.246551142042335,-33.26157112940143,33.26157112940143,-0.015019987359096376,67995.45141324966,1457.3469779057104,0.9790167277393491,4123,655,41619.83278937245,-0.00002059853846546389,0.04867022428932046,99.99794014615345,10008.783749338407,120.98806606627531,0
flashbots-c10,306,10000,215.58306857449364,-215.5841362610511,215.5841362610511,-0.0010676865574623662,212182.3079368632,6059.706414409026,0.9722340062135991,8754,1973,147866.36716496915,0.0000010374999558848686,0.08323680385698239,100.00010374999559,9997.248858305182,88.33883802758481,0
flashbots-c10,307,10000,181.44202919279718,-181.48339516421808,181.48339516421808,-0.041365971420901815,118464.5477653639,1042.8325391389,0.9912739067956994,4572,1341,90476.34493884757,0.00001224583295766024,0.12418540311989389,100.00122458329577,9978.86788451583,35.262454488288526,0
flashbots-c10,308,10000,124.5823382975926,-124.6288956186713,124.6288956186713,-0.04655732107869426,142443.21056669284,6200.4264911899545,0.9582866336298306,7421,1373,93523.31766062339,-0.000431419436350069,0.11202766591426652,99.956858056365,9978.567190533084,71.39019780118406,0
flashbots-c10,309,10000,65.6996174027713,-65.65565159302054,65.65565159302054,0.04396580975075892,82184.30098156285,2120.3222278374187,0.9748492769777187,5243,845,51948.25758460794,-0.001954860077288032,0.08675318840975081,99.8045139922712,10011.127669110108,74.06469152766799,0
flashbots-c10,310,10000,160.31272456689743,-160.33668517408674,160.33668517408674,-0.023960607189309258,201786.27779235845,5931.1131617871715,0.9714462369542448,10513,1789,126358.6273294185,0.0006685488681702623,0.09697370207875551,100.06685488681703,10017.052736342945,83.06030370845933,0
flashbots-c10,311,10000,148.21499732598113,-148.22035683178953,148.22035683178953,-0.005359505808399945,230597.99603196792,3943.4092738666827,0.9831867244560738,11157,1945,149432.56825314285,0.002331849517277931,0.0561810804394014,100.2331849517278,9981.921435765154,120.39333735672653,0
flashbots-c10,312,10000,77.93618970457192,-77.89068174277934,77.89068174277934,0.04550796179258043,146621.76395980545,1858.5134645516546,0.9874830954198718,9652,1294,85021.80364965193,-0.0016926245950709528,0.07903588297755547,99.8307375404929,10013.107857271985,128.03620268275165,0
flashbots-c10,313,10000,187.72347943127673,-187.76094255159086,187.76094255159086,-0.03746312031412913,190721.51328495887,3800.291503003398,0.9804634163910525,7531,1695,130705.6360478644,-0.0001651808124258025,0.09596221940631523,99.98348191875742,10004.161710782359,109.12406973599073,0
flashbots-c10,314,10000,149.41328633118778,-149.37369163059424,149.37369163059424,0.039594700593539756,145552.440871217,3561.265689729586,0.9761171137659702,7793,1529,97275.42614921938,-0.00027715452756652323,0.14995231259128672,99.97228454724335,9998.053535356574,45.73847996385439,0
flashbots-c10,315,10000,187.6459812294977,-187.32822610368717,187.32822610368717,0.3177551258105211,245511.73026983775,5306.083425398979,0.9788448701181716,11377,1922,153088.94932123725,0.0002568871925969063,0.16295678891619703,100.02568871925969,10009.766147292818,216.21833919433251,0
flashbots-c10,316,10000,216.2274047875369,-216.0406514453063,216.0406514453063,0.18675334223058826,125762.72252747655,12731.72176329388,0.9080705234892781,5627,1555,90483.19912555971,-0.000006314860330860483,0.14246868117654857,99.99936851396691,9976.760499230139,30.169280603748007,0
flashbots-c10,317,10000,66.69117872825504,-66.69875720040605,66.69875720040605,-0.007578472151010374,142615.87405647963,3640.8388022758195,0.9751065183189787,10432,1265,79836.15103013079,-0.0022309070426894096,0.05149149911593739,99.77690929573106,10033.675491608145,94.60567878562699,0
flashbots-c10,318,10000,218.06336149618113,-218.0514019266966,218.0514019266966,0.011959569484531585,194250.4626350342,2305.596119798011,0.9882700328119937,9651,1908,128057.06774533725,0.0038143719849726664,0.134720900876071,100.38143719849727,10006.301110176384,73.23341597513519,0
flashbots-c10,319,10000,117.68593375960003,-117.67545443921256,117.67545443921256,0.0104793203874749,140906.7978974493,2947.4157953342374,0.9795110916832178,7549,1341,91050.49230614063,0.003109849256263146,0.06784624425537303,100.31098492562631,9994.73554353641,80.54127455886922,0
flashbots-c10,320,10000,74.57533212567617,-74.57238198268881,74.57238198268881,0.0029501429873590723,96544.56100914921,1504.1248483275854,0.984659408382954,4173,947,68508.9769712919,0.0003075494734542872,0.06212380383658157,100.03075494734543,10005.978125909805,119.30523616592417,0
flashbots-c10,321,10000,111.64549973763114,-111.63421985494246,111.63421985494246,0.011279882688683074,156634.9129545703,3969.7802432065273,0.9752822899246292,10015,1578,95952.55900713112,-0.00160243543725187,0.07189441616328963,99.83975645627481,10022.961491625274,79.383797537046,0
flashbots-c10,322,10000,47.71338651794807,-47.68137870660751,47.68137870660751,0.03200781134055575,73797.92944741147,2722.0203368746847,0.9644273115109431,4696,761,45512.10241216793,0.0029698340466069338,0.040833642356402605,100.2969834046607,9970.357495326516,89.50265190011257,0
flashbots-c10,323,10000,150.748244014488,-150.6769017641193,150.6769017641193,0.07134225036870134,155829.86985722437,3486.5583729336427,0.9781155125578339,8086,1613,103185.40843883815,0.0019286319710072064,0.11863717122290467,100.19286319710072,10001.166397292945,64.41284481911472,0
flashbots-c10,324,10000,42.56169121371831,-42.54372230911347,42.54372230911347,0.01796890460484235,70005.12464951281,2556.6738619587363,0.964765566532167,4565,687,42660.66112614262,-0.00016086078293142236,0.05672959631296209,99.98391392170686,10006.017084148083,110.53762081098655,0
flashbots-c10,325,10000,139.2217114078468,-139.22387723544898,139.22387723544898,-0.0021658276021696565,150362.87397781332,2038.46844733083,0.986624340606894,6909,1463,102041.05427266215,-0.0014131339257271237,0.09198560835465174,99.85868660742729,10021.597740177087,88.53201256206908,0
flashbots-c10,326,10000,36.203635349639256,-36.22708195547382,36.22708195547382,-0.023446605834564593,71930.20420152337,3261.6621501758973,0.9566221413507688,4475,622,41961.60744865749,0.002347493107606624,0.04831473298808774,100.23474931076066,9967.434632535926,107.76756774471322,0
flashbots-c10,327,10000,167.69109679806138,-167.68596024175258,167.68596024175258,0.00513655630879839,143421.25734002714,1930.6751884530058,0.9867172375704416,5338,1344,104915.41556043485,-0.002028123048191759,0.11183604310738715,99.79718769518082,10025.230104662027,90.85897714735844,0
flashbots-c10,328,10000,140.3680167940972,-140.0152865974449,140.0152865974449,0.35273019665228844,114576.56743233628,6402.9088808983715,0.9470744205875032,5308,1297,80984.50011808473,-0.03192794997818879,0.11511251942504444,96.80720500218112,10145.085471635486,40.753389784457795,0
flashbots-c10,329,10000,202.31444029410284,-202.2967609367931,202.2967609367931,0.01767935730973136,205350.68245344734,6828.2172015275255,0.9678185851061019,9995,1855,133371.66803416662,-0.002093945650061215,0.14282738645910442,99.79060543499388,9997.755622760269,93.56275568572572,0
flashbots-c10,330,10000,205.2398370812073,-205.13046457882083,205.13046457882083,0.10937250238646357,126307.70300264802,10483.209372940373,0.9233632615582202,5938,1581,90758.45240474568,0.007095350884123803,0.16313812966985183,100.70953508841238,9967.96636192569,45.87125524823195,0
flashbots-c10,331,10000,167.10097321447938,-167.01815804692043,167.01815804692043,0.08281516755894813,242017.24441460829,4102.5393889434545,0.9833311271221575,11531,1967,148826.2462709612,0.0009614696629797947,0.08910222477042452,100.09614696629798,9987.980224038356,111.84763406821621,0
flashbots-c10,332,10000,89.32889208075858,-89.33899531960569,89.33899531960569,-0.010103238847108287,136268.04297514286,3568.077638749109,0.9744838628025079,9230,1278,80237.54559428815,0.0008847462355711854,0.08760557701569226,100.08847462355712,9995.032016586892,96.18037729242826,0
flashbots-c10,333,10000,131.11199322796523,-131.05328852416858,131.05328852416858,0.05870470379664994,177705.3907088584,2601.852626435956,0.9855698940413746,8865,1567,113527.87634731157,0.006623706258256305,0.07772443160580991,100.66237062582563,9955.35375805157,106.66347682725883,0
flashbots-c10,334,10000,82.54307292746498,-82.47595994916232,82.47595994916232,0.06711297830266005,91727.31636028044,1691.5996669768465,0.9818923218239518,6153,1076,58512.953268656245,-0.000005433138461654608,0.1528767206929234,99.99945668615383,10005.187673571165,43.53506572387395,0
flashbots-c10,335,10000,227.3616924037705,-227.22393320465926,227.22393320465926,0.1377591991112297,165129.13950775654,7393.598914092471,0.9571442061392871,6183,1643,120379.3650405554,-0.0012068951799649597,0.0927417829242816,99.8793104820035,9979.702582417864,71.3855580917928,0
flashbots-c10,336,10000,112.19715607686622,-112.18037622840185,112.18037622840185,0.016779848464366864,164478.1429616529,3991.6691894659702,0.9763063237354037,11343,1540,95903.61925352532,0.00023447433765014125,0.11594259170573906,100.02344743376501,10004.015522209093,74.95867785187997,0
flashbots-c10,337,10000,123.93200256139772,-123.94690709866038,123.94690709866038,-0.01490453726265173,151318.66249298822,2467.6282750404357,0.98395417262022,8142,1434,97437.15210418309,0.0008466973524441812,0.09227856814051051,100.08466973524442,9993.506559246687,91.34596491098851,0
flashbots-c10,338,10000,220.77146431681655,-220.73779546086726,220.73779546086726,0.033668855949287035,178301.49557592187,2858.013725286025,0.9842237719879551,6708,1717,130230.37850696394,0.00000349246509856016,0.09965764969486642,100.00034924650986,10023.561081216849,87.77483026771564,0
flashbots-c10,339,10000,78.86666572807718,-78.87457335444368,78.87457335444368,-0.007907626366502996,117022.84417578307,4209.419770011598,0.9652780569049366,7615,1154,71739.25654080848,-0.0016363252449704646,0.08167495125440297,99.83636747550295,10014.209571524914,90.66365827772091,0
flashbots-c10,340,10000,183.15032076594238,-183.00700583535135,183.00700583535135,0.14331493059103195,202802.62179382058,1905.1807304100366,0.9906931699382366,9086,1729,133964.51320954916,0.008190757497213496,0.11237595889167451,100.81907574972135,9889.724768126,113.06145681175519,0
flashbots-c10,341,10000,43.74994579801674,-43.77045255248534,43.77045255248534,-0.020506754468598842,65365.71956052256,1497.4490988125358,0.9776042755849342,4768,793,40938.07435923037,-0.000003702431946237539,0.043171248841288305,99.99962975680538,10000.017379482493,75.43729239482286,0
flashbots-c10,342,10000,156.07711831115785,-156.02473700011717,156.02473700011717,0.05238131104067634,166511.10606819717,4152.560467671335,0.9756681632830231,7175,1550,115053.93249078543,0.0027080763295489873,0.08889651013290888,100.2708076329549,9978.933506293564,83.65751360198476,0
flashbots-c10,343,10000,195.12143406348247,-194.96496813665357,194.96496813665357,0.1564659268289006,176417.40782214853,2966.8473394407733,0.9834609378801488,8520,1869,120133.91964476413,0.000995628617005906,0.09089289041960939,100.09956286170059,9987.375195330671,63.41902642153338,0
flashbots-c10,344,10000,381.7199520916613,-381.65071953319955,381.65071953319955,0.06923255846174925,278851.6585074452,9637.048237003528,0.9665947123346487,11199,2731,192029.40399087788,-0.0011064798995155912,0.11675842095626422,99.88935201004844,10006.286507862787,59.25613573620295,0
flashbots-c10,345,10000,64.4587057328076,-64.44351372109378,64.44351372109378,0.015192011713821785,116471.19762033726,1791.5020804425676,0.9848515036019361,6283,1003,72274.84522378581,-0.00016664116055039812,0.04832117606063932,99.98333588394496,10011.132439534684,139.56768586631839,0
flashbots-c10,346,10000,170.82784749380062,-170.81556503048355,170.81556503048355,0.01228246331706373,246534.59704435905,6001.2851525690085,0.9762359111094985,11579,1918,154049.5888401133,0.0018251804679506733,0.07552056942740634,100.18251804679507,9997.785296691698,90.28591474858376,0
flashbots-c10,347,10000,120.2573732955539,-120.24288635831996,120.24288635831996,0.014486937233940012,129637.79594123618,1717.3116000094972,0.9869261909022438,7148,1166,82248.20208064165,-0.0009925983726731147,0.193387060153498,99.90074016273269,10010.421509574362,122.91590736336742,0
flashbots-c10,348,10000,123.90450124131065,-123.85676485995168,123.85676485995168,0.04773638135897329,145714.17667715438,2783.3366715073485,0.9812566782517613,7945,1415,93892.01335818961,-0.001319323380292019,0.11163563499451527,99.8680676619708,10003.412516735953,97.38786993123438,0
flashbots-c10,349,10000,48.29032362648215,-48.22547611864906,48.22547611864906,0.06484750783308613,91463.0057114227,1980.4905904777759,0.9788054742292697,4527,767,58524.61208377095,0.006813810849838973,0.05103240452078239,100.6813810849839,9855.799230667257,169.6359167203853,0
flashbots-c10,350,10000,407.1407953643539,-406.99998483382205,406.99998483382205,0.14081053053183723,240197.24243386896,3988.325056069342,0.9836668272532786,10915,2507,164367.27956591782,-0.004710846572473457,0.21863622816841172,99.52891534275265,9995.40019513533,37.16394604801527,0
flashbots-c10,351,10000,94.39570132882696,-94.36458082700965,94.36458082700965,0.03112050181731263,137346.30207545846,3140.558969185407,0.9776451765963552,6907,1233,88475.61754242257,-0.0002516262649950818,0.10900512141774116,99.97483737350049,9999.257948001667,141.52990195223055,0
flashbots-c10,352,10000,367.4576374661252,-367.0847269162233,367.0847269162233,0.37291054990191697,289463.1774429766,5305.164613833678,0.982002257851655,11665,2626,200779.18436427804,0.019513580533261746,0.17494921347617448,101.95135805332617,9868.223382554146,75.13661845490097,0
flashbots-c10,353,10000,160.26133267938442,-160.27310419334782,160.27310419334782,-0.011771513963395819,212762.1807870945,6417.093403781504,0.9707221705726014,8283,1738,142384.45910902112,0.001293137032116931,0.06860939185588379,100.1293137032117,9979.001743409573,144.46897762998216,0
flashbots-c10,354,10000,268.7614633578728,-268.69374630386915,268.69374630386915,0.06771705400365136,272876.6757313721,3467.335438475825,0.9874528294505188,11728,2375,184112.22074772284,0.00522594378012144,0.10224338753571473,100.52259437801214,9939.59276511966,91.15506987045693,0
flashbots-c10,355,10000,244.0749897424105,-244.36847002515873,244.36847002515873,-0.29348028274822013,232379.43829182748,2398.789981611928,0.9897827409327831,8166,1758,158645.99081197497,0.0000006248637008354762,0.14332586811025863,100.00006248637008,9956.10669936744,154.18981019057375,0
flashbots-c10,356,10000,138.54778621550307,-138.54778517880112,138.54778517880112,0.0000010367019456225535,128520.40968577498,246.09183369454323,0.9980888520633036,4863,1215,92478.93566041595,0.00022086734518538264,0.08739355641983522,100.02208673451854,9997.50733392339,97.80831608080179,0
flashbots-c10,357,10000,120.2681994253866,-120.12438080724002,120.12438080724002,0.14381861814658237,109969.3845819222,582.7037967168769,0.9947291470901832,4424,1048,78647.09833398229,0.011886877124785826,0.09757520731885946,101.18868771247858,9882.339864477339,98.8813785647594,0
flashbots-c10,358,10000,91.77885158042724,-91.80119617954225,91.80119617954225,-0.02234459911500153,127028.00443951946,4219.699769962708,0.9678493441437444,7074,1117,79275.35165521255,-0.001604563224002078,0.09225284367926675,99.83954367759979,10019.109822697816,144.43542147189282,0
flashbots-c10,359,10000,194.81272281543758,-194.80738297501995,194.80738297501995,0.005339840417633468,194315.0863720868,3522.790230439146,0.9821935501384462,7425,1683,134041.26704324677,0.0006509231920594515,0.10016585669595798,100.06509231920595,9989.72542910951,106.20999279808248,0
flashbots-c10,360,10000,115.8928193934154,-115.88773764653214,115.88773764653214,0.005081746883249139,125866.03386804463,711.7648075384454,0.9943768590148838,5060,1218,90062.81024399007,0.0016355468712743004,0.0928916663725802,100.16355468712743,9982.882472820247,96.80170645181772,0
flashbots-c10,361,10000,327.67775320235046,-328.1833783992596,328.1833783992596,-0.5056251969091363,170265.9271766241,5595.781302224624,0.9681807861948661,9119,2074,117043.03746025065,-0.0027453298872252676,0.3469709073626302,99.72546701127747,9994.634310511243,35.89070504569022,0
flashbots-c10,362,10000,216.14612623867893,-216.12676872451175,216.12676872451175,0.0193575141671829,236803.83240247166,1722.238095459402,0.9927796651667292,11701,2114,153883.53143992223,0.0019221898140261828,0.11595057387492702,100.19221898140262,9984.024196725315,97.38404598995342,0
flashbots-c10,363,10000,170.1410535983592,-170.14220950404533,170.14220950404533,-0.0011559056861187855,165270.28765532005,2120.3229684601906,0.9873330830172683,6579,1498,116764.71261449886,0.003527324163853933,0.14361735836216255,100.3527324163854,9958.04379360971,105.30057743395567,0
flashbots-c10,364,10000,169.56245164197202,-169.54464763210353,169.54464763210353,0.017804009868484627,113663.45428278738,3131.3516424518452,0.9731892902458673,4591,1184,82956.20862771201,-0.002072095382570467,0.2814556138437246,99.79279046174295,10027.549063730385,78.58188494603716,0
flashbots-c10,365,10000,227.3407798838429,-227.32410152385583,227.32410152385583,0.01667835998708256,233085.04353368163,4741.537085415047,0.9800630481543646,9171,1996,159410.87170207594,-0.0011730714014132103,0.08405976104679269,99.88269285985868,10014.019932663985,95.25272921915307,0
flashbots-c10,366,10000,112.54697277405262,-112.50575837304834,112.50575837304834,0.04121440100428231,160530.96452049993,3417.227870270014,0.9791566602812852,10767,1518,94020.62232449565,-0.002509213861178097,0.1450655052219095,99.74907861388219,10028.358636936096,89.16800316112867,0
flashbots-c10,367,10000,132.89993194519377,-132.90480467982837,132.90480467982837,-0.004872734634602693,157342.06981211746,2387.7195338510624,0.9850515076515919,7836,1454,104095.51912421598,-0.0009385993209033928,0.08082416276707363,99.90614006790966,10006.594890181645,102.15133618218331,0
flashbots-c10,368,10000,80.1843286191442,-80.11802900532611,80.11802900532611,0.06629961381808869,128679.88344938142,6592.036624891538,0.9512682556640574,10334,1245,70497.08823371332,-0.002308695653210151,0.07285082054741196,99.76913043467898,10022.563253393088,46.64121858200154,0
flashbots-c10,369,10000,166.91485490888928,-167.0182876532176,167.0182876532176,-0.10343274432833027,199432.11117521647,3812.2344882661855,0.9812430969441176,9494,1510,126097.08265249572,-0.002296877117099854,0.12246174293098548,99.77031228829001,10000.6187988425,159.14475917761348,0
flashbots-c10,370,10000,183.18147102095318,-183.18867262280963,183.18867262280963,-0.007201601856451134,182457.6568306846,2291.100686672093,0.9875988303387814,6879,1617,129126.03271191998,0.0030769194694097736,0.08480481546577551,100.30769194694098,9965.904719089245,99.22440146244203,0
flashbots-c10,371,10000,160.20716873492992,-160.1703882295852,160.1703882295852,0.03678050534472277,143309.3614192113,3255.6390487837916,0.9777870634981869,5377,1369,103917.80524164658,-0.0019299463842619958,0.09181057213220256,99.8070053615738,10025.90280788359,58.151763025720285,0
flashbots-c10,372,10000,64.04461065171225,-64.02202781927497,64.02202781927497,0.022582832437279876,119782.01134500533,2653.2100461566024,0.9783296831090785,7497,1109,72442.04817754932,0.0016799705371148832,0.047025730861383154,100.16799705371149,9969.293317449448,117.61770074891827,0
flashbots-c10,373,10000,73.01076581012356,-73.02837773087622,73.02837773087622,-0.01761192075265683,93786.93283501625,2066.6144979512196,0.978439874626941,4795,894,62908.4734100983,0.000318746753737571,0.06719422960987742,100.03187467537376,10007.83278541431,97.85218742429431,0
flashbots-c10,374,10000,64.94664368899122,-64.9246106184937,64.9246106184937,0.022033070497514018,82025.55224948509,1725.9802893567594,0.9793916572385551,4483,859,55129.60584884334,-0.001282603250500358,0.06374520109703113,99.87173967494996,10022.818263175668,94.7746136680901,0
flashbots-c10,375,10000,318.83830860223696,-318.6800982567242,318.6800982567242,0.1582103455127708,272000.8226405815,2832.864122564947,0.9896924421604607,11324,2284,183615.4405855871,-0.006386561713917871,0.17059148299717478,99.36134382860821,10096.8609507708,155.8141834348393,0
flashbots-c10,376,10000,147.54620002375245,-147.35218394402915,147.35218394402915,0.1940160797232977,194757.18560402963,3797.0352763765036,0.9808765824290205,7878,1273,121431.12611008072,0.0011816003787579632,0.13281034544896173,100.1181600378758,9965.612440031458,217.7149092138442,0
flashbots-c10,377,10000,153.55056952333945,-153.49355768398797,153.49355768398797,0.05701183935147469,188334.68906409148,3656.8353856952804,0.9809531415713526,9811,1767,119374.63759073419,-0.0031593324737301033,0.13889381746832583,99.68406675262699,10024.586497060907,67.52459434563514,0
flashbots-c10,378,10000,191.63538459981575,-191.59687232314042,191.59687232314042,0.03851227667533408,195843.99361936018,5417.16557768236,0.9730838995497451,8154,1707,132298.90565990985,-0.0008610757889432819,0.10073259288990898,99.91389242110567,10024.527090940917,104.99722800548626,0
flashbots-c10,379,10000,123.20492672343698,-123.19418438568798,123.19418438568798,0.010742337749007902,145425.1711871709,2978.5968291752447,0.9799291024143864,7351,1415,95623.73080669317,-0.004536267300772892,0.06079235383367873,99.54637326992271,10076.156883836422,107.09477794308499,0
flashbots-c10,380,10000,96.74806349453925,-96.61428427809616,96.61428427809616,0.133779216443088,106718.34906237162,4706.093057442162,0.9577642663682198,6562,1125,66870.1839467578,-0.010194854821092747,0.085132360744918,98.98051451789073,10040.90701110499,37.25852570816146,0
flashbots-c10,381,10000,83.53732539239343,-83.5385566220224,83.5385566220224,-0.0012312296289707092,108932.89355661684,1605.9633372200135,0.9854715040272001,6453,1026,68558.35293422297,0.00044834788876727314,0.13150698444684508,100.04483478887673,9990.68389777555,100.82310097088454,0
flashbots-c10,382,10000,49.62945176413638,-49.62250384331842,49.62250384331842,0.006947920817957254,66931.02589416465,2797.719712119695,0.9598770967727326,5522,796,39813.400407795074,0.0018288834513144536,0.0654241873808337,100.18288834513145,9990.523372134146,66.42757372228675,0
flashbots-c10,383,10000,140.92429884373266,-140.9094533881752,140.9094533881752,0.014845455557463083,117314.73232454431,2781.565286931891,0.9768388756168775,4507,1200,86181.1345024935,-0.0000003684502952694402,0.11120722616299006,99.99996315497047,10002.734531995737,73.20381602030669,0
flashbots-c10,384,10000,109.86781162541644,-109.92832098198487,109.92832098198487,-0.06050935656843137,129725.05747068061,2714.430206950162,0.9795043740009225,5975,1281,88245.33005385347,-0.00006414251398027204,0.09804783580918112,99.99358574860197,10019.142266057765,84.48340316634926,0
flashbots-c10,385,10000,57.29603777552079,-57.37339937760396,57.37339937760396,-0.07736160208317244,62896.627803504336,1973.9734063271014,0.9695706010193731,4342,544,36657.79465043644,-0.00034459840478021417,0.15472526636708736,99.96554015952198,9987.425252011519,104.61406622725117,0
flashbots-c10,386,10000,107.51712225094633,-107.51233936686995,107.51233936686995,0.004782884076377059,163331.49671584004,4093.610242393245,0.9755496035405582,9195,1557,102522.24088306376,0.00021520348906662435,0.05015993518890667,100.02152034890666,10003.118945032928,93.76261887180742,0
flashbots-c10,387,10000,119.81635859929271,-119.65982454923078,119.65982454923078,0.15653405006193566,190264.01653695095,5037.701813991956,0.9742055428056214,11230,1563,113421.21047877579,-0.002230574661948168,0.08277349481910817,99.77694253380518,10041.984998382195,150.68622293412932,0
flashbots-c10,388,10000,171.4079749336971,-171.48675957203284,171.48675957203284,-0.07878463833574756,232338.73766312137,3616.387573039519,0.9846734095331899,9975,1873,152382.29993319634,-0.0021520746215612976,0.06326757243841669,99.78479253784387,10040.046182698454,102.91410981530791,0
flashbots-c10,389,10000,248.38871132019295,-248.302784229716,248.302784229716,0.08592709047695735,133745.78935515037,1797.6917903916649,0.986737157883223,5032,1460,101777.97758673024,0.00001096584825120317,0.20926277892684098,100.00109658482512,10003.999894692583,50.707941737509806,0
flashbots-c10,390,10000,114.39299607163754,-114.38262088333454,114.38262088333454,0.010375188303001437,172958.24457702079,1479.9113133407625,0.9915161261262649,10167,1684,107412.72557392233,0.002713614356187719,0.08110580751079524,100.27136143561877,9977.663135674567,84.43827250739176,0
flashbots-c10,391,10000,108.76493472606981,-108.8169350161926,108.8169350161926,-0.05200029012279117,167098.48639275003,5715.276342842712,0.9669281181523306,8926,1536,103843.86291003438,-0.000700099457152561,0.08340295520015033,99.92999005428474,10014.706692593052,148.86748956424333,0
flashbots-c10,392,10000,67.00671966044328,-66.9891127207031,66.9891127207031,0.01760693974017613,91398.16368977852,2130.3707027145388,0.9772222379346347,5107,960,60873.717342638694,-0.0000009820121218240274,0.05858789992536004,99.99990179878782,10000.679388257011,111.24275701570009,0
flashbots-c10,393,10000,306.5721265800507,-306.3609840850483,306.3609840850483,0.21114249500237747,237470.43778690693,6395.261160251367,0.9737754789301586,10619,2336,160330.4866500273,0.00017781054677740827,0.19831015657937912,100.01778105467774,10001.367165985637,59.912073026557394,0
flashbots-c10,394,10000,293.45709501885415,-293.41820717557283,293.41820717557283,0.03888784328131578,245825.631881184,4448.43856930538,0.9822257313300644,9712,2235,170767.65194498157,0.0030614078134607327,0.17019124764202062,100.30614078134607,9962.932495433348,88.08142200921634,0
flashbots-c10,395,10000,64.67072884856591,-64.69451110354342,64.69451110354342,-0.023782254977504635,81978.71692616763,1586.087623069855,0.9810196693257949,4580,902,54993.91069786149,-0.0025136235826269627,0.06340780484133277,99.7486376417373,10023.265277107856,155.1184015835788,0
flashbots-c10,396,10000,201.03789487580738,-201.03606781790694,201.03606781790694,0.0018270579004422416,179940.88679577087,989.5638061474688,0.9945306950662236,6675,1609,128946.00586983893,-0.000009889274028154205,0.08800410793849579,99.99901107259718,10000.083312753599,103.43715369072217,0
flashbots-c10,397,10000,144.97449627343488,-144.9930368568643,144.9930368568643,-0.018540583429427215,161651.0606190513,5786.39018750238,0.9654414818212469,7933,1554,108999.62563495846,0.0005267681552717818,0.09931648961634494,100.05267681552718,9990.495280751307,79.41108286165839,0
flashbots-c10,398,10000,46.88630487274236,-46.85271318341091,46.85271318341091,0.03359168933144474,115389.64505922647,2250.6623793163017,0.9808682718676838,5502,892,71964.75422106066,0.0012150327301671381,0.035210775553830016,100.12150327301671,9971.631276335325,198.38121121080906,0
flashbots-c10,399,10000,41.31197064275506,-41.29806928947177,41.29806928947177,0.013901353283287676,82750.74590693742,1160.2621978355153,0.986172705774351,6642,808,46311.56149019955,-0.003999535996235721,0.07430117917731707,99.60004640037643,10038.567878814103,95.64050066528185,0
flashbots-c10,400,10000,167.2539558028562,-167.193583297535,167.193583297535,0.06037250532119742,184708.8933175972,2363.9922495959945,0.9873632555438031,7330,1613,126598.6180924865,-0.0024543464086850975,0.09297856817915345,99.75456535913149,10016.59952657257,104.7825873962232,0
flashbots-c10,401,10000,42.70702655360798,-42.70127848278756,42.70127848278756,0.005748070820423834,64193.41306057454,1926.3301437556297,0.9708660371259659,3983,664,41321.1780395237,0.0031685552184460165,0.03978288983210618,100.3168555218446,9975.139056969303,82.87062419917793,0
flashbots-c10,402,10000,248.30217403717916,-248.29669294388515,248.29669294388515,0.005481093294008588,251860.79027397878,438.55603965238157,0.9982617630760438,10288,2205,171695.86980866056,0.003133605130319523,0.09001630573239439,100.31336051303195,9969.144519606152,99.80422989275071,0
flashbots-c10,403,10000,134.68054125164468,-134.6815972131926,134.6815972131926,-0.0010559615479053264,185553.17500457825,4345.266946027581,0.9771179431416408,9733,1756,117437.24471857175,0.0011343935971832764,0.05887153145653684,100.11343935971833,10005.300716312919,79.5186281759675,0
flashbots-c10,404,10000,126.24286922459626,-126.28466729188838,126.28466729188838,-0.04179806729212032,153164.39965605442,4511.991198115525,0.9713844845529949,5864,1398,108081.05114686968,-0.0005431484496510563,0.06267869770514892,99.9456851550349,10022.376091443311,120.4283501745212,0
flashbots-c10,405,10000,35.06612827629865,-35.066168388527196,35.066168388527196,-0.00004011222854671814,54066.122154118915,3119.9619098005655,0.9454419381765459,4160,556,32356.223329579832,0.0004832768858800307,0.07041458850763477,100.048327688588,9995.166446828125,70.0721854917118,0
flashbots-c10,406,10000,87.35549517433097,-87.33222694324803,87.33222694324803,0.02326823108293752,139850.17492088006,2767.7200145159736,0.9805934590762981,9362,1344,83275.04420429446,-0.000658201040575932,0.0907278795034118,99.9341798959424,10020.281388996162,115.35967467289188,0
flashbots-c10,407,10000,59.540932111566235,-59.512944111830706,59.512944111830706,0.027987999735529456,82195.33479378873,2067.3111148799794,0.975465865181581,5122,789,52204.254133802926,0.001067521722911664,0.07735065428699371,100.10675217229117,9971.532060767293,104.9332958814478,0
flashbots-c10,408,10000,219.60901557137748,-219.5774936811541,219.5774936811541,0.03152189022338803,140286.56297159282,4735.183381629778,0.9673484597951502,7651,1552,94168.07232969464,0.0000017087128627224502,0.23161875857474967,100.00017087128627,10006.760717370038,70.17455432988118,0
flashbots-c10,409,10000,115.38609857772902,-115.38673587407646,115.38673587407646,-0.0006372963474490234,164387.8410723824,5809.977949552654,0.9658633818991308,5918,1222,112534.33259436491,-0.0006728410495458093,0.07036686892863059,99.93271589504542,10033.965824773246,119.38920600185742,0
flashbots-c10,410,10000,183.85506172965992,-184.0897988750687,184.0897988750687,-0.23473714540878632,132033.7112676695,4577.227215777447,0.9664944310712567,4730,1363,99254.59325077524,-0.00000013967139381065863,0.1561161208693642,99.99998603286062,10017.03159996284,38.63694140995803,0
flashbots-c10,411,10000,112.81379676997227,-112.77463842966921,112.77463842966921,0.03915834030306087,126905.4666714775,3217.381329512336,0.9752742782767261,5843,1067,82779.9221018283,-0.001078000045409624,0.11221137224623476,99.89219999545904,10006.501799925694,115.05567820961065,0
flashbots-c10,412,10000,50.15798044806945,-50.147941350157176,50.147941350157176,0.010039097912276418,119746.82628491682,2949.748115599442,0.9759590018709843,9160,967,64603.00020700671,0.002201864438169423,0.05300084758736773,100.22018644381694,9990.326316717088,149.97496318984773,0
flashbots-c10,413,10000,154.2555145568323,-154.1751690997901,154.1751690997901,0.08034545704219909,168516.13782512737,5644.519277144388,0.9675901585865642,8377,1650,110771.32931133066,-0.0011896332006293164,0.12498711130343323,99.88103667993707,10019.278730230482,111.05521381129603,0
flashbots-c10,414,10000,270.8171285598027,-270.14800777711787,270.14800777711787,0.6691207826848427,261517.55152083407,6484.695029391292,0.9758035795861285,11523,2275,173158.03962242688,-0.0308948186616351,0.12141202994965213,96.91051813383649,10209.506796981632,70.54611788601315,0
flashbots-c10,415,10000,119.83304054226018,-119.8316383847648,119.8316383847648,0.0014021574953773097,139823.67856022945,1589.182050478883,0.9887621108602442,5754,1299,96137.97003642884,-0.0006272058390422331,0.06975269940893966,99.93727941609578,10009.715521090953,101.89334590755318,0
flashbots-c10,416,10000,44.92834135913556,-44.918277616921344,44.918277616921344,0.010063742214214244,90174.38461687528,1881.5241977585797,0.9795610708537215,6256,855,53386.964113056536,-0.0008664379851772708,0.03891491170782459,99.91335620148227,10007.324133646562,111.54540870840175,0
flashbots-c10,417,10000,137.66444982595294,-137.6891866450876,137.6891866450876,-0.024736819134659527,154784.38347777567,4276.328645821278,0.9731151169341026,7201,1400,103103.94016684327,-0.001174165022448932,0.11266079824081572,99.8825834977551,10007.532167267713,107.07520351566187,0
flashbots-c10,418,10000,53.063533885114076,-53.078978345172345,53.078978345172345,-0.015444460058269271,99835.38120001777,1309.0067969675665,0.9870580382867452,5458,886,62494.18279336412,-0.0009598563750266465,0.044205393310898844,99.90401436249734,10035.62947208472,154.00157860553227,0
flashbots-c10,419,10000,78.55400826264275,-78.52829436736258,78.52829436736258,0.025713895280176757,121083.43842663211,3191.6186139455317,0.9743181078331477,7698,1115,72448.78706515426,0.0023616136551281386,0.10851198724977167,100.23616136551281,9970.123435245523,103.70456875739303,0
flashbots-c10,420,10000,175.04478523066828,-175.05042850113225,175.05042850113225,-0.00564327046396329,151185.208540649,6516.408746490254,0.9586788717922573,9979,1760,95611.93655305394,-0.003660718398349587,0.09480226539495348,99.63392816016504,9998.085165510307,65.58705845503661,0
flashbots-c10,421,10000,49.00183816597748,-48.99548374407035,48.99548374407035,0.006354421907133201,73785.93905468236,2013.1817109147023,0.9734405664527387,4087,688,46856.94487001321,0.004487208041048945,0.042472390994776815,100.4487208041049,9959.095457799316,113.96973346125885,0
flashbots-c10,422,10000,50.31206069623782,-50.30040374254496,50.30040374254496,0.01165695369286368,75799.81710425607,2979.2654661668835,0.9621820238449258,4781,706,46104.609998261745,0.00008874569333045202,0.059697982179657175,100.00887456933305,9988.470932757906,143.2724004731088,0
flashbots-c10,423,10000,46.76165897348649,-46.76135975840991,46.76135975840991,0.00029921507658059454,62912.23556681065,1624.4616264598387,0.9748288695097768,4429,556,37715.40291297942,-0.00039884018950189673,0.07942417104995954,99.96011598104981,10006.723833832888,129.30019002215653,0
flashbots-c10,424,10000,114.76875330701984,-114.83896906078522,114.83896906078522,-0.0702157537653818,122047.29753083733,1989.0480053596361,0.9839639905806545,6702,1283,80170.37699195332,0.001495666144647032,0.08789362827751546,100.1495666144647,9987.263520336148,64.94421331010906,0
flashbots-c10,425,10000,126.28272509663645,-126.03944207750965,126.03944207750965,0.24328301912680672,136867.80250068154,2328.4091252320445,0.9832724677055896,5649,1219,94087.30565180711,0.012187164869520473,0.07826460897672177,101.21871648695205,9871.92375328607,118.38385301113112,0
flashbots-c10,426,10000,126.6499276301117,-126.627815205199,126.627815205199,0.02211242491270582,167470.06373961846,1776.8644932975265,0.9895013486398274,9669,1586,105608.64543379314,-0.0031736431907825133,0.06452912461661853,99.68263568092175,10030.30710486496,95.29531009585322,0
flashbots-c10,427,10000,109.49521735528886,-109.53354969867871,109.53354969867871,-0.03833234338985392,130479.55603245957,3358.894210635509,0.9749033689157739,7449,1376,84935.54105295455,0.0005125556477021576,0.07006443634192067,100.05125556477022,10012.42428229626,76.86609659728674,0
flashbots-c10,428,10000,63.16987449022075,-63.15997907777144,63.15997907777144,0.00989541244931047,153631.3401996863,3134.789828380082,0.980003398515873,10305,1230,85167.5942412063,-0.0008727612644908333,0.037434866403968814,99.91272387355092,10008.716873943531,194.90843545565022,0
flashbots-c10,429,10000,229.451198998125,-229.3963035265082,229.3963035265082,0.05489547161678843,278355.2189350976,2179.01419648045,0.9922326263994369,10636,2147,183916.24717684378,0.0005136319612027762,0.08528029153861326,100.05136319612028,10017.743430173456,131.93445052589976,0
flashbots-c10,430,10000,121.94396372594562,-122.0032152884104,122.0032152884104,-0.05925156246478025,159158.64427553982,5263.107109274432,0.9679902016311905,8321,1431,102162.29753742987,0.0005323559411367284,0.06901357643806051,100.05323559411367,9995.621884215703,87.42609396551642,0
flashbots-c10,431,10000,123.81410999669332,-123.80712102276172,123.80712102276172,0.006988973931598252,188882.27109690686,969.2872096790079,0.99489449958523,10602,1644,114789.24406184252,0.0019131036993027806,0.07734877890783778,100.19131036993028,9977.743951068114,115.61020348028701,0
flashbots-c10,432,10000,209.22897496822907,-208.98490364745953,208.98490364745953,0.2440713207695353,117583.29377616107,3981.6561498890937,0.9672466763461738,5772,1405,85219.65684489638,-0.0005766205009250314,0.3083015734872967,99.9423379499075,9993.62770175342,55.8637384565773,0
flashbots-c10,433,10000,378.51020455365955,-378.7797092668554,378.7797092668554,-0.269504713195829,186016.91562785834,9368.441437589656,0.9520514659936798,7805,2215,137255.62563465058,0.0006168568330210178,0.14751890000002946,100.0616856833021,10014.126069136903,29.59092273044651,0
flashbots-c10,434,10000,76.68332099552902,-76.66225572305382,76.66225572305382,0.02106527247519807,101313.09518496081,2031.9632580734917,0.9803380704536198,6805,1054,63324.77573056013,-0.0014108605877916603,0.06738365248464859,99.85891394122083,10003.778661203673,75.05302836475634,0
flashbots-c10,435,10000,219.3157651295607,-219.3284045837953,219.3284045837953,-0.012639454234601999,263577.80778712826,3272.322725275213,0.9877372264387064,10856,2169,174923.78137667646,0.00014192235496011564,0.10611842130393384,100.01419223549601,10002.554897951773,133.83458281712393,0
flashbots-c10,436,10000,118.85991875158587,-118.8731369077853,118.8731369077853,-0.013218156199428677,142186.04065316945,3399.702056881201,0.9766481113219164,8467,1394,89958.03015006066,-0.0053717172897471245,0.11343097039135458,99.46282827102529,10050.064158710873,92.19011207615675,0
flashbots-c10,437,10000,106.33229418056985,-106.34305431608001,106.34305431608001,-0.010760135510167856,118194.02266458826,2787.0412359273573,0.9769629961411218,6297,1292,79378.99864066186,0.001636791898101393,0.09410779745300829,100.16367918981014,9989.117198359745,59.333780437215594,0
flashbots-c10,438,10000,49.87706891631716,-49.913190773325,49.913190773325,-0.036121857007842095,86114.96212056503,2807.723438235734,0.9684251164863987,5240,833,52786.729070947375,-0.0007576667936017146,0.08118808304370745,99.92423332063983,10010.135870691342,103.42552155893274,0
flashbots-c10,439,10000,257.4999541458321,-257.3159138371734,257.3159138371734,0.18404030865866616,277562.4362178703,6086.65349077194,0.978541607529839,11005,2245,182904.19497558425,-0.0000010227463452849862,0.14901128343113115,99.99989772536547,9976.179265404373,65.04314524380018,0
flashbots-c10,440,10000,58.90639374184639,-58.93471738218336,58.93471738218336,-0.028323640336971323,123941.12767520227,3688.004054633239,0.9711037440696534,10340,1021,64128.38542993792,-0.0015309055786647719,0.07926558682743945,99.84690944213352,10005.068496789323,114.23074103393479,0
flashbots-c10,441,10000,35.05810444644412,-35.05763156576867,35.05763156576867,0.0004728806754457082,60768.41620062438,3206.2530755465095,0.9498824595449566,4464,672,37404.06005317176,0.001945805058363277,0.051598146498828615,100.19458050583633,9986.92077890719,67.50017776197232,0
flashbots-c10,442,10000,449.96549915649325,-450.48396330504113,450.48396330504113,-0.5184641485478778,265930.79653656814,4369.236108665388,0.9838356064336847,10005,2639,193660.71167857727,0.0000014374933965655145,0.18050017446947436,100.00014374933966,10030.17195449116,49.24764939711783,0
flashbots-c10,443,10000,209.88919270451404,-209.87400140234715,209.87400140234715,0.015191302166897458,221236.60028914709,3462.5145664749325,0.9845904396699571,9327,2006,149446.3342491142,-0.0012880202913746076,0.10867396529496844,99.87119797086254,10013.4288218213,94.36663547381654,0
flashbots-c10,444,10000,238.53672333208934,-238.5899692935222,238.5899692935222,-0.05324596143285021,228927.7951598598,5305.812356492176,0.9773482020246741,11311,2053,148989.10432560949,-0.004818991814903626,0.13646467285216446,99.51810081850964,10016.45810508321,83.27319595062855,0
flashbots-c10,445,10000,34.463435705956854,-34.45657097205422,34.45657097205422,0.006864733902631315,79322.73443606892,2458.339273927959,0.9699399975763896,6113,790,44487.012828742154,0.0019436904575957214,0.03805628983710207,100.19436904575957,9980.719412900886,109.9092269867585,0
flashbots-c10,446,10000,84.13388682694782,-84.07245461305199,84.07245461305199,0.061432213895827203,122663.53790140567,3649.897910664102,0.9711044364584108,4706,989,83050.50214736928,-0.000006242143347350293,0.060032877441969106,99.99937578566526,10017.449701374877,119.80019033788815,0
flashbots-c10,447,10000,93.32536920782697,-93.311882497798,93.311882497798,0.01348671002897106,132457.67630867576,5303.1089392224785,0.9615049454771936,8267,1256,80614.21467865263,-0.000005848743384007093,0.11888005069467965,99.9994151256616,9993.928175223484,97.24092416885661,0
flashbots-c10,448,10000,159.52728490494866,-159.41953922268604,159.41953922268604,0.10774568226261749,174743.21462762076,4421.288547302159,0.9753227426808672,9494,1738,110763.88723004225,0.000003607733117831913,0.1501751271498631,100.00036077331178,10006.669147738123,78.63750169079104,0
flashbots-c10,449,10000,114.16207312877219,-114.12672351934808,114.12672351934808,0.03534960942411658,144965.39523297566,6087.614299621412,0.9596988215034027,10253,1544,88154.85878432966,0.0022342037847107575,0.11850796525943352,100.22342037847108,9975.896291782905,55.34013984938232,0
flashbots-c10,450,10000,73.72975417715722,-73.72935155332922,73.72935155332922,0.0004026238279948302,144871.16428945077,5552.596855617394,0.9630869696825192,11022,1292,81029.589048183,0.000590150274391874,0.04552584190623804,100.05901502743919,10004.66052781474,100.43729998502583,0
flashbots-c10,451,10000,69.93120057789284,-69.93246076905217,69.93246076905217,-0.0012601911593321802,104576.24764495736,3527.8021664110065,0.9673666049276904,5247,1005,67869.6192009553,0.0009197333334819291,0.06912577661371287,100.0919733333482,9993.530061428892,115.67576703159847,0
flashbots-c10,452,10000,128.67539791451972,-128.6166356216217,128.6166356216217,0.058762292898023816,140780.94317681008,5089.818278490714,0.9651073441468914,8250,1437,90148.81286814141,0.000006294894348854996,0.12233664051970308,100.00062948943489,9984.859619811657,66.93526093106411,0
flashbots-c10,453,10000,253.99926911065705,-253.90325778122445,253.90325778122445,0.09601132943259927,233635.34566670982,5303.497814674001,0.9778039529387477,10262,2242,159044.07956560704,0.00000382317642888097,0.0960769324561474,100.00038231764289,9989.625617845812,69.62910628954926,0
flashbots-c10,454,10000,43.98456584255065,-44.04154528447711,44.04154528447711,-0.05697944192645821,62102.853378152795,2061.7661620932554,0.9678675541619934,5250,765,37781.92490514101,0.0024916427169981146,0.08595748903853632,100.24916427169981,9979.987912804158,48.609308582368236,0
flashbots-c10,455,10000,223.8439671606733,-224.2698527428228,224.2698527428228,-0.42588558214950467,154500.06171659642,8138.009389359951,0.9499624575351847,6870,1572,108456.65175378537,0.000012560513710866416,0.27873522383382365,100.00125605137109,9980.394411172747,68.55504131725361,0
flashbots-c10,456,10000,132.8201589835927,-132.8213474838725,132.8213474838725,-0.0011885002797953348,130829.12215522869,509.6983485805929,0.9961192102485357,5211,1243,94744.35169611828,0.0008528717240780282,0.08906539447160328,100.0852871724078,9989.764748597818,105.73620594054768,0
flashbots-c10,457,10000,273.4675515953875,-273.42508968672826,273.42508968672826,0.04246190865922017,294747.2954336839,5164.535634445966,0.9827798202690018,11842,2494,196384.33088071476,-0.000004912646468682169,0.08053392395246632,99.99950873535313,9995.806591824621,85.0943379522687,0
flashbots-c10,458,10000,102.90375489356268,-102.89684183754788,102.89684183754788,0.006913056014795416,153706.93507880968,6606.969450486727,0.9587872962742333,10541,1477,89653.71753903311,-0.00679470961112699,0.07770110888236274,99.3205290388873,10057.71234241319,58.4527547431518,0
flashbots-c10,459,10000,122.88200279223163,-122.89745790262899,122.89745790262899,-0.015455110397354588,95558.66731935619,3615.563291728047,0.9635433189705638,4306,1131,69011.96044385873,-0.0017272652209091178,0.11855364528667664,99.82727347790909,10007.640488921099,54.759180549935586,0
flashbots-c10,460,10000,107.20495096287993,-107.24450964467096,107.24450964467096,-0.0395586817910214,147928.24829531147,3720.4284479927032,0.975466792537265,9070,1379,91105.01741667713,0.0009166162117818999,0.1009298795386384,100.09166162117819,10001.887019958656,80.3890781604229,0
flashbots-c10,461,10000,48.258028605230464,-48.259317395430394,48.259317395430394,-0.001288790199929224,92159.37670185072,1147.83139141017,0.9876983631289995,6682,900,55042.5642577752,-0.0000017442311573745427,0.04794781255121052,99.99982557688426,9998.582398171133,107.07658468719652,0
flashbots-c10,462,10000,285.7675678118079,-285.7529691985145,285.7529691985145,0.014598613293401286,277288.50084052264,1368.7414146753952,0.995088082392555,11577,2320,185006.98400705316,-0.0007305824445268172,0.15033367009085707,99.92694175554732,10014.23323672225,104.15971191181474,0
flashbots-c10,463,10000,39.00419123097557,-38.9974391581968,38.9974391581968,0.0067520727787737655,82316.53420654239,450.50605894773423,0.9945569388792609,6532,810,46494.260720797654,-0.0026306339908239804,0.04677429514189825,99.7369366009176,10026.457574274082,99.54678831296937,0
flashbots-c10,464,10000,66.33093894088577,-66.33845025030766,66.33845025030766,-0.007511309421886381,116426.03208448844,2392.405838892487,0.9798650286882646,8355,1151,67936.22264479127,-0.000004464351331421312,0.05264705136578826,99.99955356486686,10004.624251453875,95.88776045030315,0
flashbots-c10,465,10000,171.6292973417789,-171.5289513113006,171.5289513113006,0.10034603047830615,181387.37283590756,4470.468942149619,0.9759468371128077,6992,1607,127748.56422930855,0.0007460958392756823,0.12082062639671008,100.07460958392757,9979.618926649422,97.65309966561432,0
flashbots-c10,466,10000,160.3643392196962,-160.37351985227042,160.37351985227042,-0.009180632574214087,129352.73548685222,2628.7887432227876,0.980082145902178,5412,1247,92335.47116486655,0.001529078693991579,0.11344887317204154,100.15290786939916,9977.253758377794,75.03875251009258,0
flashbots-c10,467,10000,56.77764630830461,-56.77677666525319,56.77677666525319,0.0008696430514234521,79076.39862241843,238.54052717396848,0.9969924893124601,4279,795,51727.81083307546,0.0004595667188304731,0.05939847554904418,100.04595667188305,9995.932820060534,101.77994543370228,0
flashbots-c10,468,10000,103.67791522076298,-103.68790217239584,103.68790217239584,-0.009986951632853902,114640.83798034689,703.3059082452824,0.9939025434275659,5527,1097,78667.37231603978,-0.00047977335791870245,0.09721900533892437,99.95202266420813,10006.274530220111,103.89632848176089,0
flashbots-c10,469,10000,56.066674605762174,-56.12663159448071,56.12663159448071,-0.059956988718539606,80426.59764691969,2993.5003530453173,0.9641153579914691,5757,790,47699.470544952754,0.0020520796234166027,0.11133573881131326,100.20520796234166,9987.839614800585,91.26349732777008,0
flashbots-c10,470,10000,54.86315601144934,-54.88164692643819,54.88164692643819,-0.018490914988845475,97765.18453747377,2483.8257814940416,0.9752234383801783,6735,895,57086.01356714771,-0.0018736277689477276,0.07312667082457977,99.81263722310523,10022.535740757457,132.9398925875566,0
flashbots-c10,471,10000,60.83140546414714,-60.82780518594146,60.82780518594146,0.0036002782056812066,83290.28057229207,3662.594757399029,0.9578783939747604,6270,924,50719.22141449563,-0.001275354699074569,0.04662187498640051,99.87246453009254,10009.029597229592,65.47061976477148,0
flashbots-c10,472,10000,272.6638272453326,-272.9417939848369,272.9417939848369,-0.27796673950433615,157316.8610851813,2653.8891840687133,0.983410159797326,7377,1661,110034.24249886273,0.0016419401564704117,0.2548903635117853,100.16419401564704,10042.988934327572,79.49324905523362,0
flashbots-c10,473,10000,203.2643820480472,-203.11759668598486,203.11759668598486,0.14678536206233161,212204.40310563726,4717.750663591214,0.9782514114781924,10063,1980,140773.84048649512,0.015467182413873246,0.10232092412688275,101.54671824138732,9925.962798622497,57.854180223578204,0
flashbots-c10,474,10000,277.3702774112543,-277.40537526798977,277.40537526798977,-0.03509785673549004,297939.74697337445,3020.4489402697845,0.9899639587517532,11136,2448,202710.33828154262,-0.0043829400776893125,0.10562878657915903,99.56170599223107,10059.561421600776,116.09748451979789,0
flashbots-c10,475,10000,154.3585150180921,-153.9122290157124,153.9122290157124,0.4462860023797077,114097.27407062877,1994.6070802459358,0.9828187203060849,7254,1350,75857.1961917373,0.00002384181752759673,0.24956992300533187,100.00238418175276,9991.683696036891,49.48173493297955,0
flashbots-c10,476,10000,142.72656194258872,-142.75778747000092,142.75778747000092,-0.031225527412203746,218863.99868961863,5508.101825280819,0.9754510395337006,11455,1904,135388.53077320463,0.0018549309842256889,0.05806521453115834,100.18549309842257,9987.335114921952,108.59601315210521,0
flashbots-c10,477,10000,89.78668109168495,-89.77533992684613,89.77533992684613,0.01134116483882508,145804.75800132914,4464.021376267451,0.9702930881933217,8605,1273,87294.32891817544,-0.002460560461117467,0.07215126350659673,99.75394395388825,10033.325397940775,109.38881867964473,0
flashbots-c10,478,10000,112.66217639180203,-112.62769573279812,112.62769573279812,0.03448065900391839,87984.80693611964,4758.184176667391,0.9486949458975197,4303,1083,63897.77137748987,-0.0013132174254451457,0.09463531573674629,99.86867825745549,10008.346457487183,50.407565765424664,0
flashbots-c10,479,10000,106.4502975377398,-106.47202442159035,106.47202442159035,-0.02172688385054755,118886.27787126943,3357.1473025857267,0.972537195372175,8603,1303,72622.44685270652,-0.0009145606877271462,0.18868397281846996,99.90854393122729,9989.937110755043,72.52114921339496,0
flashbots-c10,480,10000,146.3094338510706,-146.31132131954067,146.31132131954067,-0.0018874684700733724,202230.96846030236,2976.245068587442,0.9854963915867975,10171,1806,129570.09383389229,0.000014063667749155683,0.07405880431203045,100.00140636677492,10001.99409698969,101.69001240386267,0
flashbots-c10,481,10000,76.07240606154484,-76.0783001714209,76.0783001714209,-0.0058941098760669774,174922.2017047276,3495.9318686683187,0.9804059609937003,11443,1383,96448.34912100382,0.00003634272246785031,0.03627464197961359,100.00363427224679,10005.380345367503,146.35858597611372,0
flashbots-c10,482,10000,131.15493496880896,-131.16207179576725,131.16207179576725,-0.0071368269582876565,187370.92091059085,4921.275855056797,0.9744073033756304,8927,1513,117602.05577171849,0.0017575575527568788,0.08429469236274756,100.17575575527569,10002.242212787947,159.33411335403972,0
flashbots-c10,483,10000,133.76903482055096,-133.30912159264412,133.30912159264412,0.45991322790683853,88724.79686909131,2770.4203135879434,0.969720599623732,3979,846,61623.589632917676,0.00037039392070226996,0.21002167512852624,100.03703939207023,9991.410711251308,92.25154665532128,0
flashbots-c10,484,10000,107.82488346986005,-107.69271081792878,107.69271081792878,0.13217265193127048,148877.59250964082,9238.812224806436,0.9415695528852759,11080,1561,85612.79718755522,0.0010661947261732508,0.09735436646016168,100.10661947261733,9998.215353768986,108.23916588867387,0
flashbots-c10,485,10000,106.17713306952916,-106.17657854607113,106.17657854607113,0.0005545234580353053,150682.42271539033,3945.6310234547204,0.9744830842266269,7350,1320,97617.61468266844,-0.0018225421776536166,0.06169273853850683,99.81774578223464,10013.237641292402,119.5297720697439,0
flashbots-c10,486,10000,117.49499899841607,-117.49901580165566,117.49901580165566,-0.004016803239593969,106204.15067622306,1057.4942636682042,0.9901409840930482,4615,1118,76076.72362891898,-0.0007000840066285718,0.08491538474727563,99.92999159933714,10007.42406172256,77.7629685280421,0
flashbots-c10,487,10000,83.9431357987475,-83.96158922353546,83.96158922353546,-0.018453424787949757,121823.77519052126,2294.9073547124517,0.9815103793590775,4541,984,85374.17628224556,-0.0021836686419916874,0.04359028580394224,99.78163313580083,10051.865872951092,172.84417558901163,0
flashbots-c10,488,10000,110.1252297667226,-110.07368118571613,110.07368118571613,0.05154858100647175,160793.27661087332,4077.4847256324992,0.9752686001291021,7870,1406,103446.61287904617,-0.0000705334002896052,0.08771917679415508,99.99294665997104,9983.1499128426,122.67048292464139,0
flashbots-c10,489,10000,188.39165636431682,-188.39709957249153,188.39709957249153,-0.00544320817471089,193212.18964308195,1289.8082996028618,0.9933686629790666,6857,1656,136866.19221409946,-0.0020861559026576514,0.12274300198631849,99.79138440973423,10022.279253096818,119.25194359041714,0
flashbots-c10,490,10000,93.02054410465847,-93.01394219902562,93.01394219902562,0.00660190563284857,125124.3204121072,1912.6841091683514,0.9849438821674356,6657,1208,81516.66342713346,-0.004302788534566702,0.06664434696943658,99.56972114654333,10040.378686906653,97.31936629640732,0
flashbots-c10,491,10000,304.1137943505426,-304.10468488625344,304.10468488625344,0.00910946428916759,272596.0914753394,5091.711069508719,0.9816639008885296,11040,2382,185421.65079807688,-0.0009241490086490955,0.13538169472723283,99.90758509913509,10001.861196649523,79.77451593859573,0
flashbots-c10,492,10000,79.12411393332829,-79.13639478288388,79.13639478288388,-0.012280849555594386,118291.55745786735,1933.496809342949,0.9839176881962923,5985,1117,78009.4152109786,0.001779841391861936,0.0449303281456308,100.1779841391862,9985.723556721354,121.66367939265241,0
flashbots-c10,493,10000,231.29672007832846,-231.39163470140238,231.39163470140238,-0.09491462307391885,170185.02400719927,4167.188901639734,0.9760990191514313,10101,2008,112126.13740651432,0.009232795076108288,0.20387075202780225,100.92327950761083,9974.541063773433,40.56523644849904,0
flashbots-c10,494,10000,57.80610092632252,-57.772041038960104,57.772041038960104,0.034059887362417385,95199.09686236276,3283.7724622143955,0.9666564095386799,7868,971,52716.338218641096,-0.0010664016411537603,0.11474649767194023,99.89335983588462,10014.925786162832,62.51250639959682,0
flashbots-c10,495,10000,157.5288187439002,-157.6195680522544,157.6195680522544,-0.09074930835421924,150347.15094232344,3085.19783346979,0.9798921292798685,8035,1458,98278.33208201325,0.000028290315593153538,0.13288606917388576,100.00282903155932,9994.28249029509,93.3622555485158,0
flashbots-c10,496,10000,150.39249581361975,-150.4193791496911,150.4193791496911,-0.026883336071364283,144134.58210414994,6055.72534254592,0.9596796527985325,7164,1566,99450.69822371825,0.0020391381616461503,0.07492163277184147,100.20391381616462,9993.165208781984,63.81967609577817,0
flashbots-c10,497,10000,106.11376713706657,-105.1977147145609,105.1977147145609,0.9160524225056719,139635.1849059461,2988.6296116734734,0.9790453675511234,7748,1206,85903.32920085079,-0.022281354268779408,0.09611023778840973,97.77186457312206,10297.983204096134,142.06103934942544,0
flashbots-c10,498,10000,57.93539751827465,-57.936543121049475,57.936543121049475,-0.0011456027748266706,129031.57746639472,3273.053680268983,0.9752612312063309,10561,1182,69819.15652407419,0.0011177381406257325,0.038267766524262045,100.11177381406257,9992.535480813094,95.30359048196318,0
flashbots-c10,499,10000,42.69102687581524,-42.68934365380086,42.68934365380086,0.001683222014378316,84436.26160185225,1776.1414954744123,0.9793980746196195,6378,848,48621.82872520513,0.00014088466851688963,0.04206102939828412,100.01408846685169,9994.592573881557,87.47165406845828,0
flashbots-c10,500,10000,202.76934265216659,-202.77700750680827,202.77700750680827,-0.0076648546416890895,198395.66149089203,3004.065040845252,0.9850840659390276,7312,1804,142042.93702912572,0.0039656613869942705,0.0915385250870311,100.39656613869943,9964.256803010689,108.87813137566569,0
flashbots-c10,501,10000,211.8726914913188,-211.90293850744345,211.90293850744345,-0.03024701612466174,151498.69037234367,2211.0169870714253,0.9856156320569821,5404,1325,110034.70434577156,0.0013621272362344427,0.19562237204597366,100.13621272362344,9980.70073492119,99.87699805983084,0
flashbots-c10,502,10000,209.84245332619304,-209.9070450687118,209.9070450687118,-0.06459174251875766,181375.98784667716,8101.936725229401,0.9572407353334993,8765,1915,122825.89051744352,-0.0002526987706656314,0.13805650328799346,99.97473012293344,10008.604525328718,75.81893143355069,0
flashbots-c10,503,10000,64.89584825187971,-64.89093203729736,64.89093203729736,0.004916214582351586,121175.6015658628,3327.5755579307906,0.973273167522286,8283,1164,72241.5020185164,0.0017660262320426056,0.036504047133548455,100.17660262320426,9985.61954118508,97.94582952960913,0
flashbots-c10,504,10000,328.94776613961335,-328.86882097091393,328.86882097091393,0.07894516869941981,303512.336113175,10930.25614715207,0.9652392633307676,11169,2539,203845.96555022846,-0.0023263924833294425,0.11095010620601599,99.76736075166706,10001.571609085206,67.85407064680061,0
flashbots-c10,505,10000,29.859405934391052,-29.877536882821776,29.877536882821776,-0.018130948430723492,55787.05798944488,3101.4413071446675,0.947333667113431,4270,527,31987.342009929554,0.000009053094588864496,0.06216149653564571,100.00090530945889,10023.607463486116,80.97984172022159,0
flashbots-c10,506,10000,56.8935611168415,-56.846751346658294,56.846751346658294,0.046809770183202204,143064.00262233813,4710.592801651518,0.9681231216493197,9929,1105,76064.76920728962,-0.0008142371686678018,0.0419138073869685,99.91857628313322,10006.31838431551,125.3239000523486,0
flashbots-c10,507,10000,63.093935786893134,-63.11632461981148,63.11632461981148,-0.02238883291834526,97201.54831345293,2157.5439648090105,0.9782853897379954,5664,943,61881.00967509247,0.0003294252110528362,0.051011061024162245,100.03294252110528,10006.843878531541,116.76323549341127,0
flashbots-c10,508,10000,167.6120570021321,-167.6270364431083,167.6270364431083,-0.014979440976190972,207864.58929198596,1003.7081537826214,0.9951945404541672,10512,1956,134367.61764940002,-0.0016122873776744484,0.1123162862017702,99.83877126223256,10016.486151756351,95.07703668238047,0
flashbots-c10,509,10000,266.6494824220546,-266.64008035730166,266.64008035730166,0.00940206475291916,254992.6981658113,10028.892566511346,0.9621582055303534,10961,2326,171028.48995971846,-0.000005884677415792794,0.11137157001540345,99.99941153225842,10000.370955179947,93.67146644680534,0
flashbots-c10,510,10000,210.23086916513972,-210.18961519643614,210.18961519643614,0.041253968703586,188032.1061132044,4157.030407232711,0.9783701072677922,7554,1710,131452.1606159332,-0.00037274887873294915,0.1488354855280805,99.9627251121267,9990.844319712152,87.51734843932982,0
flashbots-c10,511,10000,168.82268984385666,-168.81949812243252,168.81949812243252,0.003191721424144589,219478.09034912818,3019.54178606019,0.9864288812555743,11031,1875,137551.12782584515,0.002558163202307071,0.08105333167431354,100.25581632023071,9970.998750265448,103.86260754960776,0
flashbots-c10,512,10000,84.69845431474955,-84.67579293197093,84.67579293197093,0.022661382778622396,148334.03875408418,3902.4425268659015,0.9743659174592718,10667,1380,85816.67031331865,0.0030384104669144564,0.07202767090953514,100.30384104669145,9967.37896988411,90.71353089466925,0
flashbots-c10,513,10000,357.4882389732391,-357.46401900263777,357.46401900263777,0.024219970601336627,259847.23083415322,8334.13447633045,0.9689235138814298,9885,2576,185192.93155510537,0.0023903723210344195,0.14287811722881075,100.23903723210344,9952.0955515318,46.23435740383001,0
flashbots-c10,514,10000,86.20429408077005,-86.0174061076297,86.0174061076297,0.1868879731403581,145177.21790312073,6105.023637071657,0.9596448097614306,9661,1178,82644.83711234263,0.0005180278551119954,0.12212857940550804,100.0518027855112,9963.803990321236,201.20910727615166,0
flashbots-c10,515,10000,110.02608289150957,-110.02905509924048,110.02905509924048,-0.002972207730906007,147233.47714884585,1901.3663248946602,0.9872506901767095,8527,1442,91681.22599221434,0.0001038594502210799,0.12103770439929817,100.01038594502211,9998.315717077357,85.3506831389895,0
flashbots-c10,516,10000,191.9921085606552,-192.0990499397866,192.0990499397866,-0.10694137913139912,151892.16647216113,2115.7158959567373,0.9862622882450937,6814,1674,108592.72084299817,0.0000013238688734418247,0.15816988004054836,100.00013238688734,10002.200698941504,36.74187400178701,0
flashbots-c10,517,10000,421.9081834454613,-421.9233121010494,421.9233121010494,-0.01512865558811427,236846.40882084987,5474.06995079757,0.9774097922777872,10091,2523,166746.34837473693,0.004188458901509335,0.22381455267444436,100.41884589015093,9982.367107729102,33.76847659356618,0
flashbots-c10,518,10000,180.20883033713903,-180.22748315911923,180.22748315911923,-0.018652821980197132,115748.84778793184,2218.504963961885,0.9811939073632703,4234,1160,87315.5979610178,0.00001985510704670901,0.10384648688313135,100.00198551070467,9991.544950713916,72.43327741346008,0
flashbots-c10,519,10000,330.1840863090991,-330.1592034381025,330.1592034381025,0.02488287099657782,312659.1573692202,1451.2089059032185,0.9953799394680527,11718,2492,212188.07928319232,0.004654330207628874,0.11543154722868451,100.46543302076289,9947.92997847774,105.0759677992,0
flashbots-c10,520,10000,155.10893022635764,-155.0133449956465,155.0133449956465,0.09558523071115133,210600.8567068148,7064.313021264468,0.9675450462281602,9819,1568,131552.06756281448,-0.0028188874768395066,0.09888386881583244,99.71811125231605,10030.966984821935,138.28744481730243,0
flashbots-c10,521,10000,21.582650766428394,-21.61595463285471,21.61595463285471,-0.033303866426315665,61990.02659940215,2155.9730500260225,0.966389594646449,4886,501,32115.927769428334,0.000007196979146613103,0.03928192193622692,100.00071969791466,9997.14403144756,111.02052442371586,0
flashbots-c10,522,10000,63.14123830987303,-63.1409848962126,63.1409848962126,0.0002534136604310788,104127.00625370022,1484.737546060038,0.9859415488028007,6732,970,61796.170453850325,0.0012377356841749077,0.08116744567935498,100.12377356841749,9986.441143097773,94.86528978636358,0
flashbots-c10,523,10000,49.864852846707805,-49.87918449701589,49.87918449701589,-0.014331650308086807,104422.8113667861,2344.069594004869,0.9780449745004192,7507,956,59991.82248450601,-0.000005340831362019571,0.0421909126225448,99.9994659168638,10005.146554255141,112.16467383836296,0
flashbots-c10,524,10000,164.30518325616137,-164.4015114383206,164.4015114383206,-0.09632818215922612,105677.00728761428,8610.192046065335,0.9246617985543025,4655,1160,77088.25898402234,0.0005152764745480453,0.11733729364451406,100.0515276474548,10027.070787231012,60.93384366556086,0
flashbots-c10,525,10000,92.13146861603715,-92.17122695095878,92.17122695095878,-0.03975833492162906,109600.09373117604,2566.782802658378,0.9771163922721506,5840,1077,72042.47854436543,0.0000011136746547890652,0.07931539920819261,100.00011136746548,10015.059420597758,103.88130537616819,0
flashbots-c10,526,10000,69.71401708454401,-69.70018000385183,69.70018000385183,0.013837080692184145,131476.60788180577,6931.21744206569,0.9499217806085257,10673,1204,71247.02664555478,-0.0005701557466778695,0.07086928410063394,99.94298442533221,9999.6007935933,104.74560557098565,0
flashbots-c10,527,10000,62.43048699190459,-62.407191979510365,62.407191979510365,0.023295012394221715,98471.76913978357,3265.177474480512,0.9679056863495182,6586,1005,60440.45871899948,-0.0012384822679470631,0.04822721249342834,99.8761517732053,10015.365602368609,81.35558103079696,0
flashbots-c10,528,10000,105.7529339632292,-105.69622621145432,105.69622621145432,0.056707751774879966,153934.99590642747,3635.414842524214,0.9769283152512922,9494,1431,93047.2796809221,0.0057077155165805495,0.07638317276901888,100.57077155165805,9943.261090636759,89.07469559322297,0
flashbots-c10,529,10000,52.60699059899743,-52.604797109374175,52.604797109374175,0.002193489623252276,76024.57981232912,750.507890087753,0.9902245909116151,4071,755,49155.59069715735,0.000814014820534652,0.05739845679368884,100.08140148205347,9992.297289738422,100.28336618752037,0
flashbots-c10,530,10000,175.8618462930469,-176.0195020720639,176.0195020720639,-0.15765577901697725,147603.67614785262,2721.8265075019676,0.981893780766247,5360,1442,109492.06000394882,0.002178740589604331,0.07797616214980095,100.21787405896043,10002.869203763326,101.69769729782128,0
flashbots-c10,531,10000,193.51031958230334,-193.51990822411716,193.51990822411716,-0.009588641813820686,230627.92686941873,2674.372270859412,0.9885368799162525,10689,1991,146859.39694046797,-0.0011971616245958216,0.15771605036735592,99.88028383754042,10019.36316647442,110.13111417837389,0
flashbots-c10,532,10000,101.98211552143184,-101.97939771092715,101.97939771092715,0.0027178105046914425,165703.5125754616,5458.211633842489,0.9681107931165267,9340,1440,102282.68345271162,-0.0009430040632331327,0.062078980662888056,99.90569959367669,10023.18461222362,124.74795167451322,0
flashbots-c10,533,10000,77.14919975540768,-77.21636852534593,77.21636852534593,-0.06716876993824883,106259.44276756477,4500.607558977562,0.9593661473996365,6715,1025,65029.154699886225,-0.0017891176029095845,0.1274881612125118,99.82108823970904,10043.104838359775,142.7729189741036,0
flashbots-c10,534,10000,241.92322681125933,-242.08002081680826,242.08002081680826,-0.15679400554893164,127190.45211888402,9640.369954089994,0.9295453333683209,6728,1644,89605.19343829407,-0.0008442387152069841,0.22239838494747716,99.9155761284793,10011.389285751975,33.98897758375087,0
flashbots-c10,535,10000,142.4686004610037,-142.3897202742392,142.3897202742392,0.07888018676447928,87902.07194071752,2107.7159200482647,0.9765834808620074,5153,1320,62363.77197709887,0.000027028414044281136,0.1235310148222247,100.00270284140443,9999.827054445848,17.266303552170353,0
flashbots-c10,536,10000,101.25240523916534,-101.26978005800365,101.26978005800365,-0.017374818838305828,134370.49203383407,1361.0853487553888,0.9899722277232595,9461,1318,81426.26928318715,0.0013054258871686387,0.13790665941028807,100.13054258871686,9990.425910555428,85.9329445092417,0
flashbots-c10,537,10000,92.70390971494828,-92.70374316929772,92.70374316929772,0.00016654565055773674,126459.2196794707,2328.345184369081,0.981921040382814,7611,1290,80726.22146171857,-0.0001151916634766792,0.05663163983733682,99.98848083365233,9998.846612928957,86.57890930611123,0
flashbots-c10,538,10000,124.7347127957285,-124.49022569107956,124.49022569107956,0.24448710464893963,99706.7763340008,2906.9507037226554,0.9716709373332284,3960,963,72453.60641665202,0.0005898619861943644,0.0858829969966996,100.05898619861944,10020.360620621546,64.3198757310599,0
flashbots-c10,539,10000,99.94175556827027,-99.96977150127393,99.96977150127393,-0.028015933003658233,109257.69423600969,3233.6470585752013,0.9712542581379029,4952,1097,76589.81799267014,0.00021185818419155566,0.06323345179296638,100.02118581841916,10007.090587601775,106.7799829552167,0
flashbots-c10,540,10000,216.94432604787525,-216.9256290678553,216.9256290678553,0.018696980019939247,232001.8149741911,5352.187759281765,0.9774506109117873,9765,2069,154994.7431235517,0.000011019154943028298,0.1401883951330835,100.0011019154943,10002.719209925814,90.5869240700577,0
flashbots-c10,541,10000,138.28392234000302,-138.29001958609658,138.29001958609658,-0.006097246093560216,101281.6472422223,2713.694301092807,0.9739056167245479,4009,1128,76594.70317469329,0.002175956421372689,0.11024097692298128,100.21759564213727,9994.543034424614,42.0996734967568,0
flashbots-c10,542,10000,111.47286406505727,-111.4786428827058,111.4786428827058,-0.005778817648533163,170592.3704593576,3910.6850310011587,0.9775895899357635,10327,1508,102298.68009529321,-0.001224502107459813,0.08599696521308203,99.87754978925402,9997.382526915997,99.12963906929552,0
flashbots-c10,543,10000,62.48411875107074,-62.465320456038086,62.465320456038086,0.018798295032652845,81274.33251408496,1664.2849785857125,0.9799335336312691,4657,817,52974.66340457532,0.002951256551401116,0.0740875688873689,100.29512565514011,9978.71299437525,82.93519514019627,0
flashbots-c10,544,10000,228.00594951449472,-228.30627387429013,228.30627387429013,-0.30032435979541106,188907.065368092,6129.636647675701,0.9685718811673705,7643,1700,131380.0435978979,0.00000021715908602004674,0.14289913386843978,100.0000217159086,10004.025327581428,83.85583403727492,0
flashbots-c10,545,10000,225.16359454060841,-225.18073789983532,225.18073789983532,-0.017143359226906796,252107.56231773214,1445.4933109322205,0.99429904992725,11739,2270,167648.81696309336,-0.00010707006138730435,0.0741776235263471,99.98929299386127,9998.80200907938,93.23300619833327,0
flashbots-c10,546,10000,105.68193084922801,-105.75094629253314,105.75094629253314,-0.06901544330513332,222061.01308325722,2659.3265916985747,0.988166061890325,11604,1674,130625.44036467228,-0.0004642172379845988,0.05006948053257034,99.95357827620154,10039.532338794132,305.13540527244663,0
flashbots-c10,547,10000,78.69923199085558,-78.68400115609481,78.68400115609481,0.015230834760771472,126561.73046127407,3297.0174146803565,0.9746107407578749,7855,1206,76139.29230240147,-0.00019531170477449678,0.09450171865082084,99.98046882952255,9995.190625463178,98.21059136074548,0
flashbots-c10,548,10000,63.222250195314885,-63.22571583449323,63.22571583449323,-0.003465639178344304,107781.6464531896,2685.0328996797757,0.975693730313891,4953,923,69057.16580851648,-0.0005763985560056995,0.05095479884346887,99.94236014439943,10007.91017082869,159.14265862726558,0
flashbots-c10,549,10000,43.993900630268236,-43.9458960313805,43.9458960313805,0.04800459888773645,69323.65985970173,2685.5494735821653,0.9627054720021643,5476,672,40458.775877678505,-0.006364094076571689,0.11878132783539513,99.36359059234283,10068.904878025145,101.7972663837582,0
flashbots-c10,550,10000,84.24558538000352,-84.2137886044408,84.2137886044408,0.03179677556272509,129394.99127041525,2697.249218735473,0.9795805627283837,5495,1109,87843.07128872188,0.00414902414334918,0.05457286997109051,100.41490241433492,9953.862452344685,130.97145669698696,0
flashbots-c10,551,10000,210.03794554219277,-210.19034620145732,210.19034620145732,-0.1524006592645435,159476.44486844243,2191.5080928974867,0.9864443876924603,6936,1620,112337.1956168359,0.0025775358524994375,0.191587770709028,100.25775358524994,9981.038413235823,68.6646416531645,0
flashbots-c10,552,10000,81.93149959543399,-81.94053629123631,81.94053629123631,-0.00903669580232247,85760.1845324945,1908.7006985014327,0.9782282996587415,5032,986,57869.45105804028,-0.0005043846421004616,0.06453366374927783,99.94956153578995,10007.706882488217,55.18647110103805,0
flashbots-c10,553,10000,104.46169416377289,-104.475070005101,104.475070005101,-0.01337584132811287,175523.8878317716,6085.116785632103,0.9664933090820489,9308,1543,108374.16264288168,0.0020042925993269023,0.05075399338527248,100.20042925993269,9983.463044527927,101.98080623911477,0
flashbots-c10,554,10000,188.46227390151103,-188.4125835733504,188.4125835733504,0.049690328160636454,150571.4540257622,7930.127207678041,0.9499681508161196,6542,1604,108332.90915180063,-0.0023048170577000347,0.11861189597511285,99.76951829423,10012.07110175851,39.7306217339827,0
flashbots-c10,555,10000,127.37475411020975,-127.8321371708616,127.8321371708616,-0.45738306065184986,118254.84896682527,3630.7256087789924,0.970212015479101,6405,1164,77758.37447419975,0.002790232301943405,0.19629773823445562,100.27902323019434,9957.235702011254,99.0478883338801,0
flashbots-c10,556,10000,51.31902680347269,-51.32922320140137,51.32922320140137,-0.010196397928680767,143193.4507596507,3639.052899464406,0.9752162987841384,9685,1090,77120.62657428077,0.002280833246206839,0.03307753312471519,100.22808332462068,9932.75592027484,202.7625046711033,0
flashbots-c10,557,10000,127.29458901850933,-127.35120474366273,127.35120474366273,-0.056615725153406515,182986.60524765385,6924.832115936155,0.9635365188528462,11442,1731,109594.59223018239,-0.00048595900337844,0.07420987776083607,99.95140409966216,10017.234735873777,106.7344285451224,0
flashbots-c10,558,10000,101.65914495928165,-101.65863031447272,101.65863031447272,0.0005146448089305977,144700.4432792453,1913.3167511509428,0.9869499510090031,8561,1247,88800.06556513968,0.003141593793676236,0.08253134793634047,100.31415937936762,9950.342254963947,116.09850474915106,0
flashbots-c10,559,10000,409.8419713674958,-409.5056732316654,409.5056732316654,0.3362981358303614,271509.47862660314,5358.386381195084,0.9806464127534477,10893,2686,191173.16369459062,0.00014619620977185833,0.14426220207591725,100.01461962097719,9988.680427699483,69.45967769035484,0
flashbots-c10,560,10000,106.84595978201037,-105.95699438802784,105.95699438802784,0.8889653939825308,112455.78419533664,2979.372285802784,0.9741900788579121,5142,1099,75861.48995478253,-0.03168858307378215,0.10357647114283566,96.83114169262178,10276.46472334646,85.91916807170469,0
flashbots-c10,561,10000,79.26398802176102,-79.27080099587528,79.27080099587528,-0.006812974114254189,107707.22712799015,1576.6472862477472,0.9855729192005811,7116,1083,65739.32392087282,0.000013072088902248425,0.09693205618399574,100.00130720889022,10005.8197231482,72.1248658647297,0
flashbots-c10,562,10000,105.08748263029595,-105.08744002600938,105.08744002600938,0.000042604286576874983,147541.522858055,35.127670060674376,0.9997619700004373,7814,1410,96884.95110587777,0.0005899794322736795,0.058254514482245556,100.05899794322737,9994.375641388953,99.63677897888302,0
flashbots-c10,563,10000,157.9041744068332,-157.86328145728623,157.86328145728623,0.04089294954695788,180125.14950349642,550.7588709899113,0.9969516750963369,7848,1675,124406.39393597671,-0.006126051489066811,0.09535128946190624,99.38739485109332,10058.636675398686,95.99120198730567,0
flashbots-c10,564,10000,292.24586443125787,-292.245620434295,292.245620434295,0.0002439969628653671,242916.732454668,960.3751556828022,0.9960620528712469,10605,2095,161608.07910797847,0.00023651328148034168,0.19508905842254648,100.02365132814803,9997.49063185339,98.954955671467,0
flashbots-c10,565,10000,197.14892919216246,-197.26254744144939,197.26254744144939,-0.11361824928692954,192624.97215196394,5646.683273728405,0.9715204714380132,7361,1574,130684.0192005391,0.00021338402321944728,0.11512335760411957,100.02133840232194,10030.452439498442,218.39122965706557,0
flashbots-c10,566,10000,116.8914112929345,-116.86914384418581,116.86914384418581,0.022267448748692686,142996.20393141822,2278.421100427748,0.9843164551281527,6759,1359,95990.35499973154,0.007848421105828578,0.09993932386654364,100.78484211058286,9901.098050009172,109.61850464730547,0
flashbots-c10,567,10000,264.7672666312687,-264.718184447133,264.718184447133,0.04908218413567056,216930.24334122098,3156.9463601255143,0.9856559286144303,10357,2270,147516.93598117967,0.0025269929453675386,0.10998782969226355,100.25269929453675,9995.202771596403,51.24606829775438,0
flashbots-c10,568,10000,62.71804453015451,-62.701540737073955,62.701540737073955,0.016503793080552498,121698.29081260061,2541.692889233984,0.9795420700043408,9671,1119,68321.70267676207,0.0011156261158289738,0.06342590391414092,100.1115626115829,9981.269610759207,112.53721362883763,0
flashbots-c10,569,10000,289.45018452995794,-289.4578800791336,289.4578800791336,-0.00769554917565074,254406.54709691403,610.5424104353165,0.9976058764861022,9174,2198,180322.33911293375,-0.0000028488974895424234,0.11307907136726598,99.99971511025105,9998.980539533262,102.45326020043706,0
flashbots-c10,570,10000,362.77921690045184,-362.63185787900863,362.63185787900863,0.1473590214432079,236383.21949467895,10957.373209117237,0.9556992522362098,9304,2466,168331.63243424936,-0.015738578103219963,0.1684955363485598,98.426142189678,10033.995423809207,45.819512705477635,0
flashbots-c10,571,10000,392.21490510735265,-392.08252753907215,392.08252753907215,0.1323775682805035,284366.0432270188,4314.003136648597,0.9850561090349348,11550,2731,199696.2037360119,-0.01562602653364266,0.14644683476024553,98.43739734663573,10078.572403089887,67.94677806911939,0
flashbots-c10,572,10000,76.21181547400333,-76.2004670828083,76.2004670828083,0.011348391195028285,86826.43794865461,2430.302731230294,0.972771773731393,5113,968,57834.20453687478,-0.0000013118324154959283,0.0658785880702385,99.99986881675845,9997.035351230463,61.81167045016577,0
flashbots-c10,573,10000,205.03567310895934,-205.10194485254817,205.10194485254817,-0.06627174358882826,182748.45148913586,7867.489688878259,0.9587259615315652,11010,2037,116674.53006174373,0.004733887306865796,0.12995755778818974,100.47338873068658,9975.867910343619,51.63776651458527,0
flashbots-c10,574,10000,121.0776579938463,-121.09770979656754,121.09770979656754,-0.020051802721241074,170365.41781303062,3171.653484323049,0.9817234815557739,6923,1323,112714.1691625568,0.00012583228481815922,0.09825568156268857,100.01258322848182,10001.515594715387,167.5473347110451,0
flashbots-c10,575,10000,213.5662083705128,-213.54226665567415,213.54226665567415,0.02394171483865648,246151.1736186244,3911.354139495888,0.9843584955548429,11508,2181,161157.53486905788,-0.0005139409337451184,0.08802128795080336,99.94860590662549,9996.043233177355,88.1459098851723,0
flashbots-c10,576,10000,206.00195003474727,-205.9865636052503,205.9865636052503,0.015386429496970777,212970.06315007358,7937.17729066893,0.9640700898945951,11063,1897,134478.54275910824,-0.0033995115844659553,0.13227973992196937,99.6600488415534,10015.1648913784,83.24196392931401,0
flashbots-c10,577,10000,69.33083228157368,-69.29682791490704,69.29682791490704,0.03400436666663609,68919.12621163052,976.0974291321652,0.9860348479010674,4057,821,47058.32366764608,0.0031032569389520858,0.1079407891928075,100.31032569389521,9991.350109215653,44.438527779382895,0
flashbots-c10,578,10000,157.48499410684917,-157.42039055765323,157.42039055765323,0.0646035491959367,200279.09711512408,8952.571488085312,0.9572121584277802,11280,1573,119554.81248734535,-0.0003708670164445493,0.09459779510917585,99.96291329835555,10016.666916865019,183.1108844988538,0
flashbots-c10,579,10000,50.18682348288984,-50.15835444050833,50.15835444050833,0.02846904238150927,87219.63600720077,3186.983588216576,0.9647483380920691,5094,821,52934.36795660637,-0.0005176357934784903,0.06852298640764247,99.94823642065215,10024.705917547837,143.8945402773289,0
flashbots-c10,580,10000,111.04969137683177,-111.0587680266537,111.0587680266537,-0.009076649821921023,162839.46354570353,4195.71800756831,0.9748812317946912,9087,1434,100598.39186348558,-0.0002404309704191121,0.056740698432180776,99.97595690295809,9980.712305482866,157.51798221163267,0
flashbots-c10,581,10000,81.77258485029496,-81.75227174704415,81.75227174704415,0.020313103250813924,90616.95351274367,8938.604681003304,0.9102149107174136,7656,1154,52539.79740171897,-0.003915708577142709,0.1334278616498729,99.60842914228573,10021.70243158904,27.90702266373063,0
flashbots-c10,582,10000,115.73480382354848,-115.71045688689631,115.71045688689631,0.02434693665216514,128512.87996603634,4553.482273104549,0.9657803655523306,7072,1338,84599.8772074299,0.0015330417569958854,0.1002024776372508,100.15330417569959,9996.239076150609,66.33948181015751,0
flashbots-c10,583,10000,57.93719945027278,-57.91982046131908,57.91982046131908,0.017378988953701935,78336.28180971509,1210.7094732536907,0.9847799463722406,5337,860,49715.22320214066,-0.0029571963629516063,0.05367623395404166,99.70428036370484,10015.20652986147,62.790361907341946,0
flashbots-c10,584,10000,151.9841601413233,-151.98556024014624,151.98556024014624,-0.0014000988229554423,215897.94740268445,356.6629016140442,0.998350726945834,11778,1952,134754.33347682405,0.0000010613528787928316,0.07462903667678063,100.00010613528788,10001.082519395713,102.45791525013938,0
flashbots-c10,585,10000,39.266323549713505,-39.29231328281695,39.29231328281695,-0.02598973310344377,65458.16229748598,1451.1126660324244,0.978312234487317,5145,754,39793.8293131044,0.000582388872790176,0.05403029702325512,100.05823888727902,10008.514248463296,62.998818361584135,0
flashbots-c10,586,10000,150.0416685746121,-150.0208965605786,150.0208965605786,0.020772014033497044,162156.02735296235,3681.0909646246723,0.9778029731704867,6380,1413,113064.95152999174,-0.001958608720663193,0.07960217378876167,99.80413912793368,9986.347273443447,135.47173399506005,0
flashbots-c10,587,10000,106.1596864578774,-106.21057875995838,106.21057875995838,-0.05089230208098172,113299.90679374231,1913.8527053949636,0.9833886793234162,5396,1128,79257.73486889228,-0.0003404427521950026,0.08486381600540142,99.9659557247805,10014.309149220353,79.6243781498357,0
flashbots-c10,588,10000,69.74829063947413,-69.73700937537417,69.73700937537417,0.01128126409996355,119405.87501336711,3036.6075909529604,0.975199722135936,6452,1029,75050.90319272183,0.0014279930051125688,0.07167893892327172,100.14279930051126,9983.273588118665,142.9535982638559,0
flashbots-c10,589,10000,74.75405410856685,-74.7255785063867,74.7255785063867,0.028475602180151327,155007.66108545565,2936.862898675835,0.9814057314264918,11154,1348,86076.76291168394,-0.00013898781716179087,0.04528902879433247,99.98610121828382,9996.190108600822,104.12931698699431,0
flashbots-c10,590,10000,155.33885596568086,-155.33519647737995,155.33519647737995,0.003659488300911562,202626.52230169633,1842.6169775840044,0.9909882880904233,10265,1770,128981.78907280447,0.000038853237201692535,0.11219334938202323,100.00388532372017,9998.025607664253,102.17605587213778,0
flashbots-c10,591,10000,134.6595513085659,-132.75111457436518,132.75111457436518,1.908436734200734,176853.66397169326,2962.434620636087,0.9835251980004729,7978,1483,112891.85777138201,0.03305869309507969,0.09507433108370421,103.30586930950797,9410.483433791747,170.94502230468575,0
flashbots-c10,592,10000,258.1938448917149,-258.2345969560652,258.2345969560652,-0.040752064350328965,217361.6548376519,3381.2608414460633,0.9846823585207984,9108,2000,149606.69203683597,0.0017621577503359731,0.15737099419908404,100.1762157750336,9984.209387773442,86.88299440932985,0
flashbots-c10,593,10000,57.79464294670022,-57.826497148405466,57.826497148405466,-0.03185420170524367,84619.48622309616,3431.6276145189486,0.9610268687702509,5010,795,53264.2004847782,0.0003113337564643359,0.0789729384849511,100.03113337564643,10010.12512939823,127.52394978198895,0
flashbots-c10,594,10000,84.53495917385389,-84.5079246951191,84.5079246951191,0.027034478734790923,128058.51160517886,9184.240749342856,0.9330803223355768,8719,1348,75536.93410004508,-0.00918336373270492,0.0892784434901894,99.08166362672951,10031.776341822346,40.779985185185986,0
flashbots-c10,595,10000,78.96555144846043,-78.96226115485166,78.96226115485166,0.0032902936087708667,130738.59337289576,5356.9934325533295,0.9606380077539821,9553,1206,74206.83620493552,-0.0015212828558065893,0.12233402724188323,99.84787171441934,10007.581411977457,104.341102744763,0
flashbots-c10,596,10000,132.62013534854515,-132.64105236388866,132.64105236388866,-0.020917015343513867,132854.70179878027,2195.133868059144,0.9837457494322731,5434,1231,95222.24026623806,0.0014737878429309603,0.08941563607817188,100.1473787842931,9998.06162849559,87.41606387806199,0
flashbots-c10,597,10000,131.88194142621137,-131.7928929945532,131.7928929945532,0.08904843165817056,193751.63318935403,3690.212547394232,0.9813098761631592,10617,1676,119730.92022183904,-0.0065125081791887855,0.09819283567771535,99.34874918208112,10060.14291699922,95.73666565786881,0
flashbots-c10,598,10000,294.17236806943964,-294.1597965030671,294.1597965030671,0.012571566372514553,285814.9399064222,5459.007210728494,0.9812581685909146,11016,2382,191996.03526091183,0.0005833364394791829,0.13028742807167576,100.05833364394792,9989.279867526977,92.16854290901698,0
flashbots-c10,599,10000,462.062704839923,-461.99631327014015,461.99631327014015,0.06639156978286564,305723.312568875,3706.1921075381933,0.9880224993042795,11303,2647,214607.53596692815,0.00015457257196644037,0.2449399333851322,100.01545725719664,10018.138466889266,85.52272691216025,0
flashbots-c10,600,10000,101.72931236696003,-101.62396686381366,101.62396686381366,0.10534550314636704,91191.39225440846,5640.933822524993,0.9417453442351136,4365,1004,63014.79995260455,-0.0038177959995485365,0.1205956743144209,99.61822040004515,10034.41177155048,53.75655396086622,0
flashbots-c10,601,10000,93.92873870564122,-93.90845737223151,93.90845737223151,0.020281333409712943,104435.94668686842,2310.277697980856,0.9783572888756077,4160,951,73496.44734491815,0.0000024693811336362616,0.08144886588072779,100.00024693811336,9992.554177441829,110.0934412303796,0
flashbots-c10,602,10000,108.43357897291625,-108.45223371305046,108.45223371305046,-0.018654740134209646,140012.5531483189,1825.6999531061938,0.9871282963996977,5500,1159,96149.31466398941,0.000011716099290879356,0.05995424737987491,100.00117160992909,10006.087103913467,126.13494630676568,0
flashbots-c10,603,10000,111.53142016024096,-111.47149805072249,111.47149805072249,0.05992210951846744,154866.13328455354,3485.814804144066,0.9779869155623425,8979,1450,96188.22518961816,0.008026226659990953,0.07261279018635562,100.8026226659991,9917.820876801887,99.4759488368599,0
flashbots-c10,604,10000,470.92056895568857,-470.57804906055514,470.57804906055514,0.34251989513342096,264896.71924144117,10517.128811663602,0.9618133623780758,11640,2670,180110.3600107012,-0.004433451788293183,0.3934917421130695,99.55665482117068,9980.192551806447,40.19395435154546,0
flashbots-c10,605,10000,47.700661841766546,-47.70028483630511,47.70028483630511,0.0003770054614378182,77193.17198537604,453.0904750781944,0.9941646840334529,4843,769,48693.839724186924,-0.000003635248462785512,0.053515967092362615,99.99963647515372,10001.293908473755,102.41020392610012,0
flashbots-c10,606,10000,31.153714354563782,-31.151305181110033,31.151305181110033,0.002409173453749247,66363.61704446183,1344.8074995273528,0.9801382544552687,4127,583,39820.8607225167,-0.0025470171276964493,0.04586634919380018,99.74529828723036,10018.913665512813,127.25552115746517,0
flashbots-c10,607,10000,188.5924475238756,-188.7589478101758,188.7589478101758,-0.16650028630022007,175839.7252327608,2646.8935450341683,0.9851703530317341,7417,1715,121587.04333592013,-0.0003953339798958666,0.10470293475918212,99.96046660201041,10012.20167746087,122.22203561688673,0
flashbots-c10,608,10000,102.26067837033943,-102.24945047540473,102.24945047540473,0.011227894934705773,175310.88178782002,2416.4822565329537,0.9864034316295271,11242,1549,103778.58547284875,-0.003574105765707856,0.07988019397600737,99.64258942342921,10041.777703807425,105.19220550071998,0
flashbots-c10,609,10000,73.63048677275523,-73.68611761300973,73.68611761300973,-0.055630840254494274,130688.34876986494,4648.7627466149015,0.9656504953111192,10141,1128,71774.71565276712,0.0022795718928223605,0.08181177910919715,100.22795718928224,9959.358826397074,100.24624707468026,0
flashbots-c10,610,10000,105.70248249266638,-105.44260827512144,105.44260827512144,0.2598742175449331,163317.62577916603,5089.705763963107,0.9697774098233981,11489,1457,92382.20779085241,-0.002110198008227968,0.10534467383756678,99.7889801991772,10027.496102265472,122.47292879266541,0
flashbots-c10,611,10000,340.42673574511196,-340.3595593503209,340.3595593503209,0.06717639479103354,274153.85199892573,5030.435766308319,0.9819816659219074,11611,2585,186194.75584834296,0.0000036500746165302187,0.17940631696218345,100.00036500746165,9980.950737207388,47.75684995178802,0
flashbots-c10,612,10000,132.31628281332465,-132.30309850695195,132.30309850695195,0.0131843063726933,179778.19885986944,2413.918800499116,0.9867506957408608,11221,1831,111334.54023092482,0.0004352471280158454,0.06914223677706871,100.04352471280158,9984.101313021316,54.572305331533386,0
flashbots-c10,613,10000,148.1006683425345,-148.12295233818247,148.12295233818247,-0.02228399564796746,171253.15187864806,6808.27564071942,0.9617644554715316,8502,1682,110160.85679559909,-0.0000024810700156763232,0.07415816694200657,99.99975189299843,9984.681551343465,65.467761243177,0
flashbots-c10,614,10000,161.66836113954975,-161.6256234279665,161.6256234279665,0.0427377115832428,222378.15568424403,2872.7229188728784,0.9872465628694195,9910,1878,144270.28219650057,0.0007503431249227788,0.05669811359314991,100.07503431249228,9977.157958362923,118.1689678595904,0
flashbots-c10,615,10000,41.64139093576539,-41.63898938221563,41.63898938221563,0.0024015535497667884,60883.37666940666,2057.9555562814667,0.9673035907644555,4800,717,36748.79347565849,0.00018197162056296179,0.04998173457967638,100.0181971620563,9989.272663406931,51.05806734201403,0
flashbots-c10,616,10000,36.38095776628286,-36.37673030272728,36.37673030272728,0.004227463555579902,55696.63884335711,577.3564554504103,0.9897402618672315,4312,539,32723.085590717626,-0.0011544070686133523,0.07079532126425363,99.88455929313866,10013.160250889237,107.76120335627509,0
flashbots-c10,617,10000,184.86510411566593,-184.96746316020645,184.96746316020645,-0.10235904454052047,226896.91665852407,6084.470876277074,0.9738843049195584,9828,1797,146945.61546712878,-0.0024022509826808402,0.09445813760902311,99.75977490173192,10041.97113419798,104.6636433113879,0
flashbots-c10,618,10000,345.2206871982037,-345.1884983041418,345.1884983041418,0.032188894061903284,296935.71388080297,6451.950748421496,0.9787336418034447,11193,2617,205612.7625384593,0.0003703491067017239,0.18700715158024905,100.03703491067017,9993.803225965876,81.63107379049231,0
flashbots-c10,619,10000,112.98402372920191,-112.96477970908964,112.96477970908964,0.01924402011226789,167745.98337353292,2501.9262284692954,0.9853042176299364,11214,1595,99922.52655785653,0.005831816013995734,0.0962108198427768,100.58318160139957,9945.783942060227,96.09177552407807,0
flashbots-c10,620,10000,302.1515990873143,-302.2965795646043,302.2965795646043,-0.14498047729000518,209933.1028806058,2971.447235204684,0.9860432891942029,7868,1951,150747.73438721453,-0.0008743480932560032,0.254198847707638,99.9125651906744,10050.576815353132,77.39078559825987,0
flashbots-c10,621,10000,89.60836473126652,-89.53386731928155,89.53386731928155,0.0744974119849644,107006.37383429235,2231.8216486782208,0.9795692190006366,4078,936,74637.48228966197,-0.007541334181693457,0.06077176919325126,99.24586658183065,10066.237256001714,122.78787575107806,0
flashbots-c10,622,10000,25.293237926928928,-25.288250810482552,25.288250810482552,0.00498711644637595,55717.67854318644,2422.5772549566045,0.9583321878842855,4710,573,31863.25166562072,0.0000012686976320708254,0.03986244202575932,100.0001268697632,9997.07072255824,92.90810835553661,0
flashbots-c10,623,10000,120.76421301192886,-120.79242522871911,120.79242522871911,-0.028212216790251432,133056.2026508566,4012.933835926764,0.9707232865196193,8263,1398,84779.81328774894,0.0003802362394735326,0.09745799715998288,100.03802362394735,9992.902783846168,86.01573014315113,0
flashbots-c10,624,10000,382.4009776132449,-381.4572728034248,381.4572728034248,0.9437048098200762,166638.3195070394,6348.2874088657745,0.9633018560104373,8692,1928,113892.13099928564,0.000007669005264148154,0.6915717100819512,100.00076690052641,10029.744493798922,33.270632516992315,0
flashbots-c10,625,10000,140.48674991955332,-140.48627342391174,140.48627342391174,0.0004764956415783672,148933.1264086593,1745.8932799973313,0.9884131627375541,6211,1442,104930.86369104963,0.0000027707727846859596,0.098899082834956,100.00027707727847,9987.603684624786,104.8000712852069,0
flashbots-c10,626,10000,35.20824004239446,-35.20489801619472,35.20489801619472,0.003342026199739223,67459.09748316518,584.7721060997872,0.9914059545756339,4792,749,42323.15577950274,0.002160303484595687,0.03197257323403875,100.21603034845957,9980.899196748273,90.71281131164903,0
flashbots-c10,627,10000,37.376604717357694,-37.36459681222779,37.36459681222779,0.012007905129905794,56705.16138351318,1045.832398167862,0.9818906597153726,4279,643,35291.05024177501,0.0006465632379810415,0.05787446359251604,100.0646563237981,10002.568490815787,69.20764041483396,0
flashbots-c10,628,10000,278.38606061435945,-278.428135961522,278.428135961522,-0.04207534716255168,235794.11563262876,6997.108632497644,0.971180553771347,8874,2004,162274.61918776794,0.000001043630774262283,0.11921258449160192,100.00010436307743,10019.91574989886,119.61462933631582,0
flashbots-c10,629,10000,28.184182661143943,-28.169646756110758,28.169646756110758,0.014535905033184804,56657.02646742436,1325.6313862728457,0.9771374504835962,4094,546,34821.13800280407,0.0027802522216924786,0.03696060421664228,100.27802522216925,9958.944635018539,144.8054846259827,0
flashbots-c10,630,10000,79.21749415372554,-79.18322520982444,79.18322520982444,0.034268943901096804,94821.36801499694,2477.042645587437,0.9745417974582509,4092,808,64692.441976620044,-0.0006346450216969401,0.07004374558259457,99.9365354978303,10011.161372375387,135.3348578819516,0
flashbots-c10,631,10000,132.5796004863907,-132.64872622522267,132.64872622522267,-0.06912573883198547,197796.8662629373,2280.329702060548,0.9886027505980267,7937,1505,131996.55722819324,-0.002684265736641862,0.05167088374468463,99.73157342633581,10056.808518386233,177.22367047747647,0
flashbots-c10,632,10000,246.935934595664,-246.9092769135076,246.9092769135076,0.02665768215641151,270062.4255108038,4534.399181279515,0.983487066223857,10631,2280,183210.21838386584,0.002598759920606,0.08195366234304202,100.2598759920606,9978.959477585808,87.79391393212764,0
flashbots-c10,633,10000,256.6105037825191,-256.6201715150381,256.6201715150381,-0.009667732519005767,223661.1515129442,888.3034743761024,0.9960440631021515,8711,1963,156800.56229222094,0.0014803627890559313,0.16028065328233354,100.1480362789056,9984.986962632818,97.13453000383612,0
flashbots-c10,634,10000,125.51990931085356,-125.51607811905252,125.51607811905252,0.0038311918010407453,122945.21193942199,1279.6210340656855,0.9896991527101607,4520,1123,90489.25488365305,0.0012407348474030755,0.08564388317093759,100.12407348474031,9985.659076678327,119.34191686874206,0
flashbots-c10,635,10000,419.0035474589239,-418.9393680991166,418.9393680991166,0.06417935980726952,205724.23587254508,5102.956968350325,0.9757955465820704,7949,2365,153490.85256255665,0.0045090345175586325,0.17027735251387383,100.45090345175586,10014.232932647279,41.45820561370026,0
flashbots-c10,636,10000,92.92213442204965,-92.89952950119567,92.89952950119567,0.022604920853979138,126994.25378697165,3389.7937282354596,0.9740014687928744,9395,1325,75443.2246267853,-0.0021358232172485714,0.09209170806359537,99.78641767827514,10009.101382307044,72.4763268572966,0
flashbots-c10,637,10000,81.28789363617607,-81.29037681551,81.29037681551,-0.0024831793339359365,118562.99890510409,4859.24115639734,0.9606291284781739,7390,1063,71423.49735618797,0.00008469798295919873,0.10780844940258291,100.00846979829592,9997.279464983409,129.0679058391502,0
flashbots-c10,638,10000,58.09255792870004,-58.08289445447461,58.08289445447461,0.009663474225426683,98867.25070091574,538.1516117357891,0.9945862941126361,7641,918,55980.46660098398,0.0032781807578598434,0.06111586920324129,100.32781807578598,9968.091847761143,99.23445976650498,0
flashbots-c10,639,10000,106.25041374309899,-106.2543148636409,106.2543148636409,-0.003901120541911496,144979.8637218495,2180.442874619495,0.9851832132927085,6053,1247,98669.3248668101,0.0007839841484759801,0.06906014615879442,100.0783984148476,9988.577695346159,150.36570794272964,0
flashbots-c10,640,10000,51.48330850767731,-51.48325383111958,51.48325383111958,0.00005467655772406488,94342.02399460887,75.45583500073262,0.9992008276948622,6456,889,54552.09462563636,0.0003247309631672124,0.037974147748419965,100.03247309631672,9996.95550197874,100.16493752469623,0
flashbots-c10,641,10000,171.93249258906866,-171.89688847998676,171.89688847998676,0.035604109081901925,116914.41692394264,1443.693446202579,0.9878023276842823,4585,1219,86144.16392004976,0.0015256639482971934,0.15910071443526788,100.15256639482972,9991.82183854362,59.86077133900214,0
flashbots-c10,642,10000,135.66687196993905,-135.6905215459377,135.6905215459377,-0.02364957599866102,187512.13487671572,2654.4563458105167,0.9860414159566842,9973,1707,117075.66170992384,-0.0012182598602247198,0.08017539860124571,99.87817401397753,10016.899040038401,87.8002578843329,0
flashbots-c10,643,10000,96.15003027929475,-96.19372576134636,96.19372576134636,-0.04369548205160356,181120.58214278973,6389.78192978677,0.9659230466465651,11182,1384,101470.86544455966,-0.0007795480659191867,0.0626227248141943,99.92204519340808,10009.990128417385,176.0255444871919,0
flashbots-c10,644,10000,78.36764102668151,-78.31878923095778,78.31878923095778,0.04885179572373488,106377.25686828773,2029.8178652688737,0.9812759649657757,7597,1160,65985.75145795025,-0.009274036539500088,0.08283243253778594,99.07259634604999,10031.315240473928,43.50502343556149,0
flashbots-c10,645,10000,116.68489023400554,-116.69110887217823,116.69110887217823,-0.0062186381726974105,143873.93520398642,1633.3487045924755,0.9887747976546749,6638,1245,94563.55287503445,0.0028247516997230095,0.07335635345192543,100.2824751699723,9966.472292742827,112.08563231943062,0
flashbots-c10,646,10000,79.38594095570969,-79.38916008858261,79.38916008858261,-0.0032191328729282986,110724.36587766571,2880.7544739006917,0.9746423887850669,5565,1098,72785.70534814388,-0.00018163208172822465,0.06604093681413388,99.98183679182718,10008.160942582163,99.87357187932876,0
flashbots-c10,647,10000,184.45786890069,-184.51776381988162,184.51776381988162,-0.0598949191916347,212983.80994890654,3205.8189612481283,0.9851712638695521,8985,1715,141719.9529270474,-0.0000004308134631969551,0.13578051825686357,99.99995691865368,9984.527533270091,207.24050857232703,0
flashbots-c10,648,10000,109.60315748516109,-109.62220821592976,109.62220821592976,-0.0190507307686687,179117.4953625376,3546.16424979449,0.9805863724764929,11011,1586,107115.48146681712,0.0010798268273522638,0.07768423891809163,100.10798268273523,9987.066025569517,116.09301442264407,0
flashbots-c10,649,10000,119.79040096574968,-119.72177845562365,119.72177845562365,0.06862251012603338,141354.12460627928,1774.827626225092,0.9875998000506424,5497,1217,98816.74876219421,-0.002016992286905719,0.09062040080171528,99.79830077130943,10011.536869686088,131.9835907771027,0
flashbots-c10,650,10000,106.22998437566874,-106.37873009033827,106.37873009033827,-0.14874571466953057,115441.68053235553,6365.608532608042,0.9477403316215908,9232,1402,69499.68391123218,0.0006629059911077206,0.09776753378391931,100.06629059911077,9979.297632777732,65.57003906431606,0
flashbots-c10,651,10000,185.08334579148942,-184.93062967207277,184.93062967207277,0.15271611941665242,150083.91439903222,5787.044040972189,0.9628728526539493,6086,1564,108726.17336277175,-0.0028805035904349552,0.12481207570426889,99.7119496409565,10049.491410644885,69.76828640236748,0
flashbots-c10,652,10000,90.53898817997985,-90.55858136995025,90.55858136995025,-0.01959318997039361,124755.13097178227,4834.93619875626,0.9626905340484656,7736,1326,78602.07935415945,0.0015010340244531052,0.07685560625190987,100.15010340244531,9989.94320619322,67.28073571738732,0
flashbots-c10,653,10000,28.997105101113405,-28.991060921384946,28.991060921384946,0.006044179728458943,59695.3807801168,1781.344372794794,0.9710240848326901,4822,551,33589.1087361405,-0.00042597001546965883,0.03388894154325726,99.95740299845303,9995.319870630958,91.85372398830214,0
flashbots-c10,654,10000,87.25632107982533,-87.20992123870936,87.20992123870936,0.04639984111597073,101104.28220618166,3514.7812940905496,0.9664040072956551,6008,978,62103.13975707161,-0.0012969423670196533,0.144937377836566,99.87030576329803,10013.028894720857,103.18343145795929,0
flashbots-c10,655,10000,258.63059420464816,-258.6310559336987,258.6310559336987,-0.0004617290505279925,284250.2834229264,6488.417426577463,0.9776829936722593,11423,2395,192552.49440569445,0.0002546669346514818,0.08514261023096736,100.02546669346515,9993.905801329645,101.30606533075216,0
flashbots-c10,656,10000,140.26450348809715,-140.23988656031315,140.23988656031315,0.02461692778399538,226653.01223151397,3116.53232918772,0.9864362688486576,11124,1845,138785.9934447651,0.000002738441583147733,0.08808258563773876,100.00027384415831,9976.234724671154,126.97958699102001,0
flashbots-c10,657,10000,445.2941137884387,-445.07729773670724,445.07729773670724,0.21681605173148455,268444.0889489324,7709.935892923122,0.9720810301521468,9620,2426,191153.66629374577,-0.00000678470414925414,0.24185455445936882,99.99932152958507,9965.72886004554,59.091139205076885,0
flashbots-c10,658,10000,105.37906007106864,-105.40827869082352,105.40827869082352,-0.029218619754885822,102341.69737064083,1464.1507909460984,0.9858952957191106,4161,961,73429.84785100177,0.0003156578410070665,0.10471001714348262,100.0315657841007,9999.40531565446,127.85032111518267,0
flashbots-c10,659,10000,68.54240159171643,-68.52139697173078,68.52139697173078,0.0210046199856464,119484.52885991572,3208.8594011286987,0.9738465173502138,9025,1182,67283.01303645725,-0.00003637972434674452,0.08277333432247147,99.99636202756533,10016.80106830401,51.036525213575416,0
flashbots-c10,660,10000,154.59232739524626,-154.61096812064545,154.61096812064545,-0.01864072539919448,111585.06234223222,1331.492338474106,0.9882081742377,4545,1091,81588.68081637345,0.0008904913117613944,0.20594792036770002,100.08904913117614,9988.307554984853,98.47884106501276,0
flashbots-c10,661,10000,56.62735777681751,-56.61499141958937,56.61499141958937,0.012366357228138725,136867.47080539912,2700.3054511614755,0.98065237174663,10054,1221,74912.01033186178,0.0012959671905844062,0.038015954989680266,100.12959671905844,9990.040717215592,114.15948571921379,0
flashbots-c10,662,10000,154.76931797882784,-154.77602101671073,154.77602101671073,-0.006703037882886065,202486.56108346878,1798.8265065757143,0.9911945414804433,11317,1829,125399.80048970347,-0.0013658249905297737,0.07996304371846363,99.86341750094702,10002.945917951472,101.29361979293853,0
flashbots-c10,663,10000,314.42994312086125,-314.4010352798011,314.4010352798011,0.028907841060174633,245921.43650370833,3429.5323548723895,0.9862461639087617,9711,2329,171526.2901522714,-0.0008050460431606155,0.13517942497127067,99.91949539568394,10003.824283028975,91.26406102827708,0
flashbots-c10,664,10000,226.28606235143656,-226.195306496745,226.195306496745,0.09075585469156522,167582.31533909054,3739.3126642838265,0.9781737267625652,6252,1564,122937.64130464986,-0.0019322122393390373,0.15086994073341656,99.8067787760661,10012.640976653469,88.90739423377586,0
flashbots-c10,665,10000,422.20864807407855,-422.20314129671476,422.20314129671476,0.005506777363791571,238689.20196678603,3401.981474433697,0.9859475201613044,9255,2539,174302.3813847334,-0.0000005646407352344341,0.1509177725760516,99.99994353592648,9986.74546468555,46.72329681313615,0
flashbots-c10,666,10000,329.1346225003027,-328.95124386374465,328.95124386374465,0.18337863655807496,281513.08915127,6130.467702092163,0.9786872761234232,10958,2509,191830.4688383268,0.0027101064293816534,0.1440660193434539,100.27101064293817,10003.321903970489,34.299933565995524,0
flashbots-c10,667,10000,105.78276939944585,-105.66038939784605,105.66038939784605,0.122380001599808,122880.05912059457,6505.471855244967,0.9497202522864806,9114,1406,74632.72997096034,0.001418056582062377,0.08598665408798326,100.14180565820624,10036.295707356325,44.06651226738637,0
flashbots-c10,668,10000,111.20470262196712,-111.13734146411034,111.13734146411034,0.0673611578567801,141424.70923565712,4102.78501379575,0.9718074922202464,9921,1512,86167.56606590288,0.0007435383608826385,0.050855738739442276,100.07435383608826,9999.202784281215,55.263872548945464,0
flashbots-c10,669,10000,205.19947138250689,-205.19189506126241,205.19189506126241,0.0075763212444712735,236309.78603394027,1028.761340078743,0.9956654266596756,10341,2104,157260.66404147545,-0.0026120321872785722,0.08323857251338097,99.73879678127214,10026.891850061258,103.17282136309223,0
flashbots-c10,670,10000,130.8966969777036,-130.87595561116797,130.87595561116797,0.02074136653564551,115716.5753092768,1724.7315199859418,0.9853140980243572,4671,1211,83651.63542068518,-0.0000060710164305533,0.11143017729244718,99.99939289835694,10006.297399307929,70.1268352414169,0
flashbots-c10,671,10000,37.956764657200274,-37.980860385150066,37.980860385150066,-0.02409572794979198,87045.04457224971,2613.510091304611,0.9708504101910648,6047,782,49864.602082425896,0.0005505766449374506,0.04328441777937741,100.05505766449375,9982.486177475279,196.57284604550597,0
flashbots-c10,672,10000,56.75175009275345,-56.753117641718205,56.753117641718205,-0.001367548964758214,106663.54118567613,2383.101223491275,0.97814603759601,7080,1026,64883.58602698223,0.002813387840786419,0.04304076661539511,100.28133878407864,9991.657666964116,85.07281675444192,0
flashbots-c10,673,10000,161.45024124384315,-161.21499359368786,161.21499359368786,0.23524765015528715,246563.5509002031,4394.661138447784,0.9824884744645417,10155,1821,158680.17924762558,0.0020248940559223173,0.10440157227495277,100.20248940559223,9939.242330071525,208.3391821168631,0
flashbots-c10,674,10000,71.19392106008948,-71.13091820513208,71.13091820513208,0.06300285495740354,113238.69374889828,3030.7616056715947,0.9739332948930643,6168,1007,71137.29444122926,0.000000010200239017876811,0.06222222142949903,100.0000010200239,10005.825095874608,112.31457047343919,0
flashbots-c10,675,10000,197.15488707555744,-197.1530258598049,197.1530258598049,0.0018612157525410566,237087.54357654933,687.1416748752102,0.9971101142489217,11306,2041,152973.25960228147,0.0008648615439297202,0.09116648815550946,100.08648615439297,9990.965942382012,100.94105821059277,0
flashbots-c10,676,10000,174.03707870778092,-173.86650875954007,173.86650875954007,0.17056994824085336,190130.3426265927,4321.416825881379,0.9777764066622521,9118,1801,127084.00126746917,0.01022616449562591,0.06537873591578915,101.02261644956259,9917.477722349457,83.65176315775184,0
flashbots-c10,677,10000,69.40685142807787,-69.28878727278759,69.28878727278759,0.11806415529028413,80222.46399257993,3148.5291067645803,0.962234717499253,4275,718,52193.58314281657,-0.00021083878724127204,0.09838843776811174,99.97891612127587,10008.262630974508,152.7301053883448,0
flashbots-c10,678,10000,275.95405607816326,-275.9821678478051,275.9821678478051,-0.028111769641839146,202402.80796718484,5510.663521137365,0.9734953994000968,8122,1981,143783.42272279385,-0.0024703859467791744,0.18328037985649742,99.75296140532208,10027.224897416041,74.18050330198702,0
flashbots-c10,679,10000,159.34825064559772,-159.2141672954389,159.2141672954389,0.1340833501588179,120837.17812900279,3319.857987763552,0.973260814758486,4854,1267,88268.99933631608,0.008233950801616175,0.14426555025813173,100.82339508016162,9951.967594717094,61.28312041766061,0
flashbots-c10,680,10000,372.7606957579899,-372.76482545205505,372.76482545205505,-0.004129694065170497,276069.4805999158,1740.485350567427,0.9937349787124712,9841,2336,197581.39556628442,0.00010629950475205873,0.16968347546703286,100.0106299504752,9998.99234580407,98.66863183944704,0
flashbots-c10,681,10000,51.03613733357528,-50.92936999319451,50.92936999319451,0.10676734038077029,80156.74917712781,990.7003253469089,0.9877913559647158,4590,757,50105.31170086296,0.0096412498529196,0.058132676599114745,100.96412498529196,9891.19012997528,113.9275243100176,0
flashbots-c10,682,10000,114.35576475482729,-114.31527669011398,114.31527669011398,0.04048806471331545,157501.617492482,3250.801135440332,0.9797775911355671,7454,1426,101360.00277300646,0.002999095965521974,0.07477883864661522,100.2999095965522,9970.22921358539,144.58013305454293,0
flashbots-c10,683,10000,141.38659040875797,-141.3926698329718,141.3926698329718,-0.006079424213822904,164578.87540364827,715.2724806129921,0.995672729556561,8067,1551,108951.13649121718,-0.002416898752106249,0.07873183036167618,99.75831012478938,10024.461856430347,93.46698194069094,0
flashbots-c10,684,10000,106.53024415499809,-106.44367249090374,106.44367249090374,0.08657166409435035,127948.82349648415,6594.004343468761,0.9509895514362702,9244,1448,77484.52735435117,-0.0014044086253552734,0.09657840850437595,99.85955913746447,9992.186885741366,35.005667386685694,0
flashbots-c10,685,10000,58.59197764481957,-58.60629162572509,58.60629162572509,-0.01431398090551994,117319.15344554369,3925.450442916823,0.9676237101114367,9278,1046,64184.344512782285,0.002712901165598396,0.08233261648807698,100.27129011655984,9983.511599913849,74.53254446695522,0
flashbots-c10,686,10000,79.47311331945627,-79.49536947671643,79.49536947671643,-0.02225615726015917,110946.78519683765,2309.526875855102,0.9796079632685484,7639,1037,66817.4729797396,-0.00000964009116145803,0.08587581814201513,99.99903599088385,9992.447668018503,77.92447921593649,0
flashbots-c10,687,10000,49.13577794258855,-49.12616601638879,49.12616601638879,0.009611926199760035,80166.52387240398,2468.0439192032204,0.9701330328800499,5706,815,48096.368135805875,-0.000004210112254270371,0.0656748527153981,99.99957898877457,9998.040691615659,85.59749766811757,0
flashbots-c10,688,10000,33.9866651915113,-33.975015002976164,33.975015002976164,0.011650188535135442,75884.90258646796,2746.772531760219,0.9650678619318455,3815,550,45670.706264489716,-0.0003403713850229906,0.03693049988636858,99.9659628614977,10003.82895198995,296.8381024912803,0
flashbots-c10,689,10000,137.82881002418347,-137.84204133167518,137.84204133167518,-0.013231307491707867,189817.19590799962,2052.205992943337,0.9893041518209201,10080,1742,120116.26639868542,0.0010296734752725455,0.07860909474556933,100.10296734752725,9994.223842296136,89.76886576258029,0
flashbots-c10,690,10000,62.87204290317625,-62.84927340010689,62.84927340010689,0.02276950306936243,79051.42394036986,2666.884426822173,0.9673649090380233,4319,766,51664.14182969553,0.0015588769075263543,0.09146112221905525,100.15588769075264,10004.773950128318,75.62694109864069,0
flashbots-c10,691,10000,246.3120995870758,-246.32307773698534,246.32307773698534,-0.010978149909533386,253827.46525453133,2913.716195015955,0.9886511537472669,9498,2048,175472.28664494347,-0.0006101210273648406,0.07566926195393706,99.93898789726352,10013.40295235595,130.8393435159028,0
flashbots-c10,692,10000,260.7202725670485,-260.7922570625998,260.7922570625998,-0.07198449555130537,221121.66914680784,11046.751067388557,0.9524192348933721,8860,2071,154075.94457860972,0.001858332685224866,0.11479615048257927,100.18583326852249,9994.368164253747,112.0643809274625,0
flashbots-c10,693,10000,100.04014113001234,-100.03934603215306,100.03934603215306,0.0007950978592816682,119118.42408787581,1915.5134966983167,0.9841737488267717,7395,1177,73750.36793738179,-0.0016633459773187553,0.11460917071859854,99.83366540226812,10021.555032882492,109.43152602398868,0
flashbots-c10,694,10000,142.0904964071412,-142.06178678170207,142.06178678170207,0.028709625439120146,190694.08147530805,2364.889761685023,0.9877504280348518,9495,1746,124386.31819826542,-0.0031423368529293325,0.06986619821571352,99.68576631470707,10007.68846313521,74.99713505576915,0
flashbots-c10,695,10000,348.38290458982556,-348.40373228224655,348.40373228224655,-0.020827692420994026,258225.37684258213,3873.457987028836,0.9852213841791897,10872,2470,174829.31232029706,0.0036925288222398934,0.2109432894925081,100.36925288222399,9965.161347256122,59.362736808104785,0
flashbots-c10,696,10000,287.01805506497107,-286.98104623219194,286.98104623219194,0.03700883277912226,254977.54237806532,3716.2289578247005,0.9856346407621871,9561,2250,179668.37346990083,0.00008434761103487176,0.11309106648833193,100.00843476110349,9994.338205486814,112.57374544884273,0
flashbots-c10,697,10000,111.91891512293621,-112.05314972628798,112.05314972628798,-0.1342346033517714,137409.33477937334,3685.9655329057846,0.9738760573545128,7862,1281,85675.09243982243,-0.0005517699239344153,0.14597382403593,99.94482300760656,10008.306358133148,140.3254392306608,0
flashbots-c10,698,10000,311.239089203966,-311.32229724399264,311.32229724399264,-0.08320804002664772,207421.42876807734,642.7637780912738,0.9969107429287785,7642,1798,146450.5751940762,-0.00005957976194594039,0.31091735442352186,99.9940420238054,10004.160413361724,104.90806521623315,0
flashbots-c10,699,10000,222.3612663989107,-222.34935592294065,222.34935592294065,0.01191047597004058,203464.36096013914,3405.927742513839,0.9835359259955915,7130,1671,144757.77031532238,0.00040970926906808814,0.10751824710571939,100.04097092690681,10021.364983356845,84.27511345553144,0
flashbots-c10,700,10000,113.48402594219745,-113.44015215026421,113.44015215026421,0.043873791933236816,129148.25952175149,3476.8889132509835,0.9737840903156089,7702,1393,83590.92905199822,0.0024988118447147657,0.11523919850655531,100.24988118447148,9980.993527098259,76.88228090323615,0
flashbots-c10,701,10000,114.57783427054744,-114.55154792210341,114.55154792210341,0.02628634844403166,126471.36363305557,2221.201890716667,0.9827402470245543,6982,1270,82360.94700060165,-0.0007589677102448889,0.0898717829871876,99.92410322897551,9996.271419156546,52.70554282196386,0
flashbots-c10,702,10000,104.48231809732972,-104.49201525608828,104.49201525608828,-0.009697158758555702,117044.77819297918,2505.1444727307908,0.9790452020639463,5940,1127,79296.78964115235,0.000433334894576376,0.08020922053574281,100.04333348945764,9995.982726960276,79.17456840546116,0
flashbots-c10,703,10000,37.16042154510436,-37.1533378581149,37.1533378581149,0.0070836869894606025,71133.34942684918,2667.6689127735376,0.9638532235355172,5298,711,40913.37621473046,0.0006555444449622882,0.06766473153629946,100.06555444449623,10020.550175631297,136.3622804204815,0
flashbots-c10,704,10000,318.83783107055837,-318.76180029861507,318.76180029861507,0.07603077194329444,266011.4612174747,4288.443616279737,0.9841344982384758,10690,2427,183661.83182572506,0.0002507829479988288,0.21312333660307162,100.02507829479988,9994.575908959509,81.81499073906875,0
flashbots-c10,705,10000,33.83232895310459,-33.82060340144658,33.82060340144658,0.011725551658010147,64145.62094413049,993.4410275655003,0.9847489202715696,4717,665,38494.79205318655,-0.0003325642158888797,0.05762681341090314,99.96674357841111,10008.994233586169,101.45358702177614,0
flashbots-c10,706,10000,106.8888776000177,-106.87855658569018,106.87855658569018,0.010321014327516309,115280.72186300185,3666.5297788363264,0.9691751618618596,4156,1104,84940.19765835426,0.00000006815437558316262,0.06113990124333313,100.00000681543756,9992.473176553201,88.297718567935,0
flashbots-c10,707,10000,160.69914973032706,-160.73286533006586,160.73286533006586,-0.03371559973879812,150077.1822666188,1586.9021262519652,0.989536730910258,6546,1411,102353.73746910268,-0.0000027677298226080894,0.14581566532725304,99.99972322701774,9973.778050667668,78.18641879933519,0
flashbots-c10,708,10000,103.57650223935823,-103.36771492434643,103.36771492434643,0.20878731501180425,95890.86111991713,7619.409902458963,0.9263898178682978,6127,977,60071.632856201344,0.00610555886840217,0.1284464007709542,100.61055588684022,9909.414108424442,127.36521796475098,0
flashbots-c10,709,10000,78.46986132628346,-78.4902247316588,78.4902247316588,-0.020363405375334764,124376.67002179402,2729.497032617214,0.9785258489350184,6838,1087,76988.38291385035,0.000057175698350278024,0.0813077099336509,100.00571756983503,9972.890746954465,229.0286881279344,0
flashbots-c10,710,10000,55.911983230798214,-55.88685654036275,55.88685654036275,0.025126690435463672,87136.86246411437,2374.3442727123715,0.9734743351221571,4656,808,56640.72141478688,-0.001843998145326964,0.0589840559277215,99.8156001854673,10026.350284968617,123.37871282870498,0
flashbots-c10,711,10000,69.11525156327468,-69.13577334555347,69.13577334555347,-0.020521782278791534,90549.62562695207,4350.366670018282,0.9541584086076141,4752,815,58604.02199584577,-0.001742808364397348,0.09170602155060407,99.82571916356027,10028.310542823745,135.7026919679984,0
flashbots-c10,712,10000,176.94056461917978,-176.93904929593697,176.93904929593697,0.0015153232428133379,139818.07086434122,413.12655878937596,0.997053961127189,5415,1356,102240.05246787313,0.000009799036542830208,0.1761981387155761,100.00097990365428,10001.931923946275,85.02737598750716,0
flashbots-c10,713,10000,91.25476199893066,-91.200837164151,91.200837164151,0.053924834779664366,136184.3445547835,1837.355243553085,0.9866879248245918,8615,1181,81288.60547075457,0.0005321008646568259,0.08240842158683194,100.05321008646568,10000.903494050628,78.07764903590488,0
flashbots-c10,714,10000,192.16756921496219,-192.17671492854262,192.17671492854262,-0.009145713580437587,184411.00286212098,7678.091230408136,0.9600284895575091,7283,1634,128910.85991578331,0.00035458364433765154,0.07867957259678449,100.03545836443377,10011.613827189054,111.89803474042124,0
flashbots-c10,715,10000,117.88689331622244,-117.730408700217,117.730408700217,0.15648461600544294,85738.40317137162,3721.961708856317,0.9583954110422043,6643,832,50294.08100638556,-0.004076277336979501,0.2499958211928134,99.59237226630205,10061.258821076155,95.94146580123405,0
flashbots-c10,716,10000,71.9108035650135,-71.90795466252072,71.90795466252072,0.002848902492772254,108474.84916218623,1175.098763365762,0.9892831799230437,6187,1072,69555.98665707627,0.0013574824766779158,0.06859297331270994,100.13574824766779,9982.715163152967,110.00443498299455,0
flashbots-c10,717,10000,60.220971949025525,-60.22021342623369,60.22021342623369,0.000758522791834082,88244.19919601988,1060.218449304773,0.9881280402777446,5324,878,56449.385406196474,0.00045651656521187076,0.05312559566373182,100.04565165652119,9995.190261051086,98.72515025958354,0
flashbots-c10,718,10000,167.10200618986718,-166.8504354666454,166.8504354666454,0.2515707232217892,206146.1472501228,5226.631778325597,0.9752729192361039,7814,1667,139325.40964913776,0.012076792884748357,0.10291751407378996,101.20767928847484,9823.086509281926,151.07665137673703,0
flashbots-c10,719,10000,76.98333648130968,-76.98332960074625,76.98332960074625,0.000006880563432787312,98651.07710195062,2241.5408487723157,0.977782905287807,4463,965,68380.19854246009,-0.0006774929969144239,0.05212661727076309,99.93225070030856,10005.80183058135,107.2573289111001,0
flashbots-c10,720,10000,153.15885390510053,-153.14882243125822,153.14882243125822,0.01003147384230374,189003.1529737902,3075.123738627799,0.9839902575592558,8974,1728,124833.73907489442,-0.0012805174931490625,0.06826978881488585,99.8719482506851,10013.181488674192,96.13148050933626,0
flashbots-c10,721,10000,107.96901612761175,-107.96198769246834,107.96198769246834,0.007028435143411116,152834.38024623736,1897.421765417955,0.9877373510761864,8790,1556,96839.50233779532,0.0004887236064709554,0.06285760254153758,100.0488723606471,9996.43522166152,82.15250460101505,0
flashbots-c10,722,10000,130.23868836722036,-130.24308872418484,130.24308872418484,-0.004400356964481489,172842.88451027978,2703.4220106600023,0.9845999493567384,9481,1629,109574.04954232865,0.000003916106583687906,0.08155650696378246,100.00039161065837,9998.014774709898,62.40020232591469,0
flashbots-c10,723,10000,101.99211856093356,-101.96887131554001,101.96887131554001,0.02324724539354861,178526.41702067273,7067.409545644967,0.9619200181579337,10865,1596,105394.07072991855,-0.0021252543380759904,0.07701664540440391,99.7874745661924,10003.634691246794,128.91160817583662,0
flashbots-c10,724,10000,61.73919714495016,-61.73618934271312,61.73618934271312,0.0030078022370432222,110817.67838010646,511.59826299382945,0.9954046385782789,7303,1050,66435.8376944462,0.0000011289933709690559,0.0436550405453913,100.0001128993371,9999.03828144932,107.33569419556993,0
flashbots-c10,725,10000,448.7651426110275,-448.92379769208264,448.92379769208264,-0.15865508105514436,287854.85188826144,6565.040036684583,0.9777017782536305,10855,2799,202390.2981983948,-0.000005388279837603704,0.24257754713016993,99.99946117201624,10001.4619661114,45.70873996978709,0
flashbots-c10,726,10000,450.66281251913756,-450.6962587216864,450.6962587216864,-0.03344620254881647,228206.32251556552,7069.638045283067,0.9699517195533682,8426,2472,168282.58524182686,-0.025766509563722763,0.22808296656052035,97.42334904362772,10147.1059341708,54.16903366905275,0
flashbots-c10,727,10000,142.0705203244422,-142.06916937649726,142.06916937649726,0.0013509479449567152,189426.95778679303,1811.3260032977546,0.9905284341220824,10631,1724,116866.99278261069,-0.0020713229898974817,0.07291198280309899,99.79286770101025,10018.014408578845,92.85888436652552,0
flashbots-c10,728,10000,159.33824890490408,-159.28840702585873,159.28840702585873,0.04984187904534565,215707.33495666122,2921.9093718834356,0.9866353223656916,11777,1964,133815.04219420406,-0.005380944749919365,0.09177924548607948,99.46190552500806,10060.896093744132,99.66198221640279,0
flashbots-c10,729,10000,66.78516579674346,-66.70627054935287,66.70627054935287,0.07889524739059084,166005.86386046585,6512.932406541656,0.9622479837126756,10457,1226,88876.27828843839,-0.00046329054218730904,0.03861519718992696,99.95367094578127,9979.443636987306,208.9385814085783,0
flashbots-c10,730,10000,296.8677381323882,-296.90416818311394,296.90416818311394,-0.036430050725755336,186147.5524967771,9110.607312286775,0.9533407089301891,9861,2301,129587.26560718029,-0.00046103317020310895,0.15379599993924956,99.95389668297969,9976.149617239433,59.683498641207,0
flashbots-c10,731,10000,313.5868944367044,-313.57441570107596,313.57441570107596,0.0124787356284628,277450.64578745246,5447.59836117367,0.9807436119740932,10046,2366,196761.4846643082,-0.000002129351722857109,0.12305408112824452,99.99978706482771,9989.73870417026,124.39984901616288,0
flashbots-c10,732,10000,53.063082475042236,-53.07668955370146,53.07668955370146,-0.013607078659227057,103616.44341186009,4776.9333002997055,0.9559296569108192,7805,937,57725.50861895819,0.000002014663281073581,0.0513777058972012,100.00020146632811,10009.782885809847,79.2662698882511,0
flashbots-c10,733,10000,44.629958036549525,-44.63846774403349,44.63846774403349,-0.008509707483966622,71580.38993247815,2797.4074639865817,0.9623892134224514,5179,675,42140.865978851965,0.00015629174680739766,0.07903435507811452,100.01562917468074,9995.751309287132,100.2393723827712,0
flashbots-c10,734,10000,154.36051511957928,-154.27847347312337,154.27847347312337,0.08204164645590595,142826.52673823186,2541.52304909946,0.9825166324180752,5038,1143,100893.27918872911,0.0005757874972596255,0.16998972135806384,100.05757874972596,10004.75141189071,128.31237941132758,0
flashbots-c10,735,10000,107.11769401621787,-106.94303035282232,106.94303035282232,0.17466366339554895,154596.51222515426,1702.3957343245793,0.9891080765915143,7640,1331,100113.4818331954,-0.003633839014612761,0.06671093977497719,99.63661609853872,10054.775642438057,118.99688162807234,0
flashbots-c10,736,10000,228.3266269382322,-228.10657098212835,228.10657098212835,0.22005595610386308,175056.7244085701,3245.889006499928,0.9817956173253398,6880,1636,122356.64510790614,-0.0008711671729366799,0.20537735810661942,99.91288328270633,10014.113917125806,98.53037177512664,0
flashbots-c10,737,10000,82.55277907698894,-82.5347994706448,82.5347994706448,0.01797960634414153,142477.0260984629,3506.302119556661,0.9759814893771968,10807,1201,79471.97740786006,-0.0007777974990551684,0.07357428523243315,99.92222025009448,10001.472755619607,126.62826571614187,0
flashbots-c10,738,10000,106.47988391192649,-106.47110309404239,106.47110309404239,0.008780817884101566,139422.4369899964,3601.356413269888,0.9748198790734379,8982,1306,86743.03687669631,-0.001947587684808667,0.08259894711664828,99.80524123151913,10011.152815239617,91.82415555038274,0
flashbots-c10,739,10000,93.03499407307811,-93.03548777992465,93.03548777992465,-0.0004937068465409311,151607.5983015035,5636.694575159166,0.9641532645030213,9696,1368,89323.78382472528,0.0011409427094854151,0.05783347535850254,100.11409427094854,9980.594146320851,121.64777944769699,0
flashbots-c10,740,10000,48.31048019980626,-48.28161621010213,48.28161621010213,0.028863989704127846,94999.6067305549,4317.739887220799,0.9565258231894003,7281,873,52905.56805144336,0.005498107009856739,0.075943199779895,100.54981070098567,9972.96464778471,84.62575815646454,0
flashbots-c10,741,10000,65.69107873770456,-65.69212505131573,65.69212505131573,-0.0010463136111695803,107024.43397929259,2571.8159810289835,0.9765337228056609,7704,1013,61367.897556782045,-0.00023703232188566404,0.07910427855280247,99.97629676781143,9992.662489624841,95.66194468520477,0
flashbots-c10,742,10000,80.2315248983107,-80.24270204580415,80.24270204580415,-0.011177147493455664,112970.06931359685,1822.4699817595495,0.9841237941686226,5696,1108,75996.1950440104,-0.0001720586711665817,0.05881331282723551,99.98279413288334,10002.792994272775,132.35171059481505,0
flashbots-c10,743,10000,148.1544311756181,-148.21013797383284,148.21013797383284,-0.055706798214743,131728.81533891475,1171.113381088207,0.991188005950285,5806,1331,92733.46720514588,-0.0000016531184380141894,0.10654716934969756,99.9998346881562,9993.808670224029,84.1320090263956,0
flashbots-c10,744,10000,81.67242181967902,-81.63412235345523,81.63412235345523,0.038299466223790546,120454.50522479032,5158.957173963015,0.9589299022935441,8873,1288,71949.69624145502,-0.0007360520742204813,0.07141914122355672,99.92639479257795,10021.873978579308,51.98239017487564,0
flashbots-c10,745,10000,185.42483347686115,-185.32283749268444,185.32283749268444,0.10199598417671041,128804.17233007985,4926.584747119004,0.9631604213212146,4825,1279,94190.73797367264,0.00041847521517951236,0.12492183340224244,100.04184752151795,9993.985850045725,106.59549972683105,0
flashbots-c10,746,10000,121.02125147886595,-121.02579338100503,121.02579338100503,-0.004541902139081344,163832.12113831245,284.6922704621286,0.9982653071032214,8920,1529,103993.163559866,0.0002259820307749294,0.07737878320653252,100.0225982030775,9998.691106154658,101.02848243158687,0
flashbots-c10,747,10000,80.44663189099305,-80.49750089759681,80.49750089759681,-0.05086900660376159,86614.92934826358,4398.736159155105,0.9516694978206701,5282,968,57036.07434239883,0.0048768638441046615,0.08729126324492242,100.48768638441047,9960.020857786913,59.147130478079994,0
flashbots-c10,748,10000,279.2809266229476,-279.4044176046803,279.4044176046803,-0.12349098173268658,271003.0280563291,5637.224304006248,0.9796225449626053,11678,2522,181029.2826101125,0.0033655655010086604,0.1079958981166132,100.33655655010087,9982.42826560772,65.84911581145109,0
flashbots-c10,749,10000,141.08747991557846,-141.0330118190265,141.0330118190265,0.05446809655194329,197733.72001703284,7493.080691339379,0.9634887808732785,10619,1764,121071.14330520645,-0.0014347866749992021,0.10068818214737404,99.85652133250008,10003.336709290263,75.92248779143098,0
flashbots-c10,750,10000,107.6601002547176,-107.61981647313142,107.61981647313142,0.040283781586182954,112949.89676201204,6679.7856189731665,0.9441628073733405,7749,1383,70700.6030389433,-0.003786626564161253,0.12130401002256448,99.62133734358387,9997.963443925153,30.054351490408308,0
flashbots-c10,751,10000,282.6928849154702,-282.616883233387,282.616883233387,0.07600168208318792,264580.8624125737,4964.396684618979,0.9815823260952666,10466,2297,180970.81392121245,0.0006750875612814866,0.1359979434610611,100.06750875612815,9981.134915885154,101.2866927732182,0
flashbots-c10,752,10000,93.52880698465756,-93.42018161855879,93.42018161855879,0.10862536609877793,96696.75447282377,3226.800579588411,0.9677073080726973,4029,918,67477.46425536531,0.0014145335426339045,0.11908691049600818,100.14145335426339,9989.151051206767,77.42692162612333,0
flashbots-c10,753,10000,116.66668545010303,-116.60029603074787,116.60029603074787,0.0663894193551613,158768.53466994292,5400.288938963239,0.9671052711455851,10110,1471,94883.17573073969,0.0014301222820894566,0.09164191495815373,100.14301222820895,9974.873292281642,116.90083946461168,0
flashbots-c10,754,10000,340.0341651456486,-340.0345144381962,340.0345144381962,-0.0003492925475825359,237288.84382135098,834.5655954214837,0.9964952391809543,8768,2037,169182.44682312314,-0.0014579356772742359,0.2987010129135919,99.85420643227258,10015.243353651565,100.34288258639835,0
flashbots-c10,755,10000,93.79718031284354,-93.94426562364687,93.94426562364687,-0.14708531080333387,119200.81401609084,5991.58221931824,0.9521410053686344,9641,1221,67986.1579691638,-0.0012962802066260792,0.16170305532955367,99.87037197933739,9968.847252912945,75.26623008941496,0
flashbots-c10,756,10000,164.77089483026649,-164.57683379629734,164.57683379629734,0.19406103396914887,153690.10518464088,8052.744385868847,0.950212671489021,9367,1685,98565.18977998257,0.00000004752699453547393,0.14691521113504108,100.00000475269945,9987.103346454467,29.392458375787093,0
flashbots-c10,757,10000,415.9286454402947,-416.49034832835974,416.49034832835974,-0.5617028880650423,294987.24122976814,15510.220434316598,0.9500471908813976,11595,2617,199109.7599990234,0.002760505998986531,0.27879189519627234,100.27605059989865,9973.633617335536,158.94831824420146,0
flashbots-c10,758,10000,100.6126605048573,-100.61463607335894,100.61463607335894,-0.001975568501634939,136264.69180931055,1599.800307939635,0.9883958495521888,7514,1278,87086.28721200473,-0.0007921514810770703,0.07326752599414334,99.9207848518923,10006.288826105343,106.84769461779557,0
flashbots-c10,759,10000,59.39934267190846,-59.385267917049404,59.385267917049404,0.014074754859052518,84079.80608814034,3566.6469202741714,0.9593064317168459,6834,1021,50941.466134480754,-0.0024595014957357365,0.07025006628254303,99.75404985042643,10020.468019276017,71.69126603690364,0
flashbots-c10,760,10000,54.3453180354918,-54.342697199024734,54.342697199024734,0.0026208364670665674,83313.43575572372,672.2485385474671,0.9919956770704871,4525,874,55627.44486665332,-0.001888001893524347,0.06663331042103039,99.81119981064757,10020.705083471323,103.10818805891064,0
flashbots-c10,761,10000,136.95769603992852,-136.97293805229864,136.97293805229864,-0.015242012370123348,212216.18378153126,3185.107813093199,0.9852131443153673,11495,1912,132874.4300875833,0.0000013440317250967836,0.06818545364890938,100.00013440317251,9992.856494886439,109.84123302701997,0
flashbots-c10,762,10000,129.72856521148913,-129.80764437333846,129.80764437333846,-0.07907916184933583,132990.42707924976,2294.6196320814097,0.9830386307440345,5475,1251,93586.10541222774,0.0003868393071144283,0.17310591278642845,100.03868393071144,10001.9201843348,95.76820015918756,0
flashbots-c10,763,10000,135.45247171184224,-135.47259963948056,135.47259963948056,-0.020127927638327492,183101.45915772056,6933.84733774377,0.9635128468198132,9685,1658,116176.46979653918,0.00000152839431564189,0.09894364015331263,100.00015283943156,9997.284775511254,83.24321816981625,0
flashbots-c10,764,10000,141.5620338549666,-141.56697216952807,141.56697216952807,-0.004938314561485413,172479.20852152113,3884.161729704721,0.9779763693324083,8295,1541,113051.78895824558,0.0023720464531768928,0.11991300468405257,100.23720464531769,9974.262680091326,112.10210031335453,0
flashbots-c10,765,10000,202.4720737276495,-202.39185102908377,202.39185102908377,0.08022269856573416,147911.1412428555,1974.858390946807,0.9868242638020113,8288,1497,98413.11497584244,0.0009607674333302896,0.22481967938779235,100.09607674333303,10010.710996628372,59.15366382988853,0
flashbots-c10,766,10000,145.4190729872543,-145.42830429957726,145.42830429957726,-0.009231312322953045,198280.00435601862,3167.7986068120854,0.9842748416204044,10038,1669,126280.60705733373,-0.0002492529298743307,0.0884575248071259,99.97507470701257,10002.496290555957,129.17125411408526,0
flashbots-c10,767,10000,207.23081471811847,-207.3239335324868,207.3239335324868,-0.09311881436832437,270750.7661260081,6852.707484679542,0.9753147631924455,11245,2076,174645.32835416184,0.001008630633128007,0.0780682467196975,100.1008630633128,9979.366960800086,141.39502169550477,0
flashbots-c10,768,10000,138.31575556982958,-138.34540797442315,138.34540797442315,-0.029652404593576875,154977.67335764004,2285.3020705743165,0.9854682765326573,6978,1385,103462.61626781186,-0.0020225843200358893,0.11249818236750628,99.79774156799641,10015.717166924687,111.92007962805289,0
flashbots-c10,769,10000,134.640856122544,-134.6564923545467,134.6564923545467,-0.015636232002719908,111069.00591756584,2712.0791964821256,0.9761640593094741,6790,1346,74385.1612475463,-0.0000019880450169296183,0.12631702671001918,99.9998011954983,10035.327063637184,37.26992806776026,0
flashbots-c10,770,10000,138.53105761925463,-138.53993458928096,138.53993458928096,-0.008876970026335584,158431.00852919958,4871.25952683717,0.9701702886014687,10519,1685,98651.665916585,0.0013254636488721871,0.14751866849823117,100.13254636488722,9986.306257061502,57.98356107023355,0
flashbots-c10,771,10000,150.9420564001316,-150.89215777416462,150.89215777416462,0.04989862596698913,152230.03452411602,3865.432639139533,0.9752367399938859,6008,1313,105578.41737579077,-0.0019971718186174315,0.08453418854315543,99.80028281813826,10013.153530297785,117.1002968466999,0
flashbots-c10,772,10000,107.45050232623751,-107.4603137949872,107.4603137949872,-0.009811468749688856,117913.99240900809,1578.2154962317488,0.9867923145458715,4774,1083,82021.78484993854,0.0007316682170846889,0.11560005955816507,100.07316682170847,9985.80441607459,106.47163313139586,0
flashbots-c10,773,10000,56.25002387182484,-56.203267145436506,56.203267145436506,0.04675672638833106,64319.93517570137,1840.2845118123205,0.9721844256185318,4087,824,43467.57809636451,0.000008896193225638171,0.07906961575522317,100.00088961932256,9998.421853873086,60.991476141526256,0
flashbots-c10,774,10000,190.03423264213836,-190.1318124573209,190.1318124573209,-0.09757981518254155,207116.115357465,5123.40401417631,0.9758602731982021,8988,1869,138971.71732910545,-0.0015529460604230393,0.06682484533423022,99.8447053939577,10033.296684002204,105.14823605591745,0
flashbots-c10,775,10000,181.290198869082,-181.22310702666127,181.22310702666127,0.06709184242072297,215197.60793672714,3959.784757840362,0.9819317764773786,9339,1840,142715.1847937848,0.0053044744410287595,0.058424026124402534,100.53044744410288,9949.47197116958,103.46699775840948,0
flashbots-c10,776,10000,229.6677022547732,-229.47637170763028,229.47637170763028,0.1913305471429112,210356.42228249068,4200.178516176988,0.9804239137805959,10813,1996,136556.79554864645,-0.000000670444301107409,0.20085974274098248,99.99993295556989,10020.760831189096,79.8028225848472,0
flashbots-c10,777,10000,92.78603354020028,-92.77448046781313,92.77448046781313,0.011553072387144425,146537.74501819958,3601.825345117768,0.9760101528437717,10616,1320,84849.35883823945,-0.0008403894503831566,0.08643411403685079,99.91596105496168,10014.563251535114,121.75783026085003,0
flashbots-c10,778,10000,77.01345148389225,-77.00362649298475,77.00362649298475,0.009824990907503661,102209.40152952258,5839.330868749722,0.9459565074097706,6180,1102,65587.05224819829,0.00047183939575759834,0.085914974639755,100.04718393957576,9993.526709323194,70.4965545879545,0
flashbots-c10,779,10000,146.16054430769046,-146.05280354521742,146.05280354521742,0.10774076247304265,123472.43530265537,1461.9342548787718,0.9882983821020882,5388,1230,88904.57978794878,0.000925667347183321,0.10730869882244548,100.09256673471833,9977.48279559812,119.5149394147438,0
flashbots-c10,780,10000,76.06935786685041,-76.0315643040029,76.0315643040029,0.03779356284751145,79663.76150611717,2308.2055118467547,0.9718415258799278,4730,958,53534.20123149176,0.003802969270460039,0.07466732373912563,100.380296927046,9970.725042061946,43.201264710126864,0
flashbots-c10,781,10000,230.47432273965885,-230.47176655361451,230.47176655361451,0.0025561860443303885,235865.17320343154,3978.7809442123144,0.9834109600204346,9829,2136,160081.79992072022,0.0004430831555495729,0.07222729103117373,100.04430831555496,9994.733891157215,88.30946982733876,0
flashbots-c10,782,10000,157.44139511055658,-157.3464401861423,157.3464401861423,0.09495492441428155,154064.65937749183,11297.551077985581,0.9316799706119835,11197,1941,95621.84837380741,0.002485371060341777,0.10548341817066074,100.24853710603418,10002.939138985268,30.849314336764525,0
flashbots-c10,783,10000,83.6770887234626,-83.67711598978443,83.67711598978443,-0.000027266321822594364,178837.75523953876,5518.874251218083,0.9700641399961438,9246,1306,104261.3273706144,0.0016376200669563446,0.047536948131132135,100.16376200669563,9960.879031956805,187.45760283221549,0
flashbots-c10,784,10000,205.49411555977045,-205.3976808378251,205.3976808378251,0.09643472194534297,201172.40118231982,5086.365870626093,0.9753398803682345,8440,1820,136808.68857791024,-0.001492789683162954,0.13104322669929785,99.8507210316837,10013.020767306753,90.7681798913549,0
flashbots-c10,785,10000,142.85699144212697,-142.93336274872735,142.93336274872735,-0.07637130660037883,202952.5473505991,5969.647344217024,0.9714264568542504,11215,1603,122072.29562205232,-0.002791581860330723,0.12879103236661293,99.72084181396693,10033.572806837079,107.79334861455105,0
flashbots-c10,786,10000,143.4255730528491,-143.40539405515403,143.40539405515403,0.020178997695069256,194002.85605840522,4665.903350870116,0.9765141567061485,11594,1934,120643.3469140051,0.0009134537159091849,0.07318355506295333,100.09134537159092,9990.174970531014,69.39788457473159,0
flashbots-c10,787,10000,84.84809561544824,-84.86825166552644,84.86825166552644,-0.020156050078199428,86492.73307925624,2079.5694604530227,0.9765212216367447,4478,807,56915.03237551461,-0.0006738746277655139,0.10554756097441938,99.93261253722345,10002.92006961674,102.25641890206818,0
flashbots-c10,788,10000,104.99302465959191,-104.9905201285572,104.9905201285572,0.002504531034716706,149759.12814159648,2035.5903380441516,0.9865898474042285,9960,1543,92416.44134296538,-0.00006444022973028041,0.05951644128543492,99.99355597702697,10010.942516108133,76.4701005624904,0
flashbots-c10,789,10000,180.61155802015665,-180.5780810364049,180.5780810364049,0.03347698375173991,160004.68561315135,5180.881043729099,0.9686359943632926,8848,1718,104733.88483366458,-0.001084596730736962,0.18056219051106212,99.8915403269263,9973.21291818357,45.19913850165597,0
flashbots-c10,790,10000,207.4854285847496,-207.28749509003615,207.28749509003615,0.19793349471345323,242990.0636901074,5179.5391639413,0.9791290347231306,10824,1961,155520.82860364165,0.010154733627521324,0.17095354521506692,101.01547336275213,9856.022033189352,107.42707785417099,0
flashbots-c10,791,10000,213.61102667262753,-213.42614377244914,213.42614377244914,0.18488290017839404,123508.71437609759,3127.900269995706,0.9753001904011953,4441,1204,92450.07044587053,0.0036096265617760535,0.2917687174005721,100.3609626561776,9962.423502719515,79.51436980792685,0
flashbots-c10,792,10000,78.07886953159773,-78.08746940983558,78.08746940983558,-0.00859987823784536,131175.57718247673,2370.239858280757,0.9822514855889694,8228,1230,79433.43041924975,-0.00016751214597746867,0.0635547407184231,99.98324878540225,10003.628226262921,107.75392412089055,0
flashbots-c10,793,10000,229.4131415061121,-229.24550368010097,229.24550368010097,0.16763782601114485,208401.80944737216,6090.342214715513,0.9716057572851883,8990,1919,143443.87724908814,-0.00032375187746694676,0.17795595818299945,99.9676248122533,10008.354093163038,90.0232238598749,0
flashbots-c10,794,10000,181.76933466361513,-181.7139922511384,181.7139922511384,0.055342412476733216,180569.63232328018,4175.319280308261,0.9773995487071964,8774,1807,120003.37941294332,0.0026464101580921805,0.1242366473855978,100.26464101580922,9969.491106106474,75.5775003864907,0
flashbots-c10,795,10000,66.8327097067531,-66.85433008607065,66.85433008607065,-0.021620379317539573,105144.5704220979,3426.621417920558,0.9684389444396102,5249,908,67238.39307343312,0.0002985157798322291,0.050384677801354624,100.02985157798322,10002.641680762723,101.23265814628994,0
flashbots-c10,796,10000,156.42828135756352,-156.43058839855664,156.43058839855664,-0.002307040993116516,181660.11589204278,2913.707069374018,0.9842138661776373,11460,1954,114202.56307383705,-0.0009922053358739902,0.09689136618392481,99.9007794664126,10020.442247938403,44.766029147773274,0
flashbots-c10,797,10000,56.61014751800729,-56.50881647365946,56.50881647365946,0.10133104434783036,62533.82693189537,3071.3413999878553,0.9531844597295969,4799,742,38901.04657694515,0.010154426072088114,0.10975990919261762,101.01544260720881,9940.223686778252,48.03513720874063,0
flashbots-c10,798,10000,149.03376236342766,-149.02853026982555,149.02853026982555,0.005232093602103305,176397.06503728047,578.052306315779,0.9967337085857472,9211,1560,111949.78238703741,0.00023320315022019145,0.08672180580620208,100.02332031502202,9995.246158631935,94.88059338914263,0
flashbots-c10,799,10000,79.50388422636716,-79.52710790837227,79.52710790837227,-0.023223682005109936,148141.96010267737,3222.0287480755023,0.9787133731573864,9755,1350,87254.36689535332,-0.0032921883600371873,0.09975403722696242,99.67078116399628,10045.014199910476,129.93298697183545,0
flashbots-c10,800,10000,61.76409521122481,-61.783063818773684,61.783063818773684,-0.018968607548870864,78461.39084100067,1072.609295113427,0.9865138268755781,5015,806,49165.74725295699,-0.0013690690332849441,0.06533718397934933,99.8630930966715,10007.260446239768,77.59413458054722,0
flashbots-c10,801,10000,249.03250265026935,-249.05240178269605,249.05240178269605,-0.01989913242670127,242515.8451937292,913.1977874213458,0.9962486079054582,9937,2104,166081.59925211986,-0.0000007456892183199671,0.1339879876074788,99.99992543107817,9998.323976450481,104.84914144142202,0
flashbots-c10,802,10000,185.82377621262145,-185.7889358769067,185.7889358769067,0.03484033571476175,184727.53020795717,5735.802824813003,0.9698850023598709,8850,1693,122845.96806807566,0.001696740681574198,0.106745163296726,100.16967406815742,9993.582288134585,87.95038740837605,0
flashbots-c10,803,10000,149.73695337574625,-149.70315170864558,149.70315170864558,0.03380166710067556,209410.7440486954,3778.037816094181,0.9822784398735843,11431,1877,129310.3059641816,0.000002156750819608533,0.0809483133916875,100.00021567508196,9990.130208858809,89.95941612798795,0
flashbots-c10,804,10000,57.0281851089044,-57.03162821087012,57.03162821087012,-0.0034431019657148454,91061.4652123048,1473.8269366995787,0.9840728126267072,7357,904,54004.53604373902,-0.0000011699643602014476,0.058404820717475305,99.99988300356398,9999.574633499049,97.2363674029311,0
flashbots-c10,805,10000,59.18349451149002,-59.221220874014485,59.221220874014485,-0.037726362524466595,125910.43793178735,3224.174721185469,0.9750324513703396,9924,1051,67933.99764055626,-0.0002621637231858642,0.057224270320326266,99.97378362768141,10011.007273471549,119.2981378612403,0
flashbots-c10,806,10000,69.21462846658763,-69.18503356119459,69.18503356119459,0.029594905393039994,85327.66696128559,4099.834776592858,0.9541546538042636,6193,911,52617.61401152321,0.00006354436675849228,0.08238016276278173,100.00635443667585,9983.146829982375,75.48629317156421,0
flashbots-c10,807,10000,66.29004113475449,-66.24863564171464,66.24863564171464,0.04140549303984642,104868.87364066011,2314.129088627116,0.978409551610791,6692,1030,64931.09310479522,0.0003324749838679963,0.06900820261575831,100.0332474983868,10001.39597198542,99.07495247045713,0
flashbots-c10,808,10000,114.76813995009238,-114.76387260735547,114.76387260735547,0.004267342736909541,104315.68889913808,332.51735691945044,0.9968225221547914,4454,1005,74634.61929575098,0.0023293359740499398,0.12662158168079216,100.232933597405,9976.798235514148,99.8784555894213,0
flashbots-c10,809,10000,269.3080669834452,-269.3159621186996,269.3159621186996,-0.007895135254386787,212575.0769279466,1768.884041812751,0.9917474509950747,7394,1859,154374.4194754679,0.006575096657845591,0.1521830041122344,100.65750966578456,9953.463924087186,98.84999152418169,0
flashbots-c10,810,10000,167.733208146377,-167.70806666424969,167.70806666424969,0.025141482127310155,175404.41575318095,6193.1257232529515,0.9658964230853497,7378,1637,120735.39366314585,-0.0036515776196509365,0.07600714561121237,99.6348422380349,10053.918420751792,110.90749740308672,0
flashbots-c10,811,10000,139.89262207189472,-140.06286323594756,140.06286323594756,-0.17024116405283962,247833.52482963348,2355.739588579019,0.9905841699720528,10196,1703,155882.21980070017,-0.00004277326156682193,0.0657240717229115,99.99572267384332,9955.945553515834,186.54067034309261,0
flashbots-c10,812,10000,55.98363119446677,-55.973041920931394,55.973041920931394,0.010589273535373422,76499.78605419146,64.30963406031275,0.9991600549385163,4196,760,50350.45416979132,-0.003293816513588439,0.06615484553446578,99.67061834864116,10033.047467700642,99.1449253962304,0
flashbots-c10,813,10000,41.09565081808902,-41.11325062736653,41.11325062736653,-0.017599809277513145,61499.120161085,2125.7252138227223,0.9665896993336968,3764,571,37796.47581955129,0.0025493482882495756,0.08903247862884399,100.25493482882496,9961.142472038597,176.8947872540809,0
flashbots-c10,814,10000,39.02608740840863,-39.03337850623815,39.03337850623815,-0.007291097829522641,62607.25113502272,1291.5978742825894,0.9797868366283953,4476,599,37573.00511158744,-0.0007124797545596096,0.04949643115914484,99.92875202454404,10016.496029145646,62.71693477351568,0
flashbots-c10,815,10000,84.65536957005499,-84.72903242573663,84.72903242573663,-0.07366285568164699,84217.74175455696,2435.147569546755,0.971897676020488,4541,964,57555.26719640454,0.00001099775356635746,0.07594897460042489,100.00109977535664,9994.17528249885,77.68030596446827,0
flashbots-c10,816,10000,213.21580603872923,-213.43236072063087,213.43236072063087,-0.2165546819016413,152474.649997124,2030.8052815841704,0.9868560933468604,6421,1529,109848.51114883389,0.0004528073216863504,0.1450576875701941,100.04528073216864,10014.051649019799,64.61531201975052,0
flashbots-c10,817,10000,36.5494550387371,-36.55030999815786,36.55030999815786,-0.0008549594207565292,93865.13422123659,2165.10958777513,0.9774538780503236,7160,868,52777.15760347743,0.0003044038281248618,0.04285912965342589,100.03044038281249,9999.04505632906,129.80734167473219,0
flashbots-c10,818,10000,86.20963354330667,-86.20614393367107,86.20614393367107,0.003489609635593638,146916.7377704904,2156.1796358071174,0.9855360740681659,9691,1394,87980.86162281818,0.0008093980563725722,0.051758428248035955,100.08093980563726,9992.326333833491,98.4871648904089,0
flashbots-c10,819,10000,190.2739329160723,-190.27892353588368,190.27892353588368,-0.004990619811366059,214413.75917510383,4382.679588548959,0.9799691456894177,9535,2042,143619.29089821613,-0.00034410986242860986,0.09920864212175204,99.96558901375714,9994.77386147164,78.1946351444569,0
flashbots-c10,820,10000,134.0956634195984,-134.07252145056742,134.07252145056742,0.02314196903097354,176657.85132782982,1464.5571016423373,0.9917778054173222,9706,1627,111352.97502905013,0.0019293427178345723,0.10720962708792314,100.19293427178346,9981.111729171962,100.49189058316097,0
flashbots-c10,821,10000,299.6156313709612,-299.8943462686831,299.8943462686831,-0.2787148977218976,230683.43093209577,5367.662781454792,0.9772605892351065,8512,2114,163420.54276711543,-0.006096402833010757,0.18498252064145349,99.39035971669892,10030.536932454763,96.39702422755052,0
flashbots-c10,822,10000,74.64715386870948,-74.61804651048391,74.61804651048391,0.02910735822557342,90363.97504161224,1386.0411652925989,0.9848932869704683,6235,934,56360.64366088206,-0.00009626153767257506,0.09464826966004111,99.99037384623274,9998.94828704731,84.97408078309397,0
flashbots-c10,823,10000,168.2293728769897,-168.22370438665718,168.22370438665718,0.005668490332510601,203341.95300913753,1915.4986862763712,0.9906678238940683,10956,1773,125926.40628448037,-0.0029930795400119337,0.11316450773599457,99.7006920459988,10046.396543089802,97.60021019536488,0
flashbots-c10,824,10000,52.87241952759928,-52.87078399191265,52.87078399191265,0.0016355356866242232,73834.49879923275,1472.1366149276812,0.980451435562996,4940,762,45605.06526855326,-0.0008978087507816213,0.07205110565616507,99.91021912492184,10006.874897027072,86.78164772720766,0
flashbots-c10,825,10000,121.91466277423093,-121.91718500734497,121.91718500734497,-0.0025222331140355436,139312.9103274323,740.615407019633,0.9947119117270645,6670,1306,93650.16436666402,-0.0006356653652503042,0.08538686018039683,99.93643346347497,10006.019213152329,102.54219046099887,0
flashbots-c10,826,10000,189.89422172473246,-189.8760960198248,189.8760960198248,0.018125704907674844,179240.77746390933,2260.673072003193,0.9875446005234217,7802,1641,123806.29457024895,0.001685537491881206,0.16121946615129587,100.16855374918812,9991.732429455107,85.45788929678895,0
flashbots-c10,827,10000,104.81459488748888,-104.78624666167408,104.78624666167408,0.02834822581479557,140812.42731253043,2240.902446220121,0.9843351954826969,5386,1171,97314.28717227795,-0.0005564447828716368,0.07426403300207582,99.94435552171284,9985.943021942694,160.70313852432446,0
flashbots-c10,828,10000,116.70404881157461,-116.98650058743503,116.98650058743503,-0.282451775860423,137891.74782346396,4015.6424061116445,0.9717023729376236,8264,1323,84941.1195989976,-0.000006120267462961237,0.14481419017677724,99.9993879732537,9996.638881940067,75.19124874910781,0
flashbots-c10,829,10000,81.98644181201611,-81.97598555771305,81.97598555771305,0.010456254303065293,132805.0503169568,851.2539333919478,0.99363102295723,7085,1194,83889.94447546393,-0.0015073629070522542,0.05094568539333167,99.84926370929477,10014.077805365416,122.83687938068753,0
flashbots-c10,830,10000,51.84450971368529,-51.85686233147756,51.85686233147756,-0.01235261779226704,128519.28833470606,4903.072301227237,0.9632514948929277,9243,1025,69030.361015088,0.00023491226216066253,0.03974583533659939,100.02349122621607,10002.099245399604,112.94110362518128,0
flashbots-c10,831,10000,237.83828164888303,-238.04084948397298,238.04084948397298,-0.20256783508995113,153080.0519189367,3837.577927494284,0.9755439976295209,5481,1574,115610.35383220908,-0.0000050610513176252425,0.136026823904745,99.99949389486824,10037.79335984906,51.688097046321765,0
flashbots-c10,832,10000,252.44382742045966,-252.41707304567984,252.41707304567984,0.026754374779812906,278238.37382652605,8040.542907526569,0.9719136043993206,10546,2421,190786.4423655062,-0.0009022680529416504,0.07754849733118163,99.90977319470583,10007.297217344167,91.85844630659516,0
flashbots-c10,833,10000,230.3139008260826,-230.2065210122435,230.2065210122435,0.10737981383908846,185217.09041835656,6972.504277712674,0.963720698361745,6717,1629,132112.7034487162,0.002253776677831496,0.14585120726672243,100.22537766778315,9983.528401184287,104.45568928617625,0
flashbots-c10,834,10000,237.31131423957876,-237.11259579745706,237.11259579745706,0.1987184421217023,210624.11234605152,3208.0876143192568,0.9849971724795713,9955,2090,142367.22380903678,-0.02292764484459525,0.09926992063387673,97.70723551554048,10111.341753604614,46.10246177590722,0
flashbots-c10,835,10000,247.66769410219771,-247.71971062499398,247.71971062499398,-0.05201652279626501,138923.2379651164,2291.3384368232646,0.9837740657147078,5982,1613,101609.49516251104,-0.0003688281277739236,0.23839850854018863,99.96311718722261,10019.094228313475,34.93327604732511,0
flashbots-c10,836,10000,296.4737842431558,-296.4720536231703,296.4720536231703,0.001730619985494286,273202.1642944899,4589.141702512589,0.9834798944263501,11195,2343,185317.82993909504,0.002287002362625543,0.09880031701735618,100.22870023626255,9979.974889107572,90.85752508151614,0
flashbots-c10,837,10000,88.4065945885383,-88.36743137908095,88.36743137908095,0.03916320945734242,115957.19742992723,2235.124818627284,0.981089086193544,6288,1127,76417.36271278847,-0.006988277803749981,0.05193351398656049,99.301172219625,10063.21502651555,91.23673533614378,0
flashbots-c10,838,10000,48.63442752588379,-48.672197449899016,48.672197449899016,-0.037769924015229606,66506.79649908112,1804.1040227731362,0.9735898076443017,4849,787,41169.32075119173,-0.0007415920154321043,0.05998311487273867,99.92584079845679,10000.948226769395,60.250967028008056,0
flashbots-c10,839,10000,85.6057737849341,-85.60385535350585,85.60385535350585,0.0019184314282512105,82221.67404230472,1672.8366286893895,0.9800602373705988,4142,824,56155.3129439529,-0.0003379618628368064,0.11222612771601391,99.96620381371632,10004.763359695651,108.29122919939262,0
flashbots-c10,840,10000,51.71835329150325,-51.71999952752608,51.71999952752608,-0.001646236022828873,84563.95317145843,1519.3099447410557,0.9823506929251716,6706,964,50674.06199998853,0.00014384532698343832,0.07158406509791007,100.01438453269834,9990.260912484835,71.96154163648174,0
flashbots-c10,841,10000,123.74268607717295,-123.63853492294257,123.63853492294257,0.10415115423037946,143000.59191669285,4267.68897823191,0.9710209900441705,5691,1345,99853.6099922122,-0.0005341499178469178,0.08587327490776744,99.94658500821531,10029.168813858605,100.83021057413497,0
flashbots-c10,842,10000,345.58341871145217,-345.92983522848976,345.92983522848976,-0.34641651703759635,293092.6345407313,7993.344027818859,0.9734516231349545,11479,2269,195619.19941861922,-0.0003091104065407535,0.17931320003187096,99.96908895934592,10005.174391299342,104.82636872516866,0
flashbots-c10,843,10000,86.87185231218359,-86.8670269771734,86.8670269771734,0.004825335010195886,106325.31248000302,4245.231699921617,0.9616061245659278,5637,1015,69605.60975851827,-0.0007362989050460556,0.09167240824781743,99.9263701094954,10008.371169720256,90.99599602018608,0
flashbots-c10,844,10000,191.84409982923123,-191.8492520131099,191.8492520131099,-0.005152183878664118,217182.69161399812,5484.236751200945,0.9753702231783331,9121,1896,145685.61157392635,0.00274834677215793,0.07514277304869638,100.2748346772158,9977.866437700806,130.21283471593298,0
flashbots-c10,845,10000,202.06485637557887,-201.96679092765353,201.96679092765353,0.098065447925336,226290.36913715486,3068.765822255606,0.9866202589977562,9582,1975,153303.657719439,0.001752294167837505,0.08848493978006303,100.17522941678375,9989.256489983043,86.84440521727163,0
flashbots-c10,846,10000,399.27849354716255,-399.0664996189074,399.0664996189074,0.21199392825513996,298413.28729888395,5240.260692286431,0.9827426330864449,11469,2589,206246.462518625,0.0009070515477836239,0.22886208108260206,100.09070515477836,10007.239820394274,86.26568770451667,0
flashbots-c10,847,10000,66.68206189762961,-66.71192807051314,66.71192807051314,-0.029866172883529885,114200.33948249226,3567.0790675788767,0.9697108155082617,9147,1167,65955.8115434881,0.001976767202572063,0.06973453186913602,100.1976767202572,9988.603148928747,101.68714168473659,0
flashbots-c10,848,10000,187.82791490308026,-187.81076541816253,187.81076541816253,0.017149484917723612,196016.2766797752,3756.2729594433094,0.9811972517434102,9229,1875,132135.48285946774,0.000011400924509814559,0.10336219772402544,100.00114009245098,9992.041468123918,86.78353724731187,0
flashbots-c10,849,10000,171.4781741427849,-171.4283523296271,171.4283523296271,0.04982181315779144,133527.43443042788,3528.132319905239,0.9742576503562803,6476,1438,93917.97918708656,0.0003774856100709201,0.1922778875784269,100.03774856100709,10001.553896001134,48.957746823523024,0
flashbots-c10,850,10000,34.10321016080322,-34.08497664502667,34.08497664502667,0.018233515776550746,64496.4654386946,2066.437246160776,0.9689551212040075,5408,674,37380.77797669856,0.0061836308361792195,0.037620888367282106,100.61836308361792,9965.337754637198,67.06723239911757,0
flashbots-c10,851,10000,201.01146262855465,-201.0452641613226,201.0452641613226,-0.033801532767938625,174316.90916747323,2024.3989106221593,0.9885199960650988,7946,1687,119961.20118697704,0.002460194317428801,0.144663162556637,100.24601943174288,9993.18100396244,82.33778507966863,0
flashbots-c10,852,10000,155.68410729173107,-155.51980468582133,155.51980468582133,0.16430260590973944,165723.9568211643,4341.823092758353,0.9744697428550533,6077,1302,112866.88636393049,-0.000001894822610211122,0.13064757163921428,99.99981051773898,9999.334297613776,88.6748237802902,0
flashbots-c10,853,10000,46.51876545269001,-46.52623976434222,46.52623976434222,-0.0074743116522100195,101734.40368398333,3494.329705193764,0.9667930080250005,8275,928,55085.986464072295,-0.0008793505690999837,0.0450882561083678,99.91206494309,10003.614175351835,148.30004310935598,0
flashbots-c10,854,10000,128.24680632215836,-128.24245658021403,128.24245658021403,0.004349741944338348,166528.15699987733,1827.7997532235306,0.989143242754968,9696,1576,103697.9971142137,0.0002979535588700344,0.07964808917470634,100.029795355887,9999.485644283306,91.36150052574122,0
flashbots-c10,855,10000,191.57855457711597,-191.5560980805613,191.5560980805613,0.022456496554667638,268319.9909906171,4711.6182721871455,0.9827433230719744,10486,1974,174132.25208776043,-0.0004612661097426951,0.09543122093384568,99.95387338902573,10012.218797485497,198.6265803228232,0
flashbots-c10,856,10000,194.66880896734543,-194.73633145776535,194.73633145776535,-0.06752249041991831,127628.79153589312,3120.2603454408845,0.9761355030836263,4747,1364,96598.70562211696,0.0015050966045589576,0.12784119277776895,100.1505096604559,9991.468133188935,67.00186336323387,0
flashbots-c10,857,10000,180.26189279759782,-180.01127239022154,180.01127239022154,0.25062040737628877,115736.79435456947,3895.1312669086674,0.9674407040873598,5289,1251,81437.44495050257,0.004736269088762839,0.2823949636197148,100.47362690887628,10025.767980955154,60.32203024469303,0
flashbots-c10,858,10000,91.08054452472066,-91.10328780928668,91.10328780928668,-0.02274328456601893,122156.687861024,2953.6351719792233,0.9763917548898017,7864,1204,74134.0712914955,0.0003696206312483241,0.09489433893624934,100.03696206312483,9989.73415624423,77.63671165355022,0
flashbots-c10,859,10000,300.73884355986456,-300.62937718858825,300.62937718858825,0.1094663712763122,277162.2148157832,5084.766477094682,0.9819846913727719,10220,2315,192683.08510068626,0.011179863983260532,0.09214533555327308,101.11798639832605,9895.79835622811,80.30670692604882,0
flashbots-c10,860,10000,84.10079955305618,-84.07718200480895,84.07718200480895,0.023617548247230502,140766.6229939039,3494.5980065430726,0.9757759016435038,8879,1160,80536.63935367037,-0.00061315343794206,0.11010535681142769,99.9386846562058,10033.169136235025,197.45107031287412,0
flashbots-c10,861,10000,91.62794314710753,-91.633568272133,91.633568272133,-0.005625125025474631,110798.66260044907,837.8589686057582,0.9924947592702673,5382,1104,75680.55593786236,0.001098049947205908,0.06027441318750675,100.10980499472059,9985.126536705322,101.3932377875106,0
flashbots-c10,862,10000,206.07790997443334,-206.1341090807427,206.1341090807427,-0.0561991063093501,222076.85259666762,4614.527330492248,0.9796440105840153,9807,1857,147080.2681839041,-0.0019277305790578224,0.116182976296313,99.80722694209422,10011.169961423255,57.60465136755883,0
flashbots-c10,863,10000,102.92021752793943,-102.89548745909188,102.89548745909188,0.02473006884754625,139150.9861273047,2592.3885115754756,0.9817106900539083,6887,1191,89956.43017218982,-0.000001588545371902228,0.11199398410404485,99.99984114546281,10008.033489580546,145.07392197208722,0
flashbots-c10,864,10000,65.75010594245143,-65.34122847240693,65.34122847240693,0.4088774700445015,110801.72737607548,3206.130195941122,0.9718779892524876,8764,1179,63585.56782333658,-0.028685412317213662,0.060784865748474456,97.13145876827863,10129.335272690938,46.03179362892335,0
flashbots-c10,865,10000,70.88080357838547,-70.82549555423874,70.82549555423874,0.05530802414672564,106168.5426417949,2141.6557377941126,0.9802266474456232,5577,982,68023.87621029558,-0.0022251642721927566,0.049452433420573524,99.77748357278072,10047.787507995008,122.21216496178592,0
flashbots-c10,866,10000,37.38405594322242,-37.3818235218923,37.3818235218923,0.00223242133012036,75442.02806317074,2792.083438670814,0.9643111759682336,5440,707,43505.08032797378,0.000006737217144916485,0.04608190409759004,100.00067372171449,9985.409664009676,108.47222454667182,0
flashbots-c10,867,10000,179.36736000258287,-179.35711939756015,179.35711939756015,0.010240605022715954,187532.4393699997,2367.6317926115503,0.9875322227205268,7755,1698,128046.30624977361,0.0012998747418957635,0.09740952979200827,100.12998747418958,10002.496807199104,94.5777182947253,0
flashbots-c10,868,10000,64.18971907673946,-64.18665445307253,64.18665445307253,0.0030646236669298332,91593.78924007996,641.7045947076573,0.9930427586167958,5239,890,58502.89286000297,0.0016710312588230636,0.05746701307053897,100.1671031258823,9983.24561634882,99.10295489690044,0
flashbots-c10,869,10000,64.40512176806813,-64.4442452762294,64.4442452762294,-0.03912350816126775,82658.62839679026,1830.9699353276935,0.978329049119983,5164,914,53766.35173699184,-0.0004569065827791974,0.059045301229898824,99.95430934172208,9999.465284506658,80.18677816515901,0
flashbots-c10,870,10000,57.6997734369848,-57.683735567930036,57.683735567930036,0.01603786905476312,76582.86668331189,1190.7876611970828,0.9846890612093097,4052,707,50889.88567709702,0.00406463125298842,0.0544462706668881,100.40646312529884,9953.152071470455,105.06790297340291,0
flashbots-c10,871,10000,52.537588491104366,-52.52293288407406,52.52293288407406,0.014655607030306328,78645.6354733346,2329.237031872664,0.9712350639178484,4367,685,49132.74413703305,0.0000027225487778537173,0.06147322665260035,100.00027225487779,9986.987603223737,162.52717894192187,0
flashbots-c10,872,10000,224.42726692025113,-224.23569071949527,224.23569071949527,0.19157620075586124,160370.12319892136,2290.2495425888756,0.9859200522906192,7393,1710,112482.51984984061,0.004158349509323784,0.20499763445413094,100.41583495093238,9991.633624970413,46.93697407140254,0
flashbots-c10,873,10000,216.50712284758828,-216.50623982476588,216.50623982476588,0.0008830228223928316,202727.476035716,209.1851423997352,0.9989692096973245,8092,1843,144552.87666043435,0.0007844125645726763,0.08952731434747264,100.07844125645727,9992.831838716535,98.61261982968234,0
flashbots-c10,874,10000,100.69057078658653,-100.74472500936825,100.74472500936825,-0.054154222781718886,109792.58190528526,2042.898230717504,0.9817330043360735,5248,1038,74479.41732470535,-0.0000010304366126945297,0.10051015436477329,99.99989695633873,10006.489952557655,103.32487417824419,0
flashbots-c10,875,10000,249.4717229210166,-249.41162786885465,249.41162786885465,0.06009505216195521,204731.13374817144,5001.64547986746,0.9761522948473912,8285,1989,144026.00532057928,-0.0015631177303239952,0.11548023383224532,99.8436882269676,10007.235990111074,86.56645037972162,0
flashbots-c10,876,10000,225.74194477483803,-225.73530022352554,225.73530022352554,0.006644551312490421,237796.74405262162,3905.6622387679836,0.9838410287315906,10756,2163,159317.47619581653,-0.0007638100833840156,0.08884969056524739,99.9236189916616,9994.08506615185,85.52460096449374,0
flashbots-c10,877,10000,187.15879024857128,-187.17514178021415,187.17514178021415,-0.016351531642868622,142730.98422941365,2561.23558633894,0.9823718325070201,5637,1469,104438.80995029298,-0.0016880481775790202,0.11975698281066201,99.8311951822421,10024.413136389923,70.11026216843064,0
flashbots-c10,878,10000,142.01275332444678,-141.97005439252843,141.97005439252843,0.042698931918351946,142784.66406366747,2330.3801406887433,0.9839411540446006,5766,1372,101752.53173801665,-0.0002429846419555304,0.09416273287238837,99.97570153580445,10024.405035560934,99.63650055586174,0
flashbots-c10,879,10000,261.17888324290595,-261.3387653624406,261.3387653624406,-0.15988211953464315,289944.5937591943,4693.645520091193,0.9840698018981776,10706,2392,198078.30791195232,0.00024096024508097003,0.07487398226011194,100.0240960245081,9997.364172111711,106.96298308753185,0
flashbots-c10,880,10000,84.46143201414682,-84.46653337777258,84.46653337777258,-0.005101363625755084,130110.7847832088,2039.92925264727,0.9845636153574336,7351,1217,80499.67172390998,0.000008757578082878581,0.06940322940958638,100.00087575780829,9999.9886385793,105.03268926818903,0
flashbots-c10,881,10000,302.7663423891315,-302.735463481052,302.735463481052,0.03087890807950089,229061.64262611952,2203.519858744579,0.9904718902100579,8520,2190,164745.42512285954,-0.0005422864980197062,0.16967519481265866,99.94577135019803,10001.854052697548,79.91864952698177,0
flashbots-c10,882,10000,70.69314402748356,-70.6988959789318,70.6988959789318,-0.005751951448246473,119687.41618418554,4077.0862337196595,0.9670577091648387,7813,1192,72184.88007198648,0.0015976371540932632,0.05954799876139574,100.15976371540933,9991.25087431351,92.96718688283305,0
flashbots-c10,883,10000,80.61787149883712,-80.61519032670405,80.61519032670405,0.0026811721330659566,111678.6319465164,2659.739374070888,0.9767379984221273,8488,1190,66810.5092738764,-0.0014078709912404008,0.10071410259492154,99.85921290087596,10017.388453311016,57.866316955603345,0
flashbots-c10,884,10000,91.28040427353702,-91.30339789747279,91.30339789747279,-0.02299362393577553,127260.19550474134,1712.6239429055213,0.9867210475025653,6524,1196,84320.50105755747,-0.0016071066949351121,0.059649000336249855,99.83928933050649,10032.46404106632,171.72152903121366,0
flashbots-c10,885,10000,86.37386844681221,-86.36851186554779,86.36851186554779,0.005356581264422289,106214.03204828988,1751.938914324268,0.9837732305956761,5708,1020,69724.54276125641,0.0006077861701285769,0.06358987030601511,100.06077861701286,9994.596896423687,95.93368572207761,0
flashbots-c10,886,10000,274.990657365264,-274.9072346379096,274.9072346379096,0.08342272735438883,265574.407666612,3530.765338535991,0.9868796080762503,10847,2335,181621.3001234044,-0.004617731145629875,0.13613093426736542,99.53822688543701,10057.545248289827,98.39244390078188,0
flashbots-c10,887,10000,38.118478387775255,-38.1268403560193,38.1268403560193,-0.00836196824404567,75772.17271129045,1987.708002134433,0.9744378722819818,5364,733,44606.45891130513,-0.000555687614911875,0.05580595276903637,99.94443123850881,10010.724332046106,150.83631635609953,0
flashbots-c10,888,10000,84.29855045062952,-84.2577559280772,84.2577559280772,0.04079452255231786,151976.3335767122,1325.4528863211817,0.9913539632061575,11002,1428,87476.73172636563,0.005684386295005339,0.0605602717129203,100.56843862950053,9939.342174672722,101.32791616145774,0
flashbots-c10,889,10000,145.56485196344008,-145.57549377489298,145.57549377489298,-0.01064181145289922,168103.19644327514,3375.7337355809777,0.9803140028220375,7712,1505,112338.03894529697,0.0014376184029492834,0.06423403179091096,100.14376184029493,9985.152675673415,96.7181977662013,0
flashbots-c10,890,10000,94.84178989562257,-94.84513642789423,94.84513642789423,-0.0033465322716637047,97031.25517139005,1029.3352170369367,0.9895030693476387,4475,945,68012.28020333449,-0.0027738053109642637,0.09548628048378091,99.72261946890357,10027.686253915785,101.83985582112363,0
flashbots-c10,891,10000,54.32382630841116,-54.310403116250626,54.310403116250626,0.013423192160530562,108005.22780864203,2690.3903602007476,0.9756956020056988,8196,951,60875.53599630346,0.004300416849030597,0.04877194689606597,100.43004168490306,9972.787932022064,97.39477003811395,0
flashbots-c10,892,10000,51.90227693323395,-51.87774069535322,51.87774069535322,0.02453623788073145,88751.23510597984,2380.198082221254,0.9738817003206154,4857,825,55685.630705157826,-0.007684837186300797,0.04690815683320196,99.23151628136992,10080.296413586742,87.98773448184434,0
flashbots-c10,893,10000,237.8036907774213,-237.80212372716628,237.80212372716628,0.001567050255033564,278440.5403812992,3981.1999735054446,0.9859033516028054,10650,2125,184514.1035586407,-0.0011188240097509095,0.13932546927644224,99.88811759902491,10030.645381482242,162.11446641430615,0
flashbots-c10,894,10000,277.1317547059324,-277.2103051749087,277.2103051749087,-0.07855046897628881,232550.25109935662,4367.145874182541,0.9815667995260378,8963,2070,162682.99853378543,-0.0004723296741565264,0.24577750242920218,99.95276703258435,10004.628086385283,103.80107120402114,0
flashbots-c10,895,10000,134.15244053400133,-134.14306109532092,134.14306109532092,0.009379438680412022,220160.3030277046,5552.8488031474035,0.9753986475395608,10883,1673,133036.24462125945,-0.0013920968209272643,0.08328840411956932,99.86079031790727,10009.487112785473,152.32987369519603,0
flashbots-c10,896,10000,66.21716942242503,-66.2510154730509,66.2510154730509,-0.03384605062586843,104651.35323417843,3015.534160901563,0.9719920001974595,7307,1070,62310.13198534636,0.000007320576583822458,0.06824972712571906,100.00073205765838,10006.028911619214,74.75278526739645,0
flashbots-c10,897,10000,127.72943820042092,-127.80593825241425,127.80593825241425,-0.0765000519933352,131977.05217643033,3979.8771177160356,0.9707269269879913,7978,1438,84980.61923095975,0.0022754230221001138,0.13383984938388138,100.22754230221001,9985.086281543747,61.66054881566218,0
flashbots-c10,898,10000,106.7803666052697,-106.78470048765253,106.78470048765253,-0.004333882382823617,142897.25803300747,6351.9227196270585,0.9574408201934808,9995,1465,84606.51636093609,0.0002657711728235768,0.09134169968216241,100.02657711728236,9990.259343246384,61.72752126679433,0
flashbots-c10,899,10000,314.84171845619755,-314.7829972716686,314.7829972716686,0.05872118452896302,187321.1077460443,10409.618531515795,0.9473545729210364,8457,2263,134397.03884704108,-0.0026575454623863947,0.13459880612935152,99.73424545376136,9991.21544854159,48.27563102318908,0
flashbots-c10,900,10000,113.34166497493477,-113.32870294720539,113.32870294720539,0.012962027729386705,172927.34822654273,2556.468459789087,0.9854318847853724,11502,1572,103567.44413829928,-0.0012707647029056091,0.11123874140084113,99.87292352970944,10006.347947955635,95.15456377734994,0
flashbots-c10,901,10000,189.68429741354166,-189.69018932965247,189.69018932965247,-0.00589191611081219,181905.85484085078,11474.783711396205,0.9406621893623751,9932,2002,118482.62939378567,0.0006686476711962541,0.11454041551497796,100.06686476711963,9957.842548504665,51.95977984924389,0
flashbots-c10,902,10000,310.0839184762307,-310.2273762684473,310.2273762684473,-0.1434577922166227,221208.02654125958,7315.039508977158,0.9679899292644312,9628,2201,153679.00563466494,0.001028390022789125,0.32646234687132164,100.10283900227891,9991.965539449418,42.07959173122799,0
flashbots-c10,903,10000,146.83398230011383,-146.72229956654593,146.72229956654593,0.11168273356790337,246885.1062004999,6290.532808846724,0.9751534830386485,11763,1882,150586.54953225417,-0.00000029626818559336243,0.07105203225659394,99.99997037318144,9976.748771543591,79.3553036882172,0
flashbots-c10,904,10000,164.1131802906263,-164.1182046753571,164.1182046753571,-0.005024384730802467,214114.42531932297,561.521987377847,0.9973843274273498,10063,1900,139055.60316724147,-0.0014371170627893548,0.07355111752575481,99.85628829372106,10013.52166528465,103.56459739764196,0
flashbots-c10,905,10000,195.6699505784917,-195.66643608800723,195.66643608800723,0.00351449048446284,202235.36772773773,1355.0375152504457,0.9933442958000246,8521,1764,135739.77118010013,0.0007419231091770939,0.08230241289843405,100.07419231091771,9993.486053760327,95.28967750177506,0
flashbots-c10,906,10000,35.637889423236345,-35.64478855919519,35.64478855919519,-0.006899135958846614,99967.17044019005,2306.3987755193416,0.977448730955553,7395,792,53638.0112240731,0.0007711370907378523,0.04479304543116257,100.07711370907379,9980.55378646258,176.99047483532598,0
flashbots-c10,907,10000,69.37720695138852,-69.34680263891063,69.34680263891063,0.030404312477884332,98615.96545051505,3307.7955760209743,0.9675463744400112,5389,1045,64468.32803940419,0.00003086271693817366,0.06137282623730556,100.00308627169382,9980.675505417521,116.46277568617353,0
flashbots-c10,908,10000,123.24142585792625,-123.32791660507266,123.32791660507266,-0.08649074714641358,158823.19426260577,3600.6315438785045,0.9778318757977763,8441,1450,102636.82284536777,0.0000480493188752007,0.08919580744224448,100.00480493188752,9997.635524349327,80.53688170807973,0
flashbots-c10,909,10000,161.56683230508145,-159.08664930349642,159.08664930349642,2.480183001585033,157644.27869894137,1978.2384899663264,0.9876067704932561,6806,1551,109553.97501541136,0.06302479269662499,0.09318039726137811,106.3024792696625,9588.089351465163,63.95569969304597,0
flashbots-c10,910,10000,173.25043454572074,-173.23723232643505,173.23723232643505,0.013202219285687988,247156.2119749585,6040.19065062272,0.9761442477539669,10609,1776,154816.04751453307,-0.0010139762409011154,0.12400711873437104,99.89860237590989,9993.446221156726,185.42967231080868,0
flashbots-c10,911,10000,120.16234975723046,-120.12535459471044,120.12535459471044,0.036995162520014446,178909.81339363052,4249.135220187256,0.9768008319967683,11847,1661,105021.09097373046,-0.002610123179333925,0.07405370351191806,99.73898768206661,10020.226491249696,52.93232788898077,0
flashbots-c10,912,10000,147.51678265660468,-147.48002900611982,147.48002900611982,0.03675365048485446,211733.72831183832,1920.9083207644928,0.9910092832477694,9087,1732,137317.83780838904,0.005337212077436106,0.06333323440602882,100.53372120774361,9973.530341967544,134.0828478532055,0
flashbots-c10,913,10000,110.97401040522578,-110.9898731224653,110.9898731224653,-0.015862717239514268,168879.97819263933,5206.653089028319,0.9700915972082653,9585,1496,103078.101072418,0.0029910309809258705,0.06701110306826905,100.29910309809259,9994.692945411407,74.17759602197118,0
flashbots-c10,914,10000,86.98702951704611,-86.9580859591791,86.9580859591791,0.028943557867009417,117561.56198377427,4364.05738025838,0.9642072158171398,7113,1148,72361.1437895454,0.000003391130505150386,0.06381011101813457,100.00033911305052,9994.294863261608,80.71806694001118,0
flashbots-c10,915,10000,171.34768255670159,-171.313638268121,171.313638268121,0.0340442885805885,179573.94847052937,4276.427558101342,0.9767396311583536,8762,1671,118380.88165469066,-0.0014878492657857123,0.08943839804872994,99.85121507342143,10011.255315165161,91.80961420802007,0
flashbots-c10,916,10000,119.44942504422895,-119.34278008824603,119.34278008824603,0.10664495598291523,96664.81678487809,3149.1972418389873,0.9684493477940277,7332,1291,61943.693202548544,-0.006376489988459184,0.2106256922610403,99.36235100115408,10055.42198989957,31.36505247600264,0
flashbots-c10,917,10000,204.57325187464298,-204.65150629928146,204.65150629928146,-0.07825442463848731,265851.0303821603,4282.792086243948,0.9841456651110586,11511,2128,169210.29456269104,0.0007002235225270681,0.07761776442703251,100.0700223522527,9999.039168720336,177.4678224861306,0
flashbots-c10,918,10000,145.84239257653627,-145.97863423066974,145.97863423066974,-0.136241654133471,104006.68833489508,2096.896832815873,0.980237266917028,5303,1159,73666.64407530894,0.0003490887756605332,0.19949007403101546,100.03490887756605,9995.271790277433,114.53240818853689,0
flashbots-c10,919,10000,106.76980774567807,-106.83485940781584,106.83485940781584,-0.06505166213777613,183444.98484767298,2080.575253421719,0.9887855061464954,8900,1322,111153.35103301953,-0.0005240615454522412,0.07566182700055833,99.94759384545478,9998.766611551579,224.58719251823345,0
flashbots-c10,920,10000,70.34330845546852,-70.32849307993703,70.32849307993703,0.01481537553148371,94564.80568987451,1678.8867236429955,0.9825558778810195,5962,968,60382.982300697804,0.003276959007853861,0.07725950260261356,100.32769590078539,9975.953077549177,76.11630482573209,0
flashbots-c10,921,10000,23.916815452860902,-23.920116081590976,23.920116081590976,-0.0033006287300736403,93716.37163459773,3006.625018111025,0.9689150964903772,7692,615,43366.681915013934,0.0016865919916273242,0.027075178368453693,100.16865919916273,9980.136912099331,157.45369450939688,0
flashbots-c10,922,10000,134.30850706646672,-134.2820458541375,134.2820458541375,0.026461212329223827,138436.15201472043,1944.9959564887906,0.986144892069926,5397,1273,98310.66211631689,0.00027057319440842775,0.07687275869379633,100.02705731944084,10003.259376046066,94.81008829113199,0
flashbots-c10,923,10000,137.7590640236949,-137.7475027402815,137.7475027402815,0.011561283413385581,176215.28063054933,1788.8614444020182,0.989950450458345,8543,1583,116089.5007194754,-0.00008813203797075175,0.11036874805604213,99.99118679620292,9991.5180646976,110.38617493415198,0
flashbots-c10,924,10000,63.24022235570766,-63.26462869240248,63.26462869240248,-0.02440633669482395,75701.13036530455,3229.38712041492,0.9590856968472404,4395,716,47912.31681805011,-0.000004332125071613291,0.12655593343094068,99.99956678749284,10007.33256309751,116.5546764444914,0
flashbots-c10,925,10000,109.14583030958971,-109.2982661974865,109.2982661974865,-0.15243588789678597,119572.00835887446,1417.8495427682133,0.9882812529301355,4936,953,81553.39188680983,-0.0000035892534674530906,0.09897024208210212,99.99964107465325,9978.071120816077,91.18801028239726,0
flashbots-c10,926,10000,74.39496896914393,-74.34653515471426,74.34653515471426,0.04843381442967143,106895.9089349159,2722.3742587645975,0.9751649617249111,5841,1004,68382.91574621417,0.0023127621961566546,0.0894175350187055,100.23127621961567,9950.249088427918,103.07168258716703,0
flashbots-c10,927,10000,131.38663619936202,-131.47633194480238,131.47633194480238,-0.08969574544036618,143706.73197589454,3121.49812745741,0.9787404770509036,5575,1324,101941.14530186026,-0.0006364561918246637,0.07410492706394564,99.93635438081753,10017.349552416814,104.82748780615688,0
flashbots-c10,928,10000,112.61282055523296,-112.6105405075667,112.6105405075667,0.002280047666260998,105511.83728304162,1125.1410537469196,0.989448865944106,4508,1054,74503.29017304502,-0.002220461727032301,0.18092056049463437,99.77795382729677,10018.823990335384,83.2080907777807,0
flashbots-c10,929,10000,78.98736180425271,-78.99848219142487,78.99848219142487,-0.011120387172155688,115521.6418262185,3051.818030706123,0.9742622165669402,5147,969,77086.80637480278,0.00013715473987275574,0.0592798724447627,100.01371547398728,10005.745225704539,127.89647149898721,0
flashbots-c10,930,10000,83.2143469669971,-83.20909813050699,83.20909813050699,0.005248836490110875,149429.87944704082,4078.346914842154,0.9734323885338381,9784,1341,89146.69543420251,0.0005276045580914967,0.042271354515741565,100.05276045580915,9983.360658278714,110.88951471751186,0
flashbots-c10,931,10000,105.60075617851165,-105.5477203184297,105.5477203184297,0.05303586008194827,95148.79338479244,2389.7606824331997,0.9754993222394283,4067,891,67516.93407365511,-0.0010370996712893543,0.09334530426455047,99.89629003287106,10026.817661448405,107.36776649630849,0
flashbots-c10,932,10000,114.25523941486152,-114.25798850358666,114.25798850358666,-0.002749088725138904,181904.0284354052,216.95015870715395,0.9988087580004132,11015,1677,111064.76969915605,0.0004629166275242369,0.09853660060804202,100.04629166275242,9994.89382364206,101.02862854195298,0
flashbots-c10,933,10000,160.5568484544729,-160.51672501685806,160.51672501685806,0.040123437614852264,239913.84982404317,2865.7387249037456,0.9881961299051877,10093,1813,154315.17567535324,-0.0004303969751964587,0.08455087313068788,99.95696030248035,10002.386929407161,118.56551349852177,0
flashbots-c10,934,10000,152.11220729818262,-151.69642594063254,151.69642594063254,0.41578135755008816,152315.3757656173,4211.684956652689,0.973092927592082,8013,1508,98066.28571796858,-0.0016623386675065888,0.22025656654223325,99.83376613324934,9980.948598224075,73.91346420600289,0
flashbots-c10,935,10000,167.32165102249786,-167.25663856152192,167.25663856152192,0.06501246097593594,128760.49679453945,1763.4869119957334,0.986489173392373,6425,1445,89902.89409170598,0.000003325461683942876,0.13656273130297264,100.0003325461684,10019.109182016273,60.009998089698215,0
flashbots-c10,936,10000,30.357466599501993,-30.355646258821945,30.355646258821945,0.0018203406800481048,55479.27636394052,2909.7174794330876,0.9501666788909173,4173,546,32112.991292240462,-0.002501700098524111,0.05679139112609064,99.74982999014759,10025.032575908317,105.05855312620623,0
flashbots-c10,937,10000,225.53300573686397,-226.02428998237787,226.02428998237787,-0.4912842455138957,220011.19315866928,3428.2795839521864,0.9846567862792033,8221,1743,150600.16562216388,-0.00032163621696241763,0.15295533853976678,99.96783637830376,9998.086131580221,150.2718954070977,0
flashbots-c10,938,10000,82.6453148541269,-82.67721442517976,82.67721442517976,-0.03189957105286112,152529.36321059693,2912.9814088026524,0.9812600522982649,9603,1299,88382.82043383949,0.00045930359842543566,0.05839882585241739,100.04593035984254,9988.208979821537,126.17586885449033,0
flashbots-c10,939,10000,108.16889540663776,-108.17278515867326,108.17278515867326,-0.003889752035505012,157472.08965947412,1421.3736670642338,0.9910545491469136,9554,1462,96439.62090972748,0.00021390278719394474,0.08278664644604404,100.0213902787194,9997.525984384936,101.06099073645629,0
flashbots-c10,940,10000,107.97808538969785,-108.0831208681464,108.0831208681464,-0.10503547844854211,118275.59107938076,2186.5666516435326,0.9818485182996154,5837,1111,79775.65051794781,-0.00015362383546559498,0.0689010281667143,99.98463761645344,9999.751254588184,120.78313631376483,0
flashbots-c10,941,10000,165.0773209073114,-165.0598144039584,165.0598144039584,0.01750650335299042,225545.96870376484,2840.910354459923,0.9875609738782951,8519,1804,153299.72704327092,0.0003263882538882967,0.06311644957042872,100.03263882538883,10007.931493944867,169.26597924815883,0
flashbots-c10,942,10000,287.37511901310893,-287.2461172423276,287.2461172423276,0.12900177078131492,173448.94798123898,2924.850374321363,0.9834167523657623,9472,2140,120257.64233350266,-0.005875477685409436,0.1820296913183732,99.41245223145906,10028.782475736243,25.402786763145137,0
flashbots-c10,943,10000,215.39857149408886,-215.36057800605266,215.36057800605266,0.03799348803619296,222540.0550822447,4968.596874565301,0.9781608442939194,11486,2152,142549.53149847395,-0.001780578229710983,0.194096699548642,99.8219421770289,10013.992814304043,78.19488420272818,0
flashbots-c10,944,10000,89.95921777608211,-89.95503937982511,89.95503937982511,0.004178396257003669,124840.70915691231,2281.9901568722407,0.9820489167615969,6227,1233,81836.6716630044,-0.00038896285897990876,0.061886607665496314,99.96110371410201,9988.19134788084,79.20098667178127,0
flashbots-c10,945,10000,26.25258068197556,-26.23420307870187,26.23420307870187,0.01837760327368798,66937.22959707148,1478.5359832761826,0.9783889580020881,4240,558,38655.710279695086,0.000017012433832093167,0.038926707283238784,100.00170124338321,9996.305818047764,173.7740876760304,0
flashbots-c10,946,10000,89.81368498319613,-89.78843906767354,89.78843906767354,0.025245915522589257,82949.56697456649,1232.5387485006697,0.9853586609896011,4211,917,58297.666612584646,0.0004158980306634419,0.09243459645346278,100.04158980306634,10032.181359245473,52.164583536131765,0
flashbots-c10,947,10000,109.0722647764729,-109.09514788198126,109.09514788198126,-0.02288310550835604,119013.1735999648,1513.4178748940546,0.9874432865281041,5652,1225,81146.59164737177,-0.000006222328006941779,0.0692774164594762,99.9993777671993,10003.744384106112,128.16906905538224,0
flashbots-c10,948,10000,84.88470801177868,-84.84179550384682,84.84179550384682,0.04291250793185952,86551.16817642863,1830.9422050683397,0.9792837917406004,3969,935,61087.57309365761,0.0018754618072391338,0.1291385127533073,100.18754618072391,9989.708637804833,83.92570193792658,0
flashbots-c10,949,10000,420.22152062064106,-420.5189812622576,420.5189812622576,-0.29746064161656705,247603.77474537995,6030.2255076642705,0.9762246958150403,9176,2453,178567.30563051035,0.0006047928892944299,0.14993660277570242,100.06047928892944,9970.482641162725,70.36953262042883,0
flashbots-c10,950,10000,41.32972748247893,-41.325959163497174,41.325959163497174,0.0037683189817556695,73546.79472350058,178.42929603158942,0.9975798066617699,5935,713,41453.82739612182,-0.001955904041218872,0.07268582266435672,99.80440959587811,10019.200032423027,98.44005129273961,0
flashbots-c10,951,10000,102.66193201755452,-102.59703056726354,102.59703056726354,0.06490145029097505,149803.40282477203,2098.0378999061695,0.9861881632596964,8644,1272,90366.9024835306,-0.0001226516097513297,0.10851486191901685,99.98773483902487,9967.80190588636,148.9629282748829,0
flashbots-c10,952,10000,127.73253966264414,-127.73375800822218,127.73375800822218,-0.001218345578038793,189707.3458061893,435.25553983059586,0.9977108994157573,11815,1751,113426.77263394662,0.0012397456712831456,0.08880108143117198,100.12397456712831,9986.446383194627,98.64640832164508,0
flashbots-c10,953,10000,89.16852057156073,-89.14843998656599,89.14843998656599,0.0200805849947443,154491.7598343369,4916.307924073331,0.9691589767493812,10520,1440,89206.2081681152,0.0016976175790081526,0.07712986134527497,100.16976175790082,9979.289170952981,119.56303624451994,0
flashbots-c10,954,10000,85.99932134740347,-85.97583579807586,85.97583579807586,0.02348554932760294,122585.24835476809,4219.384218530883,0.966725314896584,8317,1323,74052.20521332101,-0.0029659832637322836,0.056207320760418185,99.70340167362677,10036.81550687106,73.36659174298256,0
flashbots-c10,955,10000,145.7132031682418,-145.739741538841,145.739741538841,-0.026538370599212158,156168.46554056753,8366.740111488118,0.9491492408671409,9006,1714,101752.84458820509,0.00013738264335344752,0.08742934247889082,100.01373826433534,9973.136563827968,44.53245722914996,0
flashbots-c10,956,10000,337.8119790333394,-337.8302967230845,337.8302967230845,-0.01831768974506076,312972.69120450603,4069.006923888811,0.9871657042341447,11839,2397,211539.57453892217,-0.0023308076341007223,0.17591987406313705,99.76691923658993,10022.024092586575,107.41825791751016,0
flashbots-c10,957,10000,176.41285182602047,-176.37866770575408,176.37866770575408,0.03418412026638862,185606.73734920248,3938.2129503599394,0.979222802062857,11135,1806,115893.28942428647,-0.001095691756928261,0.1888634816043846,99.89043082430717,10001.824040873915,79.42004567793134,0
flashbots-c10,958,10000,136.02018739939007,-136.04532777137325,136.04532777137325,-0.025140371983184195,143832.95994698818,2421.074402938883,0.983446101752337,6485,1307,96678.55707920363,-0.001204515487214195,0.13301713315027613,99.87954845127858,10013.847447864087,103.19117791931505,0
flashbots-c10,959,10000,127.14635331562754,-127.17107422910095,127.17107422910095,-0.024720913473416317,166212.35013017358,3557.373567391097,0.9790458893970496,10355,1581,102205.67802500665,0.0019527606497491946,0.06728731683390138,100.19527606497492,9957.108865523316,63.97954373227681,0
flashbots-c10,960,10000,130.14026853233432,-130.11283419785394,130.11283419785394,0.027434334480375355,183411.4134519835,3462.442521247153,0.9814717660572962,10031,1660,115594.3358402512,-0.005816447799883946,0.06598830992392607,99.4183552200116,10032.070958668444,80.69917607259077,0
flashbots-c10,961,10000,22.74566236860714,-22.73749903700957,22.73749903700957,0.008163331597568657,62839.08925698319,2197.462823361292,0.9662118800417556,5157,600,34096.92242246372,0.0012002287383391774,0.03501678918244863,100.12002287383392,9999.530049423629,108.08405333850828,0
flashbots-c10,962,10000,92.29287276179201,-92.27349652992503,92.27349652992503,0.01937623186698545,160192.62409706094,1512.0796244088917,0.9906491302379591,10193,1447,93974.7857754474,0.004321806423547941,0.07342789948745604,100.4321806423548,9950.965000575097,113.53587072471963,0
flashbots-c10,963,10000,162.75718008767268,-162.764668371119,162.764668371119,-0.00748828344632102,177303.36274142517,7701.628802949804,0.9583706972516874,10186,1860,113689.38997541422,0.001214368564268824,0.08999254325213585,100.12143685642688,10002.159543099362,87.66726353746705,0
flashbots-c10,964,10000,104.37708279302285,-104.4124492974276,104.4124492974276,-0.035366504404748866,157992.0453676493,2704.7226768739265,0.9831687798716365,9715,1503,96580.20372921193,0.001934226620981292,0.09202496244528376,100.19342266209813,10020.294076631388,61.096299341296785,0
flashbots-c10,965,10000,79.20517634437734,-79.20480663682676,79.20480663682676,0.0003697075505755265,142851.83567888412,36.72793639482017,0.9997429609797623,9127,1349,84482.00206718392,-0.000462088760956334,0.052822438840153293,99.95379112390437,10004.0945331319,100.07319535446113,0
flashbots-c10,966,10000,153.11107248267803,-153.0972104192154,153.0972104192154,0.013862063462624974,189498.11933303106,1389.5183599300985,0.9927207524975236,9131,1723,123780.4789736756,0.0013491367145536514,0.07900067212482653,100.13491367145537,9990.987424340969,103.84998603647017,0
flashbots-c10,967,10000,192.49056140408157,-192.5885605168781,192.5885605168781,-0.09799911279651496,153203.91048246768,2208.7874510096194,0.9857875998526513,5704,1523,111676.19288337264,-0.001635205879677244,0.13276735790823607,99.83647941203228,10031.033306169773,83.88825720589213,0
flashbots-c10,968,10000,275.50380035764044,-275.56745310954227,275.56745310954227,-0.06365275190182729,235922.8281593973,4588.916703114053,0.9809201970334658,8800,2117,166777.95472648274,-0.0011358833235463805,0.14012913231061405,99.88641166764536,9996.128136236232,92.76347330671241,0
flashbots-c10,969,10000,222.11035504496752,-222.0569964443854,222.0569964443854,0.053358600582129156,176088.59321911505,6240.918392631678,0.9657712109385719,8280,1976,121879.0411362161,0.0018882529828297835,0.1938324505446211,100.18882529828298,10027.300687622583,62.133199381701424,0
flashbots-c10,970,10000,116.1014239823374,-116.08868837116518,116.08868837116518,0.012735611172217887,193869.56956780032,3929.044962293028,0.9801361350703734,7576,1438,127006.8172022927,-0.00017100064880239076,0.055794649277174244,99.98289993511976,10030.489007616954,181.17236352138633,0
flashbots-c10,971,10000,174.46168569662183,-174.4799566693008,174.4799566693008,-0.018270972678976705,181838.81752022234,2196.031524767565,0.9880673060772814,7792,1652,124142.591530266,-0.0000006094126071332085,0.12276314445227726,99.99993905873929,9996.94350497344,108.39538477256826,0
flashbots-c10,972,10000,56.79742204572494,-56.78282417705155,56.78282417705155,0.01459786867339119,82790.43089179616,2803.758756817631,0.9672435854778487,4443,815,52578.40595205444,-0.005265263954024135,0.06901913628041101,99.47347360459759,10058.961304310575,110.90080125537601,0
flashbots-c10,973,10000,173.44885464947052,-173.41670743096796,173.41670743096796,0.03214721850255842,228520.3153710494,5007.87808854218,0.9785555738930138,11634,1991,143820.9414919165,-0.0005369067827354001,0.0901238225471623,99.94630932172646,10010.48520288784,153.51238374577542,0
flashbots-c10,974,10000,51.831146784522566,-51.86009542729818,51.86009542729818,-0.028948642775610267,100267.58969010839,2679.213974751004,0.9739747726070921,6664,863,57197.75659670323,-0.0006050349823455292,0.047717204140022035,99.93949650176545,10007.522082843296,117.57216251344016,0
flashbots-c10,975,10000,147.46757848864286,-147.54663892369828,147.54663892369828,-0.0790604350554247,117151.49809430166,1945.1342402931364,0.9836675966216375,4457,1191,87521.13280147286,-0.000007640002748416918,0.09168055704171138,99.99923599972516,9990.928004388914,64.16033880879931,0
flashbots-c10,976,10000,70.6784049778142,-70.66973842868448,70.66973842868448,0.008666549129713985,106904.99883530432,297.20926443432614,0.9972275826244381,6379,1034,68277.0212855967,0.0030265366623650892,0.05567443135074626,100.30265366623651,9968.775133481464,102.75298993868925,0
flashbots-c10,977,10000,116.44579887882966,-116.41996359605675,116.41996359605675,0.025835282772916912,136915.90129356587,2256.5594398321086,0.9837858766889606,6934,1302,90458.83614251821,0.000004219368088058672,0.1377121212258511,100.0004219368088,9995.48747963186,91.86459830000013,0
flashbots-c10,978,10000,124.20660532319283,-124.16663886175256,124.16663886175256,0.03996646144027238,110883.68854590517,4915.977172472663,0.957547570263042,9004,1541,68957.49356229676,-0.005651696832761957,0.1682224217581806,99.4348303167238,10026.01052332129,23.8162423587413,0
flashbots-c10,979,10000,160.3397792555798,-160.44495734180106,160.44495734180106,-0.10517808622125813,187818.36269810025,3935.5820666744066,0.9794758742955604,8863,1690,125076.67014536897,0.000008559734594513201,0.08426023425372989,100.00085597345945,10003.32229863948,126.11982565019574,0
flashbots-c10,980,10000,78.41414149490001,-78.42664307533028,78.42664307533028,-0.012501580430267722,124903.87093251816,3690.8008273473856,0.9712989599270528,9538,1127,70015.40241926079,-0.00087878623789166,0.1072825089735153,99.91212137621083,10005.396939365279,113.32141015727349,0
flashbots-c10,981,10000,132.31208728443153,-132.32922469046693,132.32922469046693,-0.01713740603540259,179095.30016048407,2755.8378953289857,0.9848456384447636,8671,1654,116226.61960043355,-0.0006366901470170205,0.09726579310328659,99.9363309852983,9993.199557860884,133.91110719652707,0
flashbots-c10,982,10000,138.67850685976538,-138.67686589522236,138.67686589522236,0.0016409645430144337,196111.4638339856,3412.94553826563,0.9828945964606359,10097,1653,123427.5973798257,-0.000000056841487179326575,0.1054958766428777,99.99999431585128,9975.508281235678,137.53453606259666,0
flashbots-c10,983,10000,217.07169262328307,-216.71248747603738,216.71248747603738,0.35920514724568875,198005.29231561214,4100.126500364369,0.9797129313781653,8123,1940,139361.1103374119,0.021441338181534774,0.12473355235454847,102.14413381815348,9820.482757266034,82.94149992009324,0
flashbots-c10,984,10000,194.5698089862507,-194.5980338923157,194.5980338923157,-0.02822490606499173,216809.92997637292,2623.917658932238,0.9880423294436639,8015,1782,150856.55765921384,-0.002888131800889937,0.0838423734855489,99.711186819911,10040.3686090822,132.2300375431944,0
flashbots-c10,985,10000,146.70800618509486,-146.71174927029165,146.71174927029165,-0.0037430851967883427,204313.33125637728,2386.655790505224,0.9884535271404545,10563,1840,131234.27220459515,0.0002195853753528354,0.05867417999528584,100.02195853753528,10000.659895461891,108.3868371185161,0
flashbots-c10,986,10000,173.63513316161936,-173.61177522946903,173.61177522946903,0.023357932150332772,194777.48855161763,816.9387563117359,0.9958233024961104,8766,1745,130440.93653237604,0.004378782954628235,0.08215583754010353,100.43787829546282,9954.710726330693,105.05371503082581,0
flashbots-c10,987,10000,154.77688073285617,-154.7797926988789,154.7797926988789,-0.0029119660227365785,143885.7707904234,3194.1519414253203,0.9782828826525236,5591,1345,102998.5900072623,0.004474257959135457,0.1185718446549184,100.44742579591355,9966.625606129051,94.71457169401732,0
flashbots-c10,988,10000,218.62361628686529,-218.57955036860295,218.57955036860295,0.044065918262333525,253285.07785237304,2524.5540136051304,0.9901311221348859,11758,2237,167038.1900791083,0.005913309050192765,0.11018940703192329,100.59133090501928,9937.50365724424,95.34830776808288,0
flashbots-c10,989,10000,200.71060204643516,-200.7151746478324,200.7151746478324,-0.0045726013972569035,189243.98926624027,7781.5804575560705,0.9605047178979622,8336,1712,126968.35903295883,0.0008397103726829869,0.14022021424118805,100.0839710372683,9990.770938518303,87.92640818545736,0
flashbots-c10,990,10000,118.38717655538629,-118.3364118737083,118.3364118737083,0.05076468167798964,117793.69794351672,4284.431964509929,0.9649041808902397,6061,1239,79401.27392476516,-0.0000057297515402865425,0.1040497694097904,99.99942702484597,9997.982761620258,63.800433732442364,0
flashbots-c10,991,10000,230.76019472493044,-230.83120582951025,230.83120582951025,-0.07101110457981008,275575.86498980207,5182.7281135463,0.9815402689682288,10246,2141,184750.93521746717,-0.002002323101202279,0.1204687986669424,99.79976768987977,10032.458440029664,131.43011031994297,0
flashbots-c10,992,10000,205.365476062995,-205.35961506027672,205.35961506027672,0.005861002718262398,242587.11046298553,8274.42635848218,0.9670159624176626,10772,2126,158180.2766261345,0.0002998535012336845,0.07654190739830596,100.02998535012337,9981.987397983483,105.72201433928285,0
flashbots-c10,993,10000,113.83631989477311,-113.79291965345845,113.79291965345845,0.04340024131465725,106192.6629102484,3266.51085392634,0.970157724185239,4361,1119,77686.73294214605,-0.006663689303938156,0.07903447082954998,99.33363106960618,10019.01658610811,64.12596545006191,0
flashbots-c10,994,10000,220.90907528860566,-220.89420839944725,220.89420839944725,0.014866889158412278,242157.30377574958,6684.656484938448,0.9731369400966959,10243,2149,164061.9148671891,0.00016721699241600162,0.08478564555228119,100.0167216992416,9990.403124773131,104.93080575184041,0
flashbots-c10,995,10000,394.95617851474185,-395.21449614997795,395.21449614997795,-0.2583176352360965,291854.60125394806,4552.835875808909,0.9846399404822767,10936,2551,202628.200514473,-0.004840683618570835,0.12949409120328612,99.51593163814292,9956.769097878216,75.38367126263556,0
flashbots-c10,996,10000,284.98159906129985,-285.1344349492522,285.1344349492522,-0.15283588795233527,196845.81505542737,10558.039085674516,0.9490942965867374,7657,1956,142388.94760794708,-0.008796559000047211,0.1660975890521169,99.12034409999528,10059.96231909881,87.21507112732313,0
flashbots-c10,997,10000,81.7828180517919,-81.77296653584534,81.77296653584534,0.00985151594656486,115439.50475307631,3608.6658736815775,0.9696873471076214,7219,1092,71418.36711812502,-0.001615839554879983,0.07392846116745516,99.838416044512,10025.598601695587,107.08728473357351,0
flashbots-c10,998,10000,240.37900548232813,-240.36227008951312,240.36227008951312,0.0167353928150078,246312.25883048135,5782.482267464871,0.9770622653916521,9707,2183,171442.52589063032,-0.000010745865032646407,0.0823984781818163,99.99892541349674,10004.357827807808,96.25685765340556,0
flashbots-c10,999,10000,145.14841946869277,-145.16842231162389,145.16842231162389,-0.020002842931120313,132028.17327307776,1426.8756319610143,0.9893081929558445,5309,1291,94733.04639181816,-0.0009232165900087353,0.10452900669986306,99.90767834099913,10011.794511841532,90.08787327790438,0
dodo-k50000000000000000,0,10000,74.46025478835924,-74.46103638833972,74.46103638833972,-0.0007815999804847706,154289.86522091043,1843.8164819564674,0.9881907832964231,6661,1086,98195.18276842854,0.0012427793472333803,0.07247394230642329,100.12427793472334,9986.066200902227,88.19719749066152,0
dodo-k50000000000000000,1,10000,23.007771738394304,-22.992891906793805,22.992891906793805,0.014879831600499216,56879.22955886036,1415.613294335695,0.9757163202600849,3964,403,31395.04774943124,0.0018735496586600674,0.1199639791151425,100.187354965866,9983.673498248596,51.02014315808477,0
dodo-k50000000000000000,2,10000,37.31376734659973,-37.311522758785294,37.311522758785294,0.002244587814438148,123790.11690341205,1048.7506373674257,0.9915991657243699,7601,859,66389.83068515004,0.0014128339797190392,0.07007047184325373,100.1412833979719,9984.831759171493,92.60684722629529,0
dodo-k50000000000000000,3,10000,25.51667707421179,-25.512750544052224,25.512750544052224,0.003926530159564123,80472.1727878506,1488.6234155316013,0.9818373724452646,5728,533,40837.656912282786,-0.005114962498666813,0.08888665050311459,99.48850375013332,10027.044976824987,95.23520454777344,0
dodo-k50000000000000000,4,10000,50.33261388017004,-50.32362267505187,50.32362267505187,0.008991205118164203,101400.64561080866,883.6412535607667,0.9913609286367466,4389,730,65369.77471740984,0.0032445707659269373,0.08726787184490008,100.3244570765927,9964.344721167845,99.79690512669549,0
dodo-k50000000000000000,5,10000,57.08576408441026,-57.08060142683989,57.08060142683989,0.005162657570366491,143977.0734837111,2366.823509538424,0.9838269749667278,8615,979,81195.39844463854,0.00045584210075816145,0.0754246029227815,100.04558421007582,10000.61825635986,89.6630303027163,0
dodo-k50000000000000000,6,10000,33.394897828389055,-33.390358719448244,33.390358719448244,0.004539108940811332,127619.26198372841,2080.7621650017186,0.9839571181373439,9014,866,65598.89286113567,-0.0026487720511626377,0.045757542260217575,99.73512279488374,10039.069775263313,112.87745809577848,0
dodo-k50000000000000000,7,10000,86.02374135607072,-86.02383592207399,86.02383592207399,-0.00009456600326984699,156875.75277123647,98.49026562041452,0.9993725705331333,5837,1073,103926.57153982029,-0.00010260490911818465,0.08765732708525065,99.98973950908818,10001.53549876256,99.57023518258744,0
dodo-k50000000000000000,8,10000,184.02240334334826,-184.0339293095911,184.0339293095911,-0.011525966242828645,277005.5248681335,3032.445569383814,0.9891713057174137,9770,1780,178991.68503701375,0.000687876914013117,0.1908795691528289,100.06878769140131,9990.036861187806,118.34002263650147,0
dodo-k50000000000000000,9,10000,90.44861369252865,-90.34050534142915,90.34050534142915,0.1081083510995029,202113.83616399672,3033.32036884424,0.9852139292588311,9156,1320,119116.02857793022,-0.003898628315319996,0.08805976214459094,99.610137168468,9952.490918055912,153.7840946317001,0
dodo-k50000000000000000,10,10000,66.6310048435104,-66.63033013010839,66.63033013010839,0.0006747134020059775,154860.45657200433,375.41226518462463,0.9975816654488637,7564,1075,92354.64912372324,-0.0002658199101796299,0.1092068456249379,99.97341800898204,10003.967318421284,101.48687291166948,0
dodo-k50000000000000000,11,10000,75.04889814068572,-75.09732417823821,75.09732417823821,-0.04842603755248831,144806.1763947067,1886.3611576875703,0.98714071493232,6160,973,90537.2096441569,0.00022166283552550682,0.12350452744832338,100.02216628355255,9989.74821077441,95.23554058680836,0
dodo-k50000000000000000,12,10000,174.7994562705454,-174.78458383225657,174.78458383225657,0.014872438288819012,302217.5170403914,571.09744108399,0.9981138741228365,11701,1912,188923.38454950092,-0.0038825578919413316,0.13889279806331203,99.61174421080587,10036.230935124375,101.37104955938125,0
dodo-k50000000000000000,13,10000,146.69944309987244,-146.71615842307415,146.71615842307415,-0.016715323201708543,284961.3720184343,2197.6741779501963,0.9923468398190485,10565,1864,186041.378851455,0.0009381027460375435,0.08752675552279002,100.09381027460375,9992.628132131746,100.44654210855664,0
dodo-k50000000000000000,14,10000,76.9017561394326,-76.97008267126714,76.97008267126714,-0.06832653183452919,131326.12126161528,3166.768959627906,0.976454004710446,6582,953,79424.55481440925,0.014542349314658197,0.12674239033769483,101.45423493146582,9947.255339285504,62.80895993167865,0
dodo-k50000000000000000,15,10000,109.21298268357889,-109.18079603343598,109.18079603343598,0.03218665014290423,202444.06367819995,3294.7586731168367,0.983985722113784,7332,1382,133844.65740385157,-0.005409301120179321,0.08566658924718794,99.45906988798207,10056.210136542077,92.84026173414608,0
dodo-k50000000000000000,16,10000,302.55226192875824,-302.28430393388925,302.28430393388925,0.2679579948689934,253543.33088792468,3196.9705119730193,0.9875478431140678,9484,1750,165287.55971465155,0.01012135545713292,0.4334042090866025,101.01213554571329,9937.104697214916,33.40793782367383,0
dodo-k50000000000000000,17,10000,32.225566486213935,-32.235605509345525,32.235605509345525,-0.010039023131589886,119853.59480597908,1931.1727722201842,0.9841427396001707,8694,788,60197.19590191518,0.000023866422013156806,0.05096641595818667,100.00238664220132,10017.255626625469,139.045628647001,0
dodo-k50000000000000000,18,10000,141.3202764156445,-141.32770383775465,141.32770383775465,-0.007427422110140469,273702.0896806887,1052.2699203004204,0.9961701429530415,10353,1808,175378.88977706985,-0.0031243388660793414,0.08940141452211464,99.68756611339207,10032.09634287047,93.76140412178559,0
dodo-k50000000000000000,19,10000,42.69830115740346,-42.679849805241446,42.679849805241446,0.018451352162017542,132655.32301179602,3047.161603485194,0.9775452777292623,10228,802,64758.38486828028,-0.00003596765674217295,0.08103231742304985,99.99640323432578,10000.962445265746,112.35294496405139,0
dodo-k50000000000000000,20,10000,87.75406608890015,-87.79746826871322,87.79746826871322,-0.043402179813071484,182291.72496420046,4145.058742957787,0.9777669478064556,8167,1263,111966.95192499545,0.0013923838923535926,0.1337250949010607,100.13923838923536,10008.781303520454,96.08783510341532,0
dodo-k50000000000000000,21,10000,143.1018916460882,-142.81446791462514,142.81446791462514,0.28742373146306477,238798.60542959464,2759.994975281293,0.9885742218631203,8994,1600,152920.09847302848,-0.0003318161822789989,0.1739280291520997,99.9668183817721,9980.763349977255,66.664639588171,0
dodo-k50000000000000000,22,10000,107.47317452933578,-108.28058921535492,108.28058921535492,-0.8074146860191433,148633.98683328863,2327.6073469910143,0.9845814602076117,7402,1017,89573.71109661642,0.0031335185878826623,0.18539860356687313,100.31335185878827,10003.773315383882,57.98358028671422,0
dodo-k50000000000000000,23,10000,88.91209015029594,-88.97239821732519,88.97239821732519,-0.060308067029254175,200574.10117676252,1626.1949523640951,0.9919575045957123,7857,1180,122035.85575367682,-0.0042423623456893725,0.06888837795428344,99.57576376543106,10042.900927277658,163.8063401131231,0
dodo-k50000000000000000,24,10000,65.53374881349058,-65.53673717842513,65.53673717842513,-0.0029883649345521235,205902.0137897473,3880.3980398281383,0.9815027484621517,10680,1209,114040.16799980757,0.0008107726139947146,0.04413797969060809,100.08107726139947,9983.476246824908,179.83882562108087,0
dodo-k50000000000000000,25,10000,77.45592771393196,-77.54606526174368,77.54606526174368,-0.09013754781172167,179901.60708668822,3184.1528795114805,0.982608407775136,8829,1216,105916.01248411206,-0.00030895212875194035,0.0963485686070048,99.9691047871248,10029.042167852445,91.09577641654727,0
dodo-k50000000000000000,26,10000,68.38767508823496,-68.42670016245933,68.42670016245933,-0.039025074224369405,175156.60824045507,1703.4961434744507,0.9903681152433537,10195,1295,98581.26628262018,-0.0061722509271339735,0.07870408875619617,99.3827749072866,10058.28701580249,48.704627688688795,0
dodo-k50000000000000000,27,10000,36.08661247271854,-36.114486799071,36.114486799071,-0.027874326352460344,95897.20386403822,1841.705368019862,0.9811568864182107,4893,686,56940.14890519302,0.003107127037789894,0.06003481189336469,100.31071270377899,9971.995089876304,84.40924722637783,0
dodo-k50000000000000000,28,10000,29.062166555181847,-29.072041125234634,29.072041125234634,-0.009874570052787135,104405.91709915812,1734.7957144664983,0.9836556994156175,4825,635,59135.10509765056,-0.0013524673716391077,0.03394277513265635,99.86475326283609,10000.00950960367,205.51212060341794,0
dodo-k50000000000000000,29,10000,98.38042897649521,-98.36361209291452,98.36361209291452,0.016816883580688113,176606.96309053438,1767.5918442697412,0.9900905605907984,7901,1212,108461.85284100648,0.0036912689973785007,0.1175986172842947,100.36912689973785,9964.734465115875,86.58439095986556,0
dodo-k50000000000000000,30,10000,48.330570460337626,-48.34953038183906,48.34953038183906,-0.018959921501433996,129636.98197079403,2169.0651425904593,0.9835435081311212,7192,971,75504.0828343593,0.005698887842934823,0.127926722221211,100.56988878429348,9977.463177615506,52.14392420479111,0
dodo-k50000000000000000,31,10000,108.63649657435961,-108.6925251723401,108.6925251723401,-0.056028597980485983,224673.78589713943,4330.882023187623,0.9810882369232126,10247,1540,137048.457952951,0.0033692792517180693,0.10231569477189736,100.3369279251718,9972.52190414901,110.67588266666739,0
dodo-k50000000000000000,32,10000,35.088529950205206,-35.08827017528876,35.08827017528876,0.0002597749164436891,123506.49486484686,2346.556749664481,0.9813547886240216,7788,748,64530.227353081,0.0002106075442368649,0.06816563835140087,100.02106075442369,10021.149041768296,150.5462407016785,0
dodo-k50000000000000000,33,10000,48.94241196388599,-48.968196606432315,48.968196606432315,-0.025784642546327063,114698.50744023017,2542.0736719412316,0.9783174592975697,7485,869,64510.93204254002,0.005242195548040911,0.12227583298274823,100.52421955480409,9972.585260436244,65.08150843612081,0
dodo-k50000000000000000,34,10000,69.15674417552923,-69.16861377461883,69.16861377461883,-0.011869599089607163,174934.90486925124,2247.6605373670373,0.9873144373307337,8713,1188,102776.23947063585,0.00102092704774833,0.07405258738730566,100.10209270477483,9993.936486594977,101.14182694135982,0
dodo-k50000000000000000,35,10000,67.7240110767419,-67.91792085048624,67.91792085048624,-0.1939097737443376,156595.15916417597,3265.3814704209954,0.9795735616965985,11388,1087,82200.17840530755,0.003808308458547458,0.1749271549499042,100.38083084585475,10020.932226911787,48.53289564999783,0
dodo-k50000000000000000,36,10000,73.48978907937884,-73.492444313103,73.492444313103,-0.002655233724155437,213015.66892364406,2595.8029823289753,0.9879607380841916,11649,1391,117672.54802202906,0.0004554238238685571,0.06593176450546906,100.04554238238686,9997.749143332421,93.57010798548743,0
dodo-k50000000000000000,37,10000,37.29245059466392,-37.243186311376974,37.243186311376974,0.04926428328694499,101806.37616708012,2633.7919451210023,0.9747818105550012,5687,685,58088.47552259284,-0.001101046299030486,0.06432271435827616,99.88989537009695,9996.90735286219,120.57881934574904,0
dodo-k50000000000000000,38,10000,37.4163506753423,-37.432285520757965,37.432285520757965,-0.015934845415664256,87830.29659368187,916.744556458825,0.9896701394820826,4310,644,52904.835387299165,-0.0019296331400381916,0.08348297636069218,99.80703668599618,10018.920484096003,71.98237568592819,0
dodo-k50000000000000000,39,10000,63.557801293695306,-63.54876586491488,63.54876586491488,0.009035428780428845,160842.49778986973,2290.861245639562,0.985957125757823,8830,1131,91905.7774584767,0.006358536946708568,0.09485773804985655,100.63585369467086,9959.325570492676,63.832420655588194,0
dodo-k50000000000000000,40,10000,69.56910957972113,-69.57154662504168,69.57154662504168,-0.0024370453205477816,132989.09629699864,2034.9986683550887,0.984928625747299,5746,896,83947.69810441941,-0.0010222149792922153,0.13789347910960287,99.89777850207078,10010.440765930605,103.824823994845,0
dodo-k50000000000000000,41,10000,72.40783075064704,-72.47244643394053,72.47244643394053,-0.06461568329349632,223400.65964381688,5381.806207160673,0.976476316980226,11079,1386,126320.02325548022,0.0009573300611131685,0.04704299366483866,100.09573300611132,10020.271791045107,123.15711283826744,0
dodo-k50000000000000000,42,10000,79.03509274752761,-79.00743979203413,79.00743979203413,0.02765295549347968,143900.42358772308,1753.0641480316472,0.9879641457593377,5978,984,89669.44333758934,-0.00019924743950866741,0.20304647630863443,99.98007525604913,9990.684660962139,131.86361333046014,0
dodo-k50000000000000000,43,10000,161.02148373706547,-161.00278706027473,161.00278706027473,0.018696676790739275,265173.0818717145,3079.477578942437,0.9885202303931461,9430,1693,174118.79444138013,0.0010307989525574612,0.10230644672655104,100.10307989525575,9995.450147988236,104.65399671555824,0
dodo-k50000000000000000,44,10000,48.32773140419648,-48.32026691813949,48.32026691813949,0.007464486056989017,108136.0126687897,1453.5682300767612,0.9867362552338057,4188,763,70876.94972654311,-0.0013440740856643174,0.0574730006666897,99.86559259143357,10054.915493707816,202.93007228776162,0
dodo-k50000000000000000,45,10000,79.07692858097974,-79.0636262878597,79.0636262878597,0.013302293120034392,206075.06737055836,779.7057954452066,0.9962306608471659,11032,1365,116537.43929285354,0.0017917859037781625,0.10916603846367608,100.17917859037782,9981.437263664031,102.2127090536692,0
dodo-k50000000000000000,46,10000,160.5250273951087,-160.46626972711408,160.46626972711408,0.05875766799462667,294183.23941064556,2092.3782596718165,0.9929377304952576,11125,1876,184746.59911455127,-0.0005513733200248794,0.16075431726482578,99.94486266799751,10000.517165960837,102.77217781739873,0
dodo-k50000000000000000,47,10000,161.54042571646653,-161.58707883394717,161.58707883394717,-0.04665311748064482,234835.89998016352,2483.9789220619687,0.9895332033138051,8370,1561,155628.02804669627,0.00022896022685301888,0.17815391752759935,100.0228960226853,10003.324762775186,79.6674381363814,0
dodo-k50000000000000000,48,10000,74.23083608474718,-74.17804990667341,74.17804990667341,0.052786178073773726,140349.85891222142,1861.4622873833746,0.9869105900171571,6482,1006,87804.89089728057,0.004454983651119448,0.14564108493633782,100.44549836511194,9967.204896931233,70.09697829734397,0
dodo-k50000000000000000,49,10000,50.137011303327085,-50.12441161719505,50.12441161719505,0.012599686132034549,163058.1565632954,3821.7022090506402,0.9770990805171753,10720,1041,84180.14376736073,0.001244333704474485,0.07573586550845918,100.12443337044745,9985.882403286947,126.28308410483056,0
dodo-k50000000000000000,50,10000,83.79185702554186,-83.61723567949599,83.61723567949599,0.17462134604586765,121884.00371309396,1429.6617726037744,0.9884062989533825,4315,824,80631.83438169226,-0.001184286283399132,0.2009777629013476,99.88157137166009,10005.17132271028,97.35866611043825,0
dodo-k50000000000000000,51,10000,68.47430731123025,-68.44736716605507,68.44736716605507,0.026940145175174735,144506.00379704492,2113.0918813310154,0.9855878808176098,5850,964,91986.1675092279,0.00008775778720732319,0.06021375195594146,100.00877577872073,10012.054672346789,117.11257224741712,0
dodo-k50000000000000000,52,10000,58.15668467777936,-58.19284916712141,58.19284916712141,-0.03616448934204897,138823.41385072304,1487.7914690713176,0.9893964885720967,6005,945,86677.0788637853,0.0004582068381768067,0.06163056415733308,100.04582068381768,10013.505629151,125.65909739566708,0
dodo-k50000000000000000,53,10000,85.36804106874855,-85.38224981182286,85.38224981182286,-0.014208743074306085,133711.3014632098,2150.8372303096203,0.9841689726733839,6324,1014,83758.13363179003,0.0001438088429775064,0.16895200099574992,100.01438088429775,9991.80287453957,41.85639581894704,0
dodo-k50000000000000000,54,10000,29.9153438274912,-29.863575283861003,29.863575283861003,0.05176854363019601,75247.00642633025,1315.8301832680525,0.9828137221459334,5490,599,43330.32657055396,-0.0042790099715981,0.11881579358443531,99.57209900284019,10008.637790141598,50.51369382026857,0
dodo-k50000000000000000,55,10000,153.21201195745357,-153.23343135058394,153.23343135058394,-0.021419393130372555,244715.8827028297,4421.119527025868,0.9822542637687078,10516,1708,150287.118558403,-0.0102967322546111,0.1989579546890927,98.97032677453889,10080.860827113771,60.546112460192404,0
dodo-k50000000000000000,56,10000,45.12355001693053,-45.11001179183334,45.11001179183334,0.013538225097192935,104918.57504831835,1720.158436012723,0.9838692904556535,5162,712,63555.02027733774,-0.001308456228755972,0.07766103118655365,99.8691543771244,10008.482603701903,146.04832612510074,0
dodo-k50000000000000000,57,10000,60.780823032553855,-60.78645078010542,60.78645078010542,-0.005627747551564255,159012.96474014455,2014.9818540625454,0.9874867568227748,8896,1104,89521.5132866504,0.00034005067964670843,0.08483576124709045,100.03400506796467,10018.88378301773,77.67038526056504,0
dodo-k50000000000000000,58,10000,130.53901262781423,-130.64284398446765,130.64284398446765,-0.1038313566534157,211863.46215938666,3535.99850547375,0.9835839955468811,7802,1521,141159.92012628523,-0.00008273397265412541,0.13410202221780892,99.99172660273459,10019.121568865912,72.28276224227757,0
dodo-k50000000000000000,59,10000,83.49130018355281,-83.4932539699553,83.4932539699553,-0.0019537864024954388,158555.28340326608,320.41945040386906,0.9979832067166433,5922,1082,102611.9204899973,0.0017772262441894781,0.10310449978092522,100.17772262441895,9984.046023963745,97.70721160064947,0
dodo-k50000000000000000,60,10000,44.89915271047013,-44.97395121854786,44.97395121854786,-0.07479850807772692,156098.86163634373,3805.664707259102,0.9762003941084101,11004,1074,80422.83372690709,0.00046690906369079244,0.07254279116825742,100.04669090636908,10014.413924125354,92.56558696223887,0
dodo-k50000000000000000,61,10000,35.6793538068107,-35.67669399936157,35.67669399936157,0.0026598074491346324,109979.91365937071,1598.1213992215917,0.9856770967656637,6225,758,61321.4843566184,-0.0017492214374473748,0.07299836938411942,99.82507785625526,10025.649169316495,103.92595555353815,0
dodo-k50000000000000000,62,10000,36.618332424134536,-36.598152295564034,36.598152295564034,0.020180128570501665,108662.71385671702,1776.855027935564,0.9839110651564442,6530,727,60116.36415438058,0.001412863637259676,0.08425155045273243,100.14128636372597,9977.868763267299,137.42372466016568,0
dodo-k50000000000000000,63,10000,132.12407259025838,-132.110193300569,132.110193300569,0.013879289689384677,274449.6037671383,2096.690344984782,0.9924183025062173,11427,1740,165695.09415742976,-0.0002494606994214621,0.09640817727306043,99.97505393005785,9999.504832801287,98.96920325179053,0
dodo-k50000000000000000,64,10000,126.93279548354879,-126.99605236728098,126.99605236728098,-0.06325688373219407,210811.38720188104,3652.320109184396,0.9829699852017995,9106,1483,133448.17417885285,0.0012277406087892473,0.1910268458334606,100.12277406087892,10033.151438299537,74.15403615226887,0
dodo-k50000000000000000,65,10000,16.307693161756085,-16.30885080932986,16.30885080932986,-0.0011576475737768988,53397.123631275856,316.23954967848266,0.9941124604576871,4301,361,26742.739125999095,0.000897791224569886,0.07261684960686025,100.08977912245699,9992.677613450967,102.73393851923394,0
dodo-k50000000000000000,66,10000,65.64850570794013,-65.4801455214801,65.4801455214801,0.1683601864600348,111382.17281110858,1190.885036077605,0.9894212251239174,4084,813,76143.02653535151,-0.019468563396630147,0.0817106157599521,98.05314366033699,10190.514229021956,94.85584061218105,0
dodo-k50000000000000000,67,10000,37.48502667567062,-37.49672225668405,37.49672225668405,-0.011695581013434264,106194.3190617801,2220.4780238540748,0.9795186811805756,5883,775,60345.42653087442,0.0037999065497820086,0.05005452636474601,100.3799906549782,9992.408945566123,72.42108641022617,0
dodo-k50000000000000000,68,10000,40.45623676729731,-40.41632629988431,40.41632629988431,0.03991046741300153,137964.63680986184,3584.9866494941357,0.9746732872763628,11252,907,65777.17253939538,0.0041308444022899946,0.11039997167567321,100.413084440229,9958.455162122062,58.40932061697143,0
dodo-k50000000000000000,69,10000,95.68523908888348,-95.46704452997096,95.46704452997096,0.21819455891251494,126390.76654362882,1935.8643483079518,0.9849145548756896,5464,817,79362.41733490388,0.00031624097129721916,0.2264783466532353,100.03162409712972,9960.919496727596,134.91793217780622,0
dodo-k50000000000000000,70,10000,90.56219558822339,-90.59892998269484,90.59892998269484,-0.03673439447145199,151081.35838165402,1145.6324467988175,0.9924741831881191,8047,1029,88924.82256922584,0.002494154517936522,0.2429780215722431,100.24941545179365,9978.085275982972,94.92072900346442,0
dodo-k50000000000000000,71,10000,44.904031583160915,-44.85641898229303,44.85641898229303,0.0476126008678861,126290.5732234953,2413.513933032607,0.9812475735125853,7708,918,70788.62791726615,0.0020504089615540977,0.07260348588018345,100.20504089615541,9968.857777101413,68.45710391780875,0
dodo-k50000000000000000,72,10000,22.377618870335716,-22.37461402565676,22.37461402565676,0.00300484467895501,83228.47250198215,2343.356771416268,0.9726153245605007,6626,575,41514.70667156,0.0002095203765576059,0.05222057759331619,100.02095203765576,9999.807145826833,96.37060832147118,0
dodo-k50000000000000000,73,10000,16.295321080375768,-16.306579907117637,16.306579907117637,-0.011258826741869399,58254.34755301595,1188.7702592011137,0.980001549330631,4382,390,28989.857160579875,0.0033811671608827963,0.056755327842894304,100.33811671608828,9980.89169297985,100.67828776070691,0
dodo-k50000000000000000,74,10000,103.23747726906822,-103.2376015050292,103.2376015050292,-0.00012423596098187772,219369.5927900622,2258.839409900575,0.9898079890405824,9211,1478,137122.41127069117,0.000036853226293516174,0.08375867267972809,100.00368532262935,9999.676127594039,95.90659946873016,0
dodo-k50000000000000000,75,10000,40.36979643548014,-40.305298104967015,40.305298104967015,0.06449833051312481,146307.1078447348,3008.665599623452,0.9798503163448795,11081,888,70269.43310144168,-0.0005073026081272758,0.05535671917217911,99.94926973918727,9966.811518319055,91.22287163918266,0
dodo-k50000000000000000,76,10000,30.407221619604776,-30.403559978225957,30.403559978225957,0.0036616413788195246,82177.32043006064,1123.3248443742161,0.9865148122121574,4423,569,48514.93095436529,-0.0015928448642897309,0.05238476299615954,99.84071551357103,10037.440395127318,125.84233488930936,0
dodo-k50000000000000000,77,10000,46.59138400764356,-46.58345802521866,46.58345802521866,0.007925982424900724,93925.48416053319,1267.3664488836228,0.9866863273788941,4283,698,59436.7337490088,0.0006192837434250009,0.11155719702102175,100.0619283743425,9996.0376488863,95.62363522688833,0
dodo-k50000000000000000,78,10000,51.440495800107584,-51.49655044142394,51.49655044142394,-0.056054641316357845,130915.94679629517,4416.957605963349,0.9673622787785996,9255,861,68800.46703269807,-0.0021373930570575796,0.11649460182848145,99.78626069429424,10024.700467185383,84.69556416044391,0
dodo-k50000000000000000,79,10000,39.78606731727007,-39.78726592031529,39.78726592031529,-0.0011986030452248997,142538.7698700927,242.50051088622743,0.9983015943881213,11377,898,69151.43398225121,0.0003019103635610065,0.08385218201441617,100.0301910363561,9997.784753339323,102.00281131785363,0
dodo-k50000000000000000,80,10000,30.589202142072903,-30.603861836686704,30.603861836686704,-0.014659694613801122,89882.81001447662,1918.2781142878891,0.9791039719311689,5053,592,51058.32598597736,0.0020549250731572498,0.037701503132418136,100.20549250731572,9990.775402271358,113.19352804042104,0
dodo-k50000000000000000,81,10000,23.536880512232525,-23.545606737607336,23.545606737607336,-0.008726225374811492,80634.40701113966,2432.0438229402694,0.9707217077590311,5458,582,42814.972737457196,-0.001017106850302696,0.050747478898359476,99.89828931496973,10004.27648479081,74.05978472305385,0
dodo-k50000000000000000,82,10000,72.36429995254761,-72.44062687923847,72.44062687923847,-0.07632692669085372,163498.83019103625,2944.3152387092387,0.982310384539374,7138,1019,99552.53382117182,-0.0020909509433667496,0.080801193191473,99.79090490566333,10071.221593802602,143.70313277411483,0
dodo-k50000000000000000,83,10000,48.9012766721609,-48.907498007552334,48.907498007552334,-0.0062213353914373215,110641.09947746016,2836.286559740975,0.9750057111924384,5551,771,67158.35227036837,0.003649072924928305,0.0798039179379623,100.36490729249283,9973.322134968577,91.19295798900148,0
dodo-k50000000000000000,84,10000,81.07911186084884,-81.03586457699086,81.03586457699086,0.043247283857979824,217282.40203677936,4428.636866161166,0.9800251855384616,9690,1327,124847.00633087814,-0.0038321058082111392,0.06871463187222432,99.61678941917889,10037.604379486562,140.58364303972618,0
dodo-k50000000000000000,85,10000,54.97954565702524,-54.9612865386347,54.9612865386347,0.01825911839053873,138085.67952894868,2138.3359839770706,0.9847505723170511,7329,934,80385.94870652472,-0.00019178402496677904,0.06934803598893353,99.98082159750332,9985.955519523952,98.12149974691745,0
dodo-k50000000000000000,86,10000,63.25297044193981,-63.257627563586595,63.257627563586595,-0.004657121646786777,155607.23062943362,145.69468074064517,0.9990645782064734,8678,1036,89036.31609865322,0.0001715031461402816,0.11576274365184247,100.01715031461403,10000.964456861118,99.3576510960261,0
dodo-k50000000000000000,87,10000,185.10351355691148,-184.9993593076127,184.9993593076127,0.10415424929877304,293862.177748623,4010.6811237868296,0.9865355939478032,10721,1977,189978.75453606906,-0.0004154079833941182,0.12586476102451427,99.95845920166059,9960.42967432069,60.98923060627165,0
dodo-k50000000000000000,88,10000,107.33267666055968,-107.29310334616298,107.29310334616298,0.03957331439670497,186978.78990081133,1988.3700487212866,0.9894776952288835,7250,1261,121009.01882480025,0.011965606899380959,0.1150286608062433,101.1965606899381,9895.185084543988,144.27266168576583,0
dodo-k50000000000000000,89,10000,21.09338073731233,-21.093040585858823,21.093040585858823,0.000340151453507076,80812.54187661153,2691.561355421909,0.967767316200704,5911,582,41722.60859928661,0.000030031048095793266,0.03641870384739477,100.00300310480958,10001.84555528742,82.74322143651109,0
dodo-k50000000000000000,90,10000,199.39472209989887,-199.39034633364236,199.39034633364236,0.00437576625651559,315899.5533042305,2033.4035027850566,0.9936043009721092,11265,2008,203603.3891359093,0.0008060788792985818,0.14486625141154263,100.08060788792986,9993.405855284765,89.13127481907044,0
dodo-k50000000000000000,91,10000,22.86869330262808,-22.89033542998336,22.89033542998336,-0.021642127355278262,69855.92288429999,1204.7815133168551,0.9830457420380248,4705,496,37147.25527453775,0.00017598622575519583,0.06617416368012016,100.01759862257552,10008.863229184803,90.47500892590769,0
dodo-k50000000000000000,92,10000,40.66630012939706,-40.66523523404387,40.66523523404387,0.001064895353188433,124806.65074479303,2264.5275597783607,0.9821790622390342,9097,874,66287.90977355975,0.007244466683164177,0.06945246508802015,100.72444666831642,9966.112119454263,46.34894965051198,0
dodo-k50000000000000000,93,10000,159.2890432989569,-159.32307778236105,159.32307778236105,-0.034034483404155935,278070.779273204,5095.407730128019,0.9820055926025233,10723,1728,172641.34513195054,-0.0002908979306178594,0.17942054766924456,99.97091020693821,10000.793785863281,108.74972911151411,0
dodo-k50000000000000000,94,10000,55.9955734080681,-55.99872984844105,55.99872984844105,-0.0031564403729547053,155553.95483476503,1947.6024555696827,0.9876343923890255,8719,1051,88840.04251914221,-0.0022549359032272777,0.07039966352330339,99.77450640967727,10016.887589384274,86.87945885007937,0
dodo-k50000000000000000,95,10000,144.98341874724767,-145.0026231201617,145.0026231201617,-0.01920437291403232,247309.21114086578,2936.9928126150876,0.9882635869547054,9262,1621,157768.8643464656,-0.0029394762746056814,0.12064016696068379,99.70605237253943,10037.21019155474,82.82845130071455,0
dodo-k50000000000000000,96,10000,40.69382724314751,-40.72276296625993,40.72276296625993,-0.028935723112418543,123663.03576744633,2166.7274572504475,0.9827804853023423,7034,846,69698.6640452103,0.0030668258327435183,0.06148786704749426,100.30668258327435,9994.089796482496,101.89845176990846,0
dodo-k50000000000000000,97,10000,40.796555176715835,-40.780482246415154,40.780482246415154,0.016072930300680355,95795.5416926376,1389.6706785865035,0.9857008011334245,4610,691,57624.54190323276,-0.0034848474565097832,0.07433249943977999,99.65151525434902,10026.558275356654,76.02099851722808,0
dodo-k50000000000000000,98,10000,74.40499021580997,-74.43524569895466,74.43524569895466,-0.030255483144685513,187384.84648269686,3285.166866624673,0.9827704062693592,9174,1233,110682.8410942421,-0.0001811016240046115,0.06515262125271448,99.98188983759954,10008.757149576542,115.97815055388776,0
dodo-k50000000000000000,99,10000,94.24201149168354,-94.18041308794258,94.18041308794258,0.06159840374095893,128398.37195251562,1952.2698803915691,0.9850229361901099,4975,989,87972.84235184641,0.0015948166173119205,0.13307858292437275,100.15948166173119,9982.084064832972,56.70140573344945,0
dodo-k50000000000000000,100,10000,147.28677706700174,-147.37089185999565,147.37089185999565,-0.08411479299391544,270707.9953326952,3269.3028033591604,0.9880672492735669,10976,1772,169943.68852493356,0.0011027239277667889,0.09781006101520617,100.11027239277668,10028.25183559732,104.02738870828291,0
dodo-k50000000000000000,101,10000,109.09975907831728,-109.09962255446567,109.09962255446567,0.00013652385160867198,214254.27470619854,1261.4032837625957,0.9941470463052746,8668,1450,136155.44716008304,0.007639796042988394,0.10283913158625793,100.76397960429884,9939.581206295728,90.23761949204535,0
dodo-k50000000000000000,102,10000,121.14624425040793,-121.0664055247328,121.0664055247328,0.07983872567513117,217804.4708188746,3119.942580426078,0.9858777826659335,9314,1544,137730.73005776314,0.005791474046526304,0.10350224906114704,100.57914740465263,9949.98062066935,62.261355572996756,0
dodo-k50000000000000000,103,10000,44.7264667274636,-44.678740459615604,44.678740459615604,0.04772626784799883,135996.31103085942,2739.494089277603,0.9802538783199811,9250,991,71619.5761105319,-0.0014187743941144503,0.06495835101624578,99.85812256058855,9979.534855056208,48.18442667012048,0
dodo-k50000000000000000,104,10000,30.85395038764006,-30.843845526529897,30.843845526529897,0.01010486111016462,91109.95646899552,1322.2192839032496,0.9856952487255307,5513,693,53928.437397308786,0.0004402810168852511,0.04680918460492649,100.04402810168853,9996.449909636633,95.58534366048933,0
dodo-k50000000000000000,105,10000,108.59799729105917,-108.524392949481,108.524392949481,0.07360434157817508,243597.00979409114,2650.6803208220617,0.9892357149844325,9524,1569,149500.33752171724,-0.0035595772279705786,0.07836980383810158,99.64404227720294,10027.957846374251,126.3446173667896,0
dodo-k50000000000000000,106,10000,73.30031895006962,-73.38927438121405,73.38927438121405,-0.08895543114442717,198408.31630605075,3154.134730536004,0.9843515758301458,10522,1253,111358.56980483065,-0.00009477868331330796,0.12546643923281978,99.99052213166867,10029.66855999849,123.2856935857355,0
dodo-k50000000000000000,107,10000,70.28822477986843,-70.28785356116387,70.28785356116387,0.0003712187045579185,107268.33933694572,1201.8018602495745,0.9889204361035657,4293,762,70647.54439854204,0.003554006963306762,0.13187214009931267,100.35540069633068,9957.754134856728,112.59229413037767,0
dodo-k50000000000000000,108,10000,51.86177653381108,-51.85189259465318,51.85189259465318,0.009883939157901978,141961.77873685505,2836.2804746392458,0.9804121651209667,8583,953,78001.18956102242,0.0028867202754176446,0.11031257046809899,100.28867202754176,9971.210747975358,98.97826851090687,0
dodo-k50000000000000000,109,10000,60.51951394565582,-60.54275952571148,60.54275952571148,-0.023245580055665016,167233.74434030987,3337.1510924004197,0.9804354014561827,10450,1136,90729.64467488325,-0.002057135608413603,0.09200659413705652,99.79428643915864,10016.497544033944,78.35886006302351,0
dodo-k50000000000000000,110,10000,38.783702630864575,-38.77528556625545,38.77528556625545,0.008417064609126612,95988.15832762301,1592.1843881510404,0.9836833490861099,5470,666,55156.10483144593,0.0015818505958698382,0.08197979647449401,100.15818505958698,9995.059972122917,97.06464735191683,0
dodo-k50000000000000000,111,10000,186.71109955839904,-186.7285254063574,186.7285254063574,-0.017425847958350005,320960.3871133271,1763.620046293974,0.9945352065319961,11739,2011,204952.31860996142,-0.00035095565718179956,0.14469933663825033,99.96490443428182,10013.035121579693,85.90060301799143,0
dodo-k50000000000000000,112,10000,41.574992942503435,-41.55243367934015,41.55243367934015,0.022559263163287824,160233.59521631885,4257.16302333152,0.9741191355131991,11352,905,77842.45125239875,-0.0007189350024464147,0.04381927058845889,99.92810649975536,9994.64524262649,231.81134331243595,0
dodo-k50000000000000000,113,10000,166.4068875668379,-166.36699738029824,166.36699738029824,0.03989018653965104,312352.6256930374,2549.7473674725684,0.9919030544524267,11383,2005,200063.30562628672,0.0017567480962767945,0.08937772083371755,100.17567480962768,10010.209467761479,116.02591753715777,0
dodo-k50000000000000000,114,10000,100.53836055536573,-100.53004034292377,100.53004034292377,0.008320212441958574,184989.81030332355,779.4488004056649,0.9958042099959583,7736,1229,115644.28134639522,-0.0003406510922552286,0.15309940690035517,99.96593489077448,10000.4573116129,94.79567510274329,0
dodo-k50000000000000000,115,10000,40.22894564443902,-40.23175034339889,40.23175034339889,-0.0028046989598706773,131250.13436952658,1998.6069234630927,0.9850009320608252,7597,829,71005.33363149145,0.0001609030697761682,0.04474112652965573,100.01609030697762,10002.088248104854,151.57175636232085,0
dodo-k50000000000000000,116,10000,197.86199074871078,-197.9519885256325,197.9519885256325,-0.08999777692170596,311289.19802113675,2780.7714170741256,0.9911460130300003,11126,2048,201802.6417177005,0.005313743314233648,0.1404534786390944,100.53137433142336,9988.341432595462,88.85658903404455,0
dodo-k50000000000000000,117,10000,62.74472554487973,-62.651276908350134,62.651276908350134,0.0934486365295939,212225.89046390992,3929.588502205583,0.9818205463909542,10146,1214,117194.28263210913,-0.0007946605159838782,0.06406923339508425,99.92053394840161,9949.380302449616,223.81651361137108,0
dodo-k50000000000000000,118,10000,133.87566086801738,-133.87743089694456,133.87743089694456,-0.0017700289271829206,227487.17815860832,348.9597712475172,0.9984683739181228,8180,1511,151671.31781212016,0.00011504534924824838,0.10174069526697735,100.01150453492482,10001.10879468486,97.05795474736756,0
dodo-k50000000000000000,119,10000,49.99339460472825,-50.015401825207455,50.015401825207455,-0.022007220479203227,176861.2221545393,4090.798422470208,0.9773929110632438,11467,990,87426.82268240972,0.002609734419832108,0.06002029957745407,100.26097344198321,9939.075958860705,228.41773225218557,0
dodo-k50000000000000000,120,10000,19.93725446337547,-19.800691390663808,19.800691390663808,0.13656307271166312,69209.05502745135,1157.2044018375816,0.9835545556745069,4557,455,34419.0763323855,-0.015412356336571094,0.06690545977335007,98.45876436634289,10159.394680627605,108.22252911637716,0
dodo-k50000000000000000,121,10000,44.65555772485487,-44.66537624184683,44.66537624184683,-0.009818516991956017,164313.23352299817,2406.381645102557,0.9855662955874974,11092,1039,82077.68825710128,0.0015618099282255571,0.04509194265958371,100.15618099282256,9980.714286609793,81.2835534671967,0
dodo-k50000000000000000,122,10000,50.01538947185439,-49.93273617349736,49.93273617349736,0.08265329835703028,140349.35715984172,3760.9927475228387,0.973901994201385,6648,863,82875.23527042502,-0.002542035534712994,0.06124904807233719,99.7457964465287,9974.205010877362,162.68022996178323,0
dodo-k50000000000000000,123,10000,59.37502010799883,-59.37423658324335,59.37423658324335,0.0007835247554766056,167526.18794147004,3549.672745403855,0.9792508847761933,8521,971,93017.45204164,0.000014110734703223216,0.0569445406014573,100.00141107347032,10004.133721372753,201.07660064900926,0
dodo-k50000000000000000,124,10000,160.44640692106765,-160.08217096822878,160.08217096822878,0.3642359528388681,233185.67938197893,3356.7752664311474,0.9858089945357987,9711,1699,149099.7763620827,0.0030373872308001636,0.254570042749603,100.30373872308002,9941.12075679752,103.73932183511346,0
dodo-k50000000000000000,125,10000,18.486344002043133,-18.486159329603154,18.486159329603154,0.00018467243997832838,65441.15497184717,1178.3095169574417,0.9823128341544165,4298,407,32738.951654985685,0.0004202949718504101,0.055760251864642785,100.04202949718504,10005.327405107875,133.76052009310555,0
dodo-k50000000000000000,126,10000,47.714920643159175,-47.71337404293817,47.71337404293817,0.0015466002210047236,158554.2819080591,1780.8644261887089,0.9888928630627488,10550,1080,84840.4995481488,0.001746636775006891,0.05237705567209901,100.17466367750069,9984.010311966656,92.61125780319949,0
dodo-k50000000000000000,127,10000,94.52684256432416,-94.50326394084951,94.50326394084951,0.023578623474648452,151512.1448866356,2805.9384542656876,0.981817176616514,7339,1136,93676.27507128406,-0.003778487237345871,0.21408752565943587,99.62215127626541,10001.270092603078,73.49070188611262,0
dodo-k50000000000000000,128,10000,95.39237142899452,-95.5740120103302,95.5740120103302,-0.18164058133567096,211296.3896463693,3269.0344868242464,0.9847643929583223,10216,1366,124166.7411715299,-0.001766598038916527,0.11868760158757326,99.82334019610835,10053.943751140874,102.4981197144621,0
dodo-k50000000000000000,129,10000,115.75561518498506,-115.50112318302732,115.50112318302732,0.25449200195774324,229863.84426683423,3717.925323532124,0.9840829816040341,10179,1480,137499.19998956524,-0.015539849374069376,0.10916894672168553,98.44601506259306,10158.024970343076,118.09338011502805,0
dodo-k50000000000000000,130,10000,184.61280689099542,-184.44764511482026,184.44764511482026,0.16516177617515382,255869.69633561437,3595.5296428492393,0.9861425374853597,9030,1750,170066.4990236611,0.002619544426700884,0.17122273750171188,100.26195444267009,9987.54075560091,65.91285074284076,0
dodo-k50000000000000000,131,10000,28.454594463964526,-28.448687166306897,28.448687166306897,0.005907297657628874,104014.11238221345,1621.4376016377862,0.9846506445804878,7998,685,51716.86026506424,0.0009863740242899155,0.07543033006664544,100.09863740242899,9984.376538244569,67.88717777144794,0
dodo-k50000000000000000,132,10000,80.02234319940307,-80.08682450684859,80.08682450684859,-0.06448130744551861,127174.57762529496,2862.5706736245024,0.9779865160758198,5630,973,81537.48100587014,0.003567838112355588,0.161661058078233,100.35678381123556,9995.703441599579,38.91995134673968,0
dodo-k50000000000000000,133,10000,244.1133369545136,-244.03143239273146,244.03143239273146,0.081904561782153,252463.50679749288,2913.324663453166,0.9885920557210035,10840,1609,154914.80702487964,-0.0004645968306542159,0.3367376157752125,99.95354031693458,9975.905817233132,102.33135517634553,0
dodo-k50000000000000000,134,10000,51.02925209814924,-51.023295487497016,51.023295487497016,0.005956610652226857,127351.85566607452,2327.9353148311643,0.9820485883172504,6931,832,70853.64381753051,-0.00002116547559253945,0.08686239778877336,99.99788345244075,9995.322979539253,99.52369914270692,0
dodo-k50000000000000000,135,10000,54.352099845373154,-54.32477219268916,54.32477219268916,0.02732765268399362,155114.86859958302,4403.24098835221,0.9723966075091625,10914,1007,78742.74273165592,0.001016011644785806,0.09665289117588202,100.10160116447858,9981.107902027477,71.09016119825175,0
dodo-k50000000000000000,136,10000,38.91602178761001,-38.926263974841724,38.926263974841724,-0.010242187231710886,126786.81508517389,2095.324958365836,0.9837423171460532,8634,846,66214.97326811402,0.0002515108450062087,0.09598252974229268,100.02515108450062,10000.592553200931,90.45156927075406,0
dodo-k50000000000000000,137,10000,57.481475565547385,-57.47918159542362,57.47918159542362,0.002293970123766087,164086.1017115248,2520.543683157448,0.9848712896344175,8087,1128,96613.33631071962,0.002432099694391212,0.07001240178448484,100.24320996943912,9980.988360345884,104.0445110828318,0
dodo-k50000000000000000,138,10000,51.40462030965827,-51.40289546887087,51.40289546887087,0.0017248407874035365,146846.35329449148,2827.4778756378296,0.9811090699454074,8359,964,81072.65021505224,-0.0003685704898826714,0.05702850996549458,99.96314295101173,10000.790792496357,95.4695741911343,0
dodo-k50000000000000000,139,10000,79.9500243606976,-80.05481645888405,80.05481645888405,-0.10479209818645074,182936.36572277825,2406.426819271021,0.9870163453012338,8169,1163,108454.9272827757,-0.0008039092536110105,0.10402009325032296,99.9196090746389,10064.539642010048,120.10161621218924,0
dodo-k50000000000000000,140,10000,72.43365734798735,-72.43459384170478,72.43459384170478,-0.0009364937174325405,131221.8578563513,1880.5358471217573,0.9858715099345904,7029,950,76741.04513698406,0.000185935794227845,0.15402261320693655,100.01859357942278,9995.995079079134,72.86601294850834,0
dodo-k50000000000000000,141,10000,30.981271308003244,-30.970460021842655,30.970460021842655,0.010811286160588907,111414.31305097575,2193.4909869203607,0.9806924268495791,8418,732,56155.93202509707,0.0019389816548969919,0.052275307561334756,100.1938981654897,9978.507926103297,87.3522119895297,0
dodo-k50000000000000000,142,10000,144.3880288957418,-144.454399945897,144.454399945897,-0.06637105015519751,237618.3759097297,1882.4061726529071,0.9921402921682093,8972,1548,151103.69628164274,0.003997097378645549,0.14288625481248446,100.39970973786455,9961.100131069075,113.27656322645666,0
dodo-k50000000000000000,143,10000,34.98919593402941,-34.95868350394162,34.95868350394162,0.030512430087789255,134395.58573155306,4202.724515744276,0.9696769426102997,9891,814,63525.95254580303,-0.0002505000312869754,0.05265926357204037,99.9749499968713,10003.705854372694,143.38365960936963,0
dodo-k50000000000000000,144,10000,107.54264439219124,-107.47816644873016,107.47816644873016,0.06447794346107116,156722.32289666866,2973.3995737367477,0.9813808439716489,7610,1139,96319.60176724133,0.006289546560066838,0.3976956553553629,100.62895465600668,9981.976837692797,55.61645980707202,0
dodo-k50000000000000000,145,10000,73.62967513293594,-73.58161750800876,73.58161750800876,0.04805762492718202,152819.2419408214,2892.802486239831,0.9814221019518186,8321,996,88715.24424471696,0.0009218057271743874,0.11760008925070309,100.09218057271744,9982.603845675834,115.22724517525236,0
dodo-k50000000000000000,146,10000,121.97901582399336,-122.07936601733289,122.07936601733289,-0.10035019333952278,228919.45440397586,4662.569710549591,0.9800388333467668,9278,1546,145598.70550728025,0.004633759047616479,0.11085058324356822,100.46337590476165,9983.822551283889,108.39662639911074,0
dodo-k50000000000000000,147,10000,84.14558158154554,-84.12435428204317,84.12435428204317,0.02122729950237101,168071.68499027533,1640.2856198516245,0.9903348855478215,6389,1173,109698.45599345908,0.0034208776763031776,0.07789845885827447,100.34208776763032,9971.412775118028,94.86693306153195,0
dodo-k50000000000000000,148,10000,94.73522895860575,-94.86357289726058,94.86357289726058,-0.12834393865483662,205064.7391342129,1485.1790599732733,0.992809587759909,8117,1142,123824.91711599515,0.0007672552622530304,0.07680233554169405,100.0767255262253,10015.892819770283,253.78965492734454,0
dodo-k50000000000000000,149,10000,41.57352380452397,-41.557084825751296,41.557084825751296,0.016438978772676194,143213.80501322876,2867.0533403125664,0.980373517977463,9002,938,76004.96841317325,-0.0002862450577866582,0.047995101139930225,99.97137549422133,10001.49648523609,137.6635502152757,0
dodo-k50000000000000000,150,10000,42.81440430352121,-42.81131675200975,42.81131675200975,0.0030875515114558993,96437.81138087627,1481.768682304988,0.984867493494673,5437,752,58236.60922318741,0.002419196524071481,0.09101994501150443,100.24191965240715,9976.294174793651,74.1146224176046,0
dodo-k50000000000000000,151,10000,95.42983788400349,-95.40648599045113,95.40648599045113,0.023351893552359115,156745.6765229395,1346.719699922576,0.9914814391324418,6691,1075,98133.12597248118,-0.00019450470463610258,0.21255441765406005,99.98054952953639,9999.523502321634,87.19231511011469,0
dodo-k50000000000000000,152,10000,99.75517138479496,-100.11905341600523,100.11905341600523,-0.36388203121026663,152188.3172983717,3250.067915751671,0.9790909567718775,8658,1049,87374.43783353746,0.0021084537356624365,0.26607973096513676,100.21084537356624,9987.158658511342,90.90929103459119,0
dodo-k50000000000000000,153,10000,18.73009345832869,-18.73074401862653,18.73074401862653,-0.0006505602978421621,85877.10680997004,905.808978630383,0.9895623583236486,7176,579,41570.890078171666,0.00010153437973286827,0.03386580172575407,100.01015343797329,9998.711853902345,102.91618631381526,0
dodo-k50000000000000000,154,10000,24.458020696910534,-24.45468637532619,24.45468637532619,0.003334321584343769,83748.37494829217,1621.7390122764787,0.9810034339063254,6339,611,44779.72409689282,0.0013872158591217954,0.05166904806894067,100.13872158591218,9985.507920674292,102.51644130375507,0
dodo-k50000000000000000,155,10000,91.80291454633269,-91.76651087931381,91.76651087931381,0.036403667018873875,165098.31707919601,1810.2935920885968,0.989153983219872,6687,1190,107792.97571822489,0.003072877069909623,0.08378617047528863,100.30728770699096,9963.337839259575,80.22522366676966,0
dodo-k50000000000000000,156,10000,96.88200515151514,-96.9988278966002,96.9988278966002,-0.11682274508505941,179885.22226705626,2627.5544176701746,0.985603449438452,7080,1206,114957.11870330121,0.0006106332178869423,0.09402766797664071,100.0610633217887,10026.015742391934,118.8185059000919,0
dodo-k50000000000000000,157,10000,127.33995481741148,-127.33341865573763,127.33341865573763,0.006536161673849961,230474.63656840983,3365.8575136246,0.9856061819966742,9836,1501,141039.76614559072,0.00033434927817864945,0.16463188163442255,100.03343492781786,9986.318169330136,109.00829646753655,0
dodo-k50000000000000000,158,10000,103.09961756352827,-103.2326595678203,103.2326595678203,-0.1330420042920366,176968.94185293745,3081.5075862191843,0.9828853102237854,7206,1260,114896.62743008751,-0.0006653777548271478,0.20493834682659626,99.93346222451729,10065.170429254797,174.38100864889887,0
dodo-k50000000000000000,159,10000,66.50644530415084,-66.46352112701294,66.46352112701294,0.04292417713790542,203441.40189940314,5490.786076571732,0.9737197694153132,11366,1317,110194.85428422334,0.00003466243076033493,0.07608589613022247,100.00346624307603,9986.967486700776,89.59126963684643,0
dodo-k50000000000000000,160,10000,29.70084996205865,-29.69539892201903,29.69539892201903,0.005451040039620381,89410.32008001987,1389.300775987863,0.9846992667712671,5378,675,51700.05755835942,0.0004763008938961377,0.04491832521253926,100.04763008938961,10002.213891277073,79.25054805216993,0
dodo-k50000000000000000,161,10000,23.80511503677727,-23.808316096343844,23.808316096343844,-0.003201059566574571,91400.3255803187,672.5360772879346,0.9926956101376656,7160,619,44991.8708775739,0.00037407032415273986,0.07305830861789346,100.03740703241527,9997.879785804837,91.58311333071114,0
dodo-k50000000000000000,162,10000,102.85949421800892,-102.87075996345386,102.87075996345386,-0.011265745444944741,159127.25516793653,1942.2794738738105,0.987941360368408,6038,1068,101066.76571234461,0.00028800766473239034,0.21241101383345495,100.02880076647324,10001.242606022637,94.62081937808479,0
dodo-k50000000000000000,163,10000,105.85681249582615,-105.77114120009753,105.77114120009753,0.08567129572861631,216939.1269200117,2697.679617643736,0.9877175430649815,11380,1559,126237.51524712757,-0.0024441144844240623,0.0986085577559841,99.7555885515576,9969.041408601515,44.00890757798017,0
dodo-k50000000000000000,164,10000,30.694697204029087,-30.694849112491326,30.694849112491326,-0.00015190846223944732,91436.85918673579,2659.413450626133,0.9717373135397694,4716,724,55474.37037371768,0.0008475799928066863,0.0437006383345971,100.08475799928067,10002.158968674767,86.19144714022153,0
dodo-k50000000000000000,165,10000,180.6157248622214,-180.72701392813602,180.72701392813602,-0.11128906591460463,296697.6097744727,5405.141659045639,0.9821082673580511,10862,1867,188195.9496864138,-0.0011048112674943412,0.18906514646720496,99.88951887325057,10005.763702339736,96.73209893265582,0
dodo-k50000000000000000,166,10000,222.01637781325357,-221.9370410075395,221.9370410075395,0.07933680571406398,295886.3619607452,5755.012613948928,0.9809210105143457,11711,1962,187271.6967207716,-0.0002982973109695308,0.2195000513040567,99.97017026890305,10038.900754483477,84.24358471801214,0
dodo-k50000000000000000,167,10000,18.810853056441257,-18.80574490815014,18.80574490815014,0.005108148291117942,66220.31726986653,1148.5955807964021,0.9829506588099098,4954,480,35062.64662546858,-0.0001503082289644908,0.04840438669685753,99.98496917710355,9994.70036615325,83.73482049058491,0
dodo-k50000000000000000,168,10000,39.16178372765509,-39.15895173487609,39.15895173487609,0.0028319927790008137,107589.1186082849,1789.0730549927528,0.983643237945454,5455,738,63423.87133613112,-0.000054506456096987675,0.04287791159642367,99.9945493543903,9997.223916271862,101.40934073146617,0
dodo-k50000000000000000,169,10000,64.72090377047859,-64.71329425445911,64.71329425445911,0.00760951601947113,181548.47024012072,2283.5639808613505,0.9875779866629973,9785,1211,103984.09616412349,0.005846922225294691,0.08134344595613839,100.58469222252947,9937.196074900037,121.41388861505814,0
dodo-k50000000000000000,170,10000,96.72812885137782,-96.81389479307045,96.81389479307045,-0.08576594169262819,177915.9161666203,3000.739066933206,0.9834136936532493,7060,1224,113514.01185868727,0.0011034394854362972,0.14734563204281925,100.11034394854363,10010.540619891935,88.99655015191802,0
dodo-k50000000000000000,171,10000,114.29089240376713,-114.26379236990229,114.26379236990229,0.02710003386484061,199806.91151977214,2540.529681075932,0.9874447155545978,8360,1372,125595.91504732126,-0.001599855982307048,0.20434968948058668,99.8400144017693,10019.370003755444,88.88289485925085,0
dodo-k50000000000000000,172,10000,28.175850817859587,-28.174272535514568,28.174272535514568,0.0015782823450187777,94360.06941201213,1223.9474627728703,0.9871950614465572,6883,666,49614.189186426214,-0.0007169549617125882,0.09514492246258299,99.92830450382874,10006.95867485086,100.12704678278762,0
dodo-k50000000000000000,173,10000,125.18243925546932,-125.17242145007077,125.17242145007077,0.010017805398547353,181600.99457533087,75.42053364836302,0.999584863375892,8379,1176,108528.88736846739,0.003334018942067729,0.26662124477247234,100.33340189420677,9965.2400610517,99.82540720581034,0
dodo-k50000000000000000,174,10000,91.33880821771243,-91.33391813671675,91.33391813671675,0.004890080995679114,215987.9797796829,489.87220025978297,0.9977370793557894,10183,1420,127348.0212511393,-0.002822078175913276,0.08567742083520073,99.71779218240867,10026.795633861177,101.54059972097969,0
dodo-k50000000000000000,175,10000,69.89465711083328,-69.8733446179724,69.8733446179724,0.021312492860872112,133613.4322935367,1992.1373905625817,0.9853093247187162,5748,958,85283.46077447706,-0.0017610214687881864,0.13322532207901844,99.82389785312118,10013.730307885124,71.18943770981471,0
dodo-k50000000000000000,176,10000,91.50434183810323,-91.47616760374083,91.47616760374083,0.028174234362396078,203133.06281178579,3626.5902837875524,0.982459874402521,10740,1289,114732.090822564,-0.00020512230672011355,0.15234492744415035,99.97948776932799,10005.319535230255,113.5668795006855,0
dodo-k50000000000000000,177,10000,101.63937826009543,-101.6238373661465,101.6238373661465,0.01554089394892344,193951.6766425471,66.72445467419729,0.9996560921319996,10997,1244,108089.6162119451,-0.001574576810726711,0.2113279593602161,99.84254231892733,10015.24558296856,100.99498380035627,0
dodo-k50000000000000000,178,10000,16.725479862990884,-16.72574533786586,16.72574533786586,-0.00026547487497552424,59964.10926340726,1245.9274052641283,0.9796450472328859,3989,439,33135.385886490214,0.0014821584558680457,0.05078777070907009,100.1482158455868,9985.503254272524,99.99833791850422,0
dodo-k50000000000000000,179,10000,44.80163284879531,-44.762435953830334,44.762435953830334,0.039196894964973694,121586.08973960395,4219.421123512805,0.96646076078413,9895,894,61650.60250912356,0.0030110991324087876,0.11652278559372775,100.30110991324088,9964.602988250104,63.44613090760936,0
dodo-k50000000000000000,180,10000,163.53066098672872,-163.50003334427183,163.50003334427183,0.03062764245689209,243634.77862869747,3389.34287231388,0.9862793040140413,11580,1784,148690.96367806106,0.029398001286988915,0.21836433909254424,102.93980012869889,9891.582832822203,32.75481328719678,0
dodo-k50000000000000000,181,10000,92.54263631483548,-92.69216192645436,92.69216192645436,-0.1495256116188841,112234.46118033589,898.5382527324025,0.992057682044716,4252,823,74678.01106938264,0.005338978359602748,0.22993646638054854,100.53389783596027,9965.463033845557,71.87378761762875,0
dodo-k50000000000000000,182,10000,113.62441118842287,-113.6645795639569,113.6645795639569,-0.04016837553403718,158594.74117008017,2310.8001754856027,0.9856387781541789,5943,1156,107435.68037261795,0.002301256555588793,0.17733835179009674,100.23012565555888,9978.497454220158,93.43126881151193,0
dodo-k50000000000000000,183,10000,50.30708386961069,-50.28754181686003,50.28754181686003,0.01954205275066556,163264.62177860437,2539.5550453224073,0.9846834072942611,10150,1043,85448.81384238457,0.003296809414756723,0.06937231199947562,100.32968094147567,9986.058840274374,94.42813841375441,0
dodo-k50000000000000000,184,10000,53.13825505830142,-53.15944233957395,53.15944233957395,-0.021187281272531777,167981.81838341296,4133.6359697411835,0.9759833538174927,9469,1050,91063.69039592253,-0.00529936023206119,0.05637687273934688,99.47006397679388,10080.26962329866,271.3474029751538,0
dodo-k50000000000000000,185,10000,45.996022597924956,-45.98323032253652,45.98323032253652,0.01279227538843486,100835.37855082961,1487.0187195273954,0.9854673193826922,4477,736,62708.15067241877,-0.00010762756563877928,0.07898930560819409,99.98923724343612,10000.797228854582,109.93580381075877,0
dodo-k50000000000000000,186,10000,44.5825256142506,-44.5895428343992,44.5895428343992,-0.007017220148597403,132089.35143720108,1272.1115984710361,0.990461175443683,7403,919,75716.14414852436,-0.00012781103990263886,0.05438394546184838,99.98721889600974,10002.208059957728,103.26098876111455,0
dodo-k50000000000000000,187,10000,51.83403082973779,-51.84818051618097,51.84818051618097,-0.014149686443175824,109067.21849472736,1970.6778396813068,0.9822522048351287,4596,743,67765.04649646881,0.0006060502414939606,0.08428096180536755,100.0606050241494,10001.369886892637,102.17040937157365,0
dodo-k50000000000000000,188,10000,32.194616977960635,-32.19512513342349,32.19512513342349,-0.0005081554628532103,120827.02061681534,2095.6189906624127,0.9829517247810962,8934,835,62085.45258952901,0.00005087916417778615,0.06595240428286729,100.00508791641778,9983.736398898642,99.984134307965,0
dodo-k50000000000000000,189,10000,79.31499830199233,-79.35264376474613,79.35264376474613,-0.037645462753800985,178188.81006976476,2889.5877544552727,0.9840423386269392,8726,1230,104038.85284534699,0.00152744859398112,0.1217360510798727,100.15274485939811,10018.480931012713,80.90954839688911,0
dodo-k50000000000000000,190,10000,40.958025220128846,-40.99263937104849,40.99263937104849,-0.03461415091964426,93203.04191038173,1090.224253811635,0.9884379415608191,5162,697,53713.6580534076,0.00018562088583038873,0.14260958819018882,100.01856208858304,9997.50705440896,59.70296125969308,0
dodo-k50000000000000000,191,10000,133.76559952480042,-133.62980647423313,133.62980647423313,0.13579305056728685,225047.55594503833,4879.92855729882,0.9787762277838985,8670,1591,145194.30802537376,0.010628428172011439,0.1462878413986438,101.06284281720114,9914.719902112327,41.520139820593194,0
dodo-k50000000000000000,192,10000,74.1768759962181,-74.09370542962337,74.09370542962337,0.0831705665947311,131140.23717930267,1581.8923120560921,0.988081171405865,5173,920,85833.82168776146,0.005263151256895781,0.11859576843142776,100.52631512568958,9949.332216075918,89.90022131856176,0
dodo-k50000000000000000,193,10000,49.404376171178264,-49.40933607727467,49.40933607727467,-0.0049599060964098385,131933.19347904608,867.1797117418429,0.9934700506413788,6650,890,77059.54001451166,0.0010846952046659909,0.05158858049972096,100.1084695204666,9989.135965973284,114.77862858144684,0
dodo-k50000000000000000,194,10000,34.819748242106925,-34.839120952886375,34.839120952886375,-0.01937271077945013,105697.34300795678,3346.1964895576,0.9693132073208806,7693,753,55421.717733208876,0.007194079342295084,0.08639425727320273,100.71940793422951,9942.976961834032,81.8583582561802,0
dodo-k50000000000000000,195,10000,85.07320071031918,-85.11630474980666,85.11630474980666,-0.04310403948747421,214500.3417628178,4263.728729119729,0.9805099223125086,10609,1480,124995.89153871604,0.0065019067705161145,0.08657341353955018,100.65019067705161,9977.205792183984,65.52057441264236,0
dodo-k50000000000000000,196,10000,112.70630366297313,-112.70123862572571,112.70123862572571,0.005065037247419468,178203.29614090192,1418.785081295367,0.9921012769051468,6391,1214,117424.4331708341,0.00022127545762600675,0.19062977445449236,100.0221275457626,9996.545425256225,111.53046569883209,0
dodo-k50000000000000000,197,10000,171.6156971447318,-171.54748435765163,171.54748435765163,0.06821278708017076,289298.09984309785,4603.957221555297,0.9843350629541783,10340,1816,185211.5921582503,0.002216622926965073,0.14145017825604725,100.22166229269651,9982.690424036882,109.37046831301399,0
dodo-k50000000000000000,198,10000,65.3465533379823,-65.32377508216788,65.32377508216788,0.022778255814415616,169632.08504927892,3798.2415292885657,0.9780993232024626,9080,1157,95389.41459268423,0.0018550200398942706,0.10005499171132427,100.18550200398943,9984.273753923582,92.39607552260667,0
dodo-k50000000000000000,199,10000,38.07663143693197,-38.093888448074175,38.093888448074175,-0.017257011142206125,92800.65109162011,1583.990864601044,0.9832177054256798,7303,689,48772.17422973687,-0.0014043597604137404,0.09336143784647788,99.85956402395863,9997.970461303476,65.97886838948915,0
dodo-k50000000000000000,200,10000,29.456453564016137,-29.428984225119137,29.428984225119137,0.027469338896999318,83595.75521860241,2708.8433007186118,0.9686129899542701,6305,683,44345.931861358535,0.013740163832560342,0.07378000423471733,101.37401638325603,9960.240720966462,31.11320204960449,0
dodo-k50000000000000000,201,10000,33.59238806640124,-33.81622962572128,33.81622962572128,-0.2238415593200358,85360.58406376945,1651.2456492543506,0.9810227453588739,5609,551,44782.837478114525,-0.000993810293754933,0.1411486842611639,99.9006189706245,10030.901120723449,172.37792516449392,0
dodo-k50000000000000000,202,10000,45.576781722408654,-45.51324107864408,45.51324107864408,0.06354064376457558,135590.30139454317,2880.8866294542413,0.9791950464889854,9398,943,70784.7446250623,-0.00023292489545468698,0.08707461733037902,99.97670751045453,9967.887999963174,72.30082144211484,0
dodo-k50000000000000000,203,10000,92.61865262049812,-92.56542310789997,92.56542310789997,0.05322951259815056,146141.8406726296,1354.27228525914,0.9908182510162433,6103,1122,95099.19435496429,-0.005227835679656181,0.14933379768783894,99.47721643203438,10018.19898829724,57.902198364854954,0
dodo-k50000000000000000,204,10000,111.39821257751734,-111.2794713966146,111.2794713966146,0.11874118090274521,261280.8933988725,3528.458617247105,0.9866754758078472,11805,1677,154341.40523967176,-0.0014809803972127612,0.08421729706712057,99.85190196027872,10008.408454490644,131.48932780081054,0
dodo-k50000000000000000,205,10000,25.65838959638849,-25.648467327773268,25.648467327773268,0.009922268615220275,101060.90664502009,1394.1424914105826,0.9863926424011166,6669,701,52962.64849634889,0.0009868071520871525,0.04209679413183494,100.09868071520872,9975.780188442035,107.1066617850174,0
dodo-k50000000000000000,206,10000,97.40942472481983,-97.40924824180848,97.40924824180848,0.00017648301134443045,207780.1609211573,1197.76911256204,0.9942684420676922,8309,1441,130415.54071524196,0.0019354271695858926,0.08696907661975345,100.19354271695859,9983.48126030774,79.35603674676747,0
dodo-k50000000000000000,207,10000,54.11655632598282,-54.09812567589977,54.09812567589977,0.01843065008304734,134715.8294307417,2638.6360293849043,0.9807895868507391,7191,936,78054.66100473641,-0.001088623207305659,0.07703193228141018,99.89113767926943,10009.837174115099,90.7594439157596,0
dodo-k50000000000000000,208,10000,42.46284185440657,-42.46709423363375,42.46709423363375,-0.004252379227182246,105072.52129654185,1214.043379772728,0.9885776402363744,5489,751,62220.88986994849,0.0007534162472127548,0.06650519145720622,100.07534162472128,9991.72151598657,86.60562109209545,0
dodo-k50000000000000000,209,10000,84.51597935941668,-84.51421409278991,84.51421409278991,0.0017652666267622408,191768.82387918813,610.2630650253559,0.9968278097441936,9370,1301,113198.17358765703,0.00003505730722139333,0.14334129341534577,100.00350573072214,10000.022494437151,98.00199013650169,0
dodo-k50000000000000000,210,10000,34.15171329292542,-34.141297375740415,34.141297375740415,0.010415917185007117,113502.77613720116,653.8865916898772,0.9942720242861095,6702,793,62696.80236553303,-0.004585312598546238,0.045683649675059994,99.54146874014538,10048.256050161981,102.27583272581126,0
dodo-k50000000000000000,211,10000,33.090393235611934,-33.05988781205718,33.05988781205718,0.03050542355475727,88777.5126829907,1461.8669528993516,0.9838001218669955,5035,579,48204.38964141152,-0.004488081454303199,0.0742598936439812,99.55119185456968,10053.037833335018,129.21013403521889,0
dodo-k50000000000000000,212,10000,118.81568458379249,-118.98246226228697,118.98246226228697,-0.16677767849448344,292509.27240181743,2448.6749684077568,0.9916982234578198,10839,1619,176825.2826520057,-0.004499363627197966,0.0474400634915061,99.5500636372802,10045.92661823942,284.2480316052466,0
dodo-k50000000000000000,213,10000,52.11659001481611,-52.082654136972,52.082654136972,0.03393587784410812,178455.84829461275,3814.9591587954305,0.9790698290521888,11411,1131,94684.93625701749,0.0034308850624464073,0.05052200693246817,100.34308850624464,9964.098389085146,69.24468368883747,0
dodo-k50000000000000000,214,10000,109.08916976642499,-109.04327650293465,109.04327650293465,0.04589326349034195,230795.86295503512,3514.469264212964,0.9850007926200863,9217,1462,139414.54563046506,-0.001298039185871147,0.09426464805600233,99.87019608141289,10004.273917774753,109.72608520405835,0
dodo-k50000000000000000,215,10000,25.37005896404407,-25.35751815952242,25.35751815952242,0.012540804521648852,75703.94038788545,1339.1594873935028,0.982618047695882,4039,537,43623.26111125157,0.00006067698322056003,0.04814992456317881,100.00606769832206,9989.986726703,96.90540235547302,0
dodo-k50000000000000000,216,10000,18.32688426289217,-18.323759312308006,18.323759312308006,0.003124950584165731,66336.85608922777,1722.4786583229068,0.9746915149154483,5100,432,33549.31220738138,-0.001841279834604279,0.04281522593249704,99.81587201653957,10017.42433094142,114.76331468946934,0
dodo-k50000000000000000,217,10000,84.65010610731997,-84.56619067178673,84.56619067178673,0.08391543553324254,199461.04330577524,5329.727681548676,0.9739747662658168,8026,1182,120467.5871489871,-0.0007853717717836162,0.08054523863357745,99.92146282282164,9951.739326442825,328.77473811409266,0
dodo-k50000000000000000,218,10000,56.624648471260215,-56.619967355206775,56.619967355206775,0.004681116053440348,178544.84672844852,2756.658503769988,0.9847951703421373,10301,1149,95907.44184196525,0.0030795733141809477,0.046393075530928626,100.3079573314181,9961.056570067776,112.78941581322782,0
dodo-k50000000000000000,219,10000,40.61936611986285,-40.6580557277144,40.6580557277144,-0.03868960785154485,121263.2213381828,2680.1711786350106,0.978375844615748,8867,798,62045.729801085436,0.0007530217135564499,0.07737724229074033,100.07530217135564,10002.409800215704,110.29641023208549,0
dodo-k50000000000000000,220,10000,69.97565655234921,-69.96425774515995,69.96425774515995,0.011398807189252125,185717.62432727416,2878.426930278286,0.9847376076482778,9233,1214,106676.81954536536,-0.0007443941474663518,0.06151207065279692,99.92556058525336,9997.532430625917,98.7563300744678,0
dodo-k50000000000000000,221,10000,14.033067423238208,-14.043374713286084,14.043374713286084,-0.01030729004787645,56630.075776219535,1586.4303242505055,0.9727494755265347,4592,347,26125.21043106281,0.0008278820828019206,0.04410350361945973,100.08278820828019,9997.321140339103,111.41168931313693,0
dodo-k50000000000000000,222,10000,20.499026764958817,-20.49898864915975,20.49898864915975,0.0000381157990680947,82715.93475318511,1670.4290808218748,0.9802049880463186,6236,501,39531.249843821824,-0.0021941378256295253,0.0473847171341609,99.78058621743705,10016.211762318284,128.64247561923003,0
dodo-k50000000000000000,223,10000,57.29056460860131,-57.27749727380781,57.27749727380781,0.01306733479349731,133424.69658689568,1234.0514843971898,0.9908357124800846,5735,923,83029.28290487696,-0.0012133071420339548,0.0516779584755075,99.8786692857966,9986.944955436358,117.63821917798023,0
dodo-k50000000000000000,224,10000,135.39697547210494,-135.38470427525382,135.38470427525382,0.012271196851116883,245483.38377845456,4084.7401889646585,0.9836327647776928,9871,1603,153074.48150143807,0.0025886056170497797,0.10540473635079821,100.25886056170498,10009.580785598773,87.56235304753778,0
dodo-k50000000000000000,225,10000,20.126550089686674,-20.128822450802865,20.128822450802865,-0.0022723611161907797,69668.98227898733,2051.015007764167,0.9714024667407085,4640,494,37805.3382273058,-0.0006224166501773709,0.052794107604112385,99.93775833498226,9997.218992377686,138.8464263594924,0
dodo-k50000000000000000,226,10000,25.43232814105981,-25.440801815332073,25.440801815332073,-0.00847367427226331,110164.03678245697,2561.505778643197,0.9772766161027364,8637,649,52434.36439726623,-0.0017663407198448056,0.03324484065418318,99.82336592801552,10052.740527244161,174.5364242223458,0
dodo-k50000000000000000,227,10000,24.988133660918834,-24.96300620394588,24.96300620394588,0.025127456972953155,79175.81737963903,1793.4031787113972,0.977850803473908,5069,596,44383.4313407441,-0.00261405345056815,0.04065755852316769,99.73859465494318,9987.260125117506,60.317391349748426,0
dodo-k50000000000000000,228,10000,79.62342339348032,-79.55838103517345,79.55838103517345,0.06504235830686866,193830.93841029587,2418.0078006793296,0.9876788749832068,9865,1411,114618.08477043081,-0.0030561196501435006,0.1078422220204807,99.69438803498565,9977.20476909242,73.84290400801531,0
dodo-k50000000000000000,229,10000,111.4007030733229,-111.31310612376642,111.31310612376642,0.08759694955648456,251257.48975224025,3929.5573522466825,0.9846012664167954,11612,1601,146366.61728475514,-0.001807078191481537,0.12737126416812075,99.81929218085185,9979.91251522169,117.3265333682859,0
dodo-k50000000000000000,230,10000,84.32474358462177,-84.2663103913266,84.2663103913266,0.058433193295172714,192653.61336043474,3146.5047961691753,0.9839300158457894,8481,1219,117970.93697776915,0.0054132152769545885,0.07892710570056295,100.54132152769546,9931.788892828778,105.4279823870154,0
dodo-k50000000000000000,231,10000,55.5039354505999,-55.50894183262259,55.50894183262259,-0.005006382022692435,134114.46505102373,1026.714093801957,0.9924026555022015,5840,992,84632.98874358887,0.00045885666420829806,0.06236066162393172,100.04588566642083,9998.640780111942,102.69018879406573,0
dodo-k50000000000000000,232,10000,54.53417259126839,-54.532630190445616,54.532630190445616,0.0015424008227711283,113502.37344394081,809.6747366912641,0.9929169781350445,4273,838,76643.53148556882,-0.0011898349489328553,0.055969558889653964,99.88101650510671,10014.218620277788,95.87193177792206,0
dodo-k50000000000000000,233,10000,80.08705488151182,-80.1083294061336,80.1083294061336,-0.021274524621787805,177427.05967385625,2945.0627386746546,0.9836722953675792,7895,1216,109306.28141118494,0.00532022322210608,0.11007214504713972,100.53202232221061,9969.431602610477,79.76077115787699,0
dodo-k50000000000000000,234,10000,27.68673599296234,-27.66094964906125,27.66094964906125,0.025786343901089026,105531.44519228296,3612.968193495742,0.9668973602824228,6878,691,53992.52237894772,0.0048216348419273915,0.053001048973920176,100.48216348419274,9933.338736726362,132.19781396251048,0
dodo-k50000000000000000,235,10000,138.47216244960094,-138.41618631457683,138.41618631457683,0.05597613502411036,219755.5580640414,2741.0691126840393,0.9876804015078088,9160,1581,138881.95469534697,-0.0039046346558752987,0.17917320966772834,99.60953653441247,9987.031696351825,70.6910179816114,0
dodo-k50000000000000000,236,10000,35.93598290636733,-35.95406171572708,35.95406171572708,-0.018078809359749926,84521.12577606468,1933.5217995027924,0.9776354209550995,5140,612,48881.241265073724,0.008584228688694111,0.08091054548012579,100.85842286886941,9959.021616774513,67.21480809917236,0
dodo-k50000000000000000,237,10000,71.4417927520843,-71.41272139513705,71.41272139513705,0.02907135694724161,136094.74399878696,2411.925999460932,0.9825862104728137,5661,953,86475.74439885847,-0.0014267527877562713,0.10428005419850778,99.85732472122437,10004.263481035337,92.4113136470382,0
dodo-k50000000000000000,238,10000,49.79252025192697,-49.721549485951364,49.721549485951364,0.07097076597560914,143213.5816217982,3970.571282150112,0.9730231060626392,9964,995,74382.81389235126,-0.0008317881501118052,0.10153171244413073,99.91682118498882,9995.964946115806,42.80061201675412,0
dodo-k50000000000000000,239,10000,101.15146582284106,-101.1021150939903,101.1021150939903,0.04935072885075442,157704.04581808063,3675.0598311239114,0.9772271644687849,7881,1052,93865.78435616265,0.0023300900305092396,0.1589759218182938,100.23300900305092,9983.810460674498,74.2257792015887,0
dodo-k50000000000000000,240,10000,219.85666565237582,-219.85566937435175,219.85566937435175,0.0009962780240755365,302761.07580107864,2176.574231343029,0.9928622318985155,11832,1897,187779.59026338975,-0.00018259003436313037,0.29390870344885767,99.98174099656369,10003.056390916914,94.64523357043299,0
dodo-k50000000000000000,241,10000,37.47744661536616,-37.463085197440265,37.463085197440265,0.014361417925897513,94255.86392754715,1729.258214500686,0.981984101536678,5003,637,56081.7141228077,-0.00043371567371920606,0.09707447824647701,99.95662843262808,9996.667061538028,152.4143206434038,0
dodo-k50000000000000000,242,10000,42.890927161691216,-42.88960683336808,42.88960683336808,0.0013203283231391083,135713.94584869832,74.10466408922662,0.9994542622579132,7984,939,75360.5415730634,0.0016559584523940885,0.06034862504121222,100.16559584523941,9983.670569451291,98.9583810440994,0
dodo-k50000000000000000,243,10000,33.01612031771886,-33.01499955471794,33.01499955471794,0.0011207630009195668,142698.92469108957,2513.645373853097,0.9826898912902035,9089,764,66738.15215663529,-0.0008873923577304765,0.05859685832246953,99.91126076422695,9983.795781493938,207.80799920429928,0
dodo-k50000000000000000,244,10000,30.808381221113667,-30.79149929092133,30.79149929092133,0.01688193019233708,99695.96711895068,1747.0461373532114,0.9827780535960701,6796,649,51988.39590849174,-0.0016384280482478176,0.07330232469141137,99.83615719517522,10007.453320200346,165.48230014142715,0
dodo-k50000000000000000,245,10000,59.80049124818714,-59.765725907545374,59.765725907545374,0.03476534064176917,134126.70843003533,1511.789414834123,0.9888542748640349,6360,972,82192.0337528953,-0.00459437141049321,0.12574754693815465,99.54056285895068,10026.067183249701,65.46384509427882,0
dodo-k50000000000000000,246,10000,17.01267749031192,-17.017222706735836,17.017222706735836,-0.004545216423917253,55625.3513573784,1970.1613323281522,0.9657931453281384,4041,370,29139.64357224902,0.0014760613029162074,0.05115209058659886,100.14760613029162,9992.573443067186,100.37268906431748,0
dodo-k50000000000000000,247,10000,71.48613097627133,-71.27986715589701,71.27986715589701,0.20626382037431767,152531.53413957008,1085.7814763930987,0.9929319069791096,9052,962,79473.57367146421,-0.01922630339078978,0.20291881668877962,98.07736966092102,10224.821891336149,116.00465957405977,0
dodo-k50000000000000000,248,10000,108.97774728939916,-109.04952765326159,109.04952765326159,-0.07178036386243036,200626.32210642326,2955.2194046614236,0.9854838538763078,7616,1191,124854.27801760964,-0.004490413194684635,0.15313489717543277,99.55095868053154,10063.883794450547,182.14330186882077,0
dodo-k50000000000000000,249,10000,94.8461297136312,-94.71302882803893,94.71302882803893,0.1331008855922704,144178.09183655647,1512.3276977639014,0.9896195803224547,5838,1060,93743.54832070628,-0.002446862771677587,0.18700264114305298,99.75531372283224,9991.526670810557,73.0803811305613,0
dodo-k50000000000000000,250,10000,86.13771882645875,-86.08713726426554,86.08713726426554,0.050581562193215746,179165.2973262188,1645.1275101179915,0.990901368039995,7017,1170,112866.06339002473,0.0016565893760866856,0.08774345601333863,100.16565893760867,10005.786774774551,90.4898072281145,0
dodo-k50000000000000000,251,10000,81.59882146108984,-81.6225355712003,81.6225355712003,-0.023714110110461206,159340.61813661817,1345.0251376785147,0.9916294629048937,6377,1073,101810.39222671956,-0.004081311514514283,0.09048039280230512,99.59186884854857,10060.779532535118,105.52670585095511,0
dodo-k50000000000000000,252,10000,51.58995615309531,-51.64779691790726,51.64779691790726,-0.05784076481194944,171655.53748605272,2855.0560057004773,0.9836396407314069,11447,1002,85628.12604698502,-0.0014050266304472814,0.1070566394951291,99.85949733695527,10007.6088595096,146.94629569126272,0
dodo-k50000000000000000,253,10000,26.716343786661167,-26.71154881535321,26.71154881535321,0.004794971307955365,108035.6018385103,2794.850848652279,0.9747826451946271,8359,716,52852.72891503577,0.0010354752289453018,0.03775564353344933,100.10354752289453,9985.109031049506,89.36704191664047,0
dodo-k50000000000000000,254,10000,68.40548940293931,-68.40380759753316,68.40380759753316,0.0016818054061502608,123826.62253267868,2389.4230211426825,0.9810687855838125,5424,888,80188.29726908606,0.0013067244389434053,0.07796005025032145,100.13067244389434,9984.844606339904,78.18074559021296,0
dodo-k50000000000000000,255,10000,65.01557449447861,-65.02058315349767,65.02058315349767,-0.005008659019054562,175833.98470315037,3031.5490759664067,0.9830512395992953,9960,1139,96258.0249020343,0.0017913359506856353,0.10985994326570477,100.17913359506856,9992.229028800019,101.52218870979752,0
dodo-k50000000000000000,256,10000,140.32496900245795,-140.28938122128636,140.28938122128636,0.035587781171585675,234724.66538859403,3426.5530323758135,0.9856118601655909,10635,1489,141770.91966708473,-0.004386930970062224,0.20737976428218333,99.56130690299378,10036.665904998032,101.36543166143167,0
dodo-k50000000000000000,257,10000,55.59080235301039,-55.58580658690421,55.58580658690421,0.004995766106176802,172352.41554113242,1282.3622987627323,0.9926145999395053,11180,1104,90507.07412659588,0.00009343988154526528,0.07811098892133884,100.00934398815453,10001.096265936552,103.93354410602677,0
dodo-k50000000000000000,258,10000,142.68514129122,-142.6400111921519,142.6400111921519,0.04513009906810339,213867.1989822661,4193.767666283556,0.98076791215439,7639,1379,137568.91167011368,-0.002219958291433812,0.1268307814660912,99.77800417085662,9984.610728955931,78.2283451972868,0
dodo-k50000000000000000,259,10000,34.81658475782485,-34.80873986797262,34.80873986797262,0.007844889852229642,123790.26899950078,2321.486540777231,0.9815918307470093,7695,717,62725.09888141916,0.0007160165163425347,0.07323837522737237,100.07160165163425,9998.243869694477,108.29608654382311,0
dodo-k50000000000000000,260,10000,46.765674807001574,-46.759209729489754,46.759209729489754,0.0064650775118195725,154208.35470751463,2305.618324517067,0.985268929796797,9581,995,81608.55341133557,0.0007101389260461133,0.057387537972058596,100.07101389260461,9998.19529730536,109.49047363123745,0
dodo-k50000000000000000,261,10000,78.59836744278053,-78.57004211347596,78.57004211347596,0.02832532930456466,124328.86565433722,2987.4701705795765,0.9765350600830368,5177,903,79499.48858688612,0.00012245495087540804,0.14605960735469467,100.01224549508754,9994.838735724472,50.65810344203464,0
dodo-k50000000000000000,262,10000,59.363167423661224,-59.359000607586715,59.359000607586715,0.004166816074508972,158592.53501451793,3055.0164025705594,0.9811007567031566,9979,1024,83719.09832794005,0.0031570880088712273,0.09552480191596971,100.31570880088712,9966.741579127864,106.52284600287264,0
dodo-k50000000000000000,263,10000,49.225428436876015,-49.22886158615814,49.22886158615814,-0.003433149282123793,109672.48317266119,1603.4534230689458,0.9855902949719098,4370,738,69296.41178677721,-0.0008447465138624466,0.0746749101046457,99.91552534861376,10023.87424044775,139.7420681636363,0
dodo-k50000000000000000,264,10000,26.656559162496432,-26.656304865395,26.656304865395,0.00025429710143143325,119503.70287791188,2236.213365957901,0.9816312230618074,8643,685,55593.62951094486,0.0014221401743409955,0.04685099717127983,100.1422140174341,10031.596294959598,277.5065921963876,0
dodo-k50000000000000000,265,10000,48.49709338246083,-48.48208542596908,48.48208542596908,0.015007956491750463,146342.39862628985,2345.5338346504864,0.9842251230760328,9458,1012,79254.976309106,-0.0003035732877988551,0.062462871060620276,99.96964267122011,9985.959486262476,87.13095896679536,0
dodo-k50000000000000000,266,10000,57.69483038949922,-57.68932595452609,57.68932595452609,0.005504434973126138,120929.05843496694,943.1907102175677,0.9922608246189504,4884,846,76835.73003714513,0.001809186271170944,0.06541047934770475,100.1809186271171,9980.958390646883,104.78263269803747,0
dodo-k50000000000000000,267,10000,155.16691881087675,-155.1594940202412,155.1594940202412,0.007424790635553791,271777.41938913247,106.37557296125483,0.999608746181522,10608,1736,168911.1061428835,-0.004422155441797741,0.12601525457781107,99.55778445582023,10044.769833647591,101.65458535084109,0
dodo-k50000000000000000,268,10000,46.02703969191495,-46.02594340587301,46.02594340587301,0.0010962860419425624,131972.02588048205,1677.8035955919206,0.9874462720815347,6709,833,75278.47176266552,-0.0006122235588593128,0.07882157501366308,99.93877764411407,10015.751468930826,119.34976369164225,0
dodo-k50000000000000000,269,10000,20.59352305646582,-20.586147868124,20.586147868124,0.007375188341818273,78554.64073852524,2793.5512646182246,0.9656593318692287,5243,530,39102.97228692227,-0.00010603232595926215,0.03675246173266842,99.98939676740407,9996.27886822607,82.89332654495395,0
dodo-k50000000000000000,270,10000,103.6018856811576,-103.56967135532147,103.56967135532147,0.03221432583612227,183255.073538956,2626.2724284855485,0.9858712426746385,8132,1330,115539.51321480311,-0.004435728441070807,0.1742936846728611,99.55642715589292,10023.553337213742,61.016651922615246,0
dodo-k50000000000000000,271,10000,161.13323919849506,-161.03488004825863,161.03488004825863,0.09835915023643338,293739.7146818605,5897.746030649366,0.9803170604348833,10543,1782,185195.7539668496,-0.0004047023881341261,0.08301915182375183,99.95952976118659,10000.406382733647,72.2700787258984,0
dodo-k50000000000000000,272,10000,18.08279470144055,-18.094656029042227,18.094656029042227,-0.011861327601675242,57380.20090546044,1231.5086884353136,0.9789886919018725,4259,453,30626.051245101695,0.01352322174974404,0.09172882153212726,101.3523221749744,9956.457256373542,30.13487132994103,0
dodo-k50000000000000000,273,10000,169.0912782795749,-169.04857945585644,169.04857945585644,0.04269882371846734,150706.77807599056,4508.609348117987,0.9709525619660458,5670,1328,103930.6325305665,-0.003681222095665504,0.9388919344809767,99.63187779043345,9975.710127571932,18.907137590054095,0
dodo-k50000000000000000,274,10000,62.98074112219635,-62.96660262931154,62.96660262931154,0.014138492884811171,105406.97956654191,578.8198516606415,0.9945387037241026,6358,712,60474.15318387436,0.004407113524571429,0.19492538980399815,100.44071135245714,9964.38525539093,86.94610444573428,0
dodo-k50000000000000000,275,10000,38.799980989716914,-38.877556062857046,38.877556062857046,-0.07757507314013168,125800.849089793,3595.975519408943,0.9722097081572958,9053,852,64426.543250063594,0.004520494215001776,0.10971831731743506,100.45204942150018,9983.425156743187,66.29636097997468,0
dodo-k50000000000000000,276,10000,118.17336234372661,-118.22498814581195,118.22498814581195,-0.051625802085339956,247471.47960712554,3887.6651979178696,0.9845334244714542,10339,1614,151542.64852685682,-0.0021959523448738592,0.1341764231071845,99.78040476551261,10081.71756321365,138.11822407017874,0
dodo-k50000000000000000,277,10000,59.20665456447229,-59.200506076385004,59.200506076385004,0.006148488087283965,185806.7332974463,2963.5398625225125,0.9843008127661546,10961,1156,100180.78107321351,-0.0039811126309628264,0.05210343210440925,99.60188873690372,10055.20463254718,142.15299267750655,0
dodo-k50000000000000000,278,10000,91.19527454666249,-91.19995073632313,91.19995073632313,-0.004676189660642649,240789.76235915048,3382.3557556929313,0.986147657718634,11376,1545,139823.2338056181,-0.00027706266333211716,0.0834885899331411,99.97229373366679,10034.486740038847,149.28264857405574,0
dodo-k50000000000000000,279,10000,156.2263054131735,-156.21833581324137,156.21833581324137,0.007969599932124538,258384.2449185227,4556.785489792286,0.9826699337006624,10816,1737,161206.45267782794,0.004205943867160897,0.14307575259290262,100.42059438671609,9987.406353876775,61.750290027930994,0
dodo-k50000000000000000,280,10000,38.952809764360545,-38.92885168638306,38.92885168638306,0.023958077977482617,120264.67592377073,2372.4461072855925,0.9806547473718048,6698,767,67641.11819024109,-0.004190510557421447,0.047135089293537505,99.58094894425786,10056.032583285845,169.94488864631452,0
dodo-k50000000000000000,281,10000,42.968527492489855,-43.000682288177735,43.000682288177735,-0.03215479568788027,121483.58221791645,1759.9382430415376,0.9857198314648998,6290,859,72700.98458446999,-0.00037137576626022906,0.04952799476161374,99.96286242337398,10019.99334798275,116.82539784415584,0
dodo-k50000000000000000,282,10000,44.35466065779892,-44.34334344353804,44.34334344353804,0.011317214260877506,117250.48110169981,2521.2124264583886,0.9789498473955731,7405,831,64883.93493483846,-0.0030003099832346435,0.08760599500051398,99.69996900167654,10025.765924887335,71.85428895294675,0
dodo-k50000000000000000,283,10000,39.84616593823682,-39.849344519305895,39.849344519305895,-0.003178581069072095,93668.17789094537,2259.99734984906,0.9764407344956149,5353,706,54110.055892451746,-0.00023357512212513143,0.0908223854899741,99.97664248778749,9994.655945112248,59.544311072851286,0
dodo-k50000000000000000,284,10000,232.77573562859175,-232.72178217197822,232.72178217197822,0.05395345661352735,302606.8411581712,2051.086877506896,0.9932675742570313,10856,1892,192822.28186867933,-0.0006596460485283728,0.2429796642275538,99.93403539514716,9996.594641097765,104.0632719251634,0
dodo-k50000000000000000,285,10000,41.84853501786771,-41.83835844522022,41.83835844522022,0.010176572647488058,149858.4794820369,2447.526068487729,0.983930206431185,10837,993,76440.53126247622,-0.0010644882831842039,0.07088630797803788,99.89355117168158,9999.66168342508,100.77628519878832,0
dodo-k50000000000000000,286,10000,51.7287968845049,-51.756748383899684,51.756748383899684,-0.027951499394781365,135645.91777456514,2462.7400678664485,0.9821680978851,9538,982,73331.57971586038,0.0031935495849489824,0.09163796613392705,100.3193549584949,9991.403856368308,77.88995752428121,0
dodo-k50000000000000000,287,10000,63.18877097251993,-63.16614943444519,63.16614943444519,0.022621538074744763,175444.1447784605,3649.809639344987,0.9796206988046599,9741,1146,98156.65707097827,-0.0019189554009501819,0.08901882871109279,99.80810445990498,10004.214652845618,115.90317231086996,0
dodo-k50000000000000000,288,10000,156.72279785905783,-156.83149550312214,156.83149550312214,-0.10869764406430704,259574.65645984543,3912.635764316708,0.9851505712807279,9210,1740,171218.45472655914,-0.0046730882934672025,0.11182039526986187,99.53269117065328,10053.092597589619,95.42736206669963,0
dodo-k50000000000000000,289,10000,31.010306744112206,-31.008198362799618,31.008198362799618,0.002108381312588392,93604.34109817793,2749.301769538405,0.971466550846314,6682,690,49072.18465958171,0.0001057309303585896,0.0773418731026399,100.01057309303586,10003.435113063128,57.840803254481386,0
dodo-k50000000000000000,290,10000,102.76527902838751,-102.82727482426267,102.82727482426267,-0.061995795875162685,190692.1618197934,3388.0595405747104,0.9825429942483229,8502,1325,117612.73662258197,0.002553704562220673,0.2050228431242232,100.25537045622207,9956.305415793411,86.58954499298352,0
dodo-k50000000000000000,291,10000,98.43065509984825,-98.43528550290596,98.43528550290596,-0.004630403057703347,227322.73400705765,3775.5864741317305,0.983662423568158,11103,1348,126766.7506568206,0.0022132388611396437,0.10348399956450734,100.22132388611396,9976.964494185404,153.01921293116803,0
dodo-k50000000000000000,292,10000,99.70561160147084,-99.84589307796179,99.84589307796179,-0.14028147649095501,274224.5109086768,3549.275346218217,0.9872224251464777,11056,1488,157953.92202604713,-0.004822279096918436,0.08321581238005266,99.51777209030816,10202.405053938961,493.09013499152775,0
dodo-k50000000000000000,293,10000,25.053100862523756,-25.042036609561762,25.042036609561762,0.011064252961993759,69627.1359266035,1786.1131465124379,0.9749890507756658,4397,490,39888.55346954499,0.0024914409362446575,0.056548210158373566,100.24914409362447,9971.762511729103,103.97254062375309,0
dodo-k50000000000000000,294,10000,76.3950589103667,-76.33495704313853,76.33495704313853,0.06010186722816968,181204.6585859363,4206.102237474652,0.9773146810962033,10877,1201,101217.79287729834,-0.0027547460555956606,0.134262669566498,99.72452539444043,9991.137789524828,61.9183229772161,0
dodo-k50000000000000000,295,10000,46.41801522246051,-46.423916286446904,46.423916286446904,-0.005901063986392785,110698.58475583243,1775.7953033224253,0.9842115573129769,4740,803,71337.19905838465,-0.001202155767934272,0.0631957925624144,99.87978442320657,10006.738943922457,105.5472614564718,0
dodo-k50000000000000000,296,10000,56.88195309112183,-56.880442776696206,56.880442776696206,0.001510314425622994,159899.58561932237,98.62792242884474,0.9993835686021386,10038,1038,84410.37839820975,-0.0015013360377844264,0.10133434616820665,99.84986639622156,10015.55140327611,100.7854773452055,0
dodo-k50000000000000000,297,10000,28.71922692571969,-28.684167161154228,28.684167161154228,0.03505976456546023,95029.18155733572,2611.356630060124,0.9732554051981125,6702,687,50145.78138618207,0.00426252737028733,0.07898073324164315,100.42625273702873,9967.87889098809,65.1742623323321,0
dodo-k50000000000000000,298,10000,76.53544237495551,-76.49674749911837,76.49674749911837,0.03869487583713749,147473.67978938078,1459.4220453830546,0.9902008215272234,6627,959,89570.32794223218,-0.0013663213488727876,0.08752298369993668,99.86336786511272,10011.81449343653,126.87282753788942,0
dodo-k50000000000000000,299,10000,110.8788469376836,-110.90614946988211,110.90614946988211,-0.027302532198504537,247288.3024900932,4109.025485962559,0.9836552539398751,11708,1642,145340.11824270745,0.00562748740713829,0.10166113446427076,100.56274874071383,9986.098435810025,75.61270530574372,0
dodo-k50000000000000000,300,10000,52.20787302112655,-52.21012125939944,52.21012125939944,-0.002248238272891001,175868.53633078217,1204.339852181029,0.993198620375169,10822,1200,95385.37036050834,0.0008547181374004253,0.05955093739129481,100.08547181374004,9993.25499187305,102.79312941173237,0
dodo-k50000000000000000,301,10000,84.09846989270234,-84.05622738190638,84.05622738190638,0.04224251079595831,154778.14513806909,2711.8564884674493,0.9827807704586974,6774,1118,99303.45446050777,-0.005317827932954486,0.12235163585312875,99.46821720670455,10032.233094282137,63.168482125548095,0
dodo-k50000000000000000,302,10000,94.76624589108201,-94.76094127627927,94.76094127627927,0.005304614802739138,184113.02100300085,1803.3863690232715,0.9903000149663249,7732,1222,115075.59280289744,0.00025900305593040684,0.08252833524974136,100.02590030559304,9999.629166343037,101.9797741604915,0
dodo-k50000000000000000,303,10000,98.02350601902606,-98.04370149429256,98.04370149429256,-0.02019547526650456,215258.08907040334,1823.079602721885,0.9916018528282985,9478,1411,131165.95273486126,-0.00321790734852641,0.10192739419928586,99.67820926514736,10028.142903951728,99.98327419905475,0
dodo-k50000000000000000,304,10000,27.78117252413491,-27.810754913026976,27.810754913026976,-0.029582388892066547,108802.10866580097,2812.542286261891,0.9748013162943112,8655,739,55057.02558932429,-0.0006293291197998485,0.048003192916693534,99.93706708802002,10018.15322373654,80.1618422792759,0
dodo-k50000000000000000,305,10000,18.04085120876902,-18.04342508441014,18.04342508441014,-0.0025738756411186614,68297.11478727564,1155.6836038798047,0.9833601578244401,4121,490,37437.67857785526,0.00031056899936473316,0.04616866237791456,100.03105689993647,10009.367344242048,120.98806606627531,0
dodo-k50000000000000000,306,10000,115.30038452368152,-115.29402965186125,115.29402965186125,0.006354871820263952,214594.91000439503,3647.104346877424,0.9832887157052757,8769,1438,136318.27151590132,-0.002943217729790888,0.10992192207498505,99.70567822702091,10023.40812395588,88.33883802758481,0
dodo-k50000000000000000,307,10000,77.52200980234372,-77.47097913852855,77.47097913852855,0.051030663815168964,118667.7831832282,839.5971212746085,0.9929745165601043,4571,923,80138.12069276496,-0.002458345533196393,0.1263053318805248,99.75416544668036,9973.833636314908,35.262454488288526,0
dodo-k50000000000000000,308,10000,68.26535744295494,-68.14550211882512,68.14550211882512,0.1198553241298157,144796.5222886694,3847.114769213255,0.9741185371580005,7438,980,83946.79351597436,-0.0017975201312823686,0.14739613903370427,99.82024798687176,9987.336370516981,71.39019780118406,0
dodo-k50000000000000000,309,10000,32.2296597050436,-32.22811670343516,32.22811670343516,0.0015430016084394538,82410.84418521891,1893.7790241814537,0.9775364748445933,5245,583,45134.39493038311,-0.001311674870050581,0.08693990329914016,99.86883251299494,10004.239446567,74.06469152766799,0
dodo-k50000000000000000,310,10000,85.881610036919,-85.98657675608378,85.98657675608378,-0.10496671916477851,203839.4818480254,3877.9091061201834,0.9813308404832783,10566,1345,116501.03986587522,0.0024974728856639672,0.09450535388367484,100.2497472885664,10006.743800285723,83.06030370845933,0
dodo-k50000000000000000,311,10000,85.24066692455064,-85.27696086706815,85.27696086706815,-0.03629394251751705,231236.6536292448,3304.7516765898226,0.9859097302146692,11166,1470,136272.55426535098,0.002968265471794211,0.05650085042083035,100.29682654717942,9984.592820291875,120.39333735672653,0
dodo-k50000000000000000,312,10000,43.21893168120747,-43.212021851356354,43.212021851356354,0.006909829851117877,146820.27551357678,1660.0019107804003,0.9888200511234491,9653,958,76134.8307583523,-0.0018623729856422245,0.08288715293957111,99.81376270143578,10015.83945002243,128.03620268275165,0
dodo-k50000000000000000,313,10000,99.8521726282665,-99.88043108521899,99.88043108521899,-0.028258456952485744,191857.8735547176,2663.9312332446234,0.986305230736737,7544,1300,121934.46447351444,0.00044601316111510415,0.09599531625440334,100.04460131611151,10000.85532082447,109.12406973599073,0
dodo-k50000000000000000,314,10000,73.00916923245101,-73.01770301808166,73.01770301808166,-0.008533785630646662,146738.30539919515,2375.4011617514657,0.9840698671065454,7823,1081,87918.85327555312,0.0015757165393665673,0.14917530147804683,100.15757165393666,10002.088617890904,45.73847996385439,0
dodo-k50000000000000000,315,10000,111.47669864488742,-111.66020742703051,111.66020742703051,-0.18350878214309319,246428.95660591012,4388.857089326733,0.9825018126716488,11399,1492,140667.96334633522,0.0015198931572358277,0.16385352889448584,100.15198931572358,10018.677886715488,216.21833919433251,0
dodo-k50000000000000000,316,10000,106.79938284320966,-106.72738240405585,106.72738240405585,0.07200043915381116,134841.87330270704,3652.5709880634404,0.9736265883677266,5644,1037,86721.19657295481,-0.00041016759001976765,0.20694182593885557,99.95898324099802,9967.385243609247,30.169280603748007,0
dodo-k50000000000000000,317,10000,36.42047977500163,-36.44306319327217,36.44306319327217,-0.02258341827053556,143555.7258070698,2700.9870516859537,0.9815325601205439,10420,929,72025.35517916801,-0.0018156426847177442,0.051058872258044515,99.81843573152823,10030.382463484368,94.60567878562699,0
dodo-k50000000000000000,318,10000,102.80391758730136,-102.85970702859508,102.85970702859508,-0.05578944129372587,194716.8705769164,1839.1881779159091,0.9906429331684455,9656,1325,114322.09362643489,0.0069063326781420645,0.13207882359026157,100.6906332678142,9984.079715338035,73.23341597513519,0
dodo-k50000000000000000,319,10000,60.26694650727267,-60.313365521816564,60.313365521816564,-0.04641901454389341,141880.99245472834,1973.221238055089,0.9862831877676581,7562,971,82411.33716960969,0.0021941044502787575,0.0692259360758915,100.21941044502788,9997.938219711657,80.54127455886922,0
dodo-k50000000000000000,320,10000,39.04656981732488,-39.05473000988776,39.05473000988776,-0.00816019256288314,96841.47036482964,1207.2154926471478,0.9876875913013057,4191,683,60026.63622078308,-0.002559461232011699,0.06202693188190693,99.74405387679883,10037.179202894185,119.30523616592417,0
dodo-k50000000000000000,321,10000,53.21793558436063,-53.25699452551743,53.25699452551743,-0.03905894115679587,157601.71808110358,3002.9751166735728,0.9813020712104873,10060,1086,84849.07756404833,-0.00047766942668147293,0.07257705577052065,99.95223305733185,10018.273493661221,79.383797537046,0
dodo-k50000000000000000,322,10000,23.22769392659122,-23.219960805818225,23.219960805818225,0.007733120772993374,74590.79940530774,1929.1503789783492,0.9747889225696472,4696,531,41003.15044001782,-0.0007994047970468898,0.044849400361501354,99.92005952029531,10003.02434403779,89.50265190011257,0
dodo-k50000000000000000,323,10000,69.39015858583576,-69.44077066055024,69.44077066055024,-0.05061207471447915,156701.77780885855,2614.650421299727,0.9835883188548361,8110,1153,92595.46331546603,0.0034484270292213636,0.11875162960435588,100.34484270292214,9978.84604074846,64.41284481911472,0
dodo-k50000000000000000,324,10000,22.770534570559306,-22.77878963796134,22.77878963796134,-0.008255067402032523,70539.96797648304,2021.830534988536,0.9721364329927834,4582,481,38183.3814534889,0.0005697867505951137,0.05696345474900411,100.05697867505951,9996.222617416206,110.53762081098655,0
dodo-k50000000000000000,325,10000,65.60041480341692,-65.62037989744624,65.62037989744624,-0.019965094029316788,150788.47232922705,1612.8700959172704,0.9894169561091009,6902,1065,92047.24485885228,-0.0010166939433260325,0.09245458855053769,99.8983306056674,10014.36993345453,88.53201256206908,0
dodo-k50000000000000000,326,10000,20.742151763479445,-20.73729826477338,20.73729826477338,0.004853498706065551,72665.65592637623,2526.2104253230564,0.9664031424156031,4483,468,38314.39773402244,0.0020842112316384487,0.052045382698773464,100.20842112316384,9978.050939193421,107.76756774471322,0
dodo-k50000000000000000,327,10000,86.04282048378799,-86.0530678205902,86.0530678205902,-0.010247336802208906,143940.56614778878,1411.3663806914626,0.9902900060828917,5340,1004,96166.67941850242,-0.001757893220558202,0.11244523823475476,99.82421067794418,10022.566433285168,90.85897714735844,0
dodo-k50000000000000000,328,10000,63.301129059852144,-63.099234370386334,63.099234370386334,0.20189468946581002,118368.50071995708,2610.97559327755,0.9784180286372102,5335,903,75226.08260544707,-0.03074628387994224,0.1145250676710316,96.92537161200578,10122.56735291699,40.753389784457795,0
dodo-k50000000000000000,329,10000,111.59893879164366,-111.5900432741137,111.5900432741137,0.008895517529964536,207510.54386480007,4668.355790174833,0.9779980205488573,10038,1349,120986.97172352824,-0.0025161896698213584,0.177320227137336,99.74838103301786,10007.871729843824,93.56275568572572,0
dodo-k50000000000000000,330,10000,87.45646175528707,-87.46345970632056,87.46345970632056,-0.006997951033497429,134176.9985790845,2613.9137965037644,0.9808911736086187,5979,1072,85734.24680457596,0.009348052614106593,0.18194060180135552,100.93480526141066,9965.181848625936,45.87125524823195,0
dodo-k50000000000000000,331,10000,93.33382325387537,-93.31962991464476,93.31962991464476,0.01419333923060151,242915.1476265972,3204.6361769547157,0.9869793637576384,11550,1481,135699.84291667864,0.0018181096433839627,0.08917442630856201,100.1818109643384,9965.277005986749,111.84763406821621,0
dodo-k50000000000000000,332,10000,47.20205025016221,-47.21124251164844,47.21124251164844,-0.009192261486234088,136993.24452049477,2842.8760933970093,0.9796699444970545,9229,903,72023.2989973868,-0.0007413777999111914,0.08980093037359381,99.92586222000888,10008.387040698364,96.18037729242826,0
dodo-k50000000000000000,333,10000,73.45490811122012,-73.42565968406079,73.42565968406079,0.02924842715933096,178035.58024771555,2271.6630875788765,0.9874011545761667,8875,1163,103230.46661166949,0.007106012497596197,0.07822246154310633,100.71060124975962,9956.448106861091,106.66347682725883,0
dodo-k50000000000000000,334,10000,33.51020719901406,-33.52226717500779,33.52226717500779,-0.01205997599372921,92119.72444393774,1299.1915833196526,0.9860928424502315,6166,674,49622.743057906075,0.007166957679639978,0.17397087734781294,100.716695767964,9967.796249940393,43.53506572387395,0
dodo-k50000000000000000,335,10000,108.75769205994445,-108.64052852329652,108.64052852329652,0.11716353664792223,169805.9786842069,2716.759737641942,0.9842527439426624,6194,1208,113324.35272077894,-0.0005917661951460218,0.09461361363426064,99.9408233804854,9977.353551773642,71.3855580917928,0
dodo-k50000000000000000,336,10000,56.14348071353627,-56.18609116561454,56.18609116561454,-0.04261045207827152,165249.06127533797,3220.750875781028,0.9808823264259832,11357,1051,83446.55521954727,0.00036615023290337945,0.11474672647604081,100.03661502329034,9999.86561993322,74.95867785187997,0
dodo-k50000000000000000,337,10000,62.244857536730336,-62.25550552801891,62.25550552801891,-0.010647991288571745,151791.9155224955,1994.3752455332415,0.9870315147366318,8138,1048,88322.36515556042,-0.0031466302181922855,0.08933394898852015,99.68533697818077,10029.562558959824,91.34596491098851,0
dodo-k50000000000000000,338,10000,107.2400729421038,-107.29596275165076,107.29596275165076,-0.05588980954696865,178941.88271130214,2217.626589905918,0.9877587072383889,6707,1263,117888.21266734222,0.001468526012119895,0.09813435121049892,100.14685260121199,10007.524072859871,87.77483026771564,0
dodo-k50000000000000000,339,10000,42.776755234948226,-42.7779944013337,42.7779944013337,-0.0012391663854742774,118423.52776712291,2808.736178671619,0.9768317765646325,7610,798,63526.24407938854,-0.0015041864819698959,0.10374715811188992,99.84958135180301,10013.805837719934,90.66365827772091,0
dodo-k50000000000000000,340,10000,102.03642836816721,-101.90797147866978,101.90797147866978,0.1284568894974285,203063.35010758272,1644.4524166477645,0.9919668307882249,9095,1292,122194.61630717255,0.00792733848648382,0.11225801526780614,100.79273384864838,9895.93490107692,113.06145681175519,0
dodo-k50000000000000000,341,10000,18.521436079307527,-18.51740863659873,18.51740863659873,0.004027442708796514,65666.39900803962,1196.7696512954872,0.9821012124418904,4782,495,34373.23534871817,0.004407980114898607,0.0430262516584348,100.44079801148986,9969.140373186332,75.43729239482286,0
dodo-k50000000000000000,342,10000,80.56627569221335,-80.58192632835541,80.58192632835541,-0.01565063614205542,168202.96549031424,2460.701045554317,0.9855815763513018,7191,1147,104851.22057915443,-0.0007094076483218715,0.0896621419766862,99.92905923516781,10010.424678084522,83.65751360198476,0
dodo-k50000000000000000,343,10000,84.70929919192828,-84.68041541203104,84.68041541203104,0.028883779897242334,177051.17656828716,2333.078593302591,0.9869939611411216,8543,1297,107488.23172241505,0.005672152241099297,0.08635207393166197,100.56721522410993,9977.954062989525,63.41902642153338,0
dodo-k50000000000000000,344,10000,169.18525084894017,-169.19569519223225,169.19569519223225,-0.010444343292078884,283931.4689277813,4557.237816667041,0.9842030633777842,11209,1969,177646.9833384811,-0.00003368362634489585,0.14770152571015557,99.99663163736551,9996.244595683205,59.25613573620295,0
dodo-k50000000000000000,345,10000,37.08464733530762,-37.060007151520445,37.060007151520445,0.02464018378717725,116653.51209212361,1609.1876086562072,0.9863931094696158,6293,749,64787.605806781976,-0.0006336330005112245,0.04867148436352295,99.93663669994888,10002.351768461198,139.56768586631839,0
dodo-k50000000000000000,346,10000,99.9820391580515,-100.02236641868888,100.02236641868888,-0.04032726063736902,248075.6509360384,4460.2312608897255,0.9823382276526881,11604,1519,144157.56807845156,0.0021765196034007773,0.07681849360563149,100.21765196034008,9990.920237176433,90.28591474858376,0
dodo-k50000000000000000,347,10000,67.24157138248073,-67.23964226071053,67.23964226071053,0.0019291217702033236,129845.71977525388,1509.387765991743,0.9885091048666091,7165,857,73747.2245808844,-0.002098401196921316,0.19470625024397661,99.79015988030787,10020.733306459771,122.91590736336742,0
dodo-k50000000000000000,348,10000,62.42263927984012,-62.376601136102785,62.376601136102785,0.04603814373733428,146425.796885141,2071.7164635207973,0.9860488137693151,7951,1023,84474.148645029,-0.0016098649203516403,0.10842254853300247,99.83901350796484,10007.23692454919,97.38786993123438,0
dodo-k50000000000000000,349,10000,29.423920986549344,-29.32042471732992,29.32042471732992,0.10349626921942345,91720.16747046437,1723.3288314360486,0.9815575304902091,4539,616,54038.21323947476,0.005686375450976726,0.05106223833622849,100.56863754509767,9871.424422959275,169.6359167203853,0
dodo-k50000000000000000,350,10000,165.39438819988857,-165.30044029076504,165.30044029076504,0.09394790912352846,241715.88220682478,2469.685283113494,0.989886030904692,10934,1743,148893.21199637174,-0.004426628596302038,0.22072189722831922,99.5573371403698,9988.42745818937,37.16394604801527,0
dodo-k50000000000000000,351,10000,52.28414008921946,-52.241931937206516,52.241931937206516,0.0422081520129467,138403.35433355975,2083.506711084182,0.9851693838442152,6926,916,79937.3743638904,-0.00003832970539974667,0.10913851809731127,99.99616702946003,10003.531456866618,141.52990195223055,0
dodo-k50000000000000000,352,10000,179.8204729038104,-180.0332107436993,180.0332107436993,-0.21273783988888795,291584.06943668646,3184.2726201236624,0.9891973724250552,11720,1947,184285.78608761693,0.02008452159336329,0.20237997365772883,102.00845215933633,9866.303325706833,75.13661845490097,0
dodo-k50000000000000000,353,10000,92.16380084881266,-92.1879390994379,92.1879390994379,-0.024138250625242108,214555.59042380223,4623.683767073819,0.9789045575402024,8305,1375,133422.68899476505,-0.0016464832874790148,0.06885816889536954,99.8353516712521,10024.543287362441,144.46897762998216,0
dodo-k50000000000000000,354,10000,137.77718388093095,-137.725533088709,137.725533088709,0.051650792221948905,273624.68633648515,2719.3248333625206,0.9901596389881915,11749,1789,169131.48464672308,0.009598130455969738,0.10277719830209207,100.95981304559697,9902.41957644156,91.15506987045693,0
dodo-k50000000000000000,355,10000,155.3276122510745,-155.72101130075163,155.72101130075163,-0.3933990496771287,232781.69912569466,1996.5291477445228,0.99149610608093,8182,1433,150959.08406550728,-0.002860912728469316,0.1431910430000981,99.71390872715307,9987.52904071411,154.18981019057375,0
dodo-k50000000000000000,356,10000,70.29465484669684,-70.28446678921007,70.28446678921007,0.010188057486772095,128588.72098662484,177.7805328446691,0.9986193572804508,4870,878,83354.26901166806,-0.00423735312283668,0.08742485351162074,99.57626468771633,10041.129566234691,97.80831608080179,0
dodo-k50000000000000000,357,10000,61.66086119446438,-61.552794371709425,61.552794371709425,0.1080668227549566,110017.49264557588,534.595733063114,0.9951643090519273,4420,783,71491.57477489382,0.014887794707152012,0.0980103734957649,101.4887794707152,9853.021730485832,98.8813785647594,0
dodo-k50000000000000000,358,10000,57.26593189787715,-57.28166518447638,57.28166518447638,-0.01573328659922879,128788.60244671187,2459.1017627703777,0.9812636588382114,7103,854,74868.0932019984,-0.0032267894980007837,0.12570235731547597,99.67732105019992,10039.26639996438,144.43542147189282,0
dodo-k50000000000000000,359,10000,103.11231824270918,-103.0934977194112,103.0934977194112,0.018820523297975456,195117.55763153106,2720.3189709949015,0.9862497565293815,7414,1286,123897.97014028624,-0.0033095104360766924,0.09958267180209787,99.66904895639233,10034.181952924582,106.20999279808248,0
dodo-k50000000000000000,360,10000,58.323439759171556,-58.31924201631688,58.31924201631688,0.0041977428546786655,125914.38352981568,663.4151457673489,0.9947588348611777,5051,897,81024.3604267756,0.00037850961827516015,0.09314347720489806,100.03785096182752,9995.479760636452,96.80170645181772,0
dodo-k50000000000000000,361,10000,137.41295016204438,-137.62798304223367,137.62798304223367,-0.21503288018928401,173048.99729846528,2812.711180383574,0.9840061193268695,9180,1328,103670.39920835156,-0.0012267550898307888,0.4013953532972275,99.87732449101692,9982.504190386246,35.89070504569022,0
dodo-k50000000000000000,362,10000,111.69204967144519,-111.69653959352493,111.69653959352493,-0.004489922079741859,237075.01936295876,1451.0511349720275,0.9939165931340633,11690,1535,138998.32593981322,0.0022934840002952228,0.11628732816377692,100.22934840002952,9981.104032038771,97.38404598995342,0
dodo-k50000000000000000,363,10000,88.30750874469739,-88.29887651869441,88.29887651869441,0.008632226002973198,165665.28660063306,1725.3240231473121,0.9896928267558264,6594,1145,107457.06809266852,0.0018256460584719037,0.14710479494356604,100.18256460584719,9978.583647870702,105.30057743395567,0
dodo-k50000000000000000,364,10000,87.73157596863055,-87.76286590081456,87.76286590081456,-0.03128993218400922,115077.46062256135,1717.3453026778184,0.9852960472936005,4589,871,77116.86964421357,0.0008912966212854201,0.32922011453154454,100.08912966212854,10013.283192180952,78.58188494603716,0
dodo-k50000000000000000,365,10000,118.7245339811921,-118.72332224532526,118.72332224532526,0.0012117358668319866,234782.9802412725,3043.600377823834,0.9872024381383236,9174,1536,148162.7258528109,0.0026167679424565905,0.08705112488636402,100.26167679424566,9982.285508372452,95.25272921915307,0
dodo-k50000000000000000,366,10000,58.78873691368463,-58.753257058528455,58.753257058528455,0.03547985515617569,161074.74039032497,2873.4520004448095,0.9824734145674754,10761,1059,82884.68095054608,-0.0056988402014339105,0.14932469817006563,99.43011597985661,10054.84075904347,89.16800316112867,0
dodo-k50000000000000000,367,10000,69.58236141783411,-69.58594623403889,69.58594623403889,-0.0035848162047784626,157712.29041124668,2017.4989347219355,0.9873693007235357,7841,1060,94520.59147330545,-0.0010269683225817517,0.07994969042253118,99.89730316774182,10006.077637386963,102.15133618218331,0
dodo-k50000000000000000,368,10000,37.89607133019642,-37.916984597908026,37.916984597908026,-0.020913267711605954,131629.78073921244,3642.1393350606154,0.973075422208387,10375,858,63360.64606083826,0.0016699161997672718,0.0764539213188236,100.16699161997673,9988.771518483163,46.64121858200154,0
dodo-k50000000000000000,369,10000,100.42705474736933,-100.39871542217263,100.39871542217263,0.02833932519669702,199972.22170610086,3272.123957382058,0.9839005412588462,9508,1163,115880.46826636766,-0.004084453682022086,0.12364390389686093,99.59155463179779,10039.041436599658,159.14475917761348,0
dodo-k50000000000000000,370,10000,95.19830329013885,-95.19161741466019,95.19161741466019,0.006685875478666503,182710.66256290796,2038.0949544487412,0.9889682887082081,6889,1231,119054.24777698332,0.003210972453557588,0.08516720013198195,100.32109724535576,9964.517412676769,99.22440146244203,0
dodo-k50000000000000000,371,10000,80.88911294673002,-80.88138481730877,80.88138481730877,0.007728129421252561,144510.89297884481,2054.1074891502935,0.9859850067711163,5411,1028,96033.30422614407,-0.0016870743168259138,0.09778428459326022,99.83129256831741,10002.45797158494,58.151763025720285,0
dodo-k50000000000000000,372,10000,33.99717716589634,-33.93341743082722,33.93341743082722,0.06375973506911947,120370.26304034711,2064.958350814656,0.9831342784588314,7512,800,63819.98943819409,0.0021416877529109968,0.0473177793363827,100.2141687752911,9964.444576748196,117.61770074891827,0
dodo-k50000000000000000,373,10000,37.81878012567101,-37.85595070387655,37.85595070387655,-0.03717057820554004,94142.703816049,1710.8435169184381,0.9821514845874669,4803,659,56893.06657661564,0.00031187759115994143,0.06770935970584105,100.031187759116,10002.834121008184,97.85218742429431,0
dodo-k50000000000000000,374,10000,31.206457991723955,-31.221759589652827,31.221759589652827,-0.015301597928871757,82403.83192307518,1347.700615766742,0.9839083468097529,4482,603,48616.57276532155,-0.0003019648269091135,0.06314192435231121,99.96980351730909,10015.596303165337,94.7746136680901,0
dodo-k50000000000000000,375,10000,157.1990841678346,-156.9511941752246,156.9511941752246,0.24788999260999844,272509.94578015513,2323.740982991517,0.9915449193642912,11355,1746,169530.53398150436,-0.0072944624349742075,0.1714997785810708,99.27055375650258,10102.181150296221,155.8141834348393,0
dodo-k50000000000000000,376,10000,102.10476374566073,-101.91101877059705,101.91101877059705,0.19374497506368016,195459.7918082848,3094.4290721211955,0.9844151937017495,7898,1075,115438.52517454172,0.0023733389221170854,0.1336006272006375,100.23733389221171,9955.075650450375,217.7149092138442,0
dodo-k50000000000000000,377,10000,77.90319039985526,-77.9131652997003,77.9131652997003,-0.009974899845033747,189443.5548062249,2547.9696435618907,0.9867287389333257,9814,1290,107678.22520902776,-0.0020347037687785986,0.14225128471984363,99.79652962312214,10015.383177792974,67.52459434563514,0
dodo-k50000000000000000,378,10000,101.4604004011866,-101.51414297491202,101.51414297491202,-0.053742573725415355,198242.73070760563,3018.4284894369766,0.9850024291747131,8197,1309,122617.61126570702,-0.000618601240246619,0.10187653081443131,99.93813987597534,10022.629635899339,104.99722800548626,0
dodo-k50000000000000000,379,10000,58.559021494980506,-58.59780186173135,58.59780186173135,-0.03878036675084218,146399.07697824706,2004.6910380990953,0.9864916432723038,7372,996,84551.91711243117,0.0005330802898421893,0.06138196279135826,100.05330802898422,10026.462015548352,107.09477794308499,0
dodo-k50000000000000000,380,10000,48.81811122154944,-48.811164696232865,48.811164696232865,0.0069465253165716945,109102.05807575205,2322.384044061706,0.9791573195263166,6598,793,60783.343764081015,-0.00609177977372866,0.08434851613163388,99.39082202262713,10018.838655899428,37.25852570816146,0
dodo-k50000000000000000,381,10000,43.92805540305392,-43.915795000901056,43.915795000901056,0.012260402152861616,109123.0384655748,1415.8184282619256,0.9871916675452715,6461,736,60964.80640521697,-0.0034099857395507626,0.1311298506540291,99.65900142604492,10023.631073161598,100.82310097088454,0
dodo-k50000000000000000,382,10000,21.74713677685595,-21.759073373187157,21.759073373187157,-0.011936596331207028,68016.91370722817,1711.8318990562484,0.9754501262833276,5548,521,35495.41631300626,0.0035340292444321617,0.0714840683939734,100.35340292444322,9989.56261521458,66.42757372228675,0
dodo-k50000000000000000,383,10000,69.81286845569308,-69.76951681967776,69.76951681967776,0.04335163601531633,118470.77341825806,1625.5241932182114,0.9864648267636281,4506,876,78920.65321302306,0.000748156130890294,0.11121554294109998,100.07481561308903,9995.589165240275,73.20381602030669,0
dodo-k50000000000000000,384,10000,54.305474545100274,-54.344593680138615,54.344593680138615,-0.03911913503834086,130431.67825689614,2007.8094207346096,0.9848397977375012,5995,916,78571.90102821129,0.00013421632663295212,0.09498513862157082,100.0134216326633,10020.17935269047,84.48340316634926,0
dodo-k50000000000000000,385,10000,32.839555366897436,-32.79027486584557,32.79027486584557,0.049280501051867986,63287.50720198688,1583.0940078446336,0.9755961255434656,4361,397,32992.21764410766,-0.000367701940956664,0.15485006695468825,99.96322980590433,9991.273200137359,104.61406622725117,0
dodo-k50000000000000000,386,10000,56.19940419523316,-56.209945564847565,56.209945564847565,-0.010541369614408325,164223.94861734583,3201.1583408874285,0.9808800579611635,9180,1126,93049.73200240576,0.0016163658004799686,0.04826813610503706,100.161636580048,9990.32001083841,93.76261887180742,0
dodo-k50000000000000000,387,10000,69.49959519191735,-69.49693367257032,69.49693367257032,0.0026615193470291842,191625.89943863582,3675.818912307042,0.9811787681985376,11276,1189,103142.2995276442,-0.0002033794888663465,0.10046257906802453,99.97966205111337,10044.923065905732,150.68622293412932,0
dodo-k50000000000000000,388,10000,96.41289943825338,-96.4759922210081,96.4759922210081,-0.06309278275472252,233172.01092641323,2783.1143097477316,0.9882048999488263,10004,1442,138757.73177410327,-0.002495123418689502,0.06196693793566681,99.75048765813105,10051.961262158668,102.91410981530791,0
dodo-k50000000000000000,389,10000,117.37703463195476,-117.3673183097288,117.3673183097288,0.00971632222595531,134423.28267224893,1120.198473293182,0.9917355046231227,5041,1000,90726.39807892073,0.0023194954860244364,0.24384937000727347,100.23194954860244,9986.169659643203,50.707941737509806,0
dodo-k50000000000000000,390,10000,56.30322179994092,-56.29912497272877,56.29912497272877,0.004096827212151766,173089.3284983649,1348.8273919967485,0.9922675897075838,10166,1215,95650.82966731039,0.003080020319018786,0.0814664381150466,100.30800203190188,9973.986833491757,84.43827250739176,0
dodo-k50000000000000000,391,10000,59.12985721077948,-59.129591458098766,59.129591458098766,0.0002657526807112731,169300.44092732496,3513.3218082676963,0.9796698957730402,8949,1149,96231.40523784011,-0.00003049504552436133,0.08510554583027073,99.99695049544756,10017.672458283205,148.86748956424333,0
dodo-k50000000000000000,392,10000,32.965753251313096,-32.97200338342934,32.97200338342934,-0.0062501321162429235,91703.86926837832,1824.665124114675,0.9804908188076864,5117,665,53395.40729163582,0.0003076070227983507,0.05994572846072586,100.03076070227984,10008.279106187756,111.24275701570009,0
dodo-k50000000000000000,393,10000,133.80686171536425,-133.73573912186276,133.73573912186276,0.0711225935014852,239733.52325326423,4132.175693894494,0.9830555272359568,10656,1675,147384.9266250488,0.007963102963614119,0.2019362994325934,100.79631029636141,9960.251642758378,59.912073026557394,0
dodo-k50000000000000000,394,10000,144.49300136199093,-144.45139836021923,144.45139836021923,0.04160300177170484,247074.1451362148,3199.9253142745365,0.9872143154561929,9732,1672,156915.8702844199,0.006432356885990487,0.16952511793791372,100.64323568859905,9932.162221094999,88.08142200921634,0
dodo-k50000000000000000,395,10000,29.53003466724729,-29.51128856022934,29.51128856022934,0.01874610701795021,82300.05232251268,1264.7522267249249,0.984865013045298,4594,609,47202.87427339039,-0.004151564021476446,0.06384323376808311,99.58484359785236,10036.055535432874,155.1184015835788,0
dodo-k50000000000000000,396,10000,109.48974757444941,-109.48656215718309,109.48656215718309,0.003185417266323043,180376.99011792283,553.4604839954646,0.9969410318597327,6666,1213,119104.16278263764,0.000012959845419686644,0.11371144564625539,100.00129598454197,9999.878784688253,103.43715369072217,0
dodo-k50000000000000000,397,10000,72.25477559348413,-72.26599773421576,72.26599773421576,-0.011222140731632635,164127.7747410077,3309.6760655461294,0.9802333584893745,7933,1130,98724.47961729532,-0.004006341901201296,0.09943978715963027,99.59936580987987,10029.295366206119,79.41108286165839,0
dodo-k50000000000000000,398,10000,30.693145482424622,-30.673981619055354,30.673981619055354,0.01916386336926834,115677.89107702344,1962.4163615194088,0.9833185036298497,5514,720,66181.13561461195,0.0008202913582698556,0.03488454370401712,100.08202913582699,9975.770181502887,198.38121121080906,0
dodo-k50000000000000000,399,10000,21.529509592169624,-21.530361930149176,21.530361930149176,-0.0008523379795519759,82861.43543726129,1049.572667511578,0.9874918358006013,6626,580,41632.06893292063,-0.001120610637194943,0.07363766797863747,99.8879389362805,10010.400877634882,95.64050066528185,0
dodo-k50000000000000000,400,10000,89.61536871101288,-89.547295233356,89.547295233356,0.06807347765688121,185169.13315125386,1903.7524159391098,0.9898234722249188,7329,1222,116430.00259195086,-0.0031630687687048465,0.09353862317970638,99.68369312312952,10029.55608386532,104.7825873962232,0
dodo-k50000000000000000,401,10000,20.52607210304099,-20.5181606015133,20.5181606015133,0.007911501527686937,64644.86565218864,1474.8775521415844,0.9776938402863459,4002,462,36083.856580986074,0.003262440022541995,0.040031557148802646,100.3262440022542,9972.572963356966,82.87062419917793,0
dodo-k50000000000000000,402,10000,128.74496834547097,-128.7466116378141,128.7466116378141,-0.0016432923431466406,252099.61086329332,199.73545033781676,0.9992083394061214,10289,1666,156871.3808958563,0.0031222211530509015,0.1018231628767208,100.31222211530509,9969.27972911604,99.80422989275071,0
dodo-k50000000000000000,403,10000,68.86625541904593,-68.88642341074791,68.88642341074791,-0.02016799170198169,187204.87425439613,2693.5676962095517,0.9858157462033829,9771,1264,105945.69534923187,0.002583092194261809,0.07816780747275842,100.25830921942618,9996.862136895345,79.5186281759675,0
dodo-k50000000000000000,404,10000,69.84559230641209,-69.89095363804752,69.89095363804752,-0.045361331635433544,154776.50972647045,2899.881127699556,0.9816086535721028,5880,1061,100393.6124793676,-0.0012822808278595233,0.05791379981168945,99.87177191721405,10027.805632930547,120.4283501745212,0
dodo-k50000000000000000,405,10000,18.04534669907896,-18.050726250867342,18.050726250867342,-0.005379551788383452,55395.078039568274,1791.0060243511982,0.9686810864274373,4211,374,28837.997356195614,0.0015206810911571722,0.0669074727924908,100.15206810911572,10007.121324810076,70.0721854917118,0
dodo-k50000000000000000,406,10000,43.66859659191479,-43.68868348225761,43.68868348225761,-0.0200868903428173,140238.7228096281,2379.172125767789,0.983317856943229,9375,931,72650.46371937814,0.0003002928928032134,0.08961799735048202,100.03002928928032,10015.448362648438,115.35967467289188,0
dodo-k50000000000000000,407,10000,31.51458406360203,-31.487691450056552,31.487691450056552,0.026892613545477673,82512.72918991183,1749.9167187568669,0.9792325923321518,5130,566,46664.87715159054,0.0006314837345065882,0.07770762252120023,100.06314837345066,9974.42654210125,104.9332958814478,0
dodo-k50000000000000000,408,10000,111.49052765449643,-111.4785941146865,111.4785941146865,0.011933539809930949,142801.89909695345,2219.847256269403,0.9846930042418424,7679,1027,84471.32398595463,0.005122856596713064,0.24982899647222026,100.5122856596713,9975.629831113736,70.17455432988118,0
dodo-k50000000000000000,409,10000,73.71538272834324,-73.69094742287248,73.69094742287248,0.024435305470760227,166150.16111558408,4047.6579063508043,0.976217921418669,5930,1036,107618.41451132865,-0.0029807975742990322,0.07039400741180402,99.7019202425701,10061.821718602703,119.38920600185742,0
dodo-k50000000000000000,410,10000,94.9302800552894,-95.26315269057976,95.26315269057976,-0.33287263529035727,134792.38424750158,1818.5542359453389,0.9866880774253249,4733,1004,92998.85018530698,0.005723288657927128,0.2046600773195742,100.57232886579271,9991.736553075894,38.63694140995803,0
dodo-k50000000000000000,411,10000,64.65121379244005,-64.66892131419874,64.66892131419874,-0.01770752175869461,127910.49660252668,2212.3513984631204,0.9829979789679497,5851,859,78070.13518532248,-0.0034327025102406593,0.11000674459840866,99.65672974897593,10032.55683171587,115.05567820961065,0
dodo-k50000000000000000,412,10000,27.950511043739162,-27.968177817677187,27.968177817677187,-0.01766677393802496,120429.36785463321,2267.206545883256,0.9815218431569047,9184,726,57660.73825537862,0.0029300465285105304,0.051509365420980086,100.29300465285105,9983.598001779614,149.97496318984773,0
dodo-k50000000000000000,413,10000,75.29182233010647,-75.24066113635439,75.24066113635439,0.051161193752079726,170810.1071592137,3350.5499430578593,0.9807617288611267,8404,1185,100581.4774361888,-0.0039495357400033985,0.12587760008062632,99.60504642599966,10042.304869855547,111.05521381129603,0
dodo-k50000000000000000,414,10000,144.01220945612184,-143.73913875969487,143.73913875969487,0.27307069642697,264157.9236790559,3844.3228711693123,0.9856556319185599,11539,1712,160952.6458422743,-0.028046933135838968,0.15979062604652483,97.1953066864161,10191.447738408735,70.54611788601315,0
dodo-k50000000000000000,415,10000,62.89271492128729,-62.90534208746553,62.90534208746553,-0.012627166178234006,140114.91879036376,1297.941820344436,0.9908216139979129,5747,966,87170.2087517695,-0.000533671108357936,0.06991294756350869,99.9466328891642,10008.274184778234,101.89334590755318,0
dodo-k50000000000000000,416,10000,24.124090308205,-24.12076462790602,24.12076462790602,0.003325680298981837,90225.97406659977,1829.9347480341285,0.9801214851757215,6258,618,47293.611346820544,-0.00009007140972215666,0.04142094939121037,99.99099285902778,9999.523302064359,111.54540870840175,0
dodo-k50000000000000000,417,10000,74.43297549216717,-74.42247406108898,74.42247406108898,0.010501431078196788,155992.28183794135,3068.4302856557583,0.9807090623153287,7187,1040,94681.02279984583,0.0015286438306938521,0.11262963660813895,100.15286438306939,9981.707647327958,107.07520351566187,0
dodo-k50000000000000000,418,10000,29.927605011463683,-29.95453386436867,29.95453386436867,-0.026928852904987366,99862.29143317371,1282.0965638116538,0.9873240958870614,5457,678,56846.14086028894,-0.0007429596535607174,0.043332385372408314,99.92570403464393,10030.356057210698,154.00157860553227,0
dodo-k50000000000000000,419,10000,41.42811623367166,-41.40617516965941,41.40617516965941,0.02194106401224616,121412.91765196045,2862.1393886170385,0.9769693174416929,7675,778,63022.78772428966,-0.0013145810627000288,0.1084753308884379,99.86854189373,10007.166955494708,103.70456875739303,0
dodo-k50000000000000000,420,10000,72.13330620929825,-72.10692626549253,72.10692626549253,0.02637994380572195,153803.21984079626,3898.397446343447,0.9752799146045197,10066,1168,85883.12492025079,-0.003903339269158437,0.11644795173896057,99.60966607308416,10000.810024524164,65.58705845503661,0
dodo-k50000000000000000,421,10000,26.09647752609888,-26.07661974294779,26.07661974294779,0.01985778315108888,74290.33254919584,1508.7882164012433,0.9800949113767816,4113,503,42751.958688274535,0.0046820768334842455,0.042253433988836804,100.46820768334842,9953.66835796853,113.96973346125885,0
dodo-k50000000000000000,422,10000,26.90354307531465,-26.877519279021108,26.877519279021108,0.026023796293543455,76540.58261152638,2238.4999588966375,0.9715850973905977,4793,504,41481.21305976691,-0.003662392932016587,0.05971126135979958,99.63376070679834,10045.617415785116,143.2724004731088,0
dodo-k50000000000000000,423,10000,25.745482095426585,-25.750699859675436,25.750699859675436,-0.005217764248850898,63241.207336032494,1295.4898572379843,0.9799263068365843,4434,411,34734.04984062662,-0.0005861110749100362,0.07951301792273696,99.941388892509,10005.928195295139,129.30019002215653,0
dodo-k50000000000000000,424,10000,51.673142436177,-51.660579754797105,51.660579754797105,0.012562681379897356,122563.05168165722,1473.293854539787,0.9881220794746017,6716,916,72671.15744552281,0.00046176791923286943,0.08703775289039725,100.04617679192329,9985.247735613053,64.94421331010906,0
dodo-k50000000000000000,425,10000,69.13154738633109,-69.12421339361838,69.12421339361838,0.007333992712716508,137319.48722324072,1876.7244026727758,0.9865174175306118,5656,937,87646.72812800047,0.014347748858061777,0.07703804989553632,101.43477488580618,9843.128917959519,118.38385301113112,0
dodo-k50000000000000000,426,10000,62.70330148998625,-62.695775678208754,62.695775678208754,0.007525811777497893,167815.4445926659,1431.483640249823,0.9915420406432439,9667,1090,92143.71296517582,-0.00413810029427296,0.06470076823815617,99.5861899705727,10039.397410412164,95.29531009585322,0
dodo-k50000000000000000,427,10000,50.87097197957415,-50.983513772653545,50.983513772653545,-0.11254179307939438,131483.8925101416,2354.5577329534462,0.9824074641578948,7494,953,75111.3235793263,0.003736302385645871,0.06977138425365212,100.37363023856459,10023.580340046316,76.86609659728674,0
dodo-k50000000000000000,428,10000,36.22673851528092,-36.217367455243476,36.217367455243476,0.009371060037445034,153993.91778279195,2772.212245274428,0.982316255145304,10311,913,75683.53118606101,-0.0013399551730664428,0.03311989405592172,99.86600448269336,10017.973106060517,194.90843545565022,0
dodo-k50000000000000000,429,10000,132.6362920795597,-132.68409934487354,132.68409934487354,-0.04780726531384971,278655.7587214618,1878.4744101162364,0.9933039387416394,10638,1711,171196.15104645691,0.001110076642556095,0.08515116139160384,100.11100766425561,10008.474217595009,131.93445052589976,0
dodo-k50000000000000000,430,10000,64.95516937009681,-64.96562743964188,64.96562743964188,-0.01045806954506645,160660.00131485984,3761.7500699539883,0.9771213356002396,8370,1052,93273.85954305294,-0.00018194754832265403,0.0705173558568805,99.98180524516773,10004.906068694585,87.42609396551642,0
dodo-k50000000000000000,431,10000,64.35539776377495,-64.34786695514131,64.34786695514131,0.007530808633632091,188990.1779939769,861.3803126090395,0.995462874678026,10596,1199,101936.17840733868,-0.0015721113035944256,0.0744732142276976,99.84278886964056,10016.965268916949,115.61020348028701,0
dodo-k50000000000000000,432,10000,105.54405096375365,-105.631970938289,105.631970938289,-0.08791997453535316,119421.99201779258,2142.957908257449,0.9823719097522678,5781,947,76608.51954930152,0.0006618249177149948,0.3081903065318983,100.0661824917715,9982.176631648517,55.8637384565773,0
dodo-k50000000000000000,433,10000,155.9851551165726,-156.12650197781605,156.12650197781605,-0.14134686124344853,192246.33355558396,3139.02350986378,0.9839341926283026,7842,1486,125574.3371949598,-0.0028260055059344323,0.19215363384658077,99.71739944940656,10016.27881358587,29.59092273044651,0
dodo-k50000000000000000,434,10000,34.912071708235636,-34.91072797865575,34.91072797865575,0.001343729579886599,101619.2188614756,1725.8395815587048,0.9833002215339594,6808,720,55287.760372144134,-0.0015813406838071841,0.0675645377494655,99.84186593161928,10002.94116965187,75.05302836475634,0
dodo-k50000000000000000,435,10000,119.70182726709615,-119.72058429913662,119.72058429913662,-0.018757032040468857,264260.7847920238,2589.3457203796784,0.9902966293649261,10872,1691,162602.4401829195,-0.00024240627911964908,0.1098624660321029,99.97575937208804,10005.65041190356,133.83458281712393,0
dodo-k50000000000000000,436,10000,58.11733065711522,-58.1019251149543,58.1019251149543,0.01540554216092005,143033.55598312162,2552.186726929026,0.9824695284069678,8465,974,79763.40417782275,-0.0018635058135285476,0.1142044795043438,99.81364941864715,10018.316298072472,92.19011207615675,0
dodo-k50000000000000000,437,10000,46.740045129088074,-46.729521372757475,46.729521372757475,0.010523756330599099,118763.27146909344,2217.792431422224,0.9816682680750275,6305,865,68681.01833340435,0.007894697486635635,0.09012477786284251,100.78946974866356,9953.717725287608,59.333780437215594,0
dodo-k50000000000000000,438,10000,26.68956413162168,-26.674365048058696,26.674365048058696,0.015199083562983162,86727.58196935608,2195.103589444615,0.9753144703665851,5242,620,48326.94530436735,0.001983589181356109,0.07856527378777471,100.19835891813561,9979.421023267165,103.42552155893274,0
dodo-k50000000000000000,439,10000,146.24623778211898,-146.16654895462486,146.16654895462486,0.07968882749412387,279970.33758312627,3678.752125515761,0.9870306224874739,11043,1764,171786.09572561993,-0.003788085600899507,0.149417107421733,99.62119143991005,9992.897659655224,65.04314524380018,0
dodo-k50000000000000000,440,10000,32.19941157084128,-32.204843854480735,32.204843854480735,-0.00543228363945758,124795.98455083299,2833.147179002553,0.9778017201825071,10373,753,58134.30241266293,-0.0022645490784097434,0.07849267771831492,99.77354509215903,10018.138213324297,114.23074103393479,0
dodo-k50000000000000000,441,10000,16.860719811861934,-16.85412550787666,16.85412550787666,0.006594303985274053,61738.98504456057,2235.684231610345,0.9650536023569084,4484,460,32974.57485363921,0.0017902544264019583,0.05146753194430829,100.1790254426402,9983.375829239463,67.50017776197232,0
dodo-k50000000000000000,442,10000,202.23854124219633,-202.43199037701953,202.43199037701953,-0.19344913482319726,267473.5257928704,2826.5068523629557,0.9895430761709425,10061,1901,177241.17943842357,-0.0010125865714113048,0.19064029734939908,99.89874134285887,10041.047174295381,49.24764939711783,0
dodo-k50000000000000000,443,10000,105.16470932349574,-105.15737235946625,105.15737235946625,0.007336964029491355,221930.28140050432,2768.833455117725,0.987677595183689,9332,1462,134813.6091977138,-0.0030152265745715568,0.10871216598110095,99.69847734254284,10033.538470892303,94.36663547381654,0
dodo-k50000000000000000,444,10000,118.68021427961847,-118.59773780624204,118.59773780624204,0.08247647337643116,230475.6616127136,3757.945903638446,0.9839564187928238,11343,1487,133700.87848543742,-0.005107834227307251,0.13836984532367425,99.48921657726927,10022.659101088659,83.27319595062855,0
dodo-k50000000000000000,445,10000,18.24469966293362,-18.243010461996292,18.243010461996292,0.0016892009373279393,80088.53596820809,1692.53774178878,0.9793040410817951,6113,538,39009.801621707295,0.0012988118681130346,0.03819551810982489,100.1298811868113,9985.993985026427,109.9092269867585,0
dodo-k50000000000000000,446,10000,50.34705062829325,-50.36184438650546,50.36184438650546,-0.014793758212206853,123718.52250352013,2594.913308549672,0.9794565535181039,4721,801,78667.49841118214,0.0016325893986284257,0.059156593159921014,100.16325893986284,10000.151234722505,119.80019033788815,0
dodo-k50000000000000000,447,10000,48.576399924234806,-48.58489053662106,48.58489053662106,-0.008490612386253815,133722.3411019134,4038.4441459847185,0.9706850963522194,8300,898,72017.41425417874,0.00023345497003745663,0.11558756439016606,100.02334549700375,10001.252455150436,97.24092416885661,0
dodo-k50000000000000000,448,10000,79.38487928997364,-79.45633324310779,79.45633324310779,-0.07145395313415293,176041.97258700442,3122.530587918626,0.9825717118481332,9540,1207,98668.55593843783,0.004386101885289122,0.17487168100474307,100.43861018852891,9982.783889479011,78.63750169079104,0
dodo-k50000000000000000,449,10000,50.792384618588,-50.761697236742904,50.761697236742904,0.030687381845098116,146567.0047683775,4486.0047642192685,0.9703017849290105,10260,1037,78073.48380489164,-0.0012783963997610214,0.12233790284135751,99.8721603600239,9988.248278737448,55.34013984938232,0
dodo-k50000000000000000,450,10000,38.78057203172565,-38.79602086641622,38.79602086641622,-0.015448834690573676,146173.85764307168,4249.903501996655,0.9717471264536588,11033,917,71910.45916909951,-0.00024723638408929104,0.0495651685527244,99.97527636159107,10019.841486073305,100.43729998502583,0
dodo-k50000000000000000,451,10000,37.64419564681678,-37.65463540787581,37.65463540787581,-0.010439761059025443,105817.24565625537,2286.80415511298,0.9788462674700601,5260,729,60980.50354689834,0.0012662266598275095,0.07221516107560959,100.12662266598275,9995.64815033983,115.67576703159847,0
dodo-k50000000000000000,452,10000,66.2330893092128,-66.24881120640714,66.24881120640714,-0.015721897194339363,143011.8697525638,2858.8917027370308,0.9804012012125332,8257,1000,80942.03607555825,-0.002287599850967865,0.16135874443999698,99.77124001490321,9998.813387769495,66.93526093106411,0
dodo-k50000000000000000,453,10000,119.18737811895961,-119.1964171151965,119.1964171151965,-0.009038996236881758,234817.66520932296,4121.178272060948,0.9827521628044457,10267,1649,145057.27966810222,0.0013586776070633278,0.09820886362438017,100.13586776070633,9985.774950948187,69.62910628954926,0
dodo-k50000000000000000,454,10000,19.364577023102864,-19.31776953093129,19.31776953093129,0.04680749217157398,62964.93807986817,1199.6814603779549,0.9813030690593361,5281,480,32433.35791228165,0.0037093033844065814,0.07857911238471686,100.37093033844066,9971.852952891355,48.609308582368236,0
dodo-k50000000000000000,455,10000,135.72183391692766,-136.46713894827428,136.46713894827428,-0.7453050313466179,158484.6585907143,4153.412515242109,0.9744622369965503,6893,1131,100391.2054996171,-0.0007969827725204937,0.3155080624203629,99.92030172274795,10001.719829594604,68.55504131725361,0
dodo-k50000000000000000,456,10000,69.83120599398241,-69.83033778739727,69.83033778739727,0.0008682065851388643,130914.41029762752,424.41020618182097,0.996768585216817,5211,909,86049.42717689343,0.0007242731931542323,0.08598768619564709,100.07242731931542,9991.014829305162,105.73620594054768,0
dodo-k50000000000000000,457,10000,142.37653425281417,-142.3510157117179,142.3510157117179,0.02551854109626106,296324.67174775194,3587.1593203783627,0.988039287054456,11858,1895,182678.0642536278,-0.00008715715850897254,0.08466139482242156,99.9912842841491,9992.370373508531,85.0943379522687,0
dodo-k50000000000000000,458,10000,49.86254936304224,-49.89299514835839,49.89299514835839,-0.030445785316146612,155864.8088831708,4449.095646125751,0.9722475997375967,10601,1026,80365.86519985774,0.00235958384794273,0.08182806172270532,100.23595838479427,10008.010268562984,58.4527547431518,0
dodo-k50000000000000000,459,10000,52.99524985662387,-52.99899115670279,52.99899115670279,-0.0037413000789214834,97303.05249753875,1871.1781135455392,0.9811324161325391,4326,803,63143.42852357919,-0.0000940405851801529,0.15443604496112215,99.99059594148198,10003.54705744374,54.759180549935586,0
dodo-k50000000000000000,460,10000,60.01104170667393,-60.06460935149199,60.06460935149199,-0.053567644818059534,149289.44553061094,2359.231212693763,0.984442784049562,9088,1010,82954.11219567782,-0.0026421074760015983,0.13740750693987835,99.73578925239984,10026.979784558258,80.3890781604229,0
dodo-k50000000000000000,461,10000,24.786501688338376,-24.781897419296726,24.781897419296726,0.0046042690416499,92365.85983693968,941.3482563212294,0.9899113018644782,6670,629,47977.81179280635,-0.002298514962492817,0.04665816322997657,99.77014850375072,10023.798373913472,107.07658468719652,0
dodo-k50000000000000000,462,10000,152.84432041024616,-152.8456227084956,152.8456227084956,-0.0013022982494419466,277471.56822086236,1185.6740343357778,0.9957450449708753,11588,1754,168910.77478211973,-0.00015580842088766644,0.14823919960537324,99.98441915791123,10009.978909536952,104.15971191181474,0
dodo-k50000000000000000,463,10000,19.847437088745682,-19.845527809643436,19.845527809643436,0.001909279102246586,82350.26222655903,416.7780389310727,0.9949644443296004,6530,524,39103.41507324099,-0.0025653625997806274,0.04684193673523282,99.74346374002194,10026.632420781745,99.54678831296937,0
dodo-k50000000000000000,464,10000,33.0377419242143,-33.03822395195471,33.03822395195471,-0.0004820277404107287,117057.0116283305,1761.4262950504706,0.985175480120465,8342,798,59638.948614204695,0.004156914016908928,0.0515449895157883,100.41569140169089,9965.467716129882,95.88776045030315,0
dodo-k50000000000000000,465,10000,105.38343852725403,-105.21894791289799,105.21894791289799,0.1644906143560405,182959.30324717978,2898.538530877323,0.9844045400336746,7019,1223,118837.0228357607,0.0012271575875885787,0.15723591479763044,100.12271575875886,9970.509327583499,97.65309966561432,0
dodo-k50000000000000000,466,10000,80.88220215576254,-80.88347119380089,80.88347119380089,-0.0012690380383446609,130062.90854363731,1918.615686437795,0.9854629979640697,5417,900,83343.90681128578,0.0012314372854704914,0.11358188841041211,100.12314372854705,9980.624205100146,75.03875251009258,0
dodo-k50000000000000000,467,10000,30.206518639459212,-30.205257160103464,30.205257160103464,0.0012614793557474968,79113.85915258514,201.07999700729948,0.9974647903766521,4277,563,46152.50564534137,-0.0015476685323875471,0.06299976829127445,99.84523314676125,10016.241472678976,101.77994543370228,0
dodo-k50000000000000000,468,10000,54.928223909029406,-54.92974595452891,54.92974595452891,-0.001522045499505964,114735.40072662261,608.7431619695757,0.9947223747869026,5523,807,71160.25531790953,0.0016704814604801754,0.09768660765809031,100.16704814604802,9983.734220924192,103.89632848176089,0
dodo-k50000000000000000,469,10000,29.013153626226845,-28.991251846277976,28.991251846277976,0.02190177994886966,81062.98846308287,2357.1095368819965,0.9717441049172229,5789,537,41824.313937983614,-0.00008585567779618941,0.11373504503899909,99.99141443222038,10007.05276685908,91.26349732777008,0
dodo-k50000000000000000,470,10000,30.331107623695562,-30.324383437041448,30.324383437041448,0.006724186654114561,98125.82395393885,2123.1863650289033,0.9788208745575299,6751,631,50601.37421789439,-0.0004187744227444057,0.07637847437719515,99.95812255772556,10007.831120031857,132.9398925875566,0
dodo-k50000000000000000,471,10000,26.623124900036803,-26.642532829839872,26.642532829839872,-0.01940792980306938,84731.1510835955,2221.724246095761,0.9744490997258934,6321,619,44692.240204867805,0.0006219035834615738,0.0475066599838388,100.06219035834616,10012.310271187744,65.47061976477148,0
dodo-k50000000000000000,472,10000,122.716623252137,-123.07488453533833,123.07488453533833,-0.35826128320132966,158006.0043827515,1964.7458864984442,0.9877180929439191,7397,1164,99343.07968824798,0.0029488262981601566,0.26313809238008773,100.29488262981602,10028.859916171681,79.49324905523362,0
dodo-k50000000000000000,473,10000,96.78694285472207,-96.74947980069678,96.74947980069678,0.03746305402529515,213726.26305213672,3195.890717091936,0.9852671077547392,10078,1468,127576.10439815186,0.01746368778375427,0.10388218109206065,101.74636877837543,9915.579124255324,57.854180223578204,0
dodo-k50000000000000000,474,10000,151.49179192519426,-151.54147102943813,151.54147102943813,-0.04967910424386446,298491.5136922536,2468.682221390552,0.9917973132164664,11133,1894,186982.70334570305,-0.004302491570380198,0.10643053598482681,99.56975084296198,10059.679216146122,116.09748451979789,0
dodo-k50000000000000000,475,10000,58.44057017341126,-58.18475960250662,58.18475960250662,0.255810570904643,114591.6275998312,1500.253551043442,0.9870770157553594,7270,865,64883.40363237919,0.0021046231250274163,0.2539463461799367,100.21046231250274,9979.084308911108,49.48173493297955,0
dodo-k50000000000000000,476,10000,75.68856826089792,-75.70435597357243,75.70435597357243,-0.01578771267450918,219919.2213673167,4452.879147582968,0.9801540426043867,11486,1440,123983.78898430815,0.001972749765648132,0.06150759218855157,100.19727497656481,9986.089686337798,108.59601315210521,0
dodo-k50000000000000000,477,10000,48.77464845900009,-48.77155505537061,48.77155505537061,0.0030934036294780753,146835.50624146697,3433.273136129561,0.9771524520905143,8639,927,78593.41069467987,-0.001950970496335458,0.07218839810120897,99.80490295036645,10025.939166855722,109.38881867964473,0
dodo-k50000000000000000,478,10000,49.513602570078554,-49.49461360344506,49.49461360344506,0.018988966633493476,90616.60119029442,2126.3899224924853,0.9770722305051976,4314,730,58173.52052816126,0.007416181022122572,0.1053113212562154,100.74161810221226,9955.521511293557,50.407565765424664,0
dodo-k50000000000000000,479,10000,51.700911175259215,-51.640325658820565,51.640325658820565,0.060585516438649734,119442.65631473172,2800.7688591234305,0.9770885930663333,8616,800,60703.866052162164,-0.001725669216714323,0.18541041560265142,99.82743307832857,9991.21585807181,72.52114921339496,0
dodo-k50000000000000000,480,10000,77.95210834678116,-77.95714295628972,77.95714295628972,-0.005034609508555832,203161.11198420753,2046.1015446824335,0.9900290954226403,10185,1346,117938.20400273,0.0004336417558462813,0.07523388940606339,100.04336417558463,9998.877303150974,101.69001240386267,0
dodo-k50000000000000000,481,10000,43.73659191023893,-43.73539773460325,43.73539773460325,0.0011941756356819155,175501.01426011723,2917.119313278669,0.9836500962382355,11456,1028,85931.01800737462,0.001071427886545706,0.03672670243362745,100.10714278865457,9992.229851156406,146.35858597611372,0
dodo-k50000000000000000,482,10000,73.71047009566152,-73.73154777202811,73.73154777202811,-0.02107767636658764,188916.18967682027,3376.0070888267564,0.9824433484789754,8971,1176,109521.3818262107,0.0025170853914274005,0.08393955007495521,100.25170853914274,9993.995619486737,159.33411335403972,0
dodo-k50000000000000000,483,10000,87.72435668576173,-87.02627172820598,87.02627172820598,0.69808495755575,89462.63018474726,2032.5869979319739,0.9777847732316575,3994,611,55941.16586971427,0.0016240212494894025,0.20987073264928227,100.16240212494894,9991.563822665765,92.25154665532128,0
dodo-k50000000000000000,484,10000,52.42135269071537,-52.50877761178148,52.50877761178148,-0.08742492106610911,153362.3716931137,4754.033041333713,0.9699333345624827,11186,1033,75295.78745473022,0.004139021479664109,0.125575938371842,100.41390214796641,9988.459664610878,108.23916588867387,0
dodo-k50000000000000000,485,10000,63.29041093386835,-63.28842266245151,63.28842266245151,0.0019882714168417692,151929.6206024803,2698.4331363649026,0.9825488773148348,7367,1004,91144.54522725307,-0.002589704316426236,0.07969577599058596,99.74102956835738,10025.27886896414,119.5297720697439,0
dodo-k50000000000000000,486,10000,54.866056472691014,-54.85910984466835,54.85910984466835,0.006946628022660661,106447.67401274583,813.9709271454734,0.9924113514425252,4620,790,67603.38284217296,-0.0009119384105945017,0.08397929817935904,99.90880615894055,10009.810448185415,77.7629685280421,0
dodo-k50000000000000000,487,10000,52.78369156160814,-52.83796394770132,52.83796394770132,-0.054272386093181524,122221.12514965907,1897.5573955746815,0.984711750425782,4548,789,79431.1265028652,-0.0021223432059417745,0.045409235621886236,99.78776567940582,10057.724091300703,172.84417558901163,0
dodo-k50000000000000000,488,10000,60.79467590997583,-60.830444891857965,60.830444891857965,-0.03576898188213562,161999.51654745484,2871.244789051031,0.9825848757792126,7911,1046,93234.92620231013,-0.00030566415179649197,0.0881190510894325,99.96943358482035,9992.125339474485,122.67048292464139,0
dodo-k50000000000000000,489,10000,103.93315992617526,-103.93111424007756,103.93111424007756,0.0020456860977020597,193321.73453898702,1180.2634036978986,0.9939318700261079,6863,1286,126505.4318575185,-0.002026150136166649,0.12100920321316522,99.79738498638334,10023.054283582087,119.25194359041714,0
dodo-k50000000000000000,490,10000,47.71849419386586,-47.708528848779224,47.708528848779224,0.009965345086634159,125287.11036528146,1749.8941559942225,0.9862253194446099,6667,875,73069.02893238503,-0.004653597165501253,0.06920526467316762,99.53464028344987,10044.388964104512,97.31936629640732,0
dodo-k50000000000000000,491,10000,155.94876724393646,-155.89570957544953,155.89570957544953,0.05305766848692883,274360.8412058671,3326.9613389812234,0.9880190584228348,11057,1798,171050.16041709651,0.004132488813984025,0.13442903520412997,100.4132488813984,9958.867027173756,79.77451593859573,0
dodo-k50000000000000000,492,10000,41.2391953824604,-41.250822104439266,41.250822104439266,-0.011626721978863941,118456.29446852481,1768.759798685448,0.985287926801395,5989,843,70960.06621409176,0.001729236196043047,0.04463873159632513,100.1729236196043,9988.804791472186,121.66367939265241,0
dodo-k50000000000000000,493,10000,94.99386450888542,-95.0823959017815,95.0823959017815,-0.0885313928960727,171903.44969063211,2448.7632182069297,0.9859550780724115,10133,1301,99069.29038607306,0.014266689517429256,0.2601722565968421,101.42666895174293,9944.9857769281,40.56523644849904,0
dodo-k50000000000000000,494,10000,29.90342234545389,-29.86832940442983,29.86832940442983,0.03509294102406102,96287.97691213002,2194.892412447168,0.9777129522372738,7896,649,46163.58794636786,0.00014461870529515862,0.1515775988734572,100.01446187052952,10007.970889814333,62.51250639959682,0
dodo-k50000000000000000,495,10000,81.8685459816704,-81.87374816710852,81.87374816710852,-0.005202185438122342,151065.64391489016,2366.7048609028225,0.9845749290825154,8044,1036,88644.2638955514,-0.00007823035311290028,0.14920695139168444,99.99217696468871,9994.553546320813,93.3622555485158,0
dodo-k50000000000000000,496,10000,66.76213396489115,-66.77089514354142,66.77089514354142,-0.008761178650274815,146790.65885735658,3399.6485893390536,0.9773643942333254,7192,1092,90097.97485507674,0.003606303872362986,0.07207474534335859,100.3606303872363,9986.587321799925,63.81967609577817,0
dodo-k50000000000000000,497,10000,60.507253320188454,-59.99110356040917,59.99110356040917,0.5161497597792817,140326.29161657643,2297.52290104303,0.9838910289364109,7762,916,78730.30078155926,-0.02254320453081078,0.09581596329599464,97.74567954691892,10293.566376593742,142.06103934942544,0
dodo-k50000000000000000,498,10000,30.602698267040854,-30.602369371857215,30.602369371857215,0.0003288951836388776,129548.32854067453,2756.3026059891627,0.9791669982970308,10551,829,62178.72566738075,-0.0023304051207365716,0.035555724104876986,99.76695948792634,10025.038753971014,95.30359048196318,0
dodo-k50000000000000000,499,10000,21.74125124741927,-21.737923513425308,21.737923513425308,0.0033277339939630224,84777.3169551562,1435.0861421704942,0.9833540640254466,6378,588,42729.12482064486,0.001751458055711339,0.043761667556818366,100.17514580557113,9980.109984524199,87.47165406845828,0
dodo-k50000000000000000,500,10000,104.79800234000481,-104.81565793284027,104.81565793284027,-0.01765559283545315,199277.4439012999,2122.2826304373702,0.9894623360866236,7306,1372,131534.83750077404,0.004195874700881461,0.09174369189010875,100.41958747008815,9964.189144763859,108.87813137566569,0
dodo-k50000000000000000,501,10000,115.71622459043931,-115.67205795349685,115.67205795349685,0.04416663694246381,152233.5496418987,1476.157717516387,0.990396457433461,5407,1065,104148.6349852019,0.0004849634309208284,0.19789670639816165,100.04849634309208,9992.09356558977,99.87699805983084,0
dodo-k50000000000000000,502,10000,96.99440595994099,-97.02441786592009,97.02441786592009,-0.030011905979094422,186204.5690859612,3273.355485945838,0.9827243437812536,8783,1338,113293.68287855347,-0.0023101990585898593,0.1764535095329137,99.76898009414101,10019.709726271965,75.81893143355069,0
dodo-k50000000000000000,503,10000,32.986966318764445,-32.98808752831663,32.98808752831663,-0.001121209552188418,121748.70460347911,2754.4725203143716,0.9778762873048966,8301,814,63370.000791401944,0.0022528321461805943,0.03545009419503373,100.22528321461806,9981.995873550679,97.94582952960913,0
dodo-k50000000000000000,504,10000,167.60987195290224,-167.5702331247258,167.5702331247258,0.039638828176435936,308591.9833615821,5850.608898745499,0.98139371369289,11208,1923,191344.46872919795,-0.003318435595813156,0.11317425092369646,99.66815644041868,10015.093600721273,67.85407064680061,0
dodo-k50000000000000000,505,10000,15.91549691187532,-15.925117380669242,15.925117380669242,-0.009620468793922754,56919.084812814035,1969.414483775496,0.9665568912894754,4303,362,28284.77609262935,0.0015947208272349656,0.062210896914241115,100.1594720827235,10017.791897773019,80.97984172022159,0
dodo-k50000000000000000,506,10000,34.368192209034476,-34.32983427145959,34.32983427145959,0.03835793757488659,144244.605850448,3529.9895735416703,0.9761123380956411,9949,855,69767.11904666231,-0.0006377359979765629,0.04106134251721826,99.93622640020234,9996.959668417621,125.3239000523486,0
dodo-k50000000000000000,507,10000,31.950308804024672,-31.96612296095543,31.96612296095543,-0.015814156930758827,97803.93727186834,1555.1550063934708,0.9843481359306488,5678,672,54780.19962579935,0.0006994313889150305,0.051351338307044046,100.0699431388915,10007.555699191571,116.76323549341127,0
dodo-k50000000000000000,508,10000,84.74365006884418,-84.74669601026542,84.74669601026542,-0.003045941421248699,207953.8466440363,914.4508017321972,0.9956218784137424,10500,1422,120705.5674503733,-0.0016237059296855705,0.10962103068779029,99.83762940703144,10016.342788069182,95.07703668238047,0
dodo-k50000000000000000,509,10000,139.95018408229058,-139.85167587494664,139.85167587494664,0.09850820734394006,259589.6613368367,5431.9293954864415,0.979503823139554,11007,1716,159715.1800302334,0.004290693588644814,0.13270675393578357,100.42906935886448,9962.686892424259,93.67146644680534,0
dodo-k50000000000000000,510,10000,106.3487324746372,-106.2984691643172,106.2984691643172,0.05026331032000542,189369.11737990845,2820.0191405286437,0.9853268546204809,7556,1285,120576.86794117035,0.00033433169577165247,0.1526741845325057,100.03343316957717,9996.727178054214,87.51734843932982,0
dodo-k50000000000000000,511,10000,90.15098488238309,-90.14190531990404,90.14190531990404,0.009079562479044512,220069.36456960515,2428.26756558347,0.9890863217631545,11043,1379,125213.98449161829,0.002293427787451492,0.08146361903441104,100.22934277874515,9972.424513515452,103.86260754960776,0
dodo-k50000000000000000,512,10000,43.60859632961375,-43.59570832716384,43.59570832716384,0.012888002449912506,149040.53867755728,3195.942603392776,0.9790067231158954,10680,955,74864.50461876337,0.0034549935796262332,0.07163103602885655,100.34549935796262,9973.097412851368,90.71353089466925,0
dodo-k50000000000000000,513,10000,167.27863374371748,-167.2203324523496,167.2203324523496,0.05830129136788287,264013.80300662946,4167.562303854146,0.984459910929944,9943,1871,170519.8215332355,0.001038949615455067,0.15791975489120602,100.1038949615455,9952.964389551435,46.23435740383001,0
dodo-k50000000000000000,514,10000,49.783280352973705,-49.57357240342409,49.57357240342409,0.20970794954961747,146807.22725316253,4475.014287029774,0.9704194342873954,9715,912,76401.08071262202,-0.00019644246166038214,0.12242995378334669,99.98035575383396,9966.553558355754,201.20910727615166,0
dodo-k50000000000000000,515,10000,55.69445152457529,-55.68500869985018,55.68500869985018,0.009442824725113041,147525.10077430477,1609.7426994357622,0.9892061260672513,8534,1017,81413.66393525024,0.004232891100570413,0.12361709660731578,100.42328911005704,9964.218941258207,85.3506831389895,0
dodo-k50000000000000000,516,10000,78.96296842926712,-79.00784131688567,79.00784131688567,-0.04487288761855268,152486.0681217431,1521.81424637485,0.9901185950811444,6837,1165,96535.46015208606,0.011735415343419646,0.15801967319384047,101.17354153434196,9963.869909852829,36.74187400178701,0
dodo-k50000000000000000,517,10000,179.75778762264983,-179.6453660706473,179.6453660706473,0.11242155200253023,239543.4891969433,2776.989574704,0.9885400128425756,10151,1787,152371.59426943684,0.0076944452248854135,0.2219212946232848,100.76944452248854,9962.187299082769,33.76847659356618,0
dodo-k50000000000000000,518,10000,83.19177422562689,-83.18063225401075,83.18063225401075,0.011141971616140722,116344.70987480346,1622.6428770902294,0.9862449835548744,4226,825,78939.28457414192,0.00012340996359881727,0.10814130479578239,100.01234099635988,9992.255999927784,72.43327741346008,0
dodo-k50000000000000000,519,10000,176.94650550170707,-176.92228847942943,176.92228847942943,0.024217022277639444,312972.9385890879,1137.4276860357104,0.9963788915993959,11717,1917,195969.7177987944,0.004460809957869856,0.11600822852035605,100.44608099578699,9949.134084800004,105.0759677992,0
dodo-k50000000000000000,520,10000,104.17798430797626,-103.9725831935724,103.9725831935724,0.20540111440385544,212466.52637923992,5198.643348839434,0.9761163287845552,9862,1246,121911.20273646638,-0.003409628481333442,0.09589554488441124,99.65903715186666,10015.24690341611,138.28744481730243,0
dodo-k50000000000000000,521,10000,12.401195910635955,-12.409342511069212,12.409342511069212,-0.008146600433256879,62563.68912274977,1582.3105266784062,0.9753326702315643,4911,375,28730.095419827343,0.002296146271373232,0.03712921098738676,100.22961462713732,9992.229155215025,111.02052442371586,0
dodo-k50000000000000000,522,10000,32.8720176453984,-32.862334838440376,32.862334838440376,0.00968280695802548,104336.72226738608,1275.0215323740285,0.9879272750690352,6740,664,53548.31120710309,0.004485560058050168,0.0809909912294836,100.44855600580502,9955.224001870522,94.86528978636358,0
dodo-k50000000000000000,523,10000,26.1621464831126,-26.16914613479321,26.16914613479321,-0.006999651680608565,104576.46981963501,2190.4111411559693,0.9794841703584056,7491,701,53560.48120610859,0.00004683964010098407,0.040567821401842535,100.0046839640101,10004.700641969584,112.16467383836296,0
dodo-k50000000000000000,524,10000,92.18575881176268,-92.22582082914124,92.22582082914124,-0.040062017378559744,111060.75488112881,3226.4444525509016,0.9717689778788717,4694,830,73878.61528184892,0.003082921748243166,0.1564406648162614,100.30829217482432,10018.396687049946,60.93384366556086,0
dodo-k50000000000000000,525,10000,47.2892131948457,-47.34090008700722,47.34090008700722,-0.05168689216151989,110059.40614161706,2107.470392217354,0.9812112946589749,5869,770,64988.07380150713,0.00033634769739720126,0.07853713170416825,100.03363476973972,10022.473113074277,103.88130537616819,0
dodo-k50000000000000000,526,10000,36.985283057386255,-36.96987443026199,36.96987443026199,0.015408627124266161,133200.8763389581,5206.948984913407,0.9623796633410773,10710,854,64322.45601009288,-0.0037808062255813013,0.07084381960248294,99.62191937744187,10033.75842368006,104.74560557098565,0
dodo-k50000000000000000,527,10000,32.00725119064122,-32.004956807346275,32.004956807346275,0.002294383294945135,99186.4959677653,2550.4506464988235,0.9749309298993525,6594,680,53550.5009947037,-0.00026001987690747795,0.049134318596152866,99.97399801230925,10008.582789687285,81.35558103079696,0
dodo-k50000000000000000,528,10000,51.71939885123656,-51.69695257500595,51.69695257500595,0.02244627623061035,154580.5682050343,2989.842543917286,0.9810253553969542,9496,1012,82935.98502175492,0.0066672721566621365,0.07449311324166004,100.66672721566621,9941.476884966123,89.07469559322297,0
dodo-k50000000000000000,529,10000,26.66493135528629,-26.66415772361882,26.66415772361882,0.000773631667467356,76089.89782305685,685.1898793600635,0.9910753618150735,4072,530,43072.98115554162,0.0008422416436411596,0.05796655017353814,100.08422416436412,9990.324074996995,100.28336618752037,0
dodo-k50000000000000000,530,10000,85.6481813972072,-85.73060095837177,85.73060095837177,-0.08241956116457061,148462.16152535047,1863.341130004049,0.9876046239853522,5375,1073,101223.72074487853,0.0008588927759791431,0.08269919441177251,100.08588927759791,9994.706938781499,101.69769729782128,0
dodo-k50000000000000000,531,10000,103.97844385796405,-103.99588637961207,103.99588637961207,-0.017442521648021625,231240.52177440526,2061.777365873016,0.9911626358871272,10696,1500,135051.96425816682,0.001191933738056008,0.1580021669182547,100.1191933738056,9993.66521364261,110.13111417837389,0
dodo-k50000000000000000,532,10000,57.397523097768584,-57.42988183073659,57.42988183073659,-0.03235873296800662,167078.1034795391,4083.620729764982,0.9761417411011158,9381,1092,93911.94882468993,-0.000014720313466369816,0.06206952167823033,99.99852796865336,10020.955452804854,124.74795167451322,0
dodo-k50000000000000000,533,10000,39.651246518692105,-39.710467099898956,39.710467099898956,-0.059220581206851364,108214.38745555203,2545.662870990442,0.9770164164472178,6737,709,57259.46830884292,-0.0013874127661786418,0.1276344085207951,99.86125872338214,10043.722028615377,142.7729189741036,0
dodo-k50000000000000000,534,10000,104.03534755239488,-103.86015231089803,103.86015231089803,0.1751952414968514,133691.60159727692,3139.2204756971187,0.9770576509872685,6774,1089,83716.0467706563,-0.0007683663298253407,0.21825406492957597,99.92316336701747,10019.564585526567,33.98897758375087,0
dodo-k50000000000000000,535,10000,47.20100948462675,-47.204638237593855,47.204638237593855,-0.003628752967102855,88824.70108940621,1185.0867713594546,0.9868338010840262,5172,793,52928.15083337893,0.0032681989148460387,0.12238453155801295,100.3268198914846,9983.191702958045,17.266303552170353,0
dodo-k50000000000000000,536,10000,50.149621450009896,-50.164825695348554,50.164825695348554,-0.015204245338658495,134464.61674684426,1266.9606357450955,0.9906656898845736,9462,918,71946.23171978102,0.0024201987422709692,0.13833090135328732,100.2420198742271,9981.287589831347,85.9329445092417,0
dodo-k50000000000000000,537,10000,44.42956870627454,-44.42598968298565,44.42598968298565,0.0035790232888857076,126883.81356900759,1903.7512948321626,0.9852178950906875,7601,887,70823.18039605755,-0.0001926552632221501,0.056565783646846765,99.98073447367778,9997.623004297175,86.57890930611123,0
dodo-k50000000000000000,538,10000,64.86578502304343,-64.86495146209533,64.86495146209533,0.0008335609480951689,101205.58865619838,1408.138381525112,0.9862772903569963,3976,689,66442.24410619258,0.003928149508160743,0.10876963810797434,100.39281495081607,9986.324584751777,64.3198757310599,0
dodo-k50000000000000000,539,10000,50.56558654659813,-50.59886267209733,50.59886267209733,-0.033276125499206444,110468.74721552641,2022.5940790584712,0.9820200021105461,4984,802,70524.12718374634,0.0008703596771765376,0.06318561348235306,100.08703596771765,10001.076349572764,106.7799829552167,0
dodo-k50000000000000000,540,10000,127.13447584519061,-127.17206802925102,127.17206802925102,-0.03759218406041498,234654.44273482796,2699.559998645099,0.9886264399691778,9773,1552,142722.90880215543,0.0003328830778357883,0.18045911973774623,100.03328830778358,10003.622874604187,90.5869240700577,0
dodo-k50000000000000000,541,10000,67.15953870829608,-67.17547627794545,67.17547627794545,-0.01593756964936688,102822.5279408668,1172.8136024483365,0.9887224409762638,4021,805,70248.33592854072,0.005854551580963659,0.13876627585374707,100.58545515809637,9981.174212843638,42.0996734967568,0
dodo-k50000000000000000,542,10000,61.16521154236014,-61.14053891381159,61.14053891381159,0.02467262854855079,171771.09632840424,2731.959161954532,0.9843443477005166,10327,1123,94160.05000170093,-0.0018530407073595256,0.08514055763666022,99.81469592926405,10006.068436626148,99.12963906929552,0
dodo-k50000000000000000,543,10000,33.038585530975766,-33.028803273811754,33.028803273811754,0.009782257164012265,81564.16065756939,1374.4568351013472,0.9834280233182956,4666,574,47046.329635566035,0.0028371399691205566,0.07817638769565022,100.28371399691206,9973.152674374143,82.93519514019627,0
dodo-k50000000000000000,544,10000,116.3900055755813,-116.64222921196986,116.64222921196986,-0.25222363638856393,191182.51598428306,3854.186031484597,0.9802386628175603,7678,1255,121052.40698928072,-0.0032530065779432958,0.14072773266161476,99.67469934220567,10032.17681844649,83.85583403727492,0
dodo-k50000000000000000,545,10000,112.8959171874475,-112.89000919092759,112.89000919092759,0.00590799651990892,252220.54840591742,1332.5072227467208,0.9947446611540812,11734,1681,152410.80717909275,-0.0047452971958861665,0.07675049954080876,99.52547028041138,10039.407858256302,93.23300619833327,0
dodo-k50000000000000000,546,10000,68.34419895064423,-68.41021766037142,68.41021766037142,-0.0660187097271887,222273.98458569116,2446.3550892648695,0.9891137798527567,11623,1303,118831.72235720896,-0.0016200643669095883,0.05051734915537253,99.83799356330904,10051.501924896696,305.13540527244663,0
dodo-k50000000000000000,547,10000,40.10581748509908,-40.10892229751644,40.10892229751644,-0.003104812417362268,127191.05231579009,2667.695560164455,0.9794569437654463,7868,889,68972.27455153466,0.0006031562287087411,0.09489920468119294,100.06031562287087,9989.370615901293,98.21059136074548,0
dodo-k50000000000000000,548,10000,38.23125998596397,-38.22645618643165,38.22645618643165,0.00480379953232557,108468.14665049498,1998.5327023743466,0.9819082757435812,4969,721,65069.998133097746,-0.0014618447218335006,0.051048404817151866,99.85381552781665,10012.04734034755,159.14265862726558,0
dodo-k50000000000000000,549,10000,24.46386827162917,-24.414467782115857,24.414467782115857,0.04940048951331377,69907.70002686925,2101.5093064146413,0.9708161035807502,5492,487,36018.60659663589,-0.009386546730545717,0.11832487217535714,99.06134532694543,10103.430915099892,101.7972663837582,0
dodo-k50000000000000000,550,10000,50.69779591308271,-50.69087909522658,50.69087909522658,0.006916817856129853,129999.50286041145,2092.7376287392726,0.9841569980114679,5499,855,80485.91247383923,0.004039065838651794,0.05385041921538175,100.40390658386518,9949.06909685504,130.97145669698696,0
dodo-k50000000000000000,551,10000,95.18209949212506,-95.27824798381062,95.27824798381062,-0.09614849168555395,160066.82554538353,1601.12741595634,0.990096197875783,6946,1133,99896.9400985929,0.0020796983834007678,0.19777165824924012,100.20796983834008,9977.949461370896,68.6646416531645,0
dodo-k50000000000000000,552,10000,33.8608224868984,-33.886964446520125,33.886964446520125,-0.026141959621725164,86203.5106931082,1465.374537887757,0.9832851240890461,5047,655,50555.92673485264,0.00449180066186031,0.06492947057123288,100.44918006618603,9994.573394205308,55.18647110103805,0
dodo-k50000000000000000,553,10000,57.07012867062891,-57.085681337159414,57.085681337159414,-0.015552666530503245,176966.14955015923,4642.855067244109,0.9744348851147263,9342,1189,100444.47945040582,0.0004899036439488213,0.05039186960815698,100.04899036439488,10003.105525734172,101.98080623911477,0
dodo-k50000000000000000,554,10000,88.64400071200072,-88.64723263909481,88.64723263909481,-0.003231927094091702,155235.85202860515,3265.729204835264,0.979396235801424,6538,1149,99938.11967597771,0.00023193558879057717,0.15448672773017022,100.02319355887906,9986.545069656531,39.7306217339827,0
dodo-k50000000000000000,555,10000,66.3651953576956,-66.15252743286034,66.15252743286034,0.21266792483525876,119048.50101681771,2837.0735587866043,0.9767234673285574,6435,810,68598.98044581365,0.001651571099098703,0.19778511309261163,100.16515710990987,9965.646176435692,99.0478883338801,0
dodo-k50000000000000000,556,10000,31.597521593962963,-31.578978386799378,31.578978386799378,0.01854320716358515,143767.12828661574,3065.3753724992675,0.9791233187740516,9680,839,69037.65786154126,0.0018971909541642162,0.03372670284668288,100.18971909541642,9958.613814812421,202.7625046711033,0
dodo-k50000000000000000,557,10000,62.01376315359284,-62.02081827467358,62.02081827467358,-0.007055121080739468,185740.69285005136,4170.7445135386815,0.978038476400167,11494,1233,98572.72326977045,-0.004416298238030123,0.07399463044090879,99.55837017619699,10045.033113396174,106.7344285451224,0
dodo-k50000000000000000,558,10000,54.499993225463456,-54.46545977158079,54.46545977158079,0.034533453882666265,145038.86208483955,1574.8979455566293,0.9892581845985663,8560,895,78548.05287219376,0.0027776111122251733,0.08342833446162685,100.27776111122252,9959.116591090127,116.09850474915106,0
dodo-k50000000000000000,559,10000,182.42346056089218,-182.42509516576405,182.42509516576405,-0.0016346048718673956,273939.1998418921,2928.66516590695,0.9894221557065698,10964,1914,173034.628430532,0.0030327153787770554,0.14391505552384445,100.3032715378777,9967.872535689316,69.45967769035484,0
dodo-k50000000000000000,560,10000,54.32610630092544,-53.750773650401975,53.750773650401975,0.5753326505234639,113287.8565778199,2147.2999033196384,0.9813982155109697,5141,820,69808.62612478502,-0.03516638107353998,0.10364580188119404,96.483361892646,10302.301739835602,85.91916807170469,0
dodo-k50000000000000000,561,10000,39.01501209082039,-39.02059307880257,39.02059307880257,-0.005580987982177987,107880.10036344026,1403.7740507975318,0.9871547924309807,7125,749,57335.50352468302,0.0011975593511701276,0.09670014298362148,100.11975593511701,10001.317450423945,72.1248658647297,0
dodo-k50000000000000000,562,10000,54.320645839849874,-54.3152269530964,54.3152269530964,0.005418886753474794,147546.06537111694,30.585156998719782,0.9997927507035208,7815,1002,85984.74869219332,-0.003302146154354233,0.05826327222479435,99.66978538456458,10033.081214310872,99.63677897888302,0
dodo-k50000000000000000,563,10000,80.97253262839645,-80.9572339484523,80.9572339484523,0.015298679944152127,180158.63742904793,517.2709454383858,0.9971370231366639,7847,1255,114112.14154404667,-0.005891653752300528,0.09576237589836395,99.41083462476995,10056.448811008366,95.99120198730567,0
dodo-k50000000000000000,564,10000,162.02380676423283,-162.0224165943472,162.0224165943472,0.0013901698856386702,243356.46974501113,520.6378653396722,0.9978651630305068,10602,1545,147502.14407615215,-0.0035579703298674304,0.19990282928439781,99.64420296701326,10034.364620722625,98.954955671467,0
dodo-k50000000000000000,565,10000,113.24333428558177,-113.28734309090459,113.28734309090459,-0.044008805322818034,195050.6078149922,3221.04761070005,0.9837543717291087,7379,1228,123510.70065971217,-0.0009263824977281843,0.15562449550076762,99.90736175022718,10033.393793185807,218.39122965706557,0
dodo-k50000000000000000,566,10000,61.95745037410029,-61.9259310452586,61.9259310452586,0.03151932884168929,143316.6608296231,1957.9642022228052,0.9865223248602873,6775,1030,88817.90897649416,0.0063477995224184266,0.10174020777442606,100.63477995224184,9912.089361781762,109.61850464730547,0
dodo-k50000000000000000,567,10000,117.38778137419281,-117.4614700260033,117.4614700260033,-0.07368865181048534,217764.7081787222,2322.4815226243636,0.9894474479601657,10380,1584,132083.84603100995,0.004443372746272871,0.11080937742799676,100.44433727462729,9975.421698487142,51.24606829775438,0
dodo-k50000000000000000,568,10000,33.58531675719985,-33.57254568998759,33.57254568998759,0.012771067212256071,122208.74799620252,2031.235705631936,0.983650708531106,9679,782,60339.56455416837,0.0009095529009320557,0.060242007386943894,100.0909552900932,9984.203507998767,112.53721362883763,0
dodo-k50000000000000000,569,10000,150.7017301546263,-150.71190338252467,150.71190338252467,-0.01017322789837749,254546.81689963193,470.27260771725867,0.9981559172813644,9178,1682,166817.92923204633,-0.00021774897016115346,0.1130134072910434,99.97822510298388,10000.964517204027,102.45326020043706,0
dodo-k50000000000000000,570,10000,164.2063981159173,-163.99329215665554,163.99329215665554,0.21310595926175324,244104.1650653548,3236.427638441392,0.9869150971012786,9341,1769,157600.35807159328,-0.018383067867502233,0.19837434766805004,98.16169321324978,10052.826184895224,45.819512705477635,0
dodo-k50000000000000000,571,10000,179.92597069678493,-179.8404567734334,179.8404567734334,0.08551392335152741,285795.88375641225,2884.162607255496,0.9900091376470747,11586,1994,182211.44897765978,-0.01752719164654451,0.1474811900732294,98.24728083534555,10097.438566360002,67.94677806911939,0
dodo-k50000000000000000,572,10000,35.08822920586994,-35.080448828763565,35.080448828763565,0.007780377106378467,87456.20527337112,1800.5354065137528,0.9798274573684996,5125,665,51775.51901118266,0.0009635505796497057,0.06621639315196987,100.09635505796497,9989.14235680494,61.81167045016577,0
dodo-k50000000000000000,573,10000,86.56880161576791,-86.64127467831523,86.64127467831523,-0.07247306254731711,187500.14887502647,3115.7923029873295,0.9836540832643292,11082,1381,105496.6600321873,0.0013782435549136096,0.1349690823203639,100.13782435549136,9989.654283050637,51.63776651458527,0
dodo-k50000000000000000,574,10000,74.82446306924246,-74.8466910352574,74.8466910352574,-0.02222796601493826,171018.62237148566,2518.448925868105,0.985487545070109,6929,1072,104621.4250554567,0.00018120466942278312,0.10106180237279432,100.01812046694228,10012.05767734141,167.5473347110451,0
dodo-k50000000000000000,575,10000,108.43672342849717,-108.40162940039522,108.40162940039522,0.035094028101951835,247257.95785492106,2804.569903199177,0.98878452550111,11516,1641,147135.9925594971,-0.0004451433269545646,0.08814960373883494,99.95548566730454,9996.836177796951,88.1459098851723,0
dodo-k50000000000000000,576,10000,110.80943066895853,-110.78044578197613,110.78044578197613,0.02898488698239987,216240.68804749215,4666.55239325008,0.9788755118033269,11096,1382,122665.95869187817,-0.004304228222855641,0.1725539979125938,99.56957717771444,10023.037624980348,83.24196392931401,0
dodo-k50000000000000000,577,10000,28.773517083561742,-28.773742257115508,28.773742257115508,-0.00022517355376550086,69091.99629075684,803.2273500058792,0.9885081224700819,4060,561,41440.68176088172,0.005490076831707853,0.10980157696952418,100.54900768317079,9983.173131399353,44.438527779382895,0
dodo-k50000000000000000,578,10000,91.16464379757211,-91.22128626659025,91.22128626659025,-0.056642469018143515,203683.0632475182,5548.605355691337,0.9734810442762668,11334,1227,113160.80753230452,-0.001153413569295907,0.09694844308316262,99.88465864307041,10016.474979211142,183.1108844988538,0
dodo-k50000000000000000,579,10000,28.34967202343269,-28.350757866608596,28.350757866608596,-0.0010858431759075415,88307.42572204776,2099.1938733694783,0.9767805290943995,5102,600,48650.13840937862,-0.0005820394702587351,0.06693106780772581,99.94179605297413,10029.468544870202,143.8945402773289,0
dodo-k50000000000000000,580,10000,57.93887620223207,-57.880783102395895,57.880783102395895,0.05809309983617794,163800.6928477006,3234.488705571428,0.9806358835576213,9109,1087,92316.02449079693,-0.0050748560523202,0.06085708848066631,99.49251439476798,10046.059786578102,157.51798221163267,0
dodo-k50000000000000000,581,10000,33.2872093069062,-33.280916624536346,33.280916624536346,0.006292682369853253,96018.42956023275,3537.1286335144564,0.9644708070780863,7695,731,48428.00594758519,0.0011877950415872362,0.1343226842170178,100.11877950415872,9984.717804747916,27.90702266373063,0
dodo-k50000000000000000,582,10000,54.73904664679023,-54.738427777766,54.738427777766,0.0006188690242296957,130185.07665469754,2881.285584443443,0.9783470026837787,7091,931,75192.81003277865,0.003573800952755022,0.09977051599815297,100.3573800952755,9986.678702860294,66.33948181015751,0
dodo-k50000000000000000,583,10000,25.986880024362218,-25.97461515496841,25.97461515496841,0.012264869393806777,78417.85343156547,1129.1378514033327,0.9858053983790952,5328,569,42349.12503089142,-0.0037811738945612208,0.05390192316403528,99.62188261054388,10016.292911065935,62.790361907341946,0
dodo-k50000000000000000,584,10000,76.45512071087204,-76.4555321077484,76.4555321077484,-0.0004113968763590492,215982.0168461782,272.59345812022434,0.9987394790902416,11781,1369,117375.86115923042,-0.0000331270607910028,0.07465172367974518,99.9966872939209,10001.510085880847,102.45791525013938,0
dodo-k50000000000000000,585,10000,17.047464051579183,-17.067856874321357,17.067856874321357,-0.020392822742174133,65877.7664144634,1031.508549054977,0.9845834744193925,5158,487,33449.78187566713,-0.0017591924495093281,0.05980822325132209,99.82408075504907,10026.663472079848,62.998818361584135,0
dodo-k50000000000000000,586,10000,84.71940019417372,-84.57004883147843,84.57004883147843,0.1493513626952847,163324.6318924909,2512.4864250959386,0.9848496738813057,6383,1085,105663.57558250567,-0.00250837186906395,0.07688130035715886,99.7491628130936,9974.28633635974,135.47173399506005,0
dodo-k50000000000000000,587,10000,53.474650624482116,-53.49228084580052,53.49228084580052,-0.01763022131840586,113663.57954553897,1550.179953598296,0.9865451838362248,5398,840,72542.16573331093,0.000523175328731611,0.08577582991304197,100.05231753287316,10024.50252214475,79.6243781498357,0
dodo-k50000000000000000,588,10000,42.09146399694667,-42.08182687604636,42.08182687604636,0.00963712090031521,120058.14088335383,2384.341720966278,0.980526842724421,6462,775,68744.3174962167,0.0008793167495647936,0.0764591965476994,100.08793167495648,10006.924802125217,142.9535982638559,0
dodo-k50000000000000000,589,10000,39.697072908345554,-39.683496055215,39.683496055215,0.01357685313055157,155339.28791599761,2605.236068134166,0.9835053726307351,11156,964,76185.89380429864,-0.00039065968066950065,0.04540530124978488,99.96093403193305,10001.326315921055,104.12931698699431,0
dodo-k50000000000000000,590,10000,81.42551927140363,-81.42304777305054,81.42304777305054,0.0024714983530884638,202850.0872878101,1619.0519914700935,0.9920816804082172,10244,1291,116699.483980517,0.00007163232754464844,0.11397454915131916,100.00716323275446,9997.387106193695,102.17605587213778,0
dodo-k50000000000000000,591,10000,78.70377835911825,-77.01163361625922,77.01163361625922,1.6921447428590284,177648.83905587715,2167.25953645214,0.9879473553624049,8005,1161,105508.3656237224,0.03259080582401367,0.09535614450122808,103.25908058240137,9431.099132124657,170.94502230468575,0
dodo-k50000000000000000,592,10000,126.59367119497193,-126.6135698619868,126.6135698619868,-0.019898667014871307,218518.40731314174,2224.508365956246,0.9899226285060486,9102,1475,136529.29027932056,0.0017807674587088228,0.15712440493428645,100.17807674587088,9984.991416874653,86.88299440932985,0
dodo-k50000000000000000,593,10000,35.02106053135721,-35.074093971521485,35.074093971521485,-0.05303344016427758,85939.94213308452,2111.1717045306877,0.9760233390298261,5037,578,48150.71985658575,-0.000015904109452833382,0.10296093409072299,99.99840958905472,10012.23270563479,127.52394978198895,0
dodo-k50000000000000000,594,10000,41.66120123713936,-41.66400710757553,41.66400710757553,-0.002805870436169755,132734.39170042065,4508.360654100939,0.9671504645836956,8739,942,69154.33336236862,-0.0016613554199251723,0.08991208175411344,99.83386445800748,9999.213497083887,40.779985185185986,0
dodo-k50000000000000000,595,10000,40.1678520719147,-40.16330478812189,40.16330478812189,0.0045472837928102194,131878.43600827645,4217.150797172715,0.9690133170651507,9591,848,64830.57519494056,-0.00171386105249141,0.12553032522027976,99.82861389475086,10019.205348190371,104.341102744763,0
dodo-k50000000000000000,596,10000,67.42587716213778,-67.42643435481224,67.42643435481224,-0.0005571926744636357,133289.86035451177,1759.9753123275575,0.986967956653651,5447,914,86472.30551285867,-0.00013022335832928888,0.08465481664457684,99.98697766416707,10007.031356910673,87.41606387806199,0
dodo-k50000000000000000,597,10000,71.95289713501226,-71.90234907392093,71.90234907392093,0.05054806109133381,194661.6165087662,2780.229227982127,0.9859187437313108,10636,1239,107831.50755508927,-0.006302802599412729,0.09798046428452097,99.36971974005873,10058.905145617027,95.73666565786881,0
dodo-k50000000000000000,598,10000,155.1320437208584,-155.1853062882499,155.1853062882499,-0.05326256739149926,287672.47180860373,3601.4753085468997,0.9876354361789234,11051,1840,179251.71676069198,0.0016248899461604083,0.13138616634749498,100.16248899461604,9986.3940398479,92.16854290901698,0
dodo-k50000000000000000,599,10000,242.26385255525457,-242.5037301636095,242.5037301636095,-0.23987760835493077,306728.7102365793,2700.794439834454,0.9912716971102714,11323,2014,201552.81835850427,0.0020147958043064307,0.2729264116699217,100.20147958043064,10001.059665236802,85.52272691216025,0
dodo-k50000000000000000,600,10000,53.79644044388576,-53.857834425980045,53.857834425980045,-0.06139398209428748,94525.03518088747,2307.290896046047,0.9761723074357121,4390,715,58686.52034851616,-0.0004559444186976691,0.15540109437833677,99.95440555813023,10009.110237148327,53.75655396086622,0
dodo-k50000000000000000,601,10000,50.693698290717755,-50.670713734135475,50.670713734135475,0.022984556582279936,105121.37029449984,1624.8540903493536,0.9847783460285086,4165,696,65742.1768869187,-0.0001433321984549707,0.08221644782898636,99.9856667801545,9992.275514924093,110.0934412303796,0
dodo-k50000000000000000,602,10000,64.02673949623738,-64.05210266283875,64.05210266283875,-0.02536316660136606,140172.08255408405,1666.1705473409977,0.9882530240544519,5505,892,88442.2722420749,-0.00041965023121775857,0.06015149701851485,99.95803497687822,10012.647350851244,126.13494630676568,0
dodo-k50000000000000000,603,10000,57.92309549231497,-57.88099319480157,57.88099319480157,0.04210229751340222,155641.0212899294,2710.9267987680655,0.9828803697618572,8959,1036,86042.044847396,0.0085827733299854,0.07304873783818039,100.85827733299854,9911.141390728513,99.4759488368599,0
dodo-k50000000000000000,604,10000,220.47803183702186,-219.90257726004302,219.90257726004302,0.5754545769788422,271090.25806234503,4323.589990759869,0.9843014793144091,11684,1863,166731.2194488432,-0.005319710622095925,0.5079789774814185,99.46802893779041,9972.282242211715,40.19395435154546,0
dodo-k50000000000000000,605,10000,24.606924983447463,-24.60771998134679,24.60771998134679,-0.0007949978993266882,77204.93167254487,441.3307879093452,0.9943161361033428,4841,549,43389.32393131102,0.0006426193265711788,0.05358206157717802,100.06426193265712,9996.371251218769,102.41020392610012,0
dodo-k50000000000000000,606,10000,18.673995456697632,-18.6584913517924,18.6584913517924,0.015504104905232907,66579.27628173647,1129.148262252729,0.9833233712073874,4133,427,35880.22523215147,-0.004164447336320336,0.04624075258340412,99.58355526636797,10041.48775511349,127.25552115746517,0
dodo-k50000000000000000,607,10000,91.00882239552696,-90.9910462902427,90.9910462902427,0.01777610528425555,176265.36647025245,2221.2523075425047,0.9875550765499803,7434,1227,109546.0112735199,0.0012416820397289996,0.11043582709504719,100.1241682039729,9987.230810973148,122.22203561688673,0
dodo-k50000000000000000,608,10000,53.40705516596671,-53.40683445824055,53.40683445824055,0.00022070772615734313,175749.59050859476,1977.7735357584233,0.9888718681763329,11229,1174,94338.06259835859,-0.0036453448814056343,0.07989202204032039,99.63546551185944,10040.586985210748,105.19220550071998,0
dodo-k50000000000000000,609,10000,39.28718274585043,-39.26059331788031,39.26059331788031,0.02658942797012287,131857.99475396375,3479.116762516149,0.974292958350212,10185,799,63663.16343038911,0.0018302323645374942,0.08345093652216662,100.18302323645375,9970.604250529886,100.24624707468026,0
dodo-k50000000000000000,610,10000,54.736671792363396,-54.87780018831136,54.87780018831136,-0.1411283959479661,165077.10527851712,3330.226264611806,0.9802251705190225,11537,1024,82730.91866671323,-0.0012379370742837638,0.10695581261952924,99.87620629257162,10004.631504462119,122.47292879266541,0
dodo-k50000000000000000,611,10000,158.9811360203848,-158.9542675632268,158.9542675632268,0.026868457158002457,276063.2950048033,3120.9927604306454,0.9888210300607779,11652,1870,170522.47615951343,-0.004932287619061242,0.21325235381157895,99.50677123809388,9999.161051193654,47.75684995178802,0
dodo-k50000000000000000,612,10000,60.108636733501136,-60.099841361761776,60.099841361761776,0.008795371739360291,180160.9897156118,2031.1279447568868,0.9888517243729326,11218,1260,97419.02536744229,0.008856162047576959,0.06869876812430561,100.8856162047577,9937.488523259215,54.572305331533386,0
dodo-k50000000000000000,613,10000,74.17249760753435,-74.1323425758093,74.1323425758093,0.04015503172504964,173904.08535230084,4157.34216706657,0.9766522024169755,8540,1222,100710.49709691522,-0.00006794483952930363,0.08982517099780779,99.99320551604707,9984.699618364564,65.467761243177,0
dodo-k50000000000000000,614,10000,88.85276973711693,-88.77603083054208,88.77603083054208,0.07673890657484606,222783.87917496657,2466.999428150276,0.9890477700089373,9920,1420,132275.48123753094,0.0007515812766379781,0.058332765881911115,100.0751581276638,9984.305242856033,118.1689678595904,0
dodo-k50000000000000000,615,10000,17.857144673191513,-17.851902740818353,17.851902740818353,0.005241932373159841,61462.53592224026,1478.7963034478107,0.9765051635998853,4814,474,32255.046951297543,0.004014057883352819,0.05410001599484488,100.40140578833528,9971.056925390423,51.05806734201403,0
dodo-k50000000000000000,616,10000,18.365601493919094,-18.365791699400255,18.365791699400255,-0.00019020548116088776,55737.67326368727,536.3220351202291,0.9904694516130864,4305,367,28095.654123143246,-0.001117459871627915,0.07078823452270157,99.88825401283721,10013.636120011037,107.76120335627509,0
dodo-k50000000000000000,617,10000,113.62868031919703,-114.02572061247885,114.02572061247885,-0.3970402932818189,228813.79594347658,4167.591591324869,0.9821119118766415,9870,1450,138956.31006639206,-0.0013029116456301892,0.09268299825527322,99.86970883543698,10042.73731067738,104.6636433113879,0
dodo-k50000000000000000,618,10000,181.9745465036482,-181.93636790568422,181.93636790568422,0.03817859796399148,299663.2851233065,3724.379505917296,0.9877240246057171,11201,2020,192406.42215387215,0.0044816777913843,0.1867485961189179,100.44816777913843,9960.231753534315,81.63107379049231,0
dodo-k50000000000000000,619,10000,58.408559262075435,-58.391150784092915,58.391150784092915,0.017408477982520765,168021.06626423297,2226.8433377694846,0.9869199960047951,11202,1123,88563.89729114139,0.007866563689265433,0.0998180217182822,100.78665636892654,9926.574194398509,96.09177552407807,0
dodo-k50000000000000000,620,10000,153.19618637401425,-153.46773418569003,153.46773418569003,-0.2715478116757879,210526.71823778003,2377.83187803041,0.9888314651953799,7891,1454,138832.90392388718,0.00031032161126631763,0.2542196074793108,100.03103216112663,10048.043359908395,77.39078559825987,0
dodo-k50000000000000000,621,10000,51.69281243920666,-51.59520269915776,51.59520269915776,0.09760974004890244,107639.58340607212,1598.6120768984126,0.9853658139460238,4083,730,69486.76464938094,-0.012240042029004599,0.06440967745553422,98.77599579709954,10126.009913188622,122.78787575107806,0
dodo-k50000000000000000,622,10000,12.484223789103108,-12.482074734609647,12.482074734609647,0.0021490544934614775,56076.9661127484,2063.2896853946213,0.9645118574545294,4721,398,27574.856084498562,-0.000029080062876687407,0.04197104564793136,99.99709199371233,9996.197165168745,92.90810835553661,0
dodo-k50000000000000000,623,10000,52.88555965713242,-52.8620363817337,52.8620363817337,0.023523275398716237,134292.3224994684,2776.8139873149994,0.9797415081287629,8311,968,75851.27493594022,-0.0007095825251023769,0.09490652133834886,99.92904174748976,9991.861994996165,86.01573014315113,0
dodo-k50000000000000000,624,10000,161.42039509484172,-160.6252339190808,160.6252339190808,0.79516117576091,170362.15194571202,2624.4549701927895,0.9848285655347375,8730,1278,102921.2069101464,0.008121362793289535,0.8691105718399785,100.81213627932895,9993.460984072057,33.270632516992315,0
dodo-k50000000000000000,625,10000,69.93275314417122,-69.90830399237045,69.90830399237045,0.024449151800766344,149231.16382525323,1447.855863403431,0.9903911250126587,6216,1056,94585.83404474928,-0.0008869017525208278,0.10042095805954646,99.91130982474792,9996.907152511498,104.8000712852069,0
dodo-k50000000000000000,626,10000,16.7728219753742,-16.7629140525168,16.7629140525168,0.009907922857401275,67489.25387529511,554.6157139698678,0.9918491450101573,4789,483,34551.73035192853,0.004958333326147653,0.03633639744524942,100.49583333261477,9955.16083927195,90.71281131164903,0
dodo-k50000000000000000,627,10000,17.896421328231956,-17.908518187415027,17.908518187415027,-0.012096859183071018,56792.860138648306,958.1336430327333,0.9834092267458666,4283,451,31516.373228168784,0.001757031883919211,0.058337092455615934,100.17570318839192,9993.986449145614,69.20764041483396,0
dodo-k50000000000000000,628,10000,148.20193014877475,-148.17986602774835,148.17986602774835,0.022064121026403427,238046.6392145032,4744.585050623188,0.9804581690916384,8888,1518,151206.49417240027,0.000544850690434373,0.12166157670356853,100.05448506904344,10013.731622538022,119.61462933631582,0
dodo-k50000000000000000,629,10000,15.539408048978924,-15.531269194868266,15.531269194868266,0.0081388541106584,56861.18766331359,1121.4701903836356,0.9806585239122128,4090,377,30367.98074526248,0.002356559856573455,0.033284375536184,100.23565598565735,9960.717172794679,144.8054846259827,0
dodo-k50000000000000000,630,10000,46.412659589438235,-46.39960037471061,46.39960037471061,0.013059214727626056,95303.60537636653,1994.805284217798,0.979498069180426,4090,620,58725.42846990186,-0.00037392528741122535,0.06931920284997332,99.96260747125888,10009.005564964562,135.3348578819516,0
dodo-k50000000000000000,631,10000,84.24552687549208,-84.35842890947936,84.35842890947936,-0.11290203398728238,198058.69745317378,2018.4985118241202,0.9899114014363873,7942,1207,123337.03237118149,-0.0043820038572197,0.050298768042222546,99.56179961427803,10080.668711982556,177.22367047747647,0
dodo-k50000000000000000,632,10000,128.49286871115135,-128.4618979181987,128.4618979181987,0.030970792952643933,271055.29724524904,3541.527446834184,0.98710280990756,10651,1742,168838.81202494653,0.003557582349921944,0.08328680529172772,100.3557582349922,9966.925383105652,87.79391393212764,0
dodo-k50000000000000000,633,10000,133.52688819015032,-133.51157472081664,133.51157472081664,0.015313469333676721,223834.36513119965,715.0898561207996,0.9968154460398884,8707,1442,141150.3196236592,0.0014509329495552947,0.16105461449936428,100.14509329495553,9984.669725651745,97.13453000383612,0
dodo-k50000000000000000,634,10000,67.79825869682182,-67.80743392293039,67.80743392293039,-0.009175226108567358,123213.18713192627,1011.6458415613434,0.9918563316420216,4525,867,84016.48672236517,0.0009436670192307872,0.08600215322035083,100.09436670192308,9988.893324740027,119.34191686874206,0
dodo-k50000000000000000,635,10000,163.43926380149483,-163.51558599356568,163.51558599356568,-0.07632219207084745,208538.47751018475,2288.7153307104427,0.9891441170378925,7978,1626,138338.966919899,0.010803911478042494,0.17459422024936289,101.08039114780425,9990.524732708498,41.45820561370026,0
dodo-k50000000000000000,636,10000,42.32010583160676,-42.303644425246,42.303644425246,0.016461406360761544,127986.47095345506,2397.576561751964,0.9816114271075046,9421,896,66904.43598103661,-0.00048728900982354163,0.09858502444843338,99.95127109901765,9992.146207205187,72.4763268572966,0
dodo-k50000000000000000,637,10000,48.85484985692171,-48.869697762831144,48.869697762831144,-0.01484790590943419,120089.98692413051,3332.2531373709407,0.9730011938228437,7410,783,65370.00025213233,-0.0002473111746031975,0.14340056123129868,99.97526888253968,10004.60590045945,129.0679058391502,0
dodo-k50000000000000000,638,10000,29.304542667163094,-29.29510002706894,29.29510002706894,0.009442640094153631,98898.20291505032,507.19939760125766,0.994897667673976,7607,633,48165.36394888575,0.00426225064164754,0.061301263169881964,100.42622506416475,9957.742002936651,99.23445976650498,0
dodo-k50000000000000000,639,10000,59.81899179637227,-59.81048333636529,59.81048333636529,0.00850846000698624,145258.3238991278,1901.9826973413417,0.9870754367034802,6060,971,90297.96444628027,-0.0010350255006569852,0.06838182749169874,99.8964974499343,10014.04906198302,150.36570794272964,0
dodo-k50000000000000000,640,10000,26.36515207430051,-26.361122537260016,26.361122537260016,0.004029537040494802,94372.79335577434,44.68647383526027,0.9995267139737695,6458,642,48955.428258790336,-0.0027866430010529087,0.038008907461957904,99.72133569989471,10028.502666871593,100.16493752469623,0
dodo-k50000000000000000,641,10000,74.65932840442186,-74.63539457259745,74.63539457259745,0.023933831824408003,117313.9012800259,1044.2090901192676,0.9911775451056655,4593,895,78662.50292678691,0.0023611394087178893,0.15581777589357487,100.23611394087179,9995.576738695258,59.86077133900214,0
dodo-k50000000000000000,642,10000,68.79961324759667,-68.81792064826412,68.81792064826412,-0.018307400667453066,187923.90576915775,2242.6854533685146,0.9882067326392562,9981,1250,105653.60776827561,-0.001033965961439236,0.08045946045748209,99.89660340385608,10021.330345725144,87.8002578843329,0
dodo-k50000000000000000,643,10000,55.73859962487969,-55.74323399412533,55.74323399412533,-0.0046343692456431995,182691.01785906128,4819.346213515077,0.9742982408607039,11200,1054,92918.02436669456,-0.0018299862449228498,0.06368840810859937,99.81700137550772,10033.962407069706,176.0255444871919,0
dodo-k50000000000000000,644,10000,36.20159748157754,-36.16404755397983,36.16404755397983,0.03754992759770914,106782.10598952763,1624.9687440289968,0.9850104917227694,7626,768,56938.84050316672,-0.00945753987461714,0.08404385402416054,99.05424601253829,10038.648983343543,43.50502343556149,0
dodo-k50000000000000000,645,10000,62.8211076741905,-62.831700712529475,62.831700712529475,-0.010593038338974736,144072.95786574378,1434.3260428350427,0.9901425825270972,6621,949,86496.16076088004,-0.0008644150308552412,0.07368904610420288,99.91355849691448,10009.91056189153,112.08563231943062,0
dodo-k50000000000000000,646,10000,40.88289166627759,-40.883236965606166,40.883236965606166,-0.00034529932857907397,111561.84450223875,2043.2758493276422,0.9820142275013269,5549,798,66149.77690634325,-0.0036629030401304874,0.0670279532514725,99.63370969598695,10042.143529936879,99.87357187932876,0
dodo-k50000000000000000,647,10000,109.52122341507493,-109.4986053385531,109.4986053385531,0.022618076521823127,213469.93655936583,2719.6923507887004,0.9874198759464129,8979,1354,131579.4598447221,-0.0002057030229849488,0.14163550122381052,99.9794296977015,9995.620446163763,207.24050857232703,0
dodo-k50000000000000000,648,10000,58.334024802029624,-58.35706000118966,58.35706000118966,-0.02303519916003438,180065.69324432447,2597.9663680076146,0.9857773222461365,11015,1164,96891.87093733724,0.001196220452937382,0.07792734589077782,100.11962204529374,9987.074915347937,116.09301442264407,0
dodo-k50000000000000000,649,10000,73.69079543145135,-73.6253394776663,73.6253394776663,0.06545595378504743,141650.21656868426,1478.7356638201031,0.9896685077284852,5505,918,89991.47042660537,-0.00020869651623954156,0.09282738184768193,99.97913034837605,9981.89710149706,131.9835907771027,0
dodo-k50000000000000000,650,10000,45.18348301616226,-45.127260906799854,45.127260906799854,0.0562221093624089,119233.24097069437,2574.0480942692566,0.9788678648541597,9260,883,61310.94708934473,-0.007497475640614795,0.09996914074741384,99.25025243593852,10028.370244311784,65.57003906431606,0
dodo-k50000000000000000,651,10000,87.75765952095705,-87.73895343514494,87.73895343514494,0.01870608581211286,153321.25961693903,2549.6988230652446,0.9836422458129259,6124,1128,99828.79955924914,0.0012210375642095527,0.16610051660154057,100.12210375642096,10024.983774503886,69.76828640236748,0
dodo-k50000000000000000,652,10000,44.00062488760451,-44.01388069836879,44.01388069836879,-0.013255810764277953,126123.17063990886,3466.8965306298232,0.9732472047717404,7767,924,69860.85990327313,0.0016769993561483432,0.09054879958084086,100.16769993561483,9989.119286421892,67.28073571738732,0
dodo-k50000000000000000,653,10000,14.798874647277868,-14.79239007945629,14.79239007945629,0.00648456782157858,59862.808254655465,1613.916898256118,0.9737475134818615,4826,385,29446.471375359935,-0.00043673912556670304,0.03387749273019807,99.95632608744333,9998.12310630301,91.85372398830214,0
dodo-k50000000000000000,654,10000,50.94012780801039,-51.018489295079206,51.018489295079206,-0.07836148706881829,102497.43417606779,2121.6293242045235,0.9797204328425383,6029,709,56836.40678263356,0.000009672597470142818,0.18902971621152034,100.00096725974701,10018.223801253407,103.18343145795929,0
dodo-k50000000000000000,655,10000,138.03331707459196,-138.0170384843053,138.0170384843053,0.016278590286674444,286520.9129459196,4217.787903584438,0.9854928570181385,11414,1880,180975.80241618733,-0.00241352792536631,0.08556734876911748,99.75864720746337,10020.47416564332,101.30606533075216,0
dodo-k50000000000000000,656,10000,83.83919805211632,-83.79027455749338,83.79027455749338,0.04892349462294021,227178.49954356186,2591.0450171398666,0.9887232878400237,11142,1404,125635.22233462193,-0.004341772761707716,0.08856297008732326,99.56582272382923,10045.484336620097,126.97958699102001,0
dodo-k50000000000000000,657,10000,227.7239648362001,-227.260069221705,227.260069221705,0.46389561449510097,273081.9273529573,3072.0974888984233,0.9888754201911135,9655,1798,178156.533373099,0.005404624174018551,0.2705077917452387,100.54046241740186,9948.002049903838,59.091139205076885,0
dodo-k50000000000000000,658,10000,56.788639669565974,-56.78257293704814,56.78257293704814,0.006066732517837181,102806.62460232145,999.2235592654825,0.9903741111222361,4171,707,66605.15557728466,-0.0010855933046559586,0.10500813863676925,99.8914406695344,10019.432058998575,127.85032111518267,0
dodo-k50000000000000000,659,10000,32.59906456002332,-32.594315355917495,32.594315355917495,0.004749204105827687,120367.56179267574,2325.826468368733,0.981043587585826,9053,815,58834.09934722823,0.008149071681720415,0.07587825623763109,100.81490716817204,9967.503825508535,51.036525213575416,0
dodo-k50000000000000000,660,10000,86.45426482190746,-86.44761108053947,86.44761108053947,0.006653741367983912,111900.6957869819,1015.8588937244231,0.9910034547494213,4555,799,74364.3283463605,0.0006184651619264514,0.2275444603263253,100.06184651619265,9991.486228381644,98.47884106501276,0
dodo-k50000000000000000,661,10000,30.41158010314034,-30.404986722765976,30.404986722765976,0.00659338037436541,137101.22691741123,2466.54933914934,0.9823272290688704,10055,849,64545.52651231357,0.0013046606765084335,0.04151065909075314,100.13046606765084,9987.45242560517,114.15948571921379,0
dodo-k50000000000000000,662,10000,78.56467590456374,-78.55616647667019,78.55616647667019,0.008509427893557131,202598.44350467002,1686.9440853744372,0.9917422185439921,11309,1320,112834.49504703516,-0.0019655405589135456,0.07878786265153565,99.80344594410865,10011.922179971973,101.29361979293853,0
dodo-k50000000000000000,663,10000,146.41866525958673,-146.37861500551526,146.37861500551526,0.040050254071474,246538.635466711,2812.3333918698627,0.9887213857449864,9717,1689,156300.91543291198,0.00003394770496285559,0.13817357527642699,100.00339477049629,9995.99914390219,91.26406102827708,0
dodo-k50000000000000000,664,10000,113.99476881567021,-113.91746507315614,113.91746507315614,0.07730374251407568,168593.18885199376,2728.439151380769,0.9840741698337876,6260,1170,112925.8259694805,-0.0015761470156949997,0.1513417450579959,99.8423852984305,10007.318834684667,88.90739423377586,0
dodo-k50000000000000000,665,10000,173.57510504318668,-173.68646467147954,173.68646467147954,-0.11135962829285972,239943.69631472582,2147.48712649408,0.9911294286063271,9269,1764,157738.64319979947,0.0005768338586875643,0.17602932259401313,100.05768338586876,9987.572337296151,46.72329681313615,0
dodo-k50000000000000000,666,10000,161.34710362906546,-161.3596025961581,161.3596025961581,-0.012498967092653857,284267.76687021565,3375.789983146767,0.9882639819223633,11003,1882,178274.24213365052,0.0036775202529857154,0.1474782754760814,100.36775202529857,9993.50056761303,34.299933565995524,0
dodo-k50000000000000000,667,10000,45.14016065919261,-45.23504144451091,45.23504144451091,-0.09488078531830269,125217.68470447573,4167.846271363582,0.9677873851896016,9145,921,65528.99869435522,0.006721133774048127,0.08542051288933067,100.67211337740481,10001.977649067032,44.06651226738637,0
dodo-k50000000000000000,668,10000,48.67083263223713,-48.67242647369636,48.67242647369636,-0.0015938414592326922,142816.70887217092,2710.785377281777,0.981372692553648,9935,1040,76890.11823252252,0.004607063179037141,0.057386773867209515,100.46070631790371,9971.75446867224,55.263872548945464,0
dodo-k50000000000000000,669,10000,108.13582321592737,-108.13359248313613,108.13359248313613,0.002230732791247192,236793.75724779512,544.7901262235539,0.9977045864135798,10337,1532,141571.14381971263,-0.0026853874500837095,0.08907252344172875,99.73146125499163,10027.857590877322,103.17282136309223,0
dodo-k50000000000000000,670,10000,62.33195057580761,-62.33860651605009,62.33860651605009,-0.006655940242481506,115931.0789612115,1510.2278680512022,0.9871405733738404,4678,875,75674.90785544329,0.0012793253487787127,0.1108239148649598,100.12793253487787,9996.34133904594,70.1268352414169,0
dodo-k50000000000000000,671,10000,21.22357868396598,-21.23266962426844,21.23266962426844,-0.009090940302460382,87399.82723899293,2258.7274245614362,0.9748074521941898,6071,577,44688.83019545155,-0.0006095271167157534,0.0429782807940569,99.93904728832842,10006.961762389335,196.57284604550597,0
dodo-k50000000000000000,672,10000,29.282031930546417,-29.300656390289234,29.300656390289234,-0.018624459742817123,107204.80506399856,1841.8373451688153,0.9831096372664293,7101,736,56833.8344536012,0.002426849194831249,0.04345838380927077,100.24268491948312,9992.59172717273,85.07281675444192,0
dodo-k50000000000000000,673,10000,108.98273662345485,-108.61141702561659,108.61141702561659,0.37131959783826574,247552.4456662296,3405.7663724214262,0.9864289502831775,10180,1490,148915.78633496884,0.0026106339883726548,0.10439500002061124,100.26106339883727,9930.488212854614,208.3391821168631,0
dodo-k50000000000000000,674,10000,40.739420599143735,-40.7341899827537,40.7341899827537,0.005230616390036857,113914.15218431364,2355.3031702563103,0.9797427177836716,6194,759,65301.596479546875,-0.004449512282053547,0.06256480333720262,99.55504877179465,10044.593903082665,112.31457047343919,0
dodo-k50000000000000000,675,10000,103.44819868642591,-103.44608174709145,103.44608174709145,0.002116939334456447,237534.02433406413,240.66091736023466,0.9989878614827908,11317,1529,140316.44574810102,0.0003194158248123813,0.09615810110782604,100.03194158248124,9996.510522156732,100.94105821059277,0
dodo-k50000000000000000,676,10000,86.13076808647983,-86.06362018220467,86.06362018220467,0.06714790427515993,191478.93639309925,2972.823059374909,0.9847117708384557,9151,1274,113992.03508625431,0.012122021235806954,0.06693510941729898,101.2122021235807,9892.79321302988,83.65176315775184,0
dodo-k50000000000000000,677,10000,38.67378512778737,-38.75544618896209,38.75544618896209,-0.08166106117472083,81134.03338342298,2236.9597159213454,0.9731686089758365,4299,511,46521.97881949884,0.0007445948830395821,0.09857864178667214,100.07445948830396,10008.748892922902,152.7301053883448,0
dodo-k50000000000000000,678,10000,145.13095207752048,-145.2825868749269,145.2825868749269,-0.15163479740641606,205284.3163195112,2629.1551688108957,0.9873545703893528,8135,1430,132888.1218228922,-0.0015762136502752355,0.24152222637174275,99.84237863497248,10021.120558278039,74.18050330198702,0
dodo-k50000000000000000,679,10000,71.57230119627005,-71.48771504887225,71.48771504887225,0.08458614739780046,122279.34918190636,1877.6869348599766,0.9848765161154938,4867,888,79549.79865231583,0.005942375362151609,0.14492534624078787,100.59423753621516,9966.560028618349,61.28312041766061,0
dodo-k50000000000000000,680,10000,210.203305487665,-210.1743525142305,210.1743525142305,0.02895297343451375,276919.27879362355,890.6871568595903,0.9967938977501679,9874,1762,181720.23885313346,0.00015044932995351702,0.19948015862180354,100.01504493299535,9998.697468517881,98.66863183944704,0
dodo-k50000000000000000,681,10000,26.843862943233773,-26.788605350040648,26.788605350040648,0.05525759319312584,80262.45428184776,884.9952206269635,0.9890939859964425,4584,548,44963.996445970275,0.009657628951725315,0.058134609984820285,100.96576289517253,9892.140334975746,113.9275243100176,0
dodo-k50000000000000000,682,10000,61.86079789199653,-61.89382890544814,61.89382890544814,-0.03303101345160542,158074.78979375015,2677.628834172248,0.9833431505601798,7477,1066,93758.51005027148,0.0033595285180699364,0.07501149991302583,100.335952851807,9966.160819757139,144.58013305454293,0
dodo-k50000000000000000,683,10000,71.51580394020927,-71.51283675812863,71.51283675812863,0.0029671820806385085,164634.84563028443,659.3022539768093,0.9960113394066531,8059,1147,99253.45626490314,-0.002321373840701,0.07893756075835555,99.7678626159299,10022.800108392375,93.46698194069094,0
dodo-k50000000000000000,684,10000,47.452455107999185,-47.44970958140591,47.44970958140591,0.0027455265932729844,130405.75545780922,4137.072382143834,0.9692508887425412,9307,938,67892.27492330488,-0.0017809434815598023,0.09561398918886468,99.82190565184402,9985.44985467387,35.005667386685694,0
dodo-k50000000000000000,685,10000,31.69976518621774,-31.682249301654522,31.682249301654522,0.017515884563216844,118040.69708780403,3203.9068006565567,0.9735748503611427,9303,756,58166.508599551205,0.0001319104037645502,0.08230168128134537,100.01319104037646,10013.830148355313,74.53254446695522,0
dodo-k50000000000000000,686,10000,40.07741828013379,-40.06414587070448,40.06414587070448,0.013272409429312404,111556.47931650645,1699.8327561864178,0.9849912757613423,7644,741,59391.01917116274,-0.0003702049292141396,0.08294714922245362,99.96297950707859,9994.61862051346,77.92447921593649,0
dodo-k50000000000000000,687,10000,24.254081494830437,-24.24858492162081,24.24858492162081,0.005496573209626376,80444.53901363266,2190.0287779745618,0.97349742563551,5722,555,41570.64528906181,0.00029521081701744834,0.06714654713137151,100.02952108170174,9996.359807754885,85.59749766811757,0
dodo-k50000000000000000,688,10000,21.60992033079607,-21.62449848263789,21.62449848263789,-0.014578151841821096,76494.97391880254,2136.7011994255963,0.9728264570707298,3821,451,43144.28725442516,-0.0008936770668444183,0.037019208333169046,99.91063229331556,10024.442606166855,296.8381024912803,0
dodo-k50000000000000000,689,10000,69.71007720935789,-69.72035313260874,69.72035313260874,-0.010275923250844698,190236.8428208148,1632.5590801282674,0.9914913005202824,10079,1292,109276.00202657712,0.0011644737070379562,0.07857506198983884,100.1164473707038,9993.823398383502,89.76886576258029,0
dodo-k50000000000000000,690,10000,33.02228133983512,-33.06615322813129,33.06615322813129,-0.04387188829617372,80083.44852580258,1634.8598413894267,0.9799939588318035,4335,548,46583.182110256486,0.0016956861728309035,0.08858991802495794,100.16956861728309,10008.746096195811,75.62694109864069,0
dodo-k50000000000000000,691,10000,138.64312474608482,-138.6461454961344,138.6461454961344,-0.0030207500495862405,254150.4551383345,2590.7263112127166,0.9899091906620293,9521,1604,163551.6492186772,-0.0008247607884626973,0.07564401549012857,99.91752392115373,10015.869881037108,130.8393435159028,0
dodo-k50000000000000000,692,10000,135.8563034220932,-135.93227739761912,135.93227739761912,-0.07597397552592611,227467.74805763192,4700.6721565642765,0.9797531802463596,8877,1522,144812.3143323297,0.0012724598153556598,0.12751818673628534,100.12724598153557,10004.951542845112,112.0643809274625,0
dodo-k50000000000000000,693,10000,47.37425011654217,-47.3898088820691,47.3898088820691,-0.01555876552692581,119371.93016224162,1662.0074223324254,0.9862682528925322,7388,810,64683.658142694825,-0.00037138363855945047,0.11643530463052883,99.96286163614405,10026.192219531917,109.43152602398868,0
dodo-k50000000000000000,694,10000,72.68661703970814,-72.62302584144152,72.62302584144152,0.06359119826662152,191003.521769508,2055.4494674851144,0.9893532558766104,9508,1258,109767.54125108042,-0.0034268621604005033,0.07012276049836942,99.65731378395995,10017.968047444943,74.99713505576915,0
dodo-k50000000000000000,695,10000,162.1090198471456,-162.26772100455042,162.26772100455042,-0.1587011574048347,259123.51435527112,2975.320474340089,0.9886480972863755,10896,1781,158574.41283283485,0.0019870762992732693,0.21273778791364875,100.19870762992733,9978.318001036221,59.362736808104785,0
dodo-k50000000000000000,696,10000,144.17466697593903,-144.1628939931167,144.1628939931167,0.011772982822321865,255909.80801242014,2783.963323469798,0.9892383828605789,9579,1683,163705.91876861325,0.0011462709804189331,0.11294314711166223,100.1146270980419,9988.809469497319,112.57374544884273,0
dodo-k50000000000000000,697,10000,60.43139747203201,-60.369695384524626,60.369695384524626,0.06170208750738482,138437.29794357612,2658.0023687029484,0.9811616519981875,7870,956,78172.86045633575,-0.0011993787964742354,0.1479034623767022,99.88006212035258,10018.659854600426,140.3254392306608,0
dodo-k50000000000000000,698,10000,183.98573346317156,-184.08724038822913,184.08724038822913,-0.10150692505757775,207544.3028312367,519.8897149319914,0.9975013013600761,7641,1351,134452.55447896547,0.0030183530210122454,0.3124385995325932,100.30183530210122,9972.607551461968,104.90806521623315,0
dodo-k50000000000000000,699,10000,121.08681483164976,-121.1655594455778,121.1655594455778,-0.07874461392803767,204151.97692074013,2718.3117819128975,0.9868598250673876,7141,1310,135534.64090957952,-0.0002046784163439952,0.10665059118371005,99.9795321583656,10018.504854050694,84.27511345553144,0
dodo-k50000000000000000,700,10000,49.99595973218622,-49.98453206972044,49.98453206972044,0.01142766246578475,130463.6930070383,2161.4554279642553,0.9837025220822012,7724,957,74270.42158404448,-0.00024737918308019856,0.1169613457433374,99.97526208169198,10012.291641520032,76.88228090323615,0
dodo-k50000000000000000,701,10000,55.493740468544814,-55.47931834651363,55.47931834651363,0.01442212203118487,126914.815737405,1777.7497863672554,0.986186072372309,6994,885,73156.90870545797,0.00491811627997663,0.09064247472601011,100.49181162799766,9969.826404527883,52.70554282196386,0
dodo-k50000000000000000,702,10000,55.262527845885856,-55.22590347519048,55.22590347519048,0.03662437069537816,117976.92790583373,1572.9947598761996,0.9868423607075459,5948,810,71556.75848336871,-0.003702911307735519,0.08309755747118473,99.62970886922645,10029.251973081326,79.17456840546116,0
dodo-k50000000000000000,703,10000,18.961202623020903,-18.996063030528646,18.996063030528646,-0.03486040750774322,71789.02618174988,2011.9921578728622,0.9727376098170633,5330,505,36300.04896763669,0.0014124584000899177,0.07134974998187146,100.14124584000899,10023.452682959936,136.3622804204815,0
dodo-k50000000000000000,704,10000,162.3561954104907,-162.28070989658983,162.28070989658983,0.07548551390087255,267147.9878062215,3151.9170275329034,0.9883391855817654,10700,1798,167862.9070215754,0.0009278226191270278,0.24978541447186728,100.0927822619127,9986.460264864241,81.81499073906875,0
dodo-k50000000000000000,705,10000,17.13519262793004,-17.142944147250752,17.142944147250752,-0.007751519320713385,64209.22696144858,929.835010247437,0.9857253853202328,4721,476,34063.81068854128,0.000304609457390228,0.05699935603448154,100.03046094573902,10006.43515596156,101.45358702177614,0
dodo-k50000000000000000,706,10000,55.493811367406614,-55.475945263923485,55.475945263923485,0.017866103483129336,116661.62040431211,2285.6312375260895,0.9807844972794466,4169,835,78678.97722660021,0.004450390858322635,0.06641991139504753,100.44503908583226,9949.704212178292,88.297718567935,0
dodo-k50000000000000000,707,10000,80.90612386212615,-80.90588727419428,80.90588727419428,0.0002365879318659836,150343.89313813558,1320.1912547351742,0.991295294070313,6562,1030,93077.53428095236,-0.0010337154079577715,0.14755456217117968,99.89662845920422,9990.736316759318,78.18641879933519,0
dodo-k50000000000000000,708,10000,64.02980836150171,-63.798932821780205,63.798932821780205,0.23087553972150232,99920.88733667348,3589.383685702388,0.9653234055881618,6166,700,57087.6826019173,0.005456046685085738,0.1680299562290398,100.54560466850857,9909.079405944034,127.36521796475098,0
dodo-k50000000000000000,709,10000,43.32600677107241,-43.263469129840544,43.263469129840544,0.062537641231863,124857.17242047774,2248.9946339333846,0.9823061721861958,6860,819,70061.06904792083,-0.004214527342933252,0.08178054326509937,99.57854726570667,10040.880680726257,229.0286881279344,0
dodo-k50000000000000000,710,10000,30.231387515480996,-30.226381894992173,30.226381894992173,0.005005620488823581,87542.85227202803,1968.3544647986555,0.9780099661645066,4666,590,50520.2712263395,-0.0014335825466854147,0.05909019619399771,99.85664174533146,10026.312769764918,123.37871282870498,0
dodo-k50000000000000000,711,10000,38.21230961684459,-38.1918032483324,38.1918032483324,0.02050636851219423,92242.34874418942,2657.6435527809435,0.9719953238303289,4784,639,56063.19500457644,-0.00007010086219651157,0.08997540341222361,99.99298991378035,10031.9356554757,135.7026919679984,0
dodo-k50000000000000000,712,10000,92.21609157410155,-92.20872852339426,92.20872852339426,0.0073630507072977025,139849.6531626201,381.5442605105204,0.9972791770481766,5413,1003,93301.50867527767,0.004258946390278879,0.1741380617097319,100.42589463902789,9965.864907345003,85.02737598750716,0
dodo-k50000000000000000,713,10000,50.35463377115147,-50.32359488909925,50.32359488909925,0.03103888205222205,136398.72375200153,1622.9760463349721,0.9882411530309632,8624,888,74536.09720276702,-0.002286623390049698,0.08726511632674715,99.77133766099503,10017.451866122952,78.07764903590488,0
dodo-k50000000000000000,714,10000,104.6221895089344,-104.64377715836875,104.64377715836875,-0.021587649434351874,187353.4406493045,4735.6534432241815,0.9753465782865163,7285,1246,120981.4140825594,-0.0031616468252966003,0.10458679062547929,99.68383531747034,10054.998081218106,111.89803474042124,0
dodo-k50000000000000000,715,10000,69.17898355028845,-69.27093429184197,69.27093429184197,-0.0919507415535179,86694.55132312942,2765.813557098511,0.9690833637801336,6654,573,45160.90250416607,-0.0045364783020527,0.25166518130595633,99.54635216979473,10055.817668450522,95.94146580123405,0
dodo-k50000000000000000,716,10000,36.84931602237791,-36.85248312494192,36.85248312494192,-0.003167102564006541,108652.37802871439,997.5698968376089,0.9909022310022899,6211,753,61326.62679664554,0.001120089307267449,0.06896389736821178,100.11200893072674,9985.927926917144,110.00443498299455,0
dodo-k50000000000000000,717,10000,31.875388126265626,-31.87451753573366,31.87451753573366,0.0008705905319672524,88491.77125596556,812.6463893590408,0.9909002666297373,5317,626,50821.94146192935,0.000381372916817071,0.05333374591885146,100.0381372916817,9995.237740573511,98.72515025958354,0
dodo-k50000000000000000,718,10000,101.46676905891168,-101.31519171378953,101.31519171378953,0.15157734512214915,207523.0458189663,3849.7332094821422,0.9817869962860071,7818,1300,129097.48531551847,0.012119473095327606,0.13416415174189253,101.21194730953276,9820.69853980255,151.07665137673703,0
dodo-k50000000000000000,719,10000,41.15076364216231,-41.14461396502353,41.14461396502353,0.0061496771387794524,99208.98660023804,1683.631350484909,0.9833126408583509,4469,713,62155.05827393069,-0.002866056099677934,0.05481039537245977,99.7133943900322,10029.78382970564,107.2573289111001,0
dodo-k50000000000000000,720,10000,77.06558456530118,-77.06138421880193,77.06138421880193,0.004200346499246166,189605.14109281538,2473.135619602324,0.9871243346101801,8969,1284,113042.43564554099,-0.0019010857762651768,0.06741079624979235,99.80989142237348,10021.349426532026,96.13148050933626,0
dodo-k50000000000000000,721,10000,51.14391841215258,-51.13882284604559,51.13882284604559,0.005095566106987803,153063.77199313688,1668.0300185184628,0.9892198630350545,8788,1073,85165.11292490474,0.0007329942946536505,0.06286666821411586,100.07329942946537,9993.437405973764,82.15250460101505,0
dodo-k50000000000000000,722,10000,62.75987218642021,-62.772677245145815,62.772677245145815,-0.012805058725604113,173437.73898491357,2108.5675360261503,0.9879885394468574,9497,1146,96447.91919676328,-0.005255539374565359,0.07674821748294831,99.47444606254346,10026.151656299839,62.40020232591469,0
dodo-k50000000000000000,723,10000,55.66088908191794,-55.681469239017986,55.681469239017986,-0.020580157100049234,181205.41604768176,4388.410518636352,0.9763547602857995,10911,1178,97154.18104774943,-0.004784472084378848,0.08003896694840008,99.52155279156212,10028.634190554269,128.91160817583662,0
dodo-k50000000000000000,724,10000,31.972176797354688,-31.971215960241437,31.971215960241437,0.0009608371132507898,110846.79966309536,482.4769800049615,0.9956662165195622,7299,759,59275.3271815222,-0.00012170440744753819,0.0438258309248107,99.98782955925525,10000.131180438253,107.33569419556993,0
dodo-k50000000000000000,725,10000,196.4051692997789,-196.52219917635915,196.52219917635915,-0.11702987658026132,291134.826678729,3285.0652462173152,0.9888422442358116,10892,2038,186317.10608143304,0.00044732352370786544,0.3134036483277623,100.04473235237079,9992.309818931799,45.70873996978709,0
dodo-k50000000000000000,726,10000,197.112486315916,-196.7942013842562,196.7942013842562,0.31828493165977534,232362.50003600732,2913.460524840885,0.9876168371902687,8450,1711,153899.3117068385,-0.024641030537636936,0.267627533259638,97.5358969462363,10126.00527369263,54.16903366905275,0
dodo-k50000000000000000,727,10000,71.32429394985706,-71.31872175887432,71.31872175887432,0.005572190982746861,189918.2248485644,1320.0589415264642,0.9930973081573176,10637,1257,105128.03269049489,-0.0020798072157802495,0.07305207747220592,99.79201927842198,10018.349535758607,92.85888436652552,0
dodo-k50000000000000000,728,10000,81.70280112327781,-81.72266567730387,81.72266567730387,-0.019864554026057135,216233.89798639016,2395.346342154689,0.9890437971849956,11793,1413,120041.33937920118,-0.005532525295000426,0.08899701152849118,99.44674747049996,10059.727434246599,99.66198221640279,0
dodo-k50000000000000000,729,10000,41.7090923812538,-41.670944297180235,41.670944297180235,0.03814808407356196,167269.6697416022,5249.12652540527,0.9695735963907307,10501,964,82098.50209824114,-0.001356637715682325,0.039348440242671215,99.86433622843177,9998.96257408415,208.9385814085783,0
dodo-k50000000000000000,730,10000,119.37864701195377,-119.32800181984192,119.32800181984192,0.05064519211185825,191995.88888038934,3262.2709286751506,0.9832925244616398,9917,1544,119039.55763884394,0.0004255828450600063,0.20315269056638513,100.042558284506,9980.35025243196,59.683498641207,0
dodo-k50000000000000000,731,10000,168.00143659554192,-167.955997464547,167.955997464547,0.04543913099490737,279376.98276019417,3521.2613884321618,0.9875529047589909,10094,1812,182883.54861007683,0.00014717187577289792,0.12411990585553695,100.01471718757729,9988.725941507944,124.39984901616288,0
dodo-k50000000000000000,732,10000,28.926723577566513,-28.915740753749937,28.915740753749937,0.010982823816576115,105263.31084523353,3130.0658669262557,0.9711230892341496,7852,665,51542.665625022404,-0.003883366707905509,0.05097198026915322,99.61166332920945,10041.7114255881,79.2662698882511,0
dodo-k50000000000000000,733,10000,22.87280325798495,-22.86773499702371,22.86773499702371,0.005068260961238025,72073.9565384823,2303.8408579824727,0.9690251534916793,5191,492,37975.59868909476,0.0001116104845738164,0.07903069926532752,100.01116104845738,10000.944892948008,100.2393723827712,0
dodo-k50000000000000000,734,10000,90.64806234527308,-90.71915192710854,90.71915192710854,-0.07108958183546576,143488.17171035986,1879.8780769714463,0.987068148195414,5045,932,95432.03827383094,0.001118404892027911,0.17143130886363805,100.11184048920279,10009.012814324793,128.31237941132758,0
dodo-k50000000000000000,735,10000,59.29039518893488,-59.269383737792104,59.269383737792104,0.02101145114277614,154784.60303321586,1514.3049262629672,0.9903114810843364,7635,996,89904.97335223711,0.001056506916374218,0.06812835760340291,100.10565069163742,10026.883244704562,118.99688162807234,0
dodo-k50000000000000000,736,10000,116.3221169563991,-116.0769091226318,116.0769091226318,0.24520783376729582,175838.66560352093,2463.9478115491283,0.9861810897532203,6884,1195,111644.14014985885,-0.00466416395807272,0.2031285937703052,99.53358360419273,10042.77458918361,98.53037177512664,0
dodo-k50000000000000000,737,10000,45.9799128852935,-45.947412614600466,45.947412614600466,0.03250027069303485,143050.22296781305,2933.105250206463,0.9799079436945978,10818,871,71332.14738720737,-0.000923695179774171,0.07432945263229981,99.90763048202258,10006.534364502217,126.62826571614187,0
dodo-k50000000000000000,738,10000,53.93311171963015,-53.91863530145815,53.91863530145815,0.014476418171994965,140306.15796279907,2717.6354404673293,0.980998717934961,8982,939,78041.31238074583,-0.0020692892070958637,0.08245081610650885,99.79307107929041,10012.426751439602,91.82415555038274,0
dodo-k50000000000000000,739,10000,51.362994315455474,-51.36055773403373,51.36055773403373,0.0024365814217404136,152832.93157927587,4411.361297386595,0.9719458098180599,9694,974,80399.35764646524,0.0017297372842084257,0.060677884629773755,100.17297372842084,9974.960510673804,121.64777944769699,0
dodo-k50000000000000000,740,10000,25.71198899989549,-25.751537788068966,25.751537788068966,-0.03954878817347662,96366.54000897438,2950.80660880122,0.9702891115269376,7324,625,47168.097890226854,0.00814995139530282,0.0793222844741733,100.81499513953028,9970.235712131494,84.62575815646454,0
dodo-k50000000000000000,741,10000,34.72094863314067,-34.70551185598087,34.70551185598087,0.015436777159798964,107681.82315571635,1914.4268046052293,0.9825320044682337,7707,685,54431.473501947636,0.0005117743755117488,0.07906045632066266,100.05117743755117,9989.19567273655,95.66194468520477,0
dodo-k50000000000000000,742,10000,42.617596486411735,-42.634693458124026,42.634693458124026,-0.01709697171229152,113441.33727770952,1351.202017646927,0.9882291826111597,5713,814,68686.27480298518,-0.00014716682964831306,0.05854717820593478,99.98528331703517,10004.89177099112,132.35171059481505,0
dodo-k50000000000000000,743,10000,68.17539017795667,-68.20162524132428,68.20162524132428,-0.026235063367607836,131881.19703098683,1018.7316890161932,0.9923345956703823,5812,955,83115.71649216088,0.00012926662482755092,0.10874171966568426,100.01292666248276,10003.202294243556,84.1320090263956,0
dodo-k50000000000000000,744,10000,37.03733304852263,-37.06757543349307,37.06757543349307,-0.03024238497043541,122007.48332436162,3605.9790743918124,0.9712930524680163,8922,854,62593.25225875765,0.0005845435517592534,0.0726653907210904,100.05845435517593,9992.680610424555,51.98239017487564,0
dodo-k50000000000000000,745,10000,99.05578649621125,-98.98890844871724,98.98890844871724,0.06687804749401494,131853.1945728167,1877.5625043823509,0.985960129551211,4840,948,89168.55247309575,0.0011345867944471877,0.16164645234594516,100.11345867944472,9992.669747254993,106.59549972683105,0
dodo-k50000000000000000,746,10000,64.10058446925208,-64.10296725047263,64.10296725047263,-0.0023827812205468035,163945.40365728812,171.40975148657054,0.9989555625171711,8924,1146,95834.65596200997,0.0012959273001193594,0.07732229319018145,100.12959273001194,9987.964645990965,101.02848243158687,0
dodo-k50000000000000000,747,10000,37.52503645327592,-37.50187359325524,37.50187359325524,0.02316286002068324,88286.96522599489,2726.700281423715,0.97004075963514,5318,676,51848.83669598595,0.004615538707591043,0.08759678736526638,100.4615538707591,9974.36346145411,59.147130478079994,0
dodo-k50000000000000000,748,10000,129.80277856121882,-129.935127416775,129.935127416775,-0.13234885555618803,272122.33301070734,4517.919349628078,0.9836686118123428,11702,1866,164786.61298899478,0.002846568666145117,0.10751984845913697,100.28465686661451,9992.818548659601,65.84911581145109,0
dodo-k50000000000000000,749,10000,73.37849549112799,-73.29156171315324,73.29156171315324,0.08693377797474966,200445.98892320044,4780.811785171529,0.9767047394946965,10660,1293,109304.30460717139,-0.0018525859258997457,0.10001106057148562,99.81474140741003,10011.966849055667,75.92248779143098,0
dodo-k50000000000000000,750,10000,48.07072581818325,-48.047410464948506,48.047410464948506,0.023315353234742986,116339.78480161742,3289.897579367846,0.9724993202866619,7792,903,63369.60224104712,-0.0013804575110765427,0.15959593448964726,99.86195424889235,9983.016379912457,30.054351490408308,0
dodo-k50000000000000000,751,10000,145.3621684965179,-145.3452285590227,145.3452285590227,0.01693993749520928,265548.552754751,3996.7063424417365,0.9851724109122595,10481,1712,165504.2564184863,-0.002472075671352059,0.1314504051980623,99.7527924328648,10017.074443178068,101.2866927732182,0
dodo-k50000000000000000,752,10000,51.34638935720432,-51.325843605094754,51.325843605094754,0.02054575210956955,97798.1116896985,2125.443362713631,0.9787293060019854,4049,691,63587.84894278761,-0.0013621253401994693,0.11877549812918317,99.86378746598005,10014.271373894391,77.42692162612333,0
dodo-k50000000000000000,753,10000,58.693349975421214,-58.648775433513975,58.648775433513975,0.044574541907238086,160671.84591431994,3496.9776945860663,0.9786988928974919,10159,1051,85349.90261884099,0.0012809583991938212,0.09328093341817877,100.12809583991938,9979.953219287854,116.90083946461168,0
dodo-k50000000000000000,754,10000,193.66519432825757,-193.6839138171307,193.6839138171307,-0.01871948887313124,237475.3816430936,648.0277736788918,0.9972786053447409,8777,1566,157448.6499276277,-0.0014891842449060277,0.2987061291624602,99.8510815755094,10015.837995835764,100.34288258639835,0
dodo-k50000000000000000,755,10000,46.91080410580961,-46.79327475192673,46.79327475192673,0.11752935388287966,121879.41625788673,3312.979977522464,0.9735368913995958,9741,803,60082.09119265332,-0.004724408268998559,0.16145280502974274,99.52755917310014,10004.857035847988,75.26623008941496,0
dodo-k50000000000000000,756,10000,76.30665016650154,-76.15098534077204,76.15098534077204,0.15566482572950235,158521.444994976,3221.4045755334573,0.9800831716265198,9393,1158,90526.35770231986,0.011438643541314804,0.19993504983620156,101.14386435413148,9939.008743418219,29.392458375787093,0
dodo-k50000000000000000,757,10000,205.6967195060654,-206.24197598480205,206.24197598480205,-0.5452564787366612,304718.2895324961,5779.172131587869,0.9813873772087705,11640,1933,188980.29498226228,0.0013406055883571355,0.3120361293581712,100.13406055883571,9977.642378178405,158.94831824420146,0
dodo-k50000000000000000,758,10000,51.96530449857635,-51.9631293354879,51.9631293354879,0.0021751630884523365,136636.44386444447,1228.048252805759,0.9910923528317841,7524,940,78868.36030597583,-0.0030161164846579424,0.07321859149552253,99.6983883515342,10028.693562160834,106.84769461779557,0
dodo-k50000000000000000,759,10000,24.699535095980963,-24.680412100971125,24.680412100971125,0.019122995009837496,85158.89970785042,2487.55330056398,0.9716183232158275,6871,634,43195.69317951274,-0.00275847311489116,0.07332112046002365,99.72415268851088,10035.488629208885,71.69126603690364,0
dodo-k50000000000000000,760,10000,28.050743794261994,-28.049228897276144,28.049228897276144,0.00151489698584939,83409.6737463258,576.010547945322,0.9931415627224387,4525,616,49095.619466290496,0.00009263566084158014,0.06669846024780882,100.00926356608416,10001.150369480998,103.10818805891064,0
dodo-k50000000000000000,761,10000,71.27435753930283,-71.26777055569278,71.26777055569278,0.0065869836100489465,212680.5136952704,2720.7778993541424,0.9873687948702066,11510,1407,118939.25324665179,-0.0008349546914926975,0.06893259201642536,99.91650453085073,9999.79359438522,109.84123302701997,0
dodo-k50000000000000000,762,10000,70.97799494372171,-71.07733103770782,71.07733103770782,-0.09933609398611054,133242.08768033222,2042.9590309988769,0.9848988555597123,5472,949,86115.99035131298,0.0004710842263187942,0.17325388900257763,100.04710842263188,9999.0351856284,95.76820015918756,0
dodo-k50000000000000000,763,10000,72.57036552258782,-72.57257476143727,72.57257476143727,-0.0022092388494456827,185084.46345394413,4950.843041520389,0.9739477724806966,9682,1246,107475.51185140664,-0.00002558290091855042,0.0966261246235625,99.99744170990814,9998.855781766142,83.24321816981625,0
dodo-k50000000000000000,764,10000,83.12533667221163,-83.15597969436163,83.15597969436163,-0.030643022150002253,173477.18327687558,2886.1869743501784,0.9836349976174822,8272,1150,103411.39661422795,0.0020540608056764144,0.1535069291042828,100.20540608056764,9977.563427549592,112.10210031335453,0
dodo-k50000000000000000,765,10000,88.84879187506301,-88.91826338331694,88.91826338331694,-0.06947150825392612,148184.79969453654,1701.1999392658502,0.9886500410750693,8289,1023,86508.53921057543,0.007878891601911988,0.22717293906580166,100.7878891601912,9967.847991551862,59.15366382988853,0
dodo-k50000000000000000,766,10000,81.75682197895945,-81.7817656213705,81.7817656213705,-0.02494364241104563,198727.7734616468,2720.0295011836556,0.9864975965923761,10041,1253,115103.6936026845,-0.002134373577164439,0.09166886476977254,99.78656264228356,10027.323878619056,129.17125411408526,0
dodo-k50000000000000000,767,10000,122.52914391286765,-122.48551956183381,122.48551956183381,0.043624351033841435,273566.3356327452,4037.1379779420868,0.9854571777311267,11278,1612,162864.3759723705,-0.0013011352019123023,0.1028270845969935,99.86988647980877,10010.526929423173,141.39502169550477,0
dodo-k50000000000000000,768,10000,74.11682783840578,-74.06898628229717,74.06898628229717,0.047841556108608074,155445.0768827671,1817.8985454472624,0.9884403907499697,6994,1039,95058.1237646501,-0.0026386646007891556,0.1131570978335887,99.73613353992108,10026.184854619414,111.92007962805289,0
dodo-k50000000000000000,769,10000,54.478706295852774,-54.57524623491195,54.57524623491195,-0.09653993905917702,111939.90105369873,1841.1840603492622,0.9838181885987134,6812,862,65103.5278134606,-0.0011635771997805478,0.12815713447986724,99.88364228002195,10039.267474453289,37.26992806776026,0
dodo-k50000000000000000,770,10000,60.37497956010147,-60.343978971863656,60.343978971863656,0.031000588237816373,159643.8396090818,3658.4284469551762,0.9775971975741342,10573,1165,87601.52221123617,0.004721889724439592,0.1457217271649894,100.47218897244396,9959.999667698301,57.98356107023355,0
dodo-k50000000000000000,771,10000,82.34294083482675,-82.29855754080705,82.29855754080705,0.04438329401969554,153365.30320165856,2730.1639615967524,0.9825096525145002,6018,987,96721.91355344218,-0.002443871903193866,0.08421830169107451,99.75561280968061,10021.7296027203,117.1002968466999,0
dodo-k50000000000000000,772,10000,58.68644848202581,-58.65047211434138,58.65047211434138,0.03597636768442669,118287.43299835802,1204.774906881757,0.9899175441813146,4779,808,75141.63738534208,-0.004183722175946513,0.11252902739488661,99.58162778240535,10036.920280660246,106.47163313139586,0
dodo-k50000000000000000,773,10000,24.748048502042366,-24.76055002988967,24.76055002988967,-0.012501527847305738,64800.12899521955,1360.0906922941278,0.9794424701320814,4106,510,36509.36035989057,0.00014735805974865456,0.0796896128400104,100.01473580597487,9989.033524663633,60.991476141526256,0
dodo-k50000000000000000,774,10000,97.0421574410512,-97.05233489937221,97.05233489937221,-0.010177458321010135,208543.1080967768,3696.4112748643834,0.9825837747568972,9005,1395,126788.07641002735,-0.0022062754752774083,0.06716175427540022,99.77937245247226,10035.544565515716,105.14823605591745,0
dodo-k50000000000000000,775,10000,97.21268171409884,-97.17681001673787,97.17681001673787,0.0358716973609603,216372.0263349108,2785.366359656645,0.9872905662665072,9349,1400,131941.85539248507,0.005982449211417417,0.05883839780813844,100.59824492114174,9942.044920067072,103.46699775840948,0
dodo-k50000000000000000,776,10000,112.54414171046854,-112.72236489640655,112.72236489640655,-0.178223185938009,211605.81456072195,2950.7862379458466,0.9862470498369111,10846,1385,120821.93008108615,0.002291386486073321,0.20345880158695906,100.22913864860733,10009.152069521653,79.8028225848472,0
dodo-k50000000000000000,777,10000,49.0449885143682,-49.018117161240646,49.018117161240646,0.026871353127553732,146771.6712062924,3367.8991570248822,0.9775682110394013,10611,931,74466.6284358388,0.0005830211816653729,0.0865872169273517,100.05830211816654,9990.01043453779,121.75783026085003,0
dodo-k50000000000000000,778,10000,38.45303168755672,-38.45960080258912,38.45960080258912,-0.006569115032405648,104484.78854828938,3563.943849982998,0.9670154034121738,6203,759,59081.95376199547,0.0033283793416664766,0.08630715318150863,100.33283793416665,9979.209347039461,70.4965545879545,0
dodo-k50000000000000000,779,10000,71.3077373690707,-71.28800653306658,71.28800653306658,0.01973083600411485,123648.58774815236,1285.7818093818332,0.9897083419563765,5390,851,78679.62400440824,0.0016439746182103931,0.1072954227869576,100.16439746182104,9972.57207984312,119.5149394147438,0
dodo-k50000000000000000,780,10000,31.331813673721925,-31.30689238590983,31.30689238590983,0.024921287812095017,80406.21974806531,1565.7472698985878,0.9808989911202757,4741,642,47016.022562699414,0.0005880237139514577,0.09401909933040642,100.05880237139515,9981.83097008386,43.201264710126864,0
dodo-k50000000000000000,781,10000,116.87820286064893,-116.87228830009973,116.87228830009973,0.005914560549200587,236991.14486471092,2852.809282933196,0.9881055609966427,9838,1580,147436.4785287507,-0.0035216526822321723,0.07752766158268556,99.64783473177678,10028.852232258108,88.30946982733876,0
dodo-k50000000000000000,782,10000,68.16366754996633,-68.21475055604142,68.21475055604142,-0.05108300607508909,161357.17855473232,4005.0319007447133,0.9757802469517481,11236,1244,86697.97951846174,0.01062986956743245,0.11223182528228776,101.06298695674325,9980.257668815864,30.849314336764525,0
dodo-k50000000000000000,783,10000,54.185642649629095,-54.15710672358592,54.15710672358592,0.02853592604317612,179994.78287487646,4361.84661588026,0.9763401694426239,9286,1030,95392.07505482525,-0.0002567266230602172,0.048524839502495636,99.97432733769398,9979.96036179231,187.45760283221549,0
dodo-k50000000000000000,784,10000,103.31868172656769,-103.34524823468755,103.34524823468755,-0.02656650811985628,203210.0179817267,3048.749071219356,0.9852188146240749,8486,1362,126122.21198826589,-0.00081622198367441,0.1321417553523216,99.91837780163256,10010.428051787007,90.7681798913549,0
dodo-k50000000000000000,785,10000,86.52941026573603,-86.60730240214731,86.60730240214731,-0.07789213641127901,204660.9289506751,4261.265744141226,0.9796035756260082,11244,1237,113922.4846075256,-0.004064148538723628,0.1688172503987704,99.59358514612764,10045.172704814398,107.79334861455105,0
dodo-k50000000000000000,786,10000,68.24939160836581,-68.27009213933992,68.27009213933992,-0.02070053097411062,195981.5779355211,2687.18147375397,0.9864740612376899,11599,1329,106274.85641982344,0.0012579987076648536,0.07013700176043174,100.12579987076649,9991.017586416192,69.39788457473159,0
dodo-k50000000000000000,787,10000,44.786071095026735,-44.77036095709989,44.77036095709989,0.01571013792684539,86871.25641817081,1701.0461215384069,0.9807948300680589,4483,594,51928.59479314197,0.002526947594950428,0.10604490684771221,100.25269475949504,9970.10050975608,102.25641890206818,0
dodo-k50000000000000000,788,10000,49.552304577540625,-49.55598074383812,49.55598074383812,-0.0036761662974953424,149905.49113205972,1889.2273475808352,0.987554064024736,9949,1045,80122.4470907762,0.0012560753730279828,0.05924410274403087,100.1256075373028,10003.603196360405,76.4701005624904,0
dodo-k50000000000000000,789,10000,81.97551571029456,-81.97972142490734,81.97972142490734,-0.004205714612780298,162409.59075941145,2775.9758974691918,0.9831948035554743,8889,1202,94781.74308283161,-0.0011346931506635372,0.22322145920638603,99.88653068493365,9976.728688457466,45.19913850165597,0
dodo-k50000000000000000,790,10000,131.24975814377365,-131.05407512560006,131.05407512560006,0.19568301817358247,244160.01750274948,4009.585351299289,0.9838433663704681,10844,1487,144179.4097288816,0.00633004568195517,0.17372527954835448,100.63300456819552,9917.347532384452,107.42707785417099,0
dodo-k50000000000000000,791,10000,116.67592440025064,-116.52105574173459,116.52105574173459,0.15486865851605103,124781.67099251301,1854.9436535803254,0.9853522327743499,4441,862,82765.15185714317,0.004847471058527617,0.342457078359584,100.48474710585276,9955.1831519218,79.51436980792685,0
dodo-k50000000000000000,792,10000,41.022816697483705,-41.025714730138446,41.025714730138446,-0.0028980326547412005,131650.11930467346,1895.6977360839526,0.9858048887034372,8218,892,71197.46318488618,-0.0003104188163236188,0.06770105966717764,99.96895811836764,10004.757984250546,107.75392412089055,0
dodo-k50000000000000000,793,10000,116.63935485472267,-116.56334540159192,116.56334540159192,0.07600945313075158,210688.73462802175,3803.4170340662477,0.9822678032525023,9030,1419,131430.94756104323,0.0008691500374267492,0.1793083907909815,100.08691500374267,10002.526266779698,90.0232238598749,0
dodo-k50000000000000000,794,10000,88.67320980346936,-88.63168661255821,88.63168661255821,0.041523190911149754,182454.53078466843,2290.4208189199253,0.9876022548976898,8797,1304,110141.99151460758,0.0034969480102161297,0.1253500602026658,100.34969480102161,9966.246581946703,75.5775003864907,0
dodo-k50000000000000000,795,10000,38.863287253912205,-38.88729514612039,38.88729514612039,-0.024007892208182113,106298.1269993443,2273.064840674024,0.9790638308178156,5246,694,61986.70631436767,0.004062828550808319,0.05115218222937301,100.40628285508083,9965.560525137951,101.23265814628994,0
dodo-k50000000000000000,796,10000,69.10892234751,-69.13281945555431,69.13281945555431,-0.023897108044309334,182275.3199212564,2298.5030401602276,0.9875469717033455,11484,1321,100396.24123372964,-0.0064778626801187044,0.10262334352150987,99.35221373198813,10042.554993581112,44.766029147773274,0
dodo-k50000000000000000,797,10000,23.09682581912211,-23.065878200628028,23.065878200628028,0.030947618494082008,63956.47106549026,1648.697266392977,0.9748693996477145,4827,476,33883.397741533314,0.006604274968527335,0.10646847497099969,100.66042749685273,9965.506254562284,48.03513720874063,0
dodo-k50000000000000000,798,10000,76.08419363321691,-76.07419420281508,76.07419420281508,0.00999943040183382,176433.21740651983,541.8999370762937,0.9969379879770093,9203,1131,100225.67251723893,-0.0005596527838874011,0.08464363323735143,99.94403472161126,10002.49529569519,94.88059338914263,0
dodo-k50000000000000000,799,10000,44.16090263655854,-44.144481073465066,44.144481073465066,0.016421563093473424,148488.10329787782,2875.8855528751137,0.9810001997521961,9766,982,78932.83440671623,-0.0036497014046099705,0.1002265837017741,99.635029859539,10050.082473123597,129.93298697183545,0
dodo-k50000000000000000,800,10000,30.297898285933666,-30.306320850118276,30.306320850118276,-0.008422564184609627,78566.14045543755,967.8596806766006,0.9878308688231422,5016,549,43228.87002001259,-0.0036794350679400624,0.06525589279007576,99.632056493206,10028.311331088024,77.59413458054722,0
dodo-k50000000000000000,801,10000,133.23404205398288,-133.22743776334104,133.22743776334104,0.006604290641831767,242706.39674354394,722.6462376065821,0.9970313885773172,9933,1578,151599.4747417668,-0.00023588643990152036,0.13794087982228917,99.97641135600985,10000.938458103123,104.84914144142202,0
dodo-k50000000000000000,802,10000,101.16631825426202,-101.19647607443099,101.19647607443099,-0.03015782016896651,187228.58229160513,3234.750741165111,0.9830164121899067,8891,1230,113785.45561501107,0.0027662935202523897,0.1365769658689544,100.27662935202524,9987.925051116816,87.95038740837605,0
dodo-k50000000000000000,803,10000,77.46994222899305,-77.41155793126096,77.41155793126096,0.05838429773208986,210086.01133436323,3102.7705304264255,0.9854459014996657,11433,1350,115550.1875858841,0.003996270454552473,0.08101045996569681,100.39962704545525,9954.742434090711,89.95941612798795,0
dodo-k50000000000000000,804,10000,28.37664898021384,-28.36764434144454,28.36764434144454,0.009004638769301465,91236.61332677913,1298.6788222251366,0.9859655835944847,7343,605,46420.51085811403,-0.0033415015324001728,0.057185458823535956,99.66584984675998,10031.31137058352,97.2363674029311,0
dodo-k50000000000000000,805,10000,34.160829726206764,-34.193027399453534,34.193027399453534,-0.032197673246770364,126516.96379755023,2617.6488554223297,0.9797293010630944,9968,775,61645.13428772833,0.002874431232992549,0.056070567328739856,100.28744312329925,9991.71349711983,119.2981378612403,0
dodo-k50000000000000000,806,10000,34.18401377765248,-34.1598019907799,34.1598019907799,0.024211786872584184,86689.72217126667,2737.7795666117786,0.9693854852991812,6243,611,46682.25826916177,-0.0011571738975410994,0.10726132414588392,99.88428261024589,9990.25128827958,75.48629317156421,0
dodo-k50000000000000000,807,10000,34.78855765732103,-34.78592406925256,34.78592406925256,0.0026335880684698054,105106.38948210051,2076.6132471866654,0.9806255358190368,6698,753,58795.15083029665,0.001310679421504375,0.06918549185203034,100.13106794215044,9991.481847123045,99.07495247045713,0
dodo-k50000000000000000,808,10000,61.05335470338854,-61.05399754271776,61.05399754271776,-0.0006428393292168266,104379.07237641486,269.1338796426822,0.9974282036045209,4458,730,67254.12868594975,0.002316350157930884,0.1266127543013529,100.23163501579309,9976.475261722659,99.8784555894213,0
dodo-k50000000000000000,809,10000,141.21365047894406,-141.21268713044975,141.21268713044975,0.0009633484943094572,212865.11981493447,1478.8411548249626,0.9931006166530923,7413,1406,141411.28194839956,0.006546661457242067,0.15314489628018235,100.6546661457242,9950.03620634085,98.84999152418169,0
dodo-k50000000000000000,810,10000,84.76036765318639,-84.71436891996649,84.71436891996649,0.04599873321990344,177842.50856963455,3755.0329067994635,0.9793222260815312,7388,1208,111087.85319153042,-0.0033810726772729536,0.08123754339394523,99.6618927322727,10041.757289963836,110.90749740308672,0
dodo-k50000000000000000,811,10000,98.05062710191201,-98.1241502385821,98.1241502385821,-0.07352313667009014,248038.571351327,2150.6930668855393,0.9914037356003794,10209,1385,145099.31699979067,-0.006315904581821173,0.0683992262093669,99.36840954181788,10071.538324897867,186.54067034309261,0
dodo-k50000000000000000,812,10000,28.967017130356226,-28.961989265439286,28.961989265439286,0.005027864916939961,76493.05651933122,71.03916892053124,0.9990721608048533,4192,551,45331.449285117946,-0.0032430106668176963,0.06630977243689046,99.67569893331823,10032.825316267707,99.1449253962304,0
dodo-k50000000000000000,813,10000,21.06572042150775,-21.06451146729019,21.06451146729019,0.0012089542175601764,62260.27171088567,1364.5736640220287,0.9785528175985134,3780,418,34496.95776915002,0.0025789810152289762,0.09139602659966826,100.2578981015229,9968.604873188024,176.8947872540809,0
dodo-k50000000000000000,814,10000,19.408560164384,-19.42288298003099,19.42288298003099,-0.014322815646991671,62825.47405192315,1073.374957382202,0.9832019672650772,4494,432,33113.60926387975,0.0005920734636130476,0.048130719741905775,100.0592073463613,10003.21164317609,62.71693477351568,0
dodo-k50000000000000000,815,10000,36.85916997127603,-36.84645775091054,36.84645775091054,0.012712220365493465,85208.65403308146,1444.2352910222637,0.983333097115545,4570,664,51322.6628676442,-0.0019900938757545818,0.07731528149491368,99.80099061242454,10003.837426142534,77.68030596446827,0
dodo-k50000000000000000,816,10000,96.89971217974843,-96.97142872085843,96.97142872085843,-0.0717165411099927,152783.75185475269,1721.7034239554591,0.9888566819802594,6431,1098,99543.41325254415,-0.005365666779392342,0.15147900984860754,99.46343332206077,10042.496870430201,64.61531201975052,0
dodo-k50000000000000000,817,10000,19.292851808863965,-19.293550011503186,19.293550011503186,-0.000698202639220824,94176.61935482838,1853.624454183257,0.9806974929911684,7170,634,46435.110118872195,-0.000072100238621573,0.04318338531283615,99.99278997613784,9997.545291527998,129.80734167473219,0
dodo-k50000000000000000,818,10000,44.392043784421446,-44.39681440111996,44.39681440111996,-0.004770616698515084,147239.21451157212,1833.7028947254585,0.9876992888672883,9669,986,78598.72177556453,-0.0007142161025917914,0.0506636161905098,99.92857838974082,10008.526680199877,98.4871648904089,0
dodo-k50000000000000000,819,10000,94.80735317807728,-94.79715525246881,94.79715525246881,0.010197925608466107,215866.3368280763,2930.1019355766857,0.9866080912827754,9555,1496,130741.1786568772,-0.0004195510880315112,0.09912415726019005,99.95804489119685,9999.784593283433,78.1946351444569,0
dodo-k50000000000000000,820,10000,70.68912468953283,-70.68882812927242,70.68882812927242,0.000296560260409251,176816.7000319964,1305.7083974758066,0.9926696005910295,9704,1189,100553.16994777048,0.0037394176583025285,0.10725636335133032,100.37394176583025,9963.374323990947,100.49189058316097,0
dodo-k50000000000000000,821,10000,144.89241159732316,-144.96983670251143,144.96983670251143,-0.07742510518826862,232786.79136723283,3264.3023463177597,0.9861712043144396,8538,1607,152722.73162266606,-0.012796622690344747,0.1823845859513037,98.72033773096553,10077.490624167216,96.39702422755052,0
dodo-k50000000000000000,822,10000,36.984765575998566,-36.956444247996224,36.956444247996224,0.028321328002341772,90529.7196696076,1220.296537297309,0.9866997676104445,6237,639,49780.00254622616,0.0000004567874501049118,0.09474504673055506,100.00004567874501,9997.044944890857,84.97408078309397,0
dodo-k50000000000000000,823,10000,86.70840686475617,-86.73020971571532,86.73020971571532,-0.02180285095914769,203528.50262637308,1728.9490690408,0.9915766806283534,10964,1309,113758.20308642497,-0.0002907943855227302,0.10958378528668306,99.97092056144773,10018.664443813244,97.60021019536488,0
dodo-k50000000000000000,824,10000,26.598839609835455,-26.59715899476896,26.59715899476896,0.0016806150664940844,73865.42636139634,1441.209052764014,0.9808621239703798,4926,519,40232.62617697785,-0.0007824336105954899,0.07226573874427601,99.92175663894045,10004.282944459805,86.78164772720766,0
dodo-k50000000000000000,825,10000,63.68662354121217,-63.68621572905943,63.68621572905943,0.00040781215274421356,139443.84124847522,609.6844859767808,0.9956467751684254,6672,958,83881.8013364339,-0.0006498877638047418,0.09232601787331816,99.93501122361953,10005.969919331765,102.54219046099887,0
dodo-k50000000000000000,826,10000,99.89394494513239,-99.93246401376916,99.93246401376916,-0.03851906863677357,179398.61953016816,2102.831005744324,0.9884142468308911,7794,1222,113162.86242665719,-0.002754269751257823,0.16311696395745487,99.72457302487422,10032.007638036968,85.45788929678895,0
dodo-k50000000000000000,827,10000,64.63736805407943,-64.62700423776319,64.62700423776319,0.010363816316242946,141111.42031318808,1941.9094455624245,0.9864252761621325,5398,919,89653.21895045968,-0.0017548803013265513,0.07466508813664177,99.82451196986734,10014.700591293144,160.70313852432446,0
dodo-k50000000000000000,828,10000,59.451071222331294,-59.285996337915336,59.285996337915336,0.16507488441595797,139000.4950104474,2906.895219128465,0.9795155473268465,8293,930,75004.56614702857,-0.0033886277146719123,0.14532694186802503,99.66113722853281,10028.278985107447,75.19124874910781,0
dodo-k50000000000000000,829,10000,45.10799987961027,-45.097867769550334,45.097867769550334,0.010132110059934973,132850.90038180086,805.403868547937,0.993974067492998,7078,864,74964.60428286617,0.00008310587539583026,0.04778401117023506,100.00831058753958,9994.615278596231,122.83687938068753,0
dodo-k50000000000000000,830,10000,31.455658074021848,-31.45240625022337,31.45240625022337,0.003251823798478881,129311.76906202117,4110.5915739121865,0.9691911344221479,9233,775,63312.26593105657,0.003989070817874421,0.03974583533659939,100.39890708178744,9958.159504922274,112.94110362518128,0
dodo-k50000000000000000,831,10000,113.26685567821659,-113.21328132644113,113.21328132644113,0.053574351775452556,154733.62263614015,2184.0072102909876,0.9860818238688133,5496,1166,107813.3528957394,0.006674858395550843,0.16033032520542165,100.66748583955508,9993.200423522789,51.688097046321765,0
dodo-k50000000000000000,832,10000,133.8776883726635,-133.89211866128878,133.89211866128878,-0.014430288625277399,281127.30501682695,5151.611717225801,0.9820049210189951,10551,1886,180224.75111285932,-0.0008061658643659087,0.07741795910119109,99.91938341356341,10002.993314695732,91.85844630659516,0
dodo-k50000000000000000,833,10000,123.10107158151628,-122.99602921700074,122.99602921700074,0.1050423645155405,188137.66158124086,4051.933114828086,0.9789170005731275,6744,1241,123716.01167409912,0.0029446011155310715,0.14647924404519672,100.29446011155311,9969.45287087715,104.45568928617625,0
dodo-k50000000000000000,834,10000,111.49351586218394,-111.38219158376657,111.38219158376657,0.11132427841737069,211653.39885797046,2178.801102400287,0.9898106968791226,9969,1497,130131.42208288226,-0.02182570132306978,0.09923935027516634,97.81742986769302,10104.143913954305,46.10246177590722,0
dodo-k50000000000000000,835,10000,92.78796341396865,-92.83998510693924,92.83998510693924,-0.0520216929705839,139526.26111575597,1688.3152861839028,0.9880443270857645,6005,1065,89653.53588292237,0.0017931336692780064,0.24027234952851345,100.1793133669278,10004.217401728045,34.93327604732511,0
dodo-k50000000000000000,836,10000,151.50307877976698,-151.50134429529865,151.50134429529865,0.0017344844683293559,274834.7879250043,2956.518071998091,0.9893570532692265,11175,1749,170984.75640645283,-0.0007335173885256552,0.0989182242844086,99.92664826114743,10005.431888633373,90.85752508151614,0
dodo-k50000000000000000,837,10000,44.02448104762078,-44.007746242820986,44.007746242820986,0.016734804799796166,116405.81364216759,1786.5086063870106,0.9848847321687272,6284,802,67424.72166667855,-0.006847642119823689,0.05206301387062922,99.31523578801763,10065.855194833926,91.23673533614378,0
dodo-k50000000000000000,838,10000,21.761052902417145,-21.747270051727675,21.747270051727675,0.013782850689469939,66832.28129910403,1478.6192227501588,0.978354564038032,4860,507,35194.957589108075,-0.0037573151242128234,0.05879612597726634,99.62426848757872,10009.223079758682,60.250967028008056,0
dodo-k50000000000000000,839,10000,44.084789932566366,-44.09042527494205,44.09042527494205,-0.005635342375683194,82329.52844315745,1564.9822278367053,0.9813458328164755,4138,584,50511.9346884043,-0.0007643534622772564,0.11263920986107621,99.92356465377227,10006.19822430927,108.29122919939262,0
dodo-k50000000000000000,840,10000,22.23498237237931,-22.220588943572366,22.220588943572366,0.014393428806943831,84737.5542823803,1345.7088338190972,0.9843673580077629,6708,603,41960.124641767325,-0.0013302540775470106,0.0748738130403666,99.8669745922453,9992.573208328222,71.96154163648174,0
dodo-k50000000000000000,841,10000,64.03530383333263,-64.0649488333568,64.0649488333568,-0.029645000024160595,144219.8088691087,3048.472025816129,0.9792998736232197,5712,1039,92946.06357335244,0.0018278297418973465,0.08265583848528323,100.18278297418973,10006.237339415462,100.83021057413497,0
dodo-k50000000000000000,842,10000,195.2748081099222,-195.079977629816,195.079977629816,0.19483048010619086,295265.99358792894,5819.984980621315,0.9806700231997145,11520,1767,181943.63684775104,0.0028734774940339493,0.18094615625298374,100.2873477494034,9976.553513768611,104.82636872516866,0
dodo-k50000000000000000,843,10000,48.47269835110267,-48.504143450865286,48.504143450865286,-0.03144509976261389,107879.81028534177,2690.733894582961,0.9756650026954332,5655,747,64070.508526740596,0.000004066607474442208,0.11858603311526991,100.00040666074744,10002.892024865543,90.99599602018608,0
dodo-k50000000000000000,844,10000,101.54763472845856,-101.54323950899116,101.54323950899116,0.004395219467397737,219319.94076155633,3346.9876036427204,0.9849686362127685,9126,1429,134292.46430536718,0.0013413221044653767,0.07562942922567231,100.13413221044654,9989.730658770062,130.21283471593298,0
dodo-k50000000000000000,845,10000,107.83395622376038,-107.79411834434163,107.79411834434163,0.03983787941875505,226730.83689026887,2628.298069141802,0.9885406872082643,9584,1477,140753.0785835004,0.00012775920058899715,0.08961368090055132,100.0127759200589,10002.339040146242,86.84440521727163,0
dodo-k50000000000000000,846,10000,218.871797945684,-218.6543875577509,218.6543875577509,0.21741038793308576,300167.9944848806,3485.553506289813,0.9885212818050418,11502,1952,191359.5803454002,-0.0021407941803514062,0.26933887021103575,99.78592058196486,10034.352157779735,86.26568770451667,0
dodo-k50000000000000000,847,10000,31.698091000488564,-31.71690537888442,31.71690537888442,-0.01881437839585587,115262.65588484053,2504.762665230611,0.978731276476391,9194,806,58293.050690634234,-0.001185991454217543,0.06584187412567999,99.88140085457825,10031.583165955884,101.68714168473659,0
dodo-k50000000000000000,848,10000,92.02545994547607,-92.01265366051814,92.01265366051814,0.012806284957932235,196772.16589769052,3000.3837415280036,0.9849810009085503,9256,1362,118345.74246404202,0.00008806022449064699,0.10369306171898501,100.00880602244906,9992.440090677683,86.78353724731187,0
dodo-k50000000000000000,849,10000,77.11371836249289,-77.07900701138558,77.07900701138558,0.03471135110730472,134699.0214822341,2356.54526809908,0.9828059135139554,6510,1023,85606.82694053744,-0.0008807170984024992,0.18967086877731007,99.91192829015975,10021.320287493592,48.957746823523024,0
dodo-k50000000000000000,850,10000,16.32187857913001,-16.317571982885873,16.317571982885873,0.0043065962441382055,64931.34277263889,1631.5599122164663,0.9754884500764465,5419,447,31763.590068723548,0.007065876958149602,0.037899465530844195,100.70658769581496,9962.522695038875,67.06723239911757,0
dodo-k50000000000000000,851,10000,101.52268768931403,-101.57035814823854,101.57035814823854,-0.04767045892451449,174729.7148473904,1611.59323070479,0.990860943200041,7976,1212,108826.6121783153,0.0016633336891156603,0.1479419058869068,100.16633336891157,9994.674446542842,82.33778507966863,0
dodo-k50000000000000000,852,10000,94.07315702868115,-94.1890560731886,94.1890560731886,-0.1158990445074437,167154.32975031983,2911.4501636028263,0.9828804468184227,6084,1039,106355.04684088675,0.0006788534945827963,0.1321948903079688,100.06788534945828,9986.38500602629,88.6748237802902,0
dodo-k50000000000000000,853,10000,25.0803333750597,-25.07715071519864,25.07715071519864,0.0031826598610571466,102486.39113288285,2742.3422562942455,0.9739392258371866,8317,666,49517.41577491341,-0.0036606844020914764,0.047237896580858064,99.63393155979085,10034.02103253759,148.30004310935598,0
dodo-k50000000000000000,854,10000,63.64659255824667,-63.64531562135073,63.64531562135073,0.001276936895934,166709.38422368944,1646.5725294112378,0.9902196954526178,9693,1114,92602.95801146331,-0.0037822499895524687,0.08427602147791688,99.62177500104475,10036.176384883327,91.36150052574122,0
dodo-k50000000000000000,855,10000,118.2798104441677,-118.29179564745364,118.29179564745364,-0.011985203285945545,269441.090719115,3590.5185436892984,0.9868494400579338,10492,1566,162095.13633757303,-0.0009720823286231451,0.09865768368017527,99.90279176713769,10014.822978982938,198.6265803228232,0
dodo-k50000000000000000,856,10000,87.18439909296893,-87.24757780869774,87.24757780869774,-0.06317871572881018,129113.72229134233,1635.3295899915852,0.9874926084246042,4762,975,87756.3267975462,0.0014691019965125918,0.1634767982666895,100.14691019965126,9987.347875211617,67.00186336323387,0
dodo-k50000000000000000,857,10000,91.66306965140478,-92.0043594792952,92.0043594792952,-0.34128982789042084,117488.32516173439,2143.6004597439205,0.9820817022829977,5311,902,74922.08559225721,0.012557871259700875,0.2792924764102166,101.25578712597009,9978.29648690548,60.32203024469303,0
dodo-k50000000000000000,858,10000,48.43556724443673,-48.44694935870624,48.44694935870624,-0.011382114269508747,122969.8089412455,2140.5140917577537,0.9828909874112218,7851,827,65409.239115951925,0.000007212696987863865,0.12369192383257144,100.00072126969879,9993.736184892658,77.63671165355022,0
dodo-k50000000000000000,859,10000,160.47802772910563,-160.36466934914057,160.36466934914057,0.1133583799650637,279064.5708434777,3182.41044940051,0.9887247316700326,10223,1794,179816.5395943595,0.010940033441182918,0.09913150140461426,101.09400334411829,9897.030656363811,80.30670692604882,0
dodo-k50000000000000000,860,10000,47.413887139289756,-47.45489737109338,47.45489737109338,-0.041010231803625175,141737.87423169002,2523.346768757042,0.9825084887590878,8913,863,72605.73449554876,-0.0025494499240572566,0.10888583492616291,99.74505500759427,10072.41672284907,197.45107031287412,0
dodo-k50000000000000000,861,10000,46.03825329734374,-46.03237905740867,46.03237905740867,0.005874239935074854,110888.12370672917,748.3978623257121,0.9932961198377829,5380,786,67133.10559914284,0.0007396391012848369,0.06046632149490705,100.07396391012848,9985.707025004558,101.3932377875106,0
dodo-k50000000000000000,862,10000,107.76607116671656,-107.79816972856898,107.79816972856898,-0.03209856185242188,223453.8175377149,3237.562389444757,0.9857181936495113,9842,1412,135202.96506184796,-0.0006313922474893729,0.11679756031199005,99.93686077525106,10001.455975359422,57.60465136755883,0
dodo-k50000000000000000,863,10000,58.463102343322525,-58.449675136256005,58.449675136256005,0.013427207066520452,139737.50962995458,2005.865008925566,0.9858486154006428,6891,916,83657.4394822142,-0.0003291974315426671,0.11256587660617072,99.96708025684573,10008.187341698216,145.07392197208722,0
dodo-k50000000000000000,864,10000,29.62376348605155,-29.42359754911665,29.42359754911665,0.20016593693490137,111730.55349484106,2277.3040771756587,0.9800250252423424,8783,789,55355.12244972625,-0.028019753153916867,0.061062776956434986,97.19802468460831,10116.3861890222,46.03179362892335,0
dodo-k50000000000000000,865,10000,38.57317168074769,-38.582525160947256,38.582525160947256,-0.009353480199564501,106510.2282935748,1799.9700860142618,0.9833813425425924,5577,698,60091.47367649349,-0.0005710253717631985,0.051612202769298815,99.94289746282368,10041.785437646517,122.21216496178592,0
dodo-k50000000000000000,866,10000,20.01136352715282,-19.998080653045378,19.998080653045378,0.013282874107442666,75869.54238327453,2364.5691185669884,0.969775727324374,5466,508,38806.46096545352,-0.00026389211856283625,0.046491562361640745,99.97361078814372,9996.921790816863,108.47222454667182,0
dodo-k50000000000000000,867,10000,91.7073577245737,-91.73473792548464,91.73473792548464,-0.02738020091094029,187836.52615162224,2063.545010988879,0.9891335216550715,7755,1278,117461.69071087762,0.002303248179653821,0.10076867668612494,100.23032481796538,9992.540348094117,94.5777182947253,0
dodo-k50000000000000000,868,10000,32.16294687026543,-32.16139777803829,32.16139777803829,0.001549092227136839,91722.12190600754,513.3719287799814,0.9944341174158017,5246,625,52015.40687235748,0.0016994776545659817,0.05750355652268525,100.1699477654566,9982.572359784908,99.10295489690044,0
dodo-k50000000000000000,869,10000,30.29853642396219,-30.31369843949576,30.31369843949576,-0.015162015533569217,83000.99688571444,1488.6014464035466,0.9823812460256701,5168,621,47456.15917895509,-0.002576581124687607,0.0583496116071359,99.74234188753124,10029.63786791345,80.18677816515901,0
dodo-k50000000000000000,870,10000,29.918468156961275,-29.899958671822596,29.899958671822596,0.018509485138679338,76726.40249475004,1047.2518497589822,0.9865346194854104,4059,535,46278.966474897024,0.004040439195329953,0.05453226205158728,100.404043919533,9957.388621426266,105.06790297340291,0
dodo-k50000000000000000,871,10000,31.2282478794724,-31.182422083995085,31.182422083995085,0.045825795477313136,79309.1816678331,1665.6908373741746,0.9794295343006924,4370,485,43757.065734427066,0.0012577431534485583,0.06199294161229673,100.12577431534486,9965.483060713936,162.52717894192187,0
dodo-k50000000000000000,872,10000,93.17065753268389,-93.07837818979601,93.07837818979601,0.09227934288787765,161027.97303842648,1632.3997030836326,0.989964367623344,7410,1204,101741.5028336505,0.007046484492639422,0.2069292880396884,100.70464844926394,9966.972999118547,46.93697407140254,0
dodo-k50000000000000000,873,10000,111.41083471976313,-111.40553453108079,111.40553453108079,0.005300188682340945,202830.8449838471,105.81619426871693,0.9994785752675025,8094,1362,131767.2526723989,-0.003224708377264278,0.08695467821471752,99.67752916227357,10032.666821384813,98.61261982968234,0
dodo-k50000000000000000,874,10000,51.7512031083613,-51.709091005928165,51.709091005928165,0.04211210243313701,110216.34749679027,1619.1326392125175,0.9855221917298205,5262,757,66879.91234007468,-0.004023787641210816,0.10074083433695094,99.59762123587892,10066.356156811711,103.32487417824419,0
dodo-k50000000000000000,875,10000,122.55309574122155,-122.49621056741378,122.49621056741378,0.05688517380777114,206988.92791675983,2743.8513112790747,0.9869173940221536,8305,1474,133087.99211927966,-0.0013335072773874401,0.1456220453170812,99.86664927226126,10009.656868631479,86.56645037972162,0
dodo-k50000000000000000,876,10000,113.67586017755114,-113.63616765715284,113.63616765715284,0.03969252039830451,238763.72971410083,2938.676577288759,0.9878417570500065,10779,1553,143176.804841714,-0.0011595391228661357,0.08824206649493206,99.88404608771339,10002.37665055002,85.52460096449374,0
dodo-k50000000000000000,877,10000,90.59745485195515,-90.70207344579522,90.70207344579522,-0.10461859384007255,143740.41850285462,1551.8013128979271,0.9893194465962059,5634,1038,94556.24120983887,0.005280959066177076,0.11569278020797256,100.52809590661771,9972.595021848441,70.11026216843064,0
dodo-k50000000000000000,878,10000,73.30387217735253,-73.39035949860343,73.39035949860343,-0.08648732125089964,143268.8443106999,1846.199893656244,0.9872776809339191,5776,974,91279.34231381203,0.0012745016724981894,0.09431005089581461,100.12745016724982,10008.980687305306,99.63650055586174,0
dodo-k50000000000000000,879,10000,142.64034235652963,-142.70677082521016,142.70677082521016,-0.06642846868052743,291394.4285055617,3243.8107737237015,0.9889905302799176,10744,1919,187120.05040999956,-0.0039972357799595674,0.07521584664492664,99.60027642200404,10049.37642240815,106.96298308753185,0
dodo-k50000000000000000,880,10000,44.32031804229709,-44.32032455789073,44.32032455789073,-0.000006515593639733197,130348.90363829026,1801.8103975658973,0.986365488747363,7353,894,73116.29144177843,-0.000051176193983195615,0.07115277510489733,99.99488238060168,9997.879696122043,105.03268926818903,0
dodo-k50000000000000000,881,10000,140.34697670270972,-140.35356807644663,140.35356807644663,-0.0065913737369101,229521.35127152273,1743.811213341622,0.9924596891524647,8516,1628,151078.02153290913,-0.00017335705739554897,0.17132301379083514,99.98266429426045,9996.011774303919,79.91864952698177,0
dodo-k50000000000000000,882,10000,34.5633977180019,-34.58911646667311,34.58911646667311,-0.025718748671209823,120323.67689312308,3440.825524782245,0.9721986073748037,7833,833,63143.424538198924,-0.0009554996046995256,0.05957214814400316,99.90445003953005,10018.415259172158,92.96718688283305,0
dodo-k50000000000000000,883,10000,36.51569034566002,-36.524960745802595,36.524960745802595,-0.009270400142575852,112154.41838106,2183.9529395272803,0.9808992124489528,8495,792,58046.26182390886,0.00034690687284950173,0.10335574027833644,100.03469068728495,10008.341551424875,57.866316955603345,0
dodo-k50000000000000000,884,10000,48.74093967302519,-48.74030298946562,48.74030298946562,0.0006366835595699172,127441.54583505655,1531.2736125902393,0.9881271602873517,6531,863,75190.52981656267,0.00017573591218635442,0.06297719716024261,100.01757359121864,10001.032592828558,171.72152903121366,0
dodo-k50000000000000000,885,10000,43.82093929604517,-43.81731328572585,43.81731328572585,0.0036260103193157533,106766.66553195615,1199.3054306580973,0.9888918200802974,5710,734,62860.55177841452,-0.0014018542969331804,0.06372600452041667,99.85981457030668,10014.643580314763,95.93368572207761,0
dodo-k50000000000000000,886,10000,139.38754225588738,-139.40435242652865,139.40435242652865,-0.01681017064126422,266311.4664291293,2793.706576018671,0.9896185326174863,10845,1759,167178.8549062605,0.0005203693724101299,0.13566381796412202,100.05203693724101,10006.713981280534,98.39244390078188,0
dodo-k50000000000000000,887,10000,20.8735698865997,-20.888929639817057,20.888929639817057,-0.015359753217357053,75984.21958382824,1775.6611295965981,0.9771648166984644,5377,519,39103.691984424644,-0.0013820427879711872,0.05547280210856343,99.86179572120288,10004.660141392782,150.83631635609953,0
dodo-k50000000000000000,888,10000,42.98745982185265,-42.96105262964349,42.96105262964349,0.0264071922091631,152039.50016603406,1262.2862969993023,0.9917660039969352,10991,998,77227.69252133218,0.005452852049000256,0.06041384977081322,100.54528520490003,9938.941995585286,101.32791616145774,0
dodo-k50000000000000000,889,10000,74.75945875730602,-74.75533331565046,74.75533331565046,0.00412544165556028,168812.51686697066,2666.413311885497,0.9844504901616521,7699,1098,101575.1999968592,-0.002314222099624601,0.06419081034412016,99.76857779003754,10022.744375843304,96.7181977662013,0
dodo-k50000000000000000,890,10000,49.01197708224363,-49.01444712748507,49.01444712748507,-0.0024700452414379015,97133.35931425334,927.2310741735781,0.9905443045926939,4475,688,61795.275786180755,0.0011025642121114743,0.09590875500117506,100.11025642121115,9988.857036787384,101.83985582112363,0
dodo-k50000000000000000,891,10000,29.004519685502068,-29.005622040532934,29.005622040532934,-0.0011023550308664198,108404.2275777519,2291.3905910907847,0.9793000786391043,8218,673,53894.84855785066,0.004676987020238385,0.0515798060137115,100.46769870202384,9955.700683847754,97.39477003811395,0
dodo-k50000000000000000,892,10000,28.830156469681828,-28.7856218560976,28.7856218560976,0.04453461358422928,89444.8429089215,1686.5902792796553,0.9814927712615188,4869,605,50318.957962826746,-0.01078841117366494,0.04930871903147675,98.9211588826335,10102.966030473734,87.98773448184434,0
dodo-k50000000000000000,893,10000,146.85512818366024,-146.92095136961893,146.92095136961893,-0.06582318595869197,279741.6712904932,2680.0690643115336,0.9905104010019039,10652,1696,172260.78776212718,-0.0008793096399524813,0.18308966636272658,99.91206903600475,10031.293128283838,162.11446641430615,0
dodo-k50000000000000000,894,10000,152.97935185455353,-152.94136223977307,152.94136223977307,0.03798961478045726,233863.1587591861,3054.2382143527866,0.9871084257493598,8956,1530,147133.69367883948,-0.0007185422866888302,0.2481008620875778,99.92814577133112,10007.162596750668,103.80107120402114,0
dodo-k50000000000000000,895,10000,86.24066920331819,-86.32594887402018,86.32594887402018,-0.08527967070199338,221867.34640403473,3845.8054268173123,0.9829615359334518,10881,1312,124014.59217559788,-0.001991365863150776,0.10735549958216567,99.80086341368492,10030.748407354942,152.32987369519603,0
dodo-k50000000000000000,896,10000,32.653591327834,-32.6617449061311,32.6617449061311,-0.008153578297097397,105389.18235097699,2277.70504410304,0.9788448881619,7336,746,55311.026854770855,0.000526797178367957,0.06837782141767491,100.0526797178368,10005.600176864195,74.75278526739645,0
dodo-k50000000000000000,897,10000,60.05528016874035,-60.0726385096491,60.0726385096491,-0.01735834090874988,133512.95293343803,2443.97636070825,0.9820238926151338,7992,971,74620.56482203703,0.0020986383039451086,0.15797981776939124,100.20986383039451,9997.883933169664,61.66054881566218,0
dodo-k50000000000000000,898,10000,50.09808609676339,-50.105519974823736,50.105519974823736,-0.007433878060346899,146069.2456517575,3179.9351008772833,0.9786937852198486,10050,992,76566.51771867978,-0.0010856318879014283,0.0906643158427957,99.89143681120986,9995.29689610408,61.72752126679433,0
dodo-k50000000000000000,899,10000,126.45543720720411,-126.47346256715412,126.47346256715412,-0.018025359950001985,193760.67412735292,3970.052150207028,0.9799219260205713,8496,1533,123633.3510314554,-0.0012894932986084484,0.17656479912407433,99.87105067013916,9994.943089492648,48.27563102318908,0
dodo-k50000000000000000,900,10000,59.05859886527393,-59.04615873188813,59.04615873188813,0.012440133385801744,173207.78270274837,2276.0339835834457,0.9870299493904231,11495,1134,92969.27682728294,-0.0014688034737994826,0.11098938045560289,99.85311965262005,10008.668204734046,95.15456377734994,0
dodo-k50000000000000000,901,10000,87.91138642929302,-87.86894642473895,87.86894642473895,0.04244000455406649,189189.04173832107,4191.596813926025,0.9783246304009201,9967,1404,110311.94669991334,0.0063500582173470835,0.11226458720556337,100.63500582173471,9919.687829785626,51.95977984924389,0
dodo-k50000000000000000,902,10000,152.6338510209494,-152.4824196783178,152.4824196783178,0.15143134263161073,224170.02577101105,4353.040279225863,0.9809514183646174,9680,1615,142217.37959605144,0.001953320410905519,0.3235365530875397,100.19533204109055,9983.09898438261,42.07959173122799,0
dodo-k50000000000000000,903,10000,89.7432504443333,-89.71418611041074,89.71418611041074,0.02906433392256247,248852.01726082672,4323.6217485203115,0.9829224416478685,11773,1460,138706.1887178214,0.0012835530208556633,0.07130525286464205,100.12835530208557,9973.897322855584,79.3553036882172,0
dodo-k50000000000000000,904,10000,84.88436199930898,-84.8808067795535,84.8808067795535,0.003555219755483563,214217.74725717094,458.20004952976984,0.9978656199947954,10062,1394,125331.60736980193,-0.0016820962700677456,0.06983570804791114,99.83179037299323,10014.961586591056,103.56459739764196,0
dodo-k50000000000000000,905,10000,99.57361145285176,-99.5739510842672,99.5739510842672,-0.00033963141542869835,202559.79647182155,1030.6087711667299,0.9949378323112197,8524,1334,124681.27316516795,0.0009666561081408531,0.0823735924334737,100.09666561081409,9992.545645792608,95.28967750177506,0
dodo-k50000000000000000,906,10000,22.1819418650983,-22.181262080746677,22.181262080746677,0.0006797843516217483,100123.0076866597,2150.5615290496303,0.978972460377189,7392,614,48682.51092652456,0.0012096981113745642,0.044822581370102484,100.12096981113746,10002.875540334566,176.99047483532598,0
dodo-k50000000000000000,907,10000,32.70849828931398,-32.73210935107398,32.73210935107398,-0.023611061760000496,99747.34373147649,2176.417295059549,0.9786466151450894,5415,725,56387.108892533855,-0.0007738904100503418,0.06100242568731204,99.92261095899497,9990.6096757976,116.46277568617353,0
dodo-k50000000000000000,908,10000,64.97417206300888,-64.93556940415607,64.93556940415607,0.03860265885280967,159407.64249230563,3016.18331417861,0.981430167038596,8455,1060,93286.5397638337,-0.0007998306173989533,0.08762202706660205,99.9200169382601,10009.331348769565,80.53688170807973,0
dodo-k50000000000000000,909,10000,78.19226830457187,-77.32722372195423,77.32722372195423,0.8650445826176423,158025.89152014916,1596.6256687586606,0.9899974909751039,6811,1110,98163.46883032836,0.06253746222952898,0.09414295178110635,106.2537462229529,9589.082184803228,63.95569969304597,0
dodo-k50000000000000000,910,10000,111.46380671214531,-111.48057340953167,111.48057340953167,-0.016766697386358942,248546.77305604026,4649.629569541044,0.9816362731803233,10661,1465,146420.04952561378,-0.0023408270476279825,0.12744920658046424,99.7659172952372,10027.543492256696,185.42967231080868,0
dodo-k50000000000000000,911,10000,57.42961202665681,-57.37833589479291,57.37833589479291,0.05127613186390079,180090.8215862295,3068.1270275884153,0.9832488281309291,11869,1170,92850.30911319617,0.002687572338150659,0.07015932974366663,100.26875723381507,9986.683063413902,52.93232788898077,0
dodo-k50000000000000000,912,10000,82.62377418412795,-82.66768550072717,82.66768550072717,-0.043911316599221095,211971.93605214375,1682.700580459175,0.9921242028397786,9093,1357,126853.37098199622,0.007246612878495568,0.06770609025650842,100.72466128784956,9949.956948218223,134.0828478532055,0
dodo-k50000000000000000,913,10000,58.48960915259692,-58.514881710425286,58.514881710425286,-0.025272557828365905,170505.71798737955,3580.9132942880865,0.9794302798099742,9606,1128,93887.46161877242,0.0036747299205021023,0.06833835339400891,100.36747299205021,9982.200883023605,74.17759602197118,0
dodo-k50000000000000000,914,10000,43.101693562482964,-43.07711993169405,43.07711993169405,0.024573630788914613,119275.62027512214,2649.9990889104533,0.9782654449267273,7134,840,66040.26839066118,0.0010661526531629305,0.06340332005251156,100.1066152653163,9995.858791327533,80.71806694001118,0
dodo-k50000000000000000,915,10000,87.59835148451124,-87.57543791493747,87.57543791493747,0.022913569573773884,181189.94047823473,2660.4355503960974,0.9855293439814243,8762,1203,107318.53964656357,-0.0016034648081021884,0.10299970735301357,99.83965351918978,10009.750451919059,91.80961420802007,0
dodo-k50000000000000000,916,10000,50.05217925591674,-50.12476852299209,50.12476852299209,-0.07258926707535096,97802.48167292056,2011.5323537964666,0.9798471950716454,7357,800,52754.039593146335,0.003366023614390485,0.19685716659530697,100.33660236143905,10016.425308594535,31.36505247600264,0
dodo-k50000000000000000,917,10000,115.73408376189374,-115.7065919877169,115.7065919877169,0.02749177417683768,266443.02040030045,3690.8020681034122,0.9863371345565767,11545,1658,156112.56533334634,-0.0021311476315379707,0.07763639817193109,99.7868852368462,10053.638133781495,177.4678224861306,0
dodo-k50000000000000000,918,10000,63.34594173522878,-63.41391124662219,63.41391124662219,-0.06796951139341445,104427.55896738778,1676.0262003231176,0.9842038683455047,5312,812,65709.48089454639,-0.0013757361546208812,0.20454115577859824,99.86242638453791,10000.549455075718,114.53240818853689,0
dodo-k50000000000000000,919,10000,69.51393096910016,-69.48524146939346,69.48524146939346,0.02868949970670087,183642.64874784017,1882.9113532543774,0.989850932926825,8914,1058,102246.58634167475,-0.0016174909866639097,0.07408625111478599,99.83825090133361,10014.809184758067,224.58719251823345,0
dodo-k50000000000000000,920,10000,34.613744536559125,-34.586569422128896,34.586569422128896,0.027175114430228575,94810.3839034813,1433.3085100361054,0.9851075070574205,5973,662,53323.27292748913,0.003307558006417537,0.07706980739840077,100.33075580064175,9985.309161300976,76.11630482573209,0
dodo-k50000000000000000,921,10000,16.554869404794125,-16.546369344524535,16.546369344524535,0.008500060269589937,94184.10896679446,2538.887685914354,0.9737509405852011,7699,496,40377.857965438205,0.0011581424950024655,0.02850391232562913,100.11581424950025,9985.828133283945,157.45369450939688,0
dodo-k50000000000000000,922,10000,67.97958771121573,-67.98438688466706,67.98438688466706,-0.00479917345133174,138847.14819356686,1533.9997776422401,0.9890726083964148,5401,971,89718.3387172905,0.0009623669777072052,0.0769223146094258,100.09623669777072,9995.77154381056,94.81008829113199,0
dodo-k50000000000000000,923,10000,73.9050197611895,-73.88664694872443,73.88664694872443,0.01837281246505995,176305.6210575967,1698.521017354596,0.9904579691373732,8543,1191,106182.49596392633,-0.0004323362148130627,0.11013079697482439,99.9567663785187,9997.066599634121,110.38617493415198,0
dodo-k50000000000000000,924,10000,34.35514548053288,-34.387594120163705,34.387594120163705,-0.032448639630821674,76560.81443429826,2369.7030514212033,0.969977353159379,4401,513,42892.45055902337,0.0001473636138830159,0.12295507497988296,100.0147363613883,10008.332472639895,116.5546764444914,0
dodo-k50000000000000000,925,10000,70.15606809260298,-70.25460734878467,70.25460734878467,-0.09853925618169512,119744.06719088247,1245.7907107602468,0.98970334594679,4947,772,77191.6960617981,-0.002893445780325834,0.10158323277436622,99.71065542196742,10022.5784169446,91.18801028239726,0
dodo-k50000000000000000,926,10000,38.02167773710309,-37.929736973082704,37.929736973082704,0.09194076402038576,107510.73094055326,2107.5522531272195,0.9807737159192371,5856,745,61376.35579025924,0.004351101858700445,0.08828747201059045,100.43511018587004,9927.23921790242,103.07168258716703,0
dodo-k50000000000000000,927,10000,68.59698443088769,-68.63582169028673,68.63582169028673,-0.038837259399045365,144618.02305452226,2210.2070488298996,0.9849469884144613,5599,1027,94907.73509902798,-0.0006527452518976418,0.07414163212473113,99.93472547481024,10020.907330436192,104.82748780615688,0
dodo-k50000000000000000,928,10000,59.2826700853114,-59.28463767354447,59.28463767354447,-0.0019675882330645322,105707.10537596262,929.8729608259639,0.9912800139751787,4510,779,67819.68616801925,-0.001989685260000158,0.18394693724146977,99.80103147399998,10016.031418514296,83.2080907777807,0
dodo-k50000000000000000,929,10000,45.85464041317594,-45.88522607290819,45.88522607290819,-0.03058565973224603,116483.89780654169,2089.562050383029,0.982377489423819,5155,752,71052.92305442279,0.0004636466111193727,0.060123738479503,100.04636466111194,10008.388580819154,127.89647149898721,0
dodo-k50000000000000000,930,10000,43.90465439483847,-43.89527549998879,43.89527549998879,0.009378894849675135,150591.42424230877,2916.802119574467,0.9809990500919582,9786,958,78223.01819629384,0.0036456121349787906,0.042015096794940664,100.36456121349788,9956.444935093528,110.88951471751186,0
dodo-k50000000000000000,931,10000,61.02237254630691,-61.06253509203869,61.06253509203869,-0.04016254573177491,96343.24770351811,1195.3063637073774,0.9877452933853874,4072,660,62820.097394537086,0.0002922734668523219,0.12089761712436115,100.02922734668523,10014.61854902172,107.36776649630849,0
dodo-k50000000000000000,932,10000,59.16830010584685,-59.158455503237825,59.158455503237825,0.009844602609028641,181937.87467058675,183.10392352575622,0.9989946027912917,11023,1225,99646.42893979122,0.003753298081766161,0.09901744959463812,100.37532980817662,9961.59572936478,101.02862854195298,0
dodo-k50000000000000000,933,10000,97.08787354060992,-97.06909767632678,97.06909767632678,0.018775864283142596,240256.90102550917,2522.6875234379163,0.9896091449099341,10115,1436,142697.31748716315,0.0007909754149704895,0.08455277773991213,100.07909754149705,9980.96686382982,118.56551349852177,0
dodo-k50000000000000000,934,10000,78.82850862320917,-78.20989205642908,78.20989205642908,0.6186165667800907,154096.59639813635,2430.4643241334984,0.9844725614030028,8059,1080,89630.35840625461,-0.00048326933065737874,0.28438952647632393,99.95167306693426,9961.377681828133,73.91346420600289,0
dodo-k50000000000000000,935,10000,75.20747988033142,-75.27921739068265,75.27921739068265,-0.07173751035122677,129146.68428915477,1377.2994173804657,0.9894479207708131,6434,1014,81188.98642047582,0.002730208061606163,0.13033868389880723,100.27302080616062,10004.86445899411,60.009998089698215,0
dodo-k50000000000000000,936,10000,16.13082912440913,-16.1274808473435,16.1274808473435,0.003348277065629901,56062.43730733688,2326.556536036692,0.9601541937462119,4181,395,29050.19879354865,-0.0025497968559754724,0.056758709621499294,99.74502031440245,10025.192901936678,105.05855312620623,0
dodo-k50000000000000000,937,10000,127.55806452739276,-127.44615731890507,127.44615731890507,0.11190720848769331,220554.8278568104,2884.6448858111175,0.9870898151951248,8234,1382,139843.29116537952,-0.0018019348265941914,0.1533169398849678,99.81980651734058,10016.033279651276,150.2718954070977,0
dodo-k50000000000000000,938,10000,45.24492726556518,-45.23878996804942,45.23878996804942,0.006137297515763862,153043.71798514316,2398.626634256566,0.984569026926803,9630,987,80432.94825915729,-0.0021377928594473873,0.05855662534143377,99.78622071405526,10017.017503784378,126.17586885449033,0
dodo-k50000000000000000,939,10000,55.343827729850624,-55.344007302777605,55.344007302777605,-0.0001795729269815638,157691.11299652405,1202.350330014232,0.9924329780165765,9554,1045,85589.63347098204,-0.002349591054245934,0.08273290309376322,99.7650408945754,10022.916947143929,101.06099073645629,0
dodo-k50000000000000000,940,10000,54.5778200482672,-54.60293284911005,54.60293284911005,-0.02511280084284806,118840.30042477108,1621.8573062530786,0.9865363751006813,5835,794,71566.80625543473,0.0018554254435028384,0.07018362981986087,100.18554254435028,9980.94581402511,120.78313631376483,0
dodo-k50000000000000000,941,10000,99.51702629074668,-99.56070495537138,99.56070495537138,-0.04367866462469294,226063.6706048607,2323.2084533640573,0.989827749899889,8541,1459,144148.94485536855,0.00042225830005378386,0.0640952907440186,100.04222583000538,10019.219724168981,169.26597924815883,0
dodo-k50000000000000000,942,10000,111.96717654780855,-112.0310224739085,112.0310224739085,-0.063845926099944,174488.69158372423,1885.1067718357938,0.9893118661081647,9489,1351,102631.82482642106,0.013241850112789279,0.17912647367911078,101.32418501127893,9975.267477405292,25.402786763145137,0
dodo-k50000000000000000,943,10000,106.13793219256735,-106.10674958999462,106.10674958999462,0.03118260257272709,224091.12731381546,3417.5246429948625,0.9849784849340867,11504,1538,129058.95590835005,-0.00256048207053567,0.22746076020695738,99.74395179294643,10019.97339301038,78.19488420272818,0
dodo-k50000000000000000,944,10000,44.366246036766896,-44.37666514424178,44.37666514424178,-0.010419107474881173,125270.05336122507,1852.645952559359,0.9854263167588476,6231,871,72501.14280306741,-0.00010083062605886539,0.062049126169223714,99.98991693739411,9997.60745881906,79.20098667178127,0
dodo-k50000000000000000,945,10000,16.39867878533503,-16.35866265887141,16.35866265887141,0.04001612646361963,67161.2159184384,1254.549661909197,0.9816628572191324,4247,414,33816.16252751837,-0.0035682592864452545,0.0381812906412992,99.64317407135547,10047.28137417225,173.7740876760304,0
dodo-k50000000000000000,946,10000,39.296616596014665,-39.330610636062694,39.330610636062694,-0.03399404004802875,83194.01002545687,988.0956976103447,0.9882624022157289,4206,633,52163.00509046603,0.00910471038106806,0.09532128498052543,100.9104710381068,9969.409891277195,52.164583536131765,0
dodo-k50000000000000000,947,10000,51.65661807005571,-51.66238407839504,51.66238407839504,-0.005766008339335826,119286.08926786405,1240.5022069947584,0.9897076471522591,5661,865,72805.01292920858,0.0011536153907516678,0.07004059314242468,100.11536153907517,9988.637182345332,128.16906905538224,0
dodo-k50000000000000000,948,10000,42.38252635736776,-42.39562550763687,42.39562550763687,-0.013099150269113125,86945.32337082639,1436.7870106706132,0.9837434634173274,3984,659,54317.7609824485,0.003317369352291024,0.12943105318925177,100.3317369352291,9985.614930036278,83.92570193792658,0
dodo-k50000000000000000,949,10000,205.727256154777,-205.71606718814309,205.71606718814309,0.011188966633909558,251111.2573509371,2522.7429021070366,0.990053609139192,9198,1779,166515.55591678817,-0.004945329716244089,0.18734496227836503,99.50546702837559,10011.421634166669,70.36953262042883,0
dodo-k50000000000000000,950,10000,21.257677971072543,-21.255068122690112,21.255068122690112,0.002609848382430613,73581.03010333251,144.19391619969588,0.9980441712030403,5931,481,36018.15905554528,-0.00197051236385974,0.07297571914075221,99.80294876361403,10019.476234035865,98.44005129273961,0
dodo-k50000000000000000,951,10000,55.28217071120493,-55.13961195670554,55.13961195670554,0.14255875449939026,149993.0064645202,1908.4342601579485,0.9874363649807838,8655,951,82157.21199607642,0.001812618675192823,0.11206911452805216,100.18126186751928,9937.044147133576,148.9629282748829,0
dodo-k50000000000000000,952,10000,66.4111631479118,-66.40886878764452,66.40886878764452,0.002294360267271145,189802.89573952634,339.7056064936511,0.9982134166457759,11822,1241,101122.71883211119,0.0011208755707755812,0.08642059606164394,100.11208755707756,9987.42000612782,98.64640832164508,0
dodo-k50000000000000000,953,10000,45.88367872325234,-45.88045757594447,45.88045757594447,0.0032211473078689323,155756.3317341393,3651.7360242707605,0.9770918995780996,10535,1000,77857.97621423236,0.0016089571410505244,0.07692633167762594,100.16089571410505,9980.173668152735,119.56303624451994,0
dodo-k50000000000000000,954,10000,39.662560286078076,-39.667485339677285,39.667485339677285,-0.004925053599208695,123785.59448625984,3019.0380870391728,0.9761914211983224,8336,887,65501.1259756106,-0.0013825039249576322,0.05985019047782671,99.86174960750424,10021.849475697423,73.36659174298256,0
dodo-k50000000000000000,955,10000,66.92015126387594,-66.8679357754571,66.8679357754571,0.05221548841883816,160854.73891360342,3680.4667384517884,0.9776311293144464,9035,1174,91667.84391734606,-0.000826266498617656,0.08639278864467698,99.91737335013823,9980.908717515724,44.53245722914996,0
dodo-k50000000000000000,956,10000,190.28098193266155,-190.26305070414722,190.26305070414722,0.017931228514328268,314011.6657403628,3030.032388032101,0.9904427953612429,11843,1891,198339.06586300096,-0.002721480869380741,0.18125475124382603,99.72785191306193,10026.971605265526,107.41825791751016,0
dodo-k50000000000000000,957,10000,89.15787712518562,-89.17599699842343,89.17599699842343,-0.018119873237807838,186133.23439427916,3411.7159052831,0.9820004917045211,11180,1257,103087.19568306842,-0.0016794867067238784,0.18981803722391064,99.83205132932761,10011.465175595049,79.42004567793134,0
dodo-k50000000000000000,958,10000,71.64564778375932,-71.612836228335,71.612836228335,0.03281155542431691,144141.86438951825,2112.1699604087667,0.9855582106175944,6481,993,89168.76810220469,-0.005177239796417155,0.13344901580041507,99.48227602035828,10056.904916971858,103.19117791931505,0
dodo-k50000000000000000,959,10000,60.633794652114396,-60.636891751953215,60.636891751953215,-0.003097099838818451,167008.65319866588,2761.070498898873,0.9837363786736345,10385,1105,90118.95331298608,0.000673312491827005,0.06574445441558481,100.0673312491827,9970.349319281766,63.97954373227681,0
dodo-k50000000000000000,960,10000,68.8071188850623,-68.77021028329801,68.77021028329801,0.03690860176428146,184171.86938074615,2701.986592484408,0.9855411203540881,10041,1225,104995.56839267141,-0.0061254311052212525,0.06657152466188052,99.38745688947787,10038.097606866355,80.69917607259077,0
dodo-k50000000000000000,961,10000,12.403567810923732,-12.41037775602274,12.41037775602274,-0.006809945099007564,63235.91365888516,1800.6384214593697,0.9723134396910386,5171,429,30535.883696224893,0.0022431769911838728,0.03276410427147979,100.22431769911839,9991.237483405912,108.08405333850828,0
dodo-k50000000000000000,962,10000,48.23943959476984,-48.22406266910667,48.22406266910667,0.015376925663169061,160387.69024179774,1317.0134796720538,0.9918554411259393,10186,1023,82484.32699258334,0.004294047648868684,0.07365990164656963,100.42940476488687,9951.41272129098,113.53587072471963,0
dodo-k50000000000000000,963,10000,77.55834191544538,-77.67176175358092,77.67176175358092,-0.1134198381355418,180726.3407208931,4278.6508234816165,0.9768727817138093,10239,1262,101909.50543917931,0.004360831930606821,0.10348868391052037,100.43608319306068,10006.045068362679,87.66726353746705,0
dodo-k50000000000000000,964,10000,50.20337141413502,-50.28217874192182,50.28217874192182,-0.078807327786798,158297.83766176182,2398.9303827613985,0.9850716948949667,9722,1079,86144.79561392292,0.0024451826606598105,0.09133049758622193,100.24451826606598,10002.498076822625,61.096299341296785,0
dodo-k50000000000000000,965,10000,40.03254974055848,-40.03084617238657,40.03084617238657,0.0017035681719121953,142861.77185548557,26.791759793336382,0.999812498921429,9127,965,74256.746941276,0.001136774888747567,0.05722404074957936,100.11367748887476,9988.204603452761,100.07319535446113,0
dodo-k50000000000000000,966,10000,78.43155657196387,-78.43308779874025,78.43308779874025,-0.0015312267763789578,189618.93243578475,1268.7052571763925,0.9933536541574417,9136,1274,112354.74078066391,-0.0025700235682778326,0.079743300163356,99.74299764317222,10031.588936868206,103.84998603647017,0
dodo-k50000000000000000,967,10000,95.56114233399094,-95.62000120040048,95.62000120040048,-0.05885886640953686,153775.69564960097,1637.0022838762745,0.9894667404552943,5716,1120,101716.74471387228,0.00013574378101210982,0.1327312316052492,100.01357437810121,10019.141190186252,83.88825720589213,0
dodo-k50000000000000000,968,10000,137.18772852145187,-137.13706063057452,137.13706063057452,0.050667890877349464,236787.3437225689,3724.401139942217,0.9845146808025059,8820,1585,152990.1842822306,-0.0014881761204539145,0.14509687383553682,99.85118238795461,10006.05149907395,92.76347330671241,0
dodo-k50000000000000000,969,10000,100.60987487966503,-100.70081246353068,100.70081246353068,-0.09093758386565298,179371.95835935665,2957.553252389974,0.9837790754428839,8312,1380,111278.18792893668,0.0058886740944114994,0.1907339168675982,100.58886740944115,9985.799926256108,62.133199381701424,0
dodo-k50000000000000000,970,10000,74.94498403578308,-74.99506035401458,74.99506035401458,-0.05007631823150405,194805.6746254471,2992.939904646253,0.9848687519285384,7577,1199,120117.76329158373,-0.0000036652923088809074,0.05550147269656037,99.99963347076911,10026.542121613742,181.17236352138633,0
dodo-k50000000000000000,971,10000,92.55612357596084,-92.53367110745702,92.53367110745702,0.02245246850381477,182282.21377710183,1752.635267887987,0.9904766120276517,7796,1233,113978.52120686595,0.0034033043088035697,0.12381601755708402,100.34033043088036,9957.033901755443,108.39538477256826,0
dodo-k50000000000000000,972,10000,32.19815003446357,-32.19600290630565,32.19600290630565,0.0021471281579223955,83852.86469203694,1741.3249565769245,0.9796560378254002,4447,563,45988.69914116931,-0.0056463974210429054,0.08729763613877495,99.43536025789571,10062.646254603324,110.90080125537601,0
dodo-k50000000000000000,973,10000,91.52509136785251,-91.57526594949158,91.57526594949158,-0.050174581639069515,229787.27515696434,3740.9183026276164,0.9839808708010456,11673,1500,132316.94970415023,0.001684728283375705,0.09107894459522299,100.16847282833757,10003.24417848762,153.51238374577542,0
dodo-k50000000000000000,974,10000,29.268694158739546,-29.287817761108585,29.287817761108585,-0.01912360236903865,100709.78860455682,2237.0150603025822,0.9782701843994581,6681,639,51931.146002801805,0.0017650428315089074,0.04830570432458856,100.17650428315089,9981.478860987456,117.57216251344016,0
dodo-k50000000000000000,975,10000,69.19219305080404,-69.21518388073693,69.21518388073693,-0.02299082993289403,117720.27948675695,1376.3528478377648,0.9884433940670044,4472,856,78912.65938404434,-0.0019513832085411309,0.09199992007453986,99.80486167914589,9997.937044706676,64.16033880879931,0
dodo-k50000000000000000,976,10000,36.59400355227957,-36.59486299895133,36.59486299895133,-0.0008594466717610771,106963.88090193759,238.3271978010292,0.9977768443204146,6375,732,60751.234852254034,-0.00007130429726132093,0.055653839155134506,99.99286957027387,10000.020448613312,102.75298993868925,0
dodo-k50000000000000000,977,10000,60.20574834503689,-60.16448918765926,60.16448918765926,0.041259157377631084,137231.98873130264,1940.4720020953105,0.9860570691078566,6938,946,80721.56638011427,0.003506728509882748,0.13638209696484382,100.35067285098827,9968.136227230578,91.86459830000013,0
dodo-k50000000000000000,978,10000,46.28236418497419,-46.280443063029196,46.280443063029196,0.0019211219449957184,112948.81986109327,2850.845857284875,0.9753812255018244,9060,938,58977.728670175326,-0.010442885161358077,0.22222813285510157,98.95571148386419,10016.0456340545,23.8162423587413,0
dodo-k50000000000000000,979,10000,81.96113345217913,-82.0346147107606,82.0346147107606,-0.07348125858146659,189137.62700104795,2616.317763726489,0.9863558595003824,8886,1266,114092.5849783295,-0.0007747724410768342,0.08110744271823137,99.92252275589232,10019.453206645008,126.11982565019574,0
dodo-k50000000000000000,980,10000,45.262030386272826,-45.16747072442991,45.16747072442991,0.09455966184291498,125766.66126402114,2828.0104958444444,0.9780083384704663,9560,767,61100.4715626699,-0.004882244691466297,0.1297879424750458,99.51177553085337,10048.449137169575,113.32141015727349,0
dodo-k50000000000000000,981,10000,68.83089382089771,-68.81233466405273,68.81233466405273,0.018559156844986546,179443.5138895152,2407.6241662978746,0.9867604668739608,8674,1208,104215.19081052818,-0.0014155290235808593,0.09638130535756957,99.85844709764191,9995.785529889048,133.91110719652707,0
dodo-k50000000000000000,982,10000,80.31853347877765,-80.2626900501556,80.2626900501556,0.0558434286220546,196754.4544345868,2769.9549376643395,0.9861172126940296,10105,1258,112980.82922203708,-0.000982832575292747,0.1067948063021747,99.90171674247073,9993.91700834081,137.53453606259666,0
dodo-k50000000000000000,983,10000,110.00529620018206,-109.92268094842409,109.92268094842409,0.08261525175797146,199710.94601646627,2394.472799510181,0.9881523572522792,8134,1412,127311.00438069178,0.016680482338859264,0.16295003676848552,101.66804823388593,9859.26132883263,82.94149992009324,0
dodo-k50000000000000000,984,10000,108.83867060470214,-108.83252714701436,108.83252714701436,0.006143457687784348,217483.4508232481,1950.3968120571328,0.991111686583108,8026,1394,140191.14628599185,-0.0006752789191862974,0.08504787846172973,99.93247210808137,10001.549059510895,132.2300375431944,0
dodo-k50000000000000000,985,10000,76.67224064775341,-76.67979918784559,76.67979918784559,-0.007558540092176713,204720.6342183859,1979.3528284967622,0.9904240302247923,10567,1351,117553.62608191374,0.00009972460324917165,0.05861152611636953,100.00997246032492,10001.10982314263,108.3868371185161,0
dodo-k50000000000000000,986,10000,90.84666521881417,-90.83335705951579,90.83335705951579,0.013308159298375699,194932.21557470312,662.2117332263495,0.9966143629839525,8764,1312,119553.10926793978,0.004394795559799433,0.08238704547937488,100.43947955597994,9954.27111781957,105.05371503082581,0
dodo-k50000000000000000,987,10000,85.05015850114901,-85.07473806125353,85.07473806125353,-0.02457956010451312,145161.6135318408,1918.3092000079596,0.9869573687259453,5607,978,94015.64989080156,0.008081924070728946,0.15142746569281088,100.8081924070729,9928.26277443679,94.71457169401732,0
dodo-k50000000000000000,988,10000,112.34818493001332,-112.30612509479579,112.30612509479579,0.042059835217528985,253737.98880611156,2071.643059866957,0.9919016221369166,11756,1662,152030.05828469488,0.006348322040538079,0.10839871535454933,100.63483220405381,9932.282952649282,95.34830776808288,0
dodo-k50000000000000000,989,10000,112.31715597391944,-112.28694501059826,112.28694501059826,0.03021096332118134,192827.86301304126,4197.706710755138,0.9786946094527743,8380,1261,118224.25094039111,0.00408955586791862,0.1866772318332768,100.40895558679186,9963.394891359943,87.92640818545736,0
dodo-k50000000000000000,990,10000,62.007612601668654,-61.894873233494636,61.894873233494636,0.11273936817401875,120181.76221212685,1896.3676958996598,0.9844659506389196,6077,876,72907.99675961859,-0.0048605303617775064,0.13682277400590664,99.51394696382225,10027.748490418497,63.800433732442364,0
dodo-k50000000000000000,991,10000,136.56252769918592,-136.67401908819377,136.67401908819377,-0.1114913890078526,276955.0289117463,3803.564191602119,0.9864525457633918,10255,1692,173566.0505120902,-0.0014209179464843658,0.12410300745086772,99.85790820535156,10030.724989454624,131.43011031994297,0
dodo-k50000000000000000,992,10000,112.05085487377636,-112.02201533210962,112.02201533210962,0.028839541666741297,246181.92264470726,4679.614176760342,0.9813458283160773,10818,1611,147387.24239603875,-0.0015789953231582388,0.09724319240719226,99.84210046768418,10003.634935300115,105.72201433928285,0
dodo-k50000000000000000,993,10000,54.39282363555076,-54.29418390151773,54.29418390151773,0.09863973403303561,107565.17614430684,1893.9976198678207,0.9826967667054718,4372,821,71080.6492594377,-0.006649216951709747,0.07941498150393869,99.33507830482903,10036.834352006736,64.12596545006191,0
dodo-k50000000000000000,994,10000,116.21488144595281,-116.17328797979818,116.17328797979818,0.041593466154637326,244562.59659755928,4279.3636631288255,0.9828028855798847,10244,1622,152132.35793790309,0.00019306286629017678,0.10103055558833646,100.01930628662902,9992.844738883874,104.93080575184041,0
dodo-k50000000000000000,995,10000,187.84578641603628,-187.72030391194693,187.72030391194693,0.1254825040893479,293161.69391003903,3245.743219718003,0.9890497240853741,10966,1953,189338.2486452537,-0.009893934461127856,0.12775750346969686,99.01060655388721,9999.359886762468,75.38367126263556,0
dodo-k50000000000000000,996,10000,152.59348050124922,-152.48486490236633,152.48486490236633,0.10861559888289207,203542.61289348465,3861.2412476171935,0.9813829821841675,7697,1418,134060.39456811594,-0.010974050280683514,0.21725249673865166,98.90259497193165,10074.436461230927,87.21507112732313,0
dodo-k50000000000000000,997,10000,42.859092161474514,-42.87409217475326,42.87409217475326,-0.015000013278744007,116107.2666822765,2940.9039444815335,0.9752965213241126,7226,789,64063.048521358105,-0.0008276123196348806,0.07747150265409715,99.91723876803651,10024.176903051482,107.08728473357351,0
dodo-k50000000000000000,998,10000,127.09470587221713,-127.10042312238079,127.10042312238079,-0.005717250163655763,248420.34273942938,3674.3983585170217,0.9854245338775655,9703,1648,158737.70489458073,0.0005064225496492725,0.0983953568224824,100.05064225496493,9999.952913528638,96.25685765340556,0
dodo-k50000000000000000,999,10000,70.78353838076825,-70.78989411250836,70.78989411250836,-0.006355731740114834,132348.08063239633,1106.9682726424403,0.991705309902287,5306,913,83807.99471599326,-0.0013307933351293854,0.10456258458481614,99.86692066648706,10013.879201825825,90.08787327790438,0
flashbots-c20,0,10000,75.51611658343221,-75.52461079342244,75.52461079342244,-0.008494209990232093,154287.63252711442,1846.049175752457,0.9881764834107634,6662,1105,98538.08399481337,0.0016040044498410566,0.07258746000636151,100.1604004449841,9983.802409742679,88.19719749066152,0
flashbots-c20,1,10000,26.91166723634071,-26.91112736650702,26.91112736650702,0.0005398698336875896,56705.937648433865,1588.905204762153,0.9727436403119999,3944,450,32246.955414649266,0.0007304094367221126,0.1184074417040685,100.07304094367221,9988.633009352901,51.02014315808477,0
flashbots-c20,2,10000,37.211822825300274,-37.209233504566726,37.209233504566726,0.0025893207335485613,123763.03177908358,1075.8357616958774,0.9913822050544919,7596,868,66843.49176507343,0.0016097665175689713,0.0700788384677385,100.1609766517569,9982.709493418048,92.60684722629529,0
flashbots-c20,3,10000,24.263845163443154,-24.25228581764479,24.25228581764479,0.011559345798364262,80478.8445451386,1481.9516582436102,0.9819187742568264,5730,538,40907.223499730426,-0.004113190210396454,0.08793580774067436,99.58868097896035,10014.780885082373,95.23520454777344,0
flashbots-c20,4,10000,48.465319529521246,-48.46241930295593,48.46241930295593,0.0029002265653161885,101413.59097393384,870.6958904355627,0.991487491215634,4388,726,65183.41908465198,0.003369270117984371,0.08749683804178517,100.33692701179844,9963.231969892382,99.79690512669549,0
flashbots-c20,5,10000,59.73345960543038,-59.73791406259428,59.73791406259428,-0.0044544571638951425,143910.5083035895,2433.38868966006,0.9833721204665453,8620,1018,82321.27635500084,0.0003255083827747285,0.07584273041567385,100.03255083827747,9999.89159288646,89.6630303027163,0
flashbots-c20,6,10000,32.42645626928939,-32.41580385351959,32.41580385351959,0.010652415769797585,127635.57215262369,2064.4519961064634,0.984082871150902,9014,867,65494.920090109175,-0.003003844092789052,0.0457230948440629,99.6996155907211,10039.635596233773,112.87745809577848,0
flashbots-c20,7,10000,83.60314230440676,-83.60297076400873,83.60297076400873,0.0001715403980284691,156886.15211295325,88.09092390356717,0.9994388192470348,5836,1072,103947.09001873233,-0.00011188370654821255,0.08769930898023731,99.98881162934518,10001.631306956442,99.57023518258744,0
flashbots-c20,8,10000,175.76060961217814,-175.91317520979402,175.91317520979402,-0.15256559761587596,276965.61178059026,3072.3586569271665,0.9890287783041454,9772,1796,179503.77495862203,0.004190612455674767,0.19369552551980349,100.41906124556748,9950.586777451954,118.34002263650147,0
flashbots-c20,9,10000,89.9522742984522,-89.9933823512704,89.9933823512704,-0.04110805281820262,202117.3524625661,3029.8040702747307,0.9852310696307911,9159,1338,119719.32650534937,0.001395035919860419,0.08828152997660808,100.13950359198604,9900.968313510277,153.7840946317001,0
flashbots-c20,10,10000,64.46191331684042,-64.4614533676523,64.4614533676523,0.0004599491881265294,154857.8769207595,377.99191642942907,0.9975650478252172,7564,1068,92141.69248234446,-0.00031161417820356973,0.10917690324873135,99.96883858217964,10004.202582564263,101.48687291166948,0
flashbots-c20,11,10000,67.34431692467122,-67.33739231135824,67.33739231135824,0.006924613312975225,144872.19686551546,1820.3406868788497,0.9875907751188182,6162,920,88966.0267189817,-0.000489634671344561,0.12369386338109906,99.95103653286554,10000.015189328935,95.23554058680836,0
flashbots-c20,12,10000,168.58369055756864,-168.57368013131858,168.57368013131858,0.01001042625006221,302211.686643341,576.9278381345539,0.9980946184547839,11699,1908,188924.53841408566,-0.0036959257066105523,0.13885522261755284,99.63040742933894,10034.498620435239,101.37104955938125,0
flashbots-c20,13,10000,142.10775783915435,-142.1131395275986,142.1131395275986,-0.00538168844425968,284974.70139269857,2184.34480368572,0.9923932579084,10566,1854,185743.58734989437,0.0009522814023664238,0.08753272913178207,100.09522814023664,9992.519832484524,100.44654210855664,0
flashbots-c20,14,10000,84.93703386513518,-84.81020217791408,84.81020217791408,0.12683168722109883,131009.35320024997,3483.537020993121,0.9740987273359757,6574,1023,80477.58729061793,0.009856668973136777,0.12709944809503126,100.98566689731368,9976.769285974933,62.80895993167865,0
flashbots-c20,15,10000,107.67919626916813,-107.64307750695558,107.64307750695558,0.036118762212552724,202495.63753702494,3243.1848142918934,0.9842363984724581,7336,1391,134243.87744206507,-0.006180930376959992,0.08554147525109826,99.381906962304,10063.868099621921,92.84026173414608,0
flashbots-c20,16,10000,314.4606897331548,-314.1549305613609,314.1549305613609,0.305759171793909,254063.08287809842,2677.2185217994115,0.9895722700830308,9479,1858,168687.3498707491,-0.00001401917382878537,0.5147447425427029,99.99859808261712,9981.912597128063,33.40793782367383,0
flashbots-c20,17,10000,31.304730168866506,-31.327066038749344,31.327066038749344,-0.022335869882837756,119852.26308709085,1932.5044911084124,0.9841318045800143,8698,774,60047.737395701915,-0.0000057940211779339275,0.05057555613190786,99.9994205978822,10021.588430006237,139.045628647001,0
flashbots-c20,18,10000,137.67713888139787,-137.67048008960947,137.67048008960947,0.0066587917883964565,273698.4026863905,1055.9569145985988,0.9961567237144768,10356,1817,175843.78942099764,-0.0033359148685366334,0.08931614344548024,99.66640851314634,10034.316536073828,93.76140412178559,0
flashbots-c20,19,10000,37.640806356375705,-37.62135326337233,37.62135326337233,0.01945309300337783,132702.5207774971,2999.96383778412,0.9778930809830854,10224,759,63454.23383185146,-0.00000457338355175807,0.0812066300664749,99.99954266164482,9998.013380336362,112.35294496405139,0
flashbots-c20,20,10000,90.87068184756923,-90.90228518348596,90.90228518348596,-0.031603335916727815,182271.44213804012,4165.341569118177,0.9776581558301242,8174,1285,112221.08311769062,-0.00022564406029502494,0.13273035188611346,99.9774355939705,10021.01286968696,96.08783510341532,0
flashbots-c20,21,10000,141.28550363432333,-141.37069705960317,141.37069705960317,-0.08519342527984008,238856.64906938004,2701.9513354959927,0.9888145098913171,8998,1621,153292.70888731917,-0.0000024658185085968397,0.17375965818575195,99.99975341814914,9966.7316276916,66.664639588171,0
flashbots-c20,22,10000,82.13167518686146,-82.35076072840573,82.35076072840573,-0.21908554154427407,148629.83760991145,2331.756570368166,0.9845539749164045,7410,993,88194.53760265556,0.0025477210501209414,0.18547260443563943,100.2547721050121,10007.356695317849,57.98358028671422,0
flashbots-c20,23,10000,72.58554435551771,-72.65511082216794,72.65511082216794,-0.06956646665022959,200599.31097520466,1600.9851539221036,0.9920821819523958,7860,1075,118406.69727178653,-0.001774289886981819,0.06636837116108069,99.82257101130182,9988.323462613798,163.8063401131231,0
flashbots-c20,24,10000,51.139316199221305,-51.14534240135834,51.14534240135834,-0.006026202137036307,206426.83985498056,3355.571974594805,0.9840045123643595,10705,1096,110525.14105497811,0.0019184683415736003,0.04402083717181782,100.19184683415736,9954.232281414232,179.83882562108087,0
flashbots-c20,25,10000,77.4672821502701,-77.52307365125539,77.52307365125539,-0.055791500985293396,179864.24656971218,3221.5133964875436,0.9824043475741517,8821,1234,106039.99804242482,0.0007187396822907032,0.09630899133067189,100.07187396822907,10015.21965301593,91.09577641654727,0
flashbots-c20,26,10000,78.76380337487711,-78.77328694401723,78.77328694401723,-0.009483569140115833,175062.05565170993,1798.0487322195866,0.9898334972803343,10192,1400,101128.90718012144,-0.008945950264240707,0.0830960296306985,99.10540497357593,10069.95359959736,48.704627688688795,0
flashbots-c20,27,10000,34.75458008282337,-34.78313567630176,34.78313567630176,-0.028555593478394314,95902.27287047356,1836.636361584524,0.9812087491459123,4893,674,56356.32952696539,0.0035471817819760078,0.06088327382675715,100.3547181781976,9963.936936259082,84.40924722637783,0
flashbots-c20,28,10000,20.73710275203102,-20.753192166892894,20.753192166892894,-0.016089414861873763,104617.33901421861,1523.3737994059893,0.9856476015750815,4825,553,56021.74803292453,0.00003886492301333533,0.03333938091296787,100.00388649230133,9998.995352810975,205.51212060341794,0
flashbots-c20,29,10000,98.6600173753964,-98.6642302645823,98.6642302645823,-0.004212889185907898,176577.6955086099,1796.859426194232,0.9899264812357852,7900,1235,109389.15746506446,0.004075630768895024,0.1177525276534864,100.4075630768895,9960.210510200584,86.58439095986556,0
flashbots-c20,30,10000,55.67528036049425,-55.65598400699793,55.65598400699793,0.019296353496315533,129604.82231464634,2201.2247987381743,0.9832995158648176,7183,1029,76899.31653765116,0.0037279263160209554,0.1254137867261558,100.3727926316021,9995.971949542694,52.14392420479111,0
flashbots-c20,31,10000,108.4900197919024,-108.46518521318383,108.46518521318383,0.024834578718568423,224654.98571727672,4349.682203050325,0.9810061417413395,10243,1558,137705.28013750343,0.001937180434618,0.10317461972298318,100.1937180434618,9982.873403901274,110.67588266666739,0
flashbots-c20,32,10000,28.34562391014851,-28.34151061906188,28.34151061906188,0.004113291086632387,123559.86407105516,2293.187543456118,0.9817788483152544,7781,686,61889.07265805825,-0.0006832598308088222,0.06743890252788859,99.93167401691912,10026.132658914288,150.5462407016785,0
flashbots-c20,33,10000,56.89385625092345,-56.89371610940167,56.89371610940167,0.00014014152177566075,114698.15104115095,2542.430071020474,0.9783144194023743,7480,946,66594.83902945109,0.0033853986038066353,0.12620317175689535,100.33853986038066,9991.665331992184,65.08150843612081,0
flashbots-c20,34,10000,68.01178692447782,-68.01095783363215,68.01095783363215,0.0008290908456700663,174969.07685153585,2213.488555082479,0.9875073004502294,8714,1192,102742.00028108635,0.0008492283211813856,0.07444284415270047,100.08492283211814,9993.874603666776,101.14182694135982,0
flashbots-c20,35,10000,74.39739410678621,-74.43932057782482,74.43932057782482,-0.04192647103860736,156439.9126593792,3420.6279752177466,0.9786024245780798,11355,1177,84103.56552978233,-0.000007325214885725017,0.17860323488381083,99.99926747851143,10055.963477101479,48.53289564999783,0
flashbots-c20,36,10000,71.43821665879395,-71.43194842839762,71.43194842839762,0.006268230396329955,213011.38178836077,2600.0901176122065,0.9879408544701829,11649,1381,117399.54435883448,-0.004139225155286823,0.06585700785434824,99.58607748447132,10040.871595423796,93.57010798548743,0
flashbots-c20,37,10000,35.856215054268525,-35.874444111062246,35.874444111062246,-0.018229056793721554,101849.60422428217,2590.5638879189564,0.9751957131557287,5687,681,58027.84094807191,-0.0000624054051576195,0.06430962361517203,99.99375945948424,9982.802445624622,120.57881934574904,0
flashbots-c20,38,10000,38.905073286187324,-38.907296101999606,38.907296101999606,-0.0022228158122814534,87823.30904053245,923.7321096082674,0.9895914038638706,4308,669,53561.62872703944,-0.002182170207422729,0.07863530879704925,99.78178297925773,10020.144841813913,71.98237568592819,0
flashbots-c20,39,10000,69.03886879535945,-69.04190331957838,69.04190331957838,-0.003034524218932688,160718.39052196057,2414.968513548777,0.985196353904396,8832,1187,92699.17490735164,-0.0000005305537969491069,0.09540909546851722,99.9999469446203,10006.301550030033,63.832420655588194,0
flashbots-c20,40,10000,66.82894945666784,-66.82852916924246,66.82852916924246,0.00042028742538491315,133000.8015980192,2023.2933673345324,0.985015316208165,5747,897,84028.09065457007,-0.0009457548966798867,0.1379824609389101,99.90542451033201,10009.478203154038,103.824823994845,0
flashbots-c20,41,10000,61.957982735260366,-61.96115039379138,61.96115039379138,-0.0031676585310123073,223873.8116808725,4908.654170105031,0.9785444476619009,11086,1299,123775.6865617079,-0.00005578063493487662,0.04754530389948485,99.99442193650651,10033.017931949136,123.15711283826744,0
flashbots-c20,42,10000,70.54510855776238,-70.57425419976326,70.57425419976326,-0.02914564200088421,143933.9905563935,1719.4971793612729,0.9881946034654469,5977,941,88139.88545877123,-0.0004613362929676157,0.20348577469933204,99.95386637070324,9995.484332008455,131.86361333046014,0
flashbots-c20,43,10000,151.92411624887328,-151.92927874308617,151.92927874308617,-0.005162494212896718,265236.57111966173,3015.9883309954002,0.9887569075308296,9433,1680,173713.17626101483,0.004336278851025526,0.1031775612260492,100.43362788510255,9951.581552805592,104.65399671555824,0
flashbots-c20,44,10000,44.57925842338751,-44.56671378539246,44.56671378539246,0.012544637995048902,108224.04651621525,1365.5343826511933,0.9875395601347233,4188,741,70305.49889145528,-0.002465751549384265,0.05719483853147907,99.75342484506157,10058.162766988415,202.93007228776162,0
flashbots-c20,45,10000,75.61104490178523,-75.60590287489946,75.60590287489946,0.00514202688577825,206068.22631385855,786.546852144924,0.9961975890616084,11032,1353,116167.72147747653,0.0017230934773843386,0.1091078714990131,100.17230934773843,9982.365134926715,102.2127090536692,0
flashbots-c20,46,10000,156.00447829178515,-156.03482253887046,156.03482253887046,-0.030344247085309917,294184.0233394304,2091.5943308869937,0.9929403764395677,11127,1881,185008.67942581396,-0.0001896290624631547,0.16120004194025994,99.98103709375368,9997.025302047083,102.77217781739873,0
flashbots-c20,47,10000,163.9228489235978,-163.9458432512957,163.9458432512957,-0.02299432769791565,234785.58277480883,2534.2961274165946,0.9893211805975145,8363,1592,156220.40334485128,-0.00001397993312096446,0.17805344953449265,99.9986020066879,10004.383890703726,79.6674381363814,0
flashbots-c20,48,10000,77.73728403926185,-77.77912419989804,77.77912419989804,-0.04184016063618401,140393.31165275082,1818.0095468540037,0.9872161405187827,6485,1040,88925.45139519357,-0.0008352439020913494,0.1464589432511086,99.91647560979087,10001.181081945595,70.09697829734397,0
flashbots-c20,49,10000,48.83861205584411,-48.84189191632182,48.84189191632182,-0.0032798604777113383,163090.634228062,3789.224544283981,0.9772936975608711,10712,1023,83829.4128600828,0.0013745523481445332,0.07602509346665016,100.13745523481445,9982.564236232634,126.28308410483056,0
flashbots-c20,50,10000,75.6391639116216,-75.63164927742793,75.63164927742793,0.007514634193668712,121949.64117439337,1364.0243113043937,0.9889385794677995,4320,811,80348.04042536346,0.0000022980774984660002,0.19978850649409935,100.00022980774985,9994.304253560873,97.35866611043825,0
flashbots-c20,51,10000,61.01617265031867,-60.99355684777845,60.99355684777845,0.022615802540222774,144548.9120387433,2070.1836396325994,0.9858805319317085,5845,931,90843.36907922888,-0.0008208736612640166,0.05995292569460119,99.9179126338736,10020.448738970266,117.11257224741712,0
flashbots-c20,52,10000,55.788686294044396,-55.80001736169268,55.80001736169268,-0.011331067648285398,138865.86959027033,1445.3357295240164,0.9896990712450239,6005,927,86546.1367712726,-0.00008303271030769111,0.060532725884668966,99.99169672896923,10013.790774082248,125.65909739566708,0
flashbots-c20,53,10000,104.70145786002892,-104.66118037546458,104.66118037546458,0.0402774845643421,133498.30927189504,2363.8294216243316,0.9826012644556059,6315,1107,86267.79908216115,-0.0009015926955784437,0.16875547289026968,99.90984073044216,10004.644098194232,41.85639581894704,0
flashbots-c20,54,10000,33.972338429989286,-33.94460378363275,33.94460378363275,0.02773464635653511,75234.71014142512,1328.1264681731593,0.9826531183144975,5485,639,43878.40913247959,-0.000004636017271053561,0.11932910602063927,99.9995363982729,9987.866444283314,50.51369382026857,0
flashbots-c20,55,10000,162.4682249649051,-162.4208219809613,162.4208219809613,0.04740298394378328,244429.1951335835,4707.807096272208,0.9811035412077057,10513,1836,154205.44961574924,-0.012364444649002593,0.2008296066757954,98.76355553509974,10092.502178903433,60.546112460192404,0
flashbots-c20,56,10000,43.73340743134221,-43.79016509842604,43.79016509842604,-0.05675766708382923,104933.68696773132,1705.0465165997448,0.9840110018106106,5160,702,63254.11689063068,0.0000005116087588419304,0.07732397937759003,100.00005116087588,9979.44153563719,146.04832612510074,0
flashbots-c20,57,10000,64.694404905211,-64.67537013323889,64.67537013323889,0.019034771972116005,158989.54944580063,2038.3971484065428,0.9873413454526416,8897,1160,91352.18270820257,-0.00043915843210967864,0.08520325828573931,99.95608415678903,10023.041148712988,77.67038526056504,0
flashbots-c20,58,10000,140.62834344819902,-140.5570585026818,140.5570585026818,0.07128494551722042,211650.74243691104,3748.718227949453,0.9825964363309986,7792,1596,142457.9336542465,-0.0022082253581125143,0.1359122568931417,99.77917746418875,10033.593366016572,72.28276224227757,0
flashbots-c20,59,10000,81.20922470498819,-81.2075145477699,81.2075145477699,0.0017101572182838254,158555.049803996,320.65304967395366,0.9979817363894259,5922,1083,102532.86663823547,0.0016830771915087438,0.10304571352218417,100.16830771915087,9984.978766666025,97.70721160064947,0
flashbots-c20,60,10000,47.13723553759845,-47.180612044584336,47.180612044584336,-0.043376506985886465,156089.99077857056,3814.535565032106,0.9761449181442468,10994,1096,80714.11515432307,0.00002345120532268652,0.07645767045926491,100.00234512053227,10015.91029941714,92.56558696223887,0
flashbots-c20,61,10000,35.52138034212665,-35.51950599525294,35.51950599525294,0.00187434687370569,109957.32234875721,1620.7127098350977,0.9854746258169538,6225,763,61512.399460262764,-0.001903011038882454,0.07298021810053341,99.80969889611175,10026.62020498325,103.92595555353815,0
flashbots-c20,62,10000,33.366376515979425,-33.37295350323447,33.37295350323447,-0.006576987255044742,108669.2657674203,1770.3031172322528,0.9839703909105149,6526,696,59218.441084261736,0.0005017050409533396,0.0839766554480012,100.05017050409533,9990.255165397542,137.42372466016568,0
flashbots-c20,63,10000,126.00266454773279,-125.99188147254192,125.99188147254192,0.010783075190872182,274479.26091561525,2067.0331965079035,0.9925255436774364,11425,1719,165029.97631919698,-0.0002585545273234402,0.0962333127061811,99.97414454726766,9998.482897785967,98.96920325179053,0
flashbots-c20,64,10000,129.57556811559863,-129.60678395992647,129.60678395992647,-0.031215844327846298,210703.20223287912,3760.5050781863447,0.9824655410216705,9102,1530,134435.009464995,0.00027189461393675176,0.19275084978676943,100.02718946139368,10030.261162587261,74.15403615226887,0
flashbots-c20,65,10000,15.582901161401189,-15.581140307761721,15.581140307761721,0.0017608536394675411,53373.01887445507,340.34430649926946,0.9936636939796027,4299,358,26486.243133654432,0.0007698639615624359,0.0727447768698677,100.07698639615624,9994.143299224326,102.73393851923394,0
flashbots-c20,66,10000,65.47066210880814,-65.28097862367808,65.28097862367808,0.18968348513006106,111408.81653906239,1164.241308123773,0.989657904560928,4085,818,76145.47221800989,-0.019876645659076785,0.0817788771746541,98.01233543409232,10193.715972923525,94.85584061218105,0
flashbots-c20,67,10000,41.63659044321593,-41.6291923453383,41.6291923453383,0.007398097877626242,106031.19104212821,2383.6060435059912,0.9780140155441767,5871,823,62090.12635916356,0.0034893146923968745,0.05618694626870379,100.34893146923969,9979.986421494577,72.42108641022617,0
flashbots-c20,68,10000,44.6726408536556,-44.66728421312074,44.66728421312074,0.005356640534863288,137863.72409774477,3685.899361611176,0.9739603732491063,11250,955,67202.42599373565,0.004686944635243293,0.10984259695598951,100.46869446352433,9959.946562404502,58.40932061697143,0
flashbots-c20,69,10000,90.442509614236,-90.37068989019022,90.37068989019022,0.07181972404578119,126786.17757582321,1540.4533161135578,0.9879958407276291,5466,790,78854.97244339222,0.0019423846565256042,0.2655503715330829,100.19423846565256,9935.894110556519,134.91793217780622,0
flashbots-c20,70,10000,82.3634117119534,-82.32615671414484,82.32615671414484,0.03725499780856012,151071.47154944725,1155.5192790055874,0.9924092352301191,8049,1039,89237.17757410562,0.002203885763297819,0.2438562463554132,100.22038857632978,9980.868612706994,94.92072900346442,0
flashbots-c20,71,10000,50.112648733363415,-50.10306146457908,50.10306146457908,0.0095872687843368,126200.84837792678,2503.2387786010954,0.9805504329046155,7706,983,72638.08803491716,0.0023072752007873023,0.07259316106659512,100.23072752007873,9960.678160154344,68.45710391780875,0
flashbots-c20,72,10000,22.639743278726662,-22.63600368394146,22.63600368394146,0.0037395947852019162,83174.7744881813,2397.0547852171703,0.9719878048001208,6623,580,41314.2184250266,0.00014134309807829483,0.051862685679486306,100.01413430980783,9997.833747439201,96.37060832147118,0
flashbots-c20,73,10000,16.844268597099873,-16.84010349347446,16.84010349347446,0.004165103625414446,58265.6631016975,1177.4547105195534,0.9801919086034623,4392,417,29834.929801485458,0.002760578295419691,0.05712020591968482,100.27605782954197,9979.913574191694,100.67828776070691,0
flashbots-c20,74,10000,103.3149492270341,-103.31677530316782,103.31677530316782,-0.0018260761337103304,219339.34781402885,2289.084385934054,0.9896715220009825,9203,1491,137829.0580277364,0.000002827126653102141,0.08379607485091711,100.00028271266531,10000.153217493555,95.90659946873016,0
flashbots-c20,75,10000,38.134714927553894,-38.12705315222767,38.12705315222767,0.007661775326226916,146344.76367581834,2971.0097685397786,0.9801025055825939,11093,891,71315.4766413494,0.0006588922356267801,0.055145034217453884,100.06588922356268,9952.066863808663,91.22287163918266,0
flashbots-c20,76,10000,29.052038619864554,-29.042277572429974,29.042277572429974,0.00976104743457995,82181.40872026917,1119.2365541656852,0.9865638909461223,4422,553,48120.163131313326,0.0017178778155064833,0.0537519718656074,100.17178778155065,9995.905960173213,125.84233488930936,0
flashbots-c20,77,10000,44.763221787027156,-44.75368756234842,44.75368756234842,0.009534224678738212,93928.46408410663,1264.3865253101824,0.9867176314479955,4283,697,59501.34076315337,0.0003753918910031473,0.11151007717029017,100.03753918910031,9997.81457853714,95.62363522688833,0
flashbots-c20,78,10000,50.47295875460889,-50.44365351497207,50.44365351497207,0.029305239636819636,130934.25056227279,4398.653839985736,0.9674975287095641,9256,865,68643.03136348964,-0.003721945251579797,0.1172509644275297,99.62780547484202,10036.468209574203,84.69556416044391,0
flashbots-c20,79,10000,38.898265860390445,-38.896740780394566,38.896740780394566,0.0015250799958792527,142548.65556667311,232.61481430586667,0.9983708310362754,11379,894,69107.52748309931,0.0002649344496776962,0.08389293495685507,100.02649344496777,9998.129231369303,102.00281131785363,0
flashbots-c20,80,10000,26.467397904368884,-26.468110932053307,26.468110932053307,-0.00071302768442294,89936.16134862378,1864.9267801407334,0.9796851342597932,5062,561,49792.09924715458,0.0016248902339600592,0.03834847308058343,100.162489023396,9987.721219945292,113.19352804042104,0
flashbots-c20,81,10000,24.563902773402038,-24.572955454250234,24.572955454250234,-0.009052680848196104,80652.80186582202,2413.6489682579654,0.9709431552206428,5463,590,42664.49385242552,-0.0006448380739453797,0.050501750788347406,99.93551619260546,10005.956750743842,74.05978472305385,0
flashbots-c20,82,10000,61.32641139187034,-61.34469554218818,61.34469554218818,-0.018284150317839476,163799.4631272616,2643.6823024838754,0.9841166045278821,7135,927,97277.10264844546,-0.002560536449075954,0.08124865144787108,99.7439463550924,10070.413890733324,143.70313277411483,0
flashbots-c20,83,10000,47.38961751849632,-47.39220552330262,47.39220552330262,-0.002588004806298727,110642.25055073405,2835.1354864670348,0.9750158548282246,5553,768,67017.81843975068,-0.001520462592022369,0.08038052622216782,99.84795374079776,10019.888838670498,91.19295798900148,0
flashbots-c20,84,10000,71.96009104058786,-71.97909945252306,71.97909945252306,-0.01900841193520364,217517.23134013804,4193.80756280262,0.9810843538348194,9695,1270,122940.69963156496,-0.0026838188351244697,0.06867926079806551,99.73161811648755,10022.579563925841,140.58364303972618,0
flashbots-c20,85,10000,53.1651954030101,-53.16740257017313,53.16740257017313,-0.0022071671630286005,138096.65579481734,2127.359718108433,0.9848288489648028,7328,924,80167.30469239297,0.0004879208304399185,0.0691172348608923,100.04879208304399,9976.75910174266,98.12149974691745,0
flashbots-c20,86,10000,61.33569523661227,-61.33676508439862,61.33676508439862,-0.0010698477863542166,155609.47006000037,143.45525017385242,0.9990789563028227,8678,1029,88832.89480286228,0.00004420611241656047,0.11568316967683799,100.00442061124166,10002.207052721726,99.3576510960261,0
flashbots-c20,87,10000,196.17153961482202,-196.09531576806415,196.09531576806415,0.07622384675786975,293666.8099517257,4206.048920684091,0.985879717485487,10715,2055,191993.11474466202,0.0002888755757228978,0.12707466091649564,100.02888755757229,9943.20567333143,60.98923060627165,0
flashbots-c20,88,10000,110.39825326527287,-110.22366065531753,110.22366065531753,0.1745926099553401,187008.29298206707,1958.8669674655346,0.9896338233162383,7249,1270,121269.46239145026,0.00880095125979878,0.11385089039702137,100.88009512597988,9919.17161209714,144.27266168576583,0
flashbots-c20,89,10000,22.753520825214984,-22.75569689241349,22.75569689241349,-0.0021760671985049385,80730.1969837487,2773.9062482846857,0.966781198277445,5899,611,42500.86138973831,-0.00013687899002519542,0.036271082523481935,99.98631210099748,10001.596972450976,82.74322143651109,0
flashbots-c20,90,10000,198.1216232257451,-198.14006723582446,198.14006723582446,-0.018444010079349482,315889.8693490184,2043.087457997005,0.9935738418611406,11270,2028,203982.35335295106,0.0005950518472202759,0.1450335733984983,100.05950518472203,9994.565167050241,89.13127481907044,0
flashbots-c20,91,10000,26.39811122826865,-26.393112612768,26.393112612768,0.004998615500650061,69796.41089140059,1264.2935062162585,0.9822082609941218,4702,534,38448.67686742431,-0.0006516467612732413,0.06740929496204245,99.93483532387268,10008.960302952875,90.47500892590769,0
flashbots-c20,92,10000,43.616356160212206,-43.63081704974458,43.63081704974458,-0.01446088953237279,124770.83545822876,2300.3428463426503,0.9818972100752142,9099,896,66282.37645929905,-0.0007316412609307577,0.07001628108561121,99.92683587390692,10010.12748005821,46.34894965051198,0
flashbots-c20,93,10000,148.51012135084412,-148.502635797771,148.502635797771,0.007485553073109941,278102.39592942165,5063.79107391029,0.9821172466688237,10729,1705,172340.423862571,0.00011137186446958935,0.17923921196478532,100.01113718644696,9996.73355253457,108.74972911151411,0
flashbots-c20,94,10000,54.471560103571775,-54.468243428520964,54.468243428520964,0.0033166750508115683,155545.73941463066,1955.8178757040214,0.9875822315070909,8723,1047,88801.57909828256,-0.002224347008738761,0.07020258026314366,99.77756529912612,10014.933143136715,86.87945885007937,0
flashbots-c20,95,10000,149.96859936416024,-149.94542390871052,149.94542390871052,0.02317545544971722,247337.1537521262,2909.0502013548344,0.9883752474347398,9261,1661,158936.87586951331,-0.0036595872211673,0.12105910342897346,99.63404127788327,10042.13420088713,82.82845130071455,0
flashbots-c20,96,10000,39.786022464501386,-39.774449142251115,39.774449142251115,0.01157332225027119,123716.87668014635,2112.8865445505016,0.9832083722451461,7041,833,68863.34970906953,0.0011867299926085195,0.06214788984578903,100.11867299926085,10006.555067681134,101.89845176990846,0
flashbots-c20,97,10000,42.281607216169014,-42.27569299148856,42.27569299148856,0.005914224680452662,95767.85845339662,1417.3539178274862,0.9854159508093316,4611,714,58237.57915229269,-0.0037930766180562614,0.07458704446779564,99.62069233819437,10029.88093624739,76.02099851722808,0
flashbots-c20,98,10000,70.80133059281141,-70.81160632680721,70.81160632680721,-0.010275733995797509,187394.12593784626,3275.887411475329,0.9828190738861823,9176,1221,110586.84321346434,0.001596014628653819,0.06956457987384666,100.15960146286538,9987.80083830607,115.97815055388776,0
flashbots-c20,99,10000,109.62565866509021,-109.57048151431289,109.57048151431289,0.05517715077732532,128205.89935276753,2144.7424801397055,0.9835463604169362,4972,1063,89553.12460304832,0.0000009085909022132909,0.1322732892177072,100.00009085909022,9997.525335882123,56.70140573344945,0
flashbots-c20,100,10000,150.51056388382347,-150.56212791312277,150.56212791312277,-0.05156402929929982,270734.70733857615,3242.590797478216,0.9881647464241071,10972,1802,170747.17586015727,0.00033899767350433765,0.0974453826786059,100.03389976735043,10032.06451987012,104.02738870828291,0
flashbots-c20,101,10000,110.35440784781261,-110.32949184074852,110.32949184074852,0.024916007064092582,214253.16361201683,1262.514377944392,0.9941418907908722,8673,1492,137675.8620636066,0.00701922199800947,0.10260162414394941,100.70192219980095,9944.447060699827,90.23761949204535,0
flashbots-c20,102,10000,138.28933477454282,-138.25561748978876,138.25561748978876,0.03371728475406144,217586.82941275238,3337.5839865482476,0.9848926429850201,9303,1623,139443.48266975314,0.0001899092873354391,0.1024488687641481,100.01899092873354,9984.770610697318,62.261355572996756,0
flashbots-c20,103,10000,54.03893723456968,-54.047525469037666,54.047525469037666,-0.008588234467985956,135852.21569078913,2883.5894293478873,0.9792152470888761,9250,1117,75377.47051838324,-0.0005228232445125513,0.06541149608970713,99.94771767554874,9972.445973064152,48.18442667012048,0
flashbots-c20,104,10000,31.70950915129287,-31.709505136543534,31.709505136543534,0.000004014749336533896,91118.48561420981,1313.690138688959,0.9857875233598213,5516,716,54665.00850128612,0.00043723337098484195,0.04668477659813888,100.04372333709848,9996.14187407551,95.58534366048933,0
flashbots-c20,105,10000,103.1160271485508,-103.12354450995929,103.12354450995929,-0.0075173614084889095,243593.01875891403,2654.6713559991563,0.989219507582953,9527,1551,148920.2019231743,0.00000008633981238403976,0.07919315734826142,100.00000863398124,9985.14382162846,126.3446173667896,0
flashbots-c20,106,10000,68.65370866993125,-68.69185890359974,68.69185890359974,-0.03815023366848891,198479.26224847743,3083.1887881092885,0.9847035557850523,10520,1188,108912.26122569671,-0.0005617076296975654,0.125097651510834,99.94382923703024,10032.622639173556,123.2856935857355,0
flashbots-c20,107,10000,64.5553336803734,-64.53592901362761,64.53592901362761,0.019404666745785448,107222.24307155305,1247.8981256422314,0.9884954687818319,4293,754,70510.52407637701,0.003435853740161292,0.132560077296541,100.34358537401613,9960.430654840917,112.59229413037767,0
flashbots-c20,108,10000,49.85719391232675,-49.84705412419324,49.84705412419324,0.010139788133507466,141975.86307587527,2822.1961356190022,0.9805094339593539,8582,952,78067.12722234818,0.0027554463198619316,0.11010705479366337,100.2755446319862,9971.685177196448,98.97826851090687,0
flashbots-c20,109,10000,65.49293777430526,-65.51124078591208,65.51124078591208,-0.01830301160681813,167205.2415762807,3365.6538564296657,0.9802682993022253,10458,1201,92964.26576016119,-0.0018394268204400533,0.09223919316353914,99.816057317956,10016.18583204221,78.35886006302351,0
flashbots-c20,110,10000,39.199770151190165,-39.22022638324847,39.22022638324847,-0.020456232058307933,96033.97828166142,1546.364434112617,0.9841529104010551,5470,675,55342.83394989913,0.0010734273340099775,0.08242397557203901,100.107342733401,10000.071087031522,97.06464735191683,0
flashbots-c20,111,10000,185.64478856439032,-185.6511010191919,185.6511010191919,-0.006312454801587819,320952.0550390403,1771.9521205806311,0.9945093885757801,11741,2022,205060.9104360548,-0.0010778854959107775,0.14389692480266092,99.89221145040892,10020.386247050432,85.90060301799143,0
flashbots-c20,112,10000,33.78513638097273,-33.80161102421173,33.80161102421173,-0.016474643239000386,160490.75750761232,4000.0007320382033,0.9756825199491724,11372,817,75283.27403096524,0.0019776224241707043,0.0411403256082248,100.19776224241707,9954.481610714027,231.81134331243595,0
flashbots-c20,113,10000,166.00858437634335,-165.97925089354362,165.97925089354362,0.029333482799728472,312352.1993424113,2550.17371809873,0.9919017005387613,11386,2021,199906.0804846668,0.0000783099867246051,0.08862168672606202,100.00783099867246,10024.927781814744,116.02591753715777,0
flashbots-c20,114,10000,96.05258013581894,-96.05638586431917,96.05638586431917,-0.003805728500225314,184989.81030332355,779.4488004056649,0.9958042099959583,7736,1226,115471.48134081649,-0.0001545388507287271,0.15305310778529915,99.98454611492713,9998.297616917698,94.79567510274329,0
flashbots-c20,115,10000,36.182558041037545,-36.19070404543392,36.19070404543392,-0.00814600439637303,131297.3569615136,1951.3843314761216,0.9853553263427428,7593,800,70412.73208635999,0.0007712088926270155,0.04459868013923739,100.0771208892627,9996.68323056156,151.57175636232085,0
flashbots-c20,116,10000,204.36264787221776,-204.2740722688967,204.2740722688967,0.08857560332106118,311260.2006576706,2809.76878054031,0.9910536853123326,11126,2116,203702.14878721721,0.000001571499684871469,0.1428454453127945,100.00015714996849,10029.15447830563,88.85658903404455,0
flashbots-c20,117,10000,45.776537191011215,-45.80617618917334,45.80617618917334,-0.02963899816212745,212839.9353799526,3315.543586162834,0.9846613021237247,10159,1013,109450.16417556007,0.001968651174921945,0.06336230054832782,100.1968651174922,9932.691465528847,223.81651361137108,0
flashbots-c20,118,10000,131.02570898895974,-131.0245254823023,131.0245254823023,0.0011835066574406028,227487.38154191186,348.75638794394126,0.9984692665917145,8180,1514,151759.1928722594,0.000001677228504490813,0.10161481510574902,100.00016772285045,10002.220287474847,97.05795474736756,0
flashbots-c20,119,10000,38.2128138735206,-38.20116167388416,38.20116167388416,0.011652199636444038,177249.64064300034,3702.3799340089654,0.9795394385638634,11478,875,83717.79623389852,0.0028236557138522755,0.060271504298925006,100.28236557138523,9937.162939899994,228.41773225218557,0
flashbots-c20,120,10000,18.59904678083589,-18.480053470906448,18.480053470906448,0.11899330992944357,69198.41660345567,1167.8428258332451,0.9834033692382524,4555,449,34187.028702973184,-0.014866140250278619,0.06757937415436274,98.51338597497214,10155.414914934172,108.22252911637716,0
flashbots-c20,121,10000,43.9214500504351,-43.936168680603586,43.936168680603586,-0.01471863016848829,164334.29737942148,2385.3177886791973,0.9856926385880022,11095,1042,81905.53505944223,-0.0004868960462864891,0.0455070625907679,99.95131039537135,9995.80793666273,81.2835534671967,0
flashbots-c20,122,10000,39.289112797056276,-39.2861174534646,39.2861174534646,0.002995343591678079,140760.43808851528,3349.911818849281,0.9767545369156162,6653,766,79767.22316855966,0.00016191364060532009,0.058501383910468406,100.01619136406053,9917.74997656024,162.68022996178323,0
flashbots-c20,123,10000,44.38330815350611,-44.40228254333568,44.40228254333568,-0.018974389829573113,167823.4190800883,3252.441606785711,0.9809883077967453,8534,859,89052.01153140188,0.0009269430925996858,0.05697010950226371,100.09269430925997,9986.228222463968,201.07660064900926,0
flashbots-c20,124,10000,193.76944276617022,-193.44171223708182,193.44171223708182,0.3277305290883987,233052.01111081956,3490.443537590565,0.9852439024411975,9705,1841,153188.1831238038,0.0004408693341105163,0.25266595333645087,100.04408693341105,9954.167309619163,103.73932183511346,0
flashbots-c20,125,10000,17.18456484514642,-17.178073297168986,17.178073297168986,0.006491547977432788,65469.060798246726,1150.4036905578764,0.9827317181339517,4298,397,32722.478149891638,0.002752416867736116,0.055724749108792083,100.27524168677361,9969.295783282567,133.76052009310555,0
flashbots-c20,126,10000,47.85957296252459,-47.857745205075986,47.857745205075986,0.0018277574486020853,158528.56797319357,1806.578361054243,0.9887324869040997,10545,1088,85068.47141535378,0.0017304381962024707,0.05229742414120409,100.17304381962025,9983.49910374029,92.61125780319949,0
flashbots-c20,127,10000,100.74580548593495,-100.87521507605672,100.87521507605672,-0.12940959012176734,151298.7838307378,3019.2995101634915,0.9804345709537254,7330,1220,95699.19960770833,-0.0010552864595813104,0.21381889196524115,99.89447135404187,9976.035969977687,73.49070188611262,0
flashbots-c20,128,10000,91.29871306846978,-91.32942058746832,91.32942058746832,-0.03070751899853974,211319.5066544806,3245.91747871297,0.9848721316967731,10210,1340,123664.63660904167,-0.002144127302823193,0.1192002020339497,99.78558726971768,10058.416111385832,102.4981197144621,0
flashbots-c20,129,10000,121.9393234049237,-121.72670617804891,121.72670617804891,0.21261722687478368,229905.7589626056,3676.010627760787,0.9842624249563336,10189,1512,138608.03292997912,-0.014910860748257591,0.10857322783520801,98.50891392517424,10140.591955215676,118.09338011502805,0
flashbots-c20,130,10000,194.98483704018165,-195.0315086883901,195.0315086883901,-0.04667164820844505,255826.37749110814,3638.848487355468,0.9859755831494064,9029,1814,171584.28165742834,0.0024930909881609865,0.17283009159803397,100.2493090988161,9985.971553521524,65.91285074284076,0
flashbots-c20,131,10000,27.62188457544105,-27.61860125680724,27.61860125680724,0.003283318633812371,103985.17230519558,1650.3776786557064,0.9843766830493332,7993,678,51552.393364497206,0.0005598681753652101,0.07169415950147993,100.05598681753652,9987.85211248885,67.88717777144794,0
flashbots-c20,132,10000,90.08960090951686,-90.09956670071423,90.09956670071423,-0.009965791197373619,126920.45322085351,3116.695078066004,0.9760322714021568,5628,1039,82878.7463909168,0.002220124586083614,0.17131117384849204,100.22201245860836,9993.632174719693,38.91995134673968,0
flashbots-c20,133,10000,215.97649343493188,-215.7499625095444,215.7499625095444,0.2265309253874932,252795.40532725005,2581.4261336960903,0.9898916980098453,10842,1595,155038.52073001547,-0.000011250830368680909,0.37030628046718456,99.99887491696313,9974.480239898367,102.33135517634553,0
flashbots-c20,134,10000,50.2700174782502,-50.26714850588114,50.26714850588114,0.002868972369064693,127384.69813093031,2295.0928499753913,0.9823018464741872,6929,836,71104.42231277375,0.00000341541620699104,0.08917733668802484,100.0003415416207,9994.895640160947,99.52369914270692,0
flashbots-c20,135,10000,57.08427518609578,-57.071857742154904,57.071857742154904,0.012417443940876183,154928.39083508262,4589.718752852632,0.9712276006485487,10902,1063,80505.68487709985,0.0023522861242419426,0.09523591825378802,100.2352286124242,9970.29992183675,71.09016119825175,0
flashbots-c20,136,10000,37.179970776263616,-37.16969136522588,37.16969136522588,0.010279411037735997,126811.95754854161,2070.182494998091,0.9839373981973085,8632,836,65714.628259838,0.00004218447141283832,0.09597384109488431,100.00421844714128,10003.194765410466,90.45156927075406,0
flashbots-c20,137,10000,54.42654884891404,-54.4196384428344,54.4196384428344,0.006910406079640552,164128.2340447149,2478.4113499673535,0.9851241747044596,8088,1112,96136.77213887266,0.0019488302454840323,0.06985292785418068,100.1948830245484,9985.14840552375,104.0445110828318,0
flashbots-c20,138,10000,51.073204291714596,-51.078992052314064,51.078992052314064,-0.005787760599467617,146841.80023326818,2832.0309368610338,0.9810786500571235,8352,967,81330.26565557203,-0.000004548232718235568,0.05708202417559519,99.99954517672818,9997.43172331493,95.4695741911343,0
flashbots-c20,139,10000,74.1267441843565,-74.11719611431195,74.11719611431195,0.009548070044544943,182956.8816695691,2385.9108724802513,0.9871270372062677,8171,1124,107794.76583137234,-0.003169496248209356,0.10154966807126627,99.68305037517906,10083.608132871792,120.10161621218924,0
flashbots-c20,140,10000,80.93342254049448,-80.90097334037483,80.90097334037483,0.03244920011964325,131060.76669287065,2041.6270106024858,0.9846612299463913,7026,1059,79663.80804584143,0.0034796695994572246,0.15461248587183235,100.34796695994572,9968.32626352033,72.86601294850834,0
flashbots-c20,141,10000,30.416780795502127,-30.4118647639406,30.4118647639406,0.0049160315615282,111424.73400773316,2183.070030162895,0.980784154322403,8419,730,55579.94928864911,0.002082091986197696,0.05232253694627374,100.20820919861977,9976.434310466459,87.3522119895297,0
flashbots-c20,142,10000,136.06290964127976,-136.034115019204,136.034115019204,0.028794622075764664,237641.5487924073,1859.2332899753062,0.9922370471035216,8971,1546,151199.6873843566,0.0037318443990432115,0.14333418207897466,100.37318443990432,9963.23630849398,113.27656322645666,0
flashbots-c20,143,10000,32.52189635511837,-32.514464962236985,32.514464962236985,0.0074313928813865004,134491.25904665524,4107.051200642063,0.9703672346847955,9895,787,62268.02262844212,0.0000072345929561379304,0.05193975438216015,100.00072345929561,9997.550392771851,143.38365960936963,0
flashbots-c20,144,10000,130.7988140579316,-130.670843393434,130.670843393434,0.12797066449758177,156442.4631138148,3253.25935659064,0.9796283876220071,7608,1218,98733.53720023143,0.0027266677984080444,0.39559107153023776,100.2726667798408,10003.027436554605,55.61645980707202,0
flashbots-c20,145,10000,64.56064557280679,-64.54005268350245,64.54005268350245,0.020592889304339224,152860.475356072,2851.569070989195,0.9816869075126367,8332,959,87115.57475189854,0.0006236246216043639,0.1168540794040608,100.06236246216044,9983.476564354072,115.22724517525236,0
flashbots-c20,146,10000,123.32651647209538,-123.32279384267179,123.32279384267179,0.0037226294235921387,228907.41547242829,4674.6086420971,0.97998729285861,9284,1567,146301.3805649023,0.002649383941932939,0.10901866058594606,100.2649383941933,10006.345872840213,108.39662639911074,0
flashbots-c20,147,10000,80.32644663097209,-80.31397676598291,80.31397676598291,0.012469864989171242,168070.97398924932,1640.996620877623,0.9903306960906876,6390,1160,109040.93229155152,0.0033879254214129162,0.07810551708913564,100.33879254214129,9970.02399524692,94.86693306153195,0
flashbots-c20,148,10000,66.33068087647685,-66.28389144612908,66.28389144612908,0.046789430347772054,205152.94088174985,1396.9773124363685,0.9932366116401798,8122,1006,119087.668209459,0.0002716246581580606,0.07658060345699681,100.0271624658158,10031.646967747965,253.78965492734454,0
flashbots-c20,149,10000,39.309186912665524,-39.30775748212501,39.30775748212501,0.0014294305405115892,143289.6215001143,2791.236853427005,0.9808925215467197,8996,921,75133.35743537126,0.00012108952806983098,0.04824966060291018,100.01210895280698,9996.732865878184,137.6635502152757,0
flashbots-c20,150,10000,49.74735621915574,-49.74313423230235,49.74313423230235,0.004221986853387705,96362.33693728104,1557.2431259002265,0.9840967136001253,5425,826,59734.84138582779,0.002108037638669771,0.08996209282024381,100.21080376386698,9976.595963988233,74.1146224176046,0
flashbots-c20,151,10000,89.2196193036369,-89.23429324106453,89.23429324106453,-0.01467393742763079,156735.04412453226,1357.3520983298574,0.9914141848010425,6691,1082,98411.63169850766,-0.00019344839763363097,0.21318813993680635,99.98065516023664,9999.664277381042,87.19231511011469,0
flashbots-c20,152,10000,110.77470965556402,-110.98113172620883,110.98113172620883,-0.20642207064480544,152560.67327835158,2877.7119357717816,0.9814864781835735,8656,1094,89233.64064671464,0.00175313957932687,0.3092541069071399,100.17531395793269,9995.666832338378,90.90929103459119,0
flashbots-c20,153,10000,18.551142858185507,-18.551210699543986,18.551210699543986,-0.00006784135847937023,85886.09487240101,896.8209161993996,0.9896659278148245,7176,579,41695.55743596217,0.00017148040983784086,0.033794465102221664,100.01714804098378,9997.7558422718,102.91618631381526,0
flashbots-c20,154,10000,27.039353424327025,-27.044011561489455,27.044011561489455,-0.0046581371624299095,83727.68523129539,1642.4287292732274,0.9807610807450503,6336,639,45700.19158630638,0.002065738605815284,0.05179947181046586,100.20657386058153,9972.493209919268,102.51644130375507,0
flashbots-c20,155,10000,95.36895262644424,-95.36350889179195,95.36350889179195,0.0054437346522888674,165075.10320115593,1833.5074701286098,0.9890149018510519,6690,1226,108939.20991252306,0.002913971418806085,0.08081311301760095,100.29139714188061,9963.583160871081,80.22522366676966,0
flashbots-c20,156,10000,94.92681217430145,-94.97669887348052,94.97669887348052,-0.04988669917906918,179891.35688506154,2621.4197996650028,0.9856370614305362,7081,1207,115280.5136907401,-0.0002741561810378812,0.09295670457591214,99.97258438189621,10036.613028521178,118.8185059000919,0
flashbots-c20,157,10000,118.4736788578015,-118.48979381822659,118.48979381822659,-0.0161149604250852,230482.95083379513,3357.5432482393253,0.9856417372815615,9840,1495,140963.63894785073,0.0010459744724005304,0.1648693842019925,100.10459744724005,9979.394882996323,109.00829646753655,0
flashbots-c20,158,10000,113.6755405875523,-113.65093935978474,113.65093935978474,0.024601227767561795,176901.74029681511,3148.7091423416136,0.982512072854305,7203,1309,116090.896815973,-0.0020984257700833097,0.20373942654437044,99.79015742299167,10055.465906402731,174.38100864889887,0
flashbots-c20,159,10000,64.62441513869074,-64.59122786769618,64.59122786769618,0.03318727099455998,203405.54322809877,5526.644747876107,0.973548141138925,11357,1316,110063.70269225577,-0.001018537274879492,0.07498441971386641,99.89814627251205,9994.941705161158,89.59126963684643,0
flashbots-c20,160,10000,31.7948996432062,-31.792333576987517,31.792333576987517,0.0025660662186837158,89395.36391930384,1404.256936703883,0.9845345506570915,5384,704,52484.709426856476,0.000007052854692517485,0.044399781715130475,100.00070528546925,10005.57952600804,79.25054805216993,0
flashbots-c20,161,10000,23.80523200740986,-23.80575868743287,23.80575868743287,-0.0005266800230110391,91404.43855528285,668.4231023238016,0.9927402810090831,7160,620,44950.74930571816,0.00024314204442191567,0.07297509674854609,100.02431420444219,9999.332859955084,91.58311333071114,0
flashbots-c20,162,10000,95.46285825502112,-95.45064028840123,95.45064028840123,0.012217966619886056,159123.4825694493,1946.0520723610448,0.9879179381955208,6037,1064,101107.52356549697,-0.0004219727799549844,0.21205059794276537,99.9578027220045,10007.960220860523,94.62081937808479,0
flashbots-c20,163,10000,130.64131251523946,-130.65553325690865,130.65553325690865,-0.014220741669191739,216703.66693600942,2933.1396016461244,0.9866455005976275,11375,1723,130160.73588249747,0.000002750292375282015,0.09744534156991903,100.00027502923753,9956.119282704249,44.00890757798017,0
flashbots-c20,164,10000,32.34433444208455,-32.33518346049767,32.33518346049767,0.009150981586884654,91378.0117362532,2718.260901108674,0.9711119173488987,4719,743,56077.50469789699,-0.0000012912222588568057,0.04414365446808247,99.99987087777411,10007.892505835543,86.19144714022153,0
flashbots-c20,165,10000,177.94350473994766,-177.97823685398197,177.97823685398197,-0.034732114034312644,296706.2321629252,5396.519270593024,0.9821368086024183,10859,1894,188947.86926813942,-0.0011969333393255966,0.18943633521728287,99.88030666606744,10004.607714013426,96.73209893265582,0
flashbots-c20,166,10000,239.66640248600908,-239.75569677384684,239.75569677384684,-0.08929428783775961,295833.95674044546,5807.417834248947,0.9807472769859995,11706,2093,190554.03336212735,-0.0018306748611867363,0.2605003019359488,99.81693251388133,10045.061775823357,84.24358471801214,0
flashbots-c20,167,10000,19.773739877881606,-19.772411326079933,19.772411326079933,0.001328551801673683,66189.67404201394,1179.2388086490137,0.9824958017169872,4953,499,35742.02479297065,0.0006173306081267071,0.047241089971658996,100.06173306081267,9989.907574535231,83.73482049058491,0
flashbots-c20,168,10000,37.9060171356395,-37.909209241816775,37.909209241816775,-0.0031921061772735015,107609.52083538107,1768.6708278965898,0.9838297671500963,5451,736,63469.54064462013,0.0002630095642014396,0.04257906483007986,100.02630095642014,9993.965530739402,101.40934073146617,0
flashbots-c20,169,10000,59.37654110594478,-59.36829130334138,59.36829130334138,0.00824980260340169,181602.26569542018,2229.768525561918,0.9878706204007863,9792,1170,102683.35625309653,0.0058410679545687575,0.08175783335286284,100.58410679545688,9937.595393490044,121.41388861505814,0
flashbots-c20,170,10000,93.84720113927595,-93.76344354379918,93.76344354379918,0.08375759547676864,177929.74322433866,2986.9120092149265,0.9834901214298983,7059,1218,113107.96423440802,-0.000001062429427349798,0.14786057996463825,99.99989375705727,10020.172297424338,88.99655015191802,0
flashbots-c20,171,10000,116.27632630344222,-116.20642008106574,116.20642008106574,0.06990622237647415,199815.22462048504,2532.2165803630205,0.9874857988550022,8366,1413,127302.6369987284,-0.003143292732914773,0.21170129488040998,99.68567072670852,10033.051031855857,88.88289485925085,0
flashbots-c20,172,10000,27.564253703332554,-27.564281296618596,27.564281296618596,-0.000027593286041849296,94363.79755302767,1220.2193217573436,0.9872340652584645,6885,666,49587.865103031734,-0.0006955743192331454,0.09519666240841416,99.93044256807669,10006.590935030468,100.12704678278762,0
flashbots-c20,173,10000,112.11776696002121,-112.11068768990796,112.11068768990796,0.007079270113251823,181602.50133069887,73.91377828035199,0.9995931569970928,8381,1176,108548.85515619857,0.00341946693238981,0.26662405356133545,100.34194669323898,9964.33642112024,99.82540720581034,0
flashbots-c20,174,10000,89.00881559378834,-89.00634425364521,89.00634425364521,0.0024713401431313287,215988.9816832653,488.8702966773972,0.9977417075594288,10182,1413,126820.83500237236,-0.0026826994948289952,0.08563082798550355,99.7317300505171,10025.389683865988,101.54059972097969,0
flashbots-c20,175,10000,76.12767766823988,-76.1045812644619,76.1045812644619,0.023096403777984165,133578.68474522253,2026.8849388766996,0.9850530848873064,5748,985,85934.59636214537,-0.00325448855742394,0.13179286893181555,99.6745511442576,10024.513373024058,71.18943770981471,0
flashbots-c20,176,10000,89.16710016512975,-89.17879539154495,89.17879539154495,-0.011695226415199045,203134.76608496884,3624.8870106045233,0.9824681123404239,10738,1303,115648.5107767486,0.00000012966641719458493,0.15221502306631435,100.00001296664172,10004.336220308189,113.5668795006855,0
flashbots-c20,177,10000,94.06734296353073,-94.06121216694277,94.06121216694277,0.0061307965879677795,193951.6766425471,66.72445467419729,0.9996560921319996,10997,1242,107996.77735479952,-0.001559746801083577,0.21130717638039073,99.84402531989164,10015.082486356674,100.99498380035627,0
flashbots-c20,178,10000,16.6537777584217,-16.656034181622857,16.656034181622857,-0.002256423201156821,59928.026638852716,1282.0100298186944,0.979055558539228,3982,437,33127.927842218276,0.001707570908307332,0.05070382347505571,100.17075709083073,9985.005172208746,99.99833791850422,0
flashbots-c20,179,10000,56.36781956096938,-56.42442613166134,56.42442613166134,-0.05660657069196162,121187.45967167031,4618.051191446672,0.9632921391140699,9858,1013,64844.536331919764,-0.0007214979144752931,0.14872639740286928,99.92785020855247,9980.201219650295,63.44613090760936,0
flashbots-c20,180,10000,215.9610110957331,-215.72677858583756,215.72677858583756,0.23423250989554845,243707.1716080021,3316.9498930091972,0.986572364379421,11571,2007,154158.89020205106,0.03581307135493802,0.24276736448459288,103.5813071354938,9878.141942106444,32.75481328719678,0
flashbots-c20,181,10000,89.759043999871,-89.68266950173711,89.68266950173711,0.07637449813388741,112220.060268836,912.9391642322879,0.9919303901707972,4249,844,75265.78678566078,0.004141935149683889,0.23097559707587847,100.41419351496839,9976.431573493239,71.87378761762875,0
flashbots-c20,182,10000,118.13471076708723,-118.082488379268,118.082488379268,0.05222238781922783,158591.68781840766,2313.853527158173,0.9856198021037146,5947,1194,108364.59433255634,0.0014409330325925395,0.1765241726035346,100.14409330325925,9984.457346614807,93.43126881151193,0
flashbots-c20,183,10000,48.22510755072344,-48.21989243575492,48.21989243575492,0.005215114968521561,163279.1386427169,2525.038181209868,0.9847709615669615,10143,1012,84321.83709983606,0.002658996629887014,0.06901181372442182,100.2658996629887,9987.054600710358,94.42813841375441,0
flashbots-c20,184,10000,46.02187334709554,-46.05259972708286,46.05259972708286,-0.03072637998731409,168308.50522033055,3806.9491328236645,0.9778814218215849,9480,984,88815.59891752456,-0.0022582249766306007,0.05364499284458233,99.77417750233694,10028.782038068333,271.3474029751538,0
flashbots-c20,185,10000,45.39977253427754,-45.389475395507134,45.389475395507134,0.010297138770404501,100898.47251476893,1423.9247555880986,0.9860839386725294,4482,730,62313.8763028325,0.0000010568868158600253,0.07844308177304427,100.00010568868159,10000.358025165453,109.93580381075877,0
flashbots-c20,186,10000,43.539570278243815,-43.54614789703476,43.54614789703476,-0.006577618790942097,132051.38327224026,1310.079763431812,0.9901764742706716,7405,914,75737.52273080837,0.00012069856398653655,0.05406115530250901,100.01206985639865,9999.832749471148,103.26098876111455,0
flashbots-c20,187,10000,50.23635745151652,-50.23706308683856,50.23706308683856,-0.0007056353220420419,109058.54116699776,1979.355167410916,0.9821740573916335,4597,741,67839.43271943617,0.00011701180131765909,0.08453502428803673,100.01170118013177,10006.336029490867,102.17040937157365,0
flashbots-c20,188,10000,31.848947675334493,-31.851109943030686,31.851109943030686,-0.0021622676961925436,120853.49509004442,2069.1445174333107,0.9831670998601999,8941,822,61696.98874210066,0.0004280635565406499,0.06933128011069002,100.04280635565406,9982.570039419292,99.984134307965,0
flashbots-c20,189,10000,84.70983938030538,-84.67735082427707,84.67735082427707,0.03248855602831213,177970.38157662755,3108.0162475924258,0.982836073850126,8721,1305,106347.76017040784,-0.0018480919739577927,0.12592986124922462,99.81519080260422,10047.308317664254,80.90954839688911,0
flashbots-c20,190,10000,45.94040712512284,-45.92999086462298,45.92999086462298,0.01041626049985922,93205.90603254494,1087.3601316483764,0.98846831618119,5158,721,54407.56637625749,-0.0008076563787017221,0.1405589718088301,99.91923436212983,10009.579913868876,59.70296125969308,0
flashbots-c20,191,10000,154.40948279780912,-154.3248794022341,154.3248794022341,0.08460339557501584,224777.88597553576,5149.59852680145,0.9776033798745399,8667,1689,147865.71606714503,0.0062789591028307255,0.14602714838029088,100.62789591028307,9932.953215255107,41.520139820593194,0
flashbots-c20,192,10000,69.68498725152466,-69.6342742308768,69.6342742308768,0.050713020647862095,131183.37691307804,1538.7525782807181,0.9884062093926778,5176,894,84531.42105024538,-0.0002782042774661875,0.11826733424383505,99.97217957225338,9998.585835561393,89.90022131856176,0
flashbots-c20,193,10000,46.550761429439966,-46.55800182578683,46.55800182578683,-0.007240396346865907,131927.22261738495,873.1505734029572,0.9934250894600383,6649,871,76299.23915765098,0.0014215841039153076,0.05135293143454433,100.14215841039153,9984.806668397567,114.77862858144684,0
flashbots-c20,194,10000,36.49270128695322,-36.49812024615088,36.49812024615088,-0.005418959197662332,105608.17296445291,3435.366533061494,0.9684954601722205,7682,778,56152.45666610614,0.0020628212747374162,0.08642478358612408,100.20628212747374,9987.18547435254,81.8583582561802,0
flashbots-c20,195,10000,88.77895444105323,-88.78470234110472,88.78470234110472,-0.005747900051488841,214437.69275562404,4326.377736313512,0.9802235452714666,10603,1517,125923.8914787083,0.004919525986352084,0.08514994519670623,100.49195259863521,9991.892921641052,65.52057441264236,0
flashbots-c20,196,10000,104.53005030695076,-104.5271724728445,104.5271724728445,0.0028778341062576374,178224.13102193503,1397.9502002622974,0.99221726977691,6397,1200,117000.50999818082,0.00018232301038480613,0.1910024057680738,100.01823230103848,9997.694701844364,111.53046569883209,0
flashbots-c20,197,10000,158.62176703684298,-158.47960962790347,158.47960962790347,0.1421574089395108,289379.61364776216,4522.443416890961,0.984612413189418,10350,1797,184587.9439702254,0.0016143893535519283,0.14077201170618026,100.16143893535519,9988.588663871162,109.37046831301399,0
flashbots-c20,198,10000,67.75589397542875,-67.76551653484532,67.76551653484532,-0.009622559416570198,169492.01074542294,3938.315833144405,0.9772916541712197,9078,1194,95586.23801768024,0.001762470094251256,0.10075809793869425,100.17624700942513,9982.97870023947,92.39607552260667,0
flashbots-c20,199,10000,40.7167799640783,-40.64987035060195,40.64987035060195,0.06690961347634783,92741.33516396451,1643.306792256707,0.9825892564913375,7301,746,50265.217708399214,-0.0022381583435392826,0.09342245691953466,99.77618416564607,10005.860603204263,65.97886838948915,0
flashbots-c20,200,10000,38.520788963150295,-38.50647228937958,38.50647228937958,0.014316673770714772,83172.84601692048,3131.7525024006536,0.9637127968134915,6298,814,47026.277052125115,0.000012031252125979108,0.07665081216402797,100.0012031252126,9996.772608329045,31.11320204960449,0
flashbots-c20,201,10000,34.972150272449454,-35.100549081411714,35.100549081411714,-0.12839880896225964,85412.74636307344,1599.0833499503424,0.9816222305033196,5611,553,45011.86975535056,-0.0006619596818819673,0.14169861283411975,99.9338040318118,10021.906296169336,172.37792516449392,0
flashbots-c20,202,10000,50.320203831360224,-50.32325301084244,50.32325301084244,-0.0030491794822182783,135543.80698534995,2927.3810386475816,0.9788592769339116,9397,996,72336.2719032151,0.0019410152287080962,0.08808292747426279,100.19410152287081,9946.172861719573,72.30082144211484,0
flashbots-c20,203,10000,111.69089986972318,-111.70906023128862,111.70906023128862,-0.018160361565435323,146055.50043794297,1440.612519945828,0.9902328780667112,6102,1246,98951.02928468527,-0.00497291744101588,0.13935700914570134,99.50270825589841,10015.648776580598,57.902198364854954,0
flashbots-c20,204,10000,105.39616279715928,-105.33808030222427,105.33808030222427,0.05808249493500739,261355.72489035034,3453.6271257695853,0.9869580620945768,11807,1677,154465.7302752536,-0.0009849577063293679,0.0837318080398137,99.90150422936706,10007.51296738429,131.48932780081054,0
flashbots-c20,205,10000,24.76182613498247,-24.761051055812437,24.761051055812437,0.0007750791700331661,101073.5152620648,1381.5338743658792,0.9865157072685973,6670,696,52746.65134447604,0.000006154181703550421,0.04144690057730571,100.00061541817036,9987.627165019534,107.1066617850174,0
flashbots-c20,206,10000,101.12448533899018,-101.12705481350801,101.12705481350801,-0.002569474517827075,207753.36057278333,1224.5694609360387,0.9941401971933665,8314,1490,131919.6890757836,0.002097520999109008,0.09230655378557188,100.2097520999109,9982.4109219794,79.35603674676747,0
flashbots-c20,207,10000,54.418899013377086,-54.41191263630725,54.41191263630725,0.0069863770698361805,134652.30001780333,2702.1654423232744,0.9803270652084645,7194,941,78002.86559555311,-0.001351479019091073,0.07689649751437329,99.86485209809089,10012.338800119443,90.7594439157596,0
flashbots-c20,208,10000,43.466709782183614,-43.45664638263783,43.45664638263783,0.0100633995457855,105059.89632674612,1226.668349568438,0.9884588578687801,5491,769,63148.39457313048,0.0005376028615063432,0.0668083811522746,100.05376028615063,9994.953790069629,86.60562109209545,0
flashbots-c20,209,10000,81.77062846752787,-81.7718206667245,81.7718206667245,-0.0011921991966232781,191768.82387918813,610.2630650253559,0.9968278097441936,9370,1303,113355.88844735602,0.0000044795848742751335,0.14350953885143283,100.00044795848743,10000.21299442911,98.00199013650169,0
flashbots-c20,210,10000,33.00857896922997,-32.99734063412001,32.99734063412001,0.011238335109965192,113502.73657169269,653.9261571983567,0.994271677696541,6702,784,62249.54734509032,-0.004640287252032777,0.045618493052377286,99.53597127479672,10048.729414772695,102.27583272581126,0
flashbots-c20,211,10000,30.284966584188428,-30.307034933152316,30.307034933152316,-0.022068348963887985,88807.85953669337,1431.5200991966399,0.9841364146676015,5036,574,48281.95471978552,-0.0016710762896272513,0.07482879537115153,99.83289237103727,10020.228987614382,129.21013403521889,0
flashbots-c20,212,10000,81.25349215310699,-81.31158541344716,81.31158541344716,-0.05809326034017204,292697.4020930404,2260.5452771846026,0.9923360421465532,10843,1405,169027.83834701712,-0.0007200457190276666,0.04647106869635223,99.92799542809723,9995.844924886818,284.2480316052466,0
flashbots-c20,213,10000,48.663645752822106,-48.661073403539355,48.661073403539355,0.002572349282750963,178487.54940400808,3783.2580494002095,0.9792437521824922,11404,1099,93741.71658559749,0.0043259459653867795,0.04687281435467796,100.43259459653868,9933.437968387976,69.24468368883747,0
flashbots-c20,214,10000,105.65434743103452,-105.61093128176162,105.61093128176162,0.043416149272900384,230907.40194218792,3402.930277060179,0.9854768236431161,9220,1450,138923.82691650977,-0.0017028775908417516,0.09399761457756967,99.82971224091582,10009.838883697283,109.72608520405835,0
flashbots-c20,215,10000,24.802798443269083,-24.802654693883298,24.802654693883298,0.00014374938578498586,75706.04373525984,1337.0561400191116,0.9826453486141705,4037,531,43402.26578692921,0.0005492201068246061,0.04817294533520197,100.05492201068246,9981.86128690016,96.90540235547302,0
flashbots-c20,216,10000,18.098560843364776,-18.095148347854312,18.095148347854312,0.0034124955104637422,66387.32564629002,1672.009101260684,0.9754330672278447,5102,427,33437.25795025445,-0.0015237141172383417,0.04306534207624452,99.84762858827617,10013.3553452545,114.76331468946934,0
flashbots-c20,217,10000,67.59818168715776,-67.52743223199023,67.52743223199023,0.07074945516752962,200085.28383287485,4705.4871544490015,0.9770229530766293,8034,1079,117027.07152907478,0.002349244006598781,0.0815481337944783,100.23492440065988,9885.493420939618,328.77473811409266,0
flashbots-c20,218,10000,53.95497103997421,-53.95199362371624,53.95199362371624,0.002977416257969878,178549.20175661249,2752.3034756059587,0.9848191912577852,10301,1135,95690.27557769282,0.0033032738574104315,0.04623550857298582,100.33032738574104,9958.591020037476,112.78941581322782,0
flashbots-c20,219,10000,40.05458731188396,-40.039413594291645,40.039413594291645,0.015173717592311675,121276.35088291024,2667.041633907577,0.9784817764000958,8871,815,62436.70028794825,0.0003147011102664976,0.07706306240403549,100.03147011102665,10007.14989063845,110.29641023208549,0
flashbots-c20,220,10000,68.74231286027495,-68.73923647309913,68.73923647309913,0.0030763871758239247,185707.93277462764,2888.1184829248195,0.9846862197608754,9234,1217,106675.6730098558,-0.000190119625941918,0.06215662324054492,99.98098803740581,9991.199656243976,98.7563300744678,0
flashbots-c20,221,10000,13.736539642372394,-13.728004130418782,13.728004130418782,0.00853551195361213,56643.0696475354,1573.4364529346055,0.9729726746187899,4590,342,26092.144390602196,-0.0000007097963128899209,0.04410764787945979,99.99992902036871,10001.104316712243,111.41168931313693,0
flashbots-c20,222,10000,19.16216528045949,-19.15518092394015,19.15518092394015,0.006984356519339485,82798.53500318516,1587.8288308218216,0.9811838221404448,6243,492,39192.67055565894,-0.0024256985887183193,0.04641477573669192,99.75743014112817,10020.252490999526,128.64247561923003,0
flashbots-c20,223,10000,55.055406686449274,-55.037038038852934,55.037038038852934,0.018368647596339827,133451.3482342765,1207.399837016388,0.9910336323906921,5735,924,83232.4855419318,-0.0005391433196902539,0.051461000323904785,99.94608566803097,9978.973163584144,117.63821917798023,0
flashbots-c20,224,10000,141.98702424821704,-141.99752647060998,141.99752647060998,-0.01050222239294385,245301.5643485584,4266.559618860851,0.9829042285086943,9867,1664,155087.08005010497,0.0014054193520550485,0.10514376268679612,100.1405419352055,10010.625368194502,87.56235304753778,0
flashbots-c20,225,10000,19.57247499825129,-19.575356609499238,19.575356609499238,-0.002881611247946836,69687.86866067731,2032.1286260741822,0.9716658016877873,4644,476,37159.01577941295,-0.0004967728644233205,0.05289569117383479,99.95032271355767,10002.229623283183,138.8464263594924,0
flashbots-c20,226,10000,22.874794806726214,-22.876561974430928,22.876561974430928,-0.0017671677047133016,110225.03323128882,2500.5093298113484,0.9778177219377231,8630,615,51893.172965963866,-0.002233247897177506,0.033244840244183255,99.77667521028225,10065.702717914532,174.5364242223458,0
flashbots-c20,227,10000,27.455347122255503,-27.46247200394734,27.46247200394734,-0.007124881691837004,79073.63705388861,1895.583504461768,0.9765888384328003,5059,637,45629.13276674903,-0.00008513306027509771,0.03839256863621628,99.99148669397249,9971.910652086337,60.317391349748426,0
flashbots-c20,228,10000,82.56001129959641,-82.53014688443824,82.53014688443824,0.02986441515817262,193738.8925537723,2510.0536572027463,0.9872098489919822,9864,1456,115743.97873334729,-0.001538875399403139,0.10778602768123165,99.84611246005969,9957.979717312392,73.84290400801531,0
flashbots-c20,229,10000,99.96898586826688,-99.93302812994649,99.93302812994649,0.035957738320391286,251361.5779756782,3825.46912880888,0.9850091563336969,11616,1561,145060.12546478544,-0.000501687791708747,0.12657563396154686,99.94983122082913,9965.269991837104,117.3265333682859,0
flashbots-c20,230,10000,78.84295309472196,-78.79729159557988,78.79729159557988,0.04566149914208495,192818.0642441322,2982.05391247172,0.9847699074926675,8481,1183,116703.83757138501,0.004401844470804974,0.07858253249951418,100.4401844470805,9936.042847785404,105.4279823870154,0
flashbots-c20,231,10000,55.3558590330819,-55.35166147320183,55.35166147320183,0.0041975598800689795,134113.61843741706,1027.5607074086438,0.9923963908417031,5840,1003,85185.65051581523,0.00010807580579523801,0.06203732608498456,100.01080758057952,10001.557265633275,102.69018879406573,0
flashbots-c20,232,10000,53.98860420946014,-53.97285484403707,53.97285484403707,0.01574936542306915,113505.95190305814,806.0962775739312,0.9929482824391339,4273,845,77066.56386975406,-0.00598110763075951,0.05588292862171912,99.40188923692405,10059.734847117224,95.87193177792206,0
flashbots-c20,233,10000,78.20174282969587,-78.18646998160548,78.18646998160548,0.015272848090390312,177463.83570969783,2908.2867028329465,0.9838761851668998,7898,1219,109766.22144295732,0.004073252311810193,0.11100851088420313,100.40732523118102,9981.004409688763,79.76077115787699,0
flashbots-c20,234,10000,25.638100760453757,-25.621246888788427,25.621246888788427,0.01685387166532948,105701.37445582665,3443.038929952055,0.9684542815967832,6883,672,53397.539168274714,0.005306795055539198,0.0531260169163771,100.53067950555392,9925.484476294598,132.19781396251048,0
flashbots-c20,235,10000,160.44751315061802,-160.5537286858974,160.5537286858974,-0.10621553527937522,219715.61583943779,2781.0113372875803,0.9875008831703382,9155,1743,143676.00962573645,0.000009347142520255147,0.18163185520625164,100.00093471425203,9971.815156469922,70.6910179816114,0
flashbots-c20,236,10000,39.562448441093956,-39.55422685837454,39.55422685837454,0.008221582719414755,84517.77624821143,1936.8713273560356,0.977596677776483,5143,645,49691.804867938066,0.000000013837350678613802,0.08347305997427341,100.00000138373507,10016.34860747704,67.21480809917236,0
flashbots-c20,237,10000,66.78014614553472,-66.79416018800502,66.79416018800502,-0.014014042470307686,136129.88514192915,2376.7848563187604,0.9828399249195088,5664,942,85559.46267498365,-0.0009624697912951774,0.10456866421456397,99.90375302087048,9999.863996874054,92.4113136470382,0
flashbots-c20,238,10000,57.1636513962106,-57.183023170968795,57.183023170968795,-0.019371774758198512,142750.34116003034,4433.81174391796,0.9698757532218061,9938,1089,77008.63201329435,-0.00021807694304939673,0.10148355711965024,99.97819230569506,9968.611882687168,42.80061201675412,0
flashbots-c20,239,10000,97.06944310778623,-96.99297707714223,96.99297707714223,0.07646603064399926,157733.19839865225,3645.9072505523786,0.9774078110305208,7882,1064,94447.3190318783,0.00035449768458235554,0.16615517113844916,100.03544976845824,10001.968866681469,74.2257792015887,0
flashbots-c20,240,10000,214.2244768828681,-214.2417193292008,214.2417193292008,-0.0172424463327161,303258.33099473355,1679.3190376879274,0.9944929101489784,11830,1900,188295.94381080175,-0.000018375660568494824,0.3444162876459588,99.99816243394315,10001.23366150313,94.64523357043299,0
flashbots-c20,241,10000,33.07161524856224,-33.084422586151106,33.084422586151106,-0.01280733758886754,94322.89813177024,1662.224010277572,0.9826824827308377,4999,605,54716.54962856753,0.0003397838543493492,0.09686878320377744,100.03397838543493,9989.02321555385,152.4143206434038,0
flashbots-c20,242,10000,42.411490766948994,-42.40983500141464,42.40983500141464,0.0016557655343518718,135713.94584869832,74.10466408922662,0.9994542622579132,7984,938,75363.52121245781,0.0016374161177132862,0.06035544616156713,100.16374161177133,9983.87872381162,98.9583810440994,0
flashbots-c20,243,10000,23.288417645990773,-23.299733075564085,23.299733075564085,-0.011315429573311775,142913.3050980762,2299.264966866398,0.9841662125679745,9105,635,61703.18491669051,0.00041614656063828194,0.05888455611622675,100.04161465606383,9978.956969926232,207.80799920429928,0
flashbots-c20,244,10000,27.665763513591262,-27.646998485608464,27.646998485608464,0.018765027982798443,99697.45659918197,1745.5566571219474,0.9827927365218178,6800,590,49737.53596686947,0.0007704929987329478,0.07406376460309247,100.0770492998733,9979.349053409771,165.48230014142715,0
flashbots-c20,245,10000,59.14077293819563,-59.16650505588922,59.16650505588922,-0.025732117693586076,134140.2102700791,1498.2875747903913,0.9889538176948555,6363,978,82468.71568441903,-0.004186401790146874,0.12586917674191767,99.58135982098531,10025.24969042596,65.46384509427882,0
flashbots-c20,246,10000,16.421416386286047,-16.407758987348032,16.407758987348032,0.01365739893801532,55676.19637115695,1919.3163185496085,0.9666759400356439,4039,364,28820.795688935596,0.00042951305619254754,0.05102614778598379,100.04295130561925,10003.806836360687,100.37268906431748,0
flashbots-c20,247,10000,65.01911705963076,-64.80918886933061,64.80918886933061,0.20992819030014687,152522.85294374407,1094.4626722190567,0.9928753951478024,9051,952,79283.96865896884,-0.01912119804304993,0.20292515131002986,98.087880195695,10223.373843250878,116.00465957405977,0
flashbots-c20,248,10000,82.38326889952407,-82.38187902297653,82.38187902297653,0.0013898765475346408,200826.60134549698,2754.9401655875695,0.9864676328455959,7619,1084,121684.0590972008,-0.002590042397876715,0.15258334324280953,99.74099576021233,10034.974147196088,182.14330186882077,0
flashbots-c20,249,10000,95.27020627848313,-95.43578353605317,95.43578353605317,-0.16557725757003539,144099.6948375208,1590.724696799662,0.9890814735664555,5833,1105,95345.90996348455,-0.00000026232050274188625,0.18742519791762235,99.99997376794973,9964.192289621773,73.0803811305613,0
flashbots-c20,250,10000,79.11539279346374,-79.07772501259515,79.07772501259515,0.03766778086858835,179185.17876150273,1625.2460748341098,0.9910113253906393,7019,1145,112364.0695857156,-0.000399396367154452,0.08656210499652175,99.96006036328455,10022.026958909586,90.4898072281145,0
flashbots-c20,251,10000,77.97341440491716,-78.0072765589679,78.0072765589679,-0.03386215405073756,159332.205638815,1353.437635481697,0.9915771091436505,6378,1061,101575.6237555928,-0.003560537140309634,0.09089358920641785,99.64394628596904,10055.221200423297,105.52670585095511,0
flashbots-c20,252,10000,43.88149469080032,-43.87933982217336,43.87933982217336,0.002154868626959683,171755.8799830711,2754.7135086818907,0.984214634461076,11438,924,83685.96254489942,-0.0012086065298547056,0.10555588714512083,99.87913934701453,10007.595759858552,146.94629569126272,0
flashbots-c20,253,10000,26.49867852092347,-26.489359280737986,26.489359280737986,0.00931924018548358,107983.00318928214,2847.4494978804532,0.9743080585809943,8352,705,52345.11536090294,0.0008708174199331609,0.03772557891569349,100.08708174199332,9982.639296231422,89.36704191664047,0
flashbots-c20,254,10000,72.85084367166381,-72.80749268719092,72.80749268719092,0.04335098447289454,123772.38888168665,2443.6566721347203,0.9806390965474141,5428,914,80671.54580497643,-0.00013809810330357665,0.07689027788219249,99.98619018966964,9990.186311396736,78.18074559021296,0
flashbots-c20,255,10000,61.368580336974325,-61.359015633450284,61.359015633450284,0.009564703524041818,175915.7562226945,2949.7775564223584,0.9835084071587258,9966,1119,95617.3569835974,0.0010716385330229628,0.11055815267720305,100.1071638533023,10000.198403237373,101.52218870979752,0
flashbots-c20,256,10000,131.77402344443573,-131.82088480509339,131.82088480509339,-0.046861360657658224,234791.8109698399,3359.4074511299254,0.9858938053166217,10635,1476,141539.08893647214,-0.0038207775990409232,0.20749919141725798,99.61792224009591,10032.186918582933,101.36543166143167,0
flashbots-c20,257,10000,53.70727673644362,-53.70354200418556,53.70354200418556,0.0037347322580600917,172340.34535241072,1294.432487484424,0.9925450851287524,11175,1098,90151.8856212447,0.00007424874063389098,0.07793415045224691,100.00742487406339,10001.352236128801,103.93354410602677,0
flashbots-c20,258,10000,140.62212296327743,-140.66798074578725,140.66798074578725,-0.045857782509813205,214088.06467013975,3972.9019784098596,0.9817807742510241,7636,1419,139237.7262837624,-0.0005373811502717274,0.12554812999367485,99.94626188497283,9962.951951399336,78.2283451972868,0
flashbots-c20,259,10000,29.682150139386067,-29.683454479019822,29.683454479019822,-0.0013043396337550917,123815.80476395653,2295.9507763214615,0.9817943159502829,7709,643,60144.39241775275,0.0006939798877505154,0.07298533528223061,100.06939798877505,9998.70165819609,108.29608654382311,0
flashbots-c20,260,10000,44.07145248881819,-44.07779414512098,44.07779414512098,-0.006341656302794263,154236.5274490816,2277.4455829501467,0.9854489312434486,9589,952,79880.38660958853,0.0008709166087048459,0.05740162901726322,100.08709166087048,9988.696496219476,109.49047363123745,0
flashbots-c20,261,10000,86.57869896650345,-86.61569907956567,86.61569907956567,-0.03700011306221995,124202.12675682153,3114.2090680951956,0.9755395955442999,5174,998,82341.66574657735,0.00024092749542262482,0.14731663524590558,100.02409274954226,9997.889551735903,50.65810344203464,0
flashbots-c20,262,10000,59.09120559602471,-59.0888313903818,59.0888313903818,0.002374205642908578,158619.6245839629,3027.9268331256126,0.981268340865165,9978,1043,84256.42844489847,0.0031584010696334985,0.09578102423410784,100.31584010696335,9966.863890014136,106.52284600287264,0
flashbots-c20,263,10000,44.991971075248856,-45.01462623207671,45.01462623207671,-0.022655156827852352,109683.88549921797,1592.0510965121057,0.9856927639054965,4368,702,67516.65245259741,-0.0010381511129484977,0.07490610290588748,99.89618488870515,10032.615227151502,139.7420681636363,0
flashbots-c20,264,10000,21.487989455502188,-21.470190517711615,21.470190517711615,0.017798937790573177,119638.33230840723,2101.5839354625573,0.9827371005311629,8634,612,53202.05522169144,0.0013392717573461254,0.04689786226177773,100.13392717573461,10004.751080482627,277.5065921963876,0
flashbots-c20,265,10000,49.030580939137366,-49.0391460726452,49.0391460726452,-0.00856513350783672,146360.73796508272,2327.194495857592,0.9843484642140078,9460,1023,79276.59345299494,0.0010431030304333432,0.061593605016177694,100.10431030304333,9977.128772152875,87.13095896679536,0
flashbots-c20,266,10000,55.91349309086506,-55.9089083402045,55.9089083402045,0.00458475066056252,120948.11294139449,924.1362037900333,0.9924171728160269,4885,848,76908.54942032657,0.001739643252005152,0.06553451304215699,100.17396432520052,9982.138181653436,104.78263269803747,0
flashbots-c20,267,10000,147.6782308013726,-147.6715513538419,147.6715513538419,0.0066794475307006,271749.0263960665,134.76856602726497,0.9995043155622936,10607,1733,168648.59511329565,-0.004399401530743319,0.1269064234532685,99.56005984692567,10044.538969488915,101.65458535084109,0
flashbots-c20,268,10000,37.991359685541475,-38.01265316331754,38.01265316331754,-0.021293477776062275,132015.1408719753,1634.6886040986863,0.9877688687631934,6711,771,73499.77009270973,0.00033541207911667924,0.07903777977381111,100.03354120791167,10005.373070048045,119.34976369164225,0
flashbots-c20,269,10000,21.25632058848472,-21.261553740236778,21.261553740236778,-0.005233151752058518,78433.8865452369,2914.305457906581,0.9641749203498713,5235,539,39296.575828858986,0.0007268570521200957,0.042369796661327966,100.07268570521201,9981.475721621979,82.89332654495395,0
flashbots-c20,270,10000,113.64886422697239,-113.71669448234178,113.71669448234178,-0.0678302553693868,182996.78301082633,2884.562956615196,0.9844816974957753,8133,1408,117728.41337151616,-0.0032806168606296635,0.17543289230532622,99.67193831393703,10022.274937932205,61.016651922615246,0
flashbots-c20,271,10000,151.6202312215388,-151.66819832418534,151.66819832418534,-0.04796710264653825,293853.8644750386,5783.5962374714445,0.9806980201216544,10548,1778,185260.716061845,0.00001598100974391059,0.08245754621974612,100.00159810097439,9988.496318508363,72.2700787258984,0
flashbots-c20,272,10000,23.72262885341724,-23.743833288593148,23.743833288593148,-0.021204435175906866,57303.8666311478,1307.842962747953,0.9776863194776327,4247,510,31603.393296499686,0.003268844083092972,0.09069413968151835,100.3268844083093,9989.458136490905,30.13487132994103,0
flashbots-c20,273,10000,264.0142945863891,-263.81006660775836,263.81006660775836,0.20422797863074038,147975.78637703817,7239.601047070462,0.9533577104228135,5666,1643,109519.9646726755,-0.007396272919044833,0.710465886183049,99.26037270809552,9988.87596329689,18.907137590054095,0
flashbots-c20,274,10000,58.48557844563142,-58.48355820630168,58.48355820630168,0.0020202393297381604,105405.07905453723,580.7203636653263,0.9945207719632901,6357,719,60580.926662601116,0.004109222181261316,0.1956491628798227,100.41092221812613,9967.472596638576,86.94610444573428,0
flashbots-c20,275,10000,40.08313401686369,-40.12778869032911,40.12778869032911,-0.0446546734654234,125726.3786238912,3670.4459853108374,0.9716341881155419,9053,854,64491.88351087307,0.002259901378309621,0.10943456913007822,100.22599013783096,9998.421596803182,66.29636097997468,0
flashbots-c20,276,10000,117.842339005037,-117.93661203848916,117.93661203848916,-0.09427303345215421,247445.32742940306,3913.81737564023,0.9844293813989706,10333,1611,151394.05522497717,-0.001718271143088117,0.13513891779269827,99.82817288569119,10072.214914500391,138.11822407017874,0
flashbots-c20,277,10000,50.3128190347221,-50.31106725514151,50.31106725514151,0.0017517795805872538,185844.52827367114,2925.744886297677,0.9845010295460116,10964,1065,96779.82299708758,-0.003691896051598036,0.05237093135152719,99.6308103948402,10045.095555596465,142.15299267750655,0
flashbots-c20,278,10000,83.39944107471392,-83.4028880618047,83.4028880618047,-0.003446987090782727,240872.05422306454,3300.0638917788833,0.9864846817185461,11379,1473,137150.45298549288,-0.0014140740526073614,0.08258296916979446,99.85859259473926,10049.875651085289,149.28264857405574,0
flashbots-c20,279,10000,171.57385788459783,-171.6157420196269,171.6157420196269,-0.04188413502907906,258127.06614853453,4813.96425978057,0.9816918483497798,10809,1843,163841.71434109297,-0.003139520997318215,0.14384387072153573,99.68604790026818,10034.90392628829,61.750290027930994,0
flashbots-c20,280,10000,34.046088792523086,-34.05727343749722,34.05727343749722,-0.011184644974136404,120317.84573632751,2319.276294728706,0.9810883013534728,6708,701,64984.688406254085,-0.0024471879678665685,0.04567615502631739,99.75528120321334,10026.416797401847,169.94488864631452,0
flashbots-c20,281,10000,40.41552233001599,-40.41669230336969,40.41669230336969,-0.001169973353704279,121476.94029090456,1766.580170053458,0.9856659387572988,6290,841,72152.85486767926,-0.0006415300524668055,0.04941124306981351,99.93584699475332,10022.94933851063,116.82539784415584,0
flashbots-c20,282,10000,47.30647301078727,-47.292221066626446,47.292221066626446,0.014251944160825758,117199.4256667575,2572.267861400732,0.9785235744304142,7409,856,65547.9159312321,-0.0037758126835954896,0.08303860864296851,99.62241873164045,10034.968887457608,71.85428895294675,0
flashbots-c20,283,10000,46.09843225280066,-46.10855697867916,46.10855697867916,-0.010124725878497998,93618.40774432592,2309.767496468606,0.9759219072950076,5353,773,55851.403568381225,-0.000005844297903081497,0.09086275504298343,99.99941557020969,9996.5641360585,59.544311072851286,0
flashbots-c20,284,10000,214.36398761333754,-214.3335735333987,214.3335735333987,0.03041407993885059,302605.85900478216,2052.0690308959397,0.9932643504663511,10853,1893,192929.56760352876,-0.000458258110033114,0.2438966468367002,99.95417418899669,9994.385899288176,104.0632719251634,0
flashbots-c20,285,10000,39.133319752628104,-39.13298161304544,39.13298161304544,0.0003381395826664857,149891.43058485736,2414.5749656672747,0.9841465544517463,10841,970,75757.56219532368,-0.0006670140235119959,0.0671710967684166,99.9332985976488,9995.951984963405,100.77628519878832,0
flashbots-c20,286,10000,58.99618841511457,-58.97742541887747,58.97742541887747,0.018762996237093432,135658.44671379018,2450.2111286414324,0.9822588158706393,9536,1075,75929.13182150712,0.00163355319455718,0.09031250608012698,100.16335531945572,9999.188720531427,77.88995752428121,0
flashbots-c20,287,10000,61.01708100151768,-61.0454392359654,61.0454392359654,-0.028358234447715347,175491.7081137631,3602.2463040424564,0.9798862763639757,9742,1137,98420.23647102929,-0.00036301402851194095,0.08905935266013444,99.9636985971488,9985.928650951008,115.90317231086996,0
flashbots-c20,288,10000,161.2566916742759,-161.30772760442306,161.30772760442306,-0.05103593014715102,259534.47280615114,3952.8194180110518,0.984998064291282,9208,1777,172318.43466458246,-0.004505727049039763,0.11041397474914902,99.54942729509602,10050.121903341462,95.42736206669963,0
flashbots-c20,289,10000,35.860317092152314,-35.84964974625429,35.84964974625429,0.010667345898021097,93543.63695129196,2810.0059164243353,0.9708365368159232,6674,753,51116.888974507136,0.0017795189267479827,0.07846640285458534,100.1779518926748,9997.005615835014,57.840803254481386,0
flashbots-c20,290,10000,100.48136385662715,-100.46191455390874,100.46191455390874,0.01944930271841372,190618.12509708936,3462.0962632787464,0.9821615194015555,8501,1347,117800.60923305193,0.00475953894747164,0.20588404250103337,100.47595389474716,9928.698002637842,86.58954499298352,0
flashbots-c20,291,10000,85.82283401943577,-85.74855505646738,85.74855505646738,0.07427896296839265,227513.50304393945,3584.8174372498033,0.9844879122021072,11116,1240,123882.53821204741,0.0016981764512642883,0.10422918868194898,100.16981764512643,9979.23084952544,153.01921293116803,0
flashbots-c20,292,10000,68.24657256222906,-68.20792635813507,68.20792635813507,0.03864620409399322,274459.23784949904,3314.548405395938,0.9880674542760691,11066,1251,149854.3508796639,-0.0024624292140080686,0.08307350765820075,99.7537570785992,10124.419984293214,493.09013499152775,0
flashbots-c20,293,10000,24.044301171089685,-24.04363058821624,24.04363058821624,0.00067058287344679,69615.06585291214,1798.1832202038102,0.9748200334875851,4396,486,39758.92024914907,0.002746650865222193,0.05648030735587014,100.27466508652222,9968.976378342299,103.97254062375309,0
flashbots-c20,294,10000,75.55825113343896,-75.62097301617843,75.62097301617843,-0.0627218827394671,181223.58555540728,4187.17526800369,0.9774167623852661,10889,1208,101174.81527353275,-0.0006175908667087526,0.1366332655286935,99.93824091332912,9968.8591125054,61.9183229772161,0
flashbots-c20,295,10000,44.14805002700915,-44.15725996820401,44.15725996820401,-0.00920994119486096,110742.36469657572,1732.015362579142,0.9846008009853604,4737,778,70008.88817196788,0.000012244302745472168,0.06186193777159318,100.00122443027455,9998.651175144072,105.5472614564718,0
flashbots-c20,296,10000,55.03863263547595,-55.03777694387146,55.03777694387146,0.0008556916044923923,159900.2936952702,97.91984648101284,0.9993879941262254,10038,1031,84079.9850995591,-0.0015021688306943303,0.1013796196388293,99.84978311693057,10015.51893161363,100.7854773452055,0
flashbots-c20,297,10000,32.70944392471188,-32.71059697025873,32.71059697025873,-0.001153045546850251,94940.71192707686,2699.8262603189205,0.9723493304068306,6688,743,52072.165824221396,-0.000002629795585988859,0.07931928452414126,99.9997370204414,9992.043518282286,65.1742623323321,0
flashbots-c20,298,10000,61.865264181055416,-61.84839462673887,61.84839462673887,0.01686955431654269,147449.15062647703,1483.9512082868175,0.9900361223260278,6629,911,87942.5099179995,-0.0009303939875223932,0.08810014374376053,99.90696060124776,10004.762763225288,126.87282753788942,0
flashbots-c20,299,10000,117.66665340635724,-117.67485195523918,117.67485195523918,-0.008198548881935608,247076.9146604258,4320.413315630082,0.9828144024027113,11699,1692,146384.05582974022,0.004335771733204296,0.10338924659058762,100.43357717332043,9993.192075040894,75.61270530574372,0
flashbots-c20,300,10000,51.47006389858951,-51.468498129225885,51.468498129225885,0.0015657693636228487,175860.66032085888,1212.2158621042888,0.9931541414572622,10823,1198,95343.086260919,0.0007594788095616423,0.05957516690566123,100.07594788095616,9994.35660537623,102.79312941173237,0
flashbots-c20,301,10000,95.24302558287627,-95.2626105158833,95.2626105158833,-0.019584933007024574,154730.69740238268,2759.304224153974,0.982479495868587,6773,1163,100153.7271962648,-0.005475079027042682,0.11489892918601242,99.45249209729573,10030.64951248396,63.168482125548095,0
flashbots-c20,302,10000,92.58377935552849,-92.57368796250987,92.57368796250987,0.010091393018626604,184110.930205286,1805.4771667380958,0.9902887690642317,7734,1229,115206.1748534944,-0.0000629005054297238,0.08252832233134669,99.99370994945703,10002.712864983714,101.9797741604915,0
flashbots-c20,303,10000,91.54816204729296,-91.55353074271689,91.55353074271689,-0.005368695423925374,215259.19296021978,1821.9757129055056,0.9916069379760482,9477,1384,130116.69348991019,-0.002727257298086272,0.10187771630855266,99.72727427019137,10022.178959261259,99.98327419905475,0
flashbots-c20,304,10000,26.771696062185256,-26.77271714487891,26.77271714487891,-0.0010210826936543071,108767.99936728126,2846.651584781575,0.9744957175379765,8645,735,54763.36798561281,-0.0015825581212330065,0.04754066630176709,99.8417441878767,10018.311819306433,80.1618422792759,0
flashbots-c20,305,10000,16.57521577262648,-16.581127976194843,16.581127976194843,-0.005912203568364305,68343.75042202252,1109.0479691329012,0.984031630188797,4123,453,35981.17902597481,-0.000018909785977569983,0.04673198978836595,99.99810902140224,10012.131397275562,120.98806606627531,0
flashbots-c20,306,10000,115.33962244368034,-115.3422721208648,115.3422721208648,-0.0026496771844648492,214511.88014336769,3730.1342079047645,0.9829082671409872,8756,1456,136273.5195821111,-0.0005592256830452414,0.10976110447124342,99.94407743169548,10003.39809154415,88.33883802758481,0
flashbots-c20,307,10000,90.24315043683957,-90.2634693926044,90.2634693926044,-0.020318955764835778,118646.64756210365,860.732742399134,0.9927976603603392,4571,992,81784.59505742833,0.000018014063721807362,0.12493394671638541,100.00180140637218,9954.860217616262,35.262454488288526,0
flashbots-c20,308,10000,66.92598489760381,-66.96140310295456,66.96140310295456,-0.035418205350751464,144757.08202164804,3886.5550362346594,0.9738532027797381,7442,994,84413.5457671046,-0.00044024506069192173,0.1469082092803913,99.95597549393081,9968.52908642059,71.39019780118406,0
flashbots-c20,309,10000,32.33164070339883,-32.31147729240029,32.31147729240029,0.02016341099854202,82390.11094738582,1914.512262014497,0.9772905424503336,5246,593,45404.678133760564,-0.001806697329522251,0.08675687369438606,99.81933026704777,10006.940037067816,74.06469152766799,0
flashbots-c20,310,10000,83.48590468977514,-83.50135464532971,83.50135464532971,-0.015449955554572625,203818.94047511637,3898.4504790293026,0.9812319495198653,10565,1338,116227.88305435222,0.0006752929919491635,0.09472085561178986,100.06752929919492,10023.2182497368,83.06030370845933,0
flashbots-c20,311,10000,75.68138128953979,-75.68653599950223,75.68653599950223,-0.005154709962440052,231259.9516619136,3281.4536439209965,0.9860090646270235,11165,1395,134254.32537193722,0.0023291085993101036,0.056178058104460436,100.23291085993101,9995.899290960739,120.39333735672653,0
flashbots-c20,312,10000,39.28845147671106,-39.26495517405341,39.26495517405341,0.023496302657648016,146850.66245657613,1629.6149677810165,0.9890247041826064,9653,920,75234.42032949044,-0.0016945602196011577,0.07935230741587261,99.83054397803988,10013.161109262659,128.03620268275165,0
flashbots-c20,313,10000,96.0232168509692,-96.04104424886333,96.04104424886333,-0.017827397894123465,191858.1419832586,2663.662804703639,0.9863066106773626,7544,1295,121583.25872917334,0.0003905897493186217,0.09596438687287759,100.03905897493186,10000.937934244097,109.12406973599073,0
flashbots-c20,314,10000,77.17398227705961,-77.15408425393412,77.15408425393412,0.01989802312549216,146724.420209737,2389.2863512096214,0.9839767489769087,7817,1124,89054.52410509258,-0.0001531613222108774,0.15114146539519296,99.98468386777891,10019.873994928412,45.73847996385439,0
flashbots-c20,315,10000,95.53182425490343,-95.36863298735956,95.36863298735956,0.1631912675438656,246609.61341363774,4208.2002815989945,0.983222083712474,11411,1395,137816.77354494217,0.0027572407380867503,0.1642809988742033,100.27572407380868,9972.573365524091,216.21833919433251,0
flashbots-c20,316,10000,137.72215489408185,-137.56307047996225,137.56307047996225,0.1590844141196044,134017.3504068028,4477.09388396774,0.9676731156481047,5628,1213,90381.15523186361,-0.000005003644966450338,0.1825493869345462,99.99949963550335,9976.560160902069,30.169280603748007,0
flashbots-c20,317,10000,34.18541748827313,-34.18890242012158,34.18890242012158,-0.003484931848447559,143595.51093733415,2661.2019214215734,0.9818045827134679,10424,898,70956.62516088344,-0.0022385156592065413,0.05091239736901031,99.77614843407935,10031.51843272778,94.60567878562699,0
flashbots-c20,318,10000,110.15348025300477,-110.14986841881381,110.14986841881381,0.0036118341909627816,194637.5525784425,1918.5061763898848,0.9902393943562795,9661,1424,117337.47627224539,0.003817225644293245,0.1322858096344291,100.38172256442932,10004.333532671306,73.23341597513519,0
flashbots-c20,319,10000,60.26598760007887,-60.259603082433195,60.259603082433195,0.006384517645678045,141885.8816955599,1968.3319972235336,0.9863171752380703,7559,980,82763.45579930503,0.00048426815547031766,0.07090519298082924,100.04842681554703,10014.74504955652,80.54127455886922,0
flashbots-c20,320,10000,36.24621598296935,-36.241562910106325,36.241562910106325,0.00465307286302874,96828.31443743494,1220.371420041869,0.987553413802855,4194,673,59913.322042321386,-0.0027315472708116318,0.062054998540102276,99.72684527291884,10039.891992527178,119.30523616592417,0
flashbots-c20,321,10000,56.967073588448486,-56.96193294871395,56.96193294871395,0.005140639734534602,157560.0006194212,3044.692578355888,0.9810423187658253,10048,1146,86730.27303723407,-0.0015969483358728098,0.07203735090371693,99.84030516641272,10021.013691081478,79.383797537046,0
flashbots-c20,322,10000,24.967175817701982,-24.954642529376052,24.954642529376052,0.012533288325929703,74579.2332994876,1940.71648479854,0.9746377710614091,4697,541,41271.696721138534,-0.0011844589183129983,0.0443809818919874,99.8815541081687,10007.233409404602,89.50265190011257,0
flashbots-c20,323,10000,75.01848647216931,-74.98144151702604,74.98144151702604,0.03704495514327277,156601.85896631746,2714.569263840694,0.9829611466061801,8103,1210,93595.20710231127,0.002204788821529746,0.11934282477390581,100.22047888215297,9987.833199377365,64.41284481911472,0
flashbots-c20,324,10000,22.229533136561553,-22.220647543668015,22.220647543668015,0.008885592893538075,70550.63088127067,2011.1676302009112,0.9722833822829934,4580,481,38261.04337089657,0.0003197433562722551,0.05688598435133329,100.03197433562723,9998.673534715375,110.53762081098655,0
flashbots-c20,325,10000,70.1784382410268,-70.17434168918157,70.17434168918157,0.004096551845222507,150797.47108866763,1603.871336476678,0.9894760025669429,6898,1102,93178.95994235108,-0.0014359923307915778,0.09198663447303503,99.85640076692084,10018.742787209014,88.53201256206908,0
flashbots-c20,326,10000,18.629799074995326,-18.63918573399296,18.63918573399296,-0.009386658997634356,72748.98619194196,2442.8801597572747,0.9675113775161391,4482,443,37823.36958241745,0.002504780981916923,0.051705154378055625,100.25047809819169,9965.959322553535,107.76756774471322,0
flashbots-c20,327,10000,83.22768648889785,-83.22405100165412,83.22405100165412,0.003635487243727198,143943.46717972038,1408.4653487598562,0.9903099647575453,5340,1003,96197.05634856797,-0.002083410269837884,0.1124640044410161,99.79165897301621,10025.744470666015,90.85897714735844,0
flashbots-c20,328,10000,76.19456175330275,-76.01538278082138,76.01538278082138,0.17917897248136683,118148.97463415265,2830.501679081917,0.9766034556824059,5330,1004,77813.32976985781,-0.031969922919624166,0.11579517556802102,96.80300770803758,10131.603864695655,40.753389784457795,0
flashbots-c20,329,10000,108.2691080808642,-108.26679895698642,108.26679895698642,0.0023091238777794842,207482.65607097585,4696.243583999174,0.9778665852653786,10037,1345,120443.24121186198,-0.002093756745230877,0.17767999266624712,99.79062432547691,10003.977413428847,93.56275568572572,0
flashbots-c20,330,10000,116.33196562889759,-116.26704117420833,116.26704117420833,0.06492445468926178,133501.2556570317,3289.656718556684,0.9759512042033595,5972,1253,90038.6329741109,0.007086901560781911,0.1631312242245906,100.70869015607819,9968.035901879586,45.87125524823195,0
flashbots-c20,331,10000,83.64605610679783,-83.60860260547898,83.60860260547898,0.03745350131885061,242959.31844640602,3160.4653571458157,0.9871588325476979,11547,1417,132953.40825152473,0.0024436504174082073,0.08908887142748924,100.24436504174082,9950.558248766727,111.84763406821621,0
flashbots-c20,332,10000,46.45673867624248,-46.46332698478031,46.46332698478031,-0.00658830853782888,137019.7526950952,2816.367918796572,0.9798595105010601,9230,906,72061.47359572285,-0.00047125363630755144,0.09230155826346148,99.95287463636924,10005.471023515232,96.18037729242826,0
flashbots-c20,333,10000,66.0160806328409,-65.99071783673574,65.99071783673574,0.02536279610515635,178085.95591117468,2221.2874241198,0.9876805424838693,8880,1103,100610.36439045661,0.006621297598241114,0.07804493083767909,100.66212975982411,9970.373079181174,106.66347682725883,0
flashbots-c20,334,10000,42.58660005496861,-42.543554529324965,42.543554529324965,0.04304552564364883,92096.00968346745,1322.9063437899244,0.9858389885041704,6167,762,51829.880191086624,-0.0052828522148827516,0.17098844695002655,99.47171477851172,10024.077972182144,43.53506572387395,0
flashbots-c20,335,10000,120.69063941022284,-120.61970103704564,120.61970103704564,0.07093837317719931,169539.0397650295,2983.698656819336,0.9827054759035667,6193,1248,113623.27523007334,-0.0012090070282152964,0.09578721386793106,99.87909929717847,9975.893861471637,71.3855580917928,0
flashbots-c20,336,10000,56.08359503785809,-56.066920523730126,56.066920523730126,0.01667451412796339,165243.30599197486,3226.506159144191,0.9808481643212733,11357,1066,83835.92441584737,-0.0045265589976385455,0.11473625907038752,99.54734410023615,10037.08526367446,74.95867785187997,0
flashbots-c20,337,10000,62.194362556268764,-62.19722821579086,62.19722821579086,-0.002865659522093722,151765.78920365107,2020.501564377719,0.9868616275593418,8135,1053,88279.14083165173,-0.003031328712298773,0.08921580937100558,99.69686712877012,10027.167165552726,91.34596491098851,0
flashbots-c20,338,10000,110.13207639813697,-110.11783590126007,110.11783590126007,0.014240496876908537,178883.16453288632,2276.3447683216673,0.9874345830527899,6709,1301,118986.7568624367,0.0000012527197742429052,0.09887559722196429,100.00012527197742,10018.54091391834,87.77483026771564,0
flashbots-c20,339,10000,41.945870686805996,-41.95005275319523,41.95005275319523,-0.004182066389233796,118424.81552113793,2807.4484246566344,0.976842398770084,7613,804,63492.701852546656,-0.0016383537767021038,0.10359311543231968,99.83616462232979,10015.088744177237,90.66365827772091,0
flashbots-c20,340,10000,92.12187637948163,-92.0518454031723,92.0518454031723,0.07003097630934008,203071.1162458012,1636.6862784292912,0.9920047684638911,9096,1274,121574.586436949,0.008174970806056763,0.11237902549460302,100.81749708060568,9894.996178856212,113.06145681175519,0
flashbots-c20,341,10000,21.85162835205798,-21.85560447759609,21.85560447759609,-0.003976125538109443,65665.2401120936,1197.928547241503,0.9820838800903244,4786,545,35768.80742821722,0.004591613760646851,0.043174886108322284,100.45916137606469,9975.958291691415,75.43729239482286,0
flashbots-c20,342,10000,78.94685565522389,-78.9230143337364,78.9230143337364,0.023841321487481082,168212.00437676214,2451.6621591064313,0.9856345395076159,7190,1141,104794.93157584484,-0.001635705465308206,0.08928265370265763,99.83642945346918,10019.302297107777,83.65751360198476,0
flashbots-c20,343,10000,98.82522320137173,-98.74934332874925,98.74934332874925,0.07587987262247964,177010.76963111092,2373.485530478554,0.986768707608477,8545,1418,110712.34101007476,0.0009700354350025009,0.0913145932448947,100.09700354350025,9995.004603068595,63.41902642153338,0
flashbots-c20,344,10000,200.20628144197826,-200.17005001996677,200.17005001996677,0.03623142201149676,283473.67318935227,5015.0335550961545,0.9826161876085548,11208,2137,182089.81272943647,-0.005114098676630902,0.14618900210724575,99.48859013233691,10026.268068479862,59.25613573620295,0
flashbots-c20,345,10000,32.28054422040196,-32.274479443076,32.274479443076,0.0060647773259603355,116640.04721988492,1622.6524808949096,0.9862792538560304,6295,717,64197.1486491374,-0.00015614105290907788,0.04909562659395917,99.98438589470909,9997.152366151251,139.56768586631839,0
flashbots-c20,346,10000,86.31844553108644,-86.31783508834741,86.31783508834741,0.0006104427390312139,248280.34989436914,4255.532302558804,0.9831488014077923,11611,1429,140530.0085484824,0.0018229690205571103,0.07669291940159823,100.18229690205571,9991.242268186206,90.28591474858376,0
flashbots-c20,347,10000,60.14886978331195,-60.139128284128105,60.139128284128105,0.009741499183846258,129838.76943669663,1516.3381045490144,0.9884561922795969,7168,840,73306.71896595672,0.0017114733203430887,0.19528256594178714,100.17114733203431,9975.06570143634,122.91590736336742,0
flashbots-c20,348,10000,62.14179452131305,-62.11903636294809,62.11903636294809,0.022758158364965198,146422.23958750206,2075.2737611597718,0.9860248585019254,7950,1029,84472.91048307274,-0.0012510217588696548,0.10816849655601658,99.87489782411303,10003.478968656564,97.38786993123438,0
flashbots-c20,349,10000,24.73919823603427,-24.703084128850094,24.703084128850094,0.03611410718417574,91824.95004953175,1618.546252368685,0.9826788774347716,4539,551,52229.92111328394,0.006807436275122143,0.05116708543972138,100.68074362751221,9861.595752881189,169.6359167203853,0
flashbots-c20,350,10000,213.4883647507021,-213.41517880993393,213.41517880993393,0.07318594076815543,241518.30676001884,2667.2607299193987,0.9890769108209915,10938,1968,155445.17336028416,-0.004649215224512915,0.21862615546639433,99.53507847754871,9996.38084418479,37.16394604801527,0
flashbots-c20,351,10000,47.02672144216117,-47.01097070172855,47.01097070172855,0.015750740432615373,138493.02264513212,1993.838399511835,0.9858076521556116,6932,874,78274.68219678228,-0.0009731070560256682,0.10901861932338633,99.90268929439743,10016.529410163585,141.52990195223055,0
flashbots-c20,352,10000,188.3082083228834,-188.1095022574047,188.1095022574047,0.19870606547868874,291462.9886194433,3305.353437367169,0.9887866064099579,11720,2030,186930.98554349886,0.018781900033696244,0.20191690222849176,101.87819000336962,9872.78320810116,75.13661845490097,0
flashbots-c20,353,10000,80.62193049876694,-80.6277455195305,80.6277455195305,-0.005815020763563439,214874.4120072116,4304.862183664425,0.980359173103587,8312,1319,131106.16999314138,0.0012937926054624428,0.06884139168121294,100.12937926054624,9983.813141718589,144.46897762998216,0
flashbots-c20,354,10000,135.2903406825561,-135.22661140001023,135.22661140001023,0.06372928254586441,273656.5710525207,2687.440117326986,0.9902750195093781,11750,1787,169248.36917349635,0.009516759981992067,0.10277559217071129,100.9516759981992,9903.765271566292,91.15506987045693,0
flashbots-c20,355,10000,123.23081705081486,-123.36999205870153,123.36999205870153,-0.1391750078866636,232902.84586215127,1875.3824112877899,0.9920121110672001,8189,1336,147526.2334530558,0.0000016411682398143056,0.14332977251681642,100.00016411682398,9946.159946214208,154.18981019057375,0
flashbots-c20,356,10000,68.66907759852279,-68.66001161105036,68.66001161105036,0.009065987472425263,128588.72098662484,177.7805328446691,0.9986193572804508,4870,878,83347.27855180403,-0.004255713366456462,0.08739159190072314,99.57442866335435,10041.332422654708,97.80831608080179,0
flashbots-c20,357,10000,60.33039521012595,-60.21895440635373,60.21895440635373,0.11144080377221854,110028.74250090888,523.3458777301287,0.9952660697287086,4421,785,71567.51067353466,0.014850658728459507,0.09805774284436723,101.48506587284595,9853.373385336137,98.8813785647594,0
flashbots-c20,358,10000,52.06557221180706,-52.08666492184279,52.08666492184279,-0.021092710035730988,128852.10813166558,2395.5960778166327,0.9817475201395289,7094,829,73626.97621704398,-0.0015986155677428825,0.1257877396278218,99.84013844322571,10019.27555374554,144.43542147189282,0
flashbots-c20,359,10000,98.1066122977266,-98.09986510121846,98.09986510121846,0.006747196508143816,195125.41078971967,2712.4658128062083,0.9862894514468743,7416,1275,124029.4118320472,-0.0030994823675430895,0.09976014009694581,99.69005176324569,10031.355468845308,106.20999279808248,0
flashbots-c20,360,10000,57.712400039604994,-57.711054775523834,57.711054775523834,0.0013452640811593142,125912.24572982345,665.5529457595593,0.9947419456435219,5053,902,81136.6326130878,0.00031359368520938346,0.0933171268884641,100.03135936852094,9995.948216863413,96.80170645181772,0
flashbots-c20,361,10000,187.4916938864934,-187.87741009157227,187.87741009157227,-0.3857162050788645,172852.80634541422,3008.902133434799,0.9828905214246983,9166,1551,108939.76984452011,0.0021506651629155725,0.4062266213175988,100.21506651629156,9977.136178765038,35.89070504569022,0
flashbots-c20,362,10000,109.08074943419409,-109.0709552630192,109.0709552630192,0.009794171174888788,237056.0483491499,1470.0221487808387,0.9938370587931452,11690,1536,139011.94490715512,0.0019344223913617497,0.11597506328529661,100.19344223913617,9984.41402256183,97.38404598995342,0
flashbots-c20,363,10000,84.50923934200438,-84.51371428073246,84.51371428073246,-0.004474938728080247,165680.60540028554,1710.005223494802,0.9897843420421105,6591,1136,106784.2559227188,0.002357011745599067,0.14722836143696683,100.2357011745599,9973.075023215824,105.30057743395567,0
flashbots-c20,364,10000,96.20239776814648,-96.19306519900714,96.19306519900714,0.009332569139345992,115034.436589337,1760.3693359021975,0.9849276744632889,4589,887,76778.93811396274,-0.002066411931667318,0.32647908694211253,99.79335880683327,10037.198646539056,78.58188494603716,0
flashbots-c20,365,10000,114.96654842416399,-114.95689465371811,114.95689465371811,0.009653770445879672,234771.19560477766,3055.385014318659,0.9871528867531751,9172,1522,147121.6329433558,0.002233783093167858,0.08665410281319097,100.22337830931679,9986.167825679537,95.25272921915307,0
flashbots-c20,366,10000,58.30740670730496,-58.27231942382231,58.27231942382231,0.03508728348265322,161023.32405314682,2924.868337623009,0.9821598012459228,10765,1075,83575.36618627964,-0.006141127642247852,0.1495446886107021,99.38588723577521,10059.1692567761,89.16800316112867,0
flashbots-c20,367,10000,67.7719158486415,-67.77432300216962,67.77432300216962,-0.00240715352812515,157710.8744308588,2018.914915109808,0.9873604358750081,7839,1058,94502.36586175486,-0.0009403907015256152,0.07989393463838923,99.90596092984744,10004.999588530289,102.15133618218331,0
flashbots-c20,368,10000,42.87429041543535,-42.841976587441344,42.841976587441344,0.03231382799400251,131524.9980107264,3746.9220635466554,0.9723008140825579,10360,914,65047.44420021312,-0.0012139701329657272,0.07286113843997398,99.87860298670343,10011.483771963756,46.64121858200154,0
flashbots-c20,369,10000,83.87375665532008,-83.93040324172429,83.93040324172429,-0.05664658640421294,200097.14872191686,3147.1969415661274,0.9845152054228509,9509,1088,113573.81828846117,-0.002301135353156525,0.1259951648364873,99.76988646468435,10006.974143560306,159.14475917761348,0
flashbots-c20,370,10000,92.53700282248359,-92.53859203410354,92.53859203410354,-0.0015892116199580641,182745.33479888513,2003.4227184715846,0.9891559610717091,6890,1230,119047.517170953,0.003090626060450461,0.08518456162811035,100.30906260604505,9965.047583437412,99.22440146244203,0
flashbots-c20,371,10000,80.96705633866486,-80.95872030609549,80.95872030609549,0.008336032569374652,144433.96717632582,2131.033291669247,0.9854601488427341,5408,1040,96107.15960269618,-0.0019337188058291587,0.09223558692775924,99.80662811941708,9996.108600202724,58.151763025720285,0
flashbots-c20,372,10000,31.672261489905726,-31.662682937611336,31.662682937611336,0.009578552294389198,120438.97066412307,1996.2507270387503,0.9836954537725625,7506,773,62955.99145793644,0.0016792400765631044,0.04701958339997276,100.16792400765631,9972.887508860673,117.61770074891827,0
flashbots-c20,373,10000,36.32190259774961,-36.32974699107034,36.32974699107034,-0.007844393320723952,94117.07031190472,1736.4770210627364,0.9818840609515398,4802,649,56591.783721923755,0.0003068092969952829,0.06764843062357613,100.03068092969953,10005.437283583438,97.85218742429431,0
flashbots-c20,374,10000,32.76825345443,-32.75615396138282,32.75615396138282,0.012099493047180943,82393.96612114995,1357.5664176919813,0.9837905483453407,4477,623,49501.084297225774,-0.0012887917534342818,0.06394597724875722,99.87112082465657,10024.668965202063,94.7746136680901,0
flashbots-c20,375,10000,158.95304150684575,-158.90269197190446,158.90269197190446,0.05034953494129013,272526.348721263,2307.338041883727,0.9916046025177685,11348,1751,169017.3000271502,-0.0036299013530761213,0.17059718002740298,99.63700986469239,10045.521124466482,155.8141834348393,0
flashbots-c20,376,10000,75.02938040309381,-74.93019654585733,74.93019654585733,0.09918385723648271,195914.34037015375,2639.8805102522924,0.9867044855629519,7916,939,111083.8735226088,0.0011787527483021166,0.13281350242429,100.11787527483021,9994.971666959676,217.7149092138442,0
flashbots-c20,377,10000,77.36755601939609,-77.33740838629294,77.33740838629294,0.030147633103155158,189408.65596016025,2582.868489626642,0.9865469660859838,9813,1299,107406.45477635704,-0.0031557312258472334,0.1431210520716536,99.68442687741528,10022.22561772522,67.52459434563514,0
flashbots-c20,378,10000,97.79747831440135,-97.77171889308478,97.77171889308478,0.025759421316564612,198316.92845709727,2944.2307399452243,0.9853710932020285,8195,1290,122486.68866048759,-0.000880229058052322,0.10122630383017196,99.91197709419477,10029.359645239925,104.99722800548626,0
flashbots-c20,379,10000,60.89820634672938,-60.9039620935955,60.9039620935955,-0.005755746866121569,146352.35265301488,2051.4153633312962,0.9861767973229268,7375,1012,85004.63997358018,-0.0009821924881002531,0.06015518438604318,99.90178075118997,10041.462876907011,107.09477794308499,0
flashbots-c20,380,10000,50.76642434228541,-50.69165265863697,50.69165265863697,0.07477168364844289,108960.42107825523,2464.0210415586107,0.9778861711606412,6595,834,61616.28034588475,-0.010202495162302086,0.08548879005025682,98.97975048376979,10034.927827308493,37.25852570816146,0
flashbots-c20,381,10000,41.59594399605838,-41.591522801861984,41.591522801861984,0.004421194196396527,109124.32842739619,1414.5284664405624,0.987203337304283,6462,736,60981.34965178007,-0.0031134296175514466,0.13150529353589177,99.68865703824486,10020.813811145219,100.82310097088454,0
flashbots-c20,382,10000,25.86115854032344,-25.856957827223056,25.856957827223056,0.004200713100384945,67895.78472042168,1832.960885862695,0.9737129806376799,5533,587,37028.350334161805,0.0018298758223200195,0.06542457925636583,100.182987582232,9983.704293008526,66.42757372228675,0
flashbots-c20,383,10000,71.99448521104527,-71.9852111580987,71.9852111580987,0.009274052946565803,118399.86725094369,1696.4303605325974,0.9858744158290315,4505,921,80393.24088829568,0.000003354548702532156,0.11123142880389011,100.00033545487025,10002.736785716112,73.20381602030669,0
flashbots-c20,384,10000,54.15828007079105,-54.187837217697016,54.187837217697016,-0.029557146905965226,130406.14151604436,2033.3461615863587,0.9846469795584253,5995,919,78479.17279441124,-0.000054832670171265365,0.09468518276473403,99.99451673298287,10022.196907875732,84.48340316634926,0
flashbots-c20,385,10000,28.908870526888034,-28.945464255550938,28.945464255550938,-0.03659372866290411,63336.52761622192,1534.0735936096116,0.9763517901021532,4356,377,32374.769685073672,-0.00033386692490822156,0.15594668100387493,99.96661330750918,9979.300861329857,104.61406622725117,0
flashbots-c20,386,10000,55.34299259603787,-55.33900512692847,55.33900512692847,0.003987469109397068,164235.98566312197,3189.12129511125,0.9809519530669505,9182,1115,92293.83831029461,0.0012726100982844457,0.048484678907955756,100.12726100982844,9994.582993403998,93.76261887180742,0
flashbots-c20,387,10000,62.715004196104346,-62.61627345811543,62.61627345811543,0.09873073798891596,191750.8975361827,3550.8208147602,0.9818187937886976,11276,1123,101355.15187635268,-0.002224368892838129,0.10204331246964728,99.77756311071619,10063.103595741912,150.68622293412932,0
flashbots-c20,388,10000,84.18894016657977,-84.22391849479581,84.22391849479581,-0.03497832821604163,233296.60106577337,2658.524170387568,0.9887329246706266,10003,1357,135198.43361695288,-0.002159877941438424,0.06326121099691846,99.78401220585616,10041.94703719188,102.91410981530791,0
flashbots-c20,389,10000,128.93916376012515,-128.90078829182949,128.90078829182949,0.03837546829566918,134322.69509063067,1220.7860549113864,0.9909933989846362,5035,1096,93938.77627333133,0.000005432187653440224,0.24653099711161444,100.00054321876534,10004.886350168286,50.707941737509806,0
flashbots-c20,390,10000,57.166711819358504,-57.16115009228079,57.16115009228079,0.005561727077711964,173073.28123404967,1364.8746563119166,0.9921755957041316,10169,1226,95910.8522284332,0.0027205829763089183,0.08152912626951035,100.27205829763089,9977.415600560698,84.43827250739176,0
flashbots-c20,391,10000,55.82722034221141,-55.85147146191457,55.85147146191457,-0.024251119703158963,169464.181348786,3349.5813868065957,0.9806173921927069,8955,1125,95303.31371396108,0.0003684942638635391,0.0848918005341622,100.03684942638635,10002.37390904336,148.86748956424333,0
flashbots-c20,392,10000,33.62703527132559,-33.61753018182917,33.61753018182917,0.009505089496421704,91685.17412029064,1843.3602722023768,0.9802909317014773,5118,688,53964.12775084829,-0.0009293216022307149,0.05858041964144363,99.90706783977693,10020.99473902807,111.24275701570009,0
flashbots-c20,393,10000,159.3696937337138,-159.24720043112137,159.24720043112137,0.12249330259243152,239493.6050984098,4372.093848748926,0.9820717146051103,10640,1777,149575.30423203963,0.004328525379060295,0.1971260853748885,100.43285253790603,9975.38191362472,59.912073026557394,0
flashbots-c20,394,10000,147.92059978007043,-147.88753081295187,147.88753081295187,0.03306896711856666,247068.65372382166,3205.4167266677696,0.9871923738607915,9733,1717,158432.36350316953,0.0065531099342651085,0.17980839953354943,100.65531099342651,9931.803808662838,88.08142200921634,0
flashbots-c20,395,10000,32.00694650374464,-32.01566701108076,32.01566701108076,-0.008720507336114736,82269.29583257846,1295.508716659116,0.9844969574972705,4590,630,48014.49796032783,-0.002525292512198689,0.06360056154568113,99.74747074878013,10013.495340705425,155.1184015835788,0
flashbots-c20,396,10000,104.43026170981386,-104.42865041677413,104.42865041677413,0.0016112930397298442,180381.09993388734,549.350668030986,0.9969637467534989,6666,1201,118652.00684088876,0.0000023617322700886235,0.11367326246722953,100.00023617322701,9999.952733018774,103.43715369072217,0
flashbots-c20,397,10000,73.63159710472817,-73.6341270523928,73.6341270523928,-0.002529947664626775,164071.03563936494,3366.415167188972,0.9798944910414439,7934,1152,99685.15323959159,-0.0028022140186308776,0.09930525207206245,99.71977859813691,10018.992771713698,79.41108286165839,0
flashbots-c20,398,10000,23.12302164733211,-23.104639558546474,23.104639558546474,0.01838208878563563,115845.14367307111,1795.1637654717822,0.9847402322846733,5520,606,61584.72041344114,0.0012722772643411417,0.035208013893086726,100.12722772643411,9941.863789123681,198.38121121080906,0
flashbots-c20,399,10000,21.428087744918976,-21.427888686475633,21.427888686475633,0.00019905844334289213,82859.68023371231,1051.3278710605528,0.987470918359748,6629,584,41850.3905380566,-0.001149520024983559,0.07361242352443127,99.88504799750164,10010.8516850306,95.64050066528185,0
flashbots-c20,400,10000,84.2370893453683,-84.20412097090268,84.20412097090268,0.03296837446562506,185246.84235122852,1826.0432159644122,0.990238867538564,7331,1206,115578.94448442674,-0.0024476937308028825,0.09297194335217014,99.75523062691971,10020.166371017447,104.7825873962232,0
flashbots-c20,401,10000,20.722035261363374,-20.718875658838755,20.718875658838755,0.0031596025246187764,64633.55844517607,1486.1847591541325,0.9775228292317868,4006,466,36126.06611658981,0.0032109969147326466,0.03986774822525334,100.32109969147326,9972.885513432722,82.87062419917793,0
flashbots-c20,402,10000,124.83835473048947,-124.83560685817987,124.83560685817987,0.002747872309598165,252099.61306830842,199.7332453226566,0.9992083481458,10290,1661,156792.04474499327,0.0031375041625243227,0.1018435172403673,100.31375041625243,9969.109703163029,99.80422989275071,0
flashbots-c20,403,10000,69.79800483571756,-69.80462075994333,69.80462075994333,-0.0066159242257697315,187187.8970565426,2710.5448940631,0.9857263447439546,9773,1292,106986.97332258012,0.001137504569933725,0.07854726633485157,100.11375045699337,10009.015856729953,79.5186281759675,0
flashbots-c20,404,10000,65.13764729736597,-65.16440008800282,65.16440008800282,-0.026752790636848545,154884.2872847695,2792.1035694005823,0.98229219000844,5883,1046,100148.2398744181,-0.0005425114320279079,0.05891898941990434,99.94574885679721,10022.621242220574,120.4283501745212,0
flashbots-c20,405,10000,18.157781823783083,-18.16036288909183,18.16036288909183,-0.0025810653087461333,55330.30996485643,1855.7740990630746,0.9675485018874733,4208,377,28811.131959242553,0.0006203709525537704,0.06864397458272592,100.06203709525538,10015.918281765133,70.0721854917118,0
flashbots-c20,406,10000,44.28025295287307,-44.266344624232154,44.266344624232154,0.013908328640916068,140246.47614105244,2371.418794343541,0.9833722213091298,9381,950,73481.34185390917,-0.0006604702462402656,0.09090687857180967,99.93395297537597,10020.594385580052,115.35967467289188,0
flashbots-c20,407,10000,30.103535141542384,-30.08680630062993,30.08680630062993,0.01672884091245308,82498.01748383607,1764.6284248325992,0.9790579988819096,5127,547,45863.99107020753,0.001080416897834624,0.07704872516328408,100.10804168978346,9967.482462621841,104.9332958814478,0
flashbots-c20,408,10000,123.80196864931027,-123.80892737228717,123.80892737228717,-0.006958722976904141,142635.16722375085,2386.5791294720634,0.9835433016807068,7677,1155,87438.2676054539,0.0032227681894812575,0.24823141955882505,100.32227681894813,9987.625804617626,70.17455432988118,0
flashbots-c20,409,10000,58.480859997340275,-58.470920368738916,58.470920368738916,0.009939628601358663,166552.60950448588,3645.2095174489414,0.9785825133459604,5941,907,102329.54320179163,-0.003716365864643336,0.07059734239022789,99.62836341353567,10063.210572192746,119.38920600185742,0
flashbots-c20,410,10000,102.69176411492337,-102.85896254143378,102.85896254143378,-0.16719842651041006,134695.4289271908,1915.5095562561348,0.9859783588523678,4732,1065,94079.98937504725,-0.0055554815521219325,0.20435088773317786,99.4444518447878,10040.532898529997,38.63694140995803,0
flashbots-c20,411,10000,56.67909234889518,-56.64760883492356,56.64760883492356,0.0314835139716223,127921.34411616759,2201.5038848222243,0.9830813426032186,5857,815,76561.54061356932,-0.004139855950072615,0.11034881488041805,99.58601440499274,10035.539404456678,115.05567820961065,0
flashbots-c20,412,10000,24.68160237358744,-24.682618752934687,24.682618752934687,-0.0010163793472450777,120435.60671598912,2260.9676845272443,0.9815726910423203,9181,663,55569.091668930014,-0.0005545522061885322,0.05157828003371634,99.94454477938115,10038.25033483458,149.97496318984773,0
flashbots-c20,413,10000,80.70332619595229,-80.65659605716006,80.65659605716006,0.04673013879222765,170761.361289232,3399.295813039613,0.9804818386104075,8407,1217,101680.2791391516,-0.004257704940029186,0.1260708847150886,99.57422950599708,10044.543561128068,111.05521381129603,0
flashbots-c20,414,10000,144.23553142098118,-143.99242775975324,143.99242775975324,0.24310366122793425,264174.94483763125,3827.3017125939864,0.985719143171896,11542,1735,161380.96326704777,-0.02622810250842221,0.15958603089020443,97.37718974915778,10177.011386644397,70.54611788601315,0
flashbots-c20,415,10000,59.82169346037247,-59.82093728454902,59.82093728454902,0.0007561758234544413,140091.938008962,1320.9226017462424,0.9906591055718575,5747,949,86361.7256695284,-0.0006241807755773721,0.06999301409072857,99.93758192244226,10009.258567489653,101.89334590755318,0
flashbots-c20,416,10000,22.675077361259564,-22.66921919917484,22.66921919917484,0.005858162084724228,90223.11887627418,1832.789938359727,0.9800904693467284,6259,609,47070.38901220279,-0.00028032647120824095,0.04121329315453238,99.97196735287918,10000.637029431682,111.54540870840175,0
flashbots-c20,417,10000,70.88060164320618,-70.89158283397022,70.89158283397022,-0.010981190764042026,156055.8043299619,3004.9077936352196,0.981108422353219,7188,1028,94448.39275722172,0.0019414107070335263,0.11266574253366798,100.19414107070335,9976.948679037789,107.07520351566187,0
flashbots-c20,418,10000,26.011038437940087,-26.01758381916921,26.01758381916921,-0.006545381229123848,99891.59653181305,1252.7914651723129,0.9876138311775672,5458,615,54304.81892638486,-0.0009467199114892821,0.04350496138504795,99.90532800885107,10029.755654498871,154.00157860553227,0
flashbots-c20,419,10000,38.784181057518396,-38.773251154212986,38.773251154212986,0.010929903305409994,121397.46795151943,2877.5890890580736,0.9768449988470453,7676,765,62425.33363515757,-0.0010936735855219127,0.10854115747669411,99.89063264144781,10006.982896344174,103.70456875739303,0
flashbots-c20,420,10000,91.3457144675911,-91.35324093910592,91.35324093910592,-0.007526471514822219,153387.0362052523,4314.581081887383,0.9726408571065477,10049,1359,89731.25030005978,-0.0036502273147532094,0.11520723498526181,99.63497726852468,9993.789790494078,65.58705845503661,0
flashbots-c20,421,10000,25.083802013629427,-25.07830204248838,25.07830204248838,0.005499971141045279,74324.60603171184,1474.5147338852594,0.9805470733830135,4112,497,42670.489073405144,0.004480876837830863,0.042561888923574855,100.44808768378309,9956.638960668062,113.96973346125885,0
flashbots-c20,422,10000,26.03922269393989,-26.024281208489278,26.024281208489278,0.014941485450613357,76567.96924375511,2211.1133266679085,0.9719327357653432,4790,493,41399.611058770475,-0.0032743259191984463,0.05969420849568166,99.67256740808016,10042.268292175353,143.2724004731088,0
flashbots-c20,423,10000,23.686165553573982,-23.68794987065617,23.68794987065617,-0.0017843170821869592,63275.721139367844,1260.9760539026272,0.9804611002926547,4439,393,34057.82329876872,-0.00038486763066913454,0.07943419711857558,99.96151323693309,10006.090274079763,129.30019002215653,0
flashbots-c20,424,10000,58.767973624994575,-58.79937040132625,58.79937040132625,-0.03139677633167537,122538.53416118653,1497.8113750104733,0.9879244154724522,6715,975,74147.13277075865,0.0014992263495931012,0.08789256260096494,100.14992263495931,9981.218884265589,64.94421331010906,0
flashbots-c20,425,10000,63.59813401005999,-63.45226864848607,63.45226864848607,0.14586536157391805,137361.29723541084,1834.9143905026258,0.9868177849880433,5661,901,85686.51304694518,0.013736740631722028,0.07625050399535993,101.3736740631722,9856.968984111152,118.38385301113112,0
flashbots-c20,426,10000,63.141677418344834,-63.1262229859654,63.1262229859654,0.015454432379435445,167796.69661305728,1450.2316198586311,0.9914312677045292,9662,1120,93716.08082533481,-0.00438267431902247,0.06473728643068682,99.56173256809775,10041.96710566797,95.29531009585322,0
flashbots-c20,427,10000,55.4315067615462,-55.448558115568474,55.448558115568474,-0.017051354022271425,131450.23502893813,2388.21521415689,0.9821559857438643,7491,1004,76537.31803276749,0.0005117326065408179,0.06979928968300612,100.05117326065408,10034.01867071246,76.86609659728674,0
flashbots-c20,428,10000,31.50783522797793,-31.501473110082834,31.501473110082834,0.006362117895097441,153997.69341310617,2768.4366149602506,0.982340339622694,10308,840,73387.94688943046,-0.0008720777235951971,0.03362664380501144,99.91279222764048,10012.240438178202,194.90843545565022,0
flashbots-c20,429,10000,115.06682045243147,-115.03459873751154,115.03459873751154,0.032221714919927535,278681.8907334384,1852.3423981394485,0.9933970896262394,10632,1616,167469.88113280197,-0.001025875418678197,0.08564596372207318,99.89741245813218,10034.783137156515,131.93445052589976,0
flashbots-c20,430,10000,61.874565908779125,-61.90562989381213,61.90562989381213,-0.03106398503300767,160683.11405068432,3738.63733412955,0.9772619054191948,8365,1024,91953.17370415654,0.0005570627387812976,0.06925148568718228,100.05570627387813,9993.394062676607,87.42609396551642,0
flashbots-c20,431,10000,61.3694575758586,-61.366640010341484,61.366640010341484,0.0028175655171125413,188975.58598077335,875.972325812687,0.9953860145598695,10595,1165,101248.76814330963,-0.0014351949575335254,0.07460287650937956,99.85648050424665,10015.190356068299,115.61020348028701,0
flashbots-c20,432,10000,120.07716323498445,-119.92151584622526,119.92151584622526,0.15564738875919204,119581.8783067851,1983.071619264986,0.9836871432063986,5788,1061,78943.42760117154,-0.0005769836240544635,0.36487799006258165,99.94230163759455,9989.54741923772,55.8637384565773,0
flashbots-c20,433,10000,215.38497737445294,-215.5735399318027,215.5735399318027,-0.18856255734976912,191686.18389339044,3699.1731720573293,0.9810672957911671,7822,1727,131684.19614962445,-0.0021241682821457174,0.19429636831929925,99.78758317178543,10031.106713789859,29.59092273044651,0
flashbots-c20,434,10000,38.459066037805535,-38.449406391193094,38.449406391193094,0.009659646612441009,101611.9238989995,1733.1345440347814,0.9832296331324819,6813,768,56829.48892356441,-0.001384773736756415,0.06736257770585453,99.86152262632436,9999.596609015365,75.05302836475634,0
flashbots-c20,435,10000,110.90026091222968,-110.90851664950843,110.90851664950843,-0.008255737278744846,264247.3947562592,2602.735756144337,0.9902464512528191,10869,1642,161447.197733174,0.00014240249972232276,0.11005798450719965,100.01424024997223,10000.75772659248,133.83458281712393,0
flashbots-c20,436,10000,60.118808262751465,-60.13725947637965,60.13725947637965,-0.018451213628182472,142980.9782498682,2604.764460182376,0.9821083822378814,8461,1012,80963.82041633182,-0.00135300289279769,0.11406392476594192,99.86469971072023,10014.552876172873,92.19011207615675,0
flashbots-c20,437,10000,52.1158546421783,-52.12164348016946,52.12164348016946,-0.005788837991161699,118671.77583631079,2309.2880642048904,0.9809119874652132,6305,931,70384.58121978331,-0.00010785639697644456,0.08981602389354748,99.98921436030236,10002.76945026903,59.333780437215594,0
flashbots-c20,438,10000,25.254624258320394,-25.26838635743134,25.26838635743134,-0.013762099110945059,86756.81308244551,2165.872476355189,0.975643195403461,5243,600,47476.71610603382,0.0029781068371281093,0.07802608057477571,100.29781068371281,9967.523613873209,103.42552155893274,0
flashbots-c20,439,10000,135.61519536084805,-135.53116037154624,135.53116037154624,0.08403498930181286,280050.09260263236,3598.997106009776,0.9873117974406102,11059,1704,168966.2729002874,-0.005240186131969296,0.14906029452697936,99.47598138680307,9988.664706704132,65.04314524380018,0
flashbots-c20,440,10000,30.050242348551272,-30.06339682877303,30.06339682877303,-0.01315448022175758,124843.25510528058,2785.87662455494,0.9781720945148161,10377,723,57094.16580522513,-0.0015395830036354142,0.07925795248951843,99.84604169963646,10009.395154135524,114.23074103393479,0
flashbots-c20,441,10000,17.916694568063495,-17.917514451724294,17.917514451724294,-0.0008198836607995474,61628.58952770825,2346.0797484626587,0.9633279894213299,4478,465,32897.65887155545,0.001949228293706824,0.051601333648146126,100.19492282937068,9982.4498706993,67.50017776197232,0
flashbots-c20,442,10000,232.17985641440254,-232.466218042966,232.466218042966,-0.28636162856346914,267358.7132922429,2941.3193529903783,0.9891183166934692,10058,2034,180622.0518452489,-0.002196242628424159,0.18654692819814017,99.78037573715758,10043.940052529068,49.24764939711783,0
flashbots-c20,443,10000,105.46402921281967,-105.44965390221442,105.44965390221442,0.014375310605245772,221979.23632797442,2719.878527647426,0.9878954639879419,9334,1478,135400.94526350306,-0.003727029516200986,0.10927354910204727,99.6272970483799,10040.028998715783,94.36663547381654,0
flashbots-c20,444,10000,119.1762357021302,-119.20369905067047,119.20369905067047,-0.027463348540265997,230374.3696250903,3859.2378912616473,0.9835239787655483,11333,1526,134763.35128449794,-0.003297485714762587,0.13757883074901742,99.67025142852374,10000.63762568768,83.27319595062855,0
flashbots-c20,445,10000,17.827569219035187,-17.827070314216755,17.827070314216755,0.0004989048184320666,80077.60754178603,1703.4661682108679,0.9791704108183819,6123,538,38921.32113832569,-0.0008863854119394432,0.03866834045214148,99.91136145880606,10007.576775580097,109.9092269867585,0
flashbots-c20,446,10000,43.511022291290075,-43.48026510420025,43.48026510420025,0.030757187089825777,124108.41561167294,2205.0202003967825,0.9825432648061491,4730,754,77710.9713387949,-0.000005394065430124328,0.060219791569358846,99.99946059345699,10031.70091712881,119.80019033788815,0
flashbots-c20,447,10000,46.55971676245101,-46.55364659744479,46.55364659744479,0.006070165006221373,133755.8228767174,4004.962371180677,0.9709281392090368,8303,888,71620.4618036827,-0.000003578702421549451,0.11554225730948232,99.99964212975785,10003.781555503914,97.24092416885661,0
flashbots-c20,448,10000,82.51595131856271,-82.44895856404246,82.44895856404246,0.06699275452025688,175959.22756322593,3205.275611697001,0.9821098735804402,9541,1252,99224.3340742931,0.0024969261534172915,0.1760645321140062,100.24969261534173,9989.27248765691,78.63750169079104,0
flashbots-c20,449,10000,58.65567642827175,-58.63680153459535,58.63680153459535,0.018874893676397164,146433.94654428778,4619.062988309084,0.9694209138725416,10276,1110,79831.344003294,-0.0016856117429871632,0.12209615404562,99.83143882570128,9994.044968489168,55.34013984938232,0
flashbots-c20,450,10000,37.85558113005475,-37.854174598348024,37.854174598348024,0.001406531706727776,146226.3803094586,4197.380835609592,0.9720962911467048,11030,905,71388.98689491997,-0.0013447510516397187,0.049224498921985285,99.86552489483603,10030.544295329079,100.43729998502583,0
flashbots-c20,451,10000,35.78388571906265,-35.78678724591039,35.78678724591039,-0.0029015268477365908,105867.01787189284,2237.031939475492,0.979306677748161,5265,721,60889.77460785783,0.0009162606041462595,0.07257228001335946,100.09162606041463,10000.916430984586,115.67576703159847,0
flashbots-c20,452,10000,68.80120178954036,-68.74976877922472,68.74976877922472,0.051433010315633965,142806.50279431447,3064.2586609862,0.978993331971293,8252,1051,82183.84244836491,-0.002175935927738806,0.16057990145787784,99.78240640722612,9998.837831975134,66.93526093106411,0
flashbots-c20,453,10000,129.4858514315206,-129.44088615984703,129.44088615984703,0.04496527167356135,234710.04441153747,4228.799069846369,0.9823017513258541,10259,1742,148662.4442133193,0.00000814054072876047,0.09783671287853422,100.00081405407288,9995.168843118794,69.62910628954926,0
flashbots-c20,454,10000,22.09236995800346,-22.12106284937972,22.12106284937972,-0.02869289137625941,62894.65446842924,1269.9650718168632,0.9802077051042077,5278,530,33152.266147205504,0.003174924017904033,0.08649974976344695,100.3174924017904,9979.012467314633,48.609308582368236,0
flashbots-c20,455,10000,128.13922245154407,-128.41398646082027,128.41398646082027,-0.27476400927619693,158391.8454484981,4246.225657458415,0.9738915640810074,6893,1198,102576.87327743403,0.000017132192631521548,0.31544118267590704,100.00171321926315,9986.855727280401,68.55504131725361,0
flashbots-c20,456,10000,66.59862982136059,-66.59875693118374,66.59875693118374,-0.00012710982315411457,130939.06238300841,399.75812080093283,0.9969562836085517,5211,899,85545.2465906778,0.0008533693476258008,0.08600342143316936,100.08533693476258,9989.651173754572,105.73620594054768,0
flashbots-c20,457,10000,140.6103126883109,-140.5920647443729,140.5920647443729,0.018247943938007438,296327.81492355093,3584.0161445793838,0.9880497673872518,11856,1901,183101.1480094068,0.000004736584807716327,0.08419292279624059,100.00047365848077,9991.253875560717,85.0943379522687,0
flashbots-c20,458,10000,53.30596417353209,-53.302205087671865,53.302205087671865,0.0037590858602243316,155832.88089279374,4481.0236365027085,0.9720484405288512,10592,1086,82096.62011699528,-0.006799709739990618,0.08175972324287599,99.32002902600094,10068.24725108947,58.4527547431518,0
flashbots-c20,459,10000,65.61217849885631,-65.61168336620196,65.61168336620196,0.0004951326543505274,97123.87516406653,2050.3554470178474,0.9793257236846293,4319,862,65094.36984187263,0.000004560249120260096,0.1540782032288189,100.00045602491203,10005.47127605237,54.759180549935586,0
flashbots-c20,460,10000,57.99249193738414,-58.01945449748249,58.01945449748249,-0.026962560098354516,149259.1789957263,2389.497747578375,0.9842432008053518,9082,1012,82905.96611989704,0.0009327124225605132,0.13212154341996693,100.09327124225605,9999.162277843945,80.3890781604229,0
flashbots-c20,461,10000,24.344232900359078,-24.342211851076506,24.342211851076506,0.002021049282571852,92374.62808778622,932.5800054747148,0.9900052737132313,6672,626,48059.74409512974,-0.0021797629607986837,0.050550524716193194,99.78202370392013,10022.735924963139,107.07658468719652,0
flashbots-c20,462,10000,142.83894120750568,-142.8309943215525,142.8309943215525,0.007946885953174387,277474.1424824702,1183.0997727279455,0.9957542830641939,11585,1733,168663.5634544495,-0.0007197914468886779,0.14798142010389398,99.92802085531113,10015.707767274436,104.15971191181474,0
flashbots-c20,463,10000,19.589182288221437,-19.58585716805969,19.58585716805969,0.0033251201617474635,82355.52051323211,411.5197522580217,0.9950279754967919,6532,526,39203.84573796517,-0.0026348289056745953,0.04678145154578388,99.73651710943254,10027.373419947342,99.54678831296937,0
flashbots-c20,464,10000,33.60740155633326,-33.602341111724606,33.602341111724606,0.0050604446086524035,117031.3819964186,1787.0559269623902,0.9849597759556916,8342,808,59819.73559688488,0.004165496611025219,0.05153789258578825,100.41654966110252,9964.286058275362,95.88776045030315,0
flashbots-c20,465,10000,92.78220574405664,-92.7192720270048,92.7192720270048,0.06293371705183404,183021.3900947029,2836.4516833541497,0.9847385956050145,7018,1195,117866.50816954304,0.0007472159223220842,0.1568680400454666,100.07472159223221,9978.23833051468,97.65309966561432,0
flashbots-c20,466,10000,80.02828404270632,-80.03553600390022,80.03553600390022,-0.007251961193901479,130048.66886769695,1932.8553623781584,0.9853551065298448,5415,925,84127.92013685488,0.0015430789942980994,0.11346366245529595,100.15430789942981,9977.694220835905,75.03875251009258,0
flashbots-c20,467,10000,29.335677521720875,-29.33403219976303,29.33403219976303,0.0016453219578451694,79119.80405670164,195.135092890799,0.9975397435214222,4277,558,45910.063023064875,-0.0015703692173718764,0.0629898624463452,99.84296307826281,10016.39160437275,101.77994543370228,0
flashbots-c20,468,10000,52.63311724577801,-52.63728998080397,52.63728998080397,-0.0041727350259606055,114727.65863950239,616.485249089806,0.9946552531554159,5521,811,71475.39290731003,0.0017801447739280718,0.09769537896884345,100.17801447739281,9982.741887889817,103.89632848176089,0
flashbots-c20,469,10000,28.450617028293745,-28.48242026009835,28.48242026009835,-0.03180323180460576,81053.38451444109,2366.7134855237714,0.9716289774015278,5787,547,42194.42809442099,-0.0007274564820876606,0.11404650366552033,99.92725435179123,10012.349048514563,91.26349732777008,0
flashbots-c20,470,10000,28.051096565228846,-28.060224167790373,28.060224167790373,-0.009127602561527226,98161.2414032064,2087.768915761362,0.9791741693098157,6757,603,49415.281204318235,-0.0006658499028823428,0.07663503140714453,99.93341500971177,10009.450325692465,132.9398925875566,0
flashbots-c20,471,10000,31.266668097211813,-31.263915248884068,31.263915248884068,0.0027528483277450277,84566.59931491497,2386.276014776267,0.972556675029682,6320,695,46711.96015492092,-0.0014041578406900612,0.04668459685455843,99.859584215931,10017.155238699406,65.47061976477148,0
flashbots-c20,472,10000,137.66574227559497,-137.80849317978445,137.80849317978445,-0.14275090418948366,158000.89687365043,1969.853395599551,0.9876861651752958,7400,1257,101605.22629844793,0.00000715865381764047,0.2549118264445813,100.00071586538176,10044.430981930733,79.49324905523362,0
flashbots-c20,473,10000,101.93285919034025,-101.85766632522478,101.85766632522478,0.07519286511546852,213581.1588047049,3340.9949645238808,0.9845981846184407,10075,1514,128951.04298128701,0.01546946989843491,0.10233097445684748,101.54694698984349,9930.805423499944,57.854180223578204,0
flashbots-c20,474,10000,139.6417550889638,-139.6577984398862,139.6577984398862,-0.016043350922387845,298506.02473357087,2454.1711800732464,0.9918455290320937,11130,1836,185014.82527837929,-0.004382823265095652,0.10618991500905053,99.56171767349043,10059.305435441822,116.09748451979789,0
flashbots-c20,475,10000,77.40216785920273,-77.17338721521661,77.17338721521661,0.22878064398612707,114485.6746393417,1606.206511532947,0.9861643510673628,7270,990,67966.86566245995,-0.000002268262372950858,0.2530635935189618,99.9997731737627,9995.701744667962,49.48173493297955,0
flashbots-c20,476,10000,72.2843034200372,-72.29801986538752,72.29801986538752,-0.013716445350311801,219888.37965021914,4483.720864680341,0.9800165847073193,11489,1426,123520.17262508838,0.0018528637090467726,0.06225766641108194,100.18528637090468,9988.382548001302,108.59601315210521,0
flashbots-c20,477,10000,45.0481051179735,-45.044696653407144,45.044696653407144,0.0034084645663554625,146792.76766294937,3476.0117146471434,0.9768680378649207,8634,886,76937.52438572292,-0.0013861447237670176,0.07214787968454602,99.8613855276233,10017.254620233532,109.38881867964473,0
flashbots-c20,478,10000,61.99506393056984,-61.98816579676023,61.98816579676023,0.006898133809613682,90507.78326142878,2235.2078513581837,0.9758989027144931,4312,825,60711.70907900827,-0.0021275351973326904,0.13951820092092448,99.78724648026673,10002.051340444876,50.407565765424664,0
flashbots-c20,479,10000,53.73807473027583,-53.75008278208749,53.75008278208749,-0.012008051811662313,119379.77376677004,2863.651407085075,0.9765741887302948,8608,869,62534.973936424845,-0.0009202210559470813,0.19230231104357032,99.90797789440529,9991.249940656058,72.52114921339496,0
flashbots-c20,480,10000,74.71858278129679,-74.71863818529846,74.71863818529846,-0.0000554040016709223,203150.45197606168,2056.761552828301,0.9899771478913496,10184,1341,117897.7226006841,0.0002868181787327728,0.07523747001123211,100.02868181787328,10001.081070780598,101.69001240386267,0
flashbots-c20,481,10000,37.81862876481592,-37.81936182557516,37.81936182557516,-0.0007330607592379579,175621.74459684655,2796.3889765493327,0.9843267670132926,11464,967,84183.42136193434,0.0012275342364766572,0.03716706182519559,100.12275342364767,9989.997557702342,146.35858597611372,0
flashbots-c20,482,10000,67.05688101415194,-67.06405624374833,67.06405624374833,-0.007175229596384725,189054.7162228354,3237.4805428116338,0.983163744565479,8969,1128,107826.0993664311,0.001358510917378055,0.08504844696630272,100.1358510917378,10015.616879979085,159.33411335403972,0
flashbots-c20,483,10000,77.88455130518985,-77.56901100585542,77.56901100585542,0.3155402993344296,89901.83956415683,1593.377618522393,0.9825851266592323,3994,620,56622.26363049513,0.0005192903172783758,0.24623756433206992,100.05192903172784,9994.962881907088,92.25154665532128,0
flashbots-c20,484,10000,58.08343800305623,-57.98610127646079,57.98610127646079,0.09733672659543657,153038.4746114521,5077.930122995398,0.9678848622220847,11173,1148,79127.01759687395,0.0010573842609494478,0.12793725136525552,100.10573842609494,10000.41239657947,108.23916588867387,0
flashbots-c20,485,10000,56.132701219165874,-56.13719301031955,56.13719301031955,-0.004491791153675706,151973.18308325388,2654.8706555913272,0.9828306016185445,7369,961,89657.28195016574,-0.0018427133060933442,0.08003274971651209,99.81572866939067,10019.842771802323,119.5297720697439,0
flashbots-c20,486,10000,57.94038787853756,-57.94308398081616,57.94308398081616,-0.0026961022786053945,106428.5113855107,833.1335543805814,0.9922326983252265,4624,828,69007.8671101494,-0.0006964159345899646,0.08438069625070199,99.930358406541,10009.697386068692,77.7629685280421,0
flashbots-c20,487,10000,42.49050107216147,-42.49960679674518,42.49960679674518,-0.009105724583704955,122282.40196462307,1836.2805806107172,0.9852054457640452,4554,727,77801.5168765983,-0.0021937181025828067,0.04475850866730241,99.78062818974172,10055.62231618046,172.84417558901163,0
flashbots-c20,488,10000,55.72285471022441,-55.69931630803812,55.69931630803812,0.023538402186289886,162118.54546635822,2752.2158701477942,0.9833068286466485,7913,1004,91914.22767061005,-0.00006505230711965737,0.08810360076001884,99.99349476928803,9987.876304232848,122.67048292464139,0
flashbots-c20,489,10000,95.24915584278293,-95.24976064403491,95.24976064403491,-0.0006048012519812573,193322.7145166712,1179.2834260136992,0.9939369084200297,6861,1248,125455.65593483186,-0.0019920010765044085,0.12115240947068713,99.80079989234956,10026.109142901427,119.25194359041714,0
flashbots-c20,490,10000,46.669057657971976,-46.66530506705432,46.66530506705432,0.003752590917656562,125290.43550096432,1746.5690203113998,0.9862514939887543,6667,875,73033.26045808126,-0.004315309095182016,0.0697007167720517,99.5684690904818,10040.851771092735,97.31936629640732,0
flashbots-c20,491,10000,156.81101562457502,-156.80522579877828,156.80522579877828,0.005789825796739478,274300.18148134963,3387.6210634986455,0.987800612657621,11058,1837,171850.934754708,0.003981786681113704,0.13443003943289725,100.39817866811137,9959.555925141303,79.77451593859573,0
flashbots-c20,492,10000,39.33624161599699,-39.342146663707645,39.342146663707645,-0.0059050477106552535,118447.35070975874,1777.7035574515637,0.98521353499662,5985,820,70323.72338311159,0.0017797434977474325,0.044999396711708356,100.17797434977474,9986.620532888968,121.66367939265241,0
flashbots-c20,493,10000,122.05225626751167,-122.08531323732592,122.08531323732592,-0.03305696981425399,171514.5975501674,2837.6153586718174,0.9837248101912222,10139,1539,104898.07466286162,0.014666515878838026,0.23185840076630485,101.4666515878838,9945.521260412816,40.56523644849904,0
flashbots-c20,494,10000,32.916928111020354,-32.88573913567195,32.88573913567195,0.0311889753484067,96292.42421592349,2190.4451086537124,0.9777581103832941,7898,665,46208.719136964246,-0.0010710553117422705,0.15296415976809485,99.89289446882577,10017.916134701221,62.51250639959682,0
flashbots-c20,495,10000,81.79289167585293,-81.83632990121167,81.83632990121167,-0.04343822535874153,151050.56233957876,2381.786436214252,0.9844766344566965,8042,1061,89200.39674505724,0.0000012859815403487574,0.14957651492615112,100.00012859815403,9996.157428897297,93.3622555485158,0
flashbots-c20,496,10000,77.37767134849177,-77.39162925016578,77.39162925016578,-0.013957901674004347,146458.46819333674,3731.8392533590427,0.9751525959510835,7193,1180,92888.22905343775,0.002023287414463084,0.07223800691624803,100.20232874144631,9998.224289813814,63.81967609577817,0
flashbots-c20,497,10000,53.90865632729102,-53.44761731583279,53.44761731583279,0.461039011458233,140373.99994452158,2249.814573097883,0.9842255335779149,7764,887,77902.96112219563,-0.022342862539605192,0.09611245316180089,97.76571374603948,10292.267644303558,142.06103934942544,0
flashbots-c20,498,10000,29.91862075719985,-29.91666788142912,29.91666788142912,0.0019528757707298894,129552.62658672607,2752.004559937634,0.9791994842804334,10552,824,61909.22879015162,-0.0023990048140726116,0.035526382881677844,99.76009951859274,10025.865210563423,95.30359048196318,0
flashbots-c20,499,10000,21.771005158453534,-21.768529719442398,21.768529719442398,0.0024754390111354496,84780.82574203602,1431.5773552906714,0.983394763353545,6380,592,42689.957048013275,0.0018751496646729037,0.043710689026786154,100.18751496646729,9979.782733547669,87.47165406845828,0
flashbots-c20,500,10000,103.27895259482102,-103.28232143824972,103.28232143824972,-0.0033688434287029168,199286.36788624284,2113.358645494455,0.9895066459032087,7308,1376,131934.94709896785,0.003973545987114022,0.09153270068024057,100.3973545987114,9966.439292665431,108.87813137566569,0
flashbots-c20,501,10000,107.51692201878716,-107.53141566742958,107.53141566742958,-0.014493648642428525,152262.60549804775,1447.1018613673637,0.9905854881501814,5408,1053,103824.46623294249,0.0013181122931501931,0.19759753871249075,100.13181122931502,9984.399037508321,99.87699805983084,0
flashbots-c20,502,10000,115.15825130413452,-115.2063775697573,115.2063775697573,-0.04812626562276989,186022.29176041074,3455.632811496229,0.9817623460922762,8784,1464,116669.21218124837,-0.0027147034234000955,0.1734264501317466,99.72852965765999,10030.074855602634,75.81893143355069,0
flashbots-c20,503,10000,32.75432082877356,-32.75045356565756,32.75045356565756,0.0038672631159997195,121749.58571303081,2753.591410762696,0.9778833643094521,8300,812,63388.84689035014,0.0017599805070854303,0.035501762596721276,100.17599805070854,9986.584166175422,97.94582952960913,0
flashbots-c20,504,10000,170.33261661426818,-170.28813394095653,170.28813394095653,0.04448267331164857,308566.9286652804,5875.663595047184,0.9813140339773604,11207,1956,192066.20134991672,-0.0023260465111576423,0.11144191780214442,99.76739534888424,10004.9499132201,67.85407064680061,0
flashbots-c20,505,10000,15.437149647742567,-15.448210120426403,15.448210120426403,-0.011060472683835698,56971.73962160463,1916.7596749848742,0.9674510354673637,4301,351,27847.85432773531,-0.00001241374764404668,0.06235012242694083,99.9987586252356,10031.479969378075,80.97984172022159,0
flashbots-c20,506,10000,29.064138376002617,-29.041738808671703,29.041738808671703,0.02239956733091475,144471.33209523727,3303.2633287522976,0.9776466088824355,9954,782,67396.59256353864,-0.000842495145413551,0.0420062460323139,99.91575048545864,10010.888321684844,125.3239000523486,0
flashbots-c20,507,10000,31.149302109782397,-31.158475128709263,31.158475128709263,-0.00917301892686595,97792.92843749667,1566.1638407651544,0.9842373374710489,5675,664,54435.996691190936,0.00032765663545902157,0.051033978865525145,100.0327656635459,10007.690317449995,116.76323549341127,0
flashbots-c20,508,10000,83.71378910832632,-83.7205998712229,83.7205998712229,-0.006810762896577671,207966.65840242227,901.6390433462207,0.9956832173461828,10503,1432,121047.78434843643,-0.0016023493048913907,0.10973777421132155,99.83976506951086,10016.304417989893,95.07703668238047,0
flashbots-c20,509,10000,143.79801284133168,-143.774696090544,143.774696090544,0.02331675078767148,259524.38554219794,5497.205190125294,0.97925751945366,10999,1771,161298.97053782258,0.003847107002432324,0.13234787651168248,100.38471070024323,9966.697195373721,93.67146644680534,0
flashbots-c20,510,10000,106.77923993780149,-106.75709700964282,106.75709700964282,0.022142928158672248,189274.58210701213,2914.5544134249208,0.9848349679581656,7554,1286,120443.28811048125,-0.0003714841214643627,0.15279054166393366,99.96285158785356,10003.431642793026,87.51734843932982,0
flashbots-c20,511,10000,86.04694268001205,-86.04522953417998,86.04522953417998,0.001713145832070495,220133.96499612182,2363.6671390669057,0.9893766638485808,11045,1373,125233.23503335426,0.0025624617242787904,0.08124070268562264,100.25624617242788,9969.6352204838,103.86260754960776,0
flashbots-c20,512,10000,42.56980589789147,-42.55764873331432,42.55764873331432,0.012157164577146773,149048.63441913,3187.846861820087,0.979059901838266,10676,957,75016.20059545863,0.0030448058046388836,0.07202830639853332,100.30448058046389,9978.321031728565,90.71353089466925,0
flashbots-c20,513,10000,190.0134088380962,-189.98923261645632,189.98923261645632,0.024176221639891082,263431.75667581835,4749.608634665448,0.9822895650144572,9918,2032,175159.36012977714,0.0023655967609207094,0.15598128779768047,100.23655967609207,9946.584272417891,46.23435740383001,0
flashbots-c20,514,10000,43.794392649947014,-43.69964817184469,43.69964817184469,0.09474447810232078,147166.7527840541,4115.488756138152,0.9727959559943143,9717,827,73054.79026288606,0.0005124783654144949,0.1221071591791052,100.05124783654145,9957.038498944108,201.20910727615166,0
flashbots-c20,515,10000,56.141017876704794,-56.1352284387399,56.1352284387399,0.005789437964892841,147545.2819305171,1589.56154322342,0.9893414476040717,8527,1031,81701.05683173204,0.004115608619774207,0.12389030625973901,100.41156086197742,9964.51103237097,85.3506831389895,0
flashbots-c20,516,10000,96.30712004947874,-96.35003659078045,96.35003659078045,-0.04291654130170741,152464.12813527224,1543.754232845709,0.9899761349282387,6830,1259,98768.08418352882,0.006468689073252705,0.15818329842677697,100.64686890732527,9986.06398835816,36.74187400178701,0
flashbots-c20,517,10000,217.14117791228674,-217.1539593918091,217.1539593918091,-0.012781479522374184,239204.5457946297,3115.9329770175564,0.9871412726121513,10135,2003,157486.60617445296,0.004214735938617622,0.2263571020687958,100.42147359386176,9985.345605883069,33.76847659356618,0
flashbots-c20,518,10000,90.21883305443957,-90.22541137817933,90.22541137817933,-0.0065783237397596395,116338.88750641306,1628.4652454806153,0.9861956277945342,4231,870,80461.17836908264,-0.000019186470319141335,0.10829685093479839,99.99808135296809,9991.45115243847,72.43327741346008,0
flashbots-c20,519,10000,166.58622737467743,-166.57306668759156,166.57306668759156,0.013160687085871814,313008.1318353006,1102.2344398231176,0.9964909326206136,11721,1900,195897.83939199997,0.004654119595741975,0.1161015410970903,100.4654119595742,9946.725214268723,105.0759677992,0
flashbots-c20,520,10000,80.46458191278654,-80.44286993361038,80.44286993361038,0.021711979176160412,212935.83521175428,4729.334516325455,0.9782724331952898,9880,1135,117788.36610712831,-0.0016569128047791537,0.09796348469970965,99.83430871952208,10013.34963383514,138.28744481730243,0
flashbots-c20,521,10000,10.887941302821158,-10.900428164983438,10.900428164983438,-0.012486862162280232,62667.58103451074,1478.4186149174361,0.9769522866118338,4909,348,28093.226272331798,0.0023040501166524054,0.03683024258590393,100.23040501166524,9985.951444243177,111.02052442371586,0
flashbots-c20,522,10000,31.925063414823533,-31.915586769286143,31.915586769286143,0.009476645537390027,104340.53524124718,1271.208558512931,0.9879633787609535,6737,661,53681.05370586658,0.0045618413147833796,0.08124082470964979,100.45618413147834,9953.909059539897,94.86528978636358,0
flashbots-c20,523,10000,25.02575234949481,-25.031890537780676,25.031890537780676,-0.006138188285866875,104601.08442540168,2165.7965353893455,0.9797147156880539,7490,690,53394.72241461335,-0.000004142424272970402,0.040737077962185994,99.9995857575727,10003.141992131845,112.16467383836296,0
flashbots-c20,524,10000,100.13502275095097,-100.20055506950622,100.20055506950622,-0.0655323185552561,110794.74091101075,3492.4584226690104,0.9694413858854637,4682,891,75381.43717667516,0.0005111919403630338,0.15379057711231994,100.0511191940363,10034.864836832357,60.93384366556086,0
flashbots-c20,525,10000,46.41812872759116,-46.4382979651189,46.4382979651189,-0.020169237527738915,110112.67208385139,2054.204449983002,0.9816861758706157,5866,778,65206.27891006291,-0.000004093685510753175,0.07963364838471577,99.99959063144892,10008.170213342895,103.88130537616819,0
flashbots-c20,526,10000,36.37841669859413,-36.3664757573529,36.3664757573529,0.011940941241228131,133201.1687050135,5206.6566188580055,0.9623817756931405,10718,863,64780.20778632453,-0.003709425372269379,0.0711902186574315,99.62905746277306,10033.710947909138,104.74560557098565,0
flashbots-c20,527,10000,32.56664161660365,-32.55658505148628,32.55658505148628,0.010056565117366745,99163.49533620995,2573.4512780541936,0.9747048504629154,6594,692,53709.01059205505,-0.0012340105172251015,0.04992834436258718,99.87659894827749,10017.117963736911,81.35558103079696,0
flashbots-c20,528,10000,53.63995443949073,-53.60959302146623,53.60959302146623,0.030361418024497766,154602.74682120726,2967.6639277442755,0.9811661090833068,9498,1028,83619.33622393956,0.005707356803520866,0.0751372105546028,100.57073568035209,9949.36180131348,89.07469559322297,0
flashbots-c20,529,10000,25.969981959600695,-25.96853457171943,25.96853457171943,0.0014473878812637508,76099.1752022838,675.9125001330885,0.9911962002211845,4071,534,43129.35933908367,0.0008122061362787747,0.05795142654958511,100.08122061362788,9990.434283873725,100.28336618752037,0
flashbots-c20,530,10000,90.00153772603417,-90.08069335043241,90.08069335043241,-0.07915562439823987,148385.12516707153,1940.3774882830376,0.9870921603187207,5373,1101,102003.09375895077,0.0021772865095864803,0.08129028370446434,100.21772865095865,9984.435520565512,101.69769729782128,0
flashbots-c20,531,10000,99.21163914558912,-99.21599574952224,99.21599574952224,-0.004356603933118208,231294.27417131024,2008.0249689680352,0.991393033946225,10698,1494,135126.01687348966,0.0008149157799228135,0.15771038435699608,100.08149157799228,9996.185635434967,110.13111417837389,0
flashbots-c20,532,10000,52.48379058187351,-52.48665875778169,52.48665875778169,-0.0028681759081834457,167184.63203657116,3977.092172732913,0.9767641264943699,9388,1060,93276.74529364676,-0.000938441846478213,0.06208895450264592,99.90615581535218,10027.18547799971,124.74795167451322,0
flashbots-c20,533,10000,39.465733045529305,-39.50058956043831,39.50058956043831,-0.0348565149090021,108188.15602144848,2571.894305093913,0.9767795852610083,6740,723,57826.39714585461,-0.0002703348260314442,0.12857094926396598,99.97296651739686,10010.199724541751,142.7729189741036,0
flashbots-c20,534,10000,143.69847473414805,-143.81094356153758,143.81094356153758,-0.11246882738953445,133157.3727392675,3673.4493337064614,0.9731533489454053,6753,1305,88959.50084158592,0.0006385960996598783,0.2455593990478269,100.06385960996599,10009.173902953584,33.98897758375087,0
flashbots-c20,535,10000,72.72218332447896,-72.67978051885106,72.67978051885106,0.04240280562790133,88684.90170902456,1324.8861517412302,0.9852806435474477,5160,1001,57612.121024294414,0.00002561501042606551,0.12428254848238537,100.0025615010426,9996.453330920933,17.266303552170353,0
flashbots-c20,536,10000,51.128431420663,-51.135226625479646,51.135226625479646,-0.0067952048166475265,134476.4051593767,1255.1722232127254,0.9907525408057791,9461,932,72273.17400182078,0.0021000320566926687,0.1379166050634413,100.21000320566927,9984.27300574243,85.9329445092417,0
flashbots-c20,537,10000,46.878595732349325,-46.87828854531401,46.87828854531401,0.00030718703531817937,126924.88861224944,1862.6762515903274,0.9855368314979817,7607,914,71793.02056694694,-0.00011988944065393525,0.05622359162592133,99.9880110559346,9997.321180005369,86.57890930611123,0
flashbots-c20,538,10000,65.49902179115466,-65.3811717832381,65.3811717832381,0.11785000791655875,101260.16044713906,1353.5665905844523,0.9868091080047522,3978,706,67048.29291878377,0.0005797654275063735,0.10936851584347011,100.05797654275064,10019.133518379487,64.3198757310599,0
flashbots-c20,539,10000,51.38674693576071,-51.404574678818456,51.404574678818456,-0.017827743057743817,110432.03663029715,2059.304664287717,0.9816936606801145,4983,815,70860.24157489756,0.0012491948975053902,0.06323759746589332,100.12491948975054,10000.24250720359,106.7799829552167,0
flashbots-c20,540,10000,119.51164981288275,-119.49597192450884,119.49597192450884,0.01567788837391504,234720.6022996803,2633.4004337927104,0.9889051779053005,9774,1531,142019.86463565545,-0.0000002993774020865203,0.18061472968304101,99.99997006225979,10005.432863325319,90.5869240700577,0
flashbots-c20,541,10000,72.62591840880661,-72.62052911879331,72.62052911879331,0.005389290013297909,102634.59079668649,1360.7507466285997,0.9869152721032044,4017,852,71252.64914597594,0.0021895670767840157,0.140280601989315,100.2189567076784,10004.007583098622,42.0996734967568,0
flashbots-c20,542,10000,57.30619610718142,-57.30723517058233,57.30723517058233,-0.0010390634009098676,171888.6679594465,2614.3875309122845,0.985018098831761,10333,1104,93707.90297374316,-0.0015772054730668118,0.0850717036365539,99.84227945269332,10002.283241619747,99.12963906929552,0
flashbots-c20,543,10000,32.21203000616131,-32.201949232861686,32.201949232861686,0.010080773299620205,81582.09003157941,1356.5274610912859,0.9836441997455387,4667,576,47331.52009423908,0.0029622326109678453,0.07798307503262024,100.29622326109678,9972.642628796682,82.93519514019627,0
flashbots-c20,544,10000,118.3201813149147,-118.48436806021216,118.48436806021216,-0.16418674529745658,191133.85839852432,3902.8436172433403,0.9799891836925759,7671,1277,121899.21775527565,-0.0000017249123834517376,0.14290143180572643,99.99982750876165,10002.553516456512,83.85583403727492,0
flashbots-c20,545,10000,112.7267527043033,-112.72464161301735,112.72464161301735,0.0021110912859398923,252213.32960910103,1339.7260195631477,0.9947161905967119,11741,1696,152449.56843691823,-0.004342591680261876,0.07713101720807729,99.56574083197381,10036.31631515674,93.23300619833327,0
flashbots-c20,546,10000,52.4643774100467,-52.50425441726414,52.50425441726414,-0.039877007217441474,222365.9177823337,2354.4218926222725,0.989522880323037,11630,1170,114273.22042261393,-0.0004655567674163308,0.051114576284920756,99.95344432325837,10019.368368743375,305.13540527244663,0
flashbots-c20,547,10000,39.63007559559764,-39.623138410651286,39.623138410651286,0.006937184946352204,127188.34362402273,2670.4042519317836,0.9794360850107484,7866,893,69130.10927874495,0.0009653496192797206,0.0949444524833639,100.09653496192797,9986.450901435814,98.21059136074548,0
flashbots-c20,548,10000,32.28152547936143,-32.28339927468128,32.28339927468128,-0.0018737953198524337,108574.74810341027,1891.9312494591284,0.9828732857677777,4966,669,62891.02911812792,-0.0005825582587188194,0.05095558988469264,99.94174417412812,10004.933621061717,159.14265862726558,0
flashbots-c20,549,10000,22.42961604511323,-22.378458281654666,22.378458281654666,0.0511577634585656,69924.64153405972,2084.56779922422,0.9710513721991292,5494,470,35624.02067401723,-0.009749501907060533,0.11793583686523959,99.02504980929395,10107.361641412443,101.7972663837582,0
flashbots-c20,550,10000,41.800282894785894,-41.78552515577108,41.78552515577108,0.014757739014811477,130112.75618330018,1979.4843058505703,0.9850143785999819,5496,767,76804.75052235718,0.00414410578704107,0.05460280652994172,100.4144105787041,9952.611584265978,130.97145669698696,0
flashbots-c20,551,10000,105.1830178929952,-105.26377229241967,105.26377229241967,-0.08075439942447815,160023.13449050658,1644.8184708332842,0.9898259460783387,6940,1195,101582.77261373731,0.0025624322721674274,0.19626946547995133,100.25624322721674,9985.777961701824,68.6646416531645,0
flashbots-c20,552,10000,40.153625230863064,-40.14915451856616,40.14915451856616,0.004470712296907209,86124.12652999016,1544.7587010057669,0.9823796242311565,5042,733,52273.449174554786,-0.004583953677698247,0.06452329198088436,99.54160463223018,10047.941663885622,55.18647110103805,0
flashbots-c20,553,10000,53.72671618731297,-53.73390464476701,53.73390464476701,-0.007188457454041952,176992.45015838192,4616.554459021479,0.9745797050716334,9343,1172,100078.84780567222,0.0002726349939923978,0.05088808740293985,100.02726349939924,10002.290260502938,101.98080623911477,0
flashbots-c20,554,10000,103.00590889971276,-102.98137025813503,102.98137025813503,0.024538641577734666,155053.01676569108,3448.5644677495065,0.9782427125274513,6527,1235,102551.31109677107,-0.0023578834264013438,0.1529471073306924,99.76421165735987,10001.236458594847,39.7306217339827,0
flashbots-c20,555,10000,68.85886136255631,-69.14821319079957,69.14821319079957,-0.2893518282432552,119291.20420775904,2594.370367845259,0.978714705354767,6424,841,69917.46957212333,0.004349240293147289,0.22884509826252242,100.43492402931473,9936.247192664647,99.0478883338801,0
flashbots-c20,556,10000,25.3520778063265,-25.36364306319362,25.36364306319362,-0.011565256867122287,143987.81893739977,2844.6847217152176,0.9806263282936357,9692,743,66210.9172202857,0.0008598558808967028,0.03313813416612632,100.08598558808967,9984.162321062731,202.7625046711033,0
flashbots-c20,557,10000,64.8507597952843,-64.88264544877647,64.88264544877647,-0.031885653492167876,185716.14005272972,4195.297310860307,0.9779091908886546,11498,1263,99380.02171359371,-0.003192695658096767,0.0741770297247163,99.68073043419032,10036.337217953629,106.7344285451224,0
flashbots-c20,558,10000,50.62407746014869,-50.62419373965851,50.62419373965851,-0.00011627950981818458,145052.0802619972,1561.6797683989964,0.9893483410556061,8558,874,78236.75446748143,0.0031376334541870676,0.08414335074068788,100.3137633454187,9955.065311437564,116.09850474915106,0
flashbots-c20,559,10000,209.2719056553732,-209.11256149352496,209.11256149352496,0.15934416184822453,273813.25628545776,3054.608722341271,0.9889672688368685,10952,2089,179079.9116810692,0.00015435496755443977,0.14532455135363975,100.01543549675544,9985.750187258067,69.45967769035484,0
flashbots-c20,560,10000,54.07030700481669,-53.52520223494948,53.52520223494948,0.5451047698672085,113243.91315869626,2191.243322443255,0.9810175392901098,5144,823,70084.6700150055,-0.03525618043332756,0.10381644485304121,96.47438195666724,10303.201630830366,85.91916807170469,0
flashbots-c20,561,10000,39.2913363380672,-39.29397258708954,39.29397258708954,-0.0026362490223448276,107857.16655092336,1426.7078633144167,0.9869449370187361,7123,765,57779.43272487241,0.000004483605886349551,0.09741864189341726,100.00044836058863,10013.326840642236,72.1248658647297,0
flashbots-c20,562,10000,53.301709775827206,-53.2961972608303,53.2961972608303,0.005512514996908635,147546.06537111694,30.585156998719782,0.9997927507035208,7815,1000,86005.06267340803,-0.003280894199964024,0.05829469555805375,99.6719105800036,10032.853905092426,99.63677897888302,0
flashbots-c20,563,10000,79.43468018232397,-79.41515917539945,79.41515917539945,0.019521006924520634,180158.63742904793,517.2709454383858,0.9971370231366639,7847,1260,114287.47504407384,-0.005951336460376097,0.09581005731512476,99.40486635396239,10057.110544101019,95.99120198730567,0
flashbots-c20,564,10000,150.53780364326062,-150.5305062847519,150.5305062847519,0.007297358508708385,243418.1395505493,458.968059801518,0.9981180354962433,10603,1545,147618.1946452169,-0.0035277057183019165,0.20035517060601762,99.64722942816981,10034.05325588701,98.954955671467,0
flashbots-c20,565,10000,105.30686864464067,-105.38189120748638,105.38189120748638,-0.07502256284570308,194989.83011210087,3281.825313591216,0.9834478342022963,7377,1209,122815.04555920865,0.0002167408493453138,0.15541308103527685,100.02167408493453,10035.874245327574,218.39122965706557,0
flashbots-c20,566,10000,59.88976107661379,-59.87882287277637,59.87882287277637,0.01093820383741928,143340.00026941262,1934.6247624332932,0.986682982234446,6775,1040,89246.55402059191,0.007853614848268364,0.10043764578779517,100.78536148482684,9893.967920675535,109.61850464730547,0
flashbots-c20,567,10000,133.8763816245671,-133.8486802776302,133.8486802776302,0.027701346936908067,217729.29794511737,2357.89175622923,0.9892865561170151,10375,1732,135652.45718937388,0.0025718996638157423,0.11058899061318002,100.25718996638157,9991.574287045876,51.24606829775438,0
flashbots-c20,568,10000,32.14109146614215,-32.13343480976458,32.13343480976458,0.007656656377569959,122292.49358972996,1947.4901121045118,0.9843247716711045,9681,777,60728.032867371505,0.0011091751739169809,0.06019424466078476,100.1109175173917,9983.414808370977,112.53721362883763,0
flashbots-c20,569,10000,144.3380927112531,-144.34198472060513,144.34198472060513,-0.0038920093520289356,254549.00684999733,468.08265735188814,0.998164504746501,9181,1678,166951.86653174297,-0.0000004132078173313403,0.11307291310467449,99.99995867921827,9998.886009058164,102.45326020043706,0
flashbots-c20,570,10000,200.5282672695617,-200.44801752415717,200.44801752415717,0.08024974540452945,243626.99939637276,3713.593307423557,0.9849859124746629,9330,1962,162621.3589345964,-0.015782436726924517,0.19639676332349254,98.42175632730755,10040.329425457194,45.819512705477635,0
flashbots-c20,571,10000,198.92931095913292,-198.85558062820792,198.85558062820792,0.07373033092500236,285582.55298456544,3097.493379102226,0.9892701507495253,11576,2140,186649.78093349314,-0.015635371760190253,0.1475542775464625,98.43646282398097,10080.700640107454,67.94677806911939,0
flashbots-c20,572,10000,39.1718723751103,-39.164731003950706,39.164731003950706,0.0071413711595909035,87329.27629853578,1927.4643813490918,0.9784053913836955,5119,713,53286.34688061361,0.0000035167541345515474,0.06589421068085713,100.00035167541346,9999.897051148966,61.81167045016577,0
flashbots-c20,573,10000,108.71970700443377,-108.75905687600141,108.75905687600141,-0.03934987156763725,187103.11295918596,3512.82821882764,0.9815711729191261,11067,1575,110541.55013263419,0.006376260954639008,0.1345844314087256,100.6376260954639,9974.179736482212,51.63776651458527,0
flashbots-c20,574,10000,60.38135217420456,-60.38762702342027,60.38762702342027,-0.0062748492157140845,171130.68900517348,2406.3822921803576,0.986133324285178,6930,956,100590.7363608955,0.00012943500251338946,0.10197789435205493,100.01294350025134,10000.081230291797,167.5473347110451,0
flashbots-c20,575,10000,107.67284078879868,-107.66146254106494,107.66146254106494,0.011378247733745184,247244.93810302712,2817.589655093096,0.9887324595158117,11519,1639,147138.27619290742,-0.0005201746096658155,0.08842487280937661,99.94798253903342,9997.65905783601,88.1459098851723,0
flashbots-c20,576,10000,110.21828588621652,-110.22404803440747,110.22404803440747,-0.005762148190953553,216145.64106683995,4761.599373902494,0.9784452543773469,11097,1407,123598.00512961725,-0.0033994844231958156,0.17319306739119242,99.66005155768042,10012.800063445318,83.24196392931401,0
flashbots-c20,577,10000,35.02533253860237,-35.01179367947277,35.01179367947277,0.013538859129603509,69059.7444661866,835.4791745760999,0.9880466914467549,4062,609,42836.127171463086,-0.002175785830119139,0.10792433079797277,99.78242141698809,10017.345024237762,44.438527779382895,0
flashbots-c20,578,10000,80.88107798576246,-80.84867332906705,80.84867332906705,0.032404656695405265,203908.86277480322,5322.80582840636,0.9745602285545951,11352,1189,111159.75197784777,-0.0003646388753880103,0.09504858818249488,99.9635361124612,10015.444048432551,183.1108844988538,0
flashbots-c20,579,10000,26.413741660881477,-26.39958625245091,26.39958625245091,0.014155408430568173,88399.93090479635,2006.6886906209327,0.9778037415888223,5107,575,47705.297437823516,-0.000950217325036249,0.06937351537172873,99.90497826749638,10027.908394811571,143.8945402773289,0
flashbots-c20,580,10000,55.81026938352792,-55.810837331630474,55.810837331630474,-0.0005679481025566702,163796.9181503964,3238.2634028755892,0.9806132853404729,9109,1059,91003.48706061396,-0.0018013169565301724,0.06027981498530238,99.81986830434698,10000.09607481475,157.51798221163267,0
flashbots-c20,581,10000,49.819753700707004,-49.79955088894637,49.79955088894637,0.02020281176063321,95280.639268139,4274.918925608079,0.9570599672869237,7673,879,51257.821287839564,-0.006940518357212255,0.1334444906631302,99.30594816427877,10028.110129250019,27.90702266373063,0
flashbots-c20,582,10000,58.646696069088605,-58.634246612221915,58.634246612221915,0.012449456866690412,129957.9154005777,3108.4468385632285,0.9766398751250381,7090,967,76137.63798533581,0.0015291705989569947,0.10073385082312683,100.1529170598957,10005.248592166208,66.33948181015751,0
flashbots-c20,583,10000,28.762680043641105,-28.75088121307281,28.75088121307281,0.01179883056829567,78397.65328122712,1149.3380017417035,0.9855514585378443,5325,599,43386.406012842584,-0.0038967949799980773,0.05368198066040634,99.61032050200019,10018.655397496505,62.790361907341946,0
flashbots-c20,584,10000,74.28773476298404,-74.28821536214554,74.28821536214554,-0.00048059916149156834,215981.23769623294,273.372608065475,0.9987358761615264,11780,1358,117062.01969647732,0.0000004802216520261026,0.07462045204941986,100.0000480221652,10001.26921868224,102.45791525013938,0
flashbots-c20,585,10000,19.21703821092474,-19.22970123188326,19.22970123188326,-0.012663020958520121,65812.7067517473,1096.568211771107,0.9836111180046563,5158,529,34679.60614876613,-0.0012425336736181691,0.05401630553409603,99.87574663263818,10022.569975672059,62.998818361584135,0
flashbots-c20,586,10000,75.6047330696714,-75.59387613879804,75.59387613879804,0.01085693087335926,163559.94750314287,2277.1708144439513,0.9862686301019591,6390,1055,104837.85505538221,0.000002173050219482775,0.07638783801422817,100.00021730502195,9955.417551356319,135.47173399506005,0
flashbots-c20,587,10000,53.783559387450104,-53.80418227380667,53.80418227380667,-0.02062288635656273,113646.38407455469,1567.3754245825667,0.986395935421287,5401,851,72977.1938687168,-0.0003439125788703734,0.08486348632595395,99.96560874211296,10029.805009497462,79.6243781498357,0
flashbots-c20,588,10000,35.43002458813016,-35.426297589176734,35.426297589176734,0.003726998953425209,120152.13402020921,2290.348584110839,0.9812944940726804,6465,718,66291.95399062875,0.0013260586623158588,0.0760220775290891,100.13260586623159,9994.357499701318,142.9535982638559,0
flashbots-c20,589,10000,37.31209025669972,-37.29829573879939,37.29829573879939,0.013794517900329595,155398.70138765994,2545.822596471796,0.9838815393389165,11148,943,75291.6346242699,-0.0005564553032863273,0.04529468303565963,99.94435446967137,10002.691383375808,104.12931698699431,0
flashbots-c20,590,10000,78.21385331240609,-78.21172819367467,78.21172819367467,0.0021251187314135223,202843.10014586404,1626.0391334162935,0.9920475082980845,10243,1277,116171.12820007057,0.000036654955182058305,0.11411499990951071,100.0036654955182,9997.797675105592,102.17605587213778,0
flashbots-c20,591,10000,69.1821329579082,-68.23260072351749,68.23260072351749,0.949532234390702,177756.8581224322,2059.2404698970513,0.9885480750276666,8011,1119,104334.47875255148,0.03305348990811623,0.09518590736388831,103.30534899081162,9428.199885249085,170.94502230468575,0
flashbots-c20,592,10000,129.57784082513632,-129.59737181408633,129.59737181408633,-0.019530988950009487,218492.56743857285,2250.3482405251807,0.9898055698249606,9107,1515,137837.73518074164,0.0017745032885437696,0.15825258086760727,100.17745032885438,9986.243886495678,86.88299440932985,0
flashbots-c20,593,10000,31.734483033758366,-31.7544360562882,31.7544360562882,-0.01995302252983322,85985.78915955371,2065.324678061584,0.9765440255319146,5040,581,48798.935948325496,0.00017570029793148478,0.10337686044355607,100.01757002979315,10016.23901367563,127.52394978198895,0
flashbots-c20,594,10000,46.750647880664616,-46.736279398720185,46.736279398720185,0.0143684819444303,132511.13313162175,4731.6192228999025,0.9655237224427173,8728,997,70899.96393424248,-0.009180517263346531,0.0896798813242954,99.08194827366535,10021.668742675984,40.779985185185986,0
flashbots-c20,595,10000,39.892348825586865,-39.892629144697366,39.892629144697366,-0.0002803191105016367,131858.21633558342,4237.370469865724,0.9688647474225367,9585,857,65360.40966699609,-0.001507057842053996,0.12519943880233142,99.8492942157946,10010.790162329133,104.341102744763,0
flashbots-c20,596,10000,65.6513450722951,-65.6635110327802,65.6635110327802,-0.012165960485106098,133291.97514867206,1757.8605181672463,0.9869836160148778,5447,912,86253.09308242306,-0.00000015013586576628768,0.08501490638894822,99.99998498641342,10005.407492102604,87.41606387806199,0
flashbots-c20,597,10000,65.96605307632652,-65.91755581606013,65.91755581606013,0.04849726026638734,194699.84474897955,2742.0009877687003,0.9861123614523709,10642,1198,106176.24131372951,-0.0065241870342021,0.09818405737196258,99.34758129657979,10058.921488567694,95.73666565786881,0
flashbots-c20,598,10000,149.95841171747867,-149.9568283364672,149.9568283364672,0.0015833810114713742,287703.18649294035,3570.7606242102293,0.9877408856523167,11053,1829,178617.44729608376,0.0005201514514916994,0.1302591958379847,100.05201514514917,9995.36665128206,92.16854290901698,0
flashbots-c20,599,10000,242.88341904243603,-242.84519800706812,242.84519800706812,0.03822103536791133,306662.36959534494,2767.1350810687118,0.9910573004860591,11321,2067,202546.0574271798,0.00016012116599881666,0.26607697488416504,100.01601211659988,10017.924901767083,85.52272691216025,0
flashbots-c20,600,10000,58.19440664120259,-58.123541137486846,58.123541137486846,0.07086550371574418,94368.28889727683,2464.0371796567383,0.9745535682195732,4386,767,60116.123363515035,-0.0038362910790452533,0.16272183001473947,99.61637089209547,10033.13566849431,53.75655396086622,0
flashbots-c20,601,10000,46.61185240880014,-46.60209052273902,46.60209052273902,0.009761886061120606,105107.83514838813,1638.3892364610288,0.9846515486060268,4167,670,64914.67679457287,0.000008697043662095893,0.08179277720254532,100.00086970436621,9992.563894358836,110.0934412303796,0
flashbots-c20,602,10000,54.4395225724388,-54.4476767292553,54.4476767292553,-0.008154156816502223,140225.04170759727,1613.211393827737,0.9886264011396546,5503,833,86486.89951196808,-0.000009046466903015472,0.06012672318457518,99.9990953533097,10007.100808216148,126.13494630676568,0
flashbots-c20,603,10000,56.350012205051215,-56.31291695935393,56.31291695935393,0.03709524569728728,155594.96099438053,2756.9870943168944,0.9825894968290972,8961,1031,85828.41862966395,0.00891458574913102,0.07288632950327412,100.8914585749131,9907.568831617162,99.4759488368599,0
flashbots-c20,604,10000,270.05994941805744,-269.8938406846264,269.8938406846264,0.16610873343103094,270544.03514194296,4869.812911161652,0.9823181987921586,11676,2063,171853.91935302658,-0.00468403612704094,0.4396448861985033,99.5315963872959,9970.269169226205,40.19395435154546,0
flashbots-c20,605,10000,24.16530674985629,-24.164921658448975,24.164921658448975,0.0003850914073133538,77214.63812358234,431.62433687189235,0.9944411447094222,4842,546,43258.81244740465,0.0005370844953669973,0.053663599619260365,100.0537084495367,9997.46047967607,102.41020392610012,0
flashbots-c20,606,10000,15.672296665545371,-15.665134523169058,15.665134523169058,0.00716214237631263,66620.57482159053,1087.8497223986344,0.9839333180512585,4136,404,35221.877654563206,-0.003374283555480986,0.042229196935463446,99.6625716444519,10030.149973381995,127.25552115746517,0
flashbots-c20,607,10000,95.65013286339565,-95.73251651968222,95.73251651968222,-0.08238365628656652,176245.6969199502,2240.9218578448363,0.9874448747296029,7431,1261,110572.92528468874,0.002511013052788229,0.10894775328086723,100.25110130527882,9966.460234307755,122.22203561688673,0
flashbots-c20,608,10000,51.381860324621066,-51.37654087861579,51.37654087861579,0.005319446005273676,175738.08209317492,1989.2819511782584,0.9888071149770621,11226,1164,94384.27984109716,-0.0035832465845925298,0.07989056660034975,99.64167534154075,10039.834953652022,105.19220550071998,0
flashbots-c20,609,10000,36.93269470132211,-36.95549588715574,36.95549588715574,-0.02280118583362878,131847.76030593316,3489.3512105467244,0.9742173364611684,10198,765,62164.835232892074,0.0022828567645377974,0.0840390958398129,100.22828567645378,9966.785847732039,100.24624707468026,0
flashbots-c20,610,10000,55.026578906315066,-54.89360847813355,54.89360847813355,0.1329704281815154,165119.4429546949,3287.888588434124,0.9804765709526602,11543,1045,83667.6156770038,-0.002125525367696639,0.10668734220307939,99.78744746323034,10013.389225810828,122.47292879266541,0
flashbots-c20,611,10000,177.90695137742387,-177.8561955271858,177.8561955271858,0.05075585023806184,275847.1547582573,3337.1330069767137,0.9880468452086284,11652,1960,172870.42314849817,-0.005956429935911132,0.21161203928160022,99.40435700640889,9996.197676747928,47.75684995178802,0
flashbots-c20,612,10000,66.15352719371533,-66.14705281885594,66.14705281885594,0.006474374859394061,180122.26783065402,2069.8498297145857,0.9886391911115876,11222,1342,99642.0273502642,0.0004228918447319074,0.06853749329118486,100.04228918447319,9988.795875282336,54.572305331533386,0
flashbots-c20,613,10000,78.03737024119295,-78.04903424630147,78.04903424630147,-0.011664005108528386,173734.84414198282,4326.583377384487,0.9757017371046635,8537,1261,101249.1275236583,0.0000030377220028299234,0.08898134817119213,100.00030377220028,9983.184781041613,65.467761243177,0
flashbots-c20,614,10000,81.55161866195897,-81.53312329261931,81.53312329261931,0.018495369339660783,222777.11974168234,2473.758861434484,0.9890177615431497,9919,1366,130168.05466469526,0.0007438125065625911,0.059065097392933835,100.07438125065626,9981.154228430552,118.1689678595904,0
flashbots-c20,615,10000,21.62905201634593,-21.627539206917188,21.627539206917188,0.0015128094287426563,61355.91927480215,1585.412950885946,0.9748112584398254,4807,532,33556.12971507342,-0.0024539200657201833,0.05453442607094118,99.75460799342798,10002.937592258113,51.05806734201403,0
flashbots-c20,616,10000,17.82776782418064,-17.825761157298608,17.825761157298608,0.0020066668820319933,55750.56925937462,523.4260394328871,0.9906986160009865,4306,361,27909.67266251923,-0.001145590165835131,0.07079555388646597,99.88544098341649,10014.018655893171,107.76120335627509,0
flashbots-c20,617,10000,94.76809724792254,-94.82632556272361,94.82632556272361,-0.05822831480107027,229041.15988183246,3940.2276529690143,0.9830878007266548,9885,1378,136611.67197257286,-0.0023921854267257457,0.09312489842024405,99.76078145732743,10037.599381990729,104.6636433113879,0
flashbots-c20,618,10000,182.7468063580223,-182.72819620120976,182.72819620120976,0.0186101568125423,299622.86356597225,3764.8010632516507,0.9875907905884945,11202,2054,193218.8827207961,0.0003795562605655789,0.18703474216103885,100.03795562605656,9991.172068810007,81.63107379049231,0
flashbots-c20,619,10000,58.388932361858046,-58.3657364554041,58.3657364554041,0.023195906453949533,168018.03462592227,2229.874976080146,0.9869021888063528,11194,1149,89275.79254610685,0.007881110958692972,0.09994478651544454,100.7881110958693,9925.707884415138,96.09177552407807,0
flashbots-c20,620,10000,152.65436014364178,-152.73666583984345,152.73666583984345,-0.08230569620167216,210448.54859463606,2456.0015211744026,0.9884643070341219,7893,1509,140538.17646778052,-0.0008748481959837307,0.25424846036712595,99.91251518040163,10053.470229795495,77.39078559825987,0
flashbots-c20,621,10000,45.73823691831968,-45.70352960835678,45.70352960835678,0.03470730996289717,107709.26665029132,1528.9288326791952,0.986003715770666,4085,698,68618.76104576798,-0.007545130268367614,0.06381265942242223,99.24548697316324,10064.273220234541,122.78787575107806,0
flashbots-c20,622,10000,12.75509945860056,-12.752466277352092,12.752466277352092,0.0026331812484681194,56062.1680197865,2078.087778356536,0.9642573334116133,4721,409,27977.986441330097,-0.000008039174622922474,0.042119138421935674,99.99919608253771,9996.883697932926,92.90810835553661,0
flashbots-c20,623,10000,60.752204632959604,-60.763774468538166,60.763774468538166,-0.011569835578562504,134241.82805391544,2827.3084328679984,0.9793731214383142,8309,1035,77515.9111340253,0.00007393808071199714,0.09477105354043786,100.0073938080712,9985.893957475944,86.01573014315113,0
flashbots-c20,624,10000,207.77554458256412,-207.2359371888906,207.2359371888906,0.5396073936735206,169511.91124078634,3474.6956751186044,0.9799134988709978,8712,1469,107209.47566860856,0.000007089523706156342,0.7300933007248841,100.00070895237062,10033.208666624203,33.270632516992315,0
flashbots-c20,625,10000,70.26672185196307,-70.26498119532161,70.26498119532161,0.0017406566414592817,149241.61124937297,1437.4084392836735,0.9904604606384237,6216,1063,95038.60497758845,-0.000001955022269441997,0.10064224612070988,99.99980449777306,9986.931214675282,104.8000712852069,0
flashbots-c20,626,10000,16.959402226063503,-16.959623903387303,16.959623903387303,-0.0002216773238004066,67480.32366775934,563.5459215056285,0.9917179030982897,4789,497,34906.71523842184,0.0000031318431558702287,0.03610433697547478,100.00031318431559,10000.775828773327,90.71281131164903,0
flashbots-c20,627,10000,19.395881421979382,-19.38980631647199,19.38980631647199,0.006075105507392209,56808.439069374865,942.554712306177,0.983678987137964,4289,473,32240.495398535477,0.000592527810404988,0.05803305298780884,100.0592527810405,10001.497633694498,69.20764041483396,0
flashbots-c20,628,10000,142.95334940747884,-142.97398181642063,142.97398181642063,-0.0206324089417933,238080.22050503464,4711.003760091652,0.9805964825361758,8886,1519,151075.35015229357,-0.000004584454737255328,0.12211649305595089,99.99954155452627,10015.62552719024,119.61462933631582,0
flashbots-c20,629,10000,13.948716730170982,-13.941251796456136,13.941251796456136,0.007464933714846467,56916.96139588979,1065.6964578074292,0.9816204276027427,4093,355,29398.36845004279,0.00277646022141397,0.0375222767092464,100.2776460221414,9956.18591887586,144.8054846259827,0
flashbots-c20,630,10000,39.205485559089446,-39.18906130590709,39.18906130590709,0.016424253182357518,95393.81716336361,1904.593497220669,0.9804252352706494,4092,574,57205.94816318812,-0.0006455052115606464,0.06964417442830012,99.93544947884394,10011.204685073048,135.3348578819516,0
flashbots-c20,631,10000,66.0424026355948,-66.07223015315438,66.07223015315438,-0.029827517559581906,198179.89326793468,1897.3026970632766,0.9905171467047389,7944,1088,118635.95121721893,-0.0026860981392715644,0.05167018040894988,99.73139018607284,10057.336910835744,177.22367047747647,0
flashbots-c20,632,10000,124.9382502307119,-124.9257763676697,124.9257763676697,0.012473863042202993,271141.61972972687,3455.204962356418,0.9874171707330159,10652,1740,168889.99884204997,0.0025916540883527263,0.08390754466669194,100.25916540883527,9976.113578525976,87.79391393212764,0
flashbots-c20,633,10000,127.91216024175706,-127.91788291940783,127.91788291940783,-0.0057226776507661725,223837.98665309872,711.4683342217073,0.9968315739877351,8708,1444,141179.21704568536,0.0014725950012666545,0.16157616323598759,100.14725950012667,9984.602623085828,97.13453000383612,0
flashbots-c20,634,10000,63.37337970300899,-63.37312750677783,63.37312750677783,0.0002521962311661241,123201.10765618298,1023.7253173046084,0.9917590928254812,4524,848,83317.7504785506,0.0012412609296049482,0.08600155386199092,100.1241260929605,9984.54044234861,119.34191686874206,0
flashbots-c20,635,10000,220.29534748729753,-220.26472585702692,220.26472585702692,0.03062163027061615,208306.84080002137,2520.352040873884,0.9880454128952145,7971,1906,146349.47155775374,0.004482948397878914,0.17612606922928337,100.44829483978789,10018.923694306353,41.45820561370026,0
flashbots-c20,636,10000,48.431523992557175,-48.41828274759013,48.41828274759013,0.013241244967041155,127768.51140710726,2615.5361080998464,0.9799397536896162,9411,967,69051.84509705451,-0.00046532241426263,0.09207124463956674,99.95346775857374,9984.62761961832,72.4763268572966,0
flashbots-c20,637,10000,45.94543930300563,-45.94758132158238,45.94758132158238,-0.0021420185767553335,120130.34231625541,3291.8977452460576,0.9733281640034592,7408,766,64896.446902926924,0.0000862110532328586,0.1431361085236621,100.00862110532329,9996.754436339972,129.0679058391502,0
flashbots-c20,638,10000,28.911420872212943,-28.902754535688267,28.902754535688267,0.00866633652467641,98896.56446376772,508.8378488838724,0.994881185156482,7610,637,48494.42647608629,0.00427337808869737,0.061294521342133666,100.42733780886974,9957.535523340845,99.23445976650498,0
flashbots-c20,639,10000,52.80495761991635,-52.806989882369216,52.806989882369216,-0.002032262452864586,145292.68090870083,1867.625687768263,0.9873089032568441,6057,914,88545.00105153883,-0.0006897291686811969,0.06796473831330274,99.93102708313188,10006.99171639425,150.36570794272964,0
flashbots-c20,640,10000,26.025104524646903,-26.020938644989045,26.020938644989045,0.004165879657858085,94371.19913031216,46.28069929743532,0.9995098291187081,6459,643,49040.38703116955,-0.0028202625557962337,0.03797352109552804,99.71797374442038,10028.829056502573,100.16493752469623,0
flashbots-c20,641,10000,85.61340560243973,-85.5940905903037,85.5940905903037,0.01931501213603326,117275.36861962211,1082.7417505230337,0.9908519851564295,4597,938,79636.77646620366,0.0014450793989314549,0.1549219374162753,100.14450793989315,9992.099162797824,59.86077133900214,0
flashbots-c20,642,10000,68.29341044551157,-68.30604241605639,68.30604241605639,-0.012631970544816795,187940.18099966168,2226.410222864511,0.9882923167074114,9978,1248,105507.11373128656,-0.001229782419322163,0.08018302296635682,99.87702175806778,10022.610624356292,87.8002578843329,0
flashbots-c20,643,10000,48.34472575674501,-48.36089195472547,48.36089195472547,-0.016166197980460595,182959.15194458203,4551.212127994351,0.9757282102751783,11206,996,90324.72172754326,-0.0008761940746644826,0.0631902934651022,99.91238059253355,10020.129323219337,176.0255444871919,0
flashbots-c20,644,10000,39.506114444052756,-39.48045545643955,39.48045545643955,0.025658987613205397,106720.74376392894,1686.3309696276483,0.98444445647323,7625,829,58835.01259662346,-0.00927186016603727,0.08316296367996387,99.07281398339627,10032.47929478241,43.50502343556149,0
flashbots-c20,645,10000,58.815455424279754,-58.816354262956374,58.816354262956374,-0.000898838676619107,144124.29294505966,1382.9909635192068,0.9904953832800004,6628,928,86065.90632799413,0.0033884091321981203,0.07361751089546019,100.33884091321981,9962.987743183661,112.08563231943062,0
flashbots-c20,646,10000,40.848415624896404,-40.842216709293346,40.842216709293346,0.006198915603057742,111557.46038582342,2047.6599657429795,0.981975636666673,5546,795,66122.11601191931,-0.0038774616249017415,0.06696686459619457,99.61225383750983,10044.154970572645,99.87357187932876,0
flashbots-c20,647,10000,94.03166091303461,-94.05478762673955,94.05478762673955,-0.023126713704940016,213525.22940088552,2664.399509269157,0.9876756367884028,8994,1284,129710.25139884693,0.002010737050599971,0.14098007289689676,100.20107370506,9944.65184776256,207.24050857232703,0
flashbots-c20,648,10000,55.78132443159319,-55.7922310333021,55.7922310333021,-0.010906601708910557,180094.03457361565,2569.6250387164323,0.9859324780628509,11020,1136,95712.30611035998,0.0010697366566834888,0.07769449311306914,100.10697366566835,9989.686962024387,116.09301442264407,0
flashbots-c20,649,10000,60.04192533699101,-60.00507625014702,60.00507625014702,0.036849086843986356,141707.9914041935,1420.9608283108362,0.9900721635549838,5506,864,87862.2652205321,0.0000031883502209950622,0.09348845457807328,100.0003188350221,9983.964820155446,131.9835907771027,0
flashbots-c20,650,10000,58.4306504624952,-58.508957415819026,58.508957415819026,-0.07830695332382476,118809.54415885637,2997.7449061072853,0.9753894456635638,9224,1050,65497.02826913605,-0.004099364955405207,0.09858022379871798,99.59006350445948,10006.913896606296,65.57003906431606,0
flashbots-c20,651,10000,99.13672325003138,-99.03532876678618,99.03532876678618,0.10139448324520117,153118.19232863278,2752.766111371502,0.9823394547712936,6120,1202,102240.84433415829,-0.0028816370292324223,0.15796550818311658,99.71183629707676,10047.086701640746,69.76828640236748,0
flashbots-c20,652,10000,47.614377682487465,-47.623648311123,47.623648311123,-0.00927062863553374,126109.4539904487,3480.6131800899057,0.9731413583148355,7768,966,71052.77045628494,0.0005240601776439746,0.0906656430983719,100.0524060177644,10000.204908014697,67.28073571738732,0
flashbots-c20,653,10000,14.31140376264088,-14.308471534869213,14.308471534869213,0.0029322277716676837,59905.79660080264,1570.9285521089562,0.9744467756179014,4826,383,29348.991547910435,-0.0004373109822260801,0.03388973176929724,99.95626890177739,9997.195491075865,91.85372398830214,0
flashbots-c20,654,10000,49.72782941837911,-49.68136468645345,49.68136468645345,0.04646473192565992,102443.90614092453,2175.1573593477333,0.9792087857932118,6031,729,57248.447096644275,-0.0013020118304088158,0.19027690119057838,99.86979881695912,10027.745274894743,103.18343145795929,0
flashbots-c20,655,10000,133.9316753640548,-133.9300895788431,133.9300895788431,0.0015857852116880622,286625.0896696475,4113.611179856536,0.985851174378103,11420,1870,180996.2137433381,-0.0021796389267741746,0.0855315608914421,99.78203610732258,10018.744572358084,101.30606533075216,0
flashbots-c20,656,10000,70.3770099361493,-70.35983878915145,70.35983878915145,0.01717114699785327,227202.38609046314,2567.158470238827,0.9888272465563398,11139,1337,123681.21698085104,-0.0035172813987180973,0.08898699774413003,99.64827186012819,10034.389467310348,126.97958699102001,0
flashbots-c20,657,10000,247.54892547582085,-247.3664609242768,247.3664609242768,0.18246455154405794,273261.8714358607,2892.1534059950404,0.9895270278691347,9649,1890,180864.66104244118,0.0046299081610249,0.31126025696463044,100.46299081610249,9938.46175882038,59.091139205076885,0
flashbots-c20,658,10000,53.856182495231835,-53.86917150315842,53.86917150315842,-0.012989007926584861,102813.37773850934,992.4704230776122,0.9904391665724583,4170,693,65896.8883062524,-0.001063712178267906,0.10527339287863896,99.89362878217321,10019.41130494507,127.85032111518267,0
flashbots-c20,659,10000,34.59612687359891,-34.57993461540179,34.57993461540179,0.016192258197122555,120262.92792262889,2430.4603384156185,0.9801907798548645,9050,843,59770.83508105319,0.005136189706529848,0.08312348611943392,100.51361897065298,9987.702660726896,51.036525213575416,0
flashbots-c20,660,10000,81.34551569748389,-81.35743389626326,81.35743389626326,-0.011918198779369504,111904.56126534034,1011.9934153660188,0.9910376878020444,4552,814,74772.0735887785,0.0007451298687071528,0.2284082558442354,100.07451298687072,9989.700699162206,98.47884106501276,0
flashbots-c20,661,10000,28.035225532258604,-28.030354523278483,28.030354523278483,0.004871008980121161,137140.0944988362,2427.681757724325,0.9826057144217758,10056,824,64063.14328174195,0.001281876316121071,0.03801854160324581,100.12818763161211,9989.881365669211,114.15948571921379,0
flashbots-c20,662,10000,77.73819256047753,-77.74102120121759,77.74102120121759,-0.0028286407400628377,202594.6379802235,1690.7496098209403,0.9917235900728548,11306,1336,113589.05546713338,-0.0013636985633839061,0.07824306402695384,99.86363014366161,10005.467090753085,101.29361979293853,0
flashbots-c20,663,10000,159.10709294931488,-159.0912426386778,159.0912426386778,0.015850310637063103,246502.81385661318,2848.1550019676856,0.9885777263469026,9725,1772,158652.5581496313,0.000006131874838786189,0.13762109016822863,100.00061318748388,9996.66514182348,91.26406102827708,0
flashbots-c20,664,10000,113.62678189661709,-113.58103242142059,113.58103242142059,0.04574947519650152,168541.56426457455,2780.0637387999905,0.9837728384256,6261,1186,113343.13250413645,-0.001953451849750394,0.15087335473325283,99.80465481502496,10011.39296547733,88.90739423377586,0
flashbots-c20,665,10000,215.34879987950285,-215.37851227298523,215.37851227298523,-0.029712393482384414,239896.7451022931,2194.4383389267364,0.9909354884067493,9262,1958,162319.52587887208,0.000004031640051636032,0.17674517588478636,100.00040316400516,9991.543885245526,46.72329681313615,0
flashbots-c20,666,10000,170.6896351222654,-170.59584067020097,170.59584067020097,0.09379445206442938,284123.0825698516,3520.474283510842,0.9877609833433345,11000,1937,179922.1549029063,0.002719721310910046,0.14408325403090858,100.271972131091,10003.070604652963,34.299933565995524,0
flashbots-c20,667,10000,54.278902121759586,-54.2167197212316,54.2167197212316,0.062182400527987625,124886.86536529603,4498.665610543302,0.9652305356200659,9141,1020,68021.51910664563,0.0014052946982880598,0.0866100561080863,100.1405294698288,10026.197468668852,44.06651226738637,0
flashbots-c20,668,10000,56.570530628975426,-56.53252348237429,56.53252348237429,0.038007146601138686,142719.67903468217,2807.8152147704845,0.9807059468092157,9931,1110,77752.23179063591,0.0012608321174997173,0.05538164003827532,100.12608321174997,10000.70208897974,55.263872548945464,0
flashbots-c20,669,10000,104.53774056455502,-104.53335472529439,104.53335472529439,0.004385839260635294,236797.67422300452,540.8731510141749,0.9977210901600327,10344,1523,141065.02878872902,-0.0026218874611772945,0.08906590000931246,99.73781125388227,10027.192436774132,103.17282136309223,0
flashbots-c20,670,10000,66.00279014469334,-65.9926180294895,65.9926180294895,0.010172115203829435,115913.61725310287,1527.6895761598566,0.9869918888217003,4676,930,77719.54051904654,-0.00000869478284187153,0.11205239389761275,99.99913052171581,10006.171171896904,70.1268352414169,0
flashbots-c20,671,10000,18.923270575798064,-18.935301203260046,18.935301203260046,-0.012030627461982135,87433.31483468057,2225.239828873815,0.9751809535941766,6068,537,43224.17698908098,0.0005592723067742611,0.04303995750775897,100.05592723067743,9991.961388535097,196.57284604550597,0
flashbots-c20,672,10000,28.247547379392934,-28.24901499657053,28.24901499657053,-0.0014676171775960256,107221.91175986598,1824.7306493013841,0.9832665123016389,7101,724,56555.97555884626,0.0014536358516456004,0.043049502535433104,100.14536358516456,10006.321591707754,85.07281675444192,0
flashbots-c20,673,10000,82.66550038497434,-82.54696652931452,82.54696652931452,0.11853385565981966,247820.1937371373,3138.01830151366,0.9874958532895892,10188,1344,144941.4639406455,0.0014012625389572975,0.10436075449628063,100.14012625389573,9936.959113395409,208.3391821168631,0
flashbots-c20,674,10000,36.54731408721716,-36.50629173454857,36.50629173454857,0.04102235266859111,114026.34921518691,2243.1061393829727,0.980707692037066,6199,730,64738.19045318378,-0.003955099450996897,0.06240681636566194,99.60449005490031,10044.1106250067,112.31457047343919,0
flashbots-c20,675,10000,100.55736015611284,-100.55657373698557,100.55657373698557,0.0007864191272659582,237537.83728908934,236.84796233496974,0.9990038974835167,11317,1522,140155.29678213215,0.0003738571676132096,0.09619820804245123,100.03738571676132,9995.987104636768,100.94105821059277,0
flashbots-c20,676,10000,87.98083106097918,-87.88819192831109,87.88819192831109,0.09263913266809709,191442.5784077853,3009.1810446888467,0.9845247939480624,9145,1313,115016.34312812053,0.010633374347670638,0.06537009099876301,101.06333743476706,9904.0519512609,83.65176315775184,0
flashbots-c20,677,10000,34.33259125398281,-34.27440776426516,34.27440776426516,0.058183489717649195,81172.18505378616,2198.8080455582026,0.9736262222169032,4301,491,45783.778048420994,-0.0002014625801911052,0.0984581487275193,99.97985374198089,10010.381394045155,152.7301053883448,0
flashbots-c20,678,10000,158.6435992467856,-158.68896699677458,158.68896699677458,-0.04536774998896931,205202.10470165088,2711.3667866712917,0.9869591577339251,8133,1504,135018.07863759072,-0.00261887732833614,0.2401525056716318,99.73811226716639,10027.485051296204,74.18050330198702,0
flashbots-c20,679,10000,80.74768302129729,-80.68014339008826,80.68014339008826,0.06753963120902995,122144.96352716346,2012.0725896028678,0.983794131589042,4865,937,80846.84860667806,0.008228854202865392,0.14427132801913203,100.82288542028654,9961.690991074902,61.28312041766061,0
flashbots-c20,680,10000,196.04765789862213,-196.05026660076072,196.05026660076072,-0.0026087021385876596,276939.2838271874,870.682123295767,0.9968659075266905,9874,1769,182170.7119261635,0.00008704864897254084,0.20009261583149424,100.00870486489725,9998.849628903197,98.66863183944704,0
flashbots-c20,681,10000,25.47271977598377,-25.36670258674195,25.36670258674195,0.10601718924181824,80260.2831797392,887.1663227355483,0.9890672309705989,4584,537,44555.50128584304,0.013620027296640984,0.05794949754113446,101.3620027296641,9847.56396218893,113.9275243100176,0
flashbots-c20,682,10000,58.494691832007,-58.473351332013095,58.473351332013095,0.021340499993904416,158049.29086155532,2703.127766367068,0.9831845281741998,7484,1037,92265.69130072255,0.002991339906212289,0.07506957303289596,100.29913399062123,9974.354043789559,144.58013305454293,0
flashbots-c20,683,10000,71.36900423918968,-71.37156550333793,71.37156550333793,-0.0025612641482553045,164641.2475380284,652.9003462328669,0.9960500698022895,8063,1154,99340.06520169904,-0.002317537417562079,0.07947853618118572,99.76824625824379,10022.987840825977,93.46698194069094,0
flashbots-c20,684,10000,55.15631761840847,-55.114989909627866,55.114989909627866,0.04132770878060654,130133.86711337464,4408.96072657832,0.9672300575410602,9293,1062,70536.62614918109,-0.002280665152919994,0.09630035684276805,99.771933484708,10002.173738914944,35.005667386685694,0
flashbots-c20,685,10000,29.827223543025408,-29.839687788772153,29.839687788772153,-0.012464245746745206,118053.39212669095,3191.211761769604,0.9736795563726253,9299,732,56911.138135571084,-0.001093052855460428,0.0826389095465609,99.89069471445396,10020.250567243018,74.53254446695522,0
flashbots-c20,686,10000,39.56736273608754,-39.57719132307303,39.57719132307303,-0.009828586985491938,111533.18167559519,1723.1303970976912,0.9847855685430432,7640,750,59916.023787426624,0.0000042203627256753864,0.08242363928547505,100.00042203627257,9989.933487508832,77.92447921593649,0
flashbots-c20,687,10000,24.919915631238162,-24.915952547115268,24.915952547115268,0.003963084122894145,80450.15598049918,2184.4118111080493,0.973565399208999,5716,569,42063.79245477234,0.0000009480964469332775,0.06686211714545351,100.0000948096447,9997.752189236258,85.59749766811757,0
flashbots-c20,688,10000,17.733457079585115,-17.718472418728368,17.718472418728368,0.014984660856747212,76858.7463970251,1772.928721203093,0.9774527412962096,3839,409,42447.854610127004,-0.0019627135761462,0.036991416805859954,99.80372864238538,10052.916015829873,296.8381024912803,0
flashbots-c20,689,10000,69.39537005701084,-69.40172502403976,69.40172502403976,-0.0063549670289262394,190260.49048140369,1608.9114195393624,0.9916145492527777,10081,1296,109422.94512739415,0.0010490595984990136,0.07861275018797556,100.1049059598499,9994.591996541723,89.76886576258029,0
flashbots-c20,690,10000,31.180622157718155,-31.167578971434757,31.167578971434757,0.01304318628339729,80101.7998317106,1616.5085354814257,0.9802185266951706,4334,533,45809.34805184767,0.0015672625004401653,0.08821279862019012,100.15672625004402,10010.282241953148,75.62694109864069,0
flashbots-c20,691,10000,123.46814427733825,-123.47178338499157,123.47178338499157,-0.0036391076533135447,254166.1731908965,2575.0082586506696,0.989970412054224,9522,1549,161367.66536553373,-0.000598310410605194,0.07561277373292213,99.94016895893948,10013.492990667351,130.8393435159028,0
flashbots-c20,692,10000,143.83220923261428,-143.88088548374634,143.88088548374634,-0.04867625113206486,227218.07923471977,4950.340979476355,0.9786778021967449,8878,1574,146356.5258085561,0.0018644336883923529,0.12742928420722976,100.18644336883924,9996.251227712193,112.0643809274625,0
flashbots-c20,693,10000,50.074643485129585,-50.07285494450338,50.07285494450338,0.0017885406262010406,119324.26296970736,1709.6746148667144,0.9858744196133249,7386,842,65740.7832575823,-0.0016631644442976778,0.11451605385933845,99.83368355557023,10027.555030333526,109.43152602398868,0
flashbots-c20,694,10000,69.28686622237137,-69.27341572378376,69.27341572378376,0.013450498587616266,191016.08403270703,2042.8872042860746,0.9894183254412028,9506,1245,109025.6142785505,-0.0031381049730811127,0.07013498738649532,99.68618950269189,10011.50975649981,74.99713505576915,0
flashbots-c20,695,10000,175.57210042842004,-175.5871933526766,175.5871933526766,-0.015092924256549622,259020.02814325248,3078.8066863587746,0.9882532606893872,10895,1891,160967.83890292753,-0.000042448052694936675,0.210994602105212,99.9957551947305,9999.873158607177,59.362736808104785,0
flashbots-c20,696,10000,144.0366281855184,-144.0202721744704,144.0202721744704,0.016356011048003438,255912.69793590522,2781.0733999846593,0.9892495540745986,9577,1703,164556.13582748896,0.0007425962122728436,0.11309718726735327,100.07425962122728,9992.823614523184,112.57374544884273,0
flashbots-c20,697,10000,57.95521608996167,-58.02750776417328,58.02750776417328,-0.07229167421161264,138468.58854674475,2626.711765534289,0.9813834212782372,7870,944,77751.40577825662,-0.0005516063425457673,0.14704230047058217,99.94483936574542,10004.053496752376,140.3254392306608,0
flashbots-c20,698,10000,157.80346670939537,-157.8404701458673,157.8404701458673,-0.03700343647193449,207538.07161826082,526.1209279078392,0.9974713528480346,7639,1343,134408.2766107811,0.0030101534997226055,0.3124486085916118,100.30101534997226,9972.497049780422,104.90806521623315,0
flashbots-c20,699,10000,111.79159993603415,-111.7871787508274,111.7871787508274,0.004421185206751943,204152.86380168243,2717.424900970579,0.986864112202809,7142,1280,134545.51444123877,-0.002424254944175459,0.1075515461166998,99.75757450558245,10037.751042081945,84.27511345553144,0
flashbots-c20,700,10000,58.1062245108304,-58.09039052290868,58.09039052290868,0.015833987921723747,130258.83979604799,2366.308638954604,0.9821579190155305,7703,1042,76795.57950900865,-0.0014720496626182467,0.11525246986293468,99.85279503373818,10016.90816663537,76.88228090323615,0
flashbots-c20,701,10000,58.03552058195859,-58.021060665789086,58.021060665789086,0.014459916169506926,126888.87675301672,1803.688770755597,0.9859845146188929,6991,930,74673.29592229189,0.00022584511435738363,0.08987267366398768,100.02258451143574,10003.056954228345,52.70554282196386,0
flashbots-c20,702,10000,53.224004087389545,-53.222591758314906,53.222591758314906,0.0014123290746397288,117986.1202694204,1563.8023962894908,0.9869192521298215,5950,798,70833.35130431622,-0.0036252556089688428,0.08300581389261424,99.63747443910312,10028.94410042751,79.17456840546116,0
flashbots-c20,703,10000,18.921045014931032,-18.916663920831624,18.916663920831624,0.00438109409940779,71809.79305561932,1991.225284003438,0.9730189998891333,5328,506,36155.944683638554,0.0007378016567668055,0.07258753994296682,100.07378016567668,10019.95495386777,136.3622804204815,0
flashbots-c20,704,10000,166.47085784623923,-166.41891127185633,166.41891127185633,0.05194657438289596,267160.0166831184,3139.888150635961,0.9883836875467376,10698,1860,169353.45275440093,0.00025049587419573527,0.2494120480267128,100.02504958741957,9993.754780997297,81.81499073906875,0
flashbots-c20,705,10000,16.795632226665262,-16.79046088420271,16.79046088420271,0.005171342462553241,64218.11162625707,920.9503454389337,0.9858617806648935,4721,466,33625.31017052617,-0.00033110307327802955,0.05689421128151508,99.9668896926722,10012.703108415311,101.45358702177614,0
flashbots-c20,706,10000,54.90716444067984,-54.90298519511718,54.90298519511718,0.004179245562660583,116654.8973005513,2292.354341286914,0.9807279755551694,4167,838,78935.80047091085,-0.0000008306920270229057,0.0658834067865493,99.9999169307973,9988.28502781393,88.297718567935,0
flashbots-c20,707,10000,80.93295011031621,-80.94813704373918,80.94813704373918,-0.015186933422967286,150350.12540770436,1313.958985166403,0.9913363866572212,6559,1041,93766.81698821874,-0.000026056253073818425,0.14687760284329685,99.99739437469262,9980.195659171934,78.18641879933519,0
flashbots-c20,708,10000,65.66944873808475,-65.46166476341855,65.46166476341855,0.20778397466619936,99871.81095018265,3638.4600721932734,0.9648492846530491,6154,747,58864.27178008694,0.009397623811826747,0.16817663224696303,100.93976238118267,9864.180986701474,127.36521796475098,0
flashbots-c20,709,10000,39.45626044384434,-39.46367586850292,39.46367586850292,-0.007415424658574921,124945.91713412914,2160.2499202820286,0.9830043657963717,6859,787,69337.90151032136,-0.0013072068904517664,0.08165508606651528,99.86927931095482,9996.990660805337,229.0286881279344,0
flashbots-c20,710,10000,28.251095223652193,-28.236222728503513,28.236222728503513,0.014872495148679832,87537.42134916148,1973.7853876651802,0.9779492930592665,4664,589,50832.6820745362,-0.002037897326939202,0.05929845490127903,99.79621026730608,10033.827932764905,123.37871282870498,0
flashbots-c20,711,10000,35.74714407198905,-35.757102181765276,35.757102181765276,-0.009958109776228241,92260.52564974278,2639.466647227578,0.9721868613121918,4778,614,54943.60744927251,-0.0017578831350986946,0.09212746663619754,99.82421168649013,10045.860358036753,135.7026919679984,0
flashbots-c20,712,10000,89.39040412328919,-89.3831229005699,89.3831229005699,0.007281222719285552,139851.05137334435,380.1460497862841,0.9972891478018316,5412,1023,93958.93571826034,0.003811187576338,0.1749061744535014,100.3811187576338,9970.531350135503,85.02737598750716,0
flashbots-c20,713,10000,46.599465384139165,-46.57129320874615,46.57129320874615,0.028172175393017085,136389.1723894395,1632.527408897022,0.9881719511404198,8623,846,72824.0005940675,-0.00303563872232516,0.0864035249970243,99.69643612776748,10021.546631923044,78.07764903590488,0
flashbots-c20,714,10000,101.50584014652831,-101.49959797829368,101.49959797829368,0.006242168234635415,187391.16908699,4697.925005538674,0.9755429894251274,7286,1250,121112.67613414227,-0.003844030745829059,0.10526706712892306,99.6155969254171,10061.364805276151,111.89803474042124,0
flashbots-c20,715,10000,72.17478552503712,-72.0690490399092,72.0690490399092,0.10573648512792033,87122.44805083757,2337.9168293903376,0.9738664509973729,6663,588,45840.928107146414,-0.0040731490183083,0.29632394844877324,99.59268509816917,10055.447290705679,95.94146580123405,0
flashbots-c20,716,10000,35.95299183692365,-35.95110443637855,35.95110443637855,0.001887400545101059,108656.71016693709,993.2377586148798,0.9909417398055743,6211,748,61232.16442220319,0.0013570278874576048,0.06883479763501711,100.13570278874576,9983.037182316697,110.00443498299455,0
flashbots-c20,717,10000,30.913666491940276,-30.913372227984375,30.913372227984375,0.0002942639559009308,88492.76831372132,811.6493316033104,0.9909114313378449,5318,624,50604.426094167335,0.00045425149067952476,0.05295265630073061,100.04542514906795,9994.430191413998,98.72515025958354,0
flashbots-c20,718,10000,88.72881861955409,-88.60241025550609,88.60241025550609,0.12640836404800382,207630.4383083524,3742.340720095999,0.9822950678072302,7815,1230,126693.88085879527,0.01207448000735468,0.13382748851421794,101.20744800073547,9823.539691348766,151.07665137673703,0
flashbots-c20,719,10000,39.53944291908579,-39.535642206609445,39.535642206609445,0.003800712476348167,99248.76117270756,1643.8567780153467,0.9837068676439913,4468,705,61952.88614602178,-0.002743479685296819,0.054654765225691765,99.72565203147032,10028.72622714891,107.2573289111001,0
flashbots-c20,720,10000,76.13111945935411,-76.12483162135872,76.12483162135872,0.006287837995387235,189601.2622897637,2477.014422654064,0.9871041407438141,8969,1289,113113.1744981385,-0.002192377274037938,0.06720314493787029,99.7807622725962,10024.186933614643,96.13148050933626,0
flashbots-c20,721,10000,54.4582402878917,-54.454471062639776,54.454471062639776,0.003769225251922137,153037.37030014247,1694.431711512918,0.9890492342913109,8794,1109,86748.53040932155,0.00048705048387574833,0.0628789287864916,100.04870504838757,9996.56223201288,82.15250460101505,0
flashbots-c20,722,10000,64.93305592086766,-64.92766476590879,64.92766476590879,0.00539115495887188,173416.1999335515,2130.106587388262,0.9878658421837307,9497,1170,97781.11382545884,-0.005268907704758732,0.08155687826378326,99.47310922952413,10024.367044670395,62.40020232591469,0
flashbots-c20,723,10000,53.56509342185541,-53.553761842215565,53.553761842215565,0.01133157963984388,181340.46709410992,4253.3594722082025,0.9770824302138716,10922,1158,96323.88041393216,-0.0029158940503737087,0.078713983132767,99.70841059496263,9998.817015264287,128.91160817583662,0
flashbots-c20,724,10000,30.93013414819856,-30.928982850695597,30.928982850695597,0.00115129750296461,110845.1501549622,484.1264881381106,0.9956514000383734,7299,749,59034.73465524831,-0.000005300487893009631,0.043750769123582674,99.9994699512107,9998.803888382587,107.33569419556993,0
flashbots-c20,725,10000,232.18278185002507,-232.29411073783757,232.29411073783757,-0.11132888781250472,290757.03228896996,3662.8596359762428,0.9875590619505085,10892,2222,190951.07404121896,0.00001087546333351952,0.2707244356556936,100.00108754633335,9997.787111474458,45.70873996978709,0
flashbots-c20,726,10000,249.37388717519968,-249.45517918119498,249.45517918119498,-0.0812920059952944,232312.52370445404,2963.4368563943485,0.9874044213895455,8439,1957,160534.80467541548,-0.02583071963845171,0.26712575593485754,97.41692803615483,10144.000335512448,54.16903366905275,0
flashbots-c20,727,10000,71.3344861279929,-71.33421279307345,71.33421279307345,0.0002733349194556922,189856.8719629666,1381.4118271243035,0.9927764891017293,10639,1262,105188.11885945473,-0.002080510878169406,0.07318625540343661,99.79194891218306,10018.493684025098,92.85888436652552,0
flashbots-c20,728,10000,80.47316050407787,-80.44723717416895,80.44723717416895,0.025923329908920323,216223.62024788337,2405.624080661429,0.9889967872868537,11795,1420,120351.64862336837,-0.005618408780728998,0.08857562965954927,99.4381591219271,10060.179463304266,99.66198221640279,0
flashbots-c20,729,10000,33.97810938256161,-33.939887519310446,33.939887519310446,0.03822186325116661,167746.08437434892,4772.711892658695,0.9723351194424521,10518,871,79130.49177685278,-0.0005758415416438822,0.03912422827122214,99.94241584583561,9983.180459685233,208.9385814085783,0
flashbots-c20,730,10000,166.04149771330066,-166.06585992978518,166.06585992978518,-0.024362216484519195,191419.25739946155,3838.9024096029057,0.9803393496417419,9897,1787,124307.26251921491,-0.00046109579366529377,0.20111829463088185,99.95389042063347,9978.840004110876,59.683498641207,0
flashbots-c20,731,10000,159.2291097400568,-159.21979095841684,159.21979095841684,0.009318781639962026,279393.12777683197,3505.116371794327,0.9876099748079283,10092,1807,183130.08928524662,0.0000012184368658552103,0.123077699155115,100.00012184368659,9981.582562093305,124.39984901616288,0
flashbots-c20,732,10000,27.336211314852306,-27.34045060328838,27.34045060328838,-0.004239288436075128,105262.50570854022,3130.8710036195616,0.9711156613200304,7859,652,51366.11700430418,-0.003775024341115909,0.05109937791252648,99.62249756588841,10038.292520918396,79.2662698882511,0
flashbots-c20,733,10000,22.000785317422245,-22.00435564222584,22.00435564222584,-0.0035703248035936497,72081.47479652976,2296.32259993502,0.9691262355122636,5190,485,37555.55008057857,0.00014325535396281453,0.07903496070221351,100.01432553539628,9999.901013666333,100.2393723827712,0
flashbots-c20,734,10000,78.40461364540339,-78.3657672249984,78.3657672249984,0.038846420404993864,143573.26005010417,1794.7897372271138,0.9876534786023969,5046,882,93934.88902660972,0.0005764174731538674,0.171431448057115,100.05764174731539,10017.419183517426,128.31237941132758,0
flashbots-c20,735,10000,53.30461725613698,-53.2128134919412,53.2128134919412,0.09180376419578096,154796.66367875595,1502.2442807229274,0.9903886450626233,7632,951,88858.82095128659,-0.0036423966909168827,0.06321770681959266,99.63576033090831,10068.849161488562,118.99688162807234,0
flashbots-c20,736,10000,114.8204550138098,-114.70416101493157,114.70416101493157,0.1162939988782341,175773.68481602464,2528.9285990453895,0.9858166487265204,6883,1229,112393.33692989891,-0.0049887453375019675,0.2031710872462233,99.5011254662498,10047.515586946149,98.53037177512664,0
flashbots-c20,737,10000,41.836279801135014,-41.82881365774433,41.82881365774433,0.007466143390686852,143128.80279805223,2854.525419967269,0.9804462231762234,10825,840,70365.35600020464,-0.0007925019515805332,0.07433808849514065,99.92074980484195,10003.02921508349,126.62826571614187,0
flashbots-c20,738,10000,53.806805448201374,-53.800953398069346,53.800953398069346,0.0058520501320273866,140287.3998874517,2736.393515814738,0.9808675644051807,8981,948,78209.82483017081,-0.0019354596617775143,0.0826005590654117,99.80645403382225,10010.972197767918,91.82415555038274,0
flashbots-c20,739,10000,48.268080041456486,-48.26746307532157,48.26746307532157,0.0006169661349133548,152882.10624341824,4362.186633244288,0.972258537633122,9695,968,80357.42843073758,0.001542008621567561,0.06069408179313115,100.15420086215676,9976.782502061293,121.64777944769699,0
flashbots-c20,740,10000,24.47141316025707,-24.45003459210338,24.45003459210338,0.021378568153693323,96447.81090576191,2869.535712013695,0.9711074066139005,7332,594,45624.8899553086,0.006300373963570678,0.07933490311280948,100.63003739635707,9986.519275713297,84.62575815646454,0
flashbots-c20,741,10000,34.30815404625548,-34.30858112315103,34.30858112315103,-0.0004270768955478843,107670.1777471394,1926.0722131821854,0.9824257471046728,7705,683,54217.19674011689,0.0008614769412511691,0.07911269125384507,100.08614769412512,9986.037911542095,95.66194468520477,0
flashbots-c20,742,10000,40.7424903668707,-40.74710728216445,40.74710728216445,-0.0046169152937522995,113450.32774351913,1342.2115518373287,0.9883075018631318,5714,800,68050.60777665753,-0.00018035188079480236,0.05834560941676813,99.98196481192052,10005.54899612984,132.35171059481505,0
flashbots-c20,743,10000,72.92806810019792,-72.95364425255315,72.95364425255315,-0.025576152355228032,131872.22624927128,1027.7024707317332,0.9922670953955368,5812,994,84026.1490275609,0.000005667985689257194,0.10842768611359745,100.00056679856893,10006.563981460846,84.1320090263956,0
flashbots-c20,744,10000,41.608233113613814,-41.59004964899625,41.59004964899625,0.018183464617564482,121897.6747738896,3715.787624864035,0.9704188742678833,8921,913,63956.3381787755,-0.0007315304411945078,0.07140954051708065,99.92684695588055,10005.049766301412,51.98239017487564,0
flashbots-c20,745,10000,107.73944777923253,-107.67274574370713,107.67274574370713,0.06670203552540954,131732.55209631947,1998.2049808795477,0.9850579999354521,4837,990,90268.05944727968,0.0004189049640159226,0.16356629749369475,100.04189049640159,9988.135647521389,106.59549972683105,0
flashbots-c20,746,10000,62.36315283628501,-62.36442941315222,62.36442941315222,-0.0012765768672124977,163949.13702167617,167.6763870984733,0.9989783107311447,8927,1141,95868.17108263867,0.0012985771372193255,0.07737241959516523,100.12985771372193,9987.909193689928,101.02848243158687,0
flashbots-c20,747,10000,41.3162844825291,-41.34070005862104,41.34070005862104,-0.024415576091939784,88091.95531448365,2921.7101929350238,0.9678981153363517,5308,728,53202.154480237834,0.004876330584469457,0.08767478091195187,100.48763305844695,9976.494010926348,59.147130478079994,0
flashbots-c20,748,10000,140.12598304357337,-140.19252147470274,140.19252147470274,-0.06653843112937352,272089.90249918174,4550.349861153861,0.983551381903647,11698,1946,166783.5632326784,0.003365493873678389,0.10801686369475817,100.33654938736784,9987.487817912357,65.84911581145109,0
flashbots-c20,749,10000,71.0742799141651,-71.05233490130081,71.05233490130081,0.02194501286429329,200438.0553464278,4788.745361944265,0.9766660818888412,10647,1277,108407.00278390973,-0.0014232854047814669,0.09963991606700588,99.85767145952185,10012.271913503917,75.92248779143098,0
flashbots-c20,750,10000,60.042422574661884,-60.02324059343192,60.02324059343192,0.01918198122996273,115954.61739154809,3675.064989437184,0.9692796560494644,7784,1038,66620.78655129297,-0.0018746427969327328,0.15946245534768536,99.81253572030673,9994.14187011616,30.054351490408308,0
flashbots-c20,751,10000,142.88491460416842,-142.8462613285085,142.8462613285085,0.03865327565992516,265532.4082736636,4012.8508235291747,0.9851125156607476,10480,1721,165873.9504709549,-0.0016420958061213753,0.13206488586388218,99.83579041938786,10009.759937129773,101.2866927732182,0
flashbots-c20,752,10000,48.911605416765724,-48.85409875759322,48.85409875759322,0.057506659172503305,97835.25574508148,2088.299307330658,0.9791010307205814,4049,684,63440.0511231624,-0.003376181294095488,0.11981094763730979,99.66238187059045,10029.733781724566,77.42692162612333,0
flashbots-c20,753,10000,59.45770465051098,-59.427299703213954,59.427299703213954,0.03040494729702914,160671.7577903945,3497.0658185115294,0.9786983561090595,10167,1075,86266.87544430344,0.0014301617925632116,0.09346779061006956,100.14301617925632,9976.0189374617,116.90083946461168,0
flashbots-c20,754,10000,181.15240578326802,-181.1530635148099,181.1530635148099,-0.0006577315418780927,237779.323375466,344.08604130648945,0.9985550095971276,8780,1553,157195.8172532143,-0.0015711595367478993,0.3287122053050217,99.84288404632521,10016.50089279869,100.34288258639835,0
flashbots-c20,755,10000,55.62724225461517,-55.74675048471302,55.74675048471302,-0.11950823009784983,122077.19622101111,3115.200014398044,0.975116699511524,9728,871,61732.74537664083,-0.001304067448717774,0.21006900559926805,99.86959325512822,9973.685021971445,75.26623008941496,0
flashbots-c20,756,10000,93.1360335740373,-93.00585909255292,93.00585909255292,0.13017448148437438,158159.77854938258,3583.0710211266733,0.9778471132996536,9387,1291,93804.57750849288,-0.0000031106511055156717,0.1927499670432468,99.99968893488945,9969.707825055624,29.392458375787093,0
flashbots-c20,757,10000,246.1964140525634,-246.70178918394956,246.70178918394956,-0.5053751313861596,304642.6814285826,5854.7802355018475,0.9811438708576758,11647,2024,191121.94001874333,0.0027476680794900686,0.365086754431216,100.274766807949,9976.833515852915,158.94831824420146,0
flashbots-c20,758,10000,51.20917086211202,-51.20629279659132,51.20629279659132,0.0028780655206972483,136657.4223230089,1207.0697942412748,0.9912445200667428,7525,943,79239.92451482028,-0.002917978300233699,0.0732864290667709,99.70820216997663,10027.996492500079,106.84769461779557,0
flashbots-c20,759,10000,30.711088981186936,-30.701330450264763,30.701330450264763,0.009758530922173492,85056.44895179429,2590.004056620065,0.9704494138927514,6868,733,46119.919562991185,-0.0028158912182929896,0.07025826219543446,99.7184108781707,10048.946379696787,71.69126603690364,0
flashbots-c20,760,10000,27.136306758877158,-27.136305408602375,27.136305408602375,0.00000135027478265215,83409.24339023438,576.4409040367574,0.9931364385623506,4525,611,48918.68983998836,-0.000003368502902816317,0.06663794057280782,99.99966314970972,10002.24341235535,103.10818805891064,0
flashbots-c20,761,10000,68.49338896976829,-68.49021554510531,68.49021554510531,0.0031734246629753216,212706.80378865698,2694.4878059674284,0.987490846568189,11508,1395,118781.55071307959,0.004164623939280858,0.06840906692525806,100.41646239392809,9942.546482618362,109.84123302701997,0
flashbots-c20,762,10000,65.26017423555462,-65.298550869253,65.298550869253,-0.03837663369839106,133257.68049840975,2027.3662129213524,0.9850141145514233,5474,939,85882.1488293942,0.0003891834067211164,0.17216856403690883,100.03891834067211,10000.407683615775,95.76820015918756,0
flashbots-c20,763,10000,69.13378224577305,-69.14222351641378,69.14222351641378,-0.008441270640730636,185188.15977834,4847.146717124507,0.9744934412109353,9683,1230,107084.45650122213,0.0000013144461173908438,0.09648413084069844,100.00013144461174,9999.946111090487,83.24321816981625,0
flashbots-c20,764,10000,75.87822062350182,-75.88532511818252,75.88532511818252,-0.00710449468070351,173564.550660979,2798.8195902467137,0.9841303804397713,8274,1127,102757.60182970436,0.0023680185228636217,0.15240164210063425,100.23680185228636,9974.288988056005,112.10210031335453,0
flashbots-c20,765,10000,101.7802118516371,-101.73230219335596,101.73230219335596,0.04790965828114224,148154.89314017617,1731.1064936262105,0.9884505124037228,8284,1083,88032.95908204456,0.005123641745284857,0.22481266716327242,100.51236417452849,9989.042302140237,59.15366382988853,0
flashbots-c20,766,10000,73.3715433927297,-73.37386189399524,73.37386189399524,-0.002318501265534678,198800.84274986657,2646.9602129640743,0.9868603172929493,10047,1202,113352.9554052052,-0.0021599511942348216,0.09180332438678576,99.78400488057652,10027.772506280962,129.17125411408526,0
flashbots-c20,767,10000,108.70554517688039,-108.76872404170227,108.76872404170227,-0.06317886482187873,273870.7958610152,3732.6777496720993,0.986553922754919,11291,1551,161239.70766258074,0.001004124760882945,0.10252557113882262,100.1004124760883,9974.893064331402,141.39502169550477,0
flashbots-c20,768,10000,70.03699587195023,-70.05170796182924,70.05170796182924,-0.014712089879012069,155448.23265444633,1814.742773768061,0.988460457594506,6994,1027,94598.19377130455,-0.0020138260369957097,0.11313493971069803,99.79861739630043,10018.431940506945,111.92007962805289,0
flashbots-c20,769,10000,68.7767720920015,-68.7745578766703,68.7745578766703,0.002214215331193259,111828.77705045139,1952.3080635965584,0.9828415411784861,6810,950,67152.62378546478,-0.005911802291524708,0.1263208400327153,99.40881977084753,10068.446586314461,37.26992806776026,0
flashbots-c20,770,10000,69.59621850984684,-69.59874049127288,69.59874049127288,-0.00252198142604243,159472.6349138668,3829.633142170073,0.9765488061632069,10562,1243,89422.5805238762,-0.0011893618965332564,0.14894097258217287,99.88106381034667,9994.19709917607,57.98356107023355,0
flashbots-c20,771,10000,74.9679035563653,-74.94235448544626,74.94235448544626,0.025549070919041128,153413.08890843682,2682.3782548184654,0.9828157838048363,6015,950,95497.67312628233,-0.0028231273143205725,0.08454828636027699,99.71768726856794,10026.27672963561,117.1002968466999,0
flashbots-c20,772,10000,53.5260197242928,-53.52487931888314,53.52487931888314,0.0011404054096644245,118337.91836598482,1154.289539254986,0.9903400434263432,4779,790,74344.64098238848,-0.003540621953878258,0.11273906347687586,99.64593780461217,10029.97416241242,106.47163313139586,0
flashbots-c20,773,10000,27.856255471474,-27.82443716390363,27.82443716390363,0.03181830757036863,64767.36903974329,1392.850647770397,0.978947309208629,4110,577,38054.977739175745,-0.00569024735213759,0.08129856407882854,99.43097526478624,10034.369539991085,60.991476141526256,0
flashbots-c20,774,10000,96.23739972342136,-96.28624936410607,96.28624936410607,-0.04884964068470765,208475.11969937262,3764.399672268715,0.9822634366897661,9009,1418,127707.97534259722,-0.001550182461494245,0.06687911373272101,99.84498175385058,10023.725963317589,105.14823605591745,0
flashbots-c20,775,10000,92.28146202926962,-92.24719152256688,92.24719152256688,0.03427050670273957,216383.7883408163,2773.604353751109,0.9873442354846017,9349,1380,131264.4784851521,0.005290300360002647,0.05898353613665051,100.52903003600026,9949.209803093454,103.46699775840948,0
flashbots-c20,776,10000,121.00381745230607,-120.86165781512408,120.86165781512408,0.1421596371819902,211795.18026287176,2761.4205357959804,0.9871296407310852,10845,1452,123252.2692576105,0.000010230764268328584,0.23773938382448578,100.00102307642683,10028.72511198207,79.8028225848472,0
flashbots-c20,777,10000,46.286236408159496,-46.278818606836815,46.278818606836815,0.007417801322681328,146822.67440008087,3316.8959632363935,0.9779079162461304,10605,918,74161.3747509036,-0.0008395163625692703,0.08644969562097714,99.91604836374307,10006.904904842122,121.75783026085003,0
flashbots-c20,778,10000,40.3465410128441,-40.3412012778471,40.3412012778471,0.005339734997001244,104238.31962906916,3810.4127692032166,0.9647343130768266,6206,783,59351.21405990597,0.0010077163541637902,0.08629209661865034,100.10077163541638,9993.549203505965,70.4965545879545,0
flashbots-c20,779,10000,71.70056917895563,-71.64794499949367,71.64794499949367,0.052624179461957965,123627.07178765335,1307.2977698808838,0.98953612385038,5387,862,78494.65273125819,0.0009354573659501853,0.10791453389468017,100.09354573659502,9971.666303897904,119.5149394147438,0
flashbots-c20,780,10000,38.84948568392052,-38.83371390422117,38.83371390422117,0.01577177969934951,80291.75244226697,1680.214575696902,0.97950257097858,4739,718,48908.21616435366,0.0005219726832855542,0.08732986625940399,100.05219726832856,9987.446030003764,43.201264710126864,0
flashbots-c20,781,10000,118.7807421212448,-118.77259583994285,118.77259583994285,0.008146281301947056,237037.10966243205,2806.844485212044,0.9882972055927489,9840,1592,147776.1882842082,-0.003596174315687506,0.07760564903464115,99.64038256843125,10029.790329730973,88.30946982733876,0
flashbots-c20,782,10000,90.79289708645666,-90.73539078333239,90.73539078333239,0.05750630312427063,160627.918432027,4734.292023450069,0.971370169699535,11202,1472,91935.94824746344,0.004177233819515038,0.11054445191369368,100.4177233819515,9998.208397619894,30.849314336764525,0
flashbots-c20,783,10000,41.486829613058774,-41.490953281066936,41.490953281066936,-0.00412366800816244,180598.2027444409,3758.426746315911,0.9796132812977885,9303,912,90952.7219729348,0.001629424185244659,0.04764792471544567,100.16294241852447,9950.407841482109,187.45760283221549,0
flashbots-c20,784,10000,104.17771925776313,-104.12917695054203,104.12917695054203,0.04854230722109776,203202.48280060934,3056.2842523367285,0.9851822819654876,8483,1366,126341.46774417306,-0.0018293599194436183,0.1310553386586365,99.81706400805564,10021.740775932616,90.7681798913549,0
flashbots-c20,785,10000,77.93811951499937,-77.99756734677572,77.99756734677572,-0.059447831776353155,205010.2523015022,3911.942393313971,0.9812756016706202,11248,1181,112396.82864183614,-0.002784071679473783,0.16868864509935874,99.72159283205262,10028.370969995689,107.79334861455105,0
flashbots-c20,786,10000,72.49129228282625,-72.4818959890376,72.4818959890376,0.009396293788654475,195807.69773097194,2861.0616783030864,0.9855988345283364,11599,1371,107424.88025232831,0.0009147670752027181,0.0699775884532086,100.09147670752027,9993.580492568806,69.39788457473159,0
flashbots-c20,787,10000,42.9071274042319,-42.9137062173955,42.9137062173955,-0.0065788131635997615,86861.29142088843,1711.0111188207723,0.9806823231443749,4483,592,51773.65287794248,0.002826979060400703,0.10613680512863809,100.28269790604007,9967.081872945095,102.25641890206818,0
flashbots-c20,788,10000,52.668311565971955,-52.66647431121894,52.66647431121894,0.0018372547530134398,149909.31243322007,1885.406046420442,0.9875792381625363,9952,1096,81804.18906254813,-0.00006677075591724701,0.05970934968767153,99.99332292440828,10014.502070288161,76.4701005624904,0
flashbots-c20,789,10000,99.29006094291283,-99.25633225089378,99.25633225089378,0.0337286920190536,162212.70867894468,2972.857977935968,0.9820029192737456,8889,1292,96846.08135657782,-0.0010885954812249565,0.22056772169243544,99.8911404518775,9977.527828240276,45.19913850165597,0
flashbots-c20,790,10000,113.42439357802986,-113.34824512365371,113.34824512365371,0.07614845437615259,244597.82739686742,3571.7754571813807,0.985607522371376,10843,1428,143220.2824293137,0.006668320636027687,0.2012759287033839,100.66683206360277,9908.4831424084,107.42707785417099,0
flashbots-c20,791,10000,120.50172901680641,-120.37131403775064,120.37131403775064,0.1304149790557716,124793.83774490826,1842.776901185095,0.9854483088770571,4445,889,83844.3909205221,0.003629376080833566,0.34120755226905375,100.36293760808336,9966.075701554595,79.51436980792685,0
flashbots-c20,792,10000,40.01998840302736,-40.02412951549784,40.02412951549784,-0.004141112470477992,131674.840469984,1870.9765707734252,0.985990002440867,8220,886,71099.96360609078,-0.00015912253118031573,0.06772758314677219,99.98408774688197,10002.908546561333,107.75392412089055,0
flashbots-c20,793,10000,119.8008646194918,-119.7003419804608,119.7003419804608,0.10052263903099856,210710.41846740022,3781.7331946877475,0.9823688971116971,9025,1463,132712.4920884307,-0.00031671466536721483,0.17795483552456062,99.96832853346328,10012.322879346268,90.0232238598749,0
flashbots-c20,794,10000,97.95269116433883,-97.92841944370315,97.92841944370315,0.024271720635681504,182254.0705829616,2490.881020626676,0.986517190326416,8794,1374,112222.28262617976,0.0026358250507503554,0.12424928398985273,100.26358250507504,9972.916851920178,75.5775003864907,0
flashbots-c20,795,10000,33.785391896565734,-33.792339269462566,33.792339269462566,-0.006947372896831894,106408.08885501287,2163.1029850054347,0.9800766395915336,5252,653,60511.79563152731,0.003616569425399945,0.050598358035743016,100.36165694254,9979.662951481096,101.23265814628994,0
flashbots-c20,796,10000,80.5625319318972,-80.56405941815083,80.56405941815083,-0.0015274862536358569,182230.25805891654,2343.56490249991,0.9873028316534908,11477,1454,104335.9984800205,-0.0012996689854688271,0.10170641465125925,99.87003310145312,10021.836761384438,44.766029147773274,0
flashbots-c20,797,10000,29.203029348707382,-29.171923071830562,29.171923071830562,0.03110627687681955,63817.34306219701,1787.8252696861775,0.9727487130184327,4823,522,35133.27147978203,0.0060596379928159645,0.10580925652026138,100.6059637992816,9966.83202698866,48.03513720874063,0
flashbots-c20,798,10000,73.73784646924943,-73.73528355494584,73.73528355494584,0.002562914303595676,176456.27515966524,518.8421839308911,0.9970682760846907,9203,1126,100206.6283254848,-0.0005299719169973116,0.08471229751209648,99.94700280830027,10002.366857144487,94.88059338914263,0
flashbots-c20,799,10000,40.95107932890444,-40.963308144985405,40.963308144985405,-0.012228816080963156,148559.738245313,2804.2506054399028,0.9814734625670777,9763,966,78510.74892989582,-0.003293329383000412,0.1002627641141001,99.67066706169996,10048.316462913781,129.93298697183545,0
flashbots-c20,800,10000,31.249750353840483,-31.254704704511745,31.254704704511745,-0.004954350671262375,78525.47142919747,1008.5287069166386,0.9873195274324107,5019,577,44212.19782487676,-0.003794708892637999,0.06533604783102007,99.6205291107362,10028.876114690942,77.59413458054722,0
flashbots-c20,801,10000,125.90505265155558,-125.91507872649174,125.91507872649174,-0.010026074936163809,242715.34522066335,713.6977604870814,0.9970681486820685,9934,1556,150722.56808647804,-0.000008614802063959815,0.13800437039602997,99.9991385197936,9998.607692062043,104.84914144142202,0
flashbots-c20,802,10000,99.11410561936374,-99.08858941484351,99.08858941484351,0.025516204520229735,187169.7189702936,3293.6140624766144,0.9827073588914359,8887,1247,114259.51532728822,0.0017028134305752474,0.13670003989247503,100.17028134305752,9997.27202946982,87.95038740837605,0
flashbots-c20,803,10000,75.33621373666762,-75.31283694880715,75.31283694880715,0.023376787860470927,210087.34309495648,3101.438769833135,0.9854521483602259,11433,1343,115278.42549001772,0.0037510307880820903,0.08127328566091592,100.37510307880821,9957.942907198956,89.95941612798795,0
flashbots-c20,804,10000,27.91161708554438,-27.907706384770563,27.907706384770563,0.003910700773815279,91243.1647259072,1292.1274230970582,0.9860363825186134,7345,604,46400.159670330475,-0.0032844951689388322,0.0571926092079002,99.67155048310612,10030.727085117504,97.2363674029311,0
flashbots-c20,805,10000,30.375417375738074,-30.391210805270887,30.391210805270887,-0.015793429532813263,126535.96659593131,2598.6460570412673,0.9798764560201634,9974,711,59056.16147342344,0.0017641114682903946,0.05798557300432648,100.17641114682904,9999.665197958106,119.2981378612403,0
flashbots-c20,806,10000,37.025366469807764,-37.02121535522555,37.02121535522555,0.004151114582214177,86642.51584929443,2784.9858885840863,0.9688576127649504,6238,641,47503.802690206125,0.00011098096291945581,0.10801476502970686,100.01109809629195,9983.555650250799,75.48629317156421,0
flashbots-c20,807,10000,33.8630946099436,-33.84191638414898,33.84191638414898,0.02117822579462114,105138.35937062035,2044.6433586667872,0.9809238096843493,6696,748,58653.53755779112,0.0003350048168663022,0.06924454399952609,100.03350048168663,9999.11229126519,99.07495247045713,0
flashbots-c20,808,10000,58.27333403057633,-58.27100564861785,58.27100564861785,0.002328381958477621,104365.90668155214,282.29957450537506,0.9973023945215589,4462,727,67122.33149233597,0.002327991806073868,0.12660094351823262,100.23279918060739,9976.242784367878,99.8784555894213,0
flashbots-c20,809,10000,134.59888522857494,-134.60088239281086,134.60088239281086,-0.001997164235916671,212853.8379535747,1490.1230161847361,0.993047982273711,7413,1405,141332.122963035,0.006572652067687983,0.15534430770389832,100.6572652067688,9953.21259153409,98.84999152418169,0
flashbots-c20,810,10000,85.98071123786542,-85.97114547105329,85.97114547105329,0.009565766812130505,177959.41549359707,3638.125982836881,0.9799659953914684,7393,1224,111780.44029477052,-0.0036568518856513778,0.08085280942894385,99.63431481143486,10049.043615062277,110.90749740308672,0
flashbots-c20,811,10000,70.55697946762913,-70.63695856045514,70.63695856045514,-0.07997909282600801,248134.57993709118,2054.684481121392,0.9917874794272274,10216,1225,139687.8631177943,-0.002491968331331833,0.06802510570984283,99.75080316686682,10000.028515152844,186.54067034309261,0
flashbots-c20,812,10000,28.268132980253476,-28.262674825759717,28.262674825759717,0.005458154493759082,76493.05651933122,71.03916892053124,0.9990721608048533,4192,551,45342.84650607437,-0.003290952068293933,0.06637179297927943,99.6709047931706,10033.322970169518,99.1449253962304,0
flashbots-c20,813,10000,21.53905801140479,-21.5509086741353,21.5509086741353,-0.011850662730509498,62231.33708870606,1393.5082862016222,0.9780980483647479,3778,424,35122.58094455826,0.0029116779026537643,0.0890047493011312,100.29116779026538,9978.842520331944,176.8947872540809,0
flashbots-c20,814,10000,19.034634977032628,-19.034584040945113,19.034584040945113,0.000050936087514941164,62806.35479629097,1092.4942130143684,0.9829027559971343,4493,433,33150.33866102998,-0.0007161703023564315,0.04794578764634878,99.92838296976436,10003.91589293836,62.71693477351568,0
flashbots-c20,815,10000,42.757931597787184,-42.791113569441606,42.791113569441606,-0.033181971654421716,85078.23662079086,1574.6527033128673,0.9818280415622004,4565,723,52960.55763326634,-0.000001280941398960067,0.07628913133250123,99.9998719058601,9980.971763468895,77.68030596446827,0
flashbots-c20,816,10000,108.05116772165832,-108.15777523244435,108.15777523244435,-0.10660751078603425,152722.04615086562,1783.4091278424632,0.9884573064127385,6426,1150,100962.48188338414,-0.0048180365772599034,0.1507370195095305,99.51819634227401,10037.034180358034,64.61531201975052,0
flashbots-c20,817,10000,17.785732750109155,-17.786157940359914,17.786157940359914,-0.0004251902507590444,94156.97760918368,1873.2661998279514,0.9804929559113318,7170,605,45336.413852750804,0.00030427787381341885,0.04322859574865646,100.03042778738134,9993.323161765064,129.80734167473219,0
flashbots-c20,818,10000,43.851134745946375,-43.84871153982475,43.84871153982475,0.0024232061216267198,147257.61552119453,1815.3018851030317,0.9878227251690833,9671,985,78539.27082352544,-0.0008743448650427865,0.05066328544426369,99.91256551349572,10010.626954824424,98.4871648904089,0
flashbots-c20,819,10000,97.74829357991922,-97.75234475571449,97.75234475571449,-0.004051175795268591,215823.86873523312,2972.5700284198256,0.9864139926352693,9551,1548,132164.98597097478,-0.00034174737073925597,0.0991969947630679,99.96582526292607,9999.451683953646,78.1946351444569,0
flashbots-c20,820,10000,68.27746859155228,-68.26031915237971,68.26031915237971,0.01714943917257017,176799.77783037367,1322.630599098594,0.99257459737514,9705,1184,100741.44995916862,0.0032858795042194798,0.10718744877261031,100.32858795042195,9967.815604902778,100.49189058316097,0
flashbots-c20,821,10000,154.43351656925466,-154.56757779804414,154.56757779804414,-0.13406122878947713,232644.7170272891,3406.3766862615307,0.9855693247056284,8539,1655,154644.4395476474,-0.00798517264778397,0.18497911377268322,99.2014827352216,10036.976183642399,96.39702422755052,0
flashbots-c20,822,10000,37.73776063039521,-37.72356984104366,37.72356984104366,0.014190789351545163,90533.21863704862,1216.797569856264,0.9867379034886242,6238,651,49749.39032517287,-0.00009077516756306637,0.09465310159989841,99.9909224832437,9998.358342270487,84.97408078309397,0
flashbots-c20,823,10000,84.06834837716242,-84.067648259787,84.067648259787,0.0007001173754161982,203514.30957584645,1743.1421195674386,0.9915075330753199,10966,1312,113928.97315934411,-0.0010434691282419806,0.10916951237648603,99.8956530871758,10025.958942032556,97.60021019536488,0
flashbots-c20,824,10000,27.555626658731917,-27.555132243044355,27.555132243044355,0.0004944156875623662,73875.29661114789,1431.3388030124727,0.9809931914347174,4925,539,40989.78494052921,-0.0009086825232375872,0.07231617142399102,99.90913174767624,10005.152704967082,86.78164772720766,0
flashbots-c20,825,10000,61.44525711835758,-61.44680431332851,61.44680431332851,-0.0015471949709251476,139444.36584393925,609.1598905127199,0.9956505208468102,6674,954,83822.03305912891,-0.0006292926093766483,0.09233762069939842,99.93707073906234,10005.78245000005,102.54219046099887,0
flashbots-c20,826,10000,96.04190422211785,-96.0295852460774,96.0295852460774,0.012318976040447183,179429.24884968027,2072.2016862321943,0.9885830020635444,7794,1226,113473.3497538889,-0.0030858574821694164,0.16339624391976984,99.69141425178306,10034.199467406663,85.45788929678895,0
flashbots-c20,827,10000,52.79369720278538,-52.78716872152752,52.78716872152752,0.006528481257859653,141170.02575394692,1883.3040048036066,0.98683495163671,5401,854,87283.8167637004,-0.0005501139875912031,0.07454363870693925,99.94498860124088,9997.4788601862,160.70313852432446,0
flashbots-c20,828,10000,58.482330075891625,-58.61780001070353,58.61780001070353,-0.1354699348119084,138973.44311725273,2933.9471123231933,0.9793249167109853,8298,962,76100.32983791229,-0.0034842931166802773,0.1474112725987547,99.65157068833197,10037.900865938025,75.19124874910781,0
flashbots-c20,829,10000,41.375110592593735,-41.37075951417201,41.37075951417201,0.00435107842172755,132883.6718614078,772.6323889410087,0.9942192596654938,7083,830,74089.32038292146,0.0002649731639165509,0.048098516859669475,100.02649731639166,9994.0836617476,122.83687938068753,0
flashbots-c20,830,10000,27.01388569213494,-27.007251138551865,27.007251138551865,0.006634553583076297,129489.09993080968,3933.2607051236732,0.9705202284956097,9233,705,60907.80868184095,0.004084041780159424,0.03974583533659939,100.40840417801594,9955.429307990147,112.94110362518128,0
flashbots-c20,831,10000,123.6263772268548,-123.73389444275682,123.73389444275682,-0.10751721590202123,154619.74416075507,2297.8856856760995,0.9853561025110757,5493,1231,109030.34343950606,0.0045404379518026875,0.16015277766001973,100.45404379518027,10006.950764785079,51.688097046321765,0
flashbots-c20,832,10000,130.593172018989,-130.57996106859187,130.57996106859187,0.013210950397137822,281145.42866084044,5133.488073212334,0.9820682286639318,10552,1877,179730.68486935974,-0.0009439776622579643,0.07754341757921139,99.9056022337742,10005.915848129383,91.85844630659516,0
flashbots-c20,833,10000,121.37460959878067,-121.29556548072435,121.29556548072435,0.07904411805631639,188047.99229997117,4141.60239609784,0.9784504337883254,6744,1244,123489.73939128811,0.002264895329519874,0.145849720895134,100.22648953295199,9981.873443114746,104.45568928617625,0
flashbots-c20,834,10000,121.88731121817548,-121.78186384363522,121.78186384363522,0.10544737454026176,211464.04258183434,2368.15737853651,0.9889251601069652,9959,1583,132408.62592755613,-0.022978004466272496,0.0997714809703868,97.70219955337275,10108.602838684968,46.10246177590722,0
flashbots-c20,835,10000,126.20914014277854,-126.23746820736307,126.23746820736307,-0.02832806458452808,139458.44037697645,1756.136024963417,0.9875640598179828,6007,1232,94012.77975914953,-0.0003695620485412121,0.2383795951237471,99.96304379514588,10024.16151577921,34.93327604732511,0
flashbots-c20,836,10000,151.22698172724768,-151.2286390199667,151.2286390199667,-0.001657292719016823,274787.43768082216,3003.8683161802114,0.9891866006914823,11178,1758,170894.83866382853,-0.0005124775643693624,0.09884298807562118,99.94875224356306,10003.938446411477,90.85752508151614,0
flashbots-c20,837,10000,43.95051337321515,-43.932146621630054,43.932146621630054,0.018366751585098484,116429.72828472797,1762.5939638266307,0.985087068852747,6288,799,67366.39657524216,-0.006929868438587619,0.05179681588866671,99.30701315614124,10066.313537954527,91.23673533614378,0
flashbots-c20,838,10000,24.247310721656433,-24.262925309533365,24.262925309533365,-0.015614587876932262,66798.85411041425,1512.0464114399388,0.9778652250242814,4855,561,36621.76141899543,-0.002507383871683402,0.05670458624632104,99.74926161283166,9997.085973900736,60.250967028008056,0
flashbots-c20,839,10000,43.41227561581449,-43.407979496123254,43.407979496123254,0.004296119691233002,82338.05177431139,1556.4588966827855,0.9814474286310974,4138,585,50350.11612100875,0.002449417840321502,0.11261425135651351,100.24494178403215,9972.225563115804,108.29122919939262,0
flashbots-c20,840,10000,25.6199555181264,-25.623167287704508,25.623167287704508,-0.0032117695781082034,84684.19925158832,1399.0638646111024,0.9837475507553358,6703,666,43776.24432014383,0.0001564745258552591,0.07007291309823316,100.01564745258553,9985.741189792872,71.96154163648174,0
flashbots-c20,841,10000,62.37462538114723,-62.319945468401315,62.319945468401315,0.0546799127459181,144310.34719960086,2957.9336953239094,0.9799146586260867,5711,1032,92880.87331451368,-0.0005318124034710081,0.0841474771115108,99.9468187596529,10026.358098481604,100.83021057413497,0
flashbots-c20,842,10000,183.43221754865826,-183.6368425685972,183.6368425685972,-0.20462501993893056,295797.5992794772,5288.37928907279,0.982435650726031,11524,1724,181811.78232382704,0.0032989711944449596,0.21150781136607463,100.3298971194445,9966.344519528308,104.82636872516866,0
flashbots-c20,843,10000,47.268166699765644,-47.26946840988723,47.26946840988723,-0.0013017101215879734,107898.04469943931,2672.4994804853854,0.9758299147362738,5660,742,64007.90698143616,-0.0007285153775447384,0.11858360705264147,99.92714846224553,10010.41610593472,90.99599602018608,0
flashbots-c20,844,10000,98.0825260199322,-98.08934414770914,98.08934414770914,-0.006818127776938354,219434.70819825775,3232.2201669411843,0.9854840582269139,9129,1420,133957.3946018078,0.0014946538246606168,0.07540819652280874,100.14946538246606,9992.676877213049,130.21283471593298,0
flashbots-c20,845,10000,102.07216837004088,-102.02138980562567,102.02138980562567,0.05077856441521078,226773.34973929395,2585.7852201167234,0.9887260421496866,9585,1461,139969.30806133928,0.0013519974912739486,0.08886911290813827,100.1351997491274,9983.935921000591,86.84440521727163,0
flashbots-c20,846,10000,215.91558195672465,-215.7634540223226,215.7634540223226,0.15212793440204564,300160.5724749927,3492.9755161777666,0.9884968394432219,11497,1991,192346.9266767116,-0.0032363903018348596,0.2682789691666574,99.67636096981651,10044.152153064682,86.26568770451667,0
flashbots-c20,847,10000,34.04689823782925,-34.0647901429881,34.0647901429881,-0.01789190515885508,115226.51189958649,2540.9066504846287,0.9784243665882486,9199,861,59834.42155491401,-0.0012018330833664947,0.06478759558535771,99.87981669166335,10029.62743297227,101.68714168473659,0
flashbots-c20,848,10000,93.60000960837924,-93.59103755944696,93.59103755944696,0.008972048932278653,196770.3272078331,3002.2224313854804,0.9849717969920924,9252,1398,119757.10441368721,0.000058931387907676936,0.10390352419655385,100.00589313879077,9992.39868752994,86.78353724731187,0
flashbots-c20,849,10000,88.59376184067963,-88.55541060283498,88.55541060283498,0.03835123784465111,134591.85166350604,2463.7150868271474,0.9820239692174259,6506,1099,87625.20291533548,-0.004051032189854737,0.19226619165740644,99.59489678101453,10022.764146001757,48.957746823523024,0
flashbots-c20,850,10000,17.024527951637037,-17.01553754527005,17.01553754527005,0.008990406366987003,64858.64371874306,1704.2589661123097,0.974396264324872,5417,474,32691.153952314307,0.006180224476704837,0.03762610205230999,100.61802244767048,9966.884196340745,67.06723239911757,0
flashbots-c20,851,10000,100.20139813895534,-100.22261840764506,100.22261840764506,-0.02122026868971716,174715.85389681638,1625.4541812787054,0.9907823402298975,7973,1242,109287.46692308279,0.0024470332554015783,0.14617262360327218,100.24470332554016,9988.432414037554,82.33778507966863,0
flashbots-c20,852,10000,79.67119375766265,-79.59417352517669,79.59417352517669,0.0770202324859639,167456.4015535108,2609.3783604118275,0.9846566524921561,6093,977,103963.82291507562,0.000000796564427218982,0.1314708335275816,100.00007965644272,10003.184675208619,88.6748237802902,0
flashbots-c20,853,10000,24.36357136192704,-24.363217888964336,24.363217888964336,0.00035347296270415995,102434.77794877042,2793.955440406658,0.9734487401832205,8309,652,49054.079276158795,-0.0030795678806934744,0.04840722056089802,99.69204321193065,10032.887800436349,148.30004310935598,0
flashbots-c20,854,10000,64.9025331349885,-64.89316176476218,64.89316176476218,0.009371370226318732,166675.21142176003,1680.745331340698,0.9900167159882227,9693,1127,92914.61773227263,-0.00398343737041202,0.08385915685081727,99.6016562629588,10039.05939819319,91.36150052574122,0
flashbots-c20,855,10000,95.96737173528763,-95.9543908811119,95.9543908811119,0.012980854175722811,269819.24459067325,3212.3646721313794,0.9882344587104589,10497,1448,157884.40004642046,0.0012173900894269707,0.09844528480884093,100.1217390089427,9977.380247831818,198.6265803228232,0
flashbots-c20,856,10000,102.29207728891464,-102.3368705726709,102.3368705726709,-0.044793283756263236,128922.4811316953,1826.570749638631,0.9860299503257859,4756,1071,91001.04647235225,0.001487604890118064,0.163488274944544,100.1487604890118,9991.423165528911,67.00186336323387,0
flashbots-c20,857,10000,103.13379140250859,-102.99647083386968,102.99647083386968,0.13732056863891273,117645.12842412996,1986.7971973483284,0.9833924164722162,5313,962,76499.33511080877,0.004780043686536999,0.33514436966099054,100.4780043686537,10031.64214768624,60.32203024469303,0
flashbots-c20,858,10000,48.99810276691864,-49.012693467599874,49.012693467599874,-0.01459070068123225,122941.17266606893,2169.1503669343397,0.9826620992229224,7847,870,67198.60961794197,0.0003550456722000206,0.12388725530236826,100.03550456722,9991.20151846702,77.63671165355022,0
flashbots-c20,859,10000,154.74810945412082,-154.6980608165822,154.6980608165822,0.0500486375386231,279073.60394936276,3173.377343515234,0.9887567359304286,10220,1793,179540.97825284756,0.011154851225818021,0.09904762037043412,101.1154851225818,9894.781395541524,80.30670692604882,0
flashbots-c20,860,10000,42.50995611775267,-42.49305353947648,42.49305353947648,0.0169025782761949,141822.56435857527,2438.6566418718353,0.9830955496913181,8920,815,71378.92332446176,-0.0022007404123729657,0.10912668804320547,99.7799259587627,10044.275362253706,197.45107031287412,0
flashbots-c20,861,10000,45.52340412758668,-45.5252456409176,45.5252456409176,-0.0018415133309233056,110878.60954169104,757.9120273638396,0.9932108953529601,5380,793,67288.10614193197,0.0010802756287694138,0.06045784890763486,100.10802756287694,9980.981355057784,101.3932377875106,0
flashbots-c20,862,10000,103.37555414979906,-103.40680074633964,103.40680074633964,-0.031246596540583482,223409.81924712667,3281.5606800330493,0.9855241047053157,9843,1410,135392.3983444405,-0.001929726785118504,0.11651506098939776,99.80702732148815,10001.51064640994,57.60465136755883,0
flashbots-c20,863,10000,52.65974853277366,-52.64859941733627,52.64859941733627,0.011149115437390833,139832.93470664546,1910.4399322347344,0.986521839647871,6893,859,81605.28835282802,-0.0007649161380984992,0.11299995520467973,99.92350838619015,10018.98170908993,145.07392197208722,0
flashbots-c20,864,10000,32.95330713783906,-32.76191942180465,32.76191942180465,0.19138771603441285,111737.9810644414,2269.8765075752667,0.9800901748711363,8783,839,56426.66320896485,-0.02776104309805419,0.054788263467723225,97.22389569019458,10113.101638889004,46.03179362892335,0
flashbots-c20,865,10000,35.4198984503586,-35.39664792327842,35.39664792327842,0.023250527080179495,106539.5134696368,1770.6849099522594,0.9836517249857983,5577,676,59234.03426753442,-0.0022228356998755315,0.05318340801493747,99.77771643001245,10058.565138237274,122.21216496178592,0
flashbots-c20,866,10000,19.38865008862967,-19.386819419451157,19.386819419451157,0.0018306691785134888,75870.39001722707,2363.721484614464,0.9697865619070931,5463,514,39273.24089006664,-0.000006849233296151169,0.046086943001745054,99.99931507667038,9990.169029920287,108.47222454667182,0
flashbots-c20,867,10000,90.66448869927993,-90.65821558133807,90.65821558133807,0.006273117941859141,187789.35480514757,2110.716357463641,0.9888851207661937,7756,1282,117578.72306422109,0.0013034729943483113,0.10047661304798013,100.13034729943483,10001.765250013026,94.5777182947253,0
flashbots-c20,868,10000,32.005525887051455,-32.004031090574024,32.004031090574024,0.001494796477430782,91738.01209662166,497.48173816587774,0.9946063958950881,5243,632,52376.58366692496,0.00168242955297103,0.05746853011839889,100.1682429552971,9982.765029947828,99.10295489690044,0
flashbots-c20,869,10000,32.29805625825341,-32.309814004344126,32.309814004344126,-0.01175774609071567,82984.2144314406,1505.3839006773928,0.9821826126482467,5169,637,47712.180806973505,-0.003131610429749685,0.059221166063445595,99.68683895702503,10026.607807435112,80.18677816515901,0
flashbots-c20,870,10000,28.624608798219622,-28.61629879046275,28.61629879046275,0.008310007756872295,76716.64392517878,1057.01041933022,0.9864091455102771,4061,525,46096.77322246304,0.004065797912605405,0.05459458231924643,100.40657979126054,9957.847623002634,105.06790297340291,0
flashbots-c20,871,10000,26.63516099041367,-26.620840770733878,26.620840770733878,0.014320219679792245,79330.28944268501,1644.5830625222554,0.97969020497789,4377,463,43284.82609636049,0.003378105185194755,0.061809619017305695,100.33781051851948,9935.557862516951,162.52717894192187,0
flashbots-c20,872,10000,113.30704673485162,-113.20416584810852,113.20416584810852,0.10288088674310814,160943.22479926245,1717.1479422477112,0.9894433541906578,7411,1313,104048.64760197092,0.004163411008093334,0.20482099102044088,100.41634110080933,9981.722411542713,46.93697407140254,0
flashbots-c20,873,10000,108.90794214788875,-108.90213004513988,108.90213004513988,0.005812102748862458,202830.8449838471,105.81619426871693,0.9994785752675025,8094,1361,131819.29590524756,-0.003281903279216607,0.08690580470712192,99.67180967207834,10033.223949813833,98.61261982968234,0
flashbots-c20,874,10000,49.75420236073572,-49.767183293173815,49.767183293173815,-0.01298093243809717,110244.99135788885,1590.488778113966,0.9857783167186318,5269,763,67053.4101535845,-0.004179799944168821,0.10055254874640639,99.58202000558312,10065.130758506964,103.32487417824419,0
flashbots-c20,875,10000,131.37021183115286,-131.33819788901224,131.33819788901224,0.032013942140622476,206809.82257467767,2922.956653361205,0.9860634247821456,8303,1551,135404.89906431542,-0.001552931056718876,0.14747063118500378,99.84470689432811,10007.911723637304,86.56645037972162,0
flashbots-c20,876,10000,113.69185182229391,-113.6895812266676,113.6895812266676,0.0022705956263138205,238745.81239954964,2956.5938918399293,0.9877676274009637,10775,1586,144431.3937346525,-0.0007680603460981671,0.08882367890606772,99.92319396539018,9995.044826808306,85.52460096449374,0
flashbots-c20,877,10000,94.11869361911788,-94.12662572610982,94.12662572610982,-0.007932106991944465,143689.3918057663,1602.828009986237,0.9889682461179352,5634,1099,96255.08545751646,0.0035576530687055196,0.11704241877786899,100.35576530687055,9992.20100137569,70.11026216843064,0
flashbots-c20,878,10000,71.45566344691335,-71.42930406775875,71.42930406775875,0.026359379154598628,143267.10480238879,1847.9394019673914,0.9872656938355402,5774,977,91246.48227335566,-0.00025317858831527926,0.09413671533057397,99.97468214116847,10024.994989405934,99.63650055586174,0
flashbots-c20,879,10000,133.3967059330457,-133.46904127194836,133.46904127194836,-0.0723353389026613,291488.7355360789,3149.503743206577,0.9893106076424073,10736,1874,185921.5680893138,-0.0030799860623365303,0.07514760954408914,99.69200139376635,10034.175761172433,106.96298308753185,0
flashbots-c20,880,10000,43.139395397230594,-43.14219050921329,43.14219050921329,-0.0027951119826994386,130342.85603848212,1807.8579973740639,0.9863197258481438,7354,888,72765.53855247714,0.000002784620790379222,0.07098826523867757,100.00027846207904,9996.66644033636,105.03268926818903,0
flashbots-c20,881,10000,153.86600668973378,-153.84674606725528,153.84674606725528,0.019260622478498135,229564.22057831447,1700.9419065498225,0.9926450577844332,8519,1694,153167.0508175187,-0.0008491994849447337,0.17021208690232242,99.91508005150553,10002.28008596965,79.91864952698177,0
flashbots-c20,882,10000,35.349295600053985,-35.35220902132492,35.35220902132492,-0.0029134212709323037,120288.88076539538,3475.6216525099885,0.9719174594927539,7829,851,63727.55956308967,-0.002021381917766405,0.059551639652682835,99.79786180822336,10032.608815209465,92.96718688283305,0
flashbots-c20,883,10000,40.30247324373376,-40.299193433594674,40.299193433594674,0.0032798101390838497,112106.98802881062,2231.3832917766526,0.9804843879967452,8490,836,58945.950877949654,-0.0014155353213597267,0.10260762729868318,99.85844646786403,10019.736233071493,57.866316955603345,0
flashbots-c20,884,10000,45.922732296663156,-45.940125193107214,45.940125193107214,-0.017392896444057726,127447.18913048129,1525.6303171655447,0.9881709159829227,6530,849,74862.04934528848,0.0009360902438545793,0.06307349265708609,100.09360902438546,9993.082043556848,171.72152903121366,0
flashbots-c20,885,10000,43.14203776975779,-43.13868481715115,43.13868481715115,0.003352952606640258,106771.04879862863,1194.9221639855998,0.9889324186747751,5709,733,62582.748604201355,-0.0015179437049573608,0.0635990466652676,99.84820562950426,10015.57009193836,95.93368572207761,0
flashbots-c20,886,10000,138.76736840206047,-138.7351061153493,138.7351061153493,0.03226228671115905,266333.7583575245,2771.414647623555,0.9897013698522602,10848,1775,167639.122256076,-0.0004183395629208064,0.13617534571746148,99.95816604370792,10016.419431239521,98.39244390078188,0
flashbots-c20,887,10000,19.05400662415998,-19.05582973324526,19.05582973324526,-0.001823109085279384,76024.5260082628,1735.3547051620394,0.977683161429253,5378,501,38663.45903063757,-0.001101263615046406,0.05580266509092951,99.88987363849536,10002.339715897893,150.83631635609953,0
flashbots-c20,888,10000,42.45314377196999,-42.432481320614066,42.432481320614066,0.020662451355924816,152040.46659944783,1261.3198635855254,0.9917723081205602,10992,999,77192.48039238654,0.0055624126359704465,0.06056818622644713,100.55624126359704,9937.528750208025,101.32791616145774,0
flashbots-c20,889,10000,72.63861938277824,-72.64214558315784,72.64214558315784,-0.003526200379596389,168826.78571648075,2652.1444623754237,0.9845337006732594,7701,1092,101274.69996325964,-0.0021955591116493167,0.06426173824887642,99.78044408883507,10020.024913422421,96.7181977662013,0
flashbots-c20,890,10000,47.76205478726773,-47.76740484201767,47.76740484201767,-0.005350054749939659,97132.92742936563,927.6629590612885,0.9905399003270658,4475,690,61870.54824612202,0.0012522342994554948,0.09595787248859551,100.12522342994555,9987.337653466335,101.83985582112363,0
flashbots-c20,891,10000,27.13388989487122,-27.122406782220295,27.122406782220295,0.011483112650925165,108439.26326292961,2256.354905913036,0.9796165833549848,8222,651,52977.35778116867,0.004301013900346504,0.05161038351078233,100.43010139003465,9952.501718762318,97.39477003811395,0
flashbots-c20,892,10000,27.013095392324004,-26.970509462500083,26.970509462500083,0.04258592982392173,89461.72216705127,1669.7110211499125,0.9816779900991826,4877,588,50184.39347178252,-0.011133857043620451,0.049740646895320706,98.88661429563795,10110.355714960182,87.98773448184434,0
flashbots-c20,893,10000,126.95442222838636,-126.94716152909268,126.94716152909268,0.007260699293681228,279841.6178451163,2580.122509688352,0.9908642921524137,10659,1627,170123.88363201768,-0.0011019833662861344,0.18349240048931265,99.88980166337139,10035.348082546025,162.11446641430615,0
flashbots-c20,894,10000,149.9720064513937,-150.0255456754229,150.0255456754229,-0.0535392240292083,234318.44546202736,2598.951511511398,0.9890301364749433,8954,1517,146974.58304716906,-0.000474829843237643,0.2903637944738411,99.95251701567624,10003.4761252788,103.80107120402114,0
flashbots-c20,895,10000,71.38913280921926,-71.36511803921647,71.36511803921647,0.024014770002793284,222252.82797221997,3460.3238586320435,0.9846693742453023,10899,1214,121018.85973807613,-0.0014006195616660477,0.10748780897146006,99.8599380438334,10015.055581199587,152.32987369519603,0
flashbots-c20,896,10000,33.66191537386128,-33.680111701822106,33.680111701822106,-0.018196327960829706,105300.81010974853,2366.077285331516,0.9780240950344439,7332,753,55308.00721611455,0.0000032539268048026316,0.06824879086395327,100.00032539268048,10007.106782789653,74.75278526739645,0
flashbots-c20,897,10000,67.48411334616272,-67.52921465709541,67.52921465709541,-0.04510131093269365,133374.618533004,2582.3107611422793,0.9810064056716419,7989,1042,76913.29802229074,0.0022636572765181028,0.16175592158311347,100.22636572765181,9988.967125542598,61.66054881566218,0
flashbots-c20,898,10000,57.095969180545325,-57.09990608401249,57.09990608401249,-0.003936903467163688,145859.4023927543,3389.7783598805204,0.9772877925172753,10042,1066,78596.65783998337,-0.0002975792046764525,0.08987353394727136,99.97024207953235,9992.781627102606,61.72752126679433,0
flashbots-c20,899,10000,176.69637506217674,-176.6374882537287,176.6374882537287,0.05888680844805094,193187.07056142256,4543.655716137303,0.9770209931371049,8494,1801,130472.89537795326,-0.002643027936721012,0.1753623317293369,99.7356972063279,9991.030003576441,48.27563102318908,0
flashbots-c20,900,10000,57.17915836500126,-57.17253537831211,57.17253537831211,0.006622986689144739,173195.4783036077,2288.338382724147,0.9869598323883368,11496,1129,92820.87622861115,-0.001262038310040623,0.11106367221669189,99.87379616899594,10006.607841257584,95.15456377734994,0
flashbots-c20,901,10000,104.60215388334714,-104.60850516586659,104.60850516586659,-0.0063512825194464995,188757.09136710345,4623.547185143419,0.9760909508844431,9951,1549,113669.643057684,0.001089055237379597,0.11906097523730978,100.10890552373796,9956.784759650911,51.95977984924389,0
flashbots-c20,902,10000,165.3391740907745,-165.43858295130934,165.43858295130934,-0.09940886053485087,224050.26806399072,4472.7979862461325,0.9804273675145648,9680,1720,145529.2792543681,0.0011794105595849657,0.36605939446109337,100.1179410559585,9984.742829656854,42.07959173122799,0
flashbots-c20,903,10000,75.05330864302972,-75.00839723422418,75.00839723422418,0.04491140880554667,249340.69083007902,3834.948179268052,0.9848526177547182,11795,1376,136399.47051898588,-0.000002239231559713062,0.07234818869544668,99.99977607684403,9975.253035755914,79.3553036882172,0
flashbots-c20,904,10000,81.32128431134814,-81.32310656436479,81.32310656436479,-0.0018222530166553952,214240.23733327622,435.7099734244855,0.9979703829008751,10064,1374,124541.83827939667,-0.0014441275214433346,0.0700402605689446,99.85558724785567,10012.321860615353,103.56459739764196,0
flashbots-c20,905,10000,97.9860991379962,-97.98401147654859,97.98401147654859,0.002087661447617961,202545.47266988546,1044.932573102737,0.9948674763338892,8525,1333,124575.83295644083,0.0007379093601637976,0.08264309088450617,100.07379093601638,9994.880101727014,95.28967750177506,0
flashbots-c20,906,10000,17.48772146652224,-17.48926761688236,17.48926761688236,-0.0015461503601201798,100222.85498756435,2050.714228144986,0.9799487370601123,7406,533,45530.54716441073,0.000780369397791958,0.044791505934976925,100.0780369397792,10002.945721798895,176.99047483532598,0
flashbots-c20,907,10000,34.28975137277855,-34.276363816123876,34.276363816123876,0.013387556654670618,99662.64399102802,2261.117035508078,0.9778156044014173,5411,750,57267.15447637712,0.00003122698632992637,0.06156981034317766,100.00312269863299,9983.204776304196,116.46277568617353,0
flashbots-c20,908,10000,62.30682394190675,-62.35183190983372,62.35183190983372,-0.04500796792697059,159467.70394327218,2956.121863211948,0.9817999493083365,8457,1047,92412.96287816315,0.00005659726836142909,0.08780627495179871,100.00565972683614,9998.7159007004,80.53688170807973,0
flashbots-c20,909,10000,81.13660388422905,-79.8897846179922,79.8897846179922,1.246819266236841,157984.83822917967,1637.6789597281054,0.9897403011268769,6807,1165,100247.9596776857,0.06301210144171165,0.09359144207200785,106.30121014417116,9588.957490848996,63.95569969304597,0
flashbots-c20,910,10000,87.89095173696435,-87.88654703504751,87.88654703504751,0.004404701916840281,249043.50005508994,4152.902570491259,0.983598098047892,10663,1325,141814.62115065285,-0.0010239838009643166,0.12720333857213403,99.89760161990357,10006.37639441151,185.42967231080868,0
flashbots-c20,911,10000,58.93228425320512,-58.91673368682212,58.91673368682212,0.015550566382998454,180042.957440821,3115.9911729971814,0.9829875024038978,11865,1198,93245.6056315968,-0.0026261163630086058,0.07105313105820969,99.73738836369914,10015.619179822794,52.93232788898077,0
flashbots-c20,912,10000,74.13331114284172,-74.11176150417742,74.11176150417742,0.021549638664296822,211976.79065419763,1677.8459784052468,0.992146924565506,9096,1294,124739.46504229073,0.005338292287653274,0.06749655036530626,100.53382922876533,9961.394862466794,134.0828478532055,0
flashbots-c20,913,10000,56.112182927338715,-56.121391299597924,56.121391299597924,-0.009208372259209341,170545.23415783298,3541.3971238347217,0.9796572712231714,9613,1103,92836.75947120224,0.0029969432385465213,0.06777909975374442,100.29969432385465,9991.302451742868,74.17759602197118,0
flashbots-c20,914,10000,44.526471173140706,-44.51197007654914,44.51197007654914,0.014501096591565954,119194.0114572332,2731.6079067993983,0.9775961121128804,7128,871,66828.39956414526,0.0000036003328534661706,0.06401290072529989,100.00036003328535,10002.321384454111,80.71806694001118,0
flashbots-c20,915,10000,89.38954927716394,-89.37201663199562,89.37201663199562,0.017532645168316208,181173.31977923863,2677.0562493922953,0.9854389405819034,8764,1240,108393.83619653477,-0.0014719560112003193,0.10288092170347525,99.85280439887997,10007.39622138757,91.80961420802007,0
flashbots-c20,916,10000,60.36394375410062,-60.31761834628166,60.31761834628166,0.046325407818955,97580.21812825571,2233.79589846133,0.9776204181322332,7354,933,55940.18199257445,0.0006070349566473965,0.21278223933904145,100.06070349566474,10024.075619740604,31.36505247600264,0
flashbots-c20,917,10000,102.62770359247051,-102.66161690556295,102.66161690556295,-0.033913313092440944,266556.71094680234,3577.11152160148,0.9867580020564811,11554,1596,153866.4747748176,-0.00231038570960024,0.07801597684638693,99.76896142903998,10055.263947157851,177.4678224861306,0
flashbots-c20,918,10000,74.2272466227788,-74.29998766018494,74.29998766018494,-0.07274103740614635,104398.94142813545,1704.64373957546,0.9839341551288673,5307,886,68174.04642994927,0.0003396890503840666,0.1994779555788392,100.0339689050384,9989.775891641193,114.53240818853689,0
flashbots-c20,919,10000,53.724613339575114,-53.75155827397848,53.75155827397848,-0.026944934403367427,183719.47908984142,1806.0810112532108,0.990265055605982,8916,951,99687.12220035867,0.0018455886483103256,0.07325620611658663,100.18455886483103,9944.665417616403,224.58719251823345,0
flashbots-c20,920,10000,35.70066769587066,-35.69024833033271,35.69024833033271,0.010419365537956082,94777.26941139893,1466.423002118526,0.9847634378384202,5970,678,53722.70964006589,0.0036066907061400853,0.07725376413452466,100.36066907061401,9978.30357855497,76.11630482573209,0
flashbots-c20,921,10000,12.143092256881399,-12.149171378076481,12.149171378076481,-0.006079121195082138,94531.76911671532,2191.227535993415,0.9773453303575655,7723,440,38976.77449060042,-0.00034160045736541633,0.02467109902269087,99.96583995426346,10002.769571708484,157.45369450939688,0
flashbots-c20,922,10000,66.78478657721325,-66.77159339918586,66.77159339918586,0.01319317802739306,138823.6945125836,1557.453458625488,0.9889055369532603,5404,966,89760.41513940234,0.00037985453471847566,0.07716585356068521,100.03798545347185,10001.598628627757,94.81008829113199,0
flashbots-c20,923,10000,69.53702905507038,-69.52990698704282,69.52990698704282,0.007122068027555883,176300.189818787,1703.9522561642657,0.9904274572698045,8542,1183,106143.0717010674,-0.00009649179075609027,0.11005083481960724,99.99035082092439,9991.814907698468,110.38617493415198,0
flashbots-c20,924,10000,32.222721360163156,-32.23467223655812,32.23467223655812,-0.011950876394962506,76529.04640695929,2401.471078760159,0.9695748722388061,4402,507,42718.16665617828,-0.000012073697446908226,0.12280984276927484,99.99879263025531,10008.844653928896,116.5546764444914,0
flashbots-c20,925,10000,55.56179368809279,-55.63141666945942,55.63141666945942,-0.06962298136662781,119758.19358091713,1231.6643207255586,0.9898201027583087,4942,703,74666.74936522721,-0.0016420580896730997,0.1019937407250572,99.83579419103269,9984.00007602399,91.18801028239726,0
flashbots-c20,926,10000,36.47299515274051,-36.42971405636575,36.42971405636575,0.043281096374755634,107565.3335630687,2052.9496306117435,0.9812718319353309,5861,728,60284.06010428801,0.006083972790605685,0.08942913295960707,100.60839727906057,9902.477138789522,103.07168258716703,0
flashbots-c20,927,10000,66.55576518649124,-66.60053392713489,66.60053392713489,-0.04476874064364722,144591.35458125948,2236.8755220927037,0.9847653579933628,5598,1026,94998.84592640173,-0.0006337891739617873,0.07436346307203678,99.93662108260382,10024.703599452245,104.82748780615688,0
flashbots-c20,928,10000,56.40567827866729,-56.40369091399148,56.40369091399148,0.001987364675805736,105723.69853136118,913.2798054274222,0.9914356181160439,4511,784,67868.6466310731,-0.0021962679053027043,0.1825545680679437,99.78037320946973,10018.538009207563,83.2080907777807,0
flashbots-c20,929,10000,39.53750039883431,-39.54486639926697,39.54486639926697,-0.007366000432661224,116593.72269922536,1979.7371576993266,0.9833037075911577,5167,714,69970.42334772208,0.00013601277891538643,0.059792499959286545,100.01360127789154,10010.37731789008,127.89647149898721,0
flashbots-c20,930,10000,41.61119953647228,-41.60171505923171,41.60171505923171,0.009484477240569333,150632.055522953,2876.170838930292,0.9812637348036974,9790,944,78231.9992331536,0.0036637916087128987,0.04213122318417334,100.36637916087129,9954.877067475345,110.88951471751186,0
flashbots-c20,931,10000,59.43712386553592,-59.40362450603573,59.40362450603573,0.03349935950019045,96382.19814133801,1156.3559258874698,0.9881446271482506,4072,667,63281.48347862773,-0.0010726177470509412,0.12176570290944667,99.8927382252949,10027.516677407124,107.36776649630849,0
flashbots-c20,932,10000,57.580355194055464,-57.57411131642113,57.57411131642113,0.006243877634332762,181935.18986102298,185.78873308950162,0.9989798608895928,11024,1220,99474.50895903361,0.003858645135432397,0.09902266972641711,100.38586451354324,9960.69806385365,101.02862854195298,0
flashbots-c20,933,10000,80.41620665782938,-80.40186407342401,80.40186407342401,0.014342584405369507,240416.68951591995,2362.8990330271126,0.9902673076960474,10118,1338,139394.430237126,0.0010963940381242309,0.08500469766962183,100.10963940381242,9983.05937962899,118.56551349852177,0
flashbots-c20,934,10000,88.64985519088475,-88.28062023486284,88.28062023486284,0.3692349560219128,154018.61414726469,2508.4465750052614,0.9839743584053108,8062,1110,89995.55813708338,0.0011722384673242914,0.2856078401543729,100.11722384673243,9949.31021299299,73.91346420600289,0
flashbots-c20,935,10000,84.78437053776781,-84.75305243752155,84.75305243752155,0.03131810024626702,129111.60725503437,1412.3764515009161,0.9891791806272444,6430,1104,83308.25727373853,0.0000012314153899239954,0.13310614036142185,100.00012314153899,10026.09060709859,60.009998089698215,0
flashbots-c20,936,10000,15.531119980657628,-15.5299338693275,15.5299338693275,0.0011861113301279147,56089.903264449895,2299.0905789236876,0.9606245898826256,4179,386,28624.824883422018,-0.0025104110916855404,0.05679268900598657,99.74895889083145,10025.407709794465,105.05855312620623,0
flashbots-c20,937,10000,112.46891995407069,-112.71720274116407,112.71720274116407,-0.24828278709338747,220606.57964540235,2832.893097218988,0.9873214295466844,8236,1333,138812.12078811493,-0.00031409413283384424,0.15413488217455706,99.96859058671662,9986.095189538064,150.2718954070977,0
flashbots-c20,938,10000,41.57569255359029,-41.594484491361065,41.594484491361065,-0.01879193777077859,153073.11150551506,2369.23311388465,0.9847581228931812,9629,948,79178.19051460997,-0.0010835766532625258,0.058566678440164284,99.89164233467375,10006.14990701503,126.17586885449033,0
flashbots-c20,939,10000,54.23047244813218,-54.22989860924476,54.22989860924476,0.0005738388874192424,157705.56751055477,1187.8958159835163,0.992523947863467,9555,1047,85867.49069659194,-0.0022263098688314643,0.08278003026894126,99.77736901311685,10021.625253455064,101.06099073645629,0
flashbots-c20,940,10000,53.849320127439405,-53.89738135623585,53.89738135623585,-0.048061228796441924,118857.49049720363,1604.6672338204971,0.9866790761178004,5838,787,71095.42660079536,0.002920047451219148,0.07020463433112113,100.29200474512191,9971.023918409079,120.78313631376483,0
flashbots-c20,941,10000,83.9939577582516,-83.98044067255302,83.98044067255302,0.0135170856985809,226079.52347790427,2307.355580320463,0.989897162263283,8537,1358,140979.12669940921,0.002946901982015362,0.06331429913702152,100.29469019820154,9972.773928372162,169.26597924815883,0
flashbots-c20,942,10000,145.86291759390446,-145.7932515444902,145.7932515444902,0.06966604941425203,174375.32498187275,1998.4733736872615,0.9886691028241141,9478,1607,110455.72080298919,-0.005880577295066587,0.18373956163154262,99.41194227049334,10031.42688317119,25.402786763145137,0
flashbots-c20,943,10000,114.95566984261906,-114.93208059703665,114.93208059703665,0.023589245582414264,224078.505341911,3430.146614899361,0.9849230058488038,11508,1592,130525.41485271965,-0.0035580890535639753,0.22697495905398482,99.6441910946436,10024.02326339312,78.19488420272818,0
flashbots-c20,944,10000,44.95908877307442,-44.952564028176994,44.952564028176994,0.00652474489742616,125246.6707540773,1876.0285597071027,0.9852423794504521,6226,907,73967.39885906411,-0.0003993892572091795,0.062078136784521544,99.96006107427908,9994.590110834304,79.20098667178127,0
flashbots-c20,945,10000,12.819035672552864,-12.804192262738916,12.804192262738916,0.014843409813948938,67172.87404148112,1242.8915388664807,0.9818332583385796,4244,376,32648.98382955867,-0.0025994862361255855,0.039019536203065,99.74005137638744,10041.132980519484,173.7740876760304,0
flashbots-c20,946,10000,45.34617042698281,-45.31909361865334,45.31909361865334,0.02707680832946835,83162.56757512476,1019.5381479424752,0.9878888970620855,4208,661,52407.74988932174,0.0053214821894117395,0.09242558081642444,100.53214821894117,9994.625397208076,52.164583536131765,0
flashbots-c20,947,10000,54.76611974656399,-54.776955025235665,54.776955025235665,-0.010835278671677884,119265.54648813428,1261.0449867244897,0.9895372052648852,5663,903,73673.61720819576,0.000004709130349738189,0.07014352495759453,100.00047091303497,9996.412660894097,128.16906905538224,0
flashbots-c20,948,10000,42.997561030406935,-42.97819843629574,42.97819843629574,0.019362594111193232,86969.52786498063,1412.5825165163415,0.9840173253340636,3988,680,55004.53620090243,0.0018913598642873808,0.1294998198082341,100.18913598642874,9993.021935436993,83.92570193792658,0
flashbots-c20,949,10000,225.9895382689847,-226.1754823490581,226.1754823490581,-0.1859440800733978,250848.96026102593,2785.039992018214,0.9890194532703042,9193,1937,170232.64741013758,0.001323377736251814,0.18282447705393082,100.13233777362518,9964.704009150882,70.36953262042883,0
flashbots-c20,950,10000,20.79889184675775,-20.796847233837823,20.796847233837823,0.0020446129199278573,73574.80831432725,150.41570520495551,0.9979597796113159,5931,481,36041.13378912247,-0.0019609070448368014,0.07296143310285245,99.80390929551632,10019.350577117464,98.44005129273961,0
flashbots-c20,951,10000,51.807066174231494,-51.76027357779295,51.76027357779295,0.046792596438542944,149988.6389533926,1912.801771285521,0.987407612711505,8658,920,81240.7433061273,0.00262848211943691,0.11190660300359553,100.26284821194369,9928.660734913283,148.9629282748829,0
flashbots-c20,952,10000,64.65571363789469,-64.65617242528901,64.65617242528901,-0.00045878739432225757,189822.18437881785,320.4169672021407,0.9983148596635687,11821,1239,101067.97806413121,0.001253414213249755,0.08653640513936736,100.12534142132498,9986.200070481345,98.64640832164508,0
flashbots-c20,953,10000,44.187711902887266,-44.177712717031596,44.177712717031596,0.009999185855669168,155772.90249725967,3635.165261150422,0.9771958514254142,10534,989,77117.5309044741,0.0016941780745780477,0.07714205379700673,100.1694178074578,9978.620538445188,119.56303624451994,0
flashbots-c20,954,10000,44.83856541860088,-44.82587835789338,44.82587835789338,0.012687060707499143,123687.55199456139,3117.08057873763,0.975418243675476,8336,942,67001.04528217093,-0.0028377022123137864,0.06114210607810861,99.71622977876862,10035.771262992997,73.36659174298256,0
flashbots-c20,955,10000,77.92303013897669,-77.9343039552417,77.9343039552417,-0.011273816265017444,160595.05499063828,3940.150661417139,0.9760528414219786,9022,1269,93797.68110277376,0.00014602181456197628,0.087482358636139,100.0146021814562,9978.306125555753,44.53245722914996,0
flashbots-c20,956,10000,173.2530439126228,-173.26076784968095,173.26076784968095,-0.007723937058159436,314152.11076143367,2889.5873669612115,0.9908857813214493,11850,1850,196936.5453273497,-0.002316536079539304,0.1814701997132782,99.76834639204607,10023.253515042634,107.41825791751016,0
flashbots-c20,957,10000,89.02303779372326,-89.00786114612318,89.00786114612318,0.015176647600085857,186091.74346133563,3453.206838226693,0.9817815941138545,11182,1316,104676.231383905,-0.0010833173202796332,0.18992647769279472,99.89166826797204,9999.393497998271,79.42004567793134,0
flashbots-c20,958,10000,69.0737440415322,-69.07205689618368,69.07205689618368,0.0016871453485123311,144181.08023907628,2072.954110850698,0.9858263457820866,6482,988,89123.26300846232,-0.005237952320462967,0.13390054020938863,99.4762047679537,10057.695488716749,103.19117791931505,0
flashbots-c20,959,10000,63.88627398674042,-63.895769860486915,63.895769860486915,-0.009495873746494965,167031.3342925592,2738.3894050055574,0.983869977841963,10387,1165,92007.06588989047,0.0019724077629440727,0.06707331516927355,100.19724077629441,9951.96913263474,63.97954373227681,0
flashbots-c20,960,10000,66.5738031795578,-66.5593856977236,66.5593856977236,0.014417481834200885,184190.5898811099,2683.2660921207225,0.9856412975579361,10044,1201,104470.29230321647,-0.00581745379357983,0.06638406363537584,99.41825462064202,10034.797234724587,80.69917607259077,0
flashbots-c20,961,10000,11.370288662934941,-11.36525576494072,11.36525576494072,0.0050328979942211305,63280.68674259934,1755.8653377451951,0.9730018692323044,5162,405,29194.569962525748,0.0012017113770076548,0.03259110084029444,100.12017113770077,9998.807192273243,108.08405333850828,0
flashbots-c20,962,10000,45.81569893415371,-45.80544332752497,45.80544332752497,0.010255606628739145,160416.17356041737,1288.5301610524189,0.9920315851586367,10191,1009,82008.26193291848,0.004316854835054898,0.07370393946779714,100.43168548350549,9951.113362287848,113.53587072471963,0
flashbots-c20,963,10000,86.64184488354762,-86.63851461606343,86.63851461606343,0.0033302674841877433,180523.2919687708,4481.6995756039105,0.9757752505043684,10231,1354,104238.73288059085,0.001142840830161873,0.10693224134474008,100.11428408301619,10014.020842269032,87.66726353746705,0
flashbots-c20,964,10000,52.33206041241432,-52.358258136540414,52.358258136540414,-0.026197724126092226,158280.6916973177,2416.076347205609,0.9849649972640632,9721,1061,85640.91929270106,0.0025940933556870506,0.09202044449451066,100.2594093355687,9996.537973206146,61.096299341296785,0
flashbots-c20,965,10000,39.28907231091181,-39.28820200360377,39.28820200360377,0.0008703073080411627,142861.77185548557,26.791759793336382,0.999812498921429,9127,958,73882.46090069629,0.0011403160730881724,0.05721146829146704,100.11403160730882,9988.132377110682,100.07319535446113,0
flashbots-c20,966,10000,76.91934368167273,-76.90920801979294,76.90920801979294,0.01013566187978654,189626.68921725103,1260.9484757101081,0.9933942894838569,9135,1277,112807.52282071882,-0.0028578911516459016,0.07999533338919562,99.71421088483541,10034.317407896699,103.84998603647017,0
flashbots-c20,967,10000,96.74997917217672,-96.80163720867392,96.80163720867392,-0.051658036497201465,153729.48661001684,1683.211323460453,0.9891694092835264,5718,1161,102961.67312342576,0.0000025623949741770955,0.1336618487746496,100.00025623949742,10016.816757777153,83.88825720589213,0
flashbots-c20,968,10000,139.33101626023574,-139.36512787305574,139.36512787305574,-0.03411161281999853,236748.16811231853,3763.576750192651,0.9843517964066824,8818,1632,154552.60606251252,-0.0011373273706698228,0.1468161979975572,99.88626726293302,10003.53980946159,92.76347330671241,0
flashbots-c20,969,10000,116.65456523744363,-116.63728576270456,116.63728576270456,0.017279474739069656,179134.07446116084,3195.4371505858894,0.9824743832068706,8304,1513,114622.87938046246,0.0006799475332923067,0.1954912356753168,100.06799475332923,10031.390078356724,62.133199381701424,0
flashbots-c20,970,10000,58.779785067486564,-58.77009261444241,58.77009261444241,0.009692453044152671,194918.8765125953,2879.7380174980062,0.9854410607256306,7573,1100,118368.52013431463,-0.0012211647916861067,0.05580710392360757,99.87788352083139,10042.09157253611,181.17236352138633,0
flashbots-c20,971,10000,87.9132240880254,-87.91428491264404,87.91428491264404,-0.00106082461863366,182298.7931499621,1736.0558950277914,0.9905667002524974,7794,1215,113149.7612322364,0.0039591941203035216,0.12352568866212721,100.39591941203035,9949.96503079927,108.39538477256826,0
flashbots-c20,972,10000,30.203617296735402,-30.19699347337494,30.19699347337494,0.006623823360463632,83881.37446679702,1712.8151818168249,0.9799891185505889,4447,551,45821.84324848461,-0.005271935845936184,0.08751637450201415,99.47280641540638,10059.193348175451,110.90080125537601,0
flashbots-c20,973,10000,88.63461325373757,-88.61456905239864,88.61456905239864,0.020044201338933476,229762.0197288284,3766.1737307638323,0.9838727235672489,11665,1480,131656.3356082143,-0.0005488450033361402,0.09012178791708593,99.94511549966639,10016.961050227334,153.51238374577542,0
flashbots-c20,974,10000,26.570898568177082,-26.581599844298665,26.581599844298665,-0.010701276121583447,100773.87561857136,2172.9280462881125,0.9788927099343266,6680,614,51279.105716094986,0.0021677643785032786,0.048336248092676615,100.21677643785033,9974.940457386801,117.57216251344016,0
flashbots-c20,975,10000,73.38939678936615,-73.42575008153584,73.42575008153584,-0.03635329216969296,117685.69904430388,1410.9332902908811,0.9881530378934061,4472,892,79829.29105984348,0.000004731423098718324,0.09168628387397931,100.00047314230987,9983.325819116048,64.16033880879931,0
flashbots-c20,976,10000,35.52348471577167,-35.52382002983813,35.52382002983813,-0.000335314066454373,106977.82799717835,224.38010256025674,0.9979069451409853,6375,727,60462.25947379852,-0.00000221256305835027,0.05567123516868037,99.99977874369416,9999.323243135146,102.75298993868925,0
flashbots-c20,977,10000,58.40401915781639,-58.38793000145855,58.38793000145855,0.016089156357843137,137231.08223621477,1941.3784971831835,0.9860505556418799,6939,949,81032.75932477911,0.004118206030739202,0.1376535289427504,100.41182060307392,9957.488757480543,91.86459830000013,0
flashbots-c20,978,10000,66.17428726038597,-66.13266212206506,66.13266212206506,0.04162513832091008,112674.20442769484,3125.4612906832945,0.9730097555006391,9046,1150,63295.56372160574,-0.010235704723822608,0.21987394596850207,98.97642952761774,10036.710376716344,23.8162423587413,0
flashbots-c20,979,10000,80.54289684403255,-80.59318313875727,80.59318313875727,-0.0502862947247138,189122.6946137871,2631.2501509873864,0.9862779868533336,8885,1270,114574.08915290872,0.000045735619246158876,0.08118460372612844,100.00457356192462,10007.126342511301,126.11982565019574,0
flashbots-c20,980,10000,42.20156540855899,-42.20768950737778,42.20768950737778,-0.0061240988187876155,125778.42927263517,2816.242487230456,0.9780998508827066,9566,753,60614.64286549258,-0.004150812005714073,0.13009446774706007,99.58491879942859,10040.076589559963,113.32141015727349,0
flashbots-c20,981,10000,66.34772302654557,-66.3526598469546,66.3526598469546,-0.004936820409028542,179412.85443964493,2438.2836161680534,0.986591870459344,8679,1195,103840.2838228141,0.0000025062876778747522,0.09726443195852141,100.00025062876779,9982.65744404849,133.91110719652707,0
flashbots-c20,982,10000,70.27903850882029,-70.27635620409991,70.27635620409991,0.0026823047203805572,196890.9859568522,2633.423415398857,0.9868014975025652,10111,1186,110511.91856114539,-0.000010735876130922861,0.10605234980644256,99.99892641238691,9979.756766887022,137.53453606259666,0
flashbots-c20,983,10000,115.47102042545463,-115.37145158413986,115.37145158413986,0.09956884131476329,199609.14169781393,2496.277118162665,0.9876486383552358,8136,1457,128994.18138952802,0.016805572655380276,0.1632738700442134,101.68055726553803,9858.229572248885,82.94149992009324,0
flashbots-c20,984,10000,97.77118561367948,-97.79106478934027,97.79106478934027,-0.019879175660790338,217486.3359800462,1947.5116552590227,0.9911248347679901,8031,1349,138862.09776160435,0.0003221332423922263,0.08416830188100705,100.03221332423922,9990.137032108854,132.2300375431944,0
flashbots-c20,985,10000,73.13118311146816,-73.13301597517601,73.13301597517601,-0.0018328637078468546,204778.04203311604,1921.9450137666315,0.9907017651949309,10569,1335,117152.19501190678,0.0002237019939741458,0.05867337300932349,100.02237019939741,10000.577262343913,108.3868371185161,0
flashbots-c20,986,10000,88.22972697874947,-88.2175125234953,88.2175125234953,0.012214455254166978,194932.21557470312,662.2117332263495,0.9966143629839525,8764,1307,119524.64606534863,0.004351465671620503,0.08251574025463754,100.43514656716205,9954.766893187292,105.05371503082581,0
flashbots-c20,987,10000,82.53006846704181,-82.52123134169784,82.52123134169784,0.008837125343973184,145164.60759745023,1915.3151343985294,0.9869777254514169,5605,986,94411.90497553612,0.007753500557432034,0.15137916240862068,100.7753500557432,9932.969302857713,94.71457169401732,0
flashbots-c20,988,10000,109.56548538665517,-109.538541265165,109.538541265165,0.026944121490174666,253730.87911701045,2078.7527489681406,0.9918738292463624,11753,1663,152201.00285656084,0.006739742279996932,0.10858238066709135,100.6739742279997,9928.101379225485,95.34830776808288,0
flashbots-c20,989,10000,112.08117294431383,-112.07146478321067,112.07146478321067,0.009708161103162638,192673.98118081578,4351.5885429806285,0.9779135847743976,8374,1284,118426.26698599797,0.004303092336666908,0.18665729031742928,100.43030923366669,9961.716226302055,87.92640818545736,0
flashbots-c20,990,10000,67.26296078674552,-67.20948727717669,67.20948727717669,0.0534735095688319,120067.43379580049,2010.6961122259809,0.983529432227207,6073,903,73631.90876541795,-0.005302649075608912,0.13620869091696078,99.46973509243911,10025.758968523667,63.800433732442364,0
flashbots-c20,991,10000,118.591998769413,-118.6280458746884,118.6280458746884,-0.03604710527540078,277134.2506021349,3624.34250121356,0.9870908937776326,10256,1634,172637.636327747,-0.0019999051181611095,0.12401006560904847,99.80000948818389,10034.677792914386,131.43011031994297,0
flashbots-c20,992,10000,109.0587869618559,-109.03335145443899,109.03335145443899,0.02543550741691547,246182.4997263539,4679.037095113784,0.9813481287151496,10830,1611,147065.39923986665,0.0002923797750057133,0.09720841347202808,100.02923797750057,10002.111249621754,105.72201433928285,0
flashbots-c20,993,10000,57.57577475372594,-57.550988704935484,57.550988704935484,0.024786048790453208,107579.01706394315,1880.156700231503,0.9828232149432973,4368,841,71332.46805126403,-0.006658330615238696,0.07903671809531886,99.33416693847613,10041.534417937353,64.12596545006191,0
flashbots-c20,994,10000,114.89211034102223,-114.89539313228573,114.89539313228573,-0.0032827912635013945,244531.5155160755,4310.444744612761,0.9826779826838805,10243,1636,152562.1170916112,0.00014626733795694235,0.10174718654729303,100.0146267337957,9992.979455935285,104.93080575184041,0
flashbots-c20,995,10000,199.3110321300591,-199.44078307061704,199.44078307061704,-0.12975094055795466,293068.92694435344,3338.510185403808,0.988736752971747,10961,2026,191480.09001703086,-0.0048749214300498524,0.127254777336003,99.51250785699501,9957.367109623425,75.38367126263556,0
flashbots-c20,996,10000,169.62018223298128,-169.78739082180493,169.78739082180493,-0.1672085888236552,203518.24739733056,3885.6067437713878,0.9812655036722321,7690,1537,138037.02784984952,-0.007860679686788217,0.2186777246563396,99.21393203132118,10044.61391044997,87.21507112732313,0
flashbots-c20,997,10000,41.74891860616752,-41.74356161252559,41.74356161252559,0.005356993641932206,116109.12783501852,2939.0427917395023,0.9753121549347109,7226,790,64313.08746738533,-0.0015946438410409769,0.07758102173136577,99.8405356158959,10031.64624389769,107.08728473357351,0
flashbots-c20,998,10000,124.16919179270505,-124.15896864456333,124.15896864456333,0.010223148141719207,248390.874928126,3703.866169820327,0.98530764206469,9708,1651,158740.21781028263,-0.0000015434247892187614,0.09873878977299029,99.99984565752108,10005.317944158847,96.25685765340556,0
flashbots-c20,999,10000,71.67600333413736,-71.68502314303609,71.68502314303609,-0.009019808898727888,132355.36999550828,1099.6789095305335,0.9917599302645116,5306,937,84968.08404986424,-0.0013707922612421443,0.10453563283626466,99.86292077387579,10013.168558851503,90.08787327790438,0
dodo-k20000000000000000,0,10000,30.475292759755092,-30.47481143149315,30.47481143149315,0.0004813282619409165,154656.26262295753,1477.4190799093553,0.990537473632877,6665,668,82886.56702459263,0.0011712747605574236,0.07948983377328148,100.11712747605574,9986.300894332291,88.19719749066152,0
dodo-k20000000000000000,1,10000,8.84773963198411,-8.836958746325223,8.836958746325223,0.01078088565888713,57181.07137235258,1113.771480843515,0.9808941678829408,3963,237,25018.621334014195,-0.0000621487623797634,0.11815881901344312,99.99378512376202,9976.799100536678,51.02014315808477,0
dodo-k20000000000000000,2,10000,15.47482492472171,-15.472270426720726,15.472270426720726,0.0025544980009843954,123879.44594609774,959.4215946817101,0.9923147204586079,7591,500,54404.73392043225,-0.0025979602399108614,0.06494165671429357,99.74020397600891,10020.51647533729,92.60684722629529,0
dodo-k20000000000000000,3,10000,10.51541316749174,-10.511204615892353,10.511204615892353,0.004208551599386823,80658.34673107,1302.4494723121074,0.9841088723799104,5741,323,33983.267101227684,-0.004882517178761532,0.0874295395048584,99.51174828212385,10025.90069009376,95.23520454777344,0
dodo-k20000000000000000,4,10000,20.56729151874889,-20.560847525222144,20.560847525222144,0.006443993526744407,101567.29955762914,716.9873067402665,0.9929902497370784,4390,463,56569.199587144474,0.005055150019721566,0.08775067973038944,100.50551500197216,9949.399569924126,99.79690512669549,0
dodo-k20000000000000000,5,10000,22.637250389126027,-22.632126810523047,22.632126810523047,0.005123578602979961,144427.4059112234,1916.4910820260982,0.9869041953822338,8628,605,67306.26834640477,0.00019034449694061095,0.08300330898475153,100.01903444969406,9990.40081097184,89.6630303027163,0
dodo-k20000000000000000,6,10000,13.7485165667593,-13.74470057412843,13.74470057412843,0.0038159926308694025,127997.72468327101,1702.2994654591864,0.9868751029413293,9031,509,53193.52963206206,-0.0034953548439634117,0.051202041113675566,99.65046451560366,10042.473519682853,112.87745809577848,0
dodo-k20000000000000000,7,10000,34.94058173346662,-34.94034719979338,34.94034719979338,0.00023453367324322016,156949.45297671974,24.79006013713629,0.9998420756191746,5837,680,88846.52633510828,-0.00012188813720527492,0.08915527706546271,99.98781118627947,10001.057129589335,99.57023518258744,0
dodo-k20000000000000000,8,10000,74.35493032821282,-74.36540346549339,74.36540346549339,-0.0104731372805702,277736.88208275416,2301.0883547629196,0.9917829416090689,9794,1157,156103.35671514616,-0.0003360435250027649,0.18926852064601377,99.96639564749972,9993.942152086947,118.34002263650147,0
dodo-k20000000000000000,9,10000,36.52709605905859,-36.476551560314,36.476551560314,0.05054449874459266,203055.66253348658,2091.493999354202,0.9898049086582422,9196,836,101569.02882793006,-0.008357762801244917,0.08497992568481606,99.16422371987551,10014.26443420907,153.7840946317001,0
dodo-k20000000000000000,10,10000,27.385988300728705,-27.385353485300456,27.385353485300456,0.0006348154282491691,154866.676867085,369.1919701040228,0.9976217354090294,7563,685,80042.63286701975,-0.00028276325006416415,0.10922124359033206,99.97172367499358,10003.744435533361,101.48687291166948,0
dodo-k20000000000000000,11,10000,30.383836965688378,-30.38941473485025,30.38941473485025,-0.005577769161870805,145048.93710782265,1643.6004445717736,0.9887956097017905,6164,599,76199.17055092244,0.006629473044164911,0.12405412197129635,100.66294730441649,9923.962819043705,95.23554058680836,0
dodo-k20000000000000000,12,10000,70.11146609930108,-70.10540297494387,70.10540297494387,0.006063124357211791,302308.4653171874,480.1491642878667,0.998414243002135,11704,1217,160281.88012369897,-0.003906841499812828,0.145718165346467,99.60931585001872,10036.735289294076,101.37104955938125,0
dodo-k20000000000000000,13,10000,58.846402063771194,-58.851886855525834,58.851886855525834,-0.005484791754639673,285225.7479453812,1933.2982510031738,0.9932675000958143,10557,1229,161070.59568331548,0.000975170359164963,0.08758681183928346,100.0975170359165,9991.487042494951,100.44654210855664,0
dodo-k20000000000000000,14,10000,31.051998218905076,-31.08361365618577,31.08361365618577,-0.03161543728069205,132341.15864955093,2151.731571692422,0.984001150037353,6612,612,68721.29596807742,0.010647057866026443,0.12753979734593784,101.06470578660264,9991.71049627194,62.80895993167865,0
dodo-k20000000000000000,15,10000,42.592347958401675,-42.57607012109864,42.57607012109864,0.016277837303036335,202925.90278071075,2812.9195706059722,0.9863277161866774,7346,881,113249.93557693409,-0.006952734949687453,0.08456548825622534,99.30472650503125,10071.922009236607,92.84026173414608,0
dodo-k20000000000000000,16,10000,135.1224030135238,-135.0138774687308,135.0138774687308,0.1085255447929967,254364.91733784205,2375.384062055822,0.9907479112196105,9489,1120,142463.8350074281,0.006520218512443563,0.47231706092449977,100.65202185124436,9948.69856745499,33.40793782367383,0
dodo-k20000000000000000,17,10000,12.961707162982549,-12.967920276182554,12.967920276182554,-0.006213113200004727,120125.57772757267,1659.1898506265322,0.9863760478127025,8716,448,48202.9622027153,-0.0005239684195484528,0.05006370529689505,99.94760315804515,10021.771160026125,139.045628647001,0
dodo-k20000000000000000,18,10000,57.06707876857226,-57.07121273414555,57.07121273414555,-0.0041339655732883784,273797.44646750647,956.9131334824731,0.9965172049139743,10351,1166,151242.11500032365,0.00007016147796008454,0.08804454145989311,100.00701614779601,9998.851398133993,93.76140412178559,0
dodo-k20000000000000000,19,10000,17.095009655403295,-17.085216436714532,17.085216436714532,0.009793218688763261,132869.42701363435,2833.05760164675,0.9791230233574683,10227,450,51068.76618203066,0.003109535180900593,0.08294493032390804,100.31095351809006,9971.375451150678,112.35294496405139,0
dodo-k20000000000000000,20,10000,35.45040454347639,-35.46771354457255,35.46771354457255,-0.017309001096158738,183035.27390025393,3401.509806904293,0.9817551572212962,8186,796,94808.86465182975,-0.000532784367135406,0.1332969929302247,99.94672156328646,10036.495701013955,96.08783510341532,0
dodo-k20000000000000000,21,10000,58.94450117999361,-58.82860267376449,58.82860267376449,0.11589850622911513,239576.2331834869,1982.3672213892485,0.991793431415538,9002,1046,133435.32227991545,0.0017411211149108397,0.18012300527640973,100.17411211149108,9980.09262213389,66.664639588171,0
dodo-k20000000000000000,22,10000,43.35313406199727,-43.68845145378223,43.68845145378223,-0.33531739178496167,148847.2051759544,2114.389004325307,0.9859938614466386,7409,581,72104.07881666218,0.0011311671785524879,0.18403988971735516,100.11311671785525,10013.540450197406,57.98358028671422,0
dodo-k20000000000000000,23,10000,36.410345157662796,-36.43328532730362,36.43328532730362,-0.022940169640826014,200819.6624250593,1380.6337040674282,0.9931719501380663,7868,768,106320.7873203623,-0.0044404085264426385,0.06990237593241871,99.55595914735574,10043.111730712983,163.8063401131231,0
dodo-k20000000000000000,24,10000,25.800554497012612,-25.805685768971173,25.805685768971173,-0.005131271958561001,207021.89511758013,2760.516711995273,0.9868410478842341,10720,745,94049.39052346801,0.0010565577331843202,0.04843696180797579,100.10565577331843,9979.684403964728,179.83882562108087,0
dodo-k20000000000000000,25,10000,31.550240963241542,-31.583389277247186,31.583389277247186,-0.03314831400564344,180681.82194182853,2403.9380243712935,0.9868698798594981,8835,789,91476.05251032136,0.0004380692412485132,0.09474572758757774,100.04380692412485,10019.768642779996,91.09577641654727,0
dodo-k20000000000000000,26,10000,28.014271310572372,-28.0328235939569,28.0328235939569,-0.01855228338452619,175299.74578474794,1560.358599181627,0.9911774416021242,10206,807,83409.46813510096,-0.006784272979412265,0.07837151505132325,99.32157270205877,10047.177922582978,48.704627688688795,0
dodo-k20000000000000000,27,10000,14.37445669100533,-14.384623175283231,14.384623175283231,-0.010166484277901233,96243.04470036001,1495.8645316979892,0.984695301559521,4915,411,46789.48235849662,0.003961132223625583,0.06404019355146559,100.39611322236256,9965.573221770966,84.40924722637783,0
dodo-k20000000000000000,28,10000,11.506126793825278,-11.51209823010862,11.51209823010862,-0.005971436283342513,104768.25939829748,1372.453415327194,0.9870694912541512,4830,381,47837.710919129335,-0.0005061605657935786,0.037116217894879074,99.94938394342064,10022.455349099777,205.51212060341794,0
dodo-k20000000000000000,29,10000,39.69649846005636,-39.688578406205366,39.688578406205366,0.007920053850995146,176753.38737271377,1621.1675620903814,0.9909114415860327,7889,770,93716.11252400595,0.003643061885131118,0.1175469553662522,100.36430618851311,9961.836069493465,86.58439095986556,0
dodo-k20000000000000000,30,10000,18.814509665922518,-18.826971595356042,18.826971595356042,-0.012461929433523977,129885.64731808394,1920.3997953005296,0.9854301085772754,7197,594,61823.739196852584,0.007831089134373456,0.12923853420907264,100.78310891343735,9977.135846404652,52.14392420479111,0
dodo-k20000000000000000,31,10000,45.06266117699219,-45.08344718689878,45.08344718689878,-0.02078600990659396,225272.7193099955,3731.9486103317113,0.9837036133620206,10276,975,117216.9961292187,0.0022534474228977784,0.1082268667202912,100.22534474228978,9971.47719136331,110.67588266666739,0
dodo-k20000000000000000,32,10000,14.948486832362272,-14.941820043297028,14.941820043297028,0.006666789065244316,123823.4171716932,2029.634442817986,0.9838729818881565,7806,489,56117.15309512845,-0.006513653858480097,0.06896558988398226,99.34863461415199,10110.282327084165,150.5462407016785,0
dodo-k20000000000000000,33,10000,19.551543940804955,-19.56034627143132,19.56034627143132,-0.008802330626366484,114929.94251425387,2310.6385979175852,0.980291477780148,7490,523,53358.43382218276,0.004863412646540439,0.1263165283884375,100.48634126465404,9975.113992152372,65.08150843612081,0
dodo-k20000000000000000,34,10000,27.850500729421412,-27.854623462175553,27.854623462175553,-0.004122732754140657,175203.5488880162,1979.0165186020524,0.9888306362758639,8731,737,86711.16726493549,0.0008344123141147008,0.07444889547474062,100.08344123141147,9991.977240743508,101.14182694135982,0
dodo-k20000000000000000,35,10000,27.35627742569205,-27.43580309739776,27.43580309739776,-0.07952567170571001,157150.66116204739,2709.8794725498587,0.9830484779934281,11408,645,66104.67550879363,-0.004276406108603794,0.1849334921094851,99.57235938913962,10047.81586629871,48.53289564999783,0
dodo-k20000000000000000,36,10000,30.68776447012604,-30.68567554879749,30.68567554879749,0.0020889213285499864,213430.68105626188,2180.790849711066,0.9898855527934891,11657,873,100515.73628851028,-0.0035273788919668904,0.06607923090229306,99.64726211080331,10038.23978478161,93.57010798548743,0
dodo-k20000000000000000,37,10000,15.399405206308352,-15.373447689042294,15.373447689042294,0.02595751726605755,102479.48835098137,1960.6797612197802,0.9812267655571618,5709,424,49153.2367920828,0.0021612483784332424,0.06477570289565918,100.21612483784332,9953.030882431714,120.57881934574904,0
dodo-k20000000000000000,38,10000,15.136540429880158,-15.141500871991902,15.141500871991902,-0.004960442111743291,87880.1483787673,866.8927713733667,0.9902318684641352,4312,404,44724.20904193438,-0.0029612708978673653,0.08388807506836826,99.70387291021326,10022.909933804602,71.98237568592819,0
dodo-k20000000000000000,39,10000,25.41094280957998,-25.412238468975907,25.412238468975907,-0.0012956593959287943,161261.71560392925,1871.6434315801398,0.9885269117080294,8854,715,77579.76396101684,0.0027070073177371512,0.08939546135624908,100.27070073177372,9991.01059510297,63.832420655588194,0
dodo-k20000000000000000,40,10000,27.48430312518167,-27.485411099443795,27.485411099443795,-0.0011079742621262767,133243.85749345808,1780.2374718956082,0.9868154089656931,5744,574,71510.79168988796,-0.0011704660087816876,0.13865700516848065,99.88295339912183,10010.05885918248,103.824823994845,0
dodo-k20000000000000000,41,10000,29.149387577757945,-29.179983964226906,29.179983964226906,-0.0305963864689609,224819.97806255866,3962.487788418738,0.982680107176571,11112,877,106696.91285257596,0.0025276268455647257,0.04565294862664573,100.25276268455647,10023.99046621055,123.15711283826744,0
dodo-k20000000000000000,42,10000,33.98867476714749,-33.97068293024587,33.97068293024587,0.017991836901614988,144248.38198610191,1405.1057496527553,0.990353092318655,5984,631,78806.84494052113,0.0031355613861143183,0.20939760607179153,100.31355613861143,9944.184811133406,131.86361333046014,0
dodo-k20000000000000000,43,10000,65.53457960436577,-65.51688096634248,65.51688096634248,0.017698638023290414,265906.46962351544,2346.0898271417027,0.9912541754235404,9450,1126,152667.32600782803,0.006483279347391573,0.10760202954520182,100.64832793473916,9946.96219437176,104.65399671555824,0
dodo-k20000000000000000,44,10000,19.015392347381805,-19.007820226946222,19.007820226946222,0.007572120435582974,108467.71546612406,1121.8654327424235,0.9897630283504987,4198,480,59027.75814626636,-0.0030872446301272306,0.06162016074065249,99.69127553698728,10044.752948088142,202.93007228776162,0
dodo-k20000000000000000,45,10000,31.899015077973186,-31.893360793158465,31.893360793158465,0.005654284814720967,206108.27376582293,746.4994001805529,0.9963911908400515,11021,859,98144.20177230104,0.0018789051329341077,0.10679651789318172,100.18789051329341,9981.527253622475,102.2127090536692,0
dodo-k20000000000000000,46,10000,65.52851854034333,-65.5039009870123,65.5039009870123,0.024617553331026443,294431.6345165648,1843.9831537528694,0.9937761224894154,11121,1255,162232.38318444707,-0.0007002491254436905,0.16125784944441152,99.92997508745563,9999.261584759335,102.77217781739873,0
dodo-k20000000000000000,47,10000,65.86835648226173,-65.88562359080048,65.88562359080048,-0.017267108538746356,235372.61190603048,1947.2669961949584,0.9917947581753266,8362,1064,139340.08866944417,0.000687237056369554,0.17842783145608776,100.06872370563696,10001.985071606325,79.6674381363814,0
dodo-k20000000000000000,48,10000,29.22827280449102,-29.210722549350848,29.210722549350848,0.017550255140172055,140583.2213942278,1628.0998053769952,0.988551545744436,6486,646,75211.61465092693,-0.0016223077973576494,0.13935094550917143,99.83776922026424,10005.313999434651,70.09697829734397,0
dodo-k20000000000000000,49,10000,20.52020883402824,-20.51409647468607,20.51409647468607,0.006112359342168361,163628.85731727863,3251.0014550673586,0.9805189105564721,10741,629,69488.44727505215,0.002025925369118511,0.07538353566587716,100.20259253691185,9971.034788250221,126.28308410483056,0
dodo-k20000000000000000,50,10000,34.0867940716125,-34.011243787880275,34.011243787880275,0.07555028373222683,122210.11142283176,1103.554062866009,0.9910508372407922,4322,528,69151.33010713302,-0.006253579432213456,0.2004045107613183,99.37464205677865,10051.98992587978,97.35866611043825,0
dodo-k20000000000000000,51,10000,27.083354375816235,-27.07260053067273,27.07260053067273,0.010753845143504748,144855.9144100648,1763.1812683110425,0.9879744090621131,5863,595,77317.78898836544,0.00208642784823752,0.05720077450700089,100.20864278482375,9978.038330057983,117.11257224741712,0
dodo-k20000000000000000,52,10000,23.342901845644036,-23.35744182530469,23.35744182530469,-0.014539979660654012,139003.32873222738,1307.876587566892,0.9906787445479781,6010,588,73073.53083684671,0.0012380450365262164,0.062383608329976144,100.12380450365262,10015.806495297576,125.65909739566708,0
dodo-k20000000000000000,53,10000,34.47213813999565,-34.48091304584748,34.48091304584748,-0.008774905851829828,134103.96856274342,1758.1701307760277,0.9870591605013509,6336,634,70328.18845450276,0.005726383894799909,0.17395936021218858,100.57263838947999,9966.466149356684,41.85639581894704,0
dodo-k20000000000000000,54,10000,12.069771169858086,-12.042653041900756,12.042653041900756,0.02711812795732982,75361.11544404268,1201.7211655556653,0.984304119090005,5495,342,34784.236555890275,-0.007188729764694557,0.12597230401258813,99.28112702353054,10031.164381249406,50.51369382026857,0
dodo-k20000000000000000,55,10000,63.18557086135037,-63.20831790773565,63.20831790773565,-0.022747046385276803,245856.8130464153,3280.1891834397693,0.9868337936393188,10545,1116,130451.02025854039,-0.0005959153165692044,0.20044912835806117,99.94040846834308,10026.383817912492,60.546112460192404,0
dodo-k20000000000000000,56,10000,17.72407638959958,-17.718549856262285,17.718549856262285,0.0055265333372958025,105054.91955586094,1583.8139284700892,0.9851478550361552,5163,419,51225.47473392401,-0.001834173981774967,0.07780002602308897,99.8165826018225,9999.155476575848,146.04832612510074,0
dodo-k20000000000000000,57,10000,24.460844262872754,-24.467779236817563,24.467779236817563,-0.006934973944808576,159164.5090331815,1863.4375610255925,0.9884278623652734,8908,678,74306.9066579465,0.004743217785471359,0.08476479812397457,100.47432177854714,9999.724090216889,77.67038526056504,0
dodo-k20000000000000000,58,10000,51.78481813388791,-51.828640896335294,51.828640896335294,-0.04382276244738392,212377.28271704854,3022.1779478120593,0.9859694265784896,7830,1013,121995.34874936183,0.0007383306278282475,0.13948060409099297,100.07383306278282,10019.579571794651,72.28276224227757,0
dodo-k20000000000000000,59,10000,34.12891884565779,-34.12955463804916,34.12955463804916,-0.0006357923913640207,158562.94723515568,312.75561851426744,0.9980314446268582,5917,691,88609.59037569,0.0016972575660624046,0.10572702818242603,100.16972575660624,9984.267147432385,97.70721160064947,0
dodo-k20000000000000000,60,10000,18.548954476716837,-18.58038814819934,18.58038814819934,-0.0314336714825032,156757.11119842634,3147.415145176373,0.9803169102392185,11034,605,63900.12593051399,0.00040610588027377046,0.07786540614962448,100.04061058802738,10007.477981745173,92.56558696223887,0
dodo-k20000000000000000,61,10000,15.072982149382243,-15.067316523049556,15.067316523049556,0.005665626332687523,110182.18243959588,1395.8526189964925,0.9874898978256473,6228,463,51918.263268789466,0.003665874943204841,0.0748794889687649,100.36658749432048,9959.07875081784,103.92595555353815,0
dodo-k20000000000000000,62,10000,14.417995739876392,-14.410730477915209,14.410730477915209,0.007265261961183711,108895.87087457081,1543.6980100817125,0.9860222379924897,6540,413,47590.313889645935,-0.0008509754241731571,0.0845109421984978,99.91490245758268,10002.593225034527,137.42372466016568,0
dodo-k20000000000000000,63,10000,53.78544173830284,-53.77990112007811,53.77990112007811,0.005540618224735283,274605.76517564076,1940.5289364823705,0.9929829870159258,11422,1091,140796.7952641078,-0.00023912436116802383,0.09949306167588773,99.9760875638832,9997.388980864098,98.96920325179053,0
dodo-k20000000000000000,64,10000,51.37904429005818,-51.40913356935183,51.40913356935183,-0.03008927929364802,211516.4927010543,2947.214610011213,0.9862577466044804,9123,933,113343.18521144468,0.0026790137053889396,0.19386513966005453,100.2679013705389,10029.962498623538,74.15403615226887,0
dodo-k20000000000000000,65,10000,6.419308438937614,-6.419450791797203,6.419450791797203,-0.00014235285958896782,53399.0193765383,314.34380441604816,0.9941477541937365,4302,209,21367.91846393135,0.0008114434977650831,0.07283625897028358,100.08114434977651,9992.94152904028,102.73393851923394,0
dodo-k20000000000000000,66,10000,26.275831257714366,-26.236727456038082,26.236727456038082,0.03910380167628347,111577.40773273632,995.6501144498574,0.9911555203927975,4084,518,64781.68523615765,-0.015394411074450005,0.0832010639607455,98.460558892555,10153.359679072399,94.85584061218105,0
dodo-k20000000000000000,67,10000,14.956159353394597,-14.96238751567303,14.96238751567303,-0.006228162278432592,106796.19351797047,1618.603567663671,0.9850702707455591,5901,467,49350.11592708923,0.0048766429130969865,0.05572885540549621,100.4876642913097,9977.187265844934,72.42108641022617,0
dodo-k20000000000000000,68,10000,16.063319706537428,-16.04893326828266,16.04893326828266,0.014386438254767597,138540.79635634777,3008.8271030079663,0.9787436587291812,11310,530,52792.49243472139,0.003426066280128026,0.10799556353200714,100.3426066280128,9952.253929594597,58.40932061697143,0
dodo-k20000000000000000,69,10000,43.83864361188566,-43.72891166880025,43.72891166880025,0.10973194308540712,127019.47085639522,1307.1600355415392,0.9898138053928783,5476,525,69174.5752485343,0.00042487557656755825,0.2616546745507776,100.04248755765676,9958.23362840661,134.91793217780622,0
dodo-k20000000000000000,70,10000,36.904532267149094,-36.919945418945744,36.919945418945744,-0.015413151796650482,151167.96682076354,1059.0240076892524,0.9930431259139668,8034,643,75090.47934118759,0.0019780156465208166,0.24520120469549325,100.19780156465208,9984.108027420669,94.92072900346442,0
dodo-k20000000000000000,71,10000,18.115615914548016,-18.098013853140515,18.098013853140515,0.017602061407501424,126862.78772376532,1841.2994327627014,0.9856935434340688,7732,554,58732.87892956346,0.0008455892195404147,0.07715336426165123,100.08455892195404,9982.535364599044,68.45710391780875,0
dodo-k20000000000000000,72,10000,9.212101273869862,-9.206666414093846,9.206666414093846,0.005434859776016765,83484.1625552204,2087.6667181780763,0.9756033412408648,6627,317,32725.931841779835,-0.0040420831030390045,0.05652389744392849,99.5957916896961,10037.485852542715,96.37060832147118,0
dodo-k20000000000000000,73,10000,6.350170108201786,-6.354874224484043,6.354874224484043,-0.004704116282256976,58501.701014351354,941.4167978657141,0.9841627284618603,4397,240,23886.330133547184,0.003685422073596101,0.05654928710909204,100.36854220735961,9976.32888288503,100.67828776070691,0
dodo-k20000000000000000,74,10000,41.857384513941824,-41.85700952613355,41.85700952613355,0.0003749878082714986,219431.30056990328,2197.1316300593594,0.9900864180274622,9202,948,117344.10175903962,-0.00017233429438860527,0.08839169403595833,99.98276657056114,9998.95701215924,95.90659946873016,0
dodo-k20000000000000000,75,10000,16.83408949627799,-16.810701959808675,16.810701959808675,0.023387536469314796,147099.4248853419,2216.3485590164787,0.9851566347754788,11134,529,58219.79993288103,-0.00035878102121472466,0.052190008023525254,99.96412189787853,9966.56126756278,91.22287163918266,0
dodo-k20000000000000000,76,10000,12.006797627953308,-12.003211563789549,12.003211563789549,0.003586064163759062,82214.31616946874,1086.3291049660743,0.9869589352953131,4418,335,39490.240247392445,0.0024908582177360474,0.04816448417507047,100.2490858217736,9983.421464438907,125.84233488930936,0
dodo-k20000000000000000,77,10000,18.38922800563135,-18.381621878213508,18.381621878213508,0.0076061274178407245,94053.83519988597,1139.0154095308192,0.988034653839664,4286,413,48680.66948786992,0.005322048931176084,0.11169359900898854,100.53220489311761,9948.38821873742,95.62363522688833,0
dodo-k20000000000000000,78,10000,20.57173996475991,-20.59672255759186,20.59672255759186,-0.024982592831950257,131785.41390942506,3547.49049283348,0.9737869329820259,9289,497,55161.92493440122,-0.0021099145765926153,0.12325275617859546,99.78900854234074,10029.170653900792,84.69556416044391,0
dodo-k20000000000000000,79,10000,16.42941933067582,-16.429477502231947,16.429477502231947,-0.00005817155612675151,142556.16954089215,225.10084008683296,0.9984234568057406,11376,525,57044.08223098614,0.0002611855496338933,0.08187273852624401,100.02611855496339,9997.505601159854,102.00281131785363,0
dodo-k20000000000000000,80,10000,12.882262298569096,-12.883823474026158,12.883823474026158,-0.0015611754570628023,90174.94489336263,1626.1432354019073,0.9822862313666587,5073,354,42951.933031594526,0.000030141652719493094,0.0404283807818824,100.00301416527195,9983.888617858574,113.19352804042104,0
dodo-k20000000000000000,81,10000,9.36390243356573,-9.362835308856155,9.362835308856155,0.0010671247095750402,80867.37731414822,2199.073519931758,0.9735263334613361,5470,327,33652.13004686372,-0.0026692488714635944,0.05104307728151554,99.73307511285364,10019.646974223444,74.05978472305385,0
dodo-k20000000000000000,82,10000,28.533729761224887,-28.559365065613264,28.559365065613264,-0.025635304388377023,164272.1187317417,2171.026698003719,0.9869563466107404,7148,638,84659.05042072642,-0.0020339796740982763,0.08105185247385606,99.79660203259017,10060.544465642397,143.70313277411483,0
dodo-k20000000000000000,83,10000,19.069441237875445,-19.07335776917742,19.07335776917742,-0.0039165313019751125,111111.0816008742,2366.304436327047,0.9791473480403284,5568,451,54126.07216543082,-0.0005648368039993557,0.07896733119079528,99.94351631960006,10021.01799088021,91.19295798900148,0
dodo-k20000000000000000,84,10000,33.424483441043684,-33.40622675784074,33.40622675784074,0.01825668320294227,218462.56212533914,3248.476777601673,0.9853481504859857,9731,853,107728.74582742693,-0.004536921871466859,0.07232504694482983,99.54630781285331,10048.660183402242,140.58364303972618,0
dodo-k20000000000000000,85,10000,22.026558250414816,-22.009960157908253,22.009960157908253,0.016598092506562523,138392.45991156966,1831.5556013559526,0.9869383600615323,7347,574,67341.91830116263,0.004506749039746722,0.06447592000159034,100.45067490397467,9929.77395627796,98.12149974691745,0
dodo-k20000000000000000,86,10000,25.185844345054242,-25.187461276080583,25.187461276080583,-0.001616931026340751,155610.66675337986,142.25855679439383,0.9990866395831018,8681,626,73438.567164358,0.0001219743090483405,0.11575935935092659,100.01219743090483,10000.639022574545,99.3576510960261,0
dodo-k20000000000000000,87,10000,73.93062665748889,-73.87892368947999,73.87892368947999,0.05170296800889673,295351.08529361506,2521.773578794104,0.9915340605775893,10754,1288,164194.82672727594,-0.0057890056759546836,0.12577295016763018,99.42109943240453,10027.673847023709,60.98923060627165,0
dodo-k20000000000000000,88,10000,42.83362374123215,-42.8145593305259,42.8145593305259,0.019064410706249646,187376.11445055087,1591.0454989816135,0.9915803068670422,7262,821,104419.29473158294,0.0129999719244951,0.11473438881170665,101.29999719244951,9879.496336710534,144.27266168576583,0
dodo-k20000000000000000,89,10000,8.304108160060663,-8.304348688625232,8.304348688625232,-0.0002405285645696864,81172.1966609755,2331.9065710579957,0.9720743474775329,5903,336,32894.04219648077,0.0002241916759598439,0.03961246808598361,100.02241916759598,9999.270588118361,82.74322143651109,0
dodo-k20000000000000000,90,10000,80.41764271013517,-80.41538836387828,80.41538836387828,0.0022543462568904715,316178.5875309946,1754.369276020548,0.9944819521271415,11275,1310,175997.40683479203,0.0008295729641515947,0.14560662605918778,100.08295729641516,9992.26320501327,89.13127481907044,0
dodo-k20000000000000000,91,10000,9.499844146357951,-9.510111018358494,9.510111018358494,-0.010266872000542548,69971.53831537427,1089.1660822425858,0.9846727373240178,4715,304,31043.3997111051,-0.002607690113555208,0.07036091991866897,99.73923098864448,10043.708692061067,90.47500892590769,0
dodo-k20000000000000000,92,10000,16.077536958340602,-16.07649465285155,16.07649465285155,0.001042305489050932,125027.91684988268,2043.261454688695,0.9839203391205574,9112,520,54010.06448766276,0.008029622263203607,0.06776330844301015,100.80296222632036,9953.763378809252,46.34894965051198,0
dodo-k20000000000000000,93,10000,64.41528311441762,-64.4286503327222,64.4286503327222,-0.01336721830458032,279046.82027107046,4119.366732261597,0.9854524765973801,10724,1146,150729.69019496656,-0.00010312485032045516,0.18043460973018427,99.98968751496795,9997.463185039449,108.74972911151411,0
dodo-k20000000000000000,94,10000,22.361113278564826,-22.36006898931106,22.36006898931106,0.0010442892537660953,155779.64100385236,1721.9162864822447,0.9890673062787049,8736,650,73946.59090039239,-0.001726584848460533,0.0705062462686837,99.82734151515395,10017.097508367444,86.87945885007937,0
dodo-k20000000000000000,95,10000,59.06609983526666,-59.06536008041131,59.06536008041131,0.0007397548553527145,247925.41457990636,2320.7893735745843,0.9907259757114798,9267,1090,140111.73137046813,-0.00979630825240406,0.12070667883386306,99.0203691747596,10105.01903054084,82.82845130071455,0
dodo-k20000000000000000,96,10000,16.08274065495692,-16.0922558037551,16.0922558037551,-0.009515148798183048,124097.79035140167,1731.9728732952722,0.986235586645725,7052,527,57801.01066012495,0.0033480749847150547,0.06163362479111427,100.3348074984715,9994.660221141708,101.89845176990846,0
dodo-k20000000000000000,97,10000,16.027874643681212,-16.01731069437499,16.01731069437499,0.010563949306220621,95906.19353012819,1279.0188410959126,0.986839367740327,4613,408,46801.743970745025,-0.005708399851686323,0.07448113523406291,99.42916001483137,10044.836707221737,76.02099851722808,0
dodo-k20000000000000000,98,10000,30.15580111266024,-30.16959717711464,30.16959717711464,-0.013796064454400181,188060.59171127118,2609.42163805032,0.9863144623938864,9157,760,92585.36538993691,0.0024025364610818657,0.06957290532645871,100.24025364610819,9985.338693975566,115.97815055388776,0
dodo-k20000000000000000,99,10000,37.59424346393765,-37.571184688377855,37.571184688377855,0.02305877555979663,128871.59338119987,1479.0484517073123,0.9886533090216522,4981,649,76305.49662634678,0.0016382563718165954,0.1328737615703649,100.16382563718166,9989.46293506755,56.70140573344945,0
dodo-k20000000000000000,100,10000,58.71199108361212,-58.743674602426736,58.743674602426736,-0.03168351881461717,271439.0459200649,2538.2522159895557,0.990735538187806,10992,1181,147208.23245842932,0.001724226569234304,0.09776865372647507,100.17242265692343,10016.25994421,104.02738870828291,0
dodo-k20000000000000000,101,10000,43.45118427212832,-43.45435138775163,43.45435138775163,-0.0031671156233059605,214309.1518228036,1206.526167157689,0.9944016779734517,8665,956,117740.67275981755,0.00504746392071695,0.09661055465119972,100.5047463920717,9960.693053012534,90.23761949204535,0
dodo-k20000000000000000,102,10000,48.14140617786087,-48.107269698680994,48.107269698680994,0.034136479179878165,218398.33021275245,2526.083186548191,0.9885658486190816,9325,994,117304.47834990357,0.0052475540708542216,0.10410417097065419,100.52475540708542,9946.319742122598,62.261355572996756,0
dodo-k20000000000000000,103,10000,17.624144630643745,-17.60292204520512,17.60292204520512,0.02122258543862543,136498.8917349908,2236.913385146176,0.983876452202017,9280,581,57356.122132409386,-0.0016260757792218783,0.07283095039773216,99.83739242207781,9975.798366527386,48.18442667012048,0
dodo-k20000000000000000,104,10000,11.985391825046683,-11.98162566449362,11.98162566449362,0.0037661605530630027,91157.20328977256,1274.972463126187,0.9862063999603925,5507,396,42718.25431319092,0.0006083771370549584,0.04712915870437939,100.0608377137055,9997.290005649698,95.58534366048933,0
dodo-k20000000000000000,105,10000,43.52573170097996,-43.49956432873839,43.49956432873839,0.026167372241573617,243982.05759870872,2265.63251620494,0.9907993755590249,9536,989,126127.05470573377,-0.0026932115736185837,0.08424775689634728,99.73067884263814,10021.844378490283,126.3446173667896,0
dodo-k20000000000000000,106,10000,30.279735671262525,-30.319115327250543,30.319115327250543,-0.03937965598801796,198791.17480945357,2771.2762271329825,0.9862510293316986,10543,799,95367.25507559173,0.001087643342853397,0.12675317362982652,100.10876433428534,10035.246827512736,123.2856935857355,0
dodo-k20000000000000000,107,10000,27.71856909172076,-27.71853174388137,27.71853174388137,0.000037347839388246484,107475.4620497836,994.6791474117676,0.9908299266836624,4297,452,57384.610288889264,0.0036584767020073627,0.13366969668026074,100.36584767020074,9959.243986799524,112.59229413037767,0
dodo-k20000000000000000,108,10000,20.897180293543805,-20.892693872419116,20.892693872419116,0.0044864211246888885,142340.39821349795,2457.6609979963173,0.9830269755590673,8601,568,64266.13700514951,0.0017402129286519141,0.11111111609469021,100.17402129286519,9980.047643886075,98.97826851090687,0
dodo-k20000000000000000,109,10000,23.28706280498273,-23.295170084857816,23.295170084857816,-0.008107279875083861,167610.62175613284,2960.2736765775317,0.9826449074499621,10451,676,72727.46677443967,0.004138233934592251,0.0902230328073128,100.41382339345923,9973.088917413505,78.35886006302351,0
dodo-k20000000000000000,110,10000,15.76446027663132,-15.76230559120706,15.76230559120706,0.0021546854242604496,96247.60404410968,1332.7386716643778,0.9863421398759964,5484,423,47236.17861920712,0.00010110978492349432,0.08249697039740653,100.01011097849235,9994.230509961939,97.06464735191683,0
dodo-k20000000000000000,111,10000,74.94623737664287,-74.95122567101045,74.95122567101045,-0.004988294367578305,321128.1890743925,1595.8180852283465,0.9950551615317573,11742,1304,175844.82776836143,-0.000490410655360165,0.1445700154626786,99.95095893446398,10011.997146679618,85.90060301799143,0
dodo-k20000000000000000,112,10000,16.53378341294878,-16.53279374527918,16.53279374527918,0.0009896676696001805,161160.5928248955,3330.1654147551412,0.979754695945268,11398,557,64498.294661594126,-0.0005976990841153906,0.042625646050757665,99.94023009158846,9997.886155633456,231.81134331243595,0
dodo-k20000000000000000,113,10000,66.38731250376641,-66.36726662250965,66.36726662250965,0.02004588125676321,312774.15259139385,2128.220469116254,0.9932416499487373,11390,1350,174515.45096137142,0.004621284304657962,0.0896570162562739,100.4621284304658,9973.978564644833,116.02591753715777,0
dodo-k20000000000000000,114,10000,40.331196705541274,-40.325509141121884,40.325509141121884,0.005687564419389446,185060.08260099485,709.1765027343631,0.9961824873170303,7741,742,96042.91734427816,-0.0032842538359145125,0.15300658155607563,99.67157461640855,10024.735804909393,94.79567510274329,0
dodo-k20000000000000000,115,10000,16.122400929963632,-16.123142974987417,16.123142974987417,-0.0007420450237844989,131599.13614574552,1649.6051472441814,0.9876201070926667,7608,506,59062.11168942241,0.000754147233538447,0.03954227847828875,100.07541472335384,10003.270795546592,151.57175636232085,0
dodo-k20000000000000000,116,10000,81.13438077442794,-81.17231937281466,81.17231937281466,-0.03793859838671665,311603.9079344284,2466.0615037825846,0.9921480506137097,11138,1370,177395.29188240922,0.004992373701888226,0.1409195093771609,100.49923737018882,9982.975107651535,88.85658903404455,0
dodo-k20000000000000000,117,10000,25.72954734550654,-25.695868989374162,25.695868989374162,0.03367835613237702,213438.32042187836,2717.1585442373184,0.9874296105875565,10184,765,99068.36160823268,-0.0039470720794530225,0.06436060875931375,99.6052927920547,9995.04735904621,223.81651361137108,0
dodo-k20000000000000000,118,10000,53.217381849445665,-53.213355949474774,53.213355949474774,0.004025899970891089,227540.70494458862,295.43298526714756,0.9987033093698328,8190,984,130374.30070430483,0.004839369829908691,0.09580963298679307,100.48393698299087,9954.96955687756,97.05795474736756,0
dodo-k20000000000000000,119,10000,19.55604184379141,-19.575844579950058,19.575844579950058,-0.019802736158649026,177766.22705415424,3185.793522855037,0.9823942638899729,11508,553,68603.99036033437,-0.0004073129834107192,0.05627966827759266,99.95926870165893,10030.533240828228,228.41773225218557,0
dodo-k20000000000000000,120,10000,8.08854544920184,-8.03509636657894,8.03509636657894,0.05344908262289927,69402.66371848896,963.5957107999508,0.9863059978089602,4557,276,28875.336097313328,-0.01589789836708931,0.06646606348958911,98.41021016329107,10162.231589336405,108.22252911637716,0
dodo-k20000000000000000,121,10000,17.7186463022692,-17.713110197158095,17.713110197158095,0.005536105111104916,164464.23981944934,2255.3753486513483,0.9864720456175641,11104,625,66767.18248955741,-0.003688629708858144,0.046720684749271296,99.63113702911419,9987.151274464557,81.2835534671967,0
dodo-k20000000000000000,122,10000,20.435142234117695,-20.39982209893445,20.39982209893445,0.035320135183244616,141486.7212888607,2623.62861850417,0.9817943081798728,6676,542,70625.25297042986,-0.0007540658018382374,0.06226166942718507,99.92459341981618,9979.413352705576,162.68022996178323,0
dodo-k20000000000000000,123,10000,23.550295265996994,-23.55131764164497,23.55131764164497,-0.0010223756479774693,168256.93965510893,2818.9210317650295,0.9835223916428245,8565,602,78336.98681666297,0.001278531694243128,0.05345020467353663,100.12785316942431,10002.55035689653,201.07660064900926,0
dodo-k20000000000000000,124,10000,65.22216728950278,-65.06599331586402,65.06599331586402,0.15617397363875796,233677.20551654897,2865.249131861174,0.9878869561232888,9714,1084,127879.59465155279,-0.000628991609005709,0.2624806347643559,99.93710083909943,9959.553856184859,103.73932183511346,0
dodo-k20000000000000000,125,10000,7.0808912055441215,-7.08366454994183,7.08366454994183,-0.002773344397708044,65635.78068506141,983.6838037431893,0.9852342883376299,4314,229,25203.622957342977,-0.0011658592285715486,0.060502778795048326,99.88341407714285,10056.702992342118,133.76052009310555,0
dodo-k20000000000000000,126,10000,18.91445598015868,-18.9140537492994,18.9140537492994,0.00040223085928303703,158624.0989223047,1711.0474119432413,0.9893283072921751,10546,628,67770.18914604667,0.0018437876284913557,0.05620033605048647,100.18437876284914,9984.302779778536,92.61125780319949,0
dodo-k20000000000000000,127,10000,37.54138000845971,-37.525597649667645,37.525597649667645,0.01578235879206602,152280.65488742897,2037.4284534724443,0.986797215145735,7364,716,78925.93144449711,0.006029167866698657,0.21582192965700614,100.60291678666987,9940.757750412302,73.49070188611262,0
dodo-k20000000000000000,128,10000,38.15014476068509,-38.22502647324511,38.22502647324511,-0.07488171256002119,212107.26271542514,2458.161417768515,0.9885435343196648,10229,857,103591.03844742506,-0.0020904705375866684,0.11852269303693688,99.79095294624133,10068.57315170689,102.4981197144621,0
dodo-k20000000000000000,129,10000,46.98269994849893,-46.83333634084908,46.83333634084908,0.14936360764985324,230921.0031397108,2660.766450655452,0.988608843681073,10226,953,118021.29136523942,-0.021852677117259845,0.10782358100176921,97.81473228827402,10215.209640665238,118.09338011502805,0
dodo-k20000000000000000,130,10000,74.26040767568519,-74.19003600369683,74.19003600369683,0.07037167198835448,256496.65835110805,2968.56762735568,0.988558899882784,9045,1171,149700.7643984709,0.011274186429958064,0.16964090862716488,101.1274186429958,9951.506594404842,65.91285074284076,0
dodo-k20000000000000000,131,10000,10.97777142145939,-10.968553473343945,10.968553473343945,0.009217948115445296,104124.75492883683,1510.795055014289,0.9856980433647078,8006,389,40374.2133059292,-0.0058369024144644755,0.07206120543143939,99.41630975855355,10034.423108364319,67.88717777144794,0
dodo-k20000000000000000,132,10000,32.46609333964764,-32.481276448522856,32.481276448522856,-0.015183108875213236,127974.62404321111,2062.524255708336,0.9841389611915576,5649,609,69117.09051234798,0.015084003962323038,0.17014282803345282,101.5084003962323,9927.61008577291,38.91995134673968,0
dodo-k20000000000000000,133,10000,110.07611956769308,-110.06092663162217,110.06092663162217,0.01519293607091754,253064.62562419075,2312.2058367552586,0.9909459060027971,10856,1018,132609.48064635418,-0.0007120463052439163,0.37587336280739286,99.92879536947561,9984.687785838953,102.33135517634553,0
dodo-k20000000000000000,134,10000,20.506372804040748,-20.500456706980387,20.500456706980387,0.00591609706036067,127591.09990973547,2088.69107117018,0.9838934728736745,6937,501,58732.25875213473,0.003935251428796249,0.08945699964141653,100.39352514287962,9955.84578621936,99.52369914270692,0
dodo-k20000000000000000,135,10000,22.03895525876924,-22.02250165015544,22.02250165015544,0.016453608613797854,156207.79240734177,3310.3171805934594,0.9792480164844942,10973,621,65614.16728917065,0.007405246974164754,0.09957956793430256,100.74052469741648,9932.589925837461,71.09016119825175,0
dodo-k20000000000000000,136,10000,16.117067772512357,-16.12248831975829,16.12248831975829,-0.005420547245932994,126990.74801630771,1891.3920272320859,0.9853246382579222,8652,513,55301.787735235666,0.0006032720284943594,0.09634791160646941,100.06032720284944,10002.301645981704,90.45156927075406,0
dodo-k20000000000000000,137,10000,23.69027782616551,-23.689837027870112,23.689837027870112,0.0004407982953971157,164198.03554386046,2408.609850821736,0.9855431345783605,8097,707,81563.82404430413,0.00029795489334716763,0.07497712999788547,100.02979548933472,10001.534871684993,104.0445110828318,0
dodo-k20000000000000000,138,10000,20.706812479595712,-20.69698073177358,20.69698073177358,0.009831747822133252,147112.5852034363,2561.245966692959,0.9828878171510044,8347,600,67957.09798794579,0.006130377716831959,0.06331593313942335,100.6130377716832,9937.104585021993,95.4695741911343,0
dodo-k20000000000000000,139,10000,32.30154850781269,-32.35016754249206,32.35016754249206,-0.04861903467936912,183358.1317691535,1984.660772895803,0.9892919452346898,8179,723,92429.5953093306,0.0004321325281219401,0.10306785022619551,100.0432132528122,10081.682735132337,120.10161621218924,0
dodo-k20000000000000000,140,10000,28.21020851606863,-28.198948995539766,28.198948995539766,0.011259520528863476,131319.74486562138,1782.648837851702,0.9866069362973057,7037,600,64545.41610278241,0.007410894474477914,0.15214373609477078,100.74108944744779,9937.448091470153,72.86601294850834,0
dodo-k20000000000000000,141,10000,12.323950770221979,-12.321586989386674,12.321586989386674,0.002363780835304752,111573.09543295424,2034.7086049418754,0.9820900630711675,8414,418,44736.58890534061,-0.0001742878912806134,0.04833146209134299,99.98257121087194,10001.706700824388,87.3522119895297,0
dodo-k20000000000000000,142,10000,57.99740133904439,-58.027664643833376,58.027664643833376,-0.03026330478898842,237786.49283772634,1714.2892446561827,0.9928422394709905,8976,1000,130595.4072817723,0.0006351604999937876,0.14270838506459,100.06351604999938,10000.440749054555,113.27656322645666,0
dodo-k20000000000000000,143,10000,14.42868750475174,-14.40742498878506,14.40742498878506,0.021262515966679274,135199.1532499589,3399.1569973384453,0.9754747587378706,9943,468,51644.12146651365,-0.0014820620676451312,0.05388333644555558,99.85179379323549,9980.952871092544,143.38365960936963,0
dodo-k20000000000000000,144,10000,48.27684407984774,-48.22329526027241,48.22329526027241,0.053548819575333084,157775.22381504448,1920.4986553609924,0.9879740131692201,7611,718,82644.65142138394,-0.0014313884843690516,0.4636792136200032,99.8568611515631,10006.819785995933,55.61645980707202,0
dodo-k20000000000000000,145,10000,29.675691198380655,-29.65906674204504,29.65906674204504,0.016624456335613047,153365.04566971288,2346.998757348073,0.9849273139660852,8361,614,74459.43133018934,0.0010555705374261492,0.11749959031929492,100.10555705374261,9987.101233647198,115.22724517525236,0
dodo-k20000000000000000,146,10000,48.798533354423775,-48.82240043090591,48.82240043090591,-0.023867076482133598,230384.84700439914,3197.17711012643,0.9863124008696883,9346,974,123873.09571917767,0.008312667718830085,0.11026493616831971,100.83126677188301,9928.07297259984,108.39662639911074,0
dodo-k20000000000000000,147,10000,33.14154863684635,-33.134072260415266,33.134072260415266,0.007476376431085896,168093.22166742728,1618.7489426995644,0.9904617868917551,6386,719,91629.67833652577,0.003655586252839527,0.0782767910617099,100.36555862528395,9969.428333356233,94.86693306153195,0
dodo-k20000000000000000,148,10000,38.98806241420472,-39.04676849367118,39.04676849367118,-0.05870607946646089,205189.1388015828,1360.779392603334,0.9934118618661276,8131,727,107428.32637068295,0.0009852063224805364,0.08130011068849598,100.09852063224805,10020.823100585932,253.78965492734454,0
dodo-k20000000000000000,149,10000,16.660611473096147,-16.653476260762076,16.653476260762076,0.007135212334070218,143568.18024552727,2512.678108014165,0.9827994020822834,9010,543,60645.96255393373,-0.0008171487459715366,0.052854576499172336,99.91828512540285,10002.30620515226,137.6635502152757,0
dodo-k20000000000000000,150,10000,17.108928970808186,-17.104236784068277,17.104236784068277,0.004692186739909232,96669.26494279689,1250.3151203844045,0.9872312042231222,5449,468,48655.450326185666,0.000548287054964618,0.09504170405447752,100.05482870549646,9974.809118972327,74.1146224176046,0
dodo-k20000000000000000,151,10000,38.03554947435208,-38.02607798618719,38.02607798618719,0.009471488164891184,157047.36837056038,1045.02785230178,0.9933897652431771,6701,703,84978.71287636984,-0.0005318966758395049,0.2124078597903801,99.94681033241605,9999.925313331994,87.19231511011469,0
dodo-k20000000000000000,152,10000,46.42253693947224,-46.648258626246864,46.648258626246864,-0.22572168677462656,153052.35189012793,2386.0333239954143,0.9846496518816215,8675,630,73121.869751498,0.0025338552505925803,0.30976152210826086,100.25338552505926,9992.417241026047,90.90929103459119,0
dodo-k20000000000000000,153,10000,7.777792781978191,-7.778028706272892,7.778028706272892,-0.00023592429470031817,85910.17560373017,872.7401848701813,0.9899434102099526,7179,350,34291.48362593313,0.00003437451581802975,0.03934011161612332,100.0034374515818,9999.885500092472,102.91618631381526,0
dodo-k20000000000000000,154,10000,10.14950519241842,-10.1477764013583,10.1477764013583,0.0017287910601204715,83808.8612966028,1561.2526639658474,0.9817119529126204,6346,373,37312.37265250668,0.0011521323656720028,0.05249694143393896,100.1152132365672,9992.752528256331,102.51644130375507,0
dodo-k20000000000000000,155,10000,36.50969352045492,-36.48838077694927,36.48838077694927,0.02131274350564638,165408.45344575794,1500.1572255265887,0.991012104052073,6696,747,90308.89325444173,0.008403245942270559,0.0795923650075865,100.84032459422706,9924.366535805995,80.22522366676966,0
dodo-k20000000000000000,156,10000,39.55560684689112,-39.5952797182446,39.5952797182446,-0.03967287135347419,180301.53455510418,2211.2421296222187,0.9878844529693286,7103,764,98935.0290899675,0.0009814882278948289,0.09411067707989275,100.09814882278948,10033.57734372792,118.8185059000919,0
dodo-k20000000000000000,157,10000,52.319619693221476,-52.31222372905282,52.31222372905282,0.007395964168658509,230995.72178142428,2844.7723006104634,0.9878345608540646,9815,954,120992.87198196993,-0.0051107513581725075,0.1675163635309552,99.48892486418275,10043.463629777712,109.00829646753655,0
dodo-k20000000000000000,158,10000,42.833926127264704,-42.896734914672614,42.896734914672614,-0.06280878740790996,177983.3113083856,2067.1381307710467,0.9885191170740755,7239,823,100162.35885731748,-0.0009239792076741083,0.21717341412893332,99.90760207923259,10075.970284726,174.38100864889887,0
dodo-k20000000000000000,159,10000,27.294516221042777,-27.26839305955702,27.26839305955702,0.02612316148575644,204810.36653614754,4121.821439827233,0.980271965369447,11393,827,93591.2660350657,-0.005979288289071008,0.07778372852379434,99.4020711710929,10028.113483940113,89.59126963684643,0
dodo-k20000000000000000,160,10000,12.309021462185171,-12.304739041519916,12.304739041519916,0.004282420665255415,89585.19844714165,1214.4224088661065,0.986625248019571,5389,397,42511.27388260692,-0.000008508357071832506,0.04359956039982322,99.99914916429282,9994.116522228636,79.25054805216993,0
dodo-k20000000000000000,161,10000,9.706280837147876,-9.706594802964545,9.706594802964545,-0.00031396581666953693,91461.99137340082,610.8702842058028,0.9933653600723582,7160,364,36784.973662308345,0.0018903039859279147,0.0709900322591703,100.18903039859279,9983.066277443259,91.58311333071114,0
dodo-k20000000000000000,162,10000,41.94668461395553,-41.95177456592769,41.95177456592769,-0.0050899519721596675,159283.34462386495,1786.1900179453683,0.9889104415560799,6044,665,85522.29131887534,0.0003079763949679659,0.21749781352680286,100.0307976394968,10002.790256744642,94.62081937808479,0
dodo-k20000000000000000,163,10000,41.825119144983574,-41.773408019053754,41.773408019053754,0.05171112592982041,217365.14414520704,2271.6623924483697,0.9896571871160451,11389,965,105218.6583456095,-0.012939202081287675,0.09957078080025539,98.70607979187123,10007.88220156363,44.00890757798017,0
dodo-k20000000000000000,164,10000,11.929002104082105,-11.928924323473112,11.928924323473112,0.00007778060899354955,91936.48371222916,2159.7889251327847,0.977047029976879,4727,416,43226.4638616184,-0.00018713370150649666,0.048579222809164546,99.98128662984935,10001.99769227765,86.19144714022153,0
dodo-k20000000000000000,165,10000,72.82761995906176,-72.87093013025886,72.87093013025886,-0.04331017119709202,297524.12486184953,4578.62657166825,0.9848441414388248,10873,1266,166500.75876592888,-0.0017996755680643162,0.18927202996337628,99.82003244319357,10015.551142983088,96.73209893265582,0
dodo-k20000000000000000,166,10000,92.29016307010328,-92.24128817863547,92.24128817863547,0.048874891467804105,297262.65823162405,4378.716343070097,0.985483701136013,11750,1285,163083.04417781884,0.005413054485469217,0.25372509676631383,100.54130544854692,9990.844300502427,84.24358471801214,0
dodo-k20000000000000000,167,10000,7.2875385624866125,-7.28132625877894,7.28132625877894,0.006212303707672895,66287.18119076552,1081.7316598974157,0.9839431628903483,4952,268,27241.49560788708,0.005459074387702003,0.04212646184445802,100.5459074387702,9948.262915511481,83.73482049058491,0
dodo-k20000000000000000,168,10000,15.68769188117223,-15.678486891378995,15.678486891378995,0.009204989793234475,107884.58080501137,1493.6108582664594,0.9863445277751112,5458,456,52658.01201287803,-0.006456046047621413,0.040914437048996034,99.35439539523786,10061.825492403943,101.40934073146617,0
dodo-k20000000000000000,169,10000,25.8571090964907,-25.85677002058638,25.85677002058638,0.0003390759043178093,181812.6793761263,2019.3548448557397,0.9890152178676961,9803,749,86534.66973018833,0.00585138469798963,0.08181119774602294,100.58513846979896,9944.072269148233,121.41388861505814,0
dodo-k20000000000000000,170,10000,38.90600183472471,-38.93267072099482,38.93267072099482,-0.02666888627010877,178759.02065306486,2157.634580488843,0.9880738753560115,7084,769,96400.76419401776,0.007991556093800227,0.1425265423055599,100.79915560938002,9942.642227330993,88.99655015191802,0
dodo-k20000000000000000,171,10000,46.014082190168644,-46.00247754778116,46.00247754778116,0.011604642387482045,200298.9237248768,2048.517475971309,0.9898762373083929,8366,900,108376.54939767739,-0.004417108018655682,0.2081939162868889,99.55828919813443,10051.831724174737,88.88289485925085,0
dodo-k20000000000000000,172,10000,10.913128895863846,-10.91264548692152,10.91264548692152,0.00048340894232623555,94438.68621113764,1145.3306636474429,0.9880175504117197,6878,365,37973.64559521306,0.0012167820657434448,0.0953897137402339,100.12167820657434,9990.847722789409,100.12704678278762,0
dodo-k20000000000000000,173,10000,50.08951588746261,-50.08518008596806,50.08518008596806,0.004335801494548264,181625.93303479746,50.48207418173448,0.999722131933573,8385,746,92516.30689021906,0.0033089374765907565,0.2605774639578168,100.33089374765908,9965.046211980947,99.82540720581034,0
dodo-k20000000000000000,174,10000,36.61379962198241,-36.61005350682244,36.61005350682244,0.0037461151599700315,216000.85637341143,476.995606531178,0.9977965616243486,10179,877,105915.57456790094,0.003867220989450573,0.08580524081994795,100.38672209894506,9959.575876434003,101.54059972097969,0
dodo-k20000000000000000,175,10000,28.116975856439943,-28.09988159081589,28.09988159081589,0.017094265624052696,133851.714686729,1753.8549973701663,0.9870664973315192,5753,610,73275.04610580493,-0.00749718568032236,0.12707185638691043,99.25028143196776,10042.035131758452,71.18943770981471,0
dodo-k20000000000000000,176,10000,37.59064679236334,-37.573262931835444,37.573262931835444,0.01738386052789309,203736.96422077366,3022.6888747997264,0.985380663830953,10750,823,98475.93735389071,0.005639838735223463,0.15762980451819686,100.56398387352235,9952.429956385029,113.5668795006855,0
dodo-k20000000000000000,177,10000,41.07698357392066,-41.070463573294035,41.070463573294035,0.006520000626622391,193951.6864727542,66.71462446713645,0.9996561427983642,10996,757,89891.97635512869,-0.0015700026192499194,0.2113204197897312,99.84299973807501,10015.570030414456,100.99498380035627,0
dodo-k20000000000000000,178,10000,6.679085733182024,-6.670269057635238,6.670269057635238,0.008816675546786001,60117.39570303708,1092.6409656343435,0.982149316924138,4000,255,26565.228798010452,0.0063115502120781744,0.05050376521300734,100.63115502120782,9935.49075614408,99.99833791850422,0
dodo-k20000000000000000,179,10000,19.446984900721326,-19.423338824913728,19.423338824913728,0.02364607580759781,122710.83346209586,3094.677401020889,0.9754010982524599,9938,529,50558.84668891724,0.00743444478303374,0.14974974734702826,100.74344447830337,9940.59131442166,63.44613090760936,0
dodo-k20000000000000000,180,10000,67.78638530078442,-67.74512154396032,67.74512154396032,0.04126375682409389,244917.47582997556,2106.645671035747,0.9914719029937846,11607,1158,127475.298488731,0.046293263476842414,0.24250494077622478,104.62932634768424,9830.41536399444,32.75481328719678,0
dodo-k20000000000000000,181,10000,38.48825582156708,-38.553413205510935,38.553413205510935,-0.0651573839438555,112271.58154097068,861.4178920976301,0.9923857946274353,4249,533,65731.84707767112,0.005947676848167589,0.23492101591932268,100.59476768481676,9966.650284361865,71.87378761762875,0
dodo-k20000000000000000,182,10000,45.95915124970823,-45.97161051350676,45.97161051350676,-0.012459263798533016,159115.97198722055,1789.5693583454513,0.9888781371767545,5956,739,92153.50442699603,0.0025955320355261335,0.17776278680090654,100.25955320355261,9968.55927131162,93.43126881151193,0
dodo-k20000000000000000,183,10000,20.80114370124049,-20.790767224168903,20.790767224168903,0.010376477071588397,163357.0471721237,2447.1296518031045,0.9852408443582106,10154,636,72038.16946948417,0.004864737474450181,0.06418043791152357,100.48647374744502,9970.015885163064,94.42813841375441,0
dodo-k20000000000000000,184,10000,21.420515983105776,-21.421933538726577,21.421933538726577,-0.0014175556208009255,169214.33387606317,2901.120477090982,0.9831443347839159,9521,628,75234.0829561705,-0.007904108792107536,0.05771909080323581,99.20958912078925,10126.175196563561,271.3474029751538,0
dodo-k20000000000000000,185,10000,18.64667529593506,-18.63157750894309,18.63157750894309,0.015097786991972839,101142.6583878386,1179.7388825185287,0.9884703748740228,4482,436,51500.00806963503,-0.006368060816787704,0.08034266946838273,99.36319391832123,10073.685668831191,109.93580381075877,0
dodo-k20000000000000000,186,10000,18.305320812575957,-18.3017474457489,18.3017474457489,0.0035733668270552243,132233.37027276788,1128.0927629041928,0.9915410888781084,7400,578,64429.66881101075,0.005486488908465504,0.05312485760396953,100.54864889084655,9947.183164827093,103.26098876111455,0
dodo-k20000000000000000,187,10000,21.90533377784562,-21.91208539083867,21.91208539083867,-0.006751612993049605,109322.67898033091,1715.2173540778758,0.9845528651865646,4581,489,60306.64689710481,0.0006515288822726006,0.08465353693499879,100.06515288822726,10004.123391919977,102.17040937157365,0
dodo-k20000000000000000,188,10000,13.186669774485697,-13.185531961619517,13.185531961619517,0.0011378128661796438,121090.39458055083,1832.2450269269495,0.9850943240986546,8960,480,49912.82184195388,0.0029864389606167664,0.07153591199488617,100.29864389606168,9951.104905467844,99.984134307965,0
dodo-k20000000000000000,189,10000,32.837658854715706,-32.85498784963926,32.85498784963926,-0.017328994923552443,178851.47868461747,2226.9191396025253,0.9877019061005594,8738,751,87436.03918786986,0.0012329460087336485,0.12397652183720098,100.12329460087336,10023.355544092137,80.90954839688911,0
dodo-k20000000000000000,190,10000,16.442609569671287,-16.450821352137524,16.450821352137524,-0.008211782466236883,93289.34183655203,1003.9243276413528,0.9893531705021946,5162,408,43877.42913997366,0.009381660017649835,0.13686676318125024,100.93816600176498,9940.76722874391,59.70296125969308,0
dodo-k20000000000000000,191,10000,53.97547417736188,-53.91851790056176,53.91851790056176,0.05695627680012194,226447.03311656532,3480.451385771627,0.984862830151407,8702,1054,126594.55018753573,0.012630514517351657,0.14126737656610389,101.26305145173517,9909.485814913425,41.520139820593194,0
dodo-k20000000000000000,192,10000,29.92015995154508,-29.890157211927345,29.890157211927345,0.030002739617735585,131250.73830435704,1471.3911870017466,0.9889137463914972,5180,564,71948.82989862852,0.0011726455334664365,0.12250215749646984,100.11726455334664,9994.894583404992,89.90022131856176,0
dodo-k20000000000000000,193,10000,19.713450093334018,-19.71471538472811,19.71471538472811,-0.0012652913940911503,131970.08772458564,830.2854662023308,0.9937478679746667,6656,548,63937.08789648969,0.001791788558167866,0.051883388298690394,100.17917885581679,9980.215718640966,114.77862858144684,0
dodo-k20000000000000000,194,10000,13.951050363619725,-13.957722041437655,13.957722041437655,-0.006671677817930544,106019.07704202496,3024.4624554894167,0.9722637171406349,7708,413,43645.85362912343,0.006502957175666495,0.0850253890111044,100.65029571756665,9939.526343234947,81.8583582561802,0
dodo-k20000000000000000,195,10000,34.619963723541495,-34.63592689023572,34.63592689023572,-0.015963166694227482,215329.8733479132,3434.1971440242182,0.9843018227979499,10628,938,106314.67338766696,0.008243985674211559,0.0879329973536315,100.82439856742116,9968.53998902757,65.52057441264236,0
dodo-k20000000000000000,196,10000,45.53988541551483,-45.53615787081253,45.53615787081253,0.0037275447023006336,178345.54223651296,1276.5389856841234,0.9928931956639283,6398,759,98726.00682407193,0.0017460146390632758,0.19301950557737085,100.17460146390633,9977.524745642593,111.53046569883209,0
dodo-k20000000000000000,197,10000,68.421266391999,-68.39784946188018,68.39784946188018,0.023416930118813184,290216.51914149045,3685.537923162774,0.9874599791509726,10376,1175,159090.42805671337,0.003451289977311518,0.14137986740508623,100.34512899773115,9996.313227586694,109.37046831301399,0
dodo-k20000000000000000,198,10000,26.38456221850539,-26.376121496306588,26.376121496306588,0.00844072219880232,170507.3605281085,2922.9660504588733,0.9831461653326548,9107,736,80490.7656170968,0.00879614405066647,0.10021664537968036,100.87961440506665,9942.823179502799,92.39607552260667,0
dodo-k20000000000000000,199,10000,14.721047400206212,-14.720528688035131,14.720528688035131,0.0005187121710807929,92935.29873194027,1449.3432242808278,0.9846442896403306,7318,384,37603.46795199848,-0.005074765869278082,0.09244055379629486,99.49252341307219,10035.102439769658,65.97886838948915,0
dodo-k20000000000000000,200,10000,11.76045123488792,-11.747965089740084,11.747965089740084,0.01248614514783597,84350.31380612442,1954.2847131967014,0.9773559607862704,6334,409,36179.977567360824,0.013207386565927522,0.07602175185114377,101.32073865659275,9948.037371975706,31.11320204960449,0
dodo-k20000000000000000,201,10000,13.445865627852873,-13.550158099018873,13.550158099018873,-0.1042924711659996,85750.79560965467,1261.0341033691927,0.9855073257564144,5621,337,37377.34325718268,-0.0006991679863692468,0.14588856972835798,99.93008320136308,10071.414889773674,172.37792516449392,0
dodo-k20000000000000000,202,10000,18.278553490228997,-18.26332654724068,18.26332654724068,0.01522694298831695,135980.16184660728,2491.026177390318,0.9820105090962418,9427,547,57263.27473437979,-0.00017731778961362464,0.081986086263161,99.98226822103864,9972.412224956033,72.30082144211484,0
dodo-k20000000000000000,203,10000,36.65288333872093,-36.63438070319801,36.63438070319801,0.018502635522921196,146267.22276117848,1228.8901967102604,0.9916683214759624,6106,706,79957.7769954057,-0.0007331899058792146,0.14132310060439338,99.92668100941208,9978.341819569545,57.902198364854954,0
dodo-k20000000000000000,204,10000,44.72507500569103,-44.66878629762901,44.66878629762901,0.05628870806202002,261798.08668839533,3011.265327724747,0.9886285536942009,11827,1071,131412.99686333744,-0.006070433563296262,0.08467064289701909,99.39295664367037,10076.916373936612,131.48932780081054,0
dodo-k20000000000000000,205,10000,10.147427425287905,-10.143413370207014,10.143413370207014,0.004014055080890699,101184.73291327471,1270.316223155937,0.98760123357645,6667,426,43156.2082340351,0.0019164663053230413,0.04220130467472856,100.1916466305323,9971.339331876443,107.1066617850174,0
dodo-k20000000000000000,206,10000,39.273947457615705,-39.27239951924765,39.27239951924765,0.001547938368055668,207898.3376867964,1079.5923469228571,0.9948339408532344,8301,943,111873.64788358979,-0.0029992457086946444,0.0901796995573676,99.70007542913054,10021.042335113145,79.35603674676747,0
dodo-k20000000000000000,207,10000,22.134698418443946,-22.116818445375287,22.116818445375287,0.017879973068659183,135042.79101148358,2311.674448642963,0.983170008773293,7189,579,66764.1532924908,-0.0069018401775549874,0.0754130987208822,99.3098159822445,10062.400380293737,90.7594439157596,0
dodo-k20000000000000000,208,10000,17.060523189372827,-17.056298011039615,17.056298011039615,0.0042251783332112325,105150.8033112388,1135.7613650757912,0.9893141586753261,5474,446,51115.97255232393,-0.005763152763237969,0.0698360145426328,99.4236847236762,10047.227087974083,86.60562109209545,0
dodo-k20000000000000000,209,10000,34.495230183475535,-34.49450212675504,34.49450212675504,0.0007280567204972499,191856.52983505558,522.5571091579819,0.99728371146023,9358,804,95889.0981240477,0.00004718349839563985,0.14405170327549796,100.00471834983956,10000.333484158324,98.00199013650169,0
dodo-k20000000000000000,210,10000,13.352368717358843,-13.35240376533308,13.35240376533308,-0.00003504797423659056,113553.61565639457,603.0470724964608,0.9947173729672825,6710,464,50129.98150914507,-0.0005761647514133017,0.04797186054797578,99.94238352485867,10005.021234504853,102.27583272581126,0
dodo-k20000000000000000,211,10000,13.662405924013127,-13.65464955323661,13.65464955323661,0.007756370776517585,88958.21778303175,1281.1618528582362,0.9858026300931185,5036,369,41888.90526390247,-0.0049497952603272215,0.0742031295720983,99.50502047396728,10065.87893893793,129.21013403521889,0
dodo-k20000000000000000,212,10000,48.14912552711304,-48.21908253387345,48.21908253387345,-0.06995700676040428,292868.6473406711,2089.3000295537236,0.9929166172731353,10848,1008,149480.83278023553,-0.004059503163831834,0.04744608866376922,99.59404968361682,10049.21279597769,284.2480316052466,0
dodo-k20000000000000000,213,10000,20.118610177500045,-20.09989484816583,20.09989484816583,0.018715329334213493,178952.9284315794,3317.879021828829,0.9817969807223412,11426,669,75404.27987790025,-0.002008276421575914,0.050075173609939586,99.79917235784241,9987.217605280797,69.24468368883747,0
dodo-k20000000000000000,214,10000,44.9957893925562,-44.97637683734689,44.97637683734689,0.01941255520930696,231698.06744073133,2612.2647785168656,0.9888512608309883,9240,944,120680.48247437424,0.0002820700707114554,0.101127415297385,100.02820700707115,9992.643123207443,109.72608520405835,0
dodo-k20000000000000000,215,10000,10.211391293927402,-10.201977515344524,10.201977515344524,0.009413778582878507,75832.32258499562,1210.7772902833706,0.9842844162261977,4033,323,35419.35631919286,0.0019036164720081673,0.048443185933272875,100.19036164720082,9965.596945096946,96.90540235547302,0
dodo-k20000000000000000,216,10000,7.545340245004871,-7.54490693241145,7.54490693241145,0.00043331259342060946,66600.23453214203,1459.1002154086423,0.9785613506094231,5098,256,27288.407863979362,-0.001664688411375721,0.047953531123681045,99.83353115886243,10026.588323308993,114.76331468946934,0
dodo-k20000000000000000,217,10000,35.01550082541368,-34.969669747731345,34.969669747731345,0.04583107768233674,201083.4909605798,3707.280026744,0.9818972309695857,8080,775,105342.5535875695,0.001220043488779794,0.08028403268221694,100.12200434887798,9912.95011415329,328.77473811409266,0
dodo-k20000000000000000,218,10000,22.28373534356707,-22.28161093621206,22.28161093621206,0.0021244073550086284,178675.3734152897,2626.131816928877,0.9855151129960823,10297,696,79044.67154137949,0.002865506290974622,0.044596662455846856,100.28655062909746,9964.207266267033,112.78941581322782,0
dodo-k20000000000000000,219,10000,15.94645817302522,-15.960309699431264,15.960309699431264,-0.013851526406043035,121383.18269975226,2560.209817065583,0.9793437167962126,8887,474,50260.39318450707,0.0005231859468464961,0.07677923140334869,100.05231859468465,10004.266470863815,110.29641023208549,0
dodo-k20000000000000000,220,10000,28.145217542927657,-28.13788929496573,28.13788929496573,0.007328247961925882,186277.6096698775,2318.44158767467,0.9877068391823934,9241,757,89494.59611068446,-0.0043325296835526215,0.061407107443718446,99.56674703164474,10032.771261197777,98.7563300744678,0
dodo-k20000000000000000,221,10000,5.729949410880472,-5.726430642124015,5.726430642124015,0.003518768756457291,57032.43913871673,1184.0669617533238,0.9796609751930173,4594,203,21107.984172803343,-0.004962870691623493,0.047195054695553865,99.50371293083765,10057.715316025588,111.41168931313693,0
dodo-k20000000000000000,222,10000,8.197491193928089,-8.198235206789818,8.198235206789818,-0.000744012861728649,82983.93031960657,1402.4335144004133,0.9833808040697299,6253,284,31192.199113145292,0.00005488718908125634,0.04504895371112525,100.00548871890813,9986.865203191745,128.64247561923003,0
dodo-k20000000000000000,223,10000,22.64299177879743,-22.62903232733609,22.62903232733609,0.013959451461339256,133526.7129380139,1132.0351332789476,0.9915933041893452,5735,575,69480.40435385398,-0.002259874092047056,0.05064511623314672,99.7740125907953,9994.396710344648,117.63821917798023,0
dodo-k20000000000000000,224,10000,55.22451055763146,-55.222763966688866,55.222763966688866,0.0017465909425951054,246736.1244758019,2831.9994916174737,0.9886523990059437,9918,1060,133888.51770315517,0.002704350935789961,0.10045558610380396,100.270435093579,10001.522599268987,87.56235304753778,0
dodo-k20000000000000000,225,10000,8.287814797675303,-8.283810148143104,8.283810148143104,0.004004649532198812,70018.38657315551,1701.6107135959498,0.9762742501677384,4669,284,30773.76555845688,-0.0007951157743038095,0.055318612751663776,99.92048842256962,9992.86664813896,138.8464263594924,0
dodo-k20000000000000000,226,10000,10.682565235735513,-10.689486769310406,10.689486769310406,-0.006921533574892891,110518.49077266087,2207.051788439272,0.9804210142768397,8648,373,42494.30589569011,0.00008346630304572499,0.03476049956061132,100.00834663030457,10022.580102445143,174.5364242223458,0
dodo-k20000000000000000,227,10000,10.307410272924468,-10.299478855754622,10.299478855754622,0.007931417169846355,79495.55280586302,1473.667752487372,0.9817996549512865,5086,372,37205.32171321815,-0.0006126942163966476,0.04509569503501865,99.93873057836034,9983.627365605513,60.317391349748426,0
dodo-k20000000000000000,228,10000,31.786937314650693,-31.757307829718556,31.757307829718556,0.029629484932137018,194156.8420800205,2092.1041309545426,0.9893395395422636,9879,846,93674.64080216055,0.0024215220295306494,0.10209590785260986,100.24215220295306,9923.037827983268,73.84290400801531,0
dodo-k20000000000000000,229,10000,44.993640516870634,-44.96804972360627,44.96804972360627,0.025590793264363754,252585.88234177933,2601.164762707722,0.9898068307454388,11671,1015,123171.7406414359,-0.0032618222076408188,0.13454438827903445,99.67381777923592,10014.38085895451,117.3265333682859,0
dodo-k20000000000000000,230,10000,33.46383212914329,-33.43725313365039,33.43725313365039,0.026578995492904767,193345.4636692973,2454.6544873066036,0.9874634677935009,8515,770,99570.93399441922,0.0101987623790545,0.07433164620204735,101.01987623790545,9892.916901184593,105.4279823870154,0
dodo-k20000000000000000,231,10000,22.270337185565097,-22.272180139035243,22.272180139035243,-0.0018429534701454031,134242.65063571898,898.5285091066145,0.9933511864052652,5848,594,69250.70723832677,0.0015066619407912184,0.06208802287466497,100.15066619407912,9987.996035861814,102.69018879406573,0
dodo-k20000000000000000,232,10000,21.561822795916143,-21.554995123138255,21.554995123138255,0.006827672777887983,113553.2930093558,758.7551712762832,0.993362421692617,4276,534,64510.26662149161,-0.005875041789748678,0.05485849799606683,99.41249582102513,10059.859258847224,95.87193177792206,0
dodo-k20000000000000000,233,10000,32.37278473239856,-32.376418794890114,32.376418794890114,-0.0036340624915567332,178159.49503166444,2212.6273808665655,0.9877329858335534,7910,747,91779.74247464655,0.007045441727584745,0.11086731584628211,100.70454417275847,9947.028188911836,79.76077115787699,0
dodo-k20000000000000000,234,10000,11.18332353978972,-11.182500081537924,11.182500081537924,0.0008234582517960831,106219.28333904191,2925.1300467369488,0.9731994523952604,6886,403,43155.180080294405,0.0001845269667974492,0.05303552738921937,100.01845269667974,9990.02020873888,132.19781396251048,0
dodo-k20000000000000000,235,10000,57.729643967063815,-57.70483239193056,57.70483239193056,0.02481157513325627,220266.5090866022,2230.1180901230596,0.9899768454092038,9177,1056,123476.04159231459,-0.00792933431278243,0.17401929009892045,99.20706656872176,10048.157625169142,70.6910179816114,0
dodo-k20000000000000000,236,10000,14.47187229273793,-14.477032123103925,14.477032123103925,-0.0051598303659954325,84918.88161752182,1535.7659580456557,0.9822361665785141,5159,366,40128.16200087708,0.009276472995204444,0.08073129001721072,100.92764729952044,9947.829439917303,67.21480809917236,0
dodo-k20000000000000000,237,10000,27.93642821457959,-27.924704999306854,27.924704999306854,0.011723215272734677,136503.55452990113,2003.1154683466536,0.9855377689148689,5668,588,71670.93172680911,-0.0018248421508606327,0.1076023327043606,99.81751578491394,10003.497596396175,92.4113136470382,0
dodo-k20000000000000000,238,10000,20.19989860473696,-20.172590869704507,20.172590869704507,0.02730773503245132,144296.50138849003,2887.6515154583867,0.9803806900506276,9988,596,61006.871391450324,-0.0032930753842502726,0.1020175264348785,99.67069246157497,9983.304518692295,42.80061201675412,0
dodo-k20000000000000000,239,10000,40.85881230596402,-40.83466923908256,40.83466923908256,0.024143066881464392,158406.35521444018,2972.750434764484,0.9815790871884836,7896,632,77924.80337682787,-0.003956102543703679,0.16178714787299073,99.60438974562963,10024.965557622783,74.2257792015887,0
dodo-k20000000000000000,240,10000,100.37964596314005,-100.37331476950773,100.37331476950773,0.0063311936323202644,303311.0136136441,1626.6364187774045,0.994665675364769,11820,1227,161246.29958907422,0.005112208318056588,0.34699010319326035,100.51122083180566,9953.126928618622,94.64523357043299,0
dodo-k20000000000000000,241,10000,14.862238245804402,-14.85589892052873,14.85589892052873,0.0063393252756718255,94433.99088757855,1551.1312544692082,0.9838398783076642,5006,365,45210.56532620408,0.0011206859205861975,0.0953063845156683,100.11206859205862,9980.364529962455,152.4143206434038,0
dodo-k20000000000000000,242,10000,17.032464566958467,-17.03173593617562,17.03173593617562,0.0007286307828451299,135720.29615851853,67.75435426901086,0.9995010285955712,7983,554,60492.5108769475,0.0017056533691926746,0.06037686075552926,100.17056533691927,9983.706724985774,98.9583810440994,0
dodo-k20000000000000000,243,10000,12.860317925348147,-12.86478655818793,12.86478655818793,-0.004468632839783382,143049.53989893355,2163.0301660090317,0.9851043875537656,9123,414,51352.91105883728,0.000039082037095994336,0.058531892420949985,100.0039082037096,9980.208242944625,207.80799920429928,0
dodo-k20000000000000000,244,10000,12.615044425736421,-12.611268004391903,12.611268004391903,0.00377642134451861,100021.33441858091,1421.6788377230255,0.9859854435304377,6814,360,41557.968819000074,-0.0009577970283682192,0.07398075860133772,99.90422029716318,10020.986898679672,165.48230014142715,0
dodo-k20000000000000000,245,10000,23.965745779268257,-23.952612696963328,23.952612696963328,0.013133082304928934,134331.55052041844,1306.9473244510414,0.9903644809901552,6366,597,68225.60830284351,-0.00036340509265542665,0.12565927351378206,99.96365949073446,10001.120996740743,65.46384509427882,0
dodo-k20000000000000000,246,10000,6.861343180844773,-6.857834257427186,6.857834257427186,0.0035089234175869066,55996.97377143322,1598.5389182733766,0.972245426012866,4053,213,23525.576087755446,-0.00408212686980221,0.05212363052993041,99.59178731301978,10035.555708867623,100.37268906431748,0
dodo-k20000000000000000,247,10000,28.875455084187127,-28.809073181101283,28.809073181101283,0.06638190308584413,152573.62760146326,1043.6880144997094,0.9932059220647438,9048,580,65816.1293606927,-0.017601819319121147,0.20295336545460002,98.23981806808789,10204.391264335174,116.00465957405977,0
dodo-k20000000000000000,248,10000,44.739662948094605,-44.76181316349489,44.76181316349489,-0.02215021540028772,201295.13796572253,2286.403545362277,0.9887691019117381,7638,753,107623.6600599894,-0.003838458346452711,0.1544266692359875,99.61615416535473,10051.1750912124,182.14330186882077,0
dodo-k20000000000000000,249,10000,38.66942437632098,-38.60875756413154,38.60875756413154,0.06066681218944581,144457.86168278614,1232.5578515342922,0.9915398839850007,5838,689,81449.47692231243,-0.004896880645769386,0.18820050461800136,99.51031193542306,9989.799837233915,73.0803811305613,0
dodo-k20000000000000000,250,10000,33.825232096110824,-33.80334401803695,33.80334401803695,0.021888078073871498,179391.68699025363,1418.7378460831435,0.992153451066954,7021,731,94798.97426005265,0.0007241772039471073,0.08743511899137048,100.07241772039471,10000.909349406784,90.4898072281145,0
dodo-k20000000000000000,251,10000,32.86845177647744,-32.882992934612986,32.882992934612986,-0.014541158135543242,159458.5536935012,1227.0895807956197,0.9923634149523806,6379,700,87710.10860416836,-0.004461251551139753,0.09027926224191532,99.55387484488602,10078.429274232567,105.52670585095511,0
dodo-k20000000000000000,252,10000,21.014981832077186,-21.034894621988187,21.034894621988187,-0.019912789911000317,172009.30263955248,2501.2908522005414,0.9856668251356401,11457,610,72340.88011560685,-0.0017197165990795328,0.10300124220229832,99.82802834009205,10020.52384834152,146.94629569126272,0
dodo-k20000000000000000,253,10000,11.262506193451287,-11.264403239157119,11.264403239157119,-0.0018970457058316015,108560.15478807676,2270.2978990858487,0.9795155767747864,8367,401,42754.33831652803,0.00110355188349601,0.04274794263171657,100.1103551883496,9999.503102923685,89.36704191664047,0
dodo-k20000000000000000,254,10000,27.816716310744283,-27.816897682195638,27.816897682195638,-0.00018137145135455057,124395.15061977415,1820.8949340472377,0.9855731897948683,5435,560,68590.30525341466,0.001344989077106362,0.0798891729905462,100.13449890771064,9974.438507107083,78.18074559021296,0
dodo-k20000000000000000,255,10000,25.621120927043236,-25.62245598217531,25.62245598217531,-0.0013350551320741033,176150.5360176566,2714.997761460239,0.9848210121642943,9966,680,77552.01445683486,0.001414267248608496,0.11068782482242084,100.14142672486085,9992.39406443195,101.52218870979752,0
dodo-k20000000000000000,256,10000,56.821881749314215,-56.809761088441434,56.809761088441434,0.012120660872781741,235587.08055501565,2564.1378659538996,0.9892331524358553,10640,936,121323.31096013005,-0.003677210541401763,0.2102858895596168,99.63227894585982,10040.063793369942,101.36543166143167,0
dodo-k20000000000000000,257,10000,22.71062698126858,-22.70444112175231,22.70444112175231,0.006185859516268266,172445.35623571204,1189.4216041830302,0.993149865372709,11161,673,75328.98089069071,0.0041253397364187094,0.07915258231669753,100.41253397364187,9959.747234518498,103.93354410602677,0
dodo-k20000000000000000,258,10000,58.96577342820452,-58.9725180445245,58.9725180445245,-0.006744616319977581,215498.47290911715,2562.4937394324743,0.9882487279644024,7689,898,119990.2651292721,-0.0037763981989158424,0.12902491653889256,99.62236018010842,9994.014956413,78.2283451972868,0
dodo-k20000000000000000,259,10000,14.153683140937423,-14.136735470075962,14.136735470075962,0.01694767086146065,123946.80670279477,2164.948837483129,0.9828330925359954,7702,409,50144.63140670112,0.006500872285391779,0.06904135669385013,100.65008722853918,9913.574060572133,108.29608654382311,0
dodo-k20000000000000000,260,10000,19.03246552772891,-19.02348822309098,19.02348822309098,0.008977304637930672,154383.68224113894,2130.2907908928437,0.9863891335091413,9597,616,68553.17176344602,-0.0001046825632653281,0.05792447917846516,99.98953174367347,9980.029918021952,109.49047363123745,0
dodo-k20000000000000000,261,10000,31.685010323023736,-31.67399213329672,31.67399213329672,0.011018189727014516,125014.04746763984,2302.288357276872,0.9819167874855985,5178,575,68415.5807848453,0.0005690661225625604,0.14624780941263724,100.05690661225626,9989.460421094112,50.65810344203464,0
dodo-k20000000000000000,262,10000,24.570891172667462,-24.571746357095506,24.571746357095506,-0.000855184428043998,158812.9678474385,2834.583569650238,0.9824644200001746,9978,637,71055.05308218102,-0.00043912042124844675,0.10131382707272124,99.95608795787516,10008.074904865953,106.52284600287264,0
dodo-k20000000000000000,263,10000,19.325579018575922,-19.330835652268107,19.330835652268107,-0.005256633692184209,110099.27063405646,1176.665961673782,0.9894256925830365,4376,458,58045.9739886829,-0.0014573248210912482,0.07552525674604041,99.85426751789088,10024.944020912093,139.7420681636363,0
dodo-k20000000000000000,264,10000,10.289984030422941,-10.289671402026215,10.289671402026215,0.00031262839672585585,120070.81235185229,1669.1038920174835,0.9862895922429096,8658,350,40780.825057627546,0.003500069854694914,0.04532865030119467,100.35000698546949,9992.229042614983,277.5065921963876,0
dodo-k20000000000000000,265,10000,19.96307561216209,-19.959335281940525,19.959335281940525,0.003740330221564392,146492.63577612702,2195.29668481328,0.98523554233031,9476,614,66140.01070682086,-0.0020189113106631853,0.062236716151357424,99.79810886893368,10017.782086778954,87.13095896679536,0
dodo-k20000000000000000,266,10000,23.882020186944228,-23.88026664287908,23.88026664287908,0.0017535440651492706,120994.10554366624,878.143601518305,0.9927945565321259,4891,523,65755.8598798237,0.001572197151500916,0.06694259532383696,100.15721971515009,9989.637826717031,104.78263269803747,0
dodo-k20000000000000000,267,10000,61.842822153126605,-61.83986825549239,61.83986825549239,0.0029538976342138312,271820.6057711073,63.18919098656722,0.9997675875055541,10608,1086,142309.26406175367,-0.004318119387670833,0.1253265033313076,99.56818806123292,10044.566960762748,101.65458535084109,0
dodo-k20000000000000000,268,10000,18.348220571012625,-18.341886581254343,18.341886581254343,0.006333989758282144,132093.78655952986,1556.0429165441503,0.9883573146135385,6720,516,62973.298131937976,0.004196608090558271,0.07874793742015072,100.41966080905583,9963.324156563507,119.34976369164225,0
dodo-k20000000000000000,269,10000,8.190282787666314,-8.186293924913237,8.186293924913237,0.003988862753077527,78870.87266769724,2477.319335446129,0.9695467191778473,5253,305,31104.956254050852,-0.0015964562465057952,0.041092894514349186,99.84035437534942,9989.303997738036,82.89332654495395,0
dodo-k20000000000000000,270,10000,41.54644786182732,-41.53306719054917,41.53306719054917,0.013380671278149237,183903.10071105766,1978.245256383933,0.9893574836889204,8145,834,97596.67724943423,0.0042775479894542915,0.1679644809055901,100.42775479894543,9966.774009249506,61.016651922615246,0
dodo-k20000000000000000,271,10000,65.17547525318389,-65.13200309467052,65.13200309467052,0.043472158513367276,295541.88072960445,4095.5799829055995,0.9863315488885579,10583,1176,161174.59095767388,0.00028135793245368743,0.07799244563047722,100.02813579324537,10004.44377892085,72.2700787258984,0
dodo-k20000000000000000,272,10000,7.322771199162487,-7.3307381969188015,7.3307381969188015,-0.007966997756314598,57502.12723670486,1109.5823571909016,0.9810689303403896,4264,274,25119.98354945884,0.014431028598245632,0.09259624841346792,101.44310285982456,9963.711460072118,30.13487132994103,0
dodo-k20000000000000000,273,10000,76.55843099367245,-76.56394694705091,76.56394694705091,-0.005515953378463223,153267.6032086827,1947.7842154256023,0.9874510881443506,5695,884,92894.91972329488,0.0168334699662735,0.9414822420138728,101.68334699662735,9927.989841928547,18.907137590054095,0
dodo-k20000000000000000,274,10000,25.407496194661196,-25.40368739129319,25.40368739129319,0.003808803368006153,105412.05539129494,573.7440269076071,0.9945865952792062,6349,409,49083.61339078902,-0.0017294166186363213,0.19615266738181047,99.82705833813637,10017.529022674924,86.94610444573428,0
dodo-k20000000000000000,275,10000,15.3025624035458,-15.337959251095349,15.337959251095349,-0.03539684754954919,126572.25455361574,2824.5700555863796,0.9781712567977073,9084,488,51307.83309069518,-0.0015108191059600528,0.11054656736116357,99.848918089404,10028.204187647816,66.29636097997468,0
dodo-k20000000000000000,276,10000,47.683223432342885,-47.69464758090273,47.69464758090273,-0.01142414855984697,248427.943335736,2931.2014693072997,0.9883385922896071,10381,1030,129107.24811161903,-0.0014849287147127655,0.13473432381552514,99.85150712852872,10069.063838926548,138.11822407017874,0
dodo-k20000000000000000,277,10000,23.885028369266834,-23.88052117364647,23.88052117364647,0.004507195620362836,185999.6853172656,2770.587842703252,0.9853229653359914,10967,688,82084.25093996382,-0.0040802019062661544,0.05279943241103595,99.59197980937338,10057.622217017199,142.15299267750655,0
dodo-k20000000000000000,278,10000,36.60191853312922,-36.60483904976661,36.60483904976661,-0.0029205166373884595,241230.17914172725,2941.9389731161077,0.9879513721884806,11397,941,116330.79203352888,-0.001222095142696844,0.08002036013365554,99.87779048573032,10040.796254027153,149.28264857405574,0
dodo-k20000000000000000,279,10000,63.936404032195746,-63.92640418074933,63.92640418074933,0.00999985144641613,259655.58701251057,3285.443395804347,0.9875050181757391,10859,1143,140785.04176951927,0.004629246463198626,0.1517305872765948,100.46292464631986,9979.251578645371,61.750290027930994,0
dodo-k20000000000000000,280,10000,15.078511480608004,-15.063388521868248,15.063388521868248,0.015122958739755887,120562.63041559617,2074.491615460172,0.9830843093746539,6730,459,54688.79276256623,-0.004079518271855562,0.04759126527171773,99.59204817281444,10041.965617200876,169.94488864631452,0
dodo-k20000000000000000,281,10000,17.96829579168541,-17.979860089940644,17.979860089940644,-0.011564298255233751,121757.31297441153,1486.2074865462923,0.9879408874317486,6292,527,61297.220706704946,-0.0007223345076764076,0.05340101936212733,99.92776654923236,10016.337161298223,116.82539784415584,0
dodo-k20000000000000000,282,10000,17.671568255335426,-17.66449729388716,17.66449729388716,0.007070961448267354,117618.55585961798,2153.1376685401456,0.9820229838527419,7420,500,53345.81256635425,-0.003660533065536811,0.08721579726369626,99.63394669344632,10015.877031615011,71.85428895294675,0
dodo-k20000000000000000,283,10000,16.32938577432487,-16.32581940785321,16.32581940785321,0.0035663664716594212,94256.54404373227,1671.631197062223,0.9825741374432885,5372,436,46295.25373370919,-0.006514857146655828,0.08420823962234295,99.34851428533442,10038.418926197535,59.544311072851286,0
dodo-k20000000000000000,284,10000,95.3885562796867,-95.36445597762143,95.36445597762143,0.024100302065264145,302856.5402765603,1801.3877591173884,0.9940871791168144,10846,1231,168228.20902217712,-0.0005990705519432993,0.245515464923744,99.94009294480567,9998.079449360263,104.0632719251634,0
dodo-k20000000000000000,285,10000,16.741102924581604,-16.727545286357014,16.727545286357014,0.013557638224590107,150204.25512643775,2101.75042408691,0.9862004757035685,10855,544,59941.82687410374,-0.0070462175475417155,0.06696159264417588,99.29537824524583,10065.52497225882,100.77628519878832,0
dodo-k20000000000000000,286,10000,20.394464311247987,-20.397945354797876,20.397945354797876,-0.003481043549889762,135855.88116706445,2252.776675367162,0.9836883747148034,9557,585,59926.60742281658,-0.0025342377020979258,0.09184985530285232,99.74657622979021,10032.209927854849,77.88995752428121,0
dodo-k20000000000000000,287,10000,25.845161637974083,-25.838199391402824,25.838199391402824,0.006962246571259101,176106.70961819575,2987.2447996099586,0.9833202365243381,9767,706,82678.30169233886,-0.0016284062102621987,0.09451152434476072,99.83715937897378,10013.865877480644,115.90317231086996,0
dodo-k20000000000000000,288,10000,63.665166420018174,-63.6958946693224,63.6958946693224,-0.03072824930422513,260954.1578548977,2533.13436926468,0.9903861231868837,9230,1135,147857.41352059197,-0.012410488840666005,0.114354832778684,98.7589511159334,10103.875319090286,95.42736206669963,0
dodo-k20000000000000000,289,10000,12.458571571113387,-12.457406347098413,12.457406347098413,0.0011652240149739868,93853.45772262332,2500.185145092887,0.9740519914900843,6687,394,39233.703847063516,0.0016131127313953185,0.07843355348275921,100.16131127313953,10004.85237568546,57.840803254481386,0
dodo-k20000000000000000,290,10000,42.66500287277513,-42.692637693864654,42.692637693864654,-0.027634821089520756,191594.06296297198,2486.1583973961333,0.98719004760006,8535,860,102592.16864348031,-0.0008414362986847834,0.207402160292054,99.91585637013152,9980.977744148327,86.58954499298352,0
dodo-k20000000000000000,291,10000,39.32623700726932,-39.32887352755803,39.32887352755803,-0.002636520288710642,228258.6538381755,2839.6666430136665,0.9877123008202702,11136,841,107466.54842271535,0.002038012161797411,0.10419099401189612,100.20380121617974,9976.217836241769,153.01921293116803,0
dodo-k20000000000000000,292,10000,40.35871125622629,-40.405099670774035,40.405099670774035,-0.04638841454774223,274583.5503756186,3190.2358792762534,0.9885149858008964,11072,915,131936.36182930678,-0.006710854589676813,0.08317377762022715,99.32891454103232,10275.203724555293,493.09013499152775,0
dodo-k20000000000000000,293,10000,10.492136357563446,-10.486688147860477,10.486688147860477,0.005448209702969109,69770.47538138492,1642.77369173097,0.9769962337093916,4395,295,33613.919299514324,0.0024990617981728745,0.057683147641781146,100.24990617981729,9967.71654050873,103.97254062375309,0
dodo-k20000000000000000,294,10000,31.38807571314748,-31.37445236675341,31.37445236675341,0.013623346394069813,182264.09468999147,3146.6661334197524,0.9830286757928969,10947,760,86612.61051779057,-0.0023061663520365983,0.13501758185482798,99.76938336479634,10005.315612061897,61.9183229772161,0
dodo-k20000000000000000,295,10000,18.311837851491553,-18.310034498909943,18.310034498909943,0.0018033525816107954,110861.7042870383,1612.6757721165554,0.9856618389781888,4741,504,59590.87941786897,-0.001184483784681163,0.06296874680325772,99.88155162153188,9999.244684585863,105.5472614564718,0
dodo-k20000000000000000,296,10000,23.050605484633635,-23.049781561529855,23.049781561529855,0.0008239231037805439,159912.29849499237,85.91504675876708,0.9994630249622358,10032,609,68933.27902073991,0.0014872431890238147,0.09817176073773837,100.14872431890238,9985.592341615973,100.7854773452055,0
dodo-k20000000000000000,297,10000,11.634094120973637,-11.618335498114533,11.618335498114533,0.015758622859104676,95586.02029599073,2054.517891405046,0.9789583514230337,6732,413,41119.95920408429,0.00421423740281,0.0781959057131634,100.421423740281,9956.191435928784,65.1742623323321,0
dodo-k20000000000000000,298,10000,31.13299509002824,-31.115358371265287,31.115358371265287,0.01763671876295092,147485.41258121087,1447.6892535530649,0.9902796004667972,6629,580,74778.14665595407,-0.0008863395038513033,0.09106062426237571,99.91136604961487,10005.316330480522,126.87282753788942,0
dodo-k20000000000000000,299,10000,45.09169644365515,-45.10353535633567,45.10353535633567,-0.011838912680516955,248153.89690804484,3243.4310680112803,0.9870983868678184,11722,1083,126032.8806612883,0.0002077033789602467,0.09916777194730798,100.02077033789602,10024.83037461555,75.61270530574372,0
dodo-k20000000000000000,300,10000,20.808109312879235,-20.80905657123003,20.80905657123003,-0.0009472583507950105,175993.55013508842,1079.3260478746913,0.9939046223727711,10825,728,78142.51776205059,-0.0006500701476605286,0.05519798521701119,99.93499298523395,10010.798417660426,102.79312941173237,0
dodo-k20000000000000000,301,10000,33.68625263662184,-33.66235777445555,33.66235777445555,0.023894862166287112,155130.13984263115,2359.861783905302,0.9850157993553054,6784,726,85004.15387925408,-0.006116309267481626,0.12322229304674011,99.38836907325184,10023.175225075362,63.168482125548095,0
dodo-k20000000000000000,302,10000,38.23217586965018,-38.227832973919945,38.227832973919945,0.004342895730232499,184229.10406445462,1687.3033075695207,0.9909243980592138,7734,758,97087.11607308435,-0.00010266891841439473,0.08252925705715285,99.98973310815856,9997.906490118761,101.9797741604915,0
dodo-k20000000000000000,303,10000,38.936717853619186,-38.94310789760529,38.94310789760529,-0.006390043986101546,215332.1769296409,1748.991743484442,0.991943143874824,9476,856,108275.007301584,-0.002790812796047959,0.10232492349845146,99.7209187203952,10030.658199445605,99.98327419905475,0
dodo-k20000000000000000,304,10000,11.023659413161141,-11.035689109251997,11.035689109251997,-0.012029696090856135,109004.18203741258,2610.4689146501223,0.976611771910022,8657,420,43646.50345646225,0.00047255337074702196,0.04499201847464576,100.0472553370747,10016.53129538496,80.1618422792759,0
dodo-k20000000000000000,305,10000,7.6577488944403305,-7.654212392142071,7.654212392142071,0.003536502298259414,68448.59072435359,1004.2076668017835,0.9855411489520389,4126,290,31473.426669555247,0.0049146654826043345,0.0460721437597023,100.49146654826043,9955.080117279369,120.98806606627531,0
dodo-k20000000000000000,306,10000,46.28039713145289,-46.27876958770763,46.27876958770763,0.0016275437452577535,215295.97722168406,2946.0371295883742,0.9865010541698604,8749,944,118278.22838708271,-0.0007130568361134237,0.11010429381730262,99.92869431638866,10003.752530729835,88.33883802758481,0
dodo-k20000000000000000,307,10000,31.424795160154034,-31.400859115957836,31.400859115957836,0.02393604419619777,118719.13163235114,788.2486721516615,0.9934041841588092,4578,586,68832.54667532424,0.0056218205995530466,0.12716445652321495,100.5621820599553,9948.108540660845,35.262454488288526,0
dodo-k20000000000000000,308,10000,28.190319135879662,-28.136108303930534,28.136108303930534,0.05421083194912768,145562.80197187222,3080.83508601048,0.9792736833746151,7481,632,72988.97149758413,0.0029619105862514063,0.1476879507041987,100.29619105862514,9944.803734852572,71.39019780118406,0
dodo-k20000000000000000,309,10000,13.625987582135284,-13.625052131969746,13.625052131969746,0.0009354501655387537,82677.91454412631,1626.7086652740113,0.9807043955201187,5241,345,37730.32366068489,-0.0017105115808089977,0.09186969511229051,99.8289488419191,10001.677932918099,74.06469152766799,0
dodo-k20000000000000000,310,10000,34.19378703605926,-34.2313484917767,34.2313484917767,-0.0375614557174373,204324.88728129762,3392.5036728481628,0.983667695529658,10569,795,94804.03072111068,0.0021403080909014704,0.09772671336831323,100.21403080909015,9998.739949170367,83.06030370845933,0
dodo-k20000000000000000,311,10000,33.78318523590226,-33.796079607226986,33.796079607226986,-0.012894371324726706,231610.74280886725,2930.6624969672994,0.9875047116173546,11159,914,113807.6525158047,0.0025239932849299863,0.06035418608144127,100.252399328493,9982.465950734428,120.39333735672653,0
dodo-k20000000000000000,312,10000,17.561441284284605,-17.558302784866058,17.558302784866058,0.003138499418547269,146919.0471045072,1561.2303198499594,0.9894852680306626,9657,578,63266.86696596873,-0.0021266585301128772,0.08021672559357569,99.78733414698871,10019.058673697116,128.03620268275165,0
dodo-k20000000000000000,313,10000,40.005477174865355,-40.0123937823041,40.0123937823041,-0.00691660743874678,192392.44023214013,2129.364555822223,0.9890533374490159,7530,842,105501.39249629555,-0.002964929456807823,0.09055595266512427,99.70350705431922,10029.982914516902,109.12406973599073,0
dodo-k20000000000000000,314,10000,29.183901484835623,-29.181111510240875,29.181111510240875,0.002789974594747946,147292.90163080874,1820.804930137965,0.9877891511643583,7846,664,73257.96210134053,0.002482356691002252,0.14872944214001635,100.24823566910023,9977.397312819443,45.73847996385439,0
dodo-k20000000000000000,315,10000,45.14866265435602,-45.22019506345249,45.22019506345249,-0.07153240909646996,247088.42133661118,3729.3923586256365,0.9851310706218135,11431,928,119050.40721503209,0.0055298434216457795,0.1664353611281669,100.55298434216458,9969.416148120128,216.21833919433251,0
dodo-k20000000000000000,316,10000,45.188225111107876,-45.17470402740965,45.17470402740965,0.01352108369822247,136416.76862834938,2077.675662421071,0.9849981299028937,5665,701,76571.47330013223,0.00713031119446697,0.2321508771729023,100.7130311194467,9934.34276760269,30.169280603748007,0
dodo-k20000000000000000,317,10000,14.592435796673008,-14.599376717756684,14.599376717756684,-0.006940921083675278,144090.3099333782,2166.4029253774006,0.985187668428802,10473,547,57977.744814149024,0.00103306746748828,0.05544740188441097,100.10330674674883,10000.503876203418,94.60567878562699,0
dodo-k20000000000000000,318,10000,41.403171675911004,-41.42996939693109,41.42996939693109,-0.02679772102008826,194851.82568685216,1704.2330679799943,0.9913295317438893,9660,841,97298.61209473806,0.0073945337332159515,0.1323103771232195,100.7394533733216,9988.726231425977,73.23341597513519,0
dodo-k20000000000000000,319,10000,24.76261082017409,-24.78623111965402,24.78623111965402,-0.02362029947992994,142115.24722850218,1738.9664642813063,0.9879116056482359,7582,577,68247.15462922034,0.0015684516216349208,0.07044703928636238,100.15684516216349,10008.162537139615,80.54127455886922,0
dodo-k20000000000000000,320,10000,15.497913966120846,-15.501828377918017,15.501828377918017,-0.003914411797170558,96854.9465415771,1193.7393158997086,0.9878250350276502,4188,395,48002.54351471373,-0.00235432746775075,0.06295053390958188,99.76456725322493,10039.666100541494,119.30523616592417,0
dodo-k20000000000000000,321,10000,21.329984906650488,-21.33945286994168,21.33945286994168,-0.009467963291193371,158144.99301214935,2459.700185627737,0.9846847552418737,10067,636,68854.28962508903,0.00025860648976419045,0.07290671397936734,100.02586064897642,10004.977204422936,79.383797537046,0
dodo-k20000000000000000,322,10000,8.707517994789713,-8.703047351456696,8.703047351456696,0.004470643333016611,74800.72073157546,1719.2290527106256,0.977532276778053,4720,315,32404.641248865144,0.003510309472547988,0.0446063551359947,100.3510309472548,9966.972281167913,89.50265190011257,0
dodo-k20000000000000000,323,10000,27.40669649178716,-27.425155013289555,27.425155013289555,-0.018458521502395797,156944.50350846676,2371.9247216915664,0.9851118635532996,8121,687,75766.08864480404,0.0008166311799298853,0.11938546193580692,100.08166311799299,9984.767946676146,64.41284481911472,0
dodo-k20000000000000000,324,10000,8.89475223772736,-8.89799719555883,8.89799719555883,-0.003244957831469719,70835.77815400087,1726.0203574707407,0.9762130984501732,4588,285,30595.00163548276,-0.000590699399178618,0.05970386270267227,99.94093006008214,10008.587660428906,110.53762081098655,0
dodo-k20000000000000000,325,10000,26.20031049602011,-26.210899562487818,26.210899562487818,-0.010589066467709074,150980.4330860544,1420.909339089775,0.9906765300326165,6911,658,77087.45517836857,-0.0006351126714140776,0.09382162269730344,99.93648873285859,10018.05323349184,88.53201256206908,0
dodo-k20000000000000000,326,10000,8.01742016910503,-8.01202921780407,8.01202921780407,0.005390951300960012,73170.27684982233,2021.5895018768456,0.9731142529110641,4493,270,30312.426650097073,0.0016381094164709964,0.05226197323610137,100.1638109416471,9969.671909432178,107.76756774471322,0
dodo-k20000000000000000,327,10000,34.181524807391966,-34.18484415463416,34.18484415463416,-0.0033193472421970682,144120.9283205802,1231.0042079000996,0.9915308714064816,5333,652,83289.18407913335,-0.001744039850430994,0.11036858788630098,99.8255960149569,10021.39924384851,90.85897714735844,0
dodo-k20000000000000000,328,10000,25.497093647373042,-25.363250973109125,25.363250973109125,0.13384267426391716,119028.1013795376,1951.3749336970698,0.9838701985397535,5354,572,64468.505294720606,-0.037999709687409504,0.11622057496568615,96.20002903125905,10170.712170283443,40.753389784457795,0
dodo-k20000000000000000,329,10000,45.04416433234681,-45.043113864624715,45.043113864624715,0.0010504677220950498,208082.07907977342,4096.820575201729,0.9806916682956525,10049,832,102038.98217625119,0.00014393067924785895,0.17774940147112617,100.01439306792479,9990.481972283442,93.56275568572572,0
dodo-k20000000000000000,330,10000,36.04881442820327,-36.050633503467566,36.050633503467566,-0.0018190752642937014,134805.01601032136,1985.8963652669354,0.9854822492899658,5989,711,75163.72903131804,0.009637813735195238,0.18583728864581275,100.96378137351952,9956.258324594022,45.87125524823195,0
dodo-k20000000000000000,331,10000,37.157707054440955,-37.14832717975676,37.14832717975676,0.009379874684192657,243441.2835062631,2678.500297289113,0.9891170865832264,11577,904,111735.72705953306,-0.0011402328019516972,0.08957592980620589,99.88597671980483,10004.4861256057,111.84763406821621,0
dodo-k20000000000000000,332,10000,18.591660866492866,-18.59388861889647,18.59388861889647,-0.0022277524036056207,137372.59643773927,2463.5241761525976,0.9823827766006556,9236,516,57183.64563546881,-0.00037127508028063973,0.09021514338504005,99.96287249197194,10001.087942791504,96.18037729242826,0
dodo-k20000000000000000,333,10000,29.388408133741557,-29.37509327663382,29.37509327663382,0.013314857107737055,178183.77382910805,2123.4695061863645,0.988223049352279,8893,712,85764.92101158336,0.0074815945515321405,0.07966307920430665,100.74815945515321,9949.645637302818,106.66347682725883,0
dodo-k20000000000000000,334,10000,13.716930047429452,-13.717825432874363,13.717825432874363,-0.0008953854449114118,92286.95560003255,1131.9604272248687,0.9878829633722725,6171,420,41752.42178981631,0.008827298564542048,0.17812727920480015,100.8827298564542,9947.037848449467,43.53506572387395,0
dodo-k20000000000000000,335,10000,43.38019492617035,-43.33570149832608,43.33570149832608,0.04449342784426591,170591.98744974594,1930.7509721028418,0.9888087159422325,6231,767,96760.38294793387,-0.0008146395205190515,0.0957017030503728,99.9185360479481,9987.143934539623,71.3855580917928,0
dodo-k20000000000000000,336,10000,22.472710459654138,-22.489677445153504,22.489677445153504,-0.016966985499365705,165681.90683837433,2787.9053127446455,0.9834516031261206,11376,621,67868.94118546027,0.0010142479462416532,0.11549090897439768,100.10142479462417,9989.322235388077,74.95867785187997,0
dodo-k20000000000000000,337,10000,24.67993950019759,-24.685878166606983,24.685878166606983,-0.005938666409392113,151902.03304303304,1884.2577249956807,0.9877475572394299,8139,625,71812.90196422744,-0.0032331845631081535,0.08948306873781277,99.67668154368918,10028.871536127543,91.34596491098851,0
dodo-k20000000000000000,338,10000,43.3516221523965,-43.37187436282717,43.37187436282717,-0.020252210430669493,179254.46616180488,1905.0431394031768,0.9894841670373719,6722,809,101140.85303536513,-0.003134153723002271,0.10347898030615937,99.68658462769977,10057.467164264403,87.77483026771564,0
dodo-k20000000000000000,339,10000,17.034099983782713,-17.03182174568417,17.03182174568417,0.0022782380985439943,118746.53812897555,2485.7258168190274,0.9794961692876539,7609,456,50742.31668729728,-0.003850409468002596,0.10387719769124387,99.61495905319974,10034.629360161716,90.66365827772091,0
dodo-k20000000000000000,340,10000,40.43554665861751,-40.385822243361346,40.385822243361346,0.04972441525616489,203148.72674750342,1559.075776727161,0.9923838966688012,9101,815,102553.08571197656,0.007986760549852222,0.11245699688361327,100.79867605498522,9896.068506965063,113.06145681175519,0
dodo-k20000000000000000,341,10000,7.322344976475101,-7.325313485709664,7.325313485709664,-0.0029685092345630437,65722.5189749705,1140.6496843646312,0.9829405380086578,4785,294,27498.93510943268,-0.0018387631836137076,0.053847129934955405,99.81612368163863,10023.099754000228,75.43729239482286,0
dodo-k20000000000000000,342,10000,32.97200072763041,-32.97125974092866,32.97125974092866,0.000740986701750046,168647.69044714308,2015.976088725572,0.9881874324532816,7197,728,89786.7065324021,0.006903354456433987,0.09678035979779324,100.6903354456434,9941.659900927683,83.65751360198476,0
dodo-k20000000000000000,343,10000,34.03998865186371,-34.035075226143086,34.035075226143086,0.004913425720623366,177291.28287714234,2092.9722844472367,0.9883324638354583,8565,835,91603.76392887686,0.0023551184921068113,0.0861235667632576,100.23551184921068,9999.559200777969,63.41902642153338,0
dodo-k20000000000000000,344,10000,68.5414355925241,-68.53983061719069,68.53983061719069,0.0016049753334073102,285133.0360735373,3355.6706709109153,0.988368103872144,11228,1294,154022.9656849616,-0.003679798741266609,0.14812213501182867,99.63202012587334,10019.529957730858,59.25613573620295,0
dodo-k20000000000000000,345,10000,14.999331778680084,-14.983581575539873,14.983581575539873,0.015750203140211028,116763.95836584091,1498.7413349388962,0.9873270157139072,6299,445,53548.161085005944,-0.001506536504642071,0.04777980056728566,99.8493463495358,9994.165045676971,139.56768586631839,0
dodo-k20000000000000000,346,10000,39.5042620783215,-39.51755917810152,39.51755917810152,-0.013297099780018584,248983.3078584969,3552.5743384309517,0.9859323977744254,11650,922,119618.83029174432,0.0005639349447670839,0.08026527999656764,100.05639349447671,10002.794454573406,90.28591474858376,0
dodo-k20000000000000000,347,10000,27.68535923723615,-27.686363379621483,27.686363379621483,-0.0010041423853337506,129966.76721448978,1388.3403267558676,0.9894306330926651,7170,510,61858.284412683206,0.001287044915432034,0.19639729115959967,100.1287044915432,9982.345907998364,122.91590736336742,0
dodo-k20000000000000000,348,10000,25.57008430346939,-25.54621072879611,25.54621072879611,0.023873574673277886,146706.1405977411,1791.3727509207492,0.9879366818303905,7953,619,70629.54437799353,-0.005386962360443448,0.10751562891423376,99.46130376395566,10038.465455719868,97.38786993123438,0
dodo-k20000000000000000,349,10000,11.639995924757358,-11.59010409857278,11.59010409857278,0.049891826184577326,91874.82684620723,1568.6694556932016,0.9832126416735832,4532,353,43096.759109915634,0.007241512287988314,0.05128092396610441,100.72415122879883,9865.723369081103,169.6359167203853,0
dodo-k20000000000000000,350,10000,67.62472130904392,-67.57745680652023,67.57745680652023,0.047264502523688634,242076.0657458645,2109.5017440736615,0.9913610711486436,10933,1128,129732.59645887489,-0.004510136622135832,0.23092722186815165,99.54898633778642,9977.749012290324,37.16394604801527,0
dodo-k20000000000000000,351,10000,21.618254384176623,-21.595533175785462,21.595533175785462,0.022721208391160985,138734.6241822818,1752.2368623619332,0.987527396873042,6920,552,66470.33187005275,0.0029804614544953266,0.11400073156151791,100.29804614544953,9958.785557200452,141.52990195223055,0
dodo-k20000000000000000,352,10000,72.92429088883677,-73.00668112918046,73.00668112918046,-0.0823902403436989,292324.2036057823,2444.138451027826,0.9917082735751971,11735,1266,159991.3885669932,0.02109664182554809,0.20403243181750852,102.10966418255481,9850.041839196532,75.13661845490097,0
dodo-k20000000000000000,353,10000,37.116224111178155,-37.12283382275639,37.12283382275639,-0.006609711578235533,215481.0280729385,3698.2461179374354,0.9831268438515005,8315,896,115313.47884381763,0.0007942928585161724,0.06325946607110382,100.07942928585162,9988.71513769084,144.46897762998216,0
dodo-k20000000000000000,354,10000,55.30102068907094,-55.27791066776912,55.27791066776912,0.02311002130181805,273774.2430818636,2569.768087984213,0.990700836695879,11737,1138,144388.02956849744,0.009976588673604568,0.10319174014879053,100.99765886736046,9894.587233092216,91.15506987045693,0
dodo-k20000000000000000,355,10000,60.4729564593689,-60.6369944982614,60.6369944982614,-0.16403803889249957,233220.67049368747,1557.5577797516196,0.9933658338287756,8204,879,124721.22104802597,-0.009294661870424648,0.1422626888768589,99.07053381295754,10073.366856943961,154.18981019057375,0
dodo-k20000000000000000,356,10000,27.66227484203896,-27.658159893428703,27.658159893428703,0.0041149486102582955,128606.85881632967,159.64270313988553,0.9987602155742675,4867,538,69072.70221652716,-0.004227125679704073,0.0905756132796698,99.57728743202959,10041.025881299449,97.80831608080179,0
dodo-k20000000000000000,357,10000,25.055933197221933,-25.02804125656297,25.02804125656297,0.027891940658960834,110037.40390306395,514.6844755750409,0.9953444165268751,4422,469,59734.55576257371,0.011932802971931125,0.10235062794687863,101.19328029719311,9881.258529874267,98.8813785647594,0
dodo-k20000000000000000,358,10000,23.0697818558352,-23.07942632532925,23.07942632532925,-0.009644469494052288,129271.89126077147,1975.8129487107692,0.9849459237354948,7108,496,60909.27236256751,-0.003712336438917845,0.1231797631971844,99.62876635610822,10037.636908777058,144.43542147189282,0
dodo-k20000000000000000,359,10000,42.070192414879344,-42.06217331892299,42.06217331892299,0.008019095956356637,195409.8296665778,2428.046935948385,0.9877270875645994,7439,829,107817.23189656244,-0.003774888195080024,0.09496223274804322,99.622511180492,10033.815359567245,106.20999279808248,0
dodo-k20000000000000000,360,10000,23.661730652373446,-23.659912935950643,23.659912935950643,0.0018177164228028175,125945.04183895908,632.75683662402,0.9950010440753061,5053,572,69265.76955913552,0.0017225248513049961,0.09339213702811008,100.1722524851305,9982.912300487644,96.80170645181772,0
dodo-k20000000000000000,361,10000,59.15662447529487,-59.22380956955768,59.22380956955768,-0.06718509426281116,173790.85962613203,2070.848852716885,0.9882245608175361,9208,874,90964.67635532455,-0.01106415769876662,0.40242304320716044,98.89358423012334,10011.938559973672,35.89070504569022,0
dodo-k20000000000000000,362,10000,44.278240628426815,-44.27870295108845,44.27870295108845,-0.00046232266163315217,237070.6619798133,1455.4085181176306,0.993898325180642,11674,968,117160.03809316272,0.002366643233368251,0.11633109747024789,100.23666432333683,9978.268833450404,97.38404598995342,0
dodo-k20000000000000000,363,10000,35.384881651881514,-35.36781633142837,35.36781633142837,0.017065320453141908,165821.69937576712,1568.9112480131755,0.9906272446096789,6594,703,89650.3763679666,0.00669945261648067,0.14985006896449904,100.66994526164807,9919.490308719442,105.30057743395567,0
dodo-k20000000000000000,364,10000,34.64695263090506,-34.65836718193187,34.65836718193187,-0.011414551026810216,115385.84446953189,1408.9614557072543,0.9879364373736865,4601,527,63240.33815165837,0.00012403914033328077,0.3286675407488167,100.01240391403333,10011.946594005312,78.58188494603716,0
dodo-k20000000000000000,365,10000,47.41979717467734,-47.41462338526745,47.41462338526745,0.00517378940989488,235371.23146276007,2455.349156336181,0.9896758842096431,9179,976,126128.66175778718,0.002738837004425392,0.08670587719121257,100.27388370044254,9975.220196791048,95.25272921915307,0
dodo-k20000000000000000,366,10000,23.732046982519766,-23.71606452925667,23.71606452925667,0.015982453263095664,161351.45679911086,2596.735591659016,0.9841612429280727,10775,612,67259.10738312836,-0.006581715340882539,0.15025907876912684,99.34182846591175,10066.17535195673,89.16800316112867,0
dodo-k20000000000000000,367,10000,27.702177413204595,-27.703776655708808,27.703776655708808,-0.0015992425042128389,157871.54392644647,1858.2454195221305,0.9883663189744948,7834,658,79712.86220989865,-0.0007723268679538365,0.08140059101945737,99.92276731320462,10009.060415746046,102.15133618218331,0
dodo-k20000000000000000,368,10000,15.603462840229183,-15.607383540098539,15.607383540098539,-0.00392069986935617,132498.5583262565,2773.361748016577,0.9794978754903912,10449,513,52723.155793000406,0.0001576342051885149,0.07740058283332103,100.01576342051885,10009.374271493716,46.64121858200154,0
dodo-k20000000000000000,369,10000,40.90487317191206,-40.8922274477779,40.8922274477779,0.012645724134159764,200357.09085559816,2887.2548078848404,0.9857941690901191,9525,706,96919.50273093041,-0.002744064381982838,0.12795923448418164,99.72559356180172,10019.444303701966,159.14475917761348,0
dodo-k20000000000000000,370,10000,37.99702194281833,-37.99327036083568,37.99327036083568,0.0037515819826481334,182841.99414577868,1906.7633715779623,0.9896791545599498,6890,778,100835.40599708556,-0.001313136509704691,0.08725070378539158,99.86868634902953,10007.57565874576,99.22440146244203,0
dodo-k20000000000000000,371,10000,32.23453581437228,-32.23937170184846,32.23937170184846,-0.004835887476183132,145103.13095738227,1461.8695106128885,0.9900257939757445,5403,649,82022.55291531897,0.0013656995272333461,0.09702361179281467,100.13656995272333,9999.610899979842,58.151763025720285,0
dodo-k20000000000000000,372,10000,13.827480955225887,-13.799110794473947,13.799110794473947,0.028370160751940432,120700.00907900676,1735.212312154976,0.9858275070487172,7538,455,51058.88362691196,-0.0006083967621884767,0.04744980031862056,99.93916032378115,9997.4902412393,117.61770074891827,0
dodo-k20000000000000000,373,10000,15.409537230862519,-15.40893415238881,15.40893415238881,0.0006030784737092176,94287.72717918406,1565.8201537834436,0.9836644527265722,4800,409,48359.10227757947,0.005949232807250553,0.06444100797714768,100.59492328072506,9932.254136324525,97.85218742429431,0
dodo-k20000000000000000,374,10000,12.637689971293657,-12.641305919035133,12.641305919035133,-0.003615947741476333,82554.2819899391,1197.250548902837,0.9857047326465628,4492,365,40379.39875524007,-0.00037557130732395193,0.06332631464279714,99.9624428692676,10017.98621201107,94.7746136680901,0
dodo-k20000000000000000,375,10000,62.258028863137405,-62.16542366741555,62.16542366741555,0.09260519572185189,272748.9987215791,2084.6880415678365,0.9924147288270216,11356,1126,145143.2197973774,-0.0038203460070657513,0.16340395079064352,99.61796539929342,10047.897191204504,155.8141834348393,0
dodo-k20000000000000000,376,10000,41.106224787643185,-41.02519500728073,41.02519500728073,0.08102978036245645,196243.2492211137,2310.9716592924574,0.9883610046210782,7931,689,99852.87225601489,0.001913495110050718,0.13340676194075357,100.19134951100507,9961.696944256315,217.7149092138442,0
dodo-k20000000000000000,377,10000,31.67304815507836,-31.67769354848847,31.67769354848847,-0.004645393410111609,189808.3841972991,2183.1402524876835,0.9886289758949299,9816,801,90487.17958484076,-0.003546737516485479,0.1427009297979241,99.64532624835145,10032.771865509354,67.52459434563514,0
dodo-k20000000000000000,378,10000,41.45989728603846,-41.47854594287219,41.47854594287219,-0.018648656833725852,199158.27908128765,2102.880115754746,0.9895514856212472,8197,838,106700.96322374175,-0.003058973740465092,0.09723144959896488,99.69410262595349,10046.45473609142,104.99722800548626,0
dodo-k20000000000000000,379,10000,24.001460531828275,-24.00645262272033,24.00645262272033,-0.004992090892056211,146714.59447526568,1689.1735410804793,0.9886177179753656,7368,631,72651.36638827302,-0.00644719277930065,0.060573493115544184,99.35528072206993,10099.517696542645,107.09477794308499,0
dodo-k20000000000000000,380,10000,19.665573085115444,-19.662713839754154,19.662713839754154,0.002859245361289453,109564.08341210296,1860.3587077107638,0.9833038544118503,6630,471,50201.32803607131,-0.004901113224261735,0.08310031952354308,99.50988867757383,10006.785190678109,37.25852570816146,0
dodo-k20000000000000000,381,10000,17.728048416175618,-17.72382167875017,17.72382167875017,0.0042267374254478796,109202.4001524554,1336.4567413813977,0.9879096203910906,6466,455,50950.337620291415,-0.0031093894581732686,0.1314459998822298,99.68906105418267,10027.031833433279,100.82310097088454,0
dodo-k20000000000000000,382,10000,8.415412986411136,-8.41731923944252,8.41731923944252,-0.001906253031384253,68347.31371194485,1381.4318943395901,0.9801884877989963,5566,297,27762.808856869353,0.0021327680485451594,0.07412525882486022,100.21327680485452,9984.105474306332,66.42757372228675,0
dodo-k20000000000000000,383,10000,27.854681895751803,-27.833381914117922,27.833381914117922,0.021299981633880805,118797.58235318772,1298.7152582885303,0.9891860508265624,4507,571,67717.88618129515,0.004760197297091508,0.11149542771504257,100.47601972970915,9959.082305201557,73.20381602030669,0
dodo-k20000000000000000,384,10000,21.709924059779837,-21.726815757071236,21.726815757071236,-0.016891697291399055,130606.32163466675,1833.1660429639312,0.9861584631962182,5990,572,66353.43912226563,0.00017177143717702847,0.09535947429626106,100.0171771437177,10016.97820821123,84.48340316634926,0
dodo-k20000000000000000,385,10000,13.40965293702278,-13.388882642159118,13.388882642159118,0.020770294863662997,63449.68279506812,1420.9184147633698,0.9780961115164133,4367,243,27511.054321824668,-0.0010911772280471155,0.1578039089281245,99.89088227719529,9998.615969273715,104.61406622725117,0
dodo-k20000000000000000,386,10000,22.240384124502864,-22.245010348178425,22.245010348178425,-0.004626223675561647,164814.22373160144,2610.883226631767,0.9844056648726939,9188,684,76492.12573133562,-0.001028505001706037,0.048731838227940895,99.8971494998294,10016.251078478152,93.76261887180742,0
dodo-k20000000000000000,387,10000,27.540303500116067,-27.542416192452038,27.542416192452038,-0.002112692335970223,192313.74012165781,2987.9782292851005,0.9847007069138228,11281,702,83988.71076809027,-0.0017685590720378742,0.10463680755947649,99.82314409279621,10035.614124762653,150.68622293412932,0
dodo-k20000000000000000,388,10000,38.44552985877084,-38.474329099231014,38.474329099231014,-0.02879924046017379,233670.11476673675,2285.010469424488,0.9903159108447529,10022,880,115335.05752723347,-0.004639544178388633,0.06257423845929395,99.53604558216114,10097.525394283019,102.91410981530791,0
dodo-k20000000000000000,389,10000,47.26359363343987,-47.25294129641574,47.25294129641574,0.010652337024126268,134504.90864657698,1038.572498965012,0.992337717091316,5037,660,79483.36190130646,-0.007070882942060877,0.24579750640535608,99.29291170579391,10036.042483038054,50.707941737509806,0
dodo-k20000000000000000,390,10000,23.3034805856746,-23.301120378300936,23.301120378300936,0.002360207373662604,173171.44633994295,1266.7095504185895,0.9927383458971284,10165,745,80292.74250336931,0.0031946401094894838,0.07943322656174573,100.31946401094895,9973.104987698669,84.43827250739176,0
dodo-k20000000000000000,391,10000,24.622903412103064,-24.61737296309431,24.61737296309431,0.005530449008752214,170346.30770180226,2467.455033790412,0.9857218835193952,8999,707,80847.49179168894,-0.0020364748473764393,0.0848881287893714,99.79635251526236,10030.370910021176,148.86748956424333,0
dodo-k20000000000000000,392,10000,13.680045884362267,-13.68421434851384,13.68421434851384,-0.004168464151574014,91859.48394717838,1669.0504453146239,0.9821546391573887,5116,406,44904.97672339998,0.0018879704831063293,0.0608734618430806,100.18879704831063,9997.774190098158,111.24275701570009,0
dodo-k20000000000000000,393,10000,53.28010914491793,-53.25656762551973,53.25656762551973,0.023541519398200705,240493.56550792392,3372.133439234662,0.9861721699534081,10675,1065,124884.67727533141,0.007806639377755005,0.2007075780194296,100.7806639377755,9962.828453893753,59.912073026557394,0
dodo-k20000000000000000,394,10000,59.24725471551267,-59.229191095155144,59.229191095155144,0.01806362035752329,247549.41169339832,2724.6587570909905,0.9891132998628798,9733,1090,135824.13520818803,0.006269560903967744,0.17979186194946933,100.62695609039677,9928.901576155069,88.08142200921634,0
dodo-k20000000000000000,395,10000,12.022023066482774,-12.011217743114088,12.011217743114088,0.010805323368686004,82386.9438666459,1177.860682591626,0.9859048233410561,4593,363,38989.08691622118,-0.0037490993020433904,0.0650520363832706,99.62509006979566,9989.096955716299,155.1184015835788,0
dodo-k20000000000000000,396,10000,43.59831760137544,-43.59702138646078,43.59702138646078,0.0012962149146602542,180386.1701431461,544.2804587721157,0.9969917697271995,6659,782,102978.52379568371,0.000020534362760145087,0.11370182990075178,100.00205343627601,10000.511977142127,103.43715369072217,0
dodo-k20000000000000000,397,10000,29.529437728836292,-29.538782794863018,29.538782794863018,-0.009345066026725135,164870.83031107942,2566.6204954743985,0.9846711683490708,7960,708,84127.70595346426,0.004588230919521407,0.10022164763895546,100.45882309195214,9967.591290343575,79.41108286165839,0
dodo-k20000000000000000,398,10000,12.727874963039536,-12.716527578394718,12.716527578394718,0.011347384644817993,116019.48417108337,1620.823267459473,0.9862222115637855,5519,434,54872.81214332496,0.00004274036226320277,0.03897529569251659,100.00427403622632,9957.755483387933,198.38121121080906,0
dodo-k20000000000000000,399,10000,8.522971008016285,-8.516018705473343,8.516018705473343,0.0069523025429418794,82816.21531420041,1094.7927905725319,0.9869529300708012,6619,315,31981.017496046024,-0.006149518656947635,0.07473743714156413,99.38504813430524,10059.287870715745,95.64050066528185,0
dodo-k20000000000000000,400,10000,35.210750282299614,-35.1845915878629,35.1845915878629,0.0261586944367167,185455.4679803014,1617.4175868916893,0.9913540779467438,7333,766,97055.0122161159,-0.0035961894163693844,0.09533947353355089,99.64038105836306,10033.785087803104,104.7825873962232,0
dodo-k20000000000000000,401,10000,8.71069100020821,-8.707001409542528,8.707001409542528,0.0036895906656813082,64709.24641117073,1410.496793159467,0.9786675397573672,4002,285,30531.97147960773,0.0030529923676394333,0.045683875248923866,100.30529923676394,9972.34134962264,82.87062419917793,0
dodo-k20000000000000000,402,10000,52.303163799927276,-52.28664612327235,52.28664612327235,0.016517676654927982,252116.78472196785,182.56159166334876,0.9992764087805587,10289,1039,133016.40455152016,0.00955781897859481,0.10220281279792828,100.95578189785948,9904.93711730122,99.80422989275071,0
dodo-k20000000000000000,403,10000,28.658405777139187,-28.669490148853754,28.669490148853754,-0.011084371714566998,187868.4602561953,2029.9816944104648,0.9893101719342253,9793,777,89469.67807132665,0.0039460181675733,0.07351198985928675,100.39460181675733,9982.867468439159,79.5186281759675,0
dodo-k20000000000000000,404,10000,28.232957674847263,-28.25191604679256,28.25191604679256,-0.018958371945295482,155311.57721784443,2364.8136363256544,0.9850021070147859,5888,665,84832.71039443884,-0.002568233205350765,0.05793874273902389,99.74317667946492,10032.548007957226,120.4283501745212,0
dodo-k20000000000000000,405,10000,7.379120768839088,-7.374066944805087,7.374066944805087,0.005053824034001231,55878.27711723975,1307.8069466797388,0.9771306784143858,4240,231,24425.487014630267,0.0059948208759550425,0.06999660284618074,100.5994820875955,9960.61155552616,70.0721854917118,0
dodo-k20000000000000000,406,10000,17.54706692307716,-17.55610095910535,17.55610095910535,-0.009034036028189973,140505.35025828256,2112.5446771135207,0.9851873800404186,9385,542,58757.75009417283,-0.0009751614121303475,0.08711682243018416,99.90248385878697,10022.316974361656,115.35967467289188,0
dodo-k20000000000000000,407,10000,12.368215331996293,-12.360546800944974,12.360546800944974,0.00766853105131915,82531.15292464069,1731.4929840280502,0.9794512388573129,5123,343,38393.73722152445,0.00006225810017284062,0.07813447957207714,100.00622581001728,9982.376786256009,104.9332958814478,0
dodo-k20000000000000000,408,10000,43.94413155259681,-43.94201530975164,43.94201530975164,0.0021162428451688697,143349.73676048088,1672.009592741785,0.9884706284761642,7700,645,71925.74066212386,0.004279224256252831,0.2425270206935919,100.42792242562528,9980.651118425425,70.17455432988118,0
dodo-k20000000000000000,409,10000,28.946138243134726,-28.931108530652935,28.931108530652935,0.01502971248179108,167327.45365983975,2870.3653620949854,0.9831351225380565,5974,646,89576.5009446898,-0.0038819633175930335,0.07092584723525988,99.6118036682407,10052.219627460528,119.38920600185742,0
dodo-k20000000000000000,410,10000,37.89351493423594,-38.020100268227196,38.020100268227196,-0.12658533399125815,135282.85957504457,1328.078908402475,0.9902783852951614,4749,651,79902.71116338126,-0.003183150588875776,0.20442406260641618,99.68168494111242,10030.07335881715,38.63694140995803,0
dodo-k20000000000000000,411,10000,25.696836501919385,-25.69427508584627,25.69427508584627,0.002561416073113776,128419.0760876227,1703.7719133671294,0.9869064354220546,5872,511,63724.95130315655,-0.006269202158769218,0.11184297661331513,99.37307978412308,10068.312135607866,115.05567820961065,0
dodo-k20000000000000000,412,10000,11.573823540501467,-11.582035453872649,11.582035453872649,-0.008211913371182433,120732.49158170335,1964.0828188130097,0.9839923581533606,9210,400,45337.15931271449,0.003153022782654773,0.05717507517919898,100.31530227826548,9981.308014090073,149.97496318984773,0
dodo-k20000000000000000,413,10000,29.99145118866854,-29.971657530675273,29.971657530675273,0.01979365799326871,171370.2012801999,2790.4558220716694,0.9839776912392272,8402,706,82269.91181857728,-0.004442584048349829,0.11981230024590829,99.55574159516502,10027.177507028035,111.05521381129603,0
dodo-k20000000000000000,414,10000,58.1348395883075,-58.047610424082784,58.047610424082784,0.08722916422471627,265171.13345451123,2831.1130957136284,0.9894362337176041,11561,1112,137548.2453366814,-0.025438158218968,0.1680275419775026,97.4561841781032,10177.519861680694,70.54611788601315,0
dodo-k20000000000000000,415,10000,24.70225586047475,-24.706379795159094,24.706379795159094,-0.004123934684344022,140222.49710262267,1190.3635080856916,0.9915823532389844,5746,592,72046.66434599944,-0.0005710745270367568,0.07012711988421116,99.94289254729632,10007.548522525705,101.89334590755318,0
dodo-k20000000000000000,416,10000,9.766184240706004,-9.76663782449252,9.76663782449252,-0.0004535837865162762,90344.66878989068,1711.2400247432229,0.9814108616515967,6263,349,37521.5344765058,-0.0009249392789266154,0.04156605591754385,99.90750607210734,10014.679783926134,111.54540870840175,0
dodo-k20000000000000000,417,10000,30.143376327279586,-30.13855831934076,30.13855831934076,0.004818007938826696,156391.3124363997,2669.399687197337,0.983217730817632,7194,658,80798.67556812965,0.0010461308591851548,0.11280654471253385,100.10461308591852,9978.79397680229,107.07520351566187,0
dodo-k20000000000000000,418,10000,12.366301741307897,-12.375121735042342,12.375121735042342,-0.008819993734444864,99919.52247269147,1224.8655242938491,0.9878899309338808,5456,411,47324.069058070796,-0.0009428941247317369,0.04786875011506822,99.90571058752683,10029.999926710962,154.00157860553227,0
dodo-k20000000000000000,419,10000,17.421037600631514,-17.412131452113414,17.412131452113414,0.008906148518100565,121647.91540396014,2627.141636617261,0.9788602660970055,7671,480,53129.701647719325,-0.0007010173231989825,0.11370444669592515,99.9298982676801,10010.569812872896,103.70456875739303,0
dodo-k20000000000000000,420,10000,28.194594513155252,-28.181850995612393,28.181850995612393,0.01274351754285874,154549.42202901188,3152.1952581274936,0.9800116491361781,10108,695,70003.60745107908,-0.0012236525844015488,0.11637271792812086,99.87763474155985,9985.371777288552,65.58705845503661,0
dodo-k20000000000000000,421,10000,9.842092780051,-9.832885109922614,9.832885109922614,0.009207670128386525,74609.57153883057,1189.549226766578,0.984306556398653,4121,297,33875.53819334106,0.0031545572521052634,0.048419590538479725,100.31545572521053,9949.372495041254,113.96973346125885,0
dodo-k20000000000000000,422,10000,11.117652033346316,-11.106670520845142,11.106670520845142,0.010981512501173185,77092.60201347958,1686.4805569433856,0.9785922798042769,4824,314,35726.40174929314,-0.004188785280513372,0.05385144103063794,99.58112147194866,10050.341136779825,143.2724004731088,0
dodo-k20000000000000000,423,10000,10.698533658830243,-10.700951444147321,10.700951444147321,-0.002417785317078369,63336.36540822906,1200.3317850414408,0.9814007868818145,4437,249,29230.65299877234,-0.0005617836787486397,0.0845969826035558,99.94382163212514,10002.674851921773,129.30019002215653,0
dodo-k20000000000000000,424,10000,20.924710573421958,-20.919189426359694,20.919189426359694,0.005521147062264475,122726.90129446039,1309.4442417366017,0.9894430601282551,6719,557,60710.14089140972,0.005151397084212874,0.08817828935089665,100.51513970842129,9967.528029967898,64.94421331010906,0
dodo-k20000000000000000,425,10000,26.624867610318685,-26.653787320560426,26.653787320560426,-0.028919710241741114,137523.94667877676,1672.264947136664,0.987986275433768,5665,565,70960.49427324592,0.008369650323102462,0.07989889399042013,100.83696503231025,9895.963726233855,118.38385301113112,0
dodo-k20000000000000000,426,10000,25.2291712092181,-25.227612781452166,25.227612781452166,0.0015584277659357326,167883.05786886532,1363.870364050629,0.9919415354931955,9650,639,74701.44608725341,-0.002484466640082275,0.06477614647888473,99.75155333599177,10021.807858648832,95.29531009585322,0
dodo-k20000000000000000,427,10000,20.53233082577188,-20.57065255469356,20.57065255469356,-0.038321728921680176,131838.90130199472,1999.548941100337,0.9850599813620937,7500,571,61942.740056488234,0.004440999946211832,0.07597724938739432,100.44409999462118,10012.60584854896,76.86609659728674,0
dodo-k20000000000000000,428,10000,14.744323311790923,-14.738295199934825,14.738295199934825,0.006028111856098306,154251.66567439924,2514.4643536671742,0.983960410624304,10317,546,61947.224902613336,-0.0020126356011633106,0.0350525428219305,99.79873643988367,10015.826827824081,194.90843545565022,0
dodo-k20000000000000000,429,10000,53.166483531309886,-53.181589016590635,53.181589016590635,-0.015105485280749065,278802.3827119725,1731.8504196054093,0.9938265986283639,10642,1073,145250.25702445648,0.004642626368168265,0.08495653455251244,100.46426263681683,9975.585304979268,131.93445052589976,0
dodo-k20000000000000000,430,10000,26.030022808275927,-26.03120250624714,26.03120250624714,-0.0011796979712137556,161315.20607348692,3106.545311326976,0.9811062387721659,8379,644,77743.34959430217,-0.0006278956256082324,0.07059164462874691,99.93721043743918,9999.341096665243,87.42609396551642,0
dodo-k20000000000000000,431,10000,25.67497160737915,-25.671757543490727,25.671757543490727,0.0032140638884214923,189027.35987409495,824.1984324909374,0.9956587217937924,10595,706,82437.24674066882,0.0016899838488427577,0.07715719420463912,100.16899838488428,9980.786307756256,115.61020348028701,0
dodo-k20000000000000000,432,10000,51.54718212151675,-51.609218949216036,51.609218949216036,-0.062036827699287755,120085.1400063228,1479.8099197272675,0.9878270017745455,5806,570,63135.812083760764,0.00047046793849958135,0.372665529945808,100.04704679384996,9973.809388761989,55.8637384565773,0
dodo-k20000000000000000,433,10000,63.768234654727415,-63.82072148520743,63.82072148520743,-0.05248683048001368,193075.3370935426,2310.0199719052275,0.9881771080156665,7871,1017,112364.96123099535,-0.0032087297914898728,0.19827218973205915,99.67912702085101,10007.951317663566,29.59092273044651,0
dodo-k20000000000000000,434,10000,13.855704149341715,-13.854771663103598,13.854771663103598,0.0009324862381170362,101808.3474356772,1536.7110073571591,0.9851302904027655,6831,448,46236.91685034906,-0.0014266805139924088,0.06730731114952775,99.85733194860076,10008.40311501502,75.05302836475634,0
dodo-k20000000000000000,435,10000,48.336536934592885,-48.342853951692646,48.342853951692646,-0.006317017099760847,264639.8425173895,2210.287995013986,0.9917171185535124,10873,1060,137125.26208250265,-0.00019799119625773186,0.10991099067280147,99.98020088037423,10004.634795806225,133.83458281712393,0
dodo-k20000000000000000,436,10000,23.026286565088576,-23.020542127015133,23.020542127015133,0.005744438073442382,143373.08086181912,2212.6618482314957,0.9848016584107534,8474,584,65935.84613511604,-0.0015078157479523214,0.11469888691834228,99.84921842520477,10018.06760412771,92.19011207615675,0
dodo-k20000000000000000,437,10000,18.442502148493464,-18.440873178969248,18.440873178969248,0.001628969524215762,118926.78958395493,2054.2743165605602,0.9830198689751164,6305,536,56698.94405318253,0.002292327233029141,0.0941781328379362,100.22923272330291,9982.48569706213,59.333780437215594,0
dodo-k20000000000000000,438,10000,10.636918373823644,-10.634844886165311,10.634844886165311,0.0020734876583325956,87079.14150250654,1843.5440562941237,0.9792680119284627,5263,359,38253.95114411775,-0.00016767241239520558,0.08175333544820887,99.98323275876048,10014.523009112118,103.42552155893274,0
dodo-k20000000000000000,439,10000,59.12412856938865,-59.093415006731384,59.093415006731384,0.030713562657268767,280907.33021957823,2741.7594890639784,0.9903339739539434,11087,1146,148526.47065484393,-0.0032301001376109184,0.15042683497419687,99.67698998623891,9984.939963729199,65.04314524380018,0
dodo-k20000000000000000,440,10000,12.729619363151478,-12.728846150809233,12.728846150809233,0.0007732123422456993,125305.81787816345,2323.3138516721433,0.9817963671758724,10400,415,45008.874909146696,-0.002606267565338527,0.0785741953496408,99.73937324346615,10017.98877808284,114.23074103393479,0
dodo-k20000000000000000,441,10000,6.5286118393326715,-6.522683306285742,6.522683306285742,0.005928533046929196,62092.5848062774,1882.084469893501,0.9705807862519965,4485,256,25568.68875197359,-0.005718471858226621,0.05709657079280646,99.42815281417734,10032.493838390514,67.50017776197232,0
dodo-k20000000000000000,442,10000,82.22582122300285,-82.31156712603817,82.31156712603817,-0.08574590303531693,267945.10299449734,2354.929650736117,0.9912877196954433,10081,1280,157189.43888934664,0.0058789320710634745,0.19060357573836556,100.58789320710635,10027.045802199818,49.24764939711783,0
dodo-k20000000000000000,443,10000,42.84115106305786,-42.84011657918744,42.84011657918744,0.0010344838704199333,222217.54711884275,2481.5677367790586,0.9889560413338808,9345,958,116956.28166618693,0.001784145535874586,0.10899973618155884,100.17841455358746,9989.441025217504,94.36663547381654,0
dodo-k20000000000000000,444,10000,48.4626861754179,-48.40877310654087,48.40877310654087,0.05391306887702996,231099.49306819416,3134.1144481580486,0.9866197063632757,11382,943,114419.75084143084,-0.0094168306043494,0.14408893921988353,99.05831693956506,10045.95688443331,83.27319595062855,0
dodo-k20000000000000000,445,10000,6.96127248793988,-6.962453712755092,6.962453712755092,-0.0011812248152125449,80255.77898451827,1525.2947254785122,0.9813490498927986,6125,307,30210.669832316533,-0.001131721523423863,0.03740795812818305,99.88682784765761,10012.630299215687,109.9092269867585,0
dodo-k20000000000000000,446,10000,20.71666985229215,-20.71789970639867,20.71789970639867,-0.0012298541065192126,124505.33380155906,1808.1020105106804,0.9856855923608887,4745,513,67960.27619626117,-0.0021966520483741193,0.05826873546243377,99.78033479516259,10052.916577806445,119.80019033788815,0
dodo-k20000000000000000,447,10000,19.789549735049746,-19.786003559127224,19.786003559127224,0.0035461759225228207,134262.1060762769,3498.679171621088,0.9746032285942238,8299,541,60023.213904829696,-0.006407028690788934,0.12062140646976588,99.3592971309211,10057.110147493391,97.24092416885661,0
dodo-k20000000000000000,448,10000,32.03821915019864,-32.070718252171886,32.070718252171886,-0.03249910197324368,176429.77604620685,2734.7271287162653,0.9847362224087085,9569,731,82142.53635868808,0.00492201239656751,0.17699279715605315,100.49220123965675,9985.4275780651,78.63750169079104,0
dodo-k20000000000000000,449,10000,20.4333899709332,-20.421392575276343,20.421392575276343,0.011997395656855758,147141.76822838566,3911.241304211187,0.9741068296731477,10292,622,63837.19719965576,0.0001171313729972212,0.12307168987654733,100.01171313729972,9986.649742147543,55.34013984938232,0
dodo-k20000000000000000,450,10000,15.426683372828688,-15.428966563938502,15.428966563938502,-0.002283191109814453,146604.09143964405,3819.6697054241426,0.9746072716414765,11038,541,58169.213389611345,0.005240846630664748,0.045821158493214116,100.52408466306647,9958.771845561081,100.43729998502583,0
dodo-k20000000000000000,451,10000,15.57336364324301,-15.577612576713364,15.577612576713364,-0.004248933470353933,106260.19479398846,1843.855017379955,0.9829437008086439,5270,433,51165.32208848754,0.0012058399427810685,0.07249912726253668,100.1205839942781,9996.466258488257,115.67576703159847,0
dodo-k20000000000000000,452,10000,27.00178430751379,-27.00812716884937,27.00812716884937,-0.006342861335578931,143714.01000435618,2156.7514509445764,0.9852146418553833,8279,619,68185.09712345625,-0.0012434349009998868,0.16111930845350345,99.87565650990001,9995.148448588485,66.93526093106411,0
dodo-k20000000000000000,453,10000,48.28826931760673,-48.28576116696223,48.28576116696223,0.0025081506445019386,235348.53456510018,3590.3089162839406,0.984973942018081,10288,1045,123350.7120366034,0.00018776444056385345,0.0966171760144644,100.01877644405639,9973.703414363097,69.62910628954926,0
dodo-k20000000000000000,454,10000,7.513539586580671,-7.496421725405597,7.496421725405597,0.01711786117507419,63178.707365875576,985.9121743705211,0.9846346447398145,5300,270,24910.615513422134,0.004163415775217203,0.07812420909390624,100.41634157752172,9976.455593035027,48.609308582368236,0
dodo-k20000000000000000,455,10000,66.2971391830185,-66.7574627858091,66.7574627858091,-0.46032360279059503,159994.41825902107,2643.652846935383,0.9837451783032211,6935,697,84968.65403583285,-0.001040176176318397,0.37015244072533304,99.89598238236816,9986.556553200286,68.55504131725361,0
dodo-k20000000000000000,456,10000,27.496028598897823,-27.49537074685513,27.49537074685513,0.0006578520426927525,131019.83809682626,318.98240698312753,0.9975713014190356,5214,591,73251.86771313449,0.0006700503555681791,0.08775926396567087,100.06700503555682,9990.969782645097,105.73620594054768,0
dodo-k20000000000000000,457,10000,56.787425980593746,-56.77761789677788,56.77761789677788,0.00980808381586229,296839.46811089467,3072.3629572355203,0.9897557794025885,11851,1215,155376.29092431092,0.0033315415756771925,0.08528040656887427,100.33315415756772,9968.198499024824,85.0943379522687,0
dodo-k20000000000000000,458,10000,20.054336588337005,-20.06962248865669,20.06962248865669,-0.015285900319685908,156674.6819802039,3639.2225490922892,0.9772993954593174,10635,616,65570.31978304405,-0.004036241169696808,0.0790779088998859,99.59637588303032,10069.162721048106,58.4527547431518,0
dodo-k20000000000000000,459,10000,20.305418877914622,-20.303470679822496,20.303470679822496,0.0019481980921263187,97762.36637498092,1411.8642361033694,0.9857637994527021,4329,486,51404.71344806049,-0.007416554696897748,0.1532536083865746,99.25834453031023,10029.97016708521,54.759180549935586,0
dodo-k20000000000000000,460,10000,24.308183861934992,-24.331133843726235,24.331133843726235,-0.022949981791242635,149850.43835910482,1798.238384199429,0.9881420766549562,9107,596,67688.51415625963,-0.0018317531584409609,0.13821831411018792,99.8168246841559,10017.15681879525,80.3890781604229,0
dodo-k20000000000000000,461,10000,10.184461013335046,-10.183145578815427,10.183145578815427,0.0013154345196184636,92529.39625064244,777.8118426184676,0.991663968320207,6669,347,37812.55752077297,-0.0009408973502627305,0.05053418330033552,99.90591026497373,10010.04609993237,107.07658468719652,0
dodo-k20000000000000000,462,10000,63.260079189342946,-63.25504300121567,63.25504300121567,0.005036188127277796,277518.2113157201,1139.0309394781991,0.995912430158786,11563,1136,147931.64351419918,-0.004656469604831841,0.15054615030151097,99.53435303951682,10056.316414827743,104.15971191181474,0
dodo-k20000000000000000,463,10000,8.119860914630447,-8.120157317786934,8.120157317786934,-0.00029640315648649107,82375.93094596172,391.10931952845823,0.9952745764706107,6531,311,32041.464286717615,-0.0009305900319689898,0.04684786724011332,99.9069409968031,10010.50611437215,99.54678831296937,0
dodo-k20000000000000000,464,10000,13.233986758042514,-13.234447483868621,13.234447483868621,-0.0004607258261071223,117178.78584619708,1639.6520771839046,0.986200356562159,8329,469,48558.89132637926,0.006038143813040904,0.052926048235788274,100.60381438130409,9960.905379371325,95.88776045030315,0
dodo-k20000000000000000,465,10000,42.15825924108698,-42.098079419304085,42.098079419304085,0.060179821782895715,183754.5129354377,2103.328842619326,0.988683131029085,7044,772,100900.24756726054,0.00195518715388701,0.15779843377151154,100.1955187153887,9987.22988492999,97.65309966561432,0
dodo-k20000000000000000,466,10000,32.776110836506646,-32.77629189092493,32.77629189092493,-0.00018105441828453195,130299.04414068446,1682.4800893906292,0.9872521544268751,5417,571,71751.51618262082,0.0017861415225215182,0.11346374794819766,100.17861415225215,9980.982763902159,75.03875251009258,0
dodo-k20000000000000000,467,10000,12.371115611256819,-12.371126004617125,12.371126004617125,-0.000010393360305727128,79129.72770507901,185.21144451343727,0.997664860535742,4277,355,39774.60946486874,0.0004385199875464707,0.06084437605218184,100.04385199875465,9996.314188164606,101.77994543370228,0
dodo-k20000000000000000,468,10000,21.3493420838287,-21.344127162164142,21.344127162164142,0.0052149216645567265,114714.16735904974,629.9765295424654,0.9945382876988454,5521,492,59146.547613405826,0.0047020716408795234,0.09302457241018289,100.47020716408795,9948.83729874832,103.89632848176089,0
dodo-k20000000000000000,469,10000,11.44930980750362,-11.438985205324656,11.438985205324656,0.010324602178965137,81392.72396453348,2027.3740354314718,0.9756968154672713,5799,321,34296.19959411349,0.002907605690577242,0.11309669998593477,100.29076056905772,9972.844870950288,91.26349732777008,0
dodo-k20000000000000000,470,10000,12.018617874946752,-12.008252221503383,12.008252221503383,0.010365653443368927,98291.6624022728,1957.3479166950312,0.9804751397498367,6765,360,40641.718829875535,-0.005538781099602232,0.07664363640870989,99.44612189003978,10070.371600377839,132.9398925875566,0
dodo-k20000000000000000,471,10000,10.613649969486925,-10.61972567893742,10.61972567893742,-0.0060757094504957365,85177.72659392965,1775.1487357616852,0.9795849334592903,6345,371,36762.84159643397,0.008494543375488207,0.04649502681184359,100.84945433754882,9963.23720814244,65.47061976477148,0
dodo-k20000000000000000,472,10000,49.74277485545078,-49.891933229410995,49.891933229410995,-0.14915837396021203,158191.86019951187,1778.8900697382153,0.988879904190334,7402,724,84140.55931326449,0.0039834928225535296,0.2630740865481447,100.39834928225535,10025.721536045085,79.49324905523362,0
dodo-k20000000000000000,473,10000,38.93217818935331,-38.9074732842818,38.9074732842818,0.02470490507150913,214227.1098894694,2695.043879759232,0.9875759859796231,10104,920,108714.7986069631,0.023134876565596728,0.09852333860100827,102.31348765655967,9883.212931506303,57.854180223578204,0
dodo-k20000000000000000,474,10000,60.37531950959071,-60.39316474802581,60.39316474802581,-0.01784523843510044,298884.7514227443,2075.4444908997057,0.9931039236447893,11146,1219,159925.65844987365,-0.004767238097761037,0.10687281003640692,99.5232761902239,10054.774540340342,116.09748451979789,0
dodo-k20000000000000000,475,10000,23.195000632641822,-23.102256460153434,23.102256460153434,0.09274417248838773,114790.6005110739,1301.2806398008822,0.9887909419082483,7273,516,53617.871179055845,0.004109876559734431,0.24908300287998272,100.41098765597344,9984.766113739737,49.48173493297955,0
dodo-k20000000000000000,476,10000,30.80640386992843,-30.81371109154314,30.81371109154314,-0.007307221614709647,220464.88429398346,3907.2162209163066,0.9825859979384699,11513,870,102679.34624531443,0.001994596139748097,0.06152563005763625,100.19945961397481,9990.356364585701,108.59601315210521,0
dodo-k20000000000000000,477,10000,19.386170278541222,-19.38579139692581,19.38579139692581,0.0003788816154113306,147250.74329016922,3018.0360874273993,0.9799157476361496,8630,545,63502.818450887804,-0.0013737038600689288,0.07625682776809625,99.86262961399311,10017.150067765453,109.38881867964473,0
dodo-k20000000000000000,478,10000,21.39280847708379,-21.384004100738224,21.384004100738224,0.008804376345565856,91152.13121664755,1590.8598961393716,0.9828465754980374,4326,488,51117.764915805456,0.004134132513576389,0.13925926204040023,100.41341325135764,9956.414082064754,50.407565765424664,0
dodo-k20000000000000000,479,10000,20.44606256471474,-20.425004674521105,20.425004674521105,0.02105789019363513,119653.02910857262,2590.3960652824426,0.9788095264706599,8632,453,47211.33836439326,0.002214769942784045,0.1913298746674549,100.2214769942784,9977.914096412109,72.52114921339496,0
dodo-k20000000000000000,480,10000,31.12059966710575,-31.118122118809367,31.118122118809367,0.0024775482963832474,203380.74712686538,1826.4664020245698,0.9910994044964826,10182,853,100174.19379459007,-0.00445805546310126,0.07167103371750955,99.55419445368987,10051.014828722718,101.69001240386267,0
dodo-k20000000000000000,481,10000,17.348111692874788,-17.347076512010645,17.347076512010645,0.0010351808641431148,175947.19793503627,2470.9356383597556,0.9861508716133762,11479,603,69194.94961969824,0.0009135127815160615,0.03654812978731968,100.0913512781516,9989.331577823314,146.35858597611372,0
dodo-k20000000000000000,482,10000,29.308711712090755,-29.308140073058524,29.308140073058524,0.0005716390322305642,189783.4854674429,2508.711298204266,0.9869536500159614,9003,736,91359.82736428987,0.005798375611924768,0.08390248578304024,100.57983756119248,9947.526718140638,159.33411335403972,0
dodo-k20000000000000000,483,10000,45.00254273261994,-44.559639187044525,44.559639187044525,0.4429035455754189,90250.84461574482,1244.3725669344346,0.9863995889047412,4004,385,48159.47935223845,-0.005015901143665644,0.2453409566784056,99.49840988563344,10037.597441756503,92.25154665532128,0
dodo-k20000000000000000,484,10000,21.099405585664716,-21.136392297991,21.136392297991,-0.0369867123262857,154684.03479762416,3432.369936823112,0.978292132669044,11265,644,63011.94287540917,0.004648289542507484,0.1164676506240562,100.46482895425075,10001.615291426268,108.23916588867387,0
dodo-k20000000000000000,485,10000,25.60934181886256,-25.604331462296017,25.604331462296017,0.0050103565665438055,152314.13644281097,2313.9172960341225,0.9850355919247219,7373,632,77055.43900177792,-0.002337756943714453,0.08062182850007289,99.76622430562855,10014.85924529247,119.5297720697439,0
dodo-k20000000000000000,486,10000,22.720014141708155,-22.716262895206917,22.716262895206917,0.00375124650123837,106452.2614491563,809.3834907350033,0.9924541200986747,4616,526,59408.470334918165,0.0019913398528174754,0.08488730685975397,100.19913398528175,9985.978414203215,77.7629685280421,0
dodo-k20000000000000000,487,10000,21.231876314878562,-21.25510133015443,21.25510133015443,-0.02322501527586951,122544.05289562835,1574.6296496055115,0.9873135162465839,4559,479,65967.07583111987,-0.0011612548456560034,0.04459686378052908,99.8838745154344,10029.606981477626,172.84417558901163,0
dodo-k20000000000000000,488,10000,24.658683779626717,-24.671332953200363,24.671332953200363,-0.012649173573645811,162681.14569913645,2189.6156373694866,0.9867191998167558,7919,676,79918.83247814479,-0.0009283239012764,0.08824748332290994,99.90716760987236,9994.456749096436,122.67048292464139,0
dodo-k20000000000000000,489,10000,42.47350707989587,-42.46938710891612,42.46938710891612,0.0041199709797439255,193368.8982221071,1133.0997205777546,0.9941743543379351,6849,837,109672.17894556944,-0.002041017302326793,0.12809141340835226,99.79589826976732,10022.891539980885,119.25194359041714,0
dodo-k20000000000000000,490,10000,18.820229294187705,-18.81616367049041,18.81616367049041,0.004065623697293574,125287.1300336577,1749.8744876178948,0.9862254742686031,6656,533,60229.14034756431,-0.004775245058575877,0.06684516750181586,99.52247549414241,10041.8520487709,97.31936629640732,0
dodo-k20000000000000000,491,10000,62.49468376535644,-62.47313722527788,62.47313722527788,0.021546540078560383,274823.0112353423,2864.7913095060458,0.9896834096303406,11067,1146,145487.03273166082,0.004798213654393919,0.13909706401589175,100.47982136543939,9953.665950474851,79.77451593859573,0
dodo-k20000000000000000,492,10000,16.674976950974155,-16.68385494019755,16.68385494019755,-0.008877989223393001,118492.28635010846,1732.767917101857,0.9855872976921214,5982,494,57505.540119034704,-0.0002712307159762872,0.04731881086997575,99.97287692840237,10016.769929737966,121.66367939265241,0
dodo-k20000000000000000,493,10000,38.02405305432246,-38.06732847883475,38.06732847883475,-0.043275424512295046,172404.39281962096,1947.8200892181892,0.9888282456716704,10144,830,83741.64238240689,0.017011938506930592,0.2647605469489473,101.70119385069306,9960.135675104331,40.56523644849904,0
dodo-k20000000000000000,494,10000,12.129533164415054,-12.118012616673795,12.118012616673795,0.011520547741259435,96565.5233463099,1917.3459782672876,0.9805311726656932,7894,361,36165.05239733442,-0.0013187530044342565,0.15347510677969411,99.86812469955657,10026.148493821844,62.51250639959682,0
dodo-k20000000000000000,495,10000,33.33003207478259,-33.32800364977453,33.32800364977453,0.0020284250080564448,151373.13173368666,2059.2170421062674,0.9865789902941827,8068,624,74447.50801506599,-0.0012494799502823638,0.14980275244765806,99.87505200497176,9992.215817624277,93.3622555485158,0
dodo-k20000000000000000,496,10000,27.02503546513517,-27.02676438603327,27.02676438603327,-0.001728920898102615,147436.8199852471,2753.487461448669,0.981666676709974,7208,689,76926.6469897174,-0.0032764006182136995,0.07691128783494207,99.67235993817863,10032.168124964774,63.81967609577817,0
dodo-k20000000000000000,497,10000,24.27339774804395,-24.087549867432628,24.087549867432628,0.1858478806113233,140766.94145123838,1856.8730663810777,0.9869806240096622,7775,544,64553.46352084851,-0.02048626753337601,0.09658812469813753,97.9513732466624,10263.384670500149,142.06103934942544,0
dodo-k20000000000000000,498,10000,11.843583602501022,-11.843488016716648,11.843488016716648,0.00009558578437385279,129835.17179116023,2469.4593555035735,0.9813350497703585,10542,451,47083.471831313334,-0.0021807231312165245,0.03811205615572575,99.78192768687835,10023.502980764333,95.30359048196318,0
dodo-k20000000000000000,499,10000,8.576712246081645,-8.57306568180121,8.57306568180121,0.0036465642804337506,85026.89773247225,1185.505364854455,0.9862490161245578,6396,333,33624.10392529163,0.003916798672115931,0.043571767139416975,100.3916798672116,9963.886183995744,87.47165406845828,0
dodo-k20000000000000000,500,10000,42.257062521374195,-42.248269537812305,42.248269537812305,0.0087929835618894,199723.3231089201,1676.4034228171222,0.9916762378396132,7313,897,113959.33031739957,0.00958333167767094,0.09786197794124447,100.9583331677671,9905.770175286487,108.87813137566569,0
dodo-k20000000000000000,501,10000,45.82602070217891,-45.81204451185177,45.81204451185177,0.013976190327142035,152472.1203123032,1237.587047111847,0.9919485433394389,5409,668,88849.9736810631,0.0010670451951710902,0.19227379441424644,100.10670451951711,9997.794770497343,99.87699805983084,0
dodo-k20000000000000000,502,10000,39.55977767133793,-39.57963733628755,39.57963733628755,-0.019859664949613887,187143.44672636365,2334.477845543361,0.9876794204347672,8824,848,97171.02805563927,0.0002434513809488692,0.17684554747648604,100.02434513809489,10007.998215725507,75.81893143355069,0
dodo-k20000000000000000,503,10000,13.117784283235295,-13.11907194224564,13.11907194224564,-0.001287659010344555,121945.44426964085,2557.7328541525703,0.9794564852621439,8307,479,51059.476604802156,-0.0004124938134435752,0.03541147025062401,99.95875061865564,10007.058289769655,97.94582952960913,0
dodo-k20000000000000000,504,10000,68.0952432292375,-68.07942954338034,68.07942954338034,0.015813685857153814,310461.00503362867,3981.587226698325,0.9873376338807117,11259,1288,168190.3824735289,-0.004123717244314662,0.11433814053439889,99.58762827556853,10017.155658217553,67.85407064680061,0
dodo-k20000000000000000,505,10000,6.211281276038023,-6.2125200641512635,6.2125200641512635,-0.0012387881132402967,57324.7466565464,1563.752640043091,0.9734455342091956,4317,218,22872.289711701003,0.00015087199367513904,0.06187822863517027,100.01508719936751,10005.096760014869,80.97984172022159,0
dodo-k20000000000000000,506,10000,14.20223353360525,-14.18833202947549,14.18833202947549,0.013901504129760767,145321.65312294156,2452.9423010477426,0.9834007848642059,10018,499,57145.42602233405,-0.0028071301256842674,0.04079189074554975,99.71928698743157,10047.973717861734,125.3239000523486,0
dodo-k20000000000000000,507,10000,12.578979357732091,-12.581539667072093,12.581539667072093,-0.0025603093400015098,97951.32187063235,1407.7704076294785,0.985831488841636,5684,396,44363.15265792015,0.00022477299488627979,0.05160677806555313,100.02247729948863,10004.930610493895,116.76323549341127,0
dodo-k20000000000000000,508,10000,33.63507622900063,-33.63652890254926,33.63652890254926,-0.0014526735486271036,207988.18791980497,880.1095259634994,0.9957862943456414,10506,862,99643.09075242956,0.0018705940622804462,0.10778458919807463,100.18705940622804,9986.398443777536,95.07703668238047,0
dodo-k20000000000000000,509,10000,55.639600090659776,-55.59339878090182,55.59339878090182,0.046201309757954334,260662.4890965153,4359.101635808036,0.9835518999649701,11011,1069,133734.50046461634,0.007405993737919658,0.13325230122161172,100.74059937379197,9935.081525941032,93.67146644680534,0
dodo-k20000000000000000,510,10000,43.333449021445944,-43.30741219845514,43.30741219845514,0.0260368229908039,189878.44461913186,2310.691901305272,0.9879769900466795,7564,834,105807.98100825715,0.0073984537222766275,0.15188178640991937,100.73984537222766,9930.25348545727,87.51734843932982,0
dodo-k20000000000000000,511,10000,36.88137879113873,-36.87729357441751,36.87729357441751,0.004085216721222196,220276.10521421794,2221.5269209708526,0.9900155030880461,11034,852,105726.21219151637,0.002221056579583376,0.08161103306065044,100.22210565795834,9973.305188016673,103.86260754960776,0
dodo-k20000000000000000,512,10000,17.650619175855038,-17.64660918549299,17.64660918549299,0.004009990362046523,149565.13147464252,2671.3498063075554,0.9824526303824797,10709,548,59621.42190858183,0.004177219327656445,0.07554197269976996,100.41772193276564,9973.580239633631,90.71353089466925,0
dodo-k20000000000000000,513,10000,66.69114557009718,-66.65884446651609,66.65884446651609,0.03230110358109073,265057.62233189994,3123.7429785837835,0.9883521251561707,9960,1252,148371.6005636637,0.0015313583049166369,0.15779332632122703,100.15313583049166,9939.050994141946,46.23435740383001,0
dodo-k20000000000000000,514,10000,19.5210498397744,-19.44167494290211,19.44167494290211,0.07937489687228805,147831.465804406,3450.7757357861187,0.9771898161961771,9755,519,60134.54472696387,-0.0014315492804630025,0.12302424301076499,99.8568450719537,9986.755227814836,201.20910727615166,0
dodo-k20000000000000000,515,10000,22.706540549435438,-22.70370522879307,22.70370522879307,0.0028353206423687993,147566.74126377358,1568.1022099671104,0.9894853397539977,8516,626,68683.74604362804,-0.0010281457638963332,0.12573639923860896,99.89718542361037,10006.060994127356,85.3506831389895,0
dodo-k20000000000000000,516,10000,31.383533099110444,-31.400561638061255,31.400561638061255,-0.017028538950810912,152675.94493504034,1331.9374330776438,0.9913514982960809,6839,739,81731.91477585284,0.011632117688423876,0.15866811541282147,101.16321176884239,9959.65767884113,36.74187400178701,0
dodo-k20000000000000000,517,10000,71.908059087956,-71.86316280238721,71.86316280238721,0.04489628556879666,240289.58353000338,2030.8952416439736,0.9916189698372221,10164,1134,129795.97102723773,0.009408845558755985,0.22390183098731087,100.9408845558756,9954.312460964575,33.76847659356618,0
dodo-k20000000000000000,518,10000,33.75340636779593,-33.74954871258254,33.74954871258254,0.0038576552133946507,116717.03203466983,1250.3207172238535,0.9894011293119929,4238,531,68548.11203865983,0.0008574607036200632,0.10799358250916853,100.085746070362,9999.979965011997,72.43327741346008,0
dodo-k20000000000000000,519,10000,71.81309320312225,-71.80317363541896,71.80317363541896,0.009919567703292387,313163.57001151005,946.796263613683,0.9969857847264283,11724,1253,170017.39676999723,0.0045884648338901,0.11579517213233828,100.45884648338901,9950.998010723039,105.0759677992,0
dodo-k20000000000000000,520,10000,42.557680552031414,-42.488929870689944,42.488929870689944,0.06875068134147,213851.69665296815,3813.473075111198,0.982480095093417,9919,795,105900.98751522736,-0.003225541962499676,0.0947535225982304,99.67744580375003,10039.431314796586,138.28744481730243,0
dodo-k20000000000000000,521,10000,5.009426395867878,-5.009869831894903,5.009869831894903,-0.0004434360270249016,62961.33875278223,1184.6608966459046,0.9815318039609588,4940,225,23559.094539195165,0.00009920182688773594,0.03864643299106021,100.00992018268877,9998.307853363567,111.02052442371586,0
dodo-k20000000000000000,522,10000,13.568439746004731,-13.563193043825478,13.563193043825478,0.005246702179253049,104421.60686965765,1190.136930102486,0.9887310171456029,6722,425,46090.02829671245,0.004832786566328479,0.08243936492326726,100.48327865663285,9949.970682346115,94.86528978636358,0
dodo-k20000000000000000,523,10000,10.209108696216338,-10.210770901007649,10.210770901007649,-0.0016622047913106286,104643.86519733282,2123.0157634581597,0.9801154089699613,7487,399,41853.52231904161,-0.0005050774968621851,0.041155960435261395,99.94949225031378,10002.703745712803,112.16467383836296,0
dodo-k20000000000000000,524,10000,38.31907250560757,-38.323546057560506,38.323546057560506,-0.004473551952933974,112003.46782065315,2283.731513026586,0.9800176089155981,4696,545,65472.23737571335,0.010124355606513546,0.1568618381996876,101.01243556065135,9968.213424859223,60.93384366556086,0
dodo-k20000000000000000,525,10000,19.046086542153354,-19.062704579430893,19.062704579430893,-0.016618037277538633,110366.93750573296,1799.939028101457,0.9839530253161812,5892,459,53742.41957717405,-0.004542302036741006,0.07736149181706466,99.5457697963259,10064.197109801278,103.88130537616819,0
dodo-k20000000000000000,526,10000,15.006414441155423,-15.001396218746464,15.001396218746464,0.00501822240895855,134158.65558547815,4249.169738393668,0.9692996423543924,10779,474,50595.295130967505,0.0019196983650401477,0.07410485337275062,100.19196983650401,9980.755280529662,104.74560557098565,0
dodo-k20000000000000000,527,10000,12.454866993842913,-12.452225094728732,12.452225094728732,0.002641899114181001,99431.24649497164,2305.7001192924517,0.9773366491129862,6601,403,42974.23966028692,-0.0008853249470092805,0.048057156004630175,99.91146750529907,10006.368448618805,81.35558103079696,0
dodo-k20000000000000000,528,10000,20.67622157625984,-20.652246150355367,20.652246150355367,0.023975425904474434,154910.79507220906,2659.615676742442,0.9831210970124341,9523,615,68058.2926968217,0.01363562882002512,0.08063658107771118,101.36356288200251,9893.35340373575,89.07469559322297,0
dodo-k20000000000000000,529,10000,10.997113128906543,-10.990619338181446,10.990619338181446,0.006493790725096815,76196.3924125166,578.6952899002893,0.9924624600606992,4065,311,35451.131763551166,0.0048430706394565,0.05993226218622581,100.48430706394565,9946.764971842771,100.28336618752037,0
dodo-k20000000000000000,530,10000,34.0518963631242,-34.08199538914617,34.08199538914617,-0.03009902602197201,148834.6864583435,1490.8161970110427,0.9900827459700635,5384,692,86304.56520948632,-0.003175615822740809,0.08362697969065166,99.68243841772592,10053.777439703961,101.69769729782128,0
dodo-k20000000000000000,531,10000,41.179460540851494,-41.18649078175456,41.18649078175456,-0.007030240903063145,231479.49403685503,1822.8051034231985,0.9921869389622809,10683,920,111831.12991135416,0.001302904432817229,0.15789119293070597,100.13029044328172,9995.7600994388,110.13111417837389,0
dodo-k20000000000000000,532,10000,22.61150361996629,-22.621067033031466,22.621067033031466,-0.009563413065176718,167806.10278274876,3355.621426555373,0.9803950244012968,9438,636,75279.94931870811,-0.003191396587858577,0.062210860776622495,99.68086034121414,10070.063920300712,124.74795167451322,0
dodo-k20000000000000000,533,10000,16.25984052491242,-16.283556798509736,16.283556798509736,-0.023716273597315762,108948.24504913879,1811.8052774034657,0.9836420688500781,6773,442,48340.34898951647,-0.00016309414666508814,0.13339942125948398,99.98369058533349,10025.651022754373,142.7729189741036,0
dodo-k20000000000000000,534,10000,48.78864869353018,-48.65246853857127,48.65246853857127,0.13618015495890745,134899.3913642095,1931.4307087645425,0.9858845347889932,6782,690,71366.05891096572,0.016435315803940115,0.2971986448925836,101.64353158039401,9945.461802137213,33.98897758375087,0
dodo-k20000000000000000,535,10000,18.29073311293132,-18.303568465101208,18.303568465101208,-0.01283535216988696,88931.97579822864,1077.8120625370352,0.9880256126788758,5175,482,43655.81272911038,0.00545701659940832,0.16543027284352135,100.54570165994083,9994.444391609017,17.266303552170353,0
dodo-k20000000000000000,536,10000,19.519269221025702,-19.52294536327946,19.52294536327946,-0.0036761422537594513,134508.53517895486,1223.042203634421,0.9909892581577608,9461,538,57879.82524439758,-0.0033549176306812,0.13280908803877536,99.66450823693188,10033.120499667344,85.9329445092417,0
dodo-k20000000000000000,537,10000,17.46400317906972,-17.462394783988998,17.462394783988998,0.0016083950807228575,127156.29727654957,1631.267587290227,0.98733365609471,7615,520,57421.44524993131,-0.000040428785701891454,0.05685446123607008,99.99595712142981,9999.316082330606,86.57890930611123,0
dodo-k20000000000000000,538,10000,26.14709018323819,-26.137770392662354,26.137770392662354,0.009319790575837317,101687.59976367818,926.1272740453039,0.9909746259025868,3988,455,58533.35827027283,0.011005477536927799,0.10892198741067034,101.10054775369278,9931.010339004935,64.3198757310599,0
dodo-k20000000000000000,539,10000,20.563035103732293,-20.573971855174896,20.573971855174896,-0.01093675144260331,110786.39316044105,1704.9481341438595,0.9848437389533914,4978,512,60556.88843022969,-0.0033277870360352325,0.06304688329669815,99.66722129639648,10049.249867642298,106.7799829552167,0
dodo-k20000000000000000,540,10000,51.8273278969763,-51.843347576232574,51.843347576232574,-0.016019679256274344,235273.05005225787,2080.952681215173,0.9912327044951844,9791,985,123381.70639082858,0.00034392470413123987,0.18191482488418118,100.03439247041312,10000.873973425241,90.5869240700577,0
dodo-k20000000000000000,541,10000,27.20758908240113,-27.20518215468821,27.20518215468821,0.002406927712922169,103115.70970476109,879.6318385540764,0.9915416226775148,4025,513,59946.85125102738,-0.005379830156324345,0.13585982312920564,99.46201698436757,10008.031598381376,42.0996734967568,0
dodo-k20000000000000000,542,10000,24.753664769982297,-24.743172130481284,24.743172130481284,0.010492639501013201,172145.7008416872,2357.3546486714276,0.9864910408471232,10328,666,76667.34768044086,0.00026878569496304296,0.09038974738007838,100.0268785694963,9986.423159499307,99.12963906929552,0
dodo-k20000000000000000,543,10000,12.725787227135395,-12.721991078208944,12.721991078208944,0.0037961489264510817,81680.79730842085,1257.8201842499025,0.9848343241993267,4669,338,37836.696690295496,0.003502408195560065,0.0743682213896868,100.350240819556,9978.32891611285,82.93519514019627,0
dodo-k20000000000000000,544,10000,46.67058624207577,-46.761953830602266,46.761953830602266,-0.09136758852649507,192097.9963864153,2938.7056293525393,0.9849325506482624,7703,818,105201.47304243663,-0.0038176102139040324,0.14032368766226738,99.6182389786096,10038.23042445808,83.85583403727492,0
dodo-k20000000000000000,545,10000,44.807098341949384,-44.80450229661723,44.80450229661723,0.0025960453321545174,252351.5050309316,1201.550597732624,0.9952611472389734,11731,1057,128087.37592720675,-0.004982372383021953,0.07555793003281408,99.5017627616978,10042.630023489952,93.23300619833327,0
dodo-k20000000000000000,546,10000,27.589770711322913,-27.609847669817555,27.609847669817555,-0.020076958494641417,222482.65105342914,2237.6886215266622,0.9900423405163798,11629,804,99240.08000661893,-0.00165736166755849,0.04934328109692686,99.83426383324415,10043.230408503774,305.13540527244663,0
dodo-k20000000000000000,547,10000,15.809052404410998,-15.807994418801414,15.807994418801414,0.0010579856095844775,127562.86713006941,2295.880745885012,0.9823201687723179,7876,517,55054.86673867256,0.002159900330333784,0.09684054574692481,100.21599003303338,9969.562182368329,98.21059136074548,0
dodo-k20000000000000000,548,10000,15.36180948542568,-15.36134272391594,15.36134272391594,0.0004667615097400102,108841.97843688016,1624.7009159891593,0.985292389293252,4973,443,54053.4004501375,-0.0014438160446874804,0.051192502156805944,99.85561839553125,10014.502745206964,159.14265862726558,0
dodo-k20000000000000000,549,10000,9.841097675647475,-9.822952802534743,9.822952802534743,0.01814487311273183,70131.05284738391,1878.1564859000741,0.9739178293541968,5491,269,28729.591704471655,-0.008898814549785498,0.11635882564217326,99.11011854502145,10094.748219703566,101.7972663837582,0
dodo-k20000000000000000,550,10000,20.579298338321117,-20.577951513014526,20.577951513014526,0.0013468253065909153,130276.1045726661,1816.135916484661,0.9862510022560045,5511,528,67783.1306661241,0.0045941592319037735,0.05396137702153851,100.45941592319038,9945.119893342831,130.97145669698696,0
dodo-k20000000000000000,551,10000,37.92660577643311,-37.97513373272888,37.97513373272888,-0.048527956295771446,160246.16139803428,1421.7915633057246,0.9912054829837197,6948,716,85628.96420239971,0.0030751065931053745,0.19350494494044612,100.30751065931054,9998.710567186803,68.6646416531645,0
dodo-k20000000000000000,552,10000,13.672849149053786,-13.68069652201833,13.68069652201833,-0.007847372964544519,86298.00809125174,1370.8771397441622,0.9843630139001759,5051,417,42768.31493982689,-0.0013796394651329536,0.06933757659134614,99.8620360534867,10012.44974665272,55.18647110103805,0
dodo-k20000000000000000,553,10000,23.40789451851346,-23.40406692600466,23.40406692600466,0.003827592508798716,177875.8850340434,3733.119583359765,0.9794441933580091,9362,741,84950.10891247887,0.005304885461668505,0.0471863925710295,100.53048854616685,9946.195845729515,101.98080623911477,0
dodo-k20000000000000000,554,10000,36.10836715039311,-36.11007539480291,36.11007539480291,-0.0017082444098051042,156060.94906756387,2440.6321658766733,0.9846018434208418,6554,759,86966.03918096986,0.0009548012863270117,0.15527146641700285,100.0954801286327,9988.772008395308,39.7306217339827,0
dodo-k20000000000000000,555,10000,30.551455397267286,-30.42406547238373,30.42406547238373,0.1273899248835555,119746.33504709284,2139.23952851148,0.9824487882511106,6450,502,58846.16293853133,0.00037503304149836934,0.23006854284827227,100.03750330414984,9970.513737564042,99.0478883338801,0
dodo-k20000000000000000,556,10000,13.098861973146805,-13.089005340620517,13.089005340620517,0.009856632526288323,144189.05242813868,2643.451230976321,0.9819968251912851,9713,497,56675.44269039887,0.0012128031197279653,0.03418340200655933,100.1212803119728,9948.460044912776,202.7625046711033,0
dodo-k20000000000000000,557,10000,24.891339016155385,-24.896379250291808,24.896379250291808,-0.005040234136423294,186800.8702042646,3110.567159325529,0.9836209593139444,11528,729,80085.59033617817,-0.0051540931681343235,0.07418278081131788,99.48459068318657,10060.825795693365,106.7344285451224,0
dodo-k20000000000000000,558,10000,22.059248048743427,-22.04292138324992,22.04292138324992,0.016326665493508585,145183.32377757793,1430.436252818302,0.9902435061175585,8563,529,64730.73884824063,0.0020367668615872956,0.08435819499057758,100.20367668615873,9955.98187822406,116.09850474915106,0
dodo-k20000000000000000,559,10000,73.20386163548086,-73.20007211972808,73.20007211972808,0.0037895157527856327,274578.5620959996,2289.302911799558,0.9917314242599621,10988,1276,149856.49597563557,0.002813404174379741,0.14302988216355914,100.28134041743797,9965.792959526867,69.45967769035484,0
dodo-k20000000000000000,560,10000,22.41859898984856,-22.178023597937255,22.178023597937255,0.24057539191130672,113691.95629514477,1743.2001859946809,0.9848988796902658,5150,496,58483.50723918106,-0.03483165113168525,0.10666491015258771,96.51683488683148,10309.189924608016,85.91916807170469,0
dodo-k20000000000000000,561,10000,15.699011808294362,-15.70000757763762,15.70000757763762,-0.0009957693432589565,107957.3816165408,1326.4927976969764,0.987861953057512,7120,419,45395.4598579574,0.0007249144653306416,0.09846648413016525,100.07249144653306,9994.984344382421,72.1248658647297,0
dodo-k20000000000000000,562,10000,21.688237637853693,-21.685865783580454,21.685865783580454,0.002371854273238938,147550.31787544486,26.33265267074876,0.9998215662669094,7818,618,71791.79762608776,0.0032874645272887902,0.058224466672122756,100.32874645272888,9967.242652656636,99.63677897888302,0
dodo-k20000000000000000,563,10000,32.21222194038501,-32.2057502446375,32.2057502446375,0.006471695747507056,180209.0756907709,466.8326837153854,0.9974161874268938,7851,793,95871.07104576268,-0.005906635736739929,0.09607041729752225,99.409336426326,10055.72949982203,95.99120198730567,0
dodo-k20000000000000000,564,10000,64.81756945142338,-64.81753669095399,64.81753669095399,0.0000327604693950434,243454.3492883286,422.75832202216293,0.9982665108416096,10588,989,126074.34463544867,0.002920101182894541,0.19987297616038247,100.29201011828945,9970.726702373056,98.954955671467,0
dodo-k20000000000000000,565,10000,45.69060697284873,-45.70813496964838,45.70813496964838,-0.017527996799650225,196040.1273999763,2231.5280257159034,0.9887450981285006,7405,804,106726.22706875695,0.00004364421982302247,0.15630834380898634,100.0043644219823,10041.676075066955,218.39122965706557,0
dodo-k20000000000000000,566,10000,24.888276009812316,-24.849124962999213,24.849124962999213,0.03915104681310311,143550.11208847357,1724.5129433722775,0.9881292900050904,6777,632,73902.19140029635,0.012150177258444046,0.10160531452015306,101.2150177258444,9861.680773186607,109.61850464730547,0
dodo-k20000000000000000,567,10000,48.66076601387495,-48.69020963302311,48.69020963302311,-0.02944361914816085,218078.47466967223,2008.715031674457,0.9908730942750451,10386,1037,115322.51600992648,0.005139376034325096,0.11737194763198971,100.51393760343251,9983.112829749207,51.24606829775438,0
dodo-k20000000000000000,568,10000,13.1639785306925,-13.158853125811163,13.158853125811163,0.005125404881336948,122380.39059840505,1859.593103429337,0.9850322492967143,9684,433,46872.57864002118,0.0006933914682906562,0.05775133082898606,100.06933914682907,9985.515382486778,112.53721362883763,0
dodo-k20000000000000000,569,10000,60.22589686681653,-60.22932891281539,60.22932891281539,-0.0034320459988634866,254592.88833934077,424.20116800853754,0.9983365774865206,9180,1044,140242.7072401757,-0.0001670050498448461,0.11302884628954772,99.98329949501552,10000.687481894529,102.45326020043706,0
dodo-k20000000000000000,570,10000,65.8499428488042,-65.7652133408468,65.7652133408468,0.0847295079574053,245124.6418499472,2215.950853848927,0.9910408929257211,9363,1187,137497.16742847813,-0.01659996686583952,0.19939952565346006,98.34000331341605,10041.122422782464,45.819512705477635,0
dodo-k20000000000000000,571,10000,72.77900995485484,-72.73824408407971,72.73824408407971,0.040765870775132385,286386.7674568383,2293.278906829366,0.9920559840012622,11586,1297,158598.20065203792,-0.01795611059117462,0.13942725696741448,98.20438894088254,10089.958342339578,67.94677806911939,0
dodo-k20000000000000000,572,10000,13.371835059664342,-13.363244701083445,13.363244701083445,0.008590358580896407,87721.97958042905,1534.7610994558122,0.9828050958642983,5134,391,41680.712889636256,-0.005992406959706216,0.066384078265461,99.40075930402938,10034.0615513589,61.81167045016577,0
dodo-k20000000000000000,573,10000,35.19556522203596,-35.22946315259165,35.22946315259165,-0.033897930555689015,188243.9169254167,2372.02425259708,0.9875560027249669,11097,848,89149.34841450868,-0.0008846389621920991,0.13418051561547556,99.91153610378079,10013.771100633536,51.63776651458527,0
dodo-k20000000000000000,574,10000,30.37108841307623,-30.37979130879681,30.37979130879681,-0.008702895720581694,171455.78951586183,2081.2817814919895,0.988006702164947,6943,653,88319.40340131459,-0.0021972903790620536,0.09855090918652153,99.7802709620938,10062.350083421406,167.5473347110451,0
dodo-k20000000000000000,575,10000,42.992626468278885,-42.97974281164236,42.97974281164236,0.012883656636525131,247564.249448607,2498.2783095130444,0.9900093855248493,11528,1028,123054.44740850128,-0.0003122012984592004,0.08814988291698825,99.96877987015408,10000.503934931403,88.1459098851723,0
dodo-k20000000000000000,576,10000,45.420868119816035,-45.4055196601219,45.4055196601219,0.015348459694138228,217084.42585191055,3822.814588832068,0.9826949330352188,11086,884,106344.76475743022,-0.006331462116429379,0.17295009839900444,99.36685378835706,10044.230645791902,83.24196392931401,0
dodo-k20000000000000000,577,10000,11.593205240017424,-11.59492683506533,11.59492683506533,-0.0017215950479059217,69177.0907816157,718.1328591470218,0.989725580350984,4066,343,34270.33017794422,0.00658551352303121,0.11141657758419016,100.65855135230312,9989.637180316387,44.438527779382895,0
dodo-k20000000000000000,578,10000,36.47716538018091,-36.503358452220326,36.503358452220326,-0.026193072039419008,205302.42992191477,3929.2386812944906,0.9812206311428603,11447,778,96774.5012780953,0.0004076191320287137,0.09472146802613451,100.04076191320287,10030.699146894054,183.1108844988538,0
dodo-k20000000000000000,579,10000,11.52279351979001,-11.525607445162564,11.525607445162564,-0.0028139253725534275,88695.98942978439,1710.630165632906,0.9810784854771895,5109,347,39173.94214653941,0.003756628036963434,0.06883118620537587,100.37566280369634,9974.594621591652,143.8945402773289,0
dodo-k20000000000000000,580,10000,23.733132553387353,-23.709399514873766,23.709399514873766,0.02373303851358699,164325.01617217067,2710.165381101168,0.9837748828965303,9157,652,76578.21767066132,-0.007667113521486044,0.059777374333383475,99.2332886478514,10090.997390290635,157.51798221163267,0
dodo-k20000000000000000,581,10000,13.566137490719345,-13.571502650684138,13.571502650684138,-0.005365159964792809,96984.39048845283,2571.1677052942773,0.9741735393588926,7738,430,39594.767946463464,0.007263197521706957,0.13759967160964634,100.7263197521707,9983.38701473386,27.90702266373063,0
dodo-k20000000000000000,582,10000,21.6356590789462,-21.63084138722087,21.63084138722087,0.004817691725332196,130691.13501586967,2375.227223271275,0.9821500551807177,7109,571,62554.261792911755,0.0072468989458009505,0.09344993442075036,100.7246898945801,9954.326719583787,66.33948181015751,0
dodo-k20000000000000000,583,10000,10.893762011919689,-10.889730656990025,10.889730656990025,0.004031354929663777,78422.77564370212,1124.2156392667096,0.9858672764219631,5334,329,34819.854829609074,-0.003281724440216607,0.054053768422362654,99.67182755597834,10011.393921466139,62.790361907341946,0
dodo-k20000000000000000,584,10000,30.385737961630173,-30.3855518825863,30.3855518825863,0.00018607904387479834,216002.25122074923,252.35908354915694,0.9988330464576267,11772,814,96027.29864957953,0.0000179909394584854,0.07574132933877181,100.00179909394585,10001.032558507257,102.45791525013938,0
dodo-k20000000000000000,585,10000,7.07971714825745,-7.087434147461856,7.087434147461856,-0.007716999204405717,65986.78036848012,922.4945950383182,0.9862127545763828,5160,294,27769.547325594398,-0.000020365978159162523,0.05979321232506862,99.99796340218408,10007.266982828685,62.998818361584135,0
dodo-k20000000000000000,586,10000,34.33219225003952,-34.27093052579019,34.27093052579019,0.06126172424932719,164196.77102916717,1640.3472884197015,0.990108684321936,6413,705,92109.40334262283,-0.0049615724881287805,0.07762843936752346,99.50384275118712,10047.065834333442,135.47173399506005,0
dodo-k20000000000000000,587,10000,21.943224414242778,-21.948480330501724,21.948480330501724,-0.005255916258946058,113765.6841608888,1448.075338248475,0.9874314027721722,5398,533,62208.90719593787,0.0015290739073451221,0.09027585161780421,100.15290739073451,10004.597492763914,79.6243781498357,0
dodo-k20000000000000000,588,10000,17.11863171631415,-17.10942985545526,17.10942985545526,0.009201860858890853,120444.15796804617,1998.3246362739073,0.983679482857828,6472,485,57728.81375954449,-0.00041854705867024224,0.07209479068631125,99.95814529413298,9992.8442960041,142.9535982638559,0
dodo-k20000000000000000,589,10000,16.143928431667536,-16.13476801013377,16.13476801013377,0.009160421533767504,155416.2398602131,2528.284123918459,0.9839925813181566,11137,595,63190.13448038494,0.0031696573662358674,0.04784245466100487,100.31696573662359,9964.42892050229,104.12931698699431,0
dodo-k20000000000000000,590,10000,32.902240528934946,-32.90134962926663,32.90134962926663,0.0008908996683132386,202986.5059194195,1482.633359860968,0.9927488648649522,10235,829,99948.2298189968,0.00014759967718404709,0.10957824544231017,100.0147599677184,9999.526597734863,102.17605587213778,0
dodo-k20000000000000000,591,10000,31.012778372215056,-30.349082552718336,30.349082552718336,0.66369581949672,178074.63660936398,1741.461982965359,0.990315316611815,8020,717,87598.38313323606,0.0328804794025298,0.0928498589650647,103.28804794025298,9449.449661772933,170.94502230468575,0
dodo-k20000000000000000,592,10000,51.20308677179725,-51.21022049533299,51.21022049533299,-0.007133723535737602,218799.85167953675,1943.0639995612657,0.9911976155901375,9113,943,116623.99795156332,0.00170480418154483,0.1591289877085336,100.17048041815448,9987.711447924103,86.88299440932985,0
dodo-k20000000000000000,593,10000,13.981116546698878,-13.996820124327357,13.996820124327357,-0.015703577628478627,86373.12561473035,1677.9882228849199,0.9809430210504835,5050,362,40995.59202209574,0.0047099339301128395,0.09714738607478864,100.47099339301128,9963.84453203597,127.52394978198895,0
dodo-k20000000000000000,594,10000,16.91349079292346,-16.91477217207658,16.91477217207658,-0.001281379153120099,133966.6987799285,3276.0535745932343,0.9761294966882431,8806,567,56596.80324442603,-0.001182071142568617,0.09038485960550659,99.88179288574314,9986.008780001452,40.779985185185986,0
dodo-k20000000000000000,595,10000,16.16833027465207,-16.164435146276148,16.164435146276148,0.003895128375923207,132467.0473222431,3628.539483206065,0.9733383016424103,9627,485,51961.885433556046,-0.0018928506246922439,0.12454206059930073,99.81071493753078,10008.96855712671,104.341102744763,0
dodo-k20000000000000000,596,10000,26.902616347744193,-26.903100347334785,26.903100347334785,-0.00048399959059253206,133521.86728376764,1527.968383071686,0.9886858923187356,5453,587,73922.41445264927,0.000916737650591557,0.08705044472891572,100.09167376505916,10003.148015898234,87.41606387806199,0
dodo-k20000000000000000,597,10000,28.315359169444257,-28.29522525340539,28.29522525340539,0.020133916038865607,195010.91703187747,2430.9287048706783,0.9876878748990633,10648,753,88374.93978960982,-0.006467443818434475,0.09838764836311541,99.35325561815655,10060.344942211786,95.73666565786881,0
dodo-k20000000000000000,598,10000,61.15987778353667,-61.178163140952094,61.178163140952094,-0.018285357415422254,288530.1013818634,2743.845735287309,0.9905798449794628,11072,1165,151451.6135264731,0.0010092035320606386,0.13048945913130625,100.10092035320606,9991.209896177495,92.16854290901698,0
dodo-k20000000000000000,599,10000,96.69305726002044,-96.79160064632704,96.79160064632704,-0.09854338630660209,306972.9547118901,2456.549964523395,0.9920610351391915,11336,1340,175586.60391950887,0.0024159510928662086,0.2677938202514241,100.24159510928662,10000.980552254428,85.52272691216025,0
dodo-k20000000000000000,600,10000,21.830251238854427,-21.859745637910486,21.859745637910486,-0.029494399056058995,95195.12634989439,1637.1997270390962,0.9830924259142723,4415,441,49368.58934242997,-0.00045026269005674633,0.1587933810247759,99.95497373099433,10023.013917329245,53.75655396086622,0
dodo-k20000000000000000,601,10000,20.859016843495368,-20.848872152718414,20.848872152718414,0.010144690776954235,105474.07882918826,1272.145555660982,0.9880825241080701,4179,447,56936.35790739329,0.000028404266131758505,0.08250150376097765,100.00284042661318,9995.499255398261,110.0934412303796,0
dodo-k20000000000000000,602,10000,25.48443897814007,-25.4932485069523,25.4932485069523,-0.008809528812228962,140378.34632494775,1459.9067764773206,0.9897072422667714,5511,558,74221.2574402607,-0.00040499510563705597,0.060438228820593166,99.9595004894363,10009.036386083024,126.13494630676568,0
dodo-k20000000000000000,603,10000,23.53733270350572,-23.500464949217672,23.500464949217672,0.03686775428804623,156040.38288129438,2311.5652074031204,0.9854023569946335,8946,609,70479.75706003758,0.013198199262701138,0.07301338018429433,101.31981992627011,9868.501628304071,99.4759488368599,0
dodo-k20000000000000000,604,10000,93.20468846604831,-92.9465183183557,92.9465183183557,0.25817014769260993,272351.01100628125,3062.837046823479,0.9888791465335727,11729,1224,145302.81562670958,0.007236007927234453,0.5085003787763981,100.72360079272345,9915.265554550226,40.19395435154546,0
dodo-k20000000000000000,605,10000,9.864024339017227,-9.864064524992429,9.864064524992429,-0.00004018597520172307,77199.90157790079,446.36088255342264,0.994251353916993,4840,331,35501.30398355996,0.0007626088921513486,0.05134026646430257,100.07626088921513,9995.848700068187,102.41020392610012,0
dodo-k20000000000000000,606,10000,7.388781333737779,-7.383068276866737,7.383068276866737,0.005713056871041289,66679.5955743647,1028.8289696245138,0.9848050079948899,4128,251,29058.665623785237,-0.0043139790916161755,0.04603299640547391,99.56860209083838,10034.576294772485,127.25552115746517,0
dodo-k20000000000000000,607,10000,36.573533534675,-36.56483361159037,36.56483361159037,0.008699923084627414,176562.4974348033,1924.1213429916038,0.9892198005869167,7449,778,93457.74453867428,-0.0005357875196774841,0.10919211822357383,99.94642124803225,9977.760230681102,122.22203561688673,0
dodo-k20000000000000000,608,10000,21.639374989281933,-21.64034346624797,21.64034346624797,-0.0009684769660367465,175888.2050134272,1839.159030926038,0.9896517959357848,11237,697,77195.44398582855,-0.003484497497838248,0.08208502843449708,99.65155025021618,10043.954086241625,105.19220550071998,0
dodo-k20000000000000000,609,10000,15.44378118222075,-15.437560427498248,15.437560427498248,0.006220754722502164,132376.95262177673,2960.158894703076,0.9781275153464272,10244,466,50913.85393676207,0.0024354912714132128,0.08111272383478309,100.24354912714132,9990.134057101373,100.24624707468026,0
dodo-k20000000000000000,610,10000,21.701345387610388,-21.758075159457505,21.758075159457505,-0.056729771847116695,166053.40780080837,2353.9237423205436,0.9860224390425799,11605,608,67727.96997663991,-0.001506873386935439,0.10294500278654198,99.84931266130646,10027.992345474044,122.47292879266541,0
dodo-k20000000000000000,611,10000,63.13602903700161,-63.13490083414211,63.13490083414211,0.0011282028595047677,276705.6389663891,2478.648798844536,0.9911218184279452,11662,1201,144827.3280526545,-0.003756889794179585,0.2284880916173499,99.62431102058204,10001.230779567639,47.75684995178802,0
dodo-k20000000000000000,612,10000,24.216530086020153,-24.216031254422937,24.216031254422937,0.0004988315972163093,180217.5276130376,1974.5900473309105,0.9891620445895918,11214,791,81947.7204013234,0.009520147286272191,0.06862018691407343,100.95201472862722,9943.112831194054,54.572305331533386,0
dodo-k20000000000000000,613,10000,29.499319913006246,-29.483408115009716,29.483408115009716,0.015911797996530197,174616.6916601886,3444.735859178872,0.9806542275485004,8554,747,82958.30446998552,-0.000025714454081366968,0.086499506871386,99.99742855459186,9987.63718929665,65.467761243177,0
dodo-k20000000000000000,614,10000,35.70919493228124,-35.68484498271681,35.68484498271681,0.024349949564431483,222982.11449665972,2268.764106457085,0.9899278345970203,9927,921,112574.8463080605,-0.000493517305720843,0.06248394599079788,99.95064826942792,10008.391175652112,118.1689678595904,0
dodo-k20000000000000000,615,10000,6.995210672557802,-6.992212065618872,6.992212065618872,0.0029986069389291714,61515.63623161105,1425.695994077002,0.9773488112872333,4816,260,24947.52377051208,-0.0018216309836971334,0.054657538042336,99.81783690163029,10000.919866778871,51.05806734201403,0
dodo-k20000000000000000,616,10000,7.597583466174837,-7.597774405555995,7.597774405555995,-0.00019093938115855025,55767.84268559119,506.15261321631107,0.991005568193111,4299,204,22987.860498130813,-0.0010262585881174856,0.07081378606819584,99.89737414118825,10014.560958097625,107.76120335627509,0
dodo-k20000000000000000,617,10000,46.095546956751406,-46.24050270271019,46.24050270271019,-0.14495574595878224,229894.62033010487,3086.7672046966986,0.9867510137296457,9920,912,117794.33339869186,-0.002869665895071023,0.09102194550216837,99.7130334104929,10034.523892487598,104.6636433113879,0
dodo-k20000000000000000,618,10000,72.77019793866704,-72.75555936118779,72.75555936118779,0.01463857747924635,300690.2018148797,2697.462814344088,0.9911088579766725,11214,1300,164714.18592186554,0.003236551037915234,0.19179932479888678,100.32365510379152,9969.997009027413,81.63107379049231,0
dodo-k20000000000000000,619,10000,23.030935794447288,-23.03512902857277,23.03512902857277,-0.0041932341254806715,168161.61777407947,2086.2918279227624,0.987745565670674,11197,649,70951.316097194,0.0009786987655168388,0.09996343529870401,100.09786987655168,9994.435220011019,96.09177552407807,0
dodo-k20000000000000000,620,10000,61.00701866840791,-61.121922736016465,61.121922736016465,-0.1149040676085562,210803.1170021854,2101.43311362492,0.990129693740778,7901,945,118753.54616540065,0.005201383305262795,0.2539071746804797,100.52013833052628,10009.323541637086,77.39078559825987,0
dodo-k20000000000000000,621,10000,20.515197724772115,-20.490517108640972,20.490517108640972,0.024680616131142585,107954.76666726547,1283.428815705009,0.9882510983449458,4101,454,58781.7713509881,-0.008243146171187163,0.060243293557317654,99.17568538288128,10072.892787050443,122.78787575107806,0
dodo-k20000000000000000,622,10000,5.091226081853042,-5.090432556533429,5.090432556533429,0.0007935253196134084,56258.45741669214,1881.7983814508875,0.9676334691752253,4738,238,22666.501035256173,0.002948226249868782,0.04105230795199532,100.29482262498688,9979.816027912957,92.90810835553661,0
dodo-k20000000000000000,623,10000,21.304459337275055,-21.29537012010089,21.29537012010089,0.009089217174164332,134652.973326054,2416.1631607293584,0.9823726681099918,8320,607,63972.09312312519,-0.0005975391762083859,0.10408226003842316,99.94024608237916,9988.907619029442,86.01573014315113,0
dodo-k20000000000000000,624,10000,66.74703068916348,-66.41704462857086,66.41704462857086,0.32998606059261704,171128.8473713554,1857.7595445491884,0.9892606741199779,8751,834,89718.80683198062,0.006984289959838179,0.8691456679771318,100.69842899598382,9996.589587497547,33.270632516992315,0
dodo-k20000000000000000,625,10000,28.85244045317789,-28.832334016717468,28.832334016717468,0.020106436460423538,149382.89014992127,1296.129538735414,0.9913980755820315,6224,683,81875.10673377119,0.005471581634872393,0.1031976366810882,100.54715816348724,9928.303664053712,104.8000712852069,0
dodo-k20000000000000000,626,10000,6.866019603905028,-6.860865030411134,6.860865030411134,0.0051545734938942545,67483.47499387061,560.3945953943357,0.9917642162508238,4788,277,28052.671043100225,0.0055574105746549664,0.03637576635195671,100.5557410574655,9948.824584414086,90.71281131164903,0
dodo-k20000000000000000,627,10000,6.9810617125399,-6.9854798878775455,6.9854798878775455,-0.004418175337645103,56896.59958119452,854.394200486553,0.9852055498176108,4287,250,24247.329804659243,0.0015222483618623527,0.05594498784633572,100.15222483618624,9993.128646489711,69.20764041483396,0
dodo-k20000000000000000,628,10000,60.1004759095082,-60.08929283545942,60.08929283545942,0.011183074048780384,239068.64939956038,3722.574865566095,0.9846675888849217,8907,1003,132081.9686149764,0.0005955743176157568,0.1225614689048193,100.05955743176158,10016.471617858128,119.61462933631582,0
dodo-k20000000000000000,629,10000,6.094777018806286,-6.092934716292319,6.092934716292319,0.0018423025139666649,57040.49563460865,942.1622190885444,0.9837509653064572,4100,220,24178.385347481388,0.0022742076806936493,0.0371587957238799,100.22742076806936,9969.168801466543,144.8054846259827,0
dodo-k20000000000000000,630,10000,18.91291389599784,-18.907051226163816,18.907051226163816,0.005862669834023393,95673.30311827797,1625.1075423062875,0.9832976969379766,4099,386,50025.95061459662,-0.000834985483392785,0.06924666392228829,99.91650145166072,10010.995976813241,135.3348578819516,0
dodo-k20000000000000000,631,10000,34.23003975400689,-34.27095740627459,34.27095740627459,-0.0409176522677015,198286.50347919515,1790.692485802689,0.991049992093472,7946,776,106014.94522921508,-0.005410303110638921,0.04783267446659124,99.45896968893611,10084.04903107746,177.22367047747647,0
dodo-k20000000000000000,632,10000,51.65455195122572,-51.6363793293562,51.6363793293562,0.018172621869517513,271432.5901032141,3164.2345888692703,0.9884767983299972,10658,1165,146684.95518805008,0.008284052505976832,0.08251717229671186,100.82840525059768,9931.474294926145,87.79391393212764,0
dodo-k20000000000000000,633,10000,53.50782145045126,-53.50101340680804,53.50101340680804,0.006808043643218298,223839.8521607325,709.602826588115,0.9968398817684586,8715,941,122442.36798003071,0.0013625609990602072,0.15534711221921696,100.13625609990602,9983.692499292882,97.13453000383612,0
dodo-k20000000000000000,634,10000,27.76385783881562,-27.76608116366411,27.76608116366411,-0.0022233248484901935,123332.59743404199,892.2355394456895,0.992817575052517,4519,575,73564.19996170618,-0.0006049451105484138,0.08631384251907477,99.93950548894516,9998.463579678795,119.34191686874206,0
dodo-k20000000000000000,635,10000,66.6983399707029,-66.72692800949415,66.72692800949415,-0.028588038791241388,208866.75682918425,1960.4360117108452,0.9907012184467574,7998,1079,120877.42717170283,0.009898962634532325,0.17203602921760436,100.98989626345323,9984.601962141089,41.45820561370026,0
dodo-k20000000000000000,636,10000,16.292497677667292,-16.29030160772824,16.29030160772824,0.0021960699390533023,128464.58433356338,1919.4631816437225,0.9852783893564905,9442,524,52969.861857569034,-0.0029815215204338583,0.09842884713650278,99.70184784795661,10020.532551616338,72.4763268572966,0
dodo-k20000000000000000,637,10000,19.512963541979822,-19.509396155501776,19.509396155501776,0.0035673864780463305,120818.26913133074,2603.970930170855,0.9789019310549437,7441,481,54645.636185178264,-0.005214850111711513,0.14159729411030442,99.47851498882885,10069.132294710791,129.0679058391502,0
dodo-k20000000000000000,638,10000,11.226353190184602,-11.225285940872567,11.225285940872567,0.0010672493120349458,98912.1345653103,493.2677473412218,0.9950378175042259,7595,354,37839.665969504276,0.0018196775496765838,0.05556442317598908,100.18196775496766,9981.766366582002,99.23445976650498,0
dodo-k20000000000000000,639,10000,24.38398163255679,-24.37715172522458,24.37715172522458,0.006829907332210894,145436.25947545219,1724.0471210168278,0.9882845642218974,6064,594,75571.33661914054,-0.001146479712712818,0.07206240795913572,99.88535202872872,10006.414238017785,150.36570794272964,0
dodo-k20000000000000000,640,10000,10.717904308625533,-10.713703014486086,10.713703014486086,0.004201294139447143,94376.24348228224,41.23634732735253,0.9995632551578185,6460,363,39181.61867882272,-0.004392721276467313,0.03800393572608243,99.56072787235327,10044.481517513894,100.16493752469623,0
dodo-k20000000000000000,641,10000,30.420996860549124,-30.40663058362282,30.40663058362282,0.014366276926303101,117359.5235690626,998.5868010825293,0.9915630048675192,4596,554,67170.45867002063,0.003175712942460791,0.16770231083947393,100.31757129424608,9981.12420643904,59.86077133900214,0
dodo-k20000000000000000,642,10000,28.07033814606283,-28.074774403710563,28.074774403710563,-0.004436257647732589,187980.4893899933,2186.1018325329806,0.9885042802814145,9970,748,86494.4239905396,-0.0014442832979688091,0.08102630482956727,99.85557167020312,10011.232651720202,87.8002578843329,0
dodo-k20000000000000000,643,10000,22.533507876931388,-22.538917267943503,22.538917267943503,-0.00540939101211535,183854.41037011702,3655.95370245966,0.980502657970177,11264,640,77169.31805948833,-0.0012932612853637693,0.0639509596602909,99.87067387146362,10039.906553881483,176.0255444871919,0
dodo-k20000000000000000,644,10000,14.256901904969785,-14.245478293139293,14.245478293139293,0.011423611830492675,106850.93479235678,1556.1399411999012,0.9856454023409027,7641,464,46561.782557024526,0.004304762850157573,0.07673413961844858,100.43047628501576,9981.626621185078,43.50502343556149,0
dodo-k20000000000000000,645,10000,26.24713734874794,-26.248946973002546,26.248946973002546,-0.001809624254605069,144283.32298764016,1223.9609209387577,0.9915883185496902,6622,587,73876.19019444131,0.0035737327533507824,0.07708256982557345,100.35737327533508,9961.198054821329,112.08563231943062,0
dodo-k20000000000000000,646,10000,16.28860521786205,-16.29236204446852,16.29236204446852,-0.0037568266064695877,111842.07960880577,1763.0407427606624,0.9844809746488125,5551,484,54277.151103162556,0.00024074370009174117,0.06243488579792398,100.02407437000917,10006.316491323529,99.87357187932876,0
dodo-k20000000000000000,647,10000,43.91968457690042,-43.91518293317583,43.91518293317583,0.004501643724594828,213894.2350890141,2295.3938211404043,0.9893824979823878,9011,835,109537.99282199639,-0.0008501032994571744,0.14665647736243728,99.91498967005428,9999.120088469528,207.24050857232703,0
dodo-k20000000000000000,648,10000,23.605893003926873,-23.61564769164299,23.61564769164299,-0.009754687716117871,180454.06701695477,2209.59259537729,0.9879034910388486,11035,711,80566.49153766382,0.001427127938686823,0.08200376541209167,100.14271279386868,9987.488876147174,116.09301442264407,0
dodo-k20000000000000000,649,10000,30.145093071063098,-30.10948600618636,30.10948600618636,0.03560706487673926,141843.46944656153,1285.4827859428394,0.9910187088922816,5504,586,77623.2666604273,-0.004861666070465845,0.09226662950551727,99.51383339295342,10053.565757165512,131.9835907771027,0
dodo-k20000000000000000,650,10000,17.53059144415804,-17.505711631365052,17.505711631365052,0.024879812792988787,119709.3115139098,2097.977551053853,0.982776256107835,9301,532,49881.265407009625,-0.006964377393514525,0.10152506676686074,99.30356226064855,10000.078682255255,65.57003906431606,0
dodo-k20000000000000000,651,10000,35.45058673931343,-35.45514149109039,35.45514149109039,-0.004554751776957744,154088.01815088472,1782.9402891197908,0.9885614337207913,6137,753,88200.11800675985,0.005294916919007023,0.16641045065600224,100.5294916919007,10016.05671625611,69.76828640236748,0
dodo-k20000000000000000,652,10000,17.300521219028816,-17.301903945949498,17.301903945949498,-0.0013827269206814208,126621.8509825321,2968.2161880063372,0.9770953418513147,7767,545,56471.93744444622,0.008676734012695277,0.08960682161524644,100.86767340126953,9953.599654647847,67.28073571738732,0
dodo-k20000000000000000,653,10000,5.909727628794951,-5.90480199397723,5.90480199397723,0.004925634817721125,60078.685560962585,1398.039591949005,0.9772590425324112,4838,229,23727.841204471202,-0.0007223068335382265,0.037471541726752516,99.92776931664618,9996.654680561945,91.85372398830214,0
dodo-k20000000000000000,654,10000,21.092640170090995,-21.124210989872125,21.124210989872125,-0.03157081978113041,102840.73757764309,1778.3259226292168,0.9830018940799964,6045,438,48117.47904398152,0.0002363078189378598,0.19006690841055118,100.02363078189379,10017.182995200312,103.18343145795929,0
dodo-k20000000000000000,655,10000,55.346737292002594,-55.339730626281366,55.339730626281366,0.007006665721227989,287309.9504098102,3428.750439693558,0.988206762877886,11405,1208,153736.31191469802,-0.0019460932926835994,0.0857669953448685,99.80539067073164,10020.270263647044,101.30606533075216,0
dodo-k20000000000000000,656,10000,34.212875672793366,-34.19916264037306,34.19916264037306,0.013713032420305638,227365.41916084065,2404.125399861158,0.9895367969481872,11138,877,107089.47639386501,-0.0012268791211501196,0.08329752298667387,99.87731208788499,10005.73750372075,126.97958699102001,0
dodo-k20000000000000000,657,10000,94.0719318237605,-93.84422586902927,93.84422586902927,0.22770595473122057,274244.2989215251,1909.7259203308915,0.9930845624233631,9668,1222,158300.24688053285,0.0049314374499356,0.3109279200090299,100.49314374499356,9947.170082362878,59.091139205076885,0
dodo-k20000000000000000,658,10000,22.557574611755758,-22.55186597756996,22.55186597756996,0.005708634185797479,102889.28859906584,916.5595625210984,0.9911704438742761,4168,425,55122.92343224399,-0.0033704451476343424,0.10102805181768261,99.66295548523657,10048.441819617823,127.85032111518267,0
dodo-k20000000000000000,659,10000,13.720762173532178,-13.719243306159477,13.719243306159477,0.001518867372700683,120774.83472070172,1918.5535403426704,0.9843630242221306,9096,488,49307.19991340594,0.008550785694614262,0.07308632464426808,100.85507856946143,9963.503797053707,51.036525213575416,0
dodo-k20000000000000000,660,10000,35.072845236934214,-35.070108473347304,35.070108473347304,0.002736763586909774,111978.71761936662,937.837061339675,0.9916944236919769,4550,504,63254.093798091,0.0005752597711405371,0.22955289710824262,100.05752597711405,9992.708750707743,98.47884106501276,0
dodo-k20000000000000000,661,10000,12.680248055077294,-12.671221819460627,12.671221819460627,0.009026235616667933,137203.1815347414,2364.59472181911,0.9830577316251541,10057,503,52859.588120167406,0.004845106038533942,0.04334767427666449,100.4845106038534,9948.163504022754,114.15948571921379,0
dodo-k20000000000000000,662,10000,31.374271514051085,-31.369483379739734,31.369483379739734,0.0047881343113509445,202618.29477623393,1667.0928138104753,0.9918393927560009,11300,756,90158.29863494298,0.00032592983660094887,0.07884140520188027,100.0325929836601,9985.22770400744,101.29361979293853,0
dodo-k20000000000000000,663,10000,58.54537407920688,-58.52167671463514,58.52167671463514,0.023697364571738433,246705.3529080154,2645.6159505654496,0.9893899912934933,9719,1088,133672.0995623746,-0.004710673886081338,0.13800132559470002,99.52893261139187,10038.35152144905,91.26406102827708,0
dodo-k20000000000000000,664,10000,45.83242669134392,-45.79535168273377,45.79535168273377,0.03707500861015234,169059.6279699763,2262.000033398277,0.986796763142166,6262,736,96329.18374954279,-0.0015834020463141485,0.1569425502324769,99.84165979536859,10012.64846465338,88.90739423377586,0
dodo-k20000000000000000,665,10000,67.95414076585686,-67.98860721035143,67.98860721035143,-0.03446644449456926,240270.79713558315,1820.386305636695,0.9924805757906559,9271,1149,134739.12001063314,0.0014405303731071229,0.1697627342892477,100.14405303731071,9972.765691935572,46.72329681313615,0
dodo-k20000000000000000,666,10000,64.35165865811756,-64.34833645079175,64.34833645079175,0.0033222073258087903,285110.2805771979,2533.2762761645845,0.9911930018392312,11035,1189,150923.21302497896,0.006580567133289179,0.14754037781295012,100.65805671332892,9958.389742579027,34.299933565995524,0
dodo-k20000000000000000,667,10000,18.11727235902211,-18.148775522359955,18.148775522359955,-0.03150316333784531,125995.03813670143,3390.4928391378603,0.9737954250868207,9180,530,52677.86062346398,0.0057847858957204325,0.08265906724171274,100.57847858957204,9989.402331059722,44.06651226738637,0
dodo-k20000000000000000,668,10000,19.17164219644728,-19.172203823623867,19.172203823623867,-0.0005616271765873648,143256.4398790116,2271.054370441219,0.984394327806206,9950,615,62051.12110537413,0.005398771492949522,0.05273731569880354,100.53987714929495,9976.04069662118,55.263872548945464,0
dodo-k20000000000000000,669,10000,43.810448905810134,-43.80891398579807,43.80891398579807,0.0015349200120624573,236829.68565111968,508.8617228990491,0.9978559668097355,10333,959,120808.34915869751,-0.002713736222397216,0.08921001258811614,99.72862637776028,10027.744511582961,103.17282136309223,0
dodo-k20000000000000000,670,10000,24.696431365624292,-24.69043223487939,24.69043223487939,0.00599913074490388,116073.98603397245,1367.3207952901964,0.9883574116109077,4680,546,63362.76314601266,-0.007625224466492142,0.11202666008060333,99.23747755335079,10052.11986699799,70.1268352414169,0
dodo-k20000000000000000,671,10000,8.492152232416815,-8.498488695888256,8.498488695888256,-0.0063364634714400125,87625.45797240874,2033.096691145669,0.9773240077449954,6087,331,35850.64892534891,-0.0013925587692096997,0.0399386769531921,99.86074412307903,10033.9745360637,196.57284604550597,0
dodo-k20000000000000000,672,10000,11.516203937520011,-11.516632562994062,11.516632562994062,-0.0004286254740506479,107354.39810620889,1692.2443029585231,0.9844814634768043,7101,423,45116.67926945319,0.008275559286189206,0.04384218035483684,100.82755592861892,9948.069312257086,85.07281675444192,0
dodo-k20000000000000000,673,10000,43.52206454183657,-43.37652967224915,43.37652967224915,0.14553486958742212,248367.47752684297,2590.734511808207,0.9896766298629464,10203,899,123157.44947072113,-0.00037904351633841313,0.10342780004042113,99.96209564836616,9959.951517505397,208.3391821168631,0
dodo-k20000000000000000,674,10000,16.285872966328238,-16.285158890626732,16.285158890626732,0.0007140757015058341,114476.30352686264,1793.1518277071605,0.9845776190983363,6206,449,53486.45938103249,-0.005364481049863343,0.06284668416748516,99.46355189501367,10071.9346189792,112.31457047343919,0
dodo-k20000000000000000,675,10000,42.23633466649682,-42.230125302503026,42.230125302503026,0.006209363993797012,237637.59202783418,137.0932235902035,0.9994234322150601,11322,971,119992.39523396938,0.004941965597925986,0.10552042152193324,100.4941965597926,9950.203565503965,100.94105821059277,0
dodo-k20000000000000000,676,10000,34.02748960791225,-34.00148624447485,34.00148624447485,0.026003363437403948,191842.0449091305,2609.7145433434475,0.9865791158141654,9160,810,96625.69323959995,0.011972512582714928,0.06478754685287555,101.19725125827149,9894.825654001705,83.65176315775184,0
dodo-k20000000000000000,677,10000,15.075806950083981,-15.107896018250301,15.107896018250301,-0.032089068166319734,81743.38258822293,1627.6105111214872,0.9804774964215428,4330,322,39438.44167911423,0.0005730851993382657,0.09578857064323429,100.05730851993383,10021.367410068728,152.7301053883448,0
dodo-k20000000000000000,678,10000,58.552266875590725,-58.614575675888055,58.614575675888055,-0.062308800297330436,206057.75005909952,1855.7214292224912,0.9910745493500803,8156,927,115588.2064199733,-0.002894590876275629,0.241172594464079,99.71054091237244,10028.024414289335,74.18050330198702,0
dodo-k20000000000000000,679,10000,29.01882757727515,-28.964027544679418,28.964027544679418,0.05480003259573252,122690.7754280977,1466.2606886686451,0.9881902731047022,4879,588,69426.52515194603,0.01468960825232216,0.15066221852928152,101.46896082523222,9896.807308762167,61.28312041766061,0
dodo-k20000000000000000,680,10000,82.98833699730244,-82.97605712487493,82.97605712487493,0.012279872427512828,277046.0993031077,763.8666473754404,0.9972503986861594,9863,1145,155189.6911157089,0.0023845045264216935,0.20100837527984453,100.23845045264217,9976.711689576741,98.66863183944704,0
dodo-k20000000000000000,681,10000,10.816723661521335,-10.77007198368456,10.77007198368456,0.04665167783677582,80363.78247035755,783.6670321172029,0.9903426782120454,4588,323,36446.55906709325,0.01363697608852476,0.05795728536874549,101.36369760885248,9848.915892243365,113.9275243100176,0
dodo-k20000000000000000,682,10000,24.155596605748006,-24.15108793413755,24.15108793413755,0.00450867161045565,158418.2181101827,2334.2005177396954,0.9854795309603246,7494,651,76813.65490354817,0.007564163398561447,0.06979403405671959,100.75641633985614,9909.01528610434,144.58013305454293,0
dodo-k20000000000000000,683,10000,28.082143213152747,-28.070567527963362,28.070567527963362,0.011575685189384899,164662.6963332786,631.451550982557,0.9961798311733051,8049,707,82639.27926484487,-0.00770327598753795,0.0791902428158717,99.2296724012462,10074.256855076705,93.46698194069094,0
dodo-k20000000000000000,684,10000,19.023320092088696,-19.014902103240992,19.014902103240992,0.008417988847703839,131367.25276755652,3175.575072396354,0.9763972920490872,9349,569,55884.080746301755,0.002275503249854012,0.09771996959215372,100.2275503249854,9947.083165804595,35.005667386685694,0
dodo-k20000000000000000,685,10000,12.666840774966147,-12.663052432124978,12.663052432124978,0.0037883428411689124,118447.41001609308,2797.193872367431,0.9769293330782728,9338,418,45245.20523162038,0.0016594606368491326,0.08236230532369092,100.16594606368491,10010.747261025292,74.53254446695522,0
dodo-k20000000000000000,686,10000,15.849060072405464,-15.843277776529519,15.843277776529519,0.00578229587594592,111746.49396967558,1509.818103017289,0.9866690158333231,7650,440,48785.08946369516,-0.00003624670650651751,0.0829436805276734,99.99637532934935,9994.236891908511,77.92447921593649,0
dodo-k20000000000000000,687,10000,9.523970740540603,-9.52174669729861,9.52174669729861,0.002224043241993101,80706.16740636788,1928.4003852393084,0.976663514594734,5723,322,33518.36666255874,0.0004845623302426816,0.06247703999695304,100.04845623302427,9997.564823339235,85.59749766811757,0
dodo-k20000000000000000,688,10000,8.86390664809556,-8.870185489024237,8.870185489024237,-0.006278840928677809,77195.90983573199,1435.7652824963197,0.9817406244959485,3845,293,37369.24717759069,-0.002469611194552641,0.03723679568994839,99.75303888054474,10080.704377598611,296.8381024912803,0
dodo-k20000000000000000,689,10000,28.112751063718214,-28.116677758133847,28.116677758133847,-0.003926694415632426,190161.93757260393,1707.4643283390308,0.9911009034717242,10080,768,89275.50648033849,0.00127751547970135,0.07875673243178284,100.12775154797013,9993.35469773443,89.76886576258029,0
dodo-k20000000000000000,690,10000,12.919254984110886,-12.932539537323322,12.932539537323322,-0.013284553212436379,80411.22183915123,1307.0865280408034,0.9840049732531472,4351,337,38456.488814272794,0.006873634855722059,0.08928629177266628,100.6873634855722,9968.453611645364,75.62694109864069,0
dodo-k20000000000000000,691,10000,55.61507306103329,-55.616958406278414,55.616958406278414,-0.0018853452451210728,254475.56549111538,2265.615958431587,0.9911754867464578,9525,1033,140348.97894579632,-0.0009759230942933073,0.07537436682949278,99.90240769057067,10016.156263175588,130.8393435159028,0
dodo-k20000000000000000,692,10000,54.7903641828233,-54.82321811352176,54.82321811352176,-0.0328539306984581,228846.2203824492,3322.199831747362,0.9856905610647549,8901,982,125124.95703047587,0.0014893187033865728,0.12720085608495396,100.14893187033866,10008.952331336042,112.0643809274625,0
dodo-k20000000000000000,693,10000,19.52228875816033,-19.529942433095577,19.529942433095577,-0.007653674935248489,119461.43010025444,1572.5074843196985,0.9870077144005921,7392,490,53785.524163836286,-0.0007859691570922678,0.11696136413525693,99.92140308429077,10027.607174477394,109.43152602398868,0
dodo-k20000000000000000,694,10000,29.35660825013091,-29.324050963143435,29.324050963143435,0.032557286987476175,191180.50288129182,1878.4683557012029,0.9902699763514473,9516,767,90978.67135171316,-0.008705565142894328,0.07499441074080422,99.12944348571057,10042.3712613587,74.99713505576915,0
dodo-k20000000000000000,695,10000,64.75594137762447,-64.81911977585251,64.81911977585251,-0.06317839822804672,259554.76225035137,2544.072579259634,0.9902934609346374,10911,1123,133935.11661016886,0.012519182342343954,0.21594983778827584,101.2519182342344,9933.578535516035,59.362736808104785,0
dodo-k20000000000000000,696,10000,57.86441608564617,-57.859780579762635,57.859780579762635,0.004635505883534563,256311.3156564868,2382.4556794029245,0.9907904404999782,9589,1079,140107.85837585537,0.0016817681383741955,0.11237970553462943,100.16817681383742,9978.308763624058,112.57374544884273,0
dodo-k20000000000000000,697,10000,24.02145952959734,-23.9986473620134,23.9986473620134,0.02281216758393967,139020.6352040001,2074.665108278835,0.9852960013289807,7873,557,63469.051998044684,-0.0035234108741893522,0.14384966616242437,99.64765891258106,10020.154270795345,140.3254392306608,0
dodo-k20000000000000000,698,10000,73.9538311455977,-73.99634857990496,73.99634857990496,-0.04251743430725696,207556.3343371675,507.85820900124116,0.997559127292465,7636,873,115829.54395737575,-0.0016167614946249386,0.3108432489210992,99.8383238505375,10020.20391819567,104.90806521623315,0
dodo-k20000000000000000,699,10000,49.35448864728491,-49.38764719832136,49.38764719832136,-0.03315855103645049,204741.31046571286,2128.9782369401073,0.9897086321564513,7154,869,118193.70105625968,0.00013457733065720844,0.11065907339856508,100.01345773306572,10017.69205910405,84.27511345553144,0
dodo-k20000000000000000,700,10000,19.941605769719914,-19.93689305215564,19.93689305215564,0.004712717564274271,130651.36392898002,1973.784506022532,0.9851175698627788,7724,583,61282.5307396654,0.002907958621874229,0.1124420270694631,100.29079586218742,9969.249151197988,76.88228090323615,0
dodo-k20000000000000000,701,10000,21.845421808941847,-21.83561096437272,21.83561096437272,0.009810844569127397,127153.87060773422,1538.6949160381757,0.9880436378762381,7008,550,61383.95898398593,0.0020710474852897675,0.09050922180920679,100.20710474852898,9966.483769723924,52.70554282196386,0
dodo-k20000000000000000,702,10000,22.701037411328976,-22.690764757492275,22.690764757492275,0.01027265383670084,118237.42353859161,1312.4991271183674,0.9890213301869845,5963,512,61671.72504192479,0.0012303975729393813,0.08341901650045841,100.12303975729394,10004.20011887367,79.17456840546116,0
dodo-k20000000000000000,703,10000,7.078034449747444,-7.094103177766762,7.094103177766762,-0.01606872801931747,72356.30767232583,1444.7106672968782,0.9804242448166703,5349,277,27251.26519748724,0.0013738658733596764,0.0661649705157015,100.13738658733597,10048.080813347193,136.3622804204815,0
dodo-k20000000000000000,704,10000,67.52405019056042,-67.4881838628017,67.4881838628017,0.035866327758711236,267547.9196074727,2751.9852262819713,0.9898187710129808,10711,1183,147724.8354659216,-0.002247357302871933,0.2568111807702303,99.7752642697128,10010.449365467959,81.81499073906875,0
dodo-k20000000000000000,705,10000,6.910336888279294,-6.9097011492933404,6.9097011492933404,0.0006357389859532603,64239.412758146886,899.6492135490885,0.9861887907759556,4721,262,26462.364373389268,-0.004305497990919775,0.05530646554434426,99.56945020090802,10047.774181613378,101.45358702177614,0
dodo-k20000000000000000,706,10000,21.85234572844345,-21.850799212047548,21.850799212047548,0.0015465163959014205,117119.21746499094,1828.0341768472636,0.9846315559912923,4174,564,67708.98515160283,0.0008813351429738247,0.06178604066697574,100.08813351429738,9990.473357912697,88.297718567935,0
dodo-k20000000000000000,707,10000,32.84841290879919,-32.84500038658321,32.84500038658321,0.0034125222159815394,150457.9526147804,1206.1317780903933,0.9920473473801085,6556,656,79807.73826481559,-0.0004115834056236167,0.14826459348760068,99.95884165943764,9986.649634869864,78.18641879933519,0
dodo-k20000000000000000,708,10000,25.587730659374692,-25.475009610312803,25.475009610312803,0.11272104906188929,100870.03236216847,2640.23866020745,0.9744929789659549,6209,405,46131.74108733204,0.009610957120241181,0.1671224979665638,100.96109571202412,9862.414119486497,127.36521796475098,0
dodo-k20000000000000000,709,10000,17.22798702975117,-17.206649338286255,17.206649338286255,0.0213376914649146,125194.77422325469,1911.3928311565653,0.9849622337338019,6867,492,57309.47721579298,-0.00229772528451619,0.08164318801752316,99.77022747154838,10031.84574260084,229.0286881279344,0
dodo-k20000000000000000,710,10000,12.148546021794717,-12.138179610935325,12.138179610935325,0.010366410859392161,87694.82112468696,1816.3856121397191,0.9797077295865297,4671,369,42231.72757114064,-0.005684622486911195,0.05811829534734258,99.43153775130888,10076.877509193824,123.37871282870498,0
dodo-k20000000000000000,711,10000,15.489712084096933,-15.480759418467528,15.480759418467528,0.008952665629404777,92826.97880099378,2073.0134959765023,0.9781558096497055,4802,417,48579.27198322777,-0.001130685778835101,0.09079691332363282,99.88693142211649,10029.453687659183,135.7026919679984,0
dodo-k20000000000000000,712,10000,36.18160533860793,-36.17706549085919,36.17706549085919,0.004539847748738168,139853.4118047957,377.7856183348818,0.9973059802292427,5412,638,78583.33983243047,0.004285574099485956,0.17808337695029677,100.4285574099486,9964.202737482052,85.02737598750716,0
dodo-k20000000000000000,713,10000,19.94889105767719,-19.936286148025623,19.936286148025623,0.012604909651567908,136516.9332983207,1504.7665000157842,0.9890976092729303,8634,507,59909.413330302086,0.0022254675530334112,0.08434174533705771,100.22254675530334,9991.691765915712,78.07764903590488,0
dodo-k20000000000000000,714,10000,41.5190456333993,-41.528578414880755,41.528578414880755,-0.009532781481453867,188505.92609983534,3583.1679926932165,0.981346322602952,7317,824,104657.12602134602,-0.003248809475405494,0.10713951046507787,99.67511905245945,10054.748439673574,111.89803474042124,0
dodo-k20000000000000000,715,10000,34.97498825120136,-35.03123545567182,35.03123545567182,-0.05624720447045917,87506.62292654745,1953.7419536804805,0.9781608094680119,6677,335,37276.13384546165,0.00012414729937063385,0.2922733642872082,100.01241472993706,10023.29009446597,95.94146580123405,0
dodo-k20000000000000000,716,10000,15.635080887922935,-15.63404644681954,15.63404644681954,0.001034441103396233,108727.14952317798,922.7984023740669,0.9915841419003626,6189,465,52386.85919683033,-0.0039052214544624065,0.06870398163387975,99.60947785455376,10044.826595370543,110.00443498299455,0
dodo-k20000000000000000,717,10000,12.543031253258334,-12.532453246482945,12.532453246482945,0.010578006775389781,88612.64611315685,691.7715321677418,0.9922537814991961,5301,363,40612.33447494214,0.007050825613310821,0.05503244023404705,100.70508256133108,9929.497653780936,98.72515025958354,0
dodo-k20000000000000000,718,10000,40.76283752045776,-40.6978178688414,40.6978178688414,0.06501965161636036,208427.78311785276,2944.9959105956873,0.9860672886824309,7829,829,110588.70845843173,0.011883197814821358,0.13810138750285872,101.18831978148214,9815.43094999094,151.07665137673703,0
dodo-k20000000000000000,719,10000,15.974984143916467,-15.974008193913917,15.974008193913917,0.0009759500025499079,99453.54109679192,1439.076853930984,0.9857365495795357,4460,450,52377.74997974912,0.0011674160917738163,0.051612267591093254,100.11674160917738,9989.188941660137,107.2573289111001,0
dodo-k20000000000000000,720,10000,30.93558370760093,-30.9332968458325,30.9332968458325,0.0022868617684288495,189787.2120635507,2291.064648867008,0.9880722344656537,8979,809,95532.04018082547,-0.0019050519556202516,0.06638759729144156,99.80949480443797,10019.785924390837,96.13148050933626,0
dodo-k20000000000000000,721,10000,20.318185667188555,-20.3133965948655,20.3133965948655,0.004789072323053034,153125.22403386055,1606.5779777947905,0.9896170150097923,8790,639,68946.30047545118,0.006007092787424569,0.06300584291268109,100.60070927874246,9953.444064927553,82.15250460101505,0
dodo-k20000000000000000,722,10000,25.387295589301004,-25.398023976718832,25.398023976718832,-0.01072838741782789,173681.66044426573,1864.6460766740202,0.9893780386860398,9504,703,80419.40938373211,-0.001309261094116181,0.08092528169582422,99.86907389058838,9996.21717058587,62.40020232591469,0
dodo-k20000000000000000,723,10000,22.490659818421605,-22.493106342751503,22.493106342751503,-0.00244652432989767,182359.00743920286,3234.8191271152637,0.9825704378913737,10967,721,80126.70120943064,-0.004569911240642455,0.07985961858617927,99.54300887593575,10009.53294162247,128.91160817583662,0
dodo-k20000000000000000,724,10000,12.437380577082543,-12.436181532210568,12.436181532210568,0.0011990448719743085,110826.74059110119,502.53605199911516,0.9954860386490236,7299,440,46869.812425786375,-0.0012982631767644648,0.04115442276380946,99.87017368232355,10011.47817573226,107.33569419556993,0
dodo-k20000000000000000,725,10000,77.74430502678511,-77.7919839519545,77.7919839519545,-0.04767892516939298,292062.26446909644,2357.6274558496184,0.9919922956277335,10920,1319,159146.9537913679,0.014135261511295311,0.31552911663990385,101.41352615112953,9940.961542541023,45.70873996978709,0
dodo-k20000000000000000,726,10000,82.3137456060811,-82.13521445052189,82.13521445052189,0.17853115555921306,233286.99012762264,1988.9704332257234,0.9915462233009933,8480,1142,134734.16783787482,-0.028087703203174358,0.2670016082167274,97.19122967968256,10144.60869532994,54.16903366905275,0
dodo-k20000000000000000,727,10000,28.552592275517576,-28.55034771753671,28.55034771753671,0.002244557980866091,189993.03327071024,1245.2505193807774,0.9934884872699046,10622,767,87321.15506760147,-0.0011312613743541533,0.0746338319821045,99.88687386256458,10011.86874245579,92.85888436652552,0
dodo-k20000000000000000,728,10000,33.88499651394411,-33.88983431736152,33.88983431736152,-0.004837803417409248,216371.87747262718,2257.366855917736,0.989674908940702,11789,885,102172.79982836754,-0.005353702496547328,0.0893772011015922,99.46462975034527,10051.449654592532,99.66198221640279,0
dodo-k20000000000000000,729,10000,16.953388897917375,-16.927871302108798,16.927871302108798,0.025517595808576488,168444.30815265802,4074.488114349483,0.9763823525174417,10579,570,66620.46105810681,-0.0013743079238676614,0.03876511848641059,99.86256920761323,9965.112179781645,208.9385814085783,0
dodo-k20000000000000000,730,10000,47.87470499422313,-47.84425452623957,47.84425452623957,0.0304504679835631,192933.51333359088,2324.6464754734698,0.988094497675556,9944,1000,101981.35922421276,-0.00374184439700457,0.20131914234230025,99.62581556029954,9963.331890516238,59.683498641207,0
dodo-k20000000000000000,731,10000,69.3464553004693,-69.33060569620473,69.33060569620473,0.015849604264573713,280000.91043094924,2897.3337176770387,0.9897583891819601,10113,1198,161297.4713814034,0.0007321726311573685,0.12446126047134683,100.07321726311574,9995.746617753623,124.39984901616288,0
dodo-k20000000000000000,732,10000,12.005587932897676,-12.000399583899096,12.000399583899096,0.005188348998579784,106069.25147173893,2324.125240420795,0.97855842016443,7866,394,42865.951156700125,-0.0034623763095540027,0.05014660018927742,99.6537623690446,10034.258726908814,79.2662698882511,0
dodo-k20000000000000000,733,10000,8.954744656743149,-8.948861886919389,8.948861886919389,0.0058827698237600146,72283.1378047186,2094.6595917461514,0.9718375689376664,5185,269,29190.807420577745,0.0038933810388778055,0.07788392590512273,100.38933810388778,9960.51043188034,100.2393723827712,0
dodo-k20000000000000000,734,10000,36.56781812027148,-36.59863289080356,36.59863289080356,-0.03081477053207493,143945.8157488777,1422.2340384536205,0.9902163230466785,5061,594,81858.39526603701,0.000938300565232879,0.17201033996139983,100.09383005652329,10028.544870845557,128.31237941132758,0
dodo-k20000000000000000,735,10000,24.373963756177233,-24.35161411935924,24.35161411935924,0.02234963681799229,155007.43614840903,1291.4718110698525,0.991737166766356,7641,623,76904.36660693793,-0.0065535936470558906,0.06552869665117683,99.34464063529441,10093.00468215832,118.99688162807234,0
dodo-k20000000000000000,736,10000,47.882583956525714,-47.78351378267642,47.78351378267642,0.09907017384929162,176378.9597849953,1923.6536300748132,0.9892112987396503,6891,764,96318.0656680327,0.0010820688610334627,0.20675401520872014,100.10820688610335,9999.288303421521,98.53037177512664,0
dodo-k20000000000000000,737,10000,18.652711046267953,-18.641413195253833,18.641413195253833,0.011297851014120397,143485.27365139837,2498.054566621118,0.9828880832002242,10844,505,57678.404945797185,-0.0009496638708141347,0.0753751656862005,99.90503361291859,10010.050292322288,126.62826571614187,0
dodo-k20000000000000000,738,10000,21.73100917502572,-21.722018762935534,21.722018762935534,0.008990412090184918,140590.52000106324,2433.2734022032914,0.9829869328431076,8973,561,64321.3082970544,0.00226588690105487,0.08847197458033705,100.22658869010549,9964.688793524814,91.82415555038274,0
dodo-k20000000000000000,739,10000,21.048539307845388,-21.04737348991496,21.04737348991496,0.0011658179304276928,153483.8475949207,3760.4452817419406,0.976085330583721,9685,591,67456.39781836089,0.00027792756999900803,0.06345517444539013,100.0277927569999,9988.838244628238,121.64777944769699,0
dodo-k20000000000000000,740,10000,10.867017275477478,-10.88638503757376,10.88638503757376,-0.019367762096281993,97074.41398533242,2242.9326324432127,0.9774165066946947,7362,375,39468.447784290045,0.002274671152672596,0.08038716737562894,100.22746711526726,9998.630581338088,84.62575815646454,0
dodo-k20000000000000000,741,10000,13.895827875980167,-13.884522679199634,13.884522679199634,0.011305196780533322,107960.61879592789,1635.6311643936856,0.9850758473489207,7717,415,44475.949712272486,-0.004952415015835356,0.08154092328208293,99.50475849841646,10035.699548108878,95.66194468520477,0
dodo-k20000000000000000,742,10000,16.896310675398137,-16.898168007350563,16.898168007350563,-0.001857331952425767,113533.92509712695,1258.6141982294703,0.9890357491353066,5720,504,57401.72455733978,0.003171191261444477,0.05881985910417157,100.31711912614445,9958.12771849395,132.35171059481505,0
dodo-k20000000000000000,743,10000,27.987893487479504,-27.9927138056414,27.9927138056414,-0.004820318161897319,131939.00153390082,960.9271861022148,0.9927695432544081,5811,599,70670.17255599522,0.007467522448302049,0.11141665169886167,100.7467522448302,9945.05834831948,84.1320090263956,0
dodo-k20000000000000000,744,10000,14.848141905209404,-14.862024543963813,14.862024543963813,-0.013882638754408205,122795.68547218031,2817.7769265730944,0.977567874710529,8962,515,51247.063879025016,0.0024250552128795276,0.08653837987316976,100.24250552128795,9994.400808136337,51.98239017487564,0
dodo-k20000000000000000,745,10000,40.43764875757091,-40.40690803695596,40.40690803695596,0.03074072061495059,132592.0564138937,1138.7006633053604,0.9914851251260919,4856,617,77167.62086063118,0.0013027143734646528,0.16299488282445268,100.13027143734647,9998.334060979427,106.59549972683105,0
dodo-k20000000000000000,746,10000,25.34533224135418,-25.345859860019445,25.345859860019445,-0.000527618665266516,163978.05471703914,138.75869173548733,0.9991545126373502,8930,682,77955.37762138285,0.0013160255610330297,0.07522195216709918,100.1316025561033,9987.97387947219,101.02848243158687,0
dodo-k20000000000000000,747,10000,14.4524154428685,-14.434113404814951,14.434113404814951,0.01830203805354813,88816.42392959617,2197.2415778223713,0.9758581135528129,5340,391,40747.775231001935,0.011413389966212719,0.09463500739353407,101.14133899662127,9932.934829532116,59.147130478079994,0
dodo-k20000000000000000,748,10000,51.827152330027516,-51.86822557983785,51.86822557983785,-0.04107324981033145,272684.1838588159,3956.068501519292,0.9856995919148949,11726,1186,139802.31365518502,0.007116679783845683,0.10338792829457688,100.71166797838457,9945.16334462504,65.84911581145109,0
dodo-k20000000000000000,749,10000,30.456111811062293,-30.41825825754394,30.41825825754394,0.03785355351835307,201670.16843592006,3556.6322724517063,0.9826697475175004,10712,805,92940.76103647507,-0.0009070859534979547,0.1052887062774083,99.9092914046502,10014.75010023285,75.92248779143098,0
dodo-k20000000000000000,750,10000,19.58355249413202,-19.57247013855494,19.57247013855494,0.011082355577080705,117177.55673754003,2452.1256434452416,0.9795023643410175,7834,542,52027.36812491158,-0.005300529490920525,0.16665131258169438,99.46994705090795,9988.78908013452,30.054351490408308,0
dodo-k20000000000000000,751,10000,58.412984249594345,-58.40347836276641,58.40347836276641,0.00950588682793807,266142.7917228581,3402.4673743344574,0.9873770090198188,10493,1104,142543.503254021,-0.0006332869887071979,0.13122828525009936,99.93667130112928,9986.886663473237,101.2866927732182,0
dodo-k20000000000000000,752,10000,20.8534115783052,-20.847522445292228,20.847522445292228,0.005889133012971115,98328.70964430973,1594.8454081024106,0.984039344804477,4058,440,55009.138753029576,0.0025395758177909045,0.11655254891752477,100.25395758177909,9972.889971338198,77.42692162612333,0
dodo-k20000000000000000,753,10000,24.102437467410166,-24.084248239701978,24.084248239701978,0.01818922770818787,161623.8933703781,2544.9302385277892,0.9844980905473837,10207,628,70729.01040779504,0.0026863244634928664,0.09594277560323348,100.26863244634929,9980.771866032906,116.90083946461168,0
dodo-k20000000000000000,754,10000,84.9958699536924,-85.00475391893056,85.00475391893056,-0.008883965238155156,237796.28487687765,327.12453989474557,0.9986262394751698,8775,1019,135366.60843608342,-0.001616074585599705,0.3279126321354713,99.83839254144003,10019.008804458155,100.34288258639835,0
dodo-k20000000000000000,755,10000,22.65383152982383,-22.577612335438012,22.577612335438012,0.0762191943858177,122915.08650276838,2277.309732640655,0.9818095203772723,9758,489,50114.0458903374,-0.004650588991818409,0.2172142956630138,99.53494110081816,9989.942799969902,75.26623008941496,0
dodo-k20000000000000000,756,10000,31.33418688113681,-31.276791480216133,31.276791480216133,0.057395400920675854,159530.21532394632,2212.6342465630923,0.9863200490628271,9427,706,76397.99575011991,0.014453054916960185,0.20123073479492676,101.44530549169602,9945.013519297825,29.392458375787093,0
dodo-k20000000000000000,757,10000,87.19320459666234,-87.52210384421981,87.52210384421981,-0.328899247557473,306597.8635123927,3899.598151691296,0.9874408050526668,11727,1301,166918.32852578914,0.0007877068552298284,0.3718272070061079,100.07877068552298,9978.749230678717,158.94831824420146,0
dodo-k20000000000000000,758,10000,20.997067937597524,-20.99472782805111,20.99472782805111,0.0023401095464130606,136677.0185805091,1187.4735367410185,0.9913866615072204,7516,570,65075.779756117845,0.002806520233510099,0.07489740437068462,100.28065202335101,9964.681615170115,106.84769461779557,0
dodo-k20000000000000000,759,10000,9.637394666188658,-9.631652444455497,9.631652444455497,0.005742221733161301,85528.03105830017,2118.421950114217,0.9758299180696925,6905,385,34827.81991659559,-0.0035469450450328565,0.07361687365225138,99.64530549549671,10047.137833025852,71.69126603690364,0
dodo-k20000000000000000,760,10000,11.037537622081034,-11.03608116811914,11.03608116811914,0.0014564539618948658,83423.17254064317,562.5117536280195,0.9933022900467529,4516,366,39513.749798386256,-0.0019567377729447343,0.06656548001284378,99.80432622270553,10020.668124506776,103.10818805891064,0
dodo-k20000000000000000,761,10000,29.745688137816224,-29.74407465843737,29.74407465843737,0.0016134793788538104,212922.00513389808,2479.2864607262945,0.9884899183177035,11503,855,100171.03768652365,-0.00024500956296449774,0.06909889046423501,99.97549904370355,9996.289884391741,109.84123302701997,0
dodo-k20000000000000000,762,10000,28.93298077851724,-28.976261776749993,28.976261776749993,-0.043280998232752665,133411.5960350703,1873.45067626089,0.9861518274058889,5479,607,73717.32125531022,0.0008256020663866082,0.17788968990115223,100.08256020663866,10000.048357035745,95.76820015918756,0
dodo-k20000000000000000,763,10000,29.203560110398602,-29.207389665837113,29.207389665837113,-0.0038295554385108233,185994.55844091365,4040.7480545510034,0.978736856171264,9717,774,90225.46915119485,0.0009130834955277578,0.09719995895915687,100.09130834955278,10001.554375665104,83.24321816981625,0
dodo-k20000000000000000,764,10000,33.54562460871576,-33.55803790921041,33.55803790921041,-0.01241330049465006,173880.2949086137,2483.0753426122683,0.9859206855761763,8278,724,87312.45430768904,0.0021885972126743525,0.15576214958248896,100.21885972126744,9976.981480913086,112.10210031335453,0
dodo-k20000000000000000,765,10000,36.04985413767125,-36.07678636307238,36.07678636307238,-0.026932225401132825,148289.00242403126,1596.997209771163,0.989345254302117,8292,622,73056.6602965255,0.003187933610422107,0.22700854747726523,100.31879336104221,9981.878939003427,59.15366382988853,0
dodo-k20000000000000000,766,10000,32.81876553150515,-32.827373243896645,32.827373243896645,-0.008607712391494715,199025.49602872037,2422.3069341103364,0.9879755107850083,10043,754,95371.45782418633,-0.0024115404749234415,0.09178134333252615,99.75884595250766,10030.209766373991,129.17125411408526,0
dodo-k20000000000000000,767,10000,48.44184606851232,-48.41565047112677,48.41565047112677,0.026195597385552105,275059.1041403128,2544.369470374092,0.9908345186128963,11327,1053,139426.78753212353,0.0005957703696327599,0.10302367192855556,100.05957703696328,9961.787731529139,141.39502169550477,0
dodo-k20000000000000000,768,10000,29.87285294905352,-29.854925867032776,29.854925867032776,0.017927082020744223,155688.3962876781,1574.5791405361394,0.9899876042898929,7001,648,80714.83839092647,0.000055493604169782887,0.11245417359389336,100.00554936041698,9998.487429949666,111.92007962805289,0
dodo-k20000000000000000,769,10000,21.290358608016632,-21.32712602204957,21.32712602204957,-0.03676741403293704,112113.98301113523,1667.1021029126007,0.9853481613289099,6828,529,53939.42411125638,0.014426738720726036,0.12716553356453672,101.4426738720726,9976.754572351509,37.26992806776026,0
dodo-k20000000000000000,770,10000,25.078290916880853,-25.06728584357011,25.06728584357011,0.011005073310741409,159972.64273745933,3329.6253185778032,0.9796106609037711,10575,719,74343.93282451143,-0.000620967268113759,0.1504107271387231,99.93790327318862,9999.789937395046,57.98356107023355,0
dodo-k20000000000000000,771,10000,33.479904238050686,-33.46295626449336,33.46295626449336,0.01694797355732902,154088.41169815828,2007.0554650970294,0.9871421284578501,6020,626,82842.23913959254,0.001849021031155189,0.08444588566664436,100.18490210311552,9973.664883678513,117.1002968466999,0
dodo-k20000000000000000,772,10000,23.609247491746565,-23.599380021708427,23.599380021708427,0.009867470038138038,118441.94335593749,1050.264549302329,0.9912106021998086,4773,532,65153.97580978124,-0.002073515686915499,0.11314189075262888,99.79264843130845,10012.141270649776,106.47163313139586,0
dodo-k20000000000000000,773,10000,10.219860052004638,-10.229747167699891,10.229747167699891,-0.009887115695253357,64930.75394656662,1229.46574094706,0.9814168431309018,4115,288,28980.08298736419,0.0031166334252898764,0.0859818862751581,100.31166334252899,9992.82165196223,60.991476141526256,0
dodo-k20000000000000000,774,10000,39.63901090951587,-39.63349410038261,39.63349410038261,0.0055168091332546965,209228.57909359992,3010.940278041064,0.9858134795680121,9022,876,108210.90276079597,0.00425554459642143,0.07278758925466818,100.42555445964214,9964.265737366697,105.14823605591745,0
dodo-k20000000000000000,775,10000,39.44504427476268,-39.43524666518795,39.43524666518795,0.009797609574732746,216824.30889054804,2333.083804019497,0.9893543002344848,9355,919,115196.40611177596,0.0042104200422436126,0.05593000363213406,100.42104200422436,9964.35370478392,103.46699775840948,0
dodo-k20000000000000000,776,10000,49.371675068395604,-49.46511273007394,49.46511273007394,-0.09343766167833678,212384.58517978332,2172.015618884371,0.9898767243198333,10875,887,103514.96443219474,0.011294574819569334,0.24360048472871199,101.12945748195693,9958.855918868656,79.8028225848472,0
dodo-k20000000000000000,777,10000,19.62696220855308,-19.617766601312113,19.617766601312113,0.009195607240968684,147071.81199287187,3067.7583704455983,0.9795672895358496,10602,547,61212.909926431035,0.0005522636881697451,0.08106221590374744,100.05522636881697,9988.991840885934,121.75783026085003,0
dodo-k20000000000000000,778,10000,15.433730278083424,-15.434174559479459,15.434174559479459,-0.00044428139603525096,105084.4727049355,2964.259693336863,0.9725655301312516,6212,471,49308.59744023877,-0.000769624431078455,0.08692235119478553,99.92303755689215,9994.712173036412,70.4965545879545,0
dodo-k20000000000000000,779,10000,28.949925178052816,-28.940512833250857,28.940512833250857,0.009412344801958739,123733.04657908522,1201.322978449018,0.9903843675467078,5394,559,68064.43074135472,0.0023110837733125323,0.10824735139023332,100.23110837733125,9968.048710236832,119.5149394147438,0
dodo-k20000000000000000,780,10000,12.827060576503268,-12.82014441745099,12.82014441745099,0.006916159052277493,80582.57545526393,1389.3915626999378,0.9830504059711601,4754,391,39073.92597812901,-0.002491595067522354,0.09703000176708358,99.75084049324776,10010.614846355547,43.201264710126864,0
dodo-k20000000000000000,781,10000,46.30125576050141,-46.30046583978289,46.30046583978289,0.0007899207185246837,237457.66248060748,2386.291667036621,0.9900506490750746,9825,998,124994.23884456778,0.00033375232812019815,0.07748465844451687,100.03337523281202,9992.494001786492,88.30946982733876,0
dodo-k20000000000000000,782,10000,26.966148177375953,-26.98563381857351,26.98563381857351,-0.01948564119755858,162438.5533124532,2923.6571430240097,0.9823196779060281,11274,758,71274.07494889475,0.010765246525893134,0.11239538557398589,101.07652465258931,9967.791923338233,30.849314336764525,0
dodo-k20000000000000000,783,10000,21.87457052598556,-21.86670759163711,21.86670759163711,0.0078629343484522,181186.81113224558,3169.8183585114216,0.982806051687605,9339,643,80143.27596619572,0.00010567841600845895,0.0495475800329406,100.01056784160085,9983.293187901994,187.45760283221549,0
dodo-k20000000000000000,784,10000,41.55054323946331,-41.552541093881054,41.552541093881054,-0.0019978544177448043,203943.32292798551,2315.444124960547,0.9887740814218764,8496,878,108283.73841039241,-0.0073165694146820216,0.13377824935056937,99.2683430585318,10069.683851162285,90.7681798913549,0
dodo-k20000000000000000,785,10000,35.00117138111196,-35.03448163302751,35.03448163302751,-0.0333102519155517,205803.63835191756,3118.556342899016,0.9850731208933812,11293,760,95263.95643864557,-0.00302317911681925,0.16892421657869192,99.69768208831807,10043.797390575393,107.79334861455105,0
dodo-k20000000000000000,786,10000,27.384756811617304,-27.385271302433893,27.385271302433893,-0.0005144908165881645,196473.92928268545,2194.83012658963,0.9889523137250378,11608,827,88912.90675638359,-0.005515641265127016,0.07063766332706521,99.4484358734873,10029.03655793669,69.39788457473159,0
dodo-k20000000000000000,787,10000,17.292414479163256,-17.286513317450087,17.286513317450087,0.00590116171316879,87110.6889522977,1461.613587411532,0.983498073940708,4483,348,42028.47477745268,0.002623671851908682,0.10632459407691869,100.26236718519087,9973.461662967564,102.25641890206818,0
dodo-k20000000000000000,788,10000,19.684623072116835,-19.678827070888758,19.678827070888758,0.00579600122807733,149952.03044012346,1842.6880395171654,0.9878606577490091,9959,604,64334.62769209173,0.008887119336464622,0.05949438083063797,100.88871193364646,9941.817976762048,76.4701005624904,0
dodo-k20000000000000000,789,10000,33.101788040624236,-33.106479403209676,33.106479403209676,-0.0046913625854401175,162961.2735636994,2224.293093181217,0.986534579635511,8913,722,78930.23234528702,-0.00045630788110827324,0.2234963151199554,99.95436921188917,9969.117727129411,45.19913850165597,0
dodo-k20000000000000000,790,10000,58.01966993877646,-57.926894694818515,57.926894694818515,0.09277524395794501,245196.8654004555,2972.737453593217,0.9880213474196455,10855,957,123468.82414970278,0.004818832986630781,0.19978943431102394,100.48188329866308,9926.08737234254,107.42707785417099,0
dodo-k20000000000000000,791,10000,47.45457720737127,-47.391648507417514,47.391648507417514,0.06292869995375838,124985.61550287502,1650.999143218334,0.9869627031026349,4447,577,73474.268479613,0.0038530711920496687,0.3423498375572646,100.38530711920497,9963.885135819517,79.51436980792685,0
dodo-k20000000000000000,792,10000,16.663163878384125,-16.664302759585624,16.664302759585624,-0.0011388812014985206,131764.54819776173,1781.2688429957013,0.9866617398997075,8208,524,57767.65845260449,-0.00027906153060854423,0.06783612305064153,99.97209384693915,10004.67168525603,107.75392412089055,0
dodo-k20000000000000000,793,10000,48.02274191977783,-47.98282132804793,47.98282132804793,0.039920591729895705,211489.02039539497,3003.1312666929807,0.985998875747099,9053,933,114654.98507255173,-0.004710475474921622,0.17690245831001192,99.52895245250784,10049.575700940606,90.0232238598749,0
dodo-k20000000000000000,794,10000,36.56046169289935,-36.54335552669132,36.54335552669132,0.017106166208030515,182973.6337316557,1771.3178719327684,0.9904120905250309,8798,820,93881.47044918992,0.005749614175722257,0.12679361748659615,100.57496141757223,9962.07843405179,75.5775003864907,0
dodo-k20000000000000000,795,10000,15.870447209395316,-15.873491001601806,15.873491001601806,-0.0030437922064905365,106844.25444229414,1726.9373977241842,0.9840939629706852,5271,413,50919.50851617421,0.0048864736144497555,0.051565488647343755,100.48864736144498,9941.058495382567,101.23265814628994,0
dodo-k20000000000000000,796,10000,27.30658462059925,-27.31582405244467,27.31582405244467,-0.009239431845418977,182493.98283978464,2079.8401216319844,0.9887316625496415,11499,812,82864.27136336702,-0.005852331904809774,0.1162600663198532,99.41476680951902,10047.818989021756,44.766029147773274,0
dodo-k20000000000000000,797,10000,9.39703226819124,-9.378996392214049,9.378996392214049,0.018035875977190585,64285.03810893417,1320.1302229490216,0.9798776490249861,4848,281,27492.480719453088,0.006373808171785384,0.10219652711514328,100.63738081717854,9947.586125849999,48.03513720874063,0
dodo-k20000000000000000,798,10000,31.85473731055536,-31.849612131459068,31.849612131459068,0.005125179096292953,176466.9698210703,508.1475225259301,0.99712870639583,9206,709,86759.37542833445,-0.000688592743037475,0.09057261743367988,99.93114072569625,10003.850027503728,94.88059338914263,0
dodo-k20000000000000000,799,10000,17.34152014296514,-17.336586667541695,17.336586667541695,0.004933475423445799,148840.25849437193,2523.7303563810906,0.9833267451819763,9781,581,63480.23690076774,-0.003504312926486506,0.09748732374940587,99.64956870735135,10053.493626907033,129.93298697183545,0
dodo-k20000000000000000,800,10000,12.139112512516984,-12.14387255689011,12.14387255689011,-0.004760044373124828,78703.64018596629,830.359950147765,0.9895596858107641,5021,329,36119.09886072844,-0.0017338427714287264,0.06534296753824818,99.82661572285713,10011.778432903093,77.59413458054722,0
dodo-k20000000000000000,801,10000,53.6206774648258,-53.61257763830102,53.61257763830102,0.008099826524784248,242751.03359161512,678.0093895352608,0.997214755555738,9922,1025,130267.59981161097,0.004647089468412133,0.13859453642843975,100.46470894684121,9948.895730001326,104.84914144142202,0
dodo-k20000000000000000,802,10000,40.620823588996984,-40.63265797456474,40.63265797456474,-0.011834385567752292,187869.79411917753,2593.5389135927826,0.9863830015347544,8898,763,95298.73067149105,0.0027402952175981455,0.13725385300668505,100.27402952175981,9983.908364857405,87.95038740837605,0
dodo-k20000000000000000,803,10000,31.006601020516776,-30.985535434740513,30.985535434740513,0.021065585776263163,210473.34573669735,2715.436128092184,0.9872627625884444,11457,819,95674.00150328936,0.0043615671157962764,0.08254608025593868,100.43615671157963,9959.972545656437,89.95941612798795,0
dodo-k20000000000000000,804,10000,11.468684533916594,-11.467132462317366,11.467132462317366,0.0015520715992280998,91316.38484789089,1218.9073011133373,0.9868276495074916,7332,358,38135.17883970874,-0.000848272379593169,0.0579996594554278,99.91517276204068,10008.399008015698,97.2363674029311,0
dodo-k20000000000000000,805,10000,12.88528346029546,-12.895200171072332,12.895200171072332,-0.009916710776872506,126805.33011167397,2329.282541298683,0.9819623686210432,9982,419,46714.516905471086,-0.001978271752240204,0.05795486669604927,99.80217282477598,10016.049430672643,119.2981378612403,0
dodo-k20000000000000000,806,10000,13.874821231728038,-13.86498988126452,13.86498988126452,0.009831350463517907,87280.37025918937,2147.131478689109,0.9759902553804691,6272,370,39020.36914973867,0.001680751877712936,0.10029338898402586,100.1680751877713,9973.053247610838,75.48629317156421,0
dodo-k20000000000000000,807,10000,13.914618375064288,-13.90802935846554,13.90802935846554,0.0065890165987472216,105279.73366462298,1903.2690646641963,0.9822428088764102,6690,437,47401.04990049755,-0.003960014697736227,0.06925433370959809,99.60399853022638,10039.803189412365,99.07495247045713,0
dodo-k20000000000000000,808,10000,24.347467089404713,-24.347605637359862,24.347605637359862,-0.0001385479551494484,104400.85855887643,247.3476971810257,0.9976363885628788,4452,470,57650.046807990366,0.002295868677314843,0.12989893330237975,100.22958686773148,9976.699794859625,99.8784555894213,0
dodo-k20000000000000000,809,10000,57.16187032477159,-57.14547837314044,57.14547837314044,0.01639195163114948,212973.89347259334,1370.0674971660692,0.9936080891154224,7410,911,122222.21641607338,0.010679127256065186,0.15651475141233503,101.06791272560652,9914.570667229238,98.84999152418169,0
dodo-k20000000000000000,810,10000,34.3889943377086,-34.366697994186715,34.366697994186715,0.022296343521887252,179014.68023810678,2582.861238327242,0.9857770032714763,7425,770,95366.47629331057,-0.0026749821131211602,0.08181322693557376,99.73250178868788,10022.514493541248,110.90749740308672,0
dodo-k20000000000000000,811,10000,38.83788147770061,-38.86687557193531,38.86687557193531,-0.028994094234697343,248227.13135193335,1962.1330662794044,0.9921574050315782,10223,865,122558.1637619162,-0.003023234893595941,0.06843150995563946,99.6976765106404,10022.68744129898,186.54067034309261,0
dodo-k20000000000000000,812,10000,10.940049850810816,-10.937810536638182,10.937810536638182,0.0022393141726340104,76496.43005689998,67.66563135176105,0.9991162224180473,4186,324,36157.37503153065,-0.0032284547825761935,0.060959106503058254,99.67715452174238,10032.72841275957,99.1449253962304,0
dodo-k20000000000000000,813,10000,8.72121877231683,-8.720099658039615,8.720099658039615,0.0011191142772144502,62618.32230735784,1006.523067549822,0.9841803455612518,3791,263,29597.711275998066,0.0012619820728194497,0.09087575461526967,100.12619820728194,9973.629205524852,176.8947872540809,0
dodo-k20000000000000000,814,10000,7.972632570533248,-7.976906331827415,7.976906331827415,-0.004273761294166789,62864.84163784037,1034.007371464969,0.9838180595191255,4493,263,27889.835720789488,-0.003286211959646721,0.049429942843336364,99.67137880403533,10023.435201191021,62.71693477351568,0
dodo-k20000000000000000,815,10000,15.048620372659938,-15.044923566236598,15.044923566236598,0.0036968064233402487,85539.62528423824,1113.2640398654491,0.9871526033517295,4581,391,42029.44479565974,-0.0004955468431778342,0.07693270784068418,99.95044531568222,10013.66240177814,77.68030596446827,0
dodo-k20000000000000000,816,10000,38.89740957161824,-38.9320763178985,38.9320763178985,-0.034666746280258565,152956.68636248173,1548.7689162264508,0.9899759596615364,6437,684,84327.01681053953,0.0011554034666448844,0.15182216637768348,100.11554034666449,10007.478489237636,64.61531201975052,0
dodo-k20000000000000000,817,10000,8.294425850533203,-8.29405592064245,8.29405592064245,0.0003699298907537951,94382.54986680555,1647.6939422060173,0.982841926909162,7166,373,38184.14228767253,-0.00025005967140302233,0.04326418905184113,99.9749940328597,9998.719847231416,129.80734167473219,0
dodo-k20000000000000000,818,10000,17.677897621287865,-17.675497349731074,17.675497349731074,0.0024002715567910116,147409.49602178205,1663.4213845157012,0.9888415587924528,9678,603,64760.48914955575,0.004887605780595834,0.05075484648561258,100.48876057805958,9952.926236840458,98.4871648904089,0
dodo-k20000000000000000,819,10000,37.70607130810218,-37.69673124057992,37.69673124057992,0.009340067522259687,216329.5216592364,2466.917104416695,0.9887250582397207,9556,961,110923.21242411988,0.005848567859192855,0.09898568345117909,100.58485678591929,9947.150880510286,78.1946351444569,0
dodo-k20000000000000000,820,10000,28.172092060352913,-28.175059844034664,28.175059844034664,-0.0029677836817505465,176907.79293378603,1214.6154956861833,0.9931810067784531,9708,715,82299.34420051152,-0.00015179306601524446,0.10732608092660541,99.98482069339848,10004.955491263368,100.49189058316097,0
dodo-k20000000000000000,821,10000,59.081834990957255,-59.1221027017234,59.1221027017234,-0.04026771076614466,233599.45318771587,2451.6405258346826,0.9896139412562529,8577,1034,132029.61189630086,-0.007061673273031488,0.1823323316913222,99.29383267269685,10018.900569757794,96.39702422755052,0
dodo-k20000000000000000,822,10000,14.242953123422218,-14.227457342231162,14.227457342231162,0.015495781191056324,90650.46865557175,1099.5475513331928,0.988015832620088,6232,363,39518.45564610346,0.005603123350758921,0.09232129218856017,100.56031233507589,9949.140612837027,84.97408078309397,0
dodo-k20000000000000000,823,10000,34.415601754654276,-34.41612240620731,34.41612240620731,-0.0005206515530318256,203623.60710232035,1633.8445930934995,0.9920400230072134,10972,803,93950.03138650817,-0.0056779170409663494,0.10930062518771137,99.43220829590337,10071.973177169542,97.60021019536488,0
dodo-k20000000000000000,824,10000,10.667387147081905,-10.665306473402566,10.665306473402566,0.0020806736793392844,73975.16069691467,1331.4747172456891,0.9823192908576643,4933,304,32873.62881047058,-0.0008737059471964414,0.07250725899060725,99.91262940528036,10001.227021518542,86.78164772720766,0
dodo-k20000000000000000,825,10000,25.66775957232726,-25.667139742136612,25.667139742136612,0.0006198301906472636,139585.53377237762,467.9919620744479,0.9966584778239587,6677,614,72609.83043755793,-0.0007150307533987643,0.08905038511170303,99.92849692466012,10006.169694563916,102.54219046099887,0
dodo-k20000000000000000,826,10000,40.289970427811774,-40.30648152547735,40.30648152547735,-0.016511097665578234,179446.38378601524,2055.066749897372,0.9886774086717794,7802,744,95109.36177561039,-0.0028797164502881857,0.16044200912865805,99.71202835497118,10031.597726154063,85.45788929678895,0
dodo-k20000000000000000,827,10000,25.712157085988046,-25.716241835903958,25.716241835903958,-0.004084749915911345,141465.97019546066,1587.3595632897805,0.9889037216682285,5402,596,77061.03439644419,-0.0003680219774712157,0.0789133964805501,99.96319780225288,10030.197327244221,160.70313852432446,0
dodo-k20000000000000000,828,10000,24.60066593303951,-24.524988700316733,24.524988700316733,0.0756772327227786,139477.8543768101,2429.5358527656676,0.9828794268654001,8333,568,62971.38931425603,-0.007745866544897808,0.14730047403347712,99.22541334551022,10060.97262396114,75.19124874910781,0
dodo-k20000000000000000,829,10000,18.31954295642022,-18.30952548221518,18.30952548221518,0.010017474205042731,132951.18335595133,705.1208943974452,0.9947243723492707,7081,517,61352.10573702212,-0.0055233986763802536,0.052786594329436554,99.44766013236197,10069.843625785872,122.83687938068753,0
dodo-k20000000000000000,830,10000,12.111065652506111,-12.113312746490195,12.113312746490195,-0.0022470939840832926,130022.26968968046,3400.0909462529917,0.9745163334687899,9240,425,48488.36093137599,0.0011539804733529024,0.03974583533659939,100.11539804733529,9991.428133165067,112.94110362518128,0
dodo-k20000000000000000,831,10000,46.18210095025233,-46.160150437035995,46.160150437035995,0.021950513216332013,155162.7247828961,1754.9050635350707,0.9888163932551587,5494,753,93453.56134811412,0.007917413475865515,0.16121719339802495,100.79174134758655,9990.198062365824,51.688097046321765,0
dodo-k20000000000000000,832,10000,54.492913692481096,-54.50022734759425,54.50022734759425,-0.007313655113151185,282468.972772445,3809.9439616079394,0.9866914965130062,10558,1219,155324.6037545831,-0.0005847913353781564,0.07741260237691691,99.94152086646218,10006.961052748811,91.85844630659516,0
dodo-k20000000000000000,833,10000,50.16861915287505,-50.120504844647925,50.120504844647925,0.04811430822712737,189355.14820394828,2834.4464921209037,0.9852518212726171,6766,820,108698.72449688314,0.0031214775887811186,0.14688905978760033,100.31214775887811,9959.552075844851,104.45568928617625,0
dodo-k20000000000000000,834,10000,45.84835449963251,-45.80758612741136,45.80758612741136,0.04076837222114449,211950.99233944176,1881.2076209288887,0.9912024118852187,9978,985,113678.38190057383,-0.022096542763847538,0.09996433341687634,97.79034572361525,10104.449614425328,46.10246177590722,0
dodo-k20000000000000000,835,10000,37.89250707666471,-37.90897022174898,37.90897022174898,-0.01646314508427338,139660.68953223215,1553.886869707711,0.988996271423958,6012,692,77217.11961817424,0.015949789296722656,0.24078218999471404,101.59497892967227,9962.705490632297,34.93327604732511,0
dodo-k20000000000000000,836,10000,60.68419504185915,-60.68019305097178,60.68019305097178,0.004001990887367413,275387.3635354113,2403.9424615909684,0.9913462285906928,11176,1111,145843.60755785514,0.00592761863563112,0.10456372253371483,100.59276186356311,9947.214350819419,90.85752508151614,0
dodo-k20000000000000000,837,10000,18.058142882485438,-18.05062765327689,18.05062765327689,0.00751522920854697,116542.76628687415,1649.5559616804871,0.9860434592510035,6282,491,57111.69832560212,-0.007075016920929045,0.05795329629864923,99.2924983079071,10062.92202217817,91.23673533614378,0
dodo-k20000000000000000,838,10000,8.75396284283045,-8.747766146969731,8.747766146969731,0.006196695860719359,66904.57419680798,1406.326325046214,0.9794128563040052,4862,304,28939.827816282006,-0.0029870500500427965,0.061354129986588506,99.70129499499572,10000.61560227088,60.250967028008056,0
dodo-k20000000000000000,839,10000,17.061229528758492,-17.06201757591414,17.06201757591414,-0.000788047155648286,82419.79932982748,1474.7113411666292,0.9824218375031716,4149,330,40313.00739679164,0.0022608855699320428,0.11316499358343222,100.2260885569932,9978.675637913697,108.29122919939262,0
dodo-k20000000000000000,840,10000,8.857455351533549,-8.854531315520951,8.854531315520951,0.0029240360125974973,84809.59146524148,1273.671650957896,0.9852041894689955,6707,356,33797.63699410164,0.0005375576197269538,0.07679715867727495,100.0537557619727,9989.069586862191,71.96154163648174,0
dodo-k20000000000000000,841,10000,25.816740988767123,-25.837235537478307,25.837235537478307,-0.02049454871118428,144969.4556302953,2298.8252646294286,0.9843902213656609,5740,621,76472.55388452426,0.0021267829661680083,0.08632595975154174,100.2126782966168,10020.687508980282,100.83021057413497,0
dodo-k20000000000000000,842,10000,83.00839015154136,-82.91614693409132,82.91614693409132,0.09224321745004715,296811.319643209,4274.658925340182,0.9858025307400128,11534,1137,158994.96450764875,0.0031481274823747184,0.21215065434135114,100.31481274823747,9977.310505911717,104.82636872516866,0
dodo-k20000000000000000,843,10000,19.945328963411548,-19.947381197934817,19.947381197934817,-0.002052234523269192,108380.98711002649,2189.557069898179,0.9801976458907967,5645,465,54805.481222249015,-0.006569530677441691,0.11915232680691361,99.34304693225583,10052.559825333778,90.99599602018608,0
dodo-k20000000000000000,844,10000,41.70129469547537,-41.70366417910263,41.70366417910263,-0.0023694836272625253,220297.72915473764,2369.1992104613146,0.9893598962905907,9166,919,115752.82123991937,-0.0002573274162394057,0.07950583254605277,99.97426725837606,10015.132143614619,130.21283471593298,0
dodo-k20000000000000000,845,10000,42.76392566653847,-42.750974419416586,42.750974419416586,0.012951247121883114,226907.36114645904,2451.7738129515938,0.9893103284794587,9592,931,118558.15558037395,0.0014377066753914391,0.08518973543402211,100.14377066753914,9985.342531852672,86.84440521727163,0
dodo-k20000000000000000,846,10000,88.73165684062873,-88.6396580716836,88.6396580716836,0.09199876894513181,300655.99380707205,2997.554184098567,0.9901283742477933,11510,1290,166987.27329129924,-0.001450026259982451,0.2699392252333375,99.85499737400175,10034.542103156642,86.26568770451667,0
dodo-k20000000000000000,847,10000,12.905145192331709,-12.91282889796937,12.91282889796937,-0.00768370563766041,115671.10979488963,2096.3087551814756,0.9821995864306884,9209,457,46397.270128184275,-0.0020135208776071068,0.0636337352639191,99.79864791223929,10026.670135859555,101.68714168473659,0
dodo-k20000000000000000,848,10000,36.73036451803975,-36.72483908205288,36.72483908205288,0.005525435986868388,197138.75089361594,2633.7987456027113,0.9868160127587136,9252,860,100054.34819905984,-0.000027019788633708684,0.10417370328251635,99.99729802113663,9993.44284878726,86.78353724731187,0
dodo-k20000000000000000,849,10000,30.939997547330186,-30.93840058660946,30.93840058660946,0.001596960720725349,135089.9427223901,1965.6240279430601,0.9856581963465684,6515,646,72833.77860076587,0.0005272599258620403,0.19093766122765174,100.0527259925862,10019.26780658683,48.957746823523024,0
dodo-k20000000000000000,850,10000,6.294879164781184,-6.291591808861249,6.291591808861249,0.003287355919935564,65061.21837461608,1501.6843102392193,0.9774396210251075,5423,254,24766.25881916138,0.006583744836477195,0.03792550207190672,100.65837448364772,9952.013708877777,67.06723239911757,0
dodo-k20000000000000000,851,10000,40.282092517489986,-40.29936258272663,40.29936258272663,-0.017270065236644427,174939.6948725559,1401.6132055393402,0.992051702344645,7979,763,91267.65749244324,0.0006871774002405572,0.15171086607040793,100.06871774002406,9988.822804738844,82.33778507966863,0
dodo-k20000000000000000,852,10000,37.539084375343265,-37.590736035811105,37.590736035811105,-0.05165166046784009,167896.78822172814,2168.9916921945132,0.9872461603193051,6102,652,90490.10131708156,-0.003930777513039203,0.13308694813810007,99.60692224869608,10038.613535998986,88.6748237802902,0
dodo-k20000000000000000,853,10000,10.166162825363894,-10.166830194342246,10.166830194342246,-0.0006673689783518455,103064.36558290686,2164.367806270205,0.9794317793575873,8343,401,40588.852095825,-0.00455553670674334,0.04676413606957553,99.54444632932567,10018.854031253108,148.30004310935598,0
dodo-k20000000000000000,854,10000,26.040274609532258,-26.040493009223965,26.040493009223965,-0.00021839969170756035,166821.55377512082,1534.4029779798113,0.990885959679882,9691,675,77468.0203589879,-0.0037809304684989797,0.08437639411921354,99.6219069531501,10039.747729638826,91.36150052574122,0
dodo-k20000000000000000,855,10000,48.36358832040766,-48.369937735886296,48.369937735886296,-0.0063494154786383206,270320.0611900222,2711.548072782309,0.9900687393664654,10513,1030,142043.47926156668,-0.0008934687360348903,0.09521469241240169,99.91065312639651,10017.817920582174,198.6265803228232,0
dodo-k20000000000000000,856,10000,35.258484956397396,-35.28932847379527,35.28932847379527,-0.030843517397876496,129430.33024732614,1318.7216340077284,0.9899141017465688,4771,634,76450.00044515044,0.002142307792604754,0.16752680229545405,100.21423077926048,9997.912978341064,67.00186336323387,0
dodo-k20000000000000000,857,10000,43.41159427187609,-43.5848985624168,43.5848985624168,-0.17330429054070606,118318.69076647155,1313.2348550067231,0.9890227057018052,5334,564,64724.079993552696,0.013759160922453616,0.3315064926542871,101.37591609224536,10012.180178119592,60.32203024469303,0
dodo-k20000000000000000,858,10000,19.94965132910274,-19.952629673388344,19.952629673388344,-0.0029783442856050613,123149.6196884979,1960.7033445053023,0.9843282049236809,7838,486,53993.03632276128,-0.0003327255937699647,0.12284099256011913,99.966727440623,9990.922422525991,77.63671165355022,0
dodo-k20000000000000000,859,10000,63.995310163256605,-63.947014890041416,63.947014890041416,0.04829527321518867,279936.06167316233,2310.9196197155134,0.9918124204229573,10222,1160,154809.79965697977,0.011246227840369584,0.09607142891126258,101.12462278403696,9897.88129141304,80.30670692604882,0
dodo-k20000000000000000,860,10000,19.282410946658118,-19.301921499977354,19.301921499977354,-0.019510553319236124,142384.87218829335,1876.3488121537632,0.9869933943499067,8933,505,58613.823699799184,-0.0008011870999366977,0.11841615582515644,99.91988129000633,10042.521697509135,197.45107031287412,0
dodo-k20000000000000000,861,10000,18.72601577646401,-18.723469721592934,18.723469721592934,0.0025460548710753983,110922.57779422241,713.9437748324768,0.9936047472207306,5379,504,57343.04544589081,0.0006530792317354894,0.06517857440862088,100.06530792317355,9989.624729786754,101.3932377875106,0
dodo-k20000000000000000,862,10000,43.519645336301764,-43.540687814287054,43.540687814287054,-0.02104247798529002,224003.92228329202,2687.4576438675026,0.9881448617731692,9861,919,116439.80643432254,0.0018015028856406446,0.1175334356344743,100.18015028856406,10020.399486271755,57.60465136755883,0
dodo-k20000000000000000,863,10000,23.446628784619037,-23.43192624439355,23.43192624439355,0.01470254022548545,140005.88645799484,1737.4881808854088,0.9877420148538723,6891,565,70194.28813221365,-0.004594079344282278,0.1132881702289768,99.54059206557177,10066.43255820762,145.07392197208722,0
dodo-k20000000000000000,864,10000,11.85929711400296,-11.792925400630857,11.792925400630857,0.0663717133721029,112233.73983196646,1774.117740050222,0.9844386362674209,8815,452,44015.80248100641,-0.02451891534987425,0.05672082664213747,97.54810846501258,10111.635860771861,46.03179362892335,0
dodo-k20000000000000000,865,10000,15.565979215037885,-15.565089190744942,15.565089190744942,0.0008900242929428259,106872.07565827458,1438.122721314501,0.9867221855113367,5593,434,50894.05069558178,-0.0038116715052007068,0.05170733504167643,99.61883284947993,10084.310639994445,122.21216496178592,0
dodo-k20000000000000000,866,10000,8.06705984796371,-8.059102338751131,8.059102338751131,0.007957509212578984,76092.77430420212,2141.3371976394355,0.9726291107992063,5478,292,31044.12760358169,0.004808381081038959,0.04672155659716907,100.4808381081039,9948.789313414765,108.47222454667182,0
dodo-k20000000000000000,867,10000,36.05732869075897,-36.069869653867954,36.069869653867954,-0.01254096310898234,188048.00964909935,1852.0615135114574,0.9902471784124528,7757,783,97571.85220613288,-0.0033115210915234173,0.10104376419241959,99.66884789084766,10059.232110161933,94.5777182947253,0
dodo-k20000000000000000,868,10000,12.589366194845663,-12.588163017073498,12.588163017073498,0.0012031777721652759,91803.89034194459,431.6034928429841,0.9953206355287035,5236,381,42614.18104708502,0.0016984237673791825,0.056857251637161,100.16984237673792,9982.030155776292,99.10295489690044,0
dodo-k20000000000000000,869,10000,12.14137004044887,-12.151286698151289,12.151286698151289,-0.00991665770241923,83246.28695134573,1243.3113807722225,0.985284444413087,5171,358,38338.24206514626,0.002308744305857573,0.0570132672860332,100.23087443058576,9988.360285740417,80.18677816515901,0
dodo-k20000000000000000,870,10000,12.490800684917437,-12.468431926572975,12.468431926572975,0.02236875834446117,76764.08995381942,1009.5643906894996,0.9870191982208075,4054,327,39327.48026726522,0.008825960603927143,0.05450616838330177,100.88259606039271,9902.94596116406,105.06790297340291,0
dodo-k20000000000000000,871,10000,12.857807178734665,-12.837185365510777,12.837185365510777,0.020621813223888452,79654.93657002902,1319.935935178229,0.9836994379325098,4386,309,37643.12425333514,0.003296403700124131,0.06293825935301342,100.32964037001241,9941.317763364552,162.52717894192187,0
dodo-k20000000000000000,872,10000,37.25783247123546,-37.22063147210619,37.22063147210619,0.03720099912926855,161246.07334149673,1414.299400013455,0.9913052000547117,7413,746,84830.43304766022,0.016029821629180107,0.20847092917520285,101.60298216291801,9938.79905438259,46.93697407140254,0
dodo-k20000000000000000,873,10000,43.55466883918397,-43.55231674925017,43.55231674925017,0.0023520899338009826,202847.05003563964,89.61114247617826,0.9995584280240152,8089,866,111301.45092423256,-0.0032232380265485006,0.09154565288207578,99.67767619734515,10032.46039489871,98.61261982968234,0
dodo-k20000000000000000,874,10000,21.219825341442068,-21.20040633724031,21.20040633724031,0.019419004201758128,110464.51597897388,1370.964157028903,0.9877412413720432,5281,468,56573.55174466706,-0.004552202520996929,0.10059216305896115,99.54477974790031,10065.849346606376,103.32487417824419,0
dodo-k20000000000000000,875,10000,50.239455999375316,-50.20787796261557,50.20787796261557,0.03157803675974691,207624.2198920096,2108.5593360294897,0.9899464483148965,8320,960,115859.75234584084,-0.002628145835511049,0.14744969302135133,99.7371854164489,10001.689075825932,86.56645037972162,0
dodo-k20000000000000000,876,10000,45.75989687509336,-45.74215817959666,45.74215817959666,0.01773869549670337,239025.06762124598,2677.338670143622,0.9889229953841837,10782,1027,125043.51547006352,0.0014848918828100465,0.08812334139757069,100.148489188281,9974.376491932033,85.52460096449374,0
dodo-k20000000000000000,877,10000,36.87852356003279,-36.915438401833036,36.915438401833036,-0.036914841800246734,143931.27135814732,1360.9484576053185,0.9906330259161078,5639,664,81509.18453669989,0.0038260957241301697,0.11685524912065404,100.38260957241302,9964.402663518162,70.11026216843064,0
dodo-k20000000000000000,878,10000,29.73866889319751,-29.76934029493266,29.76934029493266,-0.030671401735151704,143484.4626130619,1630.5815912942962,0.9887635248279424,5782,665,80900.25665514862,-0.0040110668776291904,0.09427665095622118,99.59889331223708,10056.969544295232,99.63650055586174,0
dodo-k20000000000000000,879,10000,57.85145917808012,-57.87464624721307,57.87464624721307,-0.023187069132951876,292331.44885411643,2306.790425168552,0.9921707703969072,10762,1171,156632.46410913084,-0.005875904851805416,0.08168251675792731,99.41240951481946,10043.026042217147,106.96298308753185,0
dodo-k20000000000000000,880,10000,18.07912347158115,-18.075204588180725,18.075204588180725,0.003918883400423567,130462.12452116473,1688.5895146914213,0.9872222444879619,7350,526,59927.32249763225,-0.004345682131992703,0.0712591471304937,99.56543178680073,10044.172359542516,105.03268926818903,0
dodo-k20000000000000000,881,10000,56.18408950078114,-56.18374368946611,56.18374368946611,0.0003458113150287545,229681.97622444454,1583.1862604195653,0.9931542380036458,8511,1058,130058.22985385469,-0.0005406205540323583,0.16792021875714766,99.94593794459676,9998.682776716018,79.91864952698177,0
dodo-k20000000000000000,882,10000,13.742208290752789,-13.753159898885492,13.753159898885492,-0.010951608132703683,120641.42723800702,3123.0751798983515,0.9747659860550894,7847,485,50136.815948594536,0.002505052610301135,0.06222424575629446,100.25050526103011,9986.361633600924,92.96718688283305,0
dodo-k20000000000000000,883,10000,14.977753715972014,-14.976275971578794,14.976275971578794,0.0014777443932203482,112275.85818444693,2062.513136140332,0.98196132136291,8504,460,47034.980547658946,-0.004227172288048138,0.1033921894724999,99.57728277119519,10031.154531361297,57.866316955603345,0
dodo-k20000000000000000,884,10000,19.81574494644503,-19.815405575778158,19.815405575778158,0.00033937066687173,127530.66930898557,1442.1501386612567,0.9888181855305826,6533,527,62714.90643034484,0.0004387440406731002,0.0626416770493067,100.04387440406731,9997.032050828095,171.72152903121366,0
dodo-k20000000000000000,885,10000,17.11782259650484,-17.115238109812296,17.115238109812296,0.0025844866925446297,106788.89107588975,1177.0798867244337,0.9890976770159181,5683,436,50466.10645148025,-0.0016922792384096398,0.06392297714757333,99.83077207615904,10012.22668179295,95.93368572207761,0
dodo-k20000000000000000,886,10000,56.587900732979165,-56.5914305311441,56.5914305311441,-0.0035297981649335952,266475.9568366014,2629.216168546942,0.990229782136159,10840,1154,144731.15540032988,0.0006936957839005231,0.1389854339608287,100.06936957839005,10004.673342032576,98.39244390078188,0
dodo-k20000000000000000,887,10000,8.506915356395046,-8.511587630323248,8.511587630323248,-0.004672273928202131,76127.65848125302,1632.222232171783,0.9790094555547589,5373,279,30228.990221794535,-0.0000653589070157068,0.05525537843434989,99.99346410929843,9981.971894588913,150.83631635609953,0
dodo-k20000000000000000,888,10000,17.038821161987393,-17.027600834585982,17.027600834585982,0.011220327401410657,152069.83338875524,1231.9530742781344,0.991963870071565,10991,567,60773.19952099827,0.005875188826581877,0.06071397262217644,100.58751888265819,9938.47452884614,101.32791616145774,0
dodo-k20000000000000000,889,10000,30.607974156514246,-30.60442142823966,30.60442142823966,0.003552728274584638,169153.5712369382,2325.3589419180335,0.9864393897285653,7699,714,87949.5233605753,0.0024518286848920923,0.06574268751286112,100.24518286848921,9973.458081010327,96.7181977662013,0
dodo-k20000000000000000,890,10000,20.2407354952924,-20.240930374861023,20.240930374861023,-0.0001948795686210758,97300.1668270843,760.423561342638,0.9922453703538747,4462,425,52647.07007492038,0.001296856473781105,0.10191422709319425,100.12968564737811,9987.977210315526,101.83985582112363,0
dodo-k20000000000000000,891,10000,11.70805941633023,-11.709039854174648,11.709039854174648,-0.0009804378444187023,108708.96830403175,1986.649864810978,0.9820530396986377,8236,388,43349.89211515742,-0.0027279082640390582,0.05182855341155076,99.7272091735961,10011.9721100835,97.39477003811395,0
dodo-k20000000000000000,892,10000,12.045808665498376,-12.040756676162331,12.040756676162331,0.005051989336044116,89852.52095420807,1278.9122339930586,0.9859662885872551,4888,365,41917.80304132164,-0.0076706594816684515,0.05172426591226142,99.23293405183315,10077.076010632416,87.98773448184434,0
dodo-k20000000000000000,893,10000,59.01221100827591,-59.03534706553178,59.03534706553178,-0.023136057255868536,280089.8157097985,2331.924645006548,0.9917431121199205,10665,1065,145868.90494835307,-0.0009969441736664918,0.1840290327349878,99.90030558263335,10030.772647391681,162.11446641430615,0
dodo-k20000000000000000,894,10000,69.17385221649721,-69.1484929108569,69.1484929108569,0.02535930564030764,234571.0512919603,2346.3456815785917,0.9900963554743063,8950,990,127924.27108211344,-0.0029266275391887577,0.28754745228479367,99.70733724608112,10034.322965746116,103.80107120402114,0
dodo-k20000000000000000,895,10000,34.20819859819175,-34.236996442081804,34.236996442081804,-0.028797843890053798,223003.90747006776,2709.244360784248,0.9879969583570631,10931,820,104280.61238241088,-0.001990176205521692,0.10820886727614308,99.80098237944783,10029.752145633676,152.32987369519603,0
dodo-k20000000000000000,896,10000,12.935997225378177,-12.938580761285245,12.938580761285245,-0.0025835359070676134,105562.93091856796,2103.956476512115,0.9804586486391892,7332,422,43428.86541328143,0.00002124769062632481,0.07328749982371761,100.00212476906263,9997.476760827096,74.75278526739645,0
dodo-k20000000000000000,897,10000,25.20560519821514,-25.207893995810544,25.207893995810544,-0.002288797595404901,133952.508294075,2004.4210000713492,0.9852569412204455,8006,600,63649.31018512123,0.0023918495305510134,0.16689188180572218,100.2391849530551,9984.491012737542,61.66054881566218,0
dodo-k20000000000000000,898,10000,19.501382733737195,-19.501047614785925,19.501047614785925,0.0003351189512699193,146935.86104459164,2313.31970804311,0.9845002853859735,10070,591,61604.485420108475,-0.004119160767482128,0.09081022410339784,99.58808392325179,10018.72177102518,61.72752126679433,0
dodo-k20000000000000000,899,10000,51.980372464975446,-51.98463922503799,51.98463922503799,-0.004266760062542119,194655.0001346091,3075.7261429506284,0.9844448751043723,8543,1028,108693.32059117964,-0.004043335983723466,0.1747613270884625,99.59566640162765,9991.337464504468,48.27563102318908,0
dodo-k20000000000000000,900,10000,23.72392987842081,-23.719486764240358,23.719486764240358,0.004443114180453733,173432.07584947706,2051.7408368548195,0.9883080908792735,11487,681,76686.79705404496,-0.001358684795564784,0.11177593732405838,99.86413152044352,10010.935309130808,95.15456377734994,0
dodo-k20000000000000000,901,10000,35.95143964665435,-35.934659007906454,35.934659007906454,0.01678063874789615,190680.4845150173,2700.1540372296786,0.9860371024863476,10020,882,93538.03478633541,0.008659584476171744,0.11772028295959303,100.86595844761717,9920.21211065154,51.95977984924389,0
dodo-k20000000000000000,902,10000,66.53921199921575,-66.45474621646315,66.45474621646315,0.08446578275260208,225444.82385423654,3078.2421960007714,0.9865298402948783,9703,1033,122752.82480248547,0.002198628661448794,0.3631225706702317,100.21986286614488,9976.869571641528,42.07959173122799,0
dodo-k20000000000000000,903,10000,36.040288953080186,-36.01814389751615,36.01814389751615,0.022145055564038785,250397.0118023876,2778.627206959345,0.9890249029573625,11859,925,117595.89530262795,-0.0022394956434133918,0.07296896970836216,99.77605043565866,10005.016960706844,79.3553036882172,0
dodo-k20000000000000000,904,10000,33.69791262300753,-33.69677545760128,33.69677545760128,0.0011371654062557468,214238.0919516145,437.8553550861978,0.9979603893189737,10052,890,106252.10676561075,-0.0016087119296945218,0.06986228753323445,99.83912880703055,10014.845256470975,103.56459739764196,0
dodo-k20000000000000000,905,10000,40.11860873141875,-40.1177053908729,40.1177053908729,0.0009033405458538368,202632.56574038306,957.839502605179,0.9952952620657051,8513,801,103270.23310667394,0.0009324392049816766,0.07849910634705054,100.09324392049817,9992.516129818672,95.28967750177506,0
dodo-k20000000000000000,906,10000,8.809788820431653,-8.809029675648105,8.809029675648105,0.0007591447835473275,100346.55770030602,1927.0115154033158,0.981158264738576,7417,343,38321.6172161678,0.0004004850954405015,0.04264865627885655,100.04004850954405,10001.268356799508,176.99047483532598,0
dodo-k20000000000000000,907,10000,13.369645102091752,-13.36450498850892,13.36450498850892,0.005140113582832839,100119.52033857821,1804.2406879578914,0.9822981347059185,5428,444,47202.76978264187,0.0030310351789107413,0.05856865117573932,100.30310351789107,9919.999481533756,116.46277568617353,0
dodo-k20000000000000000,908,10000,25.72895887664976,-25.711019266327874,25.711019266327874,0.017939610321885624,159699.15589693823,2724.669909545948,0.983224937006519,8467,646,77592.37287131525,0.00043297007291357657,0.08711466979736002,100.04329700729136,10000.355962535483,80.53688170807973,0
dodo-k20000000000000000,909,10000,31.596660235234957,-31.32012284993141,31.32012284993141,0.27653738530354843,158171.4342358692,1451.0829530385884,0.990909284112333,6823,703,84025.49599853258,0.05732395123170079,0.0942904314878676,105.73239512317008,9635.838863280816,63.95569969304597,0
dodo-k20000000000000000,910,10000,45.420964356681786,-45.4250826574941,45.4250826574941,-0.004118300812315567,249631.24072370664,3565.161901874412,0.9859193816937973,10697,912,124646.56703072335,-0.002968567030225131,0.12640476509487172,99.70314329697749,10004.408235042527,185.42967231080868,0
dodo-k20000000000000000,911,10000,23.566085094490774,-23.547291129586014,23.547291129586014,0.018793964904759264,180722.88722200607,2436.061391811866,0.9866997413435246,11907,717,77265.83006128299,0.004557556805589371,0.07293884884471097,100.45575568055894,9978.279107252862,52.93232788898077,0
dodo-k20000000000000000,912,10000,33.67018516075216,-33.68595079190855,33.68595079190855,-0.01576563115639118,212129.58331731122,1525.0533152916732,0.9928620630971181,9102,859,108119.92604151556,0.007099292263593356,0.06768582327799023,100.70992922635934,9938.023594906306,134.0828478532055,0
dodo-k20000000000000000,913,10000,23.64526799643982,-23.652853015814628,23.652853015814628,-0.007585019374808155,171053.96833222394,3032.662949443508,0.9825795758863486,9624,697,78252.50909288168,-0.002527337369205611,0.06871937905728571,99.74726626307944,10032.185715701358,74.17759602197118,0
dodo-k20000000000000000,914,10000,17.50178745277417,-17.48880984013733,17.48880984013733,0.01297761263684194,119784.10418450461,2141.515179528055,0.9824358884482338,7155,507,55096.2628948449,-0.003225080006744463,0.06226887271959995,99.67749199932555,10025.129425192321,80.71806694001118,0
dodo-k20000000000000000,915,10000,35.870189888613986,-35.857861127068134,35.857861127068134,0.012328761545852274,181546.98945415617,2303.3865744745294,0.9874714067807191,8781,761,92557.14331066476,-0.0012913999141719046,0.10385688307897652,99.87086000858281,9998.397398866175,91.80961420802007,0
dodo-k20000000000000000,916,10000,19.886640230964975,-19.911466525165963,19.911466525165963,-0.02482629420098803,98086.8851965397,1727.1288301773263,0.9826965296705227,7372,456,41750.53309427517,0.017788286950750347,0.19856041925907633,101.77882869507503,9960.432677001549,31.36505247600264,0
dodo-k20000000000000000,917,10000,46.58473648298356,-46.571824304471136,46.571824304471136,0.012912178512422656,266911.532707922,3222.289760481701,0.9880715057039605,11564,1026,130763.50067933156,-0.0030574673269472895,0.07371916024767784,99.69425326730527,10064.93728965776,177.4678224861306,0
dodo-k20000000000000000,918,10000,25.274686507894273,-25.286450216897478,25.286450216897478,-0.01176370900320478,104630.87551479031,1472.7096529206233,0.9861200764272686,5322,485,54371.71687939643,0.0030094623726245116,0.20105949909718335,100.30094623726245,9918.077258856236,114.53240818853689,0
dodo-k20000000000000000,919,10000,27.812330597146996,-27.805081589026457,27.805081589026457,0.007249008120538747,183794.46478460202,1731.0953164926643,0.9906692354651867,8917,653,85719.60783484853,0.0009705996359571145,0.07475415069295735,100.09705996359571,9971.232724935277,224.58719251823345,0
dodo-k20000000000000000,920,10000,13.349123290507602,-13.340982024077753,13.340982024077753,0.008141266429849026,94921.28391831082,1322.4084952065798,0.986259790516715,5981,379,42194.272352494096,0.004154698243630861,0.0769334012922613,100.41546982436309,9990.1752393851,76.11630482573209,0
dodo-k20000000000000000,921,10000,7.069236869657001,-7.063807978014083,7.063807978014083,0.005428891642917932,94834.66850237585,1888.3281503329185,0.9804769474097964,7737,308,34265.752281391404,0.001447355370975032,0.026350430313585776,100.1447355370975,9975.558657442301,157.45369450939688,0
dodo-k20000000000000000,922,10000,27.740423892307607,-27.741586923851543,27.741586923851543,-0.0011630315439354888,138971.0472497131,1410.1007214960512,0.9899551988149774,5403,632,77752.06824510405,0.0006890092427020988,0.07738251614569876,100.06890092427021,9995.9412796794,94.81008829113199,0
dodo-k20000000000000000,923,10000,29.468525665947435,-29.46091383803339,29.46091383803339,0.0076118279140438005,176374.1855374589,1629.9565374924225,0.9908431538811827,8541,722,87225.8603359997,-0.0004249022221708287,0.11026028247308801,99.95750977778292,9997.64585126962,110.38617493415198,0
dodo-k20000000000000000,924,10000,14.288103021858454,-14.300689696188243,14.300689696188243,-0.012586674329789105,76818.20544225827,2112.3120434612165,0.9732383353011287,4405,325,37410.78316458145,-0.00006538874013230612,0.12306093411405357,99.99346112598677,10007.807380809843,116.5546764444914,0
dodo-k20000000000000000,925,10000,28.438818022710027,-28.47088197871183,28.47088197871183,-0.03206395600180301,119792.66656230499,1197.1913393377085,0.9901050273130253,4943,473,64501.755489824216,-0.0024744572189388235,0.10033349317583287,99.75255427810612,9996.633582650018,91.18801028239726,0
dodo-k20000000000000000,926,10000,15.197835168171778,-15.16103790108955,15.16103790108955,0.0367972670822283,107843.16067346522,1775.1225202153275,0.9838063280276071,5876,447,50236.520230878545,0.005808472272385785,0.08912757054995253,100.58084722723858,9923.037331257023,103.07168258716703,0
dodo-k20000000000000000,927,10000,27.530276443164738,-27.54011302276289,27.54011302276289,-0.009836579598150763,145029.35916090728,1798.8709424448568,0.9877484667548015,5610,640,79575.69488392386,-0.006696333785810253,0.0745473323432418,99.33036662141897,10094.615542012514,104.82748780615688,0
dodo-k20000000000000000,928,10000,23.50241933868883,-23.503562239263132,23.503562239263132,-0.001142900574301109,105723.07759546893,913.900741319627,0.9914297952213792,4509,482,56705.08345711852,-0.001989199587406034,0.18132717255088507,99.8010800412594,10018.379507354968,83.2080907777807,0
dodo-k20000000000000000,929,10000,18.852551337503996,-18.865872940410355,18.865872940410355,-0.013321602906358976,117042.08408546084,1531.3757714638289,0.9870850039012807,5182,475,60855.1451322429,0.0007701071981354346,0.0635905076382025,100.07701071981354,10020.267918742733,127.89647149898721,0
dodo-k20000000000000000,930,10000,17.982518930613328,-17.978020933216214,17.978020933216214,0.004497997397113096,151067.89200294626,2440.3343589370274,0.9841029082494632,9798,571,64739.77959809288,0.0031125771453508833,0.04101211021554704,100.31125771453509,9954.118575249351,110.88951471751186,0
dodo-k20000000000000000,931,10000,24.69158590069035,-24.709008746224725,24.709008746224725,-0.017422845534376563,96546.3021034481,992.2519637773943,0.989827079422425,4070,427,54288.74675063533,0.0005423954705094048,0.12106268403421964,100.05423954705094,10018.887068679875,107.36776649630849,0
dodo-k20000000000000000,932,10000,24.077913490171582,-24.073431504923477,24.073431504923477,0.004481985248105502,181939.01993203143,181.95866208100838,0.9990008912565392,11021,728,81192.82555201197,0.003716288422365892,0.10455740689609741,100.37162884223659,9961.766444626588,101.02862854195298,0
dodo-k20000000000000000,933,10000,40.250862311853574,-40.25081710609048,40.25081710609048,0.000045205763093747464,240579.48704146114,2200.1015074859115,0.9909378645847637,10124,926,124328.65215520617,-0.0028380576186603436,0.08489066817017743,99.71619423813397,10059.007811755257,118.56551349852177,0
dodo-k20000000000000000,934,10000,31.7299871974972,-31.481659093247465,31.481659093247465,0.24832810424973317,154681.11901200464,1845.9417102652603,0.9882068844725796,8080,657,74369.79683841375,0.001150709900795306,0.28530976980305267,100.11507099007953,9986.710207387798,73.91346420600289,0
dodo-k20000000000000000,935,10000,29.84501635583538,-29.87026280512258,29.87026280512258,-0.025246449287198658,129228.81103976388,1295.1726667714247,0.9900771288923924,6433,614,67327.40073635404,0.002288425659760378,0.13139313937184924,100.22884256597604,9997.516595360014,60.009998089698215,0
dodo-k20000000000000000,936,10000,6.327313568961954,-6.3267981360189225,6.3267981360189225,0.0005154329430316906,56401.158162688735,1987.8356806848042,0.9659553016786502,4170,222,22789.39337870179,-0.002402915756426012,0.05713249577234933,99.7597084243574,10027.186523704755,105.05855312620623,0
dodo-k20000000000000000,937,10000,51.64712235650781,-51.601800733661065,51.601800733661065,0.04532162284674257,220987.83111828493,2451.6416243364883,0.9890277147800088,8261,897,121356.79759855401,-0.0029889550414701205,0.15511612866819818,99.70110449585299,10013.887109079624,150.2718954070977,0
dodo-k20000000000000000,938,10000,18.168328554234378,-18.17404696428227,18.17404696428227,-0.005718410047890643,153269.840382041,2172.504237358561,0.9860237296170619,9640,585,65572.66424525184,0.000028716197496834185,0.05295283240772562,100.00287161974968,10003.772106595276,126.17586885449033,0
dodo-k20000000000000000,939,10000,22.774054908796252,-22.773533512246914,22.773533512246914,0.0005213965493382489,157802.34436059266,1091.1189659454928,0.9931330153984801,9548,602,69353.16490633668,-0.0022953831792032987,0.07861006117012323,99.77046168207967,10024.922479316272,101.06099073645629,0
dodo-k20000000000000000,940,10000,21.73859268847549,-21.75296291894199,21.75296291894199,-0.014370230466500544,119065.7396744848,1396.4180565393408,0.9884078279615631,5842,486,60096.34049729593,-0.00038117899830666604,0.06586137012609398,99.96188210016933,10007.63967933865,120.78313631376483,0
dodo-k20000000000000000,941,10000,40.21077180482287,-40.21785125882188,40.21785125882188,-0.0070794539990117755,226382.04218611997,2004.8368721047138,0.9912217510902034,8533,953,124233.75272419122,0.0016932517886596088,0.06094581697479555,100.16932517886596,9958.71266960147,169.26597924815883,0
dodo-k20000000000000000,942,10000,45.850156666468706,-45.870133394182425,45.870133394182425,-0.01997672771371839,174689.83249812314,1683.9658574369143,0.9904522901182741,9496,853,88252.22254092351,0.001664217802619845,0.17954293695155785,100.16642178026198,9992.90028820414,25.402786763145137,0
dodo-k20000000000000000,943,10000,42.43990772623148,-42.42441979931564,42.42441979931564,0.015487926915838557,224633.84828453462,2874.8036722755555,0.9873639808967735,11510,971,108345.0384617532,-0.003869525732583412,0.22795229356122376,99.61304742674166,10042.900565385049,78.19488420272818,0
dodo-k20000000000000000,944,10000,17.681721186026756,-17.682550580574706,17.682550580574706,-0.0008293945479493914,125440.27844485831,1682.4208689260918,0.9867653780323429,6237,534,59689.31321315489,-0.004964380851831862,0.06204812065894529,99.50356191481681,10040.925608528338,79.20098667178127,0
dodo-k20000000000000000,945,10000,6.721964238829093,-6.704102121691093,6.704102121691093,0.01786211713799979,67216.26628078491,1199.4992995626721,0.9824675016147562,4247,236,27270.625779652324,-0.0038610460352897745,0.0378564527720242,99.61389539647102,10047.503030656026,173.7740876760304,0
dodo-k20000000000000000,946,10000,15.758183081312257,-15.772434458905622,15.772434458905622,-0.014251377593364367,83314.36199077498,867.743732292197,0.9896920643070298,4215,406,44477.75084522798,0.008017263956639908,0.09408277458361752,100.80172639566399,9978.932135014753,52.164583536131765,0
dodo-k20000000000000000,947,10000,20.509174180332806,-20.50891770209237,20.50891770209237,0.0002564782404377297,119393.08010331771,1133.511371541068,0.9905953420098376,5667,521,60124.05214330519,-0.003179955379823696,0.0646954156482201,99.68200446201763,10065.494638480815,128.16906905538224,0
dodo-k20000000000000000,948,10000,17.04787695933924,-17.05159984976443,17.05159984976443,-0.003722890425187586,87166.79515275726,1215.3152287396908,0.9862493074277832,3993,407,45363.271900008505,0.0024793891176626915,0.13080287201021307,100.24793891176627,9979.007262697296,83.92570193792658,0
dodo-k20000000000000000,949,10000,83.48221811259168,-83.48303024101904,83.48303024101904,-0.0008121284273556739,251700.64071066346,1933.3595423808056,0.9923773644682813,9207,1171,145876.49659635537,-0.003543428540917688,0.188436790077113,99.64565714590823,10014.963574071924,70.36953262042883,0
dodo-k20000000000000000,950,10000,8.823270000879436,-8.820918270237641,8.820918270237641,0.002351730641795058,73590.250830081,134.97318945117397,0.998169240022717,5933,269,28478.528422457854,-0.0030324926963439225,0.07886340329137809,99.69675073036561,10029.831488050639,98.44005129273961,0
dodo-k20000000000000000,951,10000,22.269958445871644,-22.20936089978538,22.20936089978538,0.060597546086263776,150137.21907228668,1764.2216523915342,0.9883857477323786,8657,564,67532.34673445958,-0.00021019339271518333,0.11236875642945933,99.97898066072848,9931.499530823658,148.9629282748829,0
dodo-k20000000000000000,952,10000,25.738365558061002,-25.73174891898924,25.73174891898924,0.0066166390717619095,189828.12986850223,314.4714775176908,0.9983461282464238,11817,720,80456.2153447643,-0.005400072161908156,0.08874549420442776,99.45999278380918,10052.76245839145,98.64640832164508,0
dodo-k20000000000000000,953,10000,19.065248918514897,-19.063824934510784,19.063824934510784,0.0014239840041128105,156127.80553115986,3280.262227250173,0.9794222320527619,10542,590,64166.86306452939,0.0015329530073360331,0.07787797344347581,100.1532953007336,9982.365909371369,119.56303624451994,0
dodo-k20000000000000000,954,10000,16.18595243932868,-16.177758616299208,16.177758616299208,0.008193823029472469,124255.31776214104,2549.3148111579812,0.9798957281021704,8351,526,53825.225918573284,-0.007843016501246892,0.060301940993077355,99.21569834987531,10060.255428705244,73.36659174298256,0
dodo-k20000000000000000,955,10000,27.931926764058723,-27.908861518742384,27.908861518742384,0.02306524531633869,161995.53385217345,2539.671799881748,0.9845645690852787,9065,739,78810.34806391603,0.01204602396649733,0.089966714018488,101.20460239664973,9944.193427038592,44.53245722914996,0
dodo-k20000000000000000,956,10000,77.36092742721533,-77.35401297847449,77.35401297847449,0.006914448740843682,314527.98733671,2513.7107916851105,0.9920713558925391,11859,1258,174551.79461246962,-0.002707205915417887,0.18263962679957088,99.72927940845821,10027.554701121682,107.41825791751016,0
dodo-k20000000000000000,957,10000,35.50359815518702,-35.51015853560333,35.51015853560333,-0.006560380416310352,186402.32216075534,3142.6281388066327,0.9834201431700504,11161,781,86315.77474678303,-0.0008106559799256275,0.18865794198478356,99.91893440200744,10003.406740763234,79.42004567793134,0
dodo-k20000000000000000,958,10000,28.73009947777077,-28.714986138366783,28.714986138366783,0.015113339403988846,144249.35024278561,2004.6841071413658,0.9862931363496957,6476,606,74198.9663634446,-0.006079697102773594,0.13400042857658676,99.39203028972264,10062.9128661327,103.19117791931505,0
dodo-k20000000000000000,959,10000,24.616745220405278,-24.621299011397618,24.621299011397618,-0.004553790992339657,167391.22669005196,2378.4970075129145,0.9859898634708856,10415,676,75516.56633747996,0.0015513791806186816,0.06967007614008339,100.15513791806187,9984.628908920848,63.97954373227681,0
dodo-k20000000000000000,960,10000,27.46209698973261,-27.443674759569248,27.443674759569248,0.018422230163363196,184466.810981968,2407.044991262703,0.9871194128321112,10034,747,87087.73445312763,-0.005559966361036856,0.0640643078282281,99.44400336389631,10024.128443547923,80.69917607259077,0
dodo-k20000000000000000,961,10000,4.830836970370553,-4.833426838419598,4.833426838419598,-0.002589868049044597,63642.75443976135,1393.7976405832048,0.978569010871589,5203,235,23233.928549225246,0.0012487918835199707,0.032824102573935504,100.124879188352,9994.495513174506,108.08405333850828,0
dodo-k20000000000000000,962,10000,19.57264294602861,-19.555729769989497,19.555729769989497,0.016913176039111022,160531.64037562357,1173.0633458462594,0.9927456448770543,10194,599,67011.01411514325,0.007574460373606087,0.07384495331329646,100.75744603736061,9913.41119717201,113.53587072471963,0
dodo-k20000000000000000,963,10000,30.735917863140127,-30.77879947571094,30.77879947571094,-0.04288161257081313,181563.53296841818,3441.458575956697,0.9813980231169533,10289,802,85973.8100890017,0.0026884053282813626,0.10417159440885997,100.26884053282814,9986.006440641551,87.66726353746705,0
dodo-k20000000000000000,964,10000,20.8156556833196,-20.851311563777777,20.851311563777777,-0.035655880458175915,158544.79687441193,2151.971170111279,0.9866084975055937,9750,669,72753.02287130569,0.005268821954103231,0.09231529578502873,100.52688219541032,9993.301086185893,61.096299341296785,0
dodo-k20000000000000000,965,10000,15.990616256837932,-15.986997834842185,15.986997834842185,0.003618421995746246,142863.08149184892,25.48212342999296,0.999821664360077,9123,546,59019.378151453755,-0.003779991748381235,0.0516097812669841,99.62200082516188,10037.079521834235,100.07319535446113,0
dodo-k20000000000000000,966,10000,31.86006490700573,-31.86182186845258,31.86182186845258,-0.001756961446851335,189739.95527066974,1147.6824222913774,0.9939876545377057,9136,769,93552.35900102444,0.000498637505928059,0.07997339757476965,100.0498637505928,9997.712253041398,103.84998603647017,0
dodo-k20000000000000000,967,10000,38.94765768824525,-38.962748550154835,38.962748550154835,-0.015090861909584419,153961.3009440663,1451.3969894109632,0.9906610141339144,5718,729,88400.09129410061,-0.0023154128202990875,0.1331859978456717,99.76845871797009,10021.533587909962,83.88825720589213,0
dodo-k20000000000000000,968,10000,53.92967541957921,-53.91027478349213,53.91027478349213,0.019400636087084422,237218.24947982538,3293.4953826858928,0.9863063012387665,8838,1031,130814.56391372596,-0.0023040990405004892,0.14017988405343004,99.76959009594995,9998.982596210108,92.76347330671241,0
dodo-k20000000000000000,969,10000,40.26241689708967,-40.29874157905125,40.29874157905125,-0.03632468196158101,179912.83040435644,2416.681207390159,0.9867455290916577,8338,876,94619.08781610786,0.005678033016143474,0.19195729642980283,100.56780330161435,10000.780691912596,62.133199381701424,0
dodo-k20000000000000000,970,10000,30.16661944039873,-30.18011510632219,30.18011510632219,-0.013495665923461075,195571.05586314513,2227.5586669482063,0.9887382493945158,7588,746,101582.09907480518,-0.0008577317437267596,0.055393535081661865,99.91422682562732,10027.74238568615,181.17236352138633,0
dodo-k20000000000000000,971,10000,36.17267743579755,-36.164766642661974,36.164766642661974,0.007910793135579297,182391.48768096883,1643.3613640210149,0.9910703794822073,7777,780,94945.94215511999,0.0033054647543231397,0.12264847271818169,100.33054647543231,9955.547097710727,108.39538477256826,0
dodo-k20000000000000000,972,10000,13.335745361256983,-13.334060520072299,13.334060520072299,0.0016848411846837053,84077.63695007547,1516.5526985384033,0.9822820602103456,4455,342,38403.0621711672,-0.005780729527445771,0.08745007071417873,99.42192704725542,10059.01170578598,110.90080125537601,0
dodo-k20000000000000000,973,10000,37.21128852417249,-37.22334862152547,37.22334862152547,-0.012060097352978971,230478.41905546124,3049.7744041307424,0.9869404444964439,11679,930,110939.80299035923,-0.0032429531733534135,0.09886583584699721,99.67570468266466,10066.216379573267,153.51238374577542,0
dodo-k20000000000000000,974,10000,11.908063032395459,-11.913304316011036,11.913304316011036,-0.005241283615577075,100991.27196552267,1955.53169933677,0.9810044447256181,6676,381,42950.38957974711,0.0007851056927538025,0.043596701191669925,100.07851056927538,9972.9653337613,117.57216251344016,0
dodo-k20000000000000000,975,10000,27.477434595694866,-27.487284505274026,27.487284505274026,-0.009849909579159544,117839.14148291119,1257.4908516835342,0.989441423934216,4470,542,67286.78226591673,-0.0011678038111266175,0.09298819280170363,99.88321961888734,9999.293303453738,64.16033880879931,0
dodo-k20000000000000000,976,10000,14.383734169028639,-14.381864500416853,14.381864500416853,0.0018696686117856132,106990.35930877992,211.84879095872745,0.9980238392966531,6376,444,50039.949285355826,0.0028684010795883806,0.055622587657398984,100.28684010795884,9969.363251664097,102.75298993868925,0
dodo-k20000000000000000,977,10000,24.929631546027803,-24.904363012662856,24.904363012662856,0.025268533364947388,137417.74033910563,1754.7203942923354,0.9873917556314987,6939,580,67884.73022007912,0.004649321399889317,0.1430847914972567,100.46493213998893,9942.813791615186,91.86459830000013,0
dodo-k20000000000000000,978,10000,18.01483603123593,-18.015125889265065,18.015125889265065,-0.0002898580291343933,113169.74831313067,2629.9174052473454,0.9772890760182051,9070,525,46225.97181723095,0.003885496380456459,0.24398777591060408,100.38854963804565,9973.107681404692,23.8162423587413,0
dodo-k20000000000000000,979,10000,33.173862555616935,-33.20739400813876,33.20739400813876,-0.03353145252182799,189655.26418991882,2098.68057485572,0.9890553460194513,8890,793,95979.66513601934,-0.0010426593139625595,0.08122647105524664,99.89573406860374,10016.966774130202,126.11982565019574,0
dodo-k20000000000000000,980,10000,18.698642531868938,-18.66295696071485,18.66295696071485,0.03568557115408666,126161.97246160178,2432.699298263778,0.981082425383794,9583,448,50348.80294087243,-0.002251245880847108,0.13646424774560245,99.77487541191529,10018.220378203378,113.32141015727349,0
dodo-k20000000000000000,981,10000,27.30664313258767,-27.289534097599812,27.289534097599812,0.01710903498785754,179591.48702195458,2259.651033858338,0.9875741716108215,8667,739,85613.31443463886,-0.006066378632962142,0.09721321644862883,99.39336213670379,10053.516900259247,133.91110719652707,0
dodo-k20000000000000000,982,10000,32.03827421607164,-32.01723469277867,32.01723469277867,0.021039523292969875,197140.06665229847,2384.3427199526614,0.9880498695500247,10111,749,92103.18820199269,-0.0009972423793738017,0.10934472793200727,99.90027576206262,9998.608122782565,137.53453606259666,0
dodo-k20000000000000000,983,10000,44.762228723799794,-44.72606295615215,44.72606295615215,0.03616576764764545,200099.21302724976,2006.2057887267802,0.9900734685864435,8151,930,111310.98144689553,0.016604000560260488,0.162846548750056,101.66040005602605,9855.519953456822,82.94149992009324,0
dodo-k20000000000000000,984,10000,44.24749355980746,-44.24471879542486,44.24471879542486,0.002774764382600381,217814.21397892016,1619.6336563851285,0.9926190345115904,8032,931,123257.26047879223,0.0011762347933448325,0.08533699483951906,100.11762347933448,9978.3292737974,132.2300375431944,0
dodo-k20000000000000000,985,10000,30.765152202937017,-30.768618184790355,30.768618184790355,-0.0034659818533384623,204935.87848942497,1764.1085574575234,0.9914653668698229,10568,824,97573.89332748594,0.00007883073019641528,0.0585081774279206,100.00788307301964,10002.328214109599,108.3868371185161,0
dodo-k20000000000000000,986,10000,36.87124882418604,-36.86630585243098,36.86630585243098,0.0049429717550566465,195011.5494339264,582.8778740030365,0.9970199668670243,8763,812,101128.36567324602,0.004492911788528318,0.08250714015041226,100.44929117885283,9956.034063076058,105.05371503082581,0
dodo-k20000000000000000,987,10000,34.366916570800576,-34.37808713175125,34.37808713175125,-0.011170560950674258,145546.60081941314,1533.321912435731,0.9895749067312795,5605,640,81511.72915113963,0.008767302375431284,0.15156539969401892,100.87673023754313,9930.473912082327,94.71457169401732,0
dodo-k20000000000000000,988,10000,45.89214692894823,-45.874622443999286,45.874622443999286,0.017524484948943098,253815.1541736902,1994.477692288384,0.9922032736697994,11760,1076,132184.99379498756,0.006979158088102082,0.11043449074604184,100.69791580881021,9930.043485948658,95.34830776808288,0
dodo-k20000000000000000,989,10000,45.75668768118803,-45.7433501622302,45.7433501622302,0.013337518957833083,193390.05915454007,3635.5105692562342,0.9815480266122172,8375,822,103004.42278092226,0.003898854991264784,0.18603348463603922,100.38988549912648,9961.138403633966,87.92640818545736,0
dodo-k20000000000000000,990,10000,24.737610146199906,-24.689862493798977,24.689862493798977,0.04774765240092904,120626.62146285796,1451.5084451686996,0.9881100042549614,6097,521,59673.392040588216,-0.004099240585743331,0.13195884550374784,99.59007594142567,10011.39852905245,63.800433732442364,0
dodo-k20000000000000000,991,10000,56.22779859529477,-56.27383055039945,56.27383055039945,-0.04603195510468083,277828.47454972815,2930.1185536202725,0.9895635659046713,10292,1165,155559.1811734816,0.0014279153342113204,0.12303703343650454,100.14279153342113,9995.674089828679,131.43011031994297,0
dodo-k20000000000000000,992,10000,46.005404976548824,-45.996222353301626,45.996222353301626,0.009182623247198762,247378.28648703097,3483.250334436647,0.9861148489378999,10880,1054,128375.5011757984,0.0009276935281101828,0.09605020160997739,100.09276935281102,9985.498395028413,105.72201433928285,0
dodo-k20000000000000000,993,10000,21.189698232427222,-21.157159702602407,21.157159702602407,0.032538529824815754,108086.97231099816,1372.2014531764287,0.9874638058557542,4384,491,57881.93258518405,-0.004859845881365174,0.07921103789655973,99.51401541186348,10042.131212300214,64.12596545006191,0
dodo-k20000000000000000,994,10000,46.26894246897426,-46.2489807186804,46.2489807186804,0.01996175029385938,245235.27829048297,3606.681970205423,0.9855061342290221,10255,1058,129921.93240881791,-0.0003400973480790981,0.1015756707848233,99.96599026519209,9987.968349915776,104.93080575184041,0
dodo-k20000000000000000,995,10000,75.99335489406096,-75.9438508875352,75.9438508875352,0.049504006525751265,293594.3301202915,2813.1070094659044,0.9905093237986655,10981,1254,162812.84646272784,-0.010150981459496791,0.12835962831197378,98.98490185405032,10008.635860279737,75.38367126263556,0
dodo-k20000000000000000,996,10000,63.26892176892481,-63.1914883233833,63.1914883233833,0.07743344554151577,205069.65867696362,2334.195464138241,0.9887456504904184,7735,942,117177.109774307,-0.01683744630277971,0.21378722295753733,98.31625536972203,10101.38875049628,87.21507112732313,0
dodo-k20000000000000000,997,10000,17.39596762662135,-17.402319494106905,17.402319494106905,-0.006351867485555829,116533.72306648002,2514.447560278024,0.978878738354062,7226,488,54295.88313860772,-0.0009191936029583303,0.07607944515808668,99.90808063970417,10022.625068155352,107.08728473357351,0
dodo-k20000000000000000,998,10000,51.066667069611334,-51.06866245310782,51.06866245310782,-0.0019953834964852035,249196.19428043623,2898.5468175101823,0.9885021527823779,9715,1089,136785.09417969207,0.0005570604832911385,0.09877479065494185,100.05570604832911,9998.531032753372,96.25685765340556,0
dodo-k20000000000000000,999,10000,28.992330483847866,-28.990839255146597,28.990839255146597,0.001491228701269165,132501.2247004969,953.8242045418198,0.9928528428683089,5296,562,70387.60887651294,-0.0048807165953053296,0.10451331546789319,99.51192834046947,10049.366262726744,90.08787327790438,0
flashbots-c50,0,10000,31.07835167387437,-31.08199235693405,31.08199235693405,-0.003640683059682459,154644.4646241982,1489.217078668623,0.9904619101885863,6664,685,83678.59557647936,0.0016065686865860585,0.08015352622542082,100.1606568686586,9983.086370384734,88.19719749066152,0
flashbots-c50,1,10000,10.532447626140975,-10.52634648290119,10.52634648290119,0.0061011432397855,57129.930256641914,1164.9125965541832,0.980016884178112,3963,258,25826.36188153537,0.005648477471236788,0.11891703192822548,100.56484774712368,9946.42553188916,51.02014315808477,0
flashbots-c50,2,10000,15.342479534295306,-15.340097282132774,15.340097282132774,0.0023822521625316284,123850.99932020185,987.8682205775788,0.9920868537176141,7593,503,54549.980079970184,-0.0026140368133738432,0.06498375372879138,99.73859631866262,10020.28223261983,92.60684722629529,0
flashbots-c50,3,10000,10.149950907951578,-10.145047828650334,10.145047828650334,0.0049030793012434515,80663.1352281217,1297.660975260422,0.9841672966177594,5741,326,34341.54737960914,-0.004115417827796222,0.08693226874658933,99.58845821722038,10020.247639404846,95.23520454777344,0
flashbots-c50,4,10000,19.85182000534116,-19.847997840828683,19.847997840828683,0.0038221645124778547,101573.52672048395,710.7601438854588,0.9930511306704622,4390,460,56544.721870103116,0.004969802126532699,0.0878329178869825,100.49698021265327,9949.591455975995,99.79690512669549,0
flashbots-c50,5,10000,24.04783476659358,-24.04668011721401,24.04668011721401,0.0011546493795719925,144350.5281232841,1993.368869965447,0.9863788725671464,8627,633,68958.83950982732,0.0003339138973196043,0.08323464270293726,100.03339138973196,9985.806120185694,89.6630303027163,0
flashbots-c50,6,10000,13.427351157962052,-13.420611733428643,13.420611733428643,0.006739424533408922,127981.25336799516,1718.7707807350428,0.9867481074732563,9028,506,53293.00188753458,-0.0037482914394936983,0.051644839999092654,99.62517085605063,10042.809503164402,112.87745809577848,0
flashbots-c50,7,10000,33.75118426044236,-33.75099123598994,33.75099123598994,0.00019302445241464739,156949.45297671974,24.79006013713629,0.9998420756191746,5837,678,88679.02428661517,-0.00011199676962391437,0.08916790660217018,99.98880032303761,10000.906364107066,99.57023518258744,0
flashbots-c50,8,10000,71.02185327977428,-71.07895970226002,71.07895970226002,-0.057106422485745156,277763.2414252992,2274.7290122178933,0.9918770693536166,9794,1183,158121.4625419136,0.00420249973577981,0.19368773457289193,100.42024997357798,9952.974028284869,118.34002263650147,0
flashbots-c50,9,10000,36.50770823679973,-36.527002168860626,36.527002168860626,-0.019293932060897134,203042.78359039663,2104.372942444342,0.9897421296107145,9190,847,102004.32290121407,-0.0024036537627215183,0.08590500479647617,99.75963462372785,9949.995225386972,153.7840946317001,0
flashbots-c50,10,10000,26.339587434668616,-26.3389779852877,26.3389779852877,0.0006094493809172263,154865.925966271,369.94287091799407,0.9976168982485227,7562,682,79991.24811003884,-0.00032591956127490105,0.10919449079181845,99.96740804387251,10003.97910029951,101.48687291166948,0
flashbots-c50,11,10000,27.024572135859884,-27.014563527233307,27.014563527233307,0.010008608626577598,145057.8778038001,1634.6597485943341,0.9888565582416864,6164,556,73628.75612750895,0.006594628298339273,0.12415025934775371,100.65946282983393,9925.17070114014,95.23554058680836,0
flashbots-c50,12,10000,67.2974216760789,-67.29274371392336,67.29274371392336,0.004677962155540172,302306.1622746893,482.4522067859718,0.9984066368954719,11703,1212,159938.89551962222,-0.003717836763820941,0.14563675069212154,99.6282163236179,10035.026429933387,101.37104955938125,0
flashbots-c50,13,10000,56.94722125072091,-56.948745265503916,56.948745265503916,-0.0015240147830084538,285273.64731663105,1885.398879753223,0.993434304422143,10561,1225,160936.11890085507,0.0009495387724214766,0.08751145009553099,100.09495387724215,9991.759130081768,100.44654210855664,0
flashbots-c50,14,10000,34.11042492899235,-34.058726910721376,34.058726910721376,0.051698018270975865,132255.9122543687,2236.977966874594,0.9833673143376224,6599,673,70428.66695522092,0.010335691407322543,0.12764061712549704,101.03356914073225,9986.487081364226,62.80895993167865,0
flashbots-c50,15,10000,41.96155434675953,-41.94303541677131,41.94303541677131,0.018518929988218247,202917.82173569163,2821.0006156250556,0.9862884380138622,7345,884,113370.4036813775,-0.007864263808954775,0.08520289652261724,99.21357361910452,10082.483053457152,92.84026173414608,0
flashbots-c50,16,10000,125.40427999920823,-125.28812909627155,125.28812909627155,0.11615090293668118,254661.41726378273,2078.8841361150617,0.9919027744192097,9492,1217,146410.52936970326,0.0031830055046840754,0.5228400914812105,100.31830055046841,9966.784308564595,33.40793782367383,0
flashbots-c50,17,10000,12.597173726639587,-12.608125678905282,12.608125678905282,-0.010951952265694231,120131.08013227831,1653.6874459208573,0.9864212291996286,8711,439,48200.866559768496,0.000009344262296764328,0.0503651149239397,100.00093442622968,10019.656105885246,139.045628647001,0
flashbots-c50,18,10000,55.50820668239639,-55.50670392058798,55.50670392058798,0.0015027618084104688,273769.854313914,984.5052870749516,0.9964167801067663,10350,1163,151128.70261542048,-0.000007026348615397638,0.08788155170699824,99.99929736513846,10000.068733580354,93.76140412178559,0
flashbots-c50,19,10000,14.473933272578051,-14.462107928849292,14.462107928849292,0.011825343728759208,132864.34533659954,2838.139278681666,0.9790855761651834,10228,434,50038.952726599135,0.002600758106015917,0.0822844337912359,100.26007581060159,9978.623994796246,112.35294496405139,0
flashbots-c50,20,10000,36.687603345640994,-36.69971007576634,36.69971007576634,-0.012106730125346132,183055.28788344897,3381.4958237092915,0.9818625071916027,8191,824,96050.64540324251,-0.0026824812274790586,0.13113304851022975,99.7317518772521,10049.658735200874,96.08783510341532,0
flashbots-c50,21,10000,58.1765661916064,-58.20070987738204,58.20070987738204,-0.024143685775641188,239557.12535701317,2001.4750478630435,0.9917143291751634,9005,1063,134377.9545465988,-0.00002444904563233763,0.17984131520699975,99.99755509543677,9975.1313939131,66.664639588171,0
flashbots-c50,22,10000,34.21030915266786,-34.311059504304765,34.311059504304765,-0.10075035163690416,148888.27375158007,2073.320428699637,0.9862659079618379,7414,584,72804.8150348901,0.002541397388637847,0.19278679476169813,100.25413973886378,10012.609399678026,57.98358028671422,0
flashbots-c50,23,10000,29.4224295814138,-29.450427725872416,29.450427725872416,-0.02799814445861415,200824.20027523724,1376.095853889524,0.993194392489857,7866,683,100794.64281871477,-0.0017759304726047275,0.06742296046364857,99.82240695273953,10007.44974354645,163.8063401131231,0
flashbots-c50,24,10000,20.821749111480266,-20.823894498100387,20.823894498100387,-0.0021453866201213145,207194.24469010587,2588.1671394694804,0.9876626113843516,10736,665,91530.6031592422,0.0019082416256492251,0.04839731261999333,100.19082416256492,9946.963174333627,179.83882562108087,0
flashbots-c50,25,10000,31.910819592768316,-31.9391902151676,31.9391902151676,-0.028370622399283008,180654.25920455388,2431.500761645893,0.9867193343595111,8838,787,90965.65449778979,0.0013948916800858057,0.10447598829390771,100.13948916800858,10009.795279111095,91.09577641654727,0
flashbots-c50,26,10000,32.520270256521016,-32.52876777043471,32.52876777043471,-0.008497513913695798,175296.8323860858,1563.2719978438338,0.9911609687029797,10207,897,87264.20438051135,-0.007682848851842437,0.08789215746597406,99.23171511481576,10066.533071568403,48.704627688688795,0
flashbots-c50,27,10000,13.703780721493864,-13.711088159737265,13.711088159737265,-0.007307438243401521,96219.9737428759,1518.935489182152,0.984459254752109,4911,401,45958.62772152633,0.003548595051606469,0.06405521976743245,100.35485950516065,9956.941369799784,84.40924722637783,0
flashbots-c50,28,10000,8.254830847678331,-8.260727964437095,8.260727964437095,-0.0058971167587635875,104861.22007972049,1279.4927339040928,0.9879453161752287,4838,306,43306.25835686126,0.00005358256473911638,0.0368261160390783,100.00535825647391,10023.511591504053,205.51212060341794,0
flashbots-c50,29,10000,39.634825207393845,-39.635937174234016,39.635937174234016,-0.001111966840170453,176769.36830473776,1605.1866300664483,0.9910010335798559,7892,778,93795.91806297412,0.004062233538560065,0.11771151312663776,100.406223353856,9956.408141487893,86.58439095986556,0
flashbots-c50,30,10000,22.109397056729044,-22.10368435219695,22.10368435219695,0.005712704532093937,129885.55806106671,1920.489052317765,0.9854294313927366,7200,633,63544.12245649547,0.003731130535912399,0.12573299513792463,100.37311305359124,10005.477574797345,52.14392420479111,0
flashbots-c50,31,10000,44.5711565861221,-44.557272594377736,44.557272594377736,0.013883991744364721,225249.87818012896,3754.789740198233,0.9836038724699508,10278,997,117980.19690768153,0.0019579739782372486,0.10813060868311908,100.19579739782372,9977.57239698227,110.67588266666739,0
flashbots-c50,32,10000,11.255802383757683,-11.246539490853394,11.246539490853394,0.009262892904288833,123829.4546352038,2023.596979307403,0.9839209542132861,7807,405,49320.03965141645,-0.00569756537070603,0.06690947982448449,99.4302434629294,10085.590254503555,150.5462407016785,0
flashbots-c50,33,10000,23.013675130153157,-23.011612704146195,23.011612704146195,0.002062426006961715,114926.13419848507,2314.4469136864477,0.9802589948656765,7486,577,55686.96723298054,0.0028932766044704296,0.128344525205342,100.28932766044704,9981.10133348004,65.08150843612081,0
flashbots-c50,34,10000,27.241126146038837,-27.240269051709532,27.240269051709532,0.0008570943293051414,175218.916599141,1963.6488074772421,0.9889173700416244,8730,722,85574.75762278592,0.0008510661830577248,0.07461333572043884,100.08510661830577,9990.477483506185,101.14182694135982,0
flashbots-c50,35,10000,29.375605459325303,-29.385729825506026,29.385729825506026,-0.010124366180722433,157087.94287199035,2772.5977626067147,0.9826561467163795,11398,715,68134.64119431839,0.0003371404756852314,0.18895602220971824,100.03371404756852,10041.405987189848,48.53289564999783,0
flashbots-c50,36,10000,29.73946200136924,-29.735884341571733,29.735884341571733,0.0035776597975072377,213428.27613590893,2183.195770064029,0.9898743988398906,11659,870,100271.11609298208,-0.004052429486506241,0.06583553838288012,99.59475705134938,10043.2577394313,93.57010798548743,0
flashbots-c50,37,10000,14.881855620113878,-14.88883297637733,14.88883297637733,-0.0069773562634516395,102487.79777042729,1952.370341773835,0.9813063270859889,5708,421,49228.4840253837,0.00303262335111981,0.06387170450904676,100.30326233511198,9945.78605179207,120.57881934574904,0
flashbots-c50,38,10000,15.782455104047688,-15.783908068762813,15.783908068762813,-0.0014529647151242386,87898.62153973056,848.4196104101136,0.9904400236963983,4313,417,45197.732001785145,0.0007026602113744218,0.08370647035415586,100.07026602113744,10005.59105995273,71.98237568592819,0
flashbots-c50,39,10000,28.160849491025353,-28.150163144333227,28.150163144333227,0.010686346692125426,161208.77980082334,1924.5792346860176,0.9882024176657388,8851,742,78606.86015818747,0.007392801009206949,0.0904219539406246,100.7392801009207,9971.047248514142,63.832420655588194,0
flashbots-c50,40,10000,26.367540358727275,-26.36746365190963,26.36746365190963,0.00007670681764437859,133252.22989595076,1771.865069402977,0.986877415694898,5745,572,71664.33180524858,-0.0009467581343926667,0.13853521688252243,99.90532418656073,10007.176772567936,103.824823994845,0
flashbots-c50,41,10000,24.926972721966422,-24.924819306109768,24.924819306109768,0.002153415856653851,224928.99869101756,3853.4671599598664,0.9831566324559596,11110,826,104565.41778848774,-0.00026483345436687953,0.044709507281980906,99.97351665456331,10046.905580173348,123.15711283826744,0
flashbots-c50,42,10000,29.81903485062785,-29.826537447065405,29.826537447065405,-0.007502596437554132,144257.7683621121,1395.7193736425934,0.9904175355129518,5987,600,76746.22864070252,0.004663311240999093,0.20959348053237137,100.46633112409991,9925.00350468627,131.86361333046014,0
flashbots-c50,43,10000,61.50952722896464,-61.50899785949966,61.50899785949966,0.0005293694649850522,265889.2039910001,2363.355459657077,0.9911898120767351,9454,1102,151041.6750504441,0.006335827931934119,0.10836492274333097,100.63358279319341,9943.347309531608,104.65399671555824,0
flashbots-c50,44,10000,17.771529182218593,-17.767615165764184,17.767615165764184,0.003914016454409364,108474.54002778471,1115.0408710817844,0.9898253021689097,4198,477,59743.86799331068,-0.002462842573344659,0.061053416778411675,99.75371574266553,10050.786027976786,202.93007228776162,0
flashbots-c50,45,10000,30.8956292043887,-30.893033372022444,30.893033372022444,0.002595832366257156,206109.6299757667,745.1431902367879,0.9963977471786991,11021,854,98284.34341935381,0.0017377432162444962,0.11361196915627332,100.17377432162445,9982.655052399905,102.2127090536692,0
flashbots-c50,46,10000,63.153168097280215,-63.16573279385375,63.16573279385375,-0.012564696573534206,294416.8325426275,1858.785127690024,0.9937261623406406,11120,1256,161685.01608946867,-0.0001912949374478501,0.16162654206822297,99.98087050625521,9993.891526100697,102.77217781739873,0
flashbots-c50,47,10000,67.08561820790904,-67.09367704096188,67.09367704096188,-0.008058833052842829,235335.0740630187,1984.8048392067053,0.9916365841395678,8361,1100,141342.69113183834,0.000011059408156484097,0.1780378952247483,100.00110594081565,10006.624397754578,79.6674381363814,0
flashbots-c50,48,10000,30.579737229911576,-30.589947540347147,30.589947540347147,-0.010210310435571301,140550.29309334615,1661.028106258663,0.9883200008814539,6486,677,76865.64293487096,0.00521715878786452,0.13959353021719906,100.52171587878645,9955.18722488946,70.09697829734397,0
flashbots-c50,49,10000,19.63216760263915,-19.632725211955915,19.632725211955915,-0.00055760931676474,163657.1954614678,3222.6633108780075,0.9806887222065888,10742,613,68547.32189951853,0.002583835310461069,0.07619661579976991,100.2583835310461,9962.379575888508,126.28308410483056,0
flashbots-c50,50,10000,30.535196738812125,-30.525743251361888,30.525743251361888,0.009453487450237219,122203.75995760641,1109.905528091386,0.9909993306603954,4324,517,68664.35682693998,-0.005182336215054164,0.19978425171871322,99.48176637849458,10048.514544784655,97.35866611043825,0
flashbots-c50,51,10000,24.344388483189626,-24.33378410032516,24.33378410032516,0.010604382864464412,144923.03998667366,1696.055691702145,0.9884322319418569,5858,571,76045.04075688963,-0.0008029168296602052,0.057460123336362724,99.91970831703398,10012.413173249022,117.11257224741712,0
flashbots-c50,52,10000,22.507313605950692,-22.51028121506542,22.51028121506542,-0.0029676091147265993,139000.36157858997,1310.8437412043036,0.9906575976008712,6013,565,72123.63471137082,-0.00009872958543283517,0.060554655974741675,99.99012704145672,10021.959838805427,125.65909739566708,0
flashbots-c50,53,10000,41.37415733761143,-41.35245658132089,41.35245658132089,0.021700756290542245,134047.89687583208,1814.2418176873616,0.986646450327269,6333,713,73461.33419299868,0.0046524653457306895,0.17381312758546089,100.46524653457307,9980.79113054567,41.85639581894704,0
flashbots-c50,54,10000,13.835215600094987,-13.812982246209579,13.812982246209579,0.022233353885408036,75361.6408161662,1201.1957934321288,0.9843109810630822,5498,373,36002.61607966385,-0.008629212772467696,0.12616836880535104,99.13707872275323,10034.480029563125,50.51369382026857,0
flashbots-c50,55,10000,66.33217966565907,-66.31636576435682,66.31636576435682,0.01581390130225202,245719.01428697744,3417.987942877738,0.9862806892902873,10546,1232,135477.33775213233,-0.01236841787013077,0.2046213824365907,98.76315821298692,10095.376199307246,60.546112460192404,0
flashbots-c50,56,10000,17.160084479731097,-17.183327849292652,17.183327849292652,-0.023243369561555483,105067.80770237902,1570.9257819519678,0.9852687130592863,5164,419,51460.023005189265,0.000012086862066951199,0.07751162682801378,100.0012086862067,9976.636079112655,146.04832612510074,0
flashbots-c50,57,10000,25.67557664715099,-25.66663774940126,25.66663774940126,0.008938897749729335,159144.54615615305,1883.400438054063,0.9883038908593906,8902,718,75858.02101519251,0.0031455889486383627,0.08486595758537348,100.31455889486384,10004.441743166644,77.67038526056504,0
flashbots-c50,58,10000,56.06529295685836,-56.03490622992205,56.03490622992205,0.03038672693630673,212398.20709750647,3001.2535673540506,0.9860665687922789,7827,1076,124284.1966687591,-0.002198643232555213,0.14334818630981716,99.78013567674448,10037.739358366534,72.28276224227757,0
flashbots-c50,59,10000,33.14246103425489,-33.1418267980098,33.1418267980098,0.0006342362450908468,158562.94723515568,312.75561851426744,0.9980314446268582,5917,687,88349.35362041113,0.0016666521886978102,0.10570858170530258,100.16666521886978,9984.552586086409,97.70721160064947,0
flashbots-c50,60,10000,19.347161944411226,-19.363606014409022,19.363606014409022,-0.016444069997795907,156758.62417593526,3145.902167667339,0.9803263719945774,11034,625,64775.77356482961,0.00003493153560839346,0.0730337170952825,100.00349315356084,10026.069304742978,92.56558696223887,0
flashbots-c50,61,10000,14.918436532188645,-14.915246292377702,14.915246292377702,0.0031902398109426855,110174.75231826273,1403.2827403296392,0.987423306571112,6229,465,51988.16427851523,0.004120262263845689,0.0753463364480578,100.41202622638457,9953.872409250876,103.92595555353815,0
flashbots-c50,62,10000,12.900721645820829,-12.902822911375225,12.902822911375225,-0.002101265554395937,108903.55636796282,1536.0125166897492,0.9860918280268368,6539,391,46149.56212545796,0.0003114714098462912,0.08399441907238568,100.03114714098463,9986.955949433332,137.42372466016568,0
flashbots-c50,63,10000,51.01972068976152,-51.014351301636665,51.014351301636665,0.005369388124854879,274621.24714465754,1925.0469674655621,0.9930389702973743,11423,1067,139595.05617159238,-0.0002612034378307726,0.09936081444539838,99.97387965621692,9996.918560524737,98.96920325179053,0
flashbots-c50,64,10000,51.421820232915294,-51.43380556937141,51.43380556937141,-0.011985336456113771,211467.01326816532,2996.694042900065,0.986027034221909,9123,977,114629.36118531045,0.0002086932989246293,0.1910819409486527,100.02086932989246,10041.128837965833,74.15403615226887,0
flashbots-c50,65,10000,6.1981237473231054,-6.197254546670905,6.197254546670905,0.0008692006522004192,53398.88835247703,314.474828477323,0.9941453148741051,4302,209,21367.425379249355,0.0007524685583392454,0.07289523390970942,100.07524685583392,9993.545451157632,102.73393851923394,0
flashbots-c50,66,10000,26.104751905260823,-26.055663492929497,26.055663492929497,0.04908841233132577,111578.73983974755,994.3180074386227,0.9911673536594487,4084,520,64695.30747790411,-0.015895415068826538,0.08289788946407071,98.41045849311735,10158.07435301109,94.85584061218105,0
flashbots-c50,67,10000,16.844226060593392,-16.83988408785669,16.83988408785669,0.004341972736703781,106686.13424450993,1728.6628411242345,0.9840551023698471,5895,502,51434.353303631484,0.004921397944651318,0.05617750005044215,100.49213979446513,9973.022948673266,72.42108641022617,0
flashbots-c50,68,10000,17.891072309578902,-17.890280461036774,17.890280461036774,0.0007918485421285482,138510.48507766993,3039.138381685791,0.9785295198432057,11308,577,54841.91443092132,0.003305443795683516,0.11062933970699504,100.33054437956835,9933.584873568238,58.40932061697143,0
flashbots-c50,69,10000,36.434668491046935,-36.40508113754403,36.40508113754403,0.029587353502904534,127011.94686072433,1314.6840312123836,0.9897551737930417,5476,503,68297.14257538394,0.0019324897144868203,0.2629601465517746,100.19324897144868,9939.509557071564,134.91793217780622,0
flashbots-c50,70,10000,33.37544997383259,-33.36050597405659,33.36050597405659,0.014943999775994143,151187.2738778642,1039.7169505885977,0.9931699566224739,8035,648,75595.53700183897,0.0015192366894738996,0.24565491725837688,100.15192366894739,9988.639596351544,94.92072900346442,0
flashbots-c50,71,10000,20.45533502969128,-20.450008456264698,20.450008456264698,0.005326573426582826,126778.58824703268,1925.4989094953685,0.9850393336215221,7723,603,61283.541423283954,0.0005847337570756394,0.07692873497901814,100.05847337570756,9985.523446223067,68.45710391780875,0
flashbots-c50,72,10000,9.207317107595465,-9.201769158044584,9.201769158044584,0.00554794955088056,83481.26649478922,2090.5627786092523,0.9755694976213493,6627,317,32480.72902936514,-0.004179706543119721,0.0562637599448341,99.58202934568803,10036.704487706924,96.37060832147118,0
flashbots-c50,73,10000,6.621222060685704,-6.618601327229378,6.618601327229378,0.0026207334563261853,58489.04347826219,954.0743339548744,0.9839497931960967,4390,241,23883.991862846236,0.0027719181078308,0.0572268989620062,100.27719181078308,9982.59093628711,100.67828776070691,0
flashbots-c50,74,10000,41.657967575852155,-41.65842274977831,41.65842274977831,-0.0004551739261557941,219470.73235040694,2157.69984955574,0.9902643364475503,9199,959,118012.83977609292,-0.0000055192636700951425,0.0884072631759581,99.99944807363299,9998.011462001132,95.90659946873016,0
flashbots-c50,75,10000,15.424262644582605,-15.41591769681692,15.41591769681692,0.008344947765685617,147159.75019469528,2156.023249663152,0.9855606464077515,11144,518,57646.97763246191,0.0006777104511884602,0.05239689446726132,100.06777104511885,9954.587118818166,91.22287163918266,0
flashbots-c50,76,10000,11.449788075962012,-11.444003557863454,11.444003557863454,0.005784518098558067,82226.4552319335,1074.1900425013016,0.9871046612068566,4421,332,39627.64324022706,-0.002142479096107621,0.04903192914370763,99.78575209038924,10043.66123866795,125.84233488930936,0
flashbots-c50,77,10000,17.638150058532954,-17.628975673388993,17.628975673388993,0.009174385143960961,94056.32037923517,1136.5302301816207,0.9880607606253448,4287,414,48831.98342375303,0.005082760733218521,0.11150041668021714,100.50827607332185,9948.373727499371,95.62363522688833,0
flashbots-c50,78,10000,20.26074260300485,-20.24679117570679,20.24679117570679,0.013951427298060537,131775.3609995064,3557.5434027522174,0.9737126501609844,9280,500,55501.25141799904,-0.0037679565568817,0.12359839849045046,99.62320434431183,10047.666321901916,84.69556416044391,0
flashbots-c50,79,10000,16.101164021959143,-16.100266533020374,16.100266533020374,0.0008974889387687313,142554.26777527924,227.00260569979866,0.9984101373724013,11372,527,57338.06494908411,0.0002775116959622892,0.08186349898751359,100.02775116959623,9997.170613358616,102.00281131785363,0
flashbots-c50,80,10000,10.81765278556741,-10.822363957857675,10.822363957857675,-0.004711172290265964,90201.4725759529,1599.6155528116542,0.9825752005186698,5079,323,40653.78175721729,0.0016191662044298027,0.04097936773703822,100.16191662044298,9956.229638063087,113.19352804042104,0
flashbots-c50,81,10000,9.942603015965922,-9.94479808692352,9.94479808692352,-0.0021950709575975225,80850.48931837053,2215.9615157094204,0.9733230264028534,5470,346,34597.49849191376,0.0018157209914450333,0.050494691984500545,100.1815720991445,9981.523645826986,74.05978472305385,0
flashbots-c50,82,10000,24.030674929360014,-24.025681468596787,24.025681468596787,0.004993460763227375,164429.6851127191,2013.460317026389,0.9879030144988683,7151,571,80759.04576782597,-0.007340352007262965,0.08144816067997297,99.2659647992737,10158.066605663316,143.70313277411483,0
flashbots-c50,83,10000,18.27154590440407,-18.269962754694404,18.269962754694404,0.0015831497096669978,111101.95109488326,2375.43494231799,0.979066887022413,5569,450,53811.76286966118,-0.001950223874750776,0.08056413727330237,99.80497761252492,10033.153447012304,91.19295798900148,0
flashbots-c50,84,10000,29.81424387305517,-29.82257996515429,29.82257996515429,-0.008336092099121117,218569.07045940097,3141.9684435398162,0.9858285430482544,9731,809,105782.96531136066,-0.0030956920920804975,0.07197406213013507,99.69043079079195,10028.315857809914,140.58364303972618,0
flashbots-c50,85,10000,21.35346449151852,-21.347735946477613,21.347735946477613,0.005728545040906141,138384.80853742853,1839.2069754971455,0.9868837946997201,7348,580,67996.36405188426,0.00563856227533634,0.0640589516623578,100.56385622753363,9923.483560474213,98.12149974691745,0
flashbots-c50,86,10000,24.399962416827503,-24.400223851863544,24.400223851863544,-0.0002614350360410356,155610.66675337986,142.25855679439383,0.9990866395831018,8681,620,73128.57048193207,0.000032979783344160294,0.11573561295395521,100.00329797833442,10001.659017734279,99.3576510960261,0
flashbots-c50,87,10000,79.01346118396923,-78.97705094550966,78.97705094550966,0.03641023845956681,295224.1243350709,2648.73453733836,0.9911078352443217,10749,1381,168560.14870301555,-0.0039046170201288534,0.1270504125860387,99.60953829798711,9992.28116802026,60.98923060627165,0
flashbots-c50,88,10000,43.78795608449363,-43.71912554376237,43.71912554376237,0.0688305407312626,187333.94298003888,1633.2169694936038,0.9913571386164147,7259,846,105564.7120763176,0.008808805783942546,0.11386323316985197,100.88088057839425,9915.32936630552,144.27266168576583,0
flashbots-c50,89,10000,9.144811238755175,-9.144225812868626,9.144225812868626,0.0005854258865483075,81135.06291684962,2369.040315183871,0.971629653831489,5901,360,34388.024055535156,-0.00011886011208659398,0.03879855266735575,99.98811398879134,9998.393623620597,82.74322143651109,0
flashbots-c50,90,10000,79.31461263555033,-79.32106726466426,79.32106726466426,-0.006454629113932242,316169.62158842495,1763.3352185901904,0.9944537513936922,11274,1319,175752.07801930237,0.0005941279992529758,0.14567183708918705,100.0594127999253,9994.184288605331,89.13127481907044,0
flashbots-c50,91,10000,10.43024337487218,-10.428926043905008,10.428926043905008,0.0013173309671721256,69960.40733105269,1100.2970665641235,0.9845160968232533,4714,331,31826.51439359639,-0.003198554504236313,0.07047702354357596,99.68014454957637,10039.247340000815,90.47500892590769,0
flashbots-c50,92,10000,17.114550703110652,-17.11609695429233,17.11609695429233,-0.0015462511816792812,125019.86548760752,2051.312816963829,0.9838569780784819,9110,533,54110.496711779204,0.007218878357057292,0.06888549846517293,100.72188783570573,9963.066159927546,46.34894965051198,0
flashbots-c50,93,10000,59.8302625944578,-59.82620613524229,59.82620613524229,0.00405645921551212,279069.1660264379,4097.020976894224,0.9855313905228168,10734,1135,150673.17598190837,0.00012160474852862535,0.1802188655654814,100.01216047485286,9994.950876916419,108.74972911151411,0
flashbots-c50,94,10000,21.661485288120446,-21.658333434179184,21.658333434179184,0.0031518539412616065,155768.8761985134,1732.6810918211638,0.9889989589840869,8734,640,73444.11512023007,-0.002236993558945528,0.07035495909013434,99.77630064410545,10020.137527592577,86.87945885007937,0
flashbots-c50,95,10000,60.68283464608266,-60.65485292144142,60.65485292144142,0.02798172464124349,247951.5784800415,2294.625473439476,0.9908305283469313,9271,1130,141379.73181194707,-0.0110028101662013,0.12151937284924784,98.89971898337987,10112.745605499162,82.82845130071455,0
flashbots-c50,96,10000,15.719644400694307,-15.7023969653767,15.7023969653767,0.017247435317607085,124060.27403124444,1769.4891934524055,0.9859374352450097,7055,516,56598.55580318535,0.007361566419111653,0.06225157731927666,100.73615664191117,9941.986080029526,101.89845176990846,0
flashbots-c50,97,10000,16.614768947454913,-16.612072370435683,16.612072370435683,0.002696577019229096,95889.21153381228,1296.000837411821,0.9866646292600421,4614,422,47396.91450016188,-0.0037807505827818486,0.07474815276367522,99.62192494172182,10032.991496678804,76.02099851722808,0
flashbots-c50,98,10000,28.449518583178847,-28.453572368848086,28.453572368848086,-0.004053785669238863,188040.65755214763,2629.355797173938,0.9862099144433542,9153,746,91762.09923321381,0.00004237030664626218,0.06933741654233032,100.00423703066463,10012.357051906381,115.97815055388776,0
flashbots-c50,99,10000,44.53451299883304,-44.51121753270997,44.51121753270997,0.023295466123066433,128824.73605308477,1525.905779822438,0.9882938376185485,4980,725,79996.30723943183,-0.000006069761792701911,0.13510739116538303,99.99939302382073,9992.274272718756,56.70140573344945,0
flashbots-c50,100,10000,59.594266807168935,-59.61198698704291,59.61198698704291,-0.017720179873975894,271401.1036163501,2576.194519704381,0.9905970511526649,10994,1202,147601.98692443987,0.0009228584664585072,0.09745544146648427,100.09228584664585,10029.881134497002,104.02738870828291,0
flashbots-c50,101,10000,44.02385974341883,-44.01868445325876,44.01868445325876,0.005175290160075008,214310.81647111874,1204.8615188425608,0.994409401997665,8665,978,119142.0198623496,0.0048452496157094065,0.0963768648515699,100.48452496157094,9964.55043946378,90.23761949204535,0
flashbots-c50,102,10000,55.35517018470759,-55.340550910484794,55.340550910484794,0.014619274222795298,218341.98990739498,2582.4234919055502,0.9883108278882784,9330,1075,120894.15702233631,-0.0000404592992136088,0.10303558810257911,99.99595407007864,9989.526932144143,62.261355572996756,0
flashbots-c50,103,10000,20.871865641235182,-20.871757611078756,20.871757611078756,0.00010803015642579794,136406.92360790467,2328.8815122322867,0.9832135510352528,9271,659,60051.08569259703,-0.0005200375979890737,0.0653836291951474,99.94799624020109,9966.865301349228,48.18442667012048,0
flashbots-c50,104,10000,12.32924749612327,-12.32899864665049,12.32899864665049,0.0002488494727792556,91135.74952374432,1296.426229154446,0.9859742971687672,5510,418,43820.834928068296,0.00043949358053794183,0.04669104700065404,100.0439493580538,9995.455055807857,95.58534366048933,0
flashbots-c50,105,10000,40.910488755007,-40.91151179302878,40.91151179302878,-0.0010230380217777224,243971.07139577594,2276.6187191374815,0.9907547611184695,9536,974,124870.64151873112,-0.002371517601808648,0.08501491123207813,99.76284823981914,10016.730239198261,126.3446173667896,0
flashbots-c50,106,10000,28.407207748480378,-28.421226447270215,28.421226447270215,-0.014018698789836748,198807.9161108341,2754.5349257524963,0.9863340869711269,10538,770,93849.21256363372,-0.000992136457413011,0.12589383243089527,99.9007863542587,10065.098888077058,123.2856935857355,0
flashbots-c50,107,10000,25.2241189732976,-25.215811863945092,25.215811863945092,0.00830710935250778,107476.13745434213,994.0037428532574,0.9908361533240176,4297,445,57048.56198132172,0.00344951658221774,0.13343002715508617,100.34495165822177,9963.946050407803,112.59229413037767,0
flashbots-c50,108,10000,20.007257125243783,-20.003483090790183,20.003483090790183,0.003774034453599029,142370.40938261946,2427.6498288747675,0.9832342377923111,8599,560,63804.22094974165,0.001768290547198177,0.11121457136703312,100.17682905471982,9980.506638816876,98.97826851090687,0
flashbots-c50,109,10000,25.457798353384753,-25.46197568085173,25.46197568085173,-0.0041773274669765215,167585.84288699974,2985.0525457105455,0.9824996372438688,10455,725,75690.04172769799,0.00391153224684416,0.08997675303019861,100.39115322468442,9980.594093039545,78.35886006302351,0
flashbots-c50,110,10000,15.951357881738515,-15.960623479278702,15.960623479278702,-0.009265597540187187,96259.91690852067,1320.425807253409,0.9864683216874994,5484,430,47418.299023855645,0.0010702054843321207,0.08262593468334814,100.10702054843321,9981.08744696398,97.06464735191683,0
flashbots-c50,111,10000,74.59284022900977,-74.5949536134237,74.5949536134237,-0.002113384413931385,321124.3429792888,1599.664180331976,0.9950432439333812,11743,1311,176301.71170513853,-0.0010549355688407047,0.14392421570242447,99.89450644311593,10017.985782077427,85.90060301799143,0
flashbots-c50,112,10000,13.277906868857102,-13.283136790711481,13.283136790711481,-0.005229921854379427,161326.09691918857,3164.6613204618898,0.9807608563889576,11426,478,59541.35188365329,0.0034716120835612684,0.04240918024195011,100.34716120835613,9939.671956165419,231.81134331243595,0
flashbots-c50,113,10000,66.2140463386081,-66.19852562478896,66.19852562478896,0.015520713819142884,312763.1677127583,2139.205347751701,0.9932067665068354,11391,1355,174231.98016176987,0.0025119684682023548,0.08862811603071406,100.25119684682024,9993.659153841541,116.02591753715777,0
flashbots-c50,114,10000,38.46333884990116,-38.463051954503314,38.463051954503314,0.00028689539784920726,185060.08260099485,709.1765027343631,0.9961824873170303,7741,742,96104.52204351484,-0.0029018222319150766,0.1530069737832423,99.70981777680849,10021.555521957021,94.79567510274329,0
flashbots-c50,115,10000,14.438194025417344,-14.439475452441854,14.439475452441854,-0.0012814270245105064,131607.88864743896,1640.8526455507715,0.9876857925288552,7609,481,57867.465005749276,0.0007672743191091059,0.03928286479737522,100.07672743191091,9994.073600160955,151.57175636232085,0
flashbots-c50,116,10000,83.79811444055039,-83.75801419649324,83.75801419649324,0.0401002440571574,311589.42348325276,2480.545954958232,0.9921019320650258,11135,1434,180898.96907746297,0.000006252207392236641,0.14342919375447566,100.00062522073922,10016.533866576015,88.85658903404455,0
flashbots-c50,117,10000,18.348132078828762,-18.35949982647233,18.35949982647233,-0.011367747643568293,213543.03528334462,2612.4436827710106,0.9879140529064242,10195,587,87817.19055902325,-0.000001225210989161951,0.06349470219395101,99.99987747890108,9943.929408072096,223.81651361137108,0
flashbots-c50,118,10000,52.117213678344086,-52.11201271196295,52.11201271196295,0.005200966381138983,227540.61575882594,295.52217102983127,0.9987029179228767,8187,986,130657.91773340471,0.004692794386808998,0.09566635870932487,100.4692794386809,9956.443571257696,97.05795474736756,0
flashbots-c50,119,10000,15.260353414110053,-15.256518670583247,15.256518670583247,0.003834743526805795,177912.53004227878,3039.4905347305234,0.9832027820134952,11520,506,67158.96420075146,-0.0008172208665095581,0.055897690637338966,99.91827791334904,10039.133464003302,228.41773225218557,0
flashbots-c50,120,10000,7.732949782106442,-7.68706651068068,7.68706651068068,0.04588327142576265,69386.86192946507,979.3974998238166,0.9860814329514274,4558,267,28872.608547312695,-0.014856387833226705,0.06751797102746665,98.51436121667733,10151.460858748816,108.22252911637716,0
flashbots-c50,121,10000,17.376924211569754,-17.386092816819627,17.386092816819627,-0.009168605249872286,164456.33134397786,2263.2838241228874,0.9864246098346565,11099,622,66300.42324024926,-0.0004941516629124009,0.045562245535463716,99.95058483370876,9965.852575195935,81.2835534671967,0
flashbots-c50,122,10000,15.893076974584625,-15.892649069045689,15.892649069045689,0.0004279055389364572,141617.15379879618,2493.1961085685543,0.9826993959131236,6686,477,67605.6754521979,0.0001501046199847167,0.061423592607370806,100.01501046199847,9943.961932772985,162.68022996178323,0
flashbots-c50,123,10000,17.65458891785638,-17.660534658952585,17.660534658952585,-0.005945741096205381,168400.84820316473,2675.012483709092,0.9843635889191564,8559,524,74008.9387690591,0.0009985989506476757,0.05396472782980126,100.09985989506477,10011.765852721153,201.07660064900926,0
flashbots-c50,124,10000,78.49721895315622,-78.36384021391972,78.36384021391972,0.13337873923650534,233671.6905451163,2870.764103293832,0.9878636411904964,9706,1208,132975.46238331997,-0.0016282357541885517,0.26154023115165415,99.83717642458114,9961.304054179873,103.73932183511346,0
flashbots-c50,125,10000,6.746056171576275,-6.746691076910679,6.746691076910679,-0.0006349053344036903,65624.9271542774,994.5373345272142,0.9850713700243817,4311,226,25627.549596273388,-0.000465921786302772,0.06115013229064217,99.95340782136972,10047.389805214674,133.76052009310555,0
flashbots-c50,126,10000,19.059846265794377,-19.058934424040203,19.058934424040203,0.0009118417541742474,158628.99934395967,1706.1469902882222,0.9893588709069973,10545,631,67985.18231796483,0.0016869862292844572,0.05610881999242324,100.16869862292845,9985.16751091698,92.61125780319949,0
flashbots-c50,127,10000,40.30180558332755,-40.34481970893964,40.34481970893964,-0.04301412561208906,152179.41630671022,2138.667034191014,0.9861411767960692,7366,786,82248.88945676317,0.00674214328292237,0.21520893366282906,100.67421432829224,9935.411855005277,73.49070188611262,0
flashbots-c50,128,10000,36.760743432151145,-36.7722740993063,36.7722740993063,-0.011530667155156493,212123.5181273867,2441.9060058069776,0.9886192940187272,10227,849,104164.52980536174,-0.003328193082395785,0.11919144687777689,99.66718069176042,10077.43352322233,102.4981197144621,0
flashbots-c50,129,10000,49.30064231456121,-49.17198919966864,49.17198919966864,0.1286531148925718,230891.9694125649,2689.80017780133,0.9884845457652005,10228,983,119655.6761838357,-0.020114932646117155,0.10862067345058576,97.98850673538828,10190.167804969571,118.09338011502805,0
flashbots-c50,130,10000,77.58699923008665,-77.59422347044159,77.59422347044159,-0.007224240354943845,256410.9020573671,3054.3239210966835,0.9882283881796545,9040,1201,149980.23793996108,0.009351048842811878,0.17171078255550185,100.93510488428119,9959.656573436152,65.91285074284076,0
flashbots-c50,131,10000,11.07125316871599,-11.066146872146788,11.066146872146788,0.005106296569200808,104147.97576620182,1487.574217649336,0.9859178636559686,8007,385,40926.21098693167,-0.004433516113942062,0.07185747147467111,99.5566483886058,10025.875783534602,67.88717777144794,0
flashbots-c50,132,10000,36.104655654141624,-36.110684714140824,36.110684714140824,-0.006029059999200115,127838.2914618747,2198.856837044671,0.983090548617768,5640,666,71638.98693559229,0.001010710152807377,0.16489830986135132,100.10107101528074,9991.799201507696,38.91995134673968,0
flashbots-c50,133,10000,87.34381525114557,-87.25171729840363,87.25171729840363,0.09209795274193766,253071.6700177343,2305.1614432117585,0.9909734903122397,10855,1000,131786.75485523752,-0.000021564874411694746,0.37569473387010666,99.99784351255883,9977.431641322855,102.33135517634553,0
flashbots-c50,134,10000,19.91119483307985,-19.9066703012833,19.9066703012833,0.004524531796551656,127605.91521668146,2073.8757642241867,0.9840077181761533,6936,489,57881.76009067977,0.0039024389985286233,0.08916902983235672,100.39024389985286,9954.154170543141,99.52369914270692,0
flashbots-c50,135,10000,22.575831284755427,-22.56983101366349,22.56983101366349,0.006000271091938458,156147.71378460113,3370.395803334133,0.9788713907653463,10969,630,65097.57148504738,-0.00012253943247401367,0.09661150593731875,99.9877460567526,9983.486479942465,71.09016119825175,0
flashbots-c50,136,10000,15.375851756690302,-15.371054029387281,15.371054029387281,0.004797727303021304,126982.62245565615,1899.517587883617,0.9852615918137152,8652,502,54572.72885723307,0.00021879142175151856,0.09624603657391574,100.02187914217515,10005.344479626981,90.45156927075406,0
flashbots-c50,137,10000,22.409489340257917,-22.407798558327713,22.407798558327713,0.0016907819302041105,164193.13657648346,2413.508818198754,0.9855137301847637,8093,701,81606.5110853991,-0.000003671773430369285,0.07478087579194892,99.99963282265696,10004.977014510938,104.0445110828318,0
flashbots-c50,138,10000,20.487990935083886,-20.481969125875565,20.481969125875565,0.0060218092083204056,147133.27873455035,2540.5524355789034,0.9830260746603651,8347,601,67919.15098335741,0.006656373093850903,0.06323772611050231,100.66563730938509,9931.363081588408,95.4695741911343,0
flashbots-c50,139,10000,29.838389566915026,-29.836665930490966,29.836665930490966,0.0017236364240602597,183370.13280497785,1972.659737071501,0.9893566957203154,8179,687,90506.61417204495,-0.003182551710153092,0.099298685817068,99.68174482898469,10104.00347238755,120.10161621218924,0
flashbots-c50,140,10000,32.13898969638218,-32.11948787334398,32.11948787334398,0.01950182303820469,131329.80117312417,1772.592530348765,0.9866824894652325,7040,683,68562.00241954686,0.0077912852113333035,0.15211044555655448,100.77912852113333,9928.923986498035,72.86601294850834,0
flashbots-c50,141,10000,12.147493495147703,-12.14655366269885,12.14655366269885,0.0009398324488536502,111579.96205841111,2027.8419794849979,0.9821505045656145,8419,423,44841.88848880894,-0.00036021834416644083,0.04824526900251811,99.96397816558336,10006.50262141299,87.3522119895297,0
flashbots-c50,142,10000,54.97633350571939,-54.96908118686967,54.96908118686967,0.0072523188497157776,237789.273059192,1711.5090231904887,0.9928538478734413,8975,996,131325.87244622322,0.00040749982058997604,0.15003716643117074,100.040749982059,10003.41473456013,113.27656322645666,0
flashbots-c50,143,10000,13.165238907313064,-13.159236843572614,13.159236843572614,0.00600206374044987,135239.7677831963,3358.542464100935,0.9757677964608055,9949,471,51783.971336621944,0.000011845541123705061,0.05187637625810311,100.00118455411237,9983.764456627427,143.38365960936963,0
flashbots-c50,144,10000,59.01039572754995,-58.94462936415831,58.94462936415831,0.06576636339163855,157744.57756743787,1951.1449029676123,0.9877821091712135,7611,776,85380.3179172375,-0.003240951225972566,0.462345008058079,99.67590487740274,10043.45530503678,55.61645980707202,0
flashbots-c50,145,10000,26.233839957525714,-26.227270576100167,26.227270576100167,0.006569381425546084,153325.6853657274,2386.3590613336287,0.9846745377333257,8366,600,74200.18732470275,0.0006178121732133945,0.11686811187128938,100.06178121732134,9979.12017576781,115.22724517525236,0
flashbots-c50,146,10000,48.70976256846623,-48.700546109780014,48.700546109780014,0.009216458686218232,230364.65354292796,3217.370571597704,0.9862259496046655,9347,983,123909.7426447797,0.006997564576833782,0.109152998776744,100.69975645768338,9938.922471614434,108.39662639911074,0
flashbots-c50,147,10000,31.66639673731172,-31.66156782657886,31.66156782657886,0.004828910732861402,168075.50774565406,1636.4628644728232,0.9903574105079941,6385,707,91233.814207814,0.003398605158630659,0.0782731143686425,100.33986051586307,9974.04696280321,94.86693306153195,0
flashbots-c50,148,10000,27.254094535533383,-27.23773897407824,27.23773897407824,0.01635556145514272,205245.52837603964,1304.389818146497,0.9936848688706805,8135,624,101951.5957302904,0.0002838442915012251,0.08074076347145905,100.02838442915012,10055.329967646872,253.78965492734454,0
flashbots-c50,149,10000,15.726106805505603,-15.726960225163381,15.726960225163381,-0.0008534196577780762,143599.82800523945,2481.0303483019984,0.9830160475762164,9018,537,60373.233902200205,-0.00033877015498475773,0.053041248199611604,99.96612298450152,10000.1933868038,137.6635502152757,0
flashbots-c50,150,10000,20.265650412249432,-20.265302198963553,20.265302198963553,0.0003482132858785292,96621.73542995001,1297.8446332312978,0.9867458108746597,5446,523,50854.82409667131,0.0021239337931122293,0.09329381932982031,100.21239337931122,9985.863953001635,74.1146224176046,0
flashbots-c50,151,10000,35.43793611147387,-35.44419782212867,35.44419782212867,-0.006261710654804631,157027.10755565396,1065.2886672081938,0.9932616071825082,6702,707,85175.01801164162,-0.00016612082945613338,0.21235798009040963,99.98338791705439,9995.066306030443,87.19231511011469,0
flashbots-c50,152,10000,44.546343812658385,-44.630730663817445,44.630730663817445,-0.08438685115905997,153048.05691443876,2390.328299684527,0.9846220205106239,8680,655,74618.02701331554,0.0017375236314825316,0.30938828305124216,100.17375236314825,9990.932425133025,90.90929103459119,0
flashbots-c50,153,10000,7.583003498544734,-7.583062437791568,7.583062437791568,-0.00005893924683419982,85921.23935381908,861.6764347813023,0.9900708978610455,7180,346,33980.03798869151,0.00016402536453824723,0.039222326096761864,100.01640253645382,9998.59692796847,102.91618631381526,0
flashbots-c50,154,10000,11.144335755323198,-11.146284835777472,11.146284835777472,-0.0019490804542741103,83807.41962775195,1562.6943328167022,0.9816950656345793,6352,392,37937.85018137002,0.0006672360442708226,0.058700306899094695,100.06672360442708,9994.099145718561,102.51644130375507,0
flashbots-c50,155,10000,37.898922774635544,-37.9005747911984,37.9005747911984,-0.0016520165628577388,165370.32144127862,1538.2892300059316,0.9907836436729109,6693,789,92664.6585085378,0.0003979544380925404,0.07996911037321126,100.03979544380925,9980.194961543364,80.22522366676966,0
flashbots-c50,156,10000,38.64076611355166,-38.65876755432997,38.65876755432997,-0.018001440778306232,180348.13293609346,2164.6437486329864,0.988139768689333,7105,764,98978.18579078281,-0.002060207104837133,0.09294907341523526,99.79397928951629,10075.515198230076,118.8185059000919,0
flashbots-c50,157,10000,48.28524314632584,-48.28730696161189,48.28730696161189,-0.0020638152860499304,231002.45270097256,2838.041381062203,0.9878633450882696,9811,941,120167.4446042729,-0.004349215280075924,0.167934986300411,99.56507847199241,10035.798346758385,109.00829646753655,0
flashbots-c50,158,10000,46.932322574911694,-46.92215732471532,46.92215732471532,0.01016525019637271,177973.07104277334,2077.3783963833084,0.9884622426500229,7236,833,100107.33327544831,-0.002091369677909114,0.2037575074339429,99.79086303220909,10075.112284204512,174.38100864889887,0
flashbots-c50,159,10000,26.57242907546368,-26.55476061840421,26.55476061840421,0.01766845705947162,204782.16078426017,4150.027191714563,0.98013696581691,11396,825,93677.37782518692,-0.006029916106504487,0.07744009111021839,99.39700838934955,10019.333881405504,89.59126963684643,0
flashbots-c50,160,10000,13.282266996225024,-13.280164481110923,13.280164481110923,0.002102515114101422,89577.56351223627,1222.0573437714681,0.9865411624822814,5386,424,43921.23279483217,0.00000673361884750534,0.04440959845289427,100.00067336188475,9996.187864642992,79.25054805216993,0
flashbots-c50,161,10000,9.708739598982993,-9.708219399250666,9.708219399250666,0.0005201997323265317,91462.85919051936,610.0024670872507,0.9933747854025035,7159,369,37014.73043011635,0.0017694150098407136,0.0709968569144779,100.17694150098407,9984.179973251043,91.58311333071114,0
flashbots-c50,162,10000,38.59556844060295,-38.59082150121557,38.59082150121557,0.004746939387381133,159280.3439248587,1789.1907169516112,0.9888918117201341,6043,669,85851.13514443948,-0.0004017513084150437,0.21713299066134795,99.9598248691585,10010.090234988727,94.62081937808479,0
flashbots-c50,163,10000,52.62706443914446,-52.62386846786669,52.62386846786669,0.0031959712777691607,217276.12026722074,2360.686270434775,0.9892518639856018,11395,1113,111785.47570735497,-0.009746371765623252,0.0977561158542082,99.02536282343767,9993.67874986836,44.00890757798017,0
flashbots-c50,164,10000,12.762374602969764,-12.760364966117514,12.760364966117514,0.002009636852250196,91941.78982279453,2154.482814567405,0.9771034202080396,4726,445,45237.73736725999,-0.000002050902143651001,0.04795889241548878,99.99979490978563,9999.124501630757,86.19144714022153,0
flashbots-c50,165,10000,71.64183778523085,-71.65340727055585,71.65340727055585,-0.011569485324997686,297536.10615577083,4566.645277746986,0.9848838011038374,10874,1270,166513.34764511426,-0.0021415886081550184,0.18944125039730778,99.7858411391845,10015.928156185613,96.73209893265582,0
flashbots-c50,166,10000,95.80050481784282,-95.83160912477584,95.83160912477584,-0.0311043069330168,297140.4277081286,4500.946866565473,0.9850784831062658,11745,1388,167342.9951674298,0.003709112226712392,0.25710760986446957,100.37091122267124,9996.23340994562,84.24358471801214,0
flashbots-c50,167,10000,7.589210345913181,-7.583811051329242,7.583811051329242,0.005399294583939174,66318.74838791846,1050.164462744487,0.9844117350524507,4956,284,27876.559559900063,0.005684178305124306,0.04217072628044633,100.56841783051243,9948.77767562909,83.73482049058491,0
flashbots-c50,168,10000,15.09906545268727,-15.092355916980779,15.092355916980779,0.006709535706491465,107883.85189852816,1494.3397647496452,0.9863378636817293,5461,441,51758.7297648388,-0.006110986149113984,0.041025809788408765,99.3889013850886,10058.217036080056,101.40934073146617,0
flashbots-c50,169,10000,23.562613913366985,-23.561251135105252,23.561251135105252,0.0013627782617327,181829.1919638914,2002.8422570906205,0.9891050421893117,9805,716,84701.567198399,0.005051396934051127,0.08196522526832808,100.50513969340511,9953.578038862937,121.41388861505814,0
flashbots-c50,170,10000,37.73840919367414,-37.70701158996413,37.70701158996413,0.03139760371000477,178765.4220002381,2151.2332333156355,0.9881092582076619,7082,770,96575.19066086037,-0.0000018855307577325675,0.14221811543469912,99.99981144692423,10006.75310812799,88.99655015191802,0
flashbots-c50,171,10000,46.15798625590943,-46.12831792910002,46.12831792910002,0.02966832680940712,200243.2990256937,2104.1421751543394,0.9896013403348857,8364,923,109249.93186947,-0.005696805451022158,0.20881083021268027,99.43031945489778,10052.990872883662,88.88289485925085,0
flashbots-c50,172,10000,10.688845702602208,-10.688573467032853,10.688573467032853,0.0002722355693549616,94403.68103349007,1180.3358412950126,0.9876513262375104,6869,370,38307.62238063064,0.0010956667599360515,0.09542036438532435,100.1095666759936,9991.808265303982,100.12704678278762,0
flashbots-c50,173,10000,44.73118724166329,-44.72814017962099,44.72814017962099,0.003047062042298876,181638.7876606483,37.62744833094525,0.9997928875450983,8386,744,92345.39816207641,0.003418274692407124,0.26059176942501777,100.34182746924071,9963.920377010561,99.82540720581034,0
flashbots-c50,174,10000,35.696480423176226,-35.69515359400138,35.69515359400138,0.0013268291748431693,216001.96947560407,475.8825043385503,0.9978017034999838,10179,880,106244.77016020626,-0.00266150730059465,0.08587055663592992,99.73384926994054,10026.131097484636,101.54059972097969,0
flashbots-c50,175,10000,30.797545229217462,-30.78254511726243,30.78254511726243,0.01500011195503248,133835.2565704469,1770.3131136522686,0.986945129777661,5751,635,74270.51547148575,-0.007786457425431337,0.1338689963669981,99.22135425745687,10041.487885953618,71.18943770981471,0
flashbots-c50,176,10000,36.238925758090495,-36.24412280091909,36.24412280091909,-0.005197042828591236,203695.89513786577,3063.75795770753,0.9851820318333997,10752,809,97735.58897188235,0.0022029121344301927,0.15722615752177233,100.22029121344302,9992.201185097883,113.5668795006855,0
flashbots-c50,177,10000,37.931228766984134,-37.92840699767453,37.92840699767453,0.0028217693096053154,193951.58231282354,66.81878439777331,0.9996556059424266,10995,752,89832.54612866143,-0.0015767926936273114,0.2113187138653359,99.84232073063727,10015.448260158591,100.99498380035627,0
flashbots-c50,178,10000,6.599043212490781,-6.5918147154159215,6.5918147154159215,0.007228497074859952,60158.070037924794,1051.9666307466277,0.9828138212620113,4003,249,26257.23051737992,0.00676763643336713,0.05068864962213056,100.67676364333671,9936.705303026882,99.99833791850422,0
flashbots-c50,179,10000,22.852421306565468,-22.875107974527303,22.875107974527303,-0.022686667961835383,122579.83614864037,3225.6747144765172,0.9743598297694112,9929,625,54081.9165982216,-0.000719774245416005,0.1493990912067399,99.9280225754584,9991.651428139643,63.44613090760936,0
flashbots-c50,180,10000,85.6053903004895,-85.5419950376068,85.5419950376068,0.06339526288270747,244743.30219692504,2280.8193040863066,0.9907668154420419,11592,1351,135192.82905698477,0.028002041534217596,0.2445622817712291,102.80020415342176,9911.33796685817,32.75481328719678,0
flashbots-c50,181,10000,37.322190965511574,-37.29019521701371,37.29019521701371,0.03199574849786302,112283.18371106402,849.815722004309,0.9924883479951658,4252,557,66753.49595862912,0.0041193144813094305,0.23600282686450724,100.41193144813094,9971.980262747433,71.87378761762875,0
flashbots-c50,182,10000,47.04230697751079,-47.02025455776227,47.02025455776227,0.022052419748519014,159105.31355953918,1800.2277860267525,0.9888118968994329,5956,781,93698.84755854878,0.001436993385634935,0.176525082730533,100.1436993385635,9978.862055279676,93.43126881151193,0
flashbots-c50,183,10000,19.90213250316707,-19.89842391506781,19.89842391506781,0.003708588099261334,163373.9045993049,2430.272224621804,0.985342515060989,10153,620,71212.84112832867,0.0039483126897334846,0.06387536410116951,100.39483126897335,9976.870804632506,94.42813841375441,0
flashbots-c50,184,10000,18.78787518496357,-18.806024268840005,18.806024268840005,-0.01814908387643399,169178.60795741508,2936.8463957389517,0.9829367652848129,9525,596,74462.92339352786,-0.00024127892971804955,0.05480639884692025,99.9758721070282,9956.91682848982,271.3474029751538,0
flashbots-c50,185,10000,18.24747436622775,-18.232104364309656,18.232104364309656,0.015370001918093124,101186.01071175057,1136.386558606549,0.9888940584962647,4483,439,51574.14458791243,-0.006644548828769104,0.08028932956747369,99.33554511712309,10077.680448377252,109.93580381075877,0
flashbots-c50,186,10000,17.856823087015005,-17.852710969955154,17.852710969955154,0.004112117059850817,132248.7709263998,1112.6921092722787,0.9916565694170987,7403,574,64408.62437825911,0.005639159213552744,0.052849505220823406,100.56391592135527,9945.514066284253,103.26098876111455,0
flashbots-c50,187,10000,21.102549307554256,-21.103835414338917,21.103835414338917,-0.001286106784661456,109315.33519493033,1722.561139478455,0.9844867275376807,4581,473,59254.00713443741,0.00010672359830493861,0.084756112251019,100.0106723598305,10008.715831860807,102.17040937157365,0
flashbots-c50,188,10000,12.770466353434692,-12.769616862409094,12.769616862409094,0.0008494910255976151,121089.95773385126,1832.6818736265063,0.9850907702643003,8960,475,49455.71695865994,0.0030227285315105237,0.07368418661181238,100.30227285315105,9950.36625624902,99.984134307965,0
flashbots-c50,189,10000,34.79986703556813,-34.78559204764187,34.78559204764187,0.0142749879262567,178790.1355904335,2288.262233786413,0.9873631407098725,8730,784,88831.68380116962,-0.0018651237385074637,0.12780408568598348,99.81348762614925,10044.275342637586,80.90954839688911,0
flashbots-c50,190,10000,18.330913643610423,-18.318603948446494,18.318603948446494,0.012309695163928325,93292.4116318264,1000.854532367012,0.9893857263293413,5163,436,45283.166296001626,0.007508434575450167,0.13459049709658244,100.75084345754502,9957.400374122057,59.70296125969308,0
flashbots-c50,191,10000,62.91607557770459,-62.87749767567527,62.87749767567527,0.0385779020293171,226277.3369758352,3650.1475265018807,0.9841247881504798,8700,1147,131206.0064436836,0.007493742752954091,0.1399741538516983,100.74937427529541,9932.75797264198,41.520139820593194,0
flashbots-c50,192,10000,27.90113550615031,-27.880109628343433,27.880109628343433,0.021025877806877702,131258.4055811416,1463.7239102172286,0.9889715157839407,5180,553,71041.78509922264,-0.00026943125611268216,0.12233930326507761,99.97305687438873,10012.078109752842,89.90022131856176,0
flashbots-c50,193,10000,18.80277484615798,-18.80494907697404,18.80494907697404,-0.002174230816059719,131956.44379441813,843.9293963698483,0.9936451278253758,6655,533,63413.50829866265,0.0017814532543212636,0.05435037922464474,100.17814532543213,9981.325450963202,114.77862858144684,0
flashbots-c50,194,10000,14.342203121907826,-14.336390741104601,14.336390741104601,0.005812380803224215,106036.36957753234,3007.1699199820405,0.9724223009098986,7708,423,43581.327259015,0.007177248959759908,0.084891699089885,100.71772489597599,9940.724160308046,81.8583582561802,0
flashbots-c50,195,10000,36.22293365214317,-36.22186306197608,36.22186306197608,0.0010705901670888807,215322.93336920108,3441.1371227364843,0.9842700992215113,10629,945,106656.45345752299,0.005859086589789513,0.0863265471243821,100.58590865897895,9986.567464359912,65.52057441264236,0
flashbots-c50,196,10000,42.36126816051528,-42.35906874052593,42.35906874052593,0.002199419989352691,178374.4909659905,1247.5902562065842,0.9930543603118412,6396,757,99202.28297411471,0.0018262539266109456,0.19318306639504512,100.1826253926611,9976.357421664197,111.53046569883209,0
flashbots-c50,197,10000,62.99959585164147,-62.94297434684738,62.94297434684738,0.056621504794094335,290208.1729125388,3693.8841521144063,0.9874315811566375,10374,1165,159065.75770879217,0.0016070528752914015,0.13914953713198144,100.16070528752914,10012.847156316206,109.37046831301399,0
flashbots-c50,198,10000,27.52235171424166,-27.516411020363165,27.516411020363165,0.005940693878493164,170463.5525485338,2966.774030033531,0.9828935683362764,9101,764,81407.96046617806,0.006956938673945672,0.1010777436374913,100.69569386739457,9947.695509286468,92.39607552260667,0
flashbots-c50,199,10000,16.413963546383346,-16.376312760105932,16.376312760105932,0.03765078627741403,92936.4039192395,1448.2380369816394,0.9846559990379221,7320,438,40846.378048884166,-0.008238334389040319,0.09247726997754441,99.17616656109597,10047.330244153061,65.97886838948915,0
flashbots-c50,200,10000,15.065651314920416,-15.057151291212733,15.057151291212733,0.008500023707682658,84152.04991570734,2152.5486036137468,0.9750587032377904,6323,485,38179.19876019835,0.0109881764681397,0.07691131296588935,101.09881764681397,9973.779858672655,31.11320204960449,0
flashbots-c50,201,10000,13.582659255040314,-13.635486564437215,13.635486564437215,-0.05282730939690161,85751.4612779477,1260.368435076164,0.9855149760758621,5620,343,37826.58268669726,-0.0020832786367205357,0.13763487400502897,99.79167213632795,10091.110233347812,172.37792516449392,0
flashbots-c50,202,10000,20.2269293536378,-20.226995734188257,20.226995734188257,-0.00006638055045726787,135954.6936426127,2516.494381384868,0.9818265848853066,9416,597,59796.95607976399,0.0019353067806257228,0.08275682207490533,100.19353067806257,9961.239489371319,72.30082144211484,0
flashbots-c50,203,10000,44.89733123453518,-44.904390749279415,44.904390749279415,-0.007059514744234718,146259.3342898656,1236.7786680231252,0.9916148389051023,6107,802,84095.3942370623,0.00045310590390485573,0.14973667569503987,100.04531059039049,9979.880304207578,57.902198364854954,0
flashbots-c50,204,10000,42.31783625495197,-42.286621613310956,42.286621613310956,0.031214641641014396,261771.13601633362,3038.215999786449,0.9885267798261087,11830,1051,130211.13989250256,-0.0055907742856669525,0.08374478998206143,99.4409225714333,10063.70417964721,131.48932780081054,0
flashbots-c50,205,10000,9.71431944217527,-9.713502535351765,9.713502535351765,0.0008169068235055477,101191.43962871323,1263.609507717452,0.9876666936537719,6668,405,41756.01436494813,0.0021285110225028347,0.04149903783754866,100.21285110225028,9971.803852225896,107.1066617850174,0
flashbots-c50,206,10000,40.87829831867982,-40.87829995840162,40.87829995840162,-0.0000016397218018937565,207940.92560661846,1037.0044271008428,0.9950377323244922,8304,993,114867.90803513279,-0.003180216417650712,0.09039471703057003,99.68197835823493,10021.611825865695,79.35603674676747,0
flashbots-c50,207,10000,22.044401268291306,-22.030763196515977,22.030763196515977,0.013638071775329053,135023.78778826026,2330.6776718663186,0.983031657077484,7186,578,66180.39488527561,-0.0072584818489271185,0.07524474017093837,99.27415181510729,10066.789672087014,90.7594439157596,0
flashbots-c50,208,10000,17.507959284300703,-17.497576286725362,17.497576286725362,0.010382997575341335,105135.45752132712,1151.1071549874748,0.9891697773985539,5471,466,52410.40309656496,-0.005962823811462527,0.07009569526588351,99.40371761885375,10049.879646016263,86.60562109209545,0
flashbots-c50,209,10000,33.18350900569093,-33.183620631117506,33.183620631117506,-0.00011162542657672248,191836.61199249656,542.4749517169996,0.9971801771162667,9359,801,95551.28554715673,-0.000008079135988339203,0.1441226213372245,99.99919208640117,10000.865661735725,98.00199013650169,0
flashbots-c50,210,10000,13.091678827640305,-13.091451310190337,13.091451310190337,0.0002275174499679622,113540.41168380516,616.2510450858481,0.9946017075976601,6710,455,49916.256279138,-0.0005137843071180725,0.048035865101330726,99.94862156928819,10003.826994663601,102.27583272581126,0
flashbots-c50,211,10000,12.501040399740024,-12.51300443259079,12.51300443259079,-0.011964032850766415,88973.7900530024,1265.5895828875937,0.9859751963278763,5037,349,41094.430154683694,-0.00005256235348184646,0.07508336302717666,99.99474376465182,10004.576568301612,129.21013403521889,0
flashbots-c50,212,10000,32.851919738640234,-32.8755798603147,32.8755798603147,-0.023660121674467405,292900.1641096886,2057.7832605363797,0.9930234690101315,10854,865,141066.42025936334,0.0006480251250374636,0.04708226084907423,100.06480251250375,9969.906740538596,284.2480316052466,0
flashbots-c50,213,10000,18.581410632831894,-18.582631530854997,18.582631530854997,-0.0012208980231029898,178968.29739919602,3302.5100542123437,0.9818813001360268,11429,638,73708.26417485872,-0.0015654502280325743,0.04973576515177342,99.84345497719674,9990.465522621349,69.24468368883747,0
flashbots-c50,214,10000,43.133055042280276,-43.11606908408832,43.11606908408832,0.016985958191952477,231650.07953966048,2660.2526795877266,0.9886464559441687,9238,937,119940.03507891786,-0.00030690967563685946,0.10112120610973477,99.96930903243631,9998.326667790318,109.72608520405835,0
flashbots-c50,215,10000,10.199153929499982,-10.197849725742458,10.197849725742458,0.0013042037575239362,75830.59900875103,1212.5008665279636,0.9842620446413655,4033,331,36229.42741010573,0.002620338045703221,0.04825921896799017,100.26203380457032,9960.652314281551,96.90540235547302,0
flashbots-c50,216,10000,7.401228410174449,-7.400120713983327,7.400120713983327,0.001107696191121832,66598.05345688445,1461.2812906662348,0.9785293039362419,5099,255,27303.649573826915,-0.0018050705579339876,0.04790702695367372,99.8194929442066,10027.547505971423,114.76331468946934,0
flashbots-c50,217,10000,27.884213927810176,-27.86047778690211,27.86047778690211,0.02373614090806697,201360.07844232547,3430.6925449982264,0.983247816644967,8101,674,99452.54550490693,0.0006913807453372556,0.08158010826523593,100.06913807453373,9935.774186722198,328.77473811409266,0
flashbots-c50,218,10000,21.25775468980037,-21.25692496505482,21.25692496505482,0.0008297247455502088,178758.14801221556,2543.3572200028734,0.9859716706888603,10302,686,78633.25843231515,0.0030820234954951784,0.04435451494818267,100.30820234954952,9959.699814206955,112.78941581322782,0
flashbots-c50,219,10000,15.583027122333252,-15.576145529763707,15.576145529763707,0.006881592569545347,121359.24697563612,2584.1455411817115,0.9791505986022524,8890,465,49268.95189683935,0.00032591088665228084,0.07672573994418315,100.03259108866523,10004.66976237884,110.29641023208549,0
flashbots-c50,220,10000,27.713538656542383,-27.71029399055017,27.71029399055017,0.0032446659922129584,186268.04253799428,2328.0087195579035,0.9876561110159263,9235,757,89599.70199880026,-0.0037186864491906137,0.06214030192958532,99.62813135508094,10026.473322860182,98.7563300744678,0
flashbots-c50,221,10000,5.704583904341764,-5.6946755193520175,5.6946755193520175,0.00990838498974611,57045.261549213574,1171.2445512564495,0.9798812290583856,4592,204,21480.624035232842,-0.005024340879646303,0.04748586960376542,99.49756591203537,10038.56318375674,111.41168931313693,0
flashbots-c50,222,10000,7.67088533899602,-7.66950738028676,7.66950738028676,0.001377958709260163,82996.31751911153,1390.0463148954238,0.9835275955528818,6254,279,31052.234162953362,0.001060171297712884,0.04436359490719823,100.10601712977129,9973.569598615446,128.64247561923003,0
flashbots-c50,223,10000,21.66758729140794,-21.656877217171825,21.656877217171825,0.010710074236115474,133526.37173746628,1132.3763338265553,0.9915907703729205,5734,564,68932.67442705519,-0.001858949698285528,0.05117649326801228,99.81410503017145,9985.904415682367,117.63821917798023,0
flashbots-c50,224,10000,57.604405475214776,-57.59912768552266,57.59912768552266,0.005277789692115675,246659.70436688417,2908.419600535174,0.9883461895922458,9914,1102,135683.3133090102,0.007915705287268935,0.10033433384125388,100.7915705287269,9952.769916645406,87.56235304753778,0
flashbots-c50,225,10000,8.36407380383389,-8.366435162417716,8.366435162417716,-0.002361358583826245,70029.47108305983,1690.5262036916267,0.9764288027377839,4672,288,31638.1717826452,-0.0004788490653673705,0.05551093387282435,99.95211509346326,10005.234942130986,138.8464263594924,0
flashbots-c50,226,10000,9.278655765045977,-9.282734230180196,9.282734230180196,-0.004078465134218945,110572.08405150677,2153.458509593391,0.9808964458217075,8654,347,41238.7025624513,-0.00035677979439938665,0.034883536784810334,99.96432202056006,10044.838373708506,174.5364242223458,0
flashbots-c50,227,10000,11.04237851810879,-11.042758440089983,11.042758440089983,-0.0003799219811924104,79464.83189414245,1504.3886642079613,0.9814202402612506,5083,388,37465.53356364923,-0.00007629475872334978,0.04544686041947102,99.99237052412767,9986.949137198617,60.317391349748426,0
flashbots-c50,228,10000,33.103325776772,-33.084848888473424,33.084848888473424,0.018476888298579297,194169.39901515364,2079.5471958213634,0.9894035242686818,9882,870,94678.27638669297,0.00371092758764604,0.10240647714326173,100.3710927587646,9916.603680630149,73.84290400801531,0
flashbots-c50,229,10000,40.01238810166067,-40.000595633591274,40.000595633591274,0.011792468069394602,252615.83580882655,2571.211295660465,0.9899242092228621,11672,998,122543.81493076276,-0.0015256520496951965,0.13395803361391928,99.84743479503048,9989.324024973937,117.3265333682859,0
flashbots-c50,230,10000,31.141390591814112,-31.114139070508692,31.114139070508692,0.027251521305419857,193375.76151171845,2424.3566448854917,0.9876182064254606,8510,729,96469.33645810983,0.00883564955278871,0.07440425793974186,100.88356495527887,9919.125512270053,105.4279823870154,0
flashbots-c50,231,10000,22.047293278622192,-22.04661197301138,22.04661197301138,0.0006813056108114779,134241.21871514546,899.9604296801486,0.9933405906669225,5847,596,69370.96823343218,0.0015498418504763833,0.06198899491574167,100.15498418504764,9987.170413195272,102.69018879406573,0
flashbots-c50,232,10000,21.182599106463766,-21.176245592096308,21.176245592096308,0.006353514367457791,113553.9381547718,758.1100258602858,0.9933680654145717,4276,529,64207.77448512637,-0.005996941770200408,0.05496995131671923,99.40030582297996,10061.413595168875,95.87193177792206,0
flashbots-c50,233,10000,31.4686352894685,-31.456527510673766,31.456527510673766,0.01210777879473568,178127.63623127757,2244.486181253445,0.9875563576497699,7909,752,92027.90335511892,0.005822688461725107,0.1113885395326892,100.58226884617251,9958.16358358806,79.76077115787699,0
flashbots-c50,234,10000,10.303911180350408,-10.305424109261438,10.305424109261438,-0.0015129289110298316,106284.88926853621,2859.5241172426545,0.9738005452726612,6888,390,42454.395896936956,0.0009426762220064688,0.05314256853274926,100.09426762220065,9986.039112941244,132.19781396251048,0
flashbots-c50,235,10000,66.26846679433653,-66.29724710763082,66.29724710763082,-0.028780313294291204,220233.39474268752,2263.232434037742,0.9898280146411383,9176,1164,127675.5682653732,-0.00745624378231966,0.18906716545348914,99.25437562176803,10035.027095068936,70.6910179816114,0
flashbots-c50,236,10000,16.413738024431545,-16.403558583365808,16.403558583365808,0.010179441065737649,84879.17863198549,1575.4689435820123,0.9817769317467294,5161,397,41837.412832076756,0.006376857918234009,0.09180988295057829,100.6376857918234,9972.268235780566,67.21480809917236,0
flashbots-c50,237,10000,26.713887790758562,-26.7188878324461,26.7188878324461,-0.00500004168753776,136459.06500057824,2047.6049976695404,0.985216560345466,5670,592,72108.06572838461,-0.0009823450495966312,0.10860946076441408,99.90176549504034,9996.279316106975,92.4113136470382,0
flashbots-c50,238,10000,23.12596022041584,-23.122845783343728,23.122845783343728,0.003114437072113674,144220.69264704047,2963.4602569079384,0.9798656295637895,9993,664,63517.55280672692,-0.01042524761372377,0.10219989662773699,98.95747523862762,10017.104183233792,42.80061201675412,0
flashbots-c50,239,10000,39.34418763878246,-39.306597256541004,39.306597256541004,0.03759038224145428,158407.09459848513,2972.011050719669,0.9815836688475642,7894,648,79241.23973591039,-0.005840991639362017,0.1686207256116697,99.4159008360638,10034.68542625315,74.2257792015887,0
flashbots-c50,240,10000,86.30068711274835,-86.30251643712474,86.30251643712474,-0.0018293243763878309,303310.50441508176,1627.1456173398162,0.9946640055199257,11819,1221,161286.1037442598,0.005268361015242391,0.348051254104743,100.52683610152424,9950.715998309048,94.64523357043299,0
flashbots-c50,241,10000,13.174827528605144,-13.178245038673708,13.178245038673708,-0.003417510068564056,94441.00254615591,1544.1195958918713,0.9839129277388767,5006,354,44669.3748022996,0.0018391329433288207,0.09516729730249736,100.18391329433288,9974.76210528533,152.4143206434038,0
flashbots-c50,242,10000,16.83379143168304,-16.83278135961271,16.83278135961271,0.0010100720703292154,135720.29615851853,67.75435426901086,0.9995010285955712,7983,556,60692.798278110466,0.0016393763483412726,0.060362454436165794,100.16393763483413,9984.309043806179,98.9583810440994,0
flashbots-c50,243,10000,8.854346335046326,-8.86057328256156,8.86057328256156,-0.006226947515234116,143153.58605172083,2058.984013221564,0.985820896825249,9129,327,45770.700590116816,0.0017317946603834856,0.058883638056374255,100.17317946603835,9977.275240493864,207.80799920429928,0
flashbots-c50,244,10000,11.310705830421139,-11.304529491439013,11.304529491439013,0.006176338982125884,100060.62233475101,1382.390921552856,0.9863727340387639,6813,337,40252.951961475286,-0.00147166751015547,0.07479465595220745,99.85283324898445,9995.121458208483,165.48230014142715,0
flashbots-c50,245,10000,23.509645326808943,-23.522364651558213,23.522364651558213,-0.012719324749269845,134310.7023940865,1327.7954507829982,0.9902107773834122,6366,605,68306.49665289655,-0.00029290454260234356,0.1263685121435489,99.97070954573977,9994.831770816903,65.46384509427882,0
flashbots-c50,246,10000,6.5926975165029775,-6.582504293503916,6.582504293503916,0.010193222999061113,55974.33543266537,1621.177257041215,0.9718523686771356,4051,210,23277.224276078865,-0.004360914877484134,0.051475320322500406,99.56390851225159,10036.611704322122,100.37268906431748,0
flashbots-c50,247,10000,26.037294152036086,-25.969207705324976,25.969207705324976,0.06808644671110997,152570.5925536655,1046.723062297475,0.9931861648662431,9052,571,65309.97629067038,-0.017305828877212263,0.20292766477399296,98.26941711227877,10203.847497882934,116.00465957405977,0
flashbots-c50,248,10000,34.21678448863961,-34.21711019496104,34.21711019496104,-0.0003257063214263667,201354.48605614866,2227.0554549360154,0.9890606219090116,7645,664,103845.06178305636,-0.0025840144970136693,0.1536661501870293,99.74159855029863,10037.390837312714,182.14330186882077,0
flashbots-c50,249,10000,38.69681293089314,-38.76896511048781,38.76896511048781,-0.07215217959467424,144445.306386297,1245.1131480234549,0.9914537060706992,5841,710,81758.20039650155,0.0000011071530471440384,0.1948790038402345,100.00011071530471,9939.047041992288,73.0803811305613,0
flashbots-c50,250,10000,30.621919826216402,-30.60688179792453,30.60688179792453,0.015038028291872507,179390.7329094571,1419.6919268797126,0.9921481743756491,7022,703,92995.36363136109,-0.000398476346397274,0.08656385845578654,99.96015236536027,10015.706045678065,90.4898072281145,0
flashbots-c50,251,10000,31.19091766954413,-31.20746650709603,31.20746650709603,-0.016548837551898288,159454.43560296457,1231.2076713322388,0.9923377867104748,6377,685,86779.94633272242,-0.003564928212834673,0.09088836898232756,99.64350717871653,10065.656565724437,105.52670585095511,0
flashbots-c50,252,10000,18.043777055752575,-18.040340132687035,18.040340132687035,0.0034369230655393324,172029.87060163147,2480.7228901216386,0.9857846859581114,11458,532,67867.0010254904,-0.002894566401147927,0.10587849637453914,99.71054335988521,10036.742206190675,146.94629569126272,0
flashbots-c50,253,10000,11.053574840585549,-11.049329298705139,11.049329298705139,0.004245541880409931,108583.21478302986,2247.237904132764,0.9797236422874138,8364,403,42714.306986382566,-0.00017705098850655078,0.0423168359902806,99.98229490114934,10012.751410453913,89.36704191664047,0
flashbots-c50,254,10000,29.689147967938634,-29.67020344979901,29.67020344979901,0.018944518139623057,124405.5830577726,1810.4624960487663,0.9856558451969821,5433,578,69371.95112136316,-0.0003249692509371016,0.07854931230611015,99.96750307490629,9988.062166825697,78.18074559021296,0
flashbots-c50,255,10000,23.873122838867804,-23.8704331582764,23.8704331582764,0.0026896805914056188,176187.09694642818,2678.436832688647,0.9850254167133381,9962,655,75967.92189224513,0.0010879500280077537,0.1109123958735178,100.10879500280078,9996.882174784125,101.52218870979752,0
flashbots-c50,256,10000,53.08412725365256,-53.10140322720838,53.10140322720838,-0.01727597355581878,235612.42521421597,2538.793206753512,0.9893395749827079,10639,929,120892.55344681507,-0.0038328399228150546,0.21036996688748744,99.6167160077185,10041.430131438783,101.36543166143167,0
flashbots-c50,257,10000,21.886188225986064,-21.880600643477152,21.880600643477152,0.0055875825089124476,172447.87474193273,1186.9030979623565,0.9931643699912654,11165,670,75328.61999520462,0.004032383407522104,0.07895407848903162,100.40323834075221,9961.232914673517,103.93354410602677,0
flashbots-c50,258,10000,56.67676356875297,-56.705538468155005,56.705538468155005,-0.02877489940203759,215482.37872967927,2578.587918870326,0.9881749220940296,7687,925,121719.39526008943,-0.0005263815384492432,0.12602390482654444,99.94736184615508,9959.111935239918,78.2283451972868,0
flashbots-c50,259,10000,12.261782997228764,-12.25269548909776,12.25269548909776,0.00908750813100312,123947.56448771412,2164.1910525637686,0.9828391013724921,7702,380,49712.937425527365,0.006473754022641743,0.06877188878599455,100.64737540226417,9918.736668596717,108.29608654382311,0
flashbots-c50,260,10000,17.84076786380857,-17.842716995730115,17.842716995730115,-0.001949131921545444,154395.61452292197,2118.3585091098153,0.9864653713143153,9593,581,66266.4560202771,0.0008633767986898988,0.05751529327219828,100.08633767986899,9964.444469970564,109.49047363123745,0
flashbots-c50,261,10000,34.510912716423135,-34.52308095009473,34.52308095009473,-0.012168233671594919,124999.56401557602,2316.771809340719,0.9818030279120921,5182,622,69772.23006669417,0.00020558246220247155,0.1479865081292975,100.02055824622025,9998.593317339917,50.65810344203464,0
flashbots-c50,262,10000,24.40668708518872,-24.407075393160085,24.407075393160085,-0.0003883079713631332,158801.06538081577,2846.486036272822,0.9823907877891188,9976,644,71403.91681374733,-0.0004944887725737601,0.10160707868171884,99.95055112274262,10009.853868999982,106.52284600287264,0
flashbots-c50,263,10000,17.930212514508952,-17.942414924587723,17.942414924587723,-0.012202410078771209,110109.51905654784,1166.4175391823994,0.9895177917628316,4380,435,56895.01241605096,-0.0010221088053000925,0.07508384407735803,99.89778911946999,10020.627566912104,139.7420681636363,0
flashbots-c50,264,10000,8.286893611878657,-8.276484699423037,8.276484699423037,0.010408912455620367,120112.7385130133,1627.177730856453,0.9866339834865921,8670,319,39249.977791535006,0.001342030038142923,0.04533044482119493,100.13420300381429,9992.722881297734,277.5065921963876,0
flashbots-c50,265,10000,20.454885085250066,-20.457129853349812,20.457129853349812,-0.002244768099746608,146496.4697184608,2191.4627424794753,0.9852613274916902,9471,630,66956.69371666764,-0.0019602758322984928,0.061923046093634755,99.80397241677015,10010.54927808829,87.13095896679536,0
flashbots-c50,266,10000,23.090186250744768,-23.088297756731905,23.088297756731905,0.0018884940128636174,120996.37799971686,875.871145467696,0.9928132027462274,4892,517,65422.02960854454,0.001011655436568617,0.06653362283824237,100.10116554365686,9996.646450151158,104.78263269803747,0
flashbots-c50,267,10000,59.00780012445077,-59.004910910624105,59.004910910624105,0.00288921382666274,271820.6057711073,63.18919098656722,0.9997675875055541,10608,1080,142104.17001758463,-0.00435998996038947,0.12535778887211052,99.56400100396105,10044.878588356312,101.65458535084109,0
flashbots-c50,268,10000,15.248236293097785,-15.249849698090955,15.249849698090955,-0.0016134049931704197,132084.98714972092,1564.8423263531085,0.9882914753240801,6717,458,60146.35935568832,0.005143973283079504,0.07903179983527324,100.51439732830795,9945.239776504563,119.34976369164225,0
flashbots-c50,269,10000,8.510647372513201,-8.511935713987334,8.511935713987334,-0.0012883414741331478,78887.99813988604,2460.1938632573456,0.9697572398024251,5253,314,31613.88745950582,0.003173661652903661,0.042753043819893005,100.31736616529037,9949.188350811637,82.89332654495395,0
flashbots-c50,270,10000,45.59744425430311,-45.62139205200148,45.62139205200148,-0.0239477976983693,183836.99533694147,2044.350630500159,0.98900185158516,8147,880,99253.36117120058,0.005367217590461735,0.17085723742528772,100.53672175904617,9960.371841027762,61.016651922615246,0
flashbots-c50,271,10000,61.23663572055599,-61.25415590866749,61.25415590866749,-0.017520188111504353,295609.88590784895,4027.5748046610333,0.9865585070869182,10582,1151,160558.66690538795,0.00001959561303877422,0.07780271304104915,100.00195956130388,9999.695177973059,72.2700787258984,0
flashbots-c50,272,10000,9.38676129529852,-9.387115363024108,9.387115363024108,-0.00035406772558843613,57487.118088160394,1124.5915057353286,0.9808128526956933,4262,317,26026.7078198559,0.01178028003855232,0.08744572564116097,101.17802800385523,9965.215871344844,30.13487132994103,0
flashbots-c50,273,10000,119.34278439906304,-119.23089580566167,119.23089580566167,0.11188859340136048,152704.1743057027,2511.213118405682,0.9838211071719063,5677,1169,101029.91022312423,-0.007758765231641291,0.7943890749909983,99.22412347683587,10004.261338710536,18.907137590054095,0
flashbots-c50,274,10000,23.69280844017779,-23.69375991443718,23.69375991443718,-0.0009514742593914605,105399.27140750212,586.5280107004287,0.9944659754993583,6350,414,49614.14945158937,-0.0020539857208609646,0.19677354789548446,99.7946014279139,10020.5382852811,86.94610444573428,0
flashbots-c50,275,10000,15.804367069800847,-15.824575452660191,15.824575452660191,-0.020208382859344454,126561.05217042784,2835.7724387742223,0.9780846829329956,9089,505,52099.64298539492,-0.0014175749955406048,0.11069652691687537,99.85824250044594,10022.104023490392,66.29636097997468,0
flashbots-c50,276,10000,47.27280344727878,-47.304557954633005,47.304557954633005,-0.03175450735422203,248485.83454633254,2873.310258710696,0.988568905018597,10381,1029,128500.23014628794,-0.0018739975124989882,0.13567143995519956,99.8126002487501,10072.63230198805,138.11822407017874,0
flashbots-c50,277,10000,20.480200391829584,-20.48033683495558,20.48033683495558,-0.000136443125995811,186033.3143111612,2736.9588488076124,0.9855011130566715,10976,628,78837.32744623374,-0.003703010791449799,0.05289497978279357,99.62969892085502,10045.477266427766,142.15299267750655,0
flashbots-c50,278,10000,33.77053380348923,-33.76629100964284,33.76629100964284,0.0042427938463873716,241227.44586933337,2944.672245510039,0.9879401781487391,11398,914,115774.16066224726,-0.005600195923821189,0.07980724449985559,99.43998040761788,10100.49541057506,149.28264857405574,0
flashbots-c50,279,10000,69.64257822014044,-69.65825219267279,69.65825219267279,-0.015673972532354696,259561.46050394527,3379.5699043694235,0.9871470424409557,10854,1211,143063.303807137,0.00477635472283751,0.15068909916809786,100.47763547228375,9983.527743394738,61.750290027930994,0
flashbots-c50,280,10000,13.08717308463332,-13.089213060686049,13.089213060686049,-0.0020399760527283206,120612.39381951654,2024.7282115397184,0.9834900870306873,6729,423,52496.2899881642,-0.0024561382531393863,0.04622534370533288,99.75438617468606,10022.832879811238,169.94488864631452,0
flashbots-c50,281,10000,16.791551408731795,-16.7922831564114,16.7922831564114,-0.0007317476796053768,121744.88861535411,1498.6318456037432,0.9878400759731747,6293,512,60590.88997971421,-0.0006493415214129072,0.05320851058665852,99.93506584785871,10016.212017143835,116.82539784415584,0
flashbots-c50,282,10000,18.955152082533274,-18.94994002463732,18.94994002463732,0.005212057895953137,117632.10136527526,2139.59216288292,0.9821360782347132,7421,512,53918.961125811926,-0.00384604677320155,0.08685360861778008,99.61539532267984,10023.229189186504,71.85428895294675,0
flashbots-c50,283,10000,18.557584001278556,-18.554682279655033,18.554682279655033,0.0029017216235232013,94169.71042166355,1758.4648191309552,0.9816689433034983,5367,459,46315.750387256914,-0.006570105652877061,0.08431094632841293,99.3429894347123,10036.289483045523,59.544311072851286,0
flashbots-c50,284,10000,87.50991723308692,-87.4972434411167,87.4972434411167,0.012673791970229331,302840.34160295123,1817.5864327265049,0.9940340090788194,10845,1232,168709.82197691413,-0.00047848047089900093,0.24594552754561902,99.9521519529101,9996.932182331131,104.0632719251634,0
flashbots-c50,285,10000,15.524507544483406,-15.512947748550559,15.512947748550559,0.01155979593284684,150237.28965835302,2068.7158921716596,0.9864173714969802,10862,520,58289.03063341323,-0.007058949084498636,0.06716322335249984,99.29410509155014,10069.412268310214,100.77628519878832,0
flashbots-c50,286,10000,23.417114863851232,-23.40804364896936,23.40804364896936,0.009071214881871015,135821.4425830541,2287.2152593774963,0.9834390160971155,9565,655,63085.420578760706,-0.004566494189476913,0.09127331219244723,99.54335058105231,10060.533036082907,77.88995752428121,0
flashbots-c50,287,10000,24.821221659518507,-24.834217362832888,24.834217362832888,-0.012995703314381046,176111.82468627606,2982.1297315296047,0.9833487973325296,9765,688,81874.70570766774,-0.0003668126049630871,0.09525607330900002,99.96331873950369,10002.682405256955,115.90317231086996,0
flashbots-c50,288,10000,64.90267150133118,-64.91770268125863,64.91770268125863,-0.015031179927447624,260901.84575214417,2585.446472018269,0.9901875857078577,9232,1173,149243.01120271362,-0.00945271061412214,0.1149218735238378,99.05472893858779,10066.083714138469,95.42736206669963,0
flashbots-c50,289,10000,14.099663072281393,-14.096021574491083,14.096021574491083,0.0036414977903103107,93846.13102538265,2507.5118423335366,0.9739759518404915,6691,425,40111.05721416043,-0.0011841815368077845,0.08537585889324845,99.88158184631922,10025.156873474923,57.840803254481386,0
flashbots-c50,290,10000,41.62906970847711,-41.628141973704906,41.628141973704906,0.000927734772204758,191542.8903530248,2537.3310073432835,0.9869263802897671,8527,878,103130.56822829251,0.001291440451966679,0.20716029451419643,100.12914404519667,9964.072581048014,86.58954499298352,0
flashbots-c50,291,10000,34.18659492550902,-34.16067988599464,34.16067988599464,0.025915039514380567,228355.48082333198,2742.839657857231,0.9881312869252095,11142,790,105324.59518348904,0.001683207270976652,0.10463771410311835,100.16832072709767,9983.944143036719,153.01921293116803,0
flashbots-c50,292,10000,27.458023240750133,-27.434383245458662,27.434383245458662,0.02363999529147165,274669.8705670635,3103.9156878316116,0.9888257429555166,11079,761,123860.30758018911,-0.004488183647288508,0.08326107498864019,99.55118163527115,10249.814845090816,493.09013499152775,0
flashbots-c50,293,10000,10.25952588359568,-10.258728992357277,10.258728992357277,0.0007968912384033189,69772.80388129855,1640.4451918173588,0.9770288397025908,4397,300,34196.76360380501,0.0029389182795887337,0.05750634799060563,100.29389182795887,9962.25452700998,103.97254062375309,0
flashbots-c50,294,10000,30.993174431599208,-31.01874853922982,31.01874853922982,-0.025574107630610854,182177.0621714437,3233.6986519675575,0.982559271977491,10946,764,86535.2963207735,0.0008282326450795097,0.13380525446541683,100.08282326450795,9956.14938165265,61.9183229772161,0
flashbots-c50,295,10000,17.560426340211322,-17.562875153701157,17.562875153701157,-0.0024488134898348335,110844.97600910805,1629.404050046795,0.9855131093037381,4741,508,59992.76146684571,0.0000035908319793520604,0.0619761985203931,100.00035908319794,9992.47354654195,105.5472614564718,0
flashbots-c50,296,10000,22.31030398855877,-22.30964878752937,22.30964878752937,0.0006552010293994215,159912.34456637906,85.8689753720801,0.9994633129116177,10033,606,68809.88570289669,0.0014731323809489538,0.09820154498575477,100.1473132380949,9985.635381715718,100.7854773452055,0
flashbots-c50,297,10000,12.933510308970886,-12.933128835209509,12.933128835209509,0.00038147376137764866,95545.67460223503,2094.86358516071,0.9785451450386298,6721,429,41479.76722006509,0.0036741234851471916,0.07932004477454171,100.36741234851472,9939.60936567077,65.1742623323321,0
flashbots-c50,298,10000,24.97163998050432,-24.964930597765587,24.964930597765587,0.006709382738733893,147490.28029149174,1442.8215432721843,0.9903122843377495,6628,540,72766.37551866121,-0.0005226103465420806,0.09197850811040013,99.94773896534579,10000.189326657477,126.87282753788942,0
flashbots-c50,299,10000,47.814943437754444,-47.819062025154544,47.819062025154544,-0.004118587400100182,248093.01201403455,3304.3159620215706,0.9868562009444417,11728,1126,127824.98296888072,-0.0013546256516748657,0.09832444705479033,99.86453743483251,10043.442864042525,75.61270530574372,0
flashbots-c50,300,10000,20.422014016258398,-20.420651843425063,20.420651843425063,0.0013621728333355065,175993.55013508842,1079.3260478746913,0.9939046223727711,10825,717,77546.93179431563,-0.0008779698544634585,0.055216484302745956,99.91220301455365,10012.595478733923,102.79312941173237,0
flashbots-c50,301,10000,38.61616633209292,-38.62328227381442,38.62328227381442,-0.007115941721501429,155138.3859376514,2351.6156888849873,0.9850681588380354,6782,778,87129.88152144902,-0.00548775993352038,0.12248048863635802,99.45122400664796,10024.757701406086,63.168482125548095,0
flashbots-c50,302,10000,37.457295028638924,-37.452520915952405,37.452520915952405,0.004774112686519061,184237.82523086263,1678.5821411615088,0.9909713071326587,7733,754,97070.34579348733,-0.00003911419138788119,0.08253381111248728,99.99608858086121,9996.287892219734,101.9797741604915,0
flashbots-c50,303,10000,36.646721478027914,-36.64729137826106,36.64729137826106,-0.0005699002331454039,215349.48025788026,1731.6884152450261,0.9920228528995412,9476,848,108575.87110672152,-0.0027320926307285733,0.1021709954143489,99.72679073692714,10027.12309534887,99.98327419905475,0
flashbots-c50,304,10000,10.921757959980216,-10.916300454632989,10.916300454632989,0.0054575053472269985,109017.81675915241,2596.834192910408,0.9767339307988723,8656,425,43992.58135009786,-0.006326584832964102,0.0442106901375719,99.36734151670359,10064.389206305075,80.1618422792759,0
flashbots-c50,305,10000,6.930469194056236,-6.928541956926281,6.928541956926281,0.0019272371299550173,68464.71440452,988.083986635371,0.9857733020191566,4126,268,30079.052985825132,0.004466546055445661,0.04884728761704423,100.44665460554457,9962.298253180203,120.98806606627531,0
flashbots-c50,306,10000,46.77270588223514,-46.77325070092624,46.77325070092624,-0.0005448186911038988,215300.52319434786,2941.4911569245955,0.986521884130935,8753,957,119041.15043362408,-0.0005441667966982777,0.10983126397425622,99.94558332033017,10002.112466615317,88.33883802758481,0
flashbots-c50,307,10000,36.25055966144226,-36.26231692535789,36.26231692535789,-0.011757263915626481,118705.96850951092,801.4117949918724,0.9932940393057743,4577,643,71047.27354401452,0.000025444319646368286,0.12542089901758005,100.00254443196464,9957.984910781683,35.262454488288526,0
flashbots-c50,308,10000,27.60298371941866,-27.61202871676376,27.61202871676376,-0.009044997345100114,145488.4771152585,3155.1599426242938,0.9787736629359004,7484,631,72558.88199315761,0.003718373826593222,0.1475658964292816,100.37183738265932,9945.661572953855,71.39019780118406,0
flashbots-c50,309,10000,13.647839616605278,-13.639588901029313,13.639588901029313,0.008250715575965017,82672.8153962685,1631.8078131318698,0.9806439107250535,5243,357,38225.19876687246,-0.0017953838675775558,0.09163060442829049,99.82046161324224,10009.467505616854,74.06469152766799,0
flashbots-c50,310,10000,33.29708981660406,-33.300439334375426,33.300439334375426,-0.0033495177713689372,204319.5302543325,3397.8606998132723,0.9836419055515513,10570,796,95157.07366141056,0.0006704928509316233,0.09772801815386074,100.06704928509316,10009.051387250454,83.06030370845933,0
flashbots-c50,311,10000,30.231858373621417,-30.232936891028444,30.232936891028444,-0.0010785174070271353,231603.35040938342,2938.0548964513227,0.9874731930909163,11164,879,113122.94129686865,0.002332588181040052,0.06065301068503203,100.233258818104,9989.787345644903,120.39333735672653,0
flashbots-c50,312,10000,16.147917988506993,-16.138300005577875,16.138300005577875,0.009617982929118085,146924.7049439635,1555.5724803936048,0.98952337302046,9655,559,62889.88132065954,-0.0017472256535120323,0.07952740035323515,99.8252774346488,10013.488049436282,128.03620268275165,0
flashbots-c50,313,10000,38.29485003761067,-38.30035799068487,38.30035799068487,-0.0055079530742006,192340.62294003408,2181.1818479282206,0.9887869544994927,7533,838,105146.88617061748,-0.002690058844045353,0.09078030837494822,99.73099411559546,10027.00882663997,109.12406973599073,0
flashbots-c50,314,10000,31.075437961532117,-31.062181447186532,31.062181447186532,0.013256514345584947,147223.79475437783,1889.9118065688153,0.987325700298407,7848,713,75206.88629204353,0.00007294997756829958,0.15183140632101896,100.00729499775683,9972.505324054924,45.73847996385439,0
flashbots-c50,315,10000,38.29504198336334,-38.2328147539413,38.2328147539413,0.062227229422042285,247273.1039609329,3544.709734303915,0.9858673924228882,11431,862,115601.02865337831,0.0027428805294836423,0.16735397626005266,100.27428805294836,10018.036400896815,216.21833919433251,0
flashbots-c50,316,10000,57.79504156241522,-57.72899247193715,57.72899247193715,0.06604909047807439,136173.83779240816,2320.6064983622114,0.983244046284701,5659,824,80524.44385692452,-0.00937950611272896,0.2063227338271686,99.0620493887271,9997.593686143155,30.169280603748007,0
flashbots-c50,317,10000,13.663176121160113,-13.663654908750104,13.663654908750104,-0.000478787589990759,144091.99835720126,2164.714501554316,0.9851992126771997,10470,522,56778.91126478748,-0.0000070384518730293165,0.05563282926168611,99.9992961548127,10004.417675450937,94.60567878562699,0
flashbots-c50,318,10000,44.067121619709894,-44.06374391229272,44.06374391229272,0.0033777074171723598,194839.8978022617,1716.160952570346,0.9912688473535637,9657,909,100129.33884580171,0.003814929436321819,0.13376871746038674,100.38149294363218,10021.070282457076,73.23341597513519,0
flashbots-c50,319,10000,24.89039984276089,-24.88989479296572,24.88989479296572,0.0005050497951692989,142100.99647411556,1753.2172186680057,0.9878125417833629,7576,593,69343.20699387313,0.00019917762391600036,0.07101923218757576,100.0199177623916,10022.132273014038,80.54127455886922,0
flashbots-c50,320,10000,14.289510655557471,-14.287432961825502,14.287432961825502,0.002077693731969532,96845.43962373548,1203.2462337413046,0.987728073831705,4188,385,47707.04361969723,-0.0027308843023510576,0.06295694615522265,99.7269115697649,10045.933306158444,119.30523616592417,0
flashbots-c50,321,10000,22.670690731165443,-22.664532170192658,22.664532170192658,0.006158560972785665,158110.9660719207,2493.7271258562723,0.9844728875837684,10071,655,69525.26769339967,-0.0015870396947372,0.07161853537300984,99.84129603052628,10013.167100247889,79.383797537046,0
flashbots-c50,322,10000,9.539714745555656,-9.534230569106562,9.534230569106562,0.005484176449094491,74775.58610275509,1744.3636815309865,0.9772038051978805,4714,332,33355.646786861194,0.002971338343262175,0.044152098873571785,100.29713383432622,9968.159407536352,89.50265190011257,0
flashbots-c50,323,10000,30.294122929075755,-30.28150564589319,30.28150564589319,0.012617283182564165,156957.07747250397,2359.35075765434,0.9851907880193882,8128,757,79189.3317522891,0.0022302201883729823,0.11976779231225151,100.2230220188373,9977.427618317328,64.41284481911472,0
flashbots-c50,324,10000,8.659649990398943,-8.654730684042306,8.654730684042306,0.004919306356637065,70834.3458274997,1727.4526839719229,0.976193359048304,4588,285,30629.35729554997,-0.000981443865165943,0.05962399935992508,99.9018556134834,10012.934915450558,110.53762081098655,0
flashbots-c50,325,10000,27.755439482439897,-27.75506894870044,27.75506894870044,0.00037053373945639123,150986.9021734743,1414.4402516698833,0.9907189777388962,6914,675,77410.32852342993,-0.0014252731590619306,0.09315292120716294,99.8574726840938,10026.406752133877,88.53201256206908,0
flashbots-c50,326,10000,7.203666630410801,-7.206712587462974,7.206712587462974,-0.0030459570521728097,73207.52752150485,1984.3388301943437,0.973609661171158,4495,256,30038.529521791963,0.0026042900805060753,0.05112506627706295,100.26042900805061,9963.843766630042,107.76756774471322,0
flashbots-c50,327,10000,33.12601261518996,-33.12426987310603,33.12426987310603,0.0017427420839268848,144119.92173125176,1232.0107972285318,0.9915239462193796,5332,654,83489.12099944914,-0.0020500667457406508,0.11038970652748517,99.79499332542593,10024.146601148497,90.85897714735844,0
flashbots-c50,328,10000,30.742544282003557,-30.615444687818574,30.615444687818574,0.1270995941849833,118945.90638260901,2033.569930625745,0.9831907858043581,5355,628,66863.714444935,-0.041495594400063424,0.11617712808729977,95.85044055999366,10190.247410762886,40.753389784457795,0
flashbots-c50,329,10000,43.336096776289445,-43.33520469697605,43.33520469697605,0.0008920793133952998,208061.0129558257,4117.886699149404,0.9805923835694995,10048,834,101564.8041580717,0.0002731030260471812,0.17779354373577277,100.02731030260472,9984.987299548271,93.56275568572572,0
flashbots-c50,330,10000,46.998155517665516,-46.96733334474274,46.96733334474274,0.030822172922775337,134622.42655170916,2168.4858238791403,0.9841474423540278,5989,849,80047.52415227742,0.007086698248457708,0.1775609264893852,100.70866982484577,9966.789520078952,45.87125524823195,0
flashbots-c50,331,10000,33.27619536084731,-33.25698607307805,33.25698607307805,0.019209287769257344,243523.22460791,2596.5591956420308,0.9894500183792029,11574,862,109281.00287857965,0.0033352311359014664,0.08909693565311556,100.33352311359015,9957.042304548242,111.84763406821621,0
flashbots-c50,332,10000,18.25740485162592,-18.259635232747655,18.259635232747655,-0.0022303811217341263,137375.42329657183,2460.697317320046,0.9824029921130722,9235,515,57215.36445233683,0.00007001492563844636,0.09023717862318222,100.00700149256384,9998.208421370458,96.18037729242826,0
flashbots-c50,333,10000,27.002522607452313,-26.991542579800125,26.991542579800125,0.010980027652188085,178179.21260501444,2128.0307302800147,0.9881977523979845,8894,675,84378.1982087638,0.0063385342420284015,0.07903237344499586,100.63385342420284,9948.18918339292,106.66347682725883,0
flashbots-c50,334,10000,16.810658053227016,-16.793529463624836,16.793529463624836,0.01712858960218,92278.33506883837,1140.58095841904,0.9877906851532483,6165,450,41878.387071438665,0.004198456203758951,0.17103690881037978,100.4198456203759,9966.524741943631,43.53506572387395,0
flashbots-c50,335,10000,48.65235444902992,-48.63082415764768,48.63082415764768,0.021530291382241273,170526.69303325034,1996.045388598471,0.9884302474742908,6227,824,99599.32551673261,-0.001212232298717737,0.09575018882243072,99.87877677012823,9995.088529942805,71.3855580917928,0
flashbots-c50,336,10000,22.614416013097102,-22.611402411265388,22.611402411265388,0.0030136018317143964,165657.0178898609,2812.79426125812,0.983303867765134,11371,640,69017.22224075142,0.0010609024962292325,0.11511670011425011,100.10609024962292,9987.48297091319,74.95867785187997,0
flashbots-c50,337,10000,24.836360697822922,-24.836850985732923,24.836850985732923,-0.0004902879100008306,151887.65432822227,1898.6364398064495,0.9876540592121416,8139,639,72863.48280654108,-0.0030455551717932395,0.08944466918298445,99.69544448282068,10025.012184485833,91.34596491098851,0
flashbots-c50,338,10000,43.98032406082059,-43.96838849308483,43.96838849308483,0.011935567735761765,179216.9620798306,1942.5472213774096,0.9892771446065931,6720,833,102107.81278917883,-0.005123200928567684,0.09971329544676437,99.48767990714323,10072.659334263371,87.77483026771564,0
flashbots-c50,339,10000,16.857253642336474,-16.85569920213301,16.85569920213301,0.001554440203463514,118766.13474310804,2466.1292026865044,0.9796578144924427,7610,457,50816.996113841444,-0.004048244450403331,0.10368638852695881,99.59517555495967,10035.596338685036,90.66365827772091,0
flashbots-c50,340,10000,36.33664861961417,-36.30819806721824,36.30819806721824,0.028450552395923978,203156.91479899242,1550.8877252380958,0.9924238953957091,9099,786,101016.81295310563,0.00816747381672542,0.11238175051146172,100.81674738167254,9893.060786841086,113.06145681175519,0
flashbots-c50,341,10000,8.528637018846277,-8.531823174612931,8.531823174612931,-0.003186155766654153,65722.71975699802,1140.4489023371104,0.982943540887994,4786,343,29393.844736598112,0.002471307501865141,0.043169979810495106,100.24713075018651,9991.325104556661,75.43729239482286,0
flashbots-c50,342,10000,31.959433260040996,-31.949331120729127,31.949331120729127,0.010102139311868541,168663.46418966795,2000.2023462006796,0.9882798583506333,7198,717,88941.38113292263,-0.001617794091710607,0.09633673060415418,99.83822059082894,10016.686444009629,83.65751360198476,0
flashbots-c50,343,10000,39.23404405254264,-39.20818830474681,39.20818830474681,0.025855747795830553,177280.5603412549,2103.694820334676,0.9882726897160531,8559,911,94285.23561722154,0.0015827506931434243,0.08463961107791604,100.15827506931434,10005.875533298564,63.41902642153338,0
flashbots-c50,344,10000,81.09854731275394,-81.0847680315584,81.0847680315584,0.013779281195539284,284886.4898809758,3602.2168634724444,0.9875134908949369,11221,1411,159024.96297778067,-0.0011067894148328605,0.14617377205856286,99.88932105851671,10006.551510537587,59.25613573620295,0
flashbots-c50,345,10000,13.15220400636272,-13.148773719523618,13.148773719523618,0.003430286839101626,116777.20839435252,1485.4913064272944,0.9874390546623256,6304,409,51752.16362232343,-0.0003754613499067716,0.047572325074644935,99.96245386500932,9977.15311807145,139.56768586631839,0
flashbots-c50,346,10000,34.513671312854925,-34.516386346532556,34.516386346532556,-0.0027150336776315953,249088.9909809642,3446.891215963803,0.9863508853237897,11649,857,116103.0662813815,-0.000002081895801495648,0.07984817336497257,99.99979181041985,9991.14353729194,90.28591474858376,0
flashbots-c50,347,10000,24.659718035217047,-24.656190893543524,24.656190893543524,0.003527141673522749,129957.56470906474,1397.542832180901,0.9893605748695986,7170,500,61421.731565475275,0.001707778092616792,0.196417704471138,100.17077780926168,9975.706169297555,122.91590736336742,0
flashbots-c50,348,10000,25.314010634718194,-25.30071264770767,25.30071264770767,0.013297987010524537,146759.00713216062,1738.5062165012143,0.9882926913906005,7955,625,70851.80096089983,-0.00488265927696176,0.10723960517802254,99.51173407230382,10032.319145690633,97.38786993123438,0
flashbots-c50,349,10000,9.652504129103486,-9.639215436384077,9.639215436384077,0.013288692719408246,91873.86121794561,1569.6350839548534,0.9832023078536828,4535,318,41650.32788601396,0.006813346953065178,0.0512443284238708,100.68133469530652,9861.29619596736,169.6359167203853,0
flashbots-c50,350,10000,85.98721209260381,-85.95988082236121,85.95988082236121,0.027331270242598293,242025.76144532947,2159.806044608795,0.9911550626566094,10929,1283,135643.6482717816,-0.004713838101587982,0.2194953623526027,99.5286161898412,9989.843403078816,37.16394604801527,0
flashbots-c50,351,10000,19.50946882821062,-19.50235807767926,19.50235807767926,0.007110750531357013,138761.88358401964,1724.9774606242263,0.9877214321126012,6922,532,65535.14880409504,-0.00008821423547530571,0.11410497662418066,99.99117857645247,10004.30910524479,141.52990195223055,0
flashbots-c50,352,10000,77.19430824413759,-77.10720688930493,77.10720688930493,0.08710135483265447,292277.75174755754,2490.5903092525114,0.9915506858983775,11737,1338,163675.64093108047,0.02009050138661763,0.20457690940158302,102.00905013866176,9852.42771038922,75.13661845490097,0
flashbots-c50,353,10000,32.917384211551614,-32.918675643460915,32.918675643460915,-0.001291431909301366,215602.59410795892,3576.680082917052,0.9836814858698627,8318,835,112562.80974100115,0.001737071363623386,0.06336484553339403,100.17370713636234,9973.984962796387,144.46897762998216,0
flashbots-c50,354,10000,54.02184406058044,-53.99435488983633,53.99435488983633,0.02748917074411139,273788.96169223794,2555.049477609792,0.9907540986077696,11740,1144,144750.26641461402,0.009635544287169751,0.10309030510849183,100.96355442871698,9898.45606338357,91.15506987045693,0
flashbots-c50,355,10000,48.14820236770814,-48.194899156719984,48.194899156719984,-0.04669678901184682,233187.73339365592,1590.4948797832055,0.9932255435630478,8201,813,121429.79605894198,-0.005252538197490822,0.1420417648447831,99.47474618025092,10012.853114318194,154.18981019057375,0
flashbots-c50,356,10000,26.941821861265623,-26.938052158185002,26.938052158185002,0.0037697030806214116,128606.83944391475,159.6620755547657,0.9987600651281916,4869,538,69059.93082427898,-0.004237421766366509,0.0905316929943983,99.57625782336335,10041.179270766263,97.80831608080179,0
flashbots-c50,357,10000,24.52550269400741,-24.496147912381332,24.496147912381332,0.029354781626079074,110037.40390306395,514.6844755750409,0.9953444165268751,4422,471,59918.196300082,0.011889704063541302,0.10236778378186955,101.18897040635413,9881.402860427372,98.8813785647594,0
flashbots-c50,358,10000,20.91612598677395,-20.924672947740376,20.924672947740376,-0.008546960966427264,129296.80097887102,1950.9032306112051,0.9851357153836582,7106,473,59135.398045413225,0.0018713454759715375,0.12321901317018473,100.18713454759715,9960.693917739345,144.43542147189282,0
flashbots-c50,359,10000,39.73818141829359,-39.73503370857634,39.73503370857634,0.003147709717254088,195359.85470143598,2478.021901090091,0.9874744819159749,7440,820,107268.33501524701,-0.003284343596594681,0.0951961376214723,99.67156564034053,10027.524762870127,106.20999279808248,0
flashbots-c50,360,10000,23.179684359225195,-23.178268345612693,23.178268345612693,0.0014160136125020983,125935.09124292222,642.7074326608803,0.9949224315844825,5051,572,69125.89986443127,0.001970492493820899,0.09360348230520031,100.19704924938209,9980.71406765076,96.80170645181772,0
flashbots-c50,361,10000,76.73767740597448,-76.88870548671201,76.88870548671201,-0.15102808073753238,173693.83437113065,2167.8741077181753,0.9876728474522986,9195,1045,96544.47302579903,-0.008916272891176646,0.40622156504137763,99.10837271088234,10013.020566782636,35.89070504569022,0
flashbots-c50,362,10000,43.252222356710796,-43.247346951537295,43.247346951537295,0.004875405173500269,237078.59278647657,1447.4777114543308,0.9939315744042877,11674,971,117360.0180183976,0.0019306664201891976,0.11597137608937785,100.19306664201892,9982.086600826904,97.38404598995342,0
flashbots-c50,363,10000,33.84769519577004,-33.84773198412131,33.84773198412131,-0.00003678835127374214,165873.56513325873,1517.045490521454,0.9909370932762107,6596,695,88990.9915765282,0.0035217136656821423,0.14988472045597476,100.35217136656821,9953.740673782642,105.30057743395567,0
flashbots-c50,364,10000,38.055963200028565,-38.05499238829416,38.05499238829416,0.0009708117344047196,115321.29369934827,1473.5122258909275,0.9873837520922453,4597,569,65477.923526061,-0.0020722018600717717,0.32647280311898585,99.79277981399282,10026.253513603342,78.58188494603716,0
flashbots-c50,365,10000,46.27701967412307,-46.27104037757671,46.27104037757671,0.0059792965463572045,235401.41955412252,2425.161064973819,0.9898028174198998,9181,982,126821.17356998693,0.0027741632582750243,0.0864065928637467,100.2774163258275,9969.978625411684,95.25272921915307,0
flashbots-c50,366,10000,23.30619439988004,-23.289971789289012,23.289971789289012,0.016222610591029252,161335.21247408813,2612.9799166817515,0.9840621608657099,10774,624,67724.97553439713,-0.007143977659240477,0.15029577620160964,99.28560223407595,10072.111386542272,89.16800316112867,0
flashbots-c50,367,10000,27.008240039985274,-27.00904307188739,27.00904307188739,-0.0008030319021159471,157863.42868476093,1866.3606612077444,0.9883155129118383,7833,657,79907.73440466539,-0.00092440303615831,0.08134790780295617,99.90755969638417,10010.784138738649,102.15133618218331,0
flashbots-c50,368,10000,17.622246148354318,-17.610763422492155,17.610763422492155,0.011482725862162368,132472.4972234496,2799.4228508234983,0.9793052183388361,10447,540,53893.263770187485,-0.0012078104610317552,0.07287684889467144,99.87921895389682,10026.448101931657,46.64121858200154,0
flashbots-c50,369,10000,33.80853808918952,-33.83062445032732,33.83062445032732,-0.022086361137802157,200454.09652720703,2790.249136275925,0.9862714550450726,9536,640,93536.44254276736,-0.0024550570576103324,0.12644562822628744,99.75449429423897,10017.75181079362,159.14475917761348,0
flashbots-c50,370,10000,36.96582694343927,-36.967563161526016,36.967563161526016,-0.0017362180867479537,182830.9719179773,1917.7855993793773,0.9896194939270474,6889,780,101127.30402184282,-0.0015406507486522968,0.08716850865548721,99.84593492513477,10009.782078921717,99.22440146244203,0
flashbots-c50,371,10000,32.280766756645946,-32.27268594737733,32.27268594737733,0.008080809268612654,145102.23012764932,1462.7703403458195,0.9900196476943672,5404,659,81955.78239794161,-0.0006735082754006782,0.09215435719521935,99.93264917245993,10005.518072283869,58.151763025720285,0
flashbots-c50,372,10000,12.70778197239888,-12.701592018028549,12.701592018028549,0.006189954370331208,120680.4640990369,1754.757292124834,0.9856678717758948,7538,427,49543.48214074249,-0.0014133472967191097,0.04701778706105927,99.85866527032809,10004.399664941539,117.61770074891827,0
flashbots-c50,373,10000,14.656505298066506,-14.650917298410391,14.650917298410391,0.005587999656114562,94282.72786499438,1570.8194679731243,0.9836122969709555,4800,402,47872.54463173827,0.006466835402565607,0.06477839020549453,100.64668354025656,9920.323218558462,97.85218742429431,0
flashbots-c50,374,10000,13.14401460460313,-13.139537873271372,13.139537873271372,0.004476731331758188,82542.24676380337,1209.2857750385415,0.9855610310834885,4492,375,40899.93067768101,-0.0013019093356918176,0.06408410555075533,99.86980906643082,10024.284531434261,94.7746136680901,0
flashbots-c50,375,10000,64.12654045953006,-64.10382596441899,64.10382596441899,0.022714495111074484,272770.3283530511,2063.3584100958133,0.9924923380594388,11355,1135,146386.09584066566,-0.0036232455760021763,0.16228953703315482,99.63767544239978,10036.279666841709,155.8141834348393,0
flashbots-c50,376,10000,29.988072088596603,-29.949322948786346,29.949322948786346,0.03874913981025685,196378.8190271701,2175.4018532360333,0.9890437894314706,7938,572,91989.01249699356,0.0011780694923828605,0.13390462524268315,100.11780694923829,9953.305889180001,217.7149092138442,0
flashbots-c50,377,10000,31.45477761971251,-31.44331666377189,31.44331666377189,0.011460955940620465,189803.3367049027,2188.1877448840287,0.9886026857114918,9813,804,90330.28288883697,-0.0031537959178837126,0.1437301608969463,99.68462040821163,10031.651327836349,67.52459434563514,0
flashbots-c50,378,10000,39.91253250941612,-39.899173397454746,39.899173397454746,0.013359111961371184,199133.28189706255,2127.877299979867,0.9894272828971606,8194,825,105957.9977419816,-0.003793094236661858,0.09621199572946679,99.62069057633381,10046.131140032341,104.99722800548626,0
flashbots-c50,379,10000,25.073243022677595,-25.064769051023816,25.064769051023816,0.008473971653778278,146712.13868801235,1691.629328333834,0.9886011699639088,7368,637,73143.39174185791,-0.007389746609742076,0.060149075070581974,99.26102533902579,10103.237272424205,107.09477794308499,0
flashbots-c50,380,10000,20.80380056259498,-20.782735129300526,20.782735129300526,0.021065433294452873,109544.02706001475,1880.4150597989938,0.9831238548380884,6621,492,50811.60684142986,-0.005733983828239673,0.08570580769988027,99.42660161717603,10011.004469549132,37.25852570816146,0
flashbots-c50,381,10000,16.892696075295184,-16.890721738296307,16.890721738296307,0.0019743369988773907,109181.85226553204,1357.0046283047561,0.9877237320301941,6463,452,51077.826309359785,-0.0031118147229221905,0.13151231353918433,99.68881852770778,10026.108506825592,100.82310097088454,0
flashbots-c50,382,10000,10.087427915681648,-10.084275366125269,10.084275366125269,0.003152549556379114,68291.06323612723,1437.6823701572323,0.9793817835434049,5564,351,29846.169746687952,0.0021634164469332973,0.06737131612969677,100.21634164469333,9985.74062835872,66.42757372228675,0
flashbots-c50,383,10000,28.485342711289533,-28.478661383256863,28.478661383256863,0.006681328032669853,118809.53665478212,1286.7609566941505,0.9892855901282073,4507,582,67981.02247773441,0.004597205756529661,0.1115917292607152,100.45972057565297,9966.915779024346,73.20381602030669,0
flashbots-c50,384,10000,21.59181480240695,-21.603923167636168,21.603923167636168,-0.0121083652292171,130581.16476717664,1858.322910454051,0.985968513295843,5988,573,66145.97687270488,-0.000057775529485581954,0.0949595919855365,99.99422244705144,10021.294544124574,84.48340316634926,0
flashbots-c50,385,10000,11.664421555258794,-11.678525039163532,11.678525039163532,-0.014103483904737146,63494.21938179438,1376.3818280371058,0.978782656513618,4367,221,26579.69951579091,-0.00033597834585734175,0.15668630476377643,99.96640216541427,9955.362934537408,104.61406622725117,0
flashbots-c50,386,10000,22.085611517707385,-22.083598954017788,22.083598954017788,0.0020125636895969023,164829.07349428482,2596.033463948348,0.9844943598298195,9186,691,77115.96882658888,-0.0015616708719278448,0.04892744942413529,99.84383291280722,10021.08081050879,93.76261887180742,0
flashbots-c50,387,10000,24.985738943025037,-24.951580933163328,24.951580933163328,0.03415800986170936,192466.38960156773,2835.3287493752914,0.9854823153973463,11284,673,83190.57884407268,-0.0022252177326716094,0.10421679390730375,99.77747822673284,10048.655430718833,150.68622293412932,0
flashbots-c50,388,10000,34.178164614230006,-34.19053379867634,34.19053379867634,-0.012369184446335169,233739.0429037615,2216.0823323997047,0.9906080347685532,10021,843,114184.70236164224,-0.004879736469982276,0.062232758555863084,99.51202635300177,10085.151151371676,102.91410981530791,0
flashbots-c50,389,10000,51.32651288543575,-51.30209589099117,51.30209589099117,0.024416994444578677,134518.16072849894,1025.3204170430652,0.992435487060111,5043,746,83137.69882006939,-0.00984890566941374,0.24832873473196088,99.01510943305863,10053.425299586052,50.707941737509806,0
flashbots-c50,390,10000,23.485896747084297,-23.48278225205027,23.48278225205027,0.0031144950340262767,173148.96045835162,1289.1954320098914,0.992609441292075,10168,745,79893.97507172536,0.002720855938770228,0.07948297513486793,100.27208559387702,9977.206885895102,84.43827250739176,0
flashbots-c50,391,10000,23.00967892838356,-23.021472695527848,23.021472695527848,-0.011793767144286704,170355.9058933831,2457.856842209727,0.9857774241859991,9000,688,79273.162957204,-0.0017378189378896992,0.08489034746356722,99.82621810621103,10026.162698976268,148.86748956424333,0
flashbots-c50,392,10000,14.212466285544116,-14.207593148530009,14.207593148530009,0.004873137014106632,91852.14173921547,1676.3926532775567,0.9820761368264089,5116,420,45557.996936592805,0.000004397370375528453,0.059326698363244786,100.00043973703755,10008.801464165206,111.24275701570009,0
flashbots-c50,393,10000,64.52277129514398,-64.47622931088736,64.47622931088736,0.046541984256620594,240395.9568950515,3469.7420521071194,0.9857719143484015,10670,1151,129444.9599463438,0.004305044132419624,0.19713602278531056,100.43050441324196,9968.16211214793,59.912073026557394,0
flashbots-c50,394,10000,59.73077677501628,-59.71799337318987,59.71799337318987,0.012783401826411023,247563.85183794858,2710.218612540769,0.9891709971885524,9735,1136,137749.05301807227,0.006562033469754738,0.18074259658935632,100.65620334697547,9927.707535672196,88.08142200921634,0
flashbots-c50,395,10000,12.66679159170925,-12.667941750263203,12.667941750263203,-0.0011501585539530623,82376.54345921925,1188.2610900183086,0.9857803641565611,4593,375,39170.16224143563,-0.0025137662260853234,0.06372973529389427,99.74862337739147,9998.279242470815,155.1184015835788,0
flashbots-c50,396,10000,41.67606690489868,-41.675309556751216,41.675309556751216,0.00075734814746653,180415.0936143914,515.3569875268557,0.9971516293370609,6657,776,102773.10032774472,0.000022140787336866197,0.11367231605469769,100.00221407873369,10000.633115659512,103.43715369072217,0
flashbots-c50,397,10000,29.837936864758035,-29.8366662839044,29.8366662839044,0.0012705808536352947,164825.2019189572,2612.2488875966415,0.9843986582749956,7958,727,84931.48084675052,-0.00423564737375159,0.09933559643147503,99.57643526262484,10037.991666019872,79.41108286165839,0
flashbots-c50,398,10000,9.27257990780709,-9.268017247123737,9.268017247123737,0.0045626606833533145,116084.0406870084,1556.2667515344278,0.9867709734408213,5527,355,49402.763611852446,-0.0006114170702200283,0.03520094156549348,99.938858292978,9997.08220847348,198.38121121080906,0
flashbots-c50,399,10000,8.505359653685192,-8.497608227750433,8.497608227750433,0.007751425934758416,82815.86927202552,1095.1388327474049,0.9869488061521083,6619,316,32119.642861552973,-0.006305354056617887,0.07566690012338824,99.36946459433821,10060.821948520152,95.64050066528185,0
flashbots-c50,400,10000,33.06429197132247,-33.053455156206795,33.053455156206795,0.010836815115673915,185442.58364247362,1630.3019247194827,0.9912852045887008,7333,752,96414.42076149367,-0.002454723691510168,0.09511739879211063,99.75452763084898,10018.032012202417,104.7825873962232,0
flashbots-c50,401,10000,8.744766476355363,-8.743834271353947,8.743834271353947,0.0009322050014155536,64713.21249565752,1406.5307086726932,0.9787275231192886,4005,290,30728.414884032605,0.003190849879156872,0.04519842570882474,100.31908498791569,9968.52978465757,82.87062419917793,0
flashbots-c50,402,10000,50.52625626941524,-50.50820046593435,50.50820046593435,0.018055803480891086,252117.47940012105,181.86691351007445,0.9992791621691957,10287,1033,132663.02035721517,0.00967194390247613,0.10221823214378162,100.96719439024761,9903.885655279162,99.80422989275071,0
flashbots-c50,403,10000,28.8687788486574,-28.86899640318311,28.86899640318311,-0.00021755452571170508,187869.25507799757,2029.1868726080968,0.9893143574440917,9789,794,90262.94754190788,0.000009201564588323662,0.07416617694821398,100.00092015645883,10010.036074564126,79.5186281759675,0
flashbots-c50,404,10000,26.37385072623953,-26.380746319306922,26.380746319306922,-0.006895593067390848,155383.75696202784,2292.6338921422343,0.9854598784274392,5888,641,83824.40126186698,0.004356050113990904,0.05884487243034329,100.43560501139909,9948.247602508873,120.4283501745212,0
flashbots-c50,405,10000,7.564721698042963,-7.566851683336047,7.566851683336047,-0.002129985293084502,55888.53490422225,1297.5491596972713,0.9773100539941336,4239,225,24209.074388651457,0.0005367842285735946,0.06949721543894057,100.05367842285736,9989.145727163179,70.0721854917118,0
flashbots-c50,406,10000,17.67539315885484,-17.672242307335303,17.672242307335303,0.0031508515195355358,140518.8645449148,2099.030390481317,0.9852821387426021,9385,543,58856.318678442716,-0.0009914418994343066,0.08812507928496743,99.90085581005657,10018.84979524992,115.35967467289188,0
flashbots-c50,407,10000,11.767203991343976,-11.762804160746015,11.762804160746015,0.004399830597961341,82542.23351589161,1720.4123927771498,0.9795827394900242,5128,332,37781.92472396065,0.0010733835899108613,0.07704031450233514,100.10733835899109,9973.248934122274,104.9332958814478,0
flashbots-c50,408,10000,49.28666815552932,-49.29241443712143,49.29241443712143,-0.005746281592109881,143261.43504041308,1760.3113128096143,0.9878617424139817,7694,750,76143.35851015495,0.0020143975909992663,0.24145952691733952,100.20143975909993,9989.878448294545,70.17455432988118,0
flashbots-c50,409,10000,22.474738855190857,-22.473073568121208,22.473073568121208,0.0016652870696489686,167503.8878483729,2693.9311735618335,0.9841717644265779,5975,552,82771.49578378434,-0.0038507634482706976,0.07075501048537347,99.61492365517293,10043.141293669203,119.38920600185742,0
flashbots-c50,410,10000,41.30184928361776,-41.36367660101174,41.36367660101174,-0.061827317393976955,135239.5055153299,1371.4329681171475,0.9899610310613354,4746,699,82291.84795140705,0.00441103142393331,0.20437415767515332,100.44110314239333,10021.867419715718,38.63694140995803,0
flashbots-c50,411,10000,22.3701291701434,-22.35159906056319,22.35159906056319,0.01853010958021173,128392.33124910545,1730.5167518843546,0.9867009001226964,5869,482,62324.94066382842,-0.005863088143157427,0.11221261539470874,99.41369118568426,10059.716817816148,115.05567820961065,0
flashbots-c50,412,10000,10.235411148629149,-10.232628569120394,10.232628569120394,0.0027825795087554894,120809.26959178227,1887.3048087340453,0.9846181132769579,9218,373,43977.66450225416,0.0005049207652427867,0.05721186722058604,100.05049207652428,10026.83982764013,149.97496318984773,0
flashbots-c50,413,10000,31.92447607000247,-31.905192857073366,31.905192857073366,0.0192832129291034,171311.58459866967,2849.072503601918,0.9836411245168369,8403,739,83861.49796152837,-0.004262864354327291,0.11988481960695765,99.57371356456727,10024.387633620263,111.05521381129603,0
flashbots-c50,414,10000,58.293813558126296,-58.18269450678541,58.18269450678541,0.11111905134088573,265122.5673231552,2879.679227069567,0.9892550183286248,11559,1145,139753.27031748317,-0.028346977058390763,0.16821190766866423,97.16530229416092,10198.37985711322,70.54611788601315,0
flashbots-c50,415,10000,23.535429233685583,-23.535032884517108,23.535032884517108,0.0003963491684757514,140224.0263305432,1188.8342801651697,0.9915931671629366,5745,589,71977.43289238517,-0.0006222459286730952,0.0701386230420664,99.93777540713269,10007.283406251323,101.89334590755318,0
flashbots-c50,416,10000,9.144098022987203,-9.143677906457981,9.143677906457981,0.00042011652922191445,90360.61275050405,1695.2960641298723,0.9815840603176972,6268,337,36890.004616291226,-0.000871846383759447,0.0415153146388603,99.91281536162406,10015.662437310795,111.54540870840175,0
flashbots-c50,417,10000,28.678232951233582,-28.683454339910284,28.683454339910284,-0.005221388676702077,156390.0159317553,2670.696191841716,0.9832095798127293,7194,658,81102.95214609205,0.001945412486101361,0.11265745562770618,100.19454124861014,9970.115151347067,107.07520351566187,0
flashbots-c50,418,10000,10.409939430600367,-10.412862859898894,10.412862859898894,-0.0029234292985265142,99933.48752754372,1210.9004694416408,0.9880280014203286,5455,377,44572.34745679571,-0.0009379395975894056,0.048031381328732435,99.90620604024106,10021.390791952172,154.00157860553227,0
flashbots-c50,419,10000,16.300553624549,-16.294248733575984,16.294248733575984,0.006304890973016342,121623.91270916046,2651.1443314169483,0.9786671244049293,7671,474,52925.35210222181,-0.0011778224663495961,0.113670924753186,99.88221775336504,10012.798453076186,103.70456875739303,0
flashbots-c50,420,10000,36.97382130413067,-36.97668351872203,36.97668351872203,-0.002862214591360157,154404.21300108603,3297.40428605343,0.9790908657578977,10094,833,75467.84921088822,-0.0020577313212933744,0.11522102014797411,99.79422686787066,9985.790766915461,65.58705845503661,0
flashbots-c50,421,10000,9.637745443999606,-9.6364755428541,9.6364755428541,0.0012699011455055143,74579.11738308164,1220.00338251549,0.9839047818735489,4121,294,33922.2729645196,0.004480702520093587,0.047421184908220795,100.44807025200936,9931.950332980941,113.96973346125885,0
flashbots-c50,422,10000,10.476653900884935,-10.473310073567475,10.473310073567475,0.0033438273174599686,77088.79096216452,1690.2916082583906,0.9785439033674024,4823,295,34622.81020011899,-0.0032616135213343967,0.053549962223734295,99.67383864786656,10041.454422525156,143.2724004731088,0
flashbots-c50,423,10000,9.704441903639843,-9.69621115475941,9.69621115475941,0.008230748880432515,63319.77074321353,1216.926450056975,0.9811436515504877,4434,240,28440.20436004438,0.005432330666131264,0.08433535339703184,100.54323306661313,9920.879063099092,129.30019002215653,0
flashbots-c50,424,10000,24.291637314684493,-24.2997889433651,24.2997889433651,-0.008151628680607814,122755.35450505046,1280.991031146502,0.9896724542664579,6721,600,62746.3411722207,0.006172962412207426,0.08789451191659438,100.61729624122074,9952.875714979333,64.94421331010906,0
flashbots-c50,425,10000,24.768078106174833,-24.733658113672433,24.733658113672433,0.03441999250240002,137513.0168030823,1683.1948228311016,0.9879077540748403,5660,542,69522.78482312428,0.009218751583516678,0.07876220549619518,100.92187515835167,9890.17537363333,118.38385301113112,0
flashbots-c50,426,10000,25.30828954580943,-25.30341870910462,25.30341870910462,0.004870836704810699,167873.82670900712,1373.1015239088126,0.9918869929383938,9648,658,75865.02847167794,-0.002685830851804809,0.06485697156591627,99.73141691481952,10023.573657650308,95.29531009585322,0
flashbots-c50,427,10000,22.18210205667768,-22.186261801513353,22.186261801513353,-0.00415974483567183,131811.05773632365,2027.392506771357,0.9848519427482243,7500,618,64126.030984366,0.0005187979278643695,0.0667487941603872,100.05187979278644,10035.399020890543,76.86609659728674,0
flashbots-c50,428,10000,12.729931952585856,-12.73046024213366,12.73046024213366,-0.0005282895478035954,154264.23630331954,2501.893724746744,0.9840405977726259,10312,502,60372.72981150306,-0.0008614049888642228,0.03552163682797726,99.91385950111358,10004.264402962563,194.90843545565022,0
flashbots-c50,429,10000,46.247069067994296,-46.22965291724017,46.22965291724017,0.01741615075412284,278771.77285102673,1762.460280551095,0.9937174858808605,10643,999,140911.06815198276,0.0033203066373685888,0.08704755753139651,100.33203066373686,9994.609900474665,131.93445052589976,0
flashbots-c50,430,10000,24.811441003804745,-24.821853178571686,24.821853178571686,-0.010412174766941007,161339.4868861461,3082.2644986677924,0.9812539127414229,8379,624,76740.2405945651,0.0005560477564799271,0.06939175349509341,100.05560477564799,9985.147542511571,87.42609396551642,0
flashbots-c50,431,10000,24.407488329487443,-24.40205589147517,24.40205589147517,0.005432438012270779,189019.28646376735,832.2718428187356,0.9956161969370053,10592,684,81554.12927890562,-0.004492982190540857,0.07736575646762646,99.55070178094591,10052.937150926628,115.61020348028701,0
flashbots-c50,432,10000,48.867214523233066,-48.8063609715889,48.8063609715889,0.06085355164416484,120039.24853960943,1525.7013864405315,0.9874494960318032,5802,678,67634.16177478127,-0.0005782745244083288,0.37464791766602373,99.94217254755917,9993.592337199361,55.8637384565773,0
flashbots-c50,433,10000,86.75158953625514,-86.81937056882586,86.81937056882586,-0.06778103257072132,192904.97767756664,2480.3793878812444,0.9873051930547159,7859,1221,118571.35031022894,-0.0021376965197572417,0.19427400250458873,99.78623034802428,10015.170219513277,29.59092273044651,0
flashbots-c50,434,10000,15.612933051256393,-15.606903458408695,15.606903458408695,0.006029592847697884,101780.46824808222,1564.5901949521174,0.9848605224233866,6828,491,48745.94891950181,-0.004019437961238737,0.07156252974617075,99.59805620387613,10023.174067465634,75.05302836475634,0
flashbots-c50,435,10000,44.275763322867505,-44.278641466966164,44.278641466966164,-0.0028781440986591633,264644.9331239909,2205.1973884125246,0.9917361952037342,10875,1025,134928.954679323,0.00013277724955571558,0.1100571146895625,100.01327772495557,10001.540575225381,133.83458281712393,0
flashbots-c50,436,10000,23.539557608076425,-23.547219136932455,23.547219136932455,-0.007661528856029776,143359.46195397404,2226.28075607661,0.984708112795698,8471,599,66211.09892076749,-0.001355724721206002,0.11447893361994957,99.8644275278794,10013.869284763172,92.19011207615675,0
flashbots-c50,437,10000,21.042294775657616,-21.03715435720119,21.03715435720119,0.005140418456427653,118927.83105715657,2053.232843358987,0.9830284775388701,6300,580,59093.395799948754,0.007548061199990599,0.0941023120106857,100.75480611999906,9954.832020626733,59.333780437215594,0
flashbots-c50,438,10000,10.187046824516173,-10.194591385417993,10.194591385417993,-0.007544560901820319,87124.31993293158,1798.365625869072,0.9797760760983777,5264,353,38249.771339328065,-0.0007545525673283748,0.08158293024503266,99.92454474326716,10023.731627317518,103.42552155893274,0
flashbots-c50,439,10000,55.11258254168716,-55.08231756051545,55.08231756051545,0.030264981171711725,280938.4764433063,2710.6132653360382,0.9904437794314084,11094,1112,146525.9926267519,-0.005274312535250374,0.14907020845863486,99.47256874647496,9991.138141743002,65.04314524380018,0
flashbots-c50,440,10000,12.093385324740082,-12.09848410006667,12.09848410006667,-0.005098775326588978,125307.12944484447,2322.0022849910642,0.9818066435654654,10401,412,45571.969260398095,-0.0015520713380003314,0.07926704714905383,99.84479286619997,10010.325806438146,114.23074103393479,0
flashbots-c50,441,10000,7.190006893342798,-7.190475472771425,7.190475472771425,-0.00046857942862654767,62089.68839249743,1884.980883673454,0.9705355118674203,4487,271,26467.19874253354,0.0019524952196215395,0.05716056202543839,100.19524952196215,9977.780520583283,67.50017776197232,0
flashbots-c50,442,10000,93.88098221985933,-93.99993369419524,93.99993369419524,-0.11895147433590125,267926.4384822673,2373.5941629661015,0.9912186686041528,10076,1383,160812.75530381766,-0.007333093896050684,0.19256516503932303,99.26669061039493,10070.546981205638,49.24764939711783,0
flashbots-c50,443,10000,42.44182945630563,-42.43807264187052,42.43807264187052,0.0037568144351141086,222178.7077666292,2520.4070889926957,0.9887831908433988,9346,967,116979.28575925685,0.0010465733965851598,0.10965390844227471,100.10465733965852,9996.532463113886,94.36663547381654,0
flashbots-c50,444,10000,48.60489822202915,-48.6023565985053,48.6023565985053,0.002541623523846681,231037.74167997693,3195.8658363753484,0.986356074731282,11374,974,115823.37388105635,-0.009007390370624932,0.14203058140937258,99.0992609629375,10048.304219574384,83.27319595062855,0
flashbots-c50,445,10000,6.914346160092924,-6.908692265248604,6.908692265248604,0.0056538948443201065,80262.74335287433,1518.330357122458,0.9814342085736537,6125,309,30455.670477401996,0.005072288374961147,0.03774920801076959,100.50722883749611,9938.628076903857,109.9092269867585,0
flashbots-c50,446,10000,17.84600508163402,-17.825714051714428,17.825714051714428,0.020291029919590642,124575.99237318616,1737.4434388835696,0.9862449831428183,4753,465,65477.406677521474,-0.005504352290029431,0.06032563382352606,99.44956477099706,10112.950988283597,119.80019033788815,0
flashbots-c50,447,10000,18.993236431490672,-18.983658301039583,18.983658301039583,0.00957813045108935,134263.2301407537,3497.555107144341,0.9746113881330557,8300,534,59624.60287388597,-0.0060782015793063235,0.12003427844412727,99.39217984206937,10044.343607328276,97.24092416885661,0
flashbots-c50,448,10000,33.53741239907944,-33.51893531430415,33.51893531430415,0.01847708477529153,176391.22672287145,2773.276452051641,0.984521060796602,9564,788,84285.70892902635,0.002496771419392161,0.17700264602173887,100.24967714193922,9988.52325360443,78.63750169079104,0
flashbots-c50,449,10000,23.340306769680183,-23.330052009879786,23.330052009879786,0.010254759800396585,147130.2060787664,3922.8034538303687,0.9740302860170169,10300,691,65797.42797243269,-0.0019200871011713617,0.12208922208032731,99.80799128988286,9997.066281265134,55.34013984938232,0
flashbots-c50,450,10000,14.895007493453406,-14.890054198976785,14.890054198976785,0.004953294476621295,146660.82012662536,3762.941018442874,0.9749843974795052,11048,527,57115.23411003947,0.004189411042292761,0.04552511099366143,100.41894110422928,9967.267858131698,100.43729998502583,0
flashbots-c50,451,10000,14.635213768207421,-14.636156420498764,14.636156420498764,-0.000942652291342938,106244.61665204936,1859.433159319061,0.9827995975861811,5270,421,50497.532039199235,0.0009243863625697201,0.07275708509998324,100.09243863625697,10002.603568906083,115.67576703159847,0
flashbots-c50,452,10000,27.844397451504353,-27.813214031811704,27.813214031811704,0.03118341969264904,143683.89818185486,2186.8632734459884,0.9850082137665669,8284,647,68577.11946167197,-0.008581486607775019,0.16397139126064644,99.1418513392225,10044.884512704679,66.93526093106411,0
flashbots-c50,453,10000,51.63892085120394,-51.62042903902792,51.62042903902792,0.01849181217602336,235296.4184944281,3642.4249869559753,0.9847558273326967,10287,1107,125746.6507102307,-0.0000034639577008022114,0.09684477052574322,99.99965360422992,9978.198655921075,69.62910628954926,0
flashbots-c50,454,10000,8.512012258219082,-8.517854936898168,8.517854936898168,-0.005842678679085722,63166.33139200394,998.2881482421709,0.984441766266283,5300,296,25492.37760204015,0.0032631849451956896,0.08042791878966113,100.32631849451957,9983.258550344126,48.609308582368236,0
flashbots-c50,455,10000,58.54729271399089,-58.70203865691518,58.70203865691518,-0.15474594292428634,159936.05449126303,2702.016614693366,0.9833863215646905,6930,728,86649.72862177211,-0.0000037033118772455963,0.36984805309295266,99.99962966881228,9975.048666053412,68.55504131725361,0
flashbots-c50,456,10000,25.988527613762265,-25.988527826675707,25.988527826675707,-0.00000021291344154406033,131018.14456148015,320.6759423292557,0.9975584070185863,5214,580,72618.58391431748,0.0008572511333312605,0.08777752347872309,100.08572511333313,9988.978147682505,105.73620594054768,0
flashbots-c50,457,10000,55.96035057497002,-55.95015315325686,55.95015315325686,0.010197421713158406,296894.9184981248,3016.91257000537,0.9899406683648967,11853,1213,155193.27621311945,0.0027790370474993155,0.08421666238382514,100.27790370474993,9970.177407927398,85.0943379522687,0
flashbots-c50,458,10000,21.455697335628113,-21.454549206716464,21.454549206716464,0.0011481289116481719,156681.83750969896,3632.0670195970397,0.9773440299501076,10641,633,66554.49550563308,-0.006820412749736704,0.07719397687437252,99.31795872502633,10085.569011360498,58.4527547431518,0
flashbots-c50,459,10000,26.092212841246027,-26.08515113954291,26.08515113954291,0.007061701703118928,97707.7440314188,1466.4865796653933,0.985213027914315,4323,582,56525.89854920315,-0.006251624154051143,0.1540855017808414,99.37483758459489,10027.38037527126,54.759180549935586,0
flashbots-c50,460,10000,23.509286634913117,-23.52282235414028,23.52282235414028,-0.013535719227164122,149841.52086588508,1807.1558774192115,0.9880832730213782,9112,608,68383.48765626749,-0.0012647036584468197,0.1387818950571912,99.87352963415532,10011.493059910206,80.3890781604229,0
flashbots-c50,461,10000,9.908413891129005,-9.90786793034546,9.90786793034546,0.000545960783544075,92540.2873062943,766.9207869666499,0.9917806908743844,6671,345,37808.70088490685,-0.0009299152837355961,0.050567144453103625,99.90700847162644,10010.021201658328,107.07658468719652,0
flashbots-c50,462,10000,58.562876039324124,-58.55396816485886,58.55396816485886,0.008907874465265309,277518.7838362777,1138.4584189205877,0.9959144847278796,11563,1124,147302.8706722332,-0.005189533127465182,0.15032845523638627,99.48104668725348,10062.063316521078,104.15971191181474,0
flashbots-c50,463,10000,7.9857788838181,-7.9857499200940225,7.9857499200940225,0.000028963724077790687,82375.88318921336,391.15707627683116,0.9952739994686035,6530,311,32046.003142843307,-0.0001422543829528422,0.046780168100184344,99.98577456170472,10002.609923885104,99.54678831296937,0
flashbots-c50,464,10000,13.674640804786314,-13.670678577161112,13.670678577161112,0.00396222762520182,117232.9958956727,1585.4420277082902,0.986656599300433,8337,477,49072.50482533616,0.005157677583669766,0.05292924193578813,100.51576775836698,9968.42524557812,95.88776045030315,0
flashbots-c50,465,10000,37.173508749471914,-37.147196306849494,37.147196306849494,0.026312442622419496,183746.39557564654,2111.446202410478,0.9886394559292695,7042,755,100277.41800260339,0.0007385234377525762,0.1567943443417313,100.07385234377526,9997.827054327492,97.65309966561432,0
flashbots-c50,466,10000,32.420411383427634,-32.422295388735364,32.422295388735364,-0.001884005307729808,130333.87531912075,1647.6489109543652,0.9875160639296593,5414,591,72668.02994421334,0.001543452371143843,0.11344424625881473,100.15434523711438,9977.924960081018,75.03875251009258,0
flashbots-c50,467,10000,11.986588956595812,-11.986348970986555,11.986348970986555,0.00023998560925697632,79129.49660280829,185.442546784177,0.9976619468063334,4279,349,39345.91624231513,0.0004590515667726436,0.06097605387078502,100.04590515667726,9995.896191528109,101.77994543370228,0
flashbots-c50,468,10000,20.43505871902724,-20.43151278601583,20.43151278601583,0.0035459330114093746,114712.88032754218,631.2635610500058,0.994527129512013,5522,493,59372.48114438546,0.004933784174586293,0.09300219338989223,100.49337841745863,9945.531839346966,103.89632848176089,0
flashbots-c50,469,10000,11.38974878610316,-11.401765616332355,11.401765616332355,-0.012016830229194753,81399.35839297996,2020.7396069849801,0.9757763458035517,5797,320,34325.73098912393,0.0037731595105059057,0.11232616283748854,100.37731595105059,9965.679904754441,91.26349732777008,0
flashbots-c50,470,10000,11.198197286340484,-11.193904351764601,11.193904351764601,0.004292934575882867,98299.86263636965,1949.1476825981392,0.9805569384037166,6769,351,40163.08383086544,-0.005440084159398708,0.07680843512912816,99.45599158406013,10070.47409611702,132.9398925875566,0
flashbots-c50,471,10000,12.550460112174026,-12.548947861933613,12.548947861933613,0.0015122502404132376,85129.15928199462,1823.7160476966842,0.9790263859500693,6339,417,38436.214690539724,-0.0014203183383935424,0.046732379659049174,99.85796816616065,10037.462638770761,65.47061976477148,0
flashbots-c50,472,10000,55.63624911318033,-55.69805874483471,55.69805874483471,-0.061809631654384134,158160.1779922338,1810.5722770162404,0.9886818541891638,7397,798,86952.68957647307,0.0016359296319912175,0.2605290169700531,100.16359296319912,10038.02538110643,79.49324905523362,0
flashbots-c50,473,10000,40.73571434203001,-40.68288385008327,40.68288385008327,0.05283049194673595,214199.06044519515,2723.093324033534,0.9874466794805546,10099,941,109167.48383170115,0.020570758167000918,0.09675211015428019,102.05707581670009,9905.823406923686,57.854180223578204,0
flashbots-c50,474,10000,55.880996749895054,-55.887319507150806,55.887319507150806,-0.006322757255752265,298910.7938947886,2049.402018855401,0.9931904549283207,11148,1194,159121.35940818302,-0.004061610085615968,0.10652368216376203,99.5938389914384,10046.531596266861,116.09748451979789,0
flashbots-c50,475,10000,31.01898434810188,-30.92714292418431,30.92714292418431,0.09184142391757177,114709.20158125121,1382.6795696235586,0.9880897823696507,7277,602,57392.051353477174,-0.0000014007159438733652,0.24905685854600507,99.99985992840561,9989.630724267325,49.48173493297955,0
flashbots-c50,476,10000,29.07744088348998,-29.083509288751074,29.083509288751074,-0.0060684052610930905,220462.86703241395,3909.233482485709,0.982577007241477,11509,848,100896.87953536371,0.0018285015516903513,0.06237076739646369,100.18285015516904,9992.17357537042,108.59601315210521,0
flashbots-c50,477,10000,18.095964946365815,-18.09598032662734,18.09598032662734,-0.000015380261526587446,147314.3308654209,2954.448512175685,0.9803389065618766,8637,539,63561.85002846611,-0.0013930343421144186,0.07575193030430896,99.86069656578856,10019.84415411441,109.38881867964473,0
flashbots-c50,478,10000,25.515157301588264,-25.510515335030995,25.510515335030995,0.004641966557269228,91105.63312106114,1637.3579917257734,0.9823452104349908,4328,555,53450.74732898482,0.0038066166375828915,0.14011945806739476,100.38066166375829,9956.314433403068,50.407565765424664,0
flashbots-c50,479,10000,21.079845024406943,-21.08384664846976,21.08384664846976,-0.004001624062816234,119634.39180266706,2609.0333711880744,0.978657065871007,8627,511,50241.54222369287,0.0009707318289486011,0.19256267498973273,100.09707318289486,9995.980032273557,72.52114921339496,0
flashbots-c50,480,10000,29.96818593976996,-29.963318431634406,29.963318431634406,0.004867508135554033,203401.1770679296,1806.0364609603403,0.9911989621129664,10179,832,99265.81542597417,-0.004768962555294962,0.07177774847692561,99.5231037444705,10053.780365506289,101.69001240386267,0
flashbots-c50,481,10000,15.031329529609323,-15.031902815941734,15.031902815941734,-0.0005732863324112714,175985.9185561248,2432.215017271185,0.9863678933942516,11492,564,67390.64262093167,0.0012225144909169218,0.0373136823129299,100.12225144909169,9975.914539227892,146.35858597611372,0
flashbots-c50,482,10000,26.702939447687072,-26.69736327086281,26.69736327086281,0.005576176824263257,189884.57667841713,2407.6200872299937,0.9874793666736033,9004,680,88412.8841617987,0.005057669394826405,0.08526688059252435,100.50576693948264,9963.252170880178,159.33411335403972,0
flashbots-c50,483,10000,31.68633341563284,-31.55397778026341,31.55397778026341,0.13235563536943218,90243.42116715582,1251.7960155234878,0.9863184540780514,4003,401,49274.076640632346,-0.005948391086296425,0.24591486199316293,99.40516089137036,10049.491987236981,92.25154665532128,0
flashbots-c50,484,10000,23.33192525923449,-23.29135126108695,23.29135126108695,0.040573998147539925,154609.44464553488,3506.9600889124167,0.97782039064952,11238,699,65123.44764682783,0.0010554492935318648,0.1284288270471565,100.10554492935319,9998.221130111428,108.23916588867387,0
flashbots-c50,485,10000,22.552259346207908,-22.551926208508533,22.551926208508533,0.0003331376993749302,152363.3719104268,2264.681828418357,0.985354004181911,7375,598,75367.67439461364,-0.0018301651445203505,0.08096844589309456,99.81698348554796,10015.655790089044,119.5297720697439,0
flashbots-c50,486,10000,23.66299154134138,-23.661699259106406,23.661699259106406,0.0012922822349743512,106471.55563402845,790.0893058628714,0.9926339997274363,4616,542,59881.096062856246,0.0017065931465832308,0.08549254950282957,100.17065931465832,9987.879517886506,77.7629685280421,0
flashbots-c50,487,10000,17.26423668683978,-17.275091504984573,17.275091504984573,-0.010854818144792944,122591.1587958588,1527.5237493750944,0.9876930392906934,4561,436,64083.16906796428,0.0003885036361488403,0.04321774716863601,100.03885036361488,10008.857055982753,172.84417558901163,0
flashbots-c50,488,10000,22.690866672525438,-22.683730964099112,22.683730964099112,0.007135708426325493,162647.82506213628,2222.936274369788,0.9865170982632104,7924,645,78894.37158045251,-0.00009480789000861023,0.08835568675717469,99.99051921099914,9979.0075411758,122.67048292464139,0
flashbots-c50,489,10000,38.96888709926803,-38.96855097267155,38.96855097267155,0.00033612659647985765,193369.37096504786,1132.6269776369477,0.9941767848679338,6847,810,109034.86574485083,-0.0021044081995631814,0.12817173360009676,99.78955918004368,10023.317424930707,119.25194359041714,0
flashbots-c50,490,10000,18.2775167759118,-18.276017793149038,18.276017793149038,0.0014989827627616137,125275.16138983217,1761.8431314434638,0.9861312604301182,6653,520,59399.93811219356,-0.004312755154868171,0.06750705196253762,99.56872448451318,10032.344907052202,97.31936629640732,0
flashbots-c50,491,10000,62.481327722429455,-62.47712826391353,62.47712826391353,0.00419945851592729,274789.94201443816,2897.8605304101316,0.9895643218612667,11069,1181,146516.59459802016,0.003984372374339387,0.13910292851589176,100.39843723743394,9960.129902112043,79.77451593859573,0
flashbots-c50,492,10000,15.858518448799645,-15.855624828535284,15.855624828535284,0.0028936202643610187,118527.87218601577,1697.182081194552,0.9858832912029932,5988,478,56767.96375293447,0.005552379618451795,0.046470588453830855,100.55523796184518,9948.273475442831,121.66367939265241,0
flashbots-c50,493,10000,50.32732278116295,-50.34697049286264,50.34697049286264,-0.019647711699690262,172326.3688229553,2025.8440858837434,0.9883807377486916,10148,981,89699.17505666002,0.014673790554503512,0.2585556224118173,101.46737905545035,9968.061413782163,40.56523644849904,0
flashbots-c50,494,10000,13.58911798266615,-13.57666286064817,13.57666286064817,0.012455122017978937,96571.0351868271,1911.8341377500456,0.9805871401710579,7890,399,38126.31537047343,-0.002485061692956094,0.15296283380522424,99.75149383070439,10035.290389700704,62.51250639959682,0
flashbots-c50,495,10000,33.619377908637794,-33.63672829831734,33.63672829831734,-0.01735038967954239,151362.0732037371,2070.2755720558607,0.986506915988876,8066,645,75641.2116675726,0.000012323749046458943,0.1539504016530745,100.00123237490465,9979.770975869136,93.3622555485158,0
flashbots-c50,496,10000,30.71590305224624,-30.719700147464266,30.719700147464266,-0.0037970952180259587,147319.6058136926,2870.7016330031856,0.9808862390535952,7211,740,78511.90148258838,-0.004277462860011099,0.07274672718270153,99.57225371399889,10037.173301536135,63.81967609577817,0
flashbots-c50,497,10000,21.60201343631385,-21.444634858912153,21.444634858912153,0.15737857740169758,140748.00322202445,1875.8112955949186,0.9868478395284878,7778,527,63806.50678047543,-0.020224432890543226,0.09610846660386273,97.97755671094568,10275.057420253224,142.06103934942544,0
flashbots-c50,498,10000,11.486526270529884,-11.484964708487084,11.484964708487084,0.0015615620428004462,129828.53855014472,2476.0925965191013,0.9812849136492109,10547,441,46343.89205862211,-0.0023940833646892657,0.03838137825165248,99.76059166353107,10026.019362503586,95.30359048196318,0
flashbots-c50,499,10000,8.705589801122944,-8.70037670364485,8.70037670364485,0.005213097478094397,85014.4372373284,1197.9658599982822,0.9861044836130379,6396,337,33865.78434426911,0.005009895743169892,0.04376882243415864,100.50098957431699,9955.387166704666,87.47165406845828,0
flashbots-c50,500,10000,41.59646806823946,-41.58273221963343,41.58273221963343,0.013735848606032164,199746.53872974374,1653.187801993532,0.991791509201811,7312,900,114037.69865181293,0.00927908316835456,0.09775490592859654,100.92790831683546,9909.331120448614,108.87813137566569,0
flashbots-c50,501,10000,42.4376615519542,-42.44316512314293,42.44316512314293,-0.005503571188732792,152484.95467879425,1224.752680620774,0.992032040775688,5412,670,88821.61746491202,0.0013145380690005482,0.19249063490087578,100.13145380690005,9991.585031193972,99.87699805983084,0
flashbots-c50,502,10000,46.92459739918856,-46.948323357841076,46.948323357841076,-0.023725958652512702,187040.48722372722,2437.4373481798098,0.9871360352205315,8820,937,100750.24109233265,-0.00024582350033796273,0.17341567267534316,99.9754176499662,10000.362627828676,75.81893143355069,0
flashbots-c50,503,10000,13.01298951831896,-13.013221668153093,13.013221668153093,-0.00023214983413311074,121936.22563813698,2566.951485656454,0.9793824419186979,8310,489,51654.00614521159,-0.000377302644262727,0.0355321340633705,99.96226973557373,10002.732998251258,97.94582952960913,0
flashbots-c50,504,10000,69.1534500519853,-69.13835044675409,69.13835044675409,0.015099605231213786,310399.786705902,4042.8055544249546,0.9871429454726098,11255,1303,168703.42080033294,-0.0023298714948326448,0.11183452182951768,99.76701285051674,9999.591414797636,67.85407064680061,0
flashbots-c50,505,10000,6.110438901834418,-6.113543658298767,6.113543658298767,-0.0031047564643484904,57324.13465481537,1564.3646417741388,0.9734351416582161,4312,213,22927.905697183247,-0.0000175964376406057,0.06200399430963955,99.99824035623594,10008.897787116764,80.97984172022159,0
flashbots-c50,506,10000,12.082920065017127,-12.071140115197096,12.071140115197096,0.011779949820031277,145380.63387303642,2393.9615509528735,0.983799911317069,10025,454,54945.37679818414,-0.0036709244866045764,0.04205453811048244,99.63290755133954,10054.635052910155,125.3239000523486,0
flashbots-c50,507,10000,12.499624812360484,-12.503636989351833,12.503636989351833,-0.004012176991349037,97954.04057848123,1405.0516997805998,0.9858588512881573,5683,401,44962.71714120242,0.00033291857247547797,0.0511105162224176,100.03329185724755,10005.88686594957,116.76323549341127,0
flashbots-c50,508,10000,33.330823605313,-33.333105145700486,33.333105145700486,-0.0022815403874858475,207995.09472345444,873.2027223140125,0.9958193620908853,10508,866,100117.66279245648,0.0016089441555303097,0.10777864225942552,100.16089441555303,9989.205203787376,95.07703668238047,0
flashbots-c50,509,10000,56.99749657133053,-56.980578911512296,56.980578911512296,0.016917659818233233,260644.63148085907,4376.959251464355,0.9834845182259692,11014,1097,135113.64588524037,0.006588008146653266,0.13234703521832003,100.65880081466533,9938.612030317634,93.67146644680534,0
flashbots-c50,510,10000,43.19758044686438,-43.181576911000114,43.181576911000114,0.016003535864264506,189852.26232702984,2336.874193407229,0.9878407581421299,7562,841,105422.14822058543,0.006733746151641213,0.15184937706374257,100.67337461516412,9937.01050675198,87.51734843932982,0
flashbots-c50,511,10000,34.98431163682904,-34.98339719765312,34.98339719765312,0.0009144391759221548,220264.5206143647,2233.1115208240144,0.9899634369166356,11036,844,105586.7958640108,0.002588236005387188,0.08150751432390123,100.25882360053872,9969.924383186657,103.86260754960776,0
flashbots-c50,512,10000,17.3089857820229,-17.301436780640074,17.301436780640074,0.007549001382827214,149586.74925779778,2649.732023152284,0.9825946317147054,10710,551,60129.24296968128,0.003042600816602885,0.07599868113381206,100.30426008166029,9985.832280465935,90.71353089466925,0
flashbots-c50,513,10000,76.67485363910862,-76.65782633933131,76.65782633933131,0.0170272997773111,264971.27699695615,3210.088313527552,0.9880301589567525,9961,1383,155484.35251937286,0.0024337452381770677,0.15670545293074326,100.2433745238177,9943.767845683122,46.23435740383001,0
flashbots-c50,514,10000,17.5131446359985,-17.478866030585337,17.478866030585337,0.03427860541316363,147879.81276404735,3402.4287761446976,0.9775093973918892,9762,477,58248.904846238445,0.0004712668350727256,0.12212175605538875,100.04712668350727,9964.883841526109,201.20910727615166,0
flashbots-c50,515,10000,22.59178143366799,-22.59168092206272,22.59168092206272,0.00010051160526813874,147550.60316492437,1584.2403088162278,0.9893771282960097,8517,631,68409.83236124727,-0.0010274378316769627,0.12583681440938763,99.8972562168323,10006.817878121814,85.3506831389895,0
flashbots-c50,516,10000,38.31066826006908,-38.33337292133272,38.33337292133272,-0.02270466126363857,152650.27375523638,1357.6086128815525,0.9911848108550929,6842,816,84510.27037248597,0.000003917583736381403,0.15817590255287045,100.00039175837364,9988.835249227697,36.74187400178701,0
flashbots-c50,517,10000,86.70971834451767,-86.71199659506676,86.71199659506676,-0.002278250549096583,240184.29492218024,2136.183849467123,0.9911844683524245,10160,1326,137320.5844805898,0.004215360962959807,0.22792284707750696,100.42153609629598,9987.291225026216,33.76847659356618,0
flashbots-c50,518,10000,36.688880304707865,-36.6901061920613,36.6901061920613,-0.0012258873534349846,116632.15832311995,1335.1944287737178,0.9886816615137421,4241,573,70576.34671794287,0.00002157865398658032,0.10857399283114091,100.00215786539866,10003.518720137417,72.43327741346008,0
flashbots-c50,519,10000,67.00851573020303,-67.00289524544719,67.00289524544719,0.005620484755837651,313147.4843687729,962.8819063507833,0.9969345745644466,11720,1229,168646.12961284377,0.004648586408265487,0.1158857999724495,100.46485864082655,9949.270109460727,105.0759677992,0
flashbots-c50,520,10000,33.03768152384056,-33.02399146039538,33.02399146039538,0.013690063445181977,214038.81322931405,3626.356498765192,0.9833397483699599,9920,719,102026.6431635129,-0.0028342920647071424,0.09793596100796947,99.71657079352929,10042.027242935654,138.28744481730243,0
flashbots-c50,521,10000,4.428056690090524,-4.434843182430228,4.434843182430228,-0.0067864923397040755,62998.09139468918,1147.9082547389817,0.9821047569448983,4943,209,23043.21952106541,-0.00023884487915793785,0.0379454102769904,99.9761155120842,10007.062591543332,111.02052442371586,0
flashbots-c50,522,10000,13.011624563463904,-13.007015586322069,13.007015586322069,0.004608977141835169,104439.64789315294,1172.0959066071964,0.9889018411737478,6720,422,46030.15804471139,0.0051485365544722585,0.08335482425855403,100.51485365544723,9946.388892941799,94.86528978636358,0
flashbots-c50,523,10000,9.603293153477154,-9.605047577816478,9.605047577816478,-0.0017544243393246006,104674.20661276754,2092.674348023461,0.9803995927464438,7491,388,41257.548340822716,-0.0000024565466159742754,0.04136313316399807,99.9997543453384,9999.838840296283,112.16467383836296,0
flashbots-c50,524,10000,41.26147529986002,-41.28277029600357,41.28277029600357,-0.02129499614355268,111888.53816031378,2398.6611733658824,0.9790119874548452,4698,593,66971.03646124253,0.0072970082648544125,0.15355626131558212,100.72970082648544,9987.267937759376,60.93384366556086,0
flashbots-c50,525,10000,18.832126823581163,-18.835251882957195,18.835251882957195,-0.0031250593760319134,110346.6041882037,1820.2723456306894,0.9837717479359281,5888,477,54556.06334357556,-0.005259664779991482,0.0794556342425723,99.47403352200085,10081.960643623797,103.88130537616819,0
flashbots-c50,526,10000,14.398001157919106,-14.393810667357343,14.393810667357343,0.004190490561763127,134191.81709472788,4216.008229143908,0.9695392350882002,10771,475,50543.659805259376,0.0017961258871498841,0.07411104244650019,100.17961258871499,9983.523972296,104.74560557098565,0
flashbots-c50,527,10000,12.738709816760393,-12.734383649673156,12.734383649673156,0.004326167087237209,99364.07701627955,2372.869597984574,0.9766764221165265,6599,408,43175.862197030176,-0.00125445638004706,0.04802383230645802,99.8745543619953,10010.209948140071,81.35558103079696,0
flashbots-c50,528,10000,21.457157993657393,-21.446479714472396,21.446479714472396,0.010678279184997308,154890.31900258188,2680.0917463695196,0.9829911483150249,9517,636,69450.29087108327,0.004294843093493626,0.08014860703017349,100.42948430934936,9973.653334527022,89.07469559322297,0
flashbots-c50,529,10000,10.785654849785848,-10.779857564985264,10.779857564985264,0.005797284800584279,76195.60848262279,579.479219794092,0.992452249328061,4065,310,35512.9383201283,0.004889928888003681,0.060135402241456005,100.48899288880037,9945.827906116969,100.28336618752037,0
flashbots-c50,530,10000,35.56340046112851,-35.593821243843614,35.593821243843614,-0.03042078271510462,148843.8326006752,1481.6700546793354,0.9901435882235079,5385,712,86900.65435975823,-0.0031702065829435355,0.08207479654655217,99.68297934170565,10053.419271638391,101.69769729782128,0
flashbots-c50,531,10000,39.227749512605016,-39.22912380318746,39.22912380318746,-0.0013742905824472018,231510.89059841205,1791.408541866025,0.9923215135535852,10685,911,111448.11291286825,0.0008213973371698557,0.15770453165409137,100.08213973371699,10003.744619713521,110.13111417837389,0
flashbots-c50,532,10000,20.69257295841299,-20.68609594837463,20.68609594837463,0.006477010038359765,167874.9370746389,3286.7871346652014,0.9807971837754685,9447,616,74516.39390428418,-0.0063622865176793655,0.06230606763097356,99.36377134823206,10116.961726364738,124.74795167451322,0
flashbots-c50,533,10000,15.947462230775987,-15.961222217942243,15.961222217942243,-0.013759987166256593,109001.02584081971,1759.0244857225305,0.984118601602865,6775,437,47789.890455736575,-0.0020741545608977674,0.13467971300105916,99.79258454391022,10027.879961002713,142.7729189741036,0
flashbots-c50,534,10000,61.289650426111635,-61.358879751596305,61.358879751596305,-0.06922932548467031,134688.6183711387,2142.2037018352817,0.984344143597319,6772,840,77163.55074820369,-0.003217763621702119,0.2991450843874645,99.67822363782979,10021.45600729455,33.98897758375087,0
flashbots-c50,535,10000,28.996535994239593,-28.98119597664693,28.98119597664693,0.015340017592663457,88897.96414954276,1111.823711222944,0.9876477465657091,5170,664,49989.4490140828,0.000009885484829226243,0.12478451996408538,100.00098854848292,9986.786624354825,17.266303552170353,0
flashbots-c50,536,10000,19.946488564893876,-19.94688548887879,19.94688548887879,-0.0003969239849155315,134501.37572530514,1230.2016572840912,0.9909365110093984,9458,544,58016.754683469364,-0.0038501147821776273,0.1322809961071691,99.61498852178224,10035.047463505003,85.9329445092417,0
flashbots-c50,537,10000,18.41176581069175,-18.411785344616504,18.411785344616504,-0.000019533924753289966,127133.86600612357,1653.6988577162242,0.987159483452734,7613,530,58040.69995971942,-0.00006883999129229323,0.056458848712067466,99.99311600087077,9999.44270587218,86.57890930611123,0
flashbots-c50,538,10000,25.96815122033213,-25.913068262271835,25.913068262271835,0.05508295806029295,101693.71171701181,920.0153207116622,0.9910341886288425,3987,465,58496.02897906213,0.0005856686036918291,0.10972960550507238,100.05856686036918,10018.144072053905,64.3198757310599,0
flashbots-c50,539,10000,21.129542543353732,-21.133570958873676,21.133570958873676,-0.004028415519943707,110814.93959743065,1676.401697154188,0.985097504591361,4982,523,61313.12948064127,-0.003442943058435901,0.06323466781773802,99.65570569415641,10049.487169922008,106.7799829552167,0
flashbots-c50,540,10000,48.63786883574224,-48.6314664827015,48.6314664827015,0.0064023530407411045,235277.067717511,2076.9350159620512,0.9912496313858492,9793,976,122966.09784956841,-0.000009621790631939575,0.18160362709302164,99.9990378209368,10004.54215375719,90.5869240700577,0
flashbots-c50,541,10000,30.063798262061113,-30.056775016455312,30.056775016455312,0.00702324560580081,103047.13369679003,948.2078465251316,0.9908822084484411,4023,575,63242.09279934252,-0.007319364488236318,0.1407679153505083,99.26806355117637,10028.806891329461,42.0996734967568,0
flashbots-c50,542,10000,23.18573700298043,-23.1862199632035,23.1862199632035,-0.0004829602230671526,172162.60909526816,2340.446395090452,0.9865879345865106,10330,655,76498.6986809403,0.0005683228334389411,0.0904733492102153,100.0568322833439,9981.740728539517,99.12963906929552,0
flashbots-c50,543,10000,12.34937095713931,-12.345665476438668,12.345665476438668,0.0037054807006420276,81662.25710051197,1276.3603921587803,0.9846107828808267,4670,332,37592.16377818901,0.002950066351598366,0.07454574084966623,100.29500663515984,9978.02068652003,82.93519514019627,0
flashbots-c50,544,10000,47.111269586672464,-47.176919521965196,47.176919521965196,-0.06564993529273266,192131.74502326176,2904.956992506205,0.9851055880124996,7702,833,105557.17074538066,-0.000006915498282609178,0.14288716117119235,99.99930845017174,10005.836544578704,83.85583403727492,0
flashbots-c50,545,10000,45.285066737254496,-45.28404249491416,45.28404249491416,0.0010242423403354906,252328.00609352722,1225.0495351370614,0.9951684686579713,11733,1067,128877.05916995752,-0.004584500086669862,0.07568404665254348,99.54154999133301,10039.546160709508,93.23300619833327,0
flashbots-c50,546,10000,21.33296809480249,-21.350258159927677,21.350258159927677,-0.017290065125187937,222575.8688146624,2144.4708602933206,0.9904571572675835,11639,704,94385.42439617762,-0.00046684376253395497,0.05007085896897195,99.9533156237466,10048.49961794419,305.13540527244663,0
flashbots-c50,547,10000,15.575140864515305,-15.570680300191327,15.570680300191327,0.004460564323977678,127574.12931171904,2284.618564235373,0.9824068951718392,7874,521,55261.1745761885,0.0025572042363002367,0.09678238969804667,100.25572042363002,9963.873130510237,98.21059136074548,0
flashbots-c50,548,10000,13.076519824232156,-13.078750520161051,13.078750520161051,-0.0022306959288957984,108906.80403339464,1559.8753194746903,0.9858792232317231,4969,404,52195.57524635915,-0.0005866700138739134,0.0510439073313546,99.94133299861261,10001.232672259193,159.14265862726558,0
flashbots-c50,549,10000,8.948349266350789,-8.930751444003533,8.930751444003533,0.017597822347255487,70163.06967368333,1846.1396596006402,0.9743624506268906,5500,256,27606.39540584354,-0.008974041864267122,0.11993607969878639,99.10259581357329,10094.823096124423,101.7972663837582,0
flashbots-c50,550,10000,17.19265693740873,-17.185419969119593,17.185419969119593,0.007236968289138446,130354.02181275173,1738.2186763989812,0.9868408721817254,5516,490,66174.36204143897,0.004156079182734516,0.05465683795875293,100.41560791827345,9964.835673451973,130.97145669698696,0
flashbots-c50,551,10000,41.53194413457355,-41.56579719321556,41.56579719321556,-0.03385305864200916,160225.12666829646,1442.8262930435421,0.9910753722886034,6951,760,87005.0550223917,0.0025754217315446227,0.19158865463482855,100.25754217315446,9971.745898660556,68.6646416531645,0
flashbots-c50,552,10000,16.607001242209854,-16.608440254435706,16.608440254435706,-0.0014390122258518545,86293.36748468364,1375.5177463122432,0.9843100805640687,5053,463,44826.76154320523,-0.0004980777922793323,0.06857921184139969,99.95019222077207,10013.87039591164,55.18647110103805,0
flashbots-c50,553,10000,21.60021400319183,-21.597110680085024,21.597110680085024,0.0031033231068064993,177922.79676271055,3686.2078546926405,0.9797025050467161,9364,714,83037.69072346542,0.005509821940652842,0.0475265104887032,100.55098219406528,9944.659350254775,101.98080623911477,0
flashbots-c50,554,10000,41.079863303670734,-41.068617241765715,41.068617241765715,0.011246061905019644,155909.9206722632,2591.660561177368,0.9836489923885342,6551,818,89431.23232359024,-0.002265223280951574,0.14226343227191762,99.77347767190484,10011.063535306339,39.7306217339827,0
flashbots-c50,555,10000,28.216528067671806,-28.33426628249712,28.33426628249712,-0.11773821482531233,119718.19752397244,2167.3770516318878,0.9822179362965755,6450,522,59733.22939606037,0.0036685483409762297,0.23039921233663052,100.36685483409762,9941.576919133806,99.0478883338801,0
flashbots-c50,556,10000,10.370331284245973,-10.375456310011842,10.375456310011842,-0.00512502576586904,144239.59624277247,2592.907416342367,0.982341052888657,9717,435,53781.8825071391,0.0006082335623710833,0.033173195564029354,100.06082335623711,9968.842746346494,202.7625046711033,0
flashbots-c50,557,10000,26.26780932771007,-26.282532126744407,26.282532126744407,-0.014722799034338152,186741.05104981468,3170.386313775439,0.9833059748386526,11520,756,81605.6653058474,-0.0037973855560947812,0.07420991954129448,99.62026144439052,10054.7425883489,106.7344285451224,0
flashbots-c50,558,10000,20.512284439644198,-20.51258862109657,20.51258862109657,-0.0003041814523712105,145203.3680520402,1410.3919783559427,0.9903802209419938,8558,513,64235.52762794193,0.0031613582703707266,0.08354607104784292,100.31613582703707,9943.2177979373,116.09850474915106,0
flashbots-c50,559,10000,83.22473985491003,-83.15904036206578,83.15904036206578,0.06569949284424581,274524.99407246994,2342.870935329061,0.9915379455999234,10983,1403,155680.32623421904,0.0001485964854968813,0.14596636362177506,100.01485964854969,9983.558303017764,69.45967769035484,0
flashbots-c50,560,10000,22.062044430396412,-21.834207876280175,21.834207876280175,0.22783655411623727,113694.19885648214,1740.9576246573324,0.9849183067123769,5152,493,58259.53731384136,-0.0359853358285163,0.10709160481404296,96.40146641714837,10321.358881709379,85.91916807170469,0
flashbots-c50,561,10000,15.85882371185352,-15.859423184071225,15.859423184071225,-0.0005994722177060652,107935.15907474667,1348.7153394911154,0.9876586061143948,7115,429,45948.866363212546,-0.000004751239667655227,0.09897943046826967,99.99952487603323,9999.74809408015,72.1248658647297,0
flashbots-c50,562,10000,21.225082177543243,-21.222601052287928,21.222601052287928,0.0024811252553149643,147550.31787544486,26.33265267074876,0.9998215662669094,7818,619,71871.81223033047,0.0033304827024376493,0.058259566606411683,100.33304827024376,9966.762147705162,99.63677897888302,0
flashbots-c50,563,10000,31.620514904848747,-31.61226224305652,31.61226224305652,0.008252661792226945,180228.74349817034,447.1648763159901,0.9975250442610802,7846,788,95647.44730976521,-0.005952388988384882,0.09608609752016989,99.40476110116151,10056.091493812857,95.99120198730567,0
flashbots-c50,564,10000,60.04259080581134,-60.0402359584652,60.0402359584652,0.0023548473461332264,243454.9361691844,422.171441166363,0.9982689173030505,10584,986,126052.95377920024,0.0029148619853989997,0.20004657052174765,100.2914861985399,9970.820438356064,98.954955671467,0
flashbots-c50,565,10000,42.34923855592755,-42.375717251952,42.375717251952,-0.026478696024447856,195961.5447657894,2310.1106599030695,0.9883487599125391,7398,773,104791.44692645622,0.00023446852232950733,0.15615363852358485,100.02344685223295,10041.671973737753,218.39122965706557,0
flashbots-c50,566,10000,24.22858966295834,-24.201014962074268,24.201014962074268,0.027574700884070324,143559.93688410954,1714.6881477363588,0.9881969191291288,6781,638,74574.31404371468,0.013143932621519668,0.1007480710930976,101.31439326215197,9848.539799412634,109.61850464730547,0
flashbots-c50,567,10000,54.89470190714207,-54.88116137911592,54.88116137911592,0.013540528026148024,218036.75540898475,2050.434292362143,0.9906835363968957,10391,1153,118994.02174584921,-0.005243216985353456,0.11797217851562791,99.47567830146465,10045.360954014579,51.24606829775438,0
flashbots-c50,568,10000,12.608479248544871,-12.605827914408707,12.605827914408707,0.0026513341361642517,122406.73838421177,1833.2453176226477,0.9852443210068164,9687,432,47211.347847640274,0.0011120951079500686,0.06018379679161114,100.111209510795,9982.21485031751,112.53721362883763,0
flashbots-c50,569,10000,57.488216131730496,-57.48892935684253,57.48892935684253,-0.0007132251120367528,254591.0158853246,426.07362202483495,0.9983292350216688,9178,1038,140137.26401946796,0.000001698885351828494,0.11307880474150438,100.00016988853518,9999.317807681336,102.45326020043706,0
flashbots-c50,570,10000,81.39749003688874,-81.36766285594564,81.36766285594564,0.02982718094310144,244921.64593641803,2418.946767378011,0.9902201788192736,9356,1340,143870.7272192146,-0.01573035724628042,0.19651289499338362,98.42696427537196,10051.980121262759,45.819512705477635,0
flashbots-c50,571,10000,80.36063838391118,-80.32947150200246,80.32947150200246,0.031166881908717414,286408.2163612242,2271.830002443457,0.992130283921385,11585,1426,163799.8851310206,-0.01568551651275456,0.14933879368655795,98.43144834872454,10088.607792771827,67.94677806911939,0
flashbots-c50,572,10000,15.47382210080979,-15.464629327273265,15.464629327273265,0.009192773536524257,87654.89936644767,1601.8413134372126,0.9820535535889425,5132,436,44152.98700962114,-0.007188070570127394,0.06587153068939657,99.28119294298726,10041.205914182632,61.81167045016577,0
flashbots-c50,573,10000,44.804823114645984,-44.82330933626323,44.82330933626323,-0.01848622161724478,188107.98600638955,2507.9551716241144,0.9868428886056179,11107,986,94631.08235121019,0.0014865889297145428,0.13458095485148291,100.14865889297145,10006.249381215179,51.63776651458527,0
flashbots-c50,574,10000,24.220213267269312,-24.217746898870217,24.217746898870217,0.0024663683990944207,171557.09263257709,1979.978664776715,0.988590457070789,6946,592,84761.33933302923,-0.003082637197795606,0.09901904621906368,99.69173628022044,10060.785244501667,167.5473347110451,0
flashbots-c50,575,10000,42.29229908717039,-42.287973762655255,42.287973762655255,0.004325324515136231,247520.72460933065,2541.803148789499,0.9898353297010253,11527,1018,122199.30268910651,-0.0005179015770806928,0.08865024639537439,99.94820984229193,9998.369011866807,88.1459098851723,0
flashbots-c50,576,10000,45.12169978129246,-45.12226449523358,45.12226449523358,-0.000564713941116679,217054.0591417938,3853.1812989487944,0.9825574694099608,11079,904,107732.59293912935,-0.0034064756552568552,0.17318656810160435,99.65935243447431,10019.551461103398,83.24196392931401,0
flashbots-c50,577,10000,14.31183006700699,-14.301095140051636,14.301095140051636,0.010734926955354496,69188.26777570172,706.9558650610045,0.9898854910502253,4067,366,35461.44891904665,0.003118628785884141,0.10791801480859604,100.31186287858841,10000.354520220983,44.438527779382895,0
flashbots-c50,578,10000,32.85437478995743,-32.84285317958739,32.84285317958739,0.011521610370046176,205416.60205361838,3815.066549590821,0.9817663044267654,11463,751,94999.98173724266,-0.0003578246571767352,0.09521176199343642,99.96421753428233,10053.686653640825,183.1108844988538,0
flashbots-c50,579,10000,10.624224145959118,-10.617489943083768,10.617489943083768,0.006734202875350093,88695.27758089568,1711.3420145215855,0.9810706116191482,5111,342,39129.77410693251,0.002804922883814527,0.06960650839925023,100.28049228838145,9984.604731121715,143.8945402773289,0
flashbots-c50,580,10000,22.969621645256748,-22.97095021789609,22.97095021789609,-0.0013285726393412745,164334.51093574645,2700.6706175254335,0.9838317257932627,9157,647,76793.43783047485,-0.0002410019092916116,0.062120928429224447,99.97589980907084,9970.175020361523,157.51798221163267,0
flashbots-c50,581,10000,20.415052581386618,-20.40148658990133,20.40148658990133,0.013565991485286588,96710.89713104216,2844.661062705061,0.971426396332699,7718,554,43648.50840976437,-0.011077856754559577,0.13343879892665342,98.89221432454404,10027.093826570446,27.90702266373063,0
flashbots-c50,582,10000,23.458575271213867,-23.45473166691753,23.45473166691753,0.0038436042963354566,130690.22701690004,2376.1352222408964,0.9821432315255556,7115,612,64329.31087027634,-0.0013088126507588527,0.10105631499667496,99.86911873492411,10013.497262814166,66.33948181015751,0
flashbots-c50,583,10000,11.803642249910535,-11.798543842510142,11.798543842510142,0.0050984074003928015,78441.54496014613,1105.4463228227005,0.9861032289846093,5340,352,35726.35808832652,-0.0039047805241487765,0.053704947018471075,99.60952194758512,10017.019808326979,62.790361907341946,0
flashbots-c50,584,10000,29.68590003315647,-29.685584193169035,29.685584193169035,0.0003158399874365614,216003.4138115641,251.1964927342941,0.9988384224855098,11776,811,96254.20157598211,-0.0000038092067678974216,0.07573172042286189,99.99961907932321,10001.151217233595,102.45791525013938,0
flashbots-c50,585,10000,8.196272751466141,-8.200579483120585,8.200579483120585,-0.0043067316544433965,65986.33966425665,922.935299261749,0.9862061679824663,5159,311,28636.26744762686,0.0005885792161193137,0.05947764709681962,100.05885792161193,10008.313383641105,62.998818361584135,0
flashbots-c50,586,10000,30.91525106003383,-30.90439263902079,30.90439263902079,0.010858421013040243,164240.43410476757,1596.6842128193812,0.9903719732408661,6419,665,90117.22071078225,-0.004715367844617475,0.07639384725321748,99.52846321553825,10034.119500384539,135.47173399506005,0
flashbots-c50,587,10000,21.962366700104862,-21.96636384655116,21.96636384655116,-0.003997146446298672,113772.84025850243,1440.9192406348277,0.9874935142564667,5400,532,62004.970562223636,-0.0069902213220285605,0.09000938401019014,99.30097786779714,10063.325403707955,79.6243781498357,0
flashbots-c50,588,10000,14.516403526392851,-14.511602680152905,14.511602680152905,0.004800846239946921,120503.33206034366,1939.1505439764135,0.9841627635871866,6474,459,56501.794782454264,0.00271932745584607,0.07111031232027713,100.2719327455846,9949.70160301395,142.9535982638559,0
flashbots-c50,589,10000,15.164024325961197,-15.156671643285435,15.156671643285435,0.007352682675762168,155419.01711096632,2525.5068731651436,0.9840101650284573,11138,582,62652.08936835537,0.0030320284983991995,0.04528862212601623,100.30320284983992,9967.066704341434,104.12931698699431,0
flashbots-c50,590,10000,31.74537871589175,-31.74423390870973,31.74423390870973,0.0011448071820190364,202996.70339340417,1472.4358858762514,0.9927987377896423,10231,817,99624.79143955038,0.000028349442070236817,0.10976867141052934,100.00283494420702,10000.704356872939,102.17605587213778,0
flashbots-c50,591,10000,27.36161912624732,-26.983983202744398,26.983983202744398,0.37763592350292186,178124.38262373712,1691.7159685923136,0.9905919660039577,8027,689,86625.53635872125,0.03292598485797825,0.0955790095559304,103.29259848579782,9449.440128015522,170.94502230468575,0
flashbots-c50,592,10000,51.981647469533634,-51.98907800155683,51.98907800155683,-0.007430532023192882,218791.41098612934,1951.5046929686553,0.9911593779262858,9113,973,117960.08654268553,0.0017586248344393595,0.1593577034738729,100.17586248344394,9990.704694269712,86.88299440932985,0
flashbots-c50,593,10000,12.924697671111677,-12.928134066106267,12.928134066106267,-0.003436394994590586,86411.11569649866,1639.9981411165857,0.9813744759192816,5051,353,40929.062326348714,0.004318975009151984,0.09719609280337566,100.4318975009152,9959.682271665453,127.52394978198895,0
flashbots-c50,594,10000,19.123327882969928,-19.124863820627915,19.124863820627915,-0.0015359376579873185,133772.24117373786,3470.511180783778,0.9747126087079714,8787,619,59148.93724850397,-0.0019284583586231462,0.08990841272518381,99.80715416413769,10000.111934677723,40.779985185185986,0
flashbots-c50,595,10000,16.090467850922956,-16.089043491013705,16.089043491013705,0.0014243599092509385,132467.19153940387,3628.3952660453556,0.9733393613179229,9628,500,52946.99472596625,-0.0015370865086195807,0.12415739881656734,99.84629134913804,10013.391572840103,104.341102744763,0
flashbots-c50,596,10000,26.2311788838837,-26.2347917783206,26.2347917783206,-0.003612894436898273,133520.71072279115,1529.124944048193,0.9886773283618021,5453,587,73945.59417140677,0.0002341365509904847,0.08720247928395537,100.02341365509905,10008.708703160277,87.41606387806199,0
flashbots-c50,597,10000,25.792298024364378,-25.775301554892394,25.775301554892394,0.016996469471983744,195020.43869206242,2421.4070446858277,0.9877361000366948,10648,719,86347.08616702697,-0.006702720510220672,0.09717814092773182,99.32972794897793,10066.904005190225,95.73666565786881,0
flashbots-c50,598,10000,58.693421253304024,-58.691770873453876,58.691770873453876,0.0016503798501474876,288507.44614265667,2766.500974494017,0.9905020651456296,11068,1159,150819.73207800105,0.0005991318319406957,0.13014853125938275,100.05991318319407,9993.194919589914,92.16854290901698,0
flashbots-c50,599,10000,97.37431069490596,-97.35797312231689,97.35797312231689,0.016337572589065985,306975.11060326983,2454.3940731435364,0.9920680024495071,11333,1379,177488.16814222402,0.00016756801977919623,0.26608999494251095,100.01675680197792,10020.488534755068,85.52272691216025,0
flashbots-c50,600,10000,23.35603258923084,-23.3295105089503,23.3295105089503,0.026522080280539484,95025.69475204998,1806.6313248834851,0.9813426838115185,4409,464,50429.55114224455,-0.003850355510943331,0.16029651004754755,99.61496444890567,10037.587686510302,53.75655396086622,0
flashbots-c50,601,10000,19.233764354360236,-19.230522874159703,19.230522874159703,0.0032414802005327203,105474.91586896617,1271.3085158830613,0.988090365507452,4177,431,56285.342886961174,-0.0000005988704616299856,0.08196916522672482,99.99994011295384,9999.741229227995,110.0934412303796,0
flashbots-c50,602,10000,21.192581570877785,-21.186091286398792,21.186091286398792,0.006490284478992692,140353.78023529987,1484.4728661251816,0.9895340443521702,5510,509,71413.24305204002,0.005926940028988952,0.060235150943058924,100.5926940028989,9917.105619703689,126.13494630676568,0
flashbots-c50,603,10000,22.841907867927315,-22.808436049450535,22.808436049450535,0.03347181847678016,156041.39676709112,2310.5513216063796,0.9854087597311264,8946,600,69924.58455204328,0.013117159329594444,0.07312164679810579,101.31171593295944,9871.991858738245,99.4759488368599,0
flashbots-c50,604,10000,115.22229117793646,-115.10981433159213,115.10981433159213,0.11247684634432176,272392.14730057906,3021.700752525613,0.9890285082834943,11724,1404,153124.05166576034,-0.004826527585126712,0.5093493932166498,99.51734724148733,9958.921926054762,40.19395435154546,0
flashbots-c50,605,10000,9.709393031113754,-9.708887257598093,9.708887257598093,0.0005057735156608345,77199.90157790079,446.36088255342264,0.994251353916993,4840,330,35528.98758172349,0.0005441815040919096,0.05145517003523807,100.05441815040919,9997.546093438868,102.41020392610012,0
flashbots-c50,606,10000,6.411307267319135,-6.410093718157086,6.410093718157086,0.0012135491620490768,66717.11472606448,991.3098179247482,0.9853591362581372,4131,220,27526.99007926911,-0.0028009082123831774,0.04486002014100762,99.71990917876168,9988.760472397173,127.25552115746517,0
flashbots-c50,607,10000,38.09999935792709,-38.134762440799065,38.134762440799065,-0.034763082871975826,176561.55672496403,1925.0620528309041,0.9892145301086829,7447,795,93944.99788966733,0.002570971739563674,0.11152155563309421,100.25709717395637,9947.443826375227,122.22203561688673,0
flashbots-c50,608,10000,20.865332999519886,-20.862736435210323,20.862736435210323,0.002596564309563121,175939.17954813482,1788.184496218361,0.9899386090271832,11237,688,77140.51794492801,-0.003586667227932594,0.08191908918343785,99.64133327720674,10045.77141308562,105.19220550071998,0
flashbots-c50,609,10000,14.855773667225744,-14.864892013010824,14.864892013010824,-0.00911834578507964,132404.90543700274,2932.206079477012,0.9783340574760238,10249,448,50858.450951224084,0.002761132653258471,0.08113896895968736,100.27611326532585,9975.959627492397,100.24624707468026,0
flashbots-c50,610,10000,21.791280414710045,-21.739082184906152,21.739082184906152,0.052198229803892104,166038.3481005782,2368.983442550695,0.985933014787162,11606,622,68420.21920691544,-0.0021020803871637382,0.1027451254779146,99.78979196128363,10025.695816143962,122.47292879266541,0
flashbots-c50,611,10000,70.73282406285715,-70.7124466669926,70.7124466669926,0.02037739586454279,276651.8344457986,2532.453319435308,0.9909290979814565,11661,1274,148119.95065709623,-0.005965439835757991,0.21263286225884342,99.4034560164242,10014.180665951393,47.75684995178802,0
flashbots-c50,612,10000,26.722723724469418,-26.711306159501234,26.711306159501234,0.011417564968184024,180229.34740885865,1962.7702515098829,0.989226920040697,11222,862,85072.61773289133,0.008152364339516539,0.07115853123037354,100.81523643395165,9955.36471058707,54.572305331533386,0
flashbots-c50,613,10000,31.22256180302665,-31.22155956805379,31.22155956805379,0.0010022349728586732,174588.1658028099,3473.261716557619,0.9804940252083522,8554,784,84760.11592023887,-0.00592463931215434,0.0860407878075675,99.40753606878457,10027.643850040005,65.467761243177,0
flashbots-c50,614,10000,33.02117306967548,-33.00654401736763,33.00654401736763,0.01462905230784628,222971.9409054089,2278.937697707904,0.9898826689962736,9927,884,110904.31753914639,0.005771107480626227,0.062060694553470054,100.57711074806262,9926.699326201437,118.1689678595904,0
flashbots-c50,615,10000,8.413774403296832,-8.41197899314114,8.41197899314114,0.0017954101556920676,61527.89661187855,1413.4356138095222,0.9775436018935636,4819,292,26156.883490916938,-0.0025871576583645604,0.05579528017491867,99.74128423416354,10004.95445604047,51.05806734201403,0
flashbots-c50,616,10000,7.26033292734422,-7.259246874871195,7.259246874871195,0.0010860524730249566,55769.198909687795,504.7963891197071,0.9910296685629072,4299,199,22578.168814620683,-0.0011524492159063016,0.07078835252847185,99.88475507840937,10015.464452756492,107.76120335627509,0
flashbots-c50,617,10000,38.72649970914228,-38.75041329051002,38.75041329051002,-0.02391358136773647,229963.4193656746,3017.9681691267715,0.9870463121493944,9914,870,116569.99288870307,-0.0023973206029714333,0.09321803900250941,99.76026793970286,10016.826017129124,104.6636433113879,0
flashbots-c50,618,10000,73.52321737472079,-73.51289903768294,73.51289903768294,0.010318337037844572,300680.66326215945,2707.0013670644225,0.9910774178298491,11217,1332,166367.80104606776,0.003989874508598632,0.1923191232858997,100.39898745085986,9961.148418319952,81.63107379049231,0
flashbots-c50,619,10000,23.037255653571723,-23.039019069484254,23.039019069484254,-0.0017634159125314852,168120.37655832383,2127.53304367841,0.987503323543578,11192,652,71140.74821385728,0.0007897593195022524,0.10025582763725197,100.07897593195023,9997.359352810587,96.09177552407807,0
flashbots-c50,620,10000,60.713474357866374,-60.740928147192186,60.740928147192186,-0.02745378932581133,210799.47304663176,2105.0770691785538,0.9901125782984277,7900,985,120874.7064670395,0.004829786099657127,0.25426517180947,100.48297860996571,10014.103771890037,77.39078559825987,0
flashbots-c50,621,10000,18.378456634494874,-18.365874508471705,18.365874508471705,0.012582126023168883,107992.63812119135,1245.5573617791476,0.9885977852684932,4098,433,58126.860115205505,-0.007230767226347865,0.06077393476718541,99.27692327736521,10075.634312215698,122.78787575107806,0
flashbots-c50,622,10000,4.9560442351829455,-4.9541687124168305,4.9541687124168305,0.001875522766114912,56242.63368873378,1897.622109409266,0.96736130442911,4741,234,22051.34053146972,0.002433160069377038,0.03902640495517261,100.2433160069377,9985.12363836394,92.90810835553661,0
flashbots-c50,623,10000,24.625255417525526,-24.631195158933792,24.631195158933792,-0.0059397414082660305,134547.06787136052,2522.0686154227983,0.9816000255048957,8319,656,66000.77614016665,-0.00004306809494764252,0.09760698709677783,99.99569319050524,9993.878522402743,86.01573014315113,0
flashbots-c50,624,10000,101.82279973759944,-101.50888604625179,101.50888604625179,0.31391369134765057,171020.4577384866,1966.1491774180295,0.9886340959426191,8749,974,95227.13802116406,0.0000018676081394630728,0.8643218639517749,100.00018676081395,10038.612208595436,33.270632516992315,0
flashbots-c50,625,10000,28.50090233163575,-28.491014539992534,28.491014539992534,0.009887791643215849,149359.13486032118,1319.8848283355262,0.9912404206566863,6223,678,81180.80518407344,0.006609358287664974,0.10345180080392666,100.6609358287665,9916.330044640577,104.8000712852069,0
flashbots-c50,626,10000,6.8809694685382,-6.875661415134232,6.875661415134232,0.005308053403967783,67508.3683297679,535.5012594970517,0.9921300586999313,4791,283,28198.996524350358,0.005528708919472649,0.036097746048398986,100.55287089194726,9950.179555339902,90.71281131164903,0
flashbots-c50,627,10000,7.753824209719062,-7.750588867133217,7.750588867133217,0.0032353425858451246,56904.00973602354,846.9840456575472,0.9853338619789047,4288,280,26056.384528886058,0.0006976945247131993,0.05649348622850326,100.06976945247132,10007.462029102953,69.20764041483396,0
flashbots-c50,628,10000,58.035864266073006,-58.045082174836544,58.045082174836544,-0.009217908763538674,239112.5990589706,3678.6252061559435,0.9848486072044396,8907,981,130584.50406822078,0.000003831301878136628,0.12256699191840113,100.00038313018781,10010.875082595854,119.61462933631582,0
flashbots-c50,629,10000,5.51897594226975,-5.517460035525048,5.517460035525048,0.0015159067447028107,57069.64721033736,913.0106433598406,0.9842537290087052,4097,204,23403.577715181564,0.002763643276252452,0.03726994990499307,100.27636432762525,9963.408781695874,144.8054846259827,0
flashbots-c50,630,10000,16.0002231453673,-15.994405252044118,15.994405252044118,0.005817893323182943,95704.79699672833,1593.6136638559544,0.9836213803181728,4097,354,48487.48707235823,-0.0006521157504658959,0.06960661011361935,99.93478842495341,10009.045018355748,135.3348578819516,0
flashbots-c50,631,10000,27.391533115824657,-27.408008635617264,27.408008635617264,-0.016475519792606974,198295.55612343329,1781.6398415645053,0.9910952378507135,7953,701,102509.30483293723,-0.0026769850198840573,0.04906708749107693,99.7323014980116,10043.100844835604,177.22367047747647,0
flashbots-c50,632,10000,49.72230185852384,-49.70832658974439,49.70832658974439,0.013975268779454098,271453.4783353056,3143.346356777821,0.9885528670613632,10655,1138,144555.23572722336,0.0077616926128460766,0.08247997739289403,100.77616926128461,9936.662094343235,87.79391393212764,0
flashbots-c50,633,10000,51.24081281896563,-51.241449072346896,51.241449072346896,-0.0006362533812662718,223838.0616635335,711.3933237870576,0.9968319080363511,8715,942,122635.81603291216,0.0014801893377806151,0.15566609492642158,100.14801893377806,9982.366670708963,97.13453000383612,0
flashbots-c50,634,10000,25.922955532205716,-25.914152885229583,25.914152885229583,0.008802646976132422,123341.72390732531,883.1090661623517,0.9928910424347214,4520,557,72489.06419406002,0.006093006484873484,0.08623419597252437,100.60930064848735,9920.057107073886,119.34191686874206,0
flashbots-c50,635,10000,87.9035240984098,-87.89058914721599,87.89058914721599,0.012934951193813049,208738.32754839357,2088.865292501654,0.9900920499658786,7994,1287,127988.00261696345,0.004489836881914186,0.17750273198314687,100.44898368819142,10015.045146924982,41.45820561370026,0
flashbots-c50,636,10000,19.098337103755583,-19.0934236937983,19.0934236937983,0.004913409957282511,128413.02517160091,1971.0223436060785,0.9848829486339102,9447,569,55469.707562065436,-0.002561173684270841,0.0982892448615901,99.74388263157292,10020.559579747161,72.4763268572966,0
flashbots-c50,637,10000,18.16393154417287,-18.157233768928478,18.157233768928478,0.006697775244390414,120804.5971061428,2617.6429553588173,0.9787911566500944,7442,471,54156.50655658622,-0.004943581821477494,0.14176474592791252,99.50564181785225,10063.202280006728,129.0679058391502,0
flashbots-c50,638,10000,11.018984741867657,-11.018271744192646,11.018271744192646,0.0007129976750110956,98913.2027003191,492.1996123324358,0.9950485627452685,7598,354,37890.36583484264,0.001872809142475802,0.055511790419784574,100.18728091424758,9981.051331345807,99.23445976650498,0
flashbots-c50,639,10000,21.253533732645057,-21.254573977688523,21.254573977688523,-0.0010402450434661148,145462.3972319717,1697.9093644973311,0.9884621783973773,6065,561,73729.2697221077,-0.0005616243551347111,0.0716010135743572,99.94383756448653,10003.009006644503,150.36570794272964,0
flashbots-c50,640,10000,10.478227517851556,-10.474034312182312,10.474034312182312,0.004193205669244193,94376.24348228224,41.23634732735253,0.9995632551578185,6460,362,39094.70079427098,-0.004420172009085661,0.03797987776052196,99.55798279909143,10044.767505269087,100.16493752469623,0
flashbots-c50,641,10000,34.49731975461528,-34.48520308160291,34.48520308160291,0.012116673012371848,117369.12505730068,988.985312844458,0.9916441272190679,4594,593,68311.09824492483,0.0014581954912134165,0.1549067293546075,100.14581954912134,10005.43365902172,59.86077133900214,0
flashbots-c50,642,10000,27.6589218727609,-27.66204722056709,27.66204722056709,-0.003125347806189893,187965.24359800242,2201.347624523928,0.9884241095642926,9972,737,85794.8749239574,-0.0012306313231222532,0.08017528152827481,99.87693686768777,10007.98094385171,87.8002578843329,0
flashbots-c50,643,10000,19.617523381973058,-19.62475418976068,19.62475418976068,-0.007230807787621529,183869.52070207827,3640.843370498284,0.9805832419530204,11278,590,74666.5352675318,-0.000939593720478058,0.06317362755191085,99.9060406279522,10021.481515444668,176.0255444871919,0
flashbots-c50,644,10000,15.795600191203736,-15.784071794709781,15.784071794709781,0.011528396493954318,106845.96091813793,1561.113815418715,0.9855995208868459,7643,513,48826.71631459042,-0.00929115149388636,0.08483379231136937,99.07088485061136,10040.670754178238,43.50502343556149,0
flashbots-c50,645,10000,24.3840744503344,-24.383742245945356,24.383742245945356,0.0003322043890428006,144294.0813754184,1213.2025331605266,0.9916622556577801,6621,571,73221.74079506489,0.003712755531773695,0.07710046841716277,100.37127555317737,9959.50653904385,112.08563231943062,0
flashbots-c50,646,10000,16.27632664614802,-16.27676546113517,16.27676546113517,-0.0004388149871488167,111832.0444556923,1773.0758958741408,0.9843926410148847,5549,491,54697.17922288331,-0.00017211411668114352,0.06240664244792456,99.98278858833189,10009.420333337686,99.87357187932876,0
flashbots-c50,647,10000,37.54654247153913,-37.559792697917516,37.559792697917516,-0.01325022637838913,213893.00795212944,2296.6209580252425,0.9893768217763134,9020,780,106930.40460012782,0.0020020753497321663,0.14605987421583336,100.20020753497322,9940.382587816846,207.24050857232703,0
flashbots-c50,648,10000,22.86970895930144,-22.874925080713396,22.874925080713396,-0.005216121411955044,180461.11460486252,2202.5450074695264,0.9879420733596161,11034,701,80589.1479065226,0.0015068031162233809,0.08180810622311654,100.15068031162234,9992.529862342171,116.09301442264407,0
flashbots-c50,649,10000,24.502441515672714,-24.483829590884028,24.483829590884028,0.01861192478868645,141865.62542825946,1263.3268042449417,0.9911735062365806,5503,552,75181.77696516877,-0.004923015419025348,0.09624873793373738,99.50769845809747,10055.005446475172,131.9835907771027,0
flashbots-c50,650,10000,23.394387367658705,-23.42483145357422,23.42483145357422,-0.03044408591551573,119647.81991361751,2159.469151346213,0.982271429173713,9285,620,54033.40325659761,-0.0015753749234332303,0.09886235035427092,99.84246250765668,9962.85749172042,65.57003906431606,0
flashbots-c50,651,10000,40.476736349312574,-40.43900350899362,40.43900350899362,0.0377328403189523,154008.7941562743,1862.16428373029,0.9880531671687446,6134,811,90943.3357243143,0.0004273872962787095,0.16403085075106133,100.04273872962787,10040.651997520732,69.76828640236748,0
flashbots-c50,652,10000,19.030596431755235,-19.02542385269699,19.02542385269699,0.00517257905824664,126602.71585564221,2987.3513148962097,0.9769476829503846,7765,583,58400.21823521585,0.0076810079746284995,0.08921042357819786,100.76810079746285,9951.726655512266,67.28073571738732,0
flashbots-c50,653,10000,5.662477029914582,-5.661363332024578,5.661363332024578,0.0011136978900037064,60091.787570989574,1384.9375819220218,0.9774721640022748,4837,217,22913.73045752653,-0.0004327577562423812,0.038078071957216506,99.95672422437576,9992.269568106734,91.85372398830214,0
flashbots-c50,654,10000,20.471673420719195,-20.455746033204512,20.455746033204512,0.015927387514683033,102814.531528043,1804.5319722292986,0.9827514038851571,6047,445,48063.90985276591,-0.0009539416409492673,0.19135220979342393,99.90460583590507,10030.480616985174,103.18343145795929,0
flashbots-c50,655,10000,53.460414103702604,-53.45903487740573,53.45903487740573,0.001379226296876368,287305.1493492862,3433.5515002174907,0.9881902495602235,11406,1191,152986.65337480532,-0.0019355441423978448,0.08596198240428819,99.80644558576022,10019.592435225582,101.30606533075216,0
flashbots-c50,656,10000,28.4027943851157,-28.400751641644803,28.400751641644803,0.0020427434708985004,227369.90202715615,2399.6425335455933,0.9895563072202042,11136,820,103412.11485300827,0.000005867682296525345,0.08437877049755443,100.00058676822965,9978.788715708331,126.97958699102001,0
flashbots-c50,657,10000,99.9823606622985,-99.9158392076234,99.9158392076234,0.0665214546750974,274174.3999700555,1979.6248718004151,0.9928314466068924,9671,1289,161484.8275607153,0.0010461537740367533,0.3112600373032774,100.10461537740368,9969.058427608197,59.091139205076885,0
flashbots-c50,658,10000,21.493454670125075,-21.497044799420905,21.497044799420905,-0.0035901292958300246,102900.69329777581,905.1548638111559,0.9912803095409214,4169,424,55330.53793982115,-0.003234197705020421,0.10136707674852857,99.67658022949796,10045.616326069108,127.85032111518267,0
flashbots-c50,659,10000,14.775068094790267,-14.762943959610197,14.762943959610197,0.012124135180069828,120741.69623343929,1951.6920276051464,0.9840929323473185,9093,505,50141.24176042011,0.005569763825731684,0.08574682289894284,100.55697638257317,9976.002158155685,51.036525213575416,0
flashbots-c50,660,10000,32.88387562144025,-32.88894504465661,32.88894504465661,-0.005069423216362168,111972.24681501195,944.3078656944269,0.9916371176187173,4551,506,63405.18504872399,0.0007614417405342522,0.23000533138865706,100.07614417405343,9988.41047183502,98.47884106501276,0
flashbots-c50,661,10000,11.297779947823624,-11.293048967969455,11.293048967969455,0.0047309798541697035,137173.69675373574,2394.07950282476,0.9828464738277134,10050,474,50802.77940920764,0.0033081429516686,0.04325250582038492,100.33081429516686,9964.213820809317,114.15948571921379,0
flashbots-c50,662,10000,30.794232775306195,-30.794892618617197,30.794892618617197,-0.0006598433110021062,202634.54998404786,1650.8376059964655,0.9919189638305931,11297,769,91073.21569450316,0.0008790157383167241,0.07835586206371417,100.08790157383167,9977.516637906416,101.29361979293853,0
flashbots-c50,663,10000,63.62233611979739,-63.61343858891212,63.61343858891212,0.00889753088527101,246701.00497389893,2649.9638846818325,0.9893725542883903,9725,1168,137197.13554626895,-0.004881991910175287,0.13762784032840983,99.51180080898247,10044.031725255614,91.26406102827708,0
flashbots-c50,664,10000,45.68819444881421,-45.6673605223058,45.6673605223058,0.020833926508409206,169056.98972157456,2264.6382818000843,0.9867813637531189,6262,756,97335.82592228921,-0.002193244791792921,0.15638549213493336,99.78067552082071,10016.795380500693,88.90739423377586,0
flashbots-c50,665,10000,87.02719029748138,-87.03662080546894,87.03662080546894,-0.009430507987559622,240220.7764240192,1870.4070172008078,0.9922739564877424,9274,1303,142567.67624439535,-0.000014589837715845989,0.17039019618264548,99.99854101622842,9995.2066129638,46.72329681313615,0
flashbots-c50,666,10000,67.74708369151794,-67.70265035530714,67.70265035530714,0.044433336210801144,285085.7278220589,2557.8290313035745,0.9911076435735791,11028,1238,152393.12842469307,0.00000738975675403708,0.1440755607849978,100.0007389756754,10013.031387376846,34.299933565995524,0
flashbots-c50,667,10000,21.71610142813879,-21.692405983686584,21.692405983686584,0.02369544445220484,125949.28703270425,3436.2439431349994,0.9734418221479753,9179,616,55975.357446925795,0.0014176554017623743,0.08373653851123905,100.14176554017624,10036.63227947084,44.06651226738637,0
flashbots-c50,668,10000,23.035513794289912,-23.02045456677068,23.02045456677068,0.015059227519230944,143219.74226497402,2307.751984478817,0.9841421581785568,9955,690,65545.26420601252,0.001400236385218534,0.050870462346719304,100.14002363852185,9992.03730742845,55.263872548945464,0
flashbots-c50,669,10000,42.41501629408217,-42.41306616964307,42.41306616964307,0.0019501244390980332,236829.25351600428,509.29385801442146,0.9978541460557108,10332,950,120313.8032914457,-0.002616831649703073,0.08917845202175827,99.73831683502969,10026.770797807474,103.17282136309223,0
flashbots-c50,670,10000,26.0696368784289,-26.05582805519051,26.05582805519051,0.013808823238388612,116011.27184346529,1430.034985797332,0.9878234070753629,4676,574,64568.651081321135,-0.007899166701161135,0.11242255090745758,99.21008332988389,10051.707284359903,70.1268352414169,0
flashbots-c50,671,10000,7.488038522521658,-7.48970626188472,7.48970626188472,-0.0016677393630617487,87638.51836479433,2020.036298760105,0.9774696758570296,6085,301,33807.8344131454,0.0027690301487905346,0.04584772413331763,100.27690301487905,9953.419098788885,196.57284604550597,0
flashbots-c50,672,10000,11.08642846481193,-11.077888860871383,11.077888860871383,0.008539603940546314,107346.23175969029,1700.4106494771356,0.984406574912258,7099,415,44682.03607309411,0.006895817565852696,0.04304606154812887,100.68958175658527,9960.340380055562,85.07281675444192,0
flashbots-c50,673,10000,32.723586526232054,-32.678721467566405,32.678721467566405,0.044865058665649826,248463.59679152005,2494.6152471311534,0.9900596389061501,10208,796,118074.16359355292,0.0004864878809519269,0.1043005301447046,100.04864878809519,9958.938042604192,208.3391821168631,0
flashbots-c50,674,10000,14.653529816512826,-14.641655454603864,14.641655454603864,0.011874361908962072,114498.40512614849,1771.0502284213446,0.9847677085695428,6205,432,53112.53267254262,0.0010851327523718624,0.06252772329621792,100.10851327523719,10002.021046021338,112.31457047343919,0
flashbots-c50,675,10000,40.83253769046665,-40.82702641770858,40.82702641770858,0.005511272758070618,237637.0369941157,137.64825730866417,0.9994210979307443,11324,963,119423.25779022196,0.0049923832850223,0.10552912168391344,100.49923832850223,9949.75870321267,100.94105821059277,0
flashbots-c50,676,10000,35.07666034964126,-35.040578322235824,35.040578322235824,0.03608202740543476,191818.60412993212,2633.155322541902,0.9864585677704528,9158,840,98466.26678850834,0.010902630235511879,0.06584937890479182,101.09026302355119,9898.502101156442,83.65176315775184,0
flashbots-c50,677,10000,13.685238741627376,-13.665756611629575,13.665756611629575,0.019482129997800968,81759.6904654555,1611.3026338889192,0.980673102550561,4326,303,38748.112614927,-0.00019237485011458944,0.09590609673250668,99.98076251498854,10035.223098541392,152.7301053883448,0
flashbots-c50,678,10000,63.99995129333349,-64.01852406589803,64.01852406589803,-0.01857277256454637,205995.69381332354,1917.7776749985464,0.9907760778497402,8149,964,116564.33229721671,-0.003563449890593944,0.24014958491768312,99.6436550109406,10026.920457428532,74.18050330198702,0
flashbots-c50,679,10000,32.943654334777925,-32.90973793678227,32.90973793678227,0.033916397995653824,122645.50709483786,1511.5290219284573,0.9878256676447487,4877,616,70457.63533750008,0.011070374688208205,0.15059092999532098,101.10703746882082,9922.839324016417,61.28312041766061,0
flashbots-c50,680,10000,76.9213608152993,-76.92072944285613,76.92072944285613,0.0006313724431663559,277067.6031106426,742.3628398405298,0.9973278034238238,9862,1142,155257.17807564713,0.002342558128282377,0.20131194817809417,100.23425581282824,9976.941235006767,98.66863183944704,0
flashbots-c50,681,10000,10.232824194975382,-10.190525803306187,10.190525803306187,0.04229839166919547,80362.22543709885,785.224065375888,0.9903234905078323,4588,321,36410.52209968138,0.013629822667917324,0.057954413347248275,101.36298226679173,9848.79570885919,113.9275243100176,0
flashbots-c50,682,10000,22.693653339837393,-22.67445277536646,22.67445277536646,0.01920056447093188,158426.60725586413,2325.811372058283,0.9855317177065832,7495,636,75569.30771450244,0.0070551231894110345,0.06975803077924808,100.7055123189411,9911.613284155063,144.58013305454293,0
flashbots-c50,683,10000,28.032299270733155,-28.022804737526016,28.022804737526016,0.009494533207139,164662.38596858003,631.7619156811563,0.9961779535224471,8050,716,83097.73852563652,-0.0077817446838901105,0.07925841107395726,99.22182553161099,10074.757201817558,93.46698194069094,0
flashbots-c50,684,10000,22.156785822846604,-22.131078157992853,22.131078157992853,0.02570766485375131,131134.91834135508,3407.9094985978013,0.9746704484117746,9343,659,58973.94205079777,-0.008771461188471079,0.09804344740842452,99.12285388115289,10016.68363998013,35.005667386685694,0
flashbots-c50,685,10000,12.011948862321276,-12.01475003115982,12.01475003115982,-0.002801168838544754,118431.67677115584,2812.927117304732,0.9767995685820996,9337,409,44612.06148615397,0.0004269823303029341,0.08288031296196763,100.0426982330303,10017.086519688224,74.53254446695522,0
flashbots-c50,686,10000,15.467759796007496,-15.470537521014734,15.470537521014734,-0.002777725007238274,111738.07346903966,1518.2386036532405,0.9865946667707247,7650,445,48836.96640552639,0.000004125692672403148,0.08261359590346373,100.00041256926724,9992.856638624235,77.92447921593649,0
flashbots-c50,687,10000,9.786979794307115,-9.78562041057151,9.78562041057151,0.0013593837356040694,80720.18837533836,1914.3794162688046,0.976833188973692,5726,325,33526.501988606906,-0.0000043099679224667394,0.06186502006178145,99.99956900320775,10003.542620321083,85.59749766811757,0
flashbots-c50,688,10000,7.001939606176208,-6.999324301717536,6.999324301717536,0.0026153044586720853,77231.87334138081,1399.8017768474563,0.9821979911436104,3857,250,34873.89165804468,0.0014686495519686104,0.03705220807605244,100.14686495519686,9966.507259363874,296.8381024912803,0
flashbots-c50,689,10000,27.86044517334498,-27.862480621673654,27.862480621673654,-0.002035448328673084,190167.5072917678,1701.8946091751804,0.9911299321709783,10081,769,89208.13372204054,0.0010250995817985143,0.078754487794086,100.10250995817985,9994.315342284566,89.76886576258029,0
flashbots-c50,690,10000,12.217004657849909,-12.207217292227114,12.207217292227114,0.009787365622795363,80432.88185785263,1285.42650933941,0.9842700303637774,4353,332,38185.43261664319,0.005458944569858062,0.08910379859287901,100.5458944569858,9992.953725192743,75.62694109864069,0
flashbots-c50,691,10000,49.697858465354116,-49.701040310599254,49.701040310599254,-0.003181845245137538,254405.45901774912,2335.7224317979612,0.9909024239173061,9523,982,138259.7468106851,-0.0005958680752961243,0.07564929666495189,99.94041319247039,10013.312784058346,130.8393435159028,0
flashbots-c50,692,10000,57.60377152849453,-57.62252348605295,57.62252348605295,-0.018751957558414745,228735.16741006324,3433.252804133412,0.9852122317024602,8903,1022,126388.92190798334,0.0018594154291920973,0.12775866208483394,100.18594154291921,10004.637070033126,112.0643809274625,0
flashbots-c50,693,10000,20.577661916017277,-20.576857051588,20.576857051588,0.0008048644292770746,119441.59663961163,1592.3409449624965,0.9868438474634452,7390,512,54974.48171950925,-0.00248989431290795,0.11455646340789898,99.7510105687092,10038.702350909116,109.43152602398868,0
flashbots-c50,694,10000,27.91207199092357,-27.89987391405929,27.89987391405929,0.012198076864279983,191166.43370719254,1892.537529800571,0.9901971013433125,9515,755,90088.30625898407,-0.007856062686332876,0.07497488315892127,99.21439373136671,10034.531390958882,74.99713505576915,0
flashbots-c50,695,10000,70.6814786161194,-70.68672079705394,70.68672079705394,-0.005242180934530438,259547.0043534833,2551.8304761277877,0.9902638618069908,10912,1206,137602.35248321586,-0.000049136465266741426,0.21334344379502596,99.99508635347333,10026.44422065538,59.362736808104785,0
flashbots-c50,696,10000,57.66271360863703,-57.654414594643555,57.654414594643555,0.008299013993472215,256351.30800451204,2342.4633313776776,0.9909450338936215,9586,1110,142201.68563976383,0.0011124582069550115,0.11258374704922047,100.1112458206955,9982.97408989709,112.57374544884273,0
flashbots-c50,697,10000,22.941731613914005,-22.975448612902788,22.975448612902788,-0.03371699898878333,139015.25746434924,2080.042847929761,0.9852578870924397,7870,555,63056.59909082106,-0.0005406785537181236,0.14308777557463018,99.94593214462819,9979.64201724723,140.3254392306608,0
flashbots-c50,698,10000,62.790817327614775,-62.80689947002999,62.80689947002999,-0.016082142415214662,207556.50136135012,507.6911848186648,0.9975599300455987,7635,856,115136.39359998696,-0.0015176817333055225,0.3109297670345609,99.84823182666945,10019.354533781066,104.90806521623315,0
flashbots-c50,699,10000,44.999374612173725,-44.995711638327094,44.995711638327094,0.0036629738466302797,204752.90462969194,2117.3840729610124,0.9897646777299931,7154,851,117235.14962311735,0.003225058434349819,0.10436384722781752,100.32250584343498,9992.403791367587,84.27511345553144,0
flashbots-c50,700,10000,23.13674190958087,-23.12822916478774,23.12822916478774,0.008512744793129912,130604.03587211229,2021.1125628902455,0.9847607140369704,7722,663,65515.025382979205,0.0026685783649745077,0.11159853155775863,100.26685783649745,9986.707433490816,76.88228090323615,0
flashbots-c50,701,10000,23.211289598497252,-23.19914792404139,23.19914792404139,0.012141674455861562,127129.68727117205,1562.8782526003044,0.9878557223081266,7008,590,63574.93705602591,-0.0022821139874912434,0.08988726259858879,99.77178860125088,9995.67979457499,52.70554282196386,0
flashbots-c50,702,10000,21.80216887540301,-21.79867867096077,21.79867867096077,0.003490204442240241,118260.27061470652,1289.6520510034438,0.9892124392701648,5963,491,60412.54059659943,-0.006146764298903093,0.0832135772268974,99.38532357010969,10052.626587779214,79.17456840546116,0
flashbots-c50,703,10000,7.266116247411599,-7.266916644415325,7.266916644415325,-0.0008003970037258057,72332.51882606976,1468.499513552935,0.9801019071743009,5346,276,27200.20270670886,0.000743964626198732,0.06783163535682761,100.07439646261987,10034.29348983695,136.3622804204815,0
flashbots-c50,704,10000,68.31534566269579,-68.29064064933515,68.29064064933515,0.024705013360645012,267547.3098962954,2752.5949374591687,0.9898165153289561,10717,1215,149115.0047424334,-0.0030383488994648643,0.24867388061935883,99.69616511005351,10017.938999561175,81.81499073906875,0
flashbots-c50,705,10000,6.894220569907718,-6.888156620942667,6.888156620942667,0.00606394896505158,64234.14943189176,904.9125398042219,0.986107989393562,4720,268,27030.909142862525,-0.004546674576652947,0.055586935022974016,99.5453325423347,10049.458892308243,101.45358702177614,0
flashbots-c50,706,10000,21.670730154256347,-21.669135896062528,21.669135896062528,0.001594258193819087,117120.46716536934,1826.7844764688632,0.984642062332222,4174,570,68258.64770025022,0.0013102759935051723,0.061439421966380935,100.13102759935052,9987.594420426156,88.297718567935,0
flashbots-c50,707,10000,32.52693065019816,-32.53051054003753,32.53051054003753,-0.0035798898393721856,150480.3703460923,1183.714046778475,0.9921951591141897,6557,672,80390.28145942162,-0.000028609917931277094,0.14820594498713702,99.99713900820687,9984.130731899224,78.18641879933519,0
flashbots-c50,708,10000,26.000501490897133,-25.916575219457826,25.916575219457826,0.08392627143930653,100766.91331038316,2743.3577119927504,0.9734967584868972,6199,447,48159.57633038236,0.009403597640868355,0.16728825351978457,100.94035976408684,9858.347228520994,127.36521796475098,0
flashbots-c50,709,10000,15.938777457415803,-15.940442366034958,15.940442366034958,-0.0016649086191549145,125220.3520988188,1885.8149555924304,0.985163466106368,6871,465,56619.52917734687,-0.0027588755952940858,0.08184224331172786,99.72411244047059,10041.184498505696,229.0286881279344,0
flashbots-c50,710,10000,10.96543581891933,-10.952761576960185,10.952761576960185,0.012674241959144794,87733.01954302532,1778.1871938013796,0.9801344741220007,4672,348,40714.00965511723,-0.006116214655896783,0.057886475074758435,99.38837853441032,10079.326933358861,123.37871282870498,0
flashbots-c50,711,10000,14.454228618668168,-14.45938784872996,14.45938784872996,-0.005159230061792641,92901.21272553597,1998.7795714343517,0.9789380428485223,4803,396,47371.68854030893,-0.0017396203312240743,0.09238179265343348,99.82603796687759,10041.543991001612,135.7026919679984,0
flashbots-c50,712,10000,34.78997887911129,-34.78902555908893,34.78902555908893,0.0009533200223614813,139852.69123638704,378.50618674358856,0.9973008417976957,5412,649,79043.05440363789,0.0008946253628435841,0.17878791583780498,100.08946253628436,9994.597540886782,85.02737598750716,0
flashbots-c50,713,10000,18.488668386714966,-18.480446548790994,18.480446548790994,0.008221837923972686,136513.89396192777,1507.8058364087553,0.989075588558815,8637,502,59398.64619812222,-0.004008421440372274,0.08498319105255348,99.59915785596277,10059.40086006303,78.07764903590488,0
flashbots-c50,714,10000,40.496878263255155,-40.49255474593687,40.49255474593687,0.004323517318283621,188490.05068479318,3599.043407735477,0.9812636765000212,7314,826,105104.61479697209,-0.0040003111102772946,0.10794134144164431,99.59996888897227,10059.878433086471,111.89803474042124,0
flashbots-c50,715,10000,28.54042634957015,-28.497830924443498,28.497830924443498,0.042595425126652486,87464.44054460504,1995.9243356228817,0.9776892891249093,6676,342,37645.08508444934,-0.0017422827513556172,0.29397213531313526,99.82577172486444,10029.637955156906,95.94146580123405,0
flashbots-c50,716,10000,15.150921921559528,-15.149029497024571,15.149029497024571,0.0018924245349563051,108729.95754059275,919.9903849593351,0.9916097508264757,6190,461,52127.95574781242,0.0029302559006229956,0.06866079520826603,100.2930255900623,9969.994562045047,110.00443498299455,0
flashbots-c50,717,10000,12.295564497369417,-12.28532596495549,12.28532596495549,0.01023853241392736,88612.98368224163,691.4339630829764,0.9922575614811237,5302,364,40862.427778235644,0.007084261764483131,0.05503263166036532,100.70842617644831,9929.12332460058,98.72515025958354,0
flashbots-c50,718,10000,36.13181581342245,-36.08112112552206,36.08112112552206,0.05069468790038911,208524.23441674002,2848.544611708469,0.9865235976704215,7829,775,108519.46026764106,0.012065061715466641,0.13786583205511194,101.20650617154666,9811.196682118783,151.07665137673703,0
flashbots-c50,719,10000,15.324155909353674,-15.324027995066075,15.324027995066075,0.0001279142875993955,99436.76485504888,1455.8530956740592,0.9855702713910633,4460,446,52115.192414022385,0.0012678026372054774,0.051605778901191286,100.12678026372055,9987.20134498107,107.2573289111001,0
flashbots-c50,720,10000,30.422197429117364,-30.41911652415078,30.41911652415078,0.003080904966584086,189782.50029392182,2295.7764184959005,0.988047703999692,8977,807,95226.28677718483,-0.002198978958815019,0.066343112831116,99.7801021041185,10023.074974406112,96.13148050933626,0
flashbots-c50,721,10000,21.529241522877804,-21.522578911656232,21.522578911656232,0.006662611221571524,153095.9837690134,1635.8182426419132,0.989428041156538,8787,655,69955.9250388831,0.005445067509544543,0.06285018104266385,100.54450675095445,9958.350845191635,82.15250460101505,0
flashbots-c50,722,10000,25.962912880359873,-25.96700147103231,25.96700147103231,-0.004088590672438386,173671.14390320814,1875.162617731583,0.9893181311820543,9504,718,81484.1375239248,-0.001276561366543092,0.08154408434714668,99.87234386334569,10003.405346664318,62.40020232591469,0
flashbots-c50,723,10000,21.65593120517353,-21.652217940700332,21.652217940700332,0.0037132644731983078,182369.03560357614,3224.7909627419867,0.9826244707466621,10966,707,79555.88846613417,-0.0023435861496110986,0.07889195922379287,99.76564138503889,9984.688219172254,128.91160817583662,0
flashbots-c50,724,10000,12.004660104308236,-12.00120933870025,12.00120933870025,0.003450765607986739,110826.5768632737,502.699779826608,0.9954845679862075,7299,438,46824.08683424761,-0.0035962952423136585,0.04100474164708118,99.64037047576863,10035.935931812015,107.33569419556993,0
flashbots-c50,725,10000,95.10652357293631,-95.16283961223277,95.16283961223277,-0.056316039296461895,291994.1949767933,2425.6969481528463,0.9917610969411971,10921,1499,166778.72806717956,-0.0000019708161735820793,0.31262433233220377,99.99980291838264,10009.78407396295,45.70873996978709,0
flashbots-c50,726,10000,100.12230686337557,-100.15963964085428,100.15963964085428,-0.03733277747871,233123.29054881356,2152.670012034648,0.9908504463996103,8475,1312,141419.08442143476,-0.025821055219825126,0.26978560836390403,97.41789447801749,10123.787186888962,54.16903366905275,0
flashbots-c50,727,10000,28.41564426993308,-28.414710751999905,28.414710751999905,0.0009335179331735333,189976.28085961923,1262.0029304717739,0.9934008875970829,10620,776,87679.81923065608,-0.0005711629004029817,0.0748780780176189,99.9428837099597,10006.249366119604,92.85888436652552,0
flashbots-c50,728,10000,33.180923160652355,-33.17095109204203,33.17095109204203,0.009972068610323959,216377.47934403567,2251.7649845091155,0.9897005316401072,11783,889,102175.34101325665,-0.005287421907730448,0.0888709306893152,99.47125780922696,10049.020308400943,99.66198221640279,0
flashbots-c50,729,10000,13.769848837296726,-13.75516206414774,13.75516206414774,0.014686773148985921,168606.6117016025,3912.1845654048025,0.9773231401443938,10585,509,63887.27550733494,0.0003224714735017642,0.03991182345744462,100.03224714735018,9936.987250633812,208.9385814085783,0
flashbots-c50,730,10000,67.77696346445515,-67.7817143218765,67.7817143218765,-0.0047508574213566135,192839.5410168297,2418.618792234632,0.9876132255133424,9946,1212,110405.39144995525,-0.00046761610813490507,0.20125493002316744,99.95323838918651,9961.164692462615,59.683498641207,0
flashbots-c50,731,10000,65.56352064897291,-65.55749266397045,65.55749266397045,0.006027985002461378,279990.6394673107,2907.6046813155913,0.9897220829699175,10109,1190,160961.72769323736,-0.00015593671916661834,0.12308781926327839,99.98440632808334,9998.576396607647,124.39984901616288,0
flashbots-c50,732,10000,11.033171046296166,-11.033038222272864,11.033038222272864,0.0001328240233018363,106074.09026715651,2319.2864450032994,0.9786030612261283,7878,387,42218.16270262757,-0.003774940193863898,0.05012830690721799,99.62250598061361,10031.2506521185,79.2662698882511,0
flashbots-c50,733,10000,8.826127785939473,-8.82436473811839,8.82436473811839,0.0017630478210826084,72276.09671835728,2101.700678107458,0.9717429024295448,5190,267,29395.456358758667,0.004216173125102358,0.07805103696242313,100.42161731251024,9957.77014269373,100.2393723827712,0
flashbots-c50,734,10000,31.49364146809725,-31.479082534996948,31.479082534996948,0.014558933100300209,143966.29058703102,1401.7592003003108,0.9903571713154916,5062,564,80801.05516713961,-0.00015045557908990759,0.17232841711129937,99.98495444209101,10028.256524853878,128.31237941132758,0
flashbots-c50,735,10000,21.955759308768947,-21.905741259312364,21.905741259312364,0.0500180494565825,154994.52929319284,1304.378666286065,0.9916545887407977,7641,574,74177.4652060195,-0.008781928243283374,0.06323465852125736,99.12180717567166,10088.21985439224,118.99688162807234,0
flashbots-c50,736,10000,47.57920938100028,-47.53338877698939,47.53338877698939,0.04582060401089194,176380.89989618646,1921.7135188837187,0.9892221797421995,6893,782,97269.54423476002,-0.00012505838297755645,0.20663617740879003,99.98749416170224,10013.414403950794,98.53037177512664,0
flashbots-c50,737,10000,16.97025670689844,-16.967629082562397,16.967629082562397,0.0026276243360427998,143488.39588909168,2494.9323289278254,0.9829094708321641,10840,493,57455.68421182249,-0.0007996276770816735,0.07510762700541378,99.92003723229183,10009.653473651108,126.62826571614187,0
flashbots-c50,738,10000,21.56837636559748,-21.564735813328227,21.564735813328227,0.0036405522692533054,140603.93087894632,2419.862524320154,0.9830806996043157,8966,568,64576.93921819631,0.0027461841978633572,0.08873300912403295,100.27461841978634,9961.38099911896,91.82415555038274,0
flashbots-c50,739,10000,19.723780759453092,-19.72358953534247,19.72358953534247,0.0001912241106225565,153526.44646599883,3717.8464106637834,0.9763562394370654,9691,580,66961.2668894051,0.0007623934475049054,0.06362318059233658,100.07623934475049,9983.88536366291,121.64777944769699,0
flashbots-c50,740,10000,10.093297505936622,-10.086614164266948,10.086614164266948,0.006683341669674547,97110.32076070331,2207.025857072304,0.9777780424847022,7362,352,37641.9042273685,0.005747481106423038,0.07492275682652191,100.5747481106423,9973.018779553666,84.62575815646454,0
flashbots-c50,741,10000,13.70449234861634,-13.699693812320206,13.699693812320206,0.004798536296133804,107968.91183280325,1627.338127518312,0.9851515163328356,7722,416,44512.40154586562,-0.004510911739895391,0.0815800037058159,99.54890882601046,10030.491509229903,95.66194468520477,0
flashbots-c50,742,10000,16.231234582186364,-16.231222038617815,16.231222038617815,0.000012543568548295525,113538.81993326839,1253.719362088042,0.9890783898519548,5721,501,57339.492998436646,0.0034431013229949767,0.05882297186418356,100.3443101322995,9955.956632210462,132.35171059481505,0
flashbots-c50,743,10000,29.828971831765735,-29.8288865647513,29.8288865647513,0.00008526701443400952,131951.67745823876,948.2512617642298,0.9928649227212,5816,631,71912.94434783554,0.006848589399037337,0.11074398292246897,100.68485893990373,9944.208549959028,84.1320090263956,0
flashbots-c50,744,10000,16.88324477850297,-16.874153711145055,16.874153711145055,0.00909106735791454,122797.98694804698,2815.4754507063967,0.9775861965991447,8961,558,53115.80108324771,-0.0007321015324443181,0.07141091362978984,99.92678984675557,10008.835523591724,51.98239017487564,0
flashbots-c50,745,10000,43.51235552762507,-43.486355082306254,43.486355082306254,0.026000445318814513,132523.13010372868,1207.626973470317,0.9909697140742784,4857,653,78661.38978215151,0.00041900473034019116,0.16400594491044956,100.04190047303402,10010.902962743212,106.59549972683105,0
flashbots-c50,746,10000,24.654793787513142,-24.654995085431267,24.654995085431267,-0.00020129791812451003,163977.30071544158,139.5126933330589,0.9991499183390457,8928,680,78126.72415737384,0.0012840166463520574,0.07527421375336545,100.1284016646352,9988.29905164557,101.02848243158687,0
flashbots-c50,747,10000,15.96221613953767,-15.965370663602535,15.965370663602535,-0.0031545240648647166,88737.23580669743,2276.429700721135,0.9749880450586228,5335,444,43220.90857879526,0.009910649040877075,0.08709256378865433,100.99106490408771,9922.517723374598,59.147130478079994,0
flashbots-c50,748,10000,56.05534564336678,-56.069732512556186,56.069732512556186,-0.014386869189408458,272648.6914519415,3991.5609083938207,0.9855712938578634,11729,1251,142622.73046603223,0.008008175545072903,0.10340777665227292,100.80081755450729,9941.827025354552,65.84911581145109,0
flashbots-c50,749,10000,29.042864520904843,-29.031954448616517,29.031954448616517,0.010910072288325523,201669.37245090172,3557.428257470009,0.9826658689547807,10709,786,90930.63895140507,-0.0014322830444322677,0.10469826878036997,99.85677169555677,9995.470809811563,75.92248779143098,0
flashbots-c50,750,10000,24.539969588501464,-24.526588254360618,24.526588254360618,0.013381334140845524,116986.19512358907,2643.4872573962443,0.9779027478399757,7815,649,56168.05014869355,-0.0018758597028229928,0.1681006619377797,99.8124140297177,9972.365211196342,30.054351490408308,0
flashbots-c50,751,10000,57.08310974175094,-57.06576715010007,57.06576715010007,0.017342591650866268,266155.0405281356,3390.2185690569822,0.987422451500679,10498,1105,142374.4827770598,0.0006881771343313403,0.13207230835716102,100.06881771343313,9975.174490127847,101.2866927732182,0
flashbots-c50,752,10000,19.48638120504724,-19.465500173115963,19.465500173115963,0.020881031931278216,98317.1864684853,1606.3685839268,0.9839240248899849,4061,430,53922.78284410818,0.0014137647148668008,0.11598837012648118,100.14137647148668,9966.017515948472,77.42692162612333,0
flashbots-c50,753,10000,24.152346626495024,-24.1369221718669,24.1369221718669,0.015424454628124806,161587.2113838715,2581.6122250342432,0.9842746499104827,10198,624,70251.26531490141,0.0014245957607727177,0.09502536654931532,100.14245957607727,9980.184890262743,116.90083946461168,0
flashbots-c50,754,10000,72.97983905804482,-72.97952304635179,72.97952304635179,0.00031601169303030474,237787.26782821654,336.1415885558448,0.9985883723512142,8775,1013,135152.94577140332,-0.0017907150443194552,0.3279076599384129,99.82092849556805,10020.632021861042,100.34288258639835,0
flashbots-c50,755,10000,22.86386103828614,-22.913024155963456,22.913024155963456,-0.04916311767731685,122879.41580283892,2312.9804325701602,0.981524593328968,9760,540,52492.506567832716,-0.0012945798445946365,0.2169797181909871,99.87054201554054,9983.986012890558,75.26623008941496,0
flashbots-c50,756,10000,38.34869280708293,-38.28530041356199,38.28530041356199,0.06339239352093529,159364.39396682807,2378.4556036811177,0.9852948330637376,9426,774,78194.86594170252,0.009367842473791512,0.19929915975020918,100.93678424737915,9978.647723219949,29.392458375787093,0
flashbots-c50,757,10000,99.87057175764892,-100.07332222988194,100.07332222988194,-0.20275047223302067,306526.579301892,3970.882362191759,0.9872112243980671,11718,1387,170458.3637274556,0.002754785824353263,0.36260870354172653,100.27547858243533,9975.455328934022,158.94831824420146,0
flashbots-c50,758,10000,20.516497732593464,-20.515263794933347,20.515263794933347,0.00123393766011759,136681.81326832113,1182.6788489289631,0.9914214397720108,7516,568,64884.60134498182,0.0032395157460119606,0.07483618952693305,100.3239515746012,9960.533730576506,106.84769461779557,0
flashbots-c50,759,10000,12.001821482828417,-12.002013382317095,12.002013382317095,-0.0001918994886782599,85441.78940308708,2204.6636053273305,0.9748459460747867,6898,423,36395.37303780292,0.0011203399964759342,0.07024304950427152,100.1120339996476,9996.172160626164,71.69126603690364,0
flashbots-c50,760,10000,10.749923552001277,-10.74929900115778,10.74929900115778,0.000624550843497218,83423.13892302156,562.5453712496194,0.9933018897687543,4517,368,39796.05223861683,-0.0018847632480007803,0.06663319918336257,99.81152367519992,10019.364239117445,103.10818805891064,0
flashbots-c50,761,10000,28.377831740991653,-28.38196903341263,28.38196903341263,-0.004137292420978156,212929.24928179025,2472.04231283416,0.9885235492576041,11505,851,99989.0673949659,0.0008820917977931231,0.06855128291664528,100.08820917977931,9981.484588431449,109.84123302701997,0
flashbots-c50,762,10000,26.39196203235071,-26.408189753461357,26.408189753461357,-0.016227721110649185,133425.0409701369,1860.0057411943017,0.9862512096760913,5482,595,72794.12877648973,0.0003863180520434639,0.17756769607631243,100.03863180520435,10004.695975060233,95.76820015918756,0
flashbots-c50,763,10000,27.985515345516244,-27.987321591411884,27.987321591411884,-0.0018062458956400462,186043.60293720788,3991.703558256707,0.9789949371415781,9715,761,89780.71108456864,-0.000014027578125990204,0.09769536695733066,99.9985972421874,10007.460402066876,83.24321816981625,0
flashbots-c50,764,10000,30.883702009542606,-30.886352895524013,30.886352895524013,-0.0026508859814065033,173876.27348955892,2487.096761667066,0.9858978836811508,8280,709,87105.24677159598,0.0023682859994231366,0.1586865089850511,100.23682859994231,9976.693258311774,112.10210031335453,0
flashbots-c50,765,10000,40.453848839800244,-40.435643538979726,40.435643538979726,0.018205300820518744,148269.6146325483,1616.3850012540208,0.9892159040523921,8292,664,73893.53903365681,0.0009588093038647116,0.22566761425317197,100.09588093038647,10004.049656163525,59.15366382988853,0
flashbots-c50,766,10000,29.43750749347582,-29.43846308458295,29.43846308458295,-0.0009555911071288392,199008.96083047488,2438.8421323557723,0.9878934289851462,10050,732,94795.82528312076,-0.00217105722174864,0.09183290453562051,99.78289427782514,10030.939564788445,129.17125411408526,0
flashbots-c50,767,10000,42.89594067994428,-42.91810173220446,42.91810173220446,-0.022161052260180725,275100.8232452465,2502.6503654403973,0.9909848016925388,11332,993,136664.19606154377,0.0031566591688171287,0.10285242397728425,100.31566591688171,9905.566090774491,141.39502169550477,0
flashbots-c50,768,10000,28.20996677618687,-28.21767534249338,28.21767534249338,-0.007708566306508402,155703.394919404,1559.5805088102338,0.9900829772261168,7002,635,80356.3143531779,0.0007214308101663392,0.11246436334547454,100.07214308101663,9987.6758750353,111.92007962805289,0
flashbots-c50,769,10000,27.05787366576027,-27.055275175205757,27.055275175205757,0.0025984905545115566,112077.54149611786,1703.5436179300234,0.9850278838857751,6824,593,56014.01271578793,-0.005932136104070907,0.12615104945044195,99.40678638959291,10055.981062300207,37.26992806776026,0
flashbots-c50,770,10000,28.505706592001133,-28.505582899120363,28.505582899120363,0.00012369288076996554,159917.66544425557,3384.602611781494,0.9792740011999094,10577,781,76307.77007794964,-0.0015603697190073262,0.14943333631550856,99.84396302809927,10007.019787201614,57.98356107023355,0
flashbots-c50,771,10000,30.28494793869984,-30.273762813305495,30.273762813305495,0.011185125394344908,154122.84924211432,1972.6179211410029,0.987362746933081,6027,600,81277.40712476912,0.0018989853584066908,0.08453773388676965,100.18989853584067,9975.40595734925,117.1002968466999,0
flashbots-c50,772,10000,21.714400834803133,-21.71593184999871,21.71593184999871,-0.0015310151955780782,118435.00708296397,1057.2008222758132,0.9911525542894462,4775,501,63431.134710196646,-0.002364711650894975,0.1131117768675901,99.7635288349105,10015.734739546138,106.47163313139586,0
flashbots-c50,773,10000,11.412821647323343,-11.390558111766467,11.390558111766467,0.02226353555687588,64916.81514295344,1243.4045445602367,0.9812061605836098,4115,330,30780.923408363233,-0.008993207073901317,0.08532797555589554,99.10067929260987,10055.215867550389,60.991476141526256,0
flashbots-c50,774,10000,39.28231250146528,-39.29649508084905,39.29649508084905,-0.014182579383771099,209166.8303084411,3072.689063199825,0.9855225404189716,9019,884,108463.48487525425,0.005013797989031303,0.07257935683315125,100.50137979890313,9952.049645622788,105.14823605591745,0
flashbots-c50,775,10000,37.71626521499619,-37.70673688128056,37.70673688128056,0.00952833371562889,216815.50233474682,2341.890359820691,0.9893141165304676,9354,901,114350.90734782623,0.003385785527444796,0.055729053744843216,100.33857855274448,9973.155808228747,103.46699775840948,0
flashbots-c50,776,10000,49.03233472399891,-48.97007455541724,48.97007455541724,0.062260168581666164,212377.5117231257,2179.0890755420382,0.9898437565312344,10874,930,106109.17924979834,0.000012673642665816941,0.24368156940930816,100.00126736426658,10037.667793173865,79.8028225848472,0
flashbots-c50,777,10000,18.473520065201036,-18.472473627411688,18.472473627411688,0.0010464377893484311,147041.98548090542,3097.584882411951,0.9793686309683968,10605,544,60940.52760980478,-0.0008335158275896504,0.08126631067643274,99.91664841724103,10009.576788162001,121.75783026085003,0
flashbots-c50,778,10000,16.21534161175782,-16.211126071321935,16.211126071321935,0.004215540435886567,105054.8435019849,2993.8888962873934,0.9722913093949886,6201,487,49569.88940141765,0.0027965835822200804,0.08650633239762484,100.27965835822201,9971.561929671023,70.4965545879545,0
flashbots-c50,779,10000,29.14207875672204,-29.12172725601271,29.12172725601271,0.020351500709328008,123720.88645972926,1213.4830978049633,0.9902870354882919,5395,581,69059.57042611817,0.0009345365000261552,0.10784339715086659,100.09345365000262,9981.100893563036,119.5149394147438,0
flashbots-c50,780,10000,16.138713766940636,-16.125445907649976,16.125445907649976,0.013267859290660766,80565.12764243621,1406.8393755277427,0.9828375549995106,4753,436,40974.523426022475,-0.004741290897717079,0.0942094168046708,99.52587091022829,10009.086155504789,43.201264710126864,0
flashbots-c50,781,10000,47.09139293399414,-47.09141873268089,47.09141873268089,-0.000025798686749567423,237424.16638438415,2419.787763259871,0.9899109912031792,9822,1006,125124.86455939306,0.0004432175468183175,0.07762043034264267,100.04432175468183,9992.671274961249,88.30946982733876,0
flashbots-c50,782,10000,36.87093102682603,-36.84751007531195,36.84751007531195,0.023420951514076194,162170.9136383323,3191.2968171446396,0.9807011722427121,11271,951,78869.89677557492,0.004178368831231865,0.11057235850339765,100.41783688312319,10008.727376360686,30.849314336764525,0
flashbots-c50,783,10000,16.86816140505462,-16.87163573144197,16.87163573144197,-0.0034743263873480146,181243.0495296905,3113.579961066314,0.98311110389864,9345,558,76144.47985747854,0.001641516532358196,0.0469087320173702,100.16415165323582,9940.187676971718,187.45760283221549,0
flashbots-c50,784,10000,42.1260227196411,-42.095048185663934,42.095048185663934,0.03097453397716521,203988.19999293762,2270.5670600084013,0.9889916579428327,8496,890,109058.02303760442,-0.008068719470435894,0.13265613581470972,99.19312805295641,10068.898533305899,90.7681798913549,0
flashbots-c50,785,10000,31.636586206253867,-31.65938129246757,31.65938129246757,-0.022795086213704963,205847.14963699956,3075.0450578170094,0.98528138639215,11286,698,91601.75247398633,-0.002795657969120242,0.1750727894059375,99.72043420308798,10020.486198332263,107.79334861455105,0
flashbots-c50,786,10000,29.258863845068962,-29.25037077322026,29.25037077322026,0.00849307184870085,196448.61843537498,2220.140973900034,0.988824911473241,11604,875,91385.4748315575,-0.005738596150107185,0.06847078094867555,99.42614038498928,10029.361413245411,69.39788457473159,0
flashbots-c50,787,10000,16.628649838592644,-16.63141894255189,16.63141894255189,-0.002769103959245456,87109.62221573302,1462.6803239762025,0.9834860302596238,4483,349,42141.69880157884,0.0028447053382220132,0.10648250904470942,100.2844705338222,9970.854134662612,102.25641890206818,0
flashbots-c50,788,10000,20.796946861147823,-20.785938350008763,20.785938350008763,0.011008511139060317,149963.87070488036,1830.847774760247,0.9879386595719679,9955,647,65912.85270179196,0.0077057713248309765,0.059782720250982774,100.7705771324831,9951.906787564174,76.4701005624904,0
flashbots-c50,789,10000,40.144598386912286,-40.132873296464865,40.132873296464865,0.011725090447420428,162946.71832876155,2238.8483281190865,0.9864464651880296,8908,811,82067.45997517301,-0.0010886626252543863,0.22056039475216893,99.89113373747456,9993.594610638882,45.19913850165597,0
flashbots-c50,790,10000,45.2409116035598,-45.21358455883684,45.21358455883684,0.027327044722959215,245150.70807797674,3018.8947760719307,0.9878353563798571,10857,916,121733.00313000754,0.005415932057673416,0.20018196538682814,100.54159320576734,9922.843349246412,107.42707785417099,0
flashbots-c50,791,10000,48.68407572498107,-48.63309918770115,48.63309918770115,0.05097653727992224,125005.63670605687,1630.9779400364812,0.9871208027425993,4446,582,73447.93263165519,0.0036396377936019062,0.3411951384227834,100.36396377936019,9964.728085908897,79.51436980792685,0
flashbots-c50,792,10000,16.181370472184476,-16.18305052084942,16.18305052084942,-0.0016800486649444224,131765.33133872217,1780.485702035274,0.9866676041115396,8209,520,57612.942689795214,-0.00016820699738261168,0.067848035968198,99.98317930026174,10004.089123085716,107.75392412089055,0
flashbots-c50,793,10000,48.81393838647379,-48.77245413091414,48.77245413091414,0.04148425555964508,211483.62303464644,3008.528627441485,0.985973712305422,9056,955,115755.25541050585,-0.0003330419391446071,0.17553415764579142,99.96669580608554,10010.575892649476,90.0232238598749,0
flashbots-c50,794,10000,40.17796885052872,-40.16499042346505,40.16499042346505,0.012978427063671916,182955.1557086698,1789.7958949185631,0.9903120714293782,8799,859,95442.74273996617,0.0026499146230187873,0.12424386641366865,100.26499146230188,9983.83092990651,75.5775003864907,0
flashbots-c50,795,10000,13.604261154792857,-13.603662964975982,13.603662964975982,0.0005981898168752053,106882.94822603241,1688.2436139858848,0.9844503538611462,5271,396,49971.74743012789,0.005407373407579428,0.05067539302573621,100.54073734075794,9931.005955549477,101.23265814628994,0
flashbots-c50,796,10000,31.617361235638114,-31.613227110423175,31.613227110423175,0.004134125214939388,182465.88281017137,2107.9401512452673,0.9885794197821545,11497,906,86674.74831698842,-0.008620036888920025,0.1017148936078921,99.137996311108,10073.920636395116,44.766029147773274,0
flashbots-c50,797,10000,11.831571960317193,-11.815823390410273,11.815823390410273,0.015748569906920196,64252.84319470775,1352.325137175434,0.9793869115565058,4842,311,28596.278700488256,0.006174422906807564,0.10499508212382735,100.61744229068076,9958.23118883429,48.03513720874063,0
flashbots-c50,798,10000,30.744211344200664,-30.74251676407482,30.74251676407482,0.0016945801258430038,176468.1754717751,506.94187182112285,0.99713551893944,9207,706,86771.3675317522,-0.0007224785272678957,0.09066633759180334,99.92775214727321,10003.97882143571,94.88059338914263,0
flashbots-c50,799,10000,16.2695718081579,-16.272616477923208,16.272616477923208,-0.003044669765309038,148848.89480284412,2515.0940479089163,0.9833838017417154,9786,557,62650.28503798135,-0.0033033287234026433,0.0977569494782395,99.66966712765974,10055.85418904206,129.93298697183545,0
flashbots-c50,800,10000,12.590978844268074,-12.5933666194192,12.5933666194192,-0.0023877751511260925,78682.10255241249,851.8975837016178,0.989288887994522,5021,344,36901.631895748375,-0.001964373388280052,0.06532143415631239,99.803562661172,10013.566184231297,77.59413458054722,0
flashbots-c50,801,10000,50.125524154001475,-50.123886617372534,50.123886617372534,0.0016375366289409499,242753.91076457553,675.1322165749315,0.997226574905332,9927,1000,128335.46915020268,0.004915217252047768,0.13861028856590807,100.49152172520478,9946.655080613857,104.84914144142202,0
flashbots-c50,802,10000,39.606759920773754,-39.59407897865647,39.59407897865647,0.012680942117285099,187861.44779007416,2601.885242696193,0.9863391803489624,8893,775,96219.44260003498,0.0017123857953983191,0.1372633272271989,100.17123857953983,9997.720208239578,87.95038740837605,0
flashbots-c50,803,10000,30.2293949845618,-30.220215932219006,30.220215932219006,0.009179052342794591,210470.4562715971,2718.3255931924755,0.9872492090371034,11454,812,95288.96473534543,0.003750953287916019,0.08274360560534631,100.3750953287916,9961.716939727994,89.95941612798795,0
flashbots-c50,804,10000,11.103424069166266,-11.10353787785614,11.10353787785614,-0.00011380868987487247,91307.34936083289,1227.942788171333,0.9867300058209786,7329,358,37814.929695308834,-0.0008506483786749186,0.05804320934023238,99.91493516213251,10008.411598545381,97.2363674029311,0
flashbots-c50,805,10000,11.576399929206332,-11.577672396948287,11.577672396948287,-0.001272467741955552,126787.2925885778,2347.3200643949126,0.9818226886179391,9974,409,46774.17841457493,0.0037863255268919716,0.056456763318561795,100.3786325526892,9971.370459646065,119.2981378612403,0
flashbots-c50,806,10000,14.638722247699238,-14.633515048573408,14.633515048573408,0.005207199125830897,87249.27456324722,2178.2271746312535,0.9756425357714245,6277,394,39612.76115253086,0.0012170411006070482,0.1027653608842651,100.1217041100607,9967.104641594464,75.48629317156421,0
flashbots-c50,807,10000,13.564173790542268,-13.552501385665934,13.552501385665934,0.011672404876334141,105268.17761977455,1914.8251095125977,0.9821349928556407,6693,434,47086.20948361139,-0.00448457546699089,0.06948504595098029,99.55154245330091,10041.415452809752,99.07495247045713,0
flashbots-c50,808,10000,23.15387702078881,-23.152827419329427,23.152827419329427,0.0010496014593819325,104400.80943039001,247.39682566743937,0.9976359190996347,4452,471,57667.40731326714,0.0023205831860559556,0.1299145941733447,100.2320583186056,9976.481168534496,99.8784555894213,0
flashbots-c50,809,10000,53.645099495619284,-53.63479378506216,53.63479378506216,0.010305710557126702,212955.24427488417,1388.7166948751858,0.9935210831758815,7413,903,121765.3370892204,0.010985265622341558,0.1502172691803939,101.09852656223416,9916.31919936291,98.84999152418169,0
flashbots-c50,810,10000,34.60979714442586,-34.603703123846195,34.603703123846195,0.006094020579666903,178994.6162616188,2602.9252148153314,0.9856665173236769,7428,793,96567.53737693794,-0.0027217944751978963,0.08124096881666304,99.72782055248021,10034.283208547207,110.90749740308672,0
flashbots-c50,811,10000,27.92370352589767,-27.95330702648124,27.95330702648124,-0.02960350058357264,248282.02650372023,1907.237914492399,0.9923768195292972,10223,735,114498.19340942008,-0.002503592073718579,0.06815659461446927,99.74964079262814,9949.026712250958,186.54067034309261,0
flashbots-c50,812,10000,10.667758347859792,-10.665365071490513,10.665365071490513,0.002393276369279107,76496.77058423802,67.3251040137237,0.9991206700293588,4186,325,36228.7920101419,-0.0032905253076283714,0.06104402589697941,99.67094746923716,10033.297683844632,99.1449253962304,0
flashbots-c50,813,10000,8.460608229623514,-8.468407961855249,8.468407961855249,-0.007799732231735135,62584.02235031226,1040.8230245953953,0.983641248659036,3796,242,27895.19236807656,0.0025833891610662365,0.08900365451240135,100.25833891610662,9952.417792833752,176.8947872540809,0
flashbots-c50,814,10000,7.962075314295196,-7.963330645549149,7.963330645549149,-0.0012553312539536066,62875.62477082403,1023.2242384812976,0.9839868126837106,4493,258,27778.908461027488,-0.0007098014518493301,0.04964891550884829,99.92901985481507,10012.575349366583,62.71693477351568,0
flashbots-c50,815,10000,17.194245865025525,-17.210643571636695,17.210643571636695,-0.016397706611169127,85523.16093067007,1129.7283934336635,0.9869625998365942,4583,447,44157.808917001596,0.000011150756263162975,0.07641112918812183,100.00111507562632,10007.515761590515,77.68030596446827,0
flashbots-c50,816,10000,42.78287889662751,-42.82731873050724,42.82731873050724,-0.044439833879728496,152925.7677823533,1579.6874963549153,0.9897758464676515,6435,734,86408.04598026726,0.0004299581762337823,0.15074811361711268,100.04299581762338,10014.306348594748,64.61531201975052,0
flashbots-c50,817,10000,7.641743438051056,-7.642558569395632,7.642558569395632,-0.0008151313445763364,94403.25538401883,1626.9884249927218,0.9830575414529974,7172,350,36904.70154473113,0.00033880106706504873,0.04328919098377213,100.0338801067065,9998.532099490081,129.80734167473219,0
flashbots-c50,818,10000,17.63796099324533,-17.632237606579977,17.632237606579977,0.005723386665351882,147409.84859833398,1663.0688079637823,0.9888439239205933,9678,606,65310.87686543195,0.004623505578862961,0.05073976167471343,100.4623505578863,9955.820348328372,98.4871648904089,0
flashbots-c50,819,10000,38.94973080500429,-38.945557918271426,38.945557918271426,0.004172886732867198,216396.42299494284,2400.015768710281,0.9890308280049164,9553,996,112661.16029100653,0.005806137717455755,0.099187009290619,100.58061377174558,9951.640775166132,78.1946351444569,0
flashbots-c50,820,10000,26.932828608709798,-26.927271642397017,26.927271642397017,0.005556966312781242,176901.10087499497,1221.3075544772198,0.9931434367789789,9709,712,82189.46239796981,-0.0008084313448149771,0.10720855206455837,99.9191568655185,10010.137469973703,100.49189058316097,0
flashbots-c50,821,10000,62.50264194110596,-62.56963649079323,62.56963649079323,-0.0669945496872657,233538.09110431405,2513.0026092365765,0.9893539887076901,8578,1088,134572.1242492526,-0.0021613464516102,0.1849958952457186,99.78386535483898,9973.981582657525,96.39702422755052,0
flashbots-c50,822,10000,14.699919780047708,-14.689302517851857,14.689302517851857,0.010617262195850685,90623.27307524232,1126.7431316625893,0.9877194230775755,6230,381,40171.95550643937,0.005507860258310302,0.09227493179840991,100.55078602583103,9949.37579478425,84.97408078309397,0
flashbots-c50,823,10000,33.37055716861622,-33.36234905752447,33.36234905752447,0.008208111091754233,203600.4419195968,1657.0097758170327,0.9919271638513961,10970,810,94624.82362931741,-0.006407482500460162,0.10903410530525179,99.35925174995398,10078.913149564918,97.60021019536488,0
flashbots-c50,824,10000,11.004538225866996,-11.004149708425345,11.004149708425345,0.00038851744165135926,73971.96359031116,1334.6718238491987,0.982276836343717,4931,312,33233.01957486234,-0.0009088019448870454,0.07248087646998727,99.9091198055113,10001.628847261498,86.78164772720766,0
flashbots-c50,825,10000,24.71301085784228,-24.713427576695636,24.713427576695636,-0.0004167188533550359,139589.94354057903,463.5821938730095,0.9966899641302,6678,613,72640.55553580471,-0.0006388772141714583,0.08911786858182538,99.93611227858285,10005.484345299012,102.54219046099887,0
flashbots-c50,826,10000,38.61450865028068,-38.61022249839587,38.61022249839587,0.004286151884812739,179448.11091692085,2053.3396189917594,0.988686924468488,7798,746,95383.6682591197,-0.00306668586326893,0.16050369285618557,99.6933314136731,10031.042837944158,85.45788929678895,0
flashbots-c50,827,10000,20.964620218040753,-20.958086626312195,20.958086626312195,0.006533591728558719,141477.34598613722,1575.9837726132162,0.9889832429956645,5405,524,72220.54928353314,-0.0005467763225810529,0.07904372607537923,99.9453223677419,10026.931309187565,160.70313852432446,0
flashbots-c50,828,10000,23.96968798676672,-24.031247692992956,24.031247692992956,-0.06155970622623741,139419.50541213143,2487.8848174442446,0.9824682505018281,8325,584,63408.277198048825,-0.0034782918863250243,0.14823536037370175,99.6521708113675,10034.424355191039,75.19124874910781,0
flashbots-c50,829,10000,16.468398788218014,-16.459971651437797,16.459971651437797,0.00842713678021667,132949.99464755694,706.3096027918317,0.99471547857953,7080,484,59198.8028349083,-0.005337787969542944,0.05301637677655094,99.4662212030457,10068.469247822455,122.83687938068753,0
flashbots-c50,830,10000,10.69472603021816,-10.694198705431461,10.694198705431461,0.0005273247866988129,130053.21126938553,3369.149366547898,0.9747482404711664,9253,389,47528.03930577709,0.0006788268012070376,0.04141292414953128,100.0678826801207,9992.007341618068,112.94110362518128,0
flashbots-c50,831,10000,50.19470402139009,-50.234028063806356,50.234028063806356,-0.03932404241626841,155108.7509107239,1808.878935707305,0.988472430169398,5498,812,95807.44901715609,0.004424805604390087,0.16093794900279193,100.44248056043901,10018.64782818054,51.688097046321765,0
flashbots-c50,832,10000,53.27940806774463,-53.27332154728633,53.27332154728633,0.0060865204583038235,282528.6880047579,3750.2287292950264,0.9869000876065949,10561,1223,156023.62868131488,-0.000928723293589826,0.07754433636404727,99.90712767064102,10009.88583842397,91.85844630659516,0
flashbots-c50,833,10000,49.65627035488687,-49.62358286111032,49.62358286111032,0.03268749377654956,189409.44122658623,2780.1534694829506,0.9855343184740073,6763,824,109029.68675472928,0.002984671490808495,0.14584618146741007,100.29846714908085,9970.553169039209,104.45568928617625,0
flashbots-c50,834,10000,50.13059135174976,-50.089201790883266,50.089201790883266,0.04138956086649159,211911.9698780022,1920.230082368366,0.9910199208410883,9971,1042,115869.87631843428,-0.023002135533152314,0.09319517129282687,97.69978644668477,10102.444076817037,46.10246177590722,0
flashbots-c50,835,10000,50.30326620098917,-50.31610115781753,50.31610115781753,-0.01283495682835678,139620.33698259864,1594.2394193413184,0.9887105179935276,6007,816,81852.32363443247,-0.0003688863777180984,0.2383910660968587,99.96311136222819,10009.435353805902,34.93327604732511,0
flashbots-c50,836,10000,60.345831903752426,-60.340356229947844,60.340356229947844,0.0054756738045824704,275335.5145074228,2455.79148957955,0.9911595811799595,11177,1122,145909.52426507193,0.005815558631393998,0.10448748895541811,100.5815558631394,9948.698323655117,90.85752508151614,0
flashbots-c50,837,10000,17.74041503418178,-17.732898775471696,17.732898775471696,0.007516258710083434,116544.14507630678,1648.1771722478388,0.9860551248939692,6281,490,56593.85992740622,-0.006978240217097209,0.057522921315825926,99.30217597829028,10064.417891687632,91.23673533614378,0
flashbots-c50,838,10000,10.166700522259827,-10.17175512615104,10.17175512615104,-0.005054603891213816,66909.6134956244,1401.2870262297672,0.979486626357949,4865,337,30308.359872927405,-0.002508278937536517,0.05930250467085358,99.74917210624635,9978.886513728721,60.250967028008056,0
flashbots-c50,839,10000,16.824014983663673,-16.822801458131096,16.822801458131096,0.0012135255325773642,82425.92262108086,1468.58804991329,0.9824948254877772,4150,334,40383.82427515441,0.0024198085006906923,0.11298995229100839,100.24198085006907,9977.143237402137,108.29122919939262,0
flashbots-c50,840,10000,10.47391444944952,-10.471799642526442,10.471799642526442,0.002114806923078305,84828.04831344845,1255.2148027509297,0.9854185963994351,6709,398,35986.31062216309,0.00020514711191211177,0.0762744193391434,100.02051471119121,9985.955734845542,71.96154163648174,0
flashbots-c50,841,10000,24.821141207172886,-24.799202644832036,24.799202644832036,0.0219385623408499,144959.5911477639,2308.6897471608527,0.9843232382891188,5737,607,75174.50038149743,-0.0007612838009441702,0.08831297914778304,99.92387161990558,10045.639778258135,100.83021057413497,0
flashbots-c50,842,10000,73.5541267371519,-73.6362821276455,73.6362821276455,-0.08215539049359677,296901.2314361232,4184.747132425933,0.9861011557153161,11536,1102,157241.12032176874,0.0033749701431871415,0.21285780355460177,100.33749701431871,9970.630329994725,104.82636872516866,0
flashbots-c50,843,10000,19.20851870727182,-19.199992720887806,19.199992720887806,0.008525986384015027,108380.07365975085,2190.470520173827,0.9801893846465166,5650,468,54985.4650868609,-0.0069189827968658335,0.11914971656892107,99.30810172031342,10056.4483471325,90.99599602018608,0
flashbots-c50,844,10000,40.07774917877324,-40.07628771057075,40.07628771057075,0.0014614682024856052,220328.21990566023,2338.708459538685,0.9894968306397843,9165,913,115220.06883647996,0.0057508127371417575,0.07896723392705454,100.57508127371418,9937.718434054506,130.21283471593298,0
flashbots-c50,845,10000,40.57707952742269,-40.560608676996004,40.560608676996004,0.0164708504266855,226915.27886917104,2443.8560902395857,0.9893448495492796,9597,919,117945.55375687931,0.0003079484468221949,0.08449560800651966,100.03079484468222,9971.1154786521,86.84440521727163,0
flashbots-c50,846,10000,86.7552244040425,-86.69152782586866,86.69152782586866,0.06369657817383256,300645.62768533453,3007.92030583608,0.990094236257949,11511,1319,167503.15112783643,-0.003233201541290356,0.2682639290118486,99.67667984587096,10044.543972710104,86.26568770451667,0
flashbots-c50,847,10000,13.795487382973107,-13.80398047175315,13.80398047175315,-0.008493088780042513,115664.5485265952,2102.870023475991,0.9821438726485975,9207,468,46692.48770256128,-0.0012911380377036608,0.06479111730773283,99.87088619622963,10019.071374381056,101.68714168473659,0
flashbots-c50,848,10000,37.40738359129562,-37.403239329003725,37.403239329003725,0.004144262291895018,197105.6825220381,2666.8671171805404,0.9866504826514113,9246,889,101772.52394421748,0.00002333648557666379,0.10421363494847086,100.00233364855767,9995.24989209139,86.78353724731187,0
flashbots-c50,849,10000,35.801987944584624,-35.78498890451257,35.78498890451257,0.016999040072050775,135002.84998114663,2052.7167691864815,0.985022740645582,6517,694,74196.40744443669,-0.004232050666868048,0.1885732207822599,99.5767949333132,10063.098754245739,48.957746823523024,0
flashbots-c50,850,10000,6.4251731619454295,-6.4200467452925025,6.4200467452925025,0.005126416652927013,65051.424135260095,1511.4785495952112,0.9772924784132182,5422,259,24893.390992318327,0.006169037565786937,0.03693167209782388,100.6169037565787,9952.720991594882,67.06723239911757,0
flashbots-c50,851,10000,39.77362233987691,-39.781391664921,39.781391664921,-0.007769325044094444,174922.00316811693,1419.3049099782909,0.9919513758548862,7977,790,92219.38005800896,0.0024428889194477678,0.15018556027052,100.24428889194478,9955.591740707698,82.33778507966863,0
flashbots-c50,852,10000,31.742565766868285,-31.708365569919522,31.708365569919522,0.034200196948763306,167969.84083359895,2095.9390803236884,0.9876757153532915,6103,591,86766.26516974908,-0.004907584121950493,0.13188699958073485,99.50924158780495,10038.839123231635,88.6748237802902,0
flashbots-c50,853,10000,9.773042780932117,-9.778784895543751,9.778784895543751,-0.005742114611633653,103082.19099477545,2146.5423944016243,0.9796011761686528,8340,388,39877.93411046852,-0.0008685723840811477,0.04839434092834551,99.91314276159189,9981.137285665953,148.30004310935598,0
flashbots-c50,854,10000,26.567710260943127,-26.564915208737233,26.564915208737233,0.002795052205893711,166832.31196120862,1523.6447918919773,0.9909498611081137,9690,693,78404.30461182745,-0.003998118634844588,0.08389321368201991,99.60018813651554,10043.118055800982,91.36150052574122,0
flashbots-c50,855,10000,39.42292755500874,-39.41971579040562,39.41971579040562,0.0032117646031224467,270321.8553842837,2709.753878520624,0.9900753107457518,10510,947,138064.08589442575,-0.00045568585209721847,0.09480628029983137,99.95443141479028,10018.07372170186,198.6265803228232,0
flashbots-c50,856,10000,41.311675574422466,-41.330202407963064,41.330202407963064,-0.01852683354059792,129367.52282201899,1381.5290593148977,0.9894337355457938,4769,714,80149.96803230712,0.0014897602853010028,0.1679664048592639,100.1489760285301,9995.608695619883,67.00186336323387,0
flashbots-c50,857,10000,41.68810414773108,-41.638694911661375,41.638694911661375,0.04940923606970671,118247.91633290025,1384.0092885781144,0.9884311041439122,5330,612,66424.16092245375,0.004775116821821683,0.3365566985024465,100.47751168218217,10066.783475664612,60.32203024469303,0
flashbots-c50,858,10000,19.864074692097553,-19.87002150664442,19.87002150664442,-0.005946814546867074,123099.04789015486,2011.2751428483778,0.9839239872930564,7835,502,54603.1273776116,0.00036968010309522013,0.12311698916484047,100.03696801030952,9983.23864779127,77.63671165355022,0
flashbots-c50,859,10000,61.856647029521504,-61.833848621003504,61.833848621003504,0.022798408517999746,279905.0923787145,2341.8889141633986,0.9917026963284568,10223,1157,154848.75568861354,0.011143803820883988,0.09595557951626418,101.1143803820884,9900.233055026622,80.30670692604882,0
flashbots-c50,860,10000,16.984801509957506,-16.980528334855393,16.980528334855393,0.004273175102113669,142380.55213335247,1880.6688670945834,0.986963448291563,8942,465,56339.01052897005,-0.0028616172124021943,0.11827124014717427,99.71383827875978,10096.359447060893,197.45107031287412,0
flashbots-c50,861,10000,18.509349901361126,-18.51040401419145,18.51040401419145,-0.0010541128303245273,110913.47511008206,723.0464589728425,0.9935232086345006,5376,502,57298.99277610971,0.0009335294234179514,0.0653665968492858,100.0933529423418,9986.278558043818,101.3932377875106,0
flashbots-c50,862,10000,41.708053328014415,-41.71961305187775,41.71961305187775,-0.011559723863335591,224045.24867191416,2646.1312552453464,0.9883271641996462,9856,882,114237.15103613009,-0.001931373074235836,0.11710606362120828,99.80686269257642,10033.594791503336,57.60465136755883,0
flashbots-c50,863,10000,21.150063810062356,-21.14072971649165,21.14072971649165,0.00933409357070758,140056.51846089202,1686.8561779882536,0.9880992238100309,6898,536,69032.51986858573,-0.004191170714698274,0.11385998532156819,99.58088292853017,10064.777233389199,145.07392197208722,0
flashbots-c50,864,10000,13.332745937652675,-13.257643332780546,13.257643332780546,0.07510260487212861,112191.54363914285,1816.313932873762,0.9840685197357872,8808,493,45601.31961531713,-0.027304045312312723,0.05474751667432613,97.26959546876873,10124.270864770066,46.03179362892335,0
flashbots-c50,865,10000,14.37142168946146,-14.355810112077805,14.355810112077805,0.015611577383655373,106898.30122845156,1411.8971511375153,0.986964319406107,5592,427,50893.83535084524,-0.0054444135086646386,0.05327696107355123,99.45555864913354,10104.085649913786,122.21216496178592,0
flashbots-c50,866,10000,7.876684768641494,-7.869411813493699,7.869411813493699,0.007272955147795024,76107.30720442344,2126.8042974181017,0.9728148724822159,5481,292,31276.00537941113,0.004792397781372415,0.0460813827613967,100.47923977813724,9933.150281776536,108.47222454667182,0
flashbots-c50,867,10000,35.555579024835176,-35.55234521939076,35.55234521939076,0.0032338054444167597,188048.03232191838,1852.0388406924098,0.9902472978058734,7757,788,97651.22302050638,-0.00458307962506467,0.10062299465638148,99.54169203749353,10069.375397561285,94.5777182947253,0
flashbots-c50,868,10000,12.404335027761604,-12.40340251423028,12.40340251423028,0.0009325135313247301,91803.89034194459,431.6034928429841,0.9953206355287035,5236,378,42328.66515371697,0.0016851824839868358,0.05678361484105764,100.16851824839868,9982.296382894216,99.10295489690044,0
flashbots-c50,869,10000,13.065337299063755,-13.068848997196994,13.068848997196994,-0.0035116981332397046,83213.6279461738,1275.9703859441158,0.9848978997281009,5174,394,39913.651142126364,0.00395689689114505,0.058163505961345834,100.3956896891145,9985.11010003481,80.18677816515901,0
flashbots-c50,870,10000,11.905418251414986,-11.888289276840695,11.888289276840695,0.017128974574291078,76774.00277810424,999.651566404684,0.9871466555759796,4057,318,39128.05565852961,0.00909120178163235,0.05462481702371548,100.90912017816323,9899.220615253966,105.06790297340291,0
flashbots-c50,871,10000,11.053747520793321,-11.048718445917956,11.048718445917956,0.0050290748753649694,79686.63088758106,1288.2416176262393,0.9840908472249414,4390,278,35996.17120531419,0.0033903633292575817,0.06292537318679195,100.33903633292576,9917.011406580685,162.52717894192187,0
flashbots-c50,872,10000,46.08216186379249,-46.03025119727897,46.03025119727897,0.051910666513521164,161216.72609478334,1443.6466467268322,0.9911247796719305,7412,868,90288.07272711658,0.010726819588025478,0.2048140963078538,101.07268195880255,9972.665277289292,46.93697407140254,0
flashbots-c50,873,10000,42.35470227719153,-42.35195735060647,42.35195735060647,0.002744926585059204,202847.05003563964,89.61114247617826,0.9995584280240152,8089,866,111152.1807038812,-0.0032745460660055415,0.0914971038728261,99.67254539339945,10032.957887304521,98.61261982968234,0
flashbots-c50,874,10000,20.50698891779352,-20.51106592300114,20.51106592300114,-0.004077005207619777,110460.97545223382,1374.5046837689763,0.9877095830223338,5282,459,56127.43885747608,-0.004971087127018166,0.10050345599408886,99.50289128729818,10067.288256840777,103.32487417824419,0
flashbots-c50,875,10000,53.76936469678232,-53.76161240209911,53.76161240209911,0.0077522946832075945,207633.99152163134,2098.787706407729,0.9899930391704497,8320,1009,118210.81516981237,-0.001583739090266647,0.14810717138787396,99.84162609097334,9996.779040689848,86.56645037972162,0
flashbots-c50,876,10000,45.70636565646069,-45.70322467065027,45.70322467065027,0.0031409858104183286,239024.94603741437,2677.4602539752627,0.9889224923530658,10780,1035,125449.61575059692,0.002035784726174228,0.08883387737925545,100.20357847261742,9969.182475144235,85.52460096449374,0
flashbots-c50,877,10000,38.07609432092545,-38.08287986211645,38.08287986211645,-0.006785541191000277,143938.43221625348,1353.7875994991402,0.9906823118181008,5638,693,82361.78659971518,0.003557132657941935,0.11747380578785852,100.3557132657942,9974.380599517921,70.11026216843064,0
flashbots-c50,878,10000,29.113697774125026,-29.09775471709783,29.09775471709783,0.015943057027197227,143509.30775337244,1605.736450983808,0.988934734783786,5787,663,80614.12587665852,-0.004921038090714944,0.0944209489651766,99.5078961909285,10066.402389056531,99.63650055586174,0
flashbots-c50,879,10000,53.63995886263088,-53.67267777701216,53.67267777701216,-0.03271891438128449,292382.80906014214,2255.4302191428596,0.9923450865554319,10766,1142,154727.02222875465,-0.003074156585387868,0.08161792481865575,99.69258434146121,10016.445985111235,106.96298308753185,0
flashbots-c50,880,10000,17.670082647234906,-17.666575735290508,17.666575735290508,0.003506911944398894,130455.27986144669,1695.434174409518,0.987170450142634,7349,521,59715.96032920423,-0.004295673901685717,0.07100106927189728,99.57043260983143,10042.569455625106,105.03268926818903,0
flashbots-c50,881,10000,61.34453383044858,-61.33644855720012,61.33644855720012,0.008085273248461533,229696.53470108708,1568.6277837770872,0.9932171894507469,8515,1131,133794.04168345392,-0.0012158716939778458,0.17022317860336642,99.87841283060222,10003.725173643716,79.91864952698177,0
flashbots-c50,882,10000,13.95334478134297,-13.954118348780476,13.954118348780476,-0.0007735674375055623,120654.32544028938,3110.1769776159235,0.9748702017391542,7850,487,50147.48051963586,0.0016046613066785654,0.06097457643492774,100.16046613066786,9989.659161001056,92.96718688283305,0
flashbots-c50,883,10000,17.126622190572807,-17.12000762250961,17.12000762250961,0.006614568063195492,112270.08306957466,2068.288251012632,0.9819108123797436,8508,492,48633.636097496244,-0.005749994159471612,0.1066560428336966,99.42500058405284,10041.50632878526,57.866316955603345,0
flashbots-c50,884,10000,18.475632586622627,-18.477672688516407,18.477672688516407,-0.0020401018937796778,127518.87172322231,1453.9477244245118,0.9887267121037491,6534,504,61240.05218317244,0.003238755888980762,0.06305875577356929,100.32387558889808,9948.51221097046,171.72152903121366,0
flashbots-c50,885,10000,16.933296545059857,-16.93188527037077,16.93188527037077,0.001411274689086639,106783.10033311183,1182.8706295023665,0.9890440421277555,5680,435,50435.62584126871,-0.0015968962019594812,0.0638870473579091,99.84031037980405,10011.555621650617,95.93368572207761,0
flashbots-c50,886,10000,56.1719134858933,-56.15735751088663,56.15735751088663,0.014555975006672384,266431.6351653591,2673.537839789238,0.9900650819531511,10837,1162,144971.01550125377,-0.0004226740207636226,0.13960954246692708,99.95773259792364,10015.14930323636,98.39244390078188,0
flashbots-c50,887,10000,7.5633953700550185,-7.561377290595928,7.561377290595928,0.002018079459090494,76107.91682124251,1651.9638921823394,0.9787555757927349,5376,272,29747.639986499464,-0.0005590984636683061,0.055814651700853514,99.94409015363317,9985.942684917745,150.83631635609953,0
flashbots-c50,888,10000,16.796212501680415,-16.787226650965394,16.787226650965394,0.008985850715021115,152056.98438583384,1244.8020771995346,0.9918800549822705,10991,567,60744.54041874147,0.0057686065099228755,0.06057737337113011,100.57686065099229,9939.408835971386,101.32791616145774,0
flashbots-c50,889,10000,29.653243188341733,-29.65412746549731,29.65412746549731,-0.0008842771555777063,169166.2206314395,2312.7095474167745,0.9865131561935652,7703,714,88057.06203987889,0.002691629802473585,0.0658012409852796,100.26916298024736,9971.45456045764,96.7181977662013,0
flashbots-c50,890,10000,19.4534547970019,-19.454826693263954,19.454826693263954,-0.0013718962620536956,97300.53656267768,760.0538257492642,0.9922491408348796,4462,422,52264.933812095456,0.0012367005384339791,0.10197527773982898,100.1236700538434,9987.869742555322,101.83985582112363,0
flashbots-c50,891,10000,10.843820689993464,-10.8388580886118,10.8388580886118,0.0049626013816634895,108723.96302107855,1971.6551477641765,0.9821884986923617,8237,371,42289.835648418164,-0.002741867696261551,0.05194319951938127,99.72581323037384,9999.481658414034,97.39477003811395,0
flashbots-c50,892,10000,11.00603477502137,-10.999027098773581,10.999027098773581,0.007007676247788197,89868.83455565361,1262.5986325475442,0.9861453003823601,4888,354,41545.016176519675,-0.007703747889900825,0.05190925210677762,99.22962521100992,10084.573363125024,87.98773448184434,0
flashbots-c50,893,10000,50.84562283623005,-50.841050117132696,50.841050117132696,0.0045727190973536835,280162.32648630225,2259.4138685027783,0.9919998585602359,10666,1017,143546.414009319,-0.0011255294943353534,0.18434639036963943,99.88744705056646,10035.564765538636,162.11446641430615,0
flashbots-c50,894,10000,60.60238121201278,-60.62093066483938,60.62093066483938,-0.0185494528265977,234560.7691775047,2356.627796034193,0.9900529558988131,8951,978,127469.11399127569,-0.0029768031681165043,0.2881020386824119,99.70231968318835,10034.525868237364,103.80107120402114,0
flashbots-c50,895,10000,28.59718687867818,-28.589000423510257,28.589000423510257,0.008186455167923157,223100.33501951818,2612.816811333776,0.9884241711653036,10936,771,102822.47535241554,-0.0012172742183697949,0.10783883670374295,99.87827257816302,10028.248348293113,152.32987369519603,0
flashbots-c50,896,10000,13.420840703993093,-13.428435946862244,13.428435946862244,-0.007595242869150809,105555.50414791406,2111.383247165943,0.9803896694866056,7331,434,44082.72614947062,-0.0000039827463689334765,0.07297045439384817,99.9996017253631,10001.871211540853,74.75278526739645,0
flashbots-c50,897,10000,27.73911689705733,-27.75430094294463,27.75430094294463,-0.015184045887302489,133949.6668317818,2007.2624623646032,0.9852360414964814,8006,650,65505.7633357308,0.0022271436850091674,0.16721857909593893,100.22271436850092,9983.09994813982,61.66054881566218,0
flashbots-c50,898,10000,22.209831456757314,-22.20765583627692,22.20765583627692,0.0021756204803935475,146891.70432536493,2357.47642726984,0.9842044263467207,10061,636,63520.66393732858,-0.004613957099531092,0.0982869831892441,99.53860429004689,10013.805827043505,61.72752126679433,0
flashbots-c50,899,10000,72.16447039892762,-72.13460929118143,72.13460929118143,0.029861107746185667,194584.60063827786,3146.1256392819523,0.9840888378932788,8526,1238,116322.92694976709,-0.012350251550818427,0.17418242678908313,98.76497484491816,10027.379371496225,48.27563102318908,0
flashbots-c50,900,10000,22.986053802760466,-22.98340874790209,22.98340874790209,0.0026450548583767386,173423.11960777294,2060.6970785589515,0.9882570534567164,11487,680,76753.22936951471,-0.0012623349201584234,0.11181913923745611,99.87376650798416,10009.773724649074,95.15456377734994,0
flashbots-c50,901,10000,42.29429987745833,-42.293717288897014,42.293717288897014,0.0005825885613148785,190405.0885557318,2975.5499965151853,0.9846129890831276,10005,993,97678.40535381298,-0.0012808924013370416,0.11316809840299825,99.8719107598663,9994.218545609612,51.95977984924389,0
flashbots-c50,902,10000,71.77033316327585,-71.83219382621179,71.83219382621179,-0.061860662935941946,225647.54989696524,2875.516153271986,0.9874169544327756,9699,1117,127037.89192740255,0.0011762340235678436,0.44074400738955,100.11762340235678,9992.392880281855,42.07959173122799,0
flashbots-c50,903,10000,29.850473497246625,-29.82992101680486,29.82992101680486,0.020552480441764942,250490.67858605192,2684.9604232949746,0.9893948705578428,11854,826,111021.96531742591,-0.0037421520089218063,0.07313430123814868,99.62578479910782,10021.266768427931,79.3553036882172,0
flashbots-c50,904,10000,32.42329945792286,-32.42350998083522,32.42350998083522,-0.00021052291236145493,214239.34794910494,436.59935759574364,0.9979662399860195,10052,876,105811.4753708516,-0.0014333747696721843,0.07003823191256174,99.85666252303278,10013.120170692979,103.56459739764196,0
flashbots-c50,905,10000,39.25907805677372,-39.25791691716128,39.25791691716128,0.0011611396124351359,202632.0295014462,958.3757415420839,0.9952926281550535,8514,804,103354.3162820502,0.0007349903596575302,0.0787225855607781,100.07349903596575,9994.569665976434,95.28967750177506,0
flashbots-c50,906,10000,7.086036962668329,-7.086322020147719,7.086322020147719,-0.00028505747939000514,100334.47221664616,1939.0969990631281,0.9810400965378132,7422,294,35851.308380801675,0.0007852276382769219,0.04264852163885593,100.07852276382769,9967.923903738352,176.99047483532598,0
flashbots-c50,907,10000,14.246745669414503,-14.235519392106745,14.235519392106745,0.011226277307757826,100085.93267542467,1837.8283511114255,0.9819685975811573,5431,456,48208.19101697287,0.005250737276823827,0.05851497406884675,100.52507372768238,9882.140335518172,116.46277568617353,0
flashbots-c50,908,10000,24.575691900662363,-24.59005061313332,24.59005061313332,-0.014358712470958324,159705.48172281394,2718.34408367017,0.9832638834224428,8471,643,76805.93064078856,0.00003204561339543943,0.08804273096202081,100.00320456133954,10004.933214908739,80.53688170807973,0
flashbots-c50,909,10000,32.66045656531612,-32.25635154037854,32.25635154037854,0.4041050249375786,158159.90449976886,1462.6126891388944,0.9908370528488287,6821,737,85667.40411072856,0.05679168959804528,0.09386541008727037,105.67916895980453,9637.574651726383,63.95569969304597,0
flashbots-c50,910,10000,35.71213812823411,-35.70758292171821,35.70758292171821,0.004555206515895804,249890.07900154934,3306.3236240318492,0.9869416642979674,10703,821,119939.39823737612,-0.0006511805794623627,0.12733190074706868,99.93488194205376,9963.91836643919,185.42967231080868,0
flashbots-c50,911,10000,24.397488910796284,-24.38645451172276,24.38645451172276,0.011034399073523105,180709.8412290623,2449.1073847556577,0.9866285136309694,11911,727,77639.45206349238,0.005497716605115102,0.0748631978819931,100.54977166051151,9972.924444265158,52.93232788898077,0
flashbots-c50,912,10000,30.096169435234017,-30.09440347153236,30.09440347153236,0.0017659637016578245,212146.788717909,1507.8479146939185,0.9929425921269063,9105,809,105470.07773143491,0.0014733460790138507,0.0676413994374215,100.14733460790139,10003.541580758418,134.0828478532055,0
flashbots-c50,913,10000,22.65192786827037,-22.655127607413547,22.655127607413547,-0.0031997391431772826,171044.3398288744,3042.291452793153,0.9825242671973428,9628,664,76300.08056277246,-0.0031532910793427506,0.06745773379016541,99.68467089206572,10035.390323211252,74.17759602197118,0
flashbots-c50,914,10000,18.290450669551333,-18.27988954873709,18.27988954873709,0.010561120814244873,119741.40146545225,2184.21789858044,0.9820856526300759,7157,525,55964.72219386413,-0.004732275545987505,0.06412946683518016,99.52677244540125,10040.006545539252,80.71806694001118,0
flashbots-c50,915,10000,36.76917873768434,-36.760026107583506,36.760026107583506,0.009152630100835779,181526.930283305,2323.445745325665,0.9873623008257332,8782,775,93183.26536762365,-0.0014711496870725683,0.10317787510096366,99.85288503129274,10003.120530428985,91.80961420802007,0
flashbots-c50,916,10000,24.67335278298097,-24.65277634699101,24.65277634699101,0.020576435989958952,97983.94809898201,1830.0659277349705,0.9816652406420092,7365,578,46643.88486271332,-0.0025856807731335606,0.21646484129669233,99.74143192268664,10044.578522759515,31.36505247600264,0
flashbots-c50,917,10000,40.89207937022342,-40.905834425990975,40.905834425990975,-0.01375505576755387,266971.46225885785,3162.3602095456995,0.988293357045597,11567,966,127124.9315036047,-0.0023328147511253406,0.07403234295732887,99.76671852488747,10044.066575427249,177.4678224861306,0
flashbots-c50,918,10000,29.232249371688514,-29.254304429981033,29.254304429981033,-0.022055058292519192,104617.1891077567,1486.396059954241,0.9859910854321765,5322,530,55863.82420551807,0.005913498531771779,0.20149651015737505,100.59134985317718,9904.588869468265,114.53240818853689,0
flashbots-c50,919,10000,21.62140538048249,-21.633673970957588,21.633673970957588,-0.012268590475098762,183809.77867537006,1715.7814257245807,0.9907517787587347,8917,555,81119.66219401939,0.0018591469837502927,0.073622009700196,100.18591469837503,9974.108249923267,224.58719251823345,0
flashbots-c50,920,10000,14.288937986940097,-14.28277334122128,14.28277334122128,0.006164645718817141,94909.6484821995,1334.0439313178917,0.9861388949461115,5984,397,43757.7259691431,0.0036177589624278995,0.07724868902539953,100.36177589624279,9985.634528481636,76.11630482573209,0
flashbots-c50,921,10000,5.448507951041279,-5.449015909700165,5.449015909700165,-0.0005079586588863094,94946.15433597332,1776.842316735448,0.9816295774714742,7758,272,33388.3723418687,0.002412351616402759,0.028180501820453115,100.24123516164028,9978.86588298693,157.45369450939688,0
flashbots-c50,922,10000,27.13568785849884,-27.13005840266149,27.13005840266149,0.005629455837350861,138990.18635105292,1390.9616201562392,0.9900915355070218,5403,629,77578.98569396503,0.00023014550070286078,0.07734595313369155,100.02301455007029,9999.917535946355,94.81008829113199,0
flashbots-c50,923,10000,27.526859585281894,-27.52416665864385,27.52416665864385,0.002692926638044213,176361.16101042595,1642.9810645253729,0.9907699840836649,8539,704,86101.2271367761,-0.000076371415776606,0.11020829722208106,99.99236285842234,9995.18652097548,110.38617493415198,0
flashbots-c50,924,10000,13.446353582397,-13.45099784842634,13.45099784842634,-0.004644266029339761,76838.44212335449,2092.075362365024,0.973494721319374,4403,325,37535.154498183685,0.000013814177103768088,0.12358683229524231,100.00138141771038,10006.997659212526,116.5546764444914,0
flashbots-c50,925,10000,22.16023201940876,-22.18845641730499,22.18845641730499,-0.028224397896231324,119847.78084732045,1142.0770543222209,0.9905605554537418,4940,427,61912.6083029082,0.000008929565813673435,0.10205027904246307,100.00089295658137,9956.627744942367,91.18801028239726,0
flashbots-c50,926,10000,14.577874386883945,-14.559135044268054,14.559135044268054,0.018739342615891275,107808.47607744652,1809.8071162339947,0.9834899155185973,5879,431,49196.0042996915,0.006242705483114008,0.08942805953647692,100.6242705483114,9910.680449145377,103.07168258716703,0
flashbots-c50,927,10000,26.58918247364869,-26.598402914487536,26.598402914487536,-0.009220440838845434,145050.5264632968,1777.703640055341,0.9878926304648362,5606,641,79721.93950941108,-0.006772748528658497,0.0745524001491269,99.32272514713415,10089.867760360155,104.82748780615688,0
flashbots-c50,928,10000,22.555778140553276,-22.554875364213373,22.554875364213373,0.0009027763399025446,105723.64580452781,913.3325322607433,0.9914351236643616,4510,494,57372.19807049347,-0.002196613416094664,0.18132002970646297,99.78033865839053,10018.523725819245,83.2080907777807,0
flashbots-c50,929,10000,16.13832377080807,-16.142193129080994,16.142193129080994,-0.003869358272922341,117087.30608956174,1486.1537673629575,0.9874663877637018,5193,438,58704.37020475374,0.00012925750301860715,0.0635685648665239,100.01292575030186,10028.772856799334,127.89647149898721,0
flashbots-c50,930,10000,16.992162769830472,-16.987857498466695,16.987857498466695,0.004305271363776342,151110.0307934212,2398.195568462046,0.9843774133458588,9799,552,63963.49686232795,0.0036495282264202445,0.0416185995564166,100.36495282264202,9950.153998832491,110.88951471751186,0
flashbots-c50,931,10000,24.001606863792063,-23.98845925510355,23.98845925510355,0.013147608688512946,96542.38383518136,996.1702320441317,0.9897869079404484,4071,425,54368.27221194959,-0.0010795886123996469,0.12220411867001388,99.89204113876004,10033.373324449052,107.36776649630849,0
flashbots-c50,932,10000,23.325891699692832,-23.323210292046426,23.323210292046426,0.002681407646406342,181939.01993203143,181.95866208100838,0.9990008912565392,11021,716,80529.35118484807,0.003840918600408685,0.10448683348474062,100.38409186004087,9960.80201351211,101.02862854195298,0
flashbots-c50,933,10000,32.75659762117389,-32.7443466454458,32.7443466454458,0.012250975728086644,240624.22088217348,2155.3676667735454,0.9911221215932697,10125,845,119677.97178311959,-0.004146456269718896,0.08545679066798272,99.58535437302811,10066.809995416537,118.56551349852177,0
flashbots-c50,934,10000,35.783939944637964,-35.6401754230819,35.6401754230819,0.143764521556065,154654.73031991976,1872.3304023501184,0.9880382957827832,8080,687,75600.19461529775,0.0011788312261975875,0.2855858661549914,100.11788312261976,9982.109331717596,73.91346420600289,0
flashbots-c50,935,10000,33.86146630541454,-33.84774810952175,33.84774810952175,0.013718195892785445,129247.80431972639,1276.1793868088162,0.9902226445242576,6432,687,70275.84253569419,0.0000029562380250069964,0.13362021408650093,100.0002956238025,10008.925064256588,60.009998089698215,0
flashbots-c50,936,10000,6.096001786103696,-6.095429485733732,6.095429485733732,0.0005723003699644735,56410.077860971316,1978.915982402205,0.9661080650283068,4168,215,22425.21058197473,-0.0025123199167327924,0.057341182816810485,99.74876800832672,10028.102425662471,105.05855312620623,0
flashbots-c50,937,10000,45.69105847363051,-45.79594909769021,45.79594909769021,-0.10489062405969918,220978.3322541886,2461.1404884328153,0.9889852027565972,8263,847,119034.5231330641,-0.0003149074166638854,0.15485102654722213,99.96850925833361,9973.29262950661,150.2718954070977,0
flashbots-c50,938,10000,16.939113084219784,-16.947739496995908,16.947739496995908,-0.00862641277612397,153278.7819280763,2163.5626913232504,0.9860812528489535,9635,570,65521.70167052031,0.000983993583497238,0.05306496635532326,100.09839935834972,9998.66298568619,126.17586885449033,0
flashbots-c50,939,10000,22.25446077407252,-22.2518259102917,22.2518259102917,0.002634863780819785,157804.32494173312,1089.1383848050436,0.9931454802356043,9546,603,69596.30005990557,-0.0037426344545392,0.07854709376026676,99.62573655454608,10039.29602802902,101.06099073645629,0
flashbots-c50,940,10000,21.49323641969592,-21.514277446331484,21.514277446331484,-0.021041026635565174,119080.98298229846,1381.1747487256325,0.9885343681805068,5844,491,60531.334922852446,0.0009624413653808972,0.0653552336771169,100.09624413653809,9991.211528915883,120.78313631376483,0
flashbots-c50,941,10000,33.75640507932924,-33.754101420826856,33.754101420826856,0.0023036585023845646,226395.6553292283,1991.2237289964894,0.9912813567171306,8535,871,119979.15711287582,0.00031850684379037376,0.06343473763798997,100.03185068437904,9976.735384853095,169.26597924815883,0
flashbots-c50,942,10000,57.78396294747779,-57.75462473784452,57.75462473784452,0.029338209633266388,174636.60456680218,1737.1937887577228,0.990150499649298,9495,1035,93727.09616588318,-0.006403028986201918,0.1844247488714585,99.35969710137981,10038.344550778544,25.402786763145137,0
flashbots-c50,943,10000,45.6421791803166,-45.627674391248064,45.627674391248064,0.014504789068539026,224547.8507903693,2960.801166440815,0.986985984308839,11514,1007,109359.21227563197,-0.006063313340385861,0.22697720523047565,99.39366866596141,10061.442753011166,78.19488420272818,0
flashbots-c50,944,10000,17.868256890312555,-17.864313873263484,17.864313873263484,0.003943017049071074,125418.83559248883,1703.863721295549,0.9865966996414244,6241,550,60405.81677259531,-0.0003855603223962589,0.0697167049342417,99.96144396776037,9980.977298553733,79.20098667178127,0
flashbots-c50,945,10000,5.344310622394266,-5.340696434294799,5.340696434294799,0.0036141880994673414,67242.5669714064,1173.198608941183,0.9828519260291931,4244,211,26419.439806401064,0.0012235341775864584,0.03908513783507104,100.12235341775865,9966.455949390618,173.7740876760304,0
flashbots-c50,946,10000,18.572776259942593,-18.567346655590214,18.567346655590214,0.005429604352379158,83305.97226297687,876.1334600903247,0.9895924026541635,4215,446,46254.05904403455,0.005294432890055845,0.09243207825784182,100.52944328900558,9985.47982163458,52.164583536131765,0
flashbots-c50,947,10000,21.794796592894492,-21.796642447034998,21.796642447034998,-0.0018458541405053097,119372.78620708699,1153.8052677718144,0.9904269650900027,5670,540,61319.9392119755,-0.0043883736433936345,0.06576939913632458,99.56116263566064,10062.017402957734,128.16906905538224,0
flashbots-c50,948,10000,17.26205165402316,-17.25325862542296,17.25325862542296,0.008793028600202035,87184.45271488049,1197.6576666164444,0.9864490940367138,3992,415,45765.58568352705,0.0018802215582768157,0.12999441704868134,100.18802215582768,9983.52275738569,83.92570193792658,0
flashbots-c50,949,10000,92.0028560538669,-92.07690134852015,92.07690134852015,-0.07404529465324572,251616.74981149062,2017.25044155373,0.9920466087372309,9205,1289,150599.70052884257,0.0013458351180518945,0.18404236503310245,100.13458351180519,9972.018364859132,70.36953262042883,0
flashbots-c50,950,10000,8.601895162266349,-8.59988821773905,8.59988821773905,0.0020069445272987707,73587.62115807235,137.60286145984543,0.9981335714704185,5935,269,28532.700791775274,-0.003030933398926976,0.07883738985043622,99.6969066601073,10029.863219985777,98.44005129273961,0
flashbots-c50,951,10000,20.53242708866285,-20.514909367971768,20.514909367971768,0.017517720691081706,150147.0131711568,1754.427553521434,0.9884502244010882,8655,533,65645.61279557842,0.00262531470515313,0.11254130388994994,100.26253147051531,9900.16790967658,148.9629282748829,0
flashbots-c50,952,10000,25.024453354302597,-25.018863862710674,25.018863862710674,0.005589491591923235,189828.37800428533,314.22334173457944,0.9983474332447847,11818,718,80354.16187005622,-0.005316554369149173,0.0888258305541612,99.46834456308508,10051.935177271036,98.64640832164508,0
flashbots-c50,953,10000,18.54821610331992,-18.544270912904402,18.544270912904402,0.003945190415517885,156136.90418503922,3271.163573370783,0.9794793098030121,10543,597,64650.40878764573,0.0016935153545539095,0.07873020884723886,100.16935153545539,9982.798060625395,119.56303624451994,0
flashbots-c50,954,10000,17.817848021067718,-17.804764693427217,17.804764693427217,0.013083327640501352,124237.67079804101,2566.961775257966,0.9797565615453825,8346,570,55003.30523852422,-0.008116173817406178,0.06135505737448341,99.18838261825938,10068.307736855817,73.36659174298256,0
flashbots-c50,955,10000,32.28002955773577,-32.28634970041471,32.28634970041471,-0.006320142678937657,161920.79411048756,2614.411541567648,0.984110321367353,9068,811,81211.99946627929,0.00013524304303615508,0.08747501273916952,100.01352430430362,9991.80459403248,44.53245722914996,0
flashbots-c50,956,10000,70.4202090430792,-70.42281704836348,70.42281704836348,-0.0026080052842871737,314545.7698428591,2495.9282855358797,0.9921274447485293,11859,1219,172762.65188305007,-0.0023254582741365935,0.18246386479915927,99.76745417258634,10024.00991508161,107.41825791751016,0
flashbots-c50,957,10000,35.3260913150928,-35.31756406264413,35.31756406264413,0.008527252448672584,186430.19071286946,3114.7595866925935,0.9835671718936857,11165,812,87328.6746326672,-0.0010909043086063264,0.18850798965204035,99.89090956913937,10007.104009457249,79.42004567793134,0
flashbots-c50,958,10000,27.60844239008158,-27.606231852856226,27.606231852856226,0.00221053722535558,144268.23083618208,1985.8035137449217,0.9864222308630906,6477,604,74090.26876487979,-0.005926635081557805,0.13445665011122698,99.40733649184422,10059.790783215522,103.19117791931505,0
flashbots-c50,959,10000,26.166727504232647,-26.172303470264225,26.172303470264225,-0.005575966031578616,167342.996692583,2426.7270049817625,0.9857057727836982,10414,716,77959.2061023888,0.0019756534840016118,0.06237206872226309,100.19756534840016,9967.311469826649,63.97954373227681,0
flashbots-c50,960,10000,26.56084283257359,-26.55654842834646,26.55654842834646,0.004294404227131565,184464.62536389436,2409.2306093362854,0.987107717145402,10034,746,87545.14807876156,-0.005215382227133744,0.06428072772901132,99.47846177728663,10021.84984749632,80.69917607259077,0
flashbots-c50,961,10000,4.651678015866716,-4.643482268568562,4.643482268568562,0.008195747298154643,63693.2111028734,1343.3409774711317,0.9793448309527294,5202,224,22858.82153881101,0.00615988987968322,0.032543540913388964,100.61598898796832,9954.933533439884,108.08405333850828,0
flashbots-c50,962,10000,18.784766736198808,-18.77141180485576,18.77141180485576,0.013354931343048548,160521.8516081009,1182.852113368974,0.9926851100422756,10196,586,66631.01611326076,0.007752268481354605,0.07386305461778989,100.77522684813546,9910.844719129916,113.53587072471963,0
flashbots-c50,963,10000,34.07532049785011,-34.07576808876443,34.07576808876443,-0.0004475909143195622,181542.73081586888,3462.2607285060512,0.9812855820829267,10282,857,87711.57368306592,0.0012374987666188986,0.10690475592605508,100.12374987666189,10016.144324540499,87.66726353746705,0
flashbots-c50,964,10000,21.368139496655477,-21.373032166139176,21.373032166139176,-0.004892669483698597,158568.74923528518,2128.0188092379117,0.986757550664315,9752,683,72902.36744361064,0.002587398871505684,0.0920214203488149,100.25873988715057,10023.305120103698,61.096299341296785,0
flashbots-c50,965,10000,15.766228932072229,-15.763065236422008,15.763065236422008,0.003163695650220788,142863.08149184892,25.48212342999296,0.999821664360077,9123,544,59030.218711794885,-0.003758115662268722,0.051604093977747144,99.62418843377313,10036.809318130494,100.07319535446113,0
flashbots-c50,966,10000,31.17854049245031,-31.17626449000778,31.17626449000778,0.0022760024425281244,189761.32105748012,1126.3166354809873,0.994099583141719,9137,765,93466.84327306449,0.0004145964373435618,0.08021445466005674,100.04145964373436,9998.993052949365,103.84998603647017,0
flashbots-c50,967,10000,39.68801876045055,-39.70730408003523,39.70730408003523,-0.01928531958468227,153958.93191852976,1453.7660149475303,0.9906457706849038,5719,742,88996.23784419526,-0.0016444755737454386,0.14226300201944453,99.83555244262546,10018.553184591947,83.88825720589213,0
flashbots-c50,968,10000,55.281080556076354,-55.294796806021246,55.294796806021246,-0.013716249944891956,237232.42822796036,3279.316634550955,0.9863652536535146,8836,1062,132469.85196690855,-0.0011425420305211276,0.14871351642838007,99.88574579694789,9988.29114698157,92.76347330671241,0
flashbots-c50,969,10000,46.886440277046646,-46.8804239056826,46.8804239056826,0.006016371364047757,179826.85172220058,2502.6598895460147,0.9862739725049272,8331,986,99375.4530213314,0.0006689232911409704,0.19669330784272887,100.0668923291141,10030.557831509746,62.133199381701424,0
flashbots-c50,970,10000,23.95091462868735,-23.944220518009416,23.944220518009416,0.006694110677933907,195606.57961420598,2192.0349158873864,0.9889178449449965,7592,653,96798.66778394455,0.0017861144560048104,0.055801577192543445,100.17861144560048,9982.5881924634,181.17236352138633,0
flashbots-c50,971,10000,34.233578326257906,-34.2336133499808,34.2336133499808,-0.00003502372289432287,182391.2429519479,1643.6060930419328,0.9910690496850403,7777,765,94019.51149560575,0.003953395495475433,0.12240492799743166,100.39533954954754,9948.886873795624,108.39538477256826,0
flashbots-c50,972,10000,12.374203834688254,-12.371243920677813,12.371243920677813,0.002959914010441267,84107.63448821894,1486.5551603949473,0.982632522528718,4460,334,38152.480579424264,-0.005273837414622448,0.08658737210386419,99.47261625853776,10053.362113945179,110.90080125537601,0
flashbots-c50,973,10000,35.674753986235764,-35.65742146310357,35.65742146310357,0.017332523132196798,230470.1957219026,3057.997737689209,0.986905231045611,11675,924,110586.67050894845,-0.005033303001840323,0.08974828845016561,99.49666969981597,10079.0755742551,153.51238374577542,0
flashbots-c50,974,10000,10.72452361218495,-10.725815081580123,10.725815081580123,-0.00129146939517355,100972.68181139814,1974.1218534613229,0.9808238645282468,6673,354,41507.4511856799,0.00469160902266097,0.048388958843591755,100.4691609022661,9930.730375038513,117.57216251344016,0
flashbots-c50,975,10000,29.2423972746316,-29.256807076577758,29.256807076577758,-0.01440980194615804,117822.61830245065,1274.0140321440629,0.9893026863382267,4472,559,67907.58774960248,0.00002625189001122408,0.09415797540391821,100.00262518900112,9991.404049039013,64.16033880879931,0
flashbots-c50,976,10000,13.871850258120407,-13.869980854282844,13.869980854282844,0.0018694038375635103,106990.35930877992,211.84879095872745,0.9980238392966531,6376,441,49777.295325277155,0.003016207274824723,0.05565862161694412,100.30162072748247,9967.802030956056,102.75298993868925,0
flashbots-c50,977,10000,23.86453453409224,-23.854714893572492,23.854714893572492,0.009819640519747708,137411.21229205662,1761.2484413413529,0.9873448494618827,6940,579,67807.94049652974,0.004103357078270733,0.1442584529174407,100.41033570782707,9945.976078100317,91.86459830000013,0
flashbots-c50,978,10000,26.812616169004833,-26.792045223003207,26.792045223003207,0.020570946001626567,113094.71784005509,2704.9478783228824,0.9766411426013849,9059,708,53181.53647154382,-0.013106942703574731,0.21985543264991605,98.68930572964253,10025.747270785123,23.8162423587413,0
flashbots-c50,979,10000,32.37427382304428,-32.394896103791396,32.394896103791396,-0.020622280747119248,189673.1326734872,2080.8120912873487,0.9891485304574053,8892,784,95569.46912922277,0.000049047691437920096,0.08116300639253765,100.00490476914379,10005.16883971923,126.11982565019574,0
flashbots-c50,980,10000,17.511811147066933,-17.52104186628422,17.52104186628422,-0.009230719217288907,126166.20396661245,2428.467793253145,0.9811153311407178,9578,444,50637.7992898357,-0.0012580655942019802,0.1367461161229633,99.8741934405798,10012.368839045579,113.32141015727349,0
flashbots-c50,981,10000,26.6314011836073,-26.62601365035006,26.62601365035006,0.005387533257238175,179600.21834503743,2250.9197107754303,0.9876221851848703,8663,723,85221.27470218921,-0.00448593454835688,0.09780607799737893,99.55140654516431,10050.954711035663,133.91110719652707,0
flashbots-c50,982,10000,27.65269333245952,-27.65176866668304,27.65176866668304,0.0009246657764805377,197154.40053460974,2370.0088376413732,0.9881217097943157,10109,699,89347.15225963853,-0.0000034773106281704715,0.10828176584969626,99.99965226893718,9983.203018901595,137.53453606259666,0
flashbots-c50,983,10000,46.99766478655671,-46.9575242155755,46.9575242155755,0.04014057098120816,200122.52750130132,1982.8913146751424,0.9901888265723314,8146,959,112977.76298329406,0.016802780991856708,0.16326781428685622,101.68027809918567,9854.906968778203,82.94149992009324,0
flashbots-c50,984,10000,39.874344873309425,-39.88135934323127,39.88135934323127,-0.007014469921841737,217819.54435682643,1614.3032784788238,0.9926433260143086,8032,892,121632.15926910055,0.002067308781650752,0.08441413252546014,100.20673087816508,9973.530014267944,132.2300375431944,0
flashbots-c50,985,10000,29.113435603469647,-29.11410004015086,29.11410004015086,-0.0006644366812125213,204935.84548964267,1764.1415572397475,0.9914652072191973,10578,804,96593.6010915191,0.00022523313366832554,0.05869425717345081,100.02252331336683,10001.79448591671,108.3868371185161,0
flashbots-c50,986,10000,35.51945717960287,-35.51434372357454,35.51434372357454,0.005113456028325913,195017.94455767842,576.482750250992,0.9970526627052446,8765,808,100693.21232640393,0.004358761495523282,0.08270835969898485,100.43587614955233,9957.242617477486,105.05371503082581,0
flashbots-c50,987,10000,33.05075191740705,-33.046925310230186,33.046925310230186,0.003826607176861785,145543.5389969294,1536.383734919449,0.9895540893251588,5604,647,81765.0171684615,0.0077632544378862176,0.1513862460821025,100.77632544378862,9940.402328613336,94.71457169401732,0
flashbots-c50,988,10000,44.966087226171744,-44.95370858310916,44.95370858310916,0.01237864306258274,253823.77020363626,1985.8616623423586,0.9922369550831347,11759,1077,132641.60894873005,0.007149755126847026,0.11044794167373681,100.7149755126847,9928.125083367104,95.34830776808288,0
flashbots-c50,989,10000,45.6343616815205,-45.632997477907985,45.632997477907985,0.001364203612517656,193402.801211419,3622.7685123772317,0.9816126987098381,8380,833,103379.19813427898,0.0008471292693110399,0.1860781606434351,100.0847129269311,9987.33541827658,87.92640818545736,0
flashbots-c50,990,10000,26.70473355905576,-26.680839302269305,26.680839302269305,0.023894256786455514,120631.75322112211,1446.3766869045785,0.988152040926624,6097,544,60528.149057484254,-0.0053103175224336495,0.13066717818091975,99.46896824775664,10021.138921751572,63.800433732442364,0
flashbots-c50,991,10000,48.35602913543188,-48.373334954836665,48.373334954836665,-0.017305819404782596,277834.724111502,2923.8689918464556,0.9895858254611991,10290,1108,152017.12737668946,0.0024012870262194496,0.12400518202937177,100.24012870262194,9984.965913796745,131.43011031994297,0
flashbots-c50,992,10000,44.532713561010816,-44.52152453842218,44.52152453842218,0.011189022588638409,247395.36510868865,3466.171712778847,0.9861829288112604,10880,1028,125976.73883366986,0.000985658117838426,0.09987161688011142,100.09856581178384,9990.18332699507,105.72201433928285,0
flashbots-c50,993,10000,22.41924732299278,-22.404402221277422,22.404402221277422,0.014845101715359021,108073.49781419252,1385.6759499820737,0.9873407051932672,4379,513,58867.190692232085,-0.006647048902673589,0.07743959053349002,99.33529510973264,10059.554382494913,64.12596545006191,0
flashbots-c50,994,10000,45.71654486936599,-45.71779793603169,45.71779793603169,-0.0012530666656971334,245243.41652395274,3598.5437367356053,0.9855388386550012,10257,1068,130681.13277957115,0.00017809630084855143,0.10205272649275628,100.01780963008486,9982.755873538596,104.93080575184041,0
flashbots-c50,995,10000,80.34342768253698,-80.39630172347005,80.39630172347005,-0.05287404093306236,293604.89197731455,2802.5451524428186,0.990544956700206,10985,1309,165026.98586879426,-0.004852311174462898,0.12773357171815236,99.51476888255371,9959.572667049148,75.38367126263556,0
flashbots-c50,996,10000,67.71698018872488,-67.76044437923163,67.76044437923163,-0.04346419050675365,204960.39710456418,2443.457036537695,0.9882188445983489,7732,1021,120789.39360900121,-0.013583065069790195,0.21375261273760657,98.64169349302098,10071.651003532888,87.21507112732313,0
flashbots-c50,997,10000,16.774570936365897,-16.771932976324138,16.771932976324138,0.002637960041759868,116523.09540155252,2525.075225205502,0.9787894663822919,7222,485,54016.5302145881,-0.0016182513130480914,0.07615395491016884,99.83817486869519,10028.86245341441,107.08728473357351,0
flashbots-c50,998,10000,49.868670587150895,-49.86440554154042,49.86440554154042,0.0042650456104738055,249187.16012351456,2907.5809744318594,0.9884663164262432,9715,1084,136412.84872168326,0.000004393652490364275,0.09904288358724131,100.00043936524904,10005.18673806809,96.25685765340556,0
flashbots-c50,999,10000,28.785894937030562,-28.784733049567038,28.784733049567038,0.0011618874635246357,132496.376740743,958.6721642957486,0.9928165163314436,5297,564,70314.6258117594,-0.005173085961523327,0.10452291541029439,99.48269140384767,10051.741999049975,90.08787327790438,0
dodo-k10000000000000000,0,10000,15.473714045433692,-15.472102796596545,15.472102796596545,0.001611248837146917,154692.27081987323,1441.410882993719,0.9907680977783075,6665,467,72618.63897259058,0.002847939657158207,0.08476899818641556,100.28479396571582,9969.057125244763,88.19719749066152,0
dodo-k10000000000000000,1,10000,4.406302652134375,-4.398132702540082,4.398132702540082,0.008169949594293513,57300.47423923553,994.3686139605318,0.982942425688244,3972,151,20879.038111547146,0.010759034023066362,0.11703385958575212,101.07590340230664,9926.297016634036,51.02014315808477,0
dodo-k10000000000000000,2,10000,7.893787666767107,-7.89063057936859,7.89063057936859,0.0031570873985167225,123840.32191514423,998.545625635158,0.992001324224533,7590,325,45546.4471763738,0.005371700827411559,0.07129017405838539,100.53717008274116,9948.927426345024,92.60684722629529,0
dodo-k10000000000000000,3,10000,5.180681431147753,-5.178467606814692,5.178467606814692,0.002213824333060721,80736.78369544362,1224.012507938545,0.9850658782657356,5755,185,26571.337545738286,0.005302772146689421,0.08867755195787297,100.53027721466894,9938.151159020057,95.23520454777344,0
dodo-k10000000000000000,4,10000,10.865699143549131,-10.862466851313883,10.862466851313883,0.0032322922352481243,101593.29916031023,690.9877040591838,0.9932444393440857,4389,313,49246.46794487049,0.00521860744261403,0.08124681939195241,100.5218607442614,9950.395444014655,99.79690512669549,0
dodo-k10000000000000000,5,10000,11.680349901693269,-11.681944397502704,11.681944397502704,-0.0015944958094351591,144424.7336467066,1919.1633465427803,0.9868859352116932,8637,403,57663.53866839297,0.001541322536652956,0.08275737133317719,100.1541322536653,10007.323260385208,89.6630303027163,0
dodo-k10000000000000000,6,10000,6.663559164205189,-6.66131330808463,6.66131330808463,0.0022458561205596084,128065.98231722118,1634.0418315089955,0.9874013760426505,9025,310,42615.08365442846,-0.003776228310787246,0.04468537680691981,99.62237716892128,10046.962709685517,112.87745809577848,0
dodo-k10000000000000000,7,10000,17.02669161722389,-17.022006780208216,17.022006780208216,0.004684837015673793,156940.60450766116,33.63852919573359,0.9997857066959205,5836,489,78114.54050923778,-0.0067563966923984255,0.09524505362076255,99.32436033076016,10067.457587061208,99.57023518258744,0
dodo-k10000000000000000,8,10000,37.195720630208896,-37.20147433267677,37.20147433267677,-0.00575370246787088,277973.24517896917,2064.725258547854,0.9926269810650247,9807,810,136851.47471272747,-0.0009030377092686592,0.191599906012396,99.90969622907313,10020.026079804204,118.34002263650147,0
dodo-k10000000000000000,9,10000,18.637272155930784,-18.620548046555157,18.620548046555157,0.01672410937562674,203383.5520789714,1763.6044538695296,0.9914032225273022,9209,578,89294.10028970332,-0.007804444644400234,0.08507563479550512,99.21955553555998,10022.276924806538,153.7840946317001,0
dodo-k10000000000000000,10,10000,13.282073950935034,-13.272212895911125,13.272212895911125,0.00986105502390977,154869.41556084412,366.4532763448689,0.997639377554364,7558,438,65395.203601820635,-0.0096691740356313,0.1092189675013374,99.03308259643687,10100.520053626255,101.48687291166948,0
dodo-k10000000000000000,11,10000,14.572851817483318,-14.57774570989595,14.57774570989595,-0.004893892412631828,145098.61360914537,1593.9239432490256,0.9891342533857272,6170,383,62640.47750953706,0.002886745871924319,0.12528143812138268,100.28867458719243,9956.419330289404,95.23554058680836,0
dodo-k10000000000000000,12,10000,35.564934661978896,-35.56193133068763,35.56193133068763,0.003003331291267841,302305.21576276264,483.3987187128297,0.9984035109129163,11697,801,136561.9333504607,-0.003972729040557823,0.14584694479974813,99.60272709594422,10037.253903078094,101.37104955938125,0
dodo-k10000000000000000,13,10000,29.936475195913616,-29.93178418802941,29.93178418802941,0.004691007884204623,285316.07115627534,1842.9750401090037,0.9935820408079757,10568,853,141070.2726460099,-0.008674586309193585,0.07905457970488924,99.13254136908064,10091.964024147797,100.44654210855664,0
dodo-k10000000000000000,14,10000,14.690283602706955,-14.701113905810985,14.701113905810985,-0.010830303104029326,132656.4923741896,1836.3978470537163,0.9863457626344946,6630,371,54447.51896425484,0.015626268239655728,0.12199248514077553,101.56262682396557,9943.965098179902,62.80895993167865,0
dodo-k10000000000000000,15,10000,21.765057743950884,-21.757852285485683,21.757852285485683,0.00720545846520082,203168.49663484353,2570.3257164731995,0.9875068512247818,7343,624,100353.40217049685,-0.005303605090215484,0.08469553306337801,99.46963949097845,10051.33491368602,92.84026173414608,0
dodo-k10000000000000000,16,10000,77.74880199776169,-77.68961075869984,77.68961075869984,0.05919123906184609,254830.29041001527,1910.010989882607,0.9925605330387629,9490,751,122882.03213244215,0.00796131358130836,0.5244862032928523,100.79613135813084,9928.838942317585,33.40793782367383,0
dodo-k10000000000000000,17,10000,6.678815083584224,-6.6845423701497,6.6845423701497,-0.005727286565475609,120177.52706712838,1607.2405110708548,0.9868026146205943,8716,285,40391.51871552387,0.00041787787703640334,0.05090213955837257,100.04178778770364,10032.15014310853,139.045628647001,0
dodo-k10000000000000000,18,10000,28.249643349280458,-28.242902690009004,28.242902690009004,0.006740659271454064,273734.9321126079,1019.4274883811315,0.9962896767503103,10345,785,128832.63236965961,-0.009115398832651778,0.09064536059633553,99.08846011673482,10091.052632758285,93.76140412178559,0
dodo-k10000000000000000,19,10000,8.619616674978781,-8.615793331881434,8.615793331881434,0.0038233430973466653,132974.74436848605,2727.7402467951715,0.9798991134574406,10229,302,43897.894579376814,0.0005810534613070218,0.08446589519186631,100.0581053461307,10006.316805112878,112.35294496405139,0
dodo-k10000000000000000,20,10000,18.122679024785867,-18.131740032655713,18.131740032655713,-0.009061007869846094,183245.57319132987,3191.2105158284485,0.9828831497069753,8194,543,82160.47513842097,-0.0020254895205691526,0.13979575460193117,99.79745104794308,10035.216663499888,96.08783510341532,0
dodo-k10000000000000000,21,10000,29.45099376305209,-29.390273062422608,29.390273062422608,0.06072070062948143,239681.29448454265,1877.3059203335033,0.9922283623220743,9011,711,114271.79139472022,0.00011879280054685637,0.18118106667726266,100.01187928005469,9972.084096182734,66.664639588171,0
dodo-k10000000000000000,22,10000,23.060950812968265,-23.238547894650637,23.238547894650637,-0.17759708168237154,148944.30692286775,2017.2872574118664,0.986637082972224,7423,378,62352.06032104545,-0.010257506174910986,0.19161190012798088,98.9742493825089,10056.321921783017,57.98358028671422,0
dodo-k10000000000000000,23,10000,18.241761639405166,-18.262515014925057,18.262515014925057,-0.020753375519891648,200881.3785981194,1318.9175310073967,0.9934771730988705,7868,517,91138.88850037796,-0.0015916045540997458,0.06954734752085699,99.84083954459003,10020.394197610965,163.8063401131231,0
dodo-k10000000000000000,24,10000,12.832002804443677,-12.827099399111077,12.827099399111077,0.00490340533260003,207379.2409984227,2403.1708311526672,0.988544459899217,10742,479,78101.62590207317,-0.0011922623029286684,0.049903762770961466,99.88077376970713,9963.876310530859,179.83882562108087,0
dodo-k10000000000000000,25,10000,15.550452252251285,-15.566482966000592,15.566482966000592,-0.016030713749307424,180899.84785675805,2185.9121094417496,0.9880607202338111,8855,511,76263.65355182506,-0.00004670217239592489,0.09363130513995302,99.99532978276041,10016.132015545596,91.09577641654727,0
dodo-k10000000000000000,26,10000,13.533381177029453,-13.537077410340686,13.537077410340686,-0.0036962333112331436,175329.39021771043,1530.71416621924,0.9913450567523338,10202,495,65919.30409347327,-0.008166520807746025,0.08668714686088422,99.1833479192254,10015.324533281282,48.704627688688795,0
dodo-k10000000000000000,27,10000,6.753007963195919,-6.76140871253466,6.76140871253466,-0.008400749338741242,96346.05522939377,1392.8540026643,0.9857492372934376,4920,240,35856.75332395294,0.004528462673256257,0.06228640289240971,100.45284626732563,9991.12826207395,84.40924722637783,0
dodo-k10000000000000000,28,10000,5.691148184503146,-5.69356258738037,5.69356258738037,-0.0024144028772239423,104892.79565877415,1247.9171548504487,0.988242804087422,4837,249,39936.155614045856,-0.00002131848283440263,0.03245423036385134,99.99786815171656,10021.047521605933,205.51212060341794,0
dodo-k10000000000000000,29,10000,19.56326714093443,-19.542730424199803,19.542730424199803,0.020536716734625315,176833.71153580878,1540.843398995305,0.9913617533646629,7895,505,78286.87492151452,0.01469099528518214,0.11760353039316102,101.46909952851821,9866.90933161586,86.58439095986556,0
dodo-k10000000000000000,30,10000,9.219896079892976,-9.219372131268955,9.219372131268955,0.0005239486240213864,129905.53142656665,1900.5156868178449,0.9855809674256982,7207,362,49577.060874369105,0.00033012852691740593,0.1275928258076368,100.03301285269174,9980.222247779826,52.14392420479111,0
dodo-k10000000000000000,31,10000,22.211360556259457,-22.219982725120985,22.219982725120985,-0.008622168861528223,225427.66494535457,3577.0029749724404,0.9843802180651753,10271,644,98880.01389726426,0.001948655992353423,0.1085478496793678,100.19486559923534,9966.077051153301,110.67588266666739,0
dodo-k10000000000000000,32,10000,7.1766222780334505,-7.17099068578797,7.17099068578797,0.005631592245480377,123861.92551182535,1991.126102685913,0.9841789604849254,7804,286,43585.04061331251,-0.005396918518592884,0.06743210232342761,99.46030814814071,10093.019183268962,150.5462407016785,0
dodo-k10000000000000000,33,10000,10.146297420287146,-10.153359827133343,10.153359827133343,-0.007062406846197078,115006.14418004159,2234.436932129799,0.9809414375898395,7493,328,44757.21040071796,0.004997501045686903,0.11796730769806714,100.49975010456869,9975.624539265229,65.08150843612081,0
dodo-k10000000000000000,34,10000,14.46584694697898,-14.468992503182108,14.468992503182108,-0.0031455562031279527,175243.90698286853,1938.6584237498162,0.9890584131723075,8727,480,73272.00997466862,0.0022347653009281033,0.07991888310247205,100.22347653009281,9992.814192537713,101.14182694135982,0
dodo-k10000000000000000,35,10000,13.21364625720761,-13.251720730241203,13.251720730241203,-0.03807447303359268,157442.22796646325,2418.312668133916,0.9848723602551702,11437,413,54381.66451591956,0.0031232027893877048,0.18713676712641644,100.31232027893877,9997.588078475133,48.53289564999783,0
dodo-k10000000000000000,36,10000,15.472045693760954,-15.47120608889233,15.47120608889233,0.0008396048686236668,213504.74416952202,2106.727736451134,0.9902290554494713,11655,568,83885.54104353314,-0.0036711941939725533,0.06612965081112974,99.63288058060274,10040.034863669642,93.57010798548743,0
dodo-k10000000000000000,37,10000,7.474917891700519,-7.4567680252627895,7.4567680252627895,0.018149866437729756,102725.72596133288,1714.4421508682994,0.9835844562311844,5720,272,40577.92833602365,0.004990258882077257,0.06486228755358268,100.49902588820773,9905.95367816537,120.57881934574904,0
dodo-k10000000000000000,38,10000,7.759619866039862,-7.765402683227023,7.765402683227023,-0.005782817187161449,87904.66149381858,842.3796563221098,0.9905080817861073,4307,272,38873.887306152734,-0.001225684898216599,0.08311606711083129,99.87743151017834,10018.892807582839,71.98237568592819,0
dodo-k10000000000000000,39,10000,12.599964714246866,-12.593467635114195,12.593467635114195,0.006497079132671502,161371.97462360584,1761.3844119035975,0.989202794435685,8868,477,65832.47121290426,0.01804050428046267,0.09093606627175319,101.80405042804627,9912.255727258604,63.832420655588194,0
dodo-k10000000000000000,40,10000,13.882639338031094,-13.883737460145298,13.883737460145298,-0.0010981221142039033,133326.08913975675,1698.005825596948,0.9874244235739359,5738,389,61633.826278394845,-0.0009964375179650632,0.13867685007394642,99.9003562482035,10012.376264949307,103.824823994845,0
dodo-k10000000000000000,41,10000,14.906389494274375,-14.913532711760425,14.913532711760425,-0.0071432174860497355,225198.24809404265,3584.217756934711,0.9843335119953233,11130,577,90011.3381175369,0.007681297353403096,0.052545571071955094,100.76812973534031,9947.295193955124,123.15711283826744,0
dodo-k10000000000000000,42,10000,16.27616891931602,-16.268038930231995,16.268038930231995,0.008129989084025624,144259.50576132658,1393.9819744281963,0.9904294638178719,5984,405,64033.47450346177,0.000030194104560905543,0.2098913654670841,100.00301941045609,9973.010164056243,131.86361333046014,0
dodo-k10000000000000000,43,10000,32.61662746815431,-32.60758929321615,32.60758929321615,0.009038174938162058,265913.1035016227,2339.455949034666,0.9912789053948804,9457,787,133577.8094523042,0.004723981565952897,0.10736127687835748,100.47239815659529,9956.576557785998,104.65399671555824,0
dodo-k10000000000000000,44,10000,9.576803656025044,-9.574310325959217,9.574310325959217,0.0024933300658265267,108508.22308219096,1081.3578166754965,0.9901326585264212,4199,327,51097.65833530422,-0.0005859835079513687,0.05872341855459609,99.94140164920486,10053.914249523152,202.93007228776162,0
dodo-k10000000000000000,45,10000,15.769235292514258,-15.76154025565586,15.76154025565586,0.007695036858399007,206107.47349244016,747.299673563489,0.9963873220708146,11012,529,79110.71545753985,-0.006867612915263663,0.11121697731136436,99.31323870847363,10068.808118392697,102.2127090536692,0
dodo-k10000000000000000,46,10000,32.53998158329367,-32.52721461435756,32.52721461435756,0.012766968936105627,294437.2080832248,1838.4095870927895,0.9937949345897963,11123,858,139151.8720770474,-0.0009701447379605099,0.1686266680221742,99.90298552620395,9998.873976431296,102.77217781739873,0
dodo-k10000000000000000,47,10000,33.48716363393585,-33.49625562961701,33.49625562961701,-0.00909199568116037,235461.61822062745,1858.2606815981287,0.9921698060432446,8359,735,121506.13181074949,0.0009099996715305281,0.17968375761337727,100.09099996715305,10004.703455881026,79.6674381363814,0
dodo-k10000000000000000,48,10000,14.610908665723812,-14.60190204291662,14.60190204291662,0.009006622807191889,140671.6758730857,1539.6453265189705,0.9891735389733285,6491,413,62235.9297349902,-0.0007394551152474094,0.1455170588165528,99.92605448847526,10007.834692596603,70.09697829734397,0
dodo-k10000000000000000,49,10000,10.063601822342703,-10.056349080068216,10.056349080068216,0.007252742274486579,163755.37867979295,3124.4800925527506,0.9812770689312776,10747,393,56158.49938286299,0.007192219809872427,0.07532527229709586,100.71922198098724,9925.748633356645,126.28308410483056,0
dodo-k10000000000000000,50,10000,16.58104438577248,-16.547036217972064,16.547036217972064,0.03400816780041538,122195.8242147663,1117.8412709315094,0.9909349765370394,4325,355,58804.130071474945,-0.0058555794588646395,0.20008487396293062,99.41444205411354,10079.690123779612,97.35866611043825,0
dodo-k10000000000000000,51,10000,13.822030386396902,-13.816909798509244,13.816909798509244,0.0051205878876583455,144945.1466558504,1673.9490225254617,0.9885830081356016,5855,399,66456.52101013373,-0.00001630416571913429,0.056616378858771695,99.99836958342809,9999.719427149323,117.11257224741712,0
dodo-k10000000000000000,52,10000,11.543558222030665,-11.549918184028911,11.549918184028911,-0.0063599619982461775,139067.2596401919,1243.9456796024108,0.9911343810583962,6008,400,62335.88229650183,0.003227813560132944,0.0638810229645665,100.3227813560133,10014.427148445082,125.65909739566708,0
dodo-k10000000000000000,53,10000,17.92355002317288,-17.922342272531466,17.922342272531466,0.0012077506414129857,134267.63380590486,1594.504887614686,0.9882638025358073,6343,439,62421.06647606198,-0.00004029526479087053,0.17417914456776798,99.99597047352091,9971.303412553976,41.85639581894704,0
dodo-k10000000000000000,54,10000,6.3519520101386595,-6.335546186799846,6.335546186799846,0.016405823338813796,75431.05532487779,1131.7812847205287,0.9852176155581643,5501,222,29631.856818338685,-0.007364114191260711,0.12878330303397775,99.26358858087393,10022.331741533846,50.51369382026857,0
dodo-k10000000000000000,55,10000,32.264069458582284,-32.2822796077491,32.2822796077491,-0.01821014916681918,246142.75216206073,2994.2500677944363,0.9879815120154977,10555,780,115902.61830128658,0.0026982041684348703,0.20318352246353996,100.26982041684349,10014.456005972206,60.546112460192404,0
dodo-k10000000000000000,56,10000,9.247911630873672,-9.251063387024175,9.251063387024175,-0.0031517561505030045,105115.35721173216,1523.3762725988809,0.9857146064771792,5167,290,45135.45709555927,-0.0014746163684691282,0.07996603487271883,99.85253836315309,10019.400868055893,146.04832612510074,0
dodo-k10000000000000000,57,10000,12.127028063554576,-12.13170722522959,12.13170722522959,-0.004679161675014143,159238.5098379521,1789.4367562548734,0.9888874149232972,8908,452,62430.80757070588,0.0010987975285713957,0.09171264452602969,100.10987975285714,10020.139875376566,77.67038526056504,0
dodo-k10000000000000000,58,10000,25.762989072589555,-25.78071246895709,25.78071246895709,-0.01772339636753628,212669.40422781926,2730.056437041328,0.987325611546962,7827,698,106080.6965967058,0.00772765731439165,0.13012706230838803,100.77276573143916,9961.397858618093,72.28276224227757,0
dodo-k10000000000000000,59,10000,16.799095146782115,-16.79907757304025,16.79907757304025,0.000017573741864396197,158590.0663733642,285.63648030570516,0.9982021386834161,5922,471,76235.90509205626,0.0017516547833977825,0.10569292556355023,100.17516547833978,9982.84568129015,97.70721160064947,0
dodo-k10000000000000000,60,10000,8.825134321029395,-8.829819049899797,8.829819049899797,-0.0046847288704015,157012.32317988493,2892.203163717874,0.9819129374893172,11058,389,52404.55890664034,-0.0068050995263907055,0.06953687572634194,99.31949004736093,10079.66310065738,92.56558696223887,0
dodo-k10000000000000000,61,10000,7.61733942891392,-7.615856430159084,7.615856430159084,0.001482998754835485,110201.89232581266,1376.14273277968,0.9876665444766344,6233,308,43863.25835011276,-0.004013873372395835,0.07788567804148727,99.59861266276042,10045.955145216816,103.92595555353815,0
dodo-k10000000000000000,62,10000,7.117070252654625,-7.10841854484903,7.10841854484903,0.008651707805594988,108958.96522104855,1480.603663604094,0.9865935399915361,6539,269,39577.95519647557,0.004619465410491728,0.08210700016544649,100.46194654104917,9931.946759294762,137.42372466016568,0
dodo-k10000000000000000,63,10000,26.66214197580781,-26.652107405242617,26.652107405242617,0.010034570565192524,274667.10327156144,1879.1908405616202,0.9932047874783679,11425,747,121739.16735153618,-0.009157358621937704,0.09965817050020903,99.08426413780623,10085.460005791168,98.96920325179053,0
dodo-k10000000000000000,64,10000,25.767474653434263,-25.787466065375398,25.787466065375398,-0.01999141194113463,211693.06870278146,2770.638608283904,0.9870810840536982,9137,661,99786.87671821183,0.005080151217014048,0.19270804747722964,100.5080151217014,10034.657894021415,74.15403615226887,0
dodo-k10000000000000000,65,10000,3.1952001697469083,-3.1951707810832914,3.1951707810832914,0.000029388663616902733,53395.7614776083,317.6017033460563,0.9940871007783278,4301,120,16663.56836722994,0.0009192104670032109,0.07294379025169306,100.09192104670032,9991.25722798806,102.73393851923394,0
dodo-k10000000000000000,66,10000,13.379584378484434,-13.34583362457225,13.34583362457225,0.03375075391218374,111539.68453414006,1033.373313046105,0.9908204206867253,4082,328,54328.30531600857,-0.01921992906410608,0.08886282447469455,98.07800709358939,10186.627481588514,94.85584061218105,0
dodo-k10000000000000000,67,10000,7.198550982800422,-7.194077476034323,7.194077476034323,0.004473506766099256,106990.45924978331,1424.3378358508821,0.9868621454438011,5921,304,40383.043336926,0.010533384190414097,0.057132465765050995,101.05333841904141,9917.076045472257,72.42108641022617,0
dodo-k10000000000000000,68,10000,8.051096877864012,-8.041132160434486,8.041132160434486,0.009964717429525649,138725.95644004206,2823.6670193136683,0.9800517518146246,11335,323,42265.45509830826,0.003759213115775992,0.11113023485323481,100.3759213115776,9937.306403843948,58.40932061697143,0
dodo-k10000000000000000,69,10000,22.28424645494126,-22.225032627508696,22.225032627508696,0.05921382743256487,127071.9347255662,1254.6961663705363,0.990222636114969,5475,360,60060.44283258665,-0.0027963889678612477,0.26471443866514194,99.72036110321388,9992.250086785118,134.91793217780622,0
dodo-k10000000000000000,70,10000,18.02534219266243,-18.02099495130132,18.02099495130132,0.004347241361109866,151225.29877360546,1001.6920548474104,0.9934197473825372,8043,429,63796.67544193371,0.01160473361892258,0.2378825406231246,101.16047336189226,9891.76128125574,94.92072900346442,0
dodo-k10000000000000000,71,10000,9.44781412886427,-9.439052731768811,9.439052731768811,0.008761397095458534,126941.03013310909,1763.05702341888,0.9863014682566011,7749,368,50746.0909652232,0.0013877317755650153,0.07291957029654071,100.1387731775565,9986.711598831733,68.45710391780875,0
dodo-k10000000000000000,72,10000,4.345379304446617,-4.343162476908432,4.343162476908432,0.0022168275381844182,83613.83828879663,1957.9909846018454,0.9771187433852075,6633,196,26091.684592131223,0.00015313667503860984,0.04970782421960379,100.01531366750386,9993.53868050448,96.37060832147118,0
dodo-k10000000000000000,73,10000,3.153849745964154,-3.153610739876953,3.153610739876953,0.00023900608720106575,58557.361987937235,885.7558242798345,0.9850991021857574,4404,136,18485.226399896674,0.009038318001102396,0.05591064757451079,100.90383180011024,9948.020127236454,100.67828776070691,0
dodo-k10000000000000000,74,10000,21.58670296835284,-21.587199489037474,21.587199489037474,-0.0004965206846350156,219636.0178678923,1992.4143320703834,0.9910101140350407,9209,658,104194.31856973738,0.00013734945422072542,0.08852132319619414,100.01373494542207,10001.786530845746,95.90659946873016,0
dodo-k10000000000000000,75,10000,8.456892277107212,-8.44710623043791,8.44710623043791,0.009786046669301385,147441.20424924485,1874.5691951134795,0.987445605029719,11152,332,47946.990500138265,0.00006140470898031936,0.04892274231495392,100.00614047089803,9979.89824648988,91.22287163918266,0
dodo-k10000000000000000,76,10000,5.99495458560388,-5.992376495251548,5.992376495251548,0.0025780903523315857,82248.8909765954,1051.7542978394126,0.9873739957910962,4427,226,33583.21412435397,0.0012368694658294998,0.053869172576682306,100.12368694658295,9982.168347904244,125.84233488930936,0
dodo-k10000000000000000,77,10000,9.441216111898601,-9.43636392921286,9.43636392921286,0.004852182685741724,94089.38543240177,1103.4651770149783,0.9884081086977574,4284,280,41926.90243106563,0.004924011043430738,0.11709877963741888,100.49240110434307,9948.263718725473,95.62363522688833,0
dodo-k10000000000000000,78,10000,10.639287103641099,-10.64933783747476,10.64933783747476,-0.010050733833661951,132128.6553035155,3204.2490987432284,0.9763232074793945,9308,336,48003.38068660991,-0.0042746998817132465,0.1275624118130233,99.57253001182868,10019.860645008694,84.69556416044391,0
dodo-k10000000000000000,79,10000,7.888595051360755,-7.888487757379522,7.888487757379522,0.00010729398123299205,142558.21771510772,223.05266587127932,0.9984378016438983,11366,314,44333.07781980729,0.000251007614484422,0.08864279045602515,100.02510076144844,9998.643884038403,102.00281131785363,0
dodo-k10000000000000000,80,10000,6.528961668875105,-6.520121473987601,6.520121473987601,0.008840194887504538,90271.50144057516,1529.5866881893767,0.9833380331391726,5079,229,36415.06825942322,0.008804843422314974,0.03970298403081543,100.8804843422315,9903.50342128318,113.19352804042104,0
dodo-k10000000000000000,81,10000,4.722606977147814,-4.722828306242107,4.722828306242107,-0.00022132909429295466,80874.95230121803,2191.498532861914,0.9736175253564247,5477,213,28324.722977433667,-0.0026055574823773495,0.047811922379485165,99.73944425176227,10022.575637893178,74.05978472305385,0
dodo-k10000000000000000,82,10000,14.03269550841789,-14.036133187557667,14.036133187557667,-0.0034376791397772166,164524.19465430174,1918.950775443664,0.9884708332656833,7152,422,70688.63078561913,-0.008234608115588316,0.08112786324577684,99.17653918844117,10168.317179871769,143.70313277411483,0
dodo-k10000000000000000,83,10000,9.753503414677438,-9.754750191873967,9.754750191873967,-0.001246777196529436,111236.864122599,2240.5219146022205,0.9802557849379109,5570,330,49083.4183268276,-0.00026274170863885613,0.08731772083410733,99.97372582913611,10015.167326466883,91.19295798900148,0
dodo-k10000000000000000,84,10000,16.482381401444883,-16.472365871853597,16.472365871853597,0.010015529591285599,218831.19810078712,2879.8408021537502,0.98701083709497,9743,563,90248.01247871817,-0.0014543501403635163,0.06919046749439232,99.85456498596365,9987.37192531362,140.58364303972618,0
dodo-k10000000000000000,85,10000,10.875985137409728,-10.868412312740745,10.868412312740745,0.007572824668983458,138448.37004147575,1775.6454714500026,0.9873370801359891,7354,361,55299.8484158665,0.005705118172135997,0.07187220565974997,100.5705118172136,9934.385057261994,98.12149974691745,0
dodo-k10000000000000000,86,10000,12.55410423223054,-12.549761723076202,12.549761723076202,0.004342509154337648,155610.44533382324,142.4799763510177,0.9990852179754102,8677,402,60741.50368993922,-0.006981843490312798,0.11582526065791938,99.30181565096872,10073.50720961399,99.3576510960261,0
dodo-k10000000000000000,87,10000,37.65548600886588,-37.6285897477963,37.6285897477963,0.026896261069580873,295750.68746913446,2122.1714032749637,0.9928755798319175,10769,898,144916.4731353354,0.005467390879352223,0.12609850422452795,100.54673908793522,9919.684910016624,60.98923060627165,0
dodo-k10000000000000000,88,10000,22.00725543397435,-21.98519793394368,21.98519793394368,0.02205750003066953,187488.23697704554,1478.9229724870809,0.9921736508455646,7266,596,94488.06579392422,0.01464592647628578,0.11492905121050967,101.46459264762858,9861.412993027032,144.27266168576583,0
dodo-k10000000000000000,89,10000,4.277823589824284,-4.275922791603747,4.275922791603747,0.0019007982205367924,81199.09417592763,2305.009056105862,0.9723964575764509,5897,207,26797.302303105473,-0.0005454307299085315,0.039217389295844785,99.94545692700915,9993.141101791762,82.74322143651109,0
dodo-k10000000000000000,90,10000,39.86763071656827,-39.85798864812291,39.85798864812291,0.009642068445359087,316184.6361486647,1748.3206583504889,0.9945009769483831,11269,932,155406.96235330476,-0.009197924702588409,0.14189088628546087,99.08020752974116,10080.832842304402,89.13127481907044,0
dodo-k10000000000000000,91,10000,4.7718375740697665,-4.775620648677403,4.775620648677403,-0.003783074607636827,70020.34803069445,1040.356366922382,0.985359610832154,4720,199,26072.96930277239,0.004942383139011497,0.06749241523444638,100.49423831390115,9959.74598258313,90.47500892590769,0
dodo-k10000000000000000,92,10000,7.904551561240983,-7.902019225547633,7.902019225547633,0.002532335693349985,125123.96232677519,1947.2159777961535,0.9846761791007481,9112,334,44196.150283175884,0.006929388167290256,0.07754434477498591,100.69293881672903,9950.33062485707,46.34894965051198,0
dodo-k10000000000000000,93,10000,31.91278691842076,-31.919118662481125,31.919118662481125,-0.006331744060364741,279206.4548116529,3959.7321916790893,0.9860162251941738,10724,784,130045.78653662556,-0.0006435766473228455,0.18147994589966615,99.93564233526772,9996.71657368315,108.74972911151411,0
dodo-k10000000000000000,94,10000,11.000362935449767,-10.995738578052595,10.995738578052595,0.004624357397171153,155883.10262482648,1618.4546655081099,0.9897241989644286,8732,417,60361.80013898848,-0.0060468508282306745,0.07056720456708404,99.39531491717693,10051.653122545631,86.87945885007937,0
dodo-k10000000000000000,95,10000,29.832735193375115,-29.846272704646395,29.846272704646395,-0.013537511271280778,248084.373414866,2161.830538615009,0.9913611854866863,9270,756,123174.44041039063,0.0009591797183334449,0.11984071444973594,100.09591797183334,10030.110159562973,82.82845130071455,0
dodo-k10000000000000000,96,10000,7.800597826719193,-7.805801783082444,7.805801783082444,-0.005203956363250661,124227.11627484004,1602.646949856851,0.9872633714887076,7063,338,47257.656946808944,0.0014851762171285542,0.0513998796807914,100.14851762171286,9985.280020885228,101.89845176990846,0
dodo-k10000000000000000,97,10000,8.159553057096817,-8.15637462370475,8.15637462370475,0.003178433392067248,96009.33367950477,1175.8786917193738,0.9879006418463355,4619,280,40735.88630389072,0.00396310832739772,0.07455961471643277,100.39631083273977,9973.6796050176,76.02099851722808,0
dodo-k10000000000000000,98,10000,15.607433847153935,-15.60985456376207,15.60985456376207,-0.002420716608135365,188194.1452501122,2475.8680992094387,0.9870149057226242,9175,518,80171.7156422761,0.004689903308833578,0.06918281933008473,100.46899033088336,9942.373772418408,115.97815055388776,0
dodo-k10000000000000000,99,10000,18.50731384753116,-18.489897639340782,18.489897639340782,0.01741620819037948,129044.96690796876,1305.674924938473,0.9899833640511554,4977,452,66331.91756252183,0.01734446634703474,0.13682781980356537,101.73444663470347,9912.19856614891,56.70140573344945,0
dodo-k10000000000000000,100,10000,29.207292412323994,-29.214048402238305,29.214048402238305,-0.0067559899143105895,271600.9691121094,2376.329023944867,0.9913265477099318,10999,771,123887.72481857175,0.009573899809859796,0.09795564324388806,100.95738998098598,9934.855576147631,104.02738870828291,0
dodo-k10000000000000000,101,10000,21.71900838090692,-21.71673791938136,21.71673791938136,0.0022704615255619842,214367.4546179205,1148.223372040779,0.9946722049052308,8665,652,101618.62760979257,0.008232399486935691,0.09805845004541283,100.82323994869357,9931.127484094643,90.23761949204535,0
dodo-k10000000000000000,102,10000,24.3179325259757,-24.30053547694041,24.30053547694041,0.017397049035288603,218607.36087359407,2317.05252570647,0.989512012321071,9340,690,102793.21120033303,0.004130473905891563,0.09795966411807769,100.41304739058916,9931.873181097817,62.261355572996756,0
dodo-k10000000000000000,103,10000,8.620293661004844,-8.611255094333899,8.611255094333899,0.009038566670945158,136752.05217732233,1983.7529428145497,0.9857012186501045,9296,364,46602.85922630734,-0.003015021234948563,0.0696026620019751,99.69849787650514,9990.94506019136,48.18442667012048,0
dodo-k10000000000000000,104,10000,5.86642399562331,-5.863487792404143,5.863487792404143,0.0029362032191668774,91175.88315250799,1256.2926003908026,0.986408492603817,5511,254,34958.33769661291,0.0006316993500202272,0.03961640130110567,100.06316993500202,9992.115987040448,95.58534366048933,0
dodo-k10000000000000000,105,10000,21.01750877787887,-20.999712712321823,20.999712712321823,0.017796065557046603,244018.50189521068,2229.1882197027335,0.9909473740904433,9546,664,105937.58144238916,-0.0056314254648400204,0.07922820184076769,99.436857453516,10020.279803886602,126.3446173667896,0
dodo-k10000000000000000,106,10000,14.341544773016935,-14.356610951068575,14.356610951068575,-0.015066178051640122,198861.9217331956,2700.529303391008,0.9866020219068441,10538,504,76985.61426104819,-0.0034538543680494626,0.12037105338891607,99.65461456319505,10068.873776156106,123.2856935857355,0
dodo-k10000000000000000,107,10000,14.201224007362594,-14.200412083075491,14.200412083075491,0.0008119242871025278,107451.33656429965,1018.8046328957432,0.990607510770696,4297,324,51961.0078549226,-0.0038461380711105166,0.13386264538653223,99.61538619288895,10043.92932978951,112.59229413037767,0
dodo-k10000000000000000,108,10000,10.775220782652138,-10.770943336910179,10.770943336910179,0.004277445741958985,142449.6284186842,2348.4307928101202,0.9837813379157245,8583,375,54741.17046260644,-0.00391387940485231,0.11549671417258395,99.60861205951477,10032.965125759158,98.97826851090687,0
dodo-k10000000000000000,109,10000,12.004409074639629,-12.009154588981772,12.009154588981772,-0.004745514342143764,167726.56029766618,2844.3351350441444,0.9833246162668693,10464,430,61331.715197754056,0.005505138643398624,0.08700014474435334,100.55051386433986,9977.798698392637,78.35886006302351,0
dodo-k10000000000000000,110,10000,7.923004566271839,-7.917140388715069,7.917140388715069,0.005864177556770045,96350.03094267406,1230.3117731000066,0.9873918072138403,5486,267,38790.52407203712,-0.0035523464742307454,0.08625821980078627,99.64476535257693,9984.221787629642,97.06464735191683,0
dodo-k10000000000000000,111,10000,37.721724882070085,-37.72506011009983,37.72506011009983,-0.0033352280297478387,321174.6864047653,1549.3207548559938,0.9951992392245871,11741,942,157421.17077283422,-0.00019686045871083023,0.14488185876299667,99.98031395412892,10016.646089471324,85.90060301799143,0
dodo-k10000000000000000,112,10000,8.216521076123371,-8.212575176140476,8.212575176140476,0.003945899982895185,161498.75553471138,2992.00270493921,0.9818105118065047,11439,335,50622.709789046,-0.0046568344134564656,0.044380252078527034,99.53431655865435,10054.602855152221,231.81134331243595,0
dodo-k10000000000000000,113,10000,33.706849331676956,-33.7013540654596,33.7013540654596,0.005495266217359074,312845.68351110583,2056.6895494041814,0.9934688026342405,11394,937,151599.49065986226,0.003839777496408203,0.0924397669835534,100.38397774964082,9982.539116898244,116.02591753715777,0
dodo-k10000000000000000,114,10000,19.72044661630398,-19.717273240571885,19.717273240571885,0.0031733757320964173,185026.44740017067,742.8117035585362,0.9960014282925908,7744,519,83381.14973775628,0.0024948992707045647,0.15304046499448687,100.24948992707046,9973.348248182563,94.79567510274329,0
dodo-k10000000000000000,115,10000,8.063958223538377,-8.067755416474526,8.067755416474526,-0.0037971929361493295,131672.86751627162,1575.8737767181422,0.9881734434304856,7604,329,49276.09480213916,0.0015447640695067833,0.03918015545506051,100.15447640695068,10012.674054315341,151.57175636232085,0
dodo-k10000000000000000,116,10000,40.095783690233276,-40.123358526220855,40.123358526220855,-0.02757483598757915,311726.32905601076,2343.640382199971,0.9925378399393227,11136,928,152214.01766491553,0.004032103897899475,0.14092589315093576,100.40321038978995,9991.589324326495,88.85658903404455,0
dodo-k10000000000000000,117,10000,12.5872649880823,-12.56357687482624,12.56357687482624,0.02368811325606046,213746.8234058061,2408.6555603094184,0.9888568378103106,10206,478,80401.26657876336,-0.005790377107322513,0.06359673008751641,99.42096228926775,10002.240063635785,223.81651361137108,0
dodo-k10000000000000000,118,10000,27.161396391587523,-27.159491828644477,27.159491828644477,0.0019045629430465283,227548.6585981792,287.47933167657476,0.9987382189046538,8191,700,116241.93600415341,0.004854579142015893,0.10172532666122634,100.48545791420159,9955.3519089777,97.05795474736756,0
dodo-k10000000000000000,119,10000,9.95989118779378,-9.967629400594106,9.967629400594106,-0.007738212800326494,177987.19919074528,2964.8213862640396,0.9836154281294568,11537,388,60168.49735782026,-0.0012929516073953095,0.055021773935560105,99.87070483926047,10024.793194918211,228.41773225218557,0
dodo-k10000000000000000,120,10000,3.8698843631007476,-3.8616812876259274,3.8616812876259274,0.008203075474820132,69410.17712372213,956.0823055668113,0.9864127734894366,4561,167,22647.274806880312,-0.00673106278755526,0.06282574032393398,99.32689372124447,10057.840549396637,108.22252911637716,0
dodo-k10000000000000000,121,10000,9.116173298804261,-9.115944853437512,9.115944853437512,0.0002284453667495967,164641.97260733144,2077.642560769339,0.9875381036677989,11105,390,54987.859229565234,0.00006522256042600815,0.045197884370083444,100.0065222560426,9985.277244949166,81.2835534671967,0
dodo-k10000000000000000,122,10000,10.157713704175576,-10.14000492113432,10.14000492113432,0.01770878304125567,141740.7951003796,2369.554806985161,0.9835573585900781,6698,347,58440.157493306244,-0.0013538306854914595,0.06403514630181348,99.86461693145085,9977.972449393792,162.68022996178323,0
dodo-k10000000000000000,123,10000,11.886479678288849,-11.888394973623633,11.888394973623633,-0.001915295334784517,168507.10131258596,2568.759374287991,0.9849846765991744,8564,396,66254.01536381738,0.00037411992175520934,0.057359574103418964,100.03741199217552,10008.290180777682,201.07660064900926,0
dodo-k10000000000000000,124,10000,32.71609727722699,-32.63794010561256,32.63794010561256,0.07815717161443558,233827.5490197046,2714.9056287054914,0.9885225439435773,9727,735,110453.3897075715,-0.004435305541259566,0.2635576982407835,99.55646944587404,9987.255464932614,103.73932183511346,0
dodo-k10000000000000000,125,10000,3.595850919883337,-3.5972965725336223,3.5972965725336223,-0.0014456526502852896,65664.96916862112,954.4953201834943,0.9856724258066664,4318,140,20427.686430103004,-0.0014826018650796868,0.06161477663197942,99.85173981349203,10067.121462760588,133.76052009310555,0
dodo-k10000000000000000,126,10000,9.524572795426774,-9.524150047728838,9.524150047728838,0.00042274769793593236,158683.32036654407,1651.825967703819,0.9896976676326456,10544,411,57063.64255785861,0.0019932262058685525,0.053201920108281085,100.19932262058686,9983.502834138115,92.61125780319949,0
dodo-k10000000000000000,127,10000,18.3409348716456,-18.33845986677005,18.33845986677005,0.0024750048755493026,152559.8756113156,1758.2077295857962,0.9886065994890452,7383,450,64453.53333874337,-0.002113700570319992,0.21549071562403227,99.788629942968,10026.322372321487,73.49070188611262,0
dodo-k10000000000000000,128,10000,20.022034983503012,-20.056220196545056,20.056220196545056,-0.03418521304204347,212279.49351161774,2285.9306215759325,0.9893462302660799,10231,572,90490.24644309342,-0.0015047388454536303,0.12139152593398805,99.84952611545464,10038.048338760878,102.4981197144621,0
dodo-k10000000000000000,129,10000,23.757436844366513,-23.694608997507316,23.694608997507316,0.06282784685919651,231229.15052283157,2352.6190675346757,0.9899280707066288,10257,670,105378.94130993393,-0.017303293485837656,0.11140826877845612,98.26967065141623,10239.700960534627,118.09338011502805,0
dodo-k10000000000000000,130,10000,37.44095410343876,-37.40489004876868,37.40489004876868,0.036064054670085,256539.58744981175,2925.6385286519335,0.9887243521068416,9051,805,129956.31910957703,0.007585900401796408,0.17149230897642326,100.75859004017964,9958.642581727583,65.91285074284076,0
dodo-k10000000000000000,131,10000,5.2515997027727845,-5.247386736479314,5.247386736479314,0.004212966293470899,104177.69833071658,1457.8516531346827,0.9861992326129078,8006,237,31783.6720228089,-0.0008699540037069653,0.07481869565555073,99.9130045996293,9990.10082864269,67.88717777144794,0
dodo-k10000000000000000,132,10000,16.268803543412552,-16.283591770736535,16.283591770736535,-0.014788227323982994,128101.88737901355,1935.260919905914,0.9851176302677964,5651,410,59680.70556444176,0.0028905611627641293,0.14976778523519785,100.28905611627641,10003.46200674937,38.91995134673968,0
dodo-k10000000000000000,133,10000,55.08396564314786,-55.08024592275464,55.08024592275464,0.003719720393220882,253113.62317904324,2263.2082819029783,0.9911377697461601,10857,688,115738.94505434333,-0.0004170083631470334,0.3763770082498341,99.9582991636853,9987.076663615846,102.33135517634553,0
dodo-k10000000000000000,134,10000,10.690961030393208,-10.689996171385573,10.689996171385573,0.0009648590076345442,127667.65275962447,2012.1382212811257,0.9844837949995046,6932,340,51761.73091962596,-0.00011565444833024686,0.08724065065253782,99.98843455516698,9996.826880048822,99.52369914270692,0
dodo-k10000000000000000,135,10000,10.581890594375452,-10.570032712300886,10.570032712300886,0.011857882074565396,156628.16853887908,2889.9410490557484,0.9818833043061944,11009,386,52759.08087640841,0.007492313448637163,0.08980432446290607,100.74923134486372,9904.968919002096,71.09016119825175,0
dodo-k10000000000000000,136,10000,8.007483254479427,-8.010859541599771,8.010859541599771,-0.0033762871203446565,127015.8753535325,1866.2646900072218,0.985519601945027,8653,314,44719.53484075675,0.0007011105604409806,0.09623657909925427,100.0701110560441,10001.751698460035,90.45156927075406,0
dodo-k10000000000000000,137,10000,11.947876580819564,-11.946589398778727,11.946589398778727,0.0012871820408371093,164217.35974935378,2389.2856453284153,0.9856591215814452,8078,464,68550.06443223849,0.00009265582842132858,0.07492930876413453,100.00926558284213,9997.176748259822,104.0445110828318,0
dodo-k10000000000000000,138,10000,10.291720637963019,-10.290802102845419,10.290802102845419,0.0009185351176004275,147172.32357998317,2501.5075901459913,0.9832869408727662,8351,386,56448.51820821656,0.0023778086098354832,0.0628406870231963,100.23778086098355,9976.379166017867,95.4695741911343,0
dodo-k10000000000000000,139,10000,16.23364476498856,-16.256691346453294,16.256691346453294,-0.02304658146473315,183489.11571945032,1853.6768225990074,0.9899986570981526,8191,506,80974.37241097586,0.003297552998724882,0.10032881042852679,100.32975529987249,10045.222182382879,120.10161621218924,0
dodo-k10000000000000000,140,10000,14.093818606194422,-14.08547598958458,14.08547598958458,0.008342616609841258,131388.00013924605,1714.3935642269714,0.987119739048072,7032,399,54909.000661241225,0.008422761921074766,0.15514602105782557,100.84227619210748,9915.217209728919,72.86601294850834,0
dodo-k10000000000000000,141,10000,6.2404695849670055,-6.238613485236996,6.238613485236996,0.0018560997300092197,111644.44018048629,1963.3638574098125,0.9827180546791056,8421,268,37197.25555574549,0.0032363221084393957,0.05712913401957749,100.32363221084394,9973.834481644184,87.3522119895297,0
dodo-k10000000000000000,142,10000,29.30070375685792,-29.31335588697374,29.31335588697374,-0.012652130115817783,237855.5119783823,1645.2701040002457,0.9931304186579469,8969,665,111282.17471659284,0.004091297651068402,0.1499346044866681,100.40912976510684,9956.058192854607,113.27656322645666,0
dodo-k10000000000000000,143,10000,7.317432132028098,-7.302703620517647,7.302703620517647,0.014728511510450737,135384.98729509476,3213.3229522026213,0.976815569060913,9954,299,42772.60396668211,-0.00850455718677665,0.057694146514108695,99.14954428132233,10119.919857578489,143.38365960936963,0
dodo-k10000000000000000,144,10000,24.099387942287304,-24.074192297662506,24.074192297662506,0.025195644624798064,157890.97909970794,1804.7433706975132,0.9886988621687599,7614,496,72203.130544159,0.007371691688529296,0.4660697659481926,100.73716916885293,9983.986032766334,55.61645980707202,0
dodo-k10000000000000000,145,10000,14.773370109336621,-14.76616716399053,14.76616716399053,0.007202945346090672,153553.95397942004,2158.090447641065,0.9861405040593891,8372,409,63724.644290706405,0.002932871442793612,0.1135626092663341,100.29328714427936,9994.642139497324,115.22724517525236,0
dodo-k10000000000000000,146,10000,24.48834106055979,-24.498252779004886,24.498252779004886,-0.009911718445096085,230743.88808140985,2838.1360331159535,0.9878495100645056,9368,680,108476.94150898527,0.008584464665121345,0.10784956269317775,100.85844646651213,9929.536111681695,108.39662639911074,0
dodo-k10000000000000000,147,10000,16.87486009334018,-16.87150490922322,16.87150490922322,0.003355184116959009,168119.95760655386,1592.0130035729105,0.9906193240356027,6387,470,77798.49271402345,0.0035526109791375405,0.07811336484878538,100.35526109791375,9973.503856843783,94.86693306153195,0
dodo-k10000000000000000,148,10000,19.476243873221154,-19.511438165479262,19.511438165479262,-0.035194292258108106,205247.15131120107,1302.76688298514,0.9936927262214631,8129,500,93654.9874551644,0.0009782372748492207,0.07556347807706644,100.09782372748492,10028.326746146606,253.78965492734454,0
dodo-k10000000000000000,149,10000,8.005674184350386,-7.99628316706071,7.99628316706071,0.009391017289676284,143695.51271147362,2385.345642067699,0.9836710595148973,9010,343,48977.207228864594,0.004007880211297987,0.045943876166083725,100.4007880211298,9931.392213560364,137.6635502152757,0
dodo-k10000000000000000,150,10000,8.009731121407956,-8.006791182408094,8.006791182408094,0.002939938999862335,96737.99715446432,1181.5829087169434,0.9879331293296546,5448,294,39061.34027576451,0.00014248545278505275,0.0877674287737743,100.0142485452785,9983.411857709398,74.1146224176046,0
dodo-k10000000000000000,151,10000,18.958681382211346,-18.95359881571146,18.95359881571146,0.005082566499886809,157097.62586345593,994.7703594061727,0.9937076647380065,6703,468,71661.9974958176,-0.00005161771714412566,0.21467606376860346,99.99483822828559,9998.10063105541,87.19231511011469,0
dodo-k10000000000000000,152,10000,23.820031419446607,-23.93134156162037,23.93134156162037,-0.11131014217376389,153177.63919341427,2260.746020708923,0.9854556773888595,8681,428,64214.439846233945,0.0032990205148524863,0.3103298260265311,100.32990205148525,9989.017666165,90.90929103459119,0
dodo-k10000000000000000,153,10000,3.8974317318666505,-3.8911663910522236,3.8911663910522236,0.006265340814426867,85832.53506699503,950.3807216053949,0.9890487578923888,7162,206,26831.581415884597,0.007254775936170716,0.03609755069826477,100.72547759361707,9924.68179092697,102.91618631381526,0
dodo-k10000000000000000,154,10000,4.926744736330301,-4.919624642779041,4.919624642779041,0.007120093551259643,83836.53776133491,1533.5761992336886,0.9820361467487084,6348,233,30072.694927985598,0.006867554766250663,0.05145608424004408,100.68675547662507,9933.67277990946,102.51644130375507,0
dodo-k10000000000000000,155,10000,19.109919142555363,-19.10382737660875,19.10382737660875,0.006091765946614203,165376.55224766515,1532.0584236193913,0.9908209743196732,6692,526,81488.86190422412,0.002854989448024412,0.08560561015563493,100.28549894480244,9971.425953408001,80.22522366676966,0
dodo-k10000000000000000,156,10000,19.791244090901444,-19.81409164384435,19.81409164384435,-0.02284755294290619,180470.7561732045,2042.0205115218732,0.9888116298014069,7105,510,84332.58806396196,0.0006612401158760405,0.1038834843113203,100.0661240115876,10015.67745249671,118.8185059000919,0
dodo-k10000000000000000,157,10000,26.048927119609818,-26.044321325102302,26.044321325102302,0.004605794507515526,231032.22398357998,2808.2700984546213,0.987990659575542,9828,604,100405.1066508173,-0.005162040060807556,0.1675840724057241,99.48379599391924,10049.936238188882,109.00829646753655,0
dodo-k10000000000000000,158,10000,21.756153698839146,-21.778128664928175,21.778128664928175,-0.02197496608902938,178247.77977240153,1802.6696667551546,0.9899879746350518,7241,558,86870.50453675688,-0.0032331833210626827,0.21736893218391004,99.67668166789373,10050.914480098692,174.38100864889887,0
dodo-k10000000000000000,159,10000,13.515312163305632,-13.500170217284207,13.500170217284207,0.015141946021424602,205169.42796821592,3762.760007758908,0.9819905202534346,11415,539,78088.69611683872,0.001812042575448487,0.07565542853182393,100.18120425754485,9940.703520146406,89.59126963684643,0
dodo-k10000000000000000,160,10000,6.52119463448445,-6.511123963222417,6.511123963222417,0.010070671262033315,89655.77903251135,1143.8418234963506,0.9874025704874883,5384,272,37176.49071558031,-0.010192581878256278,0.05086664277301068,98.98074181217437,10081.468767168608,79.25054805216993,0
dodo-k10000000000000000,161,10000,4.812520021576701,-4.80985511974481,4.80985511974481,0.002664901831890276,91442.13337460038,630.7282830062229,0.9931496830700047,7151,220,29192.558062271815,-0.005739249773914565,0.0730978397973729,99.42607502260854,10057.22776054709,91.58311333071114,0
dodo-k10000000000000000,162,10000,20.78757358004873,-20.78958123253237,20.78958123253237,-0.002007652483641209,159404.85106633275,1664.6835754774777,0.9896648141488741,6041,442,72354.932934717,-0.00010210310391443045,0.21717573898838424,99.98978968960856,10004.198878363339,94.62081937808479,0
dodo-k10000000000000000,163,10000,21.409712860388353,-21.3890145549788,21.3890145549788,0.020698305409553086,217586.11180520564,2050.694732449923,0.9906632464531926,11393,679,92265.40264919828,0.006749393753803758,0.1051515561870076,100.67493937538038,9931.481641506325,44.00890757798017,0
dodo-k10000000000000000,164,10000,6.182960337141208,-6.181784048139775,6.181784048139775,0.0011762890014326288,92077.73436223174,2018.5382751301765,0.9785481590444136,4726,265,36228.12537341184,-0.0028082437473103995,0.049933113612460715,99.71917562526896,10025.955626822333,86.19144714022153,0
dodo-k10000000000000000,165,10000,35.89653671964027,-35.91345900443426,35.91345900443426,-0.01692228479399205,297673.5959442069,4429.155489310732,0.9853389104591276,10885,875,143944.97215405296,0.0034311324517828723,0.18925118736352686,100.34311324517829,9955.563328101736,96.73209893265582,0
dodo-k10000000000000000,166,10000,47.18731535597804,-47.16203626792698,47.16203626792698,0.02527908805106449,297536.1642718849,4105.210302809077,0.9863904270142074,11756,908,145935.17254209545,-0.004508324928295906,0.25401171438517056,99.54916750717041,10082.113249650858,84.24358471801214,0
dodo-k10000000000000000,167,10000,3.7614671191829983,-3.75789523904956,3.75789523904956,0.003571880133438121,66318.72087509523,1050.191975567721,0.9844113266619622,4953,175,22889.382609720386,0.005465395678806004,0.042928667554131154,100.5465395678806,9952.68787810581,83.73482049058491,0
dodo-k10000000000000000,168,10000,7.51752741448292,-7.512550989059065,7.512550989059065,0.004976425423855346,107876.31544471005,1501.8762185677049,0.9862689609717515,5448,297,43654.04500504782,-0.006384776047755736,0.04002856835832873,99.36152239522443,10061.162294716574,101.40934073146617,0
dodo-k10000000000000000,169,10000,12.716701272326166,-12.715605236767047,12.715605236767047,0.0010960355591187465,181992.1739751727,1839.8602458093326,0.9899916233119759,9809,497,73302.93790799622,0.004417529678913183,0.07471802808488917,100.44175296789132,9950.101590190141,121.41388861505814,0
dodo-k10000000000000000,170,10000,19.220741536220658,-19.23915931352819,19.23915931352819,-0.018417777307533356,179053.34545637635,1863.3097771774812,0.9897007283559822,7094,526,82515.72526727706,0.0010885458520399993,0.14122462023699967,100.108854585204,10012.20627930868,88.99655015191802,0
dodo-k10000000000000000,171,10000,22.836723903696175,-22.837283030981283,22.837283030981283,-0.0005591272851077633,200498.81232330092,1848.6288775471905,0.9908640857202031,8381,604,91765.99541520765,0.002983069326831327,0.2067975948283335,100.29830693268313,10017.230163411066,88.88289485925085,0
dodo-k10000000000000000,172,10000,5.357976981999579,-5.35764239765129,5.35764239765129,0.00033458434828936845,94433.18692654544,1150.829948239501,0.9879600168954285,6871,237,31349.55514950146,0.0010854691504002289,0.09552431164768876,100.10854691504002,9991.580869003146,100.12704678278762,0
dodo-k10000000000000000,173,10000,25.683238547371914,-25.680816990121528,25.680816990121528,0.002421557250386286,181640.74642636537,35.66868261379746,0.9998036691631526,8384,503,79460.40642494979,0.003346757209182272,0.2666297825583361,100.33467572091823,9964.56614489049,99.82540720581034,0
dodo-k10000000000000000,174,10000,18.983495994320354,-18.982192040255057,18.982192040255057,0.0013039540652961534,215995.46878650013,482.3831934424328,0.9977716741503555,10178,592,92060.07813467704,-0.002835911188054325,0.08594180322543707,99.71640888119457,10026.629190907466,101.54059972097969,0
dodo-k10000000000000000,175,10000,14.155467318592795,-14.148517115817185,14.148517115817185,0.0069502027756094265,133903.112721994,1702.456962105128,0.9874455233212686,5758,410,62871.95702736753,-0.000028120249824752365,0.13268330259244493,99.99718797501752,9987.132862011655,71.18943770981471,0
dodo-k10000000000000000,176,10000,19.127722649150787,-19.122518072589173,19.122518072589173,0.00520457656161355,203868.56573514006,2891.087360433205,0.9860171589710647,10761,557,84942.22834964495,0.0027962271376803472,0.15476268555702588,100.27962271376803,9986.22507058758,113.5668795006855,0
dodo-k10000000000000000,177,10000,20.702745620999437,-20.6981071205915,20.6981071205915,0.004638500407935453,193951.56766362741,66.83343359381666,0.9996555304382684,10995,501,76908.31326515455,-0.0036571389800265307,0.21134854175796391,99.63428610199735,10036.81328200371,100.99498380035627,0
dodo-k10000000000000000,178,10000,3.2427134206553223,-3.2347913320418655,3.2347913320418655,0.00792208861345678,60233.33617547449,976.7004931969054,0.9840434584530023,4005,156,21082.75480944208,0.005941988190088807,0.04553448285311432,100.59419881900888,9917.267032105972,99.99833791850422,0
dodo-k10000000000000000,179,10000,9.759600728556249,-9.748502219004962,9.748502219004962,0.011098509551286995,122976.19904762402,2829.3118154928743,0.9775104302181856,9956,355,43035.43531662477,-0.004903654233998651,0.14862354825108595,99.50963457660013,10000.166170607761,63.44613090760936,0
dodo-k10000000000000000,180,10000,34.62879870025563,-34.60625602028725,34.60625602028725,0.022542679968381663,245095.5903965983,1928.5311044129573,0.9921929441841774,11607,821,112933.28875254311,0.04474453799035402,0.2446504587890368,104.4744537990354,9824.638647842768,32.75481328719678,0
dodo-k10000000000000000,181,10000,18.992598039721607,-19.023037169776003,19.023037169776003,-0.030439130054396912,112282.4129261123,850.5865069559965,0.9924815349083075,4252,344,55427.565815808135,0.0050951051126332915,0.2326701497091932,100.50951051126333,9960.931612650886,71.87378761762875,0
dodo-k10000000000000000,182,10000,22.692952797995552,-22.70010245818513,22.70010245818513,-0.007149660189575968,159219.7024147466,1685.8389308193093,0.9895228037721912,5959,494,78637.08635561237,0.0007123602599222068,0.18231598056610238,100.07123602599222,10010.754917396567,93.43126881151193,0
dodo-k10000000000000000,183,10000,10.298230412441423,-10.296872243353732,10.296872243353732,0.0013581690876911523,163396.78038283653,2407.396441090194,0.9854804837416932,10155,396,58672.50594286988,0.005278744516675005,0.06392881166110058,100.5278744516675,9981.241851352152,94.42813841375441,0
dodo-k10000000000000000,184,10000,10.722662341256088,-10.726156653400537,10.726156653400537,-0.003494312144448841,169354.08130117034,2761.37305198389,0.9839562748019247,9547,409,62982.10743335273,-0.007099139716826102,0.05759587581082485,99.29008602831739,10095.846149555555,271.3474029751538,0
dodo-k10000000000000000,185,10000,9.14552085773892,-9.144804381829204,9.144804381829204,0.0007164759097157969,101215.03866103002,1107.3586093271074,0.98917774955564,4475,295,44317.22567089926,0.0008886940884190154,0.07428361579199418,100.0888694088419,10001.43961703858,109.93580381075877,0
dodo-k10000000000000000,186,10000,9.053603135535631,-9.051305198485963,9.051305198485963,0.002297937049668519,132315.73534136475,1045.7276943073473,0.9921586965941757,7407,358,51765.144852390884,0.005290628061061255,0.060961704132251666,100.52906280610613,9949.79736086284,103.26098876111455,0
dodo-k10000000000000000,187,10000,11.272109256914014,-11.275938719866375,11.275938719866375,-0.0038294629523605295,109401.1118091856,1636.7845252231239,0.9852592260907602,4587,337,52606.290583759095,0.0006875480574846904,0.08939237038294408,100.06875480574847,10005.69355527469,102.17040937157365,0
dodo-k10000000000000000,188,10000,6.60349268203842,-6.599072102164527,6.599072102164527,0.0044205798738925495,121232.87067786358,1689.7689296141616,0.9862533953467806,8976,313,41473.18699109056,0.004728760075962839,0.07174846640166749,100.47287600759628,9948.36921713913,99.984134307965,0
dodo-k10000000000000000,189,10000,15.869202376694059,-15.880943990480262,15.880943990480262,-0.011741613786202976,179056.1762764316,2022.22154778828,0.9888323423882327,8759,504,73550.42257946303,0.003894820994940744,0.12198101275572995,100.38948209949407,10026.692807004514,80.90954839688911,0
dodo-k10000000000000000,190,10000,8.270610499394182,-8.274431870512416,8.274431870512416,-0.00382137111823333,93280.6643861665,1012.6017780268548,0.9892611443084004,5162,253,35985.585154105334,0.00894237729065253,0.13810164349464016,100.89423772906525,9941.299322782234,59.70296125969308,0
dodo-k10000000000000000,191,10000,27.494138954275044,-27.4624656270273,27.4624656270273,0.031673327247744965,226812.80224918027,3114.6822531565817,0.9864536322836823,8722,732,110196.97333647951,0.013642685825503093,0.14654560804998923,101.36426858255031,9924.946193546144,41.520139820593194,0
dodo-k10000000000000000,192,10000,15.087314790265236,-15.072548098315664,15.072548098315664,0.014766691949571253,131373.22972115985,1348.8997701988692,0.9898366626924361,5180,390,62663.363905630344,0.00734759308982035,0.11418284040151704,100.73475930898204,9938.95592624872,89.90022131856176,0
dodo-k10000000000000000,193,10000,9.918400397790064,-9.918540357934035,9.918540357934035,-0.0001399601439704412,131945.42773613738,854.9454546505777,0.9935621758123953,6656,349,53294.89888065013,0.0014103168249808107,0.05516492782251632,100.14103168249808,9982.119403667082,114.77862858144684,0
dodo-k10000000000000000,194,10000,6.877218530965016,-6.877162864686056,6.877162864686056,0.000055666278959698445,106128.40273575108,2915.136761763293,0.9732663046779608,7718,256,35092.15983689357,0.0098972907321469,0.08159536039665426,100.98972907321469,9923.062418516325,81.8583582561802,0
dodo-k10000000000000000,195,10000,17.333988711904514,-17.346910346074438,17.346910346074438,-0.01292163416992409,215507.90649444258,3256.1639974948475,0.9851156362643433,10644,625,90283.49697957725,0.0053452920317955946,0.09248081136698062,100.53452920317956,9998.530944754577,65.52057441264236,0
dodo-k10000000000000000,196,10000,22.704567198681538,-22.703758147163214,22.703758147163214,0.0008090515183241109,178406.96811259782,1215.1131095993637,0.9932351685197532,6398,527,86735.2595396443,0.0018490926062996493,0.1863033627112091,100.18490926062996,9982.471876828431,111.53046569883209,0
dodo-k10000000000000000,197,10000,33.96626209907285,-33.94662062322665,33.94662062322665,0.019641475846199796,290371.27476008935,3530.7823045639875,0.9879865342222247,10377,799,136695.60850842486,0.011118021865001139,0.14502149588191984,101.11180218650011,9923.277664078156,109.37046831301399,0
dodo-k10000000000000000,198,10000,13.16156653005139,-13.157357351303176,13.157357351303176,0.004209178748213915,170804.8004990773,2625.5260794900796,0.9848612054691561,9117,491,69146.81246204006,0.006043167880671802,0.09333499325218426,100.60431678806718,9966.334004162358,92.39607552260667,0
dodo-k10000000000000000,199,10000,8.328920242170579,-8.326637857343712,8.326637857343712,0.0022823848268664904,92930.5601995577,1454.0817566634362,0.9845940851548932,7314,255,33778.09566492991,-0.008107456414773537,0.10014240740160872,99.18925435852265,10026.97168266225,65.97886838948915,0
dodo-k10000000000000000,200,10000,5.905258243864776,-5.9039062568647935,5.9039062568647935,0.001351986999982735,84609.86655025705,1694.7319690639872,0.9803633641991326,6352,258,29871.86911413898,0.00040055796091962746,0.07491914429684769,100.04005579609196,10024.938378171935,31.11320204960449,0
dodo-k10000000000000000,201,10000,6.442411766702656,-6.484250606215596,6.484250606215596,-0.04183883951294032,85848.7552995591,1163.0744134647555,0.9866331461216168,5625,217,30363.508065364527,-0.0005058276659192984,0.13742772277543366,99.94941723340807,10003.847590250029,172.37792516449392,0
dodo-k10000000000000000,202,10000,9.211692377533204,-9.20136762922462,9.20136762922462,0.010324748308583764,136072.03913271555,2399.1488912818645,0.9826740210326925,9433,363,48280.46190599156,0.002780832394196864,0.08449376032761875,100.27808323941969,9975.635851900608,72.30082144211484,0
dodo-k10000000000000000,203,10000,17.93444425266189,-17.912805288359877,17.912805288359877,0.02163896430201362,146308.42721241407,1187.6857454746748,0.9919476810496438,6112,476,67935.29531972519,-0.011893982792525862,0.14194322144272462,98.81060172074741,10045.052775331846,57.902198364854954,0
dodo-k10000000000000000,204,10000,22.221694242299638,-22.194976454471245,22.194976454471245,0.026717787828392403,261955.79087426604,2853.5611418537305,0.9892240922757138,11833,717,111344.02536624856,-0.008083867951034733,0.08370945315985268,99.19161320489653,10078.507114997146,131.48932780081054,0
dodo-k10000000000000000,205,10000,5.226059644995682,-5.217333905318469,5.217333905318469,0.008725739677212907,101257.9015570445,1197.1475793861125,0.9883153871919774,6681,266,35535.04689080211,0.008008057743540888,0.04759088459347169,100.80080577435409,9912.55896712976,107.1066617850174,0
dodo-k10000000000000000,206,10000,19.594040872414524,-19.59291852665278,19.59291852665278,0.0011223457617433041,207920.56288486577,1057.367148853496,0.9949402927443923,8298,651,96964.99448687406,-0.0030960683265153933,0.0923899845085289,99.69039316734846,10021.978007717758,79.35603674676747,0
dodo-k10000000000000000,207,10000,11.291241383196574,-11.288117853965588,11.288117853965588,0.003123529230986577,135148.39518482698,2206.0702752995508,0.9839388528948849,7188,393,57756.33461154199,-0.0009755896492319494,0.07628502102729527,99.9024410350768,10011.956353803143,90.7594439157596,0
dodo-k10000000000000000,208,10000,8.719187379177066,-8.716485130236833,8.716485130236833,0.0027022489402330763,105145.0088007273,1141.5558755872664,0.9892596408674628,5486,304,43867.50546829758,-0.006009752508566208,0.07002772169971593,99.39902474914338,10041.797051435908,86.60562109209545,0
dodo-k10000000000000000,209,10000,16.14654338411355,-16.14567418497718,16.14567418497718,0.0008691991363676266,191854.09170335738,524.9952408562731,0.9972710378804921,9364,533,79325.9917546034,-0.00006981747126999949,0.1360382937313338,99.993018252873,9999.180749448718,98.00199013650169,0
dodo-k10000000000000000,210,10000,6.530527860740305,-6.530482384088074,6.530482384088074,0.00004547665223064712,113543.7586724245,612.9040564664874,0.9946310268554183,6702,294,40827.26763617217,-0.0005304452632388745,0.04174485886466016,99.94695547367611,10006.328761129067,102.27583272581126,0
dodo-k10000000000000000,211,10000,6.749759282147801,-6.741526976548386,6.741526976548386,0.008232305599415568,89025.5028754295,1213.8767604604864,0.9865482590266201,5033,228,34131.164122748516,-0.007571315270465391,0.07427202082778152,99.24286847295346,10111.692366265408,129.21013403521889,0
dodo-k10000000000000000,212,10000,23.954582838542734,-23.985701251528198,23.985701251528198,-0.031118412985463806,292963.20152698824,1994.7458432365747,0.99323718563605,10844,692,129472.10342718501,-0.004751787813254538,0.047002605275292805,99.52482121867455,10050.103005576246,284.2480316052466,0
dodo-k10000000000000000,213,10000,9.806947825658519,-9.791816062579073,9.791816062579073,0.015131763079445193,179085.62927823735,3185.17817517118,0.9825250229607648,11444,433,62313.401592757386,0.01205571440018474,0.04297585719120661,101.20557144001847,9909.80248235742,69.24468368883747,0
dodo-k10000000000000000,214,10000,21.99341378307243,-21.980021265929068,21.980021265929068,0.013392517143362426,231803.01177990378,2507.320439344443,0.9892991469236692,9241,638,102176.42449389707,-0.007516595323069169,0.10153096323752876,99.24834046769308,10082.446002050574,109.72608520405835,0
dodo-k10000000000000000,215,10000,5.338027139982858,-5.333116155996478,5.333116155996478,0.004910983986379236,75883.82517365656,1159.2747016224034,0.9849529068339787,4031,200,29350.309811930732,0.0010903732114053355,0.04798832757213305,100.10903732114053,9976.846792847366,96.90540235547302,0
dodo-k10000000000000000,216,10000,3.739595372812948,-3.7387251069550445,3.7387251069550445,0.0008702658579036182,66598.98725693338,1460.3474906173017,0.9785430243179116,5104,158,22251.606808018423,-0.00215422238797089,0.04790954228211234,99.78457776120291,10024.90938527079,114.76331468946934,0
dodo-k10000000000000000,217,10000,16.88159975042974,-16.85840864501381,16.85840864501381,0.02319110541592906,201593.63304275836,3197.1379445655516,0.984388271360317,8102,521,89028.06835405338,0.0004657576851545286,0.07686783092325043,100.04657576851545,9904.936325411609,328.77473811409266,0
dodo-k10000000000000000,218,10000,11.349581404337073,-11.34865328739059,11.34865328739059,0.0009281169464827599,178829.61263123062,2471.8926009879424,0.9863658462304444,10298,450,65823.89520074536,-0.001704844714262208,0.052192541951142035,99.82951552857378,10007.319114416458,112.78941581322782,0
dodo-k10000000000000000,219,10000,8.093324948464982,-8.099586945420839,8.099586945420839,-0.00626199695585683,121426.35504812462,2517.0374686931636,0.9796920399096577,8875,297,41692.819901076124,0.00047543858893320137,0.07575209858962693,100.04754385889332,9999.902640917095,110.29641023208549,0
dodo-k10000000000000000,220,10000,13.577231024306938,-13.57119707087665,13.57119707087665,0.006033953430288008,186349.3925913024,2246.658666249835,0.9880874564909011,9221,509,74968.17856830126,-0.006060353760085207,0.06157719908571309,99.39396462399148,10047.396913704359,98.7563300744678,0
dodo-k10000000000000000,221,10000,2.8530470444181457,-2.853589089452612,2.853589089452612,-0.0005420450344661987,57184.15844541267,1032.347655057313,0.982267097010671,4606,136,18044.67365692283,-0.0031932671088186738,0.047212955122808896,99.68067328911813,10061.414684807596,111.41168931313693,0
dodo-k10000000000000000,222,10000,4.061397658783605,-4.063516097563507,4.063516097563507,-0.002118438779902476,83029.23332451061,1357.1305094962709,0.9839176562677137,6260,187,26454.3380446208,0.0016201950673065825,0.04388088369231468,100.16201950673066,9987.722567964782,128.64247561923003,0
dodo-k10000000000000000,223,10000,11.202759083331218,-11.195596106469992,11.195596106469992,0.0071629768612258005,133542.62492233244,1116.1231489604652,0.9917114694370279,5733,351,55579.82041654801,-0.0030472070572766085,0.057839550279568074,99.69527929427234,10005.43938717914,117.63821917798023,0
dodo-k10000000000000000,224,10000,28.120735617392917,-28.114169119909803,28.114169119909803,0.006566497483113665,247047.20901209934,2520.9149553199445,0.9898988904702868,9931,735,117057.85516327593,0.008062456936140449,0.1008824255376159,100.80624569361404,9945.884393932929,87.56235304753778,0
dodo-k10000000000000000,225,10000,4.158973414323426,-4.158017634415245,4.158017634415245,0.0009557799081809648,70093.88351361793,1626.1137731335502,0.9773269125118339,4677,172,24776.972380258456,-0.0034378009661752175,0.05139458205057352,99.65621990338248,10026.780459710339,138.8464263594924,0
dodo-k10000000000000000,226,10000,5.10437423904839,-5.105381976260887,5.105381976260887,-0.0010077372124968065,110678.77062122904,2046.771939871131,0.9818428734662179,8665,224,33337.19994175213,-0.0050849072804473395,0.03432530267603724,99.49150927195527,10139.790420788373,174.5364242223458,0
dodo-k10000000000000000,227,10000,4.97682138143358,-4.966980849453805,4.966980849453805,0.009840531979775413,79624.03181311766,1345.1887452326982,0.9833864184938858,5098,231,29623.738459403656,-0.005064700486617113,0.04965769956106101,99.49352995133829,9968.127570135044,60.317391349748426,0
dodo-k10000000000000000,228,10000,16.182657183650278,-16.166413603531964,16.166413603531964,0.016243580118313616,194235.19155643304,2013.7546545420016,0.9897387746868351,9890,563,79856.66220190123,-0.002907286185248097,0.10757666214380364,99.70927138147519,9952.29560336209,73.84290400801531,0
dodo-k10000000000000000,229,10000,23.17021777216547,-23.155600356695956,23.155600356695956,0.014617415469512451,252881.7620838294,2305.2850206575877,0.9909662929728809,11676,682,106479.99767165064,-0.0042175039389769605,0.13501845823322056,99.5782496061023,10021.301936411906,117.3265333682859,0
dodo-k10000000000000000,230,10000,16.72536823824126,-16.710160563570085,16.710160563570085,0.015207674671174232,193618.01948841283,2182.0986681910595,0.9888554782870673,8515,520,85505.93944565549,0.012140968346563454,0.08184188252727552,101.21409683465635,9888.293498428535,105.4279823870154,0
dodo-k10000000000000000,231,10000,11.237958890299662,-11.238002836477918,11.238002836477918,-0.00004394617825553837,134273.14136992994,868.037774895654,0.9935768077473601,5845,382,57667.0765657322,0.0017780791707846788,0.06809872752848932,100.17780791707847,9982.81898613956,102.69018879406573,0
dodo-k10000000000000000,232,10000,10.88617687951618,-10.885839831026772,10.885839831026772,0.0003370484894080761,113553.67161720211,758.3765634299646,0.9933657337481032,4268,359,55411.38543789881,-0.00007792479750406755,0.06069021432622563,99.9922075202496,10004.951453217634,95.87193177792206,0
dodo-k10000000000000000,233,10000,16.794623080018184,-16.798579388960945,16.798579388960945,-0.003956308942761666,178366.33108815813,2005.7913243727985,0.9888797043714697,7920,515,80750.31053234663,-0.000059598278016324,0.1104237997760525,99.99404017219837,10015.254517568252,79.76077115787699,0
dodo-k10000000000000000,234,10000,5.261872382040226,-5.262371087870193,5.262371087870193,-0.0004987058299672498,106378.3514334679,2766.0619523108544,0.9746568617989269,6898,243,33914.70513176383,0.0009936269714488333,0.04657443823754065,100.09936269714488,9988.883373184155,132.19781396251048,0
dodo-k10000000000000000,235,10000,29.232718737464925,-29.224800478338054,29.224800478338054,0.007918259126871163,220405.58954604526,2091.0376306799917,0.9906019356013918,9178,733,108214.01984784547,-0.0051223615254599505,0.17529196173140932,99.487763847454,10027.949674697657,70.6910179816114,0
dodo-k10000000000000000,236,10000,7.500942520054249,-7.499891828578498,7.499891828578498,0.0010506914757506536,85054.24290168587,1400.404673881607,0.983801857816174,5169,252,35232.133916229715,0.008811727586157616,0.08880601684620103,100.88117275861576,9939.980728663184,67.21480809917236,0
dodo-k10000000000000000,237,10000,14.009800097410583,-14.005397109807646,14.005397109807646,0.004402987602937003,136555.51635662102,1951.153641626742,0.9859129264919053,5658,381,60311.094982143586,-0.0016765169401749347,0.09853878860995934,99.8323483059825,10005.192388016574,92.4113136470382,0
dodo-k10000000000000000,238,10000,9.712772528261269,-9.693399541223975,9.693399541223975,0.0193729870372934,144774.28726142572,2409.8656425226977,0.9836268674651722,10011,374,49695.50083744042,-0.007253441160055587,0.09570212604949858,99.27465588399444,10002.489200660992,42.80061201675412,0
dodo-k10000000000000000,239,10000,20.681888670713782,-20.66781386122173,20.66781386122173,0.014074809492051088,158656.96339840785,2722.1422507968045,0.983132003118706,7902,411,66586.2182563368,0.006357698350299899,0.16415807786232095,100.63576983502999,9935.582406254638,74.2257792015887,0
dodo-k10000000000000000,240,10000,50.41864490575286,-50.414897830411704,50.414897830411704,0.0037470753411597,303418.82307598245,1518.8269564390391,0.9950192212858019,11816,837,138872.16943228102,0.0048887077656972625,0.3491000272885607,100.48887077656973,9951.352958434778,94.64523357043299,0
dodo-k10000000000000000,241,10000,7.726384952485651,-7.720827119691279,7.720827119691279,0.00555783279437172,94405.30672873437,1579.8154133133712,0.9835410386728956,5007,259,39868.86484452197,-0.005128466929207605,0.10232895478993015,99.48715330707924,10084.735865837689,152.4143206434038,0
dodo-k10000000000000000,242,10000,8.640352708754737,-8.639894619288214,8.639894619288214,0.0004580894665231483,135723.17745628115,64.8730565063991,0.9995222476774547,7978,378,52473.02010807316,-0.0012875696334620557,0.056530853526611795,99.8712430366538,10013.027164585235,98.9583810440994,0
dodo-k10000000000000000,243,10000,6.758983672633942,-6.761894553671198,6.761894553671198,-0.002910881037255564,143170.670485558,2041.8995793844454,0.9859385480301652,9129,260,42181.635432585725,-0.005187434648441069,0.06374897254274842,99.4812565351559,10081.066285328598,207.80799920429928,0
dodo-k10000000000000000,244,10000,5.990028308857187,-5.9888198665080665,5.9888198665080665,0.001208442349120098,100122.29863730738,1320.7146189966156,0.9869807236930185,6816,216,32428.616304487117,-0.0013281388651603266,0.07470693409765033,99.86718611348397,9984.024621694307,165.48230014142715,0
dodo-k10000000000000000,245,10000,11.49223096525886,-11.472771220863834,11.472771220863834,0.019459744395026846,134382.78744250772,1255.7104023617437,0.9907422271529583,6364,382,55666.99645432995,-0.012872141280892037,0.12717727862949005,98.7127858719108,10067.901287949591,65.46384509427882,0
dodo-k10000000000000000,246,10000,3.4169543565176403,-3.4176094455659722,3.4176094455659722,-0.0006550890483318916,56023.531846986676,1571.980842719889,0.9727065396363624,4052,133,18916.579560261252,0.0011762670364269922,0.0588969093113289,100.1176267036427,9983.93863305236,100.37268906431748,0
dodo-k10000000000000000,247,10000,14.900231574155473,-14.867025905458547,14.867025905458547,0.03320566869692598,152580.97307570418,1036.342540258834,0.993253738772199,9053,394,57955.88000360641,-0.01713545431569301,0.20294327774259358,98.2864545684307,10204.816156955603,116.00465957405977,0
dodo-k10000000000000000,248,10000,22.89762689556808,-22.911963482301857,22.911963482301857,-0.014336586733776358,201469.55293450653,2111.9885765781623,0.9896258346365692,7652,533,96376.29793234752,-0.002725391263069952,0.15469454008433586,99.727460873693,10041.598326239904,182.14330186882077,0
dodo-k10000000000000000,249,10000,18.458958323990696,-18.418082763446634,18.418082763446634,0.040875560544062495,144513.3275514762,1177.0919828441963,0.9919205944590824,5854,433,66711.78820427148,-0.014289822294273762,0.18760027420472142,98.57101777057262,10045.09630997168,73.0803811305613,0
dodo-k10000000000000000,250,10000,16.878961637911278,-16.86872615243739,16.86872615243739,0.010235485473888417,179437.12213415344,1373.3027021833557,0.9924047371525927,7024,496,81136.72651236097,0.005968281223485974,0.09682331335294307,100.5968281223486,9954.488267702474,90.4898072281145,0
dodo-k10000000000000000,251,10000,16.420171062367196,-16.422323430534703,16.422323430534703,-0.0021523681675077455,159533.60271238233,1152.040561914483,0.9928304698637707,6379,447,73071.84034769498,-0.005464005459943735,0.08625211289063386,99.45359945400563,10048.22554728025,105.52670585095511,0
dodo-k10000000000000000,252,10000,10.407333242387942,-10.4075732302055,10.4075732302055,-0.00023998781755807386,172144.49760050737,2366.0958912457318,0.9864415343280719,11466,375,57905.91859622117,-0.009675561402537766,0.10851372648457101,99.03244385974622,10121.401120603172,146.94629569126272,0
dodo-k10000000000000000,253,10000,5.44808016332546,-5.449976646308571,5.449976646308571,-0.0018964829831107366,108762.14121451153,2068.3114726510894,0.9813380580652392,8374,260,34988.61226497999,0.001217028680177208,0.04298190010994531,100.12170286801772,10008.565326345508,89.36704191664047,0
dodo-k10000000000000000,254,10000,14.213649229298712,-14.21243813741431,14.21243813741431,0.001211091884401938,124503.10726949488,1712.938284326465,0.9864285220091448,5447,376,59464.90024416444,0.0012677318302418427,0.07565038209780013,100.12677318302418,9974.312825109473,78.18074559021296,0
dodo-k10000000000000000,255,10000,12.567632372408578,-12.568616659793861,12.568616659793861,-0.0009842873852825562,176262.0019041347,2603.5318749823086,0.9854441947535993,9971,426,63161.748713644294,0.0009569615678239529,0.1112789062065238,100.0956961567824,9997.57607068305,101.52218870979752,0
dodo-k10000000000000000,256,10000,29.014338648737496,-29.007372261427278,29.007372261427278,0.006966387310217925,235916.37616183423,2234.842259135485,0.9906158688838407,10667,627,104373.29197987502,-0.006778394569846,0.21078285687597942,99.3221605430154,10064.188430657434,101.36543166143167,0
dodo-k10000000000000000,257,10000,11.149098763373422,-11.144766878626996,11.144766878626996,0.004331884746425985,172487.84609147496,1146.93174842013,0.9933945735831926,11159,419,60894.30369876654,-0.0050411493272605416,0.07922043570166722,99.49588506727395,10052.583533395722,103.93354410602677,0
dodo-k10000000000000000,258,10000,29.579639983174907,-29.5764336536664,29.5764336536664,0.0032063295085080767,215741.03082338642,2319.935825163225,0.9893610678663903,7692,608,102865.79199176948,-0.004666624446751228,0.13000383973221516,99.53333755532488,10000.890419614776,78.2283451972868,0
dodo-k10000000000000000,259,10000,7.50658451648514,-7.500399967152305,7.500399967152305,0.0061845493328354095,124028.11590318372,2083.6396370942193,0.9834778317995205,7703,289,45296.25255246904,0.007309864245083446,0.06912667670428448,100.73098642450834,9936.924350533374,108.29608654382311,0
dodo-k10000000000000000,260,10000,9.369894430034497,-9.370754673482125,9.370754673482125,-0.0008602434476276954,154422.37704693418,2091.595985097558,0.9866363625906456,9596,369,54114.80233111489,0.00008334313924478919,0.05998395611831143,100.00833431392448,10010.371915127753,109.49047363123745,0
dodo-k10000000000000000,261,10000,15.595074431471986,-15.585426886144859,15.585426886144859,0.00964754532712675,125156.89674077489,2159.439084141856,0.9830387901901962,5188,392,58682.01318685477,-0.0005812343230475392,0.14763346378181566,99.94187656769525,9973.154614114754,50.65810344203464,0
dodo-k10000000000000000,262,10000,12.118344133449895,-12.116881830939747,12.116881830939747,0.001462302510148561,158918.1038608819,2729.4475562066846,0.9831148227592753,9994,383,56788.10666421721,0.003021555688975468,0.10138890518611703,100.30215556889755,9967.995129719164,106.52284600287264,0
dodo-k10000000000000000,263,10000,9.845626994455426,-9.852641057694726,9.852641057694726,-0.0070140632392998725,110191.63367910481,1084.3029166254075,0.9902557286885418,4387,310,49725.7264645324,-0.0007377065537176008,0.07631990284683254,99.92622934462824,10045.44473286571,139.7420681636363,0
dodo-k10000000000000000,264,10000,5.357572859099779,-5.358147897287495,5.358147897287495,-0.0005750381877156485,120164.1199558327,1575.7962880370749,0.98705604261399,8680,226,34850.13856936225,-0.0037274026860501406,0.04943480919404863,99.62725973139499,10130.558365148452,277.5065921963876,0
dodo-k10000000000000000,265,10000,9.367309973523927,-9.365431707367577,9.365431707367577,0.0018782661563498948,146513.33601259373,2174.596448346593,0.9853747616746379,9473,381,52378.217323777455,0.0009585476732212328,0.061963631295801916,100.09585476732212,9999.889936019466,87.13095896679536,0
dodo-k10000000000000000,266,10000,11.417568801122371,-11.418201504527389,11.418201504527389,-0.0006327034050173097,121044.1520934502,828.0970517343643,0.9932052041581028,4880,338,54299.37839782605,0.001293127193383441,0.06458983710403586,100.12931271933834,9992.474416567657,104.78263269803747,0
dodo-k10000000000000000,267,10000,30.73591868757357,-30.733967372851737,30.733967372851737,0.001951314721832631,271822.9164202548,60.87854183912636,0.9997760861700212,10609,744,123216.57049123225,-0.004394988611531829,0.13341887412811645,99.56050113884682,10044.763589082677,101.65458535084109,0
dodo-k10000000000000000,268,10000,9.421258724942104,-9.416931961810846,9.416931961810846,0.00432676313125846,132167.50616975123,1482.323306322733,0.9889089023747082,6717,324,51946.882187062474,0.003727987614467736,0.0816768097828465,100.37279876144677,9963.637361557792,119.34976369164225,0
dodo-k10000000000000000,269,10000,4.072169788364939,-4.072464149594666,4.072464149594666,-0.0002943612297263698,79108.83343428595,2239.358568857399,0.9724719319051263,5256,193,25593.604330008042,-0.0003926498916314358,0.037248556460424,99.96073501083686,10000.10707913675,82.89332654495395,0
dodo-k10000000000000000,270,10000,20.666559940979973,-20.658390228564073,20.658390228564073,0.008169712415899255,184110.76483071753,1770.5811367240058,0.9904746701315895,8152,572,83777.14440527024,-0.005691727996468217,0.16216140201098284,99.43082720035318,10026.250871830045,61.016651922615246,0
dodo-k10000000000000000,271,10000,33.76844753549859,-33.74425647184968,33.74425647184968,0.024191063648906663,296072.6563009317,3564.804411578063,0.9881029414576492,10587,839,144894.72854494854,-0.0002594497339616453,0.08752132076457826,99.97405502660384,10006.301504436056,72.2700787258984,0
dodo-k10000000000000000,272,10000,3.7817054486287267,-3.780028739757853,3.780028739757853,0.0016767088708737887,57537.77173690228,1073.9378569934647,0.9816770767405613,4269,174,21020.188236141228,0.011909634662990953,0.0911331964369971,101.1909634662991,9946.052537592082,30.13487132994103,0
dodo-k10000000000000000,273,10000,38.31872288226983,-38.313167148279554,38.313167148279554,0.005555733990277645,153590.86368369623,1624.5237404121146,0.9895337455430673,5708,597,80178.47184762095,-0.003949350737065487,0.9390615400612649,99.60506492629345,9981.069177634165,18.907137590054095,0
dodo-k10000000000000000,274,10000,12.41947208693391,-12.414625619528621,12.414625619528621,0.004846467405288379,105418.57676785487,567.2226503477101,0.9946481259427072,6346,277,42157.063468793225,0.006626937308577254,0.19640858772147396,100.66269373085773,9944.774632696084,86.94610444573428,0
dodo-k10000000000000000,275,10000,7.911294476698279,-7.927596990161675,7.927596990161675,-0.01630251346339584,126871.4839516335,2525.3406575685754,0.9804837509328727,9124,321,43383.86838974515,0.00000415322090304926,0.11230083820989961,100.0004153220903,10018.868642156487,66.29636097997468,0
dodo-k10000000000000000,276,10000,23.772000705763013,-23.785465642011317,23.785465642011317,-0.013464936248304582,248647.59216149914,2711.5526435443635,0.9892124368673857,10389,726,113423.69098964184,-0.004460156627789473,0.13503315835805496,99.55398433722105,10112.59836627896,138.11822407017874,0
dodo-k10000000000000000,277,10000,11.964148271584737,-11.963464735225728,11.963464735225728,0.0006835363590091958,185989.59535212905,2780.677807839825,0.9852695143080955,10975,446,68771.49968481112,-0.0043011049201737706,0.053686608435990164,99.56988950798262,10062.49037064204,142.15299267750655,0
dodo-k10000000000000000,278,10000,18.47084039437462,-18.470266305569098,18.470266305569098,0.0005740888055214555,241333.5213100313,2838.596804811983,0.9883746071143271,11408,638,99792.6386436999,0.00036799518358421324,0.0845426525580126,100.03679951835842,10036.883988760048,149.28264857405574,0
dodo-k10000000000000000,279,10000,32.17328740048408,-32.166171983469866,32.166171983469866,0.007115417014212255,259922.78215668132,3018.2482516336277,0.9885211971408697,10870,806,123957.23381171051,0.00544537343700128,0.14258194648436004,100.54453734370013,9986.607755663717,61.750290027930994,0
dodo-k10000000000000000,280,10000,8.01804941034255,-8.004345069944364,8.004345069944364,0.013704340398186687,120678.45480450605,1958.6672265501888,0.9840287574095699,6735,309,47742.00771764335,-0.0065151621955561725,0.046286376293690236,99.34848378044438,10108.559459228853,169.94488864631452,0
dodo-k10000000000000000,281,10000,8.989035976890264,-8.988418493683653,8.988418493683653,0.0006174832066108138,121671.31763049644,1572.2028304614175,0.9872431197633674,6284,340,51453.83070038894,-0.0070006021577721355,0.049563638135797845,99.29993978422279,10088.769735931684,116.82539784415584,0
dodo-k10000000000000000,282,10000,9.044554653719059,-9.04179557159702,9.04179557159702,0.0027590821220382367,117778.34974413915,1993.3437840190052,0.9833571378570316,7432,312,44260.866342319336,-0.002356436656248775,0.08994742607997268,99.76435633437512,10011.3322117089,71.85428895294675,0
dodo-k10000000000000000,283,10000,8.184748908540127,-8.183177706800933,8.183177706800933,0.00157120173919445,94276.84283332253,1651.3324074720363,0.9827857414849502,5379,289,39397.81625116578,-0.004061734455935806,0.08560560140650395,99.59382655440642,10025.59547361549,59.544311072851286,0
dodo-k10000000000000000,284,10000,47.6749824764884,-47.65978757736383,47.65978757736383,0.015194899124573169,302969.012736992,1688.9152986859451,0.9944563553307952,10848,840,145981.40473251653,-0.004018246381380237,0.24628747183582717,99.59817536186198,10031.921637854719,104.0632719251634,0
dodo-k10000000000000000,285,10000,8.263273787409084,-8.25334510904132,8.25334510904132,0.009928678367764121,150290.73375171097,2015.2717988136405,0.9867682709455269,10859,356,49616.71738536766,-0.008694144873383748,0.06998401029121525,99.13058551266163,10065.268681333579,100.77628519878832,0
dodo-k10000000000000000,286,10000,10.219655720375565,-10.222249671265715,10.222249671265715,-0.0025939508901497987,135899.9184138966,2208.7394285350447,0.9840072341369431,9565,388,50474.68916501726,-0.002113323002151759,0.09188679711876105,99.78866769978482,10025.708365583841,77.88995752428121,0
dodo-k10000000000000000,287,10000,12.951801666157515,-12.946604834824143,12.946604834824143,0.0051968313333716765,176240.3992986643,2853.555119141065,0.9840667144325596,9782,458,68670.94836537149,-0.0020226634171629596,0.08958813001921186,99.7977336582837,10008.865292566461,115.90317231086996,0
dodo-k10000000000000000,288,10000,32.33765921509654,-32.363100877506,32.363100877506,-0.025441662409463106,261199.88105250668,2287.4111716558446,0.9913187040166254,9254,821,132534.0365636614,-0.010487043367674006,0.11670606397017722,98.9512956632326,10106.892052727446,95.42736206669963,0
dodo-k10000000000000000,289,10000,6.149968245065004,-6.146088389244596,6.146088389244596,0.0038798558204078404,93974.9262452408,2378.7166224754565,0.9753126446320125,6693,246,31716.51849126531,-0.006456680108959318,0.08358149422445649,99.35433198910407,10049.307517636507,57.840803254481386,0
dodo-k10000000000000000,290,10000,20.83838774500292,-20.84366679436812,20.84366679436812,-0.0052790493651997394,191893.70699063654,2186.514369731613,0.9887339660146425,8558,548,84283.97858724905,0.0046277963695642655,0.20401301942781772,100.46277963695643,9912.44643147844,86.58954499298352,0
dodo-k10000000000000000,291,10000,20.003826388131422,-20.00475288702509,20.00475288702509,-0.0009264988936692475,228488.7298062665,2609.5906749226474,0.9887078769352845,11141,571,92961.29605099115,-0.004243288891066186,0.10312002625891821,99.57567111089338,10086.077138406328,153.01921293116803,0
dodo-k10000000000000000,292,10000,20.143749481761212,-20.163508451412582,20.163508451412582,-0.01975896965137025,274670.60346674256,3103.1827881522872,0.9888283814322756,11079,626,114538.4900879921,-0.005887190083521574,0.08696920566155043,99.41128099164784,10280.468140088065,493.09013499152775,0
dodo-k10000000000000000,293,10000,5.166240617042879,-5.160262240460469,5.160262240460469,0.005978376582410405,69879.42662628539,1533.8224468305193,0.9785218784085833,4403,205,29061.761228045038,0.005699334957869695,0.061478026100559614,100.56993349578697,9936.855312500866,103.97254062375309,0
dodo-k10000000000000000,294,10000,16.069434954254163,-16.06042614454958,16.06042614454958,0.009008809704582177,182656.13602804302,2754.6247953680727,0.9851431233918961,10986,491,72500.5007431802,-0.006675913443519192,0.13217259346872454,99.33240865564808,10040.456392825401,61.9183229772161,0
dodo-k10000000000000000,295,10000,9.212801017330944,-9.206100664416027,9.206100664416027,0.006700352914917218,110902.21355902492,1572.1665001299061,0.9860220034171067,4739,337,50673.04039255465,0.004488152779914998,0.06356520265979299,100.4488152779915,9925.109172781791,105.5472614564718,0
dodo-k10000000000000000,296,10000,11.271692355085793,-11.267096030382731,11.267096030382731,0.004596324703062038,159910.83686534574,87.37667640547258,0.9994538896749453,10031,388,56610.41185093646,-0.006355975868911798,0.10267080636740161,99.36440241310882,10064.692979947176,100.7854773452055,0
dodo-k10000000000000000,297,10000,5.9377450207440825,-5.927452252625926,5.927452252625926,0.010292768118156381,95812.61019656416,1827.927990831744,0.9812790053725072,6736,261,33821.85739580776,0.004489667877451922,0.07715696474787606,100.44896678774519,9951.078739014114,65.1742623323321,0
dodo-k10000000000000000,298,10000,15.764700043987398,-15.755803158993785,15.755803158993785,0.00889688499361263,147507.49210095446,1425.6097338095137,0.9904278517250572,6629,391,64949.67192598396,-0.0013024986763882395,0.09068997822664315,99.86975013236118,10000.347801504577,126.87282753788942,0
dodo-k10000000000000000,299,10000,23.223735001841323,-23.224560208338616,23.224560208338616,-0.0008252064972928963,248402.50918077296,2994.818795283097,0.988087308566906,11735,738,109783.16764757314,0.012206860468699858,0.09684987799593571,101.22068604686999,9935.26283083656,75.61270530574372,0
dodo-k10000000000000000,300,10000,10.120069207311596,-10.115572368837888,10.115572368837888,0.004496838473707854,175991.4475103691,1081.4286725939962,0.9938927480260918,10821,446,62376.820088117754,0.006378518199284144,0.05319886650840416,100.63785181992841,9936.550334230475,102.79312941173237,0
dodo-k10000000000000000,301,10000,16.963651426193458,-16.957429369597634,16.957429369597634,0.006222056595824199,155254.22726027228,2235.7743662640087,0.9858037059929315,6793,487,72673.6368707545,0.0006747980942304821,0.1166597769422313,100.06747980942305,9995.068189709931,63.168482125548095,0
dodo-k10000000000000000,302,10000,19.618687133662974,-19.616506022938353,19.616506022938353,0.002181110724620794,184286.74565179364,1629.6617202304813,0.9912344384055922,7728,532,85821.4897519926,0.000140537613908549,0.09234291965123305,100.01405376139085,9998.268283155527,101.9797741604915,0
dodo-k10000000000000000,303,10000,20.073948338121955,-20.076385400470116,20.076385400470116,-0.002437062348160879,215344.60424672047,1736.56442640469,0.9920003912038102,9475,601,96080.33850631928,-0.002028412905673633,0.10253301757370764,99.79715870943264,10006.805785661985,99.98327419905475,0
dodo-k10000000000000000,304,10000,5.53156421285541,-5.536237132789353,5.536237132789353,-0.0046729199339425875,109073.47306052854,2541.1778915342074,0.9772325777139633,8657,269,35940.47772075083,-0.001317544676843454,0.04526844829010045,99.86824553231565,10027.953380055238,80.1618422792759,0
dodo-k10000000000000000,305,10000,3.4998113804910895,-3.501146173308811,3.501146173308811,-0.0013347928177216417,68523.47268969384,929.3257014615175,0.9866193195524304,4130,169,23613.595952720658,-0.0016519383919597886,0.04389078048412259,99.83480616080402,10030.979190361028,120.98806606627531,0
dodo-k10000000000000000,306,10000,23.472307138735985,-23.470807793808873,23.470807793808873,0.0014993449271116788,215341.98047681386,2900.03387445862,0.9867118442657385,8760,645,102907.6432337814,-0.0010952732723255565,0.12021722425263093,99.89047267276744,10005.702460761853,88.33883802758481,0
dodo-k10000000000000000,307,10000,15.672040420892401,-15.656361103910896,15.656361103910896,0.0156793169815046,118774.62660099192,732.7537035108726,0.9938685485227454,4577,399,59857.75864188606,0.00540007962717084,0.12246109393501982,100.54000796271708,9946.833833929146,35.262454488288526,0
dodo-k10000000000000000,308,10000,14.330374320025491,-14.300464542379274,14.300464542379274,0.029909777646217606,145811.984880939,2831.6521769436063,0.9809500612808543,7488,406,61318.5657779935,0.003889659773560936,0.1493315381007811,100.3889659773561,9935.80137870812,71.39019780118406,0
dodo-k10000000000000000,309,10000,6.656217681803204,-6.655846062923203,6.655846062923203,0.00037161888000092347,82714.8710461986,1589.7521632017495,0.9811427641488529,5244,220,31168.5049244194,-0.0014060938500067266,0.09208939321815876,99.85939061499933,10010.038051463416,74.06469152766799,0
dodo-k10000000000000000,310,10000,17.568214202662265,-17.588966472507053,17.588966472507053,-0.020752269844788174,204447.98859660228,3269.40235754337,0.9842603339926164,10588,543,82456.83641781929,-0.0020157243539875936,0.10398792900865118,99.79842756460124,10043.558658894874,83.06030370845933,0
dodo-k10000000000000000,311,10000,17.219842883682126,-17.229503702464,17.229503702464,-0.009660818781874525,231666.2077315138,2875.1975743210537,0.9877411940524025,11180,626,98705.10215255964,0.0034002208803985924,0.06150621575060569,100.34002208803986,9995.593914305791,120.39333735672653,0
dodo-k10000000000000000,312,10000,8.954088510879266,-8.952464374796904,8.952464374796904,0.0016241360823627815,146957.6735344394,1522.6038899177058,0.989745413220329,9658,356,51820.57350313671,-0.00003546980460868099,0.08055629999471706,99.99645301953913,9990.491385476016,128.03620268275165,0
dodo-k10000000000000000,313,10000,19.69493793010914,-19.698099172403488,19.698099172403488,-0.0031612422943467777,192509.34903909688,2012.4557488655316,0.9896543436297067,7538,565,89230.62790167062,-0.004170647306833075,0.09047793012813898,99.58293526931669,10049.640176219817,109.12406973599073,0
dodo-k10000000000000000,314,10000,14.961253727192153,-14.962736319779438,14.962736319779438,-0.0014825925872852252,147474.29059304635,1639.4159679003474,0.9890055984408767,7858,429,61865.37030941601,-0.0028074956403770558,0.148781833823016,99.7192504359623,10047.375541884841,45.73847996385439,0
dodo-k10000000000000000,315,10000,23.182375236629422,-23.220476606801526,23.220476606801526,-0.0381013701721038,247374.1305151169,3443.683180119915,0.9862701810155149,11452,617,102615.94898417333,0.007358819556542642,0.16761353837015733,100.73588195565426,9980.239533666789,216.21833919433251,0
dodo-k10000000000000000,316,10000,22.42118823713309,-22.417215174046575,22.417215174046575,0.003973063086515793,136712.30776467177,1782.1365260987766,0.9871320720825656,5689,447,63688.1531574845,-0.00842281861685251,0.24213940683150453,99.15771813831475,9994.759288279847,30.169280603748007,0
dodo-k10000000000000000,317,10000,7.471334251479912,-7.477578338925568,7.477578338925568,-0.006244087445655744,144248.22902506767,2008.4838336880098,0.9862674075300211,10467,351,48240.80901835466,-0.0020126375465443404,0.055841988494552484,99.79873624534557,10037.082011594051,94.60567878562699,0
dodo-k10000000000000000,318,10000,20.2113075940462,-20.22540043633262,20.22540043633262,-0.014092842286419938,194832.8991240556,1723.1596307767152,0.9912332408286328,9656,559,82024.22637152894,0.0005219888569649811,0.13219007981159264,100.0521988856965,10063.240985341015,73.23341597513519,0
dodo-k10000000000000000,319,10000,12.29474748300284,-12.303215144159267,12.303215144159267,-0.008467661156426942,142289.32664003686,1564.8870527466029,0.98912171557179,7580,384,57806.42372071173,-0.0020448030544238803,0.07120366577843797,99.79551969455761,10041.242435463633,80.54127455886922,0
dodo-k10000000000000000,320,10000,7.832999149884901,-7.836108917306774,7.836108917306774,-0.0031097674218729665,96877.63021083314,1171.0556466436674,0.9880563861065317,4187,278,42680.735543584844,-0.0024196247962045446,0.05740562728901622,99.75803752037955,10042.500634854912,119.30523616592417,0
dodo-k10000000000000000,321,10000,10.63814675896891,-10.643710930078498,10.643710930078498,-0.0055641711095884006,158288.84307470848,2315.8501230687175,0.98558043306856,10071,422,58220.25313185275,0.0082298936636316,0.06844141716536413,100.82298936636316,9962.637664673064,79.383797537046,0
dodo-k10000000000000000,322,10000,4.588705226789962,-4.587382669305271,4.587382669305271,0.0013225574846913446,74907.1938662528,1612.7559180332862,0.9789237195975724,4716,201,27163.11158456593,-0.0017307204988553338,0.04562100830082613,99.82692795011447,10026.910395370174,89.50265190011257,0
dodo-k10000000000000000,323,10000,13.764102021702005,-13.768381312005872,13.768381312005872,-0.004279290303866645,157053.93818262639,2262.4900475318277,0.9857987649317415,8131,458,64438.1259651283,0.01487177711865769,0.10884110847802787,101.48717771186577,9917.496721277836,64.41284481911472,0
dodo-k10000000000000000,324,10000,4.632737927871419,-4.6308693924927695,4.6308693924927695,0.0018685353786498382,70905.16582169011,1656.6326897814797,0.9771693546223281,4597,197,27240.741219657815,0.004394367119418803,0.05255850338606649,100.43943671194188,9946.292761249355,110.53762081098655,0
dodo-k10000000000000000,325,10000,12.819526920079735,-12.826761373408758,12.826761373408758,-0.0072344533290227275,151068.35914343686,1332.983281707284,0.9912534675843685,6922,442,65334.667317497064,-0.0006741089996550897,0.09513820695232511,99.93258910003449,10012.934767686433,88.53201256206908,0
dodo-k10000000000000000,326,10000,3.995362805599029,-3.993822808748078,3.993822808748078,0.0015399968509508533,73318.65278789643,1873.2135638028099,0.9750875506262723,4509,166,24566.82611146512,0.002879894009131334,0.05090438955690431,100.28798940091313,9971.386625356907,107.76756774471322,0
dodo-k10000000000000000,327,10000,17.421132416125324,-17.42309699637741,17.42309699637741,-0.001964580252085568,144278.5070805694,1073.425447910852,0.9926149901880353,5335,437,71432.86853200404,-0.0015469802986162052,0.11101633310119041,99.84530197013838,10019.589731279582,90.85897714735844,0
dodo-k10000000000000000,328,10000,12.266968029004293,-12.211088710838155,12.211088710838155,0.05587931816613789,119208.82949661367,1770.6468166208642,0.985364072728862,5355,377,53187.00063034295,-0.033454711121877805,0.10803802581550485,96.65452888781222,10132.037505889373,40.753389784457795,0
dodo-k10000000000000000,329,10000,22.496490642571658,-22.495842512265483,22.495842512265483,0.0006481303061747212,208243.36445332746,3935.535201647516,0.9814518069042345,10045,551,86734.65824557257,-0.0008102229265711003,0.16908865595941122,99.91897770734289,10005.879158162661,93.56275568572572,0
dodo-k10000000000000000,330,10000,17.99895538808427,-18.002721539646345,18.002721539646345,-0.0037661515620754926,135011.21736340417,1779.695012184136,0.9869896692603556,6000,494,65890.79738016363,0.018880131404481235,0.19254595461734156,101.88801314044812,9939.997739420061,45.87125524823195,0
dodo-k10000000000000000,331,10000,18.304019692917926,-18.302195366241094,18.302195366241094,0.0018243266768322997,243664.52207327343,2455.2617302784274,0.9900241187752782,11575,601,94616.07546304779,0.00040099619382999663,0.08916870472111099,100.040099619383,9991.988758307847,111.84763406821621,0
dodo-k10000000000000000,332,10000,9.590125702414849,-9.591183756530697,9.591183756530697,-0.0010580541158482504,137346.45663822466,2489.6639756672303,0.9821958449309276,9227,327,48199.856213355306,-0.0024547092285993697,0.09006790337512896,99.75452907714006,10029.922037139559,96.18037729242826,0
dodo-k10000000000000000,333,10000,14.665439559686591,-14.663148507762585,14.663148507762585,0.0022910519240060268,178223.70700907655,2083.536326217862,0.9884445223182555,8890,463,72188.63989460838,0.007795491369308536,0.07931884559801744,100.77954913693085,9951.696309581626,106.66347682725883,0
dodo-k10000000000000000,334,10000,7.0374872419297,-7.037199115934428,7.037199115934428,0.00028812599527228144,92320.20489845485,1098.7111288025435,0.9882388794954335,6172,263,34581.09147909215,-0.003956750677225358,0.18465722764819148,99.60432493227746,9978.880498796963,43.53506572387395,0
dodo-k10000000000000000,335,10000,22.023553481584777,-21.998907923342898,21.998907923342898,0.024645558241878973,170772.35451245945,1750.3839093894642,0.9898541842924528,6237,549,86076.34454239126,-0.002574050888463404,0.09543419369899453,99.74259491115366,9971.903171355158,71.3855580917928,0
dodo-k10000000000000000,336,10000,11.268621975646,-11.274726203085251,11.274726203085251,-0.006104227439250209,165685.67172799504,2784.1404231240613,0.9834739506884078,11371,400,56766.70302974633,0.0021337539401382346,0.1208128654472128,100.21337539401382,9969.078008977613,74.95867785187997,0
dodo-k10000000000000000,337,10000,12.614023563073822,-12.614782163542884,12.614782163542884,-0.0007586004690622872,152003.7985272857,1782.4922407429979,0.9884092903740574,8144,421,61650.342075431625,-0.0028983773262631018,0.08957808163853756,99.71016226737369,10021.816774521953,91.34596491098851,0
dodo-k10000000000000000,338,10000,21.347479732810683,-21.358663752104263,21.358663752104263,-0.01118401929358015,179343.77135673078,1815.737944477207,0.9899771314711487,6728,546,87368.39244169125,0.001543743576756924,0.10262137611271356,100.15437435767569,10007.168799409561,87.77483026771564,0
dodo-k10000000000000000,339,10000,9.054814127575838,-9.054310066049496,9.054310066049496,0.0005040615263425252,118914.31196255637,2317.951983238212,0.9808800734408902,7618,314,45016.71983373506,0.00012659720335406633,0.10540743548475633,100.0126597203354,9994.388258167282,90.66365827772091,0
dodo-k10000000000000000,340,10000,20.472024019990933,-20.44525182348555,20.44525182348555,0.02677219650538376,203184.50573166992,1523.2967925606667,0.9925586774232489,9096,539,88100.99149190317,0.00801871781650064,0.11254883848957263,100.80187178165006,9883.702808328593,113.06145681175519,0
dodo-k10000000000000000,341,10000,3.441369202328077,-3.4433912089509704,3.4433912089509704,-0.002022006622893535,65789.54252518994,1073.6261341451677,0.9839429366619575,4793,172,20863.657612826133,0.003475698962933791,0.04922622794757743,100.34756989629338,9982.983786930408,75.43729239482286,0
dodo-k10000000000000000,342,10000,16.521493406211786,-16.52182305975137,16.52182305975137,-0.00032965353958402943,168874.6228986293,1789.0436372393422,0.989517138160961,7208,501,78174.15021671129,0.007228734251285545,0.09706699029464716,100.72287342512855,9945.068587144191,83.65751360198476,0
dodo-k10000000000000000,343,10000,16.464581317144287,-16.456205783611352,16.456205783611352,0.008375533532934298,177364.40562836756,2019.8495332220166,0.9887400957714906,8567,527,74080.02392758286,-0.0032421387614809307,0.09311382940911486,99.6757861238519,9997.094492367753,63.41902642153338,0
dodo-k10000000000000000,344,10000,33.570106094321034,-33.564241031622316,33.564241031622316,0.005865062698717338,285157.2487366385,3331.458007810025,0.9884520331994795,11237,889,133090.7523603363,0.01231793276633681,0.14042424789595856,101.23179327663368,9929.135790758088,59.25613573620295,0
dodo-k10000000000000000,345,10000,7.464043087990189,-7.4629860326187725,7.4629860326187725,0.0010570553714162045,116745.70583914252,1516.993861637258,0.9871726768839588,6300,291,44729.188047759664,-0.0007823355825526335,0.04866060278594034,99.92176644174474,10009.128197554395,139.56768586631839,0
dodo-k10000000000000000,346,10000,20.60161891059984,-20.61062930611098,20.61062930611098,-0.009010395511140246,249310.69285333174,3225.1893435963057,0.9872287877843778,11657,629,104643.37426848165,0.0019041455701109555,0.08105189378793569,100.1904145570111,9991.762725736718,90.28591474858376,0
dodo-k10000000000000000,347,10000,13.574425325159238,-13.571340116826207,13.571340116826207,0.003085208333031275,130007.83823970206,1347.2693015436264,0.9897433047959662,7163,329,50861.217018218216,0.003992772064087262,0.1969174432790716,100.39927720640873,9946.838017713198,122.91590736336742,0
dodo-k10000000000000000,348,10000,13.111003289491224,-13.09732813095944,13.09732813095944,0.013675158531784248,146853.1760107031,1644.3373379587756,0.9889268358716689,7961,400,59255.727429922415,-0.005817291481035483,0.11538702425879194,99.41827085189645,10039.718692783023,97.38786993123438,0
dodo-k10000000000000000,349,10000,5.937904880222833,-5.918625440801478,5.918625440801478,0.01927943942135535,91948.73909260193,1494.7572092985258,0.9840036249877765,4535,237,36689.12946562468,0.005496603785414607,0.051323489735280815,100.54966037854146,9892.116989618276,169.6359167203853,0
dodo-k10000000000000000,350,10000,33.851240129040384,-33.823949657750745,33.823949657750745,0.02729047128963913,242161.81342531295,2023.7540646253751,0.9917122290009677,10927,794,113590.72308221876,-0.004433619740681251,0.23221922635459066,99.55663802593187,9977.686994441201,37.16394604801527,0
dodo-k10000000000000000,351,10000,10.379602143970489,-10.373566664651037,10.373566664651037,0.006035479319452364,138875.01616539794,1611.8448792459149,0.9885267215221379,6934,356,55024.15863927286,-0.0003681275920219207,0.10742486172426552,99.96318724079781,10014.170395201563,141.52990195223055,0
dodo-k10000000000000000,352,10000,35.87856231276086,-35.89451766370368,35.89451766370368,-0.01595535094281786,292498.10912041535,2270.232936394442,0.9922982470893807,11744,874,138462.54521562153,0.027841732057043912,0.19224925838833343,102.78417320570439,9790.745359474784,75.13661845490097,0
dodo-k10000000000000000,353,10000,19.375018047781523,-19.37582426241903,19.37582426241903,-0.0008062146375067414,215839.59962117084,3339.674569705146,0.9847628176430736,8334,591,99409.19130259633,-0.006605468663427843,0.06414303245956787,99.33945313365722,10103.596994306232,144.46897762998216,0
dodo-k10000000000000000,354,10000,27.328592987320672,-27.320754477505602,27.320754477505602,0.007838509815069727,273798.37924908963,2545.631920758316,0.9907881777137781,11742,756,122314.33645635084,0.010556034952866753,0.10297208133737669,101.05560349528668,9901.063259672306,91.15506987045693,0
dodo-k10000000000000000,355,10000,30.7109271822454,-30.773888363519276,30.773888363519276,-0.06296118127387729,233220.83275639353,1557.3955170454321,0.9933665249606042,8207,623,112531.71657518603,-0.008934907778687488,0.14226137644070092,99.10650922213125,10052.518392066593,154.18981019057375,0
dodo-k10000000000000000,356,10000,13.634001056553858,-13.631753648419746,13.631753648419746,0.00224740813411195,128622.38958754191,144.1119319276323,0.9988808274650077,4865,370,59417.225907068656,-0.004230099664287081,0.09055703072080803,99.57699003357129,10040.431976288586,97.80831608080179,0
dodo-k10000000000000000,357,10000,12.328518686433233,-12.316859366538623,12.316859366538623,0.01165931989461022,110061.23630975511,490.85206888386926,0.9955599927954077,4424,317,51867.40969425968,0.010798456625793165,0.09253941770912519,101.07984566257932,9892.533832793171,98.8813785647594,0
dodo-k10000000000000000,358,10000,11.262905303898528,-11.266770051964372,11.266770051964372,-0.003864748065844026,129429.77075187158,1817.9334576107026,0.986148836137285,7123,327,51325.2101996371,0.0007826211862747811,0.12589542080758193,100.07826211862748,9995.835386817107,144.43542147189282,0
dodo-k10000000000000000,359,10000,21.016172325225597,-21.011544438478893,21.011544438478893,0.00462788674670378,195507.08919685075,2330.7874056753453,0.9882186998480675,7436,567,93732.12896336651,0.0032952783562910782,0.09181785533926444,100.32952783562911,9957.995685964564,106.20999279808248,0
dodo-k10000000000000000,360,10000,11.824020659111348,-11.823332518039194,11.823332518039194,0.0006881410721533143,125957.90521835299,619.8934572301225,0.9951026683690487,5055,384,58945.36214623008,0.0022341732934567913,0.09348383011182776,100.22341732934568,9981.496727052567,96.80170645181772,0
dodo-k10000000000000000,361,10000,29.87107024819368,-29.90574446868085,29.90574446868085,-0.03467422048717239,173889.8546801573,1971.85379869155,0.9887874750237132,9214,586,78762.36054785087,-0.009939787769895219,0.4038712132319975,99.00602122301048,10016.203620938333,35.89070504569022,0
dodo-k10000000000000000,362,10000,22.180016951405772,-22.17273781678975,22.17273781678975,0.007279134616023697,237152.8268055884,1373.2436923425619,0.9942427941336732,11685,627,99182.8152489064,0.009812489414584888,0.11643314999369778,100.98124894145849,9908.583858664746,97.38404598995342,0
dodo-k10000000000000000,363,10000,18.004599481790894,-18.000699128369803,18.000699128369803,0.003900353421091296,165953.75398961868,1436.8566341616204,0.9914161455722805,6600,517,81717.8694726899,0.0026960526715444646,0.14143787428098975,100.26960526715445,9963.409209292891,105.30057743395567,0
dodo-k10000000000000000,364,10000,17.31468032598828,-17.31603077979736,17.31603077979736,-0.001350453809077834,115480.09954859497,1314.7063766442345,0.9887434516781014,4610,340,52728.32376962362,0.008556658630144227,0.32931189051056037,100.85566586301442,9928.691561625563,78.58188494603716,0
dodo-k10000000000000000,365,10000,23.335198744057188,-23.33213841781331,23.33213841781331,0.003060326243875977,235515.18192788438,2311.3986912118357,0.9902811591320242,9181,674,109590.53804315302,0.0025660093811205797,0.08218549463742036,100.25660093811206,9978.420252204427,95.25272921915307,0
dodo-k10000000000000000,366,10000,11.637464445931954,-11.631544911209403,11.631544911209403,0.005919534722551134,161380.8370240265,2567.355366743329,0.9843404472516292,10772,389,55172.59146248928,-0.00256147936267169,0.14445039410201063,99.74385206373283,10017.206324848521,89.16800316112867,0
dodo-k10000000000000000,367,10000,13.747017966459424,-13.741105859971839,13.741105859971839,0.0059121064875853335,157927.50046411704,1802.288881851591,0.9887166389611401,7839,445,67312.376675779,0.008489853525072562,0.08608664367873303,100.84898535250726,9915.962972433508,102.15133618218331,0
dodo-k10000000000000000,368,10000,7.856206435607423,-7.860248529651763,7.860248529651763,-0.004042094044339528,132740.61526039857,2531.304813874573,0.9812872855468843,10464,338,44382.090835149094,-0.0010387030775939365,0.07652737054493443,99.8961296922406,10016.638852354146,46.64121858200154,0
dodo-k10000000000000000,369,10000,20.281449612121413,-20.26587320979786,20.26587320979786,0.015576402323553395,200480.03591303685,2764.3097504462376,0.9863990816501081,9535,473,82760.06156687839,-0.006201665679166126,0.12963260666409882,99.37983343208339,10024.90752276878,159.14475917761348,0
dodo-k10000000000000000,370,10000,19.146021874898093,-19.145563741914657,19.145563741914657,0.00045813298343588826,182892.9038356447,1855.8536817119093,0.989954716304181,6895,560,89897.92162550676,-0.0013619924700201125,0.08844491103098108,99.86380075299799,10013.70223606974,99.22440146244203,0
dodo-k10000000000000000,371,10000,16.383205389663406,-16.38511071866965,16.38511071866965,-0.0019053290062451822,145276.6450551416,1288.3554128535873,0.9912096652765684,5411,473,74028.41023447366,0.0003650910311982614,0.09615359124102739,100.03650910311983,10008.50505928104,58.151763025720285,0
dodo-k10000000000000000,372,10000,6.987281973795257,-6.974741235200028,6.974741235200028,0.012540738595228973,120892.53134482977,1542.6900463320173,0.9873999488970305,7550,296,42693.633215617025,0.0003094968593663339,0.055974300617726416,100.03094968593663,9999.044813438088,117.61770074891827,0
dodo-k10000000000000000,373,10000,8.098855849992454,-8.10389843433488,8.10389843433488,-0.005042584342426437,94341.47648981484,1512.070843152691,0.984225196821353,4804,295,43842.062944722806,0.007405656996744625,0.0673952444631162,100.74056569967446,9947.067056558164,97.85218742429431,0
dodo-k10000000000000000,374,10000,6.305708047505609,-6.30710379450035,6.30710379450035,-0.0013957469947403212,82596.1166266689,1155.4159121729933,0.9862042415565693,4495,217,31792.96649833623,0.0006458664351646348,0.07139033821155777,100.06458664351646,10001.401417041794,94.7746136680901,0
dodo-k10000000000000000,375,10000,31.791287280254316,-31.76114467988147,31.76114467988147,0.030142600372847994,272914.8214923007,1918.8652708458978,0.9930180856159035,11357,778,127302.79537997255,-0.0031384446699593126,0.16300884017255213,99.68615553300407,10074.432454774136,155.8141834348393,0
dodo-k10000000000000000,376,10000,20.727846556609087,-20.68599685072209,20.68599685072209,0.04184970588699599,196486.2503235924,2067.970556813646,0.9895848572362548,7939,458,85354.82229129506,-0.003618255696483459,0.13465017421671022,99.63817443035165,10100.80308635698,217.7149092138442,0
dodo-k10000000000000000,377,10000,15.725552258643987,-15.727721073404766,15.727721073404766,-0.0021688147607790143,189897.09554738298,2094.428902403711,0.9890910345735002,9821,499,74072.54905494348,0.006978564760291732,0.14282778747698033,100.69785647602917,9959.310338553978,67.52459434563514,0
dodo-k10000000000000000,378,10000,20.642598089509114,-20.651084869208404,20.651084869208404,-0.00848677969928957,199369.45890359918,1891.700293443409,0.9906007681711136,8204,574,92125.85504506408,-0.004104212211813944,0.10244734561094675,99.5895787788186,10042.838174305056,104.99722800548626,0
dodo-k10000000000000000,379,10000,12.260797120865021,-12.267971881605447,12.267971881605447,-0.007174760740426223,146783.5122279262,1620.2557884199518,0.9890821115253523,7371,414,61892.05450535841,-0.0003504492462457165,0.0689450533167927,99.96495507537543,10032.825327086699,107.09477794308499,0
dodo-k10000000000000000,380,10000,9.978798024010349,-9.98281222622532,9.98281222622532,-0.004014202214971618,109963.68772276553,1460.7543970482275,0.9868901798451234,6649,308,42657.402848149046,0.0013936866732289844,0.08205003153905537,100.1393686673229,9999.891329519247,37.25852570816146,0
dodo-k10000000000000000,381,10000,9.020544615089207,-9.01224225637911,9.01224225637911,0.008302358710096769,109209.49099104482,1329.3659027919905,0.9879737683186942,6469,268,40249.22793371439,-0.008480588148940598,0.13919413775311454,99.15194118510594,10079.717108831266,100.82310097088454,0
dodo-k10000000000000000,382,10000,4.301253025501287,-4.299499922814874,4.299499922814874,0.001753102686413044,68485.50548018728,1243.2401260971706,0.9821703357017637,5573,192,23211.356911162275,0.003427017790328932,0.07276694924401923,100.3427017790329,9972.442030716991,66.42757372228675,0
dodo-k10000000000000000,383,10000,13.571858693007728,-13.56262656511521,13.56262656511521,0.009232127892518704,118863.12920086928,1233.1684106069797,0.9897318365750425,4506,373,56685.08459330365,-0.00005013808048317969,0.10790772229579985,99.99498619195168,9985.861998957076,73.20381602030669,0
dodo-k10000000000000000,384,10000,10.764626019993957,-10.772313088630753,10.772313088630753,-0.007687068636796468,130761.96968363886,1677.5179939918921,0.987333702180462,5994,364,54251.871848234805,-0.0003326856669799838,0.09479953283440637,99.966731433302,10013.796319215013,84.48340316634926,0
dodo-k10000000000000000,385,10000,6.664507149885304,-6.650007446911474,6.650007446911474,0.014499702973830075,63572.83772305246,1297.7634867790398,0.9799945820976551,4373,145,22759.829833791046,-0.0014487748788634747,0.15198953259807965,99.85512251211365,9975.547594106049,104.61406622725117,0
dodo-k10000000000000000,386,10000,11.358754166894515,-11.360272116249547,11.360272116249547,-0.0015179493550316892,164875.51653073414,2549.590427499074,0.9847717557192,9191,461,65921.42690507635,-0.0015270226313509737,0.04896892905356196,99.8472977368649,10019.156458573303,93.76261887180742,0
dodo-k10000000000000000,387,10000,14.351674221711292,-14.343404210359793,14.343404210359793,0.008270011351498852,192616.80278864808,2684.9155622949056,0.9862524734294947,11304,485,74164.7852420233,-0.00809703349151249,0.10478728243834183,99.19029665084875,10130.078080037905,150.68622293412932,0
dodo-k10000000000000000,388,10000,19.78399175443514,-19.79447376602954,19.79447376602954,-0.010482011594401541,233870.16913164576,2084.95610451543,0.9911637600478961,10028,599,100777.95742653342,-0.00823549246912478,0.06725073514181673,99.17645075308752,10153.95955787133,102.91410981530791,0
dodo-k10000000000000000,389,10000,24.24715685823663,-24.24340825776453,24.24340825776453,0.0037486004721003496,134559.00421599278,984.4769295492558,0.9927368183166836,5038,464,70621.43684462499,0.0021158139383125273,0.2571205451244052,100.21158139383125,9974.402959767685,50.707941737509806,0
dodo-k10000000000000000,390,10000,11.692041718344692,-11.688170065595799,11.688170065595799,0.0038716527488933394,173211.80752050588,1226.348369855679,0.9929697240629713,10166,471,65762.33399953743,-0.005264179963011628,0.08619708234498176,99.47358200369884,10042.42501053431,84.43827250739176,0
dodo-k10000000000000000,391,10000,12.07199194997232,-12.074724236121696,12.074724236121696,-0.0027322861493761508,170646.6804611096,2167.082274483083,0.9874600133682713,9020,462,67442.92030456787,-0.0017807486319114218,0.08559175246650753,99.82192513680886,10061.442636275464,148.86748956424333,0
dodo-k10000000000000000,392,10000,6.504031582292439,-6.501420646140616,6.501420646140616,0.002610936151822507,91943.4521042406,1585.082288252453,0.9830524203276763,5123,262,36601.75082649032,-0.0042132779061866184,0.062142796569185775,99.57867220938134,10079.676623837044,111.24275701570009,0
dodo-k10000000000000000,393,10000,26.797454419652237,-26.77989044710729,26.77989044710729,0.017563972544945017,240771.780025785,3093.9189213737104,0.9873130213280052,10674,730,107890.3082483162,-0.004610995908933546,0.20017834540492147,99.53890040910665,10020.026453632365,59.912073026557394,0
dodo-k10000000000000000,394,10000,29.60553490450329,-29.59980384575536,29.59980384575536,0.005731058747930007,247678.79056325078,2595.2798872385865,0.9896302486207735,9734,749,117331.06088101925,-0.0012343373803371093,0.18066316252892306,99.87656626196629,9996.79696988368,88.08142200921634,0
dodo-k10000000000000000,395,10000,5.941431354416346,-5.938791948045477,5.938791948045477,0.002639406370868791,82451.80277298085,1113.001776256755,0.9866809743376954,4595,227,31710.555515163524,-0.0028587707304083667,0.07106327289343056,99.71412292695916,9995.814516607174,155.1184015835788,0
dodo-k10000000000000000,396,10000,22.24751473069172,-22.24633410901795,22.24633410901795,0.0011806216737682007,180412.91361480052,517.5369871177728,0.9971395805106545,6660,513,87970.77140902143,0.00003527288492847447,0.11372033423054319,100.00352728849285,9998.761613128943,103.43715369072217,0
dodo-k10000000000000000,397,10000,15.075616540359214,-15.078596858210062,15.078596858210062,-0.002980317850848735,165148.10052540936,2289.3502811444623,0.9863271312951998,7977,484,72772.46169454767,0.0035125825994661852,0.10814938291808517,100.35125825994662,9960.382189177699,79.41108286165839,0
dodo-k10000000000000000,398,10000,6.271611338813468,-6.265913498419664,6.265913498419664,0.0056978403938039435,116124.70657204128,1515.6008665014983,0.9871166533010527,5536,287,45703.6310119216,-0.004145835220337517,0.03424222340295358,99.58541647796625,9992.529659984437,198.38121121080906,0
dodo-k10000000000000000,399,10000,4.367105193046484,-4.366573768338583,4.366573768338583,0.0005314247079013512,82827.47788423834,1083.5302205345997,0.9870871504823101,6620,204,26893.821086556396,0.002305759835318071,0.07392250233219429,100.2305759835318,9977.008218822059,95.64050066528185,0
dodo-k10000000000000000,400,10000,17.526133306080997,-17.512969599444844,17.512969599444844,0.013163706636152739,185540.83462280742,1532.0509443855522,0.9918104061968122,7340,514,82284.20559093605,-0.001645108914160005,0.10317694649340198,99.835489108584,10038.307793959162,104.7825873962232,0
dodo-k10000000000000000,401,10000,4.02643532659391,-4.02406209279269,4.02406209279269,0.0023732338012205645,64801.37454399307,1318.368660337157,0.9800608926101998,4009,174,24015.76036232458,0.003355579337521135,0.04695132912281835,100.33555793375211,9966.56513347378,82.87062419917793,0
dodo-k10000000000000000,402,10000,26.35648106963849,-26.354539159544473,26.354539159544473,0.0019419100940183398,252123.46625141246,175.88006221860894,0.9993028913281449,10293,705,115896.30460886996,0.0050131048192933745,0.10212011725539157,100.50131048192934,9950.25175367146,99.80422989275071,0
dodo-k10000000000000000,403,10000,14.272739076738251,-14.278870591700723,14.278870591700723,-0.006131514962472551,188031.47567353465,1866.966277071206,0.9901686066620977,9804,511,75339.61888774575,0.004187844168584576,0.07417072498844363,100.41878441685846,9996.504172252213,79.5186281759675,0
dodo-k10000000000000000,404,10000,13.912832976603498,-13.92328463463646,13.92328463463646,-0.01045165803296122,155612.73637964114,2063.6544745289134,0.9869120896073938,5898,470,74002.77790998344,0.002811424060561194,0.0577056630404735,100.28114240605612,9983.777221992523,120.4283501745212,0
dodo-k10000000000000000,405,10000,3.8180107416788314,-3.818887053953361,3.818887053953361,-0.000876312274529667,56074.85261074173,1111.231453177829,0.9805681492032965,4263,152,21025.257358697236,0.0004514114475958309,0.0650915240857853,100.04514114475958,9987.562753270968,70.0721854917118,0
dodo-k10000000000000000,406,10000,9.0882386594399,-9.091401642849434,9.091401642849434,-0.0031629834095330267,140547.39343086033,2070.5015045356436,0.9854821759536309,9390,366,50511.35232458742,-0.002218739819988684,0.09607531797939231,99.77812601800113,10028.829078080134,115.35967467289188,0
dodo-k10000000000000000,407,10000,6.625113201369239,-6.613620831725129,6.613620831725129,0.01149236964411049,82613.52173976357,1649.1241689051783,0.9804287635271666,5127,210,32081.567140818035,0.006509153089283046,0.07766458413032964,100.6509153089283,9908.00192450036,104.9332958814478,0
dodo-k10000000000000000,408,10000,21.970987723809603,-21.9720307594377,21.9720307594377,-0.0010430356280970443,143463.58316007574,1558.1631931470445,0.9892556583248425,7709,436,62527.11311928035,0.005749537717932043,0.2421816947912629,100.5749537717932,9982.391641899598,70.17455432988118,0
dodo-k10000000000000000,409,10000,15.232791290279877,-15.219336588530837,15.219336588530837,0.01345470174904051,167700.57675510907,2497.2422668256318,0.9853274132349263,5977,458,79903.63585894422,-0.004154837352747052,0.07117732198390016,99.5845162647253,10050.810042162295,119.38920600185742,0
dodo-k10000000000000000,410,10000,19.09155349972788,-19.163464918712158,19.163464918712158,-0.07191141898427844,135370.17027401042,1240.768209436629,0.9909175046800007,4751,432,67645.92039406959,0.02217194029455257,0.21575825921703384,102.21719402945526,9962.550305246135,38.63694140995803,0
dodo-k10000000000000000,411,10000,13.326725447739577,-13.332030913800878,13.332030913800878,-0.005305466061301445,128495.2718179127,1627.5761830771287,0.9874920030718607,5877,344,55421.19770851996,-0.0008755608731935638,0.11580358920184708,99.91244391268064,10022.898611080138,115.05567820961065,0
dodo-k10000000000000000,412,10000,5.809726568819212,-5.813072735335965,5.813072735335965,-0.003346166516752902,120893.37306119132,1803.2013393250152,0.9853035722624264,9212,254,37516.02902485785,0.0005724478204987804,0.05766920937409594,100.05724478204988,10006.316709041854,149.97496318984773,0
dodo-k10000000000000000,413,10000,14.952009315302966,-14.938169855585912,14.938169855585912,0.01383945971705458,171649.59780836393,2511.0592939075873,0.9855819371855433,8413,488,71600.6623148413,-0.00378310701708088,0.12414548132121325,99.62168929829191,10032.23904554903,111.05521381129603,0
dodo-k10000000000000000,414,10000,28.94194238074148,-28.900004391658015,28.900004391658015,0.0419379890834648,265355.9544260624,2646.29212416237,0.9901258584275843,11573,730,115984.88894437911,-0.023691660547528245,0.16678649090682696,97.63083394524718,10176.381624125468,70.54611788601315,0
dodo-k10000000000000000,415,10000,12.498225704040326,-12.499937462415957,12.499937462415957,-0.0017117583756309784,140330.2907238521,1082.5698868562235,0.9923446150358531,5753,398,61937.91829913185,0.0004947203412501721,0.07476791479783756,100.04947203412502,9996.104945543559,101.89334590755318,0
dodo-k10000000000000000,416,10000,4.690068103982805,-4.687399775932477,4.687399775932477,0.002668328050328128,90375.95825036374,1679.9505642701754,0.9817507579263276,6255,208,29524.213371130958,-0.005138216097702042,0.041399072194532635,99.4861783902298,10057.055526570128,111.54540870840175,0
dodo-k10000000000000000,417,10000,15.140534807514971,-15.138947215151035,15.138947215151035,0.001587592363936352,156452.31522738503,2608.39689621201,0.983601249727933,7202,430,68029.96926252433,0.00003222190337353936,0.1192548880217494,100.00322219033735,9991.239912392173,107.07520351566187,0
dodo-k10000000000000000,418,10000,5.856933890959187,-5.862831032586968,5.862831032586968,-0.005897141627780655,99985.24371322694,1159.1442837583995,0.9885397073756287,5455,262,38341.370275801644,-0.001083245756051099,0.047858286631761754,99.89167542439489,10035.573846051837,154.00157860553227,0
dodo-k10000000000000000,419,10000,8.506911168482036,-8.497541218410902,8.497541218410902,0.00936995007113417,121679.90694781003,2595.1500927673874,0.9791176913970754,7684,298,43042.25752664909,-0.005986856326639582,0.11116142279384576,99.40131436733604,10055.793549253163,103.70456875739303,0
dodo-k10000000000000000,420,10000,14.093186471406463,-14.079953980337912,14.079953980337912,0.01323249106855151,154694.14426280832,3007.4730243311387,0.9809293457095293,10120,434,57160.389057319066,-0.012605188895670664,0.11730414871004115,98.73948111043293,10064.703690490758,65.58705845503661,0
dodo-k10000000000000000,421,10000,5.117412198825624,-5.116354544115609,5.116354544115609,0.0010576547100153988,74664.79202636938,1134.3287392277475,0.9850350673230688,4123,190,28601.70230031918,0.005777196461631462,0.047979369144386365,100.57771964616315,9965.345771780398,113.96973346125885,0
dodo-k10000000000000000,422,10000,5.616367026227884,-5.6114860311769945,5.6114860311769945,0.0048809950508896804,77192.33115999721,1586.751410425717,0.9798582141521226,4825,211,30731.83112535024,-0.004691904112159762,0.059184834288050464,99.53080958878402,10050.550857222152,143.2724004731088,0
dodo-k10000000000000000,423,10000,5.199317367612533,-5.199603769999953,5.199603769999953,-0.00028640238742028146,63395.84039927266,1140.8567939978475,0.9823223554409474,4436,151,23162.018742983637,-0.0007899305934066092,0.07995543074887919,99.92100694065934,9998.849296907702,129.30019002215653,0
dodo-k10000000000000000,424,10000,10.233138602361215,-10.230760519954885,10.230760519954885,0.0023780824063308614,122759.8127063684,1276.5328298286,0.9897083969677575,6718,362,50434.102758576184,0.0015615557195336294,0.08229202532913163,100.15615557195336,9995.775824557959,64.94421331010906,0
dodo-k10000000000000000,425,10000,13.199861751964521,-13.200439842697463,13.200439842697463,-0.000578090732942016,137648.64633772263,1547.5652881908475,0.988882130697997,5669,364,59658.303117073905,0.015748109334501662,0.07308171522948256,101.57481093345017,9852.31782844147,118.38385301113112,0
dodo-k10000000000000000,426,10000,12.943409972711517,-12.942548115388306,12.942548115388306,0.0008618573232119786,167905.92501329217,1341.0032196236782,0.9920766466273574,9643,451,66281.76130999195,-0.0025513686274875624,0.06488670556243235,99.74486313725124,10023.20662586944,95.29531009585322,0
dodo-k10000000000000000,427,10000,10.290069656195584,-10.308834432816937,10.308834432816937,-0.018764776621353008,131943.15019375863,1895.3000493363327,0.985838897223527,7513,381,52511.82263192072,0.008575974373547695,0.07576823400117746,100.85759743735477,9983.810265379827,76.86609659728674,0
dodo-k10000000000000000,428,10000,7.4008061326285794,-7.3980626017425095,7.3980626017425095,0.0027435308860699337,154308.8061091959,2457.3239188704374,0.9843249053961433,10318,338,50119.62960069278,-0.001598929868181358,0.039849822758488924,99.84010701318186,10024.447379436728,194.90843545565022,0
dodo-k10000000000000000,429,10000,26.53457402137493,-26.54101646261155,26.54101646261155,-0.006442441236622187,278807.9750612996,1726.2580702784442,0.9938465332697247,10643,728,123858.41913576967,0.004638678449852449,0.08704993039640925,100.46386784498524,9970.348450925596,131.93445052589976,0
dodo-k10000000000000000,430,10000,13.632938691619358,-13.627888344680088,13.627888344680088,0.005050346939270867,161552.20250349637,2869.5488813175934,0.9825476321888721,8388,439,68278.4541015171,-0.008789270686549742,0.07932689195964954,99.12107293134503,10073.15921295485,87.42609396551642,0
dodo-k10000000000000000,431,10000,13.371613840893877,-13.36616237129573,13.36616237129573,0.005451469598147796,189016.00748904108,835.5508175447857,0.9955989256817399,10592,466,70652.02346561773,-0.00617210342283002,0.07606048304935172,99.382789657717,10068.48116736221,115.61020348028701,0
dodo-k10000000000000000,432,10000,25.67251676021703,-25.703818071854542,25.703818071854542,-0.03130131163751315,120134.77516426,1430.1747617900405,0.9882353033283028,5806,383,53989.64120344359,0.00656070685797701,0.37302488672878586,100.6560706857977,9937.244031768794,55.8637384565773,0
dodo-k10000000000000000,433,10000,31.08827631577498,-31.11324878144547,31.11324878144547,-0.024972465670490607,193280.9800225909,2104.377042856893,0.9892296072005438,7869,670,94927.8710491242,0.000018577724463142432,0.20076763344403945,100.00185777244631,9998.041355528223,29.59092273044651,0
dodo-k10000000000000000,434,10000,7.1524888638515565,-7.149181465305517,7.149181465305517,0.0033073985460392308,101833.3100589121,1511.7483841222343,0.9853718367680296,6830,294,39429.261332133356,0.006004673753190559,0.0670108281796739,100.60046737531906,9953.926654919947,75.05302836475634,0
dodo-k10000000000000000,435,10000,23.38695532626909,-23.390559528322186,23.390559528322186,-0.003604202053097083,264692.6490296283,2157.481482775074,0.991915006829368,10874,715,115268.2509618618,-0.0006398914034295444,0.1096622427985099,99.93601085965705,10009.071215739963,133.83458281712393,0
dodo-k10000000000000000,436,10000,11.628142740459241,-11.625937115632155,11.625937115632155,0.0022056248270860834,143401.35496244984,2184.3877476007406,0.9849958676794941,8468,412,58323.81097678414,-0.0018276207429087775,0.10517425273197376,99.81723792570912,10025.43164077684,92.19011207615675,0
dodo-k10000000000000000,437,10000,9.583905883930727,-9.572974591451327,9.572974591451327,0.010931292479400057,118978.8008773557,2002.2630231598441,0.9834497816550337,6297,362,48933.07427412711,0.01712241545060351,0.09050789670448638,101.71224154506035,9893.881393846286,59.333780437215594,0
dodo-k10000000000000000,438,10000,5.399536462079503,-5.396837615450508,5.396837615450508,0.0026988466289949997,87263.33933034398,1659.3462284567227,0.9813394499049461,5271,237,32780.41681753211,0.005418768990695071,0.07764926651723628,100.5418768990695,9962.42785834383,103.42552155893274,0
dodo-k10000000000000000,439,10000,30.1406683111947,-30.12751612968819,30.12751612968819,0.013152181506509208,281097.4241169324,2551.6655917099297,0.99100414672816,11092,746,125785.80049312103,0.010236243319145046,0.15489983711113908,101.0236243319145,9906.439068987544,65.04314524380018,0
dodo-k10000000000000000,440,10000,6.500944645271621,-6.500123983994712,6.500123983994712,0.0008206612769088295,125505.50237792669,2123.629351908848,0.9833609355236849,10418,263,37586.901069452324,-0.003954519477783407,0.07882800017763245,99.60454805222166,10022.217885370777,114.23074103393479,0
dodo-k10000000000000000,441,10000,3.146604042141518,-3.145796556945868,3.145796556945868,0.0008074851956498819,62169.50724707293,1805.162029097992,0.9717831752860601,4500,159,20359.446844359347,0.002759527852355177,0.05763225189255607,100.27595278523552,9983.583898013194,67.50017776197232,0
dodo-k10000000000000000,442,10000,41.18498439733697,-41.23165016434734,41.23165016434734,-0.04666576701037428,268002.16289533285,2297.869749900518,0.9914988180822143,10078,900,137507.98753713592,0.005308263991686886,0.1977763366688555,100.53082639916869,10023.76268840522,49.24764939711783,0
dodo-k10000000000000000,443,10000,21.151233513249814,-21.150592336168188,21.150592336168188,0.000641177081625699,222300.38926671818,2398.7255889037256,0.9893247216819478,9341,648,99670.82816193276,0.0017777545016967621,0.10905109066394403,100.17777545016968,9989.568366292886,94.36663547381654,0
dodo-k10000000000000000,444,10000,24.83727276611711,-24.80629086033251,24.80629086033251,0.030981905784599917,231298.6970136337,2934.910502718549,0.9874701562519645,11377,621,98093.31758640995,-0.010052221444630334,0.14335341982433178,98.99477785553697,10054.013503257162,83.27319595062855,0
dodo-k10000000000000000,445,10000,3.489070937102349,-3.487566271370909,3.487566271370909,0.0015046657314399248,80441.40869208859,1339.6650179081353,0.9836188868996913,6134,184,24104.15316830712,0.006074187926553236,0.03305827399163931,100.60741879265532,9955.047400214195,109.9092269867585,0
dodo-k10000000000000000,446,10000,10.585560720852563,-10.592683039672238,10.592683039672238,-0.0071223188196753995,124661.04008230224,1652.395729767454,0.9869182900524858,4754,355,59189.220144440646,0.002639969349785787,0.05497665810408577,100.26399693497858,10010.520108078817,119.80019033788815,0
dodo-k10000000000000000,447,10000,9.698612156992976,-9.699883334758908,9.699883334758908,-0.0012711777659326629,134378.2417350042,3382.543512893874,0.9754462526704748,8317,342,49071.01846971997,0.00231371834721557,0.1167282758426046,100.23137183472156,9977.896393140074,97.24092416885661,0
dodo-k10000000000000000,448,10000,16.19689820960678,-16.2077739012381,16.2077739012381,-0.01087569163131974,176596.2377761089,2568.265398814219,0.9856653223529063,9571,501,71431.94234405863,0.004849101396921612,0.17693812411685414,100.48491013969216,9958.816759902498,78.63750169079104,0
dodo-k10000000000000000,449,10000,10.226645844991971,-10.219750728394004,10.219750728394004,0.006895116597966933,147255.8048475926,3797.2046850043275,0.9748617740437345,10304,428,54838.19882417104,-0.0010004503347455795,0.1223051247839713,99.89995496652544,9990.455735811385,55.34013984938232,0
dodo-k10000000000000000,450,10000,8.046654844449353,-8.049075343404226,8.049075343404226,-0.0024204989548728406,146768.46630300477,3655.294842063345,0.9757000169771172,11041,346,48594.15024372671,-0.001776025276982409,0.05557162777149074,99.82239747230176,10031.91084154029,100.43729998502583,0
dodo-k10000000000000000,451,10000,7.800549032141584,-7.795114965323776,7.795114965323776,0.005434066817807448,106353.81904128825,1750.2307700800861,0.983809757607286,5273,291,43303.27895311617,-0.007205985387472537,0.07284737111968795,99.27940146125275,10084.610200515895,115.67576703159847,0
dodo-k10000000000000000,452,10000,13.302381680464011,-13.305029517570532,13.305029517570532,-0.002647837106520612,143839.7704062481,2030.9910490528614,0.986076777629798,8301,389,55336.73060691397,-0.0009316053172958049,0.16198856430093145,99.90683946827042,10004.954624971853,66.93526093106411,0
dodo-k10000000000000000,453,10000,25.29647085358149,-25.292953429885728,25.292953429885728,0.003517423695761579,235485.52442990287,3453.31905148135,0.9855472680742661,10291,727,108929.97443061435,0.0007339773186515686,0.1001368861851212,100.07339773186516,9961.156994324569,69.62910628954926,0
dodo-k10000000000000000,454,10000,3.8996226623635004,-3.8859514254899636,3.8859514254899636,0.013671236873536774,63214.94852380631,949.6710164397339,0.9851994600257222,5304,168,20498.79111690516,0.00043308076498803415,0.08201988858986638,100.0433080764988,9961.33355425284,48.609308582368236,0
dodo-k10000000000000000,455,10000,33.77300432853311,-34.00301165020355,34.00301165020355,-0.2300073216704348,160317.37704992248,2320.6940560338667,0.9857309297862863,6947,479,74952.45401589664,-0.002434224491889694,0.3692265503487138,99.75657755081103,9970.098339148006,68.55504131725361,0
dodo-k10000000000000000,456,10000,13.516858380246363,-13.516488045045435,13.516488045045435,0.000370335200928551,130981.23401571476,357.58648809461965,0.9972773739955717,5209,388,61495.99370759491,0.0005571019654338727,0.08520535169632439,100.05571019654339,9991.093533599318,105.73620594054768,0
dodo-k10000000000000000,457,10000,29.205893250277136,-29.19898368970138,29.19898368970138,0.006909560575756757,297078.7667077768,2833.0643603535964,0.9905536758911322,11851,858,137494.4922298812,0.0028209185738667488,0.08465912047639464,100.28209185738667,9961.137147904456,85.0943379522687,0
dodo-k10000000000000000,458,10000,10.052988957126436,-10.059644377875088,10.059644377875088,-0.006655420748652219,156869.47071202894,3444.4338172672105,0.9785144412309054,10669,391,54651.93120640896,0.009008223067996113,0.07928961063625024,100.90082230679961,9980.472755796229,58.4527547431518,0
dodo-k10000000000000000,459,10000,10.48610593740849,-10.48489616482918,10.48489616482918,0.0012097725793100977,97863.3234927519,1310.9071183323924,0.9867817767755298,4340,329,44212.90600747923,-0.00626740795550532,0.15966452371311732,99.37325920444947,10024.097887773656,54.759180549935586,0
dodo-k10000000000000000,460,10000,11.999435539272655,-12.010802466956804,12.010802466956804,-0.01136692768414882,149943.65248044356,1705.0242628608116,0.9887567481663759,9111,375,56177.89360479125,-0.0016631567723631236,0.1316358759729974,99.83368432276369,10019.205993526208,80.3890781604229,0
dodo-k10000000000000000,461,10000,4.974296323946002,-4.973384376312367,4.973384376312367,0.0009119476336350019,92465.38512015631,841.8229731046416,0.9909779427516121,6666,223,30894.977899675065,-0.0008748014386019066,0.05113291683544503,99.91251985613981,10009.617566542845,107.07658468719652,0
dodo-k10000000000000000,462,10000,30.787350471729255,-30.788531365457487,30.788531365457487,-0.0011808937282324905,277540.2558033201,1116.9864518782156,0.9959915398471673,11567,763,125356.26040019316,-0.0003270219848512568,0.14338504471603783,99.96729780151487,10012.321963196371,104.15971191181474,0
dodo-k10000000000000000,463,10000,4.153043997985277,-4.152905681059124,4.152905681059124,0.00013831692615262625,82375.40607878013,391.6341867100555,0.995268234970662,6531,188,25557.328925800393,-0.000602211504981085,0.04985808741786954,99.93977884950189,10007.255153653787,99.54678831296937,0
dodo-k10000000000000000,464,10000,6.566536806801632,-6.567661715371315,6.567661715371315,-0.0011249085696833916,117201.98258880383,1616.4553345770205,0.9863955850385832,8342,295,39146.53965542007,0.004500672478336583,0.05374073839863186,100.45006724783366,9967.678893374772,95.88776045030315,0
dodo-k10000000000000000,465,10000,21.61185417577229,-21.57905400817168,21.57905400817168,0.03280016760060889,183858.06288401468,1999.7788940424016,0.9892402770046667,7045,538,89536.6302274706,0.0006426541083131099,0.1565215845138256,100.06426541083131,9984.614953049057,97.65309966561432,0
dodo-k10000000000000000,466,10000,16.44100773431741,-16.439422808966967,16.439422808966967,0.0015849253504427452,130411.38925712774,1570.1349729472859,0.9881033729371835,5415,384,61987.86043111526,-0.002765672472527143,0.11322457444814801,99.72343275274729,10003.509285055186,75.03875251009258,0
dodo-k10000000000000000,467,10000,6.044933687098368,-6.044217453274655,6.044217453274655,0.0007162338237129973,79123.33787867117,191.60127092125973,0.997584297826165,4281,225,32159.27818899958,-0.0020858284831945183,0.06111302952666662,99.79141715168055,10020.297648424546,101.77994543370228,0
dodo-k10000000000000000,468,10000,10.760400564971388,-10.758827636795601,10.758827636795601,0.001572928175786359,114730.6887433744,613.4551452177475,0.9946815232699611,5516,318,49508.22244084437,-0.004106695812436101,0.09323588943963643,99.58933041875639,10038.842274803661,103.89632848176089,0
dodo-k10000000000000000,469,10000,5.737400310996708,-5.735181099416266,5.735181099416266,0.0022192115804422485,81467.95005307707,1952.1479468878442,0.9765985896241856,5805,192,27572.01274798226,0.002931632926974572,0.11038963639008273,100.29316329269746,9981.228036894905,91.26349732777008,0
dodo-k10000000000000000,470,10000,6.083667600574363,-6.078667695506155,6.078667695506155,0.004999905068207688,98403.27138637986,1845.7389325879442,0.9815884573152867,6768,236,34327.21229332827,-0.006075605189561913,0.07410576485179206,99.39243948104381,10082.957913139746,132.9398925875566,0
dodo-k10000000000000000,471,10000,5.525273177806528,-5.527489477236884,5.527489477236884,-0.002216299430355839,85274.8627301487,1678.0125995425847,0.9807020458704762,6356,238,30773.34763925281,0.006872944270809001,0.055025373108772584,100.6872944270809,9971.34623340871,65.47061976477148,0
dodo-k10000000000000000,472,10000,25.20517531442139,-25.278769045194494,25.278769045194494,-0.07359373077310494,158235.12177278215,1735.6284964678587,0.9891503384615838,7397,491,73363.09498458746,0.006719511336753498,0.2643383150327955,100.67195113367535,10007.356527277434,79.49324905523362,0
dodo-k10000000000000000,473,10000,20.164692132278216,-20.142409679727024,20.142409679727024,0.022282452551191767,214333.79822400122,2588.3555452274322,0.9880678137283246,10099,635,95431.08087812405,0.028468126717882142,0.09515629710679761,102.84681267178821,9848.466285470433,57.854180223578204,0
dodo-k10000000000000000,474,10000,30.920131151648743,-30.92035770639373,30.92035770639373,-0.00022655474498733952,298996.7286520302,1963.4672616139603,0.9934759902197253,11150,839,140348.19178718398,-0.011056533423260788,0.09953252175032504,98.89434665767392,10136.642560719307,116.09748451979789,0
dodo-k10000000000000000,475,10000,12.103266320182344,-12.054058790400411,12.054058790400411,0.04920752978193299,114784.06634981139,1307.8148010633781,0.9887346575135283,7278,351,47202.38738852057,0.006141544132325975,0.2563810925830508,100.6141544132326,9984.846489812648,49.48173493297955,0
dodo-k10000000000000000,476,10000,15.338742834348256,-15.34611333205632,15.34611333205632,-0.007370497708063084,220682.8717187063,3689.228796193276,0.9835575421911767,11530,567,85776.4305589592,0.0018368397357335197,0.06168077052009466,100.18368397357335,10003.440476968437,108.59601315210521,0
dodo-k10000000000000000,477,10000,9.957968911575918,-9.957840324220726,9.957840324220726,0.0001285873551921668,147530.36023100483,2738.4191465917756,0.9817765263154854,8645,373,55559.490966136334,-0.001771427915763155,0.07020795367912043,99.82285720842368,10027.623661569038,109.38881867964473,0
dodo-k10000000000000000,478,10000,10.84516374599097,-10.841389434000078,10.841389434000078,0.003774311990891732,91396.23122804888,1346.7598847380182,0.9854785804449612,4341,305,42266.88243397155,0.005908227492299716,0.1378991604659906,100.59082274922997,9958.232887239714,50.407565765424664,0
dodo-k10000000000000000,479,10000,10.221929541087505,-10.210481018517882,10.210481018517882,0.01144852256962281,119775.33757836369,2468.0875954914113,0.979810058561585,8641,316,41772.02052117507,0.006538216845186042,0.1861395830019984,100.6538216845186,9954.642537175327,72.52114921339496,0
dodo-k10000000000000000,480,10000,16.082350293640445,-16.081413887370772,16.081413887370772,0.0009364062696732844,203561.88619553836,1645.3273333514937,0.9919821174652818,10193,571,85964.267229863,-0.0021167585122297793,0.07604987052520712,99.78832414877702,10022.028137534016,101.69001240386267,0
dodo-k10000000000000000,481,10000,8.748694164049885,-8.74703602535844,8.74703602535844,0.0016581386914449325,176124.80231008594,2293.3312633099868,0.987146310650276,11511,392,57654.38307512872,0.000124896904348617,0.03687803185008803,100.01248969043486,9994.002711712546,146.35858597611372,0
dodo-k10000000000000000,482,10000,14.949370337726734,-14.947561316572049,14.947561316572049,0.0018090211546848423,190085.30506009658,2206.8917055506836,0.9885232383701961,9019,494,78613.8302270078,0.006495272489414816,0.0906085962502631,100.64952724894148,9945.387418714585,159.33411335403972,0
dodo-k10000000000000000,483,10000,22.640451151251536,-22.420290215578802,22.420290215578802,0.22016093567273387,90340.73434126576,1154.4828414135022,0.9873820416305646,4005,247,40575.09628348285,0.0031380587909153237,0.24555596388217707,100.31380587909153,9969.169297015138,92.25154665532128,0
dodo-k10000000000000000,484,10000,10.761740118244237,-10.78566426606443,10.78566426606443,-0.023924147820192587,155125.71697993035,2990.6877545169705,0.9810855315136986,11293,393,51414.08685416085,0.005370659251138079,0.12436484564533998,100.53706592511381,10008.198503229063,108.23916588867387,0
dodo-k10000000000000000,485,10000,12.996033535798594,-12.993833471412202,12.993833471412202,0.0022000643863915315,152367.7552820325,2260.29845681267,0.9853823520237142,7367,425,66171.96178293368,-0.002832757981504557,0.08066565627839552,99.71672420184954,10016.233110207279,119.5297720697439,0
dodo-k10000000000000000,486,10000,11.235540958241865,-11.227192986783251,11.227192986783251,0.008347971458613657,106442.3276121773,819.3173277139609,0.9923615069657649,4621,329,48740.43796924812,0.007179728762943682,0.08920735619213872,100.71797287629437,9928.007158520071,77.7629685280421,0
dodo-k10000000000000000,487,10000,10.757556401708571,-10.77266988259477,10.77266988259477,-0.015113480886197905,122676.83812898627,1441.8444162476158,0.9883833409549593,4565,326,57147.72401730422,-0.0005580557996420055,0.0460456070192356,99.9441944200358,10037.742246956885,172.84417558901163,0
dodo-k10000000000000000,488,10000,12.187778631843347,-12.188003512093502,12.188003512093502,-0.00022488025015476865,162804.561104406,2066.2002320999036,0.9874677582892776,7931,424,64906.480062628674,0.008588584441356772,0.08827418852027279,100.85885844413568,9906.876118221351,122.67048292464139,0
dodo-k10000000000000000,489,10000,21.32870163400601,-21.328505392848584,21.328505392848584,0.00019624115742544745,193391.3369112911,1110.66103139376,0.9942897191641134,6852,567,94445.50209360901,-0.002257977535981581,0.12821431512950227,99.77420224640184,10032.883171796559,119.25194359041714,0
dodo-k10000000000000000,490,10000,9.106580826069603,-9.104956887913616,9.104956887913616,0.001623938155987048,125347.66714986683,1689.3373714088216,0.9867020056260387,6658,342,49967.69574094706,0.0033429494633472247,0.06295737129697841,100.33429494633472,9963.3540622237,97.31936629640732,0
dodo-k10000000000000000,491,10000,31.562188739549455,-31.55114065146269,31.55114065146269,0.011048088086766938,274930.5395255133,2757.263019334807,0.9900706369020674,11075,792,126747.22607160405,0.004879409101085201,0.13907966563686372,100.48794091010852,9955.259019714964,79.77451593859573,0
dodo-k10000000000000000,492,10000,8.128000782799324,-8.12993527031648,8.12993527031648,-0.0019344875171558584,118564.98635605721,1660.067911153098,0.9861919969903823,5978,320,47491.77886778066,0.0009464422142954731,0.047330470068283434,100.09464422142955,9993.268446624441,121.66367939265241,0
dodo-k10000000000000000,493,10000,19.015274601267194,-19.033256101529986,19.033256101529986,-0.017981500262791883,172458.57706025784,1893.6358485812416,0.9891390202797636,10144,523,69420.40831353323,0.011963435910411989,0.26278970903207366,101.1963435910412,9946.306167878822,40.56523644849904,0
dodo-k10000000000000000,494,10000,6.361235700629195,-6.351780289189406,6.351780289189406,0.009455411439788897,96698.31227813523,1784.5570464420489,0.981879518146851,7899,229,30231.843954014337,-0.0004177891785023746,0.16447539850022763,99.95822108214976,10013.830248438227,62.51250639959682,0
dodo-k10000000000000000,495,10000,16.666483430426464,-16.665236318798392,16.665236318798392,0.0012471116280714512,151481.8448664505,1950.5039093424864,0.9872875314436286,8060,427,64079.35562275069,-0.0002150275466284768,0.15186866326674817,99.97849724533715,9981.33715972082,93.3622555485158,0
dodo-k10000000000000000,496,10000,13.377008652160677,-13.373867390361468,13.373867390361468,0.0031412617992092606,147593.41309229546,2596.8943544003373,0.9827093079536973,7217,471,65788.95285735857,0.0076655944540682695,0.07030954257776884,100.76655944540683,9952.310638892503,63.81967609577817,0
dodo-k10000000000000000,497,10000,11.874988447133038,-11.773132181687615,11.773132181687615,0.10185626544542359,140857.76316681897,1766.0513508005613,0.9876174160901974,7779,342,52987.90679909117,-0.022203330346393244,0.09405600445666608,97.77966696536068,10313.909047201367,142.06103934942544,0
dodo-k10000000000000000,498,10000,6.142637546028752,-6.142820669682436,6.142820669682436,-0.00018312365368444716,129787.66020567245,2516.970940991295,0.9809759422691625,10542,299,40234.24527272762,0.0012543088315874228,0.040891183012971906,100.12543088315874,9989.600186326477,95.30359048196318,0
dodo-k10000000000000000,499,10000,4.095471729411887,-4.091704150047079,4.091704150047079,0.0037675793648084266,85145.3188732813,1067.084224045397,0.9876226136181271,6393,203,26465.911878913652,0.00720896291698466,0.04689951677451035,100.72089629169847,9936.65595397104,87.47165406845828,0
dodo-k10000000000000000,500,10000,20.75993771715985,-20.749904441411545,20.749904441411545,0.010033275748305925,199827.88218723953,1571.8443444977681,0.9921953998073076,7315,589,95841.93948720532,0.011336096518989364,0.0981732483308437,101.13360965189894,9885.282149215513,108.87813137566569,0
dodo-k10000000000000000,501,10000,23.22918823087236,-23.221054067678097,23.221054067678097,0.008134163194263522,152497.23995411408,1212.4674053009671,0.9921119659510775,5405,459,77926.75347358767,0.0012440992623028535,0.1991431850367981,100.12440992623029,9987.40020607712,99.87699805983084,0
dodo-k10000000000000000,502,10000,19.43150908717922,-19.434064625134226,19.434064625134226,-0.002555537955007736,187388.11739377698,2089.807178129991,0.9889707089474853,8833,558,81398.57722231394,-0.004380142278626948,0.1815287890677054,99.5619857721373,10036.71502553157,75.81893143355069,0
dodo-k10000000000000000,503,10000,6.5896943540044965,-6.58875825131436,6.58875825131436,0.0009361026901366643,122067.62091654424,2435.556207249242,0.9804377987492835,8316,303,41836.62053910065,0.0030717225543320124,0.04061849342869664,100.3071722554332,9985.293092384956,97.94582952960913,0
dodo-k10000000000000000,504,10000,34.18370019679593,-34.1755478703258,34.1755478703258,0.008152326470131754,310872.10397944093,3570.4882808861416,0.988645023388148,11268,914,148866.93863119363,-0.0016876032909674166,0.1136196883673783,99.83123967090326,10002.32201868046,67.85407064680061,0
dodo-k10000000000000000,505,10000,3.1184254137765697,-3.1185064462690093,3.1185064462690093,-0.00008103249243962551,57470.123948494045,1418.3753480955024,0.975914221536672,4333,140,19010.47573078853,-0.000822839979360026,0.06289819591345448,99.917716002064,10006.322032153445,80.97984172022159,0
dodo-k10000000000000000,506,10000,6.848197831732821,-6.841131624706634,6.841131624706634,0.007066207026187321,145520.84490377657,2253.7505202126276,0.9847487281981977,10042,308,45583.56993851709,0.003403037487561562,0.048736831563889776,100.34030374875616,9969.137459255455,125.3239000523486,0
dodo-k10000000000000000,507,10000,6.499142460943131,-6.502086620626272,6.502086620626272,-0.002944159683141656,98011.88137156317,1347.210906698626,0.986440990192164,5680,249,36789.12986304859,-0.0008974520188687052,0.057551529534748624,99.91025479811313,10023.897614241047,116.76323549341127,0
dodo-k10000000000000000,508,10000,17.21476503997394,-17.21549868923333,17.21549868923333,-0.0007336492593879029,208026.62112501834,841.6763207501059,0.9959703012326769,10507,574,85103.81870918705,-0.001586242679758385,0.11492048439368005,99.84137573202416,10019.10778048698,95.07703668238047,0
dodo-k10000000000000000,509,10000,28.887380344744745,-28.86797979487588,28.86797979487588,0.01940054986886608,260914.4567881195,4107.133944203856,0.9845026439813648,11032,768,120428.05992290736,0.0013673160447565636,0.13381195493156228,100.13673160447566,9997.318263961257,93.67146644680534,0
dodo-k10000000000000000,510,10000,21.578470973722013,-21.56241010799087,21.56241010799087,0.016060865731141405,189942.3615605377,2246.7749598993914,0.9883095631700262,7563,579,92033.47366799356,0.006197616393479279,0.15111679123006824,100.61976163934793,9930.766996095823,87.51734843932982,0
dodo-k10000000000000000,511,10000,18.934522470932066,-18.93052690286413,18.93052690286413,0.003995568067935551,220333.18334068175,2164.448794506726,0.9902720367235566,11037,605,94110.059018504,-0.00476714718113385,0.08181126889700266,99.52328528188661,10045.515426440892,103.86260754960776,0
dodo-k10000000000000000,512,10000,9.303654509161333,-9.300482154007511,9.300482154007511,0.0031723551538220818,149630.72328529498,2605.757995655004,0.9828834851296508,10714,362,51485.82201358395,0.0017927237165199018,0.07815127394528204,100.17927237165199,9997.58189683759,90.71353089466925,0
dodo-k10000000000000000,513,10000,33.153637525120146,-33.13144061077516,33.13144061077516,0.022196914344988272,265297.1167591122,2884.248551371309,0.9892451567317806,9979,854,126523.98074741785,0.001303389886872992,0.1592788335720809,100.1303389886873,9923.213064972431,46.23435740383001,0
dodo-k10000000000000000,514,10000,9.888354567957283,-9.849230408526907,9.849230408526907,0.03912415943037573,148137.07482266094,3145.1667175311745,0.979209941064394,9788,327,49904.02862330179,-0.00243803917988032,0.12134298284751452,99.75619608201197,9995.695297887783,201.20910727615166,0
dodo-k10000000000000000,515,10000,10.65066156807919,-10.649087514817325,10.649087514817325,0.001574053261865771,147621.28494489714,1513.5585288434993,0.9898510737424684,8536,374,52773.483067185145,0.002030881756089826,0.12428211427870707,100.20308817560898,9980.538041845834,85.3506831389895,0
dodo-k10000000000000000,516,10000,15.517487994222856,-15.52791345846802,15.52791345846802,-0.010425464245164662,152769.64542092162,1238.2369471963823,0.9919599118684284,6841,501,69955.97358907803,0.000695639644210928,0.16019236296042919,100.06956396442109,10003.03441622962,36.74187400178701,0
dodo-k10000000000000000,517,10000,36.50587336543574,-36.479852657976636,36.479852657976636,0.026020707459103676,240425.3019427854,1895.1768288619546,0.9921790480174484,10169,778,112088.82212801251,0.005691619034188875,0.22708092446127467,100.56916190341889,9956.586983114494,33.76847659356618,0
dodo-k10000000000000000,518,10000,17.331619392388554,-17.33172857145037,17.33172857145037,-0.00010917906181617809,116743.89135833122,1223.4613935624727,0.9896288136927542,4237,368,60661.52670146354,0.0015927528473464747,0.10637841083901094,100.15927528473465,9991.436627554447,72.43327741346008,0
dodo-k10000000000000000,519,10000,35.10508180742569,-35.08399108365195,35.08399108365195,0.021090723773738773,313170.8908577785,939.4754173454052,0.99700909133154,11726,849,145305.33571372717,0.012760402915712206,0.12414149402092377,101.27604029157122,9863.73182736282,105.0759677992,0
dodo-k10000000000000000,520,10000,21.213948199140596,-21.18629709340661,21.18629709340661,0.027651105733987436,214300.52122737482,3364.6485007046144,0.9845420904736025,9933,517,89239.95150165765,-0.004788272956697739,0.09357760192699942,99.52117270433023,10088.415228589798,138.28744481730243,0
dodo-k10000000000000000,521,10000,2.621306046121612,-2.614266747895414,2.614266747895414,0.0070392982261981984,63094.0598172702,1051.9398321579908,0.9836008505922883,4949,143,19538.64648528983,-0.006954423287786113,0.038840875698617196,99.30455767122139,10065.972655221414,111.02052442371586,0
dodo-k10000000000000000,522,10000,6.832247672812199,-6.827706663521596,6.827706663521596,0.004541009290602638,104455.15521971308,1156.5885800470246,0.9890486745277124,6733,273,38899.392650285576,0.006562028304218756,0.07484871596869368,100.65620283042188,9934.456114295237,94.86528978636358,0
dodo-k10000000000000000,523,10000,5.030574888323159,-5.02003762775405,5.02003762775405,0.010537260569108753,104701.45780245346,2065.4231583376027,0.9806548328493729,7492,251,34062.18434275799,0.0078065890533682136,0.04203362376407071,100.78065890533682,9897.345867654107,112.16467383836296,0
dodo-k10000000000000000,524,10000,18.97025530615945,-18.97768766068654,18.97768766068654,-0.007432354527090013,112241.67939689332,2045.5199367863656,0.9821019331236375,4703,360,55613.83742815856,0.010408047504645168,0.15826596734833331,101.04080475046452,9986.381286138352,60.93384366556086,0
dodo-k10000000000000000,525,10000,9.507647254799004,-9.51753613682908,9.51753613682908,-0.009888882030075763,110386.01149719696,1780.8650366374438,0.984123075441971,5880,301,45857.19769853116,-0.001904431586847295,0.07750441238259242,99.80955684131527,10049.283365314857,103.88130537616819,0
dodo-k10000000000000000,526,10000,7.747779128534885,-7.745416852461744,7.745416852461744,0.0023622760731409898,134370.66444062034,4037.1608832512775,0.9708314116358349,10774,317,43886.54779820803,-0.00500996716683332,0.07363026598245398,99.49900328331667,10050.126784461492,104.74560557098565,0
dodo-k10000000000000000,527,10000,6.067665609974819,-6.064732633782555,6.064732633782555,0.0029329761922642916,99433.42347196313,2303.523142300946,0.9773580472093903,6598,251,34932.42819545729,0.006405024033577149,0.04611260130987191,100.64050240335771,9951.878815369328,81.35558103079696,0
dodo-k10000000000000000,528,10000,10.3981099924591,-10.389867396233896,10.389867396233896,0.008242596225203513,155027.49957798244,2542.91117096902,0.9838617468921845,9516,399,56731.653882845996,0.008745108843675665,0.07725031757719122,100.87451088436757,9921.517596050668,89.07469559322297,0
dodo-k10000000000000000,529,10000,5.528861206366097,-5.519393970793502,5.519393970793502,0.0094672355725951,76195.9958529275,579.0918494894081,0.9924572948488969,4064,206,30286.457874646065,0.009261936146361904,0.05303516776260125,100.92619361463619,9902.302706581157,100.28336618752037,0
dodo-k10000000000000000,530,10000,16.87640229507114,-16.894430482572602,16.894430482572602,-0.018028187501460735,148900.11197428041,1425.3906810740739,0.9905179716289256,5384,471,73780.01367044794,-0.0018445449178827289,0.0849850402270512,99.81554550821173,10052.279316675224,101.69769729782128,0
dodo-k10000000000000000,531,10000,20.12614160848841,-20.128846753295306,20.128846753295306,-0.002705144806895987,231575.0193302563,1727.2798100219115,0.9925963875350265,10684,589,91610.53028696278,0.0028657942444947084,0.1574296373858053,100.28657942444947,9974.2673862241,110.13111417837389,0
dodo-k10000000000000000,532,10000,11.11655949308891,-11.107152297297773,11.107152297297773,0.009407195791137468,168207.50445509676,2954.219754207608,0.982740184653696,9462,441,64614.12145535807,-0.007372684070919746,0.06340412152253463,99.26273159290803,10112.8090102528,124.74795167451322,0
dodo-k10000000000000000,533,10000,8.012589263217851,-8.016688574962231,8.016688574962231,-0.004099311744379719,109184.98390472078,1575.0664218214438,0.9857794717754476,6787,288,41044.94871122505,0.004004183066368512,0.12792202533698102,100.40041830663685,9949.814019915591,142.7729189741036,0
dodo-k10000000000000000,534,10000,23.97511304758887,-23.91212094477084,23.91212094477084,0.06299210281802914,135066.22663046606,1764.5954425080665,0.9871038161155901,6800,476,61521.68554026503,0.0050588286378607,0.2895039565496074,100.50588286378607,9998.392611786618,33.98897758375087,0
dodo-k10000000000000000,535,10000,9.115685484175115,-9.113373504267578,9.113373504267578,0.002311979907537065,88968.91505489792,1040.872805867769,0.9884360042323633,5180,326,36905.47690109655,0.005015421155040513,0.16731524167131526,100.50154211550405,9945.737633341249,17.266303552170353,0
dodo-k10000000000000000,536,10000,10.114846252389071,-10.118138067653717,10.118138067653717,-0.0032918152646459475,134542.56385515223,1189.0135274370507,0.9912399638288624,9453,339,48088.61756666679,0.002609371804673515,0.14001786589880852,100.26093718046735,9986.003918096962,85.9329445092417,0
dodo-k10000000000000000,537,10000,8.85346902663343,-8.851753518425,8.851753518425,0.0017155082084308049,127203.92472070434,1583.6401431354582,0.9877034700919319,7618,341,48430.50949057081,-0.0003383827327492384,0.05666112969910941,99.96616172672508,9995.842818669382,86.57890930611123,0
dodo-k10000000000000000,538,10000,12.848746944385645,-12.85059759767745,12.85059759767745,-0.0018506532918038943,101825.81173009171,787.9153076317738,0.992321540885635,3993,299,49272.46036128404,0.011153827855304286,0.11189327522067359,101.11538278553043,9976.283407289531,64.3198757310599,0
dodo-k10000000000000000,539,10000,10.157405939506457,-10.161957219956719,10.161957219956719,-0.00455128045026143,110918.1368120947,1573.2044824900925,0.9860148837734072,4984,338,50993.23377920143,-0.003696997440592895,0.06327689998872515,99.63030025594071,10046.217421916377,106.7799829552167,0
dodo-k10000000000000000,540,10000,26.2786083528783,-26.28314697346191,26.28314697346191,-0.004538620583609543,235484.34079908082,1869.6619343924658,0.9921228969688287,9790,667,106065.1808840175,-0.00668788061521056,0.18164878338109644,99.33121193847894,10074.191628222314,90.5869240700577,0
dodo-k10000000000000000,541,10000,13.680408933948948,-13.679891761490467,13.679891761490467,0.0005171724584815962,103168.17095448935,827.1705888257409,0.9920460803671555,4029,358,52990.69559417389,-0.00043788307261209523,0.13035326561782357,99.95621169273879,9987.56930569555,42.0996734967568,0
dodo-k10000000000000000,542,10000,12.23609696727592,-12.230957356711642,12.230957356711642,0.00513961056427803,172298.04985974604,2205.0056306124966,0.9873640858355381,10330,428,64163.694645188356,-0.0017717952042777085,0.08606761053331581,99.82282047957223,10003.331321944566,99.12963906929552,0
dodo-k10000000000000000,543,10000,6.779686767232763,-6.777621438845031,6.777621438845031,0.0020653283877321016,81823.90289439082,1114.7145982799202,0.9865597639317001,4674,222,32831.31573705258,0.003800767874451765,0.08326947970997736,100.38007678744518,9964.50644400696,82.93519514019627,0
dodo-k10000000000000000,544,10000,23.263245633867502,-23.309947557891633,23.309947557891633,-0.04670192402413065,192394.70294700135,2641.9990687663735,0.9864538364243219,7719,560,91789.58407173645,-0.004624846783372334,0.13834320318230056,99.53751532166277,10029.135173474406,83.85583403727492,0
dodo-k10000000000000000,545,10000,22.644525657403968,-22.644238386875173,22.644238386875173,0.00028727052879418125,252366.81573531462,1186.2398933494792,0.9953215318568799,11734,701,108883.37001927992,-0.004539315840166864,0.08422808130099653,99.54606841598331,10044.352582748621,93.23300619833327,0
dodo-k10000000000000000,546,10000,13.84134179818604,-13.856552350288197,13.856552350288197,-0.015210552102157493,222671.25050240735,2049.0891725485594,0.9908816034386899,11647,508,81417.43956542906,-0.004150372974802252,0.057280996219061395,99.58496270251977,10190.75658687339,305.13540527244663,0
dodo-k10000000000000000,547,10000,8.294096099181123,-8.293221148799233,8.293221148799233,0.0008749503818901161,127614.46803822467,2244.2798377297613,0.9827175305904414,7882,341,46972.10316878214,0.00024040999887674273,0.10278817402183549,100.02404099988767,9986.255589664803,98.21059136074548,0
dodo-k10000000000000000,548,10000,7.7087989758061095,-7.706060386885568,7.706060386885568,0.0027385889205415737,108978.95759077782,1487.7217620915374,0.986532393561508,4970,292,45688.632394322645,-0.0026025885635590383,0.04771601163891901,99.7397411436441,10010.634279897367,159.14265862726558,0
dodo-k10000000000000000,549,10000,5.121429575742972,-5.0940735800214725,5.0940735800214725,0.027355995721499937,70233.18347162692,1776.025861657085,0.9753361288354521,5498,178,24499.145482279,-0.015974444274965124,0.1199341412029716,98.40255557250349,10166.091003693828,101.7972663837582,0
dodo-k10000000000000000,550,10000,10.177012681506946,-10.176039828661203,10.176039828661203,0.0009728528457433328,130529.92016527204,1562.3203238786318,0.9881725049246406,5520,334,55623.2362551143,0.0032793390867696813,0.05326927099995998,100.32793390867697,9952.11606872699,130.97145669698696,0
dodo-k10000000000000000,551,10000,19.027397560029442,-19.05279246584233,19.05279246584233,-0.02539490581288817,160297.08665973207,1370.8663016078592,0.9915204820961908,6959,478,72243.2141995839,0.002566534700348058,0.2034504497825496,100.2566534700348,9987.858798610974,68.6646416531645,0
dodo-k10000000000000000,552,10000,7.019627716499299,-7.02056829479578,7.02056829479578,-0.0009405782964808651,86325.65667503771,1343.2285559581728,0.9846783890040469,5048,277,36950.96008833459,0.013308158766389511,0.06978824972085278,101.33081587663895,9930.910644646938,55.18647110103805,0
dodo-k10000000000000000,553,10000,11.535863776618417,-11.538088707249756,11.538088707249756,-0.002224930631339106,178121.41067004166,3487.593947361769,0.9807961397359723,9375,472,69361.12335913363,-0.003391277317314234,0.047432357628482434,99.66087226826858,10032.910653945584,101.98080623911477,0
dodo-k10000000000000000,554,10000,18.375956848899364,-18.376961724909293,18.376961724909293,-0.0010048760099294896,156312.08234311448,2189.4988903259846,0.9861862646840015,6561,498,74181.48361426604,0.0012938833670267512,0.14447765367577317,100.12938833670268,9983.420172315298,39.7306217339827,0
dodo-k10000000000000000,555,10000,15.217910850374263,-15.150686227985986,15.150686227985986,0.06722462238827731,119869.13596446153,2016.43861114276,0.9834562981044818,6461,333,49869.03739810401,-0.0006166964902435268,0.23061566591707147,99.93833035097565,9958.363285387724,99.0478883338801,0
dodo-k10000000000000000,556,10000,6.574028117812541,-6.572531433142686,6.572531433142686,0.0014966846698554193,144399.23770674615,2433.265952368713,0.983428288071572,9732,308,46385.27418071485,-0.0002557750439626716,0.033511458605155725,99.97442249560373,10002.048390667005,202.7625046711033,0
dodo-k10000000000000000,557,10000,12.568331544836767,-12.571558764750776,12.571558764750776,-0.003227219914009538,187009.33285761086,2902.1045059793623,0.9847186428249541,11548,495,69028.54453001269,0.00010957921832101647,0.07437225752512532,100.0109579218321,10014.087592759304,106.7344285451224,0
dodo-k10000000000000000,558,10000,10.788206739631153,-10.779868073168998,10.779868073168998,0.008338666462154976,145170.21716082073,1443.5428695754852,0.9901541105740947,8560,351,54214.208865215114,-0.0055163457405581085,0.08412457345807113,99.44836542594419,10053.766327533503,116.09850474915106,0
dodo-k10000000000000000,559,10000,37.65891186312166,-37.65370112523979,37.65370112523979,0.005210737881867544,274832.11842445005,2035.7465833490062,0.9926472269243248,10991,879,132689.65415251313,0.01752554032658395,0.12660276147935748,101.7525540326584,9890.184045140179,69.45967769035484,0
dodo-k10000000000000000,560,10000,10.92933772251034,-10.811306400491702,10.811306400491702,0.11803132201863775,113837.44488255928,1597.711598580135,0.986159228719535,5150,324,48743.761083043646,-0.03558139638493344,0.10400604178773748,96.44186036150666,10309.922222899619,85.91916807170469,0
dodo-k10000000000000000,561,10000,7.854074741231619,-7.843564039484136,7.843564039484136,0.010510701747483253,107983.76307754265,1300.1113366951813,0.988103356111194,7111,267,37849.18302185119,-0.010372146354834655,0.09910343091189361,98.96278536451653,10060.979368010943,72.1248658647297,0
dodo-k10000000000000000,562,10000,10.77514503481677,-10.77131280491244,10.77131280491244,0.0038322299043294095,147546.35433293763,30.29619517796971,0.9997947087491852,7815,400,59804.857457730905,0.006001071177852851,0.05828467812478451,100.60010711778529,9940.662084484804,99.63677897888302,0
dodo-k10000000000000000,563,10000,15.457316371984398,-15.453640488345926,15.453640488345926,0.003675883638472044,180235.36069997266,440.54767451368747,0.9975616689658449,7850,529,79676.12231702512,-0.0058702800328575225,0.09616478631518888,99.41297199671425,10054.930682647091,95.99120198730567,0
dodo-k10000000000000000,564,10000,31.908671266403985,-31.908429816596225,31.908429816596225,0.0002414498077598637,243452.63642742924,424.4711829215787,0.9982594873824739,10585,670,108396.260704044,0.002995156487117754,0.19720660311201585,100.29951564871178,9971.18851720001,98.954955671467,0
dodo-k10000000000000000,565,10000,23.193195643387313,-23.200649559320183,23.200649559320183,-0.007453915932870814,196161.64631443223,2110.009111260075,0.9893579891350085,7406,541,92138.91221968732,-0.000725584181226111,0.1559749045344367,99.92744158187739,10022.8065991547,218.39122965706557,0
dodo-k10000000000000000,566,10000,12.71486955837595,-12.711247318826949,12.711247318826949,0.003622239549001094,143674.81367910744,1599.8113527384742,0.9889876752227874,6783,428,63221.555836799824,0.0069789241242632725,0.10865108718474176,100.69789241242633,9919.12485958103,109.61850464730547,0
dodo-k10000000000000000,567,10000,23.472339677052485,-23.48840429885618,23.48840429885618,-0.01606462180369661,218091.0326046174,1996.1570967293299,0.9909301531841174,10397,656,94704.09213784244,-0.0002823372152691661,0.10795144070121865,99.97176627847308,10009.001644809925,51.24606829775438,0
dodo-k10000000000000000,568,10000,6.7156140462800265,-6.711459738536931,6.711459738536931,0.004154307743095664,122486.80874906002,1753.1749527743673,0.9858888024568496,9676,282,39665.44305182523,0.0005469023721353494,0.05995126576025114,100.05469023721353,9980.979879466217,112.53721362883763,0
dodo-k10000000000000000,569,10000,30.353805372329088,-30.355475798395915,30.355475798395915,-0.001670426066826991,254598.65882465173,418.4306826975968,0.998359205324216,9181,750,126032.96303729263,-0.00010193468976439135,0.10614808658960811,99.98980653102356,10002.24819112976,102.45326020043706,0
dodo-k10000000000000000,570,10000,32.62122516902384,-32.57854274262108,32.57854274262108,0.04268242640275588,245330.9443686808,2009.6483351154288,0.9918749756635293,9368,810,118374.16904804873,-0.01748596298984708,0.19929802643765357,98.25140370101529,10036.91362760577,45.819512705477635,0
dodo-k10000000000000000,571,10000,37.13786762014709,-37.116019900097555,37.116019900097555,0.021847720049535724,286559.9011092354,2120.145254432052,0.9926557263616302,11592,890,138023.33368448712,-0.017862714688843512,0.13859484629481827,98.21372853111565,10085.358882200973,67.94677806911939,0
dodo-k10000000000000000,572,10000,6.682928861251875,-6.678489067174539,6.678489067174539,0.004439794077335968,87815.07143345829,1441.6692464265882,0.9838480630656561,5144,244,34115.510849962855,-0.0068232110254692205,0.06163919584825876,99.31767889745308,10041.370639899247,61.81167045016577,0
dodo-k10000000000000000,573,10000,17.2955226022831,-17.323591741000364,17.323591741000364,-0.028069138717263797,188499.2225323227,2116.7186456910745,0.9888953744759768,11118,560,74816.4285250833,0.0075800988070885466,0.13938851041280073,100.75800988070885,10028.00479564939,51.63776651458527,0
dodo-k10000000000000000,574,10000,14.919904568281181,-14.924745362569155,14.924745362569155,-0.004840794287973793,171638.68426962142,1898.3870277324222,0.9890606254125405,6953,421,72900.27812980149,0.0009435014425753251,0.10657215259191602,100.09435014425753,10019.106055220696,167.5473347110451,0
dodo-k10000000000000000,575,10000,21.419377092550118,-21.41417911078547,21.41417911078547,0.005197981764649029,247681.31724979408,2381.210508326055,0.9904775396390884,11537,703,105851.89601132397,0.0006856190317357403,0.08768561210768354,100.06856190317357,9991.547718357162,88.1459098851723,0
dodo-k10000000000000000,576,10000,22.966040457819425,-22.956343209694936,22.956343209694936,0.009697248124489022,217416.38169820304,3490.8587425395826,0.9841976264083748,11093,571,89523.20836502941,-0.006601787349429031,0.17266976227842648,99.3398212650571,10036.64854007579,83.24196392931401,0
dodo-k10000000000000000,577,10000,6.066814764882222,-6.066929874381373,6.066929874381373,-0.0001151094991502788,69180.08893238664,715.1347083761029,0.9897684752816351,4066,231,29922.207892641996,-0.004773906654275919,0.10327032027829589,99.52260933457241,10067.231838799615,44.438527779382895,0
dodo-k10000000000000000,578,10000,18.065370983502373,-18.07888311413815,18.07888311413815,-0.013512130635778163,205872.06653093788,3359.6020722715757,0.983943147350974,11505,503,80896.71167095834,-0.0008251257064918605,0.1034077458397951,99.91748742935081,10046.312012327986,183.1108844988538,0
dodo-k10000000000000000,579,10000,5.646401198643512,-5.645484490537072,5.645484490537072,0.0009167081064402893,88886.53659281255,1520.0830026046997,0.9831861537417581,5122,229,32788.64281266897,0.0062814052752094085,0.0690336433540017,100.62814052752094,9952.546391889318,143.8945402773289,0
dodo-k10000000000000000,580,10000,11.889705883747183,-11.870607179707761,11.870607179707761,0.019098704039421932,164479.57475363917,2555.606799632898,0.9847001884521086,9155,427,64129.85993285013,-0.008635979231760729,0.06071350006394297,99.13640207682393,10117.644500459786,157.51798221163267,0
dodo-k10000000000000000,581,10000,6.65348344284456,-6.655088370920474,6.655088370920474,-0.0016049280759142803,97210.21328809984,2345.344905647306,0.9764418486702372,7762,287,33221.9333583145,0.006791065916679884,0.13829814363234333,100.67910659166799,9974.66798292385,27.90702266373063,0
dodo-k10000000000000000,582,10000,10.86623730046358,-10.866557090748898,10.866557090748898,-0.00031979028531914366,130836.06859214994,2230.29364699107,0.9832392378549968,7119,376,52876.376911041305,0.0030381100546070174,0.09004191634756012,100.3038110054607,9993.911009410594,66.33948181015751,0
dodo-k10000000000000000,583,10000,5.146094765385884,-5.1437373271076865,5.1437373271076865,0.0023574382781976766,78469.95593360676,1077.035349362073,0.9864603886081525,5334,206,27892.264868009093,-0.0028039435853203544,0.05456953281963678,99.71960564146796,10009.785054144022,62.790361907341946,0
dodo-k10000000000000000,584,10000,15.130082018647121,-15.129730633799227,15.129730633799227,0.00035138484789420943,216004.4897261457,250.1205781527765,0.9988433977069862,11778,556,82831.84500986246,-0.00007509302513511784,0.06787266001750822,99.99249069748649,10001.626953580677,102.45791525013938,0
dodo-k10000000000000000,585,10000,3.469594925214646,-3.475533253954538,3.475533253954538,-0.005938328739891752,66037.0777772392,872.197186279208,0.9869644800850889,5165,169,21129.40516323894,0.0006992098149794402,0.06604428553208663,100.06992098149794,10017.14462867626,62.998818361584135,0
dodo-k10000000000000000,586,10000,16.927001218307414,-16.89058307598424,16.89058307598424,0.03641814232317486,164454.02294255618,1383.0953750307033,0.9916599167359987,6421,455,76850.58846124337,-0.008783279095643763,0.0765208748489006,99.12167209043562,10038.696203324635,135.47173399506005,0
dodo-k10000000000000000,587,10000,10.892802908449285,-10.893817752960402,10.893817752960402,-0.0010148445111166637,113826.97430703342,1386.7851921038875,0.987963371752362,5403,336,51515.65427369009,-0.005683701050810015,0.09102809871682027,99.431629894919,10075.441381479339,79.6243781498357,0
dodo-k10000000000000000,588,10000,8.820415582478278,-8.81920502228786,8.81920502228786,0.0012105601904170982,120597.30886210462,1845.1737422155156,0.9849302815250953,6488,337,50637.08424423132,-0.0019281240605165805,0.07801423063055524,99.80718759394834,10058.07215077529,142.9535982638559,0
dodo-k10000000000000000,589,10000,7.875051524464718,-7.872182818729442,7.872182818729442,0.002868705735275867,155517.3192587924,2427.2047253390906,0.9846325490487854,11150,363,50431.369593106494,-0.00010990875279617284,0.045649841704947534,99.98900912472038,10006.862229731494,104.12931698699431,0
dodo-k10000000000000000,590,10000,16.294918250790072,-16.28692480222908,16.28692480222908,0.007993448560991823,203038.63163679882,1430.5076424814627,0.9930037968197852,10243,552,83875.42627179956,-0.008462432871194778,0.11304871511966269,99.15375671288052,10088.536249451136,102.17605587213778,0
dodo-k10000000000000000,591,10000,16.18141212422552,-15.754637238770826,15.754637238770826,0.42677488545469444,178175.3878624129,1640.710729916574,0.9908756182412993,8028,474,74562.97404932612,0.03561557583007442,0.09709092206644257,103.56155758300744,9383.39873112287,170.94502230468575,0
dodo-k10000000000000000,592,10000,24.716009495393056,-24.719803678234598,24.719803678234598,-0.003794182841541982,218903.18191914362,1839.7337599542682,0.9916657177681355,9121,588,95049.51053669976,0.0019290234954061703,0.1508853645808877,100.19290234954062,9986.616397260503,86.88299440932985,0
dodo-k10000000000000000,593,10000,7.218000159098491,-7.228386459121467,7.228386459121467,-0.010386300022975803,86517.12053570556,1533.9933019096934,0.9825783770919844,5057,242,35366.47702861115,0.005100224598517684,0.0963833924012529,100.51002245985177,9968.15803461522,127.52394978198895,0
dodo-k10000000000000000,594,10000,8.460420272221391,-8.45727315851547,8.45727315851547,0.003147113705921356,134234.12250650165,3008.629848020025,0.9780780420357046,8826,363,46635.55473218305,-0.0012476391269369458,0.09059541160109973,99.8752360873063,9982.266392000938,40.779985185185986,0
dodo-k10000000000000000,595,10000,7.927116521917412,-7.926231139811961,7.926231139811961,0.0008853821054515265,132706.95369959334,3388.6331058559285,0.9751010801643404,9632,307,42198.039213793396,-0.0005388657460080992,0.12632855655590447,99.94611342539919,10027.92991781877,104.341102744763,0
dodo-k10000000000000000,596,10000,13.792397435160328,-13.794596487748706,13.794596487748706,-0.0021990525883772705,133604.3599432065,1445.4757236328096,0.9892967235650791,5455,413,65437.39905130992,0.001581758706964962,0.08062664490356199,100.1581758706965,10012.405607690092,87.41606387806199,0
dodo-k10000000000000000,597,10000,14.329800194483155,-14.314228960193844,14.314228960193844,0.015571234289311064,195174.6871768731,2267.1585598752195,0.9885173350592658,10660,490,74312.71652743284,-0.007110504999294847,0.09727428938981773,99.28894950007052,10050.745057087599,95.73666565786881,0
dodo-k10000000000000000,598,10000,30.487259808966773,-30.49450767026643,30.49450767026643,-0.0072478612996569325,288653.3009156134,2620.6462015372244,0.991002812893241,11072,811,132131.20120722213,0.001204003690285873,0.12256811258267973,100.12040036902859,9995.675529558528,92.16854290901698,0
dodo-k10000000000000000,599,10000,49.192402761700755,-49.232701829088555,49.232701829088555,-0.040299067387799425,307057.53160528035,2371.9730711328875,0.9923343668419293,11341,930,155080.89352792304,-0.006723903071461876,0.2685973235852127,99.32760969285381,10064.470876248302,85.52272691216025,0
dodo-k10000000000000000,600,10000,10.589178583140635,-10.599628700376911,10.599628700376911,-0.010450117236276313,95292.76007341285,1539.5660035206754,0.9841007020496699,4410,285,40726.618212586574,-0.001159321923372403,0.15683687771536356,99.88406780766276,10001.21549739171,53.75655396086622,0
dodo-k10000000000000000,601,10000,10.60992448388088,-10.597523204541815,10.597523204541815,0.01240127933906443,105532.27506399788,1213.949320851357,0.9886277071826471,4177,312,50551.89617420468,0.00842904716730004,0.08263982635818735,100.84290471673,9908.44166419401,110.0934412303796,0
dodo-k10000000000000000,602,10000,12.210438256231651,-12.207750697288617,12.207750697288617,0.002687558943033963,140420.88283789964,1417.3702635254385,0.9900071367735197,5519,363,61419.83607897592,0.005727919841944953,0.060619089053554516,100.5727919841945,9929.20737023558,126.13494630676568,0
dodo-k10000000000000000,603,10000,11.737921809045915,-11.7102616326667,11.7102616326667,0.027660176379214363,156099.29476710013,2252.6533215972345,0.9857743883243201,8939,395,58839.88937736234,0.015994622085367213,0.0722309262057631,101.59946220853672,9839.717083537807,99.4759488368599,0
dodo-k10000000000000000,604,10000,50.771164295319764,-50.62585263537024,50.62585263537024,0.14531165994952744,272808.4002864286,2605.4477666761886,0.9905398810368685,11743,872,130305.87243105334,0.011204571601489733,0.5122256168660436,101.12045716014897,9929.888288399117,40.19395435154546,0
dodo-k10000000000000000,605,10000,4.780896780432477,-4.780837512308906,4.780837512308906,0.00005926812357071043,77233.71218035447,412.55028009974023,0.9946867979600454,4843,209,28926.144134591843,0.0006197557745402094,0.0514797325031364,100.06197557745402,9994.809956189853,102.41020392610012,0
dodo-k10000000000000000,606,10000,3.875665140767867,-3.8662446956792422,3.8662446956792422,0.009420445088624607,66760.25672695333,948.1678170359253,0.9859963095667673,4131,165,24668.40820690177,-0.005413962186642891,0.0494648293779089,99.45860378133571,10006.849717041501,127.25552115746517,0
dodo-k10000000000000000,607,10000,18.315687906569647,-18.314447478240297,18.314447478240297,0.0012404283293498963,176616.58845959723,1870.03031819759,0.9895228542565105,7447,524,80215.66150062738,0.00016758581123013983,0.11042892656763158,100.01675858112301,9984.056109771762,122.22203561688673,0
dodo-k10000000000000000,608,10000,11.215551366875921,-11.216157274171039,11.216157274171039,-0.0006059072951174471,175906.63297825714,1820.7310660960634,0.9897554826411442,11238,454,65388.12643726363,-0.003773627269115991,0.08029800828807537,99.6226372730884,10045.43584275895,105.19220550071998,0
dodo-k10000000000000000,609,10000,7.667901866292713,-7.667062462910451,7.667062462910451,0.0008394033822618496,132580.43803900274,2756.6734774770907,0.9796310601978422,10271,291,42162.0746609118,-0.0020286936071461526,0.08276958307151375,99.79713063928538,10065.02792856714,100.24624707468026,0
dodo-k10000000000000000,610,10000,10.760622989376188,-10.777043928351645,10.777043928351645,-0.01642093897545749,166232.34437741202,2174.987165716726,0.9870849615287697,11619,419,57995.97040840616,-0.005501047792785556,0.10391182840647246,99.44989522072144,9984.158002234115,122.47292879266541,0
dodo-k10000000000000000,611,10000,31.67818651894826,-31.667272886990403,31.667272886990403,0.01091363195785533,276775.23482207645,2409.0529431575233,0.9913711012806592,11672,816,124722.14358579104,-0.006551948996627175,0.22732792163605653,99.34480510033728,9986.511360008411,47.75684995178802,0
dodo-k10000000000000000,612,10000,11.89315984735698,-11.893250430472676,11.893250430472676,-0.00009058311569631883,180292.14554926354,1899.9721111048655,0.9895716009259704,11221,518,67849.11652781752,0.009327425947751777,0.07019620360409974,100.93274259477518,9946.939838249791,54.572305331533386,0
dodo-k10000000000000000,613,10000,14.195059552507523,-14.185553782072546,14.185553782072546,0.009505770434977023,174620.33372072762,3441.09379863975,0.9806746815041373,8563,463,66650.59346604598,0.0038152359995370943,0.09325580389067596,100.38152359995371,9960.414757655883,65.467761243177,0
dodo-k10000000000000000,614,10000,17.773751123247838,-17.757648661776315,17.757648661776315,0.01610246147152239,223066.81065720812,2184.067945908693,0.9903038427221545,9929,585,93452.2203965439,0.005054017533205695,0.0620043276301169,100.50540175332057,9929.364742505148,118.1689678595904,0
dodo-k10000000000000000,615,10000,3.7982526304621977,-3.793115829787183,3.793115829787183,0.005136800675014541,61615.60710110535,1325.7251245827108,0.9789371295823692,4817,186,22675.642726114595,-0.00498200913055129,0.054576835482646115,99.50179908694487,10006.025142509929,51.05806734201403,0
dodo-k10000000000000000,616,10000,3.8930262434761933,-3.885282159939422,3.885282159939422,0.007744083536771473,55731.25815280298,542.737146004519,0.9903554538268937,4300,146,20506.078350262476,-0.008648525808338121,0.0708401106058696,99.13514741916619,10097.54705167767,107.76120335627509,0
dodo-k10000000000000000,617,10000,23.19613447458869,-23.276579499951552,23.276579499951552,-0.08044502536286302,230271.61633612396,2709.7711986775603,0.9883691515989756,9933,621,102041.90217831751,-0.00020054369805777128,0.09053210486393837,99.97994563019422,10019.497527634483,104.6636433113879,0
dodo-k10000000000000000,618,10000,36.567684957980845,-36.55649445088068,36.55649445088068,0.011190507100167224,300637.620249969,2750.0443792545607,0.9909355432014171,11221,879,141559.52080594344,0.0034117491373798713,0.19165281020723995,100.34117491373799,9962.375221746826,81.63107379049231,0
dodo-k10000000000000000,619,10000,12.187982232247922,-12.190225451343764,12.190225451343764,-0.0022432190958419085,168236.5963222068,2011.313279795386,0.9881859737103538,11186,433,61923.56690284349,0.002459315354300884,0.10431572543051403,100.24593153543009,9978.135769564473,96.09177552407807,0
dodo-k10000000000000000,620,10000,30.86365780815578,-30.925150349704182,30.925150349704182,-0.06149254154840378,210901.4899025167,2003.060213293731,0.990591745398564,7910,643,103124.40387791615,0.009223970878568083,0.25441519618558545,100.92239708785681,10009.039044022713,77.39078559825987,0
dodo-k10000000000000000,621,10000,10.53975886373405,-10.527703880265975,10.527703880265975,0.012054983468075875,108001.8751825565,1236.3203004140378,0.9886823441659033,4094,300,50722.90980346401,-0.007874174527816677,0.06022847584731295,99.21258254721833,10089.472314947414,122.78787575107806,0
dodo-k10000000000000000,622,10000,2.377453272745641,-2.377638023057969,2.377638023057969,-0.00018475031232778605,56310.21557119838,1830.0402269446488,0.9685236983941323,4738,130,16514.97724319775,0.0037160117087336173,0.03562885437442631,100.37160117087336,9978.84773875874,92.90810835553661,0
dodo-k10000000000000000,623,10000,10.723346681779116,-10.716008952774189,10.716008952774189,0.00733772900492724,134771.38719342588,2297.7492933575063,0.9832365669453308,8335,395,53568.40147374672,-0.003452471046260683,0.0968333206154685,99.65475289537393,10013.123633545621,86.01573014315113,0
dodo-k10000000000000000,624,10000,33.2737993946171,-33.099843968690074,33.099843968690074,0.1739554259270264,171313.91801733838,1672.688898566385,0.990330529464749,8760,554,76010.74321878303,-0.008324778687154435,0.8694991993371025,99.16752213128456,10052.76728998618,33.270632516992315,0
dodo-k10000000000000000,625,10000,14.338575488615422,-14.328151539174385,14.328151539174385,0.010423949441037195,149388.55986832257,1290.4598203340947,0.9914357033713085,6218,452,69521.39420170677,0.006153282263074402,0.10363310632767948,100.61532822630744,9928.374073909972,104.8000712852069,0
dodo-k10000000000000000,626,10000,3.3609255381599006,-3.3518988589260346,3.3518988589260346,0.00902667923386602,67533.55477656277,510.31481270216176,0.9925002088243572,4788,179,22954.695483129963,0.01050339411770338,0.030732832190787606,101.05033941177034,9903.768501925164,90.71281131164903,0
dodo-k10000000000000000,627,10000,3.688176328667827,-3.6894330015851295,3.6894330015851295,-0.0012566729173024704,56921.73965172771,829.2541299533486,0.9856408682231821,4287,152,20116.985741194185,0.002937867445573232,0.05597168044889358,100.29378674455732,9983.278036734062,69.20764041483396,0
dodo-k10000000000000000,628,10000,29.9584053403046,-29.954242101942,29.954242101942,0.004163238362600907,239381.20628396387,3410.017981162323,0.9859549372450191,8914,665,113037.73368702039,0.000495559183501939,0.11918533002026464,100.0495559183502,10020.224030437363,119.61462933631582,0
dodo-k10000000000000000,629,10000,3.303354786894076,-3.3046316043531476,3.3046316043531476,-0.0012768174590718218,57111.14040617574,871.5174475214646,0.9849693429073139,4100,154,21916.255118800065,-0.00024619874162354447,0.03683582516289491,99.97538012583765,10002.649905769838,144.8054846259827,0
dodo-k10000000000000000,630,10000,9.478804785730953,-9.475997311435819,9.475997311435819,0.0028074742951336162,95702.41383533657,1595.9968252477388,0.983596886995254,4100,255,42249.944876377886,-0.0010681544675084354,0.06926827770477104,99.89318455324916,10011.802964269576,135.3348578819516,0
dodo-k10000000000000000,631,10000,16.950373860674453,-16.978157113248002,16.978157113248002,-0.027783252573549078,198319.09494324593,1758.1010217518924,0.9912128865397561,7959,505,88697.42095700161,-0.004249255785524042,0.04886375785654565,99.5750744214476,10105.826156319123,177.22367047747647,0
dodo-k10000000000000000,632,10000,25.922082787653014,-25.917950275097922,25.917950275097922,0.0041325125550919495,271558.4470639285,3038.3776281550095,0.9889351319646101,10656,765,124130.26701858627,0.004319790285127994,0.08168311174550368,100.4319790285128,9971.610407515662,87.79391393212764,0
dodo-k10000000000000000,633,10000,26.35074134048284,-26.347496922655097,26.347496922655097,0.003244417827744428,223846.80416162263,702.6508256978428,0.9968708415447389,8715,640,105016.10116065765,0.0013259941452496093,0.15883906755531413,100.13259941452496,9984.889467162804,97.13453000383612,0
dodo-k10000000000000000,634,10000,13.763090387553675,-13.759185914226919,13.759185914226919,0.0039044733267559195,123373.29989904471,851.5330744429526,0.9931452266502568,4521,385,62378.120644316026,0.005318961124303883,0.09168196488182928,100.53189611243039,9929.574013454576,119.34191686874206,0
dodo-k10000000000000000,635,10000,32.709403412969465,-32.726960568728465,32.726960568728465,-0.01755715575900041,208940.78647937244,1886.4063615228827,0.9910523574492286,8009,757,106461.87017052472,0.012338524625408099,0.19107157313775616,101.23385246254081,10006.751608816547,41.45820561370026,0
dodo-k10000000000000000,636,10000,7.896501354942286,-7.888742119049752,7.888742119049752,0.007759235892534022,128527.37243878623,1856.6750764208339,0.9857599521428855,9448,322,42330.087588504,-0.0074718126949851185,0.08824122362228337,99.25281873050149,10023.610823137706,72.4763268572966,0
dodo-k10000000000000000,637,10000,10.299677814532458,-10.298187758587588,10.298187758587588,0.0014900559448705053,120930.31068791835,2491.929373583085,0.9798097217135149,7441,310,46237.21854032106,-0.005996475091917546,0.14916415736402272,99.40035249080825,10067.108364586598,129.0679058391502,0
dodo-k10000000000000000,638,10000,6.003293707337553,-6.002786723446135,6.002786723446135,0.0005069838914177893,98909.74040080747,495.6619118441389,0.9950137326512177,7587,223,32175.96227968683,-0.0010354185859085875,0.057654435758630454,99.89645814140914,10009.761042366299,99.23445976650498,0
dodo-k10000000000000000,639,10000,12.017439593584342,-12.017105655423322,12.017105655423322,0.0003339381610203418,145480.43500828903,1679.8715881800754,0.9885847506910509,6062,403,64476.12359119886,-0.0013541229518278896,0.0741029037543666,99.86458770481721,10037.990341158511,150.36570794272964,0
dodo-k10000000000000000,640,10000,5.460453573061928,-5.452856226284723,5.452856226284723,0.007597346777204805,94377.19958327957,40.280246330071,0.9995733814712829,6459,242,33321.97928756643,-0.008483706233407702,0.04044881325652483,99.15162937665923,10085.877494184628,100.16493752469623,0
dodo-k10000000000000000,641,10000,14.865780177153265,-14.85825390409667,14.85825390409667,0.00752627305659459,117404.6438337135,953.4665364316585,0.9919442230578889,4599,396,58868.54877209859,0.0030825289541586186,0.16694488727518433,100.30825289541586,9975.497129300933,59.86077133900214,0
dodo-k10000000000000000,642,10000,13.5299974495589,-13.53303672553946,13.53303672553946,-0.0030392759805604186,188079.74082646184,2086.8503960645025,0.9890261986469404,9981,506,73488.75760779194,-0.0014714708741544768,0.08042136306285272,99.85285291258455,10016.491503174231,87.8002578843329,0
dodo-k10000000000000000,643,10000,11.41925139074616,-11.418798170772149,11.418798170772149,0.00045321997401082115,184070.05745501432,3440.306617562295,0.9816527121869877,11292,421,65909.04463732874,-0.002316376148270507,0.06204473005740752,99.76836238517295,10010.048642364585,176.0255444871919,0
dodo-k10000000000000000,644,10000,6.880598325437961,-6.877549263063614,6.877549263063614,0.003049062374347322,106903.28644886975,1503.7882846868447,0.9861283196840902,7648,280,36666.66499474572,0.004102676104331095,0.08116309661729332,100.41026761043311,9965.309982074405,43.50502343556149,0
dodo-k10000000000000000,645,10000,13.143461143632209,-13.143956260835196,13.143956260835196,-0.0004951172029876716,144278.47818090176,1228.8057276771483,0.9915550225757137,6626,405,64150.14271386977,-0.0041616555117350625,0.07158381307676094,99.5838344488265,10046.901606471796,112.08563231943062,0
dodo-k10000000000000000,646,10000,8.443332959108611,-8.443730963249479,8.443730963249479,-0.00039800414086776925,111906.38962972043,1698.7307218459764,0.9850470584724612,5547,332,47199.0913918515,-0.003547869211804198,0.06240626098923968,99.64521307881958,10037.684234045064,99.87357187932876,0
dodo-k10000000000000000,647,10000,21.718663652165958,-21.707666096014876,21.707666096014876,0.010997556151082222,213988.2960158606,2201.332894293813,0.9898175832698771,9017,582,95412.42541513593,0.0002282350766279251,0.14729207388076318,100.02282350766279,9958.072672370614,207.24050857232703,0
dodo-k10000000000000000,648,10000,11.736135801280193,-11.742331653070138,11.742331653070138,-0.006195851789945195,180518.82869960778,2144.8309127241073,0.9882580316343377,11039,456,67045.07006239978,0.0010855688664528885,0.08120229371289199,100.10855688664529,9995.898668701373,116.09301442264407,0
dodo-k10000000000000000,649,10000,15.275511981785172,-15.25734483913061,15.25734483913061,0.018167142654561985,141840.62516966966,1288.3270628348014,0.9909988367640532,5503,395,66535.33313769432,-0.004791353756816505,0.09599263642223747,99.52086462431835,10058.15502407615,131.9835907771027,0
dodo-k10000000000000000,650,10000,8.813231207638523,-8.791146037406236,8.791146037406236,0.02208517023228751,119982.8405177244,1824.4485472391916,0.9850218442488596,9319,339,41074.69504644865,-0.016517458814955147,0.10368078401801455,98.34825411850449,10057.062181096422,65.57003906431606,0
dodo-k10000000000000000,651,10000,17.700526001964555,-17.691757115576422,17.691757115576422,0.008768886388132557,154251.01635789487,1619.9420821097303,0.9896071590351241,6142,520,76226.3887572415,-0.004887481305440957,0.15694015083436866,99.5112518694559,10082.162604201301,69.76828640236748,0
dodo-k10000000000000000,652,10000,8.916031512839938,-8.918859445375176,8.918859445375176,-0.0028279325352382756,126793.79063453338,2796.2765360050566,0.9784221383856125,7798,348,47328.081062904115,0.0011425496128848068,0.08655385956468549,100.11425496128848,9986.763244690832,67.28073571738732,0
dodo-k10000000000000000,653,10000,2.8801793380333045,-2.8777409080095424,2.8777409080095424,0.002438430023762095,60141.30126487639,1335.4238880351998,0.9782775695238549,4841,147,19585.72448017142,-0.001410653011784575,0.03054021650871448,99.85893469882154,9995.941005869026,91.85372398830214,0
dodo-k10000000000000000,654,10000,10.812724931070505,-10.829327052614815,10.829327052614815,-0.01660212154430951,103000.94626066895,1618.1172396033764,0.9845332467576603,6049,284,40950.60191026967,0.003099743159091304,0.18967400541058993,100.30997431590913,10000.503553651955,103.18343145795929,0
dodo-k10000000000000000,655,10000,27.978568113196012,-27.974576340742033,27.974576340742033,0.003991772453979081,287522.609020219,3216.09182928491,0.9889382052685526,11403,836,134384.71036282854,-0.003008374994641798,0.08607456253829625,99.69916250053582,10029.842279112598,101.30606533075216,0
dodo-k10000000000000000,656,10000,17.113821801067488,-17.097397622549366,17.097397622549366,0.016424178518121835,227505.52799143115,2264.0165692704954,0.9901465767641265,11144,561,87777.69978156168,-0.009866049184921906,0.08945866383524176,99.01339508150781,10101.7100884573,126.97958699102001,0
dodo-k10000000000000000,657,10000,48.178877826820106,-48.05214472390915,48.05214472390915,0.1267331029109542,274472.2609031656,1681.7639386901935,0.9939100509592309,9678,854,138756.68603304672,0.008129548881009753,0.3157120084656782,100.81295488810098,9911.941149969849,59.091139205076885,0
dodo-k10000000000000000,658,10000,11.149153731285873,-11.148360565872707,11.148360565872707,0.0007931654131656529,102936.70041393541,869.1477476515472,0.9916271793637426,4167,285,47117.77297256849,-0.0014952456921287194,0.10487050263405863,99.85047543078713,10040.761270415267,127.85032111518267,0
dodo-k10000000000000000,659,10000,6.627984302468262,-6.629387224057822,6.629387224057822,-0.0014029215895607905,120888.89253890337,1804.49572214107,0.9852926408854095,9099,287,38021.12728793596,0.0028680241862437585,0.07970261918348726,100.28680241862438,10009.814880351958,51.036525213575416,0
dodo-k10000000000000000,660,10000,17.74202589614368,-17.738254391980107,17.738254391980107,0.0037715041635735247,112027.3952373737,889.1594433326605,0.9921255174155205,4554,343,55630.96823251926,-0.00462898963500038,0.23022445242132916,99.53710103649996,10042.062946556049,98.47884106501276,0
dodo-k10000000000000000,661,10000,6.026271604731864,-6.024489574718402,6.024489574718402,0.0017820300134623324,137194.55662448888,2373.219632071528,0.98299593433581,10065,301,41012.75555057481,0.0030445631341115133,0.0429816415497703,100.30445631341115,9970.181027601117,114.15948571921379,0
dodo-k10000000000000000,662,10000,15.733553524957726,-15.731485148008943,15.731485148008943,0.002068376948782813,202705.25398247677,1580.1336075677411,0.9922650678728978,11298,494,76041.95822059707,-0.0015707853232633795,0.07829900230264954,99.84292146767366,10014.010696316018,101.29361979293853,0
dodo-k10000000000000000,663,10000,29.71943774921485,-29.707957679530324,29.707957679530324,0.011480069684527194,246723.53007701048,2627.438781570351,0.9894628892215754,9722,754,117619.46613304222,-0.0049209324444132105,0.1326997513178216,99.50790675555868,10036.498756491903,91.26406102827708,0
dodo-k10000000000000000,664,10000,23.651920586458345,-23.63266161884053,23.63266161884053,0.01925896761781587,169137.9841320971,2183.643871277645,0.9872541260742943,6266,498,84365.85881453639,-0.0020601619881807664,0.15650400119045685,99.79398380118192,10011.343762075805,88.90739423377586,0
dodo-k10000000000000000,665,10000,33.30571597506841,-33.317957878614905,33.317957878614905,-0.012241903546495791,240353.830275329,1737.3531658909994,0.9928235587054627,9279,786,115927.16342353792,0.0006023771258600164,0.17077291962323699,100.060237712586,9969.728237899115,46.72329681313615,0
dodo-k10000000000000000,666,10000,32.843139438300184,-32.83599843524883,32.83599843524883,0.007141003051351902,285321.03085603536,2322.525997326928,0.9919256804402855,11044,809,131443.49812500356,0.01723179910467877,0.16500588075031558,101.72317991046788,9928.189919249018,34.299933565995524,0
dodo-k10000000000000000,667,10000,9.053181705481204,-9.067419329916092,9.067419329916092,-0.014237624434887408,126288.71512044505,3096.8158553942553,0.9760652073532663,9209,346,43987.41177688683,0.007447217223537734,0.08567616736511155,100.74472172235377,9971.731192614234,44.06651226738637,0
dodo-k10000000000000000,668,10000,9.609073743794193,-9.60980450108758,9.60980450108758,-0.0007307572933878959,143362.13903821705,2165.3552112356724,0.9851206452608606,9953,394,51496.40049223652,0.006022231458987619,0.05733467068805922,100.60222314589876,9977.208370859433,55.263872548945464,0
dodo-k10000000000000000,669,10000,22.55828785538826,-22.55708584025801,22.55708584025801,0.0012020151302500892,236845.38187345356,493.16550056506975,0.9979221011250738,10329,681,107561.20068008435,-0.002738022671312024,0.09248422889211909,99.7261977328688,10027.270445216907,103.17282136309223,0
dodo-k10000000000000000,670,10000,12.366191873050495,-12.366955082655693,12.366955082655693,-0.0007632096051981563,116081.51719912395,1359.7896301386763,0.9884215386659861,4684,355,53053.0322743861,-0.00460520847514033,0.11192998715711568,99.53947915248597,10058.272340720992,70.1268352414169,0
dodo-k10000000000000000,671,10000,4.188602392640652,-4.188274300551413,4.188274300551413,0.0003280920892390071,87685.4818650677,1973.0727984867033,0.9779934797533744,6086,208,29179.073321555374,-0.004896752906671083,0.03878965682009209,99.51032470933289,10069.57300095207,196.57284604550597,0
dodo-k10000000000000000,672,10000,5.206603269567323,-5.205287249168677,5.205287249168677,0.0013160203986455343,107406.41833839077,1640.2240707767319,0.9849585091797486,7097,248,33729.96605597958,0.010746917388937618,0.03758637022612902,101.07469173889376,9937.259059806907,85.07281675444192,0
dodo-k10000000000000000,673,10000,22.232280422594854,-22.155283934439552,22.155283934439552,0.07699648815530225,248573.40458479413,2384.8074538571354,0.9904971930008418,10218,620,107730.94792206305,-0.000698578311305198,0.10545092489461454,99.93014216886948,9974.209362182954,208.3391821168631,0
dodo-k10000000000000000,674,10000,8.359453293759234,-8.359025433189473,8.359025433189473,0.00042786056976140685,114594.2680209154,1675.187333654431,0.9855921976365515,6214,309,46822.22398219376,0.0008966986272965017,0.06300987290777556,100.08966986272965,9998.31955692424,112.31457047343919,0
dodo-k10000000000000000,675,10000,20.85256055697499,-20.851348053736317,20.851348053736317,0.0012125032386727241,237665.92121547996,108.76403594437808,0.9995425752079984,11327,662,102888.33340571786,-0.0020331943484835336,0.09930591614611643,99.79668056515165,10020.535098546914,100.94105821059277,0
dodo-k10000000000000000,676,10000,17.01895572653161,-17.003402444374103,17.003402444374103,0.015553282157505066,191998.96265017713,2452.796802296795,0.987386090981109,9160,569,84332.16614370728,0.012195897704987288,0.06698291252890186,101.21958977049873,9883.715832994667,83.65176315775184,0
dodo-k10000000000000000,677,10000,7.404511555276748,-7.414939689471012,7.414939689471012,-0.010428134194263805,81891.81478693514,1479.1783124093,0.9822578782209452,4341,195,32133.947854072612,-0.006558520895351023,0.0960324061144972,99.3441479104649,10105.495201697398,152.7301053883448,0
dodo-k10000000000000000,678,10000,29.026218471829026,-29.057024715338656,29.057024715338656,-0.03080624350963035,206206.4973690533,1706.9741192687425,0.9917899782681248,8157,607,97394.66357747758,0.0050685660216495875,0.24445476022935594,100.50685660216496,9964.955759212742,74.18050330198702,0
dodo-k10000000000000000,679,10000,14.560994563537104,-14.542534625828779,14.542534625828779,0.018459937708325214,122779.02052467698,1378.0155920893214,0.9889010269962201,4882,384,58309.54547286042,0.003871356121995859,0.15103782018650036,100.38713561219959,9970.21263188548,61.28312041766061,0
dodo-k10000000000000000,680,10000,41.164863315174074,-41.156723960644456,41.156723960644456,0.008139354529618004,277099.41549868457,710.5504517984093,0.9974423147514979,9860,770,133656.70468746556,-0.004844703571430813,0.20153603779229484,99.51552964285692,10047.978025922916,98.66863183944704,0
dodo-k10000000000000000,681,10000,5.375054849809357,-5.3424484312543825,5.3424484312543825,0.03260641855497415,80342.52678680666,804.9227156680789,0.9900807391901637,4582,211,30826.887914449613,0.015599840276948811,0.04987706416958901,101.55998402769488,9822.678585640266,113.9275243100176,0
dodo-k10000000000000000,682,10000,11.812108222745113,-11.82301916096192,11.82301916096192,-0.010910938216806443,158436.4713295793,2315.947298343203,0.9855930796058273,7496,428,64243.939771924175,0.005699451629922692,0.07039699902585966,100.56994516299227,9979.525837040681,144.58013305454293,0
dodo-k10000000000000000,683,10000,14.373005649652512,-14.366731662347561,14.366731662347561,0.006273987304950879,164662.67227990006,631.4756043609952,0.9961796856546722,8049,463,69983.28363367403,-0.00771230956891074,0.07912346936763186,99.22876904310893,10075.407120949016,93.46698194069094,0
dodo-k10000000000000000,684,10000,9.68120713590996,-9.678034508960707,9.678034508960707,0.003172626949252688,131528.79078522132,3014.0370547316065,0.9775979358905925,9363,360,46461.65472941411,0.0001319855610041998,0.09746986261960501,100.01319855610042,9979.168813786035,35.005667386685694,0
dodo-k10000000000000000,685,10000,6.672991606207622,-6.671620525438172,6.671620525438172,0.0013710807694504723,118504.00348680951,2740.6004016510374,0.977396104125407,9346,288,40093.59309756587,0.0032103238594149274,0.08263836924310254,100.32103238594149,9995.676022862257,74.53254446695522,0
dodo-k10000000000000000,686,10000,7.8565390383768,-7.854140522418433,7.854140522418433,0.0023985159583670423,111713.37165780351,1542.9404148893123,0.9863765613884815,7641,265,38813.538422149,-0.00010221513728737363,0.08316094402309133,99.98977848627126,9997.10648468307,77.92447921593649,0
dodo-k10000000000000000,687,10000,4.745178644908683,-4.737417857849522,4.737417857849522,0.007760787059161167,80731.54902411952,1903.0187674877259,0.9769706695594165,5723,205,27639.986543111376,-0.008443254846808088,0.06250073788615353,99.15567451531919,10077.103327548246,85.59749766811757,0
dodo-k10000000000000000,688,10000,4.453268089482287,-4.457053015062343,4.457053015062343,-0.0037849255800557202,77338.50910596702,1293.1660122612104,0.9835541337467777,3855,194,31433.24078498696,-0.0015928700297158115,0.037138659736115756,99.84071299702842,10087.970720449748,296.8381024912803,0
dodo-k10000000000000000,689,10000,14.379105406547621,-14.37990830389657,14.37990830389657,-0.0008028973489491165,190323.36904257158,1546.0328583714145,0.9919422646703742,10077,516,76559.47043446264,0.0009000237507429176,0.08762182874302425,100.09000237507429,9990.970535351722,89.76886576258029,0
dodo-k10000000000000000,690,10000,6.5308983425351155,-6.536175478740049,6.536175478740049,-0.005277136204933086,80614.32182877856,1103.9865384134564,0.9864903402863796,4364,213,32075.275124680164,0.009427173872596768,0.08909843307893368,100.94271738725968,9934.426502818878,75.62694109864069,0
dodo-k10000000000000000,691,10000,27.41346262516439,-27.41516975963239,27.41516975963239,-0.0017071344680026357,254528.73053689284,2212.450912654423,0.991382563170571,9523,699,120964.14549291234,-0.0011375397901628049,0.07518997700613013,99.88624602098372,10023.685963003973,130.8393435159028,0
dodo-k10000000000000000,692,10000,27.484597401814124,-27.495619317173464,27.495619317173464,-0.011021915359339829,229045.27091485166,3123.1492993448423,0.9865479151020478,8922,680,109230.80563440909,0.006820284609384686,0.12803979727262416,100.68202846093847,9949.600400512072,112.0643809274625,0
dodo-k10000000000000000,693,10000,9.65684884009909,-9.66375415047608,9.66375415047608,-0.006905310376989604,119539.27474669435,1494.6628378798134,0.9876508781940982,7391,311,44419.486009619184,0.0020389135200092313,0.11658641332940035,100.20389135200092,10005.504438310287,109.43152602398868,0
dodo-k10000000000000000,694,10000,14.219959287443347,-14.205612918736492,14.205612918736492,0.014346368706855017,191165.30074002212,1893.6704969709463,0.9901912328402168,9511,503,76087.940519343,-0.008689562936816912,0.07033746342197261,99.13104370631831,10050.370928769587,74.99713505576915,0
dodo-k10000000000000000,695,10000,32.992577547420616,-33.021542265301235,33.021542265301235,-0.028964717880619162,259599.77063695333,2499.064192657727,0.9904651838903352,10914,763,116888.7078937185,0.01631814046022825,0.21723018588922485,101.63181404602282,9894.758304885043,59.362736808104785,0
dodo-k10000000000000000,696,10000,29.74199152258935,-29.743096807527365,29.743096807527365,-0.0011052849380170926,256451.34450787594,2242.426828013749,0.9913317324323894,9604,773,125859.22850463013,0.0021048737934751217,0.10673304958220911,100.21048737934751,9992.654263150742,112.57374544884273,0
dodo-k10000000000000000,697,10000,11.751157009393001,-11.728221730181673,11.728221730181673,0.022935279211328208,139159.5125659661,1935.7877463128866,0.9862802818943757,7879,350,51962.440610502905,-0.011333792151333597,0.14476931683726021,98.86662078486664,10109.410913798662,140.3254392306608,0
dodo-k10000000000000000,698,10000,36.979758463260666,-37.00131373241193,37.00131373241193,-0.021555269151264156,207560.77531124523,503.4172349235279,0.9975804715421573,7634,582,99247.28062924401,-0.0016108416100267676,0.3073879539097857,99.83891583899732,10022.278046165387,104.90806521623315,0
dodo-k10000000000000000,699,10000,24.47806615729441,-24.488653363854326,24.488653363854326,-0.010587206559915074,204829.23967635148,2041.049026301405,0.9901336772955583,7164,587,101699.63777852002,-0.0010758580335772194,0.10317500766572124,99.89241419664228,10016.498147782493,84.27511345553144,0
dodo-k10000000000000000,700,10000,10.079997720595442,-10.077410072376892,10.077410072376892,0.0025876482185491767,130726.38630731757,1898.7621276849698,0.985683242204886,7727,369,50669.41656950041,0.0019405764713548025,0.10630993198350225,100.19405764713548,9963.322216295384,76.88228090323615,0
dodo-k10000000000000000,701,10000,11.348171043181216,-11.3405970413461,11.3405970413461,0.007574001835115141,127189.78657674318,1502.7789470291243,0.9883227213560248,7013,352,51288.127368090245,-0.0017300096220461115,0.0902688129183126,99.82699903779539,9972.473077118137,52.70554282196386,0
dodo-k10000000000000000,702,10000,11.584298729786148,-11.576547840785182,11.576547840785182,0.007750889000966765,118330.69290408655,1219.2297616234093,0.9898015010429353,5968,339,52862.73149024941,-0.0030584059518025696,0.08362601545333774,99.69415940481974,10020.368007244328,79.17456840546116,0
dodo-k10000000000000000,703,10000,3.642166747304984,-3.6464367500164485,3.6464367500164485,-0.004270002711464382,72448.69571575448,1352.3226238682505,0.9816760980499613,5367,170,21913.03435426748,0.008375774904278615,0.07603775427386736,100.83757749042786,9952.127041866726,136.3622804204815,0
dodo-k10000000000000000,704,10000,34.433983379671936,-34.41795037773669,34.41795037773669,0.016033001935248592,267661.8524172206,2638.0524165340457,0.9902402761918967,10722,844,131522.6060985736,0.0015958208120029837,0.257098056816171,100.1595820812003,9980.949904172254,81.81499073906875,0
dodo-k10000000000000000,705,10000,3.36218221439377,-3.361674604777633,3.361674604777633,0.0005076096161369392,64281.3698452299,857.6921264660922,0.9868329063928066,4724,150,20171.34060826281,-0.004542061363306828,0.060184321217777635,99.54579386366932,10057.182077149373,101.45358702177614,0
dodo-k10000000000000000,706,10000,10.734866349927794,-10.734027649117635,10.734027649117635,0.0008387008101582438,117256.38639292127,1690.8652489169865,0.985784747225532,4181,386,58213.9532859603,0.0009487328474804713,0.06153840398463643,100.09487328474805,9988.64358174757,88.297718567935,0
dodo-k10000000000000000,707,10000,15.766142756440804,-15.763882012634468,15.763882012634468,0.0022607438063353413,150543.32172429873,1120.7626685719786,0.992610230213313,6565,439,66995.62536418026,-0.0017857620477613524,0.14054540157072268,99.82142379522386,9981.848914141932,78.18641879933519,0
dodo-k10000000000000000,708,10000,12.933738045551308,-12.886269508901776,12.886269508901776,0.04746853664953221,101104.84635493453,2405.4246674415317,0.976761488075695,6221,260,38996.080267710415,0.001725287004687317,0.17163705234359952,100.17252870046873,9958.91150926892,127.36521796475098,0
dodo-k10000000000000000,709,10000,8.605597011269092,-8.597706716175935,8.597706716175935,0.007890295093156752,125339.9398397582,1766.2272146529795,0.9861043153484685,6879,313,47129.989011586666,-0.003915717939819246,0.08872693950348108,99.60842820601808,10094.802772063886,229.0286881279344,0
dodo-k10000000000000000,710,10000,5.954097284798973,-5.949315091295276,5.949315091295276,0.00478219350369713,87838.40129535852,1672.80544146819,0.9813117764529034,4675,237,34795.99860187093,-0.00576821195234416,0.0571821091748096,99.42317880476558,10085.060698648054,123.37871282870498,0
dodo-k10000000000000000,711,10000,7.661452830127874,-7.6579071388920426,7.6579071388920426,0.00354569123583115,93055.27127710785,1844.7210198624628,0.980561420762925,4807,260,39685.90705831539,-0.00042770817705033436,0.08977254170131886,99.95722918229497,10036.581257423502,135.7026919679984,0
dodo-k10000000000000000,712,10000,17.64398229078602,-17.6418321336362,17.6418321336362,0.0021501571498205863,139857.79796775716,373.3994553734519,0.9973372583117383,5417,441,67732.7559429453,0.004340468767547918,0.1754674028031809,100.43404687675479,9964.763786902404,85.02737598750716,0
dodo-k10000000000000000,713,10000,9.95036206504165,-9.944548169517574,9.944548169517574,0.005813895524076074,136571.56395986606,1450.1358384703803,0.9894934213925116,8640,319,49486.402820297604,-0.0030002448006236195,0.0854681413357298,99.69997551993764,10028.747515601768,78.07764903590488,0
dodo-k10000000000000000,714,10000,21.727963385305276,-21.734075213661086,21.734075213661086,-0.006111828355809479,188860.83278513243,3228.261307396361,0.9831939375702333,7320,549,90876.26031786152,-0.0019209220196933074,0.10331508677157103,99.80790779803067,10034.29061517732,111.89803474042124,0
dodo-k10000000000000000,715,10000,18.414239855927452,-18.447125088654985,18.447125088654985,-0.03288523272753352,87536.06338442571,1924.3014958022068,0.978489898868862,6681,207,31177.831717279245,0.00366287136254158,0.29977006083816904,100.36628713625416,9999.208763118151,95.94146580123405,0
dodo-k10000000000000000,716,10000,7.576888105088161,-7.576666684272851,7.576666684272851,0.0002214208153095143,108722.04835017925,927.8995753728758,0.9915376195526979,6194,286,41935.475199327986,0.002975415548411178,0.06548254754616849,100.29754155484112,9971.091627062826,110.00443498299455,0
dodo-k10000000000000000,717,10000,6.389045260415838,-6.388700325667884,6.388700325667884,0.00034493474795382895,88622.55451806841,681.8631272561563,0.9923647323924758,5310,243,35031.13693864827,0.00043012725115559647,0.05779404143434291,100.04301272511556,9995.624593042934,98.72515025958354,0
dodo-k10000000000000000,718,10000,21.14875101582573,-21.11805730293625,21.11805730293625,0.030693712889480196,208749.29116558074,2623.4878628676092,0.9875883362326682,7846,582,98379.38620211375,0.012604207954494627,0.13496149418357162,101.26042079544946,9813.878720544197,151.07665137673703,0
dodo-k10000000000000000,719,10000,8.175533541044786,-8.174470705854489,8.174470705854489,0.001062835190296596,99506.44574190675,1386.1722088161725,0.9862609154468249,4469,302,44953.45903801478,0.0010618025172539091,0.05121153967245135,100.10618025172539,9986.811611864234,107.2573289111001,0
dodo-k10000000000000000,720,10000,15.863686228813473,-15.862183844491057,15.862183844491057,0.001502384322416006,189804.65257165837,2273.6241407594657,0.9881630334274418,8972,542,81688.9024945873,-0.0017376890226447018,0.07336337181694119,99.82623109773553,10018.734197688458,96.13148050933626,0
dodo-k10000000000000000,721,10000,10.181509756848072,-10.177004907279738,10.177004907279738,0.004504849568334635,153169.2714694391,1562.5305422162812,0.9899016845800155,8785,412,57491.40492656461,0.006330954105178393,0.06307659575790553,100.63309541051784,9943.585926461588,82.15250460101505,0
dodo-k10000000000000000,722,10000,12.664182003724838,-12.668295227023563,12.668295227023563,-0.0041132232987255435,173704.8532328947,1841.453288044989,0.9895101564678871,9507,481,69128.28779137153,-0.0010955371244574508,0.08126527966179509,99.89044628755425,9992.26989101999,62.40020232591469,0
dodo-k10000000000000000,723,10000,11.413666095676978,-11.417775223278483,11.417775223278483,-0.00410912760150417,182801.57583812208,2792.250728196222,0.9849550452196831,10998,473,67577.68900377212,-0.0037394625209356035,0.0808097968112088,99.62605374790644,10038.047693221044,128.91160817583662,0
dodo-k10000000000000000,724,10000,6.202119469292916,-6.200286567507305,6.200286567507305,0.0018329017856109076,110869.13637989073,460.1402632095926,0.9958668530229948,7295,274,38000.641684657756,-0.0037378921650542906,0.04114806403797118,99.62621078349457,10038.430104076606,107.33569419556993,0
dodo-k10000000000000000,725,10000,39.60362633154933,-39.621080184692744,39.621080184692744,-0.017453853143415188,292304.3520528052,2115.5398721410033,0.9928145484385942,10925,950,141861.6404168937,0.013069248476916186,0.318442863192428,101.30692484769162,9925.091892287011,45.70873996978709,0
dodo-k10000000000000000,726,10000,41.9484356632522,-41.856281820126306,41.856281820126306,0.09215384312589237,233506.5126732063,1769.4478876420178,0.9924792661204144,8495,825,121081.40249551124,-0.027393159406012443,0.27464981205693234,97.26068405939876,10152.740496486493,54.16903366905275,0
dodo-k10000000000000000,727,10000,14.20044818826826,-14.199434910809117,14.199434910809117,0.0010132774591422589,189971.9119667804,1266.3718233105355,0.9933780423134285,10618,488,72516.4737374059,-0.0013454981984439484,0.07145570034846357,99.8654501801556,10012.392796738739,92.85888436652552,0
dodo-k10000000000000000,728,10000,16.39013170906484,-16.390692580730658,16.390692580730658,-0.0005608716658187518,216460.1053458872,2169.138982657558,0.9900784591314881,11795,570,83961.46665289493,-0.006996556817116329,0.08927837750010639,99.30034431828837,10079.670295156493,99.66198221640279,0
dodo-k10000000000000000,729,10000,8.59713137400631,-8.580445135688748,8.580445135688748,0.01668623831756122,168810.73458472715,3708.0616822802635,0.9785063322807951,10598,362,54853.19673356322,-0.005763220408689591,0.04348075793722799,99.42367795913104,10106.068805305587,208.9385814085783,0
dodo-k10000000000000000,730,10000,23.189096406805294,-23.181301949340643,23.181301949340643,0.007794457464651572,193169.82960990543,2088.330199159079,0.9893047737354425,9966,661,85359.76076041702,-0.002704964465128654,0.2034421468226384,99.72950355348713,9990.80564072813,59.683498641207,0
dodo-k10000000000000000,731,10000,33.91596236691234,-33.902416868506776,33.902416868506776,0.01354549840556274,280180.17399646394,2718.0701521625606,0.9903920571852876,10113,831,139288.33823401108,-0.0005794395854194079,0.12575527335757328,99.94205604145806,9978.842277286503,124.39984901616288,0
dodo-k10000000000000000,732,10000,5.87661940805102,-5.876423389502918,5.876423389502918,0.00019601854810247232,106355.2618585632,2038.1148535965274,0.9811970535892726,7922,251,35191.78230650187,-0.00364207660044471,0.05058514065520228,99.63579233995553,10047.396166181108,79.2662698882511,0
dodo-k10000000000000000,733,10000,5.029803111104443,-5.028953186407733,5.028953186407733,0.0008499246967099694,72295.5593085663,2082.238087898463,0.9720045744726847,5191,180,25999.568601761646,0.0010682065350752622,0.08623116000781579,100.10682065350753,9997.353513167513,100.2393723827712,0
dodo-k10000000000000000,734,10000,18.659067937517854,-18.675204879520237,18.675204879520237,-0.016136942002383137,144037.582461703,1330.4673256283365,0.9908475945878427,5065,404,70422.07814109733,-0.0010572934548756052,0.17952691875914667,99.89427065451244,10034.661126670851,128.31237941132758,0
dodo-k10000000000000000,735,10000,12.365984383274341,-12.356766378491812,12.356766378491812,0.009218004782528766,155006.7723661118,1292.135593367099,0.9917329198889727,7635,404,64320.516507901266,-0.006782301940503288,0.07425855927440494,99.32176980594967,10089.999929372021,118.99688162807234,0
dodo-k10000000000000000,736,10000,23.416057143039026,-23.363245737598703,23.363245737598703,0.052811405440323256,176457.27193623243,1845.3414788376813,0.9896505079567066,6888,508,81895.41862480695,-0.004522989518212625,0.20312954225750204,99.54770104817874,10043.36029029133,98.53037177512664,0
dodo-k10000000000000000,737,10000,9.203330508033474,-9.198676254037991,9.198676254037991,0.004654253995482804,143646.4882838339,2336.8399341857526,0.983992419115861,10858,313,47821.976723264546,-0.0003528178302190099,0.06864564545820372,99.9647182169781,10015.326200636093,126.62826571614187,0
dodo-k10000000000000000,738,10000,10.80160423945398,-10.796616557981821,10.796616557981821,0.004987681472158556,140702.0639728298,2321.729430436739,0.9837668308524691,8974,348,52475.51192495086,0.0021715098672504497,0.08844013606044257,100.21715098672504,9962.229414277868,91.82415555038274,0
dodo-k10000000000000000,739,10000,10.563437052389085,-10.562566462897536,10.562566462897536,0.0008705894915497225,153592.37387826003,3651.9189984025597,0.976775506877906,9685,377,56105.99301889602,0.00013579404172006093,0.06504590748794328,100.013579404172,9992.080017414759,121.64777944769699,0
dodo-k10000000000000000,740,10000,5.302125183727244,-5.308968047709499,5.308968047709499,-0.006842863982254421,97332.30421841478,1985.0423993607887,0.9800131349964447,7387,230,31771.010578768364,0.003809668781507014,0.08118303664143425,100.3809668781507,9975.612174853115,84.62575815646454,0
dodo-k10000000000000000,741,10000,7.314113608067373,-7.305588373325961,7.305588373325961,0.008525234741412646,108083.84593051346,1512.4040298081366,0.9862002209897174,7722,278,38549.21181659696,-0.0066111865236489105,0.08174638903891492,99.33888134763511,10053.797957628447,95.66194468520477,0
dodo-k10000000000000000,742,10000,8.665744338753838,-8.667780352391844,8.667780352391844,-0.0020360136380066507,113608.69426317421,1183.8450321822588,0.9896870908209786,5724,343,49979.358573803394,-0.0007809636303407786,0.05262357505972233,99.92190363696592,10004.197642457199,132.35171059481505,0
dodo-k10000000000000000,743,10000,13.54816558607625,-13.545965668772737,13.545965668772737,0.002199917303512322,131984.89456881347,915.0341511895651,0.9931148634916324,5815,396,59207.74375251336,0.00963387881085211,0.10888854484529162,100.96338788108521,9925.25584371085,84.1320090263956,0
dodo-k10000000000000000,744,10000,7.745534596756041,-7.752942987083813,7.752942987083813,-0.007408390327771741,122975.61398591191,2637.8484128415457,0.9790002730402588,8979,328,42959.30860814453,0.002001683951582436,0.0809501236267387,100.20016839515824,9992.767911295316,51.98239017487564,0
dodo-k10000000000000000,745,10000,20.527619764030174,-20.511723199635526,20.511723199635526,0.01589656439464804,132656.11804251082,1074.6390346882058,0.9919641594934825,4856,439,68728.52162436585,-0.00012731014496836224,0.16820333102683263,99.98726898550316,9996.621769887093,106.59549972683105,0
dodo-k10000000000000000,746,10000,12.912516305511243,-12.910308073208782,12.910308073208782,0.002208232302461255,163977.70444828647,139.10896048815692,0.9991523783724603,8927,437,65574.8397723658,0.004710988050047433,0.07716676973953511,100.47109880500474,9952.102557162776,101.02848243158687,0
dodo-k10000000000000000,747,10000,7.3682916528421005,-7.360752146154411,7.360752146154411,0.007539506687689546,88947.99715866637,2065.6683487520977,0.977303756120187,5343,252,33984.21426550284,0.00787444413053933,0.0948665042554589,100.78744441305393,9952.811429106396,59.147130478079994,0
dodo-k10000000000000000,748,10000,25.881494671797252,-25.898601050052292,25.898601050052292,-0.0171063782550398,272831.8829103528,3808.3694499824414,0.9862334948819311,11726,793,119096.62017385893,-0.0012280112985210679,0.102679196811129,99.8771988701479,9981.68049852975,65.84911581145109,0
dodo-k10000000000000000,749,10000,14.810453609951821,-14.78556100566901,14.78556100566901,0.024892604282811703,202134.43056410077,3092.3701442712177,0.9849319380626828,10738,504,75024.33042165957,0.0081269309334823,0.1050358965461399,100.81269309334823,9930.41866517454,75.92248779143098,0
dodo-k10000000000000000,750,10000,9.941823507193188,-9.932392196271138,9.932392196271138,0.009431310922050073,117288.6754509423,2341.006930042913,0.9804312200496571,7836,366,45746.22612982863,0.01957086998943282,0.14081488985068305,101.95708699894328,9917.393029992287,30.054351490408308,0
dodo-k10000000000000000,751,10000,29.71977066910867,-29.71452424351679,29.71452424351679,0.0052464255918778235,266224.92961762525,3320.3294795674938,0.9876817366749893,10497,797,127945.00613257701,-0.0030140026112245267,0.1311954892678696,99.69859973887755,10010.167430580334,101.2866927732182,0
dodo-k10000000000000000,752,10000,10.251456461422663,-10.24769630368634,10.24769630368634,0.003760157736323322,98463.87736647765,1459.6776859344554,0.9853920561056018,4069,291,46340.96174284391,0.0015249427471989917,0.1205876323712765,100.1524942747199,9967.754022106386,77.42692162612333,0
dodo-k10000000000000000,753,10000,11.846739683543152,-11.832259661050202,11.832259661050202,0.01448002249295044,161835.22620259394,2333.5974063119993,0.9857853802262039,10204,401,58202.07550216539,0.0011428673480841666,0.09740387261316315,100.11428673480842,9956.105169213632,116.90083946461168,0
dodo-k10000000000000000,754,10000,43.576657313672605,-43.58107860888029,43.58107860888029,-0.00442129520768475,237810.27974215598,313.12967461647236,0.9986850109555234,8780,692,117664.99786189024,-0.0014721275160307812,0.3353126217409792,99.85278724839692,10017.030159580243,100.34288258639835,0
dodo-k10000000000000000,755,10000,11.41896010698209,-11.378746730223995,11.378746730223995,0.040213376758094554,123161.14170247778,2031.2545329313352,0.9837749368650809,9791,309,41364.69555728598,0.006042164452471752,0.21486130628130212,100.60421644524718,9924.231797321258,75.26623008941496,0
dodo-k10000000000000000,756,10000,15.048035179345538,-15.018448006047805,15.018448006047805,0.02958717329773286,159779.0060472842,1963.8435232253091,0.9878582359069344,9446,473,63721.415400222504,0.005693117810676967,0.1960150995138474,100.5693117810677,9958.204267244773,29.392458375787093,0
dodo-k10000000000000000,757,10000,44.08220795746608,-44.25034948081034,44.25034948081034,-0.1681415233442607,307220.66710120125,3276.794562882175,0.9894466301098873,11742,881,144776.00767101694,-0.001517300581902532,0.37330685242888195,99.84826994180975,9964.638424404295,158.94831824420146,0
dodo-k10000000000000000,758,10000,10.47545666367289,-10.474449759086625,10.474449759086625,0.0010069045862657333,136650.2615817823,1214.230535467846,0.9911925796351161,7501,367,53906.09019675012,0.0030818068282079027,0.07392746767926994,100.30818068282079,9964.739446442914,106.84769461779557,0
dodo-k10000000000000000,759,10000,4.850541570391711,-4.851076981943649,4.851076981943649,-0.0005354115519375924,85685.61021707513,1960.8427913391904,0.9776278135162989,6927,250,29076.450323253895,0.005413898155974693,0.07271200987446776,100.54138981559747,10002.028938295629,71.69126603690364,0
dodo-k10000000000000000,760,10000,5.442659246494066,-5.440428916157714,5.440428916157714,0.0022303303363520044,83441.12366360433,544.5606306668851,0.9935160303182284,4521,236,32737.66375491867,-0.0043176227926643666,0.0639396138627987,99.56823772073356,10043.909975865467,103.10818805891064,0
dodo-k10000000000000000,761,10000,14.778332368191514,-14.777808888682614,14.777808888682614,0.000523479508899527,213025.71407809533,2375.5775165290197,0.9889713868522212,11509,587,85456.11722020127,-0.0007827184939593224,0.06885290457610821,99.92172815060407,10005.920275582592,109.84123302701997,0
dodo-k10000000000000000,762,10000,14.50208695043545,-14.519834578886403,14.519834578886403,-0.017747628450953457,133510.13515605452,1774.911555276687,0.9868802088743484,5481,404,62335.73109097375,-0.00634524591805814,0.1781774105117279,99.36547540819419,10073.267946564447,95.76820015918756,0
dodo-k10000000000000000,763,10000,14.942810048550559,-14.944957755189336,14.944957755189336,-0.002147706638776725,186311.22416416102,3724.08233130377,0.9804032082249272,9716,506,76389.08422901781,0.0008470906710803661,0.09807224215789574,100.08470906710804,9998.61524771791,83.24321816981625,0
dodo-k10000000000000000,764,10000,17.02541684592159,-17.031196514628277,17.031196514628277,-0.005779668706686891,173943.94920668006,2419.421044545721,0.9862816125531095,8271,471,74180.47610085279,0.0019735011803216195,0.15184819144848005,100.19735011803216,9980.772304403163,112.10210031335453,0
dodo-k10000000000000000,765,10000,18.20869275163539,-18.217532298568614,18.217532298568614,-0.008839546933224085,148305.14759415708,1580.852039645348,0.9894529706342978,8286,425,63655.82394578367,0.01456548941793784,0.2266559339099784,101.45654894179378,9917.252023671392,59.15366382988853,0
dodo-k10000000000000000,766,10000,16.17476953030172,-16.1794030765561,16.1794030765561,-0.004633546254378729,199069.2038562678,2378.5991065629114,0.988192479284563,10042,492,79483.86868284241,0.002726072934234054,0.09182024315636156,100.2726072934234,9973.871976279586,129.17125411408526,0
dodo-k10000000000000000,767,10000,23.357668342473715,-23.34650462100585,23.34650462100585,0.011163721467866594,275292.1218498217,2311.351760865175,0.991673909080451,11345,690,115850.6443604884,-0.006146273697914637,0.10302915876566032,99.38537263020854,10065.46993695051,141.39502169550477,0
dodo-k10000000000000000,768,10000,14.765973058174897,-14.75707816290543,14.75707816290543,0.008894895269467185,155848.3736615736,1414.6017666407142,0.9910048645411363,7006,420,67028.5730533494,-0.00016807291152815652,0.11957719565305837,99.98319270884718,9988.099151361417,111.92007962805289,0
dodo-k10000000000000000,769,10000,10.380082006682516,-10.396525473948316,10.396525473948316,-0.016443467265800038,112190.56392216223,1590.521191885722,0.9860212161776145,6822,337,44551.936154980256,0.02522165710485183,0.13119745196823543,102.52216571048518,9929.568345918411,37.26992806776026,0
dodo-k10000000000000000,770,10000,12.104723240084567,-12.09734796186062,12.09734796186062,0.00737527822394668,160040.68722749862,3261.5808285384637,0.9800273390727234,10585,457,60610.12546578729,0.002662556609215869,0.15095778935918902,100.26625566092159,9976.96239950203,57.98356107023355,0
dodo-k10000000000000000,771,10000,17.185509289077633,-17.17578732956244,17.17578732956244,0.00972195951519339,154103.10069178836,1992.3664714669408,0.987236231085537,6022,423,72113.81043022916,0.0012983525837454125,0.084506874766886,100.12983525837454,9968.741094899688,117.1002968466999,0
dodo-k10000000000000000,772,10000,11.961545089974464,-11.95491522460783,11.95491522460783,0.00662986536663368,118476.8212947442,1015.3866104956426,0.9915024868290921,4778,345,55191.36825143472,-0.003803912367681477,0.11358089931160194,99.61960876323185,10021.284645396592,106.47163313139586,0
dodo-k10000000000000000,773,10000,4.865188910171434,-4.870225145258075,4.870225145258075,-0.005036235086641305,64966.431777286714,1193.7879102269378,0.9819561072217503,4115,186,24026.843698318262,-0.0029852348558786447,0.07571073224777748,99.70147651441214,10041.827612062067,60.991476141526256,0
dodo-k10000000000000000,774,10000,19.98053156359394,-19.980223343068786,19.980223343068786,0.0003082205251523362,209365.5251761426,2873.99419549859,0.9864587226544455,9031,587,92628.21438492186,0.005731519477062079,0.07269500054890528,100.57315194770621,9960.870277333948,105.14823605591745,0
dodo-k10000000000000000,775,10000,19.243222201391287,-19.23609731568459,19.23609731568459,0.007124885706698336,216885.37538627087,2272.0173082966685,0.9896329424238812,9348,607,96676.39862457676,0.005366766441708535,0.058658474579504516,100.53667664417085,9941.430430391963,103.46699775840948,0
dodo-k10000000000000000,776,10000,24.56838640020193,-24.608885898607483,24.608885898607483,-0.040499498405552004,212538.80822804003,2017.792570627653,0.9905955232180386,10882,605,89117.95014160495,0.010837680008319665,0.2409452156462274,101.08376800083197,9931.848616100913,79.8028225848472,0
dodo-k10000000000000000,777,10000,10.191716751120634,-10.177036706183756,10.177036706183756,0.014680044936877579,147148.93147813264,2990.638885184788,0.9800809415003129,10612,368,52689.238905026185,-0.008759477214480142,0.0854379466615508,99.12405227855199,10089.82002328838,121.75783026085003,0
dodo-k10000000000000000,778,10000,7.501543368812314,-7.4991753338347,7.4991753338347,0.002368034977614286,105331.09242191596,2717.639976356379,0.9748480161124052,6228,290,39272.66550291577,-0.003777866089291422,0.08662731153062139,99.62221339107086,10012.875359743672,70.4965545879545,0
dodo-k10000000000000000,779,10000,14.410238191723057,-14.405884181531746,14.405884181531746,0.004354010191310209,123744.33660641914,1190.0329511151178,0.9904747352123381,5396,369,57458.78700961256,0.002287204513722116,0.10621866359905667,100.22872045137221,9964.799065071438,119.5149394147438,0
dodo-k10000000000000000,780,10000,6.153787899600825,-6.145917765252008,6.145917765252008,0.007870134348817004,80662.51676113677,1309.4502568271828,0.984025633341942,4755,255,32329.589562649617,0.0020305343697252453,0.09690434904380311,100.20305343697252,9966.44913037407,43.201264710126864,0
dodo-k10000000000000000,781,10000,23.66868546443742,-23.66212845687504,23.66212845687504,0.006557007562381756,237474.78074515247,2369.1734024914804,0.990122021583112,9830,685,109568.75896254474,-0.008228590272681515,0.07249864242230444,99.17714097273185,10069.263042805103,88.30946982733876,0
dodo-k10000000000000000,782,10000,13.730057179116978,-13.737328841076305,13.737328841076305,-0.007271661959327602,162722.78800306495,2639.4224524123883,0.9840385391248562,11300,479,59317.97804606548,0.006581074556383868,0.12015988025425813,100.65810745563839,9965.566974142655,30.849314336764525,0
dodo-k10000000000000000,783,10000,10.891348540438212,-10.88405822861273,10.88405822861273,0.007290311825482121,181457.01491897926,2899.6145717775084,0.9842717097845245,9363,414,66775.99080279897,-0.005295624238411847,0.04604232558147828,99.47043757615882,10107.330497785722,187.45760283221549,0
dodo-k10000000000000000,784,10000,21.053543350373094,-21.05035151085751,21.05035151085751,0.003191839515583439,204185.2623913432,2073.504661602978,0.9899470713840216,8495,604,93416.02632561626,-0.007851330434932606,0.13351172218714438,99.21486695650674,10062.921093984187,90.7681798913549,0
dodo-k10000000000000000,785,10000,17.56719857804254,-17.584048884693445,17.584048884693445,-0.016850306650905367,206050.61326303123,2871.581431785145,0.9862552591122269,11292,502,80938.5859415386,-0.0022812725093112364,0.16922478878009373,99.77187274906888,10040.767067852888,107.79334861455105,0
dodo-k10000000000000000,786,10000,13.154553868155954,-13.155820224866773,13.155820224866773,-0.0012663567108184282,196534.0272140609,2134.7321952141565,0.9892548169044715,11609,538,72947.39328243752,0.0009114285257130916,0.0691199495581806,100.09114285257131,9980.156805857478,69.39788457473159,0
dodo-k10000000000000000,787,10000,8.763811173529337,-8.760980141167863,8.760980141167863,0.002831032361473973,87176.04019895001,1396.2623407592182,0.9842359033160142,4482,231,35906.91369949695,0.00247318603248857,0.10660179919474742,100.24731860324886,9971.267222243487,102.25641890206818,0
dodo-k10000000000000000,788,10000,10.034197159182693,-10.033617697202402,10.033617697202402,0.0005794619802905743,149995.37780345464,1799.3406761859453,0.9881462234377589,9951,408,55311.37011800051,0.0003124483996499805,0.06843267431660366,100.031244839965,10002.911850583381,76.4701005624904,0
dodo-k10000000000000000,789,10000,16.838689476702903,-16.83676122513681,16.83676122513681,0.0019282515660918875,163103.73758662565,2081.829070255168,0.9873970280068144,8927,518,69973.53349159079,-0.003742725594292722,0.2060300908303938,99.62572744057073,9960.184700072694,45.19913850165597,0
dodo-k10000000000000000,790,10000,29.54059032055268,-29.489012981125313,29.489012981125313,0.051577339427367974,245323.09952319766,2846.503330851024,0.988530008114954,10864,663,108457.34189585409,0.007595584008225558,0.1999160717168884,100.75955840082256,9902.874654661278,107.42707785417099,0
dodo-k10000000000000000,791,10000,23.724311705240844,-23.69214236958193,23.69214236958193,0.03216933565891367,125054.66098428618,1581.9536618071459,0.9875079283647294,4446,392,63702.116143961306,0.0046018677336782336,0.3421443878541072,100.46018677336782,9956.789906282993,79.51436980792685,0
dodo-k10000000000000000,792,10000,8.354164647508568,-8.354043234587124,8.354043234587124,0.00012141292144463023,131816.00915363105,1729.807887126341,0.9870470829752876,8210,337,48089.27205354206,-0.0003297654191023014,0.06789956517042156,99.96702345808977,10003.422842740767,107.75392412089055,0
dodo-k10000000000000000,793,10000,23.633189646887487,-23.61709161680254,23.61709161680254,0.016098030084947368,211640.35201998727,2851.799642100839,0.9867044103012516,9071,625,97882.88223782799,-0.003245529365120774,0.17751978039091695,99.67544706348792,10057.923582969663,90.0232238598749,0
dodo-k10000000000000000,794,10000,17.706367697884854,-17.69758200522584,17.69758200522584,0.008785692659014188,183048.91404821607,1696.037555372269,0.9908195729266178,8807,532,77945.42726646016,0.0027066007999464146,0.1266804262206908,100.27066007999464,9965.168025747887,75.5775003864907,0
dodo-k10000000000000000,795,10000,7.925166262087165,-7.930814804782202,7.930814804782202,-0.00564854269503634,106973.38289179488,1597.808948223497,0.9852833065461979,5276,283,43912.76025661676,-0.0008444100940658927,0.05581061715385061,99.91555899059341,9999.371889744598,101.23265814628994,0
dodo-k10000000000000000,796,10000,13.490342921890427,-13.49709367249639,13.49709367249639,-0.006750750605963418,182560.36606373388,2013.456897682538,0.9890913193139883,11491,520,68252.73048054927,-0.00574860650992008,0.10383273922817082,99.42513934900799,10048.209846492075,44.766029147773274,0
dodo-k10000000000000000,797,10000,4.734471576559951,-4.723690721124598,4.723690721124598,0.010780855435353232,64419.31273584801,1185.8555960351696,0.9819243570866831,4859,189,23510.76757447218,0.0065544602235777915,0.11518765347236581,100.65544602235778,9946.854801413625,48.03513720874063,0
dodo-k10000000000000000,798,10000,15.752666591067197,-15.749804247613497,15.749804247613497,0.002862343453699623,176465.51759727116,509.5997463251251,0.9971205005880249,9202,463,72447.01315001099,-0.0005002880408606814,0.09062239104702158,99.94997119591393,10003.381982537388,94.88059338914263,0
dodo-k10000000000000000,799,10000,8.843902735804566,-8.84049877743027,8.84049877743027,0.003403958374295968,148918.0076817596,2445.981168993351,0.9838404022808548,9777,352,50675.68349849659,-0.0031423824843027147,0.10442583238255765,99.68576175156973,10047.639189695356,129.93298697183545,0
dodo-k10000000000000000,800,10000,6.2152938121290955,-6.2187151370936675,6.2187151370936675,-0.0034213249645720367,78674.55200947737,859.4481266367046,0.9891939532128919,5016,212,30501.64350537509,0.0016100083388991492,0.06580408062453785,100.16100083388991,9993.032334434494,77.59413458054722,0
dodo-k10000000000000000,801,10000,26.64685920015848,-26.638766450145667,26.638766450145667,0.008092750012814065,242784.64824989787,644.3947312526113,0.9973528436732075,9932,676,110987.04289967535,0.007428885531563765,0.1388145490674303,100.74288855315638,9920.989401787532,104.84914144142202,0
dodo-k10000000000000000,802,10000,20.75237845925666,-20.759018200474287,20.759018200474287,-0.006639741217625783,188119.5256908817,2343.8073418884737,0.9876941807928711,8907,533,84871.4944321657,0.0027191065677253335,0.141694073497667,100.27191065677253,9983.78172174303,87.95038740837605,0
dodo-k10000000000000000,803,10000,15.480560197054555,-15.470176538056421,15.470176538056421,0.010383658998133427,210438.22149365445,2750.5603711353474,0.9870980060626274,11452,545,80884.8590257072,0.0043223749657913405,0.07893682985915121,100.43223749657913,9958.278028030698,89.95941612798795,0
dodo-k10000000000000000,804,10000,5.644667915094476,-5.643708777318992,5.643708777318992,0.0009591377754842867,91326.27597084832,1209.016178155967,0.986934539783922,7318,212,30408.391037008798,-0.000015458914878081486,0.05565056786158237,99.99845410851219,9999.401547516822,97.2363674029311,0
dodo-k10000000000000000,805,10000,6.745678578095917,-6.755174377548329,6.755174377548329,-0.00949579945241208,126872.51323826652,2262.0994147062356,0.9824826251596446,9999,276,40070.73108447481,-0.0012744052507859748,0.05652790163143706,99.8725594749214,10044.362697370656,119.2981378612403,0
dodo-k10000000000000000,806,10000,6.761273002173331,-6.7530008887638076,6.7530008887638076,0.008272113409523385,87417.57966175009,2009.9220761284623,0.9775245641769155,6287,237,32231.135112371954,-0.005638631108510879,0.09953675308705315,99.43613688914891,10037.037972974009,75.48629317156421,0
dodo-k10000000000000000,807,10000,6.837254564570327,-6.834407043082905,6.834407043082905,0.0028475214874221777,105356.45864811608,1826.5440811710912,0.9829586405058608,6693,250,36409.03422904973,-0.003167695328901914,0.06882902227529655,99.68323046710981,10041.42207549081,99.07495247045713,0
dodo-k10000000000000000,808,10000,11.931536566908962,-11.931687412920851,11.931687412920851,-0.00015084601188952718,104405.28066740828,242.92558864920576,0.997678645460441,4457,306,48159.49850672077,0.0006805725006093156,0.12996754158150367,100.06805725006093,9992.040336644355,99.8784555894213,0
dodo-k10000000000000000,809,10000,27.958147840242177,-27.9602464285648,27.9602464285648,-0.0020985883226245505,213025.83136133093,1318.1296084283865,0.9938504000650881,7416,624,105172.87902647817,0.007477266750551337,0.154153260943134,100.74772667505513,9941.712464805772,98.84999152418169,0
dodo-k10000000000000000,810,10000,17.873767714335496,-17.863275879320142,17.863275879320142,0.010491835015354667,179296.84178367225,2300.699692761773,0.9873307773108793,7442,552,85546.8906091636,-0.004980021716841918,0.0778831613874695,99.50199782831581,10028.27384300652,110.90749740308672,0
dodo-k10000000000000000,811,10000,18.61582374459655,-18.619039977197417,18.619039977197417,-0.0032162326008666753,248320.60194885783,1868.662469354894,0.9925310045828695,10226,563,101169.0720504958,-0.007691056424423977,0.06951311744447622,99.2308943575576,10038.784135333724,186.54067034309261,0
dodo-k10000000000000000,812,10000,5.544012163436415,-5.542809654727137,5.542809654727137,0.0012025087092784048,76495.95659334597,68.13909490577018,0.9991100385331629,4189,205,29757.44745461639,-0.0032530205924450684,0.0664749654861042,99.6746979407555,10032.957938470854,99.1449253962304,0
dodo-k10000000000000000,813,10000,4.030252079335121,-4.03585605532065,4.03585605532065,-0.00560397598552953,62658.87878473675,965.966590170952,0.9848177770102384,3800,152,22156.105388177573,-0.001908820592063023,0.09230850138106035,99.8091179407937,10029.318839736741,176.8947872540809,0
dodo-k10000000000000000,814,10000,4.09751516386393,-4.098438195795666,4.098438195795666,-0.0009230319317357072,62887.82420664635,1011.0248026589879,0.9841777306112077,4497,170,23445.981140510372,-0.00125390550666296,0.04765063820330155,99.8746094493337,10017.67897430845,62.71693477351568,0
dodo-k10000000000000000,815,10000,7.489871186822386,-7.481963229800911,7.481963229800911,0.007907957021474843,85606.56117690835,1046.3281471953514,0.9879250633723035,4591,271,36312.10438780478,0.004888581575178108,0.07684139044552481,100.48885815751781,9930.184979228521,77.68030596446827,0
dodo-k10000000000000000,816,10000,19.33132385014085,-19.344972446946116,19.344972446946116,-0.013648596805264646,153029.18922683195,1476.2660518762807,0.9904452172953163,6436,458,71929.812910345,-0.011674930821913137,0.14996397910706705,98.83250691780869,10096.694564228274,64.61531201975052,0
dodo-k10000000000000000,817,10000,4.0737390091896035,-4.0743349221357334,4.0743349221357334,-0.0005959129461299284,94443.17710642274,1587.066702588818,0.9834732617596469,7167,212,28715.754263774386,-0.00029177418687311276,0.05143557496770271,99.97082258131269,10002.417402423156,129.80734167473219,0
dodo-k10000000000000000,818,10000,8.942673654876202,-8.935606415584829,8.935606415584829,0.007067239291373539,147562.4088370546,1510.5085692430728,0.9898673173134045,9688,405,55192.27145727024,0.008971011525166262,0.054899515676503086,100.89710115251663,9909.456081538377,98.4871648904089,0
dodo-k10000000000000000,819,10000,19.0123014236815,-19.006700645182292,19.006700645182292,0.005600778499207593,216450.64865721774,2345.790106435289,0.9892786641332438,9560,619,92287.24156594972,0.006054341660705375,0.10732566453675929,100.60543416607054,9943.769238606272,78.1946351444569,0
dodo-k10000000000000000,820,10000,14.646192241213418,-14.646884616724051,14.646884616724051,-0.0006923755106331697,176860.90385020123,1261.5045792708256,0.9929177659880435,9708,484,71301.61979884775,-0.0015856138029663213,0.10702199669919878,99.84143861970337,10014.887362938753,100.49189058316097,0
dodo-k10000000000000000,821,10000,29.056606766178525,-29.077510312116004,29.077510312116004,-0.020903545937478896,233749.11630620764,2301.977407343102,0.9902479697461747,8584,724,114207.96878235009,-0.00600811867036171,0.18224454421426273,99.39918813296383,10025.1044978095,96.39702422755052,0
dodo-k10000000000000000,822,10000,7.081068448237417,-7.074312364504891,7.074312364504891,0.006756083732526008,90643.37965103998,1106.6365558649532,0.9879385682791665,6232,227,32174.2910555133,-0.003615074002330658,0.09236371145274504,99.63849259976693,10030.327083832306,84.97408078309397,0
dodo-k10000000000000000,823,10000,16.95977303136655,-16.960839023235735,16.960839023235735,-0.0010659918691864334,203612.43557260817,1645.0161228056675,0.9919855960930143,10968,514,78127.35571454444,-0.005118839047938622,0.10741726101341072,99.48811609520614,10072.088671814347,97.60021019536488,0
dodo-k10000000000000000,824,10000,5.46135672123474,-5.4541243944816955,5.4541243944816955,0.007232326753044305,74001.13632831992,1305.4990858404742,0.9826642223668514,4934,192,27204.918276935947,-0.008286557105275847,0.08236876708197499,99.17134428947242,10071.22209624873,86.78164772720766,0
dodo-k10000000000000000,825,10000,13.052856282316865,-13.052451062984446,13.052451062984446,0.00040521933241954855,139590.95590549978,462.5698289522544,0.9966971925445897,6679,386,60102.04444471768,-0.0007251388887875976,0.0890432798381299,99.92748611112124,10006.726769670993,102.54219046099887,0
dodo-k10000000000000000,826,10000,20.369225349737214,-20.378243827430865,20.378243827430865,-0.00901847769365105,179468.78221301935,2032.6683228932588,0.9888008149968417,7794,519,83383.31913876186,-0.002703546339592009,0.16926662991968955,99.7296453660408,10027.398118912164,85.45788929678895,0
dodo-k10000000000000000,827,10000,12.445392825878836,-12.44988510605154,12.44988510605154,-0.004492280172703644,141549.41046140422,1503.9192973461418,0.9894870025054124,5404,400,65046.38326851766,-0.0007764968111237635,0.07561757538319228,99.92235031888762,10050.373992868062,160.70313852432446,0
dodo-k10000000000000000,828,10000,11.802498291657791,-11.767576452748898,11.767576452748898,0.03492183890889322,139566.90723071332,2340.482998862467,0.9835069689106674,8332,353,50472.94729812167,-0.0016352271032909016,0.14117578386070362,99.83647728967091,10027.252651382823,75.19124874910781,0
dodo-k10000000000000000,829,10000,9.223409903645425,-9.217056034193135,9.217056034193135,0.006353869452290439,132918.83760219018,737.4666481586436,0.9944823654050967,7078,324,50600.4101890296,-0.005906787637183299,0.05249364026773449,99.40932123628167,10065.378691126563,122.83687938068753,0
dodo-k10000000000000000,830,10000,6.309052315441178,-6.307199842133386,6.307199842133386,0.0018524733077924793,130195.35961241789,3227.0010235155396,0.9758136416704469,9265,269,40734.58420010575,-0.00266736961272386,0.041383791035543425,99.73326303872761,10016.794261323323,112.94110362518128,0
dodo-k10000000000000000,831,10000,22.63164310648392,-22.62324135777193,22.62324135777193,0.008401748711989399,155221.49779459,1696.132051841175,0.9891909401543911,5499,510,79621.75664778905,0.005632150503268747,0.16151829789597996,100.56321505032687,10001.517793949084,51.688097046321765,0
dodo-k10000000000000000,832,10000,27.29928149812473,-27.30374279296045,27.30374279296045,-0.004461294835717666,282634.80173000495,3644.115004048148,0.9872707531325702,10564,842,133974.3981393247,-0.001138507628444785,0.07414800710044915,99.88614923715552,10002.167055707163,91.85844630659516,0
dodo-k10000000000000000,833,10000,25.026116748834934,-24.996522030957664,24.996522030957664,0.02959471787726997,189611.20740736614,2578.3872887030334,0.9865841473219166,6765,546,92334.51761570059,-0.006801278167195477,0.14698142679755705,99.31987218328045,10051.341280059354,104.45568928617625,0
dodo-k10000000000000000,834,10000,22.62577829282423,-22.63108684954804,22.63108684954804,-0.005308556723811364,212019.5174439173,1812.682516453338,0.9915228739320397,9984,642,95721.50560248163,-0.0018747385386001269,0.1023535246683717,99.81252614613999,10016.470949652463,46.10246177590722,0
dodo-k10000000000000000,835,10000,19.194254251442157,-19.199973998216784,19.199973998216784,-0.005719746774627055,139721.90536595223,1492.6710359876813,0.9894297665721202,6007,485,68247.36231529353,0.014323331866186208,0.2389346067062067,101.43233318661862,9942.966634658145,34.93327604732511,0
dodo-k10000000000000000,836,10000,30.491897020830095,-30.48940571966868,30.48940571966868,0.002491301161413162,275549.6047547091,2241.7012422931243,0.9919302685364916,11179,789,129044.39823105585,0.006062066328957058,0.10447250445323007,100.6062066328957,9949.447480519197,90.85752508151614,0
dodo-k10000000000000000,837,10000,8.629418449076525,-8.626739821398417,8.626739821398417,0.002678627678108114,116633.21192965095,1559.110318903695,0.9868087005209616,6292,312,46131.61697742788,-0.0063388783529330795,0.056837714935734314,99.36611216470669,10066.168516540452,91.23673533614378,0
dodo-k10000000000000000,838,10000,4.277137122074647,-4.276580406166332,4.276580406166332,0.0005567159083152973,66940.31605595439,1370.5844658997987,0.9799360796676759,4871,181,22960.22806156065,-0.0034711931316692814,0.06202998747319782,99.65288068683307,10010.507713899146,60.250967028008056,0
dodo-k10000000000000000,839,10000,8.920022557352544,-8.921242239003789,8.921242239003789,-0.0012196816512446418,82435.0540268848,1459.4566441093211,0.9826036693886586,4148,224,35712.24788819047,0.004133952448509603,0.113134829607733,100.41339524485096,9975.357933688962,108.29122919939262,0
dodo-k10000000000000000,840,10000,4.583828160014474,-4.577806257824349,4.577806257824349,0.006021902190124884,84823.23215512405,1260.0309610753498,0.9853626487256356,6711,224,27928.522809710663,-0.0026214946622150135,0.07461666365864375,99.7378505337785,9981.665087711672,71.96154163648174,0
dodo-k10000000000000000,841,10000,12.68210248599321,-12.690118802468135,12.690118802468135,-0.008016316474924068,145019.6529465557,2248.62794836903,0.984731077631215,5737,433,65349.946073212515,0.0008959790531844192,0.09109919735999966,100.08959790531844,9998.5950442804,100.83021057413497,0
dodo-k10000000000000000,842,10000,41.87758637080238,-41.82517281193023,41.82517281193023,0.05241355887215349,297219.92163275584,3866.0569357937325,0.9871596247883276,11553,811,141619.1388256985,0.001794797192831652,0.21175314712994178,100.17947971928317,9977.166704123707,104.82636872516866,0
dodo-k10000000000000000,843,10000,9.88378248002891,-9.886745231705902,9.886745231705902,-0.002962751676992781,108551.54201206399,2019.0021678606977,0.9817401444224123,5657,291,44529.61489722744,-0.007190091495373565,0.12212702643372098,99.28099085046264,10067.807557600407,90.99599602018608,0
dodo-k10000000000000000,844,10000,19.956432654155368,-19.94619444920579,19.94619444920579,0.010238204949576613,220621.99614723533,2044.9322179634676,0.9908161834674902,9183,607,96200.63469536492,0.0037252913776426055,0.0788414217444472,100.37252913776426,9927.889279158859,130.21283471593298,0
dodo-k10000000000000000,845,10000,21.969797493795895,-21.96332450751848,21.96332450751848,0.006472986277415771,226977.55802297182,2381.5769364389016,0.9896163850772267,9597,636,103659.54782622983,0.001360771439232309,0.08594704767525457,100.13607714392323,9987.510122493668,86.84440521727163,0
dodo-k10000000000000000,846,10000,44.41955234922725,-44.37478963530204,44.37478963530204,0.044762713925216246,300791.1096522332,2862.4383389375353,0.9905733413692214,11520,903,146508.80101141054,-0.001736074022080345,0.269850947196323,99.82639259779197,10039.16364044314,86.26568770451667,0
dodo-k10000000000000000,847,10000,6.397588609633258,-6.401902225428671,6.401902225428671,-0.004313615795412673,115876.07921227394,1891.339337797224,0.9839400458880477,9222,287,37796.812754405175,-0.0009547483713241434,0.06399611499246405,99.90452516286759,10029.041517809592,101.68714168473659,0
dodo-k10000000000000000,848,10000,18.957152874977123,-18.954284294692144,18.954284294692144,0.0028685802849786057,197121.511582156,2651.038057062455,0.9867297180626161,9254,575,86946.6583945925,0.00017325808062281566,0.10506065788426895,100.01732580806228,9993.124843762866,86.78353724731187,0
dodo-k10000000000000000,849,10000,15.268096712208449,-15.266721826647412,15.266721826647412,0.0013748855610362654,135147.04205514007,1908.5246951930903,0.9860748108198352,6516,436,61440.37361833324,0.004877350997030589,0.19180760602018437,100.48773509970306,10007.715227734305,48.957746823523024,0
dodo-k10000000000000000,850,10000,3.2520554759985547,-3.252292935589111,3.252292935589111,-0.00023745959055609944,65086.436924552865,1476.4657603024802,0.9778184889668519,5424,170,21258.87092123295,0.004785983285527209,0.0384662819709429,100.47859832855272,9974.21060428188,67.06723239911757,0
dodo-k10000000000000000,851,10000,20.1636879925246,-20.158999005444528,20.158999005444528,0.004688987080072593,174946.2566096165,1395.0514684787838,0.9920889127812245,7977,509,77812.67342189225,0.013374071639598669,0.14935371010169263,101.33740716395987,9884.99412298502,82.33778507966863,0
dodo-k10000000000000000,852,10000,19.208818204849834,-19.234892334495342,19.234892334495342,-0.026074129645508037,168141.94016910027,1923.8397448222681,0.9886876728181531,6111,452,80460.34926328572,0.006615291540584565,0.1337260120575698,100.66152915405846,9945.18365580737,88.6748237802902,0
dodo-k10000000000000000,853,10000,5.047582791631043,-5.039647443355605,5.039647443355605,0.007935348275437626,103289.42854396199,1939.3048452151245,0.9815705769445802,8359,234,31804.806570041503,-0.008701922739516022,0.048800529694343876,99.1298077260484,10109.909383009342,148.30004310935598,0
dodo-k10000000000000000,854,10000,13.551981105800216,-13.553022363848726,13.553022363848726,-0.001041258048509519,166794.17492339786,1561.7818297027848,0.990723334892194,9688,465,68132.14669242676,-0.003368774941125423,0.08462741333200995,99.66312250588746,10042.139907735194,91.36150052574122,0
dodo-k10000000000000000,855,10000,23.44353325097929,-23.44630867297066,23.44630867297066,-0.0027754219913695977,270585.09017388016,2446.519088924146,0.9910394291139775,10514,711,120240.22918823476,0.00011218170555949314,0.0959891415919121,100.01121817055595,9991.660691364688,198.6265803228232,0
dodo-k10000000000000000,856,10000,17.248432022921186,-17.264583239252474,17.264583239252474,-0.0161512163312878,129491.2254095258,1257.8264718080811,0.9903798425020346,4778,421,64799.51484501094,0.0028328236379529413,0.1580245989642603,100.2832823637953,9997.416265738006,67.00186336323387,0
dodo-k10000000000000000,857,10000,20.643495468343,-20.728031763551442,20.728031763551442,-0.08453629520844075,118386.79383743805,1245.131784040224,0.9895919774126191,5342,378,54793.57920053468,0.010440580918375844,0.3209230633777285,101.04405809183758,10011.998958508027,60.32203024469303,0
dodo-k10000000000000000,858,10000,10.069673167336875,-10.07148784365549,10.07148784365549,-0.0018146763186148718,123221.19394425926,1889.1290887439955,0.9849002940529084,7842,303,43895.676539788314,-0.0004280123882327302,0.13033481774994243,99.95719876117673,9992.128080920062,77.63671165355022,0
dodo-k10000000000000000,859,10000,32.77885176064738,-32.7561901706857,32.7561901706857,0.022661589961678885,280019.2501430377,2227.731149840389,0.9921071568608603,10244,807,136956.1578934815,0.011325478177225819,0.09555022789937836,101.13254781772258,9897.781569054587,80.30670692604882,0
dodo-k10000000000000000,860,10000,9.492148098176159,-9.498167588116601,9.498167588116601,-0.006019489940442213,142499.35167421817,1761.8693262289316,0.9877869512401848,8957,316,47573.5378967368,0.0017112247682794645,0.12084829221359698,100.17112247682795,9973.841872330948,197.45107031287412,0
dodo-k10000000000000000,861,10000,9.475549864070949,-9.473003037438602,9.473003037438602,0.0025468266323471767,110909.2166750998,727.3048939550744,0.9934850630982336,5371,320,47349.41350652701,0.000627569727860049,0.0693175755431345,100.062756972786,9988.013336513584,101.3932377875106,0
dodo-k10000000000000000,862,10000,22.163346004052592,-22.17367001694774,22.17367001694774,-0.01032401289514695,224185.36366440414,2506.0162627554264,0.9889452511888159,9869,627,101033.0617256521,-0.010153348308189435,0.11910119232448664,98.98466516918106,10089.638978866144,57.60465136755883,0
dodo-k10000000000000000,863,10000,12.170585222798575,-12.1656275822953,12.1656275822953,0.0049576405032745186,140062.39048811665,1680.984150763661,0.9881406509824794,6898,387,62245.18581179551,0.0022854583326829925,0.1131887413378584,100.2285458332683,9967.386250186311,145.07392197208722,0
dodo-k10000000000000000,864,10000,5.814123326564936,-5.777118619565869,5.777118619565869,0.03700470699906777,112308.87407283991,1698.9834991766768,0.9850976631316533,8813,272,34727.01615377755,-0.024854043900264033,0.06154932634495992,97.5145956099736,10090.909274899761,46.03179362892335,0
dodo-k10000000000000000,865,10000,7.701022503629435,-7.7026255132735315,7.7026255132735315,-0.0016030096440964314,106989.98418600054,1320.2141935885093,0.9878108043994008,5595,267,41189.55977443481,-0.0007273424289492425,0.05204773658067623,99.92726575710508,10035.270647687546,122.21216496178592,0
dodo-k10000000000000000,866,10000,4.009335207603474,-4.007865814442155,4.007865814442155,0.0014693931613187772,76143.88227060295,2090.2292312385707,0.9732823803950357,5489,181,25140.607774330085,0.0010293977538157152,0.04559135694136927,100.10293977538157,9982.042472393028,108.47222454667182,0
dodo-k10000000000000000,867,10000,18.428392168336938,-18.434836813096908,18.434836813096908,-0.006444644759969975,188071.39440257056,1828.6767600403816,0.9903703208279765,7750,533,84644.62906300173,-0.0027522041683498344,0.10143770376771016,99.72477958316502,10061.091537464177,94.5777182947253,0
dodo-k10000000000000000,868,10000,6.354346283859071,-6.34812944551588,6.34812944551588,0.006216838343190645,91770.99330593184,464.5005288557618,0.9949639720074815,5237,251,36134.96496146014,0.007496920944081609,0.056758706046141895,100.74969209440816,9923.473797184803,99.10295489690044,0
dodo-k10000000000000000,869,10000,6.216508833079793,-6.213578633675127,6.213578633675127,0.0029301994046662116,83272.20494738057,1217.3933847374042,0.9855912040207366,5172,247,33580.35930292874,0.0035599065078001503,0.058696474715639935,100.35599065078002,9943.683440198734,80.18677816515901,0
dodo-k10000000000000000,870,10000,6.02670370199456,-6.022611202927408,6.022611202927408,0.004092499067152033,76778.96635134389,994.6879931650369,0.9872104763296974,4056,210,32264.159839287724,0.004152272395732268,0.05455748218530658,100.41522723957323,9955.462081575568,105.06790297340291,0
dodo-k10000000000000000,871,10000,6.4885456130582,-6.476798586083376,6.476798586083376,0.011747026974823882,79817.35935775262,1157.513147454701,0.9857052797782392,4401,202,32591.712150704105,0.0016203448693099176,0.06326688992489096,100.16203448693099,9956.400896859066,162.52717894192187,0
dodo-k10000000000000000,872,10000,18.25027356264601,-18.230754243701583,18.230754243701583,0.01951931894442893,161299.60764929597,1360.7650922142054,0.9916343171401886,7418,511,72893.66659506925,0.022230675034380597,0.20749281537543054,102.22306750343806,9894.282739448852,46.93697407140254,0
dodo-k10000000000000000,873,10000,21.8004099602166,-21.798318827561516,21.798318827561516,0.002091132655085204,202846.33041335485,90.33076476100536,0.9995548819802367,8093,578,94312.1508499047,0.004456263925099506,0.09738420127410465,100.44562639250995,9957.588666892438,98.61261982968234,0
dodo-k10000000000000000,874,10000,10.170057569627328,-10.163667281859674,10.163667281859674,0.006390287767654712,110540.5824091479,1294.8977268548394,0.9884214050381854,5282,303,47099.21061582382,0.0010944524258638922,0.10085006801529034,100.10944524258639,10003.325562367449,103.32487417824419,0
dodo-k10000000000000000,875,10000,25.077150322060774,-25.058481895839506,25.058481895839506,0.018668426221267964,207798.42063490316,1934.3585931360274,0.9907770325637424,8324,637,98258.21983565815,-0.00276386516117455,0.148254371222626,99.72361348388254,9994.29569038774,86.56645037972162,0
dodo-k10000000000000000,876,10000,22.777782235085837,-22.76489284281503,22.76489284281503,0.01288939227080732,239180.04137819188,2522.364913197617,0.9895641712802945,10795,701,106731.41973600778,-0.006936936042270929,0.08847171167758418,99.3063063957729,10059.7918721215,85.52460096449374,0
dodo-k10000000000000000,877,10000,18.383711109401986,-18.40686391201234,18.40686391201234,-0.023152802610354684,144045.40490267175,1246.8149130809252,0.9914185706938609,5639,439,69250.46646879966,0.006785690937283135,0.12511217146402787,100.67856909372831,9973.148347711436,70.11026216843064,0
dodo-k10000000000000000,878,10000,14.535002243508949,-14.545781378757667,14.545781378757667,-0.010779135248718319,143549.45417125872,1565.5900330975408,0.9892113871330058,5787,441,67496.36988384384,-0.007690816904092941,0.09476193586547339,99.2309183095907,10073.147104156053,99.63650055586174,0
dodo-k10000000000000000,879,10000,29.22412502114445,-29.236709137240766,29.236709137240766,-0.012584116096316933,292563.9440771318,2074.2952021532597,0.992959857460365,10775,825,137550.7125105185,-0.003193491412208118,0.08000886972510728,99.68065085877919,10055.149708182335,106.96298308753185,0
dodo-k10000000000000000,880,10000,8.668471977168887,-8.66855865414206,8.66855865414206,-0.00008667697317399359,130472.43129382093,1678.2827420352612,0.987300237049193,7355,339,48655.78030819779,-0.0006771181498505996,0.06817437367191673,99.93228818501494,10001.421421610894,105.03268926818903,0
dodo-k10000000000000000,881,10000,28.55867354650311,-28.558957951655486,28.558957951655486,-0.0002844051523780422,229742.85758209202,1522.3049027721988,0.9934174914785454,8513,749,114823.38550176629,-0.00007033649378399786,0.17657692827379307,99.9929663506216,10006.823602574597,79.91864952698177,0
dodo-k10000000000000000,882,10000,7.01123482851828,-7.014200136503533,7.014200136503533,-0.002965307985252963,120801.73294425759,2962.7694736476674,0.9760612339098368,7850,304,41110.743841489704,-0.005941313060122156,0.06104592226872356,99.40586869398778,10076.598213259864,92.96718688283305,0
dodo-k10000000000000000,883,10000,7.438464236621731,-7.440912675854136,7.440912675854136,-0.0024484392324053417,112353.79756978618,1984.573750801059,0.9826429769124783,8514,314,40522.28638942672,0.0013344190841144154,0.09992586119126443,100.13344190841144,10007.522369557923,57.866316955603345,0
dodo-k10000000000000000,884,10000,9.476139913594656,-9.473396892522388,9.473396892522388,0.0027430210722680926,127535.83371373452,1436.9857339122932,0.9888582281129737,6534,348,52557.28183574893,0.003939978592834166,0.06298701928091945,100.39399785928342,9940.264689289368,171.72152903121366,0
dodo-k10000000000000000,885,10000,8.6734321932396,-8.672388868158407,8.672388868158407,0.0010433250811932027,106910.20985318138,1055.7611094328813,0.9902213530798657,5692,282,42558.2993306404,-0.0015528665277159347,0.06519419564125528,99.8447133472284,10014.24051543658,95.93368572207761,0
dodo-k10000000000000000,886,10000,28.067297648180766,-28.06126104970933,28.06126104970933,0.0060365984714358945,266651.45264338685,2453.7203617613873,0.9908819279304064,10856,785,123789.35298731341,-0.006662056460237267,0.13723840243601798,99.33379435397627,10076.160046948886,98.39244390078188,0
dodo-k10000000000000000,887,10000,4.245579226897414,-4.252086876367443,4.252086876367443,-0.006507649470028909,76155.23896134253,1604.6417520823204,0.9793641433428114,5384,184,25484.074770312138,-0.00017056862931596583,0.0533782602949222,99.9829431370684,10020.53733779589,150.83631635609953,0
dodo-k10000000000000000,888,10000,8.33877129469257,-8.336447326199476,8.336447326199476,0.0023239684930942417,152147.6513392601,1154.135123773169,0.9924714828809157,10992,361,50046.33507333357,-0.00241263817446125,0.057363756139165785,99.75873618255387,10024.491328778224,101.32791616145774,0
dodo-k10000000000000000,889,10000,15.224899624336084,-15.222868913082252,15.222868913082252,0.0020307112538322514,169344.02952579796,2134.900653058216,0.9875500701407952,7700,480,74952.63371050672,0.002626419137527023,0.07079702915844933,100.2626419137527,9972.407572518114,96.7181977662013,0
dodo-k10000000000000000,890,10000,10.072791236598498,-10.07257435161246,10.07257435161246,0.00021688498603822381,97250.81138281216,809.7790056147917,0.9917420545561965,4465,291,45528.33936061778,0.001055785030658285,0.10392017431191221,100.10557850306583,9987.026639078906,101.83985582112363,0
dodo-k10000000000000000,891,10000,5.838312882051483,-5.842603699810013,5.842603699810013,-0.004290817758530352,108765.96136461534,1929.6568042273457,0.9825679025407847,8243,260,36583.40653614111,-0.0010268995075703913,0.050664880798964876,99.89731004924296,10041.094523413312,97.39477003811395,0
dodo-k10000000000000000,892,10000,6.045796145477347,-6.02937123287893,6.02937123287893,0.016424912598417052,90014.05257817393,1117.380610027195,0.9877388013011974,4890,251,36402.37826654234,-0.014773223374949112,0.049853125894442914,98.52267766250509,10152.990399480736,87.98773448184434,0
dodo-k10000000000000000,893,10000,29.600843802159194,-29.613631580955612,29.613631580955612,-0.012787778796418792,280294.4480165117,2127.2923382932213,0.9924676749898195,10669,748,128276.36853621593,-0.0013529809065744303,0.18472470648472294,99.86470190934256,10032.846185188544,162.11446641430615,0
dodo-k10000000000000000,894,10000,34.69692694814936,-34.68168542230046,34.68168542230046,0.01524152584890004,234729.09901205177,2188.2979614871515,0.9907634560001031,8957,656,107901.30640480343,0.004108273973390197,0.29270916543695336,100.41082739733902,9954.706016564342,103.80107120402114,0
dodo-k10000000000000000,895,10000,16.930380018396306,-16.9479711198981,16.9479711198981,-0.017591101501793105,223379.21566668065,2333.9361641714454,0.9896597245431207,10947,549,88829.15984048885,-0.0012917203442026448,0.1018421026235643,99.87082796557974,10048.83687748746,152.32987369519603,0
dodo-k10000000000000000,896,10000,6.70691136016146,-6.706864323969157,6.706864323969157,0.00004703619230284062,105667.25504920316,1999.6323458768793,0.9814276014264322,7340,274,36943.10974998639,-0.0002995968907096369,0.0730680991526998,99.97004031092904,9990.535327811234,74.75278526739645,0
dodo-k10000000000000000,897,10000,12.393708191174376,-12.397485686762877,12.397485686762877,-0.0037774955885012673,134058.60610612138,1898.323188024882,0.9860373193342884,8014,397,53010.694766825596,0.0011135093416970677,0.1651783291333237,100.1113509341697,9992.317364594383,61.66054881566218,0
dodo-k10000000000000000,898,10000,9.548553653347541,-9.547116408521873,9.547116408521873,0.0014372448256683157,147130.7311430978,2118.4496095367504,0.9858059548544669,10082,377,50643.39686685117,0.00015356368229575424,0.09033797615433826,100.01535636822958,9976.887780192026,61.72752126679433,0
dodo-k10000000000000000,899,10000,26.36542940814074,-26.354680291045206,26.354680291045206,0.01074911709553561,195059.972347645,2670.7539299146224,0.9864929746620886,8550,740,97198.95734064517,-0.014433379093124189,0.17608539756672031,98.55666209068758,10040.545697994527,48.27563102318908,0
dodo-k10000000000000000,900,10000,12.333891174329654,-12.326805054124634,12.326805054124634,0.007086120205020308,173404.2292920448,2079.587394287096,0.9881494064036445,11490,472,67245.61919334158,-0.0065625737965947905,0.11187173644796772,99.34374262034052,10057.042970396313,95.15456377734994,0
dodo-k10000000000000000,901,10000,17.277416682604255,-17.270912409426387,17.270912409426387,0.006504273177867503,190951.15563465338,2429.4829175937157,0.9874367830420763,10036,588,78318.92119404633,-0.0012272825703706757,0.10202515669703814,99.87727174296293,9980.575566774813,51.95977984924389,0
dodo-k10000000000000000,902,10000,39.43022243693833,-39.358849131998284,39.358849131998284,0.07137330494004601,225946.2279994094,2576.8380508279606,0.9887239476724792,9720,740,109433.69979583431,0.0030629185015258998,0.43686559724642005,100.30629185015259,9977.092346009673,42.07959173122799,0
dodo-k10000000000000000,903,10000,18.043810392131558,-18.03208508234019,18.03208508234019,0.011725309791369654,250734.58956756454,2441.049441782302,0.990358276762591,11865,603,98646.3592276472,-0.0032940494258288312,0.0670565627366885,99.67059505741712,9997.98689575901,79.3553036882172,0
dodo-k10000000000000000,904,10000,17.27345301215264,-17.272600234526536,17.272600234526536,0.0008527776261040287,214226.75282896144,449.1944777393538,0.9979075696025805,10051,586,90459.19932224425,-0.0018370368491611088,0.0697944001057445,99.81629631508389,10013.437250663592,103.56459739764196,0
dodo-k10000000000000000,905,10000,19.224920638702756,-19.223949629720536,19.223949629720536,0.0009710089822192458,202590.33453497355,1000.0707080148196,0.995087829866927,8506,531,86854.84243413608,0.002598148455182212,0.0735409479163846,100.25981484551822,9974.572908749105,95.28967750177506,0
dodo-k10000000000000000,906,10000,4.405573462188212,-4.402224581903383,4.402224581903383,0.0033488802848289367,100381.44424834214,1892.124967367187,0.9814993748445756,7425,207,30057.213518516233,0.0004960951274262015,0.05007999281885603,100.04960951274262,9984.10714935151,176.99047483532598,0
dodo-k10000000000000000,907,10000,6.446802543585529,-6.450735872056953,6.450735872056953,-0.0039333284714233585,100241.56241146207,1682.1986150739267,0.9834955205917494,5439,271,37118.352063103805,-0.0021938226213471523,0.05804697708015596,99.78061773786528,10000.077116692491,116.46277568617353,0
dodo-k10000000000000000,908,10000,13.245468411135422,-13.2360145273731,13.2360145273731,0.009453883762320814,159837.751142003,2586.074664481209,0.9840782308159498,8477,441,67394.6375316504,-0.0008793563726732145,0.0918346987542776,99.91206436273268,10003.39467317499,80.53688170807973,0
dodo-k10000000000000000,909,10000,16.431078942732114,-16.29180594098493,16.29180594098493,0.13927300174718482,158250.5260340962,1371.9911548114992,0.9914047768512021,6819,488,73429.00397973652,0.0586861936542779,0.10458287334390676,105.86861936542779,9635.373738921762,63.95569969304597,0
dodo-k10000000000000000,910,10000,22.900086843310735,-22.90138166307368,22.90138166307368,-0.0012948197629434333,250139.58794048734,3056.8146850938615,0.9879271006483683,10710,623,108550.31904985705,-0.004888309188581843,0.11888992195984471,99.51116908114182,10049.971120574464,185.42967231080868,0
dodo-k10000000000000000,911,10000,11.389053369683403,-11.384322505270177,11.384322505270177,0.004730864413225788,180883.42235902578,2275.5262547921725,0.9875762212438224,11916,459,63732.99790410384,0.006919624389191342,0.0647615032419398,100.69196243891913,9971.565422231532,52.93232788898077,0
dodo-k10000000000000000,912,10000,16.53761858857733,-16.551909897722908,16.551909897722908,-0.014291309145576747,212164.66095939826,1489.9756732046112,0.993026242272632,9104,563,89699.54809124442,0.002083460996966409,0.06838460041210424,100.20834609969664,9997.74020218898,134.0828478532055,0
dodo-k10000000000000000,913,10000,12.068751927819456,-12.073845473941091,12.073845473941091,-0.005093546121635484,171166.36581509365,2920.2654665739656,0.9832252169791886,9642,448,65851.43513206783,-0.0023734392688756147,0.06795897846343664,99.76265607311244,10036.213646347827,74.17759602197118,0
dodo-k10000000000000000,914,10000,8.592240239367104,-8.589602370900536,8.589602370900536,0.002637868466567994,120032.37367515374,1893.2456888788554,0.9844721257209594,7171,328,45389.912236615644,0.0012577352237437367,0.06618849235613311,100.12577352237437,10002.549226729288,80.71806694001118,0
dodo-k10000000000000000,915,10000,18.175727867117853,-18.164727397308994,18.164727397308994,0.011000469808859492,181668.89570333925,2181.480325291439,0.988134479937361,8785,538,81645.01735575477,0.0072650640433074894,0.10915029099325252,100.72650640433075,9927.024189989123,91.80961420802007,0
dodo-k10000000000000000,916,10000,9.640187155860323,-9.657277893551594,9.657277893551594,-0.01709073769127123,98165.88651208405,1648.1275146330295,0.9834880148774312,7382,286,33407.186615342594,0.007121809494978493,0.19787110614443562,100.71218094949785,10004.566763641777,31.36505247600264,0
dodo-k10000000000000000,917,10000,23.25139032613628,-23.24998358366271,23.24998358366271,0.0014067424735699774,267033.3571350191,3100.4653333847405,0.9885224837635894,11561,672,110502.16760646341,-0.001661617412583638,0.07365259055178967,99.83383825874164,10076.26239118682,177.4678224861306,0
dodo-k10000000000000000,918,10000,12.805983103345879,-12.817372850870186,12.817372850870186,-0.01138974752430677,104625.91304771902,1477.6721199919368,0.9860733064047149,5322,330,46656.392479540635,-0.0033217286528382317,0.21135351741460184,99.66782713471618,10003.62497500083,114.53240818853689,0
dodo-k10000000000000000,919,10000,14.230535654991133,-14.22748888106588,14.22748888106588,0.003046773925252211,183838.8788818295,1686.681219265154,0.9909086315742905,8916,407,71668.9028992661,0.0012945539715703092,0.0742480195912684,100.12945539715703,9983.85480930222,224.58719251823345,0
dodo-k10000000000000000,920,10000,6.9812490630639195,-6.973867905053979,6.973867905053979,0.007381158009940769,94987.35988481325,1256.332528704145,0.9869463390566289,5986,255,37110.57279629712,0.004116400253102626,0.0841507132178279,100.41164002531026,9959.520530921873,76.11630482573209,0
dodo-k10000000000000000,921,10000,3.6368742325196575,-3.6339945999754804,3.6339945999754804,0.002879632544177113,95074.63920726046,1648.3574454483044,0.9829579572336158,7755,196,28504.33467262292,-0.0009709560860635235,0.026155533715531618,99.90290439139365,9989.222469123568,157.45369450939688,0
dodo-k10000000000000000,922,10000,13.850684931127141,-13.851661557208118,13.851661557208118,-0.0009766260809769278,138963.7323017924,1417.415669416702,0.9899030910496088,5403,409,64520.870617583016,0.0008457550756277498,0.07745705948932198,100.08457550756277,9997.58376460423,94.81008829113199,0
dodo-k10000000000000000,923,10000,14.310838631883286,-14.306630846096652,14.306630846096652,0.004207785786633167,176385.7628263909,1618.379248560435,0.9909081933167657,8538,477,72708.45570752218,-0.0006654715730677196,0.11019962316349932,99.93345284269323,10000.566914622323,110.38617493415198,0
dodo-k10000000000000000,924,10000,7.21749339648093,-7.222499819789945,7.222499819789945,-0.00500642330901524,76904.61538948069,2025.9020962387976,0.9743330949704551,4410,215,31791.76059408026,-0.00005524405816174749,0.12489233092683293,99.99447559418383,10004.111029815138,116.5546764444914,0
dodo-k10000000000000000,925,10000,14.11968862904065,-14.137475491275808,14.137475491275808,-0.01778686223515713,119873.13925187633,1116.7186497663681,0.9907701466128327,4947,310,54790.921060056506,-0.00817566635930433,0.10260096904314253,99.18243336406957,10072.163238624536,91.18801028239726,0
dodo-k10000000000000000,926,10000,7.54426925330856,-7.529174787481637,7.529174787481637,0.015094465826923198,107831.2628718211,1787.0203218594208,0.9836977895493765,5880,305,43372.23991319671,0.003832627715810162,0.08484105300181284,100.38326277158102,9953.633910664432,103.07168258716703,0
dodo-k10000000000000000,927,10000,14.002801164177018,-14.002551050851295,14.002551050851295,0.00025011332572333345,145157.8917259571,1670.3383773949865,0.9886238608459748,5622,436,69119.2179534053,-0.007631042478176226,0.08123598903501175,99.23689575218238,10076.398119722413,104.82748780615688,0
dodo-k10000000000000000,928,10000,11.782748607903248,-11.783254574619647,11.783254574619647,-0.0005059667163997972,105777.59905915386,859.37927763468,0.9919410762472983,4509,305,46288.9708776738,-0.001765775834177248,0.18708046748262844,99.82342241658228,10015.940132803387,83.2080907777807,0
dodo-k10000000000000000,929,10000,9.456003027203842,-9.458527137966684,9.458527137966684,-0.002524110762841758,117202.29418613538,1371.1656707893374,0.9884361502781158,5208,321,52337.4104780835,0.00040429400153826125,0.06162896156218238,100.04042940015383,10001.447810800577,127.89647149898721,0
dodo-k10000000000000000,930,10000,9.284999515600477,-9.283828178397357,9.283828178397357,0.0011713372031199043,151254.60679624722,2253.619565635893,0.9853192260828865,9812,387,56551.12030156437,-0.0005701612527072086,0.04568568254765751,99.94298387472928,9987.631783914912,110.88951471751186,0
dodo-k10000000000000000,931,10000,12.079716042595065,-12.088113563116778,12.088113563116778,-0.008397520521713275,96641.77931047019,896.7747567552769,0.9908059457582568,4077,288,46546.36359459562,-0.0002158513056409106,0.1192170838290204,99.97841486943591,10015.72737879137,107.36776649630849,0
dodo-k10000000000000000,932,10000,11.715488220092475,-11.712983010734618,11.712983010734618,0.002505209357856586,181935.8101198375,185.16847427506738,0.9989832666411937,11022,481,67691.80514322505,0.0037054000495521677,0.09754112721209922,100.37054000495522,9961.833320277325,101.02862854195298,0
dodo-k10000000000000000,933,10000,19.787334192172487,-19.78386558686826,19.78386558686826,0.0034686053042278786,240743.36454907065,2036.2239998765883,0.9916128698790259,10129,615,104134.63624332676,0.00332255114642976,0.08484021521411819,100.33225511464298,9937.099629614111,118.56551349852177,0
dodo-k10000000000000000,934,10000,15.610275513023415,-15.478079404451009,15.478079404451009,0.1321961085724066,154834.2972522365,1692.7634700333367,0.9891854899579514,8099,444,62725.12588638371,-0.0005250441336465883,0.28462536171210107,99.94749558663534,9953.349594088508,73.91346420600289,0
dodo-k10000000000000000,935,10000,15.483867349078324,-15.49877836657086,15.49877836657086,-0.014911017492536871,129279.40918878494,1244.574517750283,0.9904647829279519,6434,421,59263.298762828665,0.0030003626009073516,0.1437928016848457,100.30003626009074,10005.994928410992,60.009998089698215,0
dodo-k10000000000000000,936,10000,3.0500383514528338,-3.039704770571319,3.039704770571319,0.010333580881514592,56539.513833069286,1849.4800103042753,0.9683248521927704,4173,127,17318.620716402893,-0.010008002681470032,0.05704383305095803,98.999199731853,10112.748569785446,105.05855312620623,0
dodo-k10000000000000000,937,10000,25.336376187322912,-25.304474190480136,25.304474190480136,0.031901996842776725,220969.84892468082,2469.623817940565,0.9889472357429643,8263,606,103237.20207086854,-0.003278353818658246,0.15560439769775997,99.67216461813418,10004.0145494782,150.2718954070977,0
dodo-k10000000000000000,938,10000,8.98077218120466,-8.976510164939043,8.976510164939043,0.0042620162656170635,153347.98157348033,2094.3630459192036,0.9865264317065775,9640,378,54215.03324260472,-0.007244950834941619,0.05351750418487839,99.27550491650584,10095.811736645772,126.17586885449033,0
dodo-k10000000000000000,939,10000,11.234155940655269,-11.232137933744198,11.232137933744198,0.002018006911070458,157818.75927521032,1074.7040513278632,0.9932363230756746,9534,402,58971.879030422744,0.0043583031098945926,0.0750405826705402,100.43583031098946,9955.595032088517,101.06099073645629,0
dodo-k10000000000000000,940,10000,11.329811648260396,-11.328294763661575,11.328294763661575,0.0015168845988213775,119096.09120884618,1366.066522177925,0.988659787040938,5850,343,53451.50266134652,0.006849337023898982,0.0649860860084516,100.6849337023899,9925.804530579719,120.78313631376483,0
dodo-k10000000000000000,941,10000,20.257832747633003,-20.27030654722418,20.27030654722418,-0.012473799591177226,226468.93548687274,1917.9435713520834,0.9916022164703117,8535,621,105151.39748225476,0.0007364301786115846,0.06155582996931102,100.07364301786116,10025.60199321538,169.26597924815883,0
dodo-k10000000000000000,942,10000,23.410020089502744,-23.420261275036516,23.420261275036516,-0.010241185533772068,174734.26950962585,1639.5288459343276,0.9907042380375054,9501,583,76565.5897300607,0.0010917289743822777,0.180837102709731,100.10917289743823,9998.646171355042,25.402786763145137,0
dodo-k10000000000000000,943,10000,21.01529821637688,-21.008473138384105,21.008473138384105,0.006825077992775874,224677.18067583285,2831.4712809771936,0.9875544457029497,11508,632,90821.57512835195,0.004274641435921041,0.22777570606632552,100.4274641435921,9969.50022502206,78.19488420272818,0
dodo-k10000000000000000,944,10000,8.910364441928404,-8.911896128875256,8.911896128875256,-0.0015316869468513516,125432.62162085145,1690.07769293296,0.986705146271625,6239,358,51074.88138655662,-0.0021973838719071635,0.06581390327768886,99.78026161280928,10029.965582263752,79.20098667178127,0
dodo-k10000000000000000,945,10000,3.2933646888700956,-3.2818415929858276,3.2818415929858276,0.011523095884268031,67318.99441871812,1096.7711616294744,0.9839690288879188,4253,155,22391.17806806171,0.00028312005595623193,0.03826217763119672,100.02831200559562,9947.684858322775,173.7740876760304,0
dodo-k10000000000000000,946,10000,7.798010452155726,-7.808999780224127,7.808999780224127,-0.01098932806840125,83360.13503407066,821.9706889964872,0.9902358027049061,4213,264,37391.62481706983,0.009566380286796771,0.10306718646435428,100.95663802867968,9983.810720936764,52.164583536131765,0
dodo-k10000000000000000,947,10000,10.133001800011641,-10.134956370946085,10.134956370946085,-0.0019545709344441775,119408.96200749841,1117.6294673603757,0.9907271129658263,5672,334,49756.99381485088,-0.003927510695483534,0.06619131064622792,99.60724893045165,10072.28727889216,128.16906905538224,0
dodo-k10000000000000000,948,10000,8.50964094539681,-8.513410283003807,8.513410283003807,-0.0037693376069967144,87261.56669909517,1120.5436824017452,0.9873216007451623,3992,274,38775.60282011657,0.003060324282410818,0.13068395897339258,100.30603242824108,9979.057170527645,83.92570193792658,0
dodo-k10000000000000000,949,10000,41.068881429684645,-41.06912376294308,41.06912376294308,-0.00024233325843425746,251849.61155317852,1784.3886998658447,0.9929647101804743,9218,788,125300.11139976843,-0.004165274889698907,0.18844284235184006,99.58347251103011,10016.532007619673,70.36953262042883,0
dodo-k10000000000000000,950,10000,4.144314410547869,-4.138536556678162,4.138536556678162,0.005777853869707528,73600.60606836362,124.6179511685828,0.9983096972192914,5934,152,21331.668844844233,-0.007337755812514786,0.07918016245655408,99.26622441874852,10072.492400091976,98.44005129273961,0
dodo-k10000000000000000,951,10000,10.924987027832902,-10.894614217228366,10.894614217228366,0.030372810604536227,150173.58853145537,1727.8521932228398,0.988625175739086,8651,376,56848.74776677635,0.00013125112633048276,0.11263917497518762,100.01312511263305,9950.81755890996,148.9629282748829,0
dodo-k10000000000000000,952,10000,13.429531521756351,-13.428424736736659,13.428424736736659,0.0011067850196919693,189843.24144582465,299.35990019522086,0.9984256032152918,11820,467,68470.07926089248,0.001101464542713302,0.09555860680496991,100.11014645427133,9986.69160321017,98.64640832164508,0
dodo-k10000000000000000,953,10000,9.503707997887556,-9.506402916286405,9.506402916286405,-0.0026949183988485004,156243.2589321953,3164.8088262146534,0.9801464952764432,10534,388,53759.649251274204,0.002038948137460892,0.07897063682772681,100.20389481374609,9994.701932241993,119.56303624451994,0
dodo-k10000000000000000,954,10000,8.553315131756673,-8.550963585268661,8.550963585268661,0.00235154648801128,124350.48782747198,2454.1447458269786,0.9806462532478191,8366,340,46075.98052606228,-0.005546591197792736,0.0585717189839221,99.44534088022073,10071.02171279136,73.36659174298256,0
dodo-k10000000000000000,955,10000,13.618509980461857,-13.600707954840168,13.600707954840168,0.01780202562168931,162268.7801089161,2266.425543139335,0.986225285134829,9081,481,65481.09463800838,0.009583807395317194,0.09188537948737562,100.95838073953172,9916.632661346906,44.53245722914996,0
dodo-k10000000000000000,956,10000,38.82178358595007,-38.81337290330822,38.81337290330822,0.008410682641851963,314545.6362653389,2496.0618630561644,0.9921270234237601,11861,885,154119.25662154114,0.005841854754265369,0.17678194327835597,100.58418547542654,9928.826808073054,107.41825791751016,0
dodo-k10000000000000000,957,10000,18.345426084777774,-18.351654437418304,18.351654437418304,-0.0062283526405302325,186465.70356394508,3079.2467356170164,0.9837545303594187,11172,506,72434.22919310202,-0.0006123281537712444,0.19691596737175615,99.93876718462288,10012.473412102925,79.42004567793134,0
dodo-k10000000000000000,958,10000,14.754333579334853,-14.74924058065973,14.74924058065973,0.005092998675122473,144316.58177311262,1937.4525768144238,0.9867528264404736,6472,429,66222.81411143813,0.0005827505184566917,0.13603132518677682,100.05827505184567,9990.864412988201,103.19117791931505,0
dodo-k10000000000000000,959,10000,12.812699076482069,-12.811630572273302,12.811630572273302,0.0010685042087672514,167449.2917329795,2320.431964585265,0.9863318858389675,10412,467,65982.78005486366,0.0016980526397564687,0.07263430310333789,100.16980526397565,9959.667205575453,63.97954373227681,0
dodo-k10000000000000000,960,10000,13.918806523840303,-13.9013407951646,13.9013407951646,0.017465728675702508,184465.5154380623,2408.340535168333,0.9871124801132518,10036,507,74869.76314811407,-0.012499758369108492,0.07005149992909068,98.75002416308915,10081.705354762482,80.69917607259077,0
dodo-k10000000000000000,961,10000,2.5186992370297387,-2.5194059396503263,2.5194059396503263,-0.0007067026205875848,63748.50442008485,1288.047660259635,0.9801950192767228,5210,145,19046.237073788845,0.006406297645288248,0.03297600300429437,100.64062976452882,9960.111277761802,108.08405333850828,0
dodo-k10000000000000000,962,10000,10.209368925136278,-10.193430524597133,10.193430524597133,0.015938400539145192,160502.86210596169,1201.8416155080874,0.9925676768340752,10194,405,57959.684597870226,0.010085468786760999,0.08207434354906226,101.0085468786761,9881.828645440997,113.53587072471963,0
dodo-k10000000000000000,963,10000,15.766638400233619,-15.791095616768075,15.791095616768075,-0.024457216534456094,181984.77884328156,3020.212701093275,0.9836749664110069,10318,517,72372.8373352127,0.00421861226892915,0.10954784293990329,100.42186122689291,9987.073835218485,87.66726353746705,0
dodo-k10000000000000000,964,10000,10.641049824658026,-10.659135533739828,10.659135533739828,-0.018085709081802293,158614.22805176146,2082.539992761716,0.9870405608146101,9753,448,62501.50448515189,0.006610667046071654,0.09254242175719284,100.66106670460717,9990.078710255562,61.096299341296785,0
dodo-k10000000000000000,965,10000,8.080180794086546,-8.073332689220763,8.073332689220763,0.006848104865783355,142861.72476810787,26.838847171081795,0.9998121693822654,9125,352,48756.851873799875,-0.007905706222899767,0.0516460270608431,99.20942937771002,10078.929823286724,100.07319535446113,0
dodo-k10000000000000000,966,10000,15.916695609878397,-15.909574141403809,15.909574141403809,0.00712146847458861,189805.9716883545,1081.6660046066438,0.9943334936841406,9137,531,80561.78155666325,-0.008012902996873805,0.07984786818032077,99.19870970031262,10089.974687572603,103.84998603647017,0
dodo-k10000000000000000,967,10000,20.167008811154016,-20.1639548554123,20.1639548554123,0.0030539557417164076,153988.81045431417,1423.887479163123,0.9908380235457169,5719,500,77509.76537992373,-0.011673411204669151,0.14253645395330708,98.83265887953308,10081.048167075389,83.88825720589213,0
dodo-k10000000000000000,968,10000,27.36260664783418,-27.346343569871365,27.346343569871365,0.01626307796281523,237394.52778560523,3117.217076906122,0.9870392313743843,8833,718,113492.80028636743,0.008192695223675486,0.1525084683502044,100.81926952236755,9912.012264588146,92.76347330671241,0
dodo-k10000000000000000,969,10000,20.25682241470765,-20.26661553749794,20.26661553749794,-0.009793122790291875,180104.41794982867,2225.0936619179956,0.9877963054787526,8343,585,79950.120453611,-0.0065361404619052625,0.1930650090362282,99.34638595380947,10061.648718260061,62.133199381701424,0
dodo-k10000000000000000,970,10000,15.438090937728298,-15.444781025442936,15.444781025442936,-0.006690087714638082,195728.50761088278,2070.106919210514,0.9895342698727773,7596,536,90789.83316975544,0.0009178216259812189,0.05521874254403997,100.09178216259812,9981.990501558721,181.17236352138633,0
dodo-k10000000000000000,971,10000,18.43571517615564,-18.428488557573033,18.428488557573033,0.007226618582606648,182457.5963937607,1577.2526512292204,0.9914295979298811,7782,521,82464.64640748587,0.005457972112716902,0.11666783967843258,100.54579721127169,9932.144906068366,108.39538477256826,0
dodo-k10000000000000000,972,10000,6.624717843229335,-6.625310289607356,6.625310289607356,-0.0005924463780209166,84233.09979629541,1361.089852318476,0.9840983382411108,4459,220,32173.1998791994,-0.0048271753485951766,0.08617663644055185,99.51728246514048,10051.838488412566,110.90080125537601,0
dodo-k10000000000000000,973,10000,18.36605439602762,-18.379183544625448,18.379183544625448,-0.013129148597826656,230609.61804814922,2918.575411442581,0.9875022567159644,11704,623,94077.5122021819,-0.002055696897061665,0.09093031204175744,99.79443031029383,10063.496225155726,153.51238374577542,0
dodo-k10000000000000000,974,10000,5.797138120174734,-5.799041176602543,5.799041176602543,-0.0019030564278095241,101039.26322891712,1907.5404359423103,0.981470620086931,6687,241,34797.07635716705,-0.0032031297480088483,0.048642587772906726,99.67968702519912,10027.899006180138,117.57216251344016,0
dodo-k10000000000000000,975,10000,14.034241707614804,-14.037512428503575,14.037512428503575,-0.00327072088877145,117913.00688543041,1183.6254491642671,0.9900616379660598,4469,381,59675.44199825524,-0.002870868674450122,0.08555100562399147,99.71291313255499,9986.032836113694,64.16033880879931,0
dodo-k10000000000000000,976,10000,7.012190653155962,-7.011596916386608,7.011596916386608,0.0005937367693533702,106984.58514776376,217.62295197485926,0.9979699769637917,6374,283,40600.75152914347,0.0017768225677548344,0.055657046177285424,100.17768225677548,9980.105465355811,102.75298993868925,0
dodo-k10000000000000000,977,10000,12.3912198595733,-12.378068707176197,12.378068707176197,0.01315115239710174,137446.2049172327,1726.255816165171,0.9875962830069374,6941,374,56944.68762108939,0.0037559155853101344,0.13538822008724707,100.37559155853101,9947.81982117296,91.86459830000013,0
dodo-k10000000000000000,978,10000,8.967980995042515,-8.96343655691797,8.96343655691797,0.0045444381245456356,113299.29608361052,2500.3696347675377,0.9784077991999702,9078,333,38220.850393291184,-0.011463369235407299,0.24867196034169525,98.85366307645927,10011.017057439132,23.8162423587413,0
dodo-k10000000000000000,979,10000,17.15173989735295,-17.16626560265682,17.16626560265682,-0.014525705303871206,189854.50316533973,1899.441599434922,0.9900943805783763,8907,533,82843.50647426175,-0.0006845109194405552,0.08639742593495142,99.93154890805594,9999.62139572087,126.11982565019574,0
dodo-k10000000000000000,980,10000,9.157618707654274,-9.132571192889245,9.132571192889245,0.025047514765029533,126221.4731821431,2373.198577722466,0.9815451251187599,9585,277,40812.34833772884,-0.009979465203926025,0.13199580092834964,99.0020534796074,10103.757783784413,113.32141015727349,0
dodo-k10000000000000000,981,10000,14.07533019528587,-14.065690057825321,14.065690057825321,0.009640137460548814,179704.49880071828,2146.639255094687,0.9881956237500374,8680,484,73348.36856085154,-0.004130672392124665,0.09385732625020182,99.58693276078753,10052.178569648026,133.91110719652707,0
dodo-k10000000000000000,982,10000,15.745104450356166,-15.735463103259733,15.735463103259733,0.009641347096433606,197240.99156015742,2283.4178120937645,0.9885556969231087,10109,478,76356.23674079281,-0.0013697013330418884,0.10937150781141185,99.86302986669581,9998.456761648993,137.53453606259666,0
dodo-k10000000000000000,983,10000,22.013756757094715,-21.971835842298802,21.971835842298802,0.04192091479591298,200223.18232902695,1882.236486949612,0.9906868578884397,8150,609,92587.9363015595,0.025724097070329178,0.16298346392751825,102.57240970703292,9785.7813964711,82.94149992009324,0
dodo-k10000000000000000,984,10000,21.921301987554962,-21.92033015232097,21.92033015232097,0.0009718352339902481,217871.44863056944,1562.399004735793,0.9928798632409142,8030,625,104505.5268041404,-0.00022997513190688322,0.085687154620569,99.97700248680931,9997.309999741396,132.2300375431944,0
dodo-k10000000000000000,985,10000,16.10101912176757,-16.10178706507955,16.10178706507955,-0.0007679433119776036,204937.82581969374,1762.1612271885622,0.9914747879167071,10556,556,84908.47770668165,0.0001456218409727228,0.05841033781895419,100.01456218409727,9999.774946388194,108.3868371185161,0
dodo-k10000000000000000,986,10000,18.178151915329096,-18.1749292657708,18.1749292657708,0.003222649558296098,194992.38635554275,602.0409523866138,0.9969219933273518,8768,557,87308.35015304852,0.004409801501360278,0.0826663262317581,100.44098015013603,9954.771037410257,105.05371503082581,0
dodo-k10000000000000000,987,10000,17.065906706556905,-17.077866456498256,17.077866456498256,-0.01195974994135085,145657.78889329886,1422.1338385499664,0.990330877171164,5606,427,69644.65108717262,-0.0009285217555384406,0.1515738619354542,99.90714782444616,10022.847388795612,94.71457169401732,0
dodo-k10000000000000000,988,10000,22.733151539444894,-22.72491537172627,22.72491537172627,0.008236167718624898,253875.3382430656,1934.2936229129189,0.9924385426428105,11751,735,113038.5452914678,0.006943557931412414,0.10184222635141253,100.69435579314124,9932.836051611997,95.34830776808288,0
dodo-k10000000000000000,989,10000,23.624797743612703,-23.612876789687476,23.612876789687476,0.01192095392522674,193678.62625465455,3346.9434691417323,0.9830126441261726,8380,573,91701.45917444612,0.008199881464163212,0.19066888787299888,100.81998814641632,9923.525926866423,87.92640818545736,0
dodo-k10000000000000000,990,10000,12.462479798995577,-12.435361924115455,12.435361924115455,0.027117874880122628,120799.17063649077,1278.9592715358363,0.9895234365688645,6106,341,50577.479548718264,-0.005845370908803744,0.13370269348439082,99.41546290911963,10008.670460750789,63.800433732442364,0
dodo-k10000000000000000,991,10000,27.247450873245967,-27.272381997364178,27.272381997364178,-0.0249311241182113,278009.3984120468,2749.1946913018073,0.9902079766787768,10294,793,131971.5656306163,0.0012573318446925442,0.12346111704033319,100.12573318446925,10005.173596477707,131.43011031994297,0
dodo-k10000000000000000,992,10000,23.227013780817177,-23.214962596609325,23.214962596609325,0.012051184207852117,247660.31201308215,3201.2248083853356,0.9872390767873531,10888,691,108363.07741960869,0.006295248241152791,0.10325606039515818,100.62952482411528,9900.963650889445,105.72201433928285,0
dodo-k10000000000000000,993,10000,10.856738324498657,-10.837548187105085,10.837548187105085,0.019190137393572115,108195.72602259336,1263.4477415812382,0.9884573608759071,4389,344,50555.7402229194,-0.00668724322611709,0.0811667970975209,99.33127567738829,10039.06228031779,64.12596545006191,0
dodo-k10000000000000000,994,10000,22.83768099325074,-22.82875059001823,22.82875059001823,0.008930403232508155,245508.42515996538,3333.535100722968,0.9866038062984605,10263,694,109317.39291440515,-0.00009633775706376469,0.10342582124121392,99.99036622429362,9988.282464930264,104.93080575184041,0
dodo-k10000000000000000,995,10000,38.253037522605794,-38.226204381207324,38.226204381207324,0.026833141398469706,293749.61854919477,2657.818580562709,0.9910332257304353,10988,891,144162.9456307577,0.002466534147090442,0.1288545753040937,100.24665341470904,9923.093789864173,75.38367126263556,0
dodo-k10000000000000000,996,10000,31.397610179159393,-31.36903164427497,31.36903164427497,0.0285785348844243,205418.56855224184,1985.2855888600823,0.9904279233523334,7750,666,103673.65577555845,-0.014168876542271249,0.2092470085002951,98.58311234577288,10138.018440635813,87.21507112732313,0
dodo-k10000000000000000,997,10000,8.401327703886622,-8.404637063550467,8.404637063550467,-0.0033093596638451572,116467.91470709292,2580.2559196650745,0.9783259506964224,7219,295,42806.985439990734,-0.0005676197287067452,0.07569909698594572,99.94323802712933,10026.58278464552,107.08728473357351,0
dodo-k10000000000000000,998,10000,25.59863568633227,-25.596166922886752,25.596166922886752,0.0024687634455169416,249152.84157880946,2941.899519137016,0.9883301829053467,9706,727,116518.91249099572,-0.005713356932131574,0.10694300996503912,99.42866430678684,10060.96647370819,96.25685765340556,0
dodo-k10000000000000000,999,10000,14.968063197681538,-14.964656445887726,14.964656445887726,0.0034067517938112246,132532.7077484742,922.3411565645571,0.9930887503760096,5300,393,63521.21119559097,-0.007539884810390021,0.09583787254108272,99.246011518961,10072.95428017704,90.08787327790438,0
flashbots-c100,0,10000,15.722586974931453,-15.723744772192461,15.723744772192461,-0.0011577972610083975,154689.4427323117,1444.2389705551902,0.9907499845337429,6666,477,72934.23150661688,0.0035076435612870684,0.08497097669643253,100.3507643561287,9962.584155575687,88.19719749066152,0
flashbots-c100,1,10000,5.368778978699603,-5.370575347471515,5.370575347471515,-0.001796368771912249,57281.58763568442,1013.2552175116472,0.9826184415650054,3972,167,21902.637273277396,0.0007433191978631726,0.11887710367735892,100.07433191978632,9969.41158646279,51.02014315808477,0
flashbots-c100,2,10000,7.845336433354913,-7.844500486007803,7.844500486007803,0.000835947347110455,123844.72325972072,994.1442810586582,0.9920365804284959,7591,324,45592.55862440906,0.001522795384089619,0.07130411532301566,100.15227953840896,9984.022323090674,92.60684722629529,0
flashbots-c100,3,10000,4.885179118921813,-4.881125558284381,4.881125558284381,0.0040535606374314526,80743.7963934648,1216.9998099173704,0.9851514398798977,5753,186,26595.39880440576,0.006116355336906025,0.0869941845519061,100.6116355336906,9927.795325613586,95.23520454777344,0
flashbots-c100,4,10000,10.183771694550572,-10.181527516855084,10.181527516855084,0.0022441776954877923,101591.20210181033,693.0847625590881,0.9932239370893975,4388,298,47571.761569837545,0.004974217442701132,0.08113779618965893,100.49742174427011,9951.685199273175,99.79690512669549,0
flashbots-c100,5,10000,12.105332366270984,-12.104700345089881,12.104700345089881,0.0006320211811026155,144444.9816588412,1898.915334408258,0.9870242943271091,8636,416,58444.93254422449,0.0003144721095598868,0.08331687807816265,100.03144721095599,10009.543916608543,89.6630303027163,0
flashbots-c100,6,10000,6.394379601473354,-6.39044975517119,6.39044975517119,0.003929846302163753,128045.86402073213,1654.1601279980162,0.9872462619891177,9023,302,41832.10451156953,-0.003744438747750536,0.04497091322188666,99.62555612522495,10038.804325975862,112.87745809577848,0
flashbots-c100,7,10000,16.540856847829257,-16.536110660702022,16.536110660702022,0.004746187127235402,156940.22135560372,34.021681253180546,0.9997832658365157,5836,490,78409.28865554593,-0.006744451571699983,0.09523295406006384,99.32555484283,10067.278725045095,99.57023518258744,0
flashbots-c100,8,10000,35.13604212339346,-35.15512013307442,35.15512013307442,-0.019078009680960406,277980.4619827726,2057.5084547443576,0.9926527518695775,9809,805,135871.46601430202,0.007802596419295327,0.1937082972962449,100.78025964192953,9930.939099916244,118.34002263650147,0
flashbots-c100,9,10000,18.297270553507705,-18.310363386591746,18.310363386591746,-0.013092833084041189,203386.47781360892,1760.6787192320633,0.9914174841660542,9205,572,87625.57300015762,0.0007935913489299651,0.08832182670300753,100.079359134893,9930.461193009227,153.7840946317001,0
flashbots-c100,10,10000,12.852399145876461,-12.842377414659936,12.842377414659936,0.010021731216525609,154869.54386091468,366.3249762742424,0.997640204039065,7561,441,65757.3047054229,-0.009731933231991405,0.10918134021635183,99.02680667680086,10101.173492889879,101.48687291166948,0
flashbots-c100,11,10000,12.824678072145934,-12.823039548958263,12.823039548958263,0.0016385231876707707,145075.7605020509,1616.7770503435017,0.9889784642264708,6170,358,60266.540894682454,0.003430696808481173,0.12433047935994751,100.34306968084812,9947.009935131187,95.23554058680836,0
flashbots-c100,12,10000,34.23104543744447,-34.228851134733745,34.228851134733745,0.0021943027107269586,302302.11964391987,486.4948375555985,0.9983932855652821,11697,800,136727.76656917357,-0.003714997118826062,0.14564566771871285,99.6285002881174,10034.813941536479,101.37104955938125,0
flashbots-c100,13,10000,28.898753493090858,-28.891630155485757,28.891630155485757,0.007123337605101199,285322.1163030006,1836.929893383734,0.9936030923708825,10569,845,140449.85421636212,-0.008847294744249012,0.07892077242556965,99.1152705255751,10093.545954212057,100.44654210855664,0
flashbots-c100,14,10000,16.569576604655012,-16.544573206339763,16.544573206339763,0.025003398315249115,132573.33832278478,1919.5518984585183,0.9857274842164458,6618,437,58943.695199803304,0.006126655361802449,0.12135002082661657,100.61266553618024,10009.147882502637,62.80895993167865,0
flashbots-c100,15,10000,21.363949602013545,-21.35551302604894,21.35551302604894,0.008436575964605453,203159.69717039107,2579.125180925651,0.9874640811517742,7343,626,100530.35065074795,-0.006174657758943453,0.08527985181480816,99.38253422410565,10059.450556728638,92.84026173414608,0
flashbots-c100,16,10000,63.64717571376073,-63.59052320317784,63.59052320317784,0.056652510582893,254798.50244158792,1941.7989583099593,0.9924367193318613,9489,850,130306.34821079201,0.0032164361274969622,0.528836595300791,100.3216436127497,9942.138513481392,33.40793782367383,0
flashbots-c100,17,10000,6.439794403617842,-6.4443916556756875,6.4443916556756875,-0.004597252057845225,120238.81494095975,1545.9526372395324,0.9873058620714051,8713,283,40724.47376392996,0.00000495721643176239,0.050347706863477414,100.00049572164318,10039.68489968015,139.045628647001,0
flashbots-c100,18,10000,27.254278195851622,-27.247195460669303,27.247195460669303,0.007082735182319055,273735.5637565207,1018.7958444683185,0.9962919756907666,10347,773,127722.56232457844,-0.0077741605968863325,0.0905646178967541,99.22258394031137,10077.885807354727,93.76140412178559,0
flashbots-c100,19,10000,7.5951344375679515,-7.591073490693219,7.591073490693219,0.004060946874732352,133002.7056248026,2699.778990478732,0.9801051616841605,10241,279,42900.673862540054,-0.0000056571949679096175,0.08057325523243662,99.99943428050321,10017.502191854646,112.35294496405139,0
flashbots-c100,20,10000,18.624601344875657,-18.6338741452317,18.6338741452317,-0.009272800356043831,183220.96925742808,3215.8144497301664,0.9827511803959174,8195,554,82247.69827896278,-0.0027453006400867254,0.13906704261770714,99.72546993599133,10044.606615947363,96.08783510341532,0
flashbots-c100,21,10000,29.062510931526543,-29.07689012414653,29.07689012414653,-0.014379192619987435,239696.69838123524,1861.9020236409451,0.9922921310997819,9011,733,115643.90027394572,-0.00000778313929771457,0.1801663386338362,99.99922168607023,9948.274851240392,66.664639588171,0
flashbots-c100,22,10000,17.416870349102343,-17.46140058784087,17.46140058784087,-0.04453023873852757,148936.467066344,2025.1271139356784,0.9865851501838457,7423,373,62515.932072952695,-0.009564204009691081,0.19302100340882547,99.04357959903089,10062.372331826034,57.98358028671422,0
flashbots-c100,23,10000,14.825663018522157,-14.838449849236,14.838449849236,-0.01278683071384279,200883.36954292818,1316.926586198619,0.9934870194979456,7867,446,84678.69577931528,-0.004428745569290555,0.06830612536510998,99.55712544307094,10062.783070508944,163.8063401131231,0
flashbots-c100,24,10000,9.747266215673296,-9.749322297172156,9.749322297172156,-0.002056081498860607,207475.6119395565,2306.799890019105,0.9890038451274308,10749,418,73077.89637253752,0.001908198932059406,0.04841718327479867,100.19081989320594,9966.769446075366,179.83882562108087,0
flashbots-c100,25,10000,15.605914269300488,-15.618630302204224,15.618630302204224,-0.012716032903735908,180892.13241470687,2193.627551492819,0.9880185790970428,8850,514,76330.4197856275,0.0011167896863815941,0.09405210618920591,100.11167896863816,10010.50664382578,91.09577641654727,0
flashbots-c100,26,10000,16.297967684185316,-16.301767137212863,16.301767137212863,-0.0037994530275469174,175363.6985538246,1496.4058301050352,0.9915390424803967,10205,611,74517.66587901194,-0.0076651588161071515,0.0869097054968951,99.23348411838928,10027.531608673835,48.704627688688795,0
flashbots-c100,27,10000,6.716796134568738,-6.71921783027787,6.71921783027787,-0.002421695709132088,96334.79757110892,1404.111660949123,0.9856340563652558,4920,249,37209.39328607695,0.001323864056510189,0.05932541411944769,100.13238640565102,10004.982725952044,84.40924722637783,0
flashbots-c100,28,10000,3.9723363208940987,-3.969163188804899,3.969163188804899,0.0031731320891998926,104889.38333414268,1251.3294794819303,0.9882106550228358,4841,200,35677.12997564343,0.005752641364149867,0.03205568472888217,100.57526413641499,9910.657512628211,205.51212060341794,0
flashbots-c100,29,10000,19.708746100351945,-19.7091703615434,19.7091703615434,-0.00042426119145488883,176835.53876213756,1539.0161726665165,0.9913719971257726,7896,513,78762.30008547042,0.0040608844003736525,0.11770400005540395,100.40608844003737,9956.980314553384,86.58439095986556,0
flashbots-c100,30,10000,10.805881572730163,-10.80111788170602,10.80111788170602,0.004763691024143313,129894.89393999419,1911.1531733902837,0.9855002618222346,7206,403,52097.9512322193,0.003772699525643475,0.12575533576195638,100.37726995256435,9973.19743869316,52.14392420479111,0
flashbots-c100,31,10000,22.206169015667093,-22.200082643282002,22.200082643282002,0.006086372385091465,225404.26006247668,3600.407857850352,0.9842780154197427,10270,657,100325.43241071646,0.0019386405176936704,0.10826661751283652,100.19386405176937,9964.316908564668,110.67588266666739,0
flashbots-c100,32,10000,5.886062983607093,-5.8859931001080525,5.8859931001080525,0.00006988349904002433,123913.15161865036,1939.899995860844,0.9845859915911871,7805,250,40901.26443246088,-0.0006784310836920326,0.06696315326537274,99.9321568916308,10028.187904864822,150.5462407016785,0
flashbots-c100,33,10000,11.487161087640597,-11.485706457403765,11.485706457403765,0.0014546302368323438,114983.82276088337,2256.7583512879733,0.9807510477184619,7494,369,46495.685800434294,0.002980853321820973,0.11762661854853959,100.2980853321821,9977.125707278838,65.08150843612081,0
flashbots-c100,34,10000,14.083296559844296,-14.08177094707331,14.08177094707331,0.0015256127709868395,175245.6510077318,1936.9143988865924,0.9890682562675309,8724,478,73050.23098297234,0.0008493694433992971,0.08147174056646747,100.08493694433993,10000.7569467369,101.14182694135982,0
flashbots-c100,35,10000,14.817843286091795,-14.819727508780943,14.819727508780943,-0.0018842226891475633,157385.8474111275,2474.69322346962,0.9845196743758913,11437,462,57665.826915153535,-0.01363378681649536,0.1893095144976965,98.63662131835046,10065.091009427108,48.53289564999783,0
flashbots-c100,36,10000,14.845715376055429,-14.843861043717183,14.843861043717183,0.0018543323382456123,213518.2602820598,2093.211623913359,0.9902917428028775,11654,560,83132.38355551,-0.004110161280349161,0.06583258167870185,99.58898387196508,10043.824399631601,93.57010798548743,0
flashbots-c100,37,10000,7.144110108736541,-7.141390391756659,7.141390391756659,0.0027197169798824916,102725.78383143403,1714.3842807671203,0.983585010329308,5719,260,39462.5589630434,0.00654652901108804,0.0688070958315447,100.6546529011088,9890.21343134666,120.57881934574904,0
flashbots-c100,38,10000,8.00501502551945,-8.005253245944843,8.005253245944843,-0.0002382204253930098,87896.36583548864,850.675314652027,0.9904146064631849,4309,288,39173.64534879255,0.0007132437220845134,0.08376115098624368,100.07132437220845,9992.195468043721,71.98237568592819,0
flashbots-c100,39,10000,13.956263822424734,-13.956024708757667,13.956024708757667,0.00023911366706741433,161345.71247877553,1787.6465567339314,0.9890418086938012,8866,513,68134.48946024482,-0.000016249578216047667,0.09208521340751005,99.9983750421784,10024.242818726203,63.832420655588194,0
flashbots-c100,40,10000,13.211332429127566,-13.211462719133394,13.211462719133394,-0.00013029000582776007,133343.47797113354,1680.616994220164,0.987553206746904,5739,383,61018.845097982085,-0.000962474344553641,0.13870573118109106,99.90375256554464,10012.274013547038,103.824823994845,0
flashbots-c100,41,10000,12.638025299463628,-12.632589019353787,12.632589019353787,0.005436280109840652,225328.1497651019,3454.316085875462,0.9849013075673136,11135,522,86337.81410080171,0.006630062366775605,0.05232061708440696,100.66300623667756,9962.064404355684,123.15711283826744,0
flashbots-c100,42,10000,14.380777565224244,-14.386341464452329,14.386341464452329,-0.0055638992280844235,144274.70223787244,1378.7854978823316,0.9905337968948348,5986,391,63241.07479748645,0.0019722656610917967,0.21001218777084715,100.19722656610918,9954.045135471504,131.86361333046014,0
flashbots-c100,43,10000,30.75165319694673,-30.75185718885035,30.75185718885035,-0.0002039919036214144,265944.6399129111,2307.9195377462,0.9913964677821808,9455,768,132186.6183710813,0.004328242859780999,0.1100520100126866,100.4328242859781,9962.582469869305,104.65399671555824,0
flashbots-c100,44,10000,8.901499140727937,-8.895300707456272,8.895300707456272,0.006198433271665138,108511.7652115894,1077.8156872770778,0.9901649802979744,4201,318,50854.819028075195,-0.003999073926446926,0.06111036132350492,99.60009260735531,10090.995735998673,202.93007228776162,0
flashbots-c100,45,10000,14.934311785936732,-14.928560209105967,14.928560209105967,0.005751576830764549,206099.75049563916,755.0226703644219,0.996349986713826,11011,516,78096.80333945234,-0.006788056756164167,0.11140674362441544,99.32119432438358,10066.97291385207,102.2127090536692,0
flashbots-c100,46,10000,31.266955680655663,-31.274678718034565,31.274678718034565,-0.00772303737890212,294428.2636732438,1847.353997073852,0.9937647450991749,11126,853,138192.16033238682,0.0000006759294085156853,0.16919822583499397,100.00006759294085,9991.349310365307,102.77217781739873,0
flashbots-c100,47,10000,33.94092315776671,-33.9360727647104,33.9360727647104,0.004850393056308633,235484.20456538413,1835.674336841439,0.9922649786215434,8359,755,122785.35394587251,0.011054000668792412,0.18029654715873292,101.10540006687924,9926.563226172137,79.6674381363814,0
flashbots-c100,48,10000,15.15855377180332,-15.159290774877391,15.159290774877391,-0.0007370030740716516,140679.6241854319,1531.697014172759,0.9892294298284248,6493,431,63166.16752102156,0.010975030272603164,0.1473117393294673,101.09750302726032,9930.512654994294,70.09697829734397,0
flashbots-c100,49,10000,9.662125168412231,-9.657008544534108,9.657008544534108,0.005116623878123505,163743.9371214119,3135.921650933761,0.9812085072818061,10743,384,55596.39484994531,0.006552008340935203,0.07626353165974237,100.65520083409352,9933.834600279244,126.28308410483056,0
flashbots-c100,50,10000,14.753964433236824,-14.749860218508005,14.749860218508005,0.0041042147288195,122179.14758088069,1134.517904817107,0.9907997390204195,4323,347,58027.80302560537,-0.005239443370531944,0.1997665732074546,99.4760556629468,10081.230510504916,97.35866611043825,0
flashbots-c100,51,10000,12.473150569311965,-12.468608375392776,12.468608375392776,0.004542193919188975,144948.94089820122,1670.1547801746908,0.9886088863633538,5855,381,65491.98486972013,-0.0005833741918361568,0.05725337244047196,99.94166258081638,9997.936735594198,117.11257224741712,0
flashbots-c100,52,10000,11.107152100085438,-11.106222342916482,11.106222342916482,0.0009297571689561579,139063.36049242938,1247.8448273649467,0.9911065917756112,6008,386,61415.51927663337,-0.00007685367121524677,0.06071162944807099,99.99231463287848,10026.893260207362,125.65909739566708,0
flashbots-c100,53,10000,21.735218555988382,-21.724917381792835,21.724917381792835,0.010301174195546992,134211.529449849,1650.609243670409,0.9878508519036794,6344,515,66476.1171713955,-0.0011210175129006928,0.17411060782872922,99.88789824870993,9992.622691446139,41.85639581894704,0
flashbots-c100,54,10000,7.003115863969852,-6.993082447629348,6.993082447629348,0.010033416340504253,75424.42771288415,1138.408896714154,0.9851310512106674,5497,248,30584.070301605945,-0.007835938762085846,0.12428063715819647,99.21640612379142,10030.37080054776,50.51369382026857,0
flashbots-c100,55,10000,33.62132124476737,-33.620905572443505,33.620905572443505,0.00041567232386796604,246102.254836671,3034.7473931842605,0.9878189615913241,10554,848,118765.5705632539,-0.0017719454658681854,0.20504352302539475,99.82280545341318,10050.828722045313,60.546112460192404,0
flashbots-c100,56,10000,8.929588823315326,-8.93345810765237,8.93345810765237,-0.0038692843370444763,105113.48200498804,1525.2514793430119,0.9856970218089928,5166,276,44140.01012491968,0.007158971181180931,0.08099792146015958,100.7158971181181,9910.259707909685,146.04832612510074,0
flashbots-c100,57,10000,12.924538375808991,-12.92235400843714,12.92235400843714,0.002184367371851792,159251.20608050012,1776.7405137068681,0.9889662598866501,8913,467,63367.94782482832,-0.0008608802207308486,0.09281414779053136,99.91391197792692,10045.12107891295,77.67038526056504,0
flashbots-c100,58,10000,28.48020843874329,-28.463912969355178,28.463912969355178,0.016295469388111883,212631.0732229231,2768.387441937489,0.9871476584324191,7832,751,109284.94434689057,-0.0022082168513585998,0.14445876185448725,99.77917831486414,10039.769498613487,72.28276224227757,0
flashbots-c100,59,10000,16.30246877329113,-16.30176026914782,16.30176026914782,0.0007085041433114725,158581.20684323696,294.4960104329599,0.998146374775102,5919,467,75909.49588500406,0.0016952562175453067,0.10571009172696222,100.16952562175453,9983.490670777464,97.70721160064947,0
flashbots-c100,60,10000,9.37348225860374,-9.37314033086082,9.37314033086082,0.0003419277429195233,157012.2934053975,2892.232938205253,0.9819127512876626,11060,403,53472.13146952701,-0.00763281790881507,0.06986350305131381,99.2367182091185,10078.656073096874,92.56558696223887,0
flashbots-c100,61,10000,7.46699812303767,-7.46546659446453,7.46546659446453,0.0015315285731398731,110200.78084969691,1377.2542088954285,0.9876565830526394,6233,309,43767.4439181805,0.004113166457050426,0.07749874664324821,100.41131664570504,9960.702034672659,103.92595555353815,0
flashbots-c100,62,10000,6.49343881066482,-6.490602610850132,6.490602610850132,0.0028361998146877454,108982.49411530787,1457.0747693447652,0.9868065876745084,6540,252,38303.60925966112,0.005462553393447109,0.08405242358078112,100.54625533934471,9921.786349534963,137.42372466016568,0
flashbots-c100,63,10000,25.263801299343374,-25.252836231107963,25.252836231107963,0.010965068235410769,274668.5750874863,1877.7190246367952,0.9932101096105251,11427,728,120413.75380178145,-0.008826611344570096,0.09946034573340967,99.11733886554299,10078.138300597255,98.96920325179053,0
flashbots-c100,64,10000,26.251390506160245,-26.256656992312983,26.256656992312983,-0.005266486152738281,211710.31286462286,2753.394446442486,0.9871614900210185,9141,705,102422.39067362338,0.0003145336303551005,0.19515531327536081,100.03145336303551,10057.124726310483,74.15403615226887,0
flashbots-c100,65,10000,3.0884118254032815,-3.0879074088562533,3.0879074088562533,0.0005044165470282636,53395.43807262039,317.9251083339688,0.9940810798373784,4301,117,16511.732527898064,0.000896074410978116,0.07296692630771816,100.08960744109781,9991.487298016547,102.73393851923394,0
flashbots-c100,66,10000,13.328614171306985,-13.288985895832099,13.288985895832099,0.03962827547488601,111573.01501325947,1000.0428339266836,0.9911164993378415,4083,337,54655.62670244294,-0.01989652457303748,0.0925408615290388,98.01034754269625,10192.374652658978,94.85584061218105,0
flashbots-c100,67,10000,7.803759933227021,-7.794374022108599,7.794374022108599,0.009385911118422463,106972.20500165738,1442.5920839768112,0.9866937713046925,5916,329,41801.05588771223,0.009220076122488905,0.05955520195721789,100.92200761224889,9929.058081030884,72.42108641022617,0
flashbots-c100,68,10000,8.707185270232506,-8.706362251864078,8.706362251864078,0.0008230183684272419,138769.22514319138,2780.398316164275,0.9803574305023663,11330,357,43859.98568848208,0.004671706404559472,0.11618159520925161,100.46717064045595,9923.662981813266,58.40932061697143,0
flashbots-c100,69,10000,18.63158316001295,-18.61510620045148,18.61510620045148,0.01647695956147288,127081.78418809356,1244.8467038431536,0.9902993891821922,5476,334,58949.80820386511,0.001954152497700079,0.26554718892232787,100.19541524977001,9950.670667709823,134.91793217780622,0
flashbots-c100,70,10000,16.42791493725126,-16.40856366129482,16.40856366129482,0.019351275956438485,151225.29877360546,1001.6920548474104,0.9934197473825372,8043,437,64692.00756810054,0.011288432057246212,0.23811322787193562,101.12884320572462,9895.235049553132,94.92072900346442,0
flashbots-c100,71,10000,10.433109328198752,-10.424722258949316,10.424722258949316,0.008387069249435442,126920.22913407571,1783.8580224522664,0.9861398494650542,7747,397,52142.90066029255,-0.009031120927579508,0.07248573216569895,99.09688790724205,10053.597035429362,68.45710391780875,0
flashbots-c100,72,10000,4.506873415768418,-4.505374983290977,4.505374983290977,0.0014984324774403035,83610.38115083269,1961.4481225657821,0.977078342963792,6637,207,27067.22265290907,0.00016915303639805757,0.053462948098277396,100.0169153036398,9998.573622451237,96.37060832147118,0
flashbots-c100,73,10000,3.28881059264657,-3.2875653368363515,3.2875653368363515,0.001245255810218282,58566.44580203168,876.672010185396,0.9852519174220499,4401,146,19185.60282352173,0.002786922664350726,0.05728086819181215,100.27869226643507,10004.970642994876,100.67828776070691,0
flashbots-c100,74,10000,21.410548243755585,-21.410624669564456,21.410624669564456,-0.00007642580887079475,219623.9908076595,2004.441392303189,0.9909558472601806,9207,661,104164.73955995431,0.000004234337016839618,0.08847712429244169,100.00042343370168,10002.703390174236,95.90659946873016,0
flashbots-c100,75,10000,7.800217493751295,-7.79827048952113,7.79827048952113,0.001947004230165028,147466.16459608206,1849.6088482762427,0.9876127698661019,11153,317,46767.36338544173,0.00003395998746995588,0.055276239847855776,100.003395998747,9965.465168256722,91.22287163918266,0
flashbots-c100,76,10000,5.666880166507739,-5.664590370551053,5.664590370551053,0.0022897959566856585,82226.01298819786,1074.6322862369539,0.9870993521995349,4424,219,33067.39514973439,-0.0021564777295763806,0.05431508303314956,99.78435222704236,10016.37930875073,125.84233488930936,0
flashbots-c100,77,10000,9.00691928101135,-9.002838572514321,9.002838572514321,0.00408070849702824,94087.1747593575,1105.6758500592478,0.9883848855982271,4284,276,41632.00959786684,0.005090460370114158,0.11704128865770741,100.50904603701142,9946.395607595621,95.62363522688833,0
flashbots-c100,78,10000,10.348057902136203,-10.342388827877812,10.342388827877812,0.005669074258390694,132133.233099844,3199.6713024147134,0.9763570336678498,9298,333,47720.29679843567,-0.003748175707434456,0.12792289212296595,99.62518242925655,10027.074355820392,84.69556416044391,0
flashbots-c100,79,10000,7.623354805814777,-7.622636583255314,7.622636583255314,0.0007182225594624114,142561.5491227962,219.72125818277786,0.9984611338896446,11366,315,44411.387559239934,0.0002296973977999528,0.08864823376519937,100.02296973978,9998.784468325559,102.00281131785363,0
flashbots-c100,80,10000,5.507597411299166,-5.50135230111205,5.50135230111205,0.006245110187116154,90288.64461127795,1512.4435174865514,0.9835247757045633,5082,207,34336.320587371934,0.007482657440098137,0.04068453294048382,100.74826574400981,9896.963429961028,113.19352804042104,0
flashbots-c100,81,10000,5.009207987563692,-5.0071671142934235,5.0071671142934235,0.002040873270268584,80869.45674899935,2196.994085080584,0.973551366851234,5472,225,29066.45127260469,-0.0036786921070812184,0.05050408870896973,99.63213078929188,10001.074259806597,74.05978472305385,0
flashbots-c100,82,10000,11.891414565336214,-11.884782756780425,11.884782756780425,0.006631808555789931,164546.08232921734,1897.0631005281984,0.9886023356766654,7153,380,68400.71383779982,-0.008684178958703086,0.08148886737579673,99.13158210412969,10165.12523673633,143.70313277411483,0
flashbots-c100,83,10000,9.308761771423331,-9.307260704127174,9.307260704127174,0.001501067296157288,111226.02702814165,2251.3590090596044,0.9801602849018611,5568,323,48258.12464675878,-0.0018710891252260353,0.0892639501749376,99.8128910874774,10027.872195739741,91.19295798900148,0
flashbots-c100,84,10000,14.54490165599533,-14.548285002180322,14.548285002180322,-0.003383346184991254,218852.61347972273,2858.425423218159,0.9871074284917788,9746,523,87023.21808090244,0.0001750920531377176,0.06921019751874738,100.01750920531377,9964.381437332846,140.58364303972618,0
flashbots-c100,85,10000,10.516974463420866,-10.51316243304619,10.51316243304619,0.003812030374675146,138457.78654649382,1766.228966431919,0.9874042334334013,7354,358,55091.8138448872,0.005666168427162859,0.07228960458981276,100.56661684271629,9934.252799161493,98.12149974691745,0
flashbots-c100,86,10000,12.200511679405757,-12.195256358724038,12.195256358724038,0.005255320681719411,155610.44533382324,142.4799763510177,0.9990852179754102,8677,400,60947.58693873217,-0.007198609462509893,0.11575344134095275,99.28013905374901,10075.243393992965,99.3576510960261,0
flashbots-c100,87,10000,40.0087529080043,-39.988478052164,39.988478052164,0.020274855840298756,295717.3067376511,2155.552134758242,0.9927635161426991,10770,966,149432.33871555259,-0.007994351710823508,0.12706276314817871,99.20056482891765,10019.883729679053,60.98923060627165,0
flashbots-c100,88,10000,22.660510919195893,-22.6346519300417,22.6346519300417,0.02585898915419449,187463.50419314508,1503.655756387472,0.9920427668130851,7266,603,95124.9729031929,0.005821001377928212,0.11388323051880604,100.58210013779282,9962.736210732508,144.27266168576583,0
flashbots-c100,89,10000,4.531610757170621,-4.531447335582413,4.531447335582413,0.00016342158820759067,81196.67580526516,2307.4274267683354,0.9723674964767101,5897,212,26875.310191526925,-0.00012548634774901758,0.03894576188994051,99.9874513652251,9990.143006857188,82.74322143651109,0
flashbots-c100,90,10000,39.47177695207503,-39.46577018539416,39.46577018539416,0.006006766680869191,316199.9772438452,1732.9795631700515,0.994549229559042,11272,940,155565.85699913237,-0.009717990200309714,0.14195536531767103,99.02820097996903,10085.413862462523,89.13127481907044,0
flashbots-c100,91,10000,5.27311381464215,-5.270351925805102,5.270351925805102,0.0027618888370479766,70021.0020858364,1039.7023117804472,0.9853688150069152,4721,209,26349.671615958607,0.004461549210401756,0.06037990815718217,100.44615492104018,9965.02073677346,90.47500892590769,0
flashbots-c100,92,10000,8.687765579438008,-8.687638354566559,8.687638354566559,0.00012722487144856132,125099.4332176485,1971.7450869228812,0.9844831446970855,9116,351,45431.85101851286,0.007238268665102794,0.07034358308954963,100.72382686651028,9962.48086385475,46.34894965051198,0
flashbots-c100,93,10000,29.38560492767026,-29.38381928180287,29.38381928180287,0.001785645867389718,279241.38858652144,3924.798416810532,0.9861395936487136,10727,767,128627.09422723144,0.00012620579308844526,0.18053735118643816,100.01262057930884,9993.204223084253,108.74972911151411,0
flashbots-c100,94,10000,10.663765764711115,-10.657432750489406,10.657432750489406,0.006333014221709732,155891.1636255612,1610.3936647734217,0.9897753794154248,8730,413,60119.55438319342,-0.006864722815294044,0.07042619058246558,99.3135277184706,10057.389052398034,86.87945885007937,0
flashbots-c100,95,10000,30.73230177350968,-30.72676717679137,30.72676717679137,0.005534596718309359,248070.86420238003,2175.339751100977,0.99130720180073,9265,772,123665.09780671487,-0.0013484158076971654,0.12164205543140455,99.86515841923028,10042.549398992744,82.82845130071455,0
flashbots-c100,96,10000,7.76533001770813,-7.764412132092119,7.764412132092119,0.0009178856160110271,124215.84621342632,1613.9170112705383,0.9871738055456043,7064,331,46647.65805449848,0.0011627318549744814,0.0622998598766533,100.11627318549745,9987.233213139674,101.89845176990846,0
flashbots-c100,97,10000,8.590774074065665,-8.589157389140254,8.589157389140254,0.001616684925410894,95994.45615495196,1190.756216272175,0.987747557604507,4619,291,41710.56273529498,0.0029692030466797804,0.07478316497560045,100.29692030466798,9984.620980524931,76.02099851722808,0
flashbots-c100,98,10000,14.673423778980874,-14.672249442931403,14.672249442931403,0.0011743360494715915,188204.56249861748,2465.4508507040973,0.9870695406823766,9176,515,79989.63661995585,0.004827070274195648,0.06934310814411361,100.48270702741956,9942.329180791621,115.97815055388776,0
flashbots-c100,99,10000,22.00921415685997,-21.996115792434622,21.996115792434622,0.013098364425346176,129006.36084171775,1344.280991189477,0.9896871931561897,4981,514,70318.00426815082,0.0026626374370688666,0.13225179755309013,100.26626374370689,9994.342614557825,56.70140573344945,0
flashbots-c100,100,10000,29.660231462730565,-29.66199570196224,29.66199570196224,-0.0017642392316759015,271575.3982857871,2401.8998502671334,0.9912332157933962,10998,786,124363.1220214688,0.008883389272895243,0.09744307694761745,100.88833892728952,9941.659649021438,104.02738870828291,0
flashbots-c100,101,10000,22.51985408754946,-22.511701905989213,22.511701905989213,0.00815218156024855,214346.61648705174,1169.0615029095663,0.9945755152766007,8664,673,103765.10506084647,0.00858388169996175,0.10094131909646208,100.85838816999618,9927.381811034047,90.23761949204535,0
flashbots-c100,102,10000,27.45906493298333,-27.448823313038474,27.448823313038474,0.01024161994485695,218606.04861610086,2318.3647831996977,0.9895060724728079,9340,745,105204.02900287564,0.005723017940520805,0.0975904566492386,100.57230179405208,9917.001755679263,62.261355572996756,0
flashbots-c100,103,10000,10.856250822222027,-10.854313905455427,10.854313905455427,0.0019369167665992393,136678.42856949958,2057.3765506374225,0.9851705437622548,9292,447,52185.71417610162,-0.0005056670168558241,0.07194733423527694,99.94943329831442,9963.105897287043,48.18442667012048,0
flashbots-c100,104,10000,6.015697920727687,-6.015431496061936,6.015431496061936,0.0002664246657513303,91170.5350936497,1261.6406592491096,0.9863506333268419,5510,259,35141.88514508684,0.00044318669812980715,0.046461537390086675,100.04431866981298,9992.934186725144,95.58534366048933,0
flashbots-c100,105,10000,19.875451679748625,-19.872820949577275,19.872820949577275,0.002630730171350848,244019.2133622604,2228.4767526530395,0.9909502633238383,9541,640,103396.62994878799,-0.0024866029379491295,0.07942377540255464,99.75133970620509,10012.801424495367,126.3446173667896,0
flashbots-c100,106,10000,13.473032119886284,-13.478996515978807,13.478996515978807,-0.005964396092522861,198846.08675326404,2716.36428332249,0.9865234607470146,10533,466,74269.9531195932,-0.0036272103069008212,0.1203632700876942,99.63727896930992,10076.923364693599,123.2856935857355,0
flashbots-c100,107,10000,12.762584220164747,-12.757085511319943,12.757085511319943,0.005498708844804412,107449.77488371008,1020.3663134853085,0.9905931134391139,4297,314,50928.45215153423,-0.004298898411927183,0.13342858045494835,99.57011015880728,10050.604053474506,112.59229413037767,0
flashbots-c100,108,10000,10.348025950186454,-10.34514518210328,10.34514518210328,0.0028807680831732796,142410.31381217207,2387.745399322237,0.9835098245630857,8581,370,54473.10436274855,-0.0037496753227453895,0.11544930019921139,99.62503246772546,10025.594970290314,98.97826851090687,0
flashbots-c100,109,10000,12.811743715054362,-12.81193358070827,12.81193358070827,-0.00018986565390832766,167689.8907020613,2881.0047306490646,0.9831096347161664,10462,453,62577.80070528458,0.003925089707500007,0.08564851069457348,100.39250897075,9992.83036207132,78.35886006302351,0
flashbots-c100,110,10000,7.7399930507373655,-7.742178448415018,7.742178448415018,-0.0021853976776524675,96344.98292003872,1235.3597957353284,0.9873400752512869,5490,266,38153.858669648966,0.004894208624780277,0.08267964573677475,100.48942086247803,9915.923368901716,97.06464735191683,0
flashbots-c100,111,10000,37.51370466329773,-37.51426341622039,37.51426341622039,-0.0005587529226573906,321174.8866401399,1549.1205194812935,0.9951998596785051,11743,947,157652.0618545494,-0.001075399480066892,0.14389473894894736,99.89246005199331,10024.87031383568,85.90060301799143,0
flashbots-c100,112,10000,6.563351305696954,-6.567423736662803,6.567423736662803,-0.004072430965849527,161565.2182707133,2925.539968937481,0.9822145632967708,11448,303,48690.77016109116,-0.0016705644322045998,0.038721926893644676,99.83294355677954,10025.487641070871,231.81134331243595,0
flashbots-c100,113,10000,33.92168065173736,-33.91640668508492,33.91640668508492,0.005273966652438844,312862.0483777697,2040.3246827401936,0.9935207706981994,11397,948,152763.88499275924,0.0025364953663256527,0.08862606095442117,100.25364953663257,9992.968703655184,116.02591753715777,0
flashbots-c100,114,10000,18.571274486836113,-18.56968360699578,18.56968360699578,0.0015908798403323487,185020.20039838777,749.058705341479,0.995967800544851,7744,512,82428.41648433416,0.004057777876935234,0.15304884311401282,100.40577778769352,9958.706132912976,94.79567510274329,0
flashbots-c100,115,10000,7.158856023759504,-7.159645117225125,7.159645117225125,-0.0007890934656211712,131667.42128718388,1581.3200058058262,0.988132570781072,7604,308,47559.73851872764,-0.002063423051701392,0.03930461654751937,99.79365769482986,10052.415169880278,151.57175636232085,0
flashbots-c100,116,10000,40.874738061231,-40.86005790722248,40.86005790722248,0.01468015400851641,311741.5030499232,2328.466388287498,0.9925861539947531,11140,951,152996.05871643542,0.0000032129453971663226,0.14363993288003485,100.00032129453972,10013.560466548934,88.85658903404455,0
flashbots-c100,117,10000,8.916970585548203,-8.923414231523665,8.923414231523665,-0.006443645975462431,213751.99774411763,2403.481221998098,0.9888807758494298,10211,369,70124.3760483804,0.001985308969491655,0.06353822453962749,100.19853089694917,9888.169030290936,223.81651361137108,0
flashbots-c100,118,10000,26.61308803395314,-26.61035007228105,26.61035007228105,0.002737961672089284,227548.6585981792,287.47933167657476,0.9987382189046538,8191,698,116363.5082493141,0.004694740545201625,0.10160141951175888,100.46947405452016,9956.715336845542,97.05795474736756,0
flashbots-c100,119,10000,7.525672855527214,-7.524277049335922,7.524277049335922,0.0013958061912919817,178090.6917741004,2861.3288029089167,0.9841873619659793,11539,328,56009.71952932704,0.0004953616041011344,0.05578789613231749,100.04953616041011,10008.946468385695,228.41773225218557,0
flashbots-c100,120,10000,3.6384517398507668,-3.6342631244245496,3.6342631244245496,0.004188615426217179,69428.37266246123,937.886766827715,0.9866713567776018,4564,158,22064.91560009894,-0.00632546939474949,0.06340830411637327,99.36745306052505,10050.057750231354,108.22252911637716,0
flashbots-c100,121,10000,9.26328365444226,-9.264916960175782,9.264916960175782,-0.0016333057335220502,164604.4921291129,2115.123038987861,0.9873132922190636,11101,402,56626.034759055205,-0.000480358933938021,0.045578860237558555,99.9519641066062,9975.737884873884,81.2835534671967,0
flashbots-c100,122,10000,7.948867075487399,-7.946693541260174,7.946693541260174,0.0021735342272251046,141870.2822621787,2240.0676451860586,0.9844558864326817,6704,306,56031.15278557243,0.0038219283593575425,0.059981348390752774,100.38219283593575,9878.798713289927,162.68022996178323,0
flashbots-c100,123,10000,8.700457477584491,-8.706125897553832,8.706125897553832,-0.0056684199693410875,168595.2759512396,2480.584735634333,0.9855000891085702,8563,334,60931.711708094146,0.0010113414862338744,0.05709952370485908,100.10113414862339,10000.312190234132,201.07660064900926,0
flashbots-c100,124,10000,39.22895634732598,-39.15908991796201,39.15908991796201,0.06986642936397658,233782.88985881055,2759.5647895994875,0.9883337441741643,9727,818,115017.72675051795,-0.005296105096001185,0.26152839055623983,99.47038949039988,9980.007619051425,103.73932183511346,0
flashbots-c100,125,10000,3.4881025111644295,-3.4880904712443765,3.4880904712443765,0.000012039920052941966,65668.47709092344,950.9873978811947,0.9857250819234519,4315,134,20705.034759528797,-0.0009001675057093905,0.061161176594895325,99.90998324942906,10052.521591978328,133.76052009310555,0
flashbots-c100,126,10000,9.428159775619253,-9.42708231662914,9.42708231662914,0.0010774589901139109,158694.87174428464,1640.2745899632664,0.9897697128329942,10548,409,56626.636213729835,0.00168867854566912,0.05366140527358567,100.16886785456691,9985.68880598571,92.61125780319949,0
flashbots-c100,127,10000,20.045871743763406,-20.070945387305287,20.070945387305287,-0.02507364354188013,152469.9928554378,1848.0904854634862,0.9880241482692544,7376,507,68393.70822795085,-0.0020738562463920116,0.2156737835257333,99.7926143753608,10017.092896980199,73.49070188611262,0
flashbots-c100,128,10000,19.192834453113228,-19.197614149070006,19.197614149070006,-0.00477969595677763,212264.39326014498,2301.030873048735,0.9892758542885254,10225,569,91124.17081777136,-0.0021453655831108163,0.12212089595124923,99.78546344168892,10042.697289185191,102.4981197144621,0
flashbots-c100,129,10000,25.160634687967896,-25.093862675279794,25.093862675279794,0.06677201268810151,231238.54114348913,2343.228446877111,0.9899682734188269,10252,691,106391.3543276682,-0.02011449367041166,0.10872687815652099,97.98855063295883,10221.22945616515,118.09338011502805,0
flashbots-c100,130,10000,39.374351719172466,-39.38095157951267,39.38095157951267,-0.006599860340202213,256498.97426879077,2966.251709672926,0.9885678256171441,9047,848,131934.08767380414,0.009366912394029328,0.17198848796769226,100.93669123940293,9945.195873413835,65.91285074284076,0
flashbots-c100,131,10000,5.108119372145961,-5.1043965948799865,5.1043965948799865,0.003722777265974031,104211.8450077036,1423.704976147658,0.986522482475215,8012,232,31543.768287679748,-0.005000120758071347,0.07188457161237764,99.49998792419287,10005.612804908704,67.88717777144794,0
flashbots-c100,132,10000,18.406028709652194,-18.40627957069775,18.40627957069775,-0.0002508610455542737,128117.81933797969,1919.3289609398296,0.9852401487878846,5652,468,63365.767135380884,-0.0016597025211146387,0.17250509881048046,99.83402974788854,10018.453821549167,38.91995134673968,0
flashbots-c100,133,10000,43.45036647534522,-43.404639121569616,43.404639121569616,0.045727353775603774,253108.46239961474,2268.369061331483,0.9911175612589649,10858,662,113122.17813278314,-0.000004353319909569109,0.37636970683450677,99.99956466800904,9982.66061086891,102.33135517634553,0
flashbots-c100,134,10000,10.34431639584103,-10.343485139621222,10.343485139621222,0.000831256219807841,127663.65692293466,2016.1340579709843,0.9844529818970187,6934,337,51203.79178046942,0.000013252280751459012,0.08738545309565567,100.00132522807515,9993.27546296861,99.52369914270692,0
flashbots-c100,135,10000,11.077014078273645,-11.067304938871473,11.067304938871473,0.00970913940217244,156617.36147896078,2900.7481089739053,0.9818155561367479,11009,414,54758.144831665784,0.008937709598427403,0.08780639025543621,100.89377095984274,9918.991984572156,71.09016119825175,0
flashbots-c100,136,10000,7.583922781061772,-7.581716369804994,7.581716369804994,0.002206411256778118,126991.10427214936,1891.0357713903236,0.9853274024566051,8653,299,43211.39290639717,0.00023136750815652362,0.09632831082179294,100.02313675081565,10006.383227561006,90.45156927075406,0
flashbots-c100,137,10000,11.175779194202299,-11.174635848175214,11.174635848175214,0.0011433460270851015,164220.71248769335,2385.932906988881,0.9856792452585745,8079,447,67379.78565356384,0.000007907605635750769,0.0747898418271987,100.00079076056358,9997.269280273425,104.0445110828318,0
flashbots-c100,138,10000,10.156953517680842,-10.157388216344387,10.157388216344387,-0.00043469866354506337,147175.04726577908,2498.7839043501012,0.9833051383477328,8347,383,56160.930399199875,0.0026813526310613157,0.06286414080257359,100.26813526310613,9973.594676616276,95.4695741911343,0
flashbots-c100,139,10000,14.90978319794508,-14.909267365326258,14.909267365326258,0.000515832618821932,183487.70485335533,1855.087688694028,0.989991044899827,8190,476,78511.58161792807,-0.0010617726587112486,0.09587093894921934,99.89382273412888,10067.176273159454,120.10161621218924,0
flashbots-c100,140,10000,15.847674600654216,-15.833372838021575,15.833372838021575,0.014301762632641157,131378.0645331849,1724.329170288181,0.9870450927116333,7038,439,57190.766503485655,0.009483571082074036,0.15555760779364164,100.9483571082074,9913.764344422476,72.86601294850834,0
flashbots-c100,141,10000,6.244416633040506,-6.241760288538032,6.241760288538032,0.002656344502474539,111615.23645443031,1992.567583465808,0.9824609972850004,8419,269,37291.96958861386,0.0025387061118817655,0.05671033979448566,100.25387061118818,9978.032693336221,87.3522119895297,0
flashbots-c100,142,10000,27.367849375184914,-27.361811267556263,27.361811267556263,0.00603810762865109,237842.8208506485,1657.9612317340827,0.9930774287360624,8968,651,110059.75681805534,0.003829909978172026,0.15025859083244966,100.3829909978172,9959.387411009562,113.27656322645666,0
flashbots-c100,143,10000,7.1030372471006284,-7.104658116723925,7.104658116723925,-0.0016208696232968833,135370.55617776397,3227.754069533377,0.9767114471758409,9948,303,44179.8863576056,0.00001606209618358889,0.05708368610582582,100.00160620961836,9996.946935753063,143.38365960936963,0
flashbots-c100,144,10000,29.834404252784985,-29.798104157537992,29.798104157537992,0.03630009524699318,157870.36327328515,1825.359197120369,0.9885697677503,7615,518,73073.55332477315,0.0030536960332878493,0.4623515567358294,100.30536960332878,10004.52353776964,55.61645980707202,0
flashbots-c100,145,10000,13.136752200021096,-13.13383908123292,13.13383908123292,0.0029131187881752396,153561.19254811626,2150.851878944793,0.9861869909494876,8374,393,62538.23606655155,0.0006290545358449151,0.11747701524606712,100.06290545358449,10018.027355634407,115.22724517525236,0
flashbots-c100,146,10000,24.816968209226914,-24.809220077972967,24.809220077972967,0.007748131253947577,230739.88225359793,2842.141860927795,0.9878323605093245,9365,696,109795.18059498837,0.006992857414876283,0.10601911511030877,100.69928574148763,9910.00956603089,108.39662639911074,0
flashbots-c100,147,10000,16.053052797189988,-16.050396638740978,16.050396638740978,0.0026561584490103485,168135.11136709567,1576.8592430311116,0.9907086150884807,6386,465,77292.56102910981,0.0033951432769787006,0.07836074320095975,100.33951432769787,9974.91277327762,94.86693306153195,0
flashbots-c100,148,10000,13.531223807983576,-13.524799033650993,13.524799033650993,0.006424774332582928,205255.14820289958,1294.7699912866365,0.9937314427301329,8127,409,86746.2113246506,-0.0013170324868555384,0.0746650661895849,99.86829675131445,10084.312505638904,253.78965492734454,0
flashbots-c100,149,10000,7.661983652317072,-7.66003595886022,7.66003595886022,0.0019476934568514181,143722.66279282945,2358.1955607119385,0.9838569160443685,9012,337,48824.39885352821,0.0037720088314335955,0.046076510401495054,100.37720088314336,9934.6316664871,137.6635502152757,0
flashbots-c100,150,10000,9.89682142109966,-9.895875749928578,9.895875749928578,0.0009456711710811305,96734.4111373465,1185.1689258347556,0.9878965072657578,5451,334,41521.31787348667,0.002099325520191684,0.09545996587711698,100.20993255201917,9959.406048472061,74.1146224176046,0
flashbots-c100,151,10000,17.597568609951434,-17.600369465820734,17.600369465820734,-0.0028008558692995678,157074.1906183805,1018.2056044815705,0.9935594270894205,6701,467,71437.63667835259,-0.00020401607790091703,0.21502715827142338,99.97959839220991,9998.845151673462,87.19231511011469,0
flashbots-c100,152,10000,22.66667672064981,-22.710243762652468,22.710243762652468,-0.04356704200265682,153181.22102450204,2257.164189621268,0.9854787208030247,8681,448,65535.83274406602,-0.0005881340071105968,0.3095553774447683,99.94118659928894,10022.731229250156,90.90929103459119,0
flashbots-c100,153,10000,3.8436684043370444,-3.8378660276203362,3.8378660276203362,0.005802376716708135,85831.81911329318,951.0966753072466,0.9890405079540762,7162,207,26983.753002555317,0.007484632036861143,0.036345587908106866,100.74846320368611,9923.03565868785,102.91618631381526,0
flashbots-c100,154,10000,5.558261123611244,-5.554817123387338,5.554817123387338,0.0034440002239062295,83848.4327201235,1521.6812404450877,0.9821754807408605,6348,251,31463.657725038553,0.007868069521572636,0.05179452737503496,100.78680695215726,9923.094790562976,102.51644130375507,0
flashbots-c100,155,10000,19.5551209908148,-19.55492060318629,19.55492060318629,0.0002003876285101569,165369.25543260385,1539.3552386806657,0.9907772568923222,6693,548,82335.58936935439,0.0029145412877910814,0.08611139617484198,100.29145412877911,9969.655916795818,80.22522366676966,0
flashbots-c100,156,10000,19.31370903559266,-19.31960265922484,19.31960265922484,-0.00589362363218271,180465.67041050672,2047.106274219733,0.9887837645593661,7109,503,83958.14826073789,-0.0020374914619296193,0.101275274249207,99.79625085380704,10034.84164927647,118.8185059000919,0
flashbots-c100,157,10000,24.19615836198261,-24.196106482005348,24.196106482005348,0.00005187997726352478,231063.48019579885,2777.0138862357812,0.9881243242444503,9827,596,100349.89042611957,-0.004659218692681719,0.16766765396293024,99.53407813073183,10046.94552476794,109.00829646753655,0
flashbots-c100,158,10000,23.74675683055461,-23.738883842610704,23.738883842610704,0.00787298794390523,178264.33278345002,1786.116655706553,0.9900799100403794,7248,577,87030.52171518446,0.004338333725938099,0.21547306840867533,100.43383337259381,9931.652998008463,174.38100864889887,0
flashbots-c100,159,10000,13.126750334611057,-13.118808829421354,13.118808829421354,0.00794150518970227,205192.25031410815,3739.9376618667225,0.9820997535224358,11422,535,77997.21623951122,0.0015477323560661204,0.07748069136243003,100.15477323560661,9951.706353144025,89.59126963684643,0
flashbots-c100,160,10000,6.878846106720356,-6.869139259700503,6.869139259700503,0.009706847019852916,89658.41972048732,1141.2011355204113,0.9874316530756206,5385,287,37902.31621698051,-0.010510970279357252,0.050034102825197095,98.94890297206427,10085.945154253257,79.25054805216993,0
flashbots-c100,161,10000,4.771735808235422,-4.767981975842119,4.767981975842119,0.0037538323933032913,91436.52454965092,636.3371079557045,0.9930887658263292,7154,222,29325.907305837907,-0.006141007819106363,0.07298825434897992,99.38589921808936,10060.37194248567,91.58311333071114,0
flashbots-c100,162,10000,19.061740735785524,-19.05968478873457,19.05968478873457,0.0020559470509518007,159421.29559906747,1648.2390427427865,0.9897669100093436,6042,441,72374.86320979879,-0.0003934985040397976,0.2171564357649021,99.96065014959602,10005.126954722638,94.62081937808479,0
flashbots-c100,163,10000,26.500593976027904,-26.499390504354594,26.499390504354594,0.0012034716733104744,217524.15851193908,2112.648025716459,0.9903811749086133,11390,771,96827.27317845817,-0.009710229462824316,0.10504414964972525,99.02897705371757,10008.993144034854,44.00890757798017,0
flashbots-c100,164,10000,6.459956253289185,-6.457892812225083,6.457892812225083,0.0020634410641022782,92057.41675543286,2038.8558819290752,0.9783322354352267,4726,288,37808.38054385593,-0.002882326258375514,0.04945840609971569,99.71176737416245,10025.061175452858,86.19144714022153,0
flashbots-c100,165,10000,35.32636246840176,-35.32992950368026,35.32992950368026,-0.003567035278500441,297659.36554827465,4443.385885242868,0.9852918059694642,10884,873,143537.1602056583,0.0036456438665393876,0.1894085296815689,100.36456438665394,9949.274066002918,96.73209893265582,0
flashbots-c100,166,10000,48.64148071491856,-48.65718273399952,48.65718273399952,-0.015702019080961804,297411.22905525763,4230.145519436683,0.9859762423991036,11747,970,148350.53017381416,-0.006861239777946366,0.2577566616079994,99.31387602220536,10098.352036545275,84.24358471801214,0
flashbots-c100,167,10000,3.933097368152362,-3.930580430833544,3.930580430833544,0.00251693731881808,66304.49700981218,1064.4158408507874,0.9842001927029713,4953,183,23281.69687258304,0.005689917379508529,0.04304497237077015,100.56899173795085,9949.959199540548,83.73482049058491,0
flashbots-c100,168,10000,7.27231213811493,-7.26875163037181,7.26875163037181,0.0035605077431197785,107869.1904481436,1509.0012151341543,0.9862038200468735,5449,295,43637.03670576367,-0.006113374848698072,0.039934882133011766,99.38866251513019,10059.52696171343,101.40934073146617,0
flashbots-c100,169,10000,11.851007956201137,-11.853154581478833,11.853154581478833,-0.002146625277696046,181976.4159752567,1855.6182457252605,0.989905903758348,9811,470,71842.2906535085,0.0025486009974930823,0.07426277563860424,100.25486009974931,9956.375134835385,121.41388861505814,0
flashbots-c100,170,10000,18.686999720751793,-18.67129080471358,18.67129080471358,0.015708916038214227,179041.2242723781,1875.4309611756755,0.9896337296378015,7089,520,82261.46550946415,-0.0003689006726050081,0.14233804081171697,99.9631099327395,10026.005700767504,88.99655015191802,0
flashbots-c100,171,10000,23.05794540931452,-23.046380046482042,23.046380046482042,0.011565362832477888,200511.7621468051,1835.6790540430147,0.9909280836804804,8380,624,93207.26456004159,0.001799107041913146,0.20922449327914194,100.17991070419131,10024.70452308335,88.88289485925085,0
flashbots-c100,172,10000,5.2189893738344395,-5.218849235822432,5.218849235822432,0.0001401380120071849,94431.62945748707,1152.3874172978674,0.9879437226538879,6871,233,31071.32050054452,0.0010943023228674065,0.0955833588618907,100.10943023228674,9991.089509528745,100.12704678278762,0
flashbots-c100,173,10000,22.755518583651227,-22.75372274124608,22.75372274124608,0.0017958424051478517,181641.30339011023,35.11171886891876,0.9998067348541204,8384,499,79276.87860622111,0.0034123089385340675,0.2666251589162474,100.3412308938534,9963.914108068744,99.82540720581034,0
flashbots-c100,174,10000,18.423614501185114,-18.42271440603922,18.42271440603922,0.0009000951458943973,215995.46878650013,482.3831934424328,0.9977716741503555,10178,587,91569.20415620485,-0.0026798030506274984,0.08591894840068648,99.73201969493725,10024.99013625832,101.54059972097969,0
flashbots-c100,175,10000,15.16332070199977,-15.158140954843716,15.158140954843716,0.005179747156052628,133845.36692351958,1760.2027605795925,0.9870196868411816,5757,422,63085.76350474685,-0.0009197592170416158,0.13162373407363986,99.90802407829584,9989.256958177004,71.18943770981471,0
flashbots-c100,176,10000,18.301562447449456,-18.30372968710566,18.30372968710566,-0.0021672396562024687,203861.18552860766,2898.4675669655935,0.9859814643545286,10762,558,84952.17298760464,0.002101661443222156,0.15506178664778375,100.21016614432222,9993.30567787013,113.5668795006855,0
flashbots-c100,177,10000,18.976018092366196,-18.97317949821972,18.97317949821972,0.0028385941464748043,193951.7421983717,66.65889884957795,0.9996564300165727,10994,496,76424.89933724143,-0.0036756281734730578,0.21130446134607042,99.6324371826527,10037.189741365544,100.99498380035627,0
flashbots-c100,178,10000,3.160185882815449,-3.1552157036454673,3.1552157036454673,0.004970179169981659,60224.363654074295,985.6730145970946,0.9838968726659564,4004,153,20731.726944239595,0.007692087286802973,0.046001654773541956,100.7692087286803,9896.700488614631,99.99833791850422,0
flashbots-c100,179,10000,11.605804219612082,-11.617309025060536,11.617309025060536,-0.011504805448453226,122899.52961976104,2905.981243355843,0.9769010020036586,9955,408,45861.87165465449,-0.0011412236746649285,0.15202502642788887,99.88587763253351,9965.467372667803,63.44613090760936,0
flashbots-c100,180,10000,42.470730214208395,-42.39939181344422,42.39939181344422,0.07133840076417641,244989.59295594812,2034.5285450630288,0.9917638466531103,11604,958,118555.26084870612,0.04507283523452443,0.24515596707717863,104.50728352345244,9842.394908994436,32.75481328719678,0
flashbots-c100,181,10000,18.04997713551993,-18.033717592670712,18.033717592670712,0.0162595428492196,112278.01318709983,854.9862459684811,0.9924426449377902,4251,361,55985.279657064035,0.004151999346408388,0.2333876786116973,100.41519993464084,9962.34906495879,71.87378761762875,0
flashbots-c100,182,10000,23.580123766799368,-23.568581382876005,23.568581382876005,0.01154238392336282,159226.7245783704,1678.816767195495,0.9895664452997922,5960,524,81196.67990472048,-0.0013228494558759963,0.17654116935172964,99.8677150544124,10016.012202255506,93.43126881151193,0
flashbots-c100,183,10000,9.819041265582399,-9.817228291510148,9.817228291510148,0.0018129740722514498,163392.5432395846,2411.633584342229,0.9854549286360668,10156,393,58471.848021269376,0.0039509722396223875,0.06385168285221084,100.39509722396224,9991.618116803294,94.42813841375441,0
flashbots-c100,184,10000,9.01343616984238,-9.023277036105029,9.023277036105029,-0.009840866262647907,169415.50883246816,2699.9455206860434,0.984313172045863,9545,362,59314.29638920542,-0.0022700417795739726,0.053661170457949936,99.7729958220426,10025.668120101103,271.3474029751538,0
flashbots-c100,185,10000,9.033016983568102,-9.03090408853511,9.03090408853511,0.002112895032992057,101208.28519780193,1114.112072555163,0.989111747747549,4477,298,44375.43230271162,0.00002152812169200047,0.07867218749261169,100.0021528121692,9989.812278114765,109.93580381075877,0
flashbots-c100,186,10000,8.806078069565336,-8.80411895695498,8.80411895695498,0.001959112610355973,132318.3327487669,1043.1302869051922,0.9921781730406919,7408,358,51861.59459470972,0.00562390237005161,0.06088914062559553,100.56239023700516,9947.14381212547,103.26098876111455,0
flashbots-c100,187,10000,10.69656609388441,-10.69646837620732,10.69646837620732,0.00009771767708954826,109411.3173685519,1626.5789658568235,0.9853511366879816,4588,330,51939.774609866356,0.00012551588168463468,0.08973020328602374,100.01255158816846,10010.151312553715,102.17040937157365,0
flashbots-c100,188,10000,6.5606112272339345,-6.554383477572216,6.554383477572216,0.0062277496617184624,121223.38548033671,1699.2541271410194,0.986176231387748,8972,310,41622.38496170277,0.004568244195758524,0.07376494110902158,100.45682441957585,9933.420151360393,99.984134307965,0
flashbots-c100,189,10000,16.992388250716566,-16.982791956932218,16.982791956932218,0.00959629378434812,179048.88489995067,2029.5129242692374,0.9887920759811484,8755,544,76348.09392433932,-0.0018759742584897765,0.127969549227396,99.81240257415102,10073.747189732967,80.90954839688911,0
flashbots-c100,190,10000,9.407393600584518,-9.400741791212113,9.400741791212113,0.006651809372405282,93283.80202526384,1009.4641389295382,0.9892944196336168,5164,265,36975.60592035263,0.0075185102383923666,0.13455334230918808,100.75185102383924,9952.762568864435,59.70296125969308,0
flashbots-c100,191,10000,31.150344043778485,-31.12668934633122,31.12668934633122,0.02365469744726667,226755.5415709838,3171.942931353211,0.9862045942953768,8721,781,112011.38898453512,0.007901643132467485,0.1460083230547889,100.79016431324675,9919.405644642247,41.520139820593194,0
flashbots-c100,192,10000,13.979223804428813,-13.965849316950553,13.965849316950553,0.013374487478259312,131353.38648878122,1368.7430025775432,0.9896871530932854,5180,380,61359.37591883126,0.005991341978636484,0.1141786202105898,100.59913419786365,9947.975671603159,89.90022131856176,0
flashbots-c100,193,10000,9.246137519961584,-9.246744352213554,9.246744352213554,-0.000606832251969891,131965.7011323636,834.672058424337,0.9937148364995542,6658,335,52458.06294653459,0.0017718628137181724,0.04937572149648659,100.17718628137182,9976.452736657066,114.77862858144684,0
flashbots-c100,194,10000,7.379024614730636,-7.371022258191502,7.371022258191502,0.008002356539134503,106136.030670252,2907.5088272623952,0.9733362577860133,7718,279,36964.574991708585,0.010508032248926753,0.08481588746123421,101.05080322489268,9919.065563581476,81.8583582561802,0
flashbots-c100,195,10000,17.946516568359176,-17.94571233278414,17.94571233278414,0.0008042355750355057,215480.84524448804,3283.2252474493725,0.9849919356498243,10642,640,90131.58491821509,0.0013709705791815452,0.08957884748518793,100.13709705791815,10036.32155948513,65.52057441264236,0
flashbots-c100,196,10000,21.116410658799758,-21.114998922053033,21.114998922053033,0.001411736746725012,178424.9860914158,1197.0951307814673,0.9933354790088383,6398,517,86389.25337535531,0.0017958152460607834,0.18631286356920385,100.17958152460608,9984.252077678562,111.53046569883209,0
flashbots-c100,197,10000,31.478619534491788,-31.44060951179253,31.44060951179253,0.03801002269925746,290396.4023497943,3505.654714859021,0.9880720306966485,10379,787,136416.97243842582,0.008745738007502979,0.1467428813831502,100.8745738007503,9940.309070691883,109.37046831301399,0
flashbots-c100,198,10000,13.865490909302721,-13.865906560624126,13.865906560624126,-0.0004156513214041979,170748.5595462683,2681.7670322990643,0.9845369198962779,9109,509,69585.44452872987,0.00444814376470859,0.10114695892054058,100.44481437647086,9990.49810419094,92.39607552260667,0
flashbots-c100,199,10000,8.360058605202525,-8.34237886907114,8.34237886907114,0.017679736131384516,92945.29503741793,1439.3469188032323,0.9847501999374978,7312,282,34481.39914546256,-0.008377460395233953,0.09984322767321728,99.1622539604766,10053.564633340658,65.97886838948915,0
flashbots-c100,200,10000,7.764706266831122,-7.7641083376396836,7.7641083376396836,0.0005979291914384177,84483.83397417876,1820.764545142356,0.9789030413630307,6339,319,32961.62798357935,-0.003563020159656247,0.07715053754406029,99.64369798403438,10019.818440903233,31.11320204960449,0
flashbots-c100,201,10000,6.616161195219975,-6.640890662435012,6.640890662435012,-0.024729467215037104,85838.27227944486,1173.5574335790059,0.9865126680193999,5626,214,29658.67341569661,-0.0026406527273043425,0.14554202138336408,99.73593472726957,10089.25903618124,172.37792516449392,0
flashbots-c100,202,10000,10.139359409248137,-10.138557266907625,10.138557266907625,0.000802142340511125,136057.229617652,2413.958406345481,0.9825670708773934,9440,391,50078.62253481527,0.0019128804163942449,0.08449803642957888,100.19128804163942,9973.077055378764,72.30082144211484,0
flashbots-c100,203,10000,22.51269293127951,-22.50547090233775,22.50547090233775,0.007222028941761494,146305.82343519633,1190.2895226924495,0.9919300278575323,6116,552,73562.858034062,-0.012327082719330633,0.14159278061239305,98.76729172806694,10038.308726705518,57.902198364854954,0
flashbots-c100,204,10000,21.041303077082013,-21.02554685119921,21.02554685119921,0.015756225882803676,261973.1672646173,2836.18475150233,0.9892897107677312,11834,699,110066.6840994799,-0.005600034268305905,0.0837259376054496,99.43999657316941,10048.948154602249,131.48932780081054,0
flashbots-c100,205,10000,4.959826138879827,-4.951771790837299,4.951771790837299,0.00805434804252858,101262.93233487595,1192.1168015546823,0.988364489484874,6680,254,34431.90014676998,0.007857816218818385,0.0476745293381947,100.78578162188184,9913.146048935403,107.1066617850174,0
flashbots-c100,206,10000,20.419006647428127,-20.418291482512757,20.418291482512757,0.0007151649153698258,207920.53307833592,1057.3969553833847,0.9949401501143552,8297,672,98612.97109950696,-0.0032825455965189575,0.09263309480722313,99.6717454403481,10025.92466257754,79.35603674676747,0
flashbots-c100,207,10000,11.311812345139327,-11.309876172174285,11.309876172174285,0.0019361729650420045,135102.42187652766,2252.0435835988374,0.9836041472983447,7184,388,57181.55873184116,-0.0013502858257481876,0.07585032054544655,99.86497141742518,10014.310727995591,90.7594439157596,0
flashbots-c100,208,10000,8.787508392567753,-8.781963304335036,8.781963304335036,0.005545088232716822,105144.25885109471,1142.3058252198553,0.9892525849461912,5489,308,44056.36670540008,-0.005968207179295604,0.07012861863851526,99.40317928207044,10043.080180252427,86.60562109209545,0
flashbots-c100,209,10000,15.611007103628953,-15.610825410563564,15.610825410563564,0.0001816930653895099,191865.89860547046,513.1883387431889,0.997332410986585,9365,530,79225.061966496,-0.000019176179950761707,0.13609526332344601,99.99808238200492,9998.245917792114,98.00199013650169,0
flashbots-c100,210,10000,6.283978924767801,-6.283457969934176,6.283457969934176,0.0005209548336253533,113543.5344147583,613.1283141326945,0.994629062382554,6702,289,40338.59415437115,-0.0005938877361124639,0.041678005003083884,99.94061122638875,10006.728802422564,102.27583272581126,0
flashbots-c100,211,10000,6.045171978373753,-6.0539873600409635,6.0539873600409635,-0.008815381667210076,89024.80779058726,1214.5718453026768,0.9865405563490862,5031,210,32712.543955603283,-0.00022811281002631744,0.07508430432691526,99.97718871899737,10025.969051120415,129.21013403521889,0
flashbots-c100,212,10000,16.71082665067052,-16.719552574174088,16.719552574174088,-0.008725923503568822,292989.4935714461,1968.4537987785873,0.9933263239172606,10851,586,121837.19768947232,0.0026366458494770486,0.0480390950889209,100.2636645849477,9922.09619354962,284.2480316052466,0
flashbots-c100,213,10000,9.479569863886592,-9.47419296498164,9.47419296498164,0.005376898904952299,179042.80033243416,3228.0071209742387,0.9822900487133718,11444,427,63369.469279046054,-0.001670347065035429,0.04299440715780193,99.83296529349646,9984.50891577091,69.24468368883747,0
flashbots-c100,214,10000,21.142160294608733,-21.129066095749252,21.129066095749252,0.0130941988594806,231808.3262369139,2502.0059823342917,0.9893218281983693,9239,636,101950.09897519248,-0.007420177295514491,0.10120931834688747,99.25798227044855,10082.99033037217,109.72608520405835,0
flashbots-c100,215,10000,5.047217195745155,-5.046103633306018,5.046103633306018,0.0011135624391371834,75882.18353646518,1160.9163388137806,0.9849315987973858,4033,198,28866.13518570299,0.0014960013254429326,0.048247368832888785,100.1496001325443,9965.288207915944,96.90540235547302,0
flashbots-c100,216,10000,3.690957733991562,-3.690214724950877,3.690214724950877,0.0007430090406845835,66595.8011151943,1463.5336323563822,0.9784962101409748,5105,159,22524.409096948897,-0.0018081374601781875,0.04794319334720044,99.81918625398218,10019.756152084892,114.76331468946934,0
flashbots-c100,217,10000,13.94393275097924,-13.923658165949917,13.923658165949917,0.020274585029323333,201775.51095880463,3015.260028519289,0.9852763871439015,8112,472,87209.91756991955,0.00565520269543029,0.07872530601028686,100.56552026954303,9761.058643625987,328.77473811409266,0
flashbots-c100,218,10000,10.829740989270022,-10.83066051095004,10.83066051095004,-0.0009195216800179651,178844.69010866116,2456.815123557379,0.9864490086808128,10302,436,64849.54977892186,-0.0009604594101529074,0.05193496376045161,99.90395405898471,9998.015686636754,112.78941581322782,0
flashbots-c100,219,10000,7.884899614830306,-7.881540430225641,7.881540430225641,0.0033591846046645557,121443.78352286396,2499.6089939538447,0.9798326563183699,8871,301,41644.35761782919,0.00031362697040577815,0.07581255511247846,100.03136269704058,10006.644545931958,110.29641023208549,0
flashbots-c100,220,10000,13.296453868054058,-13.292447510880294,13.292447510880294,0.004006357173764741,186350.28444982212,2245.7668077301196,0.9880921854261773,9223,500,74177.55346923688,-0.005509108567923135,0.06212141375714154,99.44908914320769,10042.380629921969,98.7563300744678,0
flashbots-c100,221,10000,2.6908446303096243,-2.6864198922560973,2.6864198922560973,0.004424738053526944,57147.77857171193,1068.7275287580642,0.9816421904998274,4607,124,16836.473663723857,-0.004733952568199698,0.04721403727280901,99.52660474318003,10048.516864574593,111.41168931313693,0
flashbots-c100,222,10000,3.867125083897905,-3.8662072877104663,3.8662072877104663,0.000917796187438924,83022.87719849852,1363.4866355083784,0.9838423345483822,6257,179,26066.316868784597,0.000995433177909888,0.04447035374792648,100.09954331779099,9976.56136496985,128.64247561923003,0
flashbots-c100,223,10000,10.49802131793187,-10.493031784613478,10.493031784613478,0.0049895333183922475,133537.30327989365,1121.444791399256,0.991671949966403,5732,345,54776.3498584943,-0.0019674381030215216,0.05737527005177043,99.80325618969785,9993.32787971812,117.63821917798023,0
flashbots-c100,224,10000,29.174268066201556,-29.171677964179267,29.171677964179267,0.0025901020222889315,247021.84386874514,2546.2800986741972,0.9897972543200003,9937,762,118435.72462342407,0.007927999071952598,0.10035086727101458,100.79279990719526,9934.980265535332,87.56235304753778,0
flashbots-c100,225,10000,4.023077795450536,-4.018680604801176,4.018680604801176,0.004397190649360283,70107.70670302049,1612.2905837310013,0.977519650798581,4671,168,24526.404372433397,0.006373802441867724,0.05288756505597703,100.63738024418677,9900.041859031217,138.8464263594924,0
flashbots-c100,226,10000,4.592209529017595,-4.587786023490395,4.587786023490395,0.0044235055271997226,110681.42907718207,2044.1134839179908,0.9818664569051861,8660,212,33201.397294446404,-0.005837318691922491,0.03489530993609875,99.41626813080775,10135.418165337833,174.5364242223458,0
flashbots-c100,227,10000,5.480787780878614,-5.484553654724749,5.484553654724749,-0.00376587384613547,79580.37512127067,1388.8454370797067,0.9828472421062909,5094,249,30831.28719380194,-0.00007898522367938199,0.045479901469460626,99.99210147763206,9903.04913661887,60.317391349748426,0
flashbots-c100,228,10000,16.717653188750546,-16.70772107335705,16.70772107335705,0.009932115393496588,194233.56695689284,2015.3792540821496,0.9897304964281666,9887,594,81554.6137169335,-0.0015297663268025018,0.10780780756826332,99.84702336731975,9914.907672075033,73.84290400801531,0
flashbots-c100,229,10000,20.83429806063837,-20.82364772743894,20.82364772743894,0.010650333199432538,252905.79866163648,2281.248442850544,0.991060484970789,11671,675,106952.80186362188,-0.004596223545834163,0.13414887229573835,99.54037764541658,10036.138180199781,117.3265333682859,0
flashbots-c100,230,10000,15.820441097861396,-15.80163404425167,15.80163404425167,0.018807053609725344,193584.51306950272,2215.6050871011143,0.988684352655349,8516,493,83438.0229056551,0.009153637565900681,0.08168667510714983,100.91536375659007,9947.812274683372,105.4279823870154,0
flashbots-c100,231,10000,11.00947917677476,-11.00785644389228,11.00785644389228,0.0016227328824811593,134258.59843261784,882.5807122077786,0.9934691948243108,5845,384,57589.40255630648,0.0015109987364067478,0.06814881570323507,100.15109987364067,9986.58484292417,102.69018879406573,0
flashbots-c100,232,10000,10.63928639354302,-10.638784737147617,10.638784737147617,0.0005016563954036712,113562.02561497485,750.0225656572245,0.9934388143892579,4267,355,55037.956734148305,-0.0005598986164278585,0.06079031623670403,99.94401013835721,10009.528011120403,95.87193177792206,0
flashbots-c100,233,10000,16.322937092746045,-16.318705273241846,16.318705273241846,0.004231819504198597,178380.5632764279,1991.5591361029951,0.9889586089609342,7919,517,81043.9176662146,-0.0019896104908922042,0.11149862468579058,99.80103895091078,10023.725813791085,79.76077115787699,0
flashbots-c100,234,10000,4.824112738990578,-4.824636229196656,4.824636229196656,-0.0005234902060786695,106393.80723487305,2750.6061509057527,0.9747984705256189,6901,229,32841.49080586089,0.0013643854188957504,0.04649620219079111,100.13643854188958,9988.361348801944,132.19781396251048,0
flashbots-c100,235,10000,33.726592015109034,-33.747665315393334,33.747665315393334,-0.02107330028429999,220360.83819649776,2135.788980227457,0.9904008028915825,9179,829,113203.59603987764,-0.004755986388528299,0.17956931264914958,99.52440136114717,10024.39913013796,70.6910179816114,0
flashbots-c100,236,10000,8.006530094634437,-8.00123703265217,8.00123703265217,0.005293061982266423,85105.80011487879,1348.8474606886982,0.9843982076323923,5172,267,35522.621689832784,0.006390027512329084,0.08374573835169513,100.63900275123291,9968.485019844347,67.21480809917236,0
flashbots-c100,237,10000,13.044055118138,-13.048116857970442,13.048116857970442,-0.0040617398324425125,136553.17295467496,1953.4970435728474,0.9858960074370601,5659,381,60108.83374170448,-0.0009819561714355983,0.09922606390294561,99.90180438285644,9996.963448499298,92.4113136470382,0
flashbots-c100,238,10000,11.382320757029,-11.380802337628928,11.380802337628928,0.001518419400071025,144640.19972124614,2543.953182702279,0.9827158485984395,9998,420,51996.958552340264,-0.0066917443086984465,0.09590885951118792,99.33082556913016,9977.394576408064,42.80061201675412,0
flashbots-c100,239,10000,19.790798680915987,-19.773340586183508,19.773340586183508,0.017458094732479168,158613.42686288024,2765.678786324341,0.9828622250991018,7896,431,68571.3366296312,-0.005776324262126309,0.1652663816440463,99.42236757378737,10032.931132887952,74.2257792015887,0
flashbots-c100,240,10000,43.04648306200011,-43.04697959191152,43.04697959191152,-0.0004965299114161326,303434.3416177614,1503.3084146601195,0.9950701121540739,11815,825,138067.43346619591,0.00526383809017048,0.3492548161058201,100.52638380901705,9946.239681609177,94.64523357043299,0
flashbots-c100,241,10000,7.010527316780505,-7.009920823852255,7.009920823852255,0.0006064929282496578,94405.14815353921,1579.973988508526,0.9835393865919102,5007,245,39392.1658590546,-0.004831621505744153,0.10226216858186035,99.51683784942558,10073.265564257481,152.4143206434038,0
flashbots-c100,242,10000,8.501545362444507,-8.500976946804016,8.500976946804016,0.0005684156404903717,135723.17745628115,64.8730565063991,0.9995222476774547,7978,376,52348.059124898275,-0.0012976637803934921,0.056565533744663554,99.87023362196065,10012.9296129545,98.9583810440994,0
flashbots-c100,243,10000,4.679900837133377,-4.681317761169737,4.681317761169737,-0.0014169240363601787,143229.98493293521,1982.5851320071413,0.9863470143726505,9133,212,38853.63271092897,-0.0033338604127284553,0.05889717058610415,99.66661395872715,10054.435836283894,207.80799920429928,0
flashbots-c100,244,10000,5.353574848982904,-5.350164815917665,5.350164815917665,0.0034100330652382382,100134.56398336917,1308.4492729348535,0.9871016324246111,6815,199,31194.485135418337,-0.0030248102566456225,0.07483628047099372,99.69751897433544,10000.064370179112,165.48230014142715,0
flashbots-c100,245,10000,11.480234560495923,-11.477077758661721,11.477077758661721,0.003156801834201417,134378.66070340405,1259.8371414653839,0.9907118026114807,6365,393,56681.83222422257,-0.012070094787755892,0.12652237174348727,98.79299052122441,10062.381796660628,65.46384509427882,0
flashbots-c100,246,10000,3.399871653374984,-3.396490755173147,3.396490755173147,0.003380898201836846,56039.46272599306,1556.0499637135188,0.9729831389452738,4055,134,19403.067506000974,0.0006502758574849565,0.05805926978205022,100.0650275857485,9988.140331849389,100.37268906431748,0
flashbots-c100,247,10000,13.45011102247063,-13.408728370552751,13.408728370552751,0.04138265191787838,152572.9168028792,1044.3988130838275,0.9932012949914137,9052,390,57721.54293194776,-0.018873681970953696,0.20294325049259385,98.11263180290463,10225.889162060797,116.00465957405977,0
flashbots-c100,248,10000,17.3062814695201,-17.305395543288725,17.305395543288725,0.0008859262313762883,201535.68877764748,2045.852733437276,0.989950696324176,7649,458,90593.09917398087,-0.0012982977959283915,0.15390208439904568,99.87017022040716,10035.796923193586,182.14330186882077,0
flashbots-c100,249,10000,18.89368210122772,-18.924618229157332,18.924618229157332,-0.030936127929610535,144504.01951810595,1186.4000162144214,0.991856705334458,5853,475,70377.59674799287,-0.009044888000779992,0.18658472947891355,99.095511199922,10017.202367518103,73.0803811305613,0
flashbots-c100,250,10000,15.484826123906062,-15.466311854519887,15.466311854519887,0.018514269386175286,179449.05100744203,1361.3738288947334,0.9924707116300014,7022,471,79488.8543503728,0.008021403012026695,0.09610395859877627,100.80214030120267,9888.707685414709,90.4898072281145,0
flashbots-c100,251,10000,15.554499817486379,-15.561742568167759,15.561742568167759,-0.007242750681379917,159514.5958767231,1171.0473975736854,0.9927121840277002,6376,448,73127.5766325747,-0.0037412504394754363,0.08735500134620182,99.62587495605246,10030.268104021976,105.52670585095511,0
flashbots-c100,252,10000,8.880892695782984,-8.873713548154157,8.873713548154157,0.007179147628827209,172140.90159856746,2369.691893185591,0.9864209281180538,11465,330,55105.85674821414,-0.007675867162017909,0.10600673077306766,99.23241328379821,10088.39064263321,146.94629569126272,0
flashbots-c100,253,10000,5.3920246256210795,-5.390597354190845,5.390597354190845,0.0014272714302343559,108765.21313613364,2065.2395510289884,0.9813657753716979,8373,262,35154.60439043623,-0.00012582586221739688,0.042308311272750816,99.98741741377826,10006.05051482006,89.36704191664047,0
flashbots-c100,254,10000,14.892885699649142,-14.883536227735377,14.883536227735377,0.009349471913765228,124467.39863623132,1748.646917590108,0.9861456052602722,5443,394,59947.30689017106,-0.0002588158916830707,0.07855762648555341,99.9741184108317,9980.723006812641,78.18074559021296,0
flashbots-c100,255,10000,11.689246532791465,-11.689812743880623,11.689812743880623,-0.0005662110891577754,176260.5495647693,2604.9842143476862,0.9854360750262562,9970,413,62083.840952895596,0.001068286637420499,0.11104031276991493,100.10682866374205,9996.177718720835,101.52218870979752,0
flashbots-c100,256,10000,26.853631301016385,-26.859632873858047,26.859632873858047,-0.006001572841661584,235919.76084727756,2231.4575736921925,0.9906300812211352,10667,624,103911.53952098705,-0.0062710863163540865,0.2108168924338503,99.37289136836459,10058.606327746016,101.36543166143167,0
flashbots-c100,257,10000,10.724369424508975,-10.720427530110157,10.720427530110157,0.003941894398817425,172476.2478654827,1158.5299744123952,0.9933277769072238,11157,414,60531.77578152772,-0.005014224389700957,0.078964223779071,99.4985775610299,10051.863619443098,103.93354410602677,0
flashbots-c100,258,10000,28.196219766996265,-28.20973001796459,28.20973001796459,-0.01351025096832359,215766.80940853935,2294.15724001021,0.9894792851959254,7696,613,103233.03555657626,-0.0005303868646475962,0.12614623919046664,99.94696131353524,9949.664662315332,78.2283451972868,0
flashbots-c100,259,10000,6.216406134513324,-6.212177914886809,6.212177914886809,0.004228219626515539,124057.13640021654,2054.6191400614125,0.9837079491022928,7702,250,42118.43273431578,0.006247695329465586,0.06883702987638102,100.62476953294656,9947.064759033568,108.29608654382311,0
flashbots-c100,260,10000,8.81958399944589,-8.820887320395869,8.820887320395869,-0.0013033209499795362,154437.13208167077,2076.840950360916,0.9867306355456462,9593,359,53476.92042180437,-0.00025118589690407587,0.06121534066269106,99.97488141030959,9997.272812154448,109.49047363123745,0
flashbots-c100,261,10000,17.502881212206866,-17.50898249491881,17.50898249491881,-0.006101282711945544,125191.25116872443,2125.084656192263,0.9833086253824125,5189,445,62288.36571061557,0.00021572674729270603,0.14819877831813855,100.02157267472927,9985.969842332139,50.65810344203464,0
flashbots-c100,262,10000,11.912664569355002,-11.911903228632198,11.911903228632198,0.0007613407228035385,158932.89083954788,2714.6605775407784,0.9832062994227713,9991,380,56309.34832634995,0.0031630481994012884,0.09693708860637529,100.31630481994013,9964.433204452167,106.52284600287264,0
flashbots-c100,263,10000,8.892080744829887,-8.897722335308728,8.897722335308728,-0.005641590478841607,110161.83427378438,1114.1023219458552,0.9899879312991682,4386,291,47821.46282444494,-0.0015980501899841215,0.07645902289111092,99.84019498100159,10042.001498099262,139.7420681636363,0
flashbots-c100,264,10000,4.248531173137681,-4.246572513002164,4.246572513002164,0.001958660135517043,120200.95638850627,1538.9598553635105,0.9873586256435345,8684,196,32346.37191755702,0.0000307929376441507,0.04940645161404888,100.00307929376442,10050.71424165463,277.5065921963876,0
flashbots-c100,265,10000,9.63402046471597,-9.63515764887309,9.63515764887309,-0.0011371841571197194,146536.84881704603,2151.0836438943,0.9855328969319055,9475,391,53326.80289578733,0.0002640929077389842,0.0619727069492653,100.0264092907739,10001.673030006776,87.13095896679536,0
flashbots-c100,266,10000,10.97358730078281,-10.973378038870308,10.973378038870308,0.00020926191250225656,121050.93523384143,821.3139113431406,0.9932608619509047,4881,336,54127.85046478737,0.0009963110046086853,0.06467954487001365,100.09963110046087,9996.61922302447,104.78263269803747,0
flashbots-c100,267,10000,29.33548542248692,-29.3337324864993,29.3337324864993,0.0017529359876178319,271822.9164202548,60.87854183912636,0.9997760861700212,10609,742,123306.5264514312,-0.004348411931156875,0.13343822036878109,99.56515880688431,10044.006619683978,101.65458535084109,0
flashbots-c100,268,10000,8.018211800290256,-8.020480413078289,8.020480413078289,-0.002268612788032698,132154.27914671536,1495.5503293586319,0.9888099346237746,6720,296,50722.92269568896,0.0051652412451682036,0.08177662100835618,100.51652412451682,9983.30945364027,119.34976369164225,0
flashbots-c100,269,10000,4.1432419768401365,-4.1433837300347705,4.1433837300347705,-0.00014175319463394231,79073.223141368,2274.968861775367,0.9720341804070155,5259,196,25599.89713899034,0.000704876352173045,0.0422950764384683,100.0704876352173,9982.059967103369,82.89332654495395,0
flashbots-c100,270,10000,22.93965803797487,-22.95230336475204,22.95230336475204,-0.012645326777171562,184003.6089423931,1877.7370250484864,0.9898981954575614,8151,609,85654.88325515682,-0.004565973571130826,0.1766766650375746,99.54340264288692,10024.248948369368,61.016651922615246,0
flashbots-c100,271,10000,31.418786915362595,-31.427325284888525,31.427325284888525,-0.008538369525929568,296118.4509835934,3519.0097289162973,0.9882557750938471,10597,805,141679.15913101644,-0.0000027993617443655692,0.08658946780826185,99.99972006382556,10014.402722889532,72.2700787258984,0
flashbots-c100,272,10000,5.061027240867448,-5.059245063923669,5.059245063923669,0.0017821769437791346,57559.616712908246,1052.092880987498,0.9820497834259202,4262,212,22705.544545931007,0.011831245365423798,0.09070569972231482,101.18312453654238,9944.459057258016,30.13487132994103,0
flashbots-c100,273,10000,65.46795904475951,-65.40171396925786,65.40171396925786,0.06624507550165504,153486.51663651335,1728.8707875949958,0.9888614729745122,5697,836,91405.396740674,-0.013154050203503544,0.9321332101899784,98.68459497964965,10003.872312819394,18.907137590054095,0
flashbots-c100,274,10000,11.436964349971245,-11.434237969239561,11.434237969239561,0.00272638073168352,105423.4056455082,562.3937726943818,0.9946936874960458,6348,275,41863.7943229588,0.006143563535101748,0.19716186082951453,100.61435635351017,9951.538738713261,86.94610444573428,0
flashbots-c100,275,10000,7.91785630662759,-7.926523379061393,7.926523379061393,-0.008667072433802936,126813.47115480439,2583.3534543976825,0.9800354184718226,9116,328,43604.12542812315,-0.001373769618855647,0.105463186149032,99.86262303811444,10026.976320256343,66.29636097997468,0
flashbots-c100,276,10000,23.991601241134717,-24.008343486086247,24.008343486086247,-0.016742244951529983,248679.868921301,2679.275883742509,0.9893408458012515,10390,745,114764.42651399071,-0.0035038756556569693,0.13588286367051794,99.6496124344343,10094.07516126994,138.11822407017874,0
flashbots-c100,277,10000,10.150344926917322,-10.150729654748176,10.150729654748176,-0.0003847278308537483,186028.99017127053,2741.282988698295,0.9854782061666284,10970,407,65957.54794624195,-0.0037157263141087073,0.05294347071057175,99.62842736858913,10035.654844466428,142.15299267750655,0
flashbots-c100,278,10000,17.081082684446965,-17.079624803245665,17.079624803245665,0.001457881201300637,241311.35836389422,2860.759750949148,0.9882838393956036,11408,622,99267.06398910582,-0.003374870533710066,0.08255400133707255,99.662512946629,10082.207448884148,149.28264857405574,0
flashbots-c100,279,10000,34.8595664220888,-34.86660979286508,34.86660979286508,-0.0070433707762802555,259908.58877471628,3032.4416335984615,0.9884672178058729,10872,867,126891.51315236055,0.004756318878512218,0.14261720906421843,100.47563188785122,9980.427430286583,61.750290027930994,0
flashbots-c100,280,10000,7.258205421776966,-7.260187695849282,7.260187695849282,-0.0019822740723167698,120651.21791899177,1985.9041120644745,0.9838066640901638,6738,294,47407.34461284377,0.00040618526752481896,0.04625788927701123,100.04061852675248,9973.985628869,169.94488864631452,0
flashbots-c100,281,10000,8.296026667131809,-8.288562055163567,8.288562055163567,0.0074646119682419965,121706.65619095172,1536.8642700061048,0.9875298574378767,6281,328,50441.80947642316,-0.007871078411962173,0.049526605492800115,99.21289215880378,10097.219637605976,116.82539784415584,0
flashbots-c100,282,10000,9.555138652512497,-9.550995133209597,9.550995133209597,0.004143519302900245,117794.990064308,1976.7034638502234,0.9834960715205592,7430,327,44993.76306550689,-0.0038733784087536093,0.08873899683688947,99.61266215912464,10025.911543283044,71.85428895294675,0
flashbots-c100,283,10000,9.282682407603815,-9.281550746290677,9.281550746290677,0.0011316613131384656,94272.78395704842,1655.3912837461194,0.9827434298672852,5377,317,40288.02772093002,-0.0065662986465918035,0.08432499614331249,99.34337013534082,10066.733478315578,59.544311072851286,0
flashbots-c100,284,10000,43.47414649883872,-43.465307643327876,43.465307643327876,0.008838855510845178,302947.9719818572,1709.9560538206786,0.9943872917903505,10848,850,146760.41399262557,-0.003985078915112581,0.24657362028805424,99.60149210848874,10033.076881979534,104.0632719251634,0
flashbots-c100,285,10000,7.641203482528397,-7.634121120524242,7.634121120524242,0.007082362004155129,150307.0992095051,1998.9063410194813,0.9868757221109289,10860,344,48531.19749480838,-0.0077408532684074775,0.0703250050811178,99.22591467315925,10061.04260319477,100.77628519878832,0
flashbots-c100,286,10000,11.297374824742207,-11.290871584290713,11.290871584290713,0.0065032404514937525,135906.26130848104,2202.3965339506353,0.9840531609794995,9560,416,51275.03675032976,-0.004567358336094856,0.09030667573976899,99.54326416639051,10034.431501235733,77.88995752428121,0
flashbots-c100,287,10000,12.274775818428745,-12.280637514011346,12.280637514011346,-0.0058616955826007455,176249.47535386158,2844.4790639437783,0.9841173920516159,9778,446,67534.63834855962,-0.0003595677642596229,0.08786973182642739,99.96404322357404,9990.432952206487,115.90317231086996,0
flashbots-c100,288,10000,32.78095596372981,-32.79007093156625,32.79007093156625,-0.009114967836438836,261181.46412655016,2305.8280976123833,0.9912488071885809,9255,841,133217.42794694085,-0.009477365161089466,0.11490964912471498,99.05226348389105,10089.302518041992,95.42736206669963,0
flashbots-c100,289,10000,7.297149364212324,-7.290923642475136,7.290923642475136,0.006225721737188827,93914.4694007052,2439.173467011016,0.9746851972129403,6695,289,35063.94664329119,-0.008558444374520349,0.08543528978362047,99.14415556254797,10062.955409421344,57.840803254481386,0
flashbots-c100,290,10000,20.53474299979833,-20.52994709573892,20.52994709573892,0.0047959040594101054,191911.02138246622,2169.1999779018993,0.988823178566588,8558,564,85759.983702553,0.008884866705045767,0.2028420559051716,100.88848667050458,9872.34515826357,86.58954499298352,0
flashbots-c100,291,10000,17.374630460945472,-17.35804556373884,17.35804556373884,0.0165848972066307,228428.03257873096,2670.2879024581107,0.9884452301648143,11146,523,90236.0366798052,-0.005210739435000988,0.10386648551172058,99.4789260564999,10124.375321372423,153.01921293116803,0
flashbots-c100,292,10000,13.605980812122926,-13.590019100700701,13.590019100700701,0.015961711422225022,274708.12639946776,3065.659855427241,0.9889634659311802,11078,507,105934.84473491815,-0.0044832396590054205,0.08682511199148295,99.55167603409946,10175.294384443067,493.09013499152775,0
flashbots-c100,293,10000,4.799093117970629,-4.795487927603702,4.795487927603702,0.003605190366926969,69868.57773638681,1544.6713367290947,0.9783699613618253,4402,198,28330.664900596985,0.006054435454889386,0.053218380380201324,100.60544354548894,9931.67641952414,103.97254062375309,0
flashbots-c100,294,10000,15.805590808414976,-15.810394449710884,15.810394449710884,-0.004803641295907823,182614.57154442693,2796.1892789842477,0.9849189482500027,10983,504,73350.86421520471,-0.007149778354976206,0.13310686671490926,99.28502216450238,10047.653466979475,61.9183229772161,0
flashbots-c100,295,10000,8.801913298418762,-8.799341686425251,8.799341686425251,0.0025716119935115245,110902.51493423566,1571.8651249191516,0.9860246829180793,4740,329,50096.54812249635,0.006550126303872758,0.06201729321249275,100.65501263038728,9905.501221252482,105.5472614564718,0
flashbots-c100,296,10000,10.817401992820356,-10.812849484901236,10.812849484901236,0.00455250791912043,159912.24641931328,85.96712243791715,0.9994626994856071,10029,381,55958.21844099462,-0.006403549414216201,0.10265205670403674,99.35964505857838,10065.14812609312,100.7854773452055,0
flashbots-c100,297,10000,6.64021119681237,-6.6359112555728785,6.6359112555728785,0.0042999412394912895,95788.62429373522,1851.9138936605725,0.9810333502043351,6730,282,35119.754573332386,0.007431777632389327,0.07929583910044556,100.74317776323893,9911.486184532949,65.1742623323321,0
flashbots-c100,298,10000,12.545309189080596,-12.542617714510314,12.542617714510314,0.002691474570282182,147521.80848505953,1411.293349704455,0.9905239779987244,6630,352,61848.641239650795,-0.0005258375096481415,0.08628291875981432,99.94741624903519,10003.574038211142,126.87282753788942,0
flashbots-c100,299,10000,24.47830382540877,-24.481363231976033,24.481363231976033,-0.0030594065672637782,248343.10544593347,3054.2225301225226,0.9878510143496297,11734,774,111775.05432505785,-0.0013467612132701844,0.0956269248594026,99.86532387867298,10035.608095298287,75.61270530574372,0
flashbots-c100,300,10000,9.85998671152085,-9.85498727128558,9.85498727128558,0.004999440235270214,175980.63131209326,1092.2448708698557,0.9938316647110804,10822,443,61954.74972057042,0.006249471808082489,0.05325535623639965,100.62494718080825,9939.003357218713,102.79312941173237,0
flashbots-c100,301,10000,19.68336494272332,-19.690320948443016,19.690320948443016,-0.006956005719697345,155242.8201136372,2247.1815128991507,0.9857312750670484,6786,526,75152.18003307992,0.000010748646488991653,0.11585854350591973,100.0010748646489,9988.130390545708,63.168482125548095,0
flashbots-c100,302,10000,19.060589148127203,-19.057998875464236,19.057998875464236,0.0025902726629674078,184288.89884101046,1627.5085310136346,0.9912460198966898,7729,533,85837.48595880419,-0.00006724040859808156,0.09232836825231346,99.99327595914019,10000.624648440069,101.9797741604915,0
flashbots-c100,303,10000,18.629279463377117,-18.6295640462846,18.6295640462846,-0.00028458290748289983,215350.7185315748,1730.4501415503196,0.9920285570962813,9472,582,94308.92540734602,-0.001492481178305951,0.10225781189643697,99.8507518821694,10001.024523557591,99.98327419905475,0
flashbots-c100,304,10000,5.152976186338831,-5.151858640332279,5.151858640332279,0.0011175460065526721,109073.93972479053,2540.7112272722125,0.9772367587444822,8663,260,34487.62847489684,-0.001449409639736814,0.04420027567638698,99.85505903602632,10043.397333675115,80.1618422792759,0
flashbots-c100,305,10000,3.095269477300385,-3.0969063439712983,3.0969063439712983,-0.0016368666709132285,68522.46672263213,930.3316685232418,0.986604835369143,4127,150,21744.380063198638,-0.0015761256369918896,0.044032351089965546,99.84238743630081,10035.576913372102,120.98806606627531,0
flashbots-c100,306,10000,23.660338292246735,-23.66003923842169,23.66003923842169,0.000299053825045803,215326.6244202078,2915.389931064669,0.9866414817525823,8764,659,104096.27481306648,-0.0009641863454602628,0.12003296211864566,99.90358136545397,10005.083964079959,88.33883802758481,0
flashbots-c100,307,10000,17.671528322516433,-17.67303366056189,17.67303366056189,-0.00150533804545816,118762.33867711895,745.0416273838257,0.9937657270581494,4580,438,61398.77325652026,0.003636647258110486,0.12558567061656503,100.36366472581105,9929.572018228162,35.262454488288526,0
flashbots-c100,308,10000,13.966127734918478,-13.970014680869554,13.970014680869554,-0.0038869459510753046,145803.2898168948,2840.3472409878823,0.9808915652414921,7483,409,61440.05159418096,0.006447396892733508,0.14780570914920488,100.64473968927335,9910.839267558069,71.39019780118406,0
flashbots-c100,309,10000,6.642169337663606,-6.638283871614476,6.638283871614476,0.003885466049130315,82710.80983098548,1593.813378414822,0.9810945910468513,5244,222,31280.681250312,-0.001962361482207484,0.09232170194959124,99.80376385177925,10013.530039253648,74.06469152766799,0
flashbots-c100,310,10000,16.913359547279306,-16.913377661676236,16.913377661676236,-0.000018114396930002385,204495.12886786723,3222.262086278492,0.9844872782607316,10588,525,80760.26257576108,-0.004247741476612106,0.10461086187402045,99.57522585233879,10053.549402765042,83.06030370845933,0
flashbots-c100,311,10000,15.021785300776964,-15.021307792277739,15.021307792277739,0.00047750849922501004,231676.79054389265,2864.6147619422186,0.9877863153492799,11180,579,95007.15846149533,0.0022136643812434896,0.060642408468082463,100.22136643812435,10005.648865229265,120.39333735672653,0
flashbots-c100,312,10000,8.057718999489442,-8.052886064713789,8.052886064713789,0.004832934775652831,146948.9811376628,1531.2962866943285,0.9896868707867653,9654,326,49397.75371149623,0.0006196484253356971,0.08556276672268226,100.06196484253357,9987.95778818405,128.03620268275165,0
flashbots-c100,313,10000,18.894707052512466,-18.897172269153316,18.897172269153316,-0.0024652166408500875,192520.0451499701,2001.75963799231,0.9897093303232801,7540,563,88932.12293969696,-0.003924695375409471,0.09079349975768394,99.60753046245905,10049.185542844136,109.12406973599073,0
flashbots-c100,314,10000,15.699255165332003,-15.694310538635634,15.694310538635634,0.004944626696369525,147460.86912448407,1652.837436462598,0.9889155901587957,7856,466,63610.44301963849,0.004287729949373329,0.15208816301020023,100.42877299493733,10032.552508419187,45.73847996385439,0
flashbots-c100,315,10000,19.64765249320118,-19.616747249908357,19.616747249908357,0.030905243292821183,247405.3800664454,3412.4336287912884,0.9863947716531104,11442,566,99469.18040357005,0.004266757263998073,0.1676378714076158,100.42667572639981,10015.927075383812,216.21833919433251,0
flashbots-c100,316,10000,29.015412186314386,-28.984940955109288,28.984940955109288,0.030471231205098093,136535.0793511122,1959.3649396583733,0.9858523932155382,5681,551,68702.43815224951,-0.007126697976178633,0.22633526064544668,99.28733020238214,9986.562508822932,30.169280603748007,0
flashbots-c100,317,10000,6.903178834956283,-6.905863412705756,6.905863412705756,-0.0026845777494726164,144255.9655877132,2000.7472710424965,0.9863203046756925,10467,331,46797.01948767733,-0.0000012130334930304798,0.055689726258489995,99.9998786966507,10008.712154669474,94.60567878562699,0
flashbots-c100,318,10000,21.874002665453354,-21.870789071247856,21.870789071247856,0.0032135942054978273,194841.66802446783,1714.3907303644971,0.9912778535486261,9656,607,85189.86228903307,-0.005279500856924244,0.13386265565896097,99.47204991430758,10097.320104380466,73.23341597513519,0
flashbots-c100,319,10000,12.067292510765329,-12.064175594102409,12.064175594102409,0.003116916662920133,142293.57083953105,1560.6428532524303,0.9891512190488534,7581,388,57709.48494919869,-0.004063034094922245,0.0711385064275177,99.59369659050778,10055.736871142719,80.54127455886922,0
flashbots-c100,320,10000,7.326764679078154,-7.326200752682951,7.326200752682951,0.000563926395203751,96867.73866332072,1180.9471941560525,0.9879555020668745,4186,262,41793.55275257527,-0.002711914307184884,0.06300913835506904,99.72880856928151,10044.38161875586,119.30523616592417,0
flashbots-c100,321,10000,11.401804544805199,-11.396651328063669,11.396651328063669,0.005153216741529576,158293.45158970964,2311.2416080675703,0.9856091278402346,10071,448,59847.98984089748,0.004370786583891686,0.06650637204262339,100.43707865838917,9981.530329952408,79.383797537046,0
flashbots-c100,322,10000,4.781499997234077,-4.777071955644516,4.777071955644516,0.004428041589561005,74885.23765869082,1634.7121255952586,0.9786367851755837,4718,202,26865.001843903177,-0.003487171508420346,0.044034163365175655,99.65128284915797,10035.142921736504,89.50265190011257,0
flashbots-c100,323,10000,15.038004432499593,-15.021816334000192,15.021816334000192,0.016188098499400283,157012.03191920495,2304.3963109532624,0.9855357270022136,8129,493,65961.88431823203,0.011767103294839671,0.11550920425670612,101.17671032948397,9931.752626309113,64.41284481911472,0
flashbots-c100,324,10000,4.553563214654538,-4.54941345901463,4.54941345901463,0.004149755639907937,70938.69263251885,1623.1058789527121,0.9776313995483985,4596,192,26979.720715056985,0.004708989116663247,0.05223815383712349,100.47089891166632,9941.568953538617,110.53762081098655,0
flashbots-c100,325,10000,14.000505131866229,-13.99955320154723,13.99955320154723,0.0009519303189993167,151058.15792884986,1343.1844962943628,0.9911865310703933,6919,470,67787.58868157813,-0.001434894650332268,0.09350664753295305,99.85651053496677,10015.3636387339,88.53201256206908,0
flashbots-c100,326,10000,3.4944027453875726,-3.494878211831306,3.494878211831306,-0.0004754664437336409,73318.71213784098,1873.1542138582338,0.975088339939631,4506,155,23583.742893736646,0.0027620097779623622,0.05386175761908177,100.27620097779624,9956.295774040806,107.76756774471322,0
flashbots-c100,327,10000,16.703002830465312,-16.70171709931917,16.70171709931917,0.0012857311461438314,144279.71558632745,1072.2169421527951,0.9926233045305902,5334,432,70894.58464741372,-0.002055795057997756,0.11113147096165549,99.79442049420022,10024.172700204028,90.85897714735844,0
flashbots-c100,328,10000,14.645096059712017,-14.588771839177085,14.588771839177085,0.05632422053493258,119203.36201262393,1776.1143006106897,0.98531887924517,5352,419,55079.80340907003,-0.03738002627309825,0.1122666249025292,96.26199737269017,10158.169817053442,40.753389784457795,0
flashbots-c100,329,10000,22.020492578757235,-22.01898916518975,22.01898916518975,0.0015034135674838467,208232.3238794652,3946.5757755097484,0.9813997726356046,10046,557,87892.4855678161,-0.0009940570899328804,0.16886567284980217,99.90059429100671,10003.341640459834,93.56275568572572,0
flashbots-c100,330,10000,23.909101535366286,-23.89473819366693,23.89473819366693,0.014363341699354493,134895.79854370508,1895.1138318831663,0.9861459083869567,5993,598,71083.46312540822,0.007083263674982589,0.17013330964340015,100.70832636749826,9981.398501045098,45.87125524823195,0
flashbots-c100,331,10000,16.25309713837989,-16.2450110473886,16.2450110473886,0.008086090991287875,243659.44070479478,2460.34309875709,0.9900034728588869,11576,562,90969.01884001357,0.0003659863988843881,0.08909457889750769,100.03659863988844,9994.429122398553,111.84763406821621,0
flashbots-c100,332,10000,9.249462714499524,-9.24959288981195,9.24959288981195,-0.0001301753124263172,137382.16390941828,2453.9567044736264,0.9824511957733055,9230,323,47657.991155097654,-0.002635965755492435,0.09006021610387847,99.73640342445076,10031.003238941625,96.18037729242826,0
flashbots-c100,333,10000,13.567005014448998,-13.561636592031832,13.561636592031832,0.00536842241716684,178215.9867137745,2091.2566215199467,0.9884017048742124,8889,447,71912.84688052138,0.006331013710308042,0.07908488673917702,100.6331013710308,9984.03590303394,106.66347682725883,0
flashbots-c100,334,10000,8.505256916431284,-8.497694904048146,8.497694904048146,0.007562012383138139,92305.22372181652,1113.692305440895,0.9880785139369852,6173,297,35769.05788042407,0.00419197171320846,0.16486184379847374,100.41919717132085,9959.72594728399,43.53506572387395,0
flashbots-c100,335,10000,24.402786312258172,-24.390242356647136,24.390242356647136,0.012543955611036495,170753.83121679595,1768.9072050529549,0.9897468170211414,6238,573,87195.9040466741,-0.0012109583994889305,0.09574478113501883,99.8789041600511,9973.787565447532,71.3855580917928,0
flashbots-c100,336,10000,11.273933438776071,-11.263371531908973,11.263371531908973,0.010561906867097903,165668.62403322526,2801.188117893833,0.9833727592965965,11370,408,57481.0103774855,-0.009753101354580877,0.11999939118421153,99.02468986454191,10059.528168687631,74.95867785187997,0
flashbots-c100,337,10000,12.390618263392673,-12.39002691588938,12.39002691588938,0.0005913475032937043,152013.76072260004,1772.5300454286441,0.9884740698499431,8146,417,60854.494872834795,-0.0030087290707390933,0.08964029730499376,99.69912709292609,10016.856798905443,91.34596491098851,0
flashbots-c100,338,10000,22.21864813818393,-22.21449717804046,22.21449717804046,0.004150960143469717,179349.05135672214,1810.4579444858875,0.9900062770567805,6728,569,89478.04149425283,0.000020486938003756448,0.10382808504725602,100.00204869380038,10016.86214954117,87.77483026771564,0
flashbots-c100,339,10000,8.924339189809753,-8.925357979801603,8.925357979801603,-0.0010187899918499,118928.28348078424,2303.9804650102883,0.9809953193149932,7618,313,45055.69058896211,0.0001509141185273677,0.10530741455273329,100.01509141185274,9992.052261117471,90.66365827772091,0
flashbots-c100,340,10000,18.30393748466097,-18.289361858791565,18.289361858791565,0.014575625869404973,203198.41333826102,1509.3891859695395,0.9926266162434582,9097,520,86751.5235782694,0.008186156104636381,0.1105841937692513,100.81861561046364,9885.768009678268,113.06145681175519,0
flashbots-c100,341,10000,4.08036148190609,-4.079198794049134,4.079198794049134,0.0011626878569561683,65769.18807941112,1093.9805799240073,0.9836385172605595,4796,206,22961.131018909633,-0.004246971989541208,0.04194502420846959,99.57530280104588,10054.353468319563,75.43729239482286,0
flashbots-c100,342,10000,16.133518049417866,-16.125003267837343,16.125003267837343,0.008514781580522879,168866.34495006426,1797.3215858043811,0.9894686337034332,7205,497,78130.0022810859,0.006119801364358892,0.09644412528115794,100.61198013643589,9952.930434006836,83.65751360198476,0
flashbots-c100,343,10000,19.56556689264815,-19.549581799435458,19.549581799435458,0.01598509321269148,177384.64731693518,1999.6078446542144,0.9888529355998777,8560,612,80002.91982608655,-0.005627730124603403,0.09571660534413723,99.43722698753966,10018.634475184637,63.41902642153338,0
flashbots-c100,344,10000,40.16785626543128,-40.15821396367906,40.15821396367906,0.009642301752222693,285199.7497684435,3288.956976004947,0.9885993562343556,11232,993,138910.6926939106,-0.0051277474366567335,0.13791436888189396,99.48722525633433,10042.534158013772,59.25613573620295,0
flashbots-c100,345,10000,6.23004509117689,-6.229258340201554,6.229258340201554,0.0007867509753358704,116769.87766886967,1492.822031910133,0.9873770678693521,6301,262,41906.93150541223,-0.00034032554238550006,0.052836893048835806,99.96596744576145,10018.093570452867,139.56768586631839,0
flashbots-c100,346,10000,17.96001502572377,-17.962103307455934,17.962103307455934,-0.002088281732163466,249299.95101936383,3235.931177564142,0.987186251912349,11657,576,101086.86773657557,0.0018404509449278805,0.08128354236047614,100.18404509449279,9973.386934746413,90.28591474858376,0
flashbots-c100,347,10000,12.190232780923683,-12.188895946930643,12.188895946930643,0.0013368339930401874,130008.91999767776,1346.187543567936,0.9897515401664512,7162,327,51388.29088681692,-0.000990660922290374,0.19683772959856213,99.90093390777096,10006.259403323225,122.91590736336742,0
flashbots-c100,348,10000,13.13558214829217,-13.129115674431006,13.129115674431006,0.006466473861165056,146887.03090456928,1610.4824440926009,0.9891548187725454,7963,408,60115.43994541473,-0.004871156916285457,0.11511101476915542,99.51288430837145,10036.260552820335,97.38786993123438,0
flashbots-c100,349,10000,4.526746935998787,-4.513185809945583,4.513185809945583,0.013561126053204475,91976.21629651781,1467.2800053826377,0.9842976765269773,4531,191,31866.124290056985,0.009455353838620652,0.05129193029355278,100.94553538386207,9821.009337799314,169.6359167203853,0
flashbots-c100,350,10000,43.81005854184217,-43.7933744545561,43.7933744545561,0.016684087286066074,242161.38203011124,2024.1854598269865,0.9917104623314382,10927,924,121770.22796467155,-0.004792541563478352,0.2307047252095339,99.52074584365216,9972.87565616847,37.16394604801527,0
flashbots-c100,351,10000,9.170967625647677,-9.168124321244079,9.168124321244079,0.0028433044035978128,138901.27626416401,1585.5847804798195,0.9887136436198404,6934,336,52993.88962274201,-0.00007467738842620975,0.10750221184937062,99.99253226115738,10020.737736460249,141.52990195223055,0
flashbots-c100,352,10000,38.322986089225466,-38.25681529936119,38.25681529936119,0.06617078986427316,292483.04733096564,2285.2947258440977,0.9922471500504498,11739,918,141523.58011332017,0.026619079789009136,0.20498914316596312,102.66190797890091,9789.4889655743,75.13661845490097,0
flashbots-c100,353,10000,17.10073964753397,-17.102259722291294,17.102259722291294,-0.0015200747573231865,215866.36316121503,3312.911029660963,0.9848849256304414,8332,558,97527.4924761982,0.0018793748861607184,0.06338580308761366,100.18793748861607,9982.561714199313,144.46897762998216,0
flashbots-c100,354,10000,26.836091262230063,-26.82191809553474,26.82191809553474,0.014173166695321981,273808.72280033556,2535.288369512367,0.9908256076953514,11743,760,123096.50331648161,0.009941403989582084,0.10318927927632529,100.99414039895821,9905.042627422026,91.15506987045693,0
flashbots-c100,355,10000,24.097216982545838,-24.113304317901182,24.113304317901182,-0.016087335355344123,233243.50087164264,1534.7274017962961,0.9934630761417585,8207,567,106787.75193452042,-0.006203196791011862,0.1420377761386277,99.37968032089881,10036.057559797091,154.18981019057375,0
flashbots-c100,356,10000,13.197302861917553,-13.195232865133178,13.195232865133178,0.0020699967843746947,128622.38958754191,144.1119319276323,0.9988808274650077,4865,371,59457.06222049728,-0.0042695783208638715,0.09053473942278573,99.57304216791361,10040.767789606096,97.80831608080179,0
flashbots-c100,357,10000,12.209390583017825,-12.197260656012347,12.197260656012347,0.012129927005478436,110060.08823337035,492.00014526863146,0.9955496078592063,4425,317,52131.71857116129,0.010752133914088802,0.09255781335201149,101.07521339140888,9891.872490550993,98.8813785647594,0
flashbots-c100,358,10000,10.246121658331017,-10.24491998345232,10.24491998345232,0.0012016748786969345,129491.70212442789,1756.002085054402,0.9866207024676662,7123,315,49992.146346880494,0.006163376126694118,0.12586361530767534,100.61633761266941,9891.040757005421,144.43542147189282,0
flashbots-c100,359,10000,19.8396587869547,-19.83831284328059,19.83831284328059,0.0013459436741101172,195501.28600705185,2336.590595474252,0.9881893667906239,7438,562,93244.66921696397,0.004119213462748803,0.09225611421977505,100.41192134627488,9949.239175968427,106.20999279808248,0
flashbots-c100,360,10000,11.58735608253872,-11.586685124492817,11.586685124492817,0.000670958045903447,125952.46870878896,625.3299667941455,0.9950597184234744,5055,387,59189.27505177817,0.0019696028736139225,0.09368579946333512,100.19696028736139,9983.667241746474,96.80170645181772,0
flashbots-c100,361,10000,39.10955631127706,-39.18421345401076,39.18421345401076,-0.07465714273369883,173876.4128502559,1985.2956285930877,0.9887110409323023,9215,716,85238.15221967113,-0.008937073607479107,0.4062493520347118,99.10629263925209,10003.39375095523,35.89070504569022,0
flashbots-c100,362,10000,21.725357775374867,-21.71459322452148,21.71459322452148,0.010764550853387789,237145.3272386002,1380.7432593307556,0.9942113528452114,11685,626,99125.21098082422,0.009203612284889856,0.115956815896254,100.92036122848899,9914.550348872779,97.38404598995342,0
flashbots-c100,363,10000,17.452777255524992,-17.452980826139523,17.452980826139523,-0.00020357061453069036,165943.18232212623,1447.4283016540562,0.9913529898943542,6599,513,81294.38531413402,0.00353709733613087,0.1506377281905992,100.35370973361309,9950.891611550713,105.30057743395567,0
flashbots-c100,364,10000,18.84655301356128,-18.842813880315177,18.842813880315177,0.003739133246103421,115488.66600213238,1306.1399231067774,0.988816797863915,4607,365,54175.817330056554,-0.0038849788190464096,0.327470979292589,99.61150211809536,10035.16424504956,78.58188494603716,0
flashbots-c100,365,10000,22.434717408129835,-22.432317563050162,22.432317563050162,0.0023998450796725024,235529.73792006218,2296.8426990340477,0.9903423633596588,9179,664,108140.30142237885,0.0027608845450566833,0.08130696491982206,100.27608845450567,9978.999313547243,95.25272921915307,0
flashbots-c100,366,10000,11.313309464014164,-11.308556861137617,11.308556861137617,0.004752602876546774,161346.35362133454,2601.8387694353114,0.9841301161574638,10772,392,54939.18919543484,-0.0025022438435021855,0.14479389775222556,99.74977561564978,10016.73569271326,89.16800316112867,0
flashbots-c100,367,10000,13.243944378035398,-13.236700389256924,13.236700389256924,0.007243988778473209,157935.18819002068,1794.6011559479205,0.9887647685300525,7841,441,66910.335812814,0.008132521207426323,0.08613786647820604,100.81325212074263,9922.50110286211,102.15133618218331,0
flashbots-c100,368,10000,8.755644600620686,-8.750114300231026,8.750114300231026,0.00553030038966007,132691.83109876662,2580.0889755064322,0.9809266477914279,10462,359,44991.57570611083,-0.001192503514736245,0.07284983499572192,99.88074964852638,10022.869839698347,46.64121858200154,0
flashbots-c100,369,10000,16.923966792995095,-16.933908920854506,16.933908920854506,-0.009942127859410732,200458.81041976696,2785.5352437160404,0.9862946482736198,9536,429,80219.91764318345,-0.0024577263717230837,0.12662344125893113,99.75422736282769,9982.629585356408,159.14475917761348,0
flashbots-c100,370,10000,18.59169093939972,-18.592951145778656,18.592951145778656,-0.001260206378937312,182905.23763271712,1843.5198846394842,0.9900214761419097,6895,557,89811.19425525289,-0.001560550419523281,0.08835707147209504,99.84394495804767,10013.074098898105,99.22440146244203,0
flashbots-c100,371,10000,16.671806652989062,-16.672897660135305,16.672897660135305,-0.001091007146243328,145242.86729400986,1322.13317398528,0.990979202607965,5408,468,73381.76594703643,-0.0006488529309321223,0.09561307725491418,99.93511470690679,9997.231260938019,58.151763025720285,0
flashbots-c100,372,10000,6.489286678641809,-6.488343475379807,6.488343475379807,0.0009432032620022568,120897.45024258795,1537.7711485738625,0.9874401244094546,7547,289,42084.28099942847,-0.001421473663891959,0.05561705825858553,99.8578526336108,10002.772777820745,117.61770074891827,0
flashbots-c100,373,10000,7.652700331311106,-7.649768325230411,7.649768325230411,0.002932006080694549,94370.218382737,1483.3289502305197,0.984525048978335,4805,284,42715.06674978478,0.006460253175562372,0.06667794140889782,100.64602531755624,9954.777916598865,97.85218742429431,0
flashbots-c100,374,10000,6.524565276440561,-6.520277357754495,6.520277357754495,0.004287918686066483,82601.40213556243,1150.130403279479,0.9862673509556846,4496,228,32630.599342423706,-0.0012673173123326365,0.07226707414734904,99.87326826876674,10025.755570619682,94.7746136680901,0
flashbots-c100,375,10000,32.20200151549007,-32.19117930545494,32.19117930545494,0.010822210035129842,272946.897646631,1886.7891165155665,0.993134796761135,11362,780,127161.03269512377,-0.003647964549161173,0.16231286467940606,99.63520354508388,10061.329419180218,155.8141834348393,0
flashbots-c100,376,10000,15.115381855746021,-15.095799228329298,15.095799228329298,0.019582627416722787,196572.08232079988,1982.1385596063064,0.9900171421649092,7939,384,79313.5221550382,-0.0025695132450081815,0.13390327437328778,99.74304867549918,10077.118667589588,217.7149092138442,0
flashbots-c100,377,10000,15.666646371390208,-15.659563696982701,15.659563696982701,0.0070826744075063175,189878.74738743543,2112.777062351259,0.9889954670217547,9820,511,74872.58916527701,0.005718246079578933,0.14392588315610183,100.5718246079579,9970.251444122074,67.52459434563514,0
flashbots-c100,378,10000,19.644630827988514,-19.63885407964517,19.63885407964517,0.0057767483433437405,199411.65190303494,1849.5072940076448,0.9908104112021093,8204,570,92073.70777416529,-0.003792575776580662,0.09899586710076988,99.62074242234193,10041.774936617176,104.99722800548626,0
flashbots-c100,379,10000,12.582454168509399,-12.585011884109775,12.585011884109775,-0.0025577156003766532,146789.7981382655,1613.96987808069,0.9891244683362561,7372,420,61977.92173830683,-0.0009832573141802924,0.06858225695489381,99.90167426858197,10045.493266854663,107.09477794308499,0
flashbots-c100,380,10000,10.179290450175976,-10.166455421661787,10.166455421661787,0.012835028514189162,109928.44574908687,1495.9963707269662,0.9865738940014765,6646,338,43816.34111459742,-0.003539938761451964,0.0831497857920128,99.6460061238548,10021.159101822032,37.25852570816146,0
flashbots-c100,381,10000,8.571896433009506,-8.565406072628889,8.565406072628889,0.006490360380617233,109205.35119259103,1333.5057012457794,0.9879363172488159,6470,269,40701.34835434408,-0.0082047314056382,0.13955137573226836,99.17952685943618,10073.990963163336,100.82310097088454,0
flashbots-c100,382,10000,4.966713065807614,-4.968586854419556,4.968586854419556,-0.0018737886119417624,68482.9804367378,1245.765169546623,0.9821341233272617,5568,214,24043.687069399606,0.0021484676280104508,0.06543259989511582,100.21484676280105,9985.73054870191,66.42757372228675,0
flashbots-c100,383,10000,14.030275795463838,-14.027610038655894,14.027610038655894,0.0026657568079446747,118835.62815615116,1260.66945532511,0.9895028449636015,4506,391,57906.40910151109,0.000024020253166980866,0.10779020197346668,100.0024020253167,9995.623931944705,73.20381602030669,0
flashbots-c100,384,10000,10.918477452093725,-10.924763865129307,10.924763865129307,-0.0062864130355819725,130773.17220047202,1666.3154771587017,0.9874182881074361,5996,368,54939.955977205565,-0.00008720393581597819,0.09610278167239898,99.9912796064184,10014.574507648154,84.48340316634926,0
flashbots-c100,385,10000,5.8559343542564175,-5.864199566680824,5.864199566680824,-0.008265212424406698,63547.77096292098,1322.8302469105292,0.9796081703847374,4373,134,21930.93891356512,-0.00032785538362261945,0.1533782130177562,99.96721446163774,9973.133688299542,104.61406622725117,0
flashbots-c100,386,10000,11.266447911879636,-11.265419422594377,11.265419422594377,0.0010284892852592264,164904.5459175995,2520.5610406337396,0.984945143016916,9192,461,66122.94178836909,-0.0018247944454628851,0.048961661845733175,99.81752055545371,10022.73191555019,93.76261887180742,0
flashbots-c100,387,10000,12.80145295777398,-12.771946794837163,12.771946794837163,0.029506162936817404,192694.31518147746,2607.40316946573,0.9866493587896631,11305,464,72479.41231860135,-0.00848282557369373,0.10546529066223925,99.15171744263063,10130.78111767272,150.68622293412932,0
flashbots-c100,388,10000,16.9866371938299,-16.988281325013517,16.988281325013517,-0.0016441311836175032,233870.31480131185,2084.810434849404,0.9911643774096334,10026,571,98464.70270650598,-0.009742460976600996,0.06851431921139053,99.0257539023399,10149.01504896881,102.91410981530791,0
flashbots-c100,389,10000,25.593246758128117,-25.582013277239085,25.582013277239085,0.011233480889032421,134536.4442601125,1007.0368854294578,0.9925703775871881,5036,497,71264.37436400643,-0.009835903705494359,0.24893074853568734,99.01640962945056,10051.134853986372,50.707941737509806,0
flashbots-c100,390,10000,11.812374211520906,-11.808506721716611,11.808506721716611,0.0038674898042945216,173207.77560867887,1230.3802816826676,0.9929466103593987,10165,470,65574.30295463464,-0.0056399997824821925,0.08622433091750267,99.43600002175178,10045.269777975214,84.43827250739176,0
flashbots-c100,391,10000,11.427446118388737,-11.42564517760384,11.42564517760384,0.0018009407848964543,170673.42703273045,2140.3357028621986,0.9876147844420415,9023,445,66188.23198854334,-0.00748948953604014,0.08487211716013845,99.25105104639599,10142.330593696941,148.86748956424333,0
flashbots-c100,392,10000,6.654685315013151,-6.647897018444468,6.647897018444468,0.006788296568683627,91953.0862974851,1575.4480950079383,0.9831554283915477,5125,272,37146.75449498381,-0.006886322278192552,0.05932538397169083,99.31136777218074,10096.095657901205,111.24275701570009,0
flashbots-c100,393,10000,32.088726843143164,-32.058935799334165,32.058935799334165,0.029791043808998552,240749.1227216966,3116.5762254621477,0.9872201123859676,10672,810,111608.91407010956,-0.007906095187849616,0.19716364512433046,99.20939048121504,10049.314306643639,59.912073026557394,0
flashbots-c100,394,10000,29.388487866034414,-29.384180270476506,29.384180270476506,0.004307595557907717,247682.81047319123,2591.259977298111,0.9896463106520228,9731,780,118580.28010831599,-0.0002703289760356142,0.1811025131788402,99.97296710239644,9988.418766027979,88.08142200921634,0
flashbots-c100,395,10000,6.438952933588182,-6.440286909892109,6.440286909892109,-0.0013339763039263985,82443.36392478847,1121.4406244491647,0.9865799886627102,4596,242,32633.721421480437,0.002848832569532078,0.0715365634097627,100.28488325695321,9920.354237242305,155.1184015835788,0
flashbots-c100,396,10000,21.065300395418742,-21.064710842397943,21.064710842397943,0.000589553020798661,180428.92198328453,501.52861863376876,0.9972280585331806,6659,509,87566.22270707593,0.000018855905844787914,0.11367657433295093,100.00188559058448,9999.29072721854,103.43715369072217,0
flashbots-c100,397,10000,14.927836063542156,-14.92680513972762,14.92680513972762,0.0010309238145360666,165127.02680552984,2310.424001024055,0.9862012710424423,7976,480,71781.92734845492,0.0038491789620825043,0.09932578359947712,100.38491789620825,9947.339064758244,79.41108286165839,0
flashbots-c100,398,10000,4.727335919255738,-4.722015432948609,4.722015432948609,0.005320486307129002,116152.73537587724,1487.5720626655193,0.9873549118065451,5538,232,41228.43601552359,0.004883234114377473,0.035213710404891005,100.48832341143775,9830.738801318621,198.38121121080906,0
flashbots-c100,399,10000,4.380938006717946,-4.379970714494831,4.379970714494831,0.0009672922231143133,82837.22887927943,1073.7792254935473,0.9872033568688293,6622,204,27106.44198265399,0.0025891593843871876,0.07393153349416182,100.25891593843872,9974.614447656826,95.64050066528185,0
flashbots-c100,400,10000,16.769101168445406,-16.759704951647706,16.759704951647706,0.009396216797700419,185546.5729187043,1526.3126484887005,0.991841080315509,7341,513,83201.64434528179,-0.0024748829246424007,0.10282419149931854,99.75251170753576,10044.781923751254,104.7825873962232,0
flashbots-c100,401,10000,4.017313866670811,-4.015512217038818,4.015512217038818,0.0018016496319930297,64802.93788608636,1316.8053182438794,0.9800845367143283,4007,178,24127.207352231813,0.0031856932947647463,0.04680416474251117,100.31856932947647,9970.49069215294,82.87062419917793,0
flashbots-c100,402,10000,25.380752381616308,-25.37821634477433,25.37821634477433,0.0025360368419775625,252123.82484544825,175.5214681828826,0.9993043126320086,10293,699,115308.40744987252,0.005094333607079591,0.10221639475975194,100.50943336070796,9949.362883831025,99.80422989275071,0
flashbots-c100,403,10000,14.273313217252285,-14.273463386508311,14.273463386508311,-0.00015016925602573394,188045.05118008354,1853.3907705223105,0.9902400949081804,9804,521,76003.58329452957,0.0022320265636737702,0.074211195973365,100.22320265636738,10001.169833532225,79.5186281759675,0
flashbots-c100,404,10000,13.104359027439958,-13.109319351112816,13.109319351112816,-0.004960323672857925,155616.53697666756,2059.8538775024904,0.986936193387331,5899,462,74274.71299505461,0.0037544641005490577,0.058848789233368,100.3754464100549,9982.308240934386,120.4283501745212,0
flashbots-c100,405,10000,3.845510318166616,-3.8421772648390373,3.8421772648390373,0.0033330533275788277,56050.64397905026,1135.4400848693012,0.9801448183862324,4263,144,20268.66001329929,0.006696823419869844,0.06795875765275725,100.66968234198698,9959.926210453143,70.0721854917118,0
flashbots-c100,406,10000,8.983398384544934,-8.98058526503904,8.98058526503904,0.00281311950589469,140534.94614606933,2082.9487893266014,0.9853948987939407,9392,368,50609.27283052239,0.002345711484746573,0.0972178356335685,100.23457114847466,9973.059709304343,115.35967467289188,0
flashbots-c100,407,10000,6.129068280796887,-6.119614511007185,6.119614511007185,0.009453769789701916,82637.10469841285,1625.5412102559203,0.980708637941208,5128,199,30818.323145669707,0.006930200873624273,0.07727024419385956,100.69302008736243,9906.662411198644,104.9332958814478,0
flashbots-c100,408,10000,24.764295099250674,-24.766152024925248,24.766152024925248,-0.0018569256745735174,143479.43237618133,1542.3139770414136,0.9893649468729684,7706,510,66734.71735726229,0.003240410076460876,0.24142853847112306,100.32404100764609,9999.277751872422,70.17455432988118,0
flashbots-c100,409,10000,12.122056884162722,-12.120930143058814,12.120930143058814,0.001126741103908202,167815.27051204134,2382.5485098933946,0.9860012982329326,5982,386,74657.58975362955,-0.0038326796013227237,0.07080887624397135,99.61673203986773,10055.558768375224,119.38920600185742,0
flashbots-c100,410,10000,20.35938336812388,-20.389765402441235,20.389765402441235,-0.030382034317355533,135358.75571831316,1252.1827651338913,0.9908339494696787,4752,472,70565.41166164883,-0.005531007534966932,0.20436223374553478,99.4468992465033,10079.16770399583,38.63694140995803,0
flashbots-c100,411,10000,11.502888773615641,-11.498721764815798,11.498721764815798,0.00416700879984333,128497.42039898442,1625.427602005383,0.987508515015034,5874,333,54655.76072149297,0.00000039018865166440264,0.11616861145611822,100.00003901886517,9978.871721856221,115.05567820961065,0
flashbots-c100,412,10000,5.193112314819865,-5.192676453111517,5.192676453111517,0.0004358617083477512,120910.59468181743,1785.9797186988594,0.9854439316873761,9218,231,36287.08837777212,0.0004983512980538762,0.05736175305156749,100.04983512980539,9997.80088886756,149.97496318984773,0
flashbots-c100,413,10000,15.969680055078536,-15.961101931108075,15.961101931108075,0.008578123970460538,171651.04974130561,2509.607360965902,0.9855902739302815,8412,500,72436.84395701658,-0.00426524903368275,0.12367958767675588,99.57347509663173,10038.522750025955,111.05521381129603,0
flashbots-c100,414,10000,29.182392578486308,-29.13185813820948,29.13185813820948,0.0505344402768273,265358.72945398925,2643.5170962354987,0.990136212922603,11566,752,118426.64126383304,-0.02627129810122554,0.1684820782221155,97.37287018987745,10202.36746364385,70.54611788601315,0
flashbots-c100,415,10000,11.899486047489809,-11.899072280549717,11.899072280549717,0.0004137669400918753,140282.46280117493,1130.3978095333875,0.9920064002336731,5754,393,61627.21756224234,0.0005332019731817183,0.07476324721200882,100.05332019731817,9996.451748481704,101.89334590755318,0
flashbots-c100,416,10000,4.4413626940625885,-4.439186791720289,4.439186791720289,0.002175902342299807,90362.70207176017,1693.2067428737148,0.9816067565387551,6253,204,29480.9340852656,-0.0047666123004133,0.041582122594559505,99.52333876995867,10053.607283174166,111.54540870840175,0
flashbots-c100,417,10000,14.240670363743849,-14.242736054457126,14.242736054457126,-0.00206569071327678,156446.90476733763,2613.807356259385,0.9835672346655386,7201,419,66939.60404732467,0.000586858112245352,0.11920828804048383,100.05868581122454,9983.59270884443,107.07520351566187,0
flashbots-c100,418,10000,4.966035950405983,-4.964935490396428,4.964935490396428,0.0011004600095549932,99958.52532335515,1185.862673630199,0.9882755465022386,5453,219,34113.596109250284,0.004973672257196284,0.04805375854696493,100.49736722571963,9921.066154008116,154.00157860553227,0
flashbots-c100,419,10000,7.988609405379885,-7.9828524781295584,7.9828524781295584,0.0057569272503261715,121698.75381137207,2576.3032292053226,0.9792693458320914,7679,292,42883.66830986991,-0.005790949186881988,0.11121432037644326,99.4209050813118,10055.319557120332,103.70456875739303,0
flashbots-c100,420,10000,18.849972510267797,-18.843039943389975,18.843039943389975,0.006932566877821955,154690.75408586834,3010.8632012709922,0.9809078482956273,10119,546,63925.542440167,-0.01171643723124177,0.11524016908308837,98.82835627687582,10030.742831455591,65.58705845503661,0
flashbots-c100,421,10000,4.953856421766945,-4.953158115229229,4.953158115229229,0.0006983065377159647,74665.40286074777,1133.7179048493776,0.9850431259175775,4123,189,28773.251423216407,0.005178570677798433,0.047372029028256574,100.51785706777984,9971.210104990983,113.96973346125885,0
flashbots-c100,422,10000,5.263392536038901,-5.262444526922366,5.262444526922366,0.0009480091165352533,77177.68869265416,1601.393877768717,0.9796723467001893,4820,200,29738.801976535113,-0.0032549516881722695,0.0597005501747725,99.67450483118277,10036.541325458104,143.2724004731088,0
flashbots-c100,423,10000,4.852781969521162,-4.845315514372203,4.845315514372203,0.007466455148959383,63402.449571872385,1134.247621398115,0.9824247649674209,4434,145,22931.978853458808,0.007653026292536111,0.07989535812614917,100.76530262925361,9893.372809850756,129.30019002215653,0
flashbots-c100,424,10000,11.438035121236354,-11.442948199811937,11.442948199811937,-0.0049130785755835404,122769.34561353287,1266.9999226640932,0.9897852527242158,6722,392,51900.484163968875,0.0015077712032775992,0.0845809861600641,100.15077712032776,10010.859625785231,64.94421331010906,0
flashbots-c100,425,10000,12.575794747489793,-12.542504758282107,12.542504758282107,0.03328998920768633,137627.6474422102,1568.5641837032547,0.9887312724579119,5668,355,59152.5234280187,0.013725680602127852,0.078156522454954,101.37256806021279,9873.587002593727,118.38385301113112,0
flashbots-c100,426,10000,12.998674083218884,-12.99614058062842,12.99614058062842,0.0025335025904631436,167921.24656703864,1325.681665877176,0.9921671744372649,9645,455,66771.61548492104,-0.002688512082274457,0.06489957719271232,99.73114879177255,10024.98950692449,95.29531009585322,0
flashbots-c100,427,10000,11.003440623093569,-10.999392900673115,10.999392900673115,0.004047722420454036,131916.09790611884,1922.3523369761904,0.9856367707972966,7512,399,52809.000382042344,0.0066497335834579015,0.07653818115880029,100.66497335834579,9966.953088659182,76.86609659728674,0
flashbots-c100,428,10000,6.569371626926337,-6.568136439153278,6.568136439153278,0.0012351877730587546,154301.2726364407,2464.85739162561,0.9842768499089419,10320,311,49298.76230801722,-0.0008532772256478438,0.03868501316995463,99.91467227743522,10006.690552113996,194.90843545565022,0
flashbots-c100,429,10000,23.108940315617847,-23.09874853220515,23.09874853220515,0.01019178341269722,278844.193483512,1690.0396480660725,0.9939756384481125,10647,682,121458.131461283,0.003294593778328476,0.08183775968069157,100.32945937783285,9987.21486642052,131.93445052589976,0
flashbots-c100,430,10000,12.966972734237652,-12.966577471165238,12.966577471165238,0.0003952630724146644,161575.2737318907,2846.4776529231744,0.9826879495629428,8393,422,66746.50479200661,-0.0075890501617077175,0.0785539108702494,99.24109498382923,10060.168400444547,87.42609396551642,0
flashbots-c100,431,10000,12.42218682124575,-12.416788058288574,12.416788058288574,0.0053987629571761175,189028.14045627485,823.4178503110201,0.995662833333286,10590,453,69514.3239203726,-0.006389476203763706,0.07637061812964191,99.36105237962363,10073.08016295914,115.61020348028701,0
flashbots-c100,432,10000,24.125105515752924,-24.08734370059507,24.08734370059507,0.03776181515785382,120123.74612010509,1441.20380594492,0.988144577801236,5804,459,58223.47970643271,-0.011556226696433781,0.3760391328951724,98.84437733035662,10052.141892737318,55.8637384565773,0
flashbots-c100,433,10000,44.411523712369736,-44.44602199055566,44.44602199055566,-0.03449827818592155,193202.01373502455,2183.3433304233267,0.9888254505700139,7862,849,105196.47362815312,-0.002095761308381441,0.19648925137283896,99.79042386916186,9983.205818295677,29.59092273044651,0
flashbots-c100,434,10000,7.7333873693322,-7.7315793958729415,7.7315793958729415,0.0018079734592584273,101816.33132516751,1528.727117866812,0.98520754508345,6832,311,40147.89123178877,-0.001330060696625992,0.06798876501464704,99.8669939303374,10012.21995186181,75.05302836475634,0
flashbots-c100,435,10000,21.860469426531168,-21.854283178902065,21.854283178902065,0.006186247629102581,264715.84244495165,2134.2880674517373,0.9920019223398786,10874,692,114755.64713734713,0.007889968967572684,0.11008038033875835,100.78899689675727,9895.81858260703,133.83458281712393,0
flashbots-c100,436,10000,12.175498127543522,-12.17837817135785,12.17837817135785,-0.002880043814327493,143423.4422331702,2162.300476880357,0.9851475808233034,8472,429,59618.24520557297,-0.0017759540556949104,0.10530593309785004,99.82240459443051,10017.0199517542,92.19011207615675,0
flashbots-c100,437,10000,10.832689234151712,-10.833037520724702,10.833037520724702,-0.00034828657299001975,118989.76200316635,1991.301897349178,0.9835403836505633,6299,392,51434.27019073615,0.0022033902310302266,0.08982665247491312,100.22033902310302,9984.573138845804,59.333780437215594,0
flashbots-c100,438,10000,5.092268544425961,-5.0953756910190435,5.0953756910190435,-0.0031071465930825326,87267.92501102008,1654.7605477806105,0.981391019205258,5269,220,31399.398857959586,0.004216600008056446,0.0780638356195621,100.42166000080564,9974.079704867863,103.42552155893274,0
flashbots-c100,439,10000,28.191094190648485,-28.175439351741318,28.175439351741318,0.015654838907167345,281173.8597812817,2475.229927360784,0.9912736193516317,11097,737,125648.19474573681,-0.005251230717068722,0.15374443965739645,99.47487692829313,10016.370047757127,65.04314524380018,0
flashbots-c100,440,10000,6.182383726056157,-6.184348768628681,6.184348768628681,-0.001965042572523501,125545.79554879866,2083.336181036818,0.9836766406477887,10423,261,38099.945812512466,-0.0015137735968433219,0.07925497841789891,99.84862264031567,10012.942451828108,114.23074103393479,0
flashbots-c100,441,10000,3.4510646566083767,-3.4475267752212346,3.4475267752212346,0.003537881387142061,62166.397369953775,1808.2719062171327,0.9717345642161738,4497,167,21007.909981477405,-0.00570657628037722,0.05714184606020098,99.42934237196228,10036.453832874739,67.50017776197232,0
flashbots-c100,442,10000,47.193471551116104,-47.251438775787136,47.251438775787136,-0.05796722467103166,268010.3517559251,2289.6808893082625,0.9915291135302471,10080,990,142938.07045245147,0.006095491942497802,0.19253428799266828,100.60954919424978,10007.583569053102,49.24764939711783,0
flashbots-c100,443,10000,21.1809992355604,-21.178798091511283,21.178798091511283,0.0022011440491169765,222274.3886548946,2424.726200727336,0.9892090086679455,9340,648,99370.97214311358,0.0010431904841405526,0.10977312826317288,100.10431904841406,9997.386095778827,94.36663547381654,0
flashbots-c100,444,10000,24.956554142534213,-24.950922664719826,24.950922664719826,0.005631477814386443,231307.57730424995,2926.0302121023296,0.9875080683633408,11377,627,98952.913025726,-0.010445401881016779,0.14363950051241348,98.95545981189832,10048.615258735668,83.27319595062855,0
flashbots-c100,445,10000,3.3706059468877725,-3.367334678332,3.367334678332,0.003271268555772533,80414.41813579494,1366.6555742018313,0.9832888526378596,6126,183,23809.43647595911,0.005485215856027281,0.0380534000144047,100.54852158560273,9959.393383228049,109.9092269867585,0
flashbots-c100,446,10000,9.041034983721183,-9.034853414275247,9.034853414275247,0.006181569445935509,124729.99206240091,1583.4437496688092,0.9874641700664,4756,326,57133.34255183448,-0.0014468989848886338,0.061073712032846145,99.85531010151114,10083.249971056539,119.80019033788815,0
flashbots-c100,447,10000,9.22590653668712,-9.223821651101446,9.223821651101446,0.002084885585674101,134371.46822607124,3389.3170218268697,0.97539708404153,8319,338,48602.643411575045,0.002582837338887458,0.11606450317606559,100.25828373388875,9975.964763079417,97.24092416885661,0
flashbots-c100,448,10000,17.122956755296734,-17.111633439606535,17.111633439606535,0.011323315690198399,176596.13376330756,2568.3694116155207,0.9856647418093307,9565,536,73402.40964177523,0.0045827863982501075,0.17733764514831138,100.45827863982501,9963.639592078003,78.63750169079104,0
flashbots-c100,449,10000,11.772113159510074,-11.766928101622526,11.766928101622526,0.0051850578875480835,147251.79151187564,3801.218020721213,0.9748352049887432,10291,440,55147.49688606543,-0.002092494228723751,0.11850334731977995,99.79075057712762,9994.246589836941,55.34013984938232,0
flashbots-c100,450,10000,7.614813558601523,-7.612925546064844,7.612925546064844,0.001888012536679362,146748.4833529626,3675.277792105495,0.9755671726053898,11041,335,47465.954099254435,-0.0028469881181901256,0.0552840715949759,99.71530118818099,10047.107291578066,100.43729998502583,0
flashbots-c100,451,10000,7.385140787501794,-7.3800384519714015,7.3800384519714015,0.005102335530392743,106370.8351469314,1733.2146644369247,0.9839671624933458,5274,286,43148.67307737176,-0.007213871878198006,0.0727880543761863,99.2786128121802,10081.705019642734,115.67576703159847,0
flashbots-c100,452,10000,14.116803680482041,-14.105872811133622,14.105872811133622,0.010930869348419137,143871.04150450148,1999.719950799417,0.9862911529983875,8301,414,57407.99837058769,-0.0021733164656104974,0.16164577281179304,99.78266835343895,10026.321785334647,66.93526093106411,0
flashbots-c100,453,10000,26.654281801823355,-26.642610508402413,26.642610508402413,0.011671293420942419,235500.4521904709,3438.3912909132023,0.9856097433099819,10289,780,111641.22511578492,-0.0000074840402699294375,0.0990001998329214,99.999251595973,9977.81683730777,69.62910628954926,0
flashbots-c100,454,10000,4.58918859331826,-4.59312569581715,4.59312569581715,-0.0039371024988898995,63226.489845486205,938.1296947598667,0.9853793305176314,5303,201,22450.280324033483,0.003186755784652462,0.08050407797020441,100.31867557846525,9942.84824799272,48.609308582368236,0
flashbots-c100,455,10000,29.378568699841132,-29.457153421013757,29.457153421013757,-0.07858472117262494,160293.30907485538,2344.7620311009723,0.9855829449085546,6940,502,76157.86930771329,-0.000015754748198588685,0.3688939804721983,99.99842452518014,9959.152563207175,68.55504131725361,0
flashbots-c100,456,10000,12.577455726536867,-12.577462869512345,12.577462869512345,-0.0000071429754786578314,130979.9774735078,358.8430303015963,0.9972678068150368,5207,373,60061.02035693183,0.0008472248019232609,0.08031420509835187,100.08472248019233,9987.74178581962,105.73620594054768,0
flashbots-c100,457,10000,28.374547423214644,-28.368256617525944,28.368256617525944,0.006290805688699663,297040.09507575666,2871.735992373726,0.9904247325550777,11852,850,136223.75480098117,0.002806742299264471,0.08421261834031668,100.28067422992645,9960.237802869575,85.0943379522687,0
flashbots-c100,458,10000,10.924245517622895,-10.922457753568594,10.922457753568594,0.0017877640543009221,156840.79369542797,3473.1108338682147,0.9783355608232128,10660,412,56311.613820990766,0.006075430377756135,0.07678748080110666,100.60754303777561,10015.467632203612,58.4527547431518,0
flashbots-c100,459,10000,12.890940005801555,-12.890375685678038,12.890375685678038,0.0005643201235177031,97821.25251675113,1352.9780943331139,0.9863575639962474,4332,370,46511.69270402484,-0.006264951090044093,0.15861873768267187,99.37350489099559,10035.891481315717,54.759180549935586,0
flashbots-c100,460,10000,11.661711074484025,-11.66877414291119,11.66877414291119,-0.007063068427164865,149947.68531058845,1700.991432715965,0.9887833414095974,9114,376,56162.654238714334,-0.0012256491108246336,0.13210633701410643,99.87743508891754,9995.4020193514,80.3890781604229,0
flashbots-c100,461,10000,4.785150387328913,-4.784750401659906,4.784750401659906,0.000399985669006675,92472.91561287854,834.2924803824241,0.9910586491930126,6670,221,30797.60373957911,-0.0009181068838842066,0.0511445275495025,99.90818931161158,10011.019954105588,107.07658468719652,0
flashbots-c100,462,10000,28.550550968610295,-28.549279179898647,28.549279179898647,0.0012717887116480142,277544.27467921143,1112.9675759868855,0.9960059621383621,11567,752,124862.82557657183,-0.0007252126414850579,0.1432347485388027,99.9274787358515,10016.568822757274,104.15971191181474,0
flashbots-c100,463,10000,4.077175410258574,-4.076600499140241,4.076600499140241,0.0005749111183330768,82375.40607878013,391.6341867100555,0.995268234970662,6531,188,25595.95165318896,-0.0007554056882776195,0.049935778957108,99.92445943117224,10008.57747261543,99.54678831296937,0
flashbots-c100,464,10000,6.715466243398314,-6.714382459110183,6.714382459110183,0.001083784288130829,117213.80601158304,1604.6319117978262,0.9864950933555231,8342,307,40065.056913073735,0.004157912724276542,0.05365041911985116,100.41579127242765,9969.952291070096,95.88776045030315,0
flashbots-c100,465,10000,18.826369876577825,-18.814258058596238,18.814258058596238,0.012111817981587336,183849.8938599278,2007.9479181292577,0.9891963239273645,7039,510,86959.66723848395,0.0007504471097512066,0.15679213742827558,100.07504471097512,9976.280096679193,97.65309966561432,0
flashbots-c100,466,10000,16.22579857989586,-16.227106598711345,16.227106598711345,-0.001308018815485923,130390.76645422268,1590.757775852325,0.987947117711118,5415,396,62761.20094631639,-0.0018683742371847245,0.1134714078724754,99.81316257628153,9997.303197145617,75.03875251009258,0
flashbots-c100,467,10000,5.884602822294382,-5.8838865687627475,5.8838865687627475,0.0007162535316345142,79123.3778566894,191.56129290303096,0.9975848018676313,4282,222,32014.843353089025,-0.00204378073153336,0.061139745382313176,99.79562192684666,10019.821351139564,101.77994543370228,0
flashbots-c100,468,10000,10.267543063851193,-10.266705422519706,10.266705422519706,0.0008376413314863385,114730.1027011095,614.041187482645,0.9946764424548876,5516,313,49127.458315891425,-0.003836401289607636,0.09309814923580163,99.61635987103924,10034.366117111422,103.89632848176089,0
flashbots-c100,469,10000,5.6373628794644475,-5.644157870444957,5.644157870444957,-0.006794990980509397,81447.2113045374,1972.8866954275034,0.9763499834844557,5801,199,28366.927808274246,0.0037849891338214547,0.1042772338088946,100.37849891338215,9973.714055744576,91.26349732777008,0
flashbots-c100,470,10000,5.729902514657777,-5.728784187160656,5.728784187160656,0.00111832749712093,98380.69764072975,1868.312678238087,0.9813632805721116,6765,230,34454.4837772529,-0.005447090494276807,0.07360429452763341,99.45529095057232,10051.88135441974,132.9398925875566,0
flashbots-c100,471,10000,6.418070189439152,-6.416512404980608,6.416512404980608,0.0015577844585434875,85234.38551248597,1718.4898172052906,0.9802365383468983,6352,275,32737.39943060988,0.007547976338534284,0.04672240384334188,100.75479763385343,9967.704197993437,65.47061976477148,0
flashbots-c100,472,10000,28.36758072184801,-28.39650746935675,28.39650746935675,-0.028926747508737805,158228.7638541615,1741.9864150884598,0.989110594204525,7398,534,75302.33225757602,0.0027681304563520826,0.260545229571169,100.27681304563521,10044.775092768134,79.49324905523362,0
flashbots-c100,473,10000,20.93025210459954,-20.88524023748036,20.88524023748036,0.04501186711917882,214322.34581703166,2599.807952196938,0.9880150187197443,10100,662,96262.1734104049,0.02686162339618349,0.09363484532022383,102.68616233961835,9866.905836995435,57.854180223578204,0
flashbots-c100,474,10000,27.761786145684336,-27.7538486042845,27.7538486042845,0.007937541399837045,299004.71999877325,1955.4759148709293,0.9935025430557867,11153,798,135773.22322582823,-0.010866203918459973,0.09913518904476618,98.913379608154,10135.287283219923,116.09748451979789,0
flashbots-c100,475,10000,15.542766621480222,-15.495281722891605,15.495281722891605,0.0474848985886176,114781.64964439592,1310.231506478849,0.988713840335001,7279,397,48768.88958204562,-0.0000042368323559571764,0.2449624097584295,99.9995763167644,10027.193663904967,49.48173493297955,0
flashbots-c100,476,10000,14.587725052995538,-14.593177106986616,14.593177106986616,-0.005452053991078287,220690.48590161532,3681.614613284282,0.9835914777067402,11528,567,85806.84048559752,0.0018471298947955006,0.06244669058423725,100.18471298947955,10003.55137593653,108.59601315210521,0
flashbots-c100,477,10000,9.44088846040901,-9.442818674793145,9.442818674793145,-0.0019302143841350983,147523.00714158113,2745.7722360154794,0.9817275934003837,8647,361,55017.06799965896,-0.001400107253992644,0.07877662473231282,99.85998927460074,10027.583278595175,109.38881867964473,0
flashbots-c100,478,10000,12.78125693635893,-12.777655828400711,12.777655828400711,0.0036011079582198846,91350.44127837358,1392.5498344132957,0.9849848509552621,4337,362,44914.27231409876,0.0037853964201183033,0.1402575985262851,100.37853964201183,9969.030443595671,50.407565765424664,0
flashbots-c100,479,10000,10.327120383740038,-10.328512592380136,10.328512592380136,-0.001392208640098147,119752.91681640557,2490.5083574495075,0.9796266477816087,8644,333,42107.64340856314,0.002203350698129043,0.1875897183071807,100.2203350698129,9983.09277308444,72.52114921339496,0
flashbots-c100,480,10000,15.349747710252423,-15.347186261470483,15.347186261470483,0.002561448781939646,203549.08355082074,1658.1299780691897,0.9919197286023488,10194,555,84657.90346215203,-0.004772509226554007,0.07586012202623678,99.5227490773446,10047.868119708892,101.69001240386267,0
flashbots-c100,481,10000,7.522362878890385,-7.51882209615809,7.51882209615809,0.003540782732295078,176105.1309270251,2313.002646370866,0.9870360562570318,11506,355,55063.999469444934,0.005733295125914424,0.03733454436588914,100.57332951259144,9912.84050696578,146.35858597611372,0
flashbots-c100,482,10000,13.613371105597633,-13.61586985417648,13.61586985417648,-0.002498748578847909,190070.2378648761,2221.9589007711584,0.9884448826413943,9018,473,77366.23095399515,0.000005174305612172248,0.09244949690271013,100.00051743056122,10043.040459537444,159.33411335403972,0
flashbots-c100,483,10000,15.656411492960578,-15.593816699168329,15.593816699168329,0.06259479379224864,90323.52612803738,1171.691054641874,0.9871939638953752,4006,253,40878.81694392225,0.0021045682364699302,0.24592182050016972,100.210456823647,9974.279409152163,92.25154665532128,0
flashbots-c100,484,10000,12.109598835089743,-12.09032154537772,12.09032154537772,0.019277289712023915,155069.92376332963,3046.4809711176763,0.9807326698565265,11287,446,55281.30319796409,0.001060498856780896,0.12011439647671537,100.10604988567809,10007.974152883593,108.23916588867387,0
flashbots-c100,485,10000,11.657739811370467,-11.657828503243152,11.657828503243152,-0.00008869187268523149,152409.867477484,2218.1862613612575,0.9856546971411306,7369,404,65644.10246847373,-0.001849928301947017,0.07855041481302066,99.8150071698053,10005.817642599479,119.5297720697439,0
flashbots-c100,486,10000,11.87050987918369,-11.865134788269017,11.865134788269017,0.005375090914672143,106438.96265909355,822.6822807977275,0.9923301355180713,4621,355,50652.73239301919,0.007220832477636065,0.08945428888508786,100.7220832477636,9935.885323170649,77.7629685280421,0
flashbots-c100,487,10000,8.496201122067701,-8.497391748072289,8.497391748072289,-0.001190626004587969,122675.36737063689,1443.3151745969851,0.9883714913419986,4564,292,54211.728069069206,0.0038433911884376924,0.045801296207039,100.38433911884377,9990.849611142925,172.84417558901163,0
flashbots-c100,488,10000,10.998545577731674,-10.987099054866249,10.987099054866249,0.011446522865425024,162823.8427314108,2046.9186050951569,0.9875847082375186,7932,395,62844.628886333965,0.007602099332417396,0.08842313581776211,100.76020993324174,9903.88138020914,122.67048292464139,0
flashbots-c100,489,10000,19.359692258866243,-19.360195799572594,19.360195799572594,-0.0005035407063509467,193405.94461756758,1096.0533251173479,0.9943648222809498,6848,539,92554.84274434182,-0.002125527508199525,0.12833206064933336,99.78744724918005,10033.664275844052,119.25194359041714,0
flashbots-c100,490,10000,8.86173726732758,-8.861362924884673,8.861362924884673,0.0003743424429067943,125355.16864809988,1681.835873175797,0.9867610553356985,6659,337,49492.5716791651,0.0035471295194697914,0.06332064948324102,100.35471295194698,9964.969918814806,97.31936629640732,0
flashbots-c100,491,10000,31.454576910494822,-31.45283490781989,31.45283490781989,0.0017420026749306317,274973.96858815686,2713.833956691277,0.9902270321857116,11084,801,126676.52286394697,0.004440264759001735,0.13910617889686308,100.44402647590017,9959.841610148902,79.77451593859573,0
flashbots-c100,492,10000,7.567747102618233,-7.569562502872444,7.569562502872444,-0.001815400254210786,118586.5717817845,1638.482485425739,0.9863715388159935,5987,306,45810.682541697744,-0.000008751428571258658,0.04650857642178437,99.99912485714287,10000.783280083793,121.66367939265241,0
flashbots-c100,493,10000,25.018134741896674,-25.026784079111636,25.026784079111636,-0.00864933721496186,172430.48899786788,1921.7239109711868,0.9889779207334983,10142,668,76895.1407869314,0.01468678041369344,0.2623329439239281,101.46867804136934,9920.790275239819,40.56523644849904,0
flashbots-c100,494,10000,6.730566175412917,-6.722583555933724,6.722583555933724,0.007982619479192543,96720.35200918485,1762.5173153924297,0.9821033106825557,7901,260,32221.823252090562,-0.0024903062708381187,0.1504398551281865,99.75096937291619,10045.935448581447,62.51250639959682,0
flashbots-c100,495,10000,16.710937383881568,-16.719821108985528,16.719821108985528,-0.00888372510395996,151471.8308673279,1960.5179084650624,0.9872222648997577,8061,436,64835.91650511276,-0.000008333383407403971,0.15192083602645867,99.99916666165926,9984.38222850679,93.3622555485158,0
flashbots-c100,496,10000,15.851746175648033,-15.851659125115162,15.851659125115162,0.000087050532870947,147616.48615471326,2573.8212919825214,0.9828629334626271,7214,534,70218.3757574362,0.00749485432636547,0.07705628256043738,100.74948543263655,9960.147747138866,63.81967609577817,0
flashbots-c100,497,10000,10.742036156286808,-10.648990952412063,10.648990952412063,0.09304520387474469,140878.0573141281,1745.7572034914324,0.9877597075257318,7781,320,51832.39869138292,-0.022475567673271257,0.1025548399728983,97.75244323267287,10321.135061888632,142.06103934942544,0
flashbots-c100,498,10000,6.0508082358970485,-6.05022652912065,6.05022652912065,0.0005817067763986827,129802.25489328896,2502.376253374763,0.9810862535068724,10546,301,40617.02673415907,0.001117859767694256,0.04114136504850933,100.11178597676943,9992.429649889573,95.30359048196318,0
flashbots-c100,499,10000,4.205433727733788,-4.198976936070423,4.198976936070423,0.006456791663365102,85142.16124095343,1070.2418563732508,0.9875859874226561,6395,209,27034.755219518687,0.0076294472477752605,0.047040027663155966,100.76294472477753,9933.895090360404,87.47165406845828,0
flashbots-c100,500,10000,20.371464740395478,-20.359983871676533,20.359983871676533,0.011480868718944492,199797.97372388665,1601.7528078506878,0.9920468968084807,7312,587,95662.37183193474,0.011690890425111747,0.0977614675534609,101.16908904251117,9879.834961617576,108.87813137566569,0
flashbots-c100,501,10000,21.52626380502441,-21.528312484741903,21.528312484741903,-0.002048679717493229,152509.7051454181,1200.0022139969394,0.9921930616184765,5405,456,78010.4028481892,0.001371992175697443,0.19918084997554317,100.13719921756974,9984.094240210394,99.87699805983084,0
flashbots-c100,502,10000,23.511624811944994,-23.52040191006121,23.52040191006121,-0.008777098116215853,187356.66799656226,2121.2565753447584,0.9888047297323032,8828,635,86619.81217238706,-0.005879136193263576,0.1784636261040407,99.41208638067364,10049.662446096805,75.81893143355069,0
flashbots-c100,503,10000,6.509960821337347,-6.507281612841368,6.507281612841368,0.002679208495979246,122073.10582261119,2430.071301182286,0.9804818530954751,8317,299,41529.00447336158,0.0015511600677109527,0.03895220906808405,100.1551160067711,9997.707838338501,97.94582952960913,0
flashbots-c100,504,10000,34.789625125376496,-34.78016605393681,34.78016605393681,0.009459071439685829,310918.9886189121,3523.60364141492,0.9887941273601456,11267,941,150417.32570580737,-0.0007510859978184215,0.11165434093595622,99.92489140021816,9996.386736101851,67.85407064680061,0
flashbots-c100,505,10000,3.1212791009826706,-3.1187681818581865,3.1187681818581865,0.00251091912448409,57466.94422056268,1421.5550760268611,0.975860225799485,4333,143,19638.52889072953,-0.008272595269578886,0.06255297262364166,99.17274047304211,10063.976765075615,80.97984172022159,0
flashbots-c100,506,10000,5.608349167430973,-5.6037448690490805,5.6037448690490805,0.004604298381892136,145526.98048801057,2247.6149359786355,0.9847902480833741,10039,274,42656.33949700628,0.0025534633660929274,0.05021872064329443,100.25534633660929,9953.04877078293,125.3239000523486,0
flashbots-c100,507,10000,6.370491193197765,-6.371950923720902,6.371950923720902,-0.0014597305231376367,98019.59416158462,1339.4981166771736,0.986518615599609,5684,249,36875.78332584286,-0.0007447901797887368,0.05681905405799341,99.92552098202113,10020.893916246523,116.76323549341127,0
flashbots-c100,508,10000,16.94733350622176,-16.94846187100515,16.94846187100515,-0.001128364783390623,208047.09793518964,821.1995105788836,0.9960683381795071,10511,580,85652.82369470072,-0.0016075563816818318,0.11496188376131457,99.83924436183182,10019.349213650195,95.07703668238047,0
flashbots-c100,509,10000,29.574075106965335,-29.570194717770477,29.570194717770477,0.0038803891948582248,260916.4490508618,4105.1416814616505,0.984510161341504,11032,785,121432.15820137874,-0.000009408098650141028,0.12966605748156895,99.99905919013499,10006.773967983316,93.67146644680534,0
flashbots-c100,510,10000,22.030175864464315,-22.022389790063244,22.022389790063244,0.0077860744010713745,189921.60121218968,2267.535308247403,0.988201542765107,7562,583,92928.6809618419,0.006742073187103301,0.15205393225044803,100.67420731871033,9917.627745556338,87.51734843932982,0
flashbots-c100,511,10000,18.043892335232886,-18.041714419238602,18.041714419238602,0.0021779159942845183,220376.54210983144,2121.0900253570976,0.9904669096699945,11036,591,93344.37898944433,-0.004440295255281938,0.08152180892115168,99.5559704744718,10042.317884918753,103.86260754960776,0
flashbots-c100,512,10000,8.895614188917772,-8.890692846254481,8.890692846254481,0.004921342663291028,149654.27519138178,2582.2060895682794,0.9830381911888594,10718,362,51063.56272795203,0.0030443103995604305,0.07854827308056316,100.30443103995604,9980.169956520569,90.71353089466925,0
flashbots-c100,513,10000,37.331065755679276,-37.322217922124366,37.322217922124366,0.008847833554909812,265269.13878965384,2912.2265208297968,0.9891408319237313,9978,943,131623.34745472224,0.0024107788060493364,0.15858941532123624,100.24107788060493,9922.811342192175,46.23435740383001,0
flashbots-c100,514,10000,8.578284841235396,-8.564436464204505,8.564436464204505,0.013848377030891257,148167.69727093703,3114.544269255116,0.9794123603831738,9789,301,48174.90294560382,-0.00006091909174386956,0.12213015042685313,99.99390809082561,9980.906955803746,201.20910727615166,0
flashbots-c100,515,10000,10.77926657166749,-10.77878158749489,10.77878158749489,0.0004849841725995674,147597.62433526045,1537.2191384801765,0.9896924212834887,8535,392,54326.82140751353,0.001833280027074977,0.12451722141747666,100.1833280027075,9982.17251071613,85.3506831389895,0
flashbots-c100,516,10000,18.748732195450682,-18.756866689796368,18.756866689796368,-0.00813449434568625,152743.0396111397,1264.8427569782064,0.9917871557122322,6840,558,72550.02560649648,-0.000012108750791952616,0.14940996483198163,99.9987891249208,10001.878450258666,36.74187400178701,0
flashbots-c100,517,10000,44.009891428511686,-44.012784715338924,44.012784715338924,-0.002893286827237773,240444.64256990267,1875.8362017446505,0.9922588622668068,10172,937,121113.39250827831,0.004210017274303368,0.22846889389815458,100.42100172743034,9957.266190233264,33.76847659356618,0
flashbots-c100,518,10000,18.248210882967726,-18.248977576711013,18.248977576711013,-0.0007666937432873056,116737.02319593485,1230.3295559588494,0.9895705928186213,4236,378,60339.70969897164,0.000020998134409353498,0.10797289931354584,100.00209981344094,10011.970017758998,72.43327741346008,0
flashbots-c100,519,10000,32.77722000800739,-32.75886199361959,32.75886199361959,0.01835801438780038,313168.9811627738,941.3851123500632,0.9970030116372361,11724,833,143911.29007596735,0.012778976413119238,0.12422716975283223,101.27789764131192,9863.28096030705,105.0759677992,0
flashbots-c100,520,10000,16.458200507089554,-16.450295002879486,16.450295002879486,0.007905504210068415,214400.55992816965,3264.6097999097033,0.9850016895032492,9939,459,85164.93234482978,-0.005581571261243141,0.09363383233636696,99.44184287387569,10115.174003486161,138.28744481730243,0
flashbots-c100,521,10000,2.1553257839249538,-2.157154552859822,2.157154552859822,-0.0018287689348683855,63124.7121576175,1021.2874918106847,0.9840787033113173,4949,120,17329.10077136365,0.002302592504801737,0.038197694034997766,100.23025925048017,9993.773234852966,111.02052442371586,0
flashbots-c100,522,10000,6.520473703749939,-6.51566506997294,6.51566506997294,0.004808633776999471,104454.97473368577,1156.7690660743265,0.9890469655697802,6728,266,38427.80169962832,0.006531088720778655,0.07511867317482569,100.65310887207787,9930.936162562852,94.86528978636358,0
flashbots-c100,523,10000,4.645400700625222,-4.636996027420238,4.636996027420238,0.008404673204983837,104719.55032207041,2047.3306387206615,0.9808242910133104,7492,236,32617.644876925748,0.008724009607966963,0.04219843494771993,100.8724009607967,9891.439089479682,112.16467383836296,0
flashbots-c100,524,10000,20.560913208651343,-20.56484191751771,20.56484191751771,-0.003928708866368424,112203.08706547845,2084.112268201339,0.9817642546116084,4708,393,57441.50162132877,0.0077251845097453045,0.15358040633219971,100.77251845097453,10021.033948224756,60.93384366556086,0
flashbots-c100,525,10000,9.33692188973642,-9.339275732465296,9.339275732465296,-0.0023538427288762875,110381.28163142224,1785.5949024121473,0.9840809073267406,5882,300,45615.39873745122,-0.0016053162221582795,0.07950024798012506,99.83946837778417,9983.089395614697,103.88130537616819,0
flashbots-c100,526,10000,7.426162313193471,-7.424103311859739,7.424103311859739,0.002059001333732269,134342.27861488124,4065.546708990335,0.9706263233348474,10774,312,43045.28506228997,-0.003992775434923743,0.07435610834570185,99.60072245650763,10028.754923393053,104.74560557098565,0
flashbots-c100,527,10000,6.253158441914099,-6.247260496575791,6.247260496575791,0.005897945338308119,99425.58670824322,2311.3599060208076,0.9772810175364871,6599,250,34912.358043714106,0.005610267099738877,0.04680722613798636,100.56102670997389,9955.534147195063,81.35558103079696,0
flashbots-c100,528,10000,10.531419158558723,-10.52263072369152,10.52263072369152,0.00878843486720271,154992.25940914577,2578.1513398058078,0.9836380997704358,9514,412,57622.40734539552,0.007321982769258142,0.0758136388423415,100.73219827692581,9924.095323082545,89.07469559322297,0
flashbots-c100,529,10000,5.475476681445306,-5.466561324871819,5.466561324871819,0.008915356573487188,76192.30343799392,582.7842644229975,0.9924092009287975,4064,208,30512.728060357218,0.009422412618098406,0.06015094230655208,100.94224126180984,9896.23445969456,100.28336618752037,0
flashbots-c100,530,10000,17.784838981769337,-17.797637520716705,17.797637520716705,-0.012798538947368598,148904.51441058176,1420.988244772673,0.9905472576530775,5383,488,74931.1991471892,-0.0031951884766932893,0.08208817116049716,99.68048115233067,10064.564234569336,101.69769729782128,0
flashbots-c100,531,10000,19.03991515075982,-19.039710391546606,19.039710391546606,0.00020475921321505552,231572.3894259452,1729.9097143329677,0.9925851150172643,10681,583,91169.21244708181,0.0024128608409955633,0.15772009337846896,100.24128608409956,9978.088330683991,110.13111417837389,0
flashbots-c100,532,10000,10.466556157455518,-10.454711083946478,10.454711083946478,0.01184507350903985,168228.68521395724,2933.038995347029,0.982863931706131,9454,417,63736.70042549377,-0.008674658460169127,0.06232129553669367,99.13253415398309,10116.979690887803,124.74795167451322,0
flashbots-c100,533,10000,8.185479299305765,-8.188905482097326,8.188905482097326,-0.0034261827915607057,109167.86400512929,1592.1863214128998,0.9856249043159621,6780,284,40871.208615719785,0.004740080600858221,0.1399179674061986,100.47400806008582,9948.2614767744,142.7729189741036,0
flashbots-c100,534,10000,29.697256537327725,-29.731880467323954,29.731880467323954,-0.03462392999622921,135004.04000603384,1826.7820669403086,0.9866493379250031,6790,600,67099.57892812007,-0.0021794750764038895,0.29119386502787137,99.78205249235961,10040.213700058071,33.98897758375087,0
flashbots-c100,535,10000,14.567780758695607,-14.56483786894617,14.56483786894617,0.0029428897494359063,88968.65516580139,1041.1326949642832,0.9884331168897454,5180,456,42882.80333291936,-0.000003893601700752924,0.13737373104107092,99.99961063982992,10015.268612681117,17.266303552170353,0
flashbots-c100,536,10000,10.197612329084908,-10.198926931387163,10.198926931387163,-0.0013146023022549969,134539.2931389113,1192.2842436779877,0.9912158668847024,9458,342,48198.60017513602,0.002104439014417068,0.1394391398603287,100.2104439014417,9989.729528120559,85.9329445092417,0
flashbots-c100,537,10000,9.095869969644266,-9.09563189826848,9.09563189826848,0.0002380713757865749,127176.98783031273,1610.5770335270859,0.9874943125508285,7618,346,48291.03528523289,-0.00007038420578126648,0.05645362482991714,99.99296157942187,9996.867085423402,86.57890930611123,0
flashbots-c100,538,10000,13.008464695292716,-12.983184723405941,12.983184723405941,0.025279971886774888,101832.86431472863,780.8627229948178,0.992390270331885,3992,306,49831.58228725663,0.005954540457347974,0.11261917419455343,100.5954540457348,10022.564374385307,64.3198757310599,0
flashbots-c100,539,10000,10.580841989643034,-10.582263397363121,10.582263397363121,-0.0014214077200875863,110921.59198923832,1569.749305346468,0.986045598823151,4985,349,52272.30024777273,-0.0034505977769342167,0.06323960070628232,99.65494022230658,10052.412398946697,106.7799829552167,0
flashbots-c100,540,10000,24.432726367803166,-24.42356057656825,24.42356057656825,0.009165791234917009,235511.3790016331,1842.623731840125,0.9922368120586986,9792,663,105698.06990734537,-0.007484772491216774,0.18192044205153082,99.25152275087832,10088.528541677759,90.5869240700577,0
flashbots-c100,541,10000,15.141222196361268,-15.135539924611635,15.135539924611635,0.005682271749632761,103155.67939503865,839.6621482764915,0.9919259638382286,4024,385,54497.47614189776,0.002183229218210272,0.14298486858626874,100.21832292182103,9989.384561144201,42.0996734967568,0
flashbots-c100,542,10000,11.484361011214169,-11.483563883917654,11.483563883917654,0.0007971272965150433,172290.90800877815,2212.147481580412,0.9873231590394551,10329,419,63677.98116519491,-0.0012115799928797343,0.08592468120392226,99.87884200071203,9992.200896989749,99.12963906929552,0
flashbots-c100,543,10000,6.549401145968824,-6.5462253580241025,6.5462253580241025,0.0031757879447216197,81819.50391712079,1119.1135755499347,0.9865067249806903,4673,224,32895.430565016846,0.0029614366940074886,0.08303997463531744,100.29614366940075,9966.142776903052,82.93519514019627,0
flashbots-c100,544,10000,23.31395415938784,-23.35116041784333,23.35116041784333,-0.03720625845549108,192367.04359802385,2669.658417743893,0.9863120203010403,7716,564,90855.94720585104,-0.00000940677919885502,0.14093507116632054,99.99905932208011,9988.948756895774,83.85583403727492,0
flashbots-c100,545,10000,23.01052002902355,-23.010140832761508,23.010140832761508,0.00037919626204185874,252387.80765141384,1165.2479772503207,0.9954043228768781,11736,729,111738.7672753521,-0.004594599439457028,0.08443160013327514,99.5405400560543,10047.065968505942,93.23300619833327,0
flashbots-c100,546,10000,10.731735129275544,-10.732322695919336,10.732322695919336,-0.0005875666437926697,222652.8311492233,2067.508525732546,0.9907996377687793,11646,449,77860.69599326992,-0.00463196644570985,0.05703698862952578,99.53680335542902,10202.1423455359,305.13540527244663,0
flashbots-c100,547,10000,8.219911851551716,-8.217250605830799,8.217250605830799,0.0026612457209171936,127608.58862118341,2250.159254771041,0.9826722551112191,7882,341,47260.29758946951,0.0003867806443928146,0.10277319737990254,100.03867806443928,9981.01683324408,98.21059136074548,0
flashbots-c100,548,10000,6.699922559233499,-6.700963733099243,6.700963733099243,-0.0010411738657438718,109013.99170950151,1452.6876433678224,0.986849540043406,4974,265,44043.289127352706,-0.0006079484224312637,0.04927959548591389,99.93920515775687,9992.491263974181,159.14265862726558,0
flashbots-c100,549,10000,4.65653615451853,-4.6292421902269325,4.6292421902269325,0.027293964291597916,70249.76465673112,1759.4446765529133,0.9755663936204384,5499,174,24318.11505923358,-0.016052349703039398,0.12001569448598161,98.39476502969606,10168.499886168556,101.7972663837582,0
flashbots-c100,550,10000,8.142137699105792,-8.138729358724405,8.138729358724405,0.003408340381387376,130559.35227831564,1532.8882108350529,0.9883953197768574,5520,310,53239.038793894644,0.0041551738431287785,0.048262251543018664,100.41551738431288,9929.772303472022,130.97145669698696,0
flashbots-c100,551,10000,21.225185406109077,-21.244961827949012,21.244961827949012,-0.019776421839935665,160299.29113583895,1368.6618255009273,0.99153411792238,6953,520,74775.64997099196,0.0026030310153132064,0.2023113881610621,100.26030310153132,9991.252929180351,68.6646416531645,0
flashbots-c100,552,10000,8.44823407100326,-8.447373745084136,8.447373745084136,0.0008603259191239943,86320.37005850085,1348.5151724950501,0.9846180869194139,5047,321,39231.09813052709,-0.0046011530773144215,0.06858577072557254,99.53988469226856,10042.339992229263,55.18647110103805,0
flashbots-c100,553,10000,10.984211023687191,-10.985496672455952,10.985496672455952,-0.0012856487687606943,178113.75265211394,3495.2519652894484,0.9807539721246041,9373,458,69256.77736820967,-0.0025830236840694454,0.047310593096417934,99.74169763159306,10027.117034334051,101.98080623911477,0
flashbots-c100,554,10000,21.032553439862244,-21.026698678119274,21.026698678119274,0.0058547617429702825,156280.30944644063,2221.2717869998396,0.9859858067678937,6560,555,77315.00964847663,-0.0023900449779189615,0.1422439947295024,99.7609955022081,9993.883076796932,39.7306217339827,0
flashbots-c100,555,10000,13.991174875201217,-14.049146219563113,14.049146219563113,-0.05797134436189566,119880.89133222897,2004.683243375297,0.9835527440359088,6456,340,50064.55749411619,0.003663920188639196,0.23095424270491008,100.36639201886392,9929.87175454286,99.0478883338801,0
flashbots-c100,556,10000,5.189825557781752,-5.190646255074114,5.190646255074114,-0.0008206972923616718,144405.11266617978,2427.3909929351485,0.9834682993721162,9734,257,42401.027773469665,0.000885406287233792,0.03319419488902753,100.08854062872338,9992.766316199923,202.7625046711033,0
flashbots-c100,557,10000,12.928517268411687,-12.928869701974264,12.928869701974264,-0.0003524335625773034,187042.6636839613,2868.773679629103,0.9848941500340668,11543,499,68631.56639776922,-0.007770066555992372,0.07421195544039805,99.22299334440076,10102.937150778902,106.7344285451224,0
flashbots-c100,558,10000,10.209292723450567,-10.208235697618278,10.208235697618278,0.0010570258322886161,145168.29777649904,1445.4622538971964,0.990141019140376,8555,337,54291.21228464029,-0.0047198210700531715,0.08362512800789787,99.52801789299468,10042.219727998598,116.09850474915106,0
flashbots-c100,559,10000,42.2601567592388,-42.21683816965836,42.21683816965836,0.043318589580437106,274797.0041436069,2070.8608641920823,0.9925204000683368,10992,997,138437.61340949527,0.01138130835925864,0.1461727262507263,101.13813083592586,9897.272774351444,69.45967769035484,0
flashbots-c100,560,10000,10.644722996322189,-10.532118216459722,10.532118216459722,0.1126047798624672,113835.59277654655,1599.5637045928631,0.986143184161974,5152,326,48647.060693712985,-0.036013152262236614,0.1040212352801602,96.39868477377634,10319.08215755531,85.91916807170469,0
flashbots-c100,561,10000,7.96883675726402,-7.9599600186384265,7.9599600186384265,0.008876738625593461,107970.28190816991,1313.5925060679242,0.9879799969290182,7108,274,38500.249967838914,-0.010632779370226615,0.0991059372559404,98.93672206297734,10066.584124707599,72.1248658647297,0
flashbots-c100,562,10000,10.564072004481103,-10.560117265331812,10.560117265331812,0.003954739149291342,147546.35433293763,30.29619517796971,0.9997947087491852,7815,397,59660.49736050248,0.005955476280197302,0.05827939173780237,100.59554762801973,9941.109632388489,99.63677897888302,0
flashbots-c100,563,10000,15.139854258255363,-15.135410407335385,15.135410407335385,0.004443850919978232,180212.87886814677,463.0295063395811,0.9974372371474128,7845,526,79581.9630562554,-0.005942893238566853,0.0961828615108864,99.40571067614331,10056.10287087595,95.99120198730567,0
flashbots-c100,564,10000,29.41887270052147,-29.41732082867057,29.41732082867057,0.0015518718508999996,243452.63642742924,424.4711829215787,0.9982594873824739,10585,671,108321.6117577804,0.0029127103712153256,0.19742808837721157,100.29127103712153,9972.07925376036,98.954955671467,0
flashbots-c100,565,10000,21.342627899806367,-21.357668768966676,21.357668768966676,-0.015040869160309,196217.39594606243,2054.259479629923,0.9896391671556916,7405,525,90802.34710912933,0.0002351341455050715,0.14971314054236842,100.02351341455051,10026.180916022455,218.39122965706557,0
flashbots-c100,566,10000,12.250038026289328,-12.249496103557973,12.249496103557973,0.0005419227313545605,143662.07475460056,1612.5502772454163,0.9888999866501674,6784,429,63406.99034962753,0.007119797861607395,0.10807956653569989,100.71197978616074,9914.435969968117,109.61850464730547,0
flashbots-c100,567,10000,26.714174043033665,-26.707046805786533,26.707046805786533,0.007127237247132712,218096.901931419,1990.2877699276246,0.9909568213732549,10397,725,97825.02533999739,-0.0035310142319373485,0.11810878309170235,99.64689857680627,10045.086012950227,51.24606829775438,0
flashbots-c100,568,10000,6.415726034141917,-6.413502256353553,6.413502256353553,0.002223777788364245,122476.90394203004,1763.079759804344,0.9858090792732589,9678,276,39640.775914008875,0.0011232441670023263,0.059904863265351764,100.11232441670023,9973.075512721012,112.53721362883763,0
flashbots-c100,569,10000,28.91168974907553,-28.911876566286367,28.911876566286367,-0.00018681721083524394,254598.65882465173,418.4306826975968,0.998359205324216,9181,745,125565.99626593714,0.000002075446018494631,0.10617929630907895,100.00020754460185,10001.078812989952,102.45326020043706,0
flashbots-c100,570,10000,40.53008777784656,-40.51821276121612,40.51821276121612,0.011875016630440882,245280.50515717154,2060.087546624703,0.9916710495268694,9366,928,124801.33616025545,-0.015736406664286023,0.19656372480045703,98.4263593335714,10053.822799746353,45.819512705477635,0
flashbots-c100,571,10000,40.441215462936185,-40.42486622916941,40.42486622916941,0.016349233766774773,286516.10547279555,2163.940890872026,0.9925040164080271,11591,975,142108.2098932925,-0.015639825977608837,0.1398835146992367,98.43601740223912,10078.453977691064,67.94677806911939,0
flashbots-c100,572,10000,7.361636872847349,-7.357570402046136,7.357570402046136,0.004066470801213029,87817.24569013591,1439.494989748965,0.9838724226452358,5145,277,35958.16580244009,-0.007173496720938317,0.06171860359165123,99.28265032790617,10044.921958513847,61.81167045016577,0
flashbots-c100,573,10000,22.666217692378897,-22.676674372590455,22.676674372590455,-0.010456680211557767,188443.60548400503,2172.335694008795,0.9886035990453701,11108,658,81170.2143497971,0.004723228061802587,0.13456577978501572,100.47232280618026,10002.184057654764,51.63776651458527,0
flashbots-c100,574,10000,12.415746906709499,-12.417035725393816,12.417035725393816,-0.0012888186843174054,171677.1359637732,1859.9353335805063,0.9892822016663314,6951,386,71416.94570453896,0.00012770181551658767,0.10690968323486516,100.01277018155166,10044.17457659193,167.5473347110451,0
flashbots-c100,575,10000,21.27512740600499,-21.272654688154873,21.272654688154873,0.0024727178501180447,247639.721130862,2422.806627258156,0.9903111967675473,11539,697,105515.5150539132,0.00019584802028788318,0.08894313608128229,100.01958480202879,9997.05102617767,88.1459098851723,0
flashbots-c100,576,10000,22.490371614920875,-22.488451663448373,22.488451663448373,0.0019199514725016797,217397.4848253364,3509.755615406195,0.9841120842920145,11096,584,89791.96375495452,-0.005961030851800331,0.17316754657430594,99.40389691481997,10027.699292684809,83.24196392931401,0
flashbots-c100,577,10000,7.122274501988386,-7.109026704557095,7.109026704557095,0.013247797431290564,69172.15511932466,723.0685214380802,0.9896549651925516,4065,257,30981.885599185887,-0.010819281081754183,0.09584461397561483,98.91807189182458,10089.15985291969,44.438527779382895,0
flashbots-c100,578,10000,16.32825230130615,-16.32118753471819,16.32118753471819,0.00706476658795907,205896.14104681805,3335.5275563912583,0.9840582088808133,11506,475,78558.67162981666,-0.0003596973061269182,0.10154793722048666,99.96403026938731,10072.1348235158,183.1108844988538,0
flashbots-c100,579,10000,5.209560099053107,-5.206595797038588,5.206595797038588,0.002964302014518694,88864.41936422649,1542.200231190786,0.982941512047543,5117,221,32724.649063616693,0.0043247268563797545,0.061274164860370635,100.43247268563798,9976.952050352811,143.8945402773289,0
flashbots-c100,580,10000,11.297983015783903,-11.298801891994742,11.298801891994742,-0.0008188762108396475,164486.57185380577,2548.6096994662557,0.9847420784306242,9158,413,62892.48871882022,-0.0008745966138839379,0.060177980964400746,99.9125403386116,9975.48142759646,157.51798221163267,0
flashbots-c100,581,10000,10.19505542007955,-10.185251671112638,10.185251671112638,0.009803748966911385,97139.89021624,2415.667977507154,0.9757354785475064,7759,353,35931.70171130474,-0.014630033531909703,0.13344538035302322,98.53699664680903,10072.025094370587,27.90702266373063,0
flashbots-c100,582,10000,11.644356522971957,-11.642595452325665,11.642595452325665,0.0017610706462924952,130850.33977150892,2216.0224676320963,0.9833464864422343,7120,408,55112.160093637125,0.0059705551811006785,0.0907831453724505,100.59705551811007,9981.332155697335,66.33948181015751,0
flashbots-c100,583,10000,5.580825445718929,-5.578233859208211,5.578233859208211,0.0025915865107180025,78472.61941850145,1074.371864467379,0.9864938717713966,5332,219,28537.35222798142,-0.0035008946912424223,0.05366361061680877,99.64991053087576,10016.11222511203,62.790361907341946,0
flashbots-c100,584,10000,14.59686714579787,-14.596546414015705,14.596546414015705,0.0003207317821640743,215999.64030166747,254.9700026310032,0.9988209731007711,11776,543,81653.85805720233,0.000004534246589855684,0.06785888555515583,100.00045342465899,10001.244171184815,102.45791525013938,0
flashbots-c100,585,10000,4.050148415409283,-4.052332696240896,4.052332696240896,-0.002184280831612817,66030.41794312107,878.8570203973442,0.9868649447946262,5161,182,22109.937457240707,0.000598168562177932,0.06516358770118132,100.0598168562178,10013.253037357243,62.998818361584135,0
flashbots-c100,586,10000,15.068974528144818,-15.064466083009677,15.064466083009677,0.004508445135140704,164443.2363690031,1393.8819485838624,0.9915948735559037,6420,425,74510.82880618639,-0.004832391236339361,0.07639859885958727,99.51676087636606,10000.793754911721,135.47173399506005,0
flashbots-c100,587,10000,10.72188089160961,-10.722970623674627,10.722970623674627,-0.0010897320650169462,113816.82204287518,1396.9374562621365,0.987875254983997,5404,342,51491.795455029205,-0.007020714142367695,0.09002864329885582,99.29792858576323,10096.050086054036,79.6243781498357,0
flashbots-c100,588,10000,7.601324082230953,-7.599502859956971,7.599502859956971,0.0018212222739819595,120567.2237904472,1875.258813872912,0.9846845737362829,6480,311,49334.618344834984,-0.002453764587173026,0.07791961454100474,99.7546235412827,10060.414220363029,142.9535982638559,0
flashbots-c100,589,10000,7.41096795084362,-7.403889287664725,7.403889287664725,0.0070786631788948284,155492.815902532,2451.708081599505,0.9844774100440112,11147,351,49764.3439046068,-0.006529925491824713,0.04527543327010136,99.34700745081753,10071.61124497291,104.12931698699431,0
flashbots-c100,590,10000,15.622980553228857,-15.614459959274825,15.614459959274825,0.008520593954031597,203048.4731066981,1420.6661725820923,0.9930519286304539,10243,545,83531.98718495728,-0.008598286946212709,0.11331146213480438,99.14017130537873,10089.15334316078,102.17605587213778,0
flashbots-c100,591,10000,14.257174965213487,-14.019697925697542,14.019697925697542,0.23747703951594445,178176.77068062781,1639.3279117015334,0.9908833084215772,8027,464,75094.64276841933,0.03706092896854045,0.09812352379480856,103.70609289685405,9341.972406721101,170.94502230468575,0
flashbots-c100,592,10000,25.271097441222306,-25.27484333600877,25.27484333600877,-0.0037458947864656977,218885.06318417314,1857.852494924778,0.9915836370593855,9119,621,97833.26302042052,0.0017766789062383737,0.1505965269638972,100.17766789062384,9981.93374739069,86.88299440932985,0
flashbots-c100,593,10000,6.619841853741532,-6.621519371284876,6.621519371284876,-0.0016775175433441092,86522.78312905905,1528.3307085561619,0.9826426873897958,5061,235,35015.55764799732,0.0054334204089732906,0.09719800821101288,100.54334204089733,9952.067347239517,127.52394978198895,0
flashbots-c100,594,10000,9.367551868776458,-9.365355209566047,9.365355209566047,0.0021966592104103455,134197.45394649004,3045.2984080316087,0.9778108617337761,8824,394,48406.87046201385,-0.0019497843009102667,0.0900568641467308,99.80502156990897,9951.06944054474,40.779985185185986,0
flashbots-c100,595,10000,7.997209309801649,-7.995899162501203,7.995899162501203,0.001310147300445763,132699.30506101527,3396.281744434007,0.9750448796749813,9631,310,42652.62508449215,-0.0018653313025271245,0.13099774046082685,99.81346686974729,10045.498197725055,104.341102744763,0
flashbots-c100,596,10000,13.444890298468975,-13.446577357990705,13.446577357990705,-0.0016870595217302053,133599.2560955403,1450.5795712990375,0.9892589312372245,5455,413,65406.29005636835,0.00023328049476518232,0.0805408855210372,100.02332804947652,10023.175869194312,87.41606387806199,0
flashbots-c100,597,10000,13.415827526881404,-13.406905093257393,13.406905093257393,0.008922433624011461,195184.18867986504,2257.6570568833063,0.9885654581050997,10663,482,74336.11981429471,-0.006487577771308537,0.10512078574896393,99.35124222286915,10042.945395596385,95.73666565786881,0
flashbots-c100,598,10000,29.852133062625775,-29.850507296032973,29.850507296032973,0.0016257665928023357,288657.64255894243,2616.304558208327,0.991017718597551,11073,816,132821.8321173296,0.0005789427947041759,0.13162651469826742,100.05789427947042,10004.604657681992,92.16854290901698,0
flashbots-c100,599,10000,49.03115300336146,-49.016335459355204,49.016335459355204,0.0148175440062559,307076.0992362335,2353.4054401796884,0.9923943728551653,11341,952,155441.5338794199,-0.008192711782410527,0.26699997012176724,99.18072882175895,10074.221149565701,85.52272691216025,0
flashbots-c100,600,10000,11.116323264718094,-11.10317237469431,11.10317237469431,0.013150890023784001,95298.9554013465,1533.370675586975,0.98416468200538,4412,311,42315.58932779725,0.0019652127245768725,0.1580628307025128,100.19652127245769,10002.008359886373,53.75655396086622,0
flashbots-c100,601,10000,9.717970608563803,-9.709169306778293,9.709169306778293,0.008801301785510418,105558.79755656801,1187.4268282812363,0.9888761702334291,4178,308,50404.211618314366,0.008774151136248208,0.0820534678838817,100.87741511362482,9901.084540373204,110.0934412303796,0
flashbots-c100,602,10000,10.32256867667968,-10.31945181688755,10.31945181688755,0.0031168597921293895,140411.58860971784,1426.6644917072074,0.9899416098230777,5519,341,59973.424128473394,0.0060805611263981514,0.06026318226666533,100.60805611263982,9925.217113946892,126.13494630676568,0
flashbots-c100,603,10000,11.51357228186913,-11.487643946959352,11.487643946959352,0.025928334909778528,156105.09680560185,2246.8512830955256,0.9858110284703476,8939,390,58884.773952346564,0.016230684893251492,0.07217723558571607,101.62306848932515,9835.8028915783,99.4759488368599,0
flashbots-c100,604,10000,57.677626849657194,-57.618503747315266,57.618503747315266,0.0591231023419283,272799.3713465798,2614.476706524902,0.9905070978637909,11739,979,134468.46116991105,0.007295169459231374,0.5094208667706206,100.72951694592314,9954.542752858413,40.19395435154546,0
flashbots-c100,605,10000,4.672678529908216,-4.672330873020172,4.672330873020172,0.0003476568880440567,77234.70417648646,411.55828396775945,0.994699573798837,4842,204,28523.28626701757,0.0005409595779747178,0.051671450184834954,100.05409595779747,9996.392369654855,102.41020392610012,0
flashbots-c100,606,10000,3.351067408562887,-3.3483402834071114,3.3483402834071114,0.002727125155775667,66794.06915220193,914.3553917873193,0.986495692405407,4132,153,24376.77847936334,-0.005024580566084893,0.04116850526817245,99.49754194339151,10022.407836737399,127.25552115746517,0
flashbots-c100,607,10000,19.477147313233296,-19.495525636669925,19.495525636669925,-0.01837832343662882,176611.0412218793,1875.577555915551,0.9894917749646515,7449,553,82944.21623828683,0.0025970324449068015,0.11156771488404602,100.25970324449068,9971.125326363594,122.22203561688673,0
flashbots-c100,608,10000,10.77305603909578,-10.772238386261321,10.772238386261321,0.0008176528344581158,175911.4037818826,1815.9602624706235,0.98978232602371,11239,445,65148.57322463637,-0.0035634894403636964,0.08036250188049791,99.64365105596363,10042.91593974318,105.19220550071998,0
flashbots-c100,609,10000,7.346485997354526,-7.351905525457568,7.351905525457568,-0.005419528103042026,132573.12985083155,2763.9816656483204,0.9795770603149621,10279,290,42411.5788704784,-0.0031138592847345594,0.08424571419037676,99.68861407152654,10082.320703371652,100.24624707468026,0
flashbots-c100,610,10000,10.574600130677489,-10.550338353422134,10.550338353422134,0.02426177725535439,166214.07861097186,2193.2529321568013,0.9869764997042595,11614,404,55703.98448800406,-0.0020992859122368657,0.10837634971807503,99.79007140877631,9981.707101233618,122.47292879266541,0
flashbots-c100,611,10000,35.39210406578912,-35.37976937802293,35.37976937802293,0.012334687766191621,276787.3924873995,2396.8952778343514,0.9914146483778848,11674,903,129689.83415216714,-0.005943628224113837,0.22603588531792482,99.40563717758862,10030.45468006238,47.75684995178802,0
flashbots-c100,612,10000,13.321351742369787,-13.31596275991943,13.31596275991943,0.00538898245035746,180303.90114337474,1888.2165169938123,0.9896361239924016,11220,545,69867.9938903747,0.008173753405820747,0.06986304827442766,100.81737534058207,9941.107741805772,54.572305331533386,0
flashbots-c100,613,10000,15.052836339137302,-15.046798081585237,15.046798081585237,0.006038257552065218,174580.90073800858,3480.5267813587325,0.9804532243178823,8563,497,69090.125398799,-0.01027520770240642,0.09335142333234202,98.97247922975936,10057.62664085095,65.467761243177,0
flashbots-c100,614,10000,16.104747619563888,-16.09885671771336,16.09885671771336,0.005890901850527541,223071.94139978776,2178.9372033290038,0.9903266206247826,9932,558,90785.22664728013,0.005776960143201393,0.06116468443879839,100.57769601432014,9906.704133830124,118.1689678595904,0
flashbots-c100,615,10000,4.295600349139239,-4.293045513212888,4.293045513212888,0.0025548359263503073,61561.5273945079,1379.804831180141,0.9780779214168428,4817,191,21984.899279720077,-0.002581754390707971,0.05583245688648532,99.7418245609292,10001.853251584589,51.05806734201403,0
flashbots-c100,616,10000,3.6850103123422007,-3.6766750368505683,3.6766750368505683,0.008335275491632377,55749.54450285185,524.4507959556478,0.9906804058753802,4303,138,19841.011962079698,-0.008683714824871203,0.07080022222674018,99.13162851751288,10096.94548420167,107.76120335627509,0
flashbots-c100,617,10000,19.448411369937162,-19.45652664848778,19.45652664848778,-0.00811527855061911,230253.32090534424,2728.066629457304,0.988290624163916,9930,579,99136.1177056341,-0.00003527662521946695,0.09323748508451103,99.99647233747805,10017.581297619223,104.6636433113879,0
flashbots-c100,618,10000,36.75889284916843,-36.752539766455484,36.752539766455484,0.006353082712948321,300654.79990653397,2732.8647226896383,0.9909921692893167,11222,913,144007.6364947153,0.0039856510307807015,0.19237471751224716,100.39856510307807,9957.984966097123,81.63107379049231,0
flashbots-c100,619,10000,12.05335313219444,-12.053439375676703,12.053439375676703,-0.00008624348226327072,168195.59231351156,2052.317288490644,0.9879451248870634,11184,437,61955.85456491861,0.002983575579768285,0.1044168413200461,100.29835755797683,9971.513769486151,96.09177552407807,0
flashbots-c100,620,10000,30.565891828358595,-30.578662585952458,30.578662585952458,-0.012770757593862925,210918.25665929847,1986.293456512003,0.9906704978572249,7910,663,103960.44884486074,0.004894684145730252,0.25427294277890256,100.48946841457303,10032.150907983336,77.39078559825987,0
flashbots-c100,621,10000,9.153198949409473,-9.147230335632614,9.147230335632614,0.005968613776859755,108021.46537024406,1216.7301127265052,0.9888616787622038,4095,285,49332.02505049874,-0.007241783821467749,0.06079707943865913,99.27582161785323,10064.029951777477,122.78787575107806,0
flashbots-c100,622,10000,2.4557665312047527,-2.4544865797645485,2.4544865797645485,0.0012799514402042078,56330.80583023015,1809.4499679129053,0.9688778464581386,4740,134,16932.711791297133,0.002661130063054884,0.03644189486421979,100.26611300630549,9992.831744942756,92.90810835553661,0
flashbots-c100,623,10000,12.267227451086093,-12.270172590415754,12.270172590415754,-0.0029451393296611172,134757.04401387722,2312.0924729061185,0.983131925011222,8335,419,54205.09515286402,-0.000038857759550126046,0.10360933530522118,99.99611422404499,9999.346779023715,86.01573014315113,0
flashbots-c100,624,10000,50.65653493401301,-50.48737035968706,50.48737035968706,0.16916457432594711,171300.76776176822,1685.8391541365008,0.9902545105416395,8757,673,82065.79896889694,-0.01613020238691078,0.8643190029858396,98.38697976130892,10095.5946887402,33.270632516992315,0
flashbots-c100,625,10000,14.309967916006768,-14.304972022487746,14.304972022487746,0.0049958935190215215,149404.6286572179,1274.3910314387542,0.991542345881517,6216,457,70057.11562181696,0.0066038903096107045,0.10344871779290131,100.66038903096107,9923.761937233669,104.8000712852069,0
flashbots-c100,626,10000,3.4243718968463064,-3.4142369461047224,3.4142369461047224,0.010134950741583992,67535.3224510385,508.5471382264187,0.99252618727747,4789,180,23041.361490975654,0.0104183598985243,0.03046830089820091,101.04183598985243,9904.886851992804,90.71281131164903,0
flashbots-c100,627,10000,4.007445693238978,-4.005535649359118,4.005535649359118,0.0019100438798602681,56920.68705651175,830.3067251693312,0.9856226417798423,4289,170,21299.752403525184,0.000705086909763395,0.05653008271644097,100.07050869097634,9984.640942313794,69.20764041483396,0
flashbots-c100,628,10000,29.26983030830009,-29.26562218788689,29.26562218788689,0.004208120413199623,239363.15168432225,3428.07258080409,0.9858805745916884,8914,661,113125.07657162627,0.008895431002986811,0.11896775586484949,100.88954310029868,9907.219862623686,119.61462933631582,0
flashbots-c100,629,10000,2.958732906495441,-2.959368096136714,2.959368096136714,-0.0006351896412732927,57099.32777941963,883.3300742775762,0.9847656160139052,4106,135,20374.00514995963,0.0005660297195690589,0.038268191498714826,100.0566029719569,9994.400442036273,144.8054846259827,0
flashbots-c100,630,10000,7.8328969767113605,-7.830717452152882,7.830717452152882,0.002179524558478363,95737.10127821269,1561.3093823716254,0.9839533927453544,4103,227,39751.501923116084,-0.0006465861475982138,0.06967204716972333,99.93534138524018,10014.025724210258,135.3348578819516,0
flashbots-c100,631,10000,13.39392519497343,-13.401567645859188,13.401567645859188,-0.007642450885757768,198315.731546474,1761.464418523789,0.9911960760444086,7952,448,84329.97822169145,0.003249428651442514,0.04908309993571777,100.32494286514425,9939.007546041023,177.22367047747647,0
flashbots-c100,632,10000,24.995157406492535,-24.991074114525674,24.991074114525674,0.004083291966860969,271567.97126272455,3028.8534293590797,0.9889698162651536,10657,752,122850.1886600579,0.002597551996723695,0.08253391675385928,100.25975519967237,9987.291625156951,87.79391393212764,0
flashbots-c100,633,10000,25.24445503033015,-25.245153358833704,25.245153358833704,-0.0006983285035531139,223847.808543951,701.6464433694908,0.996875314422789,8715,633,104612.28189321459,0.001484629936775832,0.15905042773915995,100.14846299367758,9982.323150673075,97.13453000383612,0
flashbots-c100,634,10000,12.627322356825882,-12.622881411772724,12.622881411772724,0.004440945053158174,123368.48125066566,856.3517228220069,0.9931064369150349,4521,373,61175.31840444586,0.006109581133964497,0.09234217429947038,100.61095811339645,9921.632194913791,119.34191686874206,0
flashbots-c100,635,10000,45.07650623555691,-45.06773492411481,45.06773492411481,0.008771311442103524,208938.66976081926,1888.5230800760164,0.9910423173850196,8010,907,114705.11286769777,0.004449112486444164,0.17785358942376434,100.44491124864442,10028.409082026841,41.45820561370026,0
flashbots-c100,636,10000,9.278267457437138,-9.27914127259585,9.27914127259585,-0.0008738151587124321,128507.1293846667,1876.918130540373,0.985604695004414,9448,352,44593.354729603925,-0.0012928075951977292,0.08903299586311547,99.87071924048023,10001.583143945461,72.4763268572966,0
flashbots-c100,637,10000,9.532724426617559,-9.52996652153908,9.52996652153908,0.0027579050784787285,120934.28011799633,2487.9599435051628,0.9798418830976864,7444,300,45409.17830502804,-0.004952989894448194,0.14844338409837235,99.50470101055518,10053.644351410245,129.0679058391502,0
flashbots-c100,638,10000,5.900725753002304,-5.900475385671214,5.900475385671214,0.00025036733108940723,98909.96153113671,495.4407815148851,0.9950159571815159,7587,225,32427.14200242387,-0.0009820429564329914,0.057686468342731556,99.9017957043567,10009.221408187854,99.23445976650498,0
flashbots-c100,639,10000,10.39452478659585,-10.394217008457531,10.394217008457531,0.00030777813831939227,145507.86638147788,1652.440214991208,0.9887711553936728,6062,360,61065.11284074698,0.00292807682994777,0.06546427642951301,100.29280768299478,9957.483227032964,150.36570794272964,0
flashbots-c100,640,10000,5.344449747048783,-5.336796686408022,5.336796686408022,0.007653060640761211,94377.19958327957,40.280246330071,0.9995733814712829,6459,239,33115.108162681114,-0.008555088171721365,0.040458386607465396,99.14449118282786,10086.066390105541,100.16493752469623,0
flashbots-c100,641,10000,17.494962352225585,-17.489950251474824,17.489950251474824,0.005012100750761306,117419.06959459548,939.0407755497033,0.9920661053761926,4599,426,60633.65273287264,0.0014826700087490962,0.1659756784311517,100.14826700087491,9975.653470646792,59.86077133900214,0
flashbots-c100,642,10000,13.448773767229829,-13.450626767026492,13.450626767026492,-0.0018529997966627576,188057.91580025636,2108.675422269909,0.9889114307160167,9980,503,73472.76283498903,-0.00122497848286244,0.08071375201421788,99.87750215171376,10013.425742729243,87.8002578843329,0
flashbots-c100,643,10000,9.703509735567517,-9.707946451874875,9.707946451874875,-0.004436716307358424,184130.26922434804,3380.0948482286612,0.981973823873968,11298,371,61079.18285881736,-0.0009369487478724637,0.060936799350429706,99.90630512521275,10041.399408175832,176.0255444871919,0
flashbots-c100,644,10000,7.593034677559736,-7.589825166302745,7.589825166302745,0.003209511256990538,106905.78157028004,1501.293163276571,0.9861513359071218,7648,303,38219.196093068946,0.003335486801302352,0.08013815616765342,100.33354868013024,9976.287429338745,43.50502343556149,0
flashbots-c100,645,10000,12.167690176491593,-12.167084281571675,12.167084281571675,0.0006058949199179153,144279.9296393857,1227.354269193182,0.9915649977360286,6625,395,63560.26645728354,-0.004103871027434422,0.07154389176965267,99.58961289725656,10048.765774483909,112.08563231943062,0
flashbots-c100,646,10000,8.328837922424583,-8.329350761544077,8.329350761544077,-0.0005128391194944015,111869.8404338526,1735.2799177138324,0.9847253370944569,5545,326,46556.56707391098,-0.001154406085028512,0.0623772818746994,99.88455939149715,10014.918322693104,99.87357187932876,0
flashbots-c100,647,10000,18.46905135518994,-18.467620952098684,18.467620952098684,0.0014304030912555277,214040.40905085485,2149.219859299524,0.9900586356980486,9017,530,91849.83059007017,0.005606879163055396,0.13849403915615993,100.56068791630554,9883.571817972577,207.24050857232703,0
flashbots-c100,648,10000,11.226366980506166,-11.229897887992607,11.229897887992607,-0.003530907486441137,180525.10733336487,2138.5522789670185,0.9882924042827912,11041,445,66252.87751435215,0.0015302233084770478,0.08116683154715759,100.1530223308477,9995.198411769476,116.09301442264407,0
flashbots-c100,649,10000,12.375352406119557,-12.364950543178693,12.364950543178693,0.010401862940863538,141867.99443765092,1260.9577948535225,0.9911900578102104,5505,374,65199.071049047314,-0.004904005347254525,0.09624333560590571,99.50959946527455,10065.371145219156,131.9835907771027,0
flashbots-c100,650,10000,11.466353981911361,-11.474715416512801,11.474715416512801,-0.00836143460144001,119920.93015244602,1886.3589125175592,0.9845135793843051,9309,419,45336.81313845663,-0.010674745145947639,0.10093085758515401,98.93252548540524,10028.11500067122,65.57003906431606,0
flashbots-c100,651,10000,19.911727340890216,-19.894156275742475,19.894156275742475,0.01757106514774165,154223.57369093725,1647.3847490673436,0.9894310988682256,6144,566,78735.75465392643,0.0003040957482939177,0.1573880987508794,100.03040957482939,10043.684953929001,69.76828640236748,0
flashbots-c100,652,10000,9.409992989640193,-9.40969652081246,9.40969652081246,0.0002964688277327099,126745.79795009167,2844.2692204467266,0.9780517960786013,7796,369,47872.13294440766,0.004843444143050277,0.0871789557881752,100.48434441430503,9958.320853372983,67.28073571738732,0
flashbots-c100,653,10000,2.668441312625549,-2.667460204046705,2.667460204046705,0.0009811085788440366,60140.869546739275,1335.855606172307,0.9782705470590761,4838,133,18213.330618154003,-0.0004582378150340105,0.030625255323416242,99.9541762184966,9973.62843834854,91.85372398830214,0
flashbots-c100,654,10000,10.559754988661203,-10.548051387148746,10.548051387148746,0.01170360151245653,102907.45344213408,1711.6100581382,0.9836395968299434,6051,288,40871.61627281176,0.0009758415099950924,0.20072325094263932,100.09758415099951,10010.706288020245,103.18343145795929,0
flashbots-c100,655,10000,26.991209551605284,-26.990106044831123,26.990106044831123,0.001103506774160934,287511.3476630692,3227.353186434675,0.9888994716664664,11405,829,133784.31282149785,-0.002849851853909229,0.08607057946124101,99.71501481460908,10028.778377953675,101.30606533075216,0
flashbots-c100,656,10000,14.0690896010999,-14.059371201980142,14.059371201980142,0.009718399119758914,227489.57959185922,2279.9649688425034,0.990077166348562,11144,507,83160.67658625398,-0.008024120990844067,0.09049981279390863,99.1975879009156,10062.084723637703,126.97958699102001,0
flashbots-c100,657,10000,50.86157267365357,-50.81491493342499,50.81491493342499,0.046657740228582156,274501.88493741956,1652.1399044363018,0.9940173245514621,9682,910,142019.03664207898,0.010440477557701798,0.3166121685730204,101.04404775577018,9885.566657172907,59.091139205076885,0
flashbots-c100,658,10000,10.684907463623743,-10.687242202190347,10.687242202190347,-0.0023347385666045994,102940.74575913195,865.1024024549931,0.9916661496652062,4167,282,46943.54981427622,-0.0018803698332769158,0.1057103399433798,99.81196301667231,10038.340676816264,127.85032111518267,0
flashbots-c100,659,10000,7.090441767341725,-7.084415937343508,7.084415937343508,0.006025829998216992,120878.11553551652,1815.272725527895,0.9852048040138423,9103,308,39652.58754935149,0.005605130995343757,0.07653922830963084,100.56051309953438,10005.622363641105,51.036525213575416,0
flashbots-c100,660,10000,16.7761088788585,-16.776799224802687,16.776799224802687,-0.0006903459441858217,112015.84584624217,900.7088344642077,0.9920232348833956,4553,350,56353.466645794404,-0.004319718378185797,0.23055662127102436,99.56802816218142,10037.45821096171,98.47884106501276,0
flashbots-c100,661,10000,5.546849106235664,-5.544505583000998,5.544505583000998,0.002343523234666023,137175.18503558086,2392.59122097957,0.9828571373338972,10062,284,39969.15846151588,0.0033162622636992013,0.043280722241456286,100.33162622636992,9965.269781845229,114.15948571921379,0
flashbots-c100,662,10000,15.513043257216397,-15.512737880781955,15.512737880781955,0.0003053764344418397,202690.18779040742,1595.1997996371474,0.9921913171644056,11299,500,76633.34554154416,-0.0016396582166581198,0.07838902266678403,99.83603417833419,10012.220845673273,101.29361979293853,0
flashbots-c100,663,10000,32.19256228278223,-32.186331265973834,32.186331265973834,0.006231016808392553,246756.35060656103,2594.618252019811,0.9895945130516363,9719,800,120570.58063525277,-0.004925978461428997,0.13222480448314172,99.5074021538571,10034.79467029725,91.26406102827708,0
flashbots-c100,664,10000,23.3228146501898,-23.31285570154769,23.31285570154769,0.009958948642111665,169107.02103247223,2214.6069709025114,0.9870733952466358,6266,508,84854.9040847398,-0.002216496838023545,0.15636710808343252,99.77835031619765,10011.436708004334,88.90739423377586,0
flashbots-c100,665,10000,42.83220806997931,-42.82904633256709,42.82904633256709,0.003161737412220589,240338.15444037472,1753.0290008452275,0.9927588069258588,9279,937,125683.51415014808,0.0000030360365047954475,0.17036328226210515,100.00030360365048,9980.122918822879,46.72329681313615,0
flashbots-c100,666,10000,34.15395412248162,-34.1238584667861,34.1238584667861,0.03009565569551853,285261.63859759714,2381.918255765155,0.9917192017724233,11043,848,133127.62834713026,0.013045561237137236,0.14408102847185206,101.30455612371372,9951.027682415668,34.299933565995524,0
flashbots-c100,667,10000,10.921595091249383,-10.901287239149823,10.901287239149823,0.020307852099559653,126196.94289949567,3188.58807634358,0.9753559145887881,9203,398,46903.16480855322,-0.011531172954754539,0.0869404366052477,98.84688270452455,10100.368605533944,44.06651226738637,0
flashbots-c100,668,10000,11.440347886607231,-11.431983534425697,11.431983534425697,0.008364352181533974,143367.72381855975,2159.770430892933,0.9851590213792123,9955,451,54751.57389671975,0.001664168201737226,0.05901459836168812,100.16641682017372,10018.693581630825,55.263872548945464,0
flashbots-c100,669,10000,21.792622065139984,-21.79127699606012,21.79127699606012,0.0013450690798642029,236844.04805807912,494.4993159394603,0.9979164812399387,10324,674,107053.08133968677,-0.0026310304826502318,0.09247017660285352,99.73689695173498,10025.963381827783,103.17282136309223,0
flashbots-c100,670,10000,12.691646521966115,-12.6829725748577,12.6829725748577,0.008673947108414737,116063.29620497276,1378.010624289869,0.9882663888754812,4685,389,54684.77646676163,-0.007888688013867409,0.11255576830861301,99.21113119861326,10056.575820327324,70.1268352414169,0
flashbots-c100,671,10000,3.6944859590100467,-3.694599453624363,3.694599453624363,-0.00011349461431642283,87680.11264184327,1978.4420217111278,0.9779335945227393,6088,189,27776.984153132653,-0.0028836229712806017,0.03926782907571606,99.71163770287194,10066.026236210719,196.57284604550597,0
flashbots-c100,672,10000,4.922359871341854,-4.914837644228356,4.914837644228356,0.007522227113497593,107413.60670080654,1633.0357083609113,0.9850244292508027,7099,241,33034.35264609963,0.00794769700584311,0.03637716080407387,100.79476970058431,9960.17686030736,85.07281675444192,0
flashbots-c100,673,10000,16.698332011684144,-16.678509806651647,16.678509806651647,0.01982220503249721,248620.51820642053,2337.693832230627,0.9906849279278791,10223,542,102751.57807566036,0.00046259702491340703,0.10606996274092637,100.04625970249134,9963.256623348341,208.3391821168631,0
flashbots-c100,674,10000,7.238718941560663,-7.2332091794323645,7.2332091794323645,0.0055097621282982345,114630.0293526596,1639.426001910214,0.9858997705208931,6214,278,44095.612654842276,0.0014608897237694408,0.06256159054225834,100.14608897237694,10011.832452729253,112.31457047343919,0
flashbots-c100,675,10000,20.164207298232345,-20.163230239440807,20.163230239440807,0.0009770587915376439,237666.2262635259,108.45898789841235,0.999543858137027,11326,657,102566.02868830632,-0.0019700054927673707,0.0992949369627135,99.80299945072326,10019.933814955602,100.94105821059277,0
flashbots-c100,676,10000,17.486223225207254,-17.46704916403938,17.46704916403938,0.0191740611678739,191980.88737222698,2470.8720802469984,0.9872931359057674,9162,576,84889.54744396491,0.01129418845725283,0.06731292056704277,101.12941884572528,9891.243045763224,83.65176315775184,0
flashbots-c100,677,10000,6.6947754336319685,-6.679366580901757,6.679366580901757,0.015408852730211642,81903.36825025638,1467.624849088058,0.9823964571545977,4341,193,32541.391750248244,-0.0065855478113449805,0.09599756984111124,99.3414452188655,10071.880576530733,152.7301053883448,0
flashbots-c100,678,10000,32.03694150493018,-32.04580132122169,32.04580132122169,-0.00885981629151189,206160.34779251384,1753.1236958082122,0.991568012965881,8156,651,100293.1054035202,0.004472624978841964,0.24378964632588493,100.4472624978842,9976.6800285073,74.18050330198702,0
flashbots-c100,679,10000,16.55946114946144,-16.54424171372183,16.54424171372183,0.015219435739609821,122756.6069987741,1400.4291179922238,0.9887205013763766,4880,419,60599.51901181088,0.010637919703319057,0.15059643618416316,101.0637919703319,9921.181466094438,61.28312041766061,0
flashbots-c100,680,10000,38.26644131866149,-38.26433564873753,38.26433564873753,0.00210566992396366,277099.57273588935,710.3932145935315,0.9974428807398502,9862,766,133396.06659010926,-0.004803124928213549,0.20168585875526077,99.51968750717865,10047.315423687776,98.66863183944704,0
flashbots-c100,681,10000,5.040201850645343,-5.011572603059392,5.011572603059392,0.028629247585951312,80338.84874310475,808.6007593699752,0.9900354137520327,4584,204,30267.1451773462,0.01582831652866062,0.050054000971119735,101.58283165286606,9818.051665343206,113.9275243100176,0
flashbots-c100,682,10000,11.338920756291428,-11.328442599405847,11.328442599405847,0.010478156885580958,158436.25236187837,2316.166266044082,0.9855917174633305,7501,414,63534.30857476733,0.007180343577125825,0.06980655447659558,100.71803435771258,9953.740707255774,144.58013305454293,0
flashbots-c100,683,10000,14.197256773176964,-14.192000848963403,14.192000848963403,0.005255924213560803,164662.53239668746,631.6154875736065,0.9961788393862808,8049,468,70115.1698038722,-0.00786920202226625,0.07930098326877812,99.21307979777337,10076.49574640513,93.46698194069094,0
flashbots-c100,684,10000,11.73578583612317,-11.727003757987191,11.727003757987191,0.008782078135979532,131406.7018270337,3136.1260129191046,0.9766905002424231,9354,433,51129.92822112424,-0.00260246327118864,0.09814266785030284,99.73975367288114,9983.823908622271,35.005667386685694,0
flashbots-c100,685,10000,6.2510461229845165,-6.246765729202394,6.246765729202394,0.004280393782122083,118495.18305566329,2749.4208327972583,0.9773233550638954,9346,274,38473.589630210314,-0.007420981459186322,0.0829261226584805,99.25790185408137,10095.240722555769,74.53254446695522,0
flashbots-c100,686,10000,7.831969468281747,-7.833559233798127,7.833559233798127,-0.001589765516380126,111687.3299705185,1568.9821021743128,0.9861466255305288,7640,271,39778.392488153004,-0.000007004086961472921,0.08270643517562717,99.99929959130385,9991.305652847062,77.92447921593649,0
flashbots-c100,687,10000,4.825710987019808,-4.817447039645316,4.817447039645316,0.008263947374492098,80722.81395087802,1911.7538407291913,0.9768649623054801,5719,207,27561.102779015757,-0.009194563669631322,0.06185466054331897,99.08054363303687,10083.033703942267,85.59749766811757,0
flashbots-c100,688,10000,3.471115440977355,-3.470061859206936,3.470061859206936,0.001053581770418699,77433.31532079917,1198.3597974290274,0.9847598337994553,3861,151,27366.306423508875,-0.00023046121893329996,0.03706034729145173,99.97695387810667,10047.037423510505,296.8381024912803,0
flashbots-c100,689,10000,14.322443845334156,-14.323610088344779,14.323610088344779,-0.0011662430106227362,190331.3574124162,1538.0444885267564,0.9919838990829772,10076,519,76913.4137784809,0.0010496378534008955,0.08794598648401973,100.10496378534009,9988.531122274795,89.76886576258029,0
flashbots-c100,690,10000,6.165537379571249,-6.157576957718973,6.157576957718973,0.007960421852275523,80603.68818460684,1114.6201825851924,0.9863602146831434,4362,211,32001.828559632515,0.006809304334150426,0.08760640866104723,100.68093043341504,9938.002525830494,75.62694109864069,0
flashbots-c100,691,10000,24.28060202820606,-24.283388173366873,24.283388173366873,-0.0027861451608117704,254541.34748720974,2199.8339623375446,0.991431705852885,9529,670,118686.47318479074,-0.0005811056876207488,0.07565165473305172,99.94188943123793,10020.292995985978,130.8393435159028,0
flashbots-c100,692,10000,28.461448411394784,-28.46463173991178,28.46463173991178,-0.003183328516996653,229008.79287910985,3159.6273350865704,0.9863907962496729,8918,705,109512.58967321072,0.007510191867821163,0.12792511609181403,100.75101918678212,9931.715786472494,112.0643809274625,0
flashbots-c100,693,10000,10.048363348183798,-10.051388726389646,10.051388726389646,-0.0030253782058480283,119551.8273117544,1482.1102728197384,0.9877545893127364,7391,330,45684.085943469414,0.0008738143181977876,0.11457541222776356,100.08738143181978,10019.122668175201,109.43152602398868,0
flashbots-c100,694,10000,14.000479179771732,-13.992905283969492,13.992905283969492,0.007573895802240216,191163.36002409022,1895.6112129029018,0.9901811803887843,9512,502,76755.56671830223,-0.00785406697804504,0.0703414861219727,99.2145933021955,10050.80347591107,74.99713505576915,0
flashbots-c100,695,10000,35.39124342406263,-35.397822791409226,35.397822791409226,-0.006579367346596143,259613.18049818836,2485.654331422708,0.9905163472663333,10915,834,119951.5906565549,-0.00003583159580358597,0.21592873165588627,99.99641684041964,10001.549628581786,59.362736808104785,0
flashbots-c100,696,10000,29.69617911574539,-29.692638635655186,29.692638635655186,0.0035404800902050226,256427.7297381273,2266.0415977624666,0.9912404477848049,9604,772,126134.56665124369,0.0010855746093822915,0.1066674425764063,100.10855746093823,9998.254692398164,112.57374544884273,0
flashbots-c100,697,10000,11.387451980886826,-11.396638272388117,11.396638272388117,-0.009186291501290356,139110.63400043422,1984.6663118447373,0.9859338595442074,7877,342,51497.83531471642,-0.007464829497753982,0.14329541005088017,99.2535170502246,10053.051013547254,140.3254392306608,0
flashbots-c100,698,10000,31.399288343746093,-31.40727254387666,31.40727254387666,-0.007984200130565,207549.4236573674,514.7688888013512,0.9975259131208406,7631,577,99111.68979597805,-0.0015570730143268463,0.30742592817958836,99.84429269856732,10021.063730394812,104.90806521623315,0
flashbots-c100,699,10000,22.631955615430755,-22.63137952422784,22.63137952422784,0.0005760912029160181,204854.74283721644,2015.5458654364686,0.9902569582220987,7164,569,100589.71666964864,-0.002485481237100089,0.10427089549858323,99.75145187628999,10040.125049666347,84.27511345553144,0
flashbots-c100,700,10000,11.681860024736963,-11.679095138146806,11.679095138146806,0.0027648865901568342,130737.67159248916,1887.4768425134214,0.9857683337980321,7731,405,52835.82170459681,0.0026469636855188127,0.1152417326603205,100.26469636855188,9963.138630783757,76.88228090323615,0
flashbots-c100,701,10000,11.784779101418495,-11.777753639439894,11.777753639439894,0.007025461978601655,127197.65771867555,1494.907805096796,0.9883838837230994,7011,369,52476.120196598335,0.0033625162619360083,0.08986315437563305,100.3362516261936,9957.459882356272,52.70554282196386,0
flashbots-c100,702,10000,11.23187684507372,-11.232607211721202,11.232607211721202,-0.0007303666474829384,118324.15316782861,1225.7694978813784,0.9897467980693813,5967,334,52803.687951456785,0.0004441802341489165,0.08381171815435622,100.04441802341489,9987.743003361877,79.17456840546116,0
flashbots-c100,703,10000,3.706909491852665,-3.700261780783336,3.700261780783336,0.006647711069328821,72451.66833905948,1349.3500005632657,0.9817163769427445,5371,170,21830.848421008912,0.0038659080319546034,0.07869249225734137,100.38659080319546,9984.013881547595,136.3622804204815,0
flashbots-c100,704,10000,35.151269321066835,-35.13804980244166,35.13804980244166,0.013219518625177784,267623.1082913127,2676.79654244192,0.9900969386426967,10717,875,133113.4920389031,0.00023440786742526143,0.25666719822914047,100.02344078674253,9990.909929799262,81.81499073906875,0
flashbots-c100,705,10000,3.439866192992314,-3.438409598780993,3.438409598780993,0.0014565942113211605,64273.78046383003,865.2815078659614,0.9867163959431602,4723,161,21410.719611126122,-0.000004501991800509586,0.060762545800371014,99.99954980081995,10006.964877791466,101.45358702177614,0
flashbots-c100,706,10000,10.522377982126478,-10.522543607712322,10.522543607712322,-0.00016562558584354292,117256.81353644059,1690.4381053976283,0.9857883382586451,4181,391,58547.84230195276,0.0013086368648309588,0.061467294640244745,100.1308636864831,9986.063794841779,88.297718567935,0
flashbots-c100,707,10000,15.753733220160857,-15.756573732791708,15.756573732791708,-0.0028405126308506112,150537.23096535399,1126.853427516729,0.9925700706793724,6563,448,67614.07454484947,0.000010395828572171694,0.13936736843246222,100.00103958285722,9970.910179126653,78.18641879933519,0
flashbots-c100,708,10000,13.37528244584693,-13.344584191920404,13.344584191920404,0.030698253926525254,101050.62944426043,2459.641578115652,0.976237705168563,6221,280,40455.92998332236,0.0022381377498203394,0.17204397212890982,100.22381377498203,9957.7662451952,127.36521796475098,0
flashbots-c100,709,10000,7.761398392443551,-7.763887725864805,7.763887725864805,-0.002489333421253903,125346.41283198645,1759.7542224246902,0.9861552412191662,6877,287,45245.88612485313,0.000493145628703786,0.08969184967912326,100.04931456287038,10027.616425502672,229.0286881279344,0
flashbots-c100,710,10000,5.639417730227611,-5.632383568000762,5.632383568000762,0.007034162226848828,87829.1558469571,1682.0508898696262,0.9812084882866673,4676,237,35418.92346806032,-0.006297598333197669,0.056137787442321355,99.37024016668023,10093.775484530312,123.37871282870498,0
flashbots-c100,711,10000,7.152491117635803,-7.156616736669903,7.156616736669903,-0.0041256190341005805,93063.64284353862,1836.349453431705,0.9806496353794717,4803,238,37976.77918046242,-0.0017280175117996067,0.09245764716940201,99.82719824882004,10052.647066312364,135.7026919679984,0
flashbots-c100,712,10000,17.2304520932328,-17.228521681829548,17.228521681829548,0.0019304114032507869,139861.85170910927,369.34571402132127,0.9973661658688767,5418,450,68655.88209132796,0.003809752951719787,0.17617519257318834,100.38097529517198,9968.131054052032,85.02737598750716,0
flashbots-c100,713,10000,9.119108750652156,-9.110701413662412,9.110701413662412,0.008407336989744607,136570.8002292393,1450.8995690971417,0.989487887982708,8640,304,48036.16475906953,-0.003982151224161328,0.08445005084111927,99.60178487758387,10024.938519636302,78.07764903590488,0
flashbots-c100,714,10000,20.97835482517429,-20.977289783166896,20.977289783166896,0.0010650420073936573,188858.91556515242,3230.178527376367,0.9831839566809534,7322,549,90846.94193759181,-0.002144945131790479,0.10361618602280444,99.78550548682095,10037.618042944045,111.89803474042124,0
flashbots-c100,715,10000,14.862000474980269,-14.84091804523301,14.84091804523301,0.021082429747258047,87562.13075906594,1898.234121161917,0.9787812834912608,6686,229,32895.06951355307,0.001097284007265671,0.30193046203339946,100.10972840072657,10047.306412281743,95.94146580123405,0
flashbots-c100,716,10000,7.323785556521711,-7.32265306829288,7.32265306829288,0.0011324882288317184,108721.7332264435,928.2146991086156,0.9915347456458544,6195,280,41510.91668348928,0.0029417293344614847,0.06554487497858304,100.29417293344615,9971.529035155665,110.00443498299455,0
flashbots-c100,717,10000,6.2086709175530475,-6.203501327612258,6.203501327612258,0.005169589940789088,88631.27778558708,673.1398597375031,0.9924624125268818,5308,240,34806.129991952104,0.007088631117645292,0.05766286814591922,100.70886311176453,9929.299916021655,98.72515025958354,0
flashbots-c100,718,10000,18.05027003297108,-18.025058296796715,18.025058296796715,0.02521173617436645,208685.79457430338,2686.9844541450457,0.9872879352464614,7842,518,92748.09879989568,0.012059336803007028,0.13504681276879396,101.2059336803007,9831.069886588988,151.07665137673703,0
flashbots-c100,719,10000,7.937288035964799,-7.936856865312137,7.936856865312137,0.0004311706526616277,99505.5724520542,1387.0454986687134,0.986252259810067,4470,300,45158.44284032932,0.0012794981182044295,0.050962127616897564,100.12794981182044,9984.833720098046,107.2573289111001,0
flashbots-c100,720,10000,15.501468539678111,-15.499068805868774,15.499068805868774,0.0023997338093373344,189826.69253580173,2251.584176616103,0.9882777781269497,8974,535,80678.08973378535,-0.0021864775283664526,0.07357261348678377,99.78135224716335,10024.232757307002,96.13148050933626,0
flashbots-c100,721,10000,10.615961247226148,-10.612126115931986,10.612126115931986,0.0038351312941617977,153207.8105879434,1523.9914237119415,0.9901507550232166,8784,428,58075.24098658747,0.006042298357415774,0.0628588494862683,100.60422983574158,9949.99348008658,82.15250460101505,0
flashbots-c100,722,10000,12.904316705005078,-12.908884691698248,12.908884691698248,-0.004567986693169601,173712.1621764986,1834.1443444411116,0.9895517918844831,9507,472,68353.49808919668,0.000017168342386071344,0.08281434273121206,100.00171683423861,9987.562312960848,62.40020232591469,0
flashbots-c100,723,10000,10.812132437612098,-10.80590692184407,10.80590692184407,0.006225515768027989,182759.9243263492,2833.9022399690284,0.9847306222820057,10994,458,66152.0242277529,-0.0034070780514755938,0.08153961122527434,99.65929219485244,10030.839199049806,128.91160817583662,0
flashbots-c100,724,10000,5.975670199286677,-5.974895876703641,5.974895876703641,0.0007743225830356693,110876.4801503869,452.7964927134197,0.9959328174370072,7300,275,38256.62934485936,0.0015202671867902496,0.0399066230739524,100.15202671867902,9981.371555377604,107.33569419556993,0
flashbots-c100,725,10000,47.344526197177174,-47.3665493458159,47.3665493458159,-0.022023148638723455,292246.34124177665,2173.5506831694456,0.9926175141599347,10925,1058,147529.80591786266,0.011723699348700337,0.31259706844121354,101.17236993487003,9954.249227948267,45.70873996978709,0
flashbots-c100,726,10000,49.90404396491694,-49.924097163566586,49.924097163566586,-0.020053198649648607,233414.2569189717,1861.7036418765601,0.9920871489061669,8490,936,125370.42215610045,-0.025839250176231444,0.2705348182469119,97.41607498237686,10155.366925506381,54.16903366905275,0
flashbots-c100,727,10000,14.29574079706998,-14.287968760818387,14.287968760818387,0.007772036251592951,189991.2756965051,1247.0080935858464,0.9934792967763997,10620,495,73243.55976401355,-0.008929594115163014,0.07149994201390086,99.1070405884837,10083.349972170448,92.85888436652552,0
flashbots-c100,728,10000,15.849624939992214,-15.84142699587629,15.84142699587629,0.008197944115924116,216446.34551196778,2182.8988165770015,0.9900155222908027,11793,560,82784.22195408714,-0.007377355233551554,0.08893634021476288,99.26226447664484,10080.722501540948,99.66198221640279,0
flashbots-c100,729,10000,6.600557564356992,-6.593185407372857,6.593185407372857,0.007372156984134293,168845.9429596703,3672.8533073371136,0.978710416564392,10609,308,49979.339032171665,-0.0014194272584379065,0.035642330014217266,99.85805727415621,10011.780328731496,208.9385814085783,0
flashbots-c100,730,10000,33.271977020130095,-33.277214092643696,33.277214092643696,-0.005237072513601504,193106.6644925591,2151.495316505471,0.9889812783311626,9958,832,94661.26044212535,-0.00046921775475553315,0.20131497730567405,99.95307822452445,9999.224024725603,59.683498641207,0
flashbots-c100,731,10000,32.29048832835708,-32.29208774698762,32.29208774698762,-0.0015994186305405833,280217.45745539793,2680.786693228657,0.990523848243398,10113,830,140046.4751839198,-0.0001594057759439238,0.12672358385379084,99.98405942240561,9976.859995474499,124.39984901616288,0
flashbots-c100,732,10000,5.54460524168026,-5.545574419653761,5.545574419653761,-0.0009691779735012673,106348.43699945937,2044.9397127003556,0.9811340897873241,7921,237,34317.38212798846,-0.003787426169826773,0.05017352902296111,99.62125738301732,10016.087062619596,79.2662698882511,0
flashbots-c100,733,10000,4.8282378194833315,-4.829217339596212,4.829217339596212,-0.0009795201128808273,72306.21245869467,2071.584937770068,0.9721478047174797,5191,173,25498.19031908323,0.0009504985542538691,0.08634777123641968,100.09504985542539,9999.483634410337,100.2393723827712,0
flashbots-c100,734,10000,16.226740797976277,-16.220596791300608,16.220596791300608,0.006144006675668834,144077.0720814669,1290.9777058644058,0.9911192472640785,5063,367,68684.25467993395,-0.0001348527164084601,0.17839890236971087,99.98651472835915,10030.422574459939,128.31237941132758,0
flashbots-c100,735,10000,10.8076016046974,-10.782731870334786,10.782731870334786,0.024869734362614082,155007.52928806815,1291.378671410733,0.9917377626736489,7636,364,60855.352923970684,-0.008791797798293715,0.07194146418111075,99.12082022017063,10099.667329235732,118.99688162807234,0
flashbots-c100,736,10000,22.944543476620737,-22.91991455499391,22.91991455499391,0.02462892162682806,176483.91120996338,1818.7022051067065,0.9897999127984011,6889,517,82285.27035100214,-0.004985990782510612,0.20316811139358193,99.50140092174894,10051.325169172525,98.53037177512664,0
flashbots-c100,737,10000,8.501051843422577,-8.500132897797997,8.500132897797997,0.0009189456245799477,143618.8838455268,2364.444372492709,0.9838033260280139,10860,298,47208.29874156921,-0.0007880733937976459,0.06847404505100173,99.92119266062024,10011.216294686505,126.62826571614187,0
flashbots-c100,738,10000,10.59336219393686,-10.591347687764724,10.591347687764724,0.0020145061721361657,140695.75949161194,2328.033911654555,0.9837227509055749,8973,344,51827.61127455566,0.0027489267917570714,0.08874110503389915,100.27489267917571,9957.413173132218,91.82415555038274,0
flashbots-c100,739,10000,9.865139117492284,-9.864894163729105,9.864894163729105,0.0002449537631790122,153642.50336162603,3601.789515036546,0.9770943068956934,9689,371,55350.68354737362,0.0006103620893718187,0.06498474803711787,100.06103620893718,9981.840779135358,121.64777944769699,0
flashbots-c100,740,10000,4.9444348162651375,-4.94317129481027,4.94317129481027,0.0012635214548675222,97332.11627645606,1985.2303413195039,0.9800112426587503,7393,222,30478.085566222642,0.005378086663593251,0.07999860687854252,100.53780866635933,9966.044112042313,84.62575815646454,0
flashbots-c100,741,10000,7.175815235652805,-7.1740489702043675,7.1740489702043675,0.0017662654484373874,108081.33307368957,1514.9168866320315,0.986177292679444,7722,278,38481.16315442952,0.0026247571796660907,0.08145979197315796,100.26247571796661,9968.779599256854,95.66194468520477,0
flashbots-c100,742,10000,8.229494780334706,-8.230151603287467,8.230151603287467,-0.0006568229527612601,113598.26849019763,1194.2708051588731,0.98959626808075,5724,333,49084.27929487,-0.0005043494845800467,0.05244059056130894,99.949565051542,10005.282522443316,132.35171059481505,0
flashbots-c100,743,10000,14.645449517928101,-14.642924203436863,14.642924203436863,0.002525314491238717,131975.37770272337,924.5510172796522,0.9930432542275661,5815,426,61537.327455597086,0.009359058623821425,0.10163939935290742,100.93590586238214,9919.863189711014,84.1320090263956,0
flashbots-c100,744,10000,8.776742834883377,-8.773890401875775,8.773890401875775,0.002852433007602073,122975.6002207232,2637.8621780302697,0.9790001634565528,8973,371,45540.13027991524,0.001155711034814857,0.08353392498044158,100.11557110348149,9999.238298446457,51.98239017487564,0
flashbots-c100,745,10000,22.00481507095165,-21.989756968079746,21.989756968079746,0.015058102871904566,132643.69393069198,1087.0631465070483,0.9918712555715249,4858,460,69753.47765942998,-0.001058074657846788,0.16829993959418033,99.89419253421532,10028.194164873214,106.59549972683105,0
flashbots-c100,746,10000,12.294707916200082,-12.292535771616627,12.292535771616627,0.002172144583454383,163977.58570904142,139.2276997331678,0.9991516548680093,8927,428,64625.644251522106,0.004801337523952754,0.07711396308928414,100.48013375239528,9951.266850202855,101.02848243158687,0
flashbots-c100,747,10000,8.068686432466214,-8.065868163577306,8.065868163577306,0.0028182688889071272,88980.55519166836,2033.1103157501539,0.9776614829826359,5342,270,34932.56696612153,0.01330398875030184,0.09343572141738604,101.33039887503018,9909.017030019297,59.147130478079994,0
flashbots-c100,748,10000,27.674328495181367,-27.676465285316354,27.676465285316354,-0.00213679013498691,272773.087660053,3867.164700281903,0.9860209616377706,11728,827,120160.58080647119,0.011133348318406178,0.10343616912673526,101.11333483184062,9900.536075607148,65.84911581145109,0
flashbots-c100,749,10000,14.463347200003101,-14.45344281007118,14.45344281007118,0.009904389931920221,202119.78921912337,3107.01148924855,0.9848605957968247,10735,511,75624.30236227752,0.0074754190557578684,0.10475309684785017,100.74754190557579,9928.692815607195,75.92248779143098,0
flashbots-c100,750,10000,12.618869992359103,-12.613429446498905,12.613429446498905,0.005440545860198043,117282.76697507614,2346.9154059091666,0.9803818303350925,7835,436,48833.32716716895,-0.0018738001167874073,0.16840117814170838,99.81261998832126,9997.786463085758,30.054351490408308,0
flashbots-c100,751,10000,29.050646116488767,-29.042167120572657,29.042167120572657,0.008478995916110676,266195.5439562984,3349.715140894227,0.9875727172790437,10495,796,127553.7003401905,-0.001826892407889318,0.13208557788759948,99.81731075921107,10003.482138051673,101.2866927732182,0
flashbots-c100,752,10000,9.489788400524933,-9.475249640648968,9.475249640648968,0.014538759875964757,98503.68619997804,1419.8688524340441,0.985790448991839,4070,277,44596.027276483714,-0.007217282302189289,0.11968939098049773,99.27827176978107,10049.573132153351,77.42692162612333,0
flashbots-c100,753,10000,11.82390642101278,-11.813119796602678,11.813119796602678,0.010786624410101808,161818.3134420204,2350.510166885613,0.9856823596879444,10208,401,57925.657853878256,-0.006480273082613479,0.09885229277758384,99.35197269173865,10039.497096971985,116.90083946461168,0
flashbots-c100,754,10000,37.05975189704114,-37.05953320771174,37.05953320771174,0.0002186893294009451,237810.20636532584,313.20305144662166,0.9986847028092966,8779,683,117361.09890398855,-0.0018020381147977106,0.33531310621510585,99.81979618852023,10020.11721177146,100.34288258639835,0
flashbots-c100,755,10000,11.161162480185395,-11.183316892085315,11.183316892085315,-0.022154411899920845,123188.15429271346,2004.2419426956542,0.9839907054824087,9790,331,42218.16568785892,-0.0012773902378012281,0.21797684826261005,99.87226097621988,9986.709286687566,75.26623008941496,0
flashbots-c100,756,10000,19.20644325999966,-19.1727157013159,19.1727157013159,0.03372755868375776,159721.41349519347,2021.4360753160347,0.9875021611113953,9443,558,68968.98658075448,0.009344621327096831,0.19929307453506667,100.93446213270968,9965.61094523843,29.392458375787093,0
flashbots-c100,757,10000,50.35363733789066,-50.46589165130639,50.46589165130639,-0.11225431341573255,307116.28105871176,3381.1806053716873,0.9891104404292048,11741,952,148558.36558266962,0.0027578367632315804,0.369958553746736,100.27578367632316,9966.843585081078,158.94831824420146,0
flashbots-c100,758,10000,10.256269017568515,-10.255461686043517,10.255461686043517,0.0008073315249976787,136672.30962780918,1192.182489440973,0.9913525051220073,7506,369,54295.67971418412,0.0032296952810654035,0.07377664878827886,100.32296952810654,9962.79081870131,106.84769461779557,0
flashbots-c100,759,10000,6.150606379344225,-6.150231274867011,6.150231274867011,0.0003751044772144496,85642.46259759448,2003.990410819837,0.9771355218376327,6921,284,31210.63049283214,0.003487712624524164,0.07023871649298755,100.34877126245242,10021.130637675587,71.69126603690364,0
flashbots-c100,760,10000,5.300557662021445,-5.300070169526265,5.300070169526265,0.00048749249518031945,83464.21161924444,521.4726750267748,0.9937909337834335,4522,233,32529.732806086977,-0.001885599540896834,0.07359988510225506,99.81144004591032,10018.411097957,103.10818805891064,0
flashbots-c100,761,10000,14.043649478469428,-14.045373265045654,14.045373265045654,-0.0017237865762265159,213012.2932575251,2388.998337099183,0.9889090807236423,11509,565,83697.01844216962,0.00004093154724770898,0.06860253670794719,100.00409315472477,9995.207317330565,109.84123302701997,0
flashbots-c100,762,10000,13.256079131822293,-13.259831257736337,13.259831257736337,-0.0037521259140440577,133515.39873498023,1769.6479763509997,0.9869191161967291,5481,396,61977.80199149657,-0.006865720808133489,0.17757841401166188,99.31342791918665,10078.413046420184,95.76820015918756,0
flashbots-c100,763,10000,14.452372299231918,-14.45310561350496,14.45310561350496,-0.0007333142730416853,186273.62700414707,3761.6794913177296,0.9802053651992951,9717,486,75237.47305252655,-0.000006990871229533013,0.09833369278637875,99.99930091287705,10013.518128958192,83.24321816981625,0
flashbots-c100,764,10000,15.60959777517547,-15.610661397785833,15.610661397785833,-0.0010636226103635238,173977.77749373813,2385.592757487667,0.9864734227176003,8282,451,72925.87066376599,0.0023512711611940063,0.15216356955397345,100.2351271161194,9977.562612890388,112.10210031335453,0
flashbots-c100,765,10000,20.561199321906212,-20.54417601370409,20.54417601370409,0.01702330820212339,148319.87089835948,1566.1287354428841,0.9895512006506998,8290,463,65606.39725178464,0.013285692789052632,0.225479609128804,101.32856927890526,9922.28017560192,59.15366382988853,0
flashbots-c100,766,10000,14.544258664151478,-14.54430235601211,14.54430235601211,-0.00004369186063257757,199074.28428421525,2373.5186786154277,0.9882176988594243,10043,476,78906.45290069282,0.0027288509494900384,0.0918140186199453,100.272885094949,9968.836713300858,129.17125411408526,0
flashbots-c100,767,10000,20.813481341358596,-20.826073278193576,20.826073278193576,-0.012591936834979833,275268.44267885096,2335.0309318360555,0.9915886105405485,11349,659,114292.74174309486,-0.004493913421128184,0.10294181869014622,99.55060865788718,10051.883815825728,141.39502169550477,0
flashbots-c100,768,10000,14.181280241524686,-14.182955308260318,14.182955308260318,-0.0016750667356326687,155852.90762366023,1410.0678045540496,0.9910336949894625,7006,414,67213.81287812546,0.0006848247341316949,0.11968361697831582,100.06848247341317,9977.79547770781,111.92007962805289,0
flashbots-c100,769,10000,13.594427900604742,-13.593240179545475,13.593240179545475,0.0011877210592672327,112182.2389826198,1598.8461314280653,0.9859480498904939,6821,395,48350.43795826397,0.0017422660008482183,0.12621192214995944,100.17422660008482,10047.0123537804,37.26992806776026,0
flashbots-c100,770,10000,14.205536635989057,-14.199252454228287,14.199252454228287,0.006284181760770835,160003.77329139906,3298.4947646381634,0.9798012923892381,10583,511,64167.1898046612,0.010287172040141145,0.14943386502869316,101.02871720401411,9938.542212870536,57.98356107023355,0
flashbots-c100,771,10000,15.474343185891177,-15.470319377762166,15.470319377762166,0.004023808129010931,154129.45123113168,1966.0159321236065,0.987405041492541,6023,404,70674.68000765075,0.0019047892468397264,0.08454829561392017,100.19047892468397,9962.737972262295,117.1002968466999,0
flashbots-c100,772,10000,10.672067829739017,-10.673155756961819,10.673155756961819,-0.00108792722280171,118484.78567262921,1007.4222326106222,0.991569138688863,4780,323,52790.80424785813,-0.002363176776391924,0.1132585684600987,99.76368232236081,10008.040199382842,106.47163313139586,0
flashbots-c100,773,10000,5.512053262504021,-5.507202092791573,5.507202092791573,0.0048511697124480335,64971.69489410177,1188.524793411899,0.982035658300025,4115,207,25020.288006525843,0.0011005503012412987,0.08770476781127741,100.11005503012413,10016.219314203889,60.991476141526256,0
flashbots-c100,774,10000,19.811309784300686,-19.81888157372086,19.81888157372086,-0.007571789420172337,209352.59696582978,2886.922405811355,0.9863978093506883,9029,601,93665.18972838622,0.005995976683191913,0.07292308306048795,100.59959766831919,9944.049676209474,105.14823605591745,0
flashbots-c100,775,10000,18.14498157414795,-18.13878750548872,18.13878750548872,0.006194068659226559,216886.5480888876,2270.8446056799444,0.9896382933846783,9348,587,95018.28125145024,0.005293662326483144,0.05868961844012617,100.52936623264831,9944.70234825441,103.46699775840948,0
flashbots-c100,776,10000,24.247607065657775,-24.212421386374672,24.212421386374672,0.0351856792831029,212522.2352394772,2034.3655591905647,0.9905182802504429,10883,644,91752.71155708421,0.008682103498843503,0.2400023249685313,100.86821034988435,9945.289664393998,79.8028225848472,0
flashbots-c100,777,10000,9.256137942907953,-9.254616233819775,9.254616233819775,0.0015217090881787243,147160.57035773856,2979.00000557884,0.9801584619006831,10612,349,50629.79343886594,-0.0002931747867911838,0.0863226545849443,99.97068252132088,9983.964127751417,121.75783026085003,0
flashbots-c100,778,10000,8.140985425765674,-8.13925973961085,8.13925973961085,0.0017256861548240465,105217.7002034419,2831.0321948304804,0.9737985617045911,6218,316,41415.71491130795,-0.00048573690157809323,0.0866042338754822,99.95142630984219,9987.547481631473,70.4965545879545,0
flashbots-c100,779,10000,14.640185676299179,-14.63092325764346,14.63092325764346,0.009262418655719529,123758.46598178838,1175.9035757458912,0.9905878295947668,5395,382,58822.28519806842,0.0009269120581741674,0.10838489442199319,100.09269120581742,9975.806225761116,119.5149394147438,0
flashbots-c100,780,10000,7.8509764695672315,-7.842526243692461,7.842526243692461,0.00845022587477029,80630.48001002189,1341.487007942036,0.9836348076453009,4754,289,34483.74271908262,-0.008636322484313865,0.08729689011634932,99.13636775156861,10017.600166739538,43.201264710126864,0
flashbots-c100,781,10000,23.878555182148833,-23.87262846908024,23.87262846908024,0.005926713068593159,237480.63622524415,2363.3179223999064,0.990146435290401,9828,695,109909.29437315138,-0.008251636939098432,0.07269226082441961,99.17483630609016,10070.7265173035,88.30946982733876,0
flashbots-c100,782,10000,18.146517592185788,-18.129757618967503,18.129757618967503,0.01675997321828504,162625.14155725276,2737.0688982247134,0.9834480387587607,11291,612,66369.3444814493,-0.009454937060895362,0.11173921926914701,99.05450629391046,10040.383445804206,30.849314336764525,0
flashbots-c100,783,10000,8.47926092379714,-8.480619853117346,8.480619853117346,-0.0013589293202063146,181560.81971434256,2795.8097764141226,0.9848347749460548,9364,354,62692.6326033714,0.0011262648029364186,0.04885143258597978,100.11262648029364,9989.06393627462,187.45760283221549,0
flashbots-c100,784,10000,21.28455855907623,-21.26665603023413,21.26665603023413,0.017902528842100196,204153.2269159115,2105.5401370346717,0.9897917544688213,8495,603,93277.35205966073,-0.008517242495315144,0.13346950056958876,99.14827575046849,10066.74050754925,90.7681798913549,0
flashbots-c100,785,10000,15.346833746935435,-15.356399690528562,15.356399690528562,-0.009565943593127457,206100.75263393464,2821.442060881555,0.9864952497507362,11286,470,77828.01259992507,-0.0027717545362006034,0.1686902693057624,99.72282454637994,10045.728275070496,107.79334861455105,0
flashbots-c100,786,10000,14.11437356861962,-14.11062722409045,14.11062722409045,0.003746344529169221,196566.24012073985,2102.519288535253,0.989416960699876,11607,566,74881.7218213517,0.0009281176266841839,0.06960628300698034,100.09281176266842,9981.374425579665,69.39788457473159,0
flashbots-c100,787,10000,8.294189949126029,-8.294809753078184,8.294809753078184,-0.0006198039521549958,87151.4798740174,1420.8226656918323,0.9839586120609788,4481,229,35483.665434824405,0.0028365758311785783,0.10659710893735137,100.28365758311786,9967.599438139125,102.25641890206818,0
flashbots-c100,788,10000,10.514321679579899,-10.512746991242324,10.512746991242324,0.0015746883375751253,149990.29268309663,1804.4257965439765,0.9881127234556188,9956,418,55384.44569734857,-0.000876381329713638,0.06877737316870551,99.91236186702864,10018.530939004308,76.4701005624904,0
flashbots-c100,789,10000,19.825906758937755,-19.8191606566928,19.8191606566928,0.0067461022449535335,163073.1204793066,2112.446177574041,0.9872116782335955,8919,564,70888.1187406476,-0.0010671954015450068,0.20687881533321673,99.8932804598455,9966.246493398701,45.19913850165597,0
flashbots-c100,790,10000,23.244906262500756,-23.22731751651034,23.22731751651034,0.017588745990416044,245331.8708800732,2837.731973975409,0.9885653523181712,10865,630,106591.72653321867,0.007918485391042509,0.20564429163981232,100.79184853910425,9880.689862315625,107.42707785417099,0
flashbots-c100,791,10000,24.55523517525071,-24.528560458235063,24.528560458235063,0.026674717015648497,125029.93408759133,1606.6805585019758,0.9873126696967374,4446,410,65581.58950269023,0.0035889924744357416,0.34119291376243127,100.35889924744357,9963.794743426102,79.51436980792685,0
flashbots-c100,792,10000,8.083363836270376,-8.084054938993816,8.084054938993816,-0.0006911027234401956,131857.73438719325,1688.0826535642002,0.9873595243118023,8214,334,47964.62740827466,-0.0001513566117482412,0.06791260207804896,99.98486433882518,10002.802603516959,107.75392412089055,0
flashbots-c100,793,10000,24.164639909011974,-24.14075411285171,24.14075411285171,0.02388579616026476,211669.55696404254,2822.5946980455815,0.986840568868495,9069,649,99658.2822547635,-0.005863497946069742,0.17550336694863516,99.41365020539303,10075.217914981353,90.0232238598749,0
flashbots-c100,794,10000,19.54774910021102,-19.542594575360013,19.542594575360013,0.005154524851008091,183066.03618471665,1678.9154188716716,0.9909122527879725,8803,554,78974.56455608005,0.0026340378601679504,0.12422637174513937,100.2634037860168,9979.837966207959,75.5775003864907,0
flashbots-c100,795,10000,6.730467386447009,-6.7346763566245755,6.7346763566245755,-0.00420897017756694,106967.63843028559,1603.5534097327843,0.9852303969169312,5272,248,40830.7852785293,-0.0000063769257677392945,0.05076269772819018,99.99936230742323,9976.342006566887,101.23265814628994,0
flashbots-c100,796,10000,15.891316648598712,-15.885827303935514,15.885827303935514,0.005489344663198281,182561.49000854496,2012.3329528714673,0.9890974087192629,11487,583,72095.47272464052,-0.008944119979637294,0.10181060715736677,99.10558800203627,10076.908967700982,44.766029147773274,0
flashbots-c100,797,10000,5.968080743661491,-5.961028630030185,5.961028630030185,0.0070521136313059785,64410.255647595455,1194.9126842877267,0.9817863025936783,4857,217,25148.885007076355,0.006169383239894586,0.1010592209596524,100.61693832398946,9947.694227934673,48.03513720874063,0
flashbots-c100,798,10000,15.215531354933518,-15.214349457746891,15.214349457746891,0.0011818971866262018,176463.48195482887,511.635388767373,0.9971089981662561,9203,461,72570.68662786679,-0.0006666207701175608,0.09068344558936545,99.93333792298824,10005.239626364955,94.88059338914263,0
flashbots-c100,799,10000,8.013288114929413,-8.013433360558082,8.013433360558082,-0.00014524562866924384,148884.99472116889,2478.9941295840836,0.9836222991452187,9775,339,50060.73315087058,-0.003930320387778892,0.09785483145438106,99.60696796122211,10055.659408979292,129.93298697183545,0
flashbots-c100,800,10000,6.3056212597196755,-6.306919961920343,6.306919961920343,-0.001298702200667634,78669.41357737881,864.5865587352919,0.9891293464775361,5015,213,30350.838667042415,0.001039342654202784,0.06573427271667498,100.10393426542028,9989.43952686859,77.59413458054722,0
flashbots-c100,801,10000,24.966371434372533,-24.96174284425817,24.96174284425817,0.004628590114364783,242770.0256525347,659.0173286157469,0.9972927744342044,9930,670,110222.77162818081,0.007678179993248478,0.13881806856047035,100.76781799932485,9918.93859214624,104.84914144142202,0
flashbots-c100,802,10000,20.022917935294178,-20.017122755408607,20.017122755408607,0.005795179885570434,188102.86077073024,2360.472262039962,0.9876066840559079,8907,534,84536.10287124178,0.001715224718924162,0.14183574292289833,100.17152247189242,9995.3349827818,87.95038740837605,0
flashbots-c100,803,10000,14.970742435347034,-14.966806161803547,14.966806161803547,0.0039362735434878005,210439.33767432152,2749.444190468287,0.9871032417070985,11451,546,81091.32109158055,0.0037429253824559795,0.07900146086023468,100.3742925382456,9955.344042278966,89.95941612798795,0
flashbots-c100,804,10000,5.555335017287281,-5.55529975631346,5.55529975631346,0.00003526097382167137,91292.12490641214,1243.1672425921709,0.9865654798972227,7318,212,30490.127370063612,-0.000011136779044278455,0.055694122760579175,99.99888632209557,9999.085898523448,97.2363674029311,0
flashbots-c100,805,10000,6.0607855910784085,-6.060273310420158,6.060273310420158,0.0005122806582509298,126895.29842709226,2239.3142258804814,0.9826590704081929,10002,253,38243.769608599236,0.006724081604093613,0.06411734265696324,100.67240816040936,9927.040151447425,119.2981378612403,0
flashbots-c100,806,10000,7.3844447486812665,-7.37508273497221,7.37508273497221,0.009362013709056427,87431.31940329609,1996.182334582429,0.9776782052971418,6277,245,32524.68910889591,-0.007310022975134274,0.1032044070881436,99.26899770248657,10063.180198237324,75.48629317156421,0
flashbots-c100,807,10000,6.647504441550029,-6.64062904922578,6.64062904922578,0.006875392324249496,105356.03906825968,1826.9636610275059,0.9829547258939751,6688,249,36447.39816089356,-0.004488420369293919,0.06958184993060072,99.55115796307061,10056.680827512606,99.07495247045713,0
flashbots-c100,808,10000,11.38778030402979,-11.387403652744126,11.387403652744126,0.00037665128566288786,104405.30980560517,242.89645045231657,0.9976789238999665,4456,305,48204.88041608068,0.0006214723975682546,0.129881991732033,100.06214723975683,9992.669558565645,99.8784555894213,0
flashbots-c100,809,10000,26.81032478842009,-26.811925300629895,26.811925300629895,-0.0016005122098050606,213036.9310024837,1307.0299672756257,0.9939021843145839,7417,612,104832.53206858167,0.006588030161652369,0.15428845671446864,100.65880301616524,9957.375616351159,98.84999152418169,0
flashbots-c100,810,10000,18.095124512134575,-18.09218433947484,18.09218433947484,0.0029401726597342304,179347.3266386873,2250.2148377467342,0.9876087813774795,7445,560,85978.24116279352,-0.004043946398830513,0.08125109701433246,99.59560536011695,10004.037714592581,110.90749740308672,0
flashbots-c100,811,10000,13.641410877660665,-13.653414784926369,13.653414784926369,-0.012003907265704328,248344.9114807257,1844.3529374869152,0.9926281691511594,10224,494,97520.13347096452,-0.003725631229496571,0.06819890778108018,99.62743687705034,9940.266373343704,186.54067034309261,0
flashbots-c100,812,10000,5.379421640399861,-5.378138493022362,5.378138493022362,0.0012831473774985724,76495.95659334597,68.13909490577018,0.9991100385331629,4189,205,29814.077215008227,-0.0033083455013016307,0.0665562919787547,99.66916544986984,10033.45539087138,99.1449253962304,0
flashbots-c100,813,10000,4.125201487290548,-4.130539088033785,4.130539088033785,-0.005337600743237303,62666.80627674253,958.0390981651476,0.9849423744369054,3799,160,23279.11678061225,-0.0003501980913777913,0.08898144930978645,99.96498019086222,10021.810775967886,176.8947872540809,0
flashbots-c100,814,10000,4.038856840898232,-4.029639169876916,4.029639169876916,0.00921767102131632,62893.7261191621,1005.1228901432221,0.9842700939731035,4498,166,23084.80876133463,-0.011644342686067972,0.048007821128446156,98.8355657313932,10079.658531927696,62.71693477351568,0
flashbots-c100,815,10000,8.660460820465836,-8.664521025293439,8.664521025293439,-0.004060204827602831,85587.54217489468,1065.3471492090355,0.9877055784576974,4585,300,37937.8266585056,0.005991690402613301,0.07649452518076601,100.59916904026133,9965.307897044446,77.68030596446827,0
flashbots-c100,816,10000,21.164486499894515,-21.17917167406219,21.17917167406219,-0.01468517416767412,153035.24323205388,1470.212046654302,0.9904844004116086,6434,480,72741.82292607764,-0.011082552078575532,0.15074263736509322,98.89174479214245,10076.141293461367,64.61531201975052,0
flashbots-c100,817,10000,3.7085874067717643,-3.701560229768546,3.701560229768546,0.007027177003218199,94460.6851660347,1569.5586429768978,0.9836555799431427,7166,197,27627.699550548106,0.007638569542569371,0.051284494772211246,100.76385695425694,9904.642725054167,129.80734167473219,0
flashbots-c100,818,10000,8.822285289553458,-8.813197400833445,8.813197400833445,0.009087888720012316,147550.9349383646,1521.982467933072,0.9897903489485961,9688,407,55421.74362673046,0.008753175626381875,0.054868439083408445,100.87531756263819,9910.345703882542,98.4871648904089,0
flashbots-c100,819,10000,19.67021170644606,-19.66719618885898,19.66719618885898,0.0030155175870802964,216386.4642220302,2409.9745416228893,0.9889853118485801,9557,620,92357.08377921069,0.006107681103190572,0.10734612264305142,100.61076811031906,9941.99739540594,78.1946351444569,0
flashbots-c100,820,10000,13.959373679681251,-13.955826938410013,13.955826938410013,0.0035467412712382185,176861.54624001373,1260.8621894583644,0.9929213724394614,9707,476,70763.79000653191,-0.001865604000724801,0.10719952328219336,99.81343959992752,10018.29130300256,100.49189058316097,0
flashbots-c100,821,10000,31.18233060306015,-31.21342069883221,31.21342069883221,-0.03109009577205768,233725.4644205568,2325.6292929939514,0.9901477715845023,8586,759,117141.32814885456,-0.0019021484809097445,0.1849632335123532,99.80978515190903,9981.370194704383,96.39702422755052,0
flashbots-c100,822,10000,7.2094113374829,-7.2055657800056565,7.2055657800056565,0.0038455574772431333,90657.47217988431,1092.5440270206313,0.9880921652966596,6230,235,32528.709745653192,-0.003777644699873548,0.09223509834456067,99.62223553001265,10034.483582113598,84.97408078309397,0
flashbots-c100,823,10000,16.217962734152504,-16.21330169506564,16.21330169506564,0.00466103908686577,203630.25903924325,1627.192656170612,0.9920724307803196,10967,510,77666.27185843444,-0.006363426501208664,0.10712402764199397,99.36365734987913,10084.91989778498,97.60021019536488,0
flashbots-c100,824,10000,5.511400325465112,-5.503944181115841,5.503944181115841,0.007456144349270666,74003.20157298761,1303.4338411727474,0.9826916468382325,4933,200,27603.1344559252,-0.008819719502715912,0.08274813300885939,99.11802804972841,10076.293867229273,86.78164772720766,0
flashbots-c100,825,10000,12.583796887145082,-12.58391063103221,12.58391063103221,-0.00011374388712859229,139590.95590549978,462.5698289522544,0.9966971925445897,6679,380,59823.95883681766,-0.0006331527164918782,0.08910698782012873,99.93668472835081,10006.162649514608,102.54219046099887,0
flashbots-c100,826,10000,19.422518284424363,-19.418922216506047,19.418922216506047,0.003596067918316237,179473.96908341206,2027.4814525005493,0.9888293925667587,7793,520,83320.8723259579,-0.003079856260393399,0.16919276144186327,99.69201437396066,10031.93428540876,85.45788929678895,0
flashbots-c100,827,10000,10.279104718237614,-10.277993085141603,10.277993085141603,0.0011116330960110332,141555.99428381116,1497.3354749392406,0.989533026057734,5404,354,61292.37206066836,-0.0005414449199791704,0.0791141871202197,99.94585550800208,10032.649617679803,160.70313852432446,0
flashbots-c100,828,10000,11.791804508345244,-11.82035936223464,11.82035936223464,-0.02855485388939627,139581.55791468307,2325.8323148927625,0.9836102100734143,8336,361,51484.4060029662,-0.0029214261352130677,0.1445354707742564,99.7078573864787,10027.551749489072,75.19124874910781,0
flashbots-c100,829,10000,8.446617955816743,-8.441971601576412,8.441971601576412,0.0046463542403305524,132918.41666749353,737.8875828552892,0.9944792160235616,7078,311,50074.32625245621,-0.005333096636919663,0.053018701102505617,99.46669033630803,10058.02875408065,122.83687938068753,0
flashbots-c100,830,10000,5.327805742800175,-5.327381642248028,5.327381642248028,0.0004241005521468111,130221.69541427848,3200.665221654997,0.9760110283883482,9273,246,38968.43474728709,-0.0022666748056492736,0.04198420036409985,99.77333251943507,10031.42736795195,112.94110362518128,0
flashbots-c100,831,10000,25.035275892816248,-25.05677934134407,25.05677934134407,-0.021503448527820268,155209.05775009372,1708.572096337389,0.9891116626091695,5497,552,82454.27082457674,0.004396381103991303,0.16118629050879163,100.43963811039913,10006.00410972555,51.688097046321765,0
flashbots-c100,832,10000,26.457884983517996,-26.454401931503128,26.454401931503128,0.0034830520148680932,282631.0273395981,3647.8893944550014,0.9872575688210955,10568,827,132743.0767045254,-0.0009118165535129208,0.07436010004971536,99.90881834464871,10000.917011179048,91.85844630659516,0
flashbots-c100,833,10000,24.439784813441314,-24.419327652391118,24.419327652391118,0.020457161050195793,189602.63447381873,2586.9602222505555,0.9865395406741889,6765,545,91838.03879430715,-0.006293528600910179,0.1458493675418248,99.37064713990898,10032.288479626974,104.45568928617625,0
flashbots-c100,834,10000,25.081699810021043,-25.05790793533214,25.05790793533214,0.023791874688903647,212024.57845480417,1807.621505566395,0.9915465420741058,9980,697,99134.90150659076,-0.02301821942184972,0.10019335239002856,97.69817805781503,10121.56969973772,46.10246177590722,0
flashbots-c100,835,10000,25.707911304944634,-25.71306497439597,25.71306497439597,-0.005153669451335219,139724.37236973186,1490.2040322079536,0.9894472364668193,6009,579,73138.12220418901,-0.004185163294002763,0.2383642139128966,99.58148367059972,10005.897827944693,34.93327604732511,0
flashbots-c100,836,10000,30.16721055776858,-30.163952892792793,30.163952892792793,0.003257664975787833,275548.7470350224,2242.5589619798843,0.9919271808959922,11178,792,128630.59894160669,0.005816724750579994,0.1045170958026432,100.581672475058,9951.603784848796,90.85752508151614,0
flashbots-c100,837,10000,8.71295294392272,-8.708238784853847,8.708238784853847,0.004714159068871737,116622.6275880766,1569.6946604780044,0.9867191486670598,6290,317,46811.676618277364,-0.006950190889647985,0.057150996390221136,99.3049809110352,10076.802774668911,91.23673533614378,0
flashbots-c100,838,10000,4.7894381835525826,-4.793488547378502,4.793488547378502,-0.004050363825919057,66938.52169924323,1372.3788226109295,0.9799098121657484,4869,201,23749.28119056031,-0.0024922123502261685,0.057959088946062,99.75077876497738,9986.532120660875,60.250967028008056,0
flashbots-c100,839,10000,8.790419897554385,-8.78882622609268,8.78882622609268,0.0015936714617037495,82430.1172936141,1464.3933773800288,0.9825448248560281,4148,229,35886.969230494884,0.0030566543824153314,0.11312259047760975,100.30566543824153,9983.413895039088,108.29122919939262,0
flashbots-c100,840,10000,5.274973192070489,-5.277690913556867,5.277690913556867,-0.002717721486377833,84819.36919051602,1263.893925683345,0.9853177739791616,6712,246,29192.24736105082,0.00019331825423307691,0.07631224061987893,100.01933182542331,9960.669954108356,71.96154163648174,0
flashbots-c100,841,10000,12.345055689714064,-12.331925685372084,12.331925685372084,0.013130004341979529,145032.23703541726,2236.0438595075093,0.9848165277280386,5738,432,65516.72418363887,-0.0007586546399110716,0.09158294485470435,99.92413453600889,10019.411060741033,100.83021057413497,0
flashbots-c100,842,10000,37.11918094446877,-37.16158769200901,37.16158769200901,-0.04240674754023388,297238.7020879994,3847.2764805500683,0.9872220005101495,11553,772,138299.2773383408,0.002886964230518174,0.21577588444920606,100.28869642305182,9956.849949580299,104.82636872516866,0
flashbots-c100,843,10000,9.463299305181785,-9.460887648054452,9.460887648054452,0.0024116571273324894,108540.86648025858,2029.6776996661188,0.9816435949129151,5656,281,43467.49369343666,-0.007267338798592391,0.12161392058571409,99.27326612014076,10067.413781345878,90.99599602018608,0
flashbots-c100,844,10000,19.078639499985734,-19.079366398189407,19.079366398189407,-0.0007268982036734428,220616.30731196605,2050.6210532326927,0.9907906348361286,9182,603,95507.4638896275,0.004118257231529441,0.07898321563529763,100.41182572315294,9921.28971160867,130.21283471593298,0
flashbots-c100,845,10000,20.728447520826833,-20.71734594108645,20.71734594108645,0.011101579740383727,226982.11495905792,2377.0200003528207,0.9896362532027623,9597,625,102751.96413236545,0.000303425348774482,0.08461512133798876,100.03034253487745,9995.60305513139,86.84440521727163,0
flashbots-c100,846,10000,43.52840306036159,-43.498444183416254,43.498444183416254,0.0299588769453365,300828.1185019628,2825.429489207948,0.9906952199047249,11520,936,148439.0553973003,-0.0032299710902242394,0.2682565837598942,99.67700289097758,10047.47349745003,86.26568770451667,0
flashbots-c100,847,10000,6.966569908733298,-6.96956502928569,6.96956502928569,-0.0029951205523914837,115879.39683152933,1888.0217185418605,0.9839682168312187,9217,299,38671.876625965946,-0.001401353122401332,0.06300283932385213,99.85986468775987,10029.24548910092,101.68714168473659,0
flashbots-c100,848,10000,19.195597154907336,-19.193114192524106,19.193114192524106,0.0024829623832296477,197136.2498214426,2636.299817776004,0.9868034931599108,9257,585,87415.33328707691,0.000008953485632900993,0.10433647315328784,100.00089534856329,9995.455848114041,86.78353724731187,0
flashbots-c100,849,10000,17.840807060247876,-17.83337945350783,17.83337945350783,0.007427606740044723,135115.5835802917,1939.9831700414977,0.9858452800127743,6520,474,63969.27571747942,0.000980298842120817,0.18861540218848916,100.09802988421208,10008.036206542643,48.957746823523024,0
flashbots-c100,850,10000,3.3432631503187724,-3.3404039813359248,3.3404039813359248,0.0028591689828476596,65076.325851293914,1486.5768335614168,0.9776665864377989,5429,173,21258.397279021945,0.006170877265371502,0.038003049375536474,100.61708772653715,9962.963321334882,67.06723239911757,0
flashbots-c100,851,10000,19.71902606799201,-19.722479954877798,19.722479954877798,-0.003453886885786517,174956.7319223165,1384.576155778728,0.9921483164048803,7979,523,78395.6667566793,0.002447510182399526,0.14831560142553826,100.24475101823995,9978.274670949564,82.33778507966863,0
flashbots-c100,852,10000,15.94548968728262,-15.927518793523433,15.927518793523433,0.01797089375918759,168220.0934004617,1845.6865134608765,0.9891472198910618,6111,403,76037.92391984607,0.0038817843621662008,0.126203741186564,100.38817843621662,9966.598924532314,88.6748237802902,0
flashbots-c100,853,10000,5.010473336618593,-5.0110547134181616,5.0110547134181616,-0.0005813767995688224,103277.34893804554,1951.384451131504,0.9814557831470372,8360,237,32440.847486349685,0.0004776457153846536,0.04846463155871603,100.04776457153847,9996.221094085116,148.30004310935598,0
flashbots-c100,854,10000,13.55347356000145,-13.551518649725637,13.551518649725637,0.001954910275813404,166791.12664682735,1564.830106273298,0.9907052287519107,9687,467,67651.37317695322,-0.004004500744294716,0.08390563583415059,99.59954992557053,10046.357065913793,91.36150052574122,0
flashbots-c100,855,10000,19.01824702792425,-19.015882305619385,19.015882305619385,0.0023647223048648414,270654.63333119795,2376.9759316064133,0.9912941364627181,10520,626,114310.12466357999,-0.0031855513071774055,0.09338064810348627,99.68144486928226,10076.139806921883,198.6265803228232,0
flashbots-c100,856,10000,20.166037680978757,-20.174518930717554,20.174518930717554,-0.008481249738796492,129447.43029696973,1301.6215843641196,0.9900448870134412,4778,485,68973.55864685982,0.0014963701831558751,0.1577613365250714,100.14963701831559,10000.530198196317,67.00186336323387,0
flashbots-c100,857,10000,21.03039517436876,-21.004954875186698,21.004954875186698,0.02544029918206192,118413.51528570459,1218.4103357737533,0.9898153412691119,5339,439,58779.054875639704,0.004752481803497375,0.3398306149852351,100.47524818034974,10038.779353078204,60.32203024469303,0
flashbots-c100,858,10000,10.11037267280637,-10.113585640609884,10.113585640609884,-0.0032129678035133225,123200.62206583306,1909.7009671701408,0.9847358641487451,7842,305,44190.31581783812,0.0003533945877408939,0.13080984529745124,100.03533945877409,9986.105467117273,77.63671165355022,0
flashbots-c100,859,10000,31.68897601735922,-31.67857823525553,31.67857823525553,0.010397782103691355,280040.65415870596,2206.327134172126,0.9921829912083888,10241,814,137821.98576173803,0.011153439576555685,0.09523310952878404,101.11534395765557,9897.64281839694,80.30670692604882,0
flashbots-c100,860,10000,8.243631431574034,-8.242425166559599,8.242425166559599,0.001206265014435104,142533.75473152482,1727.4662689222898,0.9880254287538788,8959,301,46671.042708955014,0.003148863141031484,0.11166021312081952,100.31488631410315,9945.757151827498,197.45107031287412,0
flashbots-c100,861,10000,9.389910044967756,-9.390568076739015,9.390568076739015,-0.0006580317712590045,110909.78322976238,726.7383392924935,0.9934901380921032,5372,320,47378.98000285015,0.0009323317881650439,0.06937893485861026,100.0932331788165,9988.054803217547,101.3932377875106,0
flashbots-c100,862,10000,20.93650819362611,-20.936764665147507,20.936764665147507,-0.0002564715213964064,224232.03309369567,2459.346833463937,0.9891511232837606,9867,614,100030.72465718683,-0.01170216586832069,0.11723931621847981,98.82978341316793,10082.273806432842,57.60465136755883,0
flashbots-c100,863,10000,10.697065148582926,-10.693035279988493,10.693035279988493,0.004029868594432884,140085.33449928113,1658.0401395991414,0.9883025210608726,6896,354,59198.22821964611,0.002436057401521907,0.11406410759777458,100.24360574015219,9962.28169203601,145.07392197208722,0
flashbots-c100,864,10000,6.780181115330044,-6.742749728050711,6.742749728050711,0.03743138727933282,112315.58707845652,1692.270493560073,0.9851565450873322,8819,304,36828.83154997861,-0.026505916378487343,0.06078701271437595,97.34940836215127,10114.314608270675,46.03179362892335,0
flashbots-c100,865,10000,7.025599544515928,-7.020439074857649,7.020439074857649,0.005160469658279432,106993.77478749624,1316.423592092842,0.9878458020409191,5597,258,40768.542766401646,-0.0022176311694147442,0.05330291239637191,99.77823688305853,10045.02717767437,122.21216496178592,0
flashbots-c100,866,10000,3.8579700567075688,-3.855070184838084,3.855070184838084,0.002899871869484816,76176.27961311658,2057.8318887249347,0.9736964880252204,5492,178,25098.511493992482,0.0047737685138044125,0.0460929618346249,100.47737685138044,9946.261126444451,108.47222454667182,0
flashbots-c100,867,10000,18.210772236772172,-18.207666271786508,18.207666271786508,0.0031059649856644,188078.4091042897,1821.6620583212114,0.9904072597384057,7750,549,86041.37882381819,-0.004568144081298016,0.10059637637910711,99.5431855918702,10073.203822073272,94.5777182947253,0
flashbots-c100,868,10000,6.3032200488214,-6.297370185979489,6.297370185979489,0.005849862841911246,91765.06291975347,470.43091503411233,0.9948996758679826,5235,249,36108.01756129254,0.007570014372508212,0.05678183226504501,100.75700143725082,9922.342472055941,99.10295489690044,0
flashbots-c100,869,10000,6.759960530826612,-6.761676076217768,6.761676076217768,-0.0017155453911552598,83243.42496071497,1246.1733714030024,0.9852505705317186,5171,269,35063.05217396171,0.0039592999541345365,0.06327622768806862,100.39592999541345,9964.971260862858,80.18677816515901,0
flashbots-c100,870,10000,5.864899008776648,-5.855521919936891,5.855521919936891,0.00937708883975752,76790.99246187315,982.6618826357986,0.987365105948565,4056,207,32220.9655300258,0.009091899970449617,0.055634465409957985,100.90918999704496,9900.717617100438,105.06790297340291,0
flashbots-c100,871,10000,5.43661034074861,-5.433728248779104,5.433728248779104,0.002882091969505396,79814.62886152364,1160.2436436837033,0.9856715594876783,4398,185,31069.630566341828,0.000016675909455727834,0.06288782985942135,100.00166759094557,10020.721343615101,162.52717894192187,0
flashbots-c100,872,10000,22.096199793380162,-22.062200627283175,22.062200627283175,0.0339991660969865,161277.449892141,1382.922849369147,0.9914980961492889,7419,561,74837.15137238975,0.016877562745151523,0.20480103306813874,101.68775627451515,9921.146949657006,46.93697407140254,0
flashbots-c100,873,10000,21.07732479535396,-21.075029566989258,21.075029566989258,0.0022952283647015292,202846.38837743108,90.27280068478444,0.9995551676066773,8091,577,94136.16541259187,0.004387168094016687,0.09905139372644939,100.43871680940167,9958.25096107347,98.61261982968234,0
flashbots-c100,874,10000,10.258533857898112,-10.264083152208343,10.264083152208343,-0.005549294310231545,110537.01736338418,1298.4627726185731,0.9883895274465714,5283,306,47960.327958161295,0.0020882044572095994,0.10053065098695725,100.20882044572096,9989.512432659749,103.32487417824419,0
flashbots-c100,875,10000,26.521169644120835,-26.514535041729232,26.514535041729232,0.006634602391603295,207799.6929806542,1933.0862473849904,0.9907830990725432,8321,683,100395.13577730073,-0.0015674456103070612,0.14830654599229973,99.8432554389693,9991.897609862443,86.56645037972162,0
flashbots-c100,876,10000,22.648685522688385,-22.64279514950026,22.64279514950026,0.005890373188126574,239154.1437352596,2548.262556129885,0.9894570244656241,10792,714,107711.51644520638,-0.007029758997778118,0.0888231255454714,99.29702410022219,10055.177420850636,85.52460096449374,0
flashbots-c100,877,10000,18.924215380910216,-18.921930076592986,18.921930076592986,0.0022853043172297305,143999.2882622518,1292.9315535008518,0.9911011645693043,5639,455,69390.87009792482,-0.005807175965592961,0.1257407261661538,99.4192824034407,10060.204851192413,70.11026216843064,0
flashbots-c100,878,10000,14.204636561992166,-14.193950617397846,14.193950617397846,0.010685944594319707,143541.0224043311,1574.0218000251534,0.989153283116473,5787,439,67351.42046714152,-0.007466417782031698,0.09443026297368405,99.25335822179683,10075.664445133956,99.63650055586174,0
flashbots-c100,879,10000,27.415031021437876,-27.428950426206683,27.428950426206683,-0.013919404768806487,292547.0972024798,2091.142076805204,0.99290267929268,10770,812,137576.02963507327,-0.0030501514183362134,0.08169099858117264,99.69498485816638,10010.940609339832,106.96298308753185,0
flashbots-c100,880,10000,8.402105726969268,-8.402988223076406,8.402988223076406,-0.0008824961071383086,130476.63920498006,1674.0748308761008,0.9873320788079747,7356,335,48234.7344825873,0.000012804632250293935,0.06849095659859784,100.00128046322503,9995.063998721815,105.03268926818903,0
flashbots-c100,881,10000,30.422488637693938,-30.418451684464955,30.418451684464955,0.004036953228983009,229735.25652007258,1529.9059647915897,0.9933846241761911,8510,779,115193.6844889033,-0.0012272531869797377,0.17493919951802567,99.87727468130203,10015.484446128632,79.91864952698177,0
flashbots-c100,882,10000,7.19099205937347,-7.185071985982631,7.185071985982631,0.005920073390838887,120807.96918661287,2956.5332312924766,0.9761116218824248,7846,307,41288.89957376993,-0.0075364813906575985,0.0609591048102439,99.24635186093424,10078.477176162118,92.96718688283305,0
flashbots-c100,883,10000,8.449418140582871,-8.446921771193601,8.446921771193601,0.0024963693892701144,112351.34566960763,1987.025650979638,0.982621532666332,8513,332,41861.536300058884,-0.001424298533106736,0.10229594321260677,99.85757014668933,10031.826832085033,57.866316955603345,0
flashbots-c100,884,10000,8.896919905984312,-8.896460926997705,8.896460926997705,0.00045897898660740566,127537.24902696366,1435.57042068318,0.9888692018455414,6535,342,52138.162560139375,0.003774123586396456,0.06307303703928213,100.37741235863965,9938.845489601023,171.72152903121366,0
flashbots-c100,885,10000,8.608692783623626,-8.607619830997379,8.607619830997379,0.001072952626246959,106910.17885190548,1055.7921107087775,0.9902210659405419,5691,288,43135.85073437979,-0.0016238785949695966,0.06502595325142976,99.83761214050304,10013.969747333213,95.93368572207761,0
flashbots-c100,886,10000,27.75908981788777,-27.74443305588035,27.74443305588035,0.014656762007419388,266645.30543290306,2459.8675722451,0.9908590847779875,10856,779,123000.43852196971,-0.008085338288469614,0.13779675630872817,99.19146617115304,10089.76601773634,98.39244390078188,0
flashbots-c100,887,10000,4.03072726933061,-4.029636370068914,4.029636370068914,0.0010908992616958102,76174.38581129324,1585.4949021316077,0.9796103737867761,5383,179,25393.354400225697,-0.0028155727153220764,0.061367436333467536,99.71844272846779,10051.938559570557,150.83631635609953,0
flashbots-c100,888,10000,8.102146079801205,-8.100673825453342,8.100673825453342,0.0014722543478633554,152144.06667613104,1157.719786902229,0.9924480998322783,10993,355,49302.623231313715,-0.0024607977416034998,0.057370113227172365,99.75392022583965,10024.739753489446,101.32791616145774,0
flashbots-c100,889,10000,14.908293208612104,-14.908185738091007,14.908185738091007,0.00010747052109749688,169357.17035516,2121.7598236961485,0.9876267024672764,7700,485,75731.27276415908,0.0026712214022749947,0.07092493398636052,100.2671221402275,9972.696383943854,96.7181977662013,0
flashbots-c100,890,10000,9.727965283257625,-9.728459326377845,9.728459326377845,-0.0004940431202200557,97266.09260331023,794.4977851167121,0.9918978890299393,4466,291,45595.33234027091,0.001241752297602261,0.10392191890722813,100.12417522976023,9985.237775235644,101.83985582112363,0
flashbots-c100,891,10000,5.592461493803567,-5.5896984240177545,5.5896984240177545,0.002763069785812533,108766.4065763286,1929.2115925140645,0.9825719244860129,8243,256,36799.40088473159,-0.0027430772377962853,0.052173220056092616,99.72569227622037,10038.402900550502,97.39477003811395,0
flashbots-c100,892,10000,5.579393568409325,-5.56369715513766,5.56369715513766,0.015696413271665044,89971.72369249773,1159.7094957033944,0.9872743195719482,4891,230,34993.61210390555,-0.015008320034630316,0.05037925961806536,98.49916799653697,10152.533443817178,87.98773448184434,0
flashbots-c100,893,10000,25.596831092320976,-25.595191288703234,25.595191288703234,0.001639803617742075,280280.2871837424,2141.453171062523,0.9924175342579072,10666,687,123666.30267706822,-0.0011233830942275348,0.18469013711439175,99.88766169057725,10029.09267296578,162.11446641430615,0
flashbots-c100,894,10000,29.941961289054284,-29.949756419147747,29.949756419147747,-0.0077951300934628875,234747.3334530649,2170.0635204739942,0.990840421394988,8957,648,107035.91195461973,0.004314167548481152,0.29285114503676196,100.43141675484812,9953.129291556636,103.80107120402114,0
flashbots-c100,895,10000,14.580853819379845,-14.577469023427327,14.577469023427327,0.0033847959525186155,223352.26680511606,2360.8850257359863,0.9895403302528636,10953,502,87498.59648119123,-0.0012243162945577524,0.10432331113099223,99.87756837054422,10016.14308018208,152.32987369519603,0
flashbots-c100,896,10000,6.805848881167094,-6.810125636346626,6.810125636346626,-0.004276755179532188,105652.7361307054,2014.1512643746253,0.9812927510666881,7340,279,36895.27649241239,0.00003075456671098209,0.07294713229244934,100.0030754566711,9992.86971342094,74.75278526739645,0
flashbots-c100,897,10000,13.553430648812535,-13.56270412238976,13.56270412238976,-0.009273473577225744,134016.3319220905,1940.5973720557497,0.9857263812728719,8014,433,55108.06646083726,0.0022674336040813614,0.16503467189873264,100.22674336040814,9970.112874284021,61.66054881566218,0
flashbots-c100,898,10000,11.210466477871421,-11.203083888400073,11.203083888400073,0.007382589471347956,147054.66077295624,2194.5199796782217,0.9852962678346932,10078,409,53109.93461607017,0.0073444196627865214,0.10097595592069411,100.73444196627865,9922.438065076902,61.72752126679433,0
flashbots-c100,899,10000,36.30452318097056,-36.28144863365161,36.28144863365161,0.02307454731895575,194910.34585898774,2820.3804185719964,0.9857362562123352,8543,890,103889.83574407434,-0.015438697000100633,0.17416790842851299,98.45613029998994,10050.474808072227,48.27563102318908,0
flashbots-c100,900,10000,11.855485636226796,-11.850494067508578,11.850494067508578,0.00499156871821782,173402.07282913703,2081.7438571948387,0.988137117732538,11489,465,66562.02530008655,-0.005876238722182876,0.11254508341277543,99.41237612778171,10050.349921517554,95.15456377734994,0
flashbots-c100,901,10000,20.732756142631256,-20.72961976134978,20.72961976134978,0.003136381281475309,190872.69475139977,2507.9438008474085,0.9870310501629158,10033,668,82394.67544164656,0.007825138944248949,0.11961866782344799,100.7825138944249,9932.277709754826,51.95977984924389,0
flashbots-c100,902,10000,35.69713579513008,-35.72728904347092,35.72728904347092,-0.03015324834083799,225950.73777311557,2572.328277121814,0.9887436821079745,9717,775,110444.3282122552,0.0006441672746586846,0.44269270209593226,100.06441672746587,10004.37633700183,42.07959173122799,0
flashbots-c100,903,10000,15.155772293036215,-15.144437358974713,15.144437358974713,0.011334934061501656,250876.42045137534,2299.2185579714164,0.9909184842310735,11872,559,96120.47060111845,-0.0034405085140271296,0.0731923266903624,99.65594914859729,10021.480084291103,79.3553036882172,0
flashbots-c100,904,10000,16.718336365375208,-16.71147720836197,16.71147720836197,0.0068591570132383595,214226.2486830134,449.6986236873704,0.9979052211981396,10051,581,90639.16944972734,0.008208846451504428,0.07001406159678737,100.82088464515044,9909.467145633607,103.56459739764196,0
flashbots-c100,905,10000,18.965287664133886,-18.963942302821053,18.963942302821053,0.0013453613128326936,202576.41308546637,1013.9921575220187,0.9950194501734412,8505,532,86884.68071101369,0.0024760619358320923,0.08387102503938607,100.24760619358321,9975.26348077011,95.28967750177506,0
flashbots-c100,906,10000,3.5224478129416994,-3.5217677099984286,3.5217677099984286,0.0006801029432708106,100397.18329298512,1876.3859227242342,0.9816532664586421,7426,179,27961.16798499732,0.0007822571588819472,0.05010009677885648,100.0782257158882,9963.271142569423,176.99047483532598,0
flashbots-c100,907,10000,6.811471180226632,-6.8114088463148335,6.8114088463148335,0.00006233391179844006,100279.23458973675,1644.5264367992813,0.9838651319355148,5440,278,37821.34202611276,0.00003960143693788609,0.05857631328393922,100.00396014369379,9956.009653807363,116.46277568617353,0
flashbots-c100,908,10000,12.8123152633514,-12.816779908011299,12.816779908011299,-0.004464644659899264,159843.1038295625,2580.7219769216367,0.9841111858798575,8479,439,67305.58432281867,0.007849709466884179,0.09215233847207543,100.78497094668842,9926.70400817708,80.53688170807973,0
flashbots-c100,909,10000,16.80338817426923,-16.60075366599844,16.60075366599844,0.20263450827079055,158236.8280948307,1385.6890940770106,0.9913189622712372,6823,508,74884.42324210833,0.05678015778108701,0.1043656350103167,105.6780157781087,9652.329130029217,63.95569969304597,0
flashbots-c100,910,10000,18.04632527342391,-18.04428695613707,18.04428695613707,0.0020383172868392307,250262.6285928486,2933.7740327324786,0.9884130500974343,10703,557,103831.38582633814,0.0033190215995165316,0.11950491348302705,100.33190215995165,9906.85544196051,185.42967231080868,0
flashbots-c100,911,10000,11.797978728398908,-11.79372048756477,11.79372048756477,0.004258240834138505,180868.32785815402,2290.620755663937,0.9874938092132556,11909,478,64742.51004902238,0.005486675167585986,0.06595694687308906,100.5486675167586,9967.433695298461,52.93232788898077,0
flashbots-c100,912,10000,15.008572347330293,-15.006342064058828,15.006342064058828,0.002230283271465794,212178.22402409604,1476.412608506886,0.9930897235286978,9104,538,88933.15579694397,0.0014725569001721795,0.06766958318931274,100.14725569001722,9987.821490429635,134.0828478532055,0
flashbots-c100,913,10000,11.522747920666701,-11.524105248780728,11.524105248780728,-0.001357328114027112,171196.26095596017,2890.3703257073716,0.9833969426346655,9645,434,64677.221864060404,-0.003183096575100137,0.06780181904608767,99.68169034248999,10049.21328084679,74.17759602197118,0
flashbots-c100,914,10000,8.784934326302391,-8.782532746589055,8.782532746589055,0.0024015797133358774,120024.71419651549,1900.905167517147,0.9844093048086832,7171,340,46110.19762493269,-0.0000017232212657347645,0.0641691986649839,99.99982767787343,9998.22838915447,80.71806694001118,0
flashbots-c100,915,10000,18.414776066786004,-18.40594260516248,18.40594260516248,0.008833461623524386,181656.80761702938,2193.5684116012594,0.9880687303502731,8782,553,82097.25411768026,0.007247059818254655,0.1031757640343136,100.72470598182547,9926.891706116,91.80961420802007,0
flashbots-c100,916,10000,11.709465759561635,-11.697235314590763,11.697235314590763,0.012230444970871446,98136.98409653915,1677.0299301779185,0.9831984521759737,7373,354,36803.428245201256,-0.006367173363723992,0.20296677448797637,99.3632826636276,10076.665136987674,31.36505247600264,0
flashbots-c100,917,10000,19.972833787530696,-19.97816878013319,19.97816878013319,-0.00533499260249215,266987.8182346084,3146.0042337953832,0.9883539047237843,11559,638,106826.47208786906,-0.002321767705742417,0.07402863927997458,99.76782322942576,10066.946074727877,177.4678224861306,0
flashbots-c100,918,10000,14.53774204340442,-14.552397856137148,14.552397856137148,-0.014655812732728535,104583.87038512075,1519.7147825901814,0.9856770647270018,5324,363,48376.03030659016,-0.0021107493513284224,0.19948259382545502,99.78892506486716,10000.432439163433,114.53240818853689,0
flashbots-c100,919,10000,10.901542369491565,-10.905357408536958,10.905357408536958,-0.0038150390453921545,183846.160487621,1679.3996134736815,0.9909478801058001,8916,352,67793.45336802804,-0.002476958052679663,0.07371904060248284,99.75230419473203,10057.624812759865,224.58719251823345,0
flashbots-c100,920,10000,7.2499763311828564,-7.246169845048044,7.246169845048044,0.0038064861348123813,94987.29862904601,1256.3937844713937,0.9869457025913634,5987,254,36930.00846999324,0.003582020585968451,0.08655198704460418,100.35820205859685,9938.908908996518,76.11630482573209,0
flashbots-c100,921,10000,2.672367226777755,-2.6675264183736545,2.6675264183736545,0.004840808404100727,95107.4549188384,1615.5417338703587,0.9832972324082236,7763,156,25836.794376599733,0.005186203152775022,0.02480553964416856,100.5186203152775,9889.293532316386,157.45369450939688,0
flashbots-c100,922,10000,13.426152928625154,-13.423336849504935,13.423336849504935,0.0028160791202189728,138960.7535635911,1420.3944076179514,0.9898818721164094,5401,400,63726.89776387071,0.0003799024204873547,0.07743019209714902,100.03799024204874,10002.551844535736,94.81008829113199,0
flashbots-c100,923,10000,13.46524125257972,-13.464372346001056,13.464372346001056,0.0008689065786633421,176382.9484290522,1621.1936458991709,0.9908923824636814,8538,470,72483.90941469466,-0.00006525522681016582,0.11020992276093637,99.99347447731898,9995.396540454745,110.38617493415198,0
flashbots-c100,924,10000,6.750411051116967,-6.752614608042151,6.752614608042151,-0.002203556925183925,76944.1635077686,1986.3539779508803,0.9748341447487625,4409,202,30765.35224912947,-0.000003441679961895261,0.12445559870947108,99.99965583200381,10003.23138580346,116.5546764444914,0
flashbots-c100,925,10000,11.032438255903731,-11.040625601746399,11.040625601746399,-0.008187345842667781,119889.29273002544,1100.5651716172208,0.9909036576230058,4949,274,51861.10551741794,-0.007727212521918716,0.10203745999371946,99.22727874780813,10064.08701003587,91.18801028239726,0
flashbots-c100,926,10000,7.381627167782264,-7.375104418053255,7.375104418053255,0.006522749729009014,107844.53624434774,1773.746949332784,0.9838188767634792,5878,299,43053.69224175123,0.003914534906365503,0.08419436528065177,100.39145349063655,9939.22058984779,103.07168258716703,0
flashbots-c100,927,10000,13.774621887029092,-13.780025688750513,13.780025688750513,-0.005403801721421075,145162.93604989856,1665.2940534535771,0.9886582161190571,5625,432,69567.70749208267,-0.0067677852373539335,0.08179604115146731,99.3232214762646,10079.473703961485,104.82748780615688,0
flashbots-c100,928,10000,11.166098215440766,-11.165204315527248,11.165204315527248,0.0008938999135175152,105782.04219761245,854.9361391760835,0.9919827422671714,4509,308,46486.8810743642,-0.0021923911288976683,0.18712924812070042,99.78076088711023,10018.96995109594,83.2080907777807,0
flashbots-c100,929,10000,8.298539779010163,-8.301937832645748,8.301937832645748,-0.0033980536355855406,117245.28475281483,1328.1751041098694,0.9887987151111851,5204,305,51755.2139826654,0.0001430282632340152,0.061089454372492184,100.0143028263234,9997.82792015265,127.89647149898721,0
flashbots-c100,930,10000,8.541872454506809,-8.541187083306738,8.541187083306738,0.0006853712000705059,151210.32505872624,2297.9013031568957,0.9850307611675496,9815,370,54856.835201549075,0.000535904156677276,0.04548641293338562,100.05359041566773,9970.187649117535,110.88951471751186,0
flashbots-c100,931,10000,11.620227828620871,-11.61434764826248,11.61434764826248,0.005880180358390774,96641.6628857671,896.8911814583478,0.9908047521307299,4077,285,46302.71408296246,-0.0010681701690901946,0.11987321831399811,99.89318298309098,10022.937549987108,107.36776649630849,0
flashbots-c100,932,10000,11.279487164910746,-11.277821259077015,11.277821259077015,0.0016659058337307187,181936.05997979682,184.91861431567267,0.9989846385861576,11023,473,66886.21464009811,0.003840966058221937,0.09744203942510155,100.3840966058222,9960.442517733776,101.02862854195298,0
flashbots-c100,933,10000,16.404692501060595,-16.399971128828554,16.399971128828554,0.004721372232040721,240721.35940311747,2058.229145829861,0.9915222315099406,10131,546,99322.12219178602,0.0032200047880435534,0.08552588989322076,100.32200047880436,9959.881957927208,118.56551349852177,0
flashbots-c100,934,10000,17.6342133833805,-17.558135632662925,17.558135632662925,0.07607775071757672,154844.62704245994,1682.4336798100521,0.9892514835962118,8090,475,64710.227589481605,0.0011663708229018256,0.2869512710351876,100.11663708229018,9962.836476444001,73.91346420600289,0
flashbots-c100,935,10000,17.323255428266897,-17.314971541152303,17.314971541152303,0.008283887114593824,129269.83053989355,1254.1531666417131,0.9903913968067241,6432,465,61326.596557837955,-0.000015101356550388801,0.14658214308809947,99.99848986434496,10021.217424590064,60.009998089698215,0
flashbots-c100,936,10000,2.917721947157084,-2.907458421271599,2.907458421271599,0.01026352588548507,56510.24600464679,1878.7478387267684,0.9678235962796954,4167,130,17635.038496135287,-0.010226551254470593,0.05714547739418961,98.97734487455294,10122.34435201686,105.05855312620623,0
flashbots-c100,937,10000,22.328827328550084,-22.37582989773209,22.37582989773209,-0.047002569182005516,220979.72243662277,2459.750305998581,0.9889914244971749,8262,582,103084.8294692421,-0.0003233293852548513,0.1514044837667427,99.96766706147451,9967.03801901627,150.2718954070977,0
flashbots-c100,938,10000,8.143761113603915,-8.141949466431726,8.141949466431726,0.0018116471721896232,153333.73782550445,2108.6067938950464,0.9864347980657525,9639,356,52666.49830959253,-0.006265650326094061,0.054378866827903355,99.3734349673906,10077.636868159512,126.17586885449033,0
flashbots-c100,939,10000,10.985728462543575,-10.983906468092485,10.983906468092485,0.0018219944510899921,157823.039833033,1070.423493505137,0.9932632628737827,9533,399,58826.35867073087,0.00446968078990082,0.07509042802624194,100.44696807899008,9954.033324162448,101.06099073645629,0
flashbots-c100,940,10000,10.926368818420968,-10.92795734402516,10.92795734402516,-0.0015885256041912044,119117.45858873174,1344.699142292388,0.9888371654001507,5851,339,52679.75369970075,0.008307104616991978,0.06503772989704189,100.8307104616992,9919.595159193781,120.78313631376483,0
flashbots-c100,941,10000,16.61465552691165,-16.60634608524147,16.60634608524147,0.008309441670181883,226470.77479179995,1916.1042664248666,0.9916102699317662,8536,568,100829.67151130716,0.007474848034962065,0.06132776273438438,100.7474848034962,9907.131153828504,169.26597924815883,0
flashbots-c100,942,10000,29.282908028720446,-29.270812440676657,29.270812440676657,0.012095588043788297,174718.4003003454,1655.3980552146847,0.9906142631691953,9502,727,82845.5625861927,-0.006299546663051814,0.18476807073193882,99.37004533369482,10047.485238616813,25.402786763145137,0
flashbots-c100,943,10000,22.822423909211807,-22.818513921068245,22.818513921068245,0.0039099881435618045,224677.70971429837,2830.9422425116827,0.9875567710583195,11515,658,92352.66807535847,0.003135158974139074,0.22695161588967253,100.31351589741391,9975.009977619651,78.19488420272818,0
flashbots-c100,944,10000,8.952144568622034,-8.946637244213477,8.946637244213477,0.005507324408556613,125430.55004646609,1692.1492673183113,0.986688850406319,6240,354,50391.49800664654,-0.0045232636495757105,0.06749755806412111,99.54767363504243,10054.480963760323,79.20098667178127,0
flashbots-c100,945,10000,2.6418369731233717,-2.6409408831735846,2.6409408831735846,0.0008960899497871821,67311.04307492537,1104.722505422203,0.9838528079595219,4247,133,21485.53951257978,0.0011262966267263153,0.03907688412379415,100.11262966267263,9930.114513689668,173.7740876760304,0
flashbots-c100,946,10000,9.203101158829638,-9.198679118725025,9.198679118725025,0.00442204010461289,83351.62212440044,830.4835986667438,0.9901346777734596,4214,293,39005.31996242145,0.005332851102708957,0.08175623124490898,100.5332851102709,10009.010069471746,52.164583536131765,0
flashbots-c100,947,10000,10.797063683072178,-10.799699757572895,10.799699757572895,-0.0026360745007174557,119403.9073671222,1122.6841077365852,0.9906851749974962,5671,354,51136.959419947954,-0.004378342232128034,0.06584242647615128,99.5621657767872,10061.112458770853,128.16906905538224,0
flashbots-c100,948,10000,8.409469451162284,-8.40620767494336,8.40620767494336,0.003261776218923984,87245.08355259181,1137.0268289051037,0.9871351020698964,3994,282,38913.955836259636,0.0018633559149148482,0.13017479839165347,100.18633559149148,9985.716817656621,83.92570193792658,0
flashbots-c100,949,10000,45.68758113424266,-45.72885947689976,45.72885947689976,-0.04127834265709396,251823.89401661258,1810.1062364316504,0.9928633139302074,9217,889,131506.14408517693,0.0013117781984236388,0.1844925952424549,100.13117781984236,9980.800295505114,70.36953262042883,0
flashbots-c100,950,10000,4.020832845964525,-4.01526106240766,4.01526106240766,0.005571783556864496,73601.9573390297,123.26668050246694,0.9983280256907757,5934,150,21182.21598467421,-0.007343950139764246,0.0791666446376253,99.26560498602358,10072.302994193591,98.44005129273961,0
flashbots-c100,951,10000,10.301736097222804,-10.291525481492798,10.291525481492798,0.010210615730006367,150143.58032566644,1757.8603990117158,0.9884276252376181,8656,365,56456.14760012887,0.002615332943146598,0.11256148203615296,100.26153329431466,9919.084969805974,148.9629282748829,0
flashbots-c100,952,10000,13.002250515844505,-13.001826060392204,13.001826060392204,0.0004244554523005206,189843.24144582465,299.35990019522086,0.9984256032152918,11820,467,68494.2268917934,0.0012538196530259428,0.0957253535550494,100.1253819653026,9985.149862715545,98.64640832164508,0
flashbots-c100,953,10000,9.232613232350573,-9.228030108616792,9.228030108616792,0.004583123733780781,156261.9962148109,3146.071543599014,0.980264038151651,10541,383,53568.60634751966,0.00565860785403828,0.0786994997357985,100.56586078540383,9954.852517154322,119.56303624451994,0
flashbots-c100,954,10000,9.237240301824803,-9.228860927410864,9.228860927410864,0.008379374413939544,124360.62226801249,2444.0103052864806,0.9807261749378617,8360,361,46159.060879263016,-0.008114076967247,0.061234559527127745,99.1885923032753,10080.772005173374,73.36659174298256,0
flashbots-c100,955,10000,16.244213648385703,-16.238231864200714,16.238231864200714,0.005981784184989181,162113.05835505552,2422.1472969999422,0.9852788508854325,9079,556,69989.69047538334,0.01112889416092372,0.0906555770248069,101.11288941609237,9918.639096620156,44.53245722914996,0
flashbots-c100,956,10000,35.123795231718766,-35.12061210583258,35.12061210583258,0.0031831258861885203,314573.2875667199,2468.4105616751785,0.9922142400313679,11860,856,151676.28064013537,0.006647075378934346,0.17609809510427282,100.66470753789343,9918.94267938625,107.41825791751016,0
flashbots-c100,957,10000,18.263713385449783,-18.258428286592974,18.258428286592974,0.005285098856809611,186421.27205911526,3123.6782404466135,0.9835201189189695,11170,537,74610.57570976719,-0.0010911593904953066,0.19741369075547383,99.89088406095047,10027.209357696684,79.42004567793134,0
flashbots-c100,958,10000,14.10837255445429,-14.110797600965114,14.110797600965114,-0.0024250465108242025,144320.96635249702,1933.0679974300135,0.9867828056434672,6470,425,65919.7026881027,0.001248287586475243,0.136300410454471,100.12482875864752,9982.523165888633,103.19117791931505,0
flashbots-c100,959,10000,13.267617480426377,-13.263392703117901,13.263392703117901,0.004224777308476035,167464.3026625162,2305.421035048652,0.9864203051943725,10417,474,66005.41766388177,-0.010490945868488524,0.062083829454955296,98.95090541315115,10053.170631265924,63.97954373227681,0
flashbots-c100,960,10000,13.268771983841724,-13.2608777770713,13.2608777770713,0.007894206770423295,184471.65887970442,2402.197093526196,0.9871453549186125,10038,498,74078.00126484911,-0.010400490017512993,0.0676910453863944,98.9599509982487,10061.379424493502,80.69917607259077,0
flashbots-c100,961,10000,2.4730805207766178,-2.4702272959904974,2.4702272959904974,0.0028532247861203786,63735.439369816726,1301.112710527772,0.979994131470555,5212,145,19401.80689692816,0.006153849296866412,0.03240937164644734,100.61538492968664,9967.755037386401,108.08405333850828,0
flashbots-c100,962,10000,9.815894425079993,-9.803450139398251,9.803450139398251,0.012444285681741718,160506.73958485227,1197.9641366175927,0.9925916555978419,10192,396,58019.44598152852,0.010513310874429749,0.0818719599784633,101.05133108744297,9876.748123798907,113.53587072471963,0
flashbots-c100,963,10000,17.259138511780915,-17.25795813264925,17.25795813264925,0.0011803791316644663,181933.65375694158,3071.3377874332946,0.9833986220490888,10315,560,74485.05160090596,0.001225051497455496,0.09919358047425476,100.12250514974555,9996.4444167434,87.66726353746705,0
flashbots-c100,964,10000,11.085476845815405,-11.087399520219293,11.087399520219293,-0.0019226744038878252,158606.67634765484,2090.0916968683673,0.986993567311265,9750,464,63482.39294268142,-0.002050952349576818,0.09200827624119469,99.79490476504232,10042.256557909057,61.096299341296785,0
flashbots-c100,965,10000,7.938419152334706,-7.931828122111469,7.931828122111469,0.006591030223237482,142861.72476810787,26.838847171081795,0.9998121693822654,9125,352,48847.868183803206,-0.007886075056938467,0.05162461548296008,99.21139249430615,10078.791030900764,100.07319535446113,0
flashbots-c100,966,10000,15.470956176104925,-15.46199615635416,15.46199615635416,0.008960019750764658,189806.09104988532,1081.5466430758058,0.9943341189814741,9136,533,80833.62887632813,-0.0084106894719109,0.0802814283291167,99.15893105280891,10094.498118563857,103.84998603647017,0
flashbots-c100,967,10000,20.171277294716283,-20.1823536248761,20.1823536248761,-0.011076330159816905,154008.01408397156,1404.683849505715,0.9909615889294519,5720,514,78297.63572951581,-0.0016504427370618658,0.14246809352086318,99.83495572629381,10005.61842759153,83.88825720589213,0
flashbots-c100,968,10000,27.54172399984912,-27.547815235836524,27.547815235836524,-0.006091235987405241,237400.21544754467,3111.5294149666597,0.9870628795415152,8831,729,114658.6212657356,-0.0011506838172680035,0.15298430283619538,99.8849316182732,9990.480447808563,92.76347330671241,0
flashbots-c100,969,10000,23.704501956237863,-23.69901279396052,23.69901279396052,0.00548916227734253,180078.15032200256,2251.3612897440416,0.9876522386867459,8342,674,85207.47825322427,0.000663931388274932,0.19711682839369757,100.0663931388275,10030.119973400304,62.133199381701424,0
flashbots-c100,970,10000,11.72115639761723,-11.712877605000344,11.712877605000344,0.008278792616886577,195774.95776285452,2023.6567672388376,0.9897691054507819,7595,455,83770.3751681811,0.005853979822678781,0.055827834391429576,100.58539798226788,9900.042502678221,181.17236352138633,0
flashbots-c100,971,10000,17.53148682466196,-17.525195858871413,17.525195858871413,0.006290965790547887,182460.41608009534,1574.4329648945943,0.9914449194102922,7784,506,81393.0877941284,0.008297767378325034,0.11625549857557729,100.8297767378325,9901.91839173181,108.39538477256826,0
flashbots-c100,972,10000,6.018953333982282,-6.018672172756851,6.018672172756851,0.00028116122543053734,84256.33757350869,1337.8520751052142,0.9843698260291097,4462,208,31189.704608830234,-0.004287951158796374,0.08096271131795774,99.57120488412036,10045.68560233624,110.90080125537601,0
flashbots-c100,973,10000,17.579747895593837,-17.578601780531244,17.578601780531244,0.0011461150625926564,230634.25156455958,2893.941895032226,0.9876077408377976,11702,613,93149.26647504015,-0.0000910007761795839,0.08795037247428482,99.99089992238204,10011.044972692252,153.51238374577542,0
flashbots-c100,974,10000,5.424455876917864,-5.42585257631508,5.42585257631508,-0.0013966993972163166,101037.88052430644,1908.9231405530008,0.9814571888334926,6684,220,33713.22037731576,0.0023502035337116924,0.05147359354991792,100.23502035337117,9954.888918244522,117.57216251344016,0
flashbots-c100,975,10000,14.831112492744268,-14.83776933403901,14.83776933403901,-0.0066568412947418665,117901.98903185641,1194.643302738258,0.9899691260842541,4469,405,60895.63321942502,0.000019749659745826875,0.083746369218361,100.00197496597458,9958.811836447223,64.16033880879931,0
flashbots-c100,976,10000,6.809190723380437,-6.80887435788361,6.80887435788361,0.00031636549682723114,106984.3909169071,217.81718283150664,0.9979681651461054,6374,279,40378.85575359868,0.0014771676485038653,0.0556601926348462,100.14771676485039,9983.399697082503,102.75298993868925,0
flashbots-c100,977,10000,11.81446904509992,-11.811025810123695,11.811025810123695,0.0034432349762241188,137453.02832193143,1719.43241146641,0.9876453114186132,6943,374,57061.852645022234,0.005239515839347319,0.13763334718221232,100.52395158393473,9925.859185836263,91.86459830000013,0
flashbots-c100,978,10000,13.29102677495871,-13.281625967948287,13.281625967948287,0.00940080701042234,113230.68688336003,2568.9788350179588,0.9778153173493122,9070,453,43743.08111437519,-0.013159148927510671,0.22468541841389267,98.68408510724893,10036.423456805309,23.8162423587413,0
flashbots-c100,979,10000,16.678103555340268,-16.686118353720218,16.686118353720218,-0.008014798379949895,189834.13361518987,1919.8111495847243,0.9899881530367485,8905,536,83167.81948109824,0.000053881794596151167,0.08694484642958798,100.00538817945962,9992.553629082462,126.11982565019574,0
flashbots-c100,980,10000,8.567259025669873,-8.562915957120467,8.562915957120467,0.004343068549406581,126225.22254686925,2369.4492129962937,0.9815742815734937,9587,265,40027.42814730751,-0.00888731693968964,0.1369606749227735,99.11126830603104,10088.85313328425,113.32141015727349,0
flashbots-c100,981,10000,13.663557832281484,-13.660825164670953,13.660825164670953,0.0027326676105303704,179650.92891621316,2200.2091395996754,0.9879010427808025,8677,489,73837.94515082677,-0.00450242466483374,0.09270470286253171,99.54975753351663,10038.830796124605,133.91110719652707,0
flashbots-c100,982,10000,13.776359999465651,-13.77688390063932,13.77688390063932,-0.0005239011736684063,197278.46152473512,2245.9478475159003,0.9887434933170224,10113,465,76054.71520912241,0.000010281330442296622,0.10840781806227383,100.00102813304423,9975.248772158666,137.53453606259666,0
flashbots-c100,983,10000,23.19215211948089,-23.141492181037194,23.141492181037194,0.05065993844369743,200140.0484679098,1965.3703480667407,0.9902755187882604,8152,639,95390.7565409778,0.025426496909948214,0.16327940636979718,102.54264969099482,9789.414110991933,82.94149992009324,0
flashbots-c100,984,10000,19.72735789262617,-19.73215554239971,19.73215554239971,-0.004797649773539803,217913.38356284937,1520.464072455862,0.9930709683631723,8030,598,103107.81711575083,0.001122231981636901,0.08447411498562275,100.11222319816369,9986.070532098258,132.2300375431944,0
flashbots-c100,985,10000,15.13468284065383,-15.13448974681414,15.13448974681414,0.00019309383969101646,204944.87446578147,1755.1125811008803,0.991508888770744,10565,537,83406.18020574174,0.00020364452893417706,0.05868566305973019,100.02036445289342,10001.535570088412,108.3868371185161,0
flashbots-c100,986,10000,17.392691889559057,-17.390314918761902,17.390314918761902,0.0023769707971545984,195008.95954512752,585.4677628018452,0.9970067257495013,8766,550,86353.084822352,0.004347540400561342,0.08279243681784677,100.43475404005613,9955.018204619846,105.05371503082581,0
flashbots-c100,987,10000,16.76452900486369,-16.76951999112579,16.76951999112579,-0.004990986262100705,145703.43614721153,1376.4865846373013,0.9906412339694597,5609,427,69798.21998680223,-0.0015370956765657696,0.16261134256057516,99.84629043234342,10030.431902890321,94.71457169401732,0
flashbots-c100,988,10000,22.103741923062827,-22.097448038260808,22.097448038260808,0.006293884802019534,253873.59812765924,1936.033738319282,0.9924317402585778,11748,731,112745.92747626918,0.007216916531919253,0.10186231344013123,100.72169165319193,9930.219315106013,95.34830776808288,0
flashbots-c100,989,10000,23.43362825902733,-23.426485077004045,23.426485077004045,0.007143182023284567,193650.0456864739,3375.524037322473,0.982867583928043,8385,584,92142.1156259712,0.008618966316466583,0.19088266984994845,100.86189663164666,9919.343575258055,87.92640818545736,0
flashbots-c100,990,10000,13.479926866248935,-13.468277084223871,13.468277084223871,0.011649782025063615,120786.53563126965,1291.5942767570054,0.9894199372342115,6107,355,51472.67316449318,-0.005298626869898726,0.13367758998254275,99.47013731301013,9989.805500664497,63.800433732442364,0
flashbots-c100,991,10000,23.5891053498785,-23.598047805642693,23.598047805642693,-0.008942455764191948,278079.7917408378,2678.8013625105814,0.9904587021437149,10300,763,130289.65563843296,0.002459389943142867,0.12400337161404877,100.24593899431429,9976.334118678104,131.43011031994297,0
flashbots-c100,992,10000,22.52696437854588,-22.51466849266501,22.51466849266501,0.012295885880870827,247679.3396250579,3182.1971964097283,0.9873149258482203,10893,688,106666.85227592953,0.009381457317281558,0.10310501064781846,100.93814573172816,9880.969843745877,105.72201433928285,0
flashbots-c100,993,10000,11.443956375604703,-11.435954144262467,11.435954144262467,0.008002231342235433,108180.79739880243,1278.3763653722024,0.9883209755618436,4384,351,50821.47914489289,-0.006650996655973387,0.08104058749135376,99.33490033440266,10042.306552919636,64.12596545006191,0
flashbots-c100,994,10000,22.4033302764841,-22.40464408840431,22.40464408840431,-0.0013138119202125154,245529.78198348166,3312.1782772067154,0.9866896311468658,10263,698,109484.15852094373,0.0002096384653079042,0.10389538322424556,100.02096384653079,9982.171002307288,104.93080575184041,0
flashbots-c100,995,10000,40.82225394518527,-40.851421739311036,40.851421739311036,-0.029167794125768864,293731.65065230336,2675.7864774540335,0.9909726068166008,10984,948,148470.01433792422,0.005258390396854508,0.12790344376440088,100.52583903968545,9927.239057899003,75.38367126263556,0
flashbots-c100,996,10000,34.68642495730733,-34.70650297509485,34.70650297509485,-0.02007801778751883,205374.38227591844,2029.4718651834462,0.9902148787273609,7745,724,108426.85838463585,-0.013568430850711905,0.21653508003535463,98.64315691492881,10117.610734421509,87.21507112732313,0
flashbots-c100,997,10000,8.15980535745952,-8.158439753189299,8.158439753189299,0.0013656042702212545,116480.48903550325,2567.681591254732,0.9784315745656859,7220,300,43435.03666450752,-0.0016036970966470676,0.07623783113569388,99.8396302903353,10036.732009355796,107.08728473357351,0
flashbots-c100,998,10000,24.87538524633301,-24.869236833220896,24.869236833220896,0.006148413112114781,249125.5659995811,2969.175098365304,0.9882219871567582,9703,726,116475.9993864082,-0.006126431820585338,0.10726769041800593,99.38735681794147,10064.655243949057,96.25685765340556,0
flashbots-c100,999,10000,14.877146529842676,-14.874608381567441,14.874608381567441,0.0025381482752351303,132524.66701841188,930.3818866269002,0.9930284999011995,5299,402,64016.9223213006,-0.007566557676683488,0.09588006928399807,99.24334423233165,10074.729173229405,90.08787327790438,0
dodo-k1000000000000000,0,10000,1.6036997020342276,-1.6030040305917055,1.6030040305917055,0.0006956714425221389,154780.91081220962,1352.7708906573725,0.9913358163600356,6664,93,35582.14713199849,-0.002367402444823483,0.09833465844028197,99.76325975551765,10011.015240874267,88.19719749066152,0
dodo-k1000000000000000,1,10000,0.4153395993201932,-0.4146611691814428,0.4146611691814428,0.0006784301387504077,57362.56386556862,932.2789876274629,0.9840075220723175,3981,28,9420.880442344807,0.025642281130138257,0.15535230926837784,102.56422811301383,9906.671207146093,51.02014315808477,0
dodo-k1000000000000000,2,10000,0.7321155728289682,-0.7303472936374646,0.7303472936374646,0.0017682791915035745,123879.09314039568,959.7744003836926,0.9923118943699951,7590,52,18593.080595988344,0.010469666343380339,0.07669171315516891,101.04696663433803,9896.201663438826,92.60684722629529,0
dodo-k1000000000000000,3,10000,0.4828250758512612,-0.475475372603853,0.475475372603853,0.007349703247408246,80774.5432562208,1186.2529471613695,0.9855265809739362,5762,28,10387.970034916032,0.02279317578373238,0.11048745508776647,102.27931757837324,9717.347870405492,95.23520454777344,0
dodo-k1000000000000000,4,10000,0.8469867996463782,-0.8461960871659358,0.8461960871659358,0.0007907124804424903,101628.90434064691,655.3825237224407,0.9935925395403941,4392,54,20374.26641218812,-0.003724093570141349,0.08753680536990444,99.62759064298587,10022.469286996919,99.79690512669549,0
dodo-k1000000000000000,5,10000,1.2356643783321708,-1.227488720067413,1.227488720067413,0.008175658264757857,144494.3478771398,1849.549116109588,0.9873616245425328,8634,84,29571.036737190912,0.03092875156747965,0.08390149336945782,103.09287515674797,9725.331380292124,89.6630303027163,0
dodo-k1000000000000000,6,10000,0.6345120385718149,-0.6320198033861288,0.6320198033861288,0.002492235185686087,128166.67888467613,1533.345264054058,0.9881777565261226,9032,51,17532.631780216874,-0.0069243914866579815,0.046157024236532604,99.3075608513342,10022.718495290743,112.87745809577848,0
dodo-k1000000000000000,7,10000,1.7933491207295262,-1.7921060416375099,1.7921060416375099,0.0012430790920163748,156946.37784740387,27.865189453057845,0.9998224855943626,5835,110,41669.24307202849,-0.009511975000052218,0.08922300090032592,99.04880249999478,10094.714781799194,99.57023518258744,0
dodo-k1000000000000000,8,10000,3.6648335485967003,-3.66758761492099,3.66758761492099,-0.002754066324289539,278160.92524587514,1877.0451916419552,0.9932971761339744,9822,177,71330.6012646658,0.010779183788220337,0.19370583416574078,101.07791837882203,9952.697211545898,118.34002263650147,0
dodo-k1000000000000000,9,10000,1.8591814134173237,-1.8611906307569939,1.8611906307569939,-0.0020092173396701885,203556.0799771419,1591.0765556992064,0.99224421833288,9216,111,42525.14912437036,-0.005507093644545336,0.09623398324308695,99.44929063554547,10126.092933864991,153.7840946317001,0
dodo-k1000000000000000,10,10000,1.2714339593810386,-1.2700543650636291,1.2700543650636291,0.001379594317409527,154872.19069250973,363.6781446792666,0.9976572544257752,7558,74,28187.2861101393,0.010502852349930123,0.10080658590049453,101.05028523499301,9897.797437232975,101.48687291166948,0
dodo-k1000000000000000,11,10000,1.6189291575563085,-1.6145821929776503,1.6145821929776503,0.004346964578658241,145145.61478405359,1546.922768340783,0.9894546594247285,6172,76,32141.20675195626,0.02619755209483273,0.1248332979115338,102.61975520948327,9764.776267227222,95.23554058680836,0
dodo-k1000000000000000,12,10000,3.798389975764168,-3.7976583010269565,3.7976583010269565,0.000731674737211474,302337.2190116043,451.39546987129035,0.9985092059335048,11692,178,74521.4913985905,0.0012125001600124107,0.16350763781151925,100.12125001600124,9983.544459753195,101.37104955938125,0
dodo-k1000000000000000,13,10000,2.9689228858496866,-2.964386737000382,2.964386737000382,0.004536148849304755,285404.2020440029,1754.844152381136,0.9938889469942694,10556,189,71740.32308642434,-0.020840648719699574,0.07827376050485384,97.91593512803004,10212.828725898356,100.44654210855664,0
dodo-k1000000000000000,14,10000,1.6152708256696184,-1.6112738902272383,1.6112738902272383,0.003996935442380112,132795.99620166238,1696.894019580912,0.9873830206430281,6640,79,28846.056071847088,0.03889532945054725,0.14812071019151019,103.88953294505473,9771.53812665051,62.80895993167865,0
dodo-k1000000000000000,15,10000,1.8927889808779723,-1.8897424772252407,1.8897424772252407,0.0030465036527316247,203162.78741176642,2576.0349395502994,0.987479101366919,7354,111,42840.6380109056,-0.015639799031823002,0.10239016613297125,98.4360200968177,10160.427027732727,92.84026173414608,0
dodo-k1000000000000000,16,10000,8.152553883787766,-8.142687281201177,8.142687281201177,0.009866602586589224,254936.95227153625,1803.3491283614096,0.9929759795461465,9501,175,70002.9058498732,0.061562351703643825,0.5295463630457591,106.15623517036438,9715.122356241243,33.40793782367383,0
dodo-k1000000000000000,17,10000,0.6481901712303985,-0.6461490601976152,0.6461490601976152,0.0020411110327832604,120257.96319068463,1526.8043875145897,0.987463092323642,8716,50,17653.053880649622,0.007434424427856072,0.05190182297672635,100.74344244278561,9886.234651547655,139.045628647001,0
dodo-k1000000000000000,18,10000,2.638893269394896,-2.6385251248291866,2.6385251248291866,0.00036814456570954945,273751.794460413,1002.5651405760028,0.9963510491988846,10350,164,62520.256336144004,-0.004602474437883046,0.07409420539296434,99.5397525562117,10050.747340657726,93.76140412178559,0
dodo-k1000000000000000,19,10000,0.8261513053829967,-0.8228797278291609,0.8228797278291609,0.0032715775538358915,132960.89332317584,2741.591292105475,0.9797970442480997,10239,52,20223.43801857732,-0.015174207062780738,0.07334846963458035,98.48257929372193,10166.526812600361,112.35294496405139,0
dodo-k1000000000000000,20,10000,1.494057346246117,-1.4914884685087486,1.4914884685087486,0.002568877737368469,183381.23627195682,3055.5474352012698,0.9836108123384025,8200,93,34024.67602829304,0.01685601785909796,0.13062957223179084,101.6856017859098,9863.708373010168,96.08783510341532,0
dodo-k1000000000000000,21,10000,3.0456803191902835,-3.042013973044476,3.042013973044476,0.0036663461458075197,239856.73634062987,1701.8640642461778,0.9929546533992427,9016,157,60470.31272840444,-0.01094606963226923,0.18067216763456756,98.90539303677308,10145.728703126344,66.664639588171,0
dodo-k1000000000000000,22,10000,2.3379873991023032,-2.355749526815231,2.355749526815231,-0.017762127712927622,148980.93235582276,1980.6618244569586,0.9868796972156266,7427,77,32108.459949927754,0.0029624932626704493,0.19818042338406897,100.29624932626704,10042.675917803292,57.98358028671422,0
dodo-k1000000000000000,23,10000,1.8439957176489046,-1.8390691858519972,1.8390691858519972,0.004926531796907385,200877.94983366353,1322.3462954632146,0.9934602158316388,7868,110,46050.675972982324,-0.012736017100618398,0.08344525941344784,98.72639828993816,10106.847904147098,163.8063401131231,0
dodo-k1000000000000000,24,10000,1.2678615905943553,-1.269779032473764,1.269779032473764,-0.0019174418794085657,207699.29753176437,2083.114297811294,0.9900701194173342,10768,91,36259.64743277251,-0.005710333867244799,0.04895076857285872,99.42896661327552,10022.630423293656,179.83882562108087,0
dodo-k1000000000000000,25,10000,1.7864943777533435,-1.7892298861700624,1.7892298861700624,-0.0027355084167188792,181046.94440619287,2038.8155600069658,0.9888641500006152,8859,111,41443.69826214511,-0.010422219858114232,0.10859973450722435,98.95777801418858,10136.564444993504,91.09577641654727,0
dodo-k1000000000000000,26,10000,1.2660525954836084,-1.2685922244330925,1.2685922244330925,-0.0025396289494841184,175406.0903783593,1454.0140055702113,0.9917787337588932,10203,87,28763.01294388389,0.04584469878914788,0.08739318674755495,104.58446987891479,9889.034710918004,48.704627688688795,0
dodo-k1000000000000000,27,10000,0.6932742872789955,-0.6932352476187589,0.6932352476187589,0.00003903966023666161,96406.51831102703,1332.3909210310424,0.9863678556319102,4923,43,16653.665565794443,0.018725818712865275,0.07008273148024997,101.87258187128653,9890.060310936298,84.40924722637783,0
dodo-k1000000000000000,28,10000,0.44274507497371174,-0.44492381092186406,0.44492381092186406,-0.0021787359481523216,104946.79783056046,1193.9149830641506,0.988751583144532,4847,33,13355.099910865838,-0.0037975044927851796,0.035422424641178056,99.62024955072148,10083.733716501092,205.51212060341794,0
dodo-k1000000000000000,29,10000,1.9995530728617568,-1.9975678375359394,1.9975678375359394,0.0019852353258174027,176901.49722974538,1473.0577050588204,0.9917417722185923,7891,104,40742.35435732569,-0.012117168383718705,0.13392761774576611,98.78828316162813,10110.139440133415,86.58439095986556,0
dodo-k1000000000000000,30,10000,1.0547476808482859,-1.0525482278161178,1.0525482278161178,0.002199453032168064,129929.5535364607,1876.4935769238293,0.9857632208990412,7205,72,24812.834086714705,0.037183179917998785,0.1764707916309564,103.71831799179988,9818.18873860692,52.14392420479111,0
dodo-k1000000000000000,31,10000,2.1170427889003207,-2.1161409839759244,2.1161409839759244,0.0009018049243962878,225573.03358871565,3431.634331611344,0.9850150026950314,10276,131,48777.8639659879,-0.017814707436979802,0.09757082820614911,98.21852925630202,10236.554408199478,110.67588266666739,0
dodo-k1000000000000000,32,10000,0.7084776805354915,-0.7074547781281808,0.7074547781281808,0.001022902407310733,123972.01889752585,1881.0327169854215,0.9850537377294033,7820,49,19588.4667084818,-0.013289438495967403,0.05743535864742839,98.67105615040326,10227.163521819797,150.5462407016785,0
dodo-k1000000000000000,33,10000,1.102320976171304,-1.0992684753448998,1.0992684753448998,0.003052500826404181,115061.13733216083,2179.443780010522,0.9814105000219564,7490,73,24261.24061339148,-0.009713648866782592,0.1313561373217786,99.02863511332174,9999.251126852789,65.08150843612081,0
dodo-k1000000000000000,34,10000,1.416180993459204,-1.4152056082841682,1.4152056082841682,0.0009753851750358145,175274.0659084159,1908.4994982024405,0.9892286270163061,8725,94,34544.22988282158,-0.010700675823880346,0.09127542443026045,98.92993241761197,10111.500463024002,101.14182694135982,0
dodo-k1000000000000000,35,10000,1.4817322507347845,-1.4870126442904734,1.4870126442904734,-0.005280393555688878,157539.54239299614,2320.9982416010876,0.9854811060166103,11442,81,27977.8968405932,0.016303653720641905,0.18948343458590158,101.63036537206419,10025.615668967335,48.53289564999783,0
dodo-k1000000000000000,36,10000,1.566590302824225,-1.5662659358798692,1.5662659358798692,0.0003243669443557806,213473.11133376628,2138.3605722068096,0.9900823432384926,11664,107,39228.863554101525,-0.003064667774552987,0.08605573802518691,99.6935332225447,10035.35334597466,93.57010798548743,0
dodo-k1000000000000000,37,10000,0.8386150601693559,-0.8363957400688378,0.8363957400688378,0.002219320100518174,102844.99169851244,1595.1764136886707,0.9847264089811215,5726,53,20222.61522853127,-0.0010470424774553066,0.08306353686431323,99.89529575225447,9993.332217043844,120.57881934574904,0
dodo-k1000000000000000,38,10000,0.778693273264766,-0.7764193600526141,0.7764193600526141,0.002273913212151868,87928.72245408609,818.3186960545753,0.9907792002364321,4308,53,18802.142964210496,0.027725212831275457,0.06398616993399699,102.77252128312755,9815.707742066392,71.98237568592819,0
dodo-k1000000000000000,39,10000,1.3935188219506103,-1.3884249709505525,1.3884249709505525,0.00509385100005777,161471.69477093397,1661.664264575443,0.9898140743597774,8873,86,30707.512602670402,0.021172232360644756,0.11894927607501117,102.11722323606448,9833.703835348746,63.832420655588194,0
dodo-k1000000000000000,40,10000,1.412580522078179,-1.4104113500781068,1.4104113500781068,0.0021691720000722725,133465.22749170018,1558.8674736536666,0.988454894113131,5750,85,32444.615221428092,0.013984951277116835,0.11290494002570156,101.39849512771168,9859.662649438398,103.824823994845,0
dodo-k1000000000000000,41,10000,1.550933025398417,-1.5470914590578104,1.5470914590578104,0.003841566340606617,225547.2520523244,3235.213798652999,0.9858589958517174,11142,107,41614.48183257689,-0.0010654896686902759,0.06579565740140168,99.89345103313097,9902.809761033212,123.15711283826744,0
dodo-k1000000000000000,42,10000,1.8793670742512252,-1.8750624765917223,1.8750624765917223,0.004304597659502862,144391.3623919022,1262.1253438524811,0.9913347399813575,5986,89,35305.463272321496,0.007915552703721858,0.21862735731768027,100.79155527037219,9846.611198934945,131.86361333046014,0
dodo-k1000000000000000,43,10000,3.366456651176808,-3.3623157948110247,3.3623157948110247,0.004140856365783208,266057.08563950384,2195.4738111533466,0.9918156463608424,9467,175,72280.6430936993,0.018074182781201528,0.09723306685895224,101.80741827812015,9818.609973526407,104.65399671555824,0
dodo-k1000000000000000,44,10000,0.8229655204648489,-0.8248048376636916,0.8248048376636916,-0.0018393171988426715,108597.3493629461,992.2315359203458,0.9909459318323699,4199,57,21444.85744151896,-0.00003164455697699964,0.06622497785320078,99.9968355443023,10001.131431421687,202.93007228776162,0
dodo-k1000000000000000,45,10000,1.6670024016243987,-1.6649475380482954,1.6649475380482954,0.002054863576103294,206084.4088595502,770.3643064533151,0.9962758204963678,11017,105,39289.90283801312,-0.010790900568458994,0.10937432958668325,98.9209099431541,10114.251693225066,102.2127090536692,0
dodo-k1000000000000000,46,10000,3.146351148603265,-3.140388021185629,3.140388021185629,0.005963127417635938,294447.51980706473,1828.0978632528622,0.9938297390867746,11117,169,66680.92324225522,-0.020239019954827454,0.14922907778280206,97.97609800451725,10187.260113892436,102.77217781739873,0
dodo-k1000000000000000,47,10000,3.3210810238003625,-3.319596116100911,3.319596116100911,0.001484907699451643,235671.89095221157,1647.98795001392,0.9930558368829571,8372,158,63070.344646200974,0.014075897069398735,0.16641578798851597,101.40758970693987,9870.638570400048,79.6674381363814,0
dodo-k1000000000000000,48,10000,1.518050686095565,-1.516103904437557,1.516103904437557,0.001946781658007879,140714.6234639235,1496.697735681208,0.9894755373689239,6492,84,31210.6348364332,0.013209971602408927,0.15361831974811538,101.32099716024089,9905.709014907558,70.09697829734397,0
dodo-k1000000000000000,49,10000,0.8654379805317957,-0.8655597280066445,0.8655597280066445,-0.0001217474748488323,163894.6348065734,2985.223965772586,0.9821115382782954,10747,60,22021.411839649427,0.009279307559125129,0.07561653965380699,100.92793075591251,9928.969491283666,126.28308410483056,0
dodo-k1000000000000000,50,10000,1.5399816306054808,-1.539073379076001,1.539073379076001,0.0009082515294798199,122246.09535036783,1067.5701353299712,0.9913426453497663,4324,67,27361.756477236366,0.000975463955450806,0.20120066040148543,100.09754639554508,10091.443005805042,97.35866611043825,0
dodo-k1000000000000000,51,10000,1.3093468657615457,-1.3094160652449318,1.3094160652449318,-0.00006919948338612869,145079.3324111074,1539.763267268492,0.9894982078552298,5860,82,32345.17708214915,-0.001154960821382076,0.05587464379867285,99.88450391786179,10019.692582882863,117.11257224741712,0
dodo-k1000000000000000,52,10000,1.149477398772101,-1.1516848297330284,1.1516848297330284,-0.002207430960927459,139104.40610308113,1206.799216713183,0.9913991244394013,6007,78,29705.602418816954,0.011168137845245809,0.07289751277290762,101.11681378452458,9956.306940872553,125.65909739566708,0
dodo-k1000000000000000,53,10000,1.7061120622565464,-1.7025465058297016,1.7025465058297016,0.0035655564268448625,134324.37139990064,1537.7672936188103,0.988681414053935,6345,88,30629.376805136344,-0.00025487238711789927,0.18646990960712842,99.97451276128821,9887.167412001663,41.85639581894704,0
dodo-k1000000000000000,54,10000,0.6924358509034004,-0.6905003097737676,0.6905003097737676,0.0019355411296327896,75466.74508095374,1096.0915286445731,0.9856837654248151,5507,44,15336.759205069313,-0.011864713620379348,0.14066136546152136,98.81352863796207,10059.257650735231,50.51369382026857,0
dodo-k1000000000000000,55,10000,3.213749277896249,-3.2063140459302986,3.2063140459302986,0.007435231965950528,246417.78650987995,2719.215719975472,0.9890854602261502,10564,160,57811.96449533318,0.03288799501199818,0.1917620634598846,103.28879950119982,9756.46114486941,60.546112460192404,0
dodo-k1000000000000000,56,10000,0.9982193443387195,-0.9997079476380577,0.9997079476380577,-0.0014886032993381981,105176.87142516443,1461.8620591666288,0.9862914532890488,5173,61,23615.66997097121,-0.00928153483329467,0.09399347235899455,99.07184651667053,10166.843786287352,146.04832612510074,0
dodo-k1000000000000000,57,10000,1.1220158356561571,-1.1186542386498104,1.1186542386498104,0.0033615970063467504,159286.42174311957,1741.524851087454,0.9891849527493751,8909,78,26907.293520184634,-0.028203591421110445,0.07096780116621858,97.17964085788896,10216.20735424127,77.67038526056504,0
dodo-k1000000000000000,58,10000,2.5007806176692,-2.4987919974000476,2.4987919974000476,0.0019886202691523636,212718.93294736277,2680.5277174978805,0.9875555504678422,7834,137,50843.69364062051,0.01695928642090962,0.13491999592603093,101.69592864209096,9849.877444041367,72.28276224227757,0
dodo-k1000000000000000,59,10000,1.6484652427024293,-1.6480110861548383,1.6480110861548383,0.00045415654759106694,158577.3772974552,298.32555621476683,0.9981222707383424,5920,101,38510.25867098255,-0.005456407740522735,0.09475058218489195,99.45435922594773,10055.79079941474,97.70721160064947,0
dodo-k1000000000000000,60,10000,0.8349079964269522,-0.835661362623739,0.835661362623739,-0.0007533661967867866,157151.19622073648,2753.3301228663645,0.9827814122225031,11070,63,21793.415298857977,0.01203620247645418,0.07330516214435619,101.20362024764542,9930.998857636503,92.56558696223887,0
dodo-k1000000000000000,61,10000,0.8468643173936016,-0.8435591068146095,0.8435591068146095,0.003305210578992024,110259.12922471996,1318.9058338723523,0.9881795208781032,6235,56,20807.362093252523,-0.016520058478710523,0.07531402872408023,98.34799415212895,10136.39125315192,103.92595555353815,0
dodo-k1000000000000000,62,10000,0.7029609353382075,-0.7018867134920583,0.7018867134920583,0.001074221846149137,109013.37174231467,1426.1971423379136,0.9870861761165739,6537,41,16397.040521764102,-0.006431625312676203,0.08485166342012121,99.35683746873238,10051.526926963048,137.42372466016568,0
dodo-k1000000000000000,63,10000,2.810776986478617,-2.808807624552003,2.808807624552003,0.0019693619266143436,274701.51946181693,1844.774650306108,0.9933292374926632,11421,158,62674.48485032411,0.012920906598546935,0.11078503298429226,101.2920906598547,9871.237640907411,98.96920325179053,0
dodo-k1000000000000000,64,10000,2.512383388804788,-2.514038394842089,2.514038394842089,-0.0016550060373008435,211890.68289337552,2573.024417689924,0.9880025182351347,9143,127,47673.26584626903,0.020823402832937175,0.2018464726985539,102.08234028329372,9894.72928383609,74.15403615226887,0
dodo-k1000000000000000,65,10000,0.22430949943317477,-0.2243923208260412,0.2243923208260412,-0.00008282139286644452,53404.097461808065,309.26571914628096,0.9942422946389635,4303,15,5609.18185166976,0.0011434522843237005,0.05689055416275678,100.11434522843237,9996.695515183537,102.73393851923394,0
dodo-k1000000000000000,66,10000,1.3966388456077297,-1.3940727447438235,1.3940727447438235,0.0025661008639061844,111619.21398119279,953.843865993346,0.9915268903214111,4079,81,31136.176809541612,-0.01666043339041707,0.07811274078023246,98.3339566609583,10143.859236069771,94.85584061218105,0
dodo-k1000000000000000,67,10000,0.7697880518646513,-0.7726487293321043,0.7726487293321043,-0.002860677467452999,107125.80156996686,1288.995515667235,0.9881105204241715,5926,54,18466.423657940795,0.020049854406386344,0.0684350863070931,102.00498544063863,9952.202700571612,72.42108641022617,0
dodo-k1000000000000000,68,10000,0.9468900424969314,-0.9455985039375889,0.9455985039375889,0.0012915385593424977,138972.38465265554,2577.238806700141,0.9817926834157905,11361,57,20761.807921508724,0.02895771466937674,0.12839830494400886,102.89577146693767,9867.265618083302,58.40932061697143,0
dodo-k1000000000000000,69,10000,2.2015493204003436,-2.195508409678837,2.195508409678837,0.006040910721506698,127148.11457791968,1178.5163140170405,0.9908162763580269,5480,70,31080.008407369573,0.002529244226172125,0.2548758609564499,100.25292442261721,9935.303598715813,134.91793217780622,0
dodo-k1000000000000000,70,10000,1.5583430623470262,-1.5577219875826813,1.5577219875826813,0.0006210747643449199,151250.23558758962,976.7552408633452,0.9935835607368468,8051,70,27033.080806716083,0.010906524004703898,0.2155096197388292,101.09065240047039,9903.661204576949,94.92072900346442,0
dodo-k1000000000000000,71,10000,0.8697061292874915,-0.8695597171296185,0.8695597171296185,0.0001464121578729216,127112.40128756482,1591.6858689631129,0.9876329811731049,7748,62,21279.996115810205,-0.0006103602299633338,0.07317767653589158,99.93896397700367,10020.199867501633,68.45710391780875,0
dodo-k1000000000000000,72,10000,0.5021615559023639,-0.501882517272179,0.501882517272179,0.00027903863018485797,83597.39945038848,1974.4298230099353,0.9769266376589694,6625,39,13262.369574514025,0.001030304646726563,0.054733474744334105,100.10303046467266,9983.71794452694,96.37060832147118,0
dodo-k1000000000000000,73,10000,0.22834244949690874,-0.22892834498310322,0.22892834498310322,-0.0005858954861944765,58621.50821798103,821.6095942360593,0.9861782217273402,4404,19,6227.801360931637,0.005408854233770768,0.04914215418433272,100.54088542337708,9962.918594272756,100.67828776070691,0
dodo-k1000000000000000,74,10000,2.1739686725984617,-2.1722000915411286,2.1722000915411286,0.0017685810573331295,219601.93742801397,2026.4947719489655,0.9908563411660082,9210,144,52998.38394671052,0.009605792722406647,0.08534604615671157,100.96057927224066,9903.691372447387,95.90659946873016,0
dodo-k1000000000000000,75,10000,0.926615488401887,-0.92035469956312,0.92035469956312,0.006260788838767017,147666.9001771448,1648.8732672136516,0.9889571394288891,11179,65,23609.693051352457,0.027048601756948613,0.07059840533806722,102.70486017569486,9759.783544349564,91.22287163918266,0
dodo-k1000000000000000,76,10000,0.49138612546196153,-0.4851744468443826,0.4851744468443826,0.006211678617578931,82239.15018582366,1061.4950886111806,0.9872570604331566,4422,35,12851.300423603367,0.015111449413282543,0.04895696920357565,101.51114494132825,9770.72770613238,125.84233488930936,0
dodo-k1000000000000000,77,10000,0.8830805488511128,-0.8833434933745821,0.8833434933745821,-0.00026294452346931063,94145.22343793543,1047.6271714813302,0.9889946864205189,4284,53,19995.777005291086,0.012694159381625809,0.10957107532320862,101.26941593816258,9918.700199916786,95.62363522688833,0
dodo-k1000000000000000,78,10000,1.0784235420910986,-1.0809602386349866,1.0809602386349866,-0.002536696543887995,132456.82511543907,2876.079286819725,0.9787481152531022,9338,55,21157.74669837554,0.011808294315437848,0.14522264545138142,101.18082943154378,9948.021506618155,84.69556416044391,0
dodo-k1000000000000000,79,10000,0.7623057379560487,-0.7611692698469028,0.7611692698469028,0.0011364681091459161,142562.5694690511,218.70091192799748,0.9984682801088375,11371,55,19743.942686408045,-0.007760514505960998,0.07560415857985361,99.2239485494039,10081.154269325963,102.00281131785363,0
dodo-k1000000000000000,80,10000,0.665338301216753,-0.665448960666879,0.665448960666879,-0.00011065945012600498,90357.0510381363,1444.0370906282571,0.9842699349205667,5087,47,18087.623934488387,-0.018246788236237137,0.05116534132164375,98.17532117637629,10242.071715929784,113.19352804042104,0
dodo-k1000000000000000,81,10000,0.626326289655599,-0.6176080131281196,0.6176080131281196,0.008718276527479363,80898.15954132707,2168.291292752865,0.9738969069825326,5479,42,15044.440402552007,-0.030245756068052715,0.08264269304365285,96.97542439319473,10183.655886691928,74.05978472305385,0
dodo-k1000000000000000,82,10000,1.4855587583866177,-1.4872669047898057,1.4872669047898057,-0.00170814640318806,164655.63863729927,1787.5067924462874,0.9892605562828614,7156,89,36944.79399031708,-0.00050400321452031,0.09694657915896655,99.94959967854797,10019.254608213516,143.70313277411483,0
dodo-k1000000000000000,83,10000,1.0245223059727948,-1.0246997022227333,1.0246997022227333,-0.00017739624993851066,111272.4636043164,2204.922432884757,0.9805694992642682,5567,55,22210.64642521941,-0.0038005826656024055,0.0906949513553343,99.61994173343976,10017.022282303824,91.19295798900148,0
dodo-k1000000000000000,84,10000,1.7513003643420924,-1.7485356766362088,1.7485356766362088,0.0027646877058835617,219118.51951577893,2592.5193871619776,0.9883067645165972,9764,116,45427.17127250518,-0.0111660049592966,0.08109758132516433,98.88339950407034,10157.060506743295,140.58364303972618,0
dodo-k1000000000000000,85,10000,1.0981951740601859,-1.0951258970756044,1.0951258970756044,0.0030692769845814816,138636.71138890117,1587.304124024516,0.9886802262920633,7351,72,26991.476704229786,0.003253651467102401,0.07102708050852825,100.32536514671024,9902.937268087704,98.12149974691745,0
dodo-k1000000000000000,86,10000,1.0897821007808097,-1.087644132207629,1.087644132207629,0.0021379685731808262,155615.89997674612,137.02533342812643,0.999120239102057,8680,74,27073.516513457445,0.014474932858600482,0.08692842082117068,101.44749328586005,9862.483620685627,99.3576510960261,0
dodo-k1000000000000000,87,10000,3.6150873517559385,-3.6126709628971696,3.6126709628971696,0.0024163888587689364,295937.18127762905,1935.6775947803944,0.9935016650993049,10780,204,75600.58145074935,-0.0002327361521203386,0.1247285999798359,99.97672638478797,10002.855082143024,60.98923060627165,0
dodo-k1000000000000000,88,10000,2.244706315996443,-2.2448118880470247,2.2448118880470247,-0.00010557205058159269,187586.98641070587,1380.1735388266447,0.9926962254224743,7274,130,49405.92725313062,0.013013321868679668,0.10495694043418424,101.30133218686797,9925.631100062916,144.27266168576583,0
dodo-k1000000000000000,89,10000,0.44867816984181513,-0.4487587964900399,0.4487587964900399,-0.00008062664822477972,81210.56719624069,2293.5360357928457,0.9725338522656811,5904,34,11580.759050184352,0.0025903648110373466,0.05700737590346634,100.25903648110373,9971.082418533664,82.74322143651109,0
dodo-k1000000000000000,90,10000,3.8540572248475646,-3.853329932436054,3.853329932436054,0.0007272924115104829,316303.1670545442,1629.7897524711211,0.9948737942463121,11271,199,78920.05506755172,0.000977461406602771,0.1553137862899645,100.09774614066028,9988.532493936267,89.13127481907044,0
dodo-k1000000000000000,91,10000,0.4865255910504655,-0.48544822881996197,0.48544822881996197,0.0010773622305035313,70109.79426394346,950.9101336733536,0.9866183407308688,4728,34,11548.352585042601,-0.009617800328230857,0.10225678251311165,99.03821996717691,10071.123874319654,90.47500892590769,0
dodo-k1000000000000000,92,10000,0.7800525510049107,-0.7766085322722915,0.7766085322722915,0.003444018732619125,125124.31915227487,1946.859152296581,0.9846789871765395,9112,53,18533.394032142234,0.007921697423816312,0.10309169818792256,100.79216974238163,9850.675264925165,46.34894965051198,0
dodo-k1000000000000000,93,10000,2.9424368259683975,-2.940601071926494,2.940601071926494,0.0018357540419033924,279438.9230306814,3727.263972650451,0.9868371855690291,10723,137,56338.87037256565,0.015086677302964802,0.20318328952048859,101.50866773029648,9848.006407199375,108.74972911151411,0
dodo-k1000000000000000,94,10000,1.1766714875807762,-1.177899654006353,1.177899654006353,-0.001228166425576882,155873.662539834,1627.8947505006022,0.9896642625094826,8724,82,29643.71823557777,0.009639740946155512,0.09335700402706565,100.96397409461555,9962.808049835281,86.87945885007937,0
dodo-k1000000000000000,95,10000,3.0203929639426477,-3.014780492540524,3.014780492540524,0.005612471402123731,248236.8091090052,2009.3948444757955,0.991970328369699,9271,164,63064.420561242005,-0.02326001448348407,0.12863792122835563,97.6739985516516,10211.26975931342,82.82845130071455,0
dodo-k1000000000000000,96,10000,0.8305486196415515,-0.8313088772159176,0.8313088772159176,-0.0007602575743661522,124296.23675010519,1533.5264745916636,0.9878126888639756,7067,62,21616.557211649033,-0.0022643287440094182,0.05844136265994322,99.77356712559906,10029.66271613714,101.89845176990846,0
dodo-k1000000000000000,97,10000,0.741509950503826,-0.7400915203634781,0.7400915203634781,0.001418430140347815,96037.09903594908,1148.1133352750667,0.9881863371261715,4621,53,18458.37175080286,0.01362813796530375,0.0618568038700964,101.36281379653038,9894.84966271218,76.02099851722808,0
dodo-k1000000000000000,98,10000,1.4437209231095676,-1.4399424494288269,1.4399424494288269,0.0037784736807406905,188402.34042112256,2267.6729281989574,0.9881068192718673,9171,91,34615.814737690715,0.014339823805337914,0.07737092693976394,101.43398238053379,9816.14023529965,115.97815055388776,0
dodo-k1000000000000000,99,10000,1.695937457257362,-1.6939359370876161,1.6939359370876161,0.002001520169745863,129097.59808609639,1253.0437468108078,0.9903871302113184,4976,91,32337.92466966128,0.042451766188134316,0.13802177629364082,104.24517661881343,9828.828325393974,56.70140573344945,0
dodo-k1000000000000000,100,10000,2.856768996608504,-2.8543682350452855,2.8543682350452855,0.0024007615632184454,271733.5836350102,2243.714501044099,0.9918105824230375,11000,146,57700.972550587445,0.019105147882687988,0.11661586462660295,101.9105147882688,9823.567810345052,104.02738870828291,0
dodo-k1000000000000000,101,10000,2.2903797928866423,-2.2843484835405548,2.2843484835405548,0.006031309346087532,214367.47583541344,1148.2021545478765,0.994672303355112,8665,132,50348.74845430723,0.030407082481181222,0.0990950770857647,103.04070824811812,9751.883627739599,90.23761949204535,0
dodo-k1000000000000000,102,10000,2.434803744714703,-2.4258856870979173,2.4258856870979173,0.008918057616785546,218762.3956776158,2162.0177216848624,0.990213767286202,9343,144,51762.2834684534,0.028304916717098935,0.11691227945990704,102.8304916717099,9751.61638938173,62.261355572996756,0
dodo-k1000000000000000,103,10000,0.8729663632657362,-0.8680959314156382,0.8680959314156382,0.004870431850097945,136831.89716938598,1903.9079507509878,0.9862767369310156,9304,62,20455.048674172507,0.04268961123510166,0.0949049547255015,104.26896112351017,9738.772643104525,48.18442667012048,0
dodo-k1000000000000000,104,10000,0.6927387573434077,-0.6906754527390717,0.6906754527390717,0.0020633046043360137,91169.71420525,1262.4615476487957,0.986341752345809,5506,49,17399.380059363637,-0.011457275594910925,0.059619737274912835,98.85427244050891,10104.705244500405,95.58534366048933,0
dodo-k1000000000000000,105,10000,2.2312753502100917,-2.2291760805154013,2.2291760805154013,0.002099269694690431,244102.81696293195,2144.8731519816833,0.9912897735163292,9545,142,54557.37511486294,-0.0010985249797118967,0.06971153988379995,99.89014750202881,10092.272043469786,126.3446173667896,0
dodo-k1000000000000000,106,10000,1.5330116944081382,-1.532377102154726,1.532377102154726,0.000634592253412336,198922.97501052852,2639.4760260579765,0.9869049219609913,10540,97,37057.71903142891,0.005335896943205398,0.11959176330738713,100.53358969432054,9906.358331788422,123.2856935857355,0
dodo-k1000000000000000,107,10000,1.3415638169365924,-1.3409220396160322,1.3409220396160322,0.000641777320560255,107513.43762230192,956.7035748934657,0.9911800283070139,4297,69,27354.77753818469,0.011820669022789616,0.11869868368926831,101.18206690227896,9900.257004371138,112.59229413037767,0
dodo-k1000000000000000,108,10000,1.0836888706369698,-1.0822495150280815,1.0822495150280815,0.0014393556088883042,142572.56874584962,2225.4904656446874,0.9846303847042998,8592,73,26666.505339784206,0.0006339611714226124,0.10404768405125395,100.06339611714226,9983.854561477505,98.97826851090687,0
dodo-k1000000000000000,109,10000,1.275819257281854,-1.2772232742362348,1.2772232742362348,-0.001404016954380749,167816.44228560702,2754.4531471033197,0.9838515642418614,10464,84,29642.920269179423,-0.010932311374390196,0.10192551473983656,98.90676886256098,10217.065618888837,78.35886006302351,0
dodo-k1000000000000000,110,10000,0.8294872537859271,-0.8180271224302942,0.8180271224302942,0.011460131355632952,96385.69324145281,1194.6494743212468,0.9877572732266277,5491,54,19330.711398117746,0.0306005137625543,0.08731458442794363,103.06005137625543,9662.074857520809,97.06464735191683,0
dodo-k1000000000000000,111,10000,3.6985539769562883,-3.695923926699379,3.695923926699379,0.002630050256909211,321241.32561725023,1482.681542370682,0.9954057290146457,11741,192,77295.6082493242,0.024333596311404335,0.16062324652422064,102.43335963114043,9824.65454900386,85.90060301799143,0
dodo-k1000000000000000,112,10000,0.7767795926640095,-0.7771030922008322,0.7771030922008322,-0.00032349953682264676,161683.08889720155,2807.669342449001,0.9829311423176831,11473,55,21118.592628272676,-0.0052360263307811294,0.05044562773454331,99.47639736692189,10161.93507521088,231.81134331243595,0
dodo-k1000000000000000,113,10000,3.1645550574311745,-3.1652169969842134,3.1652169969842134,-0.0006619395530389482,312897.67308150843,2004.699979001556,0.9936339000576019,11389,196,73603.64830055682,0.019047705457174827,0.10690086381675769,101.90477054571748,9893.08192114746,116.02591753715777,0
dodo-k1000000000000000,114,10000,2.0459566133163856,-2.0401717302166276,2.0401717302166276,0.005784883099757998,185050.72139470073,718.5377090285233,0.9961320957380397,7740,112,43676.06183365779,-0.02370197196677509,0.15304397068724326,97.62980280332249,10235.083488151411,94.79567510274329,0
dodo-k1000000000000000,115,10000,0.917697299734683,-0.9163017541750378,0.9163017541750378,0.0013955455596451616,131721.72890506563,1527.0123879241014,0.9885401364912973,7611,67,25151.59868314856,-0.008899107477623857,0.05483393036001161,99.11008925223761,10085.87380382755,151.57175636232085,0
dodo-k1000000000000000,116,10000,4.459767258224085,-4.459556966960662,4.459556966960662,0.00021029126342320126,311901.34787105554,2168.621567155385,0.9930951005247827,11150,218,85885.7581720513,0.024130801711631022,0.17042847817591691,102.4130801711631,9906.278283650152,88.85658903404455,0
dodo-k1000000000000000,117,10000,1.1299590093842842,-1.121472411259333,1.121472411259333,0.008486598124951117,214056.74436068413,2098.7346054315094,0.990290624991465,10222,79,32750.792315974424,0.004919962740383994,0.07329508530014223,100.4919962740384,9764.91528346781,223.81651361137108,0
dodo-k1000000000000000,118,10000,2.7756431461367663,-2.774047784194579,2.774047784194579,0.0015953619421873455,227548.98872160012,287.1492082556754,0.9987396678557461,8185,153,60951.46559193565,0.012456705474771467,0.103999864400962,101.24567054747715,9884.536180445935,97.05795474736756,0
dodo-k1000000000000000,119,10000,0.9571146380042338,-0.9584067488948449,0.9584067488948449,-0.0012921108906110979,178190.32779164612,2761.6927853633506,0.9847379831595302,11539,61,24704.84204205255,-0.012443229813491427,0.06304993162043544,98.75567701865086,10297.158099181734,228.41773225218557,0
dodo-k1000000000000000,120,10000,0.29283933814463337,-0.291763324397607,0.291763324397607,0.001076013747026372,69449.51522852048,916.7442007684443,0.9869718213216992,4567,19,7235.071110024942,-0.011664193999797448,0.061140438836726076,98.83358060002026,10096.52560331306,108.22252911637716,0
dodo-k1000000000000000,121,10000,0.9255604274479283,-0.9275283643331136,0.9275283643331136,-0.001967936885185262,164633.57274000885,2086.042428091955,0.9874877204701521,11109,74,25630.79223184101,-0.0022300495498413396,0.055209021104488304,99.77699504501587,10073.689446977676,81.2835534671967,0
dodo-k1000000000000000,122,10000,1.014297856269782,-1.010370196928534,1.010370196928534,0.003927659341248058,142174.34184613443,1936.0080612304523,0.986565794459073,6714,69,28302.66632071687,0.009202028485900371,0.06303023763551195,100.92020284859004,9856.966473870312,162.68022996178323,0
dodo-k1000000000000000,123,10000,1.1306025485066433,-1.1320490241404855,1.1320490241404855,-0.001446475633842148,168678.21621002,2397.644476854017,0.9859849047830161,8569,74,30101.70189803101,-0.0018828207457627854,0.06033231896137295,99.81171792542372,10166.048879167223,201.07660064900926,0
dodo-k1000000000000000,124,10000,3.4567709006919904,-3.4368388608254747,3.4368388608254747,0.019932039866515705,233878.89469349515,2663.55995491492,0.988739611420394,9725,171,61108.02425772449,-0.030079652424039552,0.25834005520906717,96.99203475759604,10066.61591723735,103.73932183511346,0
dodo-k1000000000000000,125,10000,0.2713478574635588,-0.2687065957127288,0.2687065957127288,0.0026412617508299596,65734.33796674952,885.1265220551156,0.9867136950312193,4320,20,7289.600840172679,0.005640484981523457,0.05519812588574595,100.56404849815235,9867.042564282916,133.76052009310555,0
dodo-k1000000000000000,126,10000,0.9274271876225846,-0.9265794510758383,0.9265794510758383,0.0008477365467463027,158641.62602111037,1693.5203131375647,0.9894376226806373,10539,71,24625.844666494282,0.000296731293300212,0.06410542562116917,100.02967312933002,9991.403506068871,92.61125780319949,0
dodo-k1000000000000000,127,10000,1.695839090218501,-1.6919536449512123,1.6919536449512123,0.003885445267288734,152632.5780960886,1685.5052448127026,0.9890777204568484,7390,89,31040.612935137928,0.041380973144702154,0.18390002030371164,104.13809731447022,9780.047408890956,73.49070188611262,0
dodo-k1000000000000000,128,10000,2.014820119963446,-2.013145878108787,2.013145878108787,0.00167424185465892,212425.16258838307,2140.261544810689,0.9900251331105328,10242,112,44793.89502956054,-0.02854260551975301,0.12217304461649903,97.1457394480247,10274.564698781105,102.4981197144621,0
dodo-k1000000000000000,129,10000,2.120470935981806,-2.1139891622396476,2.1139891622396476,0.006481773742158303,231415.99817747597,2165.7714128903735,0.9907279946688969,10265,130,48276.331372268505,-0.019601880192756056,0.10936374290369627,98.0398119807244,10228.07151722866,118.09338011502805,0
dodo-k1000000000000000,130,10000,3.73437961448066,-3.7283303499338842,3.7283303499338842,0.006049264546775568,256593.12075480144,2872.105223662377,0.9889306738009633,9050,173,67236.1177145275,0.015355457918750658,0.19223617423529646,101.53554579187507,9874.524438988637,65.91285074284076,0
dodo-k1000000000000000,131,10000,0.5748472743815999,-0.5712159539202162,0.5712159539202162,0.0036313204613837025,104220.06336770463,1415.4866161466723,0.9866002816631043,8008,43,15253.514879632765,0.01842573258012024,0.062125139728763795,101.84257325801202,9834.196870375852,67.88717777144794,0
dodo-k1000000000000000,132,10000,1.587448001183381,-1.5802213056677772,1.5802213056677772,0.007226695515603732,128306.62608953545,1730.5222093840546,0.9866920935131086,5664,100,32503.350765492112,-0.0251148781753912,0.11089307019715904,97.48851218246088,9974.161211306206,38.91995134673968,0
dodo-k1000000000000000,133,10000,5.3070573821382,-5.3000812031853,5.3000812031853,0.006976178952899481,253153.414275201,2223.4171857451074,0.9912935830042784,10862,135,58361.30208009662,-0.02434189402061861,0.3745807780406921,97.56581059793814,10177.21440006073,102.33135517634553,0
dodo-k1000000000000000,134,10000,0.9459867149066211,-0.9392935434383958,0.9392935434383958,0.006693171468225345,127691.83100647632,1987.9599744293132,0.984670240756927,6940,60,22083.414450777804,0.022789883102464187,0.0979030326019442,102.27898831024642,9756.772269061363,99.52369914270692,0
dodo-k1000000000000000,135,10000,1.1231093750056083,-1.1219284148206725,1.1219284148206725,0.001180960184935742,156971.12079269765,2546.988795237224,0.9840332310744117,11040,70,24583.082913846287,0.02819463019042118,0.10873439451350961,102.81946301904212,9838.903060730472,71.09016119825175,0
dodo-k1000000000000000,136,10000,0.7250551037525305,-0.7253424731044902,0.7253424731044902,-0.0002873693519597209,127092.42039829445,1789.719645245291,0.9861135170114286,8654,54,19204.50797428869,0.0017799768031802898,0.07334208212367202,100.17799768031803,9990.827207626338,90.45156927075406,0
dodo-k1000000000000000,137,10000,1.1181207566749416,-1.1129318090140146,1.1129318090140146,0.005188947660927035,164204.69618098502,2401.9492136971976,0.9855831127983694,8070,81,29299.202358020604,0.018502478736209867,0.07517499906231465,101.85024787362099,9791.429881739525,104.0445110828318,0
dodo-k1000000000000000,138,10000,0.9687996431134874,-0.9679073671773608,0.9679073671773608,0.0008922759361266186,147296.79626800094,2377.034902128372,0.9841185671299717,8364,67,24348.0997611385,-0.005341884095152238,0.06328789008020266,99.46581159048478,10051.395267147453,95.4695741911343,0
dodo-k1000000000000000,139,10000,1.7501046433131298,-1.7515036453476114,1.7515036453476114,-0.0013990020344816223,183508.43438708072,1834.3581549685598,0.9901028891935336,8189,110,43004.85154899112,-0.018471174736880727,0.10025214261986377,98.15288252631193,10227.633800497852,120.10161621218924,0
dodo-k1000000000000000,140,10000,1.5953525613643855,-1.593533728570634,1.593533728570634,0.0018188327937516124,131433.59253076077,1668.8011727122744,0.9874622752733505,7040,86,29553.687713521558,-0.005634109175590538,0.17099891131376752,99.43658908244095,9976.38404189492,72.86601294850834,0
dodo-k1000000000000000,141,10000,0.659647460187466,-0.6611616440413854,0.6611616440413854,-0.0015141838539194374,111720.81333449636,1886.9907033997847,0.9833903073879472,8427,51,17725.31655149666,0.011437453178662764,0.05674488729602189,101.14374531786628,9966.614149103812,87.3522119895297,0
dodo-k1000000000000000,142,10000,3.0848757804624674,-3.0854104714216533,3.0854104714216533,-0.0005346909591859017,237899.31520330074,1601.4668790817348,0.9933133125280114,8972,146,59987.31156136692,0.0014149100837131813,0.1549865767750373,100.14149100837132,9974.352194433,113.27656322645666,0
dodo-k1000000000000000,143,10000,0.7766204831423281,-0.7719474112404328,0.7719474112404328,0.004673071901895365,135611.42878324242,2986.8814640549344,0.9784493659502377,9977,58,20918.101641768153,-0.013996642583724395,0.05975200819467716,98.60033574162756,10121.39473325743,143.38365960936963,0
dodo-k1000000000000000,144,10000,2.20884748371647,-2.2053185492589478,2.2053185492589478,0.003528934457522226,157988.15415693558,1707.5683134699782,0.9893073634844138,7624,95,34406.396029370146,0.023527662820403493,0.43388192875123166,102.35276628204035,9877.57849877177,55.61645980707202,0
dodo-k1000000000000000,145,10000,1.4461643984146764,-1.442784874381971,1.442784874381971,0.003379524032705472,153633.07886970966,2078.965557351345,0.986648652870747,8381,76,30103.53407491837,-0.007098252034479202,0.12880181080103228,99.29017479655208,10000.78357695706,115.22724517525236,0
dodo-k1000000000000000,146,10000,2.518896478746205,-2.51788893715144,2.51788893715144,0.0010075415947650157,231150.83251110034,2431.1916034253222,0.9895917007627553,9382,142,54801.96293580584,0.011431041038669747,0.10506464599628189,101.14310410386697,9854.632450252026,108.39662639911074,0
dodo-k1000000000000000,147,10000,1.6502219822698445,-1.6501071638143685,1.6501071638143685,0.00011481845547600678,168111.15605181624,1600.8145583105868,0.9905674623153833,6386,99,38439.11956551812,0.0008705391219167779,0.08823447375359464,100.08705391219168,10009.82108057301,94.86693306153195,0
dodo-k1000000000000000,148,10000,1.9022757879870085,-1.9054312423310762,1.9054312423310762,-0.0031554543440677207,205290.12478555826,1259.7934086278906,0.993900779919731,8125,105,46672.22960804405,-0.0023974467980976046,0.09154398522008649,99.76025532019024,9966.710339285763,253.78965492734454,0
dodo-k1000000000000000,149,10000,0.8619242588999023,-0.8579052385713908,0.8579052385713908,0.004019020328511536,143801.55819610806,2279.300157433294,0.9843969964092285,9016,64,23119.16560120908,0.008521133428628503,0.05037904851280757,100.85211334286285,9838.88843650485,137.6635502152757,0
dodo-k1000000000000000,150,10000,0.8307333793236388,-0.8391982629435688,0.8391982629435688,-0.00846488361993003,96828.84681498937,1090.7332481918902,0.988860928044339,5457,58,19549.669888997814,0.003949577638552313,0.09702726879411756,100.39495776385523,10128.029871049845,74.1146224176046,0
dodo-k1000000000000000,151,10000,1.827065272063809,-1.8227254713700631,1.8227254713700631,0.004339800693745843,157079.71745086226,1012.6787719999305,0.993594386597997,6699,93,35605.10561491163,0.021318934894769086,0.19948017884219213,102.13189348947691,9809.918346000346,87.19231511011469,0
dodo-k1000000000000000,152,10000,2.3115926742776747,-2.3204670910851064,2.3204670910851064,-0.008874416807431729,153346.59542188715,2091.789792236207,0.9865426433158407,8694,86,34000.42190571278,0.010044656642631083,0.2824217525886897,101.00446566426311,9926.954654080993,90.90929103459119,0
dodo-k1000000000000000,153,10000,0.39527110425149037,-0.3927621426420842,0.3927621426420842,0.0025089616094061684,85904.16050440563,878.7552841947172,0.9898740981884576,7164,30,10584.570088241866,0.014263256222966448,0.04928335563615491,101.42632562229664,9853.438195738987,102.91618631381526,0
dodo-k1000000000000000,154,10000,0.5464035975475112,-0.5507610359480282,0.5507610359480282,-0.004357438400516944,83842.16982994144,1527.9441306271801,0.9821021191170846,6347,46,14946.285011572565,-0.0034118337628144956,0.06314196751173498,99.65881662371855,10125.973310221321,102.51644130375507,0
dodo-k1000000000000000,155,10000,1.8464612646779508,-1.8416463586921168,1.8416463586921168,0.004814905985834006,165486.0077450898,1422.6029261947715,0.9914767553305174,6690,108,40496.846859630685,0.019215687924097155,0.08728596729630211,101.92156879240972,9814.722639855223,80.22522366676966,0
dodo-k1000000000000000,156,10000,2.0729243382216143,-2.0800314864113716,2.0800314864113716,-0.0071071481897573285,180531.63952647144,1981.1371582550644,0.9891452138626038,7109,117,46168.27759768804,0.011666352617124716,0.09182098675240895,101.16663526171247,10019.703859275445,118.8185059000919,0
dodo-k1000000000000000,157,10000,2.8044310480733943,-2.801880176328609,2.801880176328609,0.002550871744785077,231078.0472395392,2762.4468424954734,0.9881866190313199,9813,149,58809.90363704226,-0.012499391552668725,0.1546563518901989,98.75006084473313,10124.899956070441,109.00829646753655,0
dodo-k1000000000000000,158,10000,2.537881057245864,-2.530256250486673,2.530256250486673,0.007624806759191305,178406.3788038698,1644.070635286812,0.9908688334830157,7255,134,50621.47574687568,0.006853930991092767,0.2068603589079777,100.68539309910928,9731.402818123272,174.38100864889887,0
dodo-k1000000000000000,159,10000,1.4913212845136428,-1.4873350434080521,1.4873350434080521,0.003986241105590649,205544.85000363569,3387.3379723392068,0.9837873809432909,11443,103,37792.591464717865,-0.008495648272726157,0.10859353738300484,99.15043517272738,10052.424177342114,89.59126963684643,0
dodo-k1000000000000000,160,10000,0.6987722169148799,-0.6973325374567025,0.6973325374567025,0.0014396794581773564,89670.21112408697,1129.409731920745,0.987561514890995,5387,48,16654.876693445367,0.01479929123182103,0.07975921980503173,101.4799291231821,9891.470913659688,79.25054805216993,0
dodo-k1000000000000000,161,10000,0.5053859921487458,-0.503213254275181,0.503213254275181,0.0021727378735647562,91423.14886490846,649.7127926981856,0.9929434930010724,7156,38,13203.509510941913,0.01259307138829044,0.06941605101942529,101.25930713882904,9870.42788372663,91.58311333071114,0
dodo-k1000000000000000,162,10000,2.0834880766701693,-2.0825080175728203,2.0825080175728203,0.0009800590973489953,159451.6817253083,1617.852916501915,0.9899555622352809,6040,89,35475.62581870566,0.012756260362050966,0.23321423713960202,101.2756260362051,9899.480301201662,94.62081937808479,0
dodo-k1000000000000000,163,10000,2.130516776313313,-2.1324448626467927,2.1324448626467927,-0.0019280863334798504,217610.8237652333,2025.982772422246,0.9907757592893479,11395,144,46314.79125050978,0.002077530911243599,0.11635125655252836,100.20775309112436,10037.8852025776,44.00890757798017,0
dodo-k1000000000000000,164,10000,0.6126553550070777,-0.6119372044487932,0.6119372044487932,0.0007181505582845027,92212.77469781866,1883.4979395432483,0.9799832885325642,4736,47,15915.909220920432,-0.01215954701786103,0.05666313164431187,98.7840452982139,10108.220771850836,86.19144714022153,0
dodo-k1000000000000000,165,10000,3.7273598749543195,-3.7291169826207806,3.7291169826207806,-0.0017571076664610885,297913.55053328257,4189.200900235186,0.9861331918350399,10896,208,79095.37054595511,0.006991863233825626,0.1762891296676824,100.69918632338256,9931.017395364363,96.73209893265582,0
dodo-k1000000000000000,166,10000,4.796517820970773,-4.795363162921348,4.795363162921348,0.0011546580494252723,297620.9837924232,4020.3907822707774,0.986671620271127,11749,202,76957.53374266867,-0.0020864264300053037,0.2815593609286978,99.79135735699947,10072.515289514786,84.24358471801214,0
dodo-k1000000000000000,167,10000,0.36605972931080494,-0.3623002771570327,0.3623002771570327,0.0037594521537722136,66325.92450276684,1042.9883478961042,0.9845182547296244,4955,31,9936.21519988584,-0.01769260486140041,0.04881561732552768,98.23073951385996,10133.837077717195,83.73482049058491,0
dodo-k1000000000000000,168,10000,0.7215986731655063,-0.7206223474718172,0.7206223474718172,0.0009763256936891063,107925.66118058706,1452.5304826907093,0.9867201088205741,5451,44,17114.19079620585,0.0019774364639243915,0.06372963598589322,100.19774364639244,9967.584363496622,101.40934073146617,0
dodo-k1000000000000000,169,10000,1.283623976410687,-1.2829125824304697,1.2829125824304697,0.0007113939802172453,182132.66562028378,1699.3686006982098,0.990755862502966,9817,86,32586.33380629181,-0.006937557437690884,0.07520431219563121,99.30624425623091,10045.025366077907,121.41388861505814,0
dodo-k1000000000000000,170,10000,2.1399553050628635,-2.138979844470043,2.138979844470043,0.0009754605928202764,179260.00164996387,1656.6535835897892,0.9908430012623706,7100,113,44170.79329702419,0.032537933938164655,0.13680120046907276,103.25379339381647,9834.410192430001,88.99655015191802,0
dodo-k1000000000000000,171,10000,2.2904964693163916,-2.2927649207006766,2.2927649207006766,-0.0022684513842849974,200572.07484778907,1775.366353058976,0.9912261487344592,8388,126,46911.01708021286,-0.005377572468290879,0.18495127251589963,99.46224275317091,10144.635067952895,88.88289485925085,0
dodo-k1000000000000000,172,10000,0.5494629413748091,-0.5486528003838202,0.5486528003838202,0.0008101409909888613,94435.48351277069,1148.5333620143276,0.9879840437808876,6864,40,14084.360953084455,0.00707268618947694,0.08478663857276558,100.7072686189477,9928.408311417397,100.12704678278762,0
dodo-k1000000000000000,173,10000,2.507044995435606,-2.498650841335518,2.498650841335518,0.008394154100087814,181643.89430579983,32.52080317936979,0.9998209960100773,8385,106,41757.68369149942,0.02816048899131317,0.24097783569718445,102.81604889913132,9720.992269334858,99.82540720581034,0
dodo-k1000000000000000,174,10000,2.1538488997528473,-2.1532133874807187,2.1532133874807187,0.0006355122721286577,215998.4259979807,479.42598196190977,0.9977853347232661,10175,132,50298.02591529023,0.004860816271976631,0.09037546985092476,100.48608162719766,9952.51743499405,101.54059972097969,0
dodo-k1000000000000000,175,10000,1.4243053519648603,-1.4195993479147546,1.4195993479147546,0.004706004050105683,133921.83607818154,1683.7336059175911,0.9875835954980319,5757,87,31779.57600890858,-0.02236294352600794,0.12748340083926935,97.7637056473992,10109.106787852315,71.18943770981471,0
dodo-k1000000000000000,176,10000,1.8052803336112777,-1.8046498651208935,1.8046498651208935,0.0006304684903841729,203999.58438797222,2760.068707601112,0.9866508350818074,10760,105,39126.11250079131,0.0016658275757838225,0.14414007371505846,100.16658275757838,9980.48603156987,113.5668795006855,0
dodo-k1000000000000000,177,10000,2.2168560738389322,-2.2154577482955347,2.2154577482955347,0.0013983255433975827,193952.969794168,65.43130305331773,0.9996627572298129,10994,103,40501.910064570584,0.007282371730125021,0.2112907753186687,100.7282371730125,9925.333944535636,100.99498380035627,0
dodo-k1000000000000000,178,10000,0.21998039014615917,-0.21561645905586602,0.21561645905586602,0.004363931090293149,60346.461335779604,863.5753328917792,0.9858916056926041,4012,18,6124.942746976079,0.016314230832809785,0.04111594581265848,101.63142308328098,9798.60827647922,99.99833791850422,0
dodo-k1000000000000000,179,10000,1.0383396723158813,-1.033329213133186,1.033329213133186,0.0050104591826953815,123355.28007190088,2450.230791215968,0.9805236608920737,10007,56,18281.77744412694,-0.027266746390467774,0.171967935394634,97.27332536095322,10104.811100188248,63.44613090760936,0
dodo-k1000000000000000,180,10000,3.4280259159034854,-3.41048789655531,3.41048789655531,0.01753801934817556,245236.21640494245,1787.9050960687332,0.9927622246556135,11613,158,53896.50477538973,0.12051490980420695,0.2773779765073141,112.0514909804207,9524.840231547354,32.75481328719678,0
dodo-k1000000000000000,181,10000,1.8851956506012306,-1.888728229131857,1.888728229131857,-0.0035325785306263846,112299.42103589003,833.578397178238,0.9926318722092099,4253,73,29061.726278220587,0.007976606191668338,0.24603095343558748,100.79766061916683,9961.102076538638,71.87378761762875,0
dodo-k1000000000000000,182,10000,2.376321224335432,-2.3727434977944313,2.3727434977944313,0.0035777265410006365,159326.55730642058,1578.9840391453304,0.9901868883697781,5964,110,43001.111945610246,-0.017166519272139878,0.18661185733362046,98.28334807278601,10198.836101184577,93.43126881151193,0
dodo-k1000000000000000,183,10000,1.0025420022653435,-1.0041091255851597,1.0041091255851597,-0.0015671233198162327,163432.81991624663,2371.3569076802037,0.9856978457774414,10157,74,26768.029658540243,-0.0027514834679669775,0.06302227740084802,99.7248516532033,10084.907460497445,94.42813841375441,0
dodo-k1000000000000000,184,10000,1.1663769571840596,-1.1650606883771957,1.1650606883771957,0.0013162688068639739,169593.14605807848,2522.308295075842,0.9853452538323464,9563,79,31029.318625175238,-0.009211404785733209,0.06344198023828582,99.07885952142668,10132.74312521839,271.3474029751538,0
dodo-k1000000000000000,185,10000,0.8408694170051878,-0.8392625808237426,0.8392625808237426,0.0016068361814451926,101298.83163996544,1023.565630391655,0.9899966609686911,4480,53,20019.356082846734,-0.0016843809525033749,0.081136776873375,99.83156190474966,9968.450862220563,109.93580381075877,0
dodo-k1000000000000000,186,10000,0.8358533816647138,-0.8348083537064781,0.8348083537064781,0.0010450279582356892,132299.82657136337,1061.6364643087181,0.992039405986235,7402,60,21661.760372562625,0.006484554200297765,0.061323475556857826,100.64845542002978,9933.192155184723,103.26098876111455,0
dodo-k1000000000000000,187,10000,1.2914651587874573,-1.2895216322366991,1.2895216322366991,0.0019435265507581345,109425.08708376721,1612.8092506415485,0.9854751458386396,4590,71,28526.912864199996,-0.012608865894513172,0.09477628588038697,98.73911341054868,10126.20284802319,102.17040937157365,0
dodo-k1000000000000000,188,10000,0.7298514058975124,-0.7289553633865467,0.7289553633865467,0.0008960425109657555,121335.8568037543,1586.7828037234767,0.9870912078621932,8986,56,19270.113277852575,0.011385546843112736,0.07045406150098373,101.13855468431127,9843.665133299975,99.984134307965,0
dodo-k1000000000000000,189,10000,1.686201719541194,-1.687210337412182,1.687210337412182,-0.001008617870988049,179203.46129958148,1874.9365246384161,0.9896457194940587,8766,107,38084.07282576139,0.0028782266165491423,0.1251703894565351,100.28782266165491,10023.66380191599,80.90954839688911,0
dodo-k1000000000000000,190,10000,0.8677658413058085,-0.8637676914773067,0.8637676914773067,0.003998149828501774,93316.94986400251,976.3163001908433,0.9896459594634173,5166,54,19241.97873149703,-0.02624244140729715,0.11136134690756876,97.37575585927028,10146.722043191734,59.70296125969308,0
dodo-k1000000000000000,191,10000,2.7920725696266917,-2.794062966361878,2.794062966361878,-0.001990396735186195,227062.9380906164,2864.546411720659,0.9875415224155529,8732,154,56447.89389379597,0.006480683611276703,0.14274753963532902,100.64806836112767,10030.866052867943,41.520139820593194,0
dodo-k1000000000000000,192,10000,1.4695064870969037,-1.4674327369385196,1.4674327369385196,0.002073750158384069,131374.35333442542,1347.7761569333124,0.9898451285998914,5182,71,29761.21115387476,0.003133859401789465,0.10836317415101789,100.31338594017895,9941.26235779861,89.90022131856176,0
dodo-k1000000000000000,193,10000,0.939055520688076,-0.9380008666407207,0.9380008666407207,0.0010546540473552746,132006.28523525718,794.0879555307722,0.9940204388251986,6656,61,23520.34456094432,0.006252972167454515,0.05782440983333302,100.62529721674545,9923.570405570494,114.77862858144684,0
dodo-k1000000000000000,194,10000,0.6629382551490359,-0.66144594510655,0.66144594510655,0.0014923100424859559,106325.20784818358,2718.331649330724,0.9750711352377489,7734,36,13524.00730889276,0.007413255121886664,0.11266696935269309,100.74132551218867,9910.176872199378,81.8583582561802,0
dodo-k1000000000000000,195,10000,1.8439904716043405,-1.8438995732331307,1.8438995732331307,0.00009089837120979105,215652.92859997344,3111.141891964033,0.9857785518208362,10643,121,43609.03374655953,-0.009690149090278766,0.08214436159940576,99.03098509097212,10093.972654055591,65.52057441264236,0
dodo-k1000000000000000,196,10000,2.386152738800728,-2.3849360052241764,2.3849360052241764,0.0012167335765518317,178396.90540177966,1225.1758204175644,0.9931791469507472,6392,106,43985.14593188092,0.0007988170843054831,0.1905502277154882,100.07988170843055,9971.718817627236,111.53046569883209,0
dodo-k1000000000000000,197,10000,3.2953772399335066,-3.2912822595942544,3.2912822595942544,0.004094980339252263,290564.1619994455,3337.89506520778,0.9886428319061629,10390,168,68500.31535409733,-0.016809700082423547,0.143114794599813,98.31902999175765,10172.866729006259,109.37046831301399,0
dodo-k1000000000000000,198,10000,1.3078226968596887,-1.3109373871246817,1.3109373871246817,-0.003114690264993003,171011.21468869652,2419.111889870894,0.9860513905636049,9130,89,31756.972585447314,-0.004152421354272207,0.10193729545122622,99.58475786457278,10159.462525727084,92.39607552260667,0
dodo-k1000000000000000,199,10000,0.8358030235518865,-0.8397353945567261,0.8397353945567261,-0.003932371004839563,92928.04504442199,1456.5969117991283,0.9845674372269723,7308,42,15157.071984566692,0.0026293468759999426,0.11365354457260408,100.2629346876,10039.33938119919,65.97886838948915,0
dodo-k1000000000000000,200,10000,0.5901478588676975,-0.5887839098539303,0.5887839098539303,0.0013639490137672405,84742.72237696947,1561.8761423514875,0.9819027471403876,6363,43,12922.904501605497,-0.018663126809804708,0.10223794755954359,98.13368731901953,9982.8190996048,31.11320204960449,0
dodo-k1000000000000000,201,10000,0.6881840202286404,-0.688662001783257,0.688662001783257,-0.0004779815546165356,85967.50776439848,1044.3219486253495,0.9879979314069172,5639,37,14330.071141568873,-0.009151260305104074,0.1321996449718118,99.08487396948959,10029.940574642958,172.37792516449392,0
dodo-k1000000000000000,202,10000,0.8957401623366327,-0.8901478375446743,0.8901478375446743,0.00559232479195837,136116.47932757583,2354.7086964216414,0.9829949556292276,9434,59,20279.04631708823,0.022126468462228245,0.10934373939810428,102.21264684622282,9832.979080349463,72.30082144211484,0
dodo-k1000000000000000,203,10000,1.8455718431102468,-1.844255247616701,1.844255247616701,0.0013165954935459023,146332.29171480858,1163.8212430801811,0.9921094785500383,6111,109,36868.931022700366,0.015596263686293667,0.163498735128029,101.55962636862937,9885.788233072875,57.902198364854954,0
dodo-k1000000000000000,204,10000,2.2292230678533844,-2.2231168980468965,2.2231168980468965,0.006106169806487927,262071.57941276653,2737.7726033533177,0.9896613447277849,11832,135,52623.135643694084,-0.017229662936423723,0.08337121912331981,98.27703370635763,10233.115999073076,131.48932780081054,0
dodo-k1000000000000000,205,10000,0.5915743332591538,-0.5884087429385545,0.5884087429385545,0.0031655903205992653,101315.57760666888,1139.471529761724,0.9888783272335911,6679,47,16418.072433871315,0.01907859654654416,0.04337196705022649,101.90785965465442,9819.049710850046,107.1066617850174,0
dodo-k1000000000000000,206,10000,1.9876332526308567,-1.9863248761406567,1.9863248761406567,0.0013083764901999917,207939.9957232002,1037.9343105190915,0.995033282651658,8297,126,46395.75537673446,0.012969593244394418,0.07856250460136466,101.29695932443944,9898.433746227687,79.35603674676747,0
dodo-k1000000000000000,207,10000,1.0439277204332076,-1.0410493098881943,1.0410493098881943,0.0028784105450132547,135178.70015645138,2175.7653036751403,0.9841594862141066,7200,68,24817.296646755993,-0.014717218991497987,0.0876854752369411,98.5282781008502,10142.626140289352,90.7594439157596,0
dodo-k1000000000000000,208,10000,0.8317625575436848,-0.8308462484450843,0.8308462484450843,0.0009163090986005207,105185.27210698408,1101.292569330517,0.9896384592663767,5486,55,19892.226678846648,0.004481142487171183,0.07211594971330172,100.44811424871712,9943.434735096593,86.60562109209545,0
dodo-k1000000000000000,209,10000,1.6106947215656031,-1.6093450921440535,1.6093450921440535,0.0013496294215495919,191869.45410222092,509.63284199264285,0.9973508927083098,9364,101,37346.24062411124,-0.009159460667650592,0.1313266919975355,99.08405393323494,10088.032758247256,98.00199013650169,0
dodo-k1000000000000000,210,10000,0.5726535975571915,-0.5695365331457083,0.5695365331457083,0.0031170644114831836,113546.67305150031,609.9896773906643,0.9946565565004355,6704,44,15496.10041100703,0.01507025647102097,0.05012624006096317,101.5070256471021,9841.730811904705,102.27583272581126,0
dodo-k1000000000000000,211,10000,0.5636620704457299,-0.5631269139603887,0.5631269139603887,0.0005351564853411928,89079.93572258331,1159.4439133066587,0.9871514640505626,5039,34,12763.136839420544,0.009487434041350155,0.08499537476454364,100.94874340413502,9894.418730773004,129.21013403521889,0
dodo-k1000000000000000,212,10000,2.4249564705089863,-2.4391790006879432,2.4391790006879432,-0.014222530178956916,293026.17888465704,1931.7684855678583,0.9934506986409721,10852,154,68591.00801916263,0.003646283866534361,0.05037576115697206,100.36462838665344,10351.917442507174,284.2480316052466,0
dodo-k1000000000000000,213,10000,1.0006357471073477,-0.9950325956445454,0.9950325956445454,0.005603151462802325,179086.47108072139,3184.3363726870543,0.9825296413771524,11454,69,26382.057447127587,0.008948561306190185,0.07081615677201569,100.89485613061902,9847.646681572907,69.24468368883747,0
dodo-k1000000000000000,214,10000,2.308690274651727,-2.305083281223233,2.305083281223233,0.003606993428494132,231930.25097507553,2380.08124417277,0.989842183988943,9244,123,49207.688250002895,-0.009792202332835984,0.11467704927133425,99.0207797667164,10083.806292133026,109.72608520405835,0
dodo-k1000000000000000,215,10000,0.5171993816235984,-0.5177214169747799,0.5177214169747799,-0.0005220353511815601,75928.93574214449,1114.1641331344745,0.9855384306324884,4037,36,13204.833955553118,-0.007523502301300624,0.06513003293128847,99.24764976986994,10114.824676387621,96.90540235547302,0
dodo-k1000000000000000,216,10000,0.44760814678978766,-0.44188560829047674,0.44188560829047674,0.005722538499310925,66609.63767757123,1449.6970699794426,0.9786995116047381,5109,28,10675.199299715912,-0.022217271483551286,0.06199313318649573,97.77827285164487,10232.100804961428,114.76331468946934,0
dodo-k1000000000000000,217,10000,1.938175184105532,-1.939392428256383,1.939392428256383,-0.0012172441508511156,202057.19510492828,2733.575882395731,0.9866518599973193,8134,114,49202.83078044977,-0.0015842154436663237,0.07439320426170909,99.84157845563337,10011.935817175792,328.77473811409266,0
dodo-k1000000000000000,218,10000,1.254412116555796,-1.2496616234382714,1.2496616234382714,0.0047504931175246234,178835.0244024969,2466.4808297216723,0.9863956957965545,10293,87,32104.727858829738,-0.02048882866664229,0.05449830626757588,97.95111713333577,10214.475196834232,112.78941581322782,0
dodo-k1000000000000000,219,10000,0.8241791083845402,-0.8236392438626012,0.8236392438626012,0.000539864521938993,121499.26256504236,2444.1299517754665,0.9802802722908861,8878,52,19093.75734685853,0.007921533225700302,0.09433619575547794,100.79215332257003,9918.48306875865,110.29641023208549,0
dodo-k1000000000000000,220,10000,1.4931012010360893,-1.4922306828490264,1.4922306828490264,0.000870518187062963,186407.09692989415,2188.9543276580034,0.9883934243953565,9228,97,36269.31703131099,-0.004440783355559574,0.07120323366051906,99.55592166444404,10053.264567069209,98.7563300744678,0
dodo-k1000000000000000,221,10000,0.2807116645285568,-0.279284101867745,0.279284101867745,0.0014275626608117875,57282.506811395186,933.9992890748064,0.9839564523596983,4623,18,6684.6569422228,-0.01509120972303066,0.07336455623879147,98.49087902769693,10181.79909444126,111.41168931313693,0
dodo-k1000000000000000,222,10000,0.44345925863700214,-0.4456929436931887,0.4456929436931887,-0.0022336850561865407,83112.32678941383,1274.0370445931571,0.9849023350846202,6265,35,12774.759365452486,0.004885072294725035,0.04751755568619998,100.4885072294725,10001.84319951112,128.64247561923003,0
dodo-k1000000000000000,223,10000,1.1205030175924655,-1.1168576437486877,1.1168576437486877,0.0036453738437778327,133581.3568800186,1077.3911912742653,0.991999099897291,5736,73,27692.947504087715,-0.01051683331858939,0.06596182599390119,98.94831666814106,10003.07889680108,117.63821917798023,0
dodo-k1000000000000000,224,10000,2.9890265880056166,-2.9887510530397208,2.9887510530397208,0.0002755349658958295,247273.19694623013,2294.927021189008,0.9908044064894738,9940,167,63244.744590623486,0.006913819085754938,0.11014820711060153,100.6913819085755,9949.18638181521,87.56235304753778,0
dodo-k1000000000000000,225,10000,0.4602994765667666,-0.46264855244555747,0.46264855244555747,-0.0023490758787908517,70142.82796514031,1577.169321611165,0.9780093505120293,4681,34,12312.691047877639,0.006909169118963803,0.06459642820226463,100.69091691189638,9986.806181353668,138.8464263594924,0
dodo-k1000000000000000,226,10000,0.5626291171645877,-0.5637636089872444,0.5637636089872444,-0.0011344918226566802,110837.66656758616,1887.8759935139487,0.9832524559152982,8678,45,16537.21341855586,0.0072425354676518335,0.05015026455108654,100.72425354676518,9958.579834397957,174.5364242223458,0
dodo-k1000000000000000,227,10000,0.5278007095130325,-0.5247681230060266,0.5247681230060266,0.0030325865070058855,79761.40420660128,1207.816351749106,0.985083018665362,5114,40,13081.268909400189,-0.028595422832627407,0.06615751483709417,97.14045771673726,10128.903721127046,60.317391349748426,0
dodo-k1000000000000000,228,10000,1.500471051870613,-1.5000805169652267,1.5000805169652267,0.0003905349053863194,194354.8335810315,1894.112629943535,0.9903484188500697,9888,93,33925.9284234986,-0.00780771045976195,0.10707534528844874,99.2192289540238,10022.363165045854,73.84290400801531,0
dodo-k1000000000000000,229,10000,2.271255513522327,-2.2677243547506123,2.2677243547506123,0.0035311587717146153,253150.30732614122,2036.7397783458741,0.9920186396548883,11684,135,52419.59835844412,0.0014833811195195778,0.12848080055204747,100.14833811195196,9921.205135594864,117.3265333682859,0
dodo-k1000000000000000,230,10000,1.65938964627541,-1.658388265944268,1.658388265944268,0.0010013803311421654,193738.43982809974,2061.6783285039996,0.9894704949725565,8522,98,39571.04199060629,0.026218862720886166,0.09919114957376848,102.62188627208862,9816.30748555397,105.4279823870154,0
dodo-k1000000000000000,231,10000,1.1064985036064083,-1.1019000459685344,1.1019000459685344,0.004598457637873921,134297.3077084239,843.8714364017023,0.9937556306542408,5847,70,26239.697664640902,-0.02185714533257439,0.07680262231890282,97.81428546674256,10255.495829889898,102.69018879406573,0
dodo-k1000000000000000,232,10000,1.1259023423156047,-1.125737996008013,1.125737996008013,0.00016434630759176727,113565.90582319579,746.1423574362691,0.993472758389761,4268,75,27697.72201876798,0.005870759645938222,0.06578801456475518,100.58707596459382,9957.306461979986,95.87193177792206,0
dodo-k1000000000000000,233,10000,1.6254983668820489,-1.624121299192268,1.624121299192268,0.0013770676897808531,178436.32873476244,1935.793677768631,0.9892677779033876,7930,94,36514.27168321254,0.00785665854138088,0.11448307598651454,100.78566585413809,9910.35449902355,79.76077115787699,0
dodo-k1000000000000000,234,10000,0.6301754663527691,-0.627939185381365,0.627939185381365,0.0022362809714041587,106488.75496096673,2655.658424812063,0.9756683980202867,6904,46,16712.046629274562,0.007282103477121211,0.06842198808949647,100.72821034771212,9879.400500310121,132.19781396251048,0
dodo-k1000000000000000,235,10000,2.793940242987998,-2.7908046079316478,2.7908046079316478,0.0031356350563500612,220468.78874245446,2027.8384342707775,0.9908859812393466,9188,151,53559.30629576289,0.007382463842382947,0.15848138903807069,100.7382463842383,9922.638694279014,70.6910179816114,0
dodo-k1000000000000000,236,10000,0.7858480563457707,-0.7783878362329233,0.7783878362329233,0.0074602201128474155,85169.19625048254,1285.4513250849443,0.9851314954009689,5174,48,16682.846709196812,0.04487804101738476,0.09924199058851457,104.48780410173848,9685.814993198934,67.21480809917236,0
dodo-k1000000000000000,237,10000,1.4686043163622362,-1.4633859091210297,1.4633859091210297,0.00521840724120648,136612.08926833613,1894.5807299116543,0.9863213754981213,5659,80,31987.17272913833,-0.02200174163616481,0.10072045002702851,97.79982583638352,10212.760102303786,92.4113136470382,0
dodo-k1000000000000000,238,10000,0.9137042423812162,-0.9015663326354684,0.9015663326354684,0.012137909745747799,145055.73119963193,2128.4217043166086,0.9855390566013884,10052,63,20974.73010379721,-0.03973182398474037,0.09553254304466875,96.02681760152596,10152.58797547102,42.80061201675412,0
dodo-k1000000000000000,239,10000,2.1434083368376076,-2.142646191634128,2.142646191634128,0.0007621452034793919,158798.6998892947,2580.4057599098655,0.9840102859070308,7916,91,36846.029376141494,0.011721524899778615,0.17411777938435408,101.17215248997786,9956.475706263862,74.2257792015887,0
dodo-k1000000000000000,240,10000,4.61950514846821,-4.617925363036591,4.617925363036591,0.0015797854316197402,303456.03470485227,1481.6153275692527,0.9951412515725372,11825,166,68366.59213084845,-0.008827476929829032,0.3315082793080107,99.1172523070171,10073.54077030186,94.64523357043299,0
dodo-k1000000000000000,241,10000,0.8894282019111391,-0.8898575942720299,0.8898575942720299,-0.00042939236089079014,94468.83675619705,1516.285385850697,0.9842029123679527,5004,54,21587.865709340593,-0.006957644111699608,0.09411423043638066,99.30423558883004,10111.567804923725,152.4143206434038,0
dodo-k1000000000000000,242,10000,0.9432045032826293,-0.9395891825296303,0.9395891825296303,0.003615320752998974,135722.6489712881,65.40154149944236,0.9995183556929165,7976,62,22996.68014424,0.01821799723358197,0.08096285759956104,101.8217997233582,9821.37812938724,98.9583810440994,0
dodo-k1000000000000000,243,10000,0.7244420983858215,-0.7316955489671386,0.7316955489671386,-0.0072534505813171,143262.94093971167,1949.6291252307558,0.986573964469062,9140,50,20185.02472770452,0.00486303914089774,0.07738510313587199,100.48630391408977,10062.257451329135,207.80799920429928,0
dodo-k1000000000000000,244,10000,0.6916870042619365,-0.691167533819339,0.691167533819339,0.0005194704425974805,100209.14102298098,1233.8722333230082,0.9878367943368802,6828,41,16521.99872295436,-0.013986027227252151,0.07859581269769564,98.60139727727478,10156.4600047127,165.48230014142715,0
dodo-k1000000000000000,245,10000,1.1747227361603088,-1.172500622653871,1.172500622653871,0.0022221135064377506,134404.67789010404,1233.8199547654667,0.9909036153129874,6363,68,24915.836927488344,-0.0044685678469085135,0.1591716399633431,99.55314321530915,9993.2665375654,65.46384509427882,0
dodo-k1000000000000000,246,10000,0.3460951756551648,-0.34652825051199443,0.34652825051199443,-0.00043307485682964053,56137.0801856616,1458.4325040449635,0.9746780185480385,4061,25,9027.135012875451,0.004862921879338558,0.05901814173792204,100.48629218793386,9984.18508555828,100.37268906431748,0
dodo-k1000000000000000,247,10000,1.5219511787321398,-1.5123775180393295,1.5123775180393295,0.009573660692810293,152541.72043908018,1075.5951768828154,0.9929982165580099,9047,64,25474.219841422702,-0.029166249568537667,0.2077781135773938,97.08337504314623,10346.584368547863,116.00465957405977,0
dodo-k1000000000000000,248,10000,2.437732395860385,-2.4348915071301462,2.4348915071301462,0.0028408887302386887,201624.39565227638,1957.1458588084024,0.9903864277464378,7652,118,52299.59135475465,-0.01372354268606557,0.17049000156957447,98.62764573139344,10198.35972459253,182.14330186882077,0
dodo-k1000000000000000,249,10000,1.956501435340107,-1.9560398822926288,1.9560398822926288,0.00046155304747808046,144555.16585655173,1135.2536777686619,0.9922077671174443,5851,96,35908.15635795204,0.005494477992993864,0.18660175466348775,100.54944779929939,10012.396763503584,73.0803811305613,0
dodo-k1000000000000000,250,10000,1.7662341893313025,-1.7635129968114143,1.7635129968114143,0.002721192519888227,179469.69262190317,1340.7322144335894,0.9925848732690764,7023,109,42879.21860862517,0.0033722225805064452,0.09892446380221102,100.33722225805064,9912.606040112236,90.4898072281145,0
dodo-k1000000000000000,251,10000,1.9386577221710075,-1.9423821032277147,1.9423821032277147,-0.003724381056707138,159541.92204910336,1143.721225193477,0.9928822438527312,6379,118,45514.74204828271,-0.01024931223384101,0.0889890718282453,98.9750687766159,10242.01549521781,105.52670585095511,0
dodo-k1000000000000000,252,10000,0.9718173673936468,-0.974621735687208,0.974621735687208,-0.0028043682935612324,172199.05573172992,2311.537760023181,0.98675416939584,11472,56,23346.02259861547,-0.0025325485042441186,0.10850671425505568,99.74674514957559,10076.682243377787,146.94629569126272,0
dodo-k1000000000000000,253,10000,0.5122420440253869,-0.5114712827623293,0.5114712827623293,0.0007707612630575289,108881.83988710296,1948.6128000596566,0.9824180741590948,8387,42,14246.434641552854,0.002592748461474912,0.049132079807317555,100.25927484614749,9992.875992571144,89.36704191664047,0
dodo-k1000000000000000,254,10000,1.2613793187391575,-1.2595307870760166,1.2595307870760166,0.0018485316631409177,124630.73510467855,1585.3104491428242,0.987439707509559,5441,68,26367.972844703476,0.02030091274127585,0.07902264487094073,102.03009127412759,9832.78604142037,78.18074559021296,0
dodo-k1000000000000000,255,10000,1.2167748347404412,-1.2170687733526506,1.2170687733526506,-0.0002939386122093879,176269.45735852385,2596.0764205930195,0.9854858766485501,9980,73,27903.544729048892,0.0032805921596461476,0.11158056569903806,100.32805921596461,9990.988116527742,101.52218870979752,0
dodo-k1000000000000000,256,10000,3.0077422886984064,-3.0051552523042346,3.0051552523042346,0.0025870363941717933,236112.62877180675,2038.589649162973,0.9914399360932118,10669,143,56762.98137720621,-0.01059706483584975,0.22640077860443597,98.94029351641503,10060.26829788601,101.36543166143167,0
dodo-k1000000000000000,257,10000,1.2641071170427316,-1.2609735254321208,1.2609735254321208,0.0031335916106107753,172510.62083752034,1124.1570023748795,0.9935257382400002,11161,89,32133.789764595367,0.014799025419480359,0.09262423396866395,101.47990254194804,9845.917178145397,103.93354410602677,0
dodo-k1000000000000000,258,10000,2.8694642704527435,-2.8749978291949105,2.8749978291949105,-0.0055335587421669885,215946.2004860446,2114.7661625051915,0.9903019499775327,7710,141,56806.360269998986,0.013343588379599253,0.11316029577825588,101.33435883795993,9965.572325932337,78.2283451972868,0
dodo-k1000000000000000,259,10000,0.682170611209291,-0.683632973874353,0.683632973874353,-0.0014623626650619448,124072.5554820751,2039.2000582029034,0.9838302143248524,7712,45,18714.603597346068,0.010212677083482901,0.06991622756151415,101.02126770834829,9948.927300703339,108.29608654382311,0
dodo-k1000000000000000,260,10000,1.0606240660709114,-1.0512722532444627,1.0512722532444627,0.009351812826448702,154458.9900104683,2054.983021563308,0.9868702903532918,9601,73,27004.829867523084,0.02458451482234409,0.080317067593745,102.45845148223441,9715.736669428383,109.49047363123745,0
dodo-k1000000000000000,261,10000,1.463807635490146,-1.4612962555084152,1.4612962555084152,0.002511379981730677,125250.77641922137,2065.559405695323,0.9837761635825284,5183,78,28300.54301698705,0.004700128229172549,0.16673351618898066,100.47001282291725,9956.790612431223,50.65810344203464,0
dodo-k1000000000000000,262,10000,1.1565129325849544,-1.1548036207323662,1.1548036207323662,0.0017093118525881579,158973.76977404262,2673.781643046001,0.9834591887126888,9995,73,27092.20770279696,0.007160136072527905,0.08225744044358478,100.71601360725279,9911.181239479582,106.52284600287264,0
dodo-k1000000000000000,263,10000,0.9872349571505404,-0.9883674365660795,0.9883674365660795,-0.0011324794155390672,110212.57569641904,1063.360899311161,0.9904439276644834,4388,65,24720.81801621143,-0.007238781967457015,0.08072113688653915,99.2761218032543,10142.108270135086,139.7420681636363,0
dodo-k1000000000000000,264,10000,0.4605597385767097,-0.4647807236279391,0.4647807236279391,-0.00422098505122942,120329.8055007838,1410.1107430859113,0.9884170222340126,8704,37,14332.410824269931,-0.007174609590409631,0.040495203476176724,99.28253904095904,10353.575279428705,277.5065921963876,0
dodo-k1000000000000000,265,10000,1.0031468431226267,-0.9987608219518052,0.9987608219518052,0.004386021170821541,146519.34118891778,2168.591272022604,0.9854151494601467,9462,68,24316.062119655766,0.02846788453583457,0.06879216572324807,102.84678845358346,9794.078819970295,87.13095896679536,0
dodo-k1000000000000000,266,10000,1.026856321354329,-1.0259939650630372,1.0259939650630372,0.0008623562912917215,121077.25233339267,794.9968117918868,0.9934768020007178,4888,63,24288.859583653895,-0.0033477497572566507,0.07554619757600392,99.66522502427433,10028.208714739716,104.78263269803747,0
dodo-k1000000000000000,267,10000,3.2933063336582307,-3.2920842110643775,3.2920842110643775,0.0012221225938531255,271822.8199855707,60.97497652324673,0.9997757314792087,10609,164,67287.81938248841,0.008957594056282119,0.11688973899237723,100.89575940562821,9909.84039818722,101.65458535084109,0
dodo-k1000000000000000,268,10000,0.8730605096141962,-0.8734774525777311,0.8734774525777311,-0.00041694296353489424,132157.42025373093,1492.4092223430973,0.9888334371379781,6723,60,23806.207546145975,-0.009240429537985904,0.07079025690496579,99.07595704620141,10166.810962657342,119.34976369164225,0
dodo-k1000000000000000,269,10000,0.38543018489152314,-0.38456435258569854,0.38456435258569854,0.0008658323058245987,79267.79880376034,2080.393199383015,0.9744260671546009,5274,32,10444.466656170072,0.025452363859726573,0.056799467692504206,102.54523638597266,9864.321982670426,82.89332654495395,0
dodo-k1000000000000000,270,10000,2.1720198187160893,-2.1681189539119714,2.1681189539119714,0.0039008648041178873,184184.24587951993,1697.1000879214916,0.990869981712857,8158,120,43414.12838336149,-0.009616667070224025,0.17726637442804816,99.0383332929776,9974.753890059976,61.016651922615246,0
dodo-k1000000000000000,271,10000,3.378575129091572,-3.3716987673286667,3.3716987673286667,0.006876361762905514,296414.2751596225,3223.1855528871033,0.9892430487655893,10608,189,76238.89373700443,0.008557319525006192,0.10769543952904811,100.85573195250062,9876.59931602165,72.2700787258984,0
dodo-k1000000000000000,272,10000,0.4550454510636452,-0.45323725041609464,0.45323725041609464,0.0018082006475505508,57610.06067779979,1001.6489160959504,0.9829104299629527,4268,32,10243.793861275813,0.02433837427671648,0.1393875375807127,102.43383742767165,9900.984169517387,30.13487132994103,0
dodo-k1000000000000000,273,10000,3.686339954999344,-3.6801815426477873,3.6801815426477873,0.006158412351556564,153836.69367332236,1378.6937507858365,0.9911175446348066,5707,151,45578.20107143329,0.05023829752198083,0.9344025459316719,105.02382975219808,9775.865065649965,18.907137590054095,0
dodo-k1000000000000000,274,10000,1.1435843118431697,-1.1421839914129919,1.1421839914129919,0.0014003204301777927,105430.01020939788,555.7892088047543,0.9947560030508267,6352,52,20609.56962008542,0.007109272879772988,0.168486629555329,100.7109272879773,9927.91341069318,86.94610444573428,0
dodo-k1000000000000000,275,10000,0.9228238117651775,-0.9218353420576477,0.9218353420576477,0.0009884697075297488,127076.57889992022,2320.245709281926,0.9820687585163747,9144,66,23385.513675331797,-0.006203685191986921,0.08057109876231451,99.37963148080131,10020.327728235437,66.29636097997468,0
dodo-k1000000000000000,276,10000,2.4721993350863323,-2.4726165275802714,2.4726165275802714,-0.0004171924939391225,248903.11096979675,2456.0338352466606,0.9902289855531153,10412,153,57541.26944962847,-0.011839098479875361,0.11612406806369989,98.81609015201246,10293.432240411683,138.11822407017874,0
dodo-k1000000000000000,277,10000,1.2046373124955116,-1.2038860689578428,1.2038860689578428,0.0007512435376688664,186099.7223402475,2670.5508197213935,0.9858529058891689,10977,79,31071.907892824445,-0.00813170776165407,0.059233759194192145,99.1868292238346,10146.827890785442,142.15299267750655,0
dodo-k1000000000000000,278,10000,1.8998940012473255,-1.9020908555526148,1.9020908555526148,-0.002196854305289264,241451.9814549866,2720.136659856774,0.98885975728573,11405,133,49992.06478851669,0.005248125019278831,0.0567957552540021,100.52481250192788,9945.908268003772,149.28264857405574,0
dodo-k1000000000000000,279,10000,3.093444667238011,-3.090263407805338,3.090263407805338,0.0031812594326727783,260178.433111765,2762.597296549855,0.9894934720067845,10873,171,62324.76626063732,-0.008840090662168763,0.12854849562740014,99.11599093378312,10053.099771234492,61.750290027930994,0
dodo-k1000000000000000,280,10000,0.8433205055841754,-0.8420381748735508,0.8420381748735508,0.0012823307106245574,120765.55153589693,1871.5704951593577,0.9847389561646318,6740,58,22931.63641942941,-0.01530068621249697,0.05796372276856587,98.4699313787503,10226.594261165952,169.94488864631452,0
dodo-k1000000000000000,281,10000,0.835211353072554,-0.8356132997209329,0.8356132997209329,-0.0004019466483788925,121774.4701887949,1469.0502721629496,0.9880801013581211,6280,60,22354.4002216227,-0.0030560804009220986,0.05503927728981594,99.69439195990779,10051.107394280314,116.82539784415584,0
dodo-k1000000000000000,282,10000,1.0159380699074718,-1.016506157942331,1.016506157942331,-0.0005680880348590822,117914.66533420143,1857.0281939567226,0.9844952664585966,7436,58,21784.571640825878,0.0010103105603923269,0.13148649360638673,100.10103105603923,10021.248748702526,71.85428895294675,0
dodo-k1000000000000000,283,10000,0.8195911303626711,-0.8203894715738329,0.8203894715738329,-0.000798341211161846,94347.06035120865,1581.1148895858832,0.9835177216118514,5381,51,18110.65976481452,0.010977138875014135,0.1016541642456454,101.09771388750141,9945.969076735913,59.544311072851286,0
dodo-k1000000000000000,284,10000,5.067400472378505,-5.065272691039127,5.065272691039127,0.0021277813393787426,302981.43420548644,1676.4938301914744,0.9944971271845742,10849,199,81860.04986632094,0.005810095107565729,0.2522709486267392,100.58100951075657,9926.03679128965,104.0632719251634,0
dodo-k1000000000000000,285,10000,0.8162612271919684,-0.8162329773285819,0.8162329773285819,0.000028249863386453633,150306.82786901316,1999.177681511481,0.9868739405627162,10861,62,22041.480993214333,0.0004844906322817621,0.07072206278112134,100.04844906322818,10006.294231420407,100.77628519878832,0
dodo-k1000000000000000,286,10000,1.044238558821684,-1.046942097754794,1.046942097754794,-0.002703538933110039,135952.5331045197,2156.124737911967,0.9843882000477342,9567,67,22521.32146529194,0.0026862120568657134,0.10259955433245224,100.26862120568657,10070.503871840958,77.88995752428121,0
dodo-k1000000000000000,287,10000,1.270956766044129,-1.2680948960765477,1.2680948960765477,0.0028618699675813097,176413.06571341428,2680.8887043912714,0.9850308252274274,9794,83,31391.48606023425,0.012731381663317337,0.0704131058723992,101.27313816633173,9864.190686770395,115.90317231086996,0
dodo-k1000000000000000,288,10000,3.08642561418754,-3.079180490733563,3.079180490733563,0.007245123453976987,261417.4771111428,2069.8151130198185,0.9921445353377464,9263,165,64095.14942366542,-0.027317272219772093,0.1433363727196773,97.26827277802279,10189.242717258077,95.42736206669963,0
dodo-k1000000000000000,289,10000,0.6313789245194764,-0.6214345026011472,0.6214345026011472,0.009944421918329227,93976.05222541382,2377.59064230245,0.9753243305438214,6692,45,14534.645325414986,0.04765531176083968,0.08712264751518063,104.76553117608397,9658.652162641665,57.840803254481386,0
dodo-k1000000000000000,290,10000,2.2432842269078415,-2.245536034900965,2.245536034900965,-0.0022518079931237445,192042.4260125554,2037.7953478127988,0.9895002420466689,8581,119,44339.708571518735,0.018491920321758927,0.2110012921184716,101.84919203217589,9868.125589663916,86.58954499298352,0
dodo-k1000000000000000,291,10000,2.0196469070457237,-2.0170528426695,2.0170528426695,0.0025940643762236704,228698.8338875002,2399.486593688913,0.9896170314492431,11167,106,44664.248218991335,0.0011120993190674255,0.11305968813899753,100.11120993190674,9928.980186942032,153.01921293116803,0
dodo-k1000000000000000,292,10000,1.9467853133577084,-1.9511706373803577,1.9511706373803577,-0.00438532402264924,274724.94697971153,3048.8392751833812,0.9890240208902014,11080,127,55241.18336274277,-0.011965234751826159,0.07394668898194638,98.80347652481738,10154.35707620041,493.09013499152775,0
dodo-k1000000000000000,293,10000,0.5000092826850233,-0.49524915830977534,0.49524915830977534,0.004760124375247976,69798.2797609106,1614.969312205325,0.9773855785422695,4399,35,12787.500432509754,0.020438559583124915,0.052699781740168275,102.04385595831249,9789.890723644045,103.97254062375309,0
dodo-k1000000000000000,294,10000,1.547503335940927,-1.543803573808276,1.543803573808276,0.0036997621326508856,182925.43074677163,2485.33007663941,0.986595545665192,10996,88,33024.964822287046,-0.007294894478876728,0.1126459764518441,99.27051055211233,9996.139761139997,61.9183229772161,0
dodo-k1000000000000000,295,10000,1.0596917180100103,-1.0579723111820272,1.0579723111820272,0.0017194068279831054,110982.29810060588,1492.081958548926,0.9867340281603315,4740,69,26189.018566319046,0.007086581233545672,0.07782728482183046,100.70865812335457,9888.990914194266,105.5472614564718,0
dodo-k1000000000000000,296,10000,1.3056085366509351,-1.298192664512385,1.298192664512385,0.007415872138550217,159911.1836226228,87.02991912842629,0.9994560569321249,10033,76,28854.78581002091,-0.025979724460745784,0.12834186784215745,97.40202755392542,10261.17049947602,100.7854773452055,0
dodo-k1000000000000000,297,10000,0.641234461421883,-0.6437943501232439,0.6437943501232439,-0.002559888701360924,95967.8758234354,1672.6623639603463,0.9828691812334124,6745,45,15200.74504663258,0.02463566041226244,0.11780527229620048,102.46356604122624,9953.933713587172,65.1742623323321,0
dodo-k1000000000000000,298,10000,1.5355911227847792,-1.5327063842084385,1.5327063842084385,0.0028847385763406397,147544.56915344318,1388.5326813207703,0.9906768027777915,6630,70,30187.985667344914,-0.012316938618631354,0.09412557099221132,98.76830613813686,10194.030375807133,126.87282753788942,0
dodo-k1000000000000000,299,10000,2.0931267013019648,-2.0921445045676137,2.0921445045676137,0.0009821967343510707,248545.51679548176,2851.811180574025,0.9886561595402253,11744,141,49288.55227903918,0.013064218926959087,0.1054515663507533,101.30642189269591,9895.869588003316,75.61270530574372,0
dodo-k1000000000000000,300,10000,1.1556483196344947,-1.155207862365387,1.155207862365387,0.0004404572691076858,175995.8359207966,1077.0402621665091,0.9939175311014115,10818,85,30283.837965604285,0.0075495263256105715,0.059373285452615644,100.75495263256106,9941.649446242915,102.79312941173237,0
dodo-k1000000000000000,301,10000,1.7943928675481708,-1.7854577393179625,1.7854577393179625,0.008935128230208367,155348.05603226344,2141.9455942728537,0.9863994820486943,6793,109,38306.99301895902,-0.03543219674356607,0.12373978455702626,96.4567803256434,10196.801903144315,63.168482125548095,0
dodo-k1000000000000000,302,10000,2.2879815973280158,-2.2862868764472637,2.2862868764472637,0.0016947208807520653,184387.93562513977,1528.4717468843862,0.9917787151306885,7745,120,48488.87328419119,0.011613509439528968,0.10584000187071382,101.1613509439529,9880.732003205145,101.9797741604915,0
dodo-k1000000000000000,303,10000,1.8435179986565635,-1.8409550887667478,1.8409550887667478,0.0025629098898156677,215377.3448041275,1703.823868997749,0.9921512129337975,9478,109,42636.66070092219,-0.005364556407275387,0.11938434175977193,99.46354435927246,9980.086106175517,99.98327419905475,0
dodo-k1000000000000000,304,10000,0.5579899228255547,-0.5524866903518273,0.5524866903518273,0.005503232473727415,109094.63653776799,2520.014414294788,0.9774221897143495,8668,38,13963.60641061701,0.03503854384158757,0.05955826218734018,103.50385438415876,9733.912325843496,80.1618422792759,0
dodo-k1000000000000000,305,10000,0.37398187029727176,-0.3719812255787929,0.3719812255787929,0.0020006447184788834,68535.0162212345,917.7821699208778,0.986785526412457,4131,28,10391.479150813553,-0.013393689811814512,0.05715269312532627,98.66063101881855,10143.491602575927,120.98806606627531,0
dodo-k1000000000000000,306,10000,2.3134578881447223,-2.310772014675308,2.310772014675308,0.0026858734694141795,215415.48259852338,2826.531752748912,0.9870486360696825,8770,137,51222.399174454666,-0.013077331548301032,0.12726223154267247,98.6922668451699,10111.418202564086,88.33883802758481,0
dodo-k1000000000000000,307,10000,1.5339053341081077,-1.5323871857709719,1.5323871857709719,0.0015181483371358162,118752.07077754637,755.3095269564053,0.9936798085186714,4581,89,31489.281373917333,0.012504848832282107,0.13765621915790263,101.25048488322821,9916.633176705329,35.262454488288526,0
dodo-k1000000000000000,308,10000,1.4260727914158282,-1.4220442873416346,1.4220442873416346,0.0040285040741936395,145976.26091648333,2667.3761413994157,0.9820552282344873,7505,79,30409.70223375408,0.0223027167615885,0.14650192080359134,102.23027167615885,9837.65843721284,71.39019780118406,0
dodo-k1000000000000000,309,10000,0.7332407441698244,-0.7313466183225614,0.7313466183225614,0.0018941258472630063,82768.90094027383,1535.722269126577,0.9817836530113886,5252,37,14652.84412650688,-0.005222992163638623,0.09727847929590056,99.47770078363614,9994.840668301324,74.06469152766799,0
dodo-k1000000000000000,310,10000,1.948220810485302,-1.9512544136834435,1.9512544136834435,-0.003033603198141499,204647.35293331504,3070.038020830867,0.9852201204399463,10607,106,41960.58700913085,0.0010205231100380275,0.11559788783417801,100.1020523110038,10038.071820877456,83.06030370845933,0
dodo-k1000000000000000,311,10000,1.7811775671215457,-1.7811800492109455,1.7811800492109455,-0.0000024820893997912208,231724.97217706274,2816.4331287718987,0.9879917444636296,11172,132,49425.79589704673,-0.00296694700182357,0.051902246352195786,99.70330529981764,10078.705450053363,120.39333735672653,0
dodo-k1000000000000000,312,10000,0.9538048240836451,-0.9500776279518277,0.9500776279518277,0.0037271961318173785,146950.9494474381,1529.3279769190904,0.989700127158651,9652,69,25218.647218830596,0.014026125060611462,0.07318555149296387,101.40261250606115,9822.006187094375,128.03620268275165,0
dodo-k1000000000000000,313,10000,2.0526438210655433,-2.052296471368379,2.052296471368379,0.00034734969716421205,192563.18191631572,1958.6228716465696,0.9899310883230723,7538,114,44596.84273592602,-0.004490341180095072,0.10522652607224955,99.55096588199049,10033.029503135038,109.12406973599073,0
dodo-k1000000000000000,314,10000,1.4528575122561154,-1.4486718420101,1.4486718420101,0.0041856702460154604,147574.19012502412,1539.5164359224918,0.9896755538345279,7862,91,31375.90844363054,-0.032470596737059765,0.13926333179216002,96.75294032629402,10237.36343420161,45.73847996385439,0
dodo-k1000000000000000,315,10000,2.3386741507528424,-2.343529456885392,2.343529456885392,-0.004855306132549586,247588.4985830231,3229.3151122136314,0.9871248574228563,11450,111,48267.24931526289,-0.008727752381680318,0.18786093773906187,99.12722476183197,10334.581100351339,216.21833919433251,0
dodo-k1000000000000000,316,10000,2.372739009723986,-2.3691060063620455,2.3691060063620455,0.003633003361940723,136888.0257393723,1606.418551398209,0.9884008448163775,5696,104,35698.326815547414,-0.0034101308321008617,0.2695157351100724,99.65898691678991,9917.44911949842,30.169280603748007,0
dodo-k1000000000000000,317,10000,0.7772496724449817,-0.7767608883748949,0.7767608883748949,0.0004887840700867896,144399.05312193144,1857.659736824103,0.987298636072738,10475,60,21287.90491737503,0.010546178631079641,0.051354548262460324,101.05461786310796,9934.67764116558,94.60567878562699,0
dodo-k1000000000000000,318,10000,2.1543318283656445,-2.1521082115609715,2.1521082115609715,0.0022236168046729787,194863.90251373703,1692.156241095225,0.9913909738940896,9659,106,40121.909142602795,-0.018192188196310185,0.14652911143922012,98.18078118036898,10120.974094535344,73.23341597513519,0
dodo-k1000000000000000,319,10000,1.1260267967309778,-1.1276203715460156,1.1276203715460156,-0.001593574815037746,142395.90859134786,1458.3051014357056,0.9898626181048121,7591,73,27153.431969903675,0.012317773294231386,0.07577682857973969,101.23177732942314,9948.910046752706,80.54127455886922,0
dodo-k1000000000000000,320,10000,0.9271493380995968,-0.9235048717067116,0.9235048717067116,0.0036444663928851817,96943.60091435452,1105.0849431222637,0.9887292222893369,4194,62,23444.51594552156,-0.020238983618463352,0.06347351779471964,97.97610163815366,10292.296890460664,119.30523616592417,0
dodo-k1000000000000000,321,10000,1.0422334078212405,-1.0438767059695238,1.0438767059695238,-0.0016432981482832343,158409.5526343427,2195.140563434553,0.9863320272918094,10079,72,25384.021123007195,0.016458705070385094,0.07679492516785444,101.64587050703851,9925.860907671777,79.383797537046,0
dodo-k1000000000000000,322,10000,0.444551474498886,-0.4429614367929844,0.4429614367929844,0.0015900377059016035,74963.16999782603,1556.7797864600686,0.9796552429680271,4724,32,11150.077321048328,-0.01680479718509133,0.06307583652660426,98.31952028149087,10151.5418557725,89.50265190011257,0
dodo-k1000000000000000,323,10000,1.3153328106616389,-1.312361461514115,1.312361461514115,0.0029713491475238385,157053.5067897855,2262.921440372661,0.9857960571580007,8131,81,28330.72703985399,-0.02413691592566593,0.11087274458004089,97.5863084074334,10094.280382582298,64.41284481911472,0
dodo-k1000000000000000,324,10000,0.5037015215373393,-0.5040524991731559,0.5040524991731559,-0.00035097763581659613,70892.0257579184,1669.7727535531867,0.9769882667215145,4595,36,12983.70120890201,0.006304963069522671,0.062244811540491864,100.63049630695227,9947.860566445994,110.53762081098655,0
dodo-k1000000000000000,325,10000,1.3045132173225698,-1.2984329753310249,1.2984329753310249,0.006080241991544888,151098.5534351565,1302.7889899876986,0.9914515911129353,6920,91,32310.60638619384,-0.021216743118318105,0.07268907912143248,97.87832568816819,10254.604278863753,88.53201256206908,0
dodo-k1000000000000000,326,10000,0.4034350953435563,-0.39694551113603893,0.39694551113603893,0.006489584207517385,73453.88014085453,1737.9862108447082,0.9768859812214857,4514,32,11684.355995419453,0.02424501201439796,0.04825093452603539,102.4245012014398,9770.541805795556,107.76756774471322,0
dodo-k1000000000000000,327,10000,2.080181161054095,-2.0796987292999347,2.0796987292999347,0.00048243175416029516,144318.15478733205,1033.7777411481704,0.9928877606016996,5345,113,44597.5545095536,-0.0014301783152328084,0.12035462798504085,99.85698216847672,10010.433492764047,90.85897714735844,0
dodo-k1000000000000000,328,10000,1.208786948211416,-1.1938044627379156,1.1938044627379156,0.01498248547350034,119358.82424959994,1620.6520636346695,0.9866039090842272,5363,76,26077.354501508406,-0.05539899758629787,0.1313642755076063,94.46010024137021,10334.687124340204,40.753389784457795,0
dodo-k1000000000000000,329,10000,2.37966884530968,-2.377374042648455,2.377374042648455,0.0022948026612250594,208403.32326198404,3775.576392991056,0.9822056934071647,10048,114,45017.418681475036,0.013126844571777383,0.1720035365856667,101.31268445717774,9869.785080258314,93.56275568572572,0
dodo-k1000000000000000,330,10000,1.7515413075470982,-1.751450424307933,1.751450424307933,0.00009088323916528473,135128.32719736255,1662.5851782257637,0.9878457921703103,6000,102,32452.69389502808,0.033272293497595626,0.23364125795262639,103.32722934975956,9850.819178662658,45.87125524823195,0
dodo-k1000000000000000,331,10000,1.8886316788204105,-1.8879562149256799,1.8879562149256799,0.0006754638947306102,243793.29486872055,2326.4889348314236,0.9905473306579515,11574,113,44848.71472278403,-0.015010860516222238,0.10198181466435727,98.49891394837778,10194.441282418427,111.84763406821621,0
dodo-k1000000000000000,332,10000,1.0259453488052273,-1.0267280607267821,1.0267280607267821,-0.0007827119215548795,137449.27697914653,2386.8436347453217,0.9829311366457617,9242,62,23343.35176286788,-0.0019033157865050044,0.10773221443704031,99.8096684213495,10044.747506860473,96.18037729242826,0
dodo-k1000000000000000,333,10000,1.5412628072079078,-1.5416756708027606,1.5416756708027606,-0.0004128635948528192,178221.1649963788,2086.0783389156586,0.9884304240898606,8888,86,34549.67829278171,-0.00263763162092431,0.08588712733892706,99.73623683790757,10068.181845339508,106.66347682725883,0
dodo-k1000000000000000,334,10000,0.7536002000628071,-0.7514322498602155,0.7514322498602155,0.0021679502025916397,92363.26677331528,1055.6492539420958,0.9886998340503749,6174,53,17387.690567234542,0.028324064512416525,0.1736877447510298,102.83240645124165,9848.29701590243,43.53506572387395,0
dodo-k1000000000000000,335,10000,2.356026432685474,-2.348411550661268,2.348411550661268,0.0076148820242059045,170939.56769705558,1583.170724793319,0.9908234083270683,6244,129,47465.67354287503,-0.018808848274846496,0.11641603558313932,98.11911517251535,10080.276542681684,71.3855580917928,0
dodo-k1000000000000000,336,10000,1.0398252216275723,-1.0374282016852021,1.0374282016852021,0.002397019942370182,165746.40488186665,2723.4072692523832,0.9838344494216599,11384,69,24379.09892429479,0.018152684461913537,0.12787452011792952,101.81526844619135,9837.8976397859,74.95867785187997,0
dodo-k1000000000000000,337,10000,1.1782280001650771,-1.1781642338241909,1.1781642338241909,0.00006376634088622879,151999.66236036125,1786.6284076674833,0.9883823948237205,8144,64,24926.92523090153,0.006081966220873909,0.1041196479509641,100.60819662208739,9937.949104621184,91.34596491098851,0
dodo-k1000000000000000,338,10000,2.2398226010308457,-2.240440684919065,2.240440684919065,-0.0006180838882192674,179407.48545137834,1752.0238498296685,0.9903288331007971,6725,122,46800.38672421934,0.0003745915192669713,0.10936544574016778,100.0374591519267,10000.207079496178,87.77483026771564,0
dodo-k1000000000000000,339,10000,0.8255606230654856,-0.8257254458690682,0.8257254458690682,-0.00016482280358254275,118983.24757657676,2249.016369217777,0.9814486977639603,7616,50,18435.310119511476,0.00047031961136895006,0.11919326069261871,100.0470319611369,10008.961025796612,90.66365827772091,0
dodo-k1000000000000000,340,10000,2.0585814134564915,-2.0561634886999514,2.0561634886999514,0.002417924756540124,203247.02297031845,1460.7795539120705,0.9928640748623192,9100,114,45310.222707399356,0.007757014483054121,0.12100695729876222,100.77570144830541,9922.468354355704,113.06145681175519,0
dodo-k1000000000000000,341,10000,0.3396288624750524,-0.3403752670935489,0.3403752670935489,-0.0007464046184965101,65803.99740136844,1059.1712579666594,0.9841591225901498,4794,27,8590.833269463239,-0.004317474878643139,0.06426412907368416,99.56825251213569,10015.10165352083,75.43729239482286,0
dodo-k1000000000000000,342,10000,1.712086113635014,-1.7124896449825542,1.7124896449825542,-0.0004035313475401203,168991.33193378986,1672.3346020788283,0.9902009921852502,7210,105,39791.69096543062,-0.002020129239966053,0.10827414006600052,99.7979870760034,10005.490104216264,83.65751360198476,0
dodo-k1000000000000000,343,10000,1.7391881406248757,-1.7368076456253618,1.7368076456253618,0.0023804949995138713,177407.52871020493,1976.7264513845926,0.9889804907927735,8557,117,39205.20980771299,-0.026042723819835346,0.10125045738832611,97.39572761801647,10189.301966974213,63.41902642153338,0
dodo-k1000000000000000,344,10000,3.6559763158082608,-3.653765704773292,3.653765704773292,0.002210611034968668,285390.94304133055,3097.76370311777,0.9892620971611833,11246,207,72657.92452140541,0.034548733267342015,0.1718074892413682,103.4548733267342,9817.610901264241,59.25613573620295,0
dodo-k1000000000000000,345,10000,0.6681934869359684,-0.6665023378590718,0.6665023378590718,0.001691149076896603,116779.12692511783,1483.5727756619826,0.9874552772817159,6302,48,18567.587948622993,0.0178736417484329,0.052349798145223614,101.78736417484329,9853.493035270401,139.56768586631839,0
dodo-k1000000000000000,346,10000,2.1909238941138804,-2.1915451441882965,2.1915451441882965,-0.0006212500744160465,249496.82792166446,3039.054275263562,0.9879658516293788,11671,144,56207.76469708602,0.021701560457588157,0.08961992276062404,102.17015604575882,9862.35992551778,90.28591474858376,0
dodo-k1000000000000000,347,10000,1.388842931118524,-1.3820566217164014,1.3820566217164014,0.006786309402122548,130001.96654536825,1353.1409958773786,0.9896986038745962,7163,64,25447.087286113314,0.021332245323356175,0.19717601781390784,102.13322453233562,9757.173217225027,122.91590736336742,0
dodo-k1000000000000000,348,10000,1.3460407814924116,-1.3440075463647077,1.3440075463647077,0.002033235127703925,146885.31907597528,1612.1942726866077,0.9891432911142337,7964,79,29782.794941651093,-0.003659657821570619,0.10340953362025913,99.63403421784294,10019.437839543216,97.38786993123438,0
dodo-k1000000000000000,349,10000,0.5953009815275984,-0.5950542536984926,0.5950542536984926,0.00024672782910573066,92036.40174819634,1407.094553704072,0.9849417604285912,4534,41,15890.831870694905,0.010592161142620569,0.06609211223503465,101.05921611426206,9908.032440679135,169.6359167203853,0
dodo-k1000000000000000,350,10000,3.4271341631423677,-3.4217069786349725,3.4217069786349725,0.005427184507395211,242270.5552979408,1915.012191997529,0.9921575537338978,10935,180,60976.21403423204,-0.01065429505408403,0.22594850514740672,98.9345704945916,9949.02723161565,37.16394604801527,0
dodo-k1000000000000000,351,10000,0.9118916522600911,-0.9105291465107825,0.9105291465107825,0.001362505749308518,138940.08885345003,1546.7721911938386,0.9889899156426999,6940,60,23044.03343253663,-0.005245889250744255,0.10063554487108604,99.47541107492557,10038.889802258353,141.52990195223055,0
dodo-k1000000000000000,352,10000,3.7746470565374186,-3.7809835471549604,3.7809835471549604,-0.006336490617541823,292585.0098438214,2183.33221298851,0.9925930573217129,11752,203,76217.14897465215,0.01573614830882704,0.17203256542047923,101.5736148308827,9896.805936185428,75.13661845490097,0
dodo-k1000000000000000,353,10000,2.080638181973856,-2.079935988298871,2.079935988298871,0.0007021936749849189,216071.56053578825,3107.713655087709,0.9858211335603689,8338,132,52817.06591587259,-0.011034169799548863,0.06257172914599864,98.89658302004511,10123.538295668513,144.46897762998216,0
dodo-k1000000000000000,354,10000,2.8383243593070406,-2.8368848926684223,2.8368848926684223,0.0014394666386183808,273830.63843948377,2513.372730364125,0.9909049133370965,11745,166,64532.48454765001,-0.00936424542062582,0.09261473551508033,99.06357545793742,10075.47769876589,91.15506987045693,0
dodo-k1000000000000000,355,10000,2.9789121016473974,-2.979439211649293,2.979439211649293,-0.0005271100018955366,233305.50703438255,1472.721239056371,0.9937271813920449,8211,143,61486.739179868644,0.0025313117456602185,0.13900885838167384,100.25313117456602,9936.610183394072,154.18981019057375,0
dodo-k1000000000000000,356,10000,1.4098124277509032,-1.4091216037232925,1.4091216037232925,0.0006908240276106703,128618.48377639384,148.01774307570545,0.9988504949553723,4863,84,32440.601628953857,-0.0055043140856295735,0.09029122057621024,99.44956859143704,10050.685192570854,97.80831608080179,0
dodo-k1000000000000000,357,10000,1.4068919102099102,-1.3890049774029194,1.3890049774029194,0.01788693280699083,110058.05290901988,494.035469619077,0.9955311973128268,4423,67,27294.989437333566,0.04104651164734037,0.11631960628162517,104.10465116473404,9585.733229054273,98.8813785647594,0
dodo-k1000000000000000,358,10000,1.087082664881402,-1.08728540093648,1.08728540093648,-0.00020273605507803438,129596.92943302158,1650.7747764607361,0.9874224483665941,7130,53,22193.174967325376,0.012055334959892292,0.1148093125131922,101.20553349598923,9873.659950948817,144.43542147189282,0
dodo-k1000000000000000,359,10000,2.2362734779198306,-2.235499772473645,2.235499772473645,0.0007737054461856019,195598.6769272498,2239.199675276197,0.9886816432033642,7444,128,50780.29817261135,0.00426293947814429,0.10199513027486602,100.42629394781443,9958.111397233908,106.20999279808248,0
dodo-k1000000000000000,360,10000,1.1663414275062434,-1.1642434196661497,1.1642434196661497,0.0020980078400936186,125965.16960651857,612.6290690645047,0.9951600590666404,5055,76,27990.452576601332,0.014003217112282584,0.1015706350937296,101.40032171122826,9868.68946909881,96.80170645181772,0
dodo-k1000000000000000,361,10000,3.2550916343955905,-3.253468930129003,3.253468930129003,0.0016227042665875047,174020.46546611647,1841.2430127324585,0.989530165329004,9217,129,43601.83894409118,-0.0202586746216501,0.37657178505181177,97.97413253783499,9922.927688250607,35.89070504569022,0
dodo-k1000000000000000,362,10000,1.9431125432261172,-1.9407422328916937,1.9407422328916937,0.0023703103344234755,237164.5353091375,1361.5351887934364,0.9942918810260397,11674,119,45138.18363329091,-0.012903687616988862,0.1003291002322493,98.70963123830111,10126.51938561715,97.38404598995342,0
dodo-k1000000000000000,363,10000,2.028490727981008,-2.0215683232611923,2.0215683232611923,0.006922404719815756,166065.0996221482,1325.5110016321753,0.9920813300298466,6603,117,44246.84528187179,0.023836869245711795,0.16931649178654895,102.38368692457118,9755.51608693555,105.30057743395567,0
dodo-k1000000000000000,364,10000,1.9558022212695159,-1.9530414807377667,1.9530414807377667,0.0027607405317491285,115582.70535089172,1212.100574347421,0.9896219650801655,4605,81,30149.118302153463,0.007135858807889263,0.34766320335907236,100.71358588078893,9879.266651161432,78.58188494603716,0
dodo-k1000000000000000,365,10000,2.3879081798214195,-2.385121100589629,2.385121100589629,0.002787079231790557,235646.46546600838,2180.1151530879647,0.9908331728631307,9184,136,53967.47328228561,0.012541216197329562,0.09484441529947105,101.25412161973296,9869.5859475013,95.25272921915307,0
dodo-k1000000000000000,366,10000,1.153369040846935,-1.152473068251993,1.152473068251993,0.0008959725949420072,161504.1230094797,2444.069381290156,0.9850924286163234,10771,66,24577.039124443738,0.0007873797580661801,0.14870769286700436,100.07873797580662,9997.533138594235,89.16800316112867,0
dodo-k1000000000000000,367,10000,1.498482951221109,-1.4967115484421925,1.4967115484421925,0.001771402778916631,157957.82792321802,1771.9614227503962,0.9889065062315182,7838,90,34456.295281331106,-0.009213096896364022,0.1021122302343322,99.0786903103636,10089.833835593296,102.15133618218331,0
dodo-k1000000000000000,368,10000,0.8152661032591864,-0.8165343992260716,0.8165343992260716,-0.001268295966885269,133050.10342444576,2221.8166498272194,0.9835751821323501,10506,58,19822.368083886297,-0.01704102634401153,0.11429370593749269,98.29589736559885,10182.795994273867,46.64121858200154,0
dodo-k1000000000000000,369,10000,2.05215656320597,-2.0424114186910742,2.0424114186910742,0.00974514451489572,200507.67574749875,2736.669915984276,0.9865350747788307,9534,92,41465.78386312117,-0.020830575361657395,0.12952745926135478,97.91694246383426,10139.256427820155,159.14475917761348,0
dodo-k1000000000000000,370,10000,1.924499481070407,-1.9246516249062324,1.9246516249062324,-0.00015214383582540236,182892.86847117118,1855.8890461855103,0.989954524884904,6885,115,44614.977876858975,-0.00037862987282139216,0.09339353417786597,99.96213701271786,10023.377649781278,99.22440146244203,0
dodo-k1000000000000000,371,10000,1.4462161549721286,-1.4381897190574762,1.4381897190574762,0.008026435914652463,145310.92659172136,1254.073876273774,0.9914435651603767,5410,85,32324.643219519196,0.02633968804973051,0.09061490646021823,102.63396880497305,9758.507071691676,58.151763025720285,0
dodo-k1000000000000000,372,10000,0.7003826684944369,-0.6966616964004402,0.6966616964004402,0.0037209720939966884,120981.33374545843,1453.8876457033523,0.9881252499960089,7553,53,19146.57264958628,-0.0006711373566112399,0.07474542746513975,99.93288626433888,9923.74157119014,117.61770074891827,0
dodo-k1000000000000000,373,10000,0.8815932440076895,-0.8776971280487373,0.8776971280487373,0.0038961159589521177,94424.3173201952,1429.230012772279,0.9850894405836901,4801,63,22841.081664773967,0.0018659268912256267,0.06888660371501289,100.18659268912256,9877.206520404518,97.85218742429431,0
dodo-k1000000000000000,374,10000,0.6388760272913427,-0.6388123072980534,0.6388123072980534,0.00006371999328935729,82654.99517991091,1096.5373589310152,0.9869072561935214,4497,43,15226.199700219448,0.0005642558290776379,0.0766097036183352,100.05642558290776,9997.480102127203,94.7746136680901,0
dodo-k1000000000000000,375,10000,3.121003468479296,-3.1126783154307986,3.1126783154307986,0.008325153048497569,272977.5514345347,1856.135328612131,0.9932463325348768,11365,157,62304.38158227966,-0.01919432880389351,0.1473027998216527,98.08056711961065,10335.84429979595,155.8141834348393,0
dodo-k1000000000000000,376,10000,2.03884324305811,-2.0330600552013607,2.0330600552013607,0.005783187856749361,196720.705364198,1833.5155162080277,0.9907656683999058,7952,101,46321.40616730431,-0.017193976926436393,0.1263324080011401,98.28060230735636,10271.488019096658,217.7149092138442,0
dodo-k1000000000000000,377,10000,1.5047735949811414,-1.5049052273747634,1.5049052273747634,-0.0001316323936220165,189984.90856221993,2006.615887566771,0.98954841421611,9829,91,33656.318325578904,0.014246587765006495,0.12383401584154129,101.42465877650065,9919.670698794613,67.52459434563514,0
dodo-k1000000000000000,378,10000,1.9234281367783645,-1.9247993009938114,1.9247993009938114,-0.0013711642154468073,199525.73481068612,1735.4243863564607,0.991377251361961,8213,113,43902.320366926244,-0.009448566631475046,0.09840390281273642,99.0551433368525,10182.63003168664,104.99722800548626,0
dodo-k1000000000000000,379,10000,1.2697825791299078,-1.2641221947406507,1.2641221947406507,0.005660384389257089,146889.67772140537,1514.0902949407787,0.9897974942605635,7372,82,30225.78866641654,-0.02187402288732727,0.08276469727808233,97.81259771126727,10230.149766375796,107.09477794308499,0
dodo-k1000000000000000,380,10000,1.0250311886447767,-1.0209072313743945,1.0209072313743945,0.0041239572703821725,110055.3976261305,1369.0444936833308,0.987713247940598,6651,61,21639.83725680823,-0.0022798520284737834,0.08235120148359229,99.77201479715262,9941.413323722683,37.25852570816146,0
dodo-k1000000000000000,381,10000,0.9590517639511953,-0.9580921992247795,0.9580921992247795,0.0009595647264157847,109225.12692422088,1313.7299696159525,0.9881152202353813,6466,49,19451.475805673843,0.0062700798819463445,0.13587242279358833,100.62700798819463,9937.216652806923,100.82310097088454,0
dodo-k1000000000000000,382,10000,0.472521641603786,-0.4677159296811908,0.4677159296811908,0.004805711922595213,68599.71036675328,1129.0352395311377,0.983808180833969,5581,35,10719.078161610101,-0.0050413726887850886,0.09522392710313099,99.49586273112149,9912.531552805112,66.42757372228675,0
dodo-k1000000000000000,383,10000,1.2780144787251002,-1.2766771241790025,1.2766771241790025,0.0013373545460977354,118962.04155620543,1134.25605527083,0.9905554452732568,4508,72,26362.018970890284,0.017206101085757125,0.10926522033596911,101.72061010857571,9879.353538912694,73.20381602030669,0
dodo-k1000000000000000,384,10000,0.9559861956954591,-0.9531825208260898,0.9531825208260898,0.002803674869369277,130835.79126256946,1603.696415061274,0.9878911007345119,5995,63,23105.222249866787,-0.017450311408303634,0.08699103131962033,98.25496885916964,10145.48229574249,84.48340316634926,0
dodo-k1000000000000000,385,10000,0.8551581495518872,-0.844541222919645,0.844541222919645,0.01061692663224223,63633.84452078038,1236.756689051147,0.9809350203946667,4379,38,15532.737702889846,-0.0284769170646679,0.1595346310363931,97.15230829353321,10258.116340169689,104.61406622725117,0
dodo-k1000000000000000,386,10000,1.0860640193852322,-1.0842547686895614,1.0842547686895614,0.0018092506956708387,164873.1438822357,2551.963075997506,0.9847575843171829,9175,81,28581.398188973508,0.013199040048733224,0.0630452112343751,101.31990400487332,9876.05117035344,93.76261887180742,0
dodo-k1000000000000000,387,10000,1.2299089698921863,-1.226098771732211,1.226098771732211,0.0038101981599754087,192942.59526680494,2359.123084138084,0.9879206230029225,11328,73,28891.791657947484,-0.01549262192120267,0.11028288500707148,98.45073780787973,10173.724551918567,150.68622293412932,0
dodo-k1000000000000000,388,10000,1.7648358807737365,-1.7699953888736104,1.7699953888736104,-0.005159508099873866,233900.22778760458,2054.8974485566214,0.9912911514572954,10028,109,44250.78850377402,0.00822204183919709,0.07143191609135428,100.82220418391971,9994.4751612193,102.91410981530791,0
dodo-k1000000000000000,389,10000,2.459209746993235,-2.4570965261789866,2.4570965261789866,0.002113220814248251,134544.11715066846,999.3639948735529,0.9926269859204776,5040,108,39153.36044962563,-0.003513164320383595,0.2432201261152315,99.64868356796164,9995.442555975682,50.707941737509806,0
dodo-k1000000000000000,390,10000,1.2007359403824411,-1.1990823815024214,1.1990823815024214,0.0016535588800197232,173207.13375321633,1231.0221371452762,0.9929429308005354,10167,86,30251.744975544738,0.013857693390459502,0.0791726009023074,101.38576933904595,9885.793025304825,84.43827250739176,0
dodo-k1000000000000000,391,10000,1.2159097727537953,-1.220369193821341,1.220369193821341,-0.00445942106754571,170921.1817789154,1892.5809566774037,0.989048436150464,9037,88,31720.84190827607,0.015170302866604146,0.0770017982743795,101.51703028666041,9970.16125298734,148.86748956424333,0
dodo-k1000000000000000,392,10000,0.6808297813359293,-0.6778567642855364,0.6778567642855364,0.0029730170503928788,91948.09490966119,1580.4394828318002,0.9831020608512961,5122,45,16223.71886603138,0.01284632127201604,0.07599928272999833,101.2846321272016,9847.180278213751,111.24275701570009,0
dodo-k1000000000000000,393,10000,2.75258544132578,-2.7478819274349746,2.7478819274349746,0.0047035138908055885,240860.5623256889,3005.1366214698473,0.9876770835978823,10683,144,53577.19763335322,-0.022943336633795327,0.21657135796851748,97.70566633662047,10178.38220339564,59.912073026557394,0
dodo-k1000000000000000,394,10000,3.057833965916908,-3.0532558107792056,3.0532558107792056,0.004578155137702211,247750.23955822882,2523.830892260521,0.989915731630857,9736,165,61493.527541868556,-0.018889837000076425,0.1790177053901344,98.11101629999236,10175.716060934787,88.08142200921634,0
dodo-k1000000000000000,395,10000,0.6278454687349583,-0.6270085888372705,0.6270085888372705,0.00083687989768777,82452.22841968924,1112.5761295483585,0.986686067949901,4597,45,15545.796588519675,-0.0017893242767871697,0.08017791000734732,99.82106757232128,9928.279018495185,155.1184015835788,0
dodo-k1000000000000000,396,10000,2.383683254973332,-2.382289005817654,2.382289005817654,0.0013942491556782066,180439.30567605354,491.14492586482476,0.997285449053872,6662,116,47773.357791214854,0.009257603228765277,0.12944942724512615,100.92576032287653,9903.228137349051,103.43715369072217,0
dodo-k1000000000000000,397,10000,1.4954794772450688,-1.494669453804704,1.494669453804704,0.0008100234403647377,165329.41190714348,2108.0388994104233,0.9874099916759608,7987,81,32045.46898324789,-0.012359557869305746,0.12891687089725024,98.76404421306943,10094.86633732649,79.41108286165839,0
dodo-k1000000000000000,398,10000,0.7033106612154292,-0.6987525991395387,0.6987525991395387,0.00455806207589049,116193.39347978515,1446.9139587576108,0.9877005255234181,5540,56,22585.744947172283,-0.0009303451973406141,0.03839749241460339,99.90696548026594,9844.519971418114,198.38121121080906,0
dodo-k1000000000000000,399,10000,0.4559821644101585,-0.45154574489714605,0.45154574489714605,0.004436419513012435,82874.68338465059,1036.32472012233,0.9876497167233607,6617,32,11382.338098549644,0.021944513926528374,0.07819964041142058,102.19445139265284,9796.90986148803,95.64050066528185,0
dodo-k1000000000000000,400,10000,1.6946283181234796,-1.6951874332676198,1.6951874332676198,-0.0005591151441401987,185570.09637033264,1502.7891968605202,0.9919668251638705,7341,108,41878.719684860895,0.0007082607505346061,0.07484256168481153,100.07082607505346,10083.552596905844,104.7825873962232,0
dodo-k1000000000000000,401,10000,0.4279894240605366,-0.4203266960985843,0.4203266960985843,0.007662727961952276,64836.107047988975,1283.6361563412288,0.9805861896291036,4010,28,10245.803155455294,0.035181821775361895,0.06292750155723184,103.51818217753619,9724.816885548631,82.87062419917793,0
dodo-k1000000000000000,402,10000,2.81516450808621,-2.814648570375539,2.814648570375539,0.000515937710671377,252129.42307028125,169.9232433498692,0.9993265014522128,10286,168,64206.67070152143,0.0007440510632575581,0.10194090384512379,100.07440510632576,9989.063227353809,99.80422989275071,0
dodo-k1000000000000000,403,10000,1.4622978978153602,-1.4625900401658782,1.4625900401658782,-0.00029214235051799875,188204.68990922207,1693.752041383599,0.9910807480883695,9814,104,36911.42854888622,0.022193602613767068,0.06943559435235727,102.2193602613767,9894.272671236266,79.5186281759675,0
dodo-k1000000000000000,404,10000,1.5001328816775512,-1.4995468351238515,1.4995468351238515,0.0005860465536997594,155771.02890990788,1905.3619442622132,0.9879159972273566,5904,93,36627.880050543965,-0.017396091627655607,0.06363289075292045,98.26039083723444,10303.625370680851,120.4283501745212,0
dodo-k1000000000000000,405,10000,0.3746043934636069,-0.36670718145916226,0.36670718145916226,0.007897212004444654,56218.06069310311,968.0233708164551,0.9830723962540528,4276,23,8725.812660396854,0.04847389012945698,0.07302676978560825,104.8473890129457,9707.919892314074,70.0721854917118,0
dodo-k1000000000000000,406,10000,0.879144623340659,-0.8784693946687412,0.8784693946687412,0.0006752286719178269,140608.04237442478,2009.852560971214,0.9859074307478619,9390,61,21749.032529308974,-0.009760030885873619,0.09063990814918114,99.02399691141264,10127.841153838168,115.35967467289188,0
dodo-k1000000000000000,407,10000,0.6043743992334876,-0.602820274588737,0.602820274588737,0.0015541246447505763,82692.57537898485,1570.0705296839067,0.98136694483359,5127,37,14315.51979001766,0.005167660390605562,0.07565579345037833,100.51676603906056,9910.848193782092,104.9332958814478,0
dodo-k1000000000000000,408,10000,2.12839671485997,-2.1217609660807284,2.1217609660807284,0.006635748779241446,143538.13777489518,1483.6085783276258,0.9897697509812489,7714,88,32001.42432867197,-0.02570251381572362,0.24451885221427547,97.42974861842764,10208.021404213483,70.17455432988118,0
dodo-k1000000000000000,409,10000,1.3953584511470372,-1.3948499758711819,1.3948499758711819,0.0005084752758552913,168056.69530320106,2141.1237187336296,0.9874197934436652,5988,87,37113.17610353847,-0.015231658848079376,0.07072521013232005,98.47683411519206,10305.443797308755,119.38920600185742,0
dodo-k1000000000000000,410,10000,1.8412721769820337,-1.849341627889828,1.849341627889828,-0.008069450907794318,135489.95458846458,1120.9838949824884,0.9917943328153161,4759,89,33331.19790711664,0.026015443516943293,0.2144276448011189,102.60154435169433,9963.71469889315,38.63694140995803,0
dodo-k1000000000000000,411,10000,1.253085671878569,-1.2569337587829068,1.2569337587829068,-0.0038480869043377997,128601.35960886138,1521.4883921284438,0.9883072925661996,5877,62,25670.1894715625,-0.007390405796916326,0.1239718021145319,99.26095942030837,10246.476592828934,115.05567820961065,0
dodo-k1000000000000000,412,10000,0.6590083961136537,-0.6568100066929219,0.6568100066929219,0.0021983894207318055,120991.25275716305,1705.3216433532377,0.9861013100676586,9224,49,18335.735458671443,0.00561514551318993,0.06927346169222631,100.561514551319,9907.282987376628,149.97496318984773,0
dodo-k1000000000000000,413,10000,1.4694439496800393,-1.4652862222729368,1.4652862222729368,0.004157727407102518,171715.37356547563,2445.2835367957946,0.9859596100664695,8424,95,34345.00827289975,-0.01793413615751362,0.11033211287369142,98.20658638424864,10095.752019201072,111.05521381129603,0
dodo-k1000000000000000,414,10000,2.7342979666636205,-2.7302272760217647,2.7302272760217647,0.004070690641855723,265551.1580432174,2451.088507007633,0.9908542240277516,11582,143,56305.72257852424,-0.015491415566354335,0.15830647992533442,98.45085844336457,10030.478884764796,70.54611788601315,0
dodo-k1000000000000000,415,10000,1.2663244683934625,-1.2642916153216675,1.2642916153216675,0.0020328530717950155,140312.2896063122,1100.571004396107,0.9922173202660411,5747,68,27718.123961235524,0.00929769083678309,0.07643112679689949,100.92976908367831,9884.686883756947,101.89334590755318,0
dodo-k1000000000000000,416,10000,0.4536296123585618,-0.4532514797256795,0.4532514797256795,0.0003781326328823331,90395.82265007508,1660.0861645588102,0.9819665441802155,6257,34,12349.459903582809,0.004787152125523449,0.04569176721614625,100.47871521255234,9962.815989514269,111.54540870840175,0
dodo-k1000000000000000,417,10000,1.3865836329548726,-1.3794761290659494,1.3794761290659494,0.007107503888923228,156675.44858488013,2385.2635387169303,0.9850040685291067,7214,71,28665.519497273315,-0.025003527826798405,0.12548861779636666,97.49964721732016,10278.932822533461,107.07520351566187,0
dodo-k1000000000000000,418,10000,0.5861512247030655,-0.5814035117689969,0.5814035117689969,0.004747712934068615,99998.37924177175,1146.0087552136522,0.9886695764549209,5453,41,15864.123007379843,0.017883215243138437,0.04732013523326088,101.78832152431384,9776.244863949574,154.00157860553227,0
dodo-k1000000000000000,419,10000,0.7450115415322246,-0.7428251809877224,0.7428251809877224,0.002186360544502164,121729.11683016375,2545.9402104135993,0.9795136669333226,7685,46,16756.23641405671,0.0063280982582391235,0.1223779740744773,100.63280982582391,9911.565127391506,103.70456875739303,0
dodo-k1000000000000000,420,10000,1.3795916257648662,-1.3753291298944532,1.3753291298944532,0.004262495870412941,154909.01216676197,2792.605120377518,0.9822918422244661,10126,78,26497.596325805756,0.015549253655048573,0.11915780438169037,101.55492536550486,9850.854658576829,65.58705845503661,0
dodo-k1000000000000000,421,10000,0.5278866245951173,-0.5276538697340243,0.5276538697340243,0.00023275486109297638,74750.2308593354,1048.8899062617668,0.9861622417823898,4128,33,12721.52713744403,0.003326432877540526,0.07327859006680214,100.33264328775405,9959.32807149847,113.96973346125885,0
dodo-k1000000000000000,422,10000,0.5108924737320627,-0.5084776189207219,0.5084776189207219,0.0024148548113408497,77304.52026528829,1474.5623051346497,0.981282311788583,4832,30,11662.334938326789,0.0037266523513886794,0.06350184317198738,100.37266523513887,9897.676621847824,143.2724004731088,0
dodo-k1000000000000000,423,10000,0.6959481304147697,-0.6948701699887465,0.6948701699887465,0.0010779604260231501,63414.76669943639,1121.9304938341058,0.9826156195989668,4440,33,14002.334433344435,0.004002543532731835,0.08952261532943083,100.40025435327318,9925.28278671711,129.30019002215653,0
dodo-k1000000000000000,424,10000,1.0276929434549271,-1.0185727995112188,1.0185727995112188,0.009120143943708303,122816.00026301552,1220.3452731814311,0.9901613896482842,6722,70,24205.186614967188,0.046476562832158945,0.07892440536385735,104.6476562832159,9702.008582777213,64.94421331010906,0
dodo-k1000000000000000,425,10000,1.4586685863590034,-1.463928632790612,1.463928632790612,-0.0052600464316086,137655.6071889177,1540.6044369957856,0.9889321381738742,5670,81,32795.413060869716,-0.003009405815349453,0.08134633770077315,99.69905941846505,10151.945134276184,118.38385301113112,0
dodo-k1000000000000000,426,10000,1.27447990824547,-1.268413639649168,1.268413639649168,0.0060662685963019936,168001.97120036522,1244.9570325506206,0.992644138091314,9654,80,30066.94167826268,-0.022887257629888323,0.06861211096329668,97.71127423701117,10199.106413629852,95.29531009585322,0
dodo-k1000000000000000,427,10000,1.1887355168589901,-1.1878796989474836,1.1878796989474836,0.0008558179115065734,132047.39755917422,1791.0526839207648,0.9866178016805512,7514,80,27317.773389309164,0.03447206204615526,0.09429503957315333,103.44720620461553,9800.061532228097,76.86609659728674,0
dodo-k1000000000000000,428,10000,0.8118937962432878,-0.8106132777116386,0.8106132777116386,0.001280518531649233,154391.5835769628,2374.54645110362,0.9848529369789348,10323,63,23701.594624209396,-0.012817079665861257,0.05081208478217533,98.71829203341387,10123.039000973253,194.90843545565022,0
dodo-k1000000000000000,429,10000,2.7762957114091305,-2.776104618146519,2.776104618146519,0.00019109326261146364,278864.00662705867,1670.2265045192814,0.9940462649214867,10642,156,65060.35854658445,-0.0013682625334278953,0.09249023019055301,99.86317374665721,10018.633356561382,131.93445052589976,0
dodo-k1000000000000000,430,10000,1.396277208734641,-1.3965118030682788,1.3965118030682788,-0.00023459433363792748,161797.88719104274,2623.8641937713387,0.9840418668961237,8402,87,33205.091611749536,0.010544332042831428,0.08896672152949492,101.05443320428314,9940.490517100932,87.42609396551642,0
dodo-k1000000000000000,431,10000,1.4355866988920347,-1.4341197834414743,1.4341197834414743,0.0014669154505604354,189048.68306681098,802.8752397750266,0.9957710368725102,10596,92,35541.37618947792,0.006593727549153101,0.07783277563299407,100.65937275491531,9918.552966072804,115.61020348028701,0
dodo-k1000000000000000,432,10000,2.118941117497269,-2.117760547100602,2.117760547100602,0.001180570396667413,120242.76322451294,1322.1867015370603,0.9891236190831207,5806,67,24188.573139145323,-0.028870920113805452,0.33698440330837187,97.11290798861945,10147.95121323263,55.8637384565773,0
dodo-k1000000000000000,433,10000,3.1430488831799215,-3.145351616330629,3.145351616330629,-0.0023027331507075033,193431.65187429407,1953.705191153742,0.9900007594197588,7883,153,50139.8947767639,-0.008299487647959722,0.2364101118494908,99.17005123520403,10058.679926009374,29.59092273044651,0
dodo-k1000000000000000,434,10000,0.8248834428761863,-0.8237822575995608,0.8237822575995608,0.0011011852766255048,101903.89803995752,1441.160403076804,0.9860548687591947,6831,55,19230.29656069079,0.01817562790486221,0.07526204203021976,101.81756279048622,9893.410224097328,75.05302836475634,0
dodo-k1000000000000000,435,10000,2.551018806220351,-2.5475982025423036,2.5475982025423036,0.003420603678047307,264889.16117613047,1960.9693362730009,0.9926514207337747,10876,150,59854.96218747517,0.014068649582410301,0.08950975486487266,101.40686495824103,9821.980569407313,133.83458281712393,0
dodo-k1000000000000000,436,10000,1.3983171562369998,-1.3981544957441088,1.3981544957441088,0.00016266049289104245,143517.5019041108,2068.2408059398617,0.9857936583113157,8478,91,32298.698777885307,0.003337734225358275,0.11894069721868035,100.33377342253583,9989.155922744678,92.19011207615675,0
dodo-k1000000000000000,437,10000,0.9846323345264499,-0.9838143997432951,0.9838143997432951,0.0008179347831548389,119000.21567280547,1980.848227710008,0.9836267911370089,6298,63,21740.751554034203,-0.0038062557860492063,0.10665389615866275,99.61937442139508,10015.679961417343,59.333780437215594,0
dodo-k1000000000000000,438,10000,0.5334908957147064,-0.5283737404393491,0.5283737404393491,0.005117155275357277,87421.66725381726,1501.0183049834,0.9831199620709741,5283,37,13560.304289988302,0.022838504010013878,0.08232187433651646,102.28385040100139,9793.420606178022,103.42552155893274,0
dodo-k1000000000000000,439,10000,2.960383731449167,-2.954181114797194,2.954181114797194,0.006202616651973081,281443.46406661376,2205.625642028616,0.9922241046347294,11116,153,61987.60162019286,-0.016418623159790684,0.16752380574287187,98.35813768402093,10040.630139081273,65.04314524380018,0
dodo-k1000000000000000,440,10000,0.4826200073065847,-0.48353835243483445,0.48353835243483445,-0.0009183451282497312,125664.16008122017,1964.9716486152836,0.9846040506428052,10435,33,12509.212859287512,-0.0024360590165896667,0.05904265396983959,99.75639409834103,10051.237233804577,114.23074103393479,0
dodo-k1000000000000000,441,10000,0.3453358267218404,-0.3402294942533217,0.3402294942533217,0.0051063324685186595,62281.667379051316,1693.0018971196157,0.9735363712501407,4508,24,8386.802720219746,0.027779237107136225,0.08682704835309422,102.77792371071362,9789.748963139173,67.50017776197232,0
dodo-k1000000000000000,442,10000,4.40712705409365,-4.409538663532345,4.409538663532345,-0.00241160943869545,268113.149853588,2186.8827916454397,0.9919094246114439,10082,218,78315.86787362704,-0.0046235171449927745,0.2367498808320373,99.53764828550072,9952.788147987429,49.24764939711783,0
dodo-k1000000000000000,443,10000,2.25333427097236,-2.247710385498692,2.247710385498692,0.005623885473667656,222369.82939700593,2329.2854586160806,0.9896337577470533,9345,133,50621.32236767433,-0.021612579119070715,0.1092879859322116,97.83874208809293,10193.1840629913,94.36663547381654,0
dodo-k1000000000000000,444,10000,2.219565530348241,-2.215442035159924,2.215442035159924,0.004123495188316895,231432.11413186044,2801.493384491698,0.9880397462422376,11381,123,45745.54331269447,-0.005180903348852155,0.14222511181085495,99.48190966511478,9996.074419053914,83.27319595062855,0
dodo-k1000000000000000,445,10000,0.3531652472088052,-0.3488461965104648,0.3488461965104648,0.004319050698340432,80463.15998639153,1317.9137236051997,0.9838848566811601,6132,29,9912.122431615688,0.008037602844559615,0.04196925722353697,100.80376028445596,9843.839366913528,109.9092269867585,0
dodo-k1000000000000000,446,10000,1.017130062773843,-1.0127152190707989,1.0127152190707989,0.004414843703044236,124859.51961871145,1453.9161933582277,0.9884896156611449,4762,70,28120.332205001036,-0.012921855569992858,0.05877479780915309,98.70781444300071,10136.573239425252,119.80019033788815,0
dodo-k1000000000000000,447,10000,0.9725867251719114,-0.9704307308415423,0.9704307308415423,0.00215599433036906,134582.99132104215,3177.793926855941,0.9769325216814237,8329,64,23294.580050345594,0.011460320726007894,0.12012243541672361,101.14603207260079,9863.196230972935,97.24092416885661,0
dodo-k1000000000000000,448,10000,1.6604607318832674,-1.6626062576160052,1.6626062576160052,-0.002145525732737852,176652.5439801383,2511.959194784755,0.9859795933331043,9578,100,35770.057399501675,0.01933482877919488,0.16515890934503716,101.93348287791949,9910.653829302177,78.63750169079104,0
dodo-k1000000000000000,449,10000,1.109446430129216,-1.104020473269685,1.104020473269685,0.005425956859530956,147362.8998487675,3690.109683829542,0.9755707635667251,10302,72,24180.437775309358,0.027138331354412487,0.1542635199115824,102.71383313544125,9807.314858728632,55.34013984938232,0
dodo-k1000000000000000,450,10000,0.860618702556547,-0.8547174757852076,0.8547174757852076,0.005901226771339418,146859.4893270259,3564.27181804221,0.9763051276546341,11049,63,22627.25336773651,-0.0244780247425048,0.05755638836211787,97.55219752574952,10224.030734583841,100.43729998502583,0
dodo-k1000000000000000,451,10000,0.9213153356023153,-0.9171353556422446,0.9171353556422446,0.00417997996007069,106417.05399369968,1686.995817668729,0.9843947028754946,5273,59,22605.46387168847,-0.019187678674077235,0.09780732947537743,98.08123213259228,10205.358155320153,115.67576703159847,0
dodo-k1000000000000000,452,10000,1.5297101573795966,-1.5264160608438146,1.5264160608438146,0.003294096535781943,143986.8908989756,1883.8705563253593,0.9870853450168448,8314,86,31413.004528500376,-0.009929808614667053,0.1490514923919389,99.0070191385333,10005.982921136634,66.93526093106411,0
dodo-k1000000000000000,453,10000,2.6585706863799405,-2.658611733132176,2.658611733132176,-0.00004104675223537413,235552.7421107636,3386.101370620703,0.9858285855858153,10292,147,54904.37130756818,0.017516990487573735,0.1080477134538981,101.75169904875737,9889.092859176593,69.62910628954926,0
dodo-k1000000000000000,454,10000,0.45734184855723176,-0.45747042128419935,0.45747042128419935,-0.0001285727269675907,63292.09986345017,872.519676795926,0.9864018569260173,5316,32,10165.820780510503,0.00991462225345927,0.10234171599041446,100.99146222534593,9956.75233939561,48.609308582368236,0
dodo-k1000000000000000,455,10000,3.8223889931692128,-3.846743836429937,3.846743836429937,-0.024354843260724124,160570.3328288938,2067.73827706263,0.987286259219617,6955,103,41204.52342268599,-0.020761432946629414,0.3918062320658811,97.92385670533706,10112.246683836536,68.55504131725361,0
dodo-k1000000000000000,456,10000,1.2763250941377013,-1.2735571046040377,1.2735571046040377,0.0027679895336636395,131004.828301804,333.99220200538707,0.9974570184144779,5211,73,28915.31709157552,-0.015386850665303485,0.07027907572464955,98.46131493346965,10155.260609717603,105.73620594054768,0
dodo-k1000000000000000,457,10000,3.083568071156733,-3.0823265644330036,3.0823265644330036,0.0012415067237294686,297188.08607190405,2723.74499622604,0.9909181808982811,11861,187,71885.4007002492,0.0044680041286115114,0.08076477314726091,100.44680041286115,9958.167494004141,85.0943379522687,0
dodo-k1000000000000000,458,10000,0.8960255769197699,-0.8978044281045925,0.8978044281045925,-0.0017788511848225719,157114.752867527,3199.151661769101,0.9800444529676807,10680,67,22781.412725997783,0.006620892922963009,0.08385162249200619,100.6620892922963,10016.502679428844,58.4527547431518,0
dodo-k1000000000000000,459,10000,1.0232672122481432,-1.0225247608293273,1.0225247608293273,0.0007424514188159037,97924.42477568518,1249.8058353991728,0.9873978771733524,4337,65,20678.76354626866,0.013350805877164617,0.15962008936372285,101.33508058771646,9897.76696917452,54.759180549935586,0
dodo-k1000000000000000,460,10000,1.24904733905683,-1.248336688664267,1.248336688664267,0.000710650392562906,150057.35050526532,1591.3262380390731,0.9895064944039524,9129,77,28714.154722024407,0.01557070204092696,0.12409869401990192,101.5570702040927,9894.371005096646,80.3890781604229,0
dodo-k1000000000000000,461,10000,0.612342021157485,-0.6066356024384731,0.6066356024384731,0.0057064187190118965,92491.04954330619,816.1585499547456,0.9912529957049084,6667,41,15185.11015984357,-0.022327675976703744,0.07244420358534555,97.76723240232963,10236.681390190544,107.07658468719652,0
dodo-k1000000000000000,462,10000,2.9593998588044355,-2.9583837787403695,2.9583837787403695,0.0010160800640659495,277586.4649431922,1070.7773120060817,0.9961573677276779,11573,151,60657.03318384595,-0.009501773910792224,0.14336541145978515,99.04982260892078,10116.622503469162,104.15971191181474,0
dodo-k1000000000000000,463,10000,0.3798996268852543,-0.37887156859102333,0.37887156859102333,0.0010280582942309713,82381.00395757133,386.0363079188608,0.9953358691251908,6523,26,9434.176081350308,0.008685762099863013,0.07516474850778508,100.8685762099863,9913.04910755024,99.54678831296937,0
dodo-k1000000000000000,464,10000,0.5558867344036214,-0.554889455252976,0.554889455252976,0.0009972791506454026,117299.61230486566,1518.8256185152145,0.9872172564707961,8342,43,14642.502485900859,0.01148897653879189,0.0551947837640607,101.14889765387919,9894.660885781223,95.88776045030315,0
dodo-k1000000000000000,465,10000,2.132574845780412,-2.120639361280837,2.120639361280837,0.011935484499574933,184012.30436315614,1845.5374149010916,0.9900701665464029,7045,109,44263.68231178568,0.02827522665936428,0.15599688924818694,102.82752266593643,9699.12748497004,97.65309966561432,0
dodo-k1000000000000000,466,10000,1.565338842959487,-1.561481398106821,1.561481398106821,0.0038574448526660365,130519.05151454947,1462.4727155255591,0.9889191102765555,5418,86,32537.12935146375,0.03152460291334577,0.11298184870369198,103.15246029133458,9784.521306527755,75.03875251009258,0
dodo-k1000000000000000,467,10000,0.5958540609675193,-0.5944371992416677,0.5944371992416677,0.001416861725851537,79126.71335935353,188.22579023892837,0.9976268557694544,4280,34,13228.290171629766,-0.010980350889154807,0.08115935159924391,98.90196491108452,10109.765420416747,101.77994543370228,0
dodo-k1000000000000000,468,10000,1.1687673083061167,-1.1675342028857472,1.1675342028857472,0.0012331054203695846,114726.38819271282,617.7556958793749,0.9946442387532388,5516,69,26681.518286815015,0.007900047614862018,0.09829389847970717,100.7900047614862,9912.080137425377,103.89632848176089,0
dodo-k1000000000000000,469,10000,0.7056447522571426,-0.7037775172028091,0.7037775172028091,0.0018672350543335048,81544.04380628663,1876.0541936783695,0.9775107649276658,5822,44,16117.155754226409,-0.01069628943461467,0.10952289699232594,98.93037105653853,10053.07888741329,91.26349732777008,0
dodo-k1000000000000000,470,10000,0.657952891355293,-0.6549064814249732,0.6549064814249732,0.0030464099303197933,98493.09255323492,1755.9177657328778,0.9824844378997261,6780,47,17412.400097697944,-0.009388416754918154,0.06997827992229488,99.06115832450818,10059.180540709393,132.9398925875566,0
dodo-k1000000000000000,471,10000,0.5682819326648259,-0.5707613535588223,0.5707613535588223,-0.0024794208939964424,85424.65829234556,1528.2170373457634,0.9824247670758286,6366,44,14193.054242373677,0.021733465262217352,0.0626914270778049,102.17334652622174,9958.691119674499,65.47061976477148,0
dodo-k1000000000000000,472,10000,2.419286921166181,-2.428079666872776,2.428079666872776,-0.008792745706594829,158310.52729430195,1660.2229749479675,0.9896217091427425,7400,88,34942.53326478784,-0.0037147850946585947,0.2617850195117883,99.62852149053414,10089.602935303748,79.49324905523362,0
dodo-k1000000000000000,473,10000,2.038480496861687,-2.038503285261413,2.038503285261413,-0.000022788399725914843,214484.79760484464,2437.356164383944,0.9887639131272092,10099,121,45528.50656374376,0.016007158476023024,0.1073395213862446,101.6007158476023,9963.487179849122,57.854180223578204,0
dodo-k1000000000000000,474,10000,3.066629211044446,-3.0553511584981834,3.0553511584981834,0.011278052546262796,298943.7256136329,2016.4703000113482,0.9932998771020539,11155,165,67620.7552392402,-0.03231235447161382,0.10377617958988196,96.76876455283862,10394.055016076845,116.09748451979789,0
dodo-k1000000000000000,475,10000,1.1867518017478969,-1.1773826695097682,1.1773826695097682,0.00936913223812863,114790.82978652988,1301.0513643449003,0.9887929168564852,7275,64,22595.25756532293,0.0016466624242600857,0.24629978519577833,100.16466624242601,9878.260338858325,49.48173493297955,0
dodo-k1000000000000000,476,10000,1.6111089005778394,-1.6090759774082812,1.6090759774082812,0.002032923169558165,220747.2746146528,3624.825900246752,0.9838445783057327,11525,110,40894.08759148322,-0.0002642139755785422,0.07171062604522448,99.97357860244215,9974.048715764202,108.59601315210521,0
dodo-k1000000000000000,477,10000,1.064492124538945,-1.0616543955998168,1.0616543955998168,0.002837728939128148,147684.26740299212,2584.5119746045048,0.9828007388806285,8652,73,27484.169260667208,-0.01642772747010781,0.07040013166099769,98.35722725298922,10155.487233349348,109.38881867964473,0
dodo-k1000000000000000,478,10000,1.0602353024255016,-1.057909441945526,1.057909441945526,0.0023258604799756277,91434.80880339543,1308.1823093914666,0.9858945426096883,4338,54,19196.072651763512,-0.005546534827173275,0.1368040664620166,99.44534651728267,10028.50322963242,50.407565765424664,0
dodo-k1000000000000000,479,10000,0.8948580397891152,-0.8951870800061101,0.8951870800061101,-0.0003290402169949802,119800.12874424088,2443.2964296142104,0.9800128601915453,8638,48,16407.52557885769,0.0055156621301505025,0.17929167381147934,100.55156621301505,10026.648529347922,72.52114921339496,0
dodo-k1000000000000000,480,10000,1.8306582373416362,-1.8248413961183019,1.8248413961183019,0.005816841223334368,203596.19978791574,1611.0137409740478,0.9921493318228444,10183,122,45387.00879120375,-0.02264076421816057,0.08412647274466081,97.73592357818394,10229.149751869702,101.69001240386267,0
dodo-k1000000000000000,481,10000,0.8548164787656861,-0.8534627809692665,0.8534627809692665,0.001353697796419584,176184.146825884,2233.9867475118363,0.9874789254726014,11512,67,24523.78926763494,-0.010203714124957202,0.0553695145024723,98.97962858750428,10163.33182551516,146.35858597611372,0
dodo-k1000000000000000,482,10000,1.5101484634742053,-1.5107024427891815,1.5107024427891815,-0.0005539793149762495,190323.30522487615,1968.8915407710524,0.9897609389570259,9030,99,38793.45089367685,-0.011827518670496317,0.08886299772358214,98.81724813295037,10136.954267978392,159.33411335403972,0
dodo-k1000000000000000,483,10000,2.0046246456259897,-1.9783619888171415,1.9783619888171415,0.026262656808848206,90454.52616287112,1040.6910198081298,0.9886257331054771,4010,47,20907.551949701876,0.028473119919207618,0.22649517300088617,102.84731199192076,9694.034385701734,92.25154665532128,0
dodo-k1000000000000000,484,10000,1.1939252589609808,-1.2011306335785719,1.2011306335785719,-0.007205374617591076,155419.82357685798,2696.5811575893326,0.9829455952902663,11328,78,26282.282603012893,0.00603044856123276,0.09782580461392626,100.60304485612328,10086.159878724966,108.23916588867387,0
dodo-k1000000000000000,485,10000,1.4331884065348086,-1.4313838083082828,1.4313838083082828,0.0018045982265257887,152530.35733993488,2097.6963989103415,0.9864339209594322,7374,81,32763.752438202315,-0.01310431309891456,0.07608491568249548,98.68956869010854,10134.196169134602,119.5297720697439,0
dodo-k1000000000000000,486,10000,1.2426287173290924,-1.2392016036810674,1.2392016036810674,0.0034271136480250597,106459.35859754797,802.2863423433062,0.9925202867922369,4620,74,27111.152916807358,-0.020690575006976103,0.08531414310515145,97.93094249930239,10205.945075099195,77.7629685280421,0
dodo-k1000000000000000,487,10000,1.135836688176615,-1.1345772541715746,1.1345772541715746,0.0012594340050404718,122711.57702414536,1407.105521088481,0.9886632254529798,4570,71,29556.92509081491,-0.009104144480977966,0.050292907105318675,99.0895855519022,10091.834911295166,172.84417558901163,0
dodo-k1000000000000000,488,10000,1.2735742070637397,-1.2737479023310243,1.2737479023310243,-0.0001736952672846126,162878.7692212348,1991.9921152711574,0.9879178569982736,7940,82,31720.83392014216,-0.0093108686092242,0.08587386108432953,99.06891313907758,10074.218308092411,122.67048292464139,0
dodo-k1000000000000000,489,10000,2.364864186915399,-2.3646563031308006,2.3646563031308006,0.00020788378459846157,193410.05243958085,1091.9455031041211,0.9943859419715272,6847,127,51401.92005522964,-0.0018294926030618796,0.1484480635462559,99.81705073969381,10028.41808630997,119.25194359041714,0
dodo-k1000000000000000,490,10000,0.9844525884684328,-0.9831147241184794,0.9831147241184794,0.0013378643499533105,125409.40041101741,1627.6041102582437,0.9871879527040828,6666,63,23616.686759510772,-0.010395008627847773,0.07556279401862057,98.96049913721522,10106.95069033345,97.31936629640732,0
dodo-k1000000000000000,491,10000,3.0715161542396134,-3.0665438137395995,3.0665438137395995,0.004972340500013939,274931.35545845836,2756.447086389972,0.9900735752124193,11066,164,62389.17158772762,0.02562255333289684,0.14556618692537782,102.56225533328968,9800.44736362798,79.77451593859573,0
dodo-k1000000000000000,492,10000,0.7809567683120001,-0.7806296038345408,0.7806296038345408,0.00032716447745928523,118563.89611593596,1661.158151274365,0.9861829286632526,5987,57,21038.330826822174,0.002090077555578773,0.06941668312100731,100.20900775555788,9960.037879315527,121.66367939265241,0
dodo-k1000000000000000,493,10000,1.7227004118283562,-1.7242016941746954,1.7242016941746954,-0.0015012823463391722,172539.487323793,1812.7255850461845,0.9896030824340957,10149,101,32632.97693714268,0.020212228576954486,0.2734189405187087,102.02122285769545,9904.031386072626,40.56523644849904,0
dodo-k1000000000000000,494,10000,0.5825456985987715,-0.5809847255602563,0.5809847255602563,0.001560973038515212,96734.35973391343,1748.5095906638078,0.9822455458227856,7909,36,12499.61638046823,-0.0029816657689991644,0.14562460401242588,99.70183342310008,10031.916535627934,62.51250639959682,0
dodo-k1000000000000000,495,10000,1.6279737903213518,-1.6276844173419818,1.6276844173419818,0.0002893729793700395,151579.717593501,1852.631182291925,0.9879254199191129,8073,76,29919.94656884027,-0.001006744269789266,0.17928421815338041,99.89932557302107,10001.274598667425,93.3622555485158,0
dodo-k1000000000000000,496,10000,1.2780512857662616,-1.271695769599546,1.271695769599546,0.00635551616671548,147899.81088006744,2290.496566628384,0.9847493716101399,7230,87,29725.284401368073,0.041249263677870684,0.07604009277792187,104.12492636778707,9742.336500349826,63.81967609577817,0
dodo-k1000000000000000,497,10000,1.2141637345380605,-1.2002997367955572,1.2002997367955572,0.013863997742503242,140941.55503339812,1682.25948422149,0.9882049187233478,7788,65,26125.07155102974,-0.030644945650921473,0.09137629755569861,96.93550543490785,10441.540886966071,142.06103934942544,0
dodo-k1000000000000000,498,10000,0.49638321701496346,-0.4948152799191803,0.4948152799191803,0.0015679370957831784,129912.79081027539,2391.8403363884,0.9819217187209646,10537,40,13733.01986775033,-0.009018237025524059,0.0579034712791902,99.0981762974476,10086.085671587243,95.30359048196318,0
dodo-k1000000000000000,499,10000,0.4518675756696896,-0.45040629309727365,0.45040629309727365,0.0014612825724159562,85099.9482281387,1112.4548691880334,0.9870963477501936,6386,36,12143.911042907725,0.014961726317705626,0.04785776694561392,101.49617263177056,9878.295514859183,87.47165406845828,0
dodo-k1000000000000000,500,10000,2.276462769378446,-2.2693816246938923,2.2693816246938923,0.007081144684553564,199903.275944339,1496.4505873983053,0.99256974866268,7316,125,49853.288866195086,0.024039705039756994,0.11458770793084838,102.4039705039757,9738.075552776187,108.87813137566569,0
dodo-k1000000000000000,501,10000,2.1972883547076645,-2.1905303785714523,2.1905303785714523,0.006757976136212207,152580.03429054713,1129.673068867987,0.9926506068596792,5406,88,37093.1605971128,-0.023685537406682756,0.19778479137265292,97.63144625933172,10256.626999694481,99.87699805983084,0
dodo-k1000000000000000,502,10000,1.7802793557485346,-1.7825091028608142,1.7825091028608142,-0.002229747112279634,187529.30449395024,1948.6200779568187,0.9897158464113464,8831,111,38690.20261297011,0.019372868468024933,0.1660746808032418,101.9372868468025,9928.414460147895,75.81893143355069,0
dodo-k1000000000000000,503,10000,0.604587259847605,-0.6027332939954704,0.6027332939954704,0.001853965852134598,122108.00081391618,2395.176309877293,0.9807621269978053,8308,49,16886.2226958794,0.00863419079264986,0.04914954631726701,100.86341907926499,9903.223042701531,97.94582952960913,0
dodo-k1000000000000000,504,10000,3.4438174066486513,-3.4448666869703857,3.4448666869703857,-0.0010492803217343472,311133.8048681507,3308.7873921766936,0.9894772926008785,11288,207,78455.13549130781,0.01971810652682521,0.10861712401754176,101.97181065268252,9926.67217483571,67.85407064680061,0
dodo-k1000000000000000,505,10000,0.3660942451750575,-0.3669689773745404,0.3669689773745404,-0.0008747321994828638,57613.52949079229,1274.9698057972105,0.9783494261014213,4344,26,9458.730335270675,-0.014056808272864884,0.060986361328595536,98.59431917271351,10216.980518762111,80.97984172022159,0
dodo-k1000000000000000,506,10000,0.7883095993808638,-0.7840112027255941,0.7840112027255941,0.004298396655269654,145743.86412664913,2030.7312973401215,0.9862579133340638,10063,57,21814.359986389507,0.0011397334483578448,0.06624763773410919,100.11397334483578,9922.164481144262,125.3239000523486,0
dodo-k1000000000000000,507,10000,0.6353650677282732,-0.6335766768611961,0.6335766768611961,0.0017883908670770499,98055.27300418128,1303.819274080487,0.9868777054602205,5689,46,16685.23179416001,-0.0042921971485560565,0.053867639533482926,99.5707802851444,10010.36508009754,116.76323549341127,0
dodo-k1000000000000000,508,10000,1.6333313607742164,-1.6285030975417385,1.6285030975417385,0.00482826323247787,208045.18735299728,823.1100927711127,0.99605919087369,10495,100,37448.48976743315,0.02297854148045033,0.1139154861469899,102.29785414804503,9794.359384828871,95.07703668238047,0
dodo-k1000000000000000,509,10000,2.769240603448833,-2.7632229914530626,2.7632229914530626,0.006017611995770444,261199.34246977206,3822.248262551305,0.9855775967082929,11026,153,58483.64137723912,-0.01792300855053398,0.12995431095115137,98.2076991449466,10135.161244349698,93.67146644680534,0
dodo-k1000000000000000,510,10000,1.9326414421399116,-1.9315129233650623,1.9315129233650623,0.0011285187748493186,190117.93955105034,2071.196969386786,0.9892231319267802,7570,110,42118.94186534878,0.01262611942097152,0.1405392032149153,101.26261194209715,9937.630110918697,87.51734843932982,0
dodo-k1000000000000000,511,10000,1.8918924722653219,-1.8881557315251598,1.8881557315251598,0.003736740740162059,220431.8664884192,2065.7656467692764,0.9907155612086957,11009,111,43442.98476089406,-0.017071721712945732,0.09468898068719966,98.29282782870543,10152.443793539767,103.86260754960776,0
dodo-k1000000000000000,512,10000,0.9216064483946195,-0.9190112292612866,0.9190112292612866,0.0025952191333328267,149746.24031302636,2490.2409679236825,0.9836422850359502,10720,57,21803.571842420995,-0.010575214128126191,0.09395178853835162,98.94247858718738,10061.445462251237,90.71353089466925,0
dodo-k1000000000000000,513,10000,3.604703961648882,-3.600837063227317,3.600837063227317,0.003866898421565068,265625.7078470562,2555.6574634276685,0.9904704137050354,9995,200,68786.52760474136,-0.02902486029272609,0.18200587914284086,97.09751397072739,10133.08049586407,46.23435740383001,0
dodo-k1000000000000000,514,10000,0.8883125754539347,-0.8860079383126163,0.8860079383126163,0.002304637141318455,148449.02037616476,2833.2211640273144,0.9812719514519185,9807,54,21280.260615855,-0.0011993475690859157,0.12165655831513632,99.88006524309141,10022.916075264373,201.20910727615166,0
dodo-k1000000000000000,515,10000,1.1342721828411655,-1.1325659202010456,1.1325659202010456,0.00170626264011986,147668.32934015422,1466.5141335864796,0.9901665224609653,8526,63,23330.121863532633,-0.00771550112874067,0.14969668382339832,99.22844988712593,10064.487029816228,85.3506831389895,0
dodo-k1000000000000000,516,10000,1.49706882288259,-1.4935932817288062,1.4935932817288062,0.003475541153783679,152807.56299090735,1200.3193772106247,0.992206117253521,6847,93,31730.80462570109,0.03359694987033663,0.13673236081014878,103.35969498703366,9827.097159158066,36.74187400178701,0
dodo-k1000000000000000,517,10000,3.4190157239552645,-3.4213147081466104,3.4213147081466104,-0.0022989841913458875,240556.23806231437,1764.240709332976,0.9927193907907572,10170,167,58237.56289069461,0.02379690912895711,0.1839272425835658,102.37969091289571,9980.185040571178,33.76847659356618,0
dodo-k1000000000000000,518,10000,1.983178805145148,-1.9834330454197016,1.9834330454197016,-0.00025424027455356324,116778.30074776996,1189.0520041237205,0.9899204993891445,4240,92,37057.56429705517,-0.012392377994558501,0.11279976407181039,98.76076220054415,10120.616492559198,72.43327741346008,0
dodo-k1000000000000000,519,10000,3.407858926783747,-3.404948296855423,3.404948296855423,0.0029106299283241377,313161.9224621502,948.4438129735609,0.9969805395975285,11722,178,73142.61683436643,0.012063234736253606,0.122757597366721,101.20632347362536,9864.57007804469,105.0759677992,0
dodo-k1000000000000000,520,10000,1.79002696384427,-1.78063417564789,1.78063417564789,0.009392788196380009,214672.87549625506,2992.2942318242863,0.9862527650355707,9956,98,41340.39233404624,-0.02969004779668822,0.07793616025539749,97.03099522033118,10363.793581270314,138.28744481730243,0
dodo-k1000000000000000,521,10000,0.32118869497871205,-0.31831307568131706,0.31831307568131706,0.0028756192973949934,63217.78402892489,928.2156205032707,0.9855296413560288,4968,25,9653.738708458612,-0.01541008153914774,0.046853030503451125,98.45899184608523,10070.523529159913,111.02052442371586,0
dodo-k1000000000000000,522,10000,0.6759312291138457,-0.6739345990077368,0.6739345990077368,0.001996630106108954,104480.37388379207,1131.3699159680614,0.9892874610790148,6719,45,16803.15606407858,-0.011221428482270283,0.07116516805091422,98.87785715177297,10090.406846289094,94.86528978636358,0
dodo-k1000000000000000,523,10000,0.4751432625960617,-0.4711583090410727,0.4711583090410727,0.0039849535549890125,104724.61146435732,2042.2694964337036,0.9808716946860732,7492,38,13363.421769101538,0.017159188193556076,0.044195488962580215,101.71591881935561,9817.055477146794,112.16467383836296,0
dodo-k1000000000000000,524,10000,1.8821811830153379,-1.8822133896233595,1.8822133896233595,-0.000032206608021612126,112438.46764013536,1848.7316935442786,0.9838238078776731,4718,71,28765.799077064738,0.030899093214387535,0.1721086057566582,103.08990932143875,9886.173858281327,60.93384366556086,0
dodo-k1000000000000000,525,10000,0.867738953912637,-0.8706923316163966,0.8706923316163966,-0.0029533777037595854,110402.61912900582,1764.2574048286135,0.9842711372613069,5883,50,19005.886405530528,0.02393677420946176,0.08464130522328887,102.39367742094618,9938.285103618255,103.88130537616819,0
dodo-k1000000000000000,526,10000,0.8059232794568765,-0.8090271764402246,0.8090271764402246,-0.00310389698334812,134775.4359222341,3632.389401637488,0.9737558957151609,10809,57,20454.02352166571,0.008125692048334798,0.06638425248339644,100.81256920483348,10012.724035752684,104.74560557098565,0
dodo-k1000000000000000,527,10000,0.6168567547449066,-0.6182078972324803,0.6182078972324803,-0.00135114248757362,99522.00155951771,2214.9450547463516,0.9782287052200974,6599,46,16021.75967225058,0.008851924476715994,0.05838005932094461,100.8851924476716,9983.179921915531,81.35558103079696,0
dodo-k1000000000000000,528,10000,1.1477933978280137,-1.1479185954211175,1.1479185954211175,-0.00012519759310380962,155133.07867637725,2437.3320725743547,0.9845317908293225,9522,81,28774.648650088096,-0.0005131126423709987,0.09845627966920319,99.9486887357629,10038.252787977053,89.07469559322297,0
dodo-k1000000000000000,529,10000,0.6973757701889312,-0.6901118538577293,0.6901118538577293,0.007263916331201825,76171.27328779467,603.8144146222165,0.9921352819945628,4066,50,17963.587527000054,0.025448210945277196,0.06039813086473842,102.54482109452772,9740.717570267452,100.28336618752037,0
dodo-k1000000000000000,530,10000,1.668421971996455,-1.6626539390578614,1.6626539390578614,0.005768032938593626,148951.56959940167,1373.933055952753,0.9908602796486056,5383,101,37041.15235812093,-0.025980341149089696,0.09981334227418116,97.40196588509103,10257.065412231279,101.69769729782128,0
dodo-k1000000000000000,531,10000,2.2978598354722033,-2.2961062773992467,2.2961062773992467,0.0017535580729566291,231586.60130348883,1715.6978367892877,0.9926460311659523,10675,120,47447.300149434566,-0.010792791596910404,0.17263391275792955,98.92072084030896,10085.995479313448,110.13111417837389,0
dodo-k1000000000000000,532,10000,1.152992634721679,-1.1523417297213996,1.1523417297213996,0.0006509050002794226,168394.6660701605,2767.058139143781,0.9838336628593429,9475,75,28853.426885738656,-0.005096986766004505,0.06442815809959371,99.49030132339955,10014.561224429704,124.74795167451322,0
dodo-k1000000000000000,533,10000,0.8020361002051466,-0.7983542106252912,0.7983542106252912,0.0036818895798553797,109370.36633831784,1389.6839882243994,0.9874532019069391,6802,53,18889.356611362353,-0.01656381306097117,0.12689598390788276,98.34361869390288,10152.009464235987,142.7729189741036,0
dodo-k1000000000000000,534,10000,2.3980154588875973,-2.3844550575911114,2.3844550575911114,0.013560401296485836,135207.82857246988,1622.99350050416,0.9881386848670793,6810,92,29221.193865624184,0.05192092805016301,0.3092664691075689,105.1920928050163,9730.249011838567,33.98897758375087,0
dodo-k1000000000000000,535,10000,0.8894550866394795,-0.8904196138329326,0.8904196138329326,-0.0009645271934530797,88973.95305156364,1035.834809202037,0.9884919758859521,5177,61,17544.704933605273,0.0598837545803778,0.24998287399084304,105.98837545803778,9856.731312769742,17.266303552170353,0
dodo-k1000000000000000,536,10000,1.168095537599199,-1.167989407955531,1.167989407955531,0.00010612964366796263,134518.78262976854,1212.7947528208738,0.9910647560707091,9458,64,24266.96439692596,0.0007440870999900539,0.1457347071219486,100.074408709999,10001.999611524192,85.9329445092417,0
dodo-k1000000000000000,537,10000,0.7247994127950818,-0.7209076946094797,0.7209076946094797,0.0038917181856020777,127238.52174294117,1549.0431208986079,0.987972106448815,7614,53,18318.800111773606,0.018092087456895455,0.06661150472262292,101.80920874568955,9809.541571480127,86.57890930611123,0
dodo-k1000000000000000,538,10000,1.3182469384932962,-1.3174538767531772,1.3174538767531772,0.0007930617401190609,101893.05636063567,720.6706770877762,0.992976858965245,3998,70,27242.14369634691,0.013554087735896446,0.11129212404060042,101.35540877358964,9916.273769199259,64.3198757310599,0
dodo-k1000000000000000,539,10000,1.1513431954437914,-1.1446884587428485,1.1446884587428485,0.006654736700942854,111048.10318552086,1443.2381090639221,0.9871702293487241,4983,73,27000.778115113564,-0.027245435638544677,0.06787392142406588,97.27545643614553,10321.44886950719,106.7799829552167,0
dodo-k1000000000000000,540,10000,2.8999936482567303,-2.9010942827131316,2.9010942827131316,-0.0011006344564012949,235561.44137709428,1792.5613563788222,0.9924477306650197,9798,148,58006.9037740413,-0.0028694936405005934,0.18885689755974625,99.71305063594994,10065.002510403352,90.5869240700577,0
dodo-k1000000000000000,541,10000,1.3116743495731962,-1.3116963865139724,1.3116963865139724,-0.000022036940776182234,103200.64630028539,794.6952430297837,0.9923583572952758,4033,76,26393.691058507276,0.0378500364338646,0.12989647668851176,103.78500364338646,9879.217200870795,42.0996734967568,0
dodo-k1000000000000000,542,10000,1.2786369852821906,-1.2737571357029651,1.2737571357029651,0.0048798495792254926,172345.55420886792,2157.501281490771,0.9876363122959186,10330,78,30242.90664315393,-0.01807489958505769,0.09249389655047395,98.19251004149423,10173.466483061115,99.12963906929552,0
dodo-k1000000000000000,543,10000,0.6402717440719232,-0.6394328244352323,0.6394328244352323,0.0008389196366909157,81826.13044846414,1112.4870442065603,0.9865866217952708,4672,38,14743.990477018164,-0.005996686315810394,0.07549581232202542,99.40033136841896,10036.41354052659,82.93519514019627,0
dodo-k1000000000000000,544,10000,2.3057954742282036,-2.3148340640804577,2.3148340640804577,-0.009038589852254031,192576.13137714998,2460.5706386178954,0.9873840635470806,7723,112,45949.42377439262,0.011096341848799795,0.14778568870170403,101.10963418487998,9983.770982337244,83.85583403727492,0
dodo-k1000000000000000,545,10000,2.520640232408599,-2.5152156026925923,2.5152156026925923,0.005424629716006546,252371.73914515137,1181.316483512777,0.9953409495279645,11733,159,59095.32492542208,-0.023139720517374656,0.09340540939924309,97.68602794826253,10219.957371102379,93.23300619833327,0
dodo-k1000000000000000,546,10000,1.3352569063435393,-1.3412930678225052,1.3412930678225052,-0.006036161478965907,222667.31644699036,2053.0232279654506,0.9908640969885724,11640,92,36260.80321307125,-0.008074944919477928,0.0608630347625909,99.19250550805221,10265.245342251917,305.13540527244663,0
dodo-k1000000000000000,547,10000,0.7170459712610401,-0.717981990687008,0.717981990687008,-0.0009360194259678822,127718.02376193534,2140.7241140191854,0.9835149795525205,7882,52,18170.189739695787,-0.00011805157019026069,0.09681406406362768,99.98819484298097,10042.162535638932,98.21059136074548,0
dodo-k1000000000000000,548,10000,0.5793660688295769,-0.5787855345167259,0.5787855345167259,0.0005805343128509888,109006.08220429535,1460.5971485740145,0.9867779392199493,4970,40,15711.753794798022,-0.007520370323393308,0.06205601902354232,99.24796296766067,10059.9287362964,159.14265862726558,0
dodo-k1000000000000000,549,10000,0.4537292389827633,-0.45300415020710716,0.45300415020710716,0.0007250887756561353,70309.54595524589,1699.6633780381549,0.9763965832457414,5509,19,7686.226231651188,0.0017403966057494813,0.13455486068951927,100.17403966057495,9983.705211625076,101.7972663837582,0
dodo-k1000000000000000,550,10000,1.2249570150287277,-1.223498255688412,1.223498255688412,0.0014587593403156962,130588.98519292541,1503.255296225322,0.9886196547907841,5523,81,32511.876100521647,-0.0024460693327050366,0.052863703936584724,99.7553930667295,9998.087292001868,130.97145669698696,0
dodo-k1000000000000000,551,10000,1.8776207994391014,-1.879915569736113,1.879915569736113,-0.002294770297011528,160313.3552995774,1354.5976617625072,0.9916211120574625,6954,101,37097.17593173307,0.009022630594190418,0.19632857764407816,100.90226305941904,9980.257169574095,68.6646416531645,0
dodo-k1000000000000000,552,10000,0.7572104824551611,-0.7573952211274673,0.7573952211274673,-0.0001847386723061728,86334.63437654314,1334.2508544527332,0.984780793654018,5048,52,17874.759212203626,-0.0017006893195906515,0.08088630238538386,99.82993106804093,10021.741766245043,55.18647110103805,0
dodo-k1000000000000000,553,10000,1.145189108880672,-1.1427274314523856,1.1427274314523856,0.002461677428286402,178243.16403005488,3365.840587348537,0.9814665545112184,9383,79,29500.286538111908,0.011592732557127334,0.06371616472407382,101.15927325571273,9876.44689115009,101.98080623911477,0
dodo-k1000000000000000,554,10000,1.7568151088139363,-1.7574052809315504,1.7574052809315504,-0.0005901721176140295,156438.37089903632,2063.210334404174,0.9869830299587644,6571,110,37761.477252570585,0.005899578531038401,0.15944755237149436,100.58995785310384,9951.781084017077,39.7306217339827,0
dodo-k1000000000000000,555,10000,1.5395110149090938,-1.5349283305065455,1.5349283305065455,0.004582684402548276,119946.90201532841,1938.6725602758504,0.9840943231631294,6469,66,24821.119886485434,0.001604492959889825,0.23714232337621227,100.16044929598898,9994.960881903078,99.0478883338801,0
dodo-k1000000000000000,556,10000,0.7691820160464294,-0.7697653692856647,0.7697653692856647,-0.0005833532392353069,144532.76105199868,2299.742607116262,0.9843376462989739,9748,61,23175.25326414809,-0.0019921252871994,0.04109385420318915,99.80078747128006,10032.599735664877,202.7625046711033,0
dodo-k1000000000000000,557,10000,1.1991180904643859,-1.1984286264420518,1.1984286264420518,0.000689464022334052,187339.76278744903,2571.674576140875,0.9864585587269431,11577,89,30668.654014182655,-0.006751367634695669,0.06591576548799509,99.32486323653043,10084.229546251636,106.7344285451224,0
dodo-k1000000000000000,558,10000,1.0762380576162238,-1.0753664574065738,1.0753664574065738,0.0008716002096500475,145258.31576181023,1355.4442685859692,0.9907549996105075,8548,65,25633.054579302985,-0.004726700146978829,0.07471399939758512,99.52732998530212,10064.230164913963,116.09850474915106,0
dodo-k1000000000000000,559,10000,3.896136825416393,-3.8938992892177,3.8938992892177,0.0022375361986930464,274896.0331224878,1971.8318853113701,0.9928780760264259,10998,197,70373.49577632999,0.04221542325474502,0.13919853161324156,104.2215423254745,9798.334625784664,69.45967769035484,0
dodo-k1000000000000000,560,10000,1.0875084377088688,-1.0838951286735892,1.0838951286735892,0.003613309035279677,113957.35511818423,1477.8013629552481,0.9871979957579328,5158,58,22514.205577880846,-0.017658052255765853,0.1144180008449915,98.23419477442341,10188.902392976415,85.91916807170469,0
dodo-k1000000000000000,561,10000,0.835380123176802,-0.8318034890831427,0.8318034890831427,0.00357663409365927,107947.34326315556,1336.5311510822542,0.9877700972970984,7110,43,16232.097052507614,-0.016173682767296072,0.12323539588040062,98.38263172327039,10092.97000890144,72.1248658647297,0
dodo-k1000000000000000,562,10000,1.1145666552402915,-1.1127796804814807,1.1127796804814807,0.0017869747588108442,147546.43013981363,30.220388301986485,0.9997952224271668,7817,74,27520.12008115393,-0.011781802092416171,0.06813818508398299,98.82181979075838,10118.44723230184,99.63677897888302,0
dodo-k1000000000000000,563,10000,1.7567768889042892,-1.755461173343292,1.755461173343292,0.0013157155609970772,180222.04385323924,453.86452124703396,0.9974879632523761,7846,110,41461.81217844255,-0.009623682278900673,0.08961886882010106,99.03763177210993,10092.979000353767,95.99120198730567,0
dodo-k1000000000000000,564,10000,3.0800192848146475,-3.079023923367515,3.079023923367515,0.0009953614471323036,243462.93959782497,414.16801252590784,0.9983017347688589,10580,130,52638.41932327705,-0.007372202830709824,0.21279910386424278,99.26277971692902,10075.142938701281,98.954955671467,0
dodo-k1000000000000000,565,10000,2.291878635390728,-2.2917151416276056,2.2917151416276056,0.00016349376312252417,196443.8887921879,1827.7666335044182,0.9907815031372983,7411,116,49302.45710422433,0.004115307500504173,0.13778042323284978,100.41153075005042,9939.920422524196,218.39122965706557,0
dodo-k1000000000000000,566,10000,1.2597436554797337,-1.253233069168914,1.253233069168914,0.006510586310819688,143723.3561668952,1551.2688649507602,0.9893218181453871,6781,80,29773.410687042822,0.02660038967228118,0.0974166480449226,102.66003896722812,9762.282787768743,109.61850464730547,0
dodo-k1000000000000000,567,10000,2.2529100242820834,-2.2522115556929236,2.2522115556929236,0.0006984685891597842,218124.20092577013,1962.988775576543,0.9910808585531931,10400,134,46736.933740000226,-0.015879710795232996,0.1152220073464494,98.4120289204767,10090.783040274071,51.24606829775438,0
dodo-k1000000000000000,568,10000,0.7362197026501582,-0.7337609230536941,0.7337609230536941,0.0024587795964641224,122632.67375356948,1607.3099482648695,0.9870628609214706,9688,51,18850.60958141443,-0.014032121663642698,0.05771387648659825,98.59678783363573,10138.478599049013,112.53721362883763,0
dodo-k1000000000000000,569,10000,2.9897446974852446,-2.987779927753195,2.987779927753195,0.0019647697320497315,254599.1349873406,417.9545200085896,0.9983610725037447,9184,150,61451.23820791073,-0.014377203574844231,0.10590910151818378,98.56227964251558,10164.798074429345,102.45326020043706,0
dodo-k1000000000000000,570,10000,3.1104096668773633,-3.1018126817348275,3.1018126817348275,0.008596985142535818,245484.35470888,1856.2379949162282,0.9924952148993222,9373,173,58343.63809163341,-0.027826213567979464,0.19747012891040824,97.21737864320205,10024.267048461441,45.819512705477635,0
dodo-k1000000000000000,571,10000,3.599869243226667,-3.5982213404117545,3.5982213404117545,0.0016479028149123387,286605.5737755894,2074.4725880782544,0.992813938426957,11602,186,68571.50387422834,0.01210566092836757,0.16253986913332186,101.21056609283676,9893.49386373806,67.94677806911939,0
dodo-k1000000000000000,572,10000,0.7760850178565131,-0.7705423431353893,0.7705423431353893,0.005542674721123797,87815.8742814298,1440.8663984550737,0.9838570578817942,5145,51,17704.047641403755,-0.02157146611651399,0.09641740860135144,97.8428533883486,10116.92984315108,61.81167045016577,0
dodo-k1000000000000000,573,10000,1.7609192026870195,-1.7635249720176205,1.7635249720176205,-0.002605769330600971,188706.97921717667,1908.9619608371943,0.9899852974046152,11140,109,36840.349413578406,-0.005706584460616995,0.13186424735427793,99.4293415539383,10047.657109010559,51.63776651458527,0
dodo-k1000000000000000,574,10000,1.5707449258569093,-1.5730837720833506,1.5730837720833506,-0.0023388462264413157,171766.71425094307,1770.3570464108188,0.9897983927400887,6959,89,37947.996845027876,0.0044762864327177,0.11005725755847706,100.44762864327177,9984.0246295951,167.5473347110451,0
dodo-k1000000000000000,575,10000,2.484704650489894,-2.4826453355897797,2.4826453355897797,0.0020593149001144617,247781.48602270908,2281.041735411039,0.9908781145425458,11534,154,58056.021091379735,0.013151591859138705,0.0866372239956668,101.31515918591387,9892.308672499566,88.1459098851723,0
dodo-k1000000000000000,576,10000,2.5500623286808435,-2.5475830707218847,2.5475830707218847,0.0024792579589587582,217623.55516670676,3283.6852740357845,0.9851354565496162,11102,126,49291.55089150414,-0.014298171688649148,0.17249217274252074,98.57018283113509,10102.434896130451,83.24196392931401,0
dodo-k1000000000000000,577,10000,0.629265613398836,-0.6320288034162047,0.6320288034162047,-0.0027631900173686885,69216.38708214337,678.8365586193602,0.9902877976024751,4070,45,14649.795579313792,-0.004434498467953319,0.1274546302603447,99.55655015320467,10194.271674367035,44.438527779382895,0
dodo-k1000000000000000,578,10000,2.0488188462947927,-2.0508721333467292,2.0508721333467292,-0.0020532870519365254,206430.3797714027,2801.2888318069467,0.9866115447508123,11540,100,42573.63708553438,0.0018826899701392108,0.12470284338462335,100.18826899701392,9943.354067249136,183.1108844988538,0
dodo-k1000000000000000,579,10000,0.6749967128018066,-0.6762402599399024,0.6762402599399024,-0.001243547138095824,88957.95898494753,1448.6606104697075,0.98397616660204,5124,50,18265.68081782969,0.0069385426406991255,0.06099429796576942,100.69385426406991,9962.673302053247,143.8945402773289,0
dodo-k1000000000000000,580,10000,1.1984570252428957,-1.1988179899234979,1.1988179899234979,-0.0003609646806022049,164623.67454769247,2411.507005579528,0.9855628797289603,9163,82,30071.704854607702,-0.006841492219285499,0.08529178544841415,99.31585077807145,10081.485815928223,157.51798221163267,0
dodo-k1000000000000000,581,10000,0.7319268645703432,-0.7223424063939206,0.7223424063939206,0.009584458176422617,97496.19882623469,2059.359367512459,0.9793144711869859,7793,49,15124.16273537728,0.0742795518502487,0.13561743079848995,107.42795518502487,9670.424336234597,27.90702266373063,0
dodo-k1000000000000000,582,10000,1.0477436041125168,-1.0485393077882463,1.0485393077882463,-0.0007957036757295644,130988.52109294465,2077.841146196325,0.9843849256022937,7129,74,25354.27501138816,0.005902080948666537,0.06738120935694142,100.59020809486665,10034.892130219194,66.33948181015751,0
dodo-k1000000000000000,583,10000,0.5225941918982342,-0.5228175079257937,0.5228175079257937,-0.00022331602755953917,78475.41212561188,1071.5791573569265,0.9865289794111125,5330,36,12507.515716002446,0.012043618861826531,0.08790625680861794,101.20436188618265,9943.827477699462,62.790361907341946,0
dodo-k1000000000000000,584,10000,1.423612084159558,-1.4161103628351839,1.4161103628351839,0.007501721324374211,216002.44665256276,252.1636517356531,0.9988339501692897,11769,101,36694.88923095217,0.02521170040142181,0.05821935560049497,102.52117004014218,9741.730447969452,102.45791525013938,0
dodo-k1000000000000000,585,10000,0.33938554511384267,-0.33524618198819667,0.33524618198819667,0.004139363125646001,66053.33687222718,855.9380912912183,0.9872074821949886,5168,28,9000.67491051854,0.0337755027256145,0.059012997163069375,103.37755027256145,9785.280516796596,62.998818361584135,0
dodo-k1000000000000000,586,10000,1.8191481435533106,-1.8073950571660475,1.8073950571660475,0.011753086387263023,164608.778538644,1228.3397789429046,0.9925930950115126,6431,95,40200.23713189681,-0.024228841745831176,0.0883640954995633,97.57711582541688,10151.710048726674,135.47173399506005,0
dodo-k1000000000000000,587,10000,1.0230873932237352,-1.0210781442592065,1.0210781442592065,0.002009248964528698,113871.73777435606,1342.0217247812209,0.9883518971118092,5403,64,23874.63844119958,0.018241567394211698,0.07784728792330413,101.82415673942117,9870.67688728657,79.6243781498357,0
dodo-k1000000000000000,588,10000,1.0106077659517783,-1.0095078576587184,1.0095078576587184,0.001099908293059837,120650.60124960054,1791.881354719561,0.9853655257831538,6488,62,24960.868475068626,-0.000625991772580221,0.07233698108519505,99.93740082274198,9956.89403051065,142.9535982638559,0
dodo-k1000000000000000,589,10000,0.9046327036747708,-0.9040840530572041,0.9040840530572041,0.0005486506175667039,155517.29867304125,2427.225311090256,0.9846324187134583,11148,67,24352.17983062898,-0.004469125746206544,0.048700828995585116,99.55308742537935,10071.292347813425,104.12931698699431,0
dodo-k1000000000000000,590,10000,1.8497996338808136,-1.848325955295877,1.848325955295877,0.001473678584936522,202999.38202223578,1469.7572570445705,0.9928118381960954,10241,111,42539.785155726815,-0.010183839611128604,0.12989329772885655,98.98161603888714,10105.67492009854,102.17605587213778,0
dodo-k1000000000000000,591,10000,1.6140464661310683,-1.582848122974724,1.582848122974724,0.031198343156344288,178263.93329374795,1552.1652985814167,0.9913680403994283,8025,92,36282.79933584368,0.024853658456342628,0.09919646417738277,102.48536584563426,9470.903794095097,170.94502230468575,0
dodo-k1000000000000000,592,10000,2.323777897678239,-2.3248851883041084,2.3248851883041084,-0.0011072906258693394,218945.50681460512,1797.4088644928572,0.9918574561771857,9110,122,47514.93936000595,-0.0033315471220734592,0.13438339437123134,99.66684528779265,10050.421186726866,86.88299440932985,0
dodo-k1000000000000000,593,10000,0.749141906409224,-0.750889949867485,0.750889949867485,-0.0017480434582610727,86625.44668335932,1425.667154255961,0.9838086414569929,5068,48,17833.157621273178,0.02058147039907368,0.09114186482299828,102.05814703990737,9901.00312476534,127.52394978198895,0
dodo-k1000000000000000,594,10000,0.9268013852933702,-0.9279438029416269,0.9279438029416269,-0.0011424176482567328,134566.4284703303,2676.3238841914313,0.9804993426736442,8865,62,21033.31193899532,-0.004708282023591295,0.11218195606313656,99.52917179764087,10047.590367311801,40.779985185185986,0
dodo-k1000000000000000,595,10000,0.8818202659231817,-0.8819262283246303,0.8819262283246303,-0.00010596240144855607,132819.76970514088,3275.8171003082866,0.9759300269964586,9649,60,20985.42083252956,-0.007160654292121364,0.12652401147008574,99.28393457078786,10052.179390053208,104.341102744763,0
dodo-k1000000000000000,596,10000,1.348906215945607,-1.3487099077319726,1.3487099077319726,0.00019630821363425532,133617.89794107236,1431.9377257669244,0.9893969680252005,5452,72,28789.773250748185,0.008805398659338834,0.10300060199028664,100.88053986593388,9963.198129705755,87.41606387806199,0
dodo-k1000000000000000,597,10000,1.4281899720477114,-1.4275830948520252,1.4275830948520252,0.0006068771956861951,195223.0393070244,2218.806429723905,0.9887622280806558,10670,88,33287.90569354967,-0.0031603684523012986,0.11628845325889088,99.68396315476987,10044.738830548198,95.73666565786881,0
dodo-k1000000000000000,598,10000,3.179866658791429,-3.1805044708281116,3.1805044708281116,-0.0006378120366825613,288835.43028466543,2438.516832485095,0.9916280983705545,11073,175,69291.66249742529,-0.0025547596792411297,0.11920598044967391,99.74452403207589,10019.343715869645,92.16854290901698,0
dodo-k1000000000000000,599,10000,5.109449094116025,-5.109696613573249,5.109696613573249,-0.0002475194572237882,307067.62389168114,2361.8807847321636,0.9923669826275872,11336,208,84417.65391870106,-0.018570868852885808,0.2568962223969102,98.14291311471142,10153.928402870195,85.52272691216025,0
dodo-k1000000000000000,600,10000,1.08074843054864,-1.081105088432281,1.081105088432281,-0.0003566578836411427,95438.70205857579,1393.6240183577352,0.9856078638733671,4422,60,21349.23226879525,0.007639098073135671,0.13751275976649965,100.76390980731357,9950.32618346537,53.75655396086622,0
dodo-k1000000000000000,601,10000,1.1745523438492596,-1.166475833012953,1.166475833012953,0.00807651083630656,105655.69634720532,1090.5280376439298,0.9897839193477018,4179,64,25883.485251245394,0.023609252908147055,0.11044985076742635,102.3609252908147,9722.440084900421,110.0934412303796,0
dodo-k1000000000000000,602,10000,1.2163308796088224,-1.216889030901939,1.216889030901939,-0.0005581512931165378,140438.01208786923,1400.2410135558862,0.9901279028545663,5515,74,30693.127117360265,-0.00002584002387976625,0.05627341536787256,99.99741599761202,9997.020413387323,126.13494630676568,0
dodo-k1000000000000000,603,10000,1.2317239022969328,-1.2291939712529256,1.2291939712529256,0.0025299310440072276,156244.5272204314,2107.420868265972,0.9866915380978734,8954,75,28489.595556083917,0.015285252030551533,0.08834010243055318,101.52852520305515,9849.295547535245,99.4759488368599,0
dodo-k1000000000000000,604,10000,4.58084809787491,-4.565516524195061,4.565516524195061,0.015331573679849164,273092.0750026613,2321.773050443568,0.9915698754189155,11760,185,65232.45452862996,0.06084025048961237,0.5173387300513042,106.08402504896124,9716.753416854477,40.19395435154546,0
dodo-k1000000000000000,605,10000,0.5142004417635899,-0.5138456707557566,0.5138456707557566,0.00035477100783332105,77229.82923692024,416.43322353397906,0.9946367898423176,4841,37,13177.712427245808,0.000380431873529119,0.0757514064853173,100.03804318735291,9991.814991305155,102.41020392610012,0
dodo-k1000000000000000,606,10000,0.3038527783489388,-0.3016011077214671,0.3016011077214671,0.0022516706274717246,66816.70312664764,891.7214173415957,0.9868299783469003,4140,20,7916.089815798383,0.009668627059288894,0.06833010985613186,100.96686270592889,9895.496934258907,127.25552115746517,0
dodo-k1000000000000000,607,10000,1.9304152372924837,-1.9255356314257597,1.9255356314257597,0.0048796058667239794,176686.94167688428,1799.6771009106494,0.9899170194761147,7451,115,41876.41080543399,0.010919640742937987,0.1457550735738262,101.0919640742938,9820.729118306785,122.22203561688673,0
dodo-k1000000000000000,608,10000,1.208572418775149,-1.2081691374799561,1.2081691374799561,0.0004032812951928477,175910.10770459936,1817.2563397537801,0.9897750335210043,11230,88,31998.101871512106,-0.003692432224201099,0.06385453817082919,99.63075677757989,10049.575301673105,105.19220550071998,0
dodo-k1000000000000000,609,10000,0.7112732814546132,-0.7092629577691127,0.7092629577691127,0.0020103236855004702,132740.31429756875,2596.797218911089,0.9808123788825294,10297,49,18354.607166884456,0.014881631256026111,0.07874043497837675,101.48816312560261,9888.931036814376,100.24624707468026,0
dodo-k1000000000000000,610,10000,0.9613222709985564,-0.9590131746303996,0.9590131746303996,0.0023090963681567933,166493.3681190445,1913.9634240841447,0.988634916267918,11641,62,22335.68427380235,-0.01078844513364956,0.11116130194838078,98.92115548663504,9955.247950578023,122.47292879266541,0
dodo-k1000000000000000,611,10000,3.335530132842063,-3.3288720684070654,3.3288720684070654,0.006658064434997613,276859.66095735,2324.6268078838107,0.9916735041699819,11673,187,66227.0312604841,-0.026610380354682092,0.21743088795109358,97.33896196453179,9962.825523715244,47.75684995178802,0
dodo-k1000000000000000,612,10000,1.2587093110715875,-1.2538192059804203,1.2538192059804203,0.004890105091167163,180289.2981995026,1902.8194608657889,0.9895559726441464,11221,92,30427.917219111136,-0.011331384639728128,0.08308142225145516,98.86686153602719,9988.06183733234,54.572305331533386,0
dodo-k1000000000000000,613,10000,1.2420347320366898,-1.2412423416521108,1.2412423416521108,0.0007923903845790115,174909.71027259596,3151.7172467714327,0.9822998316329423,8561,78,28138.157090293997,0.014703820526826662,0.10729715798224163,101.47038205268267,9930.113120632155,65.467761243177,0
dodo-k1000000000000000,614,10000,1.7597108245689195,-1.758720335572093,1.758720335572093,0.0009904889968264108,223118.3609712016,2132.517631915164,0.9905327000492079,9933,117,44926.74228450896,0.008543207520225167,0.07159427449936061,100.85432075202252,9936.220938138198,118.1689678595904,0
dodo-k1000000000000000,615,10000,0.3587017907608787,-0.3556143959769713,0.3556143959769713,0.0030873947839074045,61638.941639923534,1302.390585764519,0.9793078643284105,4825,29,8971.807901914211,0.021988912432565257,0.06990113616190982,102.19889124325653,9844.137681826436,51.05806734201403,0
dodo-k1000000000000000,616,10000,0.3394113424233836,-0.33725377384661215,0.33725377384661215,0.0021575685767714625,55762.62302893587,511.3722698716124,0.990912813864445,4297,24,8649.036479674316,-0.012802620885831999,0.07126898670665724,98.7197379114168,10131.616717059056,107.76120335627509,0
dodo-k1000000000000000,617,10000,2.439980085366705,-2.444654145624156,2.444654145624156,-0.004674060257451096,230496.3726478795,2485.014886922115,0.9893338480244439,9946,131,52797.31349897704,0.02318290122923756,0.09861930284343642,102.31829012292376,9793.31289096751,104.6636433113879,0
dodo-k1000000000000000,618,10000,3.754960514611528,-3.7520258833456523,3.7520258833456523,0.0029346312658757867,300808.19134776725,2579.473281456451,0.9914977647999997,11218,183,70960.1525091459,0.0043510405442950175,0.21733424395885648,100.4351040544295,9964.079503637604,81.63107379049231,0
dodo-k1000000000000000,619,10000,1.2031326966177036,-1.2011837695565646,1.2011837695565646,0.0019489270611390275,168312.59630029544,1935.3133017068863,0.9886323814123111,11190,75,27358.22558779663,0.015245051808724952,0.11073614195735132,101.5245051808725,9864.748752213778,96.09177552407807,0
dodo-k1000000000000000,620,10000,2.7735219791625556,-2.7782878163234273,2.7782878163234273,-0.004765837160871644,210921.15879378002,1983.3913220303523,0.9906841290101527,7907,128,48803.57580232112,0.0307488576364338,0.24088554031269355,103.07488576364338,9863.358086536902,77.39078559825987,0
dodo-k1000000000000000,621,10000,1.0805934580491394,-1.0736701042890218,1.0736701042890218,0.0069233537601176565,108098.09066065714,1140.1048223133557,0.9895631302103385,4097,58,24353.982616774567,-0.023634933285539717,0.07673767033277044,97.63650667144603,10169.301354541494,122.78787575107806,0
dodo-k1000000000000000,622,10000,0.26472103585599105,-0.2631765203564669,0.2631765203564669,0.0015445154995241683,56372.301913061354,1767.9538850817096,0.9695915702328545,4739,22,7333.549395662458,0.01247880261798116,0.04193288823709025,101.24788026179812,9881.29650437773,92.90810835553661,0
dodo-k1000000000000000,623,10000,1.0742799688862432,-1.0751103890498257,1.0751103890498257,-0.0008304201635824793,134847.24477421684,2221.8917125665766,0.9837899926306107,8337,68,24139.383106278543,0.007284344488284518,0.1319204084964653,100.72843444882845,9946.515420353286,86.01573014315113,0
dodo-k1000000000000000,624,10000,3.2095485885849615,-3.1924054964054847,3.1924054964054847,0.01714309217947685,171398.86970905084,1587.7372068540158,0.9908216177242792,8777,112,37747.05183718882,-0.0017917524848044763,0.8592490144030591,99.82082475151955,9985.280988407196,33.270632516992315,0
dodo-k1000000000000000,625,10000,1.4451882925221073,-1.444879134504788,1.444879134504788,0.0003091580173193442,149417.26840983535,1261.7512788212757,0.9916262311672297,6215,89,33649.833441200026,-0.00010397175822802751,0.12118924367859293,99.9896028241772,9984.64264028008,104.8000712852069,0
dodo-k1000000000000000,626,10000,0.32283879037098157,-0.3219412504523689,0.3219412504523689,0.0008975399186126887,67535.00452880222,508.86506046270745,0.9925215149647664,4786,27,8997.41291425596,0.008637533172288983,0.04264057707513885,100.8637533172289,9916.94920094044,90.71281131164903,0
dodo-k1000000000000000,627,10000,0.4008427838208021,-0.3930018333058456,0.3930018333058456,0.00784095051495648,56934.48654351903,816.5072381620248,0.9858615898239135,4288,28,9456.718258984749,0.04759674688893213,0.07670290302480766,104.75967468889321,9714.063585346397,69.20764041483396,0
dodo-k1000000000000000,628,10000,3.155361313529811,-3.156340989125738,3.156340989125738,-0.000979675595926821,239698.19393459664,3093.0303305296106,0.9872605348900418,8933,156,62890.02997648294,0.00037798136652867243,0.14278293624405491,100.03779813665287,10031.685830156724,119.61462933631582,0
dodo-k1000000000000000,629,10000,0.2683028018502727,-0.26734895506149314,0.26734895506149314,0.0009538467887795776,57158.19893536228,824.4589183349108,0.9857809395282431,4104,17,6709.213561201581,-0.013212424732766834,0.05128144563543955,98.67875752672332,10211.216672560513,144.8054846259827,0
dodo-k1000000000000000,630,10000,1.0111318727026972,-1.011959781450912,1.011959781450912,-0.0008279087482148118,95805.03739849181,1493.3732620925377,0.9846516171029553,4104,55,23037.862527982405,0.0019358991750993938,0.07476191193959096,100.19358991750994,9994.229342307586,135.3348578819516,0
dodo-k1000000000000000,631,10000,1.7789982141540635,-1.7877289782688877,1.7877289782688877,-0.008730764114824208,198363.91421815054,1713.2817468473102,0.9914368964509727,7951,108,45980.19031474469,0.0008703162964783928,0.05225460373053124,100.08703162964784,10207.546448376486,177.22367047747647,0
dodo-k1000000000000000,632,10000,2.495425881837392,-2.4930640575873895,2.4930640575873895,0.002361824250002531,271611.5313855574,2985.293306526274,0.9891284492824205,10665,158,59881.90965726725,0.020452935516522785,0.09138848740218065,102.04529355165228,9861.056797987949,87.79391393212764,0
dodo-k1000000000000000,633,10000,2.9029282562977095,-2.893122957210835,2.893122957210835,0.009805299086874442,223842.70581286933,706.7491744510827,0.9968525901143204,8713,152,59795.83819032414,-0.028843277999552584,0.1722934695449851,97.11567220004474,10246.228749064072,97.13453000383612,0
dodo-k1000000000000000,634,10000,1.3790632234812963,-1.3719653205685063,1.3719653205685063,0.0070979029127899995,123430.97877671034,793.8541967773467,0.9936095370162681,4525,72,29346.446766566747,0.01822871690779479,0.10073672718842545,101.82287169077948,9753.7568384712,119.34191686874206,0
dodo-k1000000000000000,635,10000,3.3050221115231655,-3.303520513750499,3.303520513750499,0.001501597772666674,209057.16075334832,1770.0320875471114,0.9916043463668233,8009,180,58131.5848543535,0.02350322172991838,0.23293209208958288,102.35032217299184,9924.023374163899,41.45820561370026,0
dodo-k1000000000000000,636,10000,0.7735060997347365,-0.772284095005233,0.772284095005233,0.001222004729503512,128621.75523010638,1762.2922851007347,0.9864838351110768,9466,55,18932.385016151104,-0.0024901824560319597,0.08702031152222943,99.7509817543968,9999.379771675449,72.4763268572966,0
dodo-k1000000000000000,637,10000,1.0725541034036543,-1.0695286375297428,1.0695286375297428,0.0030254658739115037,121104.9814245192,2317.258636982272,0.9812249507396108,7452,58,22409.284392128433,-0.018496745981265546,0.14607229532214064,98.15032540187345,10251.763280241586,129.0679058391502,0
dodo-k1000000000000000,638,10000,0.6760710187823071,-0.6707480203176601,0.6707480203176601,0.005322998464647011,98925.52183645483,479.88047619665025,0.9951724909810503,7590,43,16078.459552000912,-0.021891662936040602,0.07410849446505238,97.81083370639594,10212.877871859004,99.23445976650498,0
dodo-k1000000000000000,639,10000,1.2037681515345489,-1.2028766901840413,1.2028766901840413,0.0008914613505075497,145536.76175341656,1623.5448430525282,0.9889675084226043,6058,82,31997.309872460064,0.011602365633058156,0.05781718374726026,101.16023656330582,9904.007957465012,150.36570794272964,0
dodo-k1000000000000000,640,10000,0.4685590684875319,-0.4674406330980787,0.4674406330980787,0.0011184353894532206,94377.49716795617,39.98266165341965,0.9995765332677213,6459,37,12793.366649083622,-0.008766416716713082,0.05689466496332912,99.12335832832869,10085.650081244601,100.16493752469623,0
dodo-k1000000000000000,641,10000,1.495941215016995,-1.4891053049553022,1.4891053049553022,0.006835910061692818,117413.44574300478,944.6646271403996,0.9920185898187617,4597,74,27865.80380229294,0.03179809069775274,0.1673217274936877,103.17980906977527,9781.115060976841,59.86077133900214,0
dodo-k1000000000000000,642,10000,1.6511690968554866,-1.6493909775487623,1.6493909775487623,0.001778119306724335,188110.8076629805,2055.783559545816,0.9891895650738136,9985,102,38767.76956741461,-0.0011509114087287743,0.10151906468985387,99.88490885912712,9989.78325451178,87.8002578843329,0
dodo-k1000000000000000,643,10000,0.9350329840705509,-0.9356037946121205,0.9356037946121205,-0.0005708105415695996,184449.7442270223,3060.6198455543054,0.9836775963787809,11313,65,25219.078431307767,-0.0021469907109090513,0.0693270167027464,99.7853009289091,10131.860640404864,176.0255444871919,0
dodo-k1000000000000000,644,10000,0.6996128286755222,-0.6985193085589572,0.6985193085589572,0.0010935201165650499,106911.0152216832,1496.059511873463,0.9861996136732728,7647,46,15879.357181071839,-0.012410503757147922,0.08469609149658056,98.75894962428521,10038.90112354228,43.50502343556149,0
dodo-k1000000000000000,645,10000,1.3881824358114094,-1.3887289533208786,1.3887289533208786,-0.0005465175094692132,144313.0721648427,1194.2117437361323,0.991792770013586,6627,81,32146.619039884044,-0.005877849173249814,0.09159617462082821,99.41221508267502,10082.29358521926,112.08563231943062,0
dodo-k1000000000000000,646,10000,0.8653326521852628,-0.8648250173298493,0.8648250173298493,0.0005076348554134968,111894.43184546083,1710.6885061055787,0.9849418010314005,5542,63,22457.77601718542,0.0004430424323967941,0.07144960414992894,100.04430424323968,9990.906378351086,99.87357187932876,0
dodo-k1000000000000000,647,10000,2.0845560569414845,-2.082384970392809,2.082384970392809,0.0021710865486754827,214066.64533214053,2122.9835780139706,0.9901799934219034,9024,111,45342.35190153004,0.005382552013667663,0.14355599573010408,100.53825520136677,9882.349375264363,207.24050857232703,0
dodo-k1000000000000000,648,10000,1.136890932918832,-1.1365151649141012,1.1365151649141012,0.00037576800473071437,180636.64470429206,2027.0149080397873,0.9889030203799609,11046,83,29942.774048833908,-0.0023096919597706744,0.08432113500117538,99.76903080402293,10029.19491563163,116.09301442264407,0
dodo-k1000000000000000,649,10000,1.8474052027232493,-1.8404954202208614,1.8404954202208614,0.006909782502387829,141840.70249647598,1288.2497360284378,0.9909993770237642,5504,100,41568.572987806256,-0.023614378206805356,0.08774574186073365,97.63856217931946,10346.548601494105,131.9835907771027,0
dodo-k1000000000000000,650,10000,0.7766349224649092,-0.773139941815316,0.773139941815316,0.0034949806495931934,120161.83637600733,1645.452688956386,0.9864913446347302,9346,49,15399.750438233916,0.014583291200081163,0.12360465636056645,101.45832912000812,9840.034870150985,65.57003906431606,0
dodo-k1000000000000000,651,10000,1.829042155630813,-1.82802248636051,1.82802248636051,0.0010196692703030585,154389.5426888518,1481.415751152818,0.9904958834796476,6150,109,38530.76445130217,0.004340168663928807,0.14794152113174447,100.43401686639288,9939.24463256663,69.76828640236748,0
dodo-k1000000000000000,652,10000,0.8574517214346841,-0.8549761350124356,0.8549761350124356,0.0024755864222484325,126871.48698756944,2718.580182968976,0.9790216932337,7800,62,21148.76281926731,0.0024078635713843254,0.08021028064280458,100.24078635713843,9928.352611146933,67.28073571738732,0
dodo-k1000000000000000,653,10000,0.3024247387035497,-0.2980247940442382,0.2980247940442382,0.004399944659311483,60165.42966704454,1311.2954858670369,0.9786700498016861,4840,22,7909.805662506013,-0.01994307177010441,0.05170785370579281,98.00569282298956,10187.189884433203,91.85372398830214,0
dodo-k1000000000000000,654,10000,1.1905894472022458,-1.1889653087462193,1.1889653087462193,0.0016241384560264915,103042.90429599912,1576.1592042731113,0.9849343021095863,6052,57,21531.345582612652,-0.01671583490037449,0.1845852285886838,98.32841650996255,10240.847325343055,103.18343145795929,0
dodo-k1000000000000000,655,10000,3.1353017329706625,-3.1354748416309803,3.1354748416309803,-0.00017310866031783334,287553.3210465922,3185.3798029115264,0.9890438397309879,11398,182,71445.30525854461,-0.0026364376154334934,0.10005230079276999,99.73635623845665,10046.627817354316,101.30606533075216,0
dodo-k1000000000000000,656,10000,1.8065299869357994,-1.8008577612905583,1.8008577612905583,0.005672225645241058,227554.44175234583,2215.1028083559227,0.9903594585932134,11150,113,43335.4078091214,-0.011171730385474206,0.08565129602480866,98.88282696145258,10047.987561388625,126.97958699102001,0
dodo-k1000000000000000,657,10000,4.691958625592266,-4.676961040540249,4.676961040540249,0.01499758505201676,274647.0743101178,1506.9505317380322,0.9945430795998681,9690,178,70081.05845630482,0.022288766199020812,0.31722722238969653,102.22887661990208,9795.078594412118,59.091139205076885,0
dodo-k1000000000000000,658,10000,1.1073312432314375,-1.1072509129367631,1.1072509129367631,0.00008033029467435782,102956.53479168851,849.3133698984703,0.9918182512359379,4165,61,24231.548381700974,0.006459800177746473,0.10944921797707537,100.64598001777465,9945.32180317403,127.85032111518267,0
dodo-k1000000000000000,659,10000,0.6985912516895578,-0.7001727626923184,0.7001727626923184,-0.001581511002760605,120992.70307817464,1700.6851828698345,0.9861387381425034,9114,51,17603.93775594331,0.030060130237819324,0.08610118590750744,103.00601302378193,9909.287357796715,51.036525213575416,0
dodo-k1000000000000000,660,10000,1.6471855971955354,-1.646129335086755,1.646129335086755,0.0010562621087804036,112050.82049249414,865.7341882122219,0.9923329737551747,4556,71,27232.118048352633,-0.005338383377140445,0.23013083879835677,99.46616166228596,10035.430057039206,98.47884106501276,0
dodo-k1000000000000000,661,10000,0.604828666073052,-0.6066104458402037,0.6066104458402037,-0.0017817797671517699,137264.17812736364,2303.598129196772,0.9834947708490951,10077,46,16665.97382660287,0.002371943086273944,0.04516737680193742,100.2371943086274,10024.274157480715,114.15948571921379,0
dodo-k1000000000000000,662,10000,1.4992150916554,-1.4983194362198446,1.4983194362198446,0.0008956554355552537,202708.74980336477,1576.637786679742,0.9922821803102054,11299,100,36856.78364430361,-0.004522365834330344,0.08702072638057728,99.54776341656697,10035.780071737054,101.29361979293853,0
dodo-k1000000000000000,663,10000,2.990914811122276,-2.9879877765634433,2.9879877765634433,0.0029270345588328084,246809.91182919682,2541.057029383874,0.9898093155963431,9715,165,61471.10420838601,0.010691321218666587,0.13556080307740984,101.06913212186666,9891.04275394072,91.26406102827708,0
dodo-k1000000000000000,664,10000,2.2071879597092123,-2.203350074465618,2.203350074465618,0.0038378852435942967,169322.93454991694,1998.6934534575948,0.9883336769749922,6269,119,45722.07257436671,-0.010624398695829313,0.1559358117536219,98.93756013041707,10089.240666597636,88.90739423377586,0
dodo-k1000000000000000,665,10000,3.122946200898756,-3.1244288155759534,3.1244288155759534,-0.001482614677197347,240382.04777292596,1709.1356682940143,0.9929401160174468,9275,168,58413.1823115911,-0.018702595028228897,0.16256464719242075,98.12974049717711,10063.641137056076,46.72329681313615,0
dodo-k1000000000000000,666,10000,3.4733000801897003,-3.4729637660796584,3.4729637660796584,0.00033631411004186873,285484.4221071325,2159.1347462297226,0.9924937142001395,11047,192,73006.55006353384,0.0696359471729292,0.1829971546913393,106.96359471729292,9790.202630604059,34.299933565995524,0
dodo-k1000000000000000,667,10000,0.8941858557186596,-0.8965005815578309,0.8965005815578309,-0.00231472583917125,126418.90375876581,2966.627217073424,0.9770714144410212,9217,63,20529.226799148353,0.02046265860071145,0.10307284249142157,102.04626586007114,9926.60626783926,44.06651226738637,0
dodo-k1000000000000000,668,10000,0.8359717215933807,-0.8293874773735581,0.8293874773735581,0.006584244219822621,143441.54140623324,2085.952843219528,0.9856662629011949,9976,65,20737.642349221656,-0.024782185405167922,0.0776309793415048,97.52178145948321,10104.108793753296,55.263872548945464,0
dodo-k1000000000000000,669,10000,2.256547272827312,-2.254164063982671,2.254164063982671,0.0023832088446411603,236843.26373525246,495.2836387662754,0.9979131765815278,10332,135,52018.141333097294,0.013237561638937904,0.09412561905067406,101.32375616389379,9863.889211160133,103.17282136309223,0
dodo-k1000000000000000,670,10000,1.2039450042021103,-1.2020717962748222,1.2020717962748222,0.0018732079272880675,116065.897019585,1375.409809677635,0.9882885345300422,4680,70,25759.06292734033,-0.004702690608496311,0.08673827446582492,99.52973093915037,9944.12285278532,70.1268352414169,0
dodo-k1000000000000000,671,10000,0.45842697834561963,-0.46031308846471575,0.46031308846471575,-0.0018861101190961183,87743.48340284581,1915.0712607085793,0.9786403955774782,6092,37,13326.651921358678,-0.013945757280086325,0.03933032877095826,98.60542427199137,10247.937596050362,196.57284604550597,0
dodo-k1000000000000000,672,10000,0.574780590819827,-0.5729390108826351,0.5729390108826351,0.0018415799371919173,107481.21612008118,1565.4262890862715,0.9856444338449922,7105,43,15444.5925630911,0.024454963731017472,0.05373144773069782,102.44549637310175,9837.035699454704,85.07281675444192,0
dodo-k1000000000000000,673,10000,2.2363481570715296,-2.231956247738367,2.231956247738367,0.00439190933316258,248726.24791357623,2231.9641250749482,0.9911062319621118,10228,127,54401.09927327428,0.0022666023519600743,0.09521517301853151,100.22666023519601,9970.737670208993,208.3391821168631,0
dodo-k1000000000000000,674,10000,0.8422455868176735,-0.8429030061132607,0.8429030061132607,-0.0006574192955872693,114723.3277656302,1546.1275889396131,0.986702203220746,6220,58,21768.414427310505,0.0037585393744264195,0.06391700527759724,100.37585393744264,9980.099202911615,112.31457047343919,0
dodo-k1000000000000000,675,10000,1.890611806973207,-1.8837307790162185,1.8837307790162185,0.006881027956988417,237670.15929813514,104.52595328926495,0.9995603991519167,11325,127,46676.116221170814,-0.024643048525821457,0.08205990804331918,97.53569514741785,10246.122201358134,100.94105821059277,0
dodo-k1000000000000000,676,10000,1.7243270348081892,-1.7189095444434201,1.7189095444434201,0.005417490364769018,192142.76919499907,2308.990257475006,0.988125639675483,9167,118,42014.63724764105,0.0302849051833374,0.0852133122472523,103.02849051833374,9781.269787661895,83.65176315775184,0
dodo-k1000000000000000,677,10000,0.75912147371439,-0.7570028039900194,0.7570028039900194,0.002118669724370581,82046.52992321615,1324.4631761282271,0.9841136212141554,4343,39,16295.210869136396,-0.012097143880928484,0.09611140218959263,98.79028561190715,10081.716665316068,152.7301053883448,0
dodo-k1000000000000000,678,10000,2.827138634506478,-2.8281447206139205,2.8281447206139205,-0.00100608610744235,206268.4981709958,1644.9733173262255,0.9920881831006385,8158,124,49590.537837275835,-0.007004222678770873,0.2157456120704029,99.29957773212291,10080.868081662078,74.18050330198702,0
dodo-k1000000000000000,679,10000,1.6341399221636954,-1.62291649912072,1.62291649912072,0.011223423042975522,122904.43123236299,1252.6048844033055,0.9899111244631736,4885,84,30819.099496791274,0.042505150738671914,0.16106883728903412,104.25051507386719,9677.831646466024,61.28312041766061,0
dodo-k1000000000000000,680,10000,4.3423812638115535,-4.3411272720246075,4.3411272720246075,0.0012539917869460737,277060.7101683983,749.2557820846685,0.9973029917068627,9860,184,76180.55610546672,-0.004595264422758732,0.22618802591885923,99.54047355772413,10046.520633421225,98.66863183944704,0
dodo-k1000000000000000,681,10000,0.48135156421298103,-0.4795741270063445,0.4795741270063445,0.001777437206636534,80352.97997822809,794.4695242466329,0.9902095564417907,4583,33,12160.259267030038,0.008122201015259093,0.053243067598721015,100.81222010152591,9893.922210729865,113.9275243100176,0
dodo-k1000000000000000,682,10000,1.2163675445102171,-1.2193497895647738,1.2193497895647738,-0.002982245054556687,158505.44190394715,2246.9767239753583,0.9860221280453876,7499,78,29890.35873836327,0.0015753981315945963,0.08271115762682697,100.15753981315946,10040.788857655756,144.58013305454293,0
dodo-k1000000000000000,683,10000,1.4006274071721363,-1.400435408983867,1.400435408983867,0.00019199818826920456,164651.39140351373,642.7564807474029,0.9961114383722922,8050,88,32498.3554735832,0.004500356215411898,0.1006065645018819,100.45003562154119,9971.104590975927,93.46698194069094,0
dodo-k1000000000000000,684,10000,0.8939876343566966,-0.894593339724878,0.894593339724878,-0.0006057053681813862,131716.52090924347,2826.3069307093942,0.9789932545934632,9379,60,19167.666510263454,0.013066651058116179,0.11246785200531505,101.30666510581162,9959.226310182015,35.005667386685694,0
dodo-k1000000000000000,685,10000,0.6897017951065013,-0.6881192665300659,0.6881192665300659,0.0015825285764353714,118597.35571097147,2647.2481774890534,0.9781660536420705,9350,48,17561.31304120403,0.010209089627314255,0.07977818768597103,101.02090896273143,9934.667069057037,74.53254446695522,0
dodo-k1000000000000000,686,10000,0.7970270166425601,-0.7958751952980379,0.7958751952980379,0.001151821344522297,111749.96241430104,1506.3496583917693,0.9866996405690401,7641,48,18148.713377575485,-0.00001858487493009875,0.08328797915243698,99.99814151250699,9981.119960812512,77.92447921593649,0
dodo-k1000000000000000,687,10000,0.5140240731726131,-0.5129147314745524,0.5129147314745524,0.0011093416980607618,80801.34477150644,1833.2230201007462,0.9778153009195392,5718,33,12097.905642919126,0.01550374880877186,0.08544737720033353,101.55037488087719,9886.788497369635,85.59749766811757,0
dodo-k1000000000000000,688,10000,0.4673083616346197,-0.4697491338947657,0.4697491338947657,-0.002440772260145996,77511.500309207,1120.174809021201,0.9857541530517193,3876,35,14718.733937409419,-0.008539484554604826,0.059503785767049205,99.14605154453952,10103.151980496508,296.8381024912803,0
dodo-k1000000000000000,689,10000,1.577427274394343,-1.567946007336218,1.567946007336218,0.00948126705812502,190242.60983456846,1626.792066374512,0.9915213574949571,10071,104,37935.9405850554,0.032539151474547626,0.10720942835915509,103.25391514745476,9695.442324892381,89.76886576258029,0
dodo-k1000000000000000,690,10000,0.7635396103015817,-0.7650929958254551,0.7650929958254551,-0.0015533855238734073,80680.30162200064,1038.0067451913826,0.9872977455611635,4369,43,17065.337266091214,0.021295448262294486,0.09936111595499639,102.12954482622945,9874.495093907071,75.62694109864069,0
dodo-k1000000000000000,691,10000,2.530280046799324,-2.530317651856535,2.530317651856535,-0.000037605057211287374,254583.61490756428,2157.5665419829534,0.9915963363189284,9521,139,57264.78294890984,-0.007484198082249521,0.07496662621101294,99.25158019177505,10113.233031081005,130.8393435159028,0
dodo-k1000000000000000,692,10000,2.7558969617054476,-2.751272704364908,2.751272704364908,0.004624257340539728,229319.3690352571,2849.051178939384,0.9877285154617029,8924,149,56397.52207331889,0.016165571042151185,0.12461439718064299,101.61655710421512,9780.446221622113,112.0643809274625,0
dodo-k1000000000000000,693,10000,1.141290585211328,-1.1412733057796913,1.1412733057796913,0.00001727943163665202,119529.05416030179,1504.8834242723415,0.9875664342224612,7394,66,23918.922098275547,-0.013460261461573425,0.12227315106594133,98.65397385384266,10222.687991799776,109.43152602398868,0
dodo-k1000000000000000,694,10000,1.5241576564758232,-1.52133104111266,1.52133104111266,0.0028266153631633095,191250.47346362626,1808.497773366707,0.9906324074878309,9516,96,36748.31317282652,-0.018235532102274164,0.08417866639403997,98.17644678977258,10208.407665428946,74.99713505576915,0
dodo-k1000000000000000,695,10000,3.10713555747956,-3.1120622805869402,3.1120622805869402,-0.004926723107380404,259736.11819964022,2362.7166299708697,0.9909853981933691,10925,154,56785.574579419146,0.016123438519685607,0.2350563088136255,101.61234385196856,9974.488174049642,59.362736808104785,0
dodo-k1000000000000000,696,10000,2.722771916107143,-2.721331549919512,2.721331549919512,0.0014403661876309926,256512.53314400485,2181.2381918849073,0.9915682616530694,9595,144,56896.53267883463,0.0010825097709749798,0.11709096852586896,100.1082509770975,9974.833174232417,112.57374544884273,0
dodo-k1000000000000000,697,10000,1.3236391725846395,-1.32429560625161,1.32429560625161,-0.0006564336669705462,139321.3669204873,1773.9333917916256,0.9874274097871051,7894,78,29389.710925557203,0.00033531850324877157,0.12751525691697538,100.03353185032488,10046.312255074534,140.3254392306608,0
dodo-k1000000000000000,698,10000,3.6913911472295844,-3.6897131916317676,3.6897131916317676,0.0016779555978168048,207569.99040439256,494.2021417761076,0.9976247612060088,7640,127,53847.24085846335,-0.019123008101472577,0.2942368925606928,98.08769918985274,10213.101162829653,104.90806521623315,0
dodo-k1000000000000000,699,10000,2.6602581314509104,-2.661941431504829,2.661941431504829,-0.0016833000539184795,204942.09080105732,1928.197901595574,0.9906791936450231,7157,139,57095.23897344599,0.015201009735633163,0.11948650767461232,101.52010097356332,9956.752900454276,84.27511345553144,0
dodo-k1000000000000000,700,10000,0.9329505703045912,-0.9306388140725801,0.9306388140725801,0.002311756232011075,130806.8883593072,1818.2600756953798,0.9862902315499652,7737,69,22744.866111968822,0.012736131189028867,0.07889844499576483,101.27361311890289,9860.775984613769,76.88228090323615,0
dodo-k1000000000000000,701,10000,1.0894327885057353,-1.08616425878742,1.08616425878742,0.0032685297183152606,127233.08557985265,1459.479943919648,0.9886591743821437,7010,67,24368.248545386676,-0.01899940254240562,0.12120172250533458,98.10005974575944,10000.48433569861,52.70554282196386,0
dodo-k1000000000000000,702,10000,1.1311763900521983,-1.1257332604602084,1.1257332604602084,0.0054431295919898925,118468.07218844823,1081.8504772617046,0.9909506384183383,5969,71,26989.216487388556,0.013450964265773848,0.0836522325738153,101.34509642657738,9824.36371343753,79.17456840546116,0
dodo-k1000000000000000,703,10000,0.42435114777527344,-0.42135217354888255,0.42135217354888255,0.0029989742263908936,72568.24849398436,1232.769845638305,0.9832960320416547,5376,28,9986.588548543614,0.019624275707798376,0.07725851664933885,101.96242757077984,9833.124056381212,136.3622804204815,0
dodo-k1000000000000000,704,10000,3.6248591216766175,-3.6219456559724676,3.6219456559724676,0.0029134657041498535,267779.62734478695,2520.277488967675,0.9906759956481754,10719,192,70842.85451385478,-0.009455368405567129,0.2773840499292254,99.05446315944329,10075.736322147308,81.81499073906875,0
dodo-k1000000000000000,705,10000,0.3338276719240949,-0.33506975208035783,0.33506975208035783,-0.0012420801562629258,64270.48311506988,868.5788566261151,0.9866657757981911,4719,23,8427.336248152395,0.0018939954612901032,0.06228896508406763,100.18939954612901,10008.444496720242,101.45358702177614,0
dodo-k1000000000000000,706,10000,1.034011660687406,-1.0331811973947538,1.0331811973947538,0.0008304632926521283,117301.6887250999,1645.562916738305,0.9861656079142269,4179,67,25232.22864843627,-0.0004605028615033291,0.07549307633617502,99.95394971384967,9993.604127253451,88.297718567935,0
dodo-k1000000000000000,707,10000,1.6218249409015875,-1.6203556942078876,1.6203556942078876,0.001469246693699855,150561.1751059202,1102.9092869505027,0.9927279468216513,6562,82,32351.20309862265,-0.015329811747524076,0.14914756939977877,98.46701882524759,10118.461287012353,78.18641879933519,0
dodo-k1000000000000000,708,10000,1.2824281079961528,-1.2739745267785452,1.2739745267785452,0.008453581217607642,101329.07877856129,2181.192243814756,0.9789277699471655,6243,42,17606.329981767383,0.0060317721141348105,0.18475764415841467,100.60317721141348,9855.564136735837,127.36521796475098,0
dodo-k1000000000000000,709,10000,0.7812113274348277,-0.7796126452881822,0.7796126452881822,0.0015986821466454915,125401.37762650398,1704.789427907218,0.9865876733803369,6882,54,20215.643330552106,-0.0019172582758632472,0.08922408971600802,99.80827417241368,9933.443250975395,229.0286881279344,0
dodo-k1000000000000000,710,10000,0.6282517322444261,-0.6276077920016405,0.6276077920016405,0.0006439402427855789,87898.08443747074,1613.1222993559638,0.9819785437135404,4678,42,15621.097091491747,-0.002577039794161351,0.0741269988225335,99.74229602058386,10056.749588045066,123.37871282870498,0
dodo-k1000000000000000,711,10000,0.7427031606775517,-0.7393170796875665,0.7393170796875665,0.003386080989985163,93287.16148408473,1612.8308128855404,0.9830049426364702,4827,47,17936.185233909433,0.02215483071031855,0.08216740117900002,102.21548307103185,9818.329531395442,135.7026919679984,0
dodo-k1000000000000000,712,10000,1.7806616107849553,-1.7779318884285544,1.7779318884285544,0.0027297223564008988,139854.74654652347,376.45087660704013,0.9973154983803558,5413,95,36014.51942252754,0.018505124492237714,0.16102633772111474,101.85051244922377,9840.553056790237,85.02737598750716,0
dodo-k1000000000000000,713,10000,0.9085430797554355,-0.9087583686395533,0.9087583686395533,-0.00021528888411781466,136579.41027163615,1442.2895267003605,0.9895502697850578,8636,58,22510.791150410798,0.022920028337266415,0.08269509187686566,102.29200283372664,9884.535415812225,78.07764903590488,0
dodo-k1000000000000000,714,10000,2.46416332119074,-2.464360370970894,2.464360370970894,-0.0001970497801542237,188996.06912147714,3093.0249710514595,0.983897966796795,7330,129,51369.71452164473,0.004384352588616452,0.12037882743758374,100.43843525886165,9971.686697157935,111.89803474042124,0
dodo-k1000000000000000,715,10000,1.6017731774847908,-1.6042688809629908,1.6042688809629908,-0.002495703478200051,87657.93072229245,1802.4341579354289,0.9798521483748857,6699,33,14449.489569290028,0.014922885653459587,0.27749411197251606,101.49228856534596,9910.19197303512,95.94146580123405,0
dodo-k1000000000000000,716,10000,0.5891670824351459,-0.5891992304175346,0.5891992304175346,-0.00003214798238870831,108684.29257943334,965.655346118755,0.991193289514607,6192,43,15497.371100136801,-0.004198202326211202,0.06377524428361013,99.58017976737888,10051.51517023094,110.00443498299455,0
dodo-k1000000000000000,717,10000,0.5707611483658916,-0.5691442929743289,0.5691442929743289,0.0016168553915627548,88660.33319981418,644.0844455103971,0.9927877650121588,5304,41,14796.219009432021,0.011194241202272224,0.055966190315522225,101.11942412022722,9888.58036893367,98.72515025958354,0
dodo-k1000000000000000,718,10000,2.2440132569355207,-2.2423550578239997,2.2423550578239997,0.001658199111520986,208768.3869059593,2604.3921224890073,0.9876786777632398,7844,127,52105.561074036006,0.009306467772872792,0.15577205358071056,100.93064677728728,9858.691507037984,151.07665137673703,0
dodo-k1000000000000000,719,10000,0.8655401076786668,-0.8638985914386126,0.8638985914386126,0.0016415162400542638,99648.31957859696,1244.2983721259725,0.9876671019406623,4469,55,21041.868773958024,0.01173404730812976,0.06663656721671146,101.17340473081298,9879.521076328065,107.2573289111001,0
dodo-k1000000000000000,720,10000,1.6299769792956404,-1.625638086537947,1.625638086537947,0.004338892757693502,189851.92136642884,2226.3553459889654,0.9884091247376073,8972,109,40117.441361345445,-0.01919529864236708,0.07682844402042648,98.08047013576329,10191.325475627242,96.13148050933626,0
dodo-k1000000000000000,721,10000,1.0449487177739,-1.044099954920398,1.044099954920398,0.0008487628535021052,153251.1793181507,1480.6226935045995,0.9904310382593938,8784,78,26808.96918956939,0.014768316377311096,0.06417354400426177,101.47683163773111,9896.773700856096,82.15250460101505,0
dodo-k1000000000000000,722,10000,1.4136545011927357,-1.4124690429591737,1.4124690429591737,0.0011854582335619757,173741.655383784,1804.651137155656,0.9897198000178922,9511,93,34313.61500135005,-0.01427488449101034,0.10417995059245058,98.57251155089897,10072.285546832763,62.40020232591469,0
dodo-k1000000000000000,723,10000,1.003448942141671,-1.0004090456990298,1.0004090456990298,0.0030398964426412434,183109.85089930403,2483.9756670143242,0.9866160652378881,11022,75,27042.20127325049,-0.015915377755263194,0.064691324326011,98.40846222447368,10064.925128835108,128.91160817583662,0
dodo-k1000000000000000,724,10000,0.5770106583163881,-0.575400786719797,0.575400786719797,0.0016098715965910948,110883.33775100099,445.9388920993207,0.9959944148965513,7296,42,15247.720816797511,-0.01004975704553786,0.05515938478809062,98.99502429544621,10093.824473090837,107.33569419556993,0
dodo-k1000000000000000,725,10000,3.805362084315827,-3.805976863318506,3.805976863318506,-0.0006147790026789224,292371.9511322252,2047.9407927209395,0.99304414936324,10932,212,73663.21697596971,0.016736417340096635,0.2985215857592615,101.67364173400966,9897.20725406617,45.70873996978709,0
dodo-k1000000000000000,726,10000,3.922521130529703,-3.913478542329983,3.913478542329983,0.009042588199720036,233625.3524764929,1650.6080843553507,0.992984374262374,8498,178,62006.033730537376,-0.03152343384507574,0.2887818637874153,96.84765661549243,10277.49011705763,54.16903366905275,0
dodo-k1000000000000000,727,10000,1.5530772349158248,-1.5502965512527567,1.5502965512527567,0.002780683663068162,189981.6418023204,1256.6419877704147,0.9934289203873543,10617,98,36263.29762038473,0.014052845680299839,0.08627927613336851,101.40528456802998,9856.093814848426,92.85888436652552,0
dodo-k1000000000000000,728,10000,1.7494679966544804,-1.7496036062118492,1.7496036062118492,-0.00013560955736879876,216497.10837713737,2132.1359514074297,0.9902477092762423,11788,109,41156.85793752902,-0.010748746651767505,0.09873579554549636,98.92512533482325,10166.257384770897,99.66198221640279,0
dodo-k1000000000000000,729,10000,0.7292304379171118,-0.7244642018861214,0.7244642018861214,0.004766236030990467,169102.41744069025,3416.3788263171778,0.9801970631592535,10626,55,21253.619102718287,-0.013672419812293555,0.053132654304067585,98.63275801877064,10182.33890887498,208.9385814085783,0
dodo-k1000000000000000,730,10000,2.2971813995221213,-2.285351399276635,2.285351399276635,0.011830000245486083,193364.14378855538,1894.0160205092648,0.9902999392068359,9976,136,42361.71893525735,0.027777291635639186,0.257446716728943,102.77772916356392,9659.404089305583,59.683498641207,0
dodo-k1000000000000000,731,10000,3.5901153323113437,-3.590869178989351,3.590869178989351,-0.0007538466780072639,280320.4222931364,2577.8218554899627,0.9908878124597491,10115,204,79011.72275316397,0.004180315147471134,0.1283719181408901,100.41803151474711,9985.280625531794,124.39984901616288,0
dodo-k1000000000000000,732,10000,0.599761408590528,-0.5992637539072234,0.5992637539072234,0.0004976546833045381,106537.09196981507,1856.2847423447504,0.982874555635681,7951,45,16115.623036691719,0.004575318539365156,0.06394228966420769,100.45753185393652,9974.131146995936,79.2662698882511,0
dodo-k1000000000000000,733,10000,0.4042787091625251,-0.40456096041032197,0.40456096041032197,-0.00028225124779684974,72341.39153061743,2036.4058658473289,0.9726207828528125,5193,28,10217.621665320747,-0.0003831683225402571,0.06542224810755413,99.96168316774597,10013.37034841734,100.2393723827712,0
dodo-k1000000000000000,734,10000,1.8584487082342211,-1.85978486534259,1.85978486534259,-0.0013361571083687629,144120.39640989422,1247.6533774370255,0.9914172792490351,5068,85,36140.449214698274,0.01114916474143314,0.1777946169308153,101.11491647414331,9910.444836879928,128.31237941132758,0
dodo-k1000000000000000,735,10000,1.1988662077187788,-1.1970946060946517,1.1970946060946517,0.0017716016241271504,155062.2219576986,1236.6860017802942,0.9920876862293823,7636,77,30442.2280277265,-0.012632593274408492,0.07853041182875742,98.73674067255915,10108.162803918383,118.99688162807234,0
dodo-k1000000000000000,736,10000,2.5706009533779945,-2.5640855440180985,2.5640855440180985,0.006515409359896029,176569.22245111954,1733.3909639505632,0.9902783760105893,6892,112,44906.779775007824,0.003640656497126997,0.2138934601269115,100.3640656497127,9952.254191899525,98.53037177512664,0
dodo-k1000000000000000,737,10000,1.0753317401896147,-1.0747442742410271,1.0747442742410271,0.0005874659485876066,143765.88403612818,2217.4441818912487,0.9848102916342639,10868,63,25026.059238775484,-0.0009141883239851723,0.09401265489623029,99.90858116760148,10023.37521984153,126.62826571614187,0
dodo-k1000000000000000,738,10000,1.1441504937600337,-1.1439199911328615,1.1439199911328615,0.00023050262717227987,140875.29299780916,2148.5004054573305,0.9849780211087013,8998,69,26269.583566281854,0.004099098177533875,0.08550282832408555,100.40990981775339,9980.828057431425,91.82415555038274,0
dodo-k1000000000000000,739,10000,1.0258835222682794,-1.0239591780928663,1.0239591780928663,0.0019243441754130952,153763.86874407803,3480.424132584515,0.9778661338423619,9684,66,24969.080048466265,0.003879956584254387,0.07064275553004834,100.38799565842544,9922.528723323154,121.64777944769699,0
dodo-k1000000000000000,740,10000,0.5456057669324792,-0.5454219070292083,0.5454219070292083,0.00018385990327085544,97558.46724961279,1758.8793681626876,0.982290310524185,7410,40,14332.418569236113,0.026235728058801727,0.06995978196108425,102.62357280588017,9878.413240909778,84.62575815646454,0
dodo-k1000000000000000,741,10000,0.7406487835905804,-0.7412074689483461,0.7412074689483461,-0.0005586853577657092,108117.80574347859,1478.4442168430094,0.9865100838999667,7721,43,16616.8205388456,0.008588425956116908,0.08385189476641372,100.85884259561169,9967.481044336573,95.66194468520477,0
dodo-k1000000000000000,742,10000,0.9170447052780213,-0.9152496120676119,0.9152496120676119,0.001795093210409382,113636.8509359758,1155.6883593806604,0.989932373946297,5721,63,23320.696283760248,-0.005565582684157704,0.06372044450040491,99.44344173158423,10028.622240262857,132.35171059481505,0
dodo-k1000000000000000,743,10000,1.3135468276611277,-1.31185554535341,1.31185554535341,0.0016912823077177563,132009.94830189412,889.9804181088803,0.9933033792667872,5812,78,28673.374421686956,-0.013539801515071304,0.11062991018960801,98.64601984849287,10097.407501614007,84.1320090263956,0
dodo-k1000000000000000,744,10000,1.021180342115412,-1.023819905046139,1.023819905046139,-0.0026395629307269797,123182.14065675208,2431.321742001398,0.980644417440837,9003,71,24276.33158947495,0.017614991681410716,0.08911274130702367,101.76149916814107,9949.459877498288,51.98239017487564,0
dodo-k1000000000000000,745,10000,2.0275909704244865,-2.0251234889075818,2.0251234889075818,0.0024674815169047903,132743.20004503487,987.5570321641688,0.9926153335721111,4867,91,35624.42663841732,0.0016962835551693446,0.1691387752540318,100.16962835551693,9934.036541570535,106.59549972683105,0
dodo-k1000000000000000,746,10000,1.3413980054574548,-1.3400475806250256,1.3400475806250256,0.0013504248324291979,163975.96133909622,140.85206967839022,0.999141757223085,8929,79,30411.174858589267,0.010174393693231422,0.09112694873422413,101.01743936932314,9900.06136040581,101.02848243158687,0
dodo-k1000000000000000,747,10000,0.7311863954860192,-0.7328546870838579,0.7328546870838579,-0.001668291597838767,89108.79068006674,1904.8748273517526,0.9790704525882821,5360,48,15761.879310857801,0.017123696739561184,0.09221449100322218,101.71236967395612,9930.730581647957,59.147130478079994,0
dodo-k1000000000000000,748,10000,2.3674427130830367,-2.3636869180239444,2.3636869180239444,0.003755795059092293,272887.26002566086,3752.992334674114,0.9864336722416458,11725,145,52789.4098802389,0.023664996852151603,0.10509024156809915,102.36649968521516,9761.27887925991,65.84911581145109,0
dodo-k1000000000000000,749,10000,1.5295389123788765,-1.5278078242914717,1.5278078242914717,0.0017310880874048529,202425.63441406557,2801.166294306374,0.9863508748144116,10754,98,36896.512411883115,0.03805162991452064,0.10320580028752857,103.80516299145206,9845.681836241562,75.92248779143098,0
dodo-k1000000000000000,750,10000,1.007959466607294,-1.0026328451034487,1.0026328451034487,0.005326621503845219,117477.83498237639,2151.847398608855,0.9820124290579001,7853,59,19514.998917278208,0.025793539728191064,0.16068785715913095,102.5793539728191,9838.145690489335,30.054351490408308,0
dodo-k1000000000000000,751,10000,2.878915416712447,-2.879732447412664,2.879732447412664,-0.0008170307002171029,266341.4589244424,3203.800172750237,0.9881140548215132,10499,151,60290.148772165165,-0.005399038288495035,0.13495526020776366,99.4600961711505,10093.382439871024,101.2866927732182,0
dodo-k1000000000000000,752,10000,1.1156189438496336,-1.1110099260403672,1.1110099260403672,0.004609017809266369,98614.77288126276,1308.7821711493411,0.986902165655907,4070,65,24335.327942117394,-0.013875347072238356,0.13465052744850836,98.61246529277616,10092.821068432268,77.42692162612333,0
dodo-k1000000000000000,753,10000,1.0863528804712925,-1.0851487470467305,1.0851487470467305,0.0012041334245620483,161986.64515763964,2182.1784512663507,0.9867077170726101,10217,67,24846.154861551986,0.013252581462163135,0.09884069840766259,101.32525814621631,9878.298261880547,116.90083946461168,0
dodo-k1000000000000000,754,10000,4.618433193908944,-4.617716194373429,4.617716194373429,0.0007169995355145176,237799.66220350165,323.74721327086587,0.9986404225688528,8777,165,67864.23084495577,0.011065719426781868,0.33611848352608686,101.10657194267819,9894.403841895237,100.34288258639835,0
dodo-k1000000000000000,755,10000,1.1418570589217318,-1.1322906041741305,1.1322906041741305,0.009566454747601316,123365.53974721718,1826.8564881919258,0.985407608264349,9809,56,19311.405354705537,0.02232889543249726,0.2186748399118936,102.23288954324973,9767.32843372958,75.26623008941496,0
dodo-k1000000000000000,756,10000,1.7265811805283453,-1.7243664671668455,1.7243664671668455,0.0022147133614998094,159971.89850333327,1770.9510671762946,0.9890508231314159,9462,99,33617.631780967036,0.012922496756994235,0.218973157427814,101.29224967569942,9956.820716560993,29.392458375787093,0
dodo-k1000000000000000,757,10000,4.312534058080022,-4.3352211718977,4.3352211718977,-0.022687113817678295,307667.55957492295,2829.9020891605987,0.9908859091021422,11760,204,76459.08677013023,0.0023954406663942505,0.40895962754377196,100.23954406663943,9967.817324495785,158.94831824420146,0
dodo-k1000000000000000,758,10000,1.0938658788960594,-1.0863410291783566,1.0863410291783566,0.007524849717702731,136692.08107886606,1172.41103838415,0.9914959173288286,7501,72,26809.739231013296,0.0240832747100859,0.07366923157322688,102.40832747100859,9739.117231122906,106.84769461779557,0
dodo-k1000000000000000,759,10000,0.43808165532676624,-0.4414755668053658,0.4414755668053658,-0.003393911478599576,85733.69886037262,1912.754148041731,0.9781764796818635,6929,36,10623.098087804037,0.004324924308806146,0.09056936041834959,100.43249243088061,10073.884577851013,71.69126603690364,0
dodo-k1000000000000000,760,10000,0.4939819301653088,-0.49367849860567503,0.49367849860567503,0.0003034315596337489,83444.20555533894,541.478738932269,0.9935527257593684,4517,36,12973.133276614588,0.002928584527332987,0.052031923011415133,100.2928584527333,9967.014288585513,103.10818805891064,0
dodo-k1000000000000000,761,10000,1.6790635846893092,-1.6786328532720063,1.6786328532720063,0.00043073141730287645,213042.7544441324,2358.537150491907,0.989050496712292,11501,122,44266.00822340759,-0.006397184863256626,0.06285216392134103,99.36028151367434,10068.535307946453,109.84123302701997,0
dodo-k1000000000000000,762,10000,1.5226494715564303,-1.5249635852736674,1.5249635852736674,-0.0023141137172371096,133547.95861628026,1737.0880950509502,0.9871597923253298,5474,75,29256.221654006582,-0.006599351155989979,0.19583711811446392,99.340064884401,10074.26532576509,95.76820015918756,0
dodo-k1000000000000000,763,10000,1.5642711037792607,-1.5577711086719432,1.5577711086719432,0.006499995107317469,186411.6813830672,3623.625112397595,0.9809318321988547,9728,97,36923.33912800257,0.02849977400332307,0.09851786805285229,102.8499774003323,9740.47542064211,83.24321816981625,0
dodo-k1000000000000000,764,10000,1.8484457732511217,-1.8481971193084519,1.8481971193084519,0.00024865394266981866,174014.28490740043,2349.085343825421,0.986680423829057,8277,104,41023.73779195837,0.006638862607562714,0.1357883095519412,100.66388626075627,9936.062054519742,112.10210031335453,0
dodo-k1000000000000000,765,10000,1.7989673167629279,-1.799845275498825,1.799845275498825,-0.000877958735897133,148350.6807078283,1535.3189259740361,0.9897567556027574,8297,85,32141.29849289383,0.005896087756387942,0.22828461328897207,100.5896087756388,9988.003989342698,59.15366382988853,0
dodo-k1000000000000000,766,10000,1.6969465181688799,-1.696921690504837,1.696921690504837,0.00002482766404288128,199067.7860282278,2380.016934602833,0.9881854410939295,10041,90,37443.38710609069,-0.0029290813591545373,0.11370422926497696,99.70709186408455,10046.960235164373,129.17125411408526,0
dodo-k1000000000000000,767,10000,2.4322019740528202,-2.436004395532848,2.436004395532848,-0.003802421480027629,275604.82567531813,1998.647935368985,0.9928003496880882,11369,138,56881.533318234484,0.0022999544537324825,0.12551796859159325,100.22999544537325,10098.79675235549,141.39502169550477,0
dodo-k1000000000000000,768,10000,1.5173401725678926,-1.5129913154314067,1.5129913154314067,0.004348857136485806,155840.050337375,1422.9250908392305,0.9909519383887737,7010,83,32542.4495526678,-0.011541743128326232,0.12720079817475707,98.84582568716738,10085.513246149612,111.92007962805289,0
dodo-k1000000000000000,769,10000,1.0642528044504305,-1.062293914504295,1.062293914504295,0.001958889946135578,112251.36634079479,1529.7187732531352,0.9865555969015428,6825,72,22924.282356709726,0.026576815016818786,0.11801676650053296,102.65768150168188,9829.686088568094,37.26992806776026,0
dodo-k1000000000000000,770,10000,1.2383377844580656,-1.2415232761660775,1.2415232761660775,-0.003185491708011856,160107.74892118326,3194.5191348539347,0.9804379989764885,10581,81,27041.012731022416,0.021051581110628916,0.17662976467718977,102.10515811106289,9954.941083961588,57.98356107023355,0
dodo-k1000000000000000,771,10000,1.7843173769917127,-1.783041062161658,1.783041062161658,0.0012763148300547478,154214.7303325642,1880.73683069113,0.9879513680642364,6034,93,38355.18091941779,0.0010852707920795978,0.09248699363480056,100.10852707920796,9964.683910780475,117.1002968466999,0
dodo-k1000000000000000,772,10000,1.1571185604748877,-1.1578400268006135,1.1578400268006135,-0.0007214663257257836,118522.9935349106,969.2143703292256,0.9918888906036631,4777,66,26332.68848002481,0.00290328856990314,0.11290967238652669,100.29032885699031,9996.927387609157,106.47163313139586,0
dodo-k1000000000000000,773,10000,0.44416657047565555,-0.44151204374168174,0.44151204374168174,0.0026545267339738166,64994.79257814085,1165.4271093727978,0.9823847757024189,4112,32,10371.754726537622,0.027432604263133983,0.07965039906548015,102.7432604263134,9819.052807064754,60.991476141526256,0
dodo-k1000000000000000,774,10000,2.014237135538913,-2.018971155205577,2.018971155205577,-0.004734019666663869,209496.1194438928,2743.3999277485223,0.9870740381627764,9036,122,46413.54323884017,0.007096126226626467,0.08265720300194829,100.70961262266265,10031.084973219566,105.14823605591745,0
dodo-k1000000000000000,775,10000,2.0242363221202253,-2.022633899411744,2.022633899411744,0.0016024227084812104,216991.65329645446,2165.7393981129912,0.9901178811652896,9352,131,49852.203810907675,0.010292733143428308,0.06615684545158658,101.02927331434283,9898.947839470486,103.46699775840948,0
dodo-k1000000000000000,776,10000,2.6093451465947886,-2.6132091368399415,2.6132091368399415,-0.0038639902451529373,212662.90049227938,1893.7003063882914,0.9911738893171351,10895,116,44343.14375815467,0.00974312805728772,0.23881643440073888,100.97431280572877,9913.240345747956,79.8028225848472,0
dodo-k1000000000000000,777,10000,1.0771556659372907,-1.0744007597954806,1.0744007597954806,0.002754906141810176,147225.90722035558,2913.663142961918,0.9805936360686843,10605,64,24740.166348850624,-0.004458377042494846,0.08461872320182778,99.55416229575052,10008.116297855153,121.75783026085003,0
dodo-k1000000000000000,778,10000,0.685975665885137,-0.6851669924065504,0.6851669924065504,0.0008086734785865968,105491.06681012965,2557.6655881427378,0.9763285923733461,6238,50,17023.228157524023,0.011218333907289236,0.06837799322479185,101.12183339072892,9922.30630347091,70.4965545879545,0
dodo-k1000000000000000,779,10000,1.4614492892718094,-1.4539083769893182,1.4539083769893182,0.007540912282491208,123789.60813278568,1144.7614247485783,0.9908370976793428,5396,76,29114.560984488853,0.01681630687238069,0.10892530931625259,101.68163068723807,9736.879913357488,119.5149394147438,0
dodo-k1000000000000000,780,10000,0.6813450555333898,-0.6806089348578439,0.6806089348578439,0.0007361206755458483,80707.50459906182,1264.4624189020803,0.9845744531343871,4758,46,15218.463147816776,0.0377774990320475,0.12115868203068643,103.77774990320475,9848.467120876958,43.201264710126864,0
dodo-k1000000000000000,781,10000,2.564525311942055,-2.5638985452085308,2.5638985452085308,0.0006267667335242422,237597.8357895929,2246.1183580511683,0.9906350845238796,9825,148,57262.285484611,-0.003383877474359025,0.07771027075547807,99.6616122525641,10027.238880134468,88.30946982733876,0
dodo-k1000000000000000,782,10000,1.3701368850808326,-1.3733919086211017,1.3733919086211017,-0.0032550235402690753,163053.65580907167,2308.5546464055383,0.986039406221973,11337,91,28124.425500177036,0.02098990267416099,0.15830636741518703,102.0989902674161,9961.898723592956,30.849314336764525,0
dodo-k1000000000000000,783,10000,1.0386226315015759,-1.0347538748530951,1.0347538748530951,0.0038687566484807423,181734.3015686459,2622.3279221108087,0.9857757872371914,9382,73,28905.85643983372,0.0010074208276149932,0.0648561001275118,100.1007420827615,9894.253841004724,187.45760283221549,0
dodo-k1000000000000000,784,10000,2.0936259611355306,-2.095186705575543,2.095186705575543,-0.0015607444400123072,204336.06830258248,1922.6987503635928,0.9906782204808291,8495,119,45724.923857609414,0.005297590018117404,0.1438905017497065,100.52975900181174,9980.312275339807,90.7681798913549,0
dodo-k1000000000000000,785,10000,1.7175694140422462,-1.7090013598869973,1.7090013598869973,0.008568054155248861,206322.47192426835,2599.722770548064,0.9875565026762924,11298,96,38206.66490894637,-0.030785066359881055,0.16940397294197454,96.9214933640119,10364.028835430474,107.79334861455105,0
dodo-k1000000000000000,786,10000,1.3538836653414783,-1.352545811562834,1.352545811562834,0.0013378537786443712,196675.16347883525,1993.595930439779,0.9899652268611957,11619,93,32146.57060197914,-0.011211320459858455,0.08818257834066713,98.87886795401415,10079.30470326425,69.39788457473159,0
dodo-k1000000000000000,787,10000,0.9355842930937892,-0.9354447610550665,0.9354447610550665,0.000139532038722745,87143.25683870181,1429.045701007405,0.9838657722557599,4482,45,18453.95708175088,-0.004543800192823539,0.11169885800581839,99.54561998071765,10056.309681969024,102.25641890206818,0
dodo-k1000000000000000,788,10000,0.9607188214086215,-0.9591886827109306,0.9591886827109306,0.0015301386976909193,149996.85365941603,1797.8648202246127,0.9881559461473243,9953,64,22559.50796578537,0.01554814007368435,0.07656674496741062,101.55481400736844,9889.759177642843,76.4701005624904,0
dodo-k1000000000000000,789,10000,1.6246413771280055,-1.6206554200564653,1.6206554200564653,0.003985957071540147,163200.62873543423,1984.9379214465557,0.9879835874185691,8931,94,31996.732038681286,-0.008633833675625197,0.19126268414651107,99.13661663243748,9938.909613424394,45.19913850165597,0
dodo-k1000000000000000,790,10000,3.3172741376104398,-3.3128138492994594,3.3128138492994594,0.0044602883109803315,245377.96119514396,2791.6416589046644,0.9887510733514512,10864,142,59445.86594425198,0.011128487863994395,0.2071530027677349,101.11284878639944,9906.776573012648,107.42707785417099,0
dodo-k1000000000000000,791,10000,2.4340282119740397,-2.4307645634136748,2.4307645634136748,0.0032636485603649845,125143.59881744474,1493.01582864857,0.9882102357772193,4453,76,32152.399591537076,0.005032688681279325,0.36467557425058916,100.50326886812793,9954.557005530172,79.51436980792685,0
dodo-k1000000000000000,792,10000,0.8717751095344991,-0.8712174292459736,0.8712174292459736,0.0005576802885255416,131902.14073532412,1643.6763054332946,0.9876920420133289,8209,61,22148.11610951322,0.006261661811903707,0.06538943852068982,100.62616618119037,9934.034582027974,107.75392412089055,0
dodo-k1000000000000000,793,10000,2.5070157013555217,-2.503010985972878,2.503010985972878,0.0040047153826434645,211770.97310678652,2721.1785553014834,0.9873133886987696,9069,121,47552.219238346646,-0.01705457680318034,0.18985399522582638,98.29454231968197,10170.116076206205,90.0232238598749,0
dodo-k1000000000000000,794,10000,1.9193622673541735,-1.9123041161776086,1.9123041161776086,0.007058151176564831,183193.75451371906,1551.1970898692712,0.9916035752186738,8808,109,39832.66518375164,-0.022994672615684664,0.12436798325422985,97.70053273843153,10118.801421828046,75.5775003864907,0
dodo-k1000000000000000,795,10000,0.8088130834352555,-0.8045253205682457,0.8045253205682457,0.0042877628670098256,107068.57820372371,1502.6136362946593,0.9861601073836531,5285,50,20171.66252901392,0.02006758537165979,0.06948376214295891,102.00675853716598,9797.185286220845,101.23265814628994,0
dodo-k1000000000000000,796,10000,1.2784486568453723,-1.2734885801211817,1.2734885801211817,0.004960076724190632,182592.79902247398,1981.023938942412,0.9892670373991412,11497,84,28051.816572094936,-0.02044628350117122,0.1115121159265449,97.95537164988288,10031.162543934612,44.766029147773274,0
dodo-k1000000000000000,797,10000,0.4717797647643147,-0.47132946834281597,0.47132946834281597,0.0004502964214987415,64513.232660254,1091.9356716291613,0.9833559504625415,4863,33,10550.113095270459,0.003308560240984235,0.11482365629751726,100.33085602409842,9964.64856573436,48.03513720874063,0
dodo-k1000000000000000,798,10000,1.720997360236919,-1.7184906103973958,1.7184906103973958,0.002506749839523259,176466.5853826479,508.5319609483138,0.9971265341219636,9204,101,39460.4006458314,0.01481047713595686,0.0882833942347274,101.48104771359569,9861.232048044656,94.88059338914263,0
dodo-k1000000000000000,799,10000,0.8784043984630738,-0.8769669400826956,0.8769669400826956,0.0014374583803782315,148840.1857861386,2523.803064614246,0.9833262648284015,9769,61,22430.41700511167,-0.00696819803909932,0.09632764446138893,99.30318019609007,10051.435744968483,129.93298697183545,0
dodo-k1000000000000000,800,10000,0.6781544243654051,-0.6715631692563306,0.6715631692563306,0.006591255109074434,78680.99679222319,853.0033438909223,0.9892749850072787,5019,41,15172.293826739355,-0.028966096216632025,0.0770515161576347,97.1033903783368,10209.558120477235,77.59413458054722,0
dodo-k1000000000000000,801,10000,2.4758578975964602,-2.471781312484154,2.471781312484154,0.00407658511230613,242756.44595835663,672.5970227938781,0.9972369894136012,9925,133,52522.54915944892,0.0166806835523829,0.15106712255509508,101.66806835523829,9819.760624445076,104.84914144142202,0
dodo-k1000000000000000,802,10000,2.0803302951395106,-2.0807185071877257,2.0807185071877257,-0.00038821204821504196,188197.04476304332,2266.28826972692,0.988101183395037,8903,109,42907.672571029834,0.007313301843437188,0.11954710223778392,100.73133018434372,9946.711182013061,87.95038740837605,0
dodo-k1000000000000000,803,10000,1.5795246962101956,-1.573197073062488,1.573197073062488,0.006327623147707628,210521.22519241725,2667.5566723726392,0.9874873497139991,11458,105,38507.04141424084,-0.02094530897608095,0.09167400275787287,97.9054691023919,10157.986832418908,89.95941612798795,0
dodo-k1000000000000000,804,10000,0.5629468479591409,-0.5628686698910883,0.5628686698910883,0.0000781780680525479,91331.13244573915,1204.159703265107,0.9869870221912077,7310,38,13981.736857182033,0.0044301615906123006,0.06518004527145266,100.44301615906123,9974.074669544041,97.2363674029311,0
dodo-k1000000000000000,805,10000,0.7140731993321554,-0.7136340765240448,0.7136340765240448,0.00043912280811064797,127011.48863756466,2123.12401540803,0.9835588308061638,10008,51,18830.714719131807,-0.003161552525491089,0.07078285168710394,99.68384474745089,9972.052850929966,119.2981378612403,0
dodo-k1000000000000000,806,10000,0.6531651856718279,-0.6470112469257572,0.6470112469257572,0.006153938746070731,87584.2120953626,1843.2896425159258,0.9793878884381808,6294,42,14433.75290814856,-0.02745868920393406,0.09754324570118442,97.2541310796066,10179.85860848174,75.48629317156421,0
dodo-k1000000000000000,807,10000,0.7807333231174651,-0.7750328357493572,0.7750328357493572,0.005700487368107909,105451.32401241944,1731.6787168676954,0.9838437189407596,6690,52,19016.282262816414,-0.022628502684786726,0.06900263984492155,97.73714973152133,10260.071433579038,99.07495247045713,0
dodo-k1000000000000000,808,10000,1.2649587272265927,-1.2647210009013747,1.2647210009013747,0.00023772632521801285,104415.15255404607,233.05370201143353,0.9977729794867082,4456,60,24557.621874849974,-0.0005511424200288673,0.14126296170466376,99.94488575799711,10005.107487834215,99.8784555894213,0
dodo-k1000000000000000,809,10000,2.8773007393394736,-2.8763654279367756,2.8763654279367756,0.0009353114026979803,213035.08482532436,1308.876144435062,0.9938935711623818,7414,138,56604.44471311483,0.013820763329919715,0.13428315720569883,101.38207633299197,9873.486563644676,98.84999152418169,0
dodo-k1000000000000000,810,10000,1.8016389087486635,-1.8020774421710826,1.8020774421710826,-0.0004385334224190629,179513.1268915656,2084.4145848684766,0.9885217907251296,7457,117,43236.75745271823,-0.007848262397446461,0.09847968436173488,99.21517376025535,10067.793077542074,110.90749740308672,0
dodo-k1000000000000000,811,10000,1.9109819644485997,-1.9112362866703165,1.9112362866703165,-0.0002543222217168406,248361.17919929788,1828.0852189147809,0.9926931908003095,10224,116,50762.00058655949,-0.003951822503980082,0.07027856693930915,99.60481774960199,10027.534311984451,186.54067034309261,0
dodo-k1000000000000000,812,10000,0.5128169270693295,-0.5115564927549485,0.5115564927549485,0.0012604343143809427,76495.14782517013,68.94786308161608,0.9990994752506142,4188,32,12125.395585771716,0.00970408945570881,0.07577789594316499,100.97040894557088,9901.866921833376,99.1449253962304,0
dodo-k1000000000000000,813,10000,0.364977132678223,-0.36650555234194826,0.36650555234194826,-0.0015284196637252445,62779.61854959615,845.226825311535,0.9867154596552485,3814,28,9950.541968441794,0.007052027986242422,0.06595195218383182,100.70520279862424,9969.055850797864,176.8947872540809,0
dodo-k1000000000000000,814,10000,0.4425561262747714,-0.43415499442664895,0.43415499442664895,0.008401131848122467,62903.34658115917,995.5024281461941,0.9844206516458345,4499,30,10673.419639125765,-0.033765438802015525,0.07377528593764068,96.62345611979845,10180.474198801041,62.71693477351568,0
dodo-k1000000000000000,815,10000,0.7798894528743291,-0.7762393635502178,0.7762393635502178,0.003650089324111261,85708.64612481989,944.2431992838054,0.9891031538977068,4600,55,17792.82004360169,-0.0005262782245702624,0.08270989566773707,99.94737217754297,9915.446394584913,77.68030596446827,0
dodo-k1000000000000000,816,10000,1.933295556817805,-1.9371382452918908,1.9371382452918908,-0.0038426884740858647,153036.31772783783,1469.1375508703768,0.9904913548313214,6434,96,36796.85694818669,-0.002043583828901774,0.15268814060688526,99.79564161710982,10074.659738665203,64.61531201975052,0
dodo-k1000000000000000,817,10000,0.49590088768274637,-0.48730373756046674,0.48730373756046674,0.008597150122279629,94488.21716575422,1542.0266432573549,0.9839422812845899,7171,39,13974.524036311343,0.019177281321155704,0.06084792652211618,101.91772813211557,9724.062965307376,129.80734167473219,0
dodo-k1000000000000000,818,10000,0.890676012166291,-0.8871343682154702,0.8871343682154702,0.003541643950820794,147586.82224009524,1486.095166202367,0.9900310855113137,9688,68,23728.679056321525,0.016522527828278868,0.06985634141613645,101.65225278282789,9824.907673281434,98.4871648904089,0
dodo-k1000000000000000,819,10000,1.7153053359587136,-1.707099337896068,1.707099337896068,0.008205998062645659,216491.6871154851,2304.7516481679027,0.989466228695534,9560,114,41042.17460300767,0.03752444919216387,0.08518594940507057,103.75244491921639,9717.904112702394,78.1946351444569,0
dodo-k1000000000000000,820,10000,1.4652975921834512,-1.4574288744952923,1.4574288744952923,0.007868717688158888,176872.61457599115,1249.7938534810048,0.9929835113700707,9707,84,32248.831732105402,-0.026130386909716634,0.12520557215008948,97.38696130902834,10243.762413654002,100.49189058316097,0
dodo-k1000000000000000,821,10000,2.852204440943379,-2.857551172810986,2.857551172810986,-0.005346731867606813,233925.32966706876,2125.7640464818846,0.9909944749120225,8598,158,58913.92332184213,-0.007218886975255429,0.18350898521865858,99.27811130247446,10109.50931214279,96.39702422755052,0
dodo-k1000000000000000,822,10000,0.6594918476215929,-0.6547262825528151,0.6547262825528151,0.004765565068777788,90691.68843414547,1058.3277727594664,0.9884650944325412,6241,36,13682.136381804425,0.020195095877211598,0.10277534018118657,102.01950958772116,9805.105246487363,84.97408078309397,0
dodo-k1000000000000000,823,10000,1.8030529592088405,-1.803315886416783,1.803315886416783,-0.00026292720794263147,203730.1843866355,1527.2673087783246,0.9925592601088866,10974,103,39602.22389055862,-0.005622922891717223,0.10734503031608866,99.43770771082828,10079.036613081353,97.60021019536488,0
dodo-k1000000000000000,824,10000,0.5370800446605627,-0.5351448286911591,0.5351448286911591,0.001935215969403603,73982.7197273418,1323.915686818557,0.9824196675427408,4932,30,11348.780315568942,0.01444939517467276,0.10187183314945855,101.44493951746728,9863.111594379037,86.78164772720766,0
dodo-k1000000000000000,825,10000,1.2668067146024242,-1.2665817299983928,1.2665817299983928,0.00022498460403141962,139568.54173088697,484.9840035650623,0.996537152484939,6672,75,28619.174539963147,-0.0009842369424988818,0.10882633956382605,99.90157630575011,10008.61076205141,102.54219046099887,0
dodo-k1000000000000000,826,10000,2.0960014216566467,-2.092107861519935,2.092107861519935,0.0038935601367118267,179478.94771104556,2022.5028248670562,0.988856822802819,7792,109,42836.34597569217,0.02598088816356338,0.1692305378574679,102.59808881635634,9791.928189686132,85.45788929678895,0
dodo-k1000000000000000,827,10000,1.1538230851330726,-1.1501682589506572,1.1501682589506572,0.003654826182415416,141596.10001461412,1457.2297441362637,0.9898133811593635,5407,62,26638.342430094624,-0.02481983239644265,0.08693078761320933,97.51801676035574,10320.069209879079,160.70313852432446,0
dodo-k1000000000000000,828,10000,1.173521202324321,-1.1689710735807068,1.1689710735807068,0.004550128743614268,139694.58767219473,2212.802557381072,0.9844067137461887,8344,60,22057.511727600726,0.004597894741507957,0.14935258524875678,100.4597894741508,9975.247841176184,75.19124874910781,0
dodo-k1000000000000000,829,10000,0.8346506640383037,-0.8331939334218532,0.8331939334218532,0.0014567306164504634,132943.0060599311,713.2981904177113,0.9946631908280089,7084,60,22424.544854020067,-0.0064394529416118475,0.05272917572302702,99.35605470583882,10063.838233111856,122.83687938068753,0
dodo-k1000000000000000,830,10000,0.6259349418275103,-0.6213018054679083,0.6213018054679083,0.0046331363596020525,130338.76485606648,3083.5957798669583,0.97688846333426,9278,46,17771.660072042385,0.013870710183706905,0.05690468228431229,101.38707101837069,9818.424539123389,112.94110362518128,0
dodo-k1000000000000000,831,10000,2.3009469827207827,-2.2980828152091703,2.2980828152091703,0.0028641675116123366,155293.61969597443,1624.0101504568092,0.9896505564604426,5503,108,41159.30304858104,-0.005429646670037016,0.16129096889810682,99.4570353329963,10015.687606741929,51.688097046321765,0
dodo-k1000000000000000,832,10000,2.769173136825718,-2.765529474033883,2.765529474033883,0.003643662791835034,283021.7317929999,3257.1849410529558,0.988622337340759,10583,173,65902.77611582335,0.020068313297367836,0.08570390030063763,102.00683132973678,9801.703471348446,91.85844630659516,0
dodo-k1000000000000000,833,10000,2.5715364049965737,-2.567166087815167,2.567166087815167,0.00437031718140668,189884.85709473307,2304.7376013360613,0.9880080000950062,6768,124,50359.184861664624,-0.0077876668998098355,0.14266666636863376,99.22123331001902,9977.013824041484,104.45568928617625,0
dodo-k1000000000000000,834,10000,2.0946545520404714,-2.0946063287807704,2.0946063287807704,0.000048223259700996834,212086.4353714605,1745.7645889102243,0.9918358199128393,9985,129,45677.56887721981,0.0007698616042686978,0.10000231272872498,100.07698616042687,10013.230640972635,46.10246177590722,0
dodo-k1000000000000000,835,10000,1.8873474213807482,-1.8841218851604538,1.8841218851604538,0.0032255362202944227,139748.08373526635,1466.4926666735175,0.9896151466510126,6011,107,35420.97813306686,0.03893115498976229,0.28121687685028746,103.89311549897623,9783.493236262691,34.93327604732511,0
dodo-k1000000000000000,836,10000,3.1415982542510297,-3.133190597527971,3.133190597527971,0.008407656723058654,275690.23194344214,2101.0740535600025,0.9924365017615683,11183,171,66619.03844801607,0.03346254585732183,0.13051021653330935,103.34625458573218,9724.734617877313,90.85752508151614,0
dodo-k1000000000000000,837,10000,0.9068600597685569,-0.8990274369883196,0.8990274369883196,0.00783262278023733,116648.61244996863,1543.7097985860232,0.9869390010347742,6293,63,22713.603002684045,-0.028475459417222168,0.06293236068797427,97.15245405827778,10288.262831442104,91.23673533614378,0
dodo-k1000000000000000,838,10000,0.3595713067943042,-0.3601711516393493,0.3601711516393493,-0.0005998448450451055,66998.48578787889,1312.4147339752456,0.980787623586438,4876,25,8387.14639196647,0.012634047286450283,0.09524942691355917,101.26340472864503,9976.956154584439,60.250967028008056,0
dodo-k1000000000000000,839,10000,0.9192168957422384,-0.9110147383887579,0.9110147383887579,0.00820215735348051,82449.18579970482,1445.324871289336,0.9827721163192975,4146,45,18069.42498821336,0.021772590336069157,0.11353039346585873,102.17725903360692,9716.023645674859,108.29122919939262,0
dodo-k1000000000000000,840,10000,0.5202414565098074,-0.5185771719151262,0.5185771719151262,0.0016642845946811535,84850.00654177254,1233.2565744268393,0.9856736776722541,6721,39,12930.181658305244,0.004079212389849402,0.07145846531138289,100.40792123898494,9959.099406082609,71.96154163648174,0
dodo-k1000000000000000,841,10000,1.0975639090400096,-1.0948702966643395,1.0948702966643395,0.002693612375670007,145194.55397036925,2073.7269245555462,0.9859187130320674,5739,71,26586.203904653343,0.015201973287466473,0.08246813412863474,101.52019732874665,9885.76390663876,100.83021057413497,0
dodo-k1000000000000000,842,10000,4.217789100985281,-4.212973876055571,4.212973876055571,0.0048152249297102045,297424.40725543763,3661.571313111782,0.9878387850190833,11561,170,73896.09213160886,0.01367825357158992,0.2119429533796773,101.36782535715899,9904.33575533727,104.82636872516866,0
dodo-k1000000000000000,843,10000,1.0776341213647078,-1.0744773673965256,1.0744773673965256,0.0031567539681822687,108631.93860017862,1938.6055797460906,0.9824672511641843,5666,66,24534.485472281493,0.019777557518326886,0.12190775523505237,101.97775575183269,9805.872981478542,90.99599602018608,0
dodo-k1000000000000000,844,10000,2.054451729507141,-2.0526824702130284,2.0526824702130284,0.0017692592941127572,220785.95594501635,1880.9724201825843,0.9915525289992883,9191,134,50607.532570971096,-0.00004644479405783386,0.07895115405786171,99.99535552059422,9953.684137532526,130.21283471593298,0
dodo-k1000000000000000,845,10000,2.157636655071885,-2.151562405188031,2.151562405188031,0.006074249883853966,227021.01605809652,2338.118901314237,0.9898058610060244,9594,135,51709.084189544,0.003989584106805068,0.08285821960821309,100.3989584106805,9870.892671653957,86.84440521727163,0
dodo-k1000000000000000,846,10000,4.545010557200217,-4.540645843126299,4.540645843126299,0.00436471407391803,300871.18924482225,2782.3587463487297,0.9908370616290985,11520,196,77131.01693994402,0.01898734033221274,0.27043992652132576,101.89873403322127,9870.760561976624,86.26568770451667,0
dodo-k1000000000000000,847,10000,0.5579621026763311,-0.5597912176383772,0.5597912176383772,-0.0018291149620461855,115986.88711773812,1780.5314323329858,0.984880950484824,9237,43,14424.386541343696,-0.011745853534242628,0.06667867464804686,98.82541464657574,10217.036192126325,101.68714168473659,0
dodo-k1000000000000000,848,10000,1.8696276259600022,-1.8606299671280908,1.8606299671280908,0.008997658831911393,197248.53481378287,2524.014825435676,0.9873655573301039,9248,113,41657.4988015122,-0.028814420525051218,0.1033388409683181,97.11855794749488,10249.121650458015,86.78353724731187,0
dodo-k1000000000000000,849,10000,1.4952809251330315,-1.4991811104235921,1.4991811104235921,-0.003900185290560687,135241.8038337433,1813.7629165898427,0.9867662222002709,6517,84,28819.556315900933,0.018128180686565118,0.21613775819407352,101.81281806865651,9984.732463070126,48.957746823523024,0
dodo-k1000000000000000,850,10000,0.37151496164996595,-0.3615935825919223,0.3615935825919223,0.009921379058043633,65136.86756526584,1426.035119589503,0.9785761278118966,5428,30,9666.570822684944,0.05171828710656541,0.05171828710656541,105.17182871065654,9680.769740150226,67.06723239911757,0
dodo-k1000000000000000,851,10000,2.0890329690688936,-2.0883188054727384,2.0883188054727384,0.0007141635961551707,174957.78743081697,1383.5206472782597,0.9921543020046922,7976,104,40433.55144878781,-0.005521684537517331,0.1450250562154929,99.44783154624827,10029.623141853412,82.33778507966863,0
dodo-k1000000000000000,852,10000,1.945745374124632,-1.9479362718186621,1.9479362718186621,-0.002190897694030136,168409.23532670972,1656.544587212949,0.9902593891137219,6120,93,39989.20778635393,-0.0008722976942205208,0.15614580914156476,99.91277023057795,9962.142567436986,88.6748237802902,0
dodo-k1000000000000000,853,10000,0.5549298273454024,-0.553643718788237,0.553643718788237,0.0012861085571653774,103399.26949822754,1829.4638909495234,0.9826144073768953,8376,44,15247.787057172822,-0.005074456368820961,0.04606060403553926,99.4925543631179,10019.61630703411,148.30004310935598,0
dodo-k1000000000000000,854,10000,1.304666060129716,-1.303852580481987,1.303852580481987,0.0008134796477290429,166802.846868785,1553.1098843155917,0.9907748444767341,9680,83,30180.755694369407,0.005064524528144432,0.10718448327450375,100.50645245281444,9947.502266674133,91.36150052574122,0
dodo-k1000000000000000,855,10000,2.4278520576378537,-2.429080654946233,2.429080654946233,-0.001228597308379431,270724.22321093833,2307.3860518661804,0.9915490149360501,10521,149,61686.84844716913,-0.002857291410664118,0.09196532896770407,99.71427085893359,10033.791049264133,198.6265803228232,0
dodo-k1000000000000000,856,10000,1.8707543879646844,-1.8731428066516287,1.8731428066516287,-0.0023884186869442825,129505.98488325812,1243.0669980757289,0.9904927264849009,4773,97,35483.43524823024,0.010688124620396167,0.17767444866434404,101.06881246203962,9952.134822637052,67.00186336323387,0
dodo-k1000000000000000,857,10000,1.8276287843116226,-1.837372451099867,1.837372451099867,-0.009743666788244454,118521.72869069676,1110.1969307814934,0.9907198941669283,5344,62,22459.510284676926,0.0005375317006424041,0.30816816574540723,100.05375317006424,10108.335348759847,60.32203024469303,0
dodo-k1000000000000000,858,10000,0.9716864225455075,-0.9681367664347249,0.9681367664347249,0.0035496561107826174,123230.60736339235,1879.7156696108075,0.9849755349994983,7843,52,19016.82973218439,-0.01812748122417531,0.1406883747603176,98.18725187758247,10124.249685327391,77.63671165355022,0
dodo-k1000000000000000,859,10000,3.101732102538876,-3.098856386547311,3.098856386547311,0.0028757159915651087,280159.0049443398,2087.976348538317,0.9926023075996279,10231,171,67400.83585740911,-0.0091442005973461,0.11700302872871944,99.08557994026539,10060.391799687339,80.30670692604882,0
dodo-k1000000000000000,860,10000,0.8981299621938671,-0.8966886303116439,0.8966886303116439,0.0014413318822231735,142680.47916241683,1580.7418380303216,0.989042503404117,8969,58,21473.987337216266,-0.013868110092853101,0.12621505312620385,98.61318899071469,10107.105526428239,197.45107031287412,0
dodo-k1000000000000000,861,10000,1.0661986986289347,-1.0659874629574233,1.0659874629574233,0.00021123567151137834,110906.66274412994,729.8588249249538,0.9934621858987832,5375,68,25461.21688048357,0.0018055096293269912,0.07829689555689413,100.1805509629327,9990.430992253367,101.3932377875106,0
dodo-k1000000000000000,862,10000,2.3685845946014097,-2.370847377554554,2.370847377554554,-0.0022627829531445265,224336.1284035211,2355.2515236384475,0.9896103172321982,9865,143,55904.92671763079,0.03656828398848461,0.11078232109984854,103.65682839884846,9897.37366837046,57.60465136755883,0
dodo-k1000000000000000,863,10000,1.2563018643772343,-1.2559207599884985,1.2559207599884985,0.0003811043887358423,140166.99269297486,1576.381945905289,0.988878619900779,6903,72,29996.720119009373,0.00037151388949482113,0.10510674975102915,100.03715138894948,9977.641520442108,145.07392197208722,0
dodo-k1000000000000000,864,10000,0.6649519893419433,-0.662847548931552,0.662847548931552,0.0021044404103913728,112427.67389259906,1580.183679417608,0.9861396949905893,8830,49,16403.02441032636,-0.02551743526275473,0.08396056101322599,97.44825647372453,10117.546506491417,46.03179362892335,0
dodo-k1000000000000000,865,10000,0.885717251112256,-0.8805357340579576,0.8805357340579576,0.005181517054298368,107043.1928537576,1267.0055258314544,0.9883020662431894,5599,57,21689.853590138213,-0.01925492269725339,0.07264234145748645,98.07450773027466,10262.851837244185,122.21216496178592,0
dodo-k1000000000000000,866,10000,0.44186101934734184,-0.4433520437905827,0.4433520437905827,-0.0014910244432408404,76324.50558553435,1909.605916307166,0.9755911343575211,5503,35,12289.983673228764,0.0035986426136497586,0.045031821393419734,100.35986426136498,10007.386661635752,108.47222454667182,0
dodo-k1000000000000000,867,10000,1.8056391442277833,-1.8071753861038928,1.8071753861038928,-0.0015362418761095675,188102.15792345966,1797.9132391514108,0.9905323192974906,7759,110,41470.9242949594,0.006818009311418933,0.10017400783652079,100.6818009311419,9977.266611145224,94.5777182947253,0
dodo-k1000000000000000,868,10000,0.5271430787577736,-0.5265631959418329,0.5265631959418329,0.0005798828159406799,91803.42627234136,432.06756244624097,0.9953156041727259,5239,36,13228.775513747772,0.004370625003669772,0.06137998323167466,100.43706250036698,9954.128920540072,99.10295489690044,0
dodo-k1000000000000000,869,10000,0.7634370873619455,-0.7634011003307819,0.7634011003307819,0.000035987031163586813,83297.18920415752,1192.4091279604947,0.9858869120992471,5180,53,18408.043859314985,-0.0026306982060710026,0.06640721737420634,99.7369301793929,10041.977194191693,80.18677816515901,0
dodo-k1000000000000000,870,10000,0.591783708616946,-0.587829663847856,0.587829663847856,0.003954044769090004,76814.57511526046,959.0792292484281,0.987668327567584,4059,40,14628.691218514263,0.018185390433780382,0.08386256839271254,101.81853904337804,9815.201104637363,105.06790297340291,0
dodo-k1000000000000000,871,10000,0.5820498278405465,-0.579917566490451,0.579917566490451,0.002132261350095477,79910.03525562827,1064.8372495790325,0.9868497817083867,4404,36,14601.105363624321,0.014311479785076386,0.06497701793897917,101.43114797850764,9835.617712428344,162.52717894192187,0
dodo-k1000000000000000,872,10000,1.7459842192340465,-1.7434896050598923,1.7434896050598923,0.002494614174154197,161303.92757425958,1356.4451672505916,0.9916608750835327,7413,100,35112.4931784055,0.0070457656456682114,0.20990261598898427,100.70457656456682,9938.93621983999,46.93697407140254,0
dodo-k1000000000000000,873,10000,2.259743603582939,-2.256662899131868,2.256662899131868,0.0030807044510710035,202848.68273423723,87.97844387867126,0.9995664733845135,8091,127,50049.143601900134,0.0172955357960997,0.09942879915571595,101.72955357960997,9835.464472315642,98.61261982968234,0
dodo-k1000000000000000,874,10000,1.0290121899070177,-1.0250692281219358,1.0250692281219358,0.003942961785081911,110565.57329544562,1269.9068405571788,0.9886448661997709,5288,62,23547.187985613797,-0.01952334757055084,0.10117965943261893,98.04766524294492,10075.211556277216,103.32487417824419,0
dodo-k1000000000000000,875,10000,2.544521337952511,-2.5373695872251005,2.5373695872251005,0.0071517507274103664,207865.49480310106,1867.2844249382151,0.9910968403136072,8323,132,49499.27668327627,-0.026719392140655173,0.14676058631837363,97.32806078593448,10217.995576613943,86.56645037972162,0
dodo-k1000000000000000,876,10000,2.4040476953040297,-2.401394727908098,2.401394727908098,0.0026529673959316824,239083.2839161599,2619.122375229742,0.9891638547773819,10777,142,54261.101185105574,0.006911245519449665,0.09353341290535595,100.69112455194497,9923.236202072449,85.52460096449374,0
dodo-k1000000000000000,877,10000,1.735288443474096,-1.7331941950463374,1.7331941950463374,0.002094248427758627,144099.24475406308,1192.9750616895815,0.991789133215788,5641,89,33709.639608470825,0.03884810262510669,0.13893964585286825,103.88481026251067,9772.063960253767,70.11026216843064,0
dodo-k1000000000000000,878,10000,1.397641990068833,-1.3959123430787486,1.3959123430787486,0.001729646990084488,143613.01579236577,1502.0284119904566,0.9896493956210684,5791,81,31211.89056379389,0.001955294686824516,0.09939158644822499,100.19552946868245,9914.396044810439,99.63650055586174,0
dodo-k1000000000000000,879,10000,2.722933844282774,-2.721476053110962,2.721476053110962,0.0014577911718123282,292781.8525215766,1856.3867577083872,0.9936994371054847,10779,166,64509.457639535394,-0.010555462170480184,0.0860869072113222,98.94445378295198,10104.016978664342,106.96298308753185,0
dodo-k1000000000000000,880,10000,0.9377978076456732,-0.9337273440606282,0.9337273440606282,0.004070463585045037,130507.94115960498,1642.7728762512565,0.987568944381144,7354,67,24063.803368596866,-0.018488838776004,0.07230376290248174,98.1511161223996,10179.29443487073,105.03268926818903,0
dodo-k1000000000000000,881,10000,2.8945605089854,-2.8871445861324787,2.8871445861324787,0.007415922852921142,229818.8116471096,1446.3508377546882,0.9937459199551971,8511,158,58715.10372864057,-0.028717315430498047,0.17484016853430162,97.1282684569502,10252.427062918738,79.91864952698177,0
dodo-k1000000000000000,882,10000,0.7609808106200079,-0.7565869010396682,0.7565869010396682,0.004393909580339694,120891.92232295046,2872.580094954815,0.9767899515706433,7851,52,18836.465145505324,-0.022553014561360243,0.06745307528918644,97.74469854386398,10233.7681708225,92.96718688283305,0
dodo-k1000000000000000,883,10000,0.8870323103939829,-0.8856000974906806,0.8856000974906806,0.00143221290330231,112412.15823304905,1926.2130875381538,0.9831533975402068,8508,59,20527.182021592267,0.01993678002675736,0.13049242883488518,101.99367800267574,9881.278211623316,57.866316955603345,0
dodo-k1000000000000000,884,10000,0.9107097232576554,-0.9075679998539385,0.9075679998539385,0.0031417234037168784,127545.92715951076,1426.8922881360036,0.9889364883682704,6533,59,22698.21859655632,-0.011545701579071732,0.06336491889733338,98.84542984209283,10048.611731426234,171.72152903121366,0
dodo-k1000000000000000,885,10000,0.843291709911384,-0.8418718726467205,0.8418718726467205,0.0014198372646635482,106988.64158815198,977.3293744622805,0.9909478017402289,5690,53,19705.319576858732,0.011167504322834816,0.08314048964287479,101.11675043228348,9894.216215664641,95.93368572207761,0
dodo-k1000000000000000,886,10000,2.9265726416515605,-2.9236350052743205,2.9236350052743205,0.0029376363772399827,266737.02319277386,2368.1498123742895,0.9911999097381566,10854,153,60473.86901768998,-0.015042807958958094,0.13837790008979867,98.49571920410419,10140.182278104567,98.39244390078188,0
dodo-k1000000000000000,887,10000,0.4430884270415947,-0.44200213899370056,0.44200213899370056,0.001086288047894124,76194.62243042867,1565.2582829961805,0.9798706187736481,5383,32,11738.904187749213,0.008817012663929234,0.05055008736886478,100.88170126639292,9889.125262058342,150.83631635609953,0
dodo-k1000000000000000,888,10000,0.898308046960522,-0.8935287276087251,0.8935287276087251,0.0047793193517968735,152140.07704017466,1161.7094228586054,0.9924220751130076,10989,66,23335.937720076054,-0.020846611006052312,0.06907765909083607,97.91533889939477,10200.162771124105,101.32791616145774,0
dodo-k1000000000000000,889,10000,1.4900579758147785,-1.4878138681915516,1.4878138681915516,0.0022441076232269097,169408.2823653377,2070.647813518345,0.9879247683003467,7702,95,35860.04455928533,0.01348564713307411,0.07688179065177493,101.34856471330741,9870.385268943743,96.7181977662013,0
dodo-k1000000000000000,890,10000,0.9743635230628036,-0.9693404777795536,0.9693404777795536,0.005023045283250038,97353.90007352985,706.6903148970802,0.9927933300003823,4461,53,20887.939537862487,-0.02138813002384026,0.11846419602334407,97.86118699761597,10205.151784907484,101.83985582112363,0
dodo-k1000000000000000,891,10000,0.5614253662889147,-0.5593625613051927,0.5593625613051927,0.002062804983722022,108856.77556779118,1838.842601051546,0.983388298186774,8250,41,14798.713311352798,0.0023805587485196613,0.057784103364439544,100.23805587485197,9982.662790834584,97.39477003811395,0
dodo-k1000000000000000,892,10000,0.6836942640710353,-0.6797522427377771,0.6797522427377771,0.003942021333258161,89983.89262807666,1147.5405601245218,0.9874078512761381,4892,48,17904.554433115234,-0.02169078890088784,0.05533873332044607,97.83092110991122,10302.35708731728,87.98773448184434,0
dodo-k1000000000000000,893,10000,2.7712757983685266,-2.7614320395203436,2.7614320395203436,0.009843758848183004,280312.97149553103,2108.7688592737572,0.9925332629965933,10662,147,61157.25565995641,-0.02690699158124772,0.15896960496408197,97.30930084187523,10420.582935954108,162.11446641430615,0
dodo-k1000000000000000,894,10000,3.527881852883465,-3.5280035649951174,3.5280035649951174,-0.00012171211165235007,234873.13744854712,2044.259524991841,0.9913714250151914,8962,141,57651.988209639785,0.0011627168043300174,0.2870288880585041,100.116271680433,10035.086085207982,103.80107120402114,0
dodo-k1000000000000000,895,10000,1.6342556170174984,-1.6290381815239812,1.6290381815239812,0.005217435493517275,223583.65594367692,2129.495887175039,0.9905654771558422,10965,101,40882.808702738075,0.010640159799556414,0.09656298978708364,101.06401597995564,9803.549821243576,152.32987369519603,0
dodo-k1000000000000000,896,10000,0.5811380569453211,-0.5806541057559684,0.5806541057559684,0.00048395118935262715,105866.5806682922,1800.3067267878591,0.9832789191705552,7339,42,14537.063531167623,-0.0014176428453410495,0.06327779493393593,99.8582357154659,9984.403903810216,74.75278526739645,0
dodo-k1000000000000000,897,10000,1.1336601818927723,-1.1340429445600648,1.1340429445600648,-0.0003827626672925355,134146.3812441334,1810.5480500128906,0.9866829292231531,8016,68,23230.281993319066,0.005482200461099183,0.1432721182388552,100.54822004610992,9968.433408861058,61.66054881566218,0
dodo-k1000000000000000,898,10000,1.0220492380014086,-1.0153699658573316,1.0153699658573316,0.006679272144076931,147276.079120543,1973.1016320913902,0.9867798159953614,10100,74,24961.583262251173,0.04129601472186892,0.1171755472587435,104.12960147218689,9716.916223800818,61.72752126679433,0
dodo-k1000000000000000,899,10000,2.534943504474361,-2.531897184798396,2.531897184798396,0.0030463196759651368,195274.7181722837,2456.0081052760943,0.9875790265301078,8559,158,48167.84304210723,-0.00430485610675575,0.19657250199939624,99.56951438932442,9917.666168616417,48.27563102318908,0
dodo-k1000000000000000,900,10000,1.2363625332319335,-1.234941811436272,1.234941811436272,0.0014207217956614393,173442.86074802474,2040.9559383070728,0.9883695489598612,11488,81,29837.074997798944,-0.007145130208083117,0.11101710206998291,99.28548697919169,10061.986242629342,95.15456377734994,0
dodo-k1000000000000000,901,10000,1.8505220794205217,-1.8476238525728945,1.8476238525728945,0.0028982268476271944,191269.18896625724,2111.449585989799,0.9890813806294299,10056,129,40833.36876898626,0.010142070739847497,0.13113203627252787,101.01420707398475,9870.897166722745,51.95977984924389,0
dodo-k1000000000000000,902,10000,3.5224912739569585,-3.5134174400286327,3.5134174400286327,0.009073833928325836,226174.7402068384,2348.325843399033,0.9897239001559571,9725,145,51431.356582450695,-0.010295996514503542,0.4168994973169222,98.97040034854965,9961.718475917876,42.07959173122799,0
dodo-k1000000000000000,903,10000,1.8737858060087804,-1.8746876046624834,1.8746876046624834,-0.0009017986537029898,251046.09165569898,2129.5473536477793,0.991588656151988,11885,124,49445.7410194558,0.001468531856122297,0.07423575667274221,100.14685318561223,10040.385245835276,79.3553036882172,0
dodo-k1000000000000000,904,10000,1.7859793990202988,-1.7843935669185385,1.7843935669185385,0.0015858321017603316,214242.87060269588,433.0767040048504,0.9979826491535816,10056,119,44398.676143215074,-0.01036574001041629,0.07350419325617182,98.96342599895837,10102.242223088637,103.56459739764196,0
dodo-k1000000000000000,905,10000,1.8001299015663368,-1.7985796575961217,1.7985796575961217,0.0015502439702150816,202638.8269416323,951.5783013559922,0.9953260159769304,8501,107,41391.88046566591,0.010799004834608893,0.08084065758665261,101.07990048346089,9893.758843644131,95.28967750177506,0
dodo-k1000000000000000,906,10000,0.3637804049949243,-0.36067390391116305,0.36067390391116305,0.0031065010837612594,100442.07298354569,1831.4962321636006,0.9820921842641405,7429,28,10503.978952944171,-0.02037183288931914,0.05014633892552354,97.96281671106809,10371.180982621538,176.99047483532598,0
dodo-k1000000000000000,907,10000,0.770636077179569,-0.7650600247121133,0.7650600247121133,0.005576052467455628,100370.28847789648,1553.4725486395073,0.9847584848420669,5446,53,18552.946103454968,0.015157423057352588,0.08126431283243107,101.51574230573526,9757.701168751286,116.46277568617353,0
dodo-k1000000000000000,908,10000,1.4966726846505785,-1.4951662238410677,1.4951662238410677,0.001506460809510779,159893.7369757802,2530.088830703943,0.984422920602065,8474,93,35379.426952611466,0.015599393777518457,0.09382007229136889,101.55993937775185,9896.534698449686,80.53688170807973,0
dodo-k1000000000000000,909,10000,1.67484749305143,-1.6560613429319062,1.6560613429319062,0.018786150119523892,158312.8937132467,1309.6234756610083,0.9917954966584626,6821,93,35021.57334822757,0.06702280131932398,0.11712899020470643,106.7022801319324,9546.372564792335,63.95569969304597,0
dodo-k1000000000000000,910,10000,2.471931658422422,-2.4735572092915845,2.4735572092915845,-0.0016255508691624954,250385.5711021329,2810.831523448268,0.9888986119301039,10719,128,54790.797375991395,-0.008524091270441687,0.13784948879076991,99.14759087295583,10225.066291746563,185.42967231080868,0
dodo-k1000000000000000,911,10000,1.2212235267766243,-1.2199640816194233,1.2199640816194233,0.0012594451572010001,180969.50790808263,2189.4407057353355,0.9880462258475197,11930,88,30529.05174348173,0.038154979255719326,0.08397255660177962,103.81549792557193,9855.057674681157,52.93232788898077,0
dodo-k1000000000000000,912,10000,1.8016886506807754,-1.80125147904522,1.80125147904522,0.00043717163555534455,212168.87429348848,1485.7623391144925,0.9930459625752499,9100,112,44529.114725071886,-0.010962269061754171,0.09324888903614649,98.90377309382458,10183.481324180575,134.0828478532055,0
dodo-k1000000000000000,913,10000,1.2421240973741061,-1.242904709196182,1.242904709196182,-0.000780611822075894,171318.16113687996,2768.4701447876355,0.9840971697573473,9644,81,30192.806384103173,0.004742852273687675,0.07957479022423457,100.47428522736877,9989.15625012366,74.17759602197118,0
dodo-k1000000000000000,914,10000,0.984906281757226,-0.9756935059915577,0.9756935059915577,0.009212775765668368,120157.89162959764,1767.727734435059,0.9855015890535921,7180,62,22327.92562176529,-0.02588328881102285,0.07789730693606785,97.41167111889771,10075.055145914088,80.71806694001118,0
dodo-k1000000000000000,915,10000,1.8786017029681925,-1.8791335030274467,1.8791335030274467,-0.0005318000592542393,181742.01061972155,2108.36540890909,0.9885321670020366,8782,108,40850.724703842956,0.001562364040026125,0.09970614211861303,100.15623640400261,10050.821306231212,91.80961420802007,0
dodo-k1000000000000000,916,10000,0.976454401952328,-0.9814860161877164,0.9814860161877164,-0.0050316142353883375,98224.58566631417,1589.4283604029165,0.9840761001758984,7373,46,14275.611772167249,0.03692115722800807,0.1851180020312971,103.6921157228008,9969.417658572664,31.36505247600264,0
dodo-k1000000000000000,917,10000,2.3683823364537995,-2.3672318812750746,2.3672318812750746,0.0011504551787249184,267094.71640628536,3039.1060621182924,0.9887496277424728,11552,138,55465.44421531761,0.004560775485311836,0.07840184403075,100.45607754853118,9950.2997455961,177.4678224861306,0
dodo-k1000000000000000,918,10000,1.4111767216202984,-1.410612813384006,1.410612813384006,0.0005639082362924874,104661.62768833525,1441.9574793757251,0.9864099080431965,5323,64,23984.308709636658,-0.00801424733610702,0.21736094708394277,99.1985752663893,9995.214998765869,114.53240818853689,0
dodo-k1000000000000000,919,10000,1.3508759488910718,-1.349713652537048,1.349713652537048,0.0011622963540238729,183853.86395050006,1671.6961505946056,0.9909894024861929,8919,73,32491.841410941233,-0.009940573548470156,0.07751096268971225,99.00594264515298,10147.138918264644,224.58719251823345,0
dodo-k1000000000000000,920,10000,0.705638983409345,-0.7053967480452457,0.7053967480452457,0.00024223536409939683,95006.64682654926,1237.0455869681466,0.9871467359995594,5985,49,17611.90618666471,0.0020326968467810503,0.10242946406544207,100.2032696846781,9968.011042524618,76.11630482573209,0
dodo-k1000000000000000,921,10000,0.32270292321902205,-0.31528269863321157,0.31528269863321157,0.0074202245858104865,95311.43540048784,1411.5612522208294,0.985406146407052,7787,27,10198.960102937539,0.011249889616317005,0.03543285501686413,101.1249889616317,9757.397719476949,157.45369450939688,0
dodo-k1000000000000000,922,10000,1.4545249113491827,-1.4543085503752877,1.4543085503752877,0.0002163609738949912,139019.29484529846,1361.853125910665,0.9902988888067081,5402,81,32258.286802117826,0.0012684350946602762,0.08825654570199333,100.12684350946603,9990.120708765955,94.81008829113199,0
dodo-k1000000000000000,923,10000,1.5914806227898248,-1.5872251927626166,1.5872251927626166,0.004255430027208185,176363.07917516708,1641.0628997841193,0.990780760039319,8534,100,37700.94985062106,0.01351257679866535,0.1197836411959463,101.35125767986653,9830.086059261776,110.38617493415198,0
dodo-k1000000000000000,924,10000,0.7052906730947865,-0.7000725779200252,0.7000725779200252,0.00521809517476135,77009.62463010085,1920.892855618615,0.9756634959859961,4414,39,15139.557851520185,-0.02259270634772662,0.11540292610177687,97.74072936522734,10267.299568043423,116.5546764444914,0
dodo-k1000000000000000,925,10000,1.4132632107050425,-1.4174475597711762,1.4174475597711762,-0.004184349066133741,119882.9294967125,1106.9284049302037,0.9908510645096379,4948,65,28721.168822872638,0.008692128388428984,0.09950455200257323,100.8692128388429,9986.017354587992,91.18801028239726,0
dodo-k1000000000000000,926,10000,0.7414724334198457,-0.7414631761203623,0.7414631761203623,0.000009257299483422798,107955.11413036771,1663.1690633127566,0.9848276308033929,5885,53,19066.92306238868,-0.007165500063835566,0.08929930653768964,99.28344999361644,10079.149762763438,103.07168258716703,0
dodo-k1000000000000000,927,10000,1.4283000011292128,-1.4278240275713756,1.4278240275713756,0.00047597355783723927,145203.30516168583,1624.9249416663467,0.9889331571965244,5621,92,34533.48812010791,-0.0020177255842251897,0.07399371136459251,99.79822744157748,9999.112933998253,104.82748780615688,0
dodo-k1000000000000000,928,10000,1.188189265470751,-1.1824336704203802,1.1824336704203802,0.005755595050370932,105794.22103011612,842.7573066724254,0.9920969506092833,4513,57,21987.146286333573,0.02527391405149956,0.18675042592216215,102.52739140514996,9772.564674776973,83.2080907777807,0
dodo-k1000000000000000,929,10000,0.9512692166281648,-0.9450881884228579,0.9450881884228579,0.00618102820530686,117310.71777688687,1262.7420800378302,0.989350550438846,5209,57,23598.71364723595,-0.02220321002937112,0.06874517499891397,97.77967899706289,10355.23855161473,127.89647149898721,0
dodo-k1000000000000000,930,10000,1.0456867715158191,-1.0439121617067713,1.0439121617067713,0.0017746098090478668,151426.20408664652,2082.0222752367285,0.986437063833123,9807,76,27950.741830262134,-0.0009863743849645346,0.05872132349990707,99.90136256150355,9962.302529801513,110.88951471751186,0
dodo-k1000000000000000,931,10000,1.2250273772839668,-1.2260030297189815,1.2260030297189815,-0.000975652435014629,96647.21818774987,891.3358794756008,0.9908617070654823,4075,56,22982.13742948947,0.003368284669695356,0.13036556101325686,100.33682846696954,9988.81838956042,107.36776649630849,0
dodo-k1000000000000000,932,10000,1.07957992125186,-1.0790454670728309,1.0790454670728309,0.0005344541790290869,181935.26169913163,185.71689498081557,0.998980255342276,11019,75,27190.47584143163,0.0013399717823834578,0.08548270868150411,100.13399717823835,9989.607051347684,101.02862854195298,0
dodo-k1000000000000000,933,10000,1.9938130572692256,-1.9947382494254384,1.9947382494254384,-0.0009251921562127841,240781.8461914256,1997.7423575216383,0.991771374317496,10130,120,49759.989031182085,0.0013620196083995494,0.11099792439288748,100.13620196083995,10072.268574210457,118.56551349852177,0
dodo-k1000000000000000,934,10000,1.5510150732004884,-1.5394988302296895,1.5394988302296895,0.011516242970798896,154975.48469403395,1551.5760282359004,0.9900874901689434,8098,83,30085.014795033716,0.008758014666494632,0.2832349184887613,100.87580146664946,9961.800824395143,73.91346420600289,0
dodo-k1000000000000000,935,10000,1.517600135265015,-1.5129610458478169,1.5129610458478169,0.00463908941719815,129323.49632596904,1200.487380566238,0.9908025533202743,6437,79,27635.840151074677,0.04124194333059549,0.15332142430571294,104.12419433305955,9762.002621188387,60.009998089698215,0
dodo-k1000000000000000,936,10000,0.35023695384297526,-0.3472267680470509,0.3472267680470509,0.0030101857959243805,56648.465421170484,1740.528422203081,0.9701908132400433,4174,24,8786.879739011654,-0.01951233597393255,0.06161140843326365,98.04876640260674,10236.02085887828,105.05855312620623,0
dodo-k1000000000000000,937,10000,2.6444900417448554,-2.640274829162763,2.640274829162763,0.0042152125820922315,221098.07449548756,2341.3982471337795,0.9895211073567525,8267,129,54274.23974319448,-0.005266125831004871,0.16055374487576898,99.47338741689951,10028.42976072659,150.2718954070977,0
dodo-k1000000000000000,938,10000,0.8717877300980073,-0.8695454858322478,0.8695454858322478,0.0022422442657594743,153411.04198364104,2031.3026357584333,0.9869321153078842,9653,58,21998.845890549754,-0.017944743697107697,0.06998615902984952,98.20552563028923,10270.629125441288,126.17586885449033,0
dodo-k1000000000000000,939,10000,1.1279613565748254,-1.1274055688728595,1.1274055688728595,0.0005557877019659596,157835.7538975648,1057.7094289734785,0.9933432791580621,9535,77,27974.570111435016,0.003636228692023309,0.08618989802177154,100.36362286920233,9963.59976691267,101.06099073645629,0
dodo-k1000000000000000,940,10000,1.0678093977249197,-1.0623884962948864,1.0623884962948864,0.005420901430033265,119151.92233123136,1310.2353997927626,0.9891232614086298,5847,64,24528.61816467078,0.015829682298282962,0.08786479220693139,101.5829682298283,9808.410264273634,120.78313631376483,0
dodo-k1000000000000000,941,10000,2.143206486675435,-2.144877623770128,2.144877623770128,-0.0016711370946933535,226477.0479901502,1909.831068074582,0.9916377373518568,8542,130,53016.59773668585,0.0022178362354573268,0.07110094270617068,100.22178362354573,10006.969846053798,169.26597924815883,0
dodo-k1000000000000000,942,10000,2.3014148010350945,-2.305417250774326,2.305417250774326,-0.004002449739231473,174765.26274729933,1608.5356082608173,0.990879962765115,9504,115,37044.7163293989,0.04735132745566745,0.19305648498110017,104.73513274556674,9920.934488716262,25.402786763145137,0
dodo-k1000000000000000,943,10000,2.0667929897651662,-2.0645115759552937,2.0645115759552937,0.002281413809872568,224756.51926625732,2752.1326905527194,0.9879031734974406,11509,114,41524.81555758942,0.002071640191505821,0.22735452949830176,100.20716401915058,9941.097880664427,78.19488420272818,0
dodo-k1000000000000000,944,10000,0.935115638025166,-0.93807022825888,0.93807022825888,-0.0029545902337140273,125476.02164329459,1646.6776704897848,0.9870465488903348,6238,66,23612.82423891083,-0.0017195191553462052,0.08863774959972957,99.82804808446538,10081.345033578436,79.20098667178127,0
dodo-k1000000000000000,945,10000,0.3561326817826414,-0.35315796442716874,0.35315796442716874,0.002974717355472667,67334.71410113097,1081.0514792165955,0.9841987958470332,4254,26,9999.496192562392,-0.0013419639087345558,0.05108217141409867,99.86580360912654,9893.573144909382,173.7740876760304,0
dodo-k1000000000000000,946,10000,0.7697201318845857,-0.7707920098280283,0.7707920098280283,-0.0010718779434426562,83387.2741914108,794.8315316563613,0.9905581890019345,4213,52,18077.22601445637,0.01558426222484897,0.10550596607928711,101.5584262224849,9962.236124747855,52.164583536131765,0
dodo-k1000000000000000,947,10000,1.0381950586517128,-1.0397332639922752,1.0397332639922752,-0.0015382053405623708,119442.64608243573,1083.9453924230177,0.9910065871841308,5672,71,25215.451126296968,-0.006092182714754131,0.09340538438742385,99.39078172852459,10126.035247195634,128.16906905538224,0
dodo-k1000000000000000,948,10000,0.8145882340482321,-0.8135315693793927,0.8135315693793927,0.0010566646688393577,87288.34991235085,1093.7604691460674,0.9876246395970303,3993,50,17841.167360820546,0.008198523178128312,0.10202888455078053,100.81985231781283,9911.864333678044,83.92570193792658,0
dodo-k1000000000000000,949,10000,4.094665451868903,-4.101058830718955,4.101058830718955,-0.006393378850051867,251923.06999681095,1710.9302562332061,0.9932543339831165,9219,190,70919.40326235657,0.009715372765901691,0.17579742061719897,100.97153727659017,10088.600830197287,70.36953262042883,0
dodo-k1000000000000000,950,10000,0.317410360267295,-0.31417314646762406,0.31417314646762406,0.003237213799670957,73601.62173177558,123.60228775660282,0.9983234735546703,5931,21,7781.85599281551,-0.017122598117060475,0.057905475703530274,98.28774018829395,10173.318156809468,98.44005129273961,0
dodo-k1000000000000000,951,10000,1.1619000961583608,-1.156555058900608,1.156555058900608,0.005345037257752816,150156.24052702854,1745.2001976497118,0.9885109700782042,8656,71,27018.710705575162,-0.00023392372514578598,0.12621223308082763,99.97660762748542,9945.202992339433,148.9629282748829,0
dodo-k1000000000000000,952,10000,1.3733126700802403,-1.368490423339665,1.368490423339665,0.004822246740575187,189834.12340138317,308.4779446368152,0.9983776494985706,11800,81,31382.55209088182,-0.020120855367718207,0.08438209147420622,97.98791446322818,10189.700239801687,98.64640832164508,0
dodo-k1000000000000000,953,10000,0.9784233922076234,-0.977923043406804,0.977923043406804,0.0005003488008193946,156452.001463116,2956.066295294023,0.9814559806359733,10544,68,24526.840527231703,0.004373964521273877,0.073518106864161,100.43739645212739,9948.816457859934,119.56303624451994,0
dodo-k1000000000000000,954,10000,0.8743000372821981,-0.8731238813263928,0.8731238813263928,0.0011761559558052248,124538.83198360114,2265.8005896978034,0.9821315629901135,8362,60,20603.752198908904,-0.00939956957372587,0.08120548093422741,99.06004304262741,10075.489037645359,73.36659174298256,0
dodo-k1000000000000000,955,10000,1.2484176800110807,-1.2487263884175377,1.2487263884175377,-0.0003087084064570256,162567.48533204672,1967.720320008542,0.9880407338222209,9109,87,28523.871071733553,0.0014636632714066877,0.11614242677809003,100.14636632714067,10015.866640967768,44.53245722914996,0
dodo-k1000000000000000,956,10000,3.903462188260784,-3.9023278300521724,3.9023278300521724,0.00113435820861163,314622.3793340946,2419.3187943005505,0.9923690832827902,11854,181,76298.39626645521,0.011281251966575923,0.198272247627027,101.12812519665759,9908.704655041984,107.41825791751016,0
dodo-k1000000000000000,957,10000,1.983032058064664,-1.9828999984717939,1.9828999984717939,0.00013205959287021507,186557.79593174896,2987.1543678130206,0.9842403906667413,11182,107,38199.94254872435,-0.015310313485938564,0.19488612549629664,98.46896865140614,10202.624568848558,79.42004567793134,0
dodo-k1000000000000000,958,10000,1.3691350089538772,-1.3616196973533192,1.3616196973533192,0.007515311600557961,144392.65114483537,1861.3832050916333,0.9872729445490844,6480,83,31243.636503131547,0.023586754362751917,0.1307640813030554,102.35867543627519,9744.370982815652,103.19117791931505,0
dodo-k1000000000000000,959,10000,1.2822442609170588,-1.2771692821645217,1.2771692821645217,0.0050749787525370404,167562.31645712923,2207.407240435628,0.9869976389643657,10414,90,31464.445273399066,-0.03231524082549328,0.07974469522854705,96.76847591745067,10202.411074075573,63.97954373227681,0
dodo-k1000000000000000,960,10000,1.4295751924091062,-1.427152909862059,1.427152909862059,0.0024222825470472387,184529.5411599937,2344.3148132368624,0.9874550947695291,10036,94,35119.27756747504,-0.011237485198418114,0.07029679124033067,98.87625148015819,10062.49450213364,80.69917607259077,0
dodo-k1000000000000000,961,10000,0.21365457449378578,-0.21373431786298625,0.21373431786298625,-0.00007974336920046898,63837.30415313941,1199.2479272050782,0.9815604012075616,5219,19,6607.652624658873,-0.004746737637297258,0.038340629094385716,99.52532623627027,10081.36339378068,108.08405333850828,0
dodo-k1000000000000000,962,10000,1.1577081439349302,-1.1530082289756365,1.1530082289756365,0.004699914959293672,160534.5551233895,1170.1485980802938,0.9927636700037135,10193,70,27233.204036958094,0.015090142440592019,0.08762659947467241,101.5090142440592,9809.23793853967,113.53587072471963,0
dodo-k1000000000000000,963,10000,1.5019609554878541,-1.510863956544739,1.510863956544739,-0.008903001056884907,182184.10518306537,2820.886361309498,0.9847523770155526,10339,107,35791.67705409264,0.0028816051910308714,0.11158775225526853,100.28816051910309,10120.009956399048,87.66726353746705,0
dodo-k1000000000000000,964,10000,1.0388603961409981,-1.0431788081904187,1.0431788081904187,-0.004318412049420628,158681.26118430906,2015.506860214146,0.9874577013294025,9759,74,26426.550463153555,0.01308377337494619,0.0763181246521458,101.30837733749462,9997.174257442775,61.096299341296785,0
dodo-k1000000000000000,965,10000,0.7240519175764,-0.7229470511194904,0.7229470511194904,0.0011048664569095479,142861.80466456816,26.75895071077896,0.9998127285345044,9125,56,19515.002518863424,-0.00801313787215605,0.05803541509734956,99.1986862127844,10078.85329359129,100.07319535446113,0
dodo-k1000000000000000,966,10000,1.5763306023136892,-1.5758016813177846,1.5758016813177846,0.0005289209959045138,189821.55222873838,1066.0854642227146,0.9944151152106692,9137,98,37016.68009038752,-0.0037772657048907375,0.10572097684075629,99.62227342951093,10029.410552554908,103.84998603647017,0
dodo-k1000000000000000,967,10000,2.086965088012411,-2.0867976685894973,2.0867976685894973,0.0001674194229135395,154028.55809056616,1384.1398429111764,0.9910937789426727,5717,109,41396.75541215495,-0.009031955769648903,0.12088700703624852,99.09680442303511,10074.76365089196,83.88825720589213,0
dodo-k1000000000000000,968,10000,2.816046426547782,-2.8175766516585554,2.8175766516585554,-0.0015302251107733866,237494.87454112616,3016.8703213850413,0.987456453225976,8837,150,58466.13412477133,-0.0004001226342020914,0.15231719207215064,99.95998773657979,10050.356486348599,92.76347330671241,0
dodo-k1000000000000000,969,10000,2.113434353723292,-2.1208050802613627,2.1208050802613627,-0.007370726538070915,180215.87044441147,2113.641167335137,0.98840757511688,8347,124,41325.21486603251,0.010801147258839875,0.19779403047105618,101.08011472588399,10134.07481836,62.133199381701424,0
dodo-k1000000000000000,970,10000,1.6297878276143762,-1.629557025833094,1.629557025833094,0.0002308017812822083,195894.14686580483,1904.4676642884697,0.9903716834983254,7603,115,46493.9496044625,0.001600005480322011,0.05634119574158816,100.1600005480322,9978.370813088291,181.17236352138633,0
dodo-k1000000000000000,971,10000,1.849158716114592,-1.8479456780600003,1.8479456780600003,0.0012130380545916086,182515.73149982857,1519.117545161284,0.9917454897643331,7779,93,37757.56683015506,-0.00776830210492534,0.1287161441260284,99.22316978950747,10082.940594551561,108.39538477256826,0
dodo-k1000000000000000,972,10000,0.6979825997808092,-0.6983771971243868,0.6983771971243868,-0.00039459734357760734,84281.84071764753,1312.3489309663566,0.9846677801804785,4461,37,14800.542052442068,-0.004359782715563227,0.10009204648679074,99.56402172844368,10067.443347904957,110.90080125537601,0
dodo-k1000000000000000,973,10000,1.9169659994371897,-1.9192912202454409,1.9192912202454409,-0.0023252208082511494,230794.76695858207,2733.4265010096674,0.9882950899396109,11706,114,44746.328789460655,-0.008980789020692015,0.08423329002708116,99.1019210979308,10193.331326815256,153.51238374577542,0
dodo-k1000000000000000,974,10000,0.5455723643459722,-0.5454335288444554,0.5454335288444554,0.00013883550151683188,101071.04656377861,1875.7571010808572,0.9817793556059561,6680,37,14056.825504243137,0.007785627228450807,0.06748176976830493,100.77856272284508,9913.262947730938,117.57216251344016,0
dodo-k1000000000000000,975,10000,1.5381312153837088,-1.5348149554314716,1.5348149554314716,0.003316259952237166,117962.08306793061,1134.549266664069,0.9904737082449433,4471,92,33644.24382571064,-0.004350655681182758,0.11426572521678381,99.56493443188172,9952.475034524414,64.16033880879931,0
dodo-k1000000000000000,976,10000,0.6308177294377448,-0.6219689131169162,0.6219689131169162,0.008848816320828679,106998.02654402105,204.18155571758325,0.998095360540264,6376,43,15855.105511291353,0.027564192021246187,0.05556164722467145,102.75641920212462,9713.054227779681,102.75298993868925,0
dodo-k1000000000000000,977,10000,1.4406029033945116,-1.4388131634838146,1.4388131634838146,0.0017897399106969747,137485.5514100829,1686.9093233149665,0.9878790005262144,6942,80,30851.136037081636,0.006242953196019556,0.1413321560920768,100.62429531960196,9938.77860971705,91.86459830000013,0
dodo-k1000000000000000,978,10000,0.66066032548257,-0.65653546593785,0.65653546593785,0.004124859544720083,113374.40320731311,2425.262511064969,0.9790563945412144,9083,44,12711.456076960469,0.058250528233557475,0.21379773647816747,105.82505282335575,9778.57279056882,23.8162423587413,0
dodo-k1000000000000000,979,10000,1.8080806072197824,-1.8078664065844805,1.8078664065844805,0.0002142006353018644,189992.44327211636,1761.5014926582492,0.9908137405213797,8914,104,40362.92631063859,-0.002552344256361039,0.10516458445834559,99.7447655743639,9996.411149513951,126.11982565019574,0
dodo-k1000000000000000,980,10000,1.0275813354817562,-1.025570852169892,1.025570852169892,0.002010483311864153,126377.7967624681,2216.8749973974623,0.9827607554258765,9604,51,20837.596927536153,-0.006029390703270394,0.12469648054513342,99.39706092967296,10124.255739959015,113.32141015727349,0
dodo-k1000000000000000,981,10000,1.6533037940522035,-1.646899791378587,1.646899791378587,0.006404002673616516,179703.08974972242,2148.0483060903794,0.9881878753740264,8680,97,38053.539041815806,-0.020851887780510055,0.09614865034356924,97.914811221949,10289.402998952804,133.91110719652707,0
dodo-k1000000000000000,982,10000,1.5837314336757915,-1.5776023842583982,1.5776023842583982,0.00612904941739334,197399.87735114078,2124.5320211102708,0.9893520194957874,10114,83,34260.09840967598,-0.022169094016105503,0.12777442850965556,97.78309059838945,10219.754265217754,137.53453606259666,0
dodo-k1000000000000000,983,10000,2.4206222914072293,-2.4102666307054506,2.4102666307054506,0.010355660701778735,200366.30968056436,1739.1091354122223,0.9913950395511377,8149,127,48156.88550712913,0.0384317977255121,0.17988856446727042,103.84317977255121,9679.853250482158,82.94149992009324,0
dodo-k1000000000000000,984,10000,2.123938794012057,-2.118848023236012,2.118848023236012,0.005090770776044806,217889.10766855642,1544.739966748856,0.9929603386925239,8030,122,49797.15011001057,-0.02006998053478469,0.08533132039993817,97.99300194652153,10224.970891173056,132.2300375431944,0
dodo-k1000000000000000,985,10000,1.8769728966037005,-1.875900156424791,1.875900156424791,0.0010727401789094593,204976.36246545886,1723.624581423443,0.9916612254986136,10559,122,46296.473488398035,-0.0034797110870682956,0.08107062583692028,99.65202889129317,10014.146541661526,108.3868371185161,0
dodo-k1000000000000000,986,10000,1.7257363773824501,-1.7245176905576045,1.7245176905576045,0.001218686824845605,195057.26174677457,537.1655611547665,0.9972536765563924,8772,109,41077.736931990075,-0.010665157680171263,0.08395748166455191,98.93348423198287,10126.25293839083,105.05371503082581,0
dodo-k1000000000000000,987,10000,1.7898217364108693,-1.7904862314379102,1.7904862314379102,-0.0006644950270409122,145789.74586422544,1290.1768676233835,0.9912280558511335,5614,96,37512.8708424445,0.009480182652563656,0.1508198369392143,100.94801826525637,9929.95193168547,94.71457169401732,0
dodo-k1000000000000000,988,10000,2.3540617488969184,-2.3525867625911587,2.3525867625911587,0.0014749863057597068,253912.94714624717,1896.6847197314291,0.9925855617480224,11748,150,55847.950534712356,0.007716963119753046,0.12458196008243248,100.7716963119753,9934.662150794798,95.34830776808288,0
dodo-k1000000000000000,989,10000,2.6413332956279088,-2.640434732918777,2.640434732918777,0.0008985627091315784,193883.97925344732,3141.590470348941,0.9840549098538173,8391,134,52173.11963668027,0.002937988849871971,0.17648340838380677,100.2937988849872,9983.905861613675,87.92640818545736,0
dodo-k1000000000000000,990,10000,1.2376222692197374,-1.2339422207681423,1.2339422207681423,0.003680048451595086,120946.25128083568,1131.8786271909025,0.9907282440512182,6116,67,25335.35194115911,-0.011837872052260253,0.13925281548355228,98.81621279477397,10080.665195591024,63.800433732442364,0
dodo-k1000000000000000,991,10000,2.7163089834098204,-2.7178155514830564,2.7178155514830564,-0.0015065680732360143,278212.9138898715,2545.6792134768616,0.9909328537896621,10307,169,66410.57529597862,-0.0021771077405199433,0.09724849216850401,99.782289225948,10055.158056387669,131.43011031994297,0
dodo-k1000000000000000,992,10000,2.184197009168085,-2.1849817181807794,2.1849817181807794,-0.0007847090126942291,247937.82218681404,2923.714634653467,0.9883453052560456,10905,127,48736.013259453495,0.00910633917211925,0.10045830755515056,100.91063391721192,9937.875000456908,105.72201433928285,0
dodo-k1000000000000000,993,10000,0.8984258367188317,-0.9002012378212783,0.9002012378212783,-0.001775401102446561,108307.4433494015,1151.7304147731252,0.9894779909699074,4390,57,20269.30492099441,0.01123036425692277,0.10650589106927782,101.12303642569228,10004.63068203145,64.12596545006191,0
dodo-k1000000000000000,994,10000,2.4258940946610257,-2.4187174702212815,2.4187174702212815,0.007176624439744206,245775.65753492992,3066.3027257583535,0.9876777102923234,10266,144,55498.046210806744,0.019603419034147435,0.09439290395988963,101.96034190341474,9771.419677024094,104.93080575184041,0
dodo-k1000000000000000,995,10000,3.74979181095491,-3.7455535459000373,3.7455535459000373,0.004238265054872681,293860.64655791334,2546.790571843894,0.9914078047551519,10997,195,75365.11609781862,0.004685947346316653,0.12830563995116692,100.46859473463167,9905.338122040263,75.38367126263556,0
dodo-k1000000000000000,996,10000,3.0545911689726415,-3.0501713680916964,3.0501713680916964,0.004419800880945068,205593.32983140802,1810.524309693933,0.9912705368123864,7761,137,51214.87051759791,-0.021012589152042124,0.2094339646375528,97.89874108479579,10134.2821164002,87.21507112732313,0
dodo-k1000000000000000,997,10000,0.8965269185337434,-0.8891781318597509,0.8891781318597509,0.0073487866739925245,116631.4404799567,2416.7301468013475,0.9796995608241783,7236,53,19967.78865419312,-0.025635248346939504,0.0964981496721974,97.43647516530605,10303.785887709666,107.08728473357351,0
dodo-k1000000000000000,998,10000,2.6878077420209596,-2.684049862316215,2.684049862316215,0.0037578797047448376,249282.6603139618,2812.080783984527,0.9888451430135468,9716,152,59200.392661298705,-0.01814015587720263,0.10673277294654923,98.18598441227974,10180.179819274812,96.25685765340556,0
dodo-k1000000000000000,999,10000,1.4230785893097226,-1.4229620293732523,1.4229620293732523,0.00011655993647030627,132526.25880049102,928.7901045477971,0.9930404273785948,5304,73,29103.359452879675,-0.006738720036563137,0.12677713777280503,99.32612799634369,10066.093191315818,90.08787327790438,0
flashbots-c1000,0,10000,1.5713904619244226,-1.5717279431086695,1.5717279431086695,-0.00033748118424692386,154797.2820437656,1336.3996591014209,0.9914406702991564,6667,92,35124.3741404304,0.0033852176746644604,0.09833158156034742,100.33852176746645,9954.971637232215,88.19719749066152,0
flashbots-c1000,1,10000,0.5109308748363074,-0.5081336155382701,0.5081336155382701,0.0027972592980373134,57363.08757262,931.7552805760766,0.9840165058353014,3981,27,9192.324352860805,0.017736547941495217,0.14608971286973457,101.77365479414952,9971.169303354745,51.02014315808477,0
flashbots-c1000,2,10000,0.7565923646340812,-0.7549736711355877,0.7549736711355877,0.0016186934984935286,123879.08128718933,959.7862535900657,0.9923117994219505,7590,55,19732.309319869408,0.010048329485399847,0.07646768075052904,101.00483294853998,9901.223755243574,92.60684722629529,0
flashbots-c1000,3,10000,0.4417188386528398,-0.43416058847702743,0.43416058847702743,0.007558250175812353,80767.70938180518,1193.0868215769956,0.9854432011785682,5761,31,11297.777237899949,0.02712217041461642,0.0871378694319428,102.71221704146164,9664.170729709567,95.23520454777344,0
flashbots-c1000,4,10000,0.791186823352273,-0.7908773752651541,0.7908773752651541,0.00030944808711885763,101627.69673790659,656.5901264627936,0.9935807332035913,4393,52,19824.38666648489,-0.0006276950740404175,0.08791036834037413,99.93723049259596,9994.914919527666,99.79690512669549,0
flashbots-c1000,5,10000,1.3281589272223342,-1.3198901091107587,1.3198901091107587,0.008268818111575538,144476.70688834187,1867.1901049075414,0.9872410797903401,8630,92,31575.46825514659,0.03055669278676376,0.0869720242741066,103.05566927867638,9713.606720867707,89.6630303027163,0
flashbots-c1000,6,10000,0.6377055248993905,-0.637199148020045,0.637199148020045,0.0005063768793455159,128158.48140436818,1541.542744362,0.9881145531430721,9034,51,17994.661792663297,-0.0037506572585104436,0.04821854874370317,99.62493427414896,10002.686158270355,112.87745809577848,0
flashbots-c1000,7,10000,1.6925840428790422,-1.691365110474237,1.691365110474237,0.0012189324048050842,156947.70034902735,26.542687829520347,0.999830910553757,5836,105,40515.10533419024,-0.009555554625487019,0.0891622629823155,99.0444445374513,10095.210883691067,99.57023518258744,0
flashbots-c1000,8,10000,3.5122955969111347,-3.516053283037593,3.516053283037593,-0.003757686126458104,278162.6311601108,1875.3392774062872,0.9933032678587252,9822,169,69969.89946154272,0.009737628810404146,0.19401817551639994,100.97376288104041,9868.642052836298,118.34002263650147,0
flashbots-c1000,9,10000,1.847848521003558,-1.847009704376319,1.847009704376319,0.0008388166272390585,203554.17303507414,1592.983497766919,0.992234922849092,9216,118,44070.49744923135,0.01834565275102946,0.08822516491685221,101.83456527510295,9629.781929609271,153.7840946317001,0
flashbots-c1000,10,10000,1.176216505771048,-1.174985925197518,1.174985925197518,0.0012305805735299824,154872.19069250973,363.6781446792666,0.9976572544257752,7558,73,27751.38032579327,0.009592590934829559,0.1100368133313097,100.95925909348296,9903.774886751897,101.48687291166948,0
flashbots-c1000,11,10000,1.316240667232705,-1.3108130209051865,1.3108130209051865,0.005427646327518465,145162.27307059683,1530.2644817975463,0.9895682186201804,6172,70,30214.354022817708,0.025802357005149334,0.12406304596833351,102.58023570051493,9735.8657464355,95.23554058680836,0
flashbots-c1000,12,10000,3.6013053363872474,-3.6006559193722296,3.6006559193722296,0.0006494170150177503,302337.2190116043,451.39546987129035,0.9985092059335048,11692,178,74881.87570094297,0.0013668003908838954,0.1633121571433516,100.13668003908839,9981.842084985577,101.37104955938125,0
flashbots-c1000,13,10000,2.755754675354585,-2.749709110516278,2.749709110516278,0.006045564838307094,285385.94775462395,1773.0984417600796,0.993825378426186,10556,178,68906.0406036938,-0.023853185880238215,0.07858804668009839,97.61468141197618,10246.213480163427,100.44654210855664,0
flashbots-c1000,14,10000,1.8013077227754684,-1.7971346387579672,1.7971346387579672,0.004173084017501161,132803.44311783358,1689.4471034097116,0.987438390976426,6639,88,30414.922266938684,0.010111398622813112,0.15303257057208242,101.01113986228131,9999.123517443175,62.80895993167865,0
flashbots-c1000,15,10000,1.758536065865934,-1.755310832256498,1.755310832256498,0.003225233609435829,203170.18045088855,2568.6419004281684,0.9875150354654895,7354,106,41058.46902101827,-0.017094243850292942,0.10150065989265272,98.2905756149707,10171.288960489026,92.84026173414608,0
flashbots-c1000,16,10000,6.487421114904569,-6.480238069213101,6.480238069213101,0.007183045691467882,254940.67316622587,1799.6282336718607,0.9929904723806148,9500,181,70963.36744293525,-0.008952047114804317,0.5464888541860251,99.10479528851957,9918.727325197375,33.40793782367383,0
flashbots-c1000,17,10000,0.5388598871445271,-0.5400869167984865,0.5400869167984865,-0.0012270296539593772,120251.77412359264,1532.9934546065826,0.987412272609362,8714,44,15623.866546871455,0.000024949940404468406,0.04553667630680238,100.00249499404045,10042.362747183048,139.045628647001,0
flashbots-c1000,18,10000,2.55840828542382,-2.5575853794105115,2.5575853794105115,0.0008229060133086996,273758.70434011624,995.6552608725817,0.9963761984984751,10352,160,62297.85324950521,-0.0033197372521325975,0.07420816361066798,99.66802627478674,10040.014940440278,93.76140412178559,0
flashbots-c1000,19,10000,0.6712986732752297,-0.670242455881862,0.670242455881862,0.0010562173933676977,132965.05278524655,2737.4318300347377,0.9798276955812902,10240,44,18103.5167330276,0.00919696543532197,0.07117083677572963,100.9196965435322,9881.21998569321,112.35294496405139,0
flashbots-c1000,20,10000,1.6733606829892413,-1.6715855571414977,1.6715855571414977,0.0017751258477436416,183397.46936145573,3039.3143457023643,0.9836978825462024,8201,101,36850.96645541028,0.01448637073403276,0.12177903837864065,101.44863707340328,9857.815777250244,96.08783510341532,0
flashbots-c1000,21,10000,3.0634525864535473,-3.0646852510330405,3.0646852510330405,-0.0012326645794931146,239858.49858537666,1700.1018194993464,0.99296194870872,9018,157,60534.0072169217,-0.007713598085350668,0.19180904326925174,99.22864019146493,10113.611237732313,66.664639588171,0
flashbots-c1000,22,10000,1.5440281263392748,-1.5479279073928183,1.5479279073928183,-0.003899781053543494,148969.57138623035,1992.0227940493576,0.9868044398652119,7426,71,29657.194929325156,0.0025923228343097547,0.17387118504392746,100.25923228343098,9984.327363291293,57.98358028671422,0
flashbots-c1000,23,10000,1.591893216017148,-1.5954374121001251,1.5954374121001251,-0.00354419608297718,200885.50519366088,1314.79093546586,0.9934975815533612,7867,95,44389.79025697414,0.0038247690907165575,0.08713032626719582,100.38247690907166,9982.416446567657,163.8063401131231,0
flashbots-c1000,24,10000,1.058714266633165,-1.0546215338608818,1.0546215338608818,0.004092732772283281,207696.14464118995,2086.2671883857042,0.9900550900802849,10770,76,34353.54643126517,-0.018400677738657976,0.050246076916786536,98.1599322261342,10281.005708386643,179.83882562108087,0
flashbots-c1000,25,10000,1.6779599151857352,-1.6803086464562966,1.6803086464562966,-0.002348731270561455,181068.61459605786,2017.1453701420128,0.9889825108707831,8861,106,39265.343588482625,-0.011279336510006318,0.10984476110443253,98.87206634899937,10140.78481893565,91.09577641654727,0
flashbots-c1000,26,10000,1.535840176235153,-1.5349128072909366,1.5349128072909366,0.0009273689442164113,175387.42813788282,1472.6762460467328,0.9916732139722714,10205,105,32643.795647721196,-0.00345077995587701,0.09467679980668237,99.6549220044123,10090.76520331804,48.704627688688795,0
flashbots-c1000,27,10000,0.6290084601943603,-0.6259777584376138,0.6259777584376138,0.003030701756746468,96411.79835012618,1327.1108819318752,0.9864218775065213,4924,44,16646.029370810324,0.017606665891051563,0.05893997316401496,101.76066658910516,9951.364145931886,84.40924722637783,0
flashbots-c1000,28,10000,0.32246453527509417,-0.320420632580408,0.320420632580408,0.002043902694686184,104933.98163457787,1206.7311790467259,0.9886308359247064,4845,26,11933.706727444569,0.013292708520255445,0.03542248684117823,101.32927085202554,9736.343606500004,205.51212060341794,0
flashbots-c1000,29,10000,1.9865113535017969,-1.9858882266510136,1.9858882266510136,0.000623126850783251,176909.91094974274,1464.643985061439,0.9917889410538585,7892,108,41675.29679810098,-0.00365755253051816,0.1340711855242729,99.63424474694818,10037.522223129132,86.58439095986556,0
flashbots-c1000,30,10000,1.0455334399796286,-1.044520464055438,1.044520464055438,0.0010129759241905845,129920.79989309741,1885.2472202870974,0.9856968078356426,7206,72,23340.57446827589,0.013404901191096457,0.1260504295323591,101.34049011910965,10008.027735873831,52.14392420479111,0
flashbots-c1000,31,10000,2.105837179342452,-2.102279847050056,2.102279847050056,0.003557332292396076,225564.50635098555,3440.1615693414046,0.9849777666080664,10274,131,49063.88151179482,-0.018159662109309523,0.09663788532276854,98.18403378906905,10251.907456442479,110.67588266666739,0
flashbots-c1000,32,10000,0.5802161052676815,-0.5816695078333396,0.5816695078333396,-0.0014534025656580685,123973.20399216644,1879.847622344816,0.9850631542244775,7819,44,18408.09380094929,-0.007589322310065256,0.05749446805742821,99.24106776899347,10133.73623775687,150.5462407016785,0
flashbots-c1000,33,10000,1.056565189203082,-1.0544111006767878,1.0544111006767878,0.0021540885262942844,115083.45070543452,2157.1304067369283,0.9816008212662042,7495,70,21849.654059565688,0.003372468424787627,0.1135287904236688,100.33724684247876,9980.884484054577,65.08150843612081,0
flashbots-c1000,34,10000,1.4438327111125835,-1.443655669761597,1.443655669761597,0.00017704135098650653,175303.92667340057,1878.638733217908,0.9893971580730497,8728,102,37350.62208702005,-0.002072479250083603,0.07412795042148161,99.79275207499164,10040.494559173016,101.14182694135982,0
flashbots-c1000,35,10000,1.3520596015542665,-1.3501426382001398,1.3501426382001398,0.0019169633541267217,157542.03225362403,2318.5083809732005,0.9854966812212106,11441,78,25525.30114888996,0.0030653023672850568,0.18400273220460237,100.3065302367285,10048.655793311382,48.53289564999783,0
flashbots-c1000,36,10000,1.5064135444526454,-1.503414213336555,1.503414213336555,0.00299933111609052,213498.75364516178,2112.7182608114067,0.9902012715643779,11665,109,39907.37912218554,0.015316870432679082,0.08674898449056116,101.53168704326791,9854.432325063435,93.57010798548743,0
flashbots-c1000,37,10000,0.809283464575033,-0.8100473644503836,0.8100473644503836,-0.0007638998753506376,102842.63756224289,1597.5305499582057,0.9847038684556505,5725,50,19933.636020989947,-0.0009716244233013071,0.08355306850042496,99.90283755766987,9987.679030713227,120.57881934574904,0
flashbots-c1000,38,10000,0.8115928295345413,-0.8105878195622154,0.8105878195622154,0.0010050099723258876,87921.66959039557,825.3715597451096,0.9906997287002643,4307,51,18281.924056685493,-0.004792766158283683,0.0893997650231752,99.52072338417163,10030.940208023016,71.98237568592819,0
flashbots-c1000,39,10000,1.4585752919573725,-1.4576143946037234,1.4576143946037234,0.0009608973536490151,161457.46557279135,1675.8934627181507,0.9897268500285502,8871,86,30223.381780938435,0.00029448427850624624,0.1035212449276591,100.02944842785062,10044.94564457837,63.832420655588194,0
flashbots-c1000,40,10000,1.386962809670814,-1.3845458234107468,1.3845458234107468,0.0024169862600671443,133464.7024753666,1559.392489987253,0.988451005797244,5750,85,32996.280719990325,0.013445187060107458,0.11341075111827977,101.34451870601075,9864.654770066369,103.824823994845,0
flashbots-c1000,41,10000,1.2847319118000524,-1.278238229145643,1.278238229145643,0.006493682654409527,225530.10121198816,3252.3646389891433,0.9857840301401959,11144,98,39875.60386280329,-0.021752446983814764,0.05263553804456564,97.82475530161852,10230.939354743563,123.15711283826744,0
flashbots-c1000,42,10000,1.6403598478472468,-1.639821431242467,1.639821431242467,0.0005384166047797123,144400.76740294177,1252.720332812907,0.9913993111164933,5987,79,33450.03537940714,-0.010507917114869087,0.21874667480818816,98.94920828851309,10089.852437518408,131.86361333046014,0
flashbots-c1000,43,10000,3.1095971113082106,-3.1061687879851547,3.1061687879851547,0.0034283233230558707,266073.0568174882,2179.502633168912,0.991875184200918,9465,171,71320.23792696497,0.015229488045112163,0.09718675368657202,101.52294880451122,9815.301312956368,104.65399671555824,0
flashbots-c1000,44,10000,0.7667425548143623,-0.7686433355536906,0.7686433355536906,-0.0019007807393283116,108596.53046440646,993.0504344599781,0.9909384594200027,4199,56,21701.40218680552,0.004421509646804936,0.06631968278493602,100.4421509646805,9894.824592799758,202.93007228776162,0
flashbots-c1000,45,10000,1.5925063629747302,-1.5905555845427557,1.5905555845427557,0.0019507784319745536,206085.9028941212,768.8702718823245,0.9962830431219235,11017,105,39835.63585439032,-0.01118637932795295,0.10709331322315449,98.8813620672047,10115.981975906294,102.2127090536692,0
flashbots-c1000,46,10000,3.077224183670857,-3.0752623554241154,3.0752623554241154,0.001961828246741515,294430.935285809,1844.6823845085828,0.9937737624209046,11116,167,66736.45040288157,-0.01435716814968245,0.17136747821425488,98.56428318503175,10132.0766340112,102.77217781739873,0
flashbots-c1000,47,10000,3.3638534600643726,-3.3592411196722196,3.3592411196722196,0.004612340392152969,235677.85878002987,1642.0201221956436,0.9930809836504587,8373,168,65721.48421467369,0.02283902061074329,0.16659612980739807,102.28390206107433,9796.507482488223,79.6674381363814,0
flashbots-c1000,48,10000,1.5831712013353023,-1.579146650904761,1.579146650904761,0.004024550430541396,140697.03980518284,1514.2813944218728,0.9893518927913167,6492,94,33635.86840785533,0.024448002840980934,0.15697707416628504,102.4448002840981,9818.849613898221,70.09697829734397,0
flashbots-c1000,49,10000,0.8105753720493756,-0.8100028489384954,0.8100028489384954,0.0005725231108801854,163909.16735881424,2970.6914135317124,0.9821986221981152,10747,56,21079.55797159383,0.009403882885904977,0.07609414456634653,100.9403882885905,9893.370842622817,126.28308410483056,0
flashbots-c1000,50,10000,1.348448925575509,-1.3462098099351465,1.3462098099351465,0.002239115640362499,122247.1286420703,1066.536843627508,0.9913510247268483,4324,63,26276.666195241272,-0.005237967320154553,0.19980033680413997,99.47620326798454,10121.498205719061,97.35866611043825,0
flashbots-c1000,51,10000,1.1709610831545358,-1.1681810103937096,1.1681810103937096,0.0027800727608262576,145077.84005274155,1541.2556256343503,0.98948802938319,5859,79,32014.31378349216,0.0150131011833777,0.05608733975104613,101.50131011833777,9837.415754445688,117.11257224741712,0
flashbots-c1000,52,10000,0.985211446466876,-0.9863166990866148,0.9863166990866148,-0.0011052526197388168,139094.607568484,1216.5977513103242,0.9913292901408873,6007,68,26364.22186458581,-0.006282996993361394,0.07978793411251103,99.37170030066386,10113.667637112017,125.65909739566708,0
flashbots-c1000,53,10000,2.1902301344711885,-2.1860511475791213,2.1860511475791213,0.0041789868920671935,134325.17871558538,1536.9599779340883,0.9886873562221689,6347,109,34453.37714994349,-0.0011597945646529696,0.18664202245881484,99.8840205435347,10050.509934765425,41.85639581894704,0
flashbots-c1000,54,10000,0.7135123609590641,-0.7118953648716797,0.7118953648716797,0.0016169960873844147,75466.87674621018,1095.959863388129,0.9856854851267263,5503,41,13638.377524149177,-0.007799301559467864,0.11769468471853457,99.22006984405321,10017.120290115548,50.51369382026857,0
flashbots-c1000,55,10000,3.314556918238757,-3.3139019025693415,3.3139019025693415,0.0006550156694156151,246426.24155886893,2710.760670986501,0.9891193975735265,10562,170,59019.06709945406,-0.009570234536764985,0.1906360380852604,99.0429765463235,10057.230148860866,60.546112460192404,0
flashbots-c1000,56,10000,0.9324360451616233,-0.9345446448348298,0.9345446448348298,-0.002108599673206535,105151.27583639423,1487.4576479368368,0.9860514317890375,5170,62,23697.606623760297,0.005350540336873309,0.09379420391417512,100.53505403368733,9952.3870152278,146.04832612510074,0
flashbots-c1000,57,10000,1.2784779982062628,-1.2757381032215562,1.2757381032215562,0.0027398949847066145,159281.7229275016,1746.2236667054126,0.9891557726243263,8909,88,29634.39293530355,-0.014024795412717452,0.10230528176451785,98.59752045872825,10110.66131529445,77.67038526056504,0
flashbots-c1000,58,10000,2.7972539906559755,-2.794944281899461,2.794944281899461,0.0023097087565142616,212729.46937544437,2669.9912894162885,0.9876044662267259,7837,154,54593.28988319164,-0.0022315078519582698,0.13778846898437705,99.77684921480417,9992.302924466621,72.28276224227757,0
flashbots-c1000,59,10000,1.571056461882882,-1.5704099075826434,1.5704099075826434,0.0006465543002385221,158577.3772974552,298.32555621476683,0.9981222707383424,5920,102,38673.55766668645,-0.00561297958309467,0.09488579921311696,99.43870204169053,10054.949642772512,97.70721160064947,0
flashbots-c1000,60,10000,0.9737669272283966,-0.9699376862515123,0.9699376862515123,0.003829240976884307,157142.3362936662,2762.1900499366393,0.9827260046160217,11070,68,23736.80009921197,-0.020682497276804383,0.07557414273648845,97.93175027231956,10126.153944661895,92.56558696223887,0
flashbots-c1000,61,10000,0.8356097953337313,-0.8331744605894187,0.8331744605894187,0.0024353347443125672,110257.05134584404,1320.9837127482779,0.988160898226478,6234,56,20874.142053410797,0.015262721196831563,0.07549322723937223,101.52627211968316,9799.357062543175,103.92595555353815,0
flashbots-c1000,62,10000,0.562821926154927,-0.5632373904622341,0.5632373904622341,-0.0004154643073071007,109042.64850001292,1396.9203846396974,0.987351269126207,6539,36,14679.780449252008,-0.004011492800265586,0.07124369700536747,99.59885071997344,10034.279408078732,137.42372466016568,0
flashbots-c1000,63,10000,2.6851999868889354,-2.6827014304390104,2.6827014304390104,0.0024985564499249158,274703.53394106496,1842.760171058069,0.9933365219122736,11420,158,63773.96859730981,0.01279924038234853,0.11040674887824523,101.27992403823485,9878.025589236782,98.96920325179053,0
flashbots-c1000,64,10000,2.4936759757364335,-2.4901668640451646,2.4901668640451646,0.0035091116912688847,211888.75237670733,2574.954934358028,0.987993516634387,9146,136,48900.721555351134,0.014372990852845078,0.19537419213995705,101.43729908528451,9964.24055766598,74.15403615226887,0
flashbots-c1000,65,10000,0.2737208362523652,-0.2734240902921101,0.2734240902921101,0.0002967459602550848,53397.12406767794,316.2391132764065,0.9941124685823333,4300,19,7108.886443778013,0.0008465885906950632,0.06446790602506738,100.0846588590695,9994.933328353214,102.73393851923394,0
flashbots-c1000,66,10000,1.4212531325327569,-1.4189392595206982,1.4189392595206982,0.0023138730120586537,111618.47097204893,954.586875137208,0.9915202900819038,4079,85,32535.77801132507,-0.015654478885263216,0.07619645180396148,98.43455211147368,10131.010541364614,94.85584061218105,0
flashbots-c1000,67,10000,0.7908154576048945,-0.7870388709724239,0.7870388709724239,0.003776586632470602,107127.20643190373,1287.590653730395,0.9881234786362847,5926,60,19144.4900921283,0.014719164951935681,0.07152086205933031,101.47191649519357,9950.994489540812,72.42108641022617,0
flashbots-c1000,68,10000,0.9353211493757442,-0.9307116153274819,0.9307116153274819,0.004609534048262254,138955.46305426594,2594.1604050897868,0.9816731380720721,11361,57,19686.88613116245,0.024253504182218392,0.12822270688930587,102.42535041822184,9857.191736953113,58.40932061697143,0
flashbots-c1000,69,10000,1.9035318805813397,-1.9016522829023756,1.9016522829023756,0.0018795976789640623,127141.13863443628,1185.4922575004475,0.9907619155177638,5479,63,29506.854429467643,0.00460857440801135,0.28115340259810323,100.46085744080113,9886.482977316724,134.91793217780622,0
flashbots-c1000,70,10000,1.3753407750935442,-1.3740535921538708,1.3740535921538708,0.001287182939673448,151268.01073274435,958.9800957086348,0.9937003281054848,8051,67,25910.446966512285,0.006284340612304078,0.21576109765120904,100.62843406123041,9943.809991052669,94.92072900346442,0
flashbots-c1000,71,10000,0.937970740497124,-0.936665109006185,0.936665109006185,0.0013056314909389855,127121.70914884703,1582.3780076808953,0.9877053010309111,7746,67,21803.57134411273,-0.013751301142150112,0.08000858126077447,98.62486988578499,10007.02104478314,68.45710391780875,0
flashbots-c1000,72,10000,0.44917736775780104,-0.4488911339551578,0.4488911339551578,0.00028623380264325426,83588.08617417423,1983.743099224198,0.9768178018856389,6627,33,11567.782618871437,0.002486300382165183,0.06259036923588752,100.24863003821652,9957.779543437315,96.37060832147118,0
flashbots-c1000,73,10000,0.22610913686906317,-0.2267325670608784,0.2267325670608784,-0.0006234301918152385,58626.52375433405,816.5940578830406,0.9862625971191031,4405,19,6235.866211322506,0.0059606125962201875,0.049005796121770404,100.59606125962202,9958.163101124,100.67828776070691,0
flashbots-c1000,74,10000,2.1346369045000495,-2.133213696180178,2.133213696180178,0.0014232083198715273,219617.62006636293,2010.8121335999897,0.9909271021157351,9214,145,53177.69347588365,0.009407519598548646,0.08534672071671152,100.94075195985486,9910.500387106653,95.90659946873016,0
flashbots-c1000,75,10000,0.760313498615905,-0.7568670753614128,0.7568670753614128,0.0034464232544921813,147668.96714531735,1646.8062990410685,0.9889709823613865,11181,56,20749.337790268768,0.013947511914775817,0.07032986678947807,101.39475119147758,9781.57230248671,91.22287163918266,0
flashbots-c1000,76,10000,0.4576915961116807,-0.456508306873161,0.456508306873161,0.0011832892385196803,82240.43378334663,1060.211491088224,0.9872724696477999,4422,35,12900.86160637064,0.011164812182785795,0.04589077875201653,101.11648121827858,9817.271635172036,125.84233488930936,0
flashbots-c1000,77,10000,0.8561474205826723,-0.8555868049642186,0.8555868049642186,0.0005606156184537747,94150.83214201134,1042.0184674054212,0.9890536058040651,4288,53,20273.17369034907,-0.006114646911300952,0.10978803072333079,99.3885353088699,10086.03454840481,95.62363522688833,0
flashbots-c1000,78,10000,1.0643945132891308,-1.0642231403398341,1.0642231403398341,0.00017137294929669977,132451.91868412448,2880.985718134266,0.9787118607196154,9338,54,20949.528302647825,0.007832857021897012,0.1411834439243897,100.7832857021897,9968.722306353224,84.69556416044391,0
flashbots-c1000,79,10000,0.7053375315728925,-0.703722469146669,0.703722469146669,0.0016150624262234459,142561.87401582897,219.39636515006526,0.998463409349387,11372,52,18900.51158264695,-0.010184891478611178,0.07544871539989345,98.98151085213888,10105.923580028782,102.00281131785363,0
flashbots-c1000,80,10000,0.5222693212266839,-0.5198572399166892,0.5198572399166892,0.002412081309994707,90368.57542249757,1432.5127062669967,0.9843954713885561,5086,39,15614.73524567499,-0.01660714761569551,0.05549578488152747,98.33928523843045,10233.904788940106,113.19352804042104,0
flashbots-c1000,81,10000,0.5778141957950967,-0.5709497694115271,0.5709497694115271,0.006864426383569655,80906.36272253253,2160.088111547399,0.9739956614269936,5479,43,14450.168139687692,-0.02934099892584456,0.06445258107610002,97.06590010741554,10195.037449107705,74.05978472305385,0
flashbots-c1000,82,10000,1.216682180578328,-1.2175243457872398,1.2175243457872398,-0.0008421652089116716,164666.27786930284,1776.8675604426726,0.9893244774012476,7157,77,34261.99253400041,0.0022457604117795426,0.09730042598177903,100.22457604117795,10039.31182234786,143.70313277411483,0
flashbots-c1000,83,10000,0.9525939655196275,-0.953118656295942,0.953118656295942,-0.0005246907763144515,111275.71383352052,2201.6722036806327,0.980598141351627,5569,56,22106.557316999235,-0.0017237101997943682,0.08945892984549715,99.82762898002056,10022.086321230749,91.19295798900148,0
flashbots-c1000,84,10000,1.5290546926757802,-1.5278770302810472,1.5278770302810472,0.0011776623947330478,219130.2948371805,2580.7440657604116,0.988359875635736,9765,107,43501.61780922216,-0.010452167867396014,0.08198964532364357,98.9547832132604,10137.348298553172,140.58364303972618,0
flashbots-c1000,85,10000,1.0438203346097163,-1.0431391360286284,1.0431391360286284,0.0006811985810879495,138647.38944557926,1576.6260673464326,0.9887563762770644,7354,71,26863.906872029802,0.005667920850421808,0.07274599277948894,100.56679208504218,9948.38075949289,98.12149974691745,0
flashbots-c1000,86,10000,1.1243041179383269,-1.1219202115289022,1.1219202115289022,0.002383906409424652,155617.33498380161,135.5903263726782,0.9991294524574569,8679,78,28955.00467732146,0.014162143646003074,0.08687389858881815,101.41621436460031,9865.32181423309,99.3576510960261,0
flashbots-c1000,87,10000,3.7950915133886696,-3.7895410511910654,3.7895410511910654,0.0055504621976041335,295930.763718007,1942.095154402402,0.993480120472358,10777,216,77341.66612110463,0.005439098103085342,0.12404182063297327,100.54390981030853,9980.211835089345,60.98923060627165,0
flashbots-c1000,88,10000,2.387743106507837,-2.3858261451265435,2.3858261451265435,0.0019169613812937136,187594.5122543693,1372.6476951632476,0.9927360516211926,7275,135,52073.33941501639,0.0027130443462019117,0.08792416470366816,100.27130443462019,10041.179862101406,144.27266168576583,0
flashbots-c1000,89,10000,0.5358864644180505,-0.5340909236936682,0.5340909236936682,0.0017955407243823718,81225.73752139343,2278.365710640115,0.9727155238789978,5908,41,13493.3977948129,-0.012286815673794109,0.05722701471208794,98.77131843262059,10080.902622263451,82.74322143651109,0
flashbots-c1000,90,10000,3.6032415859319147,-3.5987069627466894,3.5987069627466894,0.0045346231852252394,316299.87673824385,1633.0800687713518,0.9948634451578335,11271,194,76527.81877688035,-0.021736656950503884,0.1553181631499642,97.82633430494961,10190.126656578908,89.13127481907044,0
flashbots-c1000,91,10000,0.5255116789693853,-0.5226116349608674,0.5226116349608674,0.0029000440085179546,70107.3760868179,953.3283107989387,0.9865843109932511,4728,36,11534.840227524195,-0.01616156743382689,0.08644017497639737,98.38384325661731,10129.86274812645,90.47500892590769,0
flashbots-c1000,92,10000,0.8448982661758431,-0.8421846220540488,0.8421846220540488,0.002713644121794312,125098.97233257654,1972.2059719948923,0.9844795177135464,9111,55,18819.19369041974,-0.01566803077438095,0.09716116375182722,98.4331969225619,9965.825063516877,46.34894965051198,0
flashbots-c1000,93,10000,2.6621330382265787,-2.6591402014781806,2.6591402014781806,0.002992836748398009,279449.10354473855,3717.08345859322,0.9868731380044699,10723,137,57443.95337731633,0.01534965612816265,0.1808411048984368,101.53496561281626,9848.61424671319,108.74972911151411,0
flashbots-c1000,94,10000,1.1158108836751106,-1.1146833240454157,1.1146833240454157,0.0011275596296949075,155861.39687973855,1640.160410596056,0.989586386072535,8723,75,28070.4402448428,0.006822172387487058,0.09412403920980751,100.6822172387487,9971.329887034994,86.87945885007937,0
flashbots-c1000,95,10000,3.048650069560556,-3.041043217238041,3.041043217238041,0.00760685232251479,248231.21069637948,2014.9932571015177,0.9919479567511199,9269,163,62802.07471706819,-0.02660503569231963,0.14059169931605622,97.33949643076804,10232.34580341825,82.82845130071455,0
flashbots-c1000,96,10000,0.8352864068617528,-0.8324811056891122,0.8324811056891122,0.002805301172640662,124282.67673528481,1547.086489412028,0.9877049240993216,7067,63,22347.140742771746,0.014381923613798192,0.06230647037338542,101.43819236137982,9852.736298558855,101.89845176990846,0
flashbots-c1000,97,10000,0.7739595883737401,-0.7722463416497476,0.7722463416497476,0.0017132467239925342,96028.26502526438,1156.947345959769,0.9880954384136086,4620,55,18945.65393324754,0.012761208181858165,0.061995376252329065,101.27612081818582,9899.72476031029,76.02099851722808,0
flashbots-c1000,98,10000,1.5111049127420075,-1.5086705768985098,1.5086705768985098,0.002434335843497726,188414.18039457456,2255.832954747069,0.988168915944773,9172,95,37595.05680363796,0.01745473026985408,0.0911428707792409,101.74547302698541,9782.669451556721,115.97815055388776,0
flashbots-c1000,99,10000,2.0163834651495676,-2.01037006553031,2.01037006553031,0.006013399619257509,129106.51465323758,1244.1271796696121,0.9904555346857101,4979,99,32914.16499742116,0.018168932244375356,0.1383500010447338,101.81689322443754,9910.746350621183,56.70140573344945,0
flashbots-c1000,100,10000,2.7822760207194146,-2.7795763885536644,2.7795763885536644,0.0026996321657501987,271738.7503152019,2238.547820852374,0.9918294404825442,11001,148,57642.5562581433,0.019797350664651533,0.10918019114204768,101.97973506646515,9829.943382010832,104.02738870828291,0
flashbots-c1000,101,10000,2.262176729552754,-2.2599673283807533,2.2599673283807533,0.0022094011720006357,214367.86731351423,1147.8106764470976,0.9946741198266766,8665,139,51794.59592152659,0.01293396714505633,0.10021853401551879,101.29339671450563,9904.108490202298,90.23761949204535,0
flashbots-c1000,102,10000,2.9410771660104063,-2.9359372810689024,2.9359372810689024,0.005139884941503858,218750.1335500332,2174.2798492673887,0.9901582635625806,9344,171,57203.743131192925,0.025408039447646615,0.11251737301495097,102.54080394476466,9825.51764515957,62.261355572996756,0
flashbots-c1000,103,10000,1.0877074967862717,-1.078772344689412,1.078772344689412,0.008935152096859689,136831.5872646501,1904.2178554868913,0.986274503154842,9304,74,22500.475113462096,0.036228897662555964,0.09801666545574207,103.6228897662556,9795.223728742018,48.18442667012048,0
flashbots-c1000,104,10000,0.693013336175054,-0.6912833776657976,0.6912833776657976,0.0017299585092563907,91168.7949299486,1263.3808229501838,0.9863318069421235,5505,50,17504.89693733829,-0.011249200215527111,0.05994322724798025,98.87507997844729,10099.13135025536,95.58534366048933,0
flashbots-c1000,105,10000,2.027125381716502,-2.0267273755974884,2.0267273755974884,0.00039800611901341654,244083.44614636851,2164.243968545151,0.9912111095639712,9544,130,50900.97279956453,-0.004091751630516001,0.07510559864510072,99.5908248369484,10079.210775819904,126.3446173667896,0
flashbots-c1000,106,10000,1.39669501939466,-1.3951732179668852,1.3951732179668852,0.0015218014277746938,198920.06948470615,2642.381551880443,0.9868905069456572,10543,98,37987.379075978984,0.008622528129257177,0.09746695300668491,100.86225281292572,9942.43780155775,123.2856935857355,0
flashbots-c1000,107,10000,1.1912031063336748,-1.1897418248598797,1.1897418248598797,0.0014612814737950952,107506.95327415378,963.1879230416274,0.9911202482783665,4298,58,24367.88311837619,0.010709571140231872,0.11686093742671033,101.07095711402319,9901.747083140268,112.59229413037767,0
flashbots-c1000,108,10000,0.9535661681249445,-0.9525590851250172,0.9525590851250172,0.0010070829999273556,142553.52831171348,2244.530899780833,0.9844988882309366,8591,67,24652.849425339453,-0.0006029730490877227,0.10320118507359353,99.93970269509123,10005.40367975547,98.97826851090687,0
flashbots-c1000,109,10000,1.2292905858276233,-1.2272938855715552,1.2272938855715552,0.001996700256068129,167804.6004422562,2766.294990454112,0.9837821394826095,10467,83,28318.93193337982,-0.012563765284474613,0.09480901544857404,98.74362347155254,10183.30547470514,78.35886006302351,0
flashbots-c1000,110,10000,0.8619683180571097,-0.8585180451634074,0.8585180451634074,0.0034502728937023663,96381.35131942673,1198.9913963473377,0.9877127773588612,5490,55,20111.01529677925,0.018418696845071168,0.08468381952561031,101.84186968450712,9752.817378258249,97.06464735191683,0
flashbots-c1000,111,10000,3.63402768146986,-3.6293499313192115,3.6293499313192115,0.004677750150648752,321208.54293303983,1515.4642265810317,0.995304147838523,11744,200,79809.09092959872,0.021893392902147184,0.12262550349208254,102.18933929021472,9833.852520135884,85.90060301799143,0
flashbots-c1000,112,10000,0.5748189148404727,-0.5753695329617585,0.5753695329617585,-0.000550618121285873,161717.30814307192,2773.4500965787415,0.9831391737368124,11475,46,19302.456513463203,-0.0028480114219330234,0.050139593279493654,99.7151988578067,10035.586790550882,231.81134331243595,0
flashbots-c1000,113,10000,3.190137846728289,-3.1870579994131276,3.1870579994131276,0.0030798473151611994,312901.7854077907,2000.587652719314,0.9936469591090225,11386,197,74572.60807315998,0.01595060181040452,0.10349476834009977,101.59506018104045,9848.201904872396,116.02591753715777,0
flashbots-c1000,114,10000,2.0073540981843534,-2.0017244137831653,2.0017244137831653,0.005629684401188051,185050.1611018531,719.0980018761834,0.9961290796693405,7739,113,44931.36156835477,-0.023807418154764122,0.1530282667565652,97.61925818452359,10227.953013600763,94.79567510274329,0
flashbots-c1000,115,10000,0.8004923097969969,-0.8004487705010774,0.8004487705010774,0.00004353929591949246,131718.31481121032,1530.4264817794092,0.9885145145317787,7608,61,23702.352481326896,-0.005071641216683957,0.053566377824253095,99.4928358783316,10060.401719969506,151.57175636232085,0
flashbots-c1000,116,10000,4.262452042394809,-4.254460731469891,4.254460731469891,0.007991310924918338,311871.176911128,2198.7925270829264,0.9929990360714335,11149,214,83059.98460991832,-0.021141262824869785,0.17232809742547886,97.88587371751302,10202.39585601388,88.85658903404455,0
flashbots-c1000,117,10000,0.7937203641348884,-0.795208624408815,0.795208624408815,-0.0014882602739265671,214064.3892216475,2091.0897444681154,0.9903259924084742,10224,60,28717.3753265836,0.005042970744499655,0.053376276353946255,100.50429707444997,9633.033042516457,223.81651361137108,0
flashbots-c1000,118,10000,2.548168514021256,-2.5463154966854518,2.5463154966854518,0.0018530173358044522,227547.80368412094,288.3342457348663,0.998734466584824,8185,142,57409.099285144,0.01195417210600752,0.10359010442143698,101.19541721060075,9888.36136920876,97.05795474736756,0
flashbots-c1000,119,10000,0.6953628747484383,-0.6899461658053383,0.6899461658053383,0.005416708943099979,178208.32037756388,2743.7001994455704,0.9848374160692066,11541,48,21427.18503355788,-0.01672171256107589,0.06594356260439099,98.32782874389241,10397.51751455136,228.41773225218557,0
flashbots-c1000,120,10000,0.20096195612243997,-0.20073567907058987,0.20073567907058987,0.0002262770518501045,69446.88331873981,919.3761105491354,0.9869344183134673,4568,14,5350.289391875745,-0.008520641196768536,0.06769702997010028,99.14793588032315,10046.039743232266,108.22252911637716,0
flashbots-c1000,121,10000,0.9255404628405762,-0.9256452807437086,0.9256452807437086,-0.00010481790313232597,164645.74969066714,2073.865477433656,0.9875607589704269,11110,73,25597.384982377105,-0.007720327288505473,0.055055777648795046,99.22796727114945,10039.005540149157,81.2835534671967,0
flashbots-c1000,122,10000,0.8207565500071282,-0.8200468250662425,0.8200468250662425,0.0007097249408857254,142136.17475998006,1974.175147384779,0.9863009482063307,6718,58,26728.255800715102,0.014566101980497877,0.04980925588099339,101.45661019804979,9607.127966925169,162.68022996178323,0
flashbots-c1000,123,10000,0.8990997146956312,-0.8938461542858818,0.8938461542858818,0.005253560409749447,168673.75637722015,2402.104309653849,0.9859588354545793,8569,62,28622.903386241633,-0.016413177478012953,0.06236902142179375,98.3586822521987,10528.620064155222,201.07660064900926,0
flashbots-c1000,124,10000,4.103231718536162,-4.092441300830274,4.092441300830274,0.010790417705888622,233850.74316009352,2691.711488316591,0.9886205988167431,9723,188,63345.94330815774,-0.02008831607010677,0.28280365163364424,97.99116839298932,9953.368121878806,103.73932183511346,0
flashbots-c1000,125,10000,0.29209942743753825,-0.2942218276567701,0.2942218276567701,-0.0021224002192318236,65736.33322698706,883.1312618175845,0.986743645140438,4319,24,8934.161053106869,-0.0021497444448370117,0.05492456761694143,99.7850255555163,10108.253893797457,133.76052009310555,0
flashbots-c1000,126,10000,0.9559195562632762,-0.9540931768054293,0.9540931768054293,0.0018263794578469161,158638.7989148367,1696.347419411254,0.9894199902005583,10538,72,25312.248477257184,-0.010195872701754921,0.06377347909233308,98.98041272982451,10086.077447923306,92.61125780319949,0
flashbots-c1000,127,10000,1.810647225288719,-1.8118128379993266,1.8118128379993266,-0.0011656127106076664,152627.2421619062,1690.8411789951801,0.989043142952599,7390,104,34030.43592039075,-0.005109332489613365,0.18368377441683437,99.48906675103866,10033.865767539824,73.49070188611262,0
flashbots-c1000,128,10000,1.8502423041426646,-1.8451335031560916,1.8451335031560916,0.005108800986572959,212455.11107860235,2110.313054591336,0.9901647105393768,10243,109,43801.48655187605,-0.025204225521296877,0.11917949453291059,97.47957744787031,10198.999663276012,102.4981197144621,0
flashbots-c1000,129,10000,2.3956577451992556,-2.3860999386851915,2.3860999386851915,0.009557806514064016,231414.84018138013,2166.9294089861655,0.9907230371069354,10265,142,52220.49898709672,-0.020087059454232302,0.10649105333155234,97.99129405457677,10303.022574350933,118.09338011502805,0
flashbots-c1000,130,10000,3.8645833528945515,-3.8627478985915786,3.8627478985915786,0.0018354543029728276,256597.507031045,2867.7189474188804,0.9889475788649347,9050,187,69777.87057674842,0.01561737457705604,0.16126941983602833,101.5617374577056,9883.841269956987,65.91285074284076,0
flashbots-c1000,131,10000,0.5582539356204572,-0.5559678543445443,0.5559678543445443,0.002286081275912899,104238.59431751937,1396.955666331948,0.9867757050865404,8006,47,16238.595618610512,-0.01288440371456204,0.053078671464134,98.7115596285438,10075.584059726236,67.88717777144794,0
flashbots-c1000,132,10000,1.7786353274025186,-1.7780231768105637,1.7780231768105637,0.000612150591954963,128314.61579897115,1722.53249994835,0.9867535352591036,5666,99,32106.220646160815,-0.022455339977811947,0.17446476989968374,97.7544660022188,10065.051060296328,38.91995134673968,0
flashbots-c1000,133,10000,4.294320660753202,-4.284695356701718,4.284695356701718,0.009625304051484207,253153.6938491274,2223.137611818811,0.9912946777548268,10860,137,60394.68354635034,-0.021641886663656323,0.37160195578813265,97.83581133363437,10148.998915882801,102.33135517634553,0
flashbots-c1000,134,10000,0.8836548032507128,-0.8780624166956272,0.8780624166956272,0.005592386555085538,127694.90885652062,1984.8821243850161,0.9846939749873805,6938,56,20978.652368946754,0.022114613011825098,0.09860990785394265,102.21146130118251,9766.747693892172,99.52369914270692,0
flashbots-c1000,135,10000,1.0880817994148801,-1.083858180187491,1.083858180187491,0.00422361922738923,156973.8883055759,2544.221282359019,0.984050580282507,11037,69,23702.4692052743,-0.017913625838328357,0.10455479762647911,98.20863741616716,10156.462118597095,71.09016119825175,0
flashbots-c1000,136,10000,0.6962924398753442,-0.6956211477074135,0.6956211477074135,0.0006712921679307149,127092.06038348489,1790.0796600548213,0.9861107236468134,8652,49,18331.452317404444,0.0002416635698314451,0.07395896329443247,100.02416635698314,9985.242329098995,90.45156927075406,0
flashbots-c1000,137,10000,0.9868715477717792,-0.9864277658711558,0.9864277658711558,0.00044378190062344114,164201.9693725106,2404.676022171686,0.9855667460534054,8074,76,28047.420714488475,0.002609290364535468,0.06418678247344702,100.26092903645355,9966.600538481014,104.0445110828318,0
flashbots-c1000,138,10000,0.8654793119031409,-0.8646998538296202,0.8646998538296202,0.0007794580735206447,147276.3341038811,2397.4970662481396,0.9839818554285351,8365,61,22318.201737805815,-0.0057525477141632565,0.06277000777653256,99.42474522858367,10056.376192747362,95.4695741911343,0
flashbots-c1000,139,10000,1.4756818852090856,-1.468877169943596,1.468877169943596,0.006804715265489536,183508.50546289704,1834.2870791522025,0.9901032726765673,8188,97,38237.61986657484,-0.02453588999097107,0.10805700258297378,97.54641100090289,10274.020515502118,120.10161621218924,0
flashbots-c1000,140,10000,1.6383356371360007,-1.636854275901669,1.636854275901669,0.001481361234331624,131443.53018005926,1658.863523413754,0.9875369369606577,7041,94,29725.930809174733,-0.0022190709325646198,0.17135077448462155,99.77809290674354,9979.125490677963,72.86601294850834,0
flashbots-c1000,141,10000,0.6314735549237703,-0.6306929676187565,0.6306929676187565,0.0007805873050138468,111750.14084960299,1857.663188293148,0.9836484543995455,8428,50,17370.148468375643,0.006960810856623141,0.05438727224757997,100.69608108566231,10038.639109377853,87.3522119895297,0
flashbots-c1000,142,10000,2.8972709031714943,-2.895606695346885,2.895606695346885,0.0016642078246094094,237899.31520330074,1601.4668790817348,0.9933133125280114,8972,145,60278.11305181195,0.0068963981117777,0.154997163069918,100.68963981117777,9908.727940335943,113.27656322645666,0
flashbots-c1000,143,10000,0.682722423724235,-0.6817499121514743,0.6817499121514743,0.0009725115727606815,135575.75213832926,3022.5581089680795,0.9781919555615433,9974,49,18811.557891676097,0.006577419245686116,0.07675208801542353,100.65774192456861,9908.484522019678,143.38365960936963,0
flashbots-c1000,144,10000,2.929696616488476,-2.918701795628209,2.918701795628209,0.01099482086026704,157985.32076399843,1710.4017064071636,0.9892896210371313,7629,103,36703.13866174171,-0.028154223144952653,0.4623414888226083,97.18457768550473,10254.653914769,55.61645980707202,0
flashbots-c1000,145,10000,1.253073967047492,-1.2489082066293804,1.2489082066293804,0.004165760418111564,153652.48685588164,2059.5575711793704,0.9867732931080735,8377,71,28856.030247217554,-0.014180828250681258,0.1298968985356457,98.58191717493187,10088.043181530427,115.22724517525236,0
flashbots-c1000,146,10000,2.4583903617990397,-2.4547676592237906,2.4547676592237906,0.0036227025752491038,231147.49498619448,2434.5291283311976,0.9895774123134683,9382,142,54195.47441911198,0.011141707811903956,0.11682951824065696,101.1141707811904,9841.31466670869,108.39662639911074,0
flashbots-c1000,147,10000,1.646114862946768,-1.6457651537358515,1.6457651537358515,0.0003497092109163713,168099.53269619832,1612.4379139285163,0.9904989735954883,6385,102,40292.68338569591,0.0007352948569889861,0.0879501802804262,100.0735294856989,9994.619918476388,94.86693306153195,0
flashbots-c1000,148,10000,1.4474116748887043,-1.441367321047153,1.441367321047153,0.006044353841551331,205297.3235889148,1252.5946052713316,0.9939356325278536,8126,82,43120.73209619343,0.015943223485291896,0.09005947503397635,101.59432234852919,9731.055820662403,253.78965492734454,0
flashbots-c1000,149,10000,0.8196986789192129,-0.8186218517511179,0.8186218517511179,0.0010768271680949848,143794.09739645175,2286.7609570896416,0.9843459233272353,9015,63,23397.729204184292,0.012573481700209187,0.05233620533090146,101.25734817002092,9823.855825805682,137.6635502152757,0
flashbots-c1000,150,10000,1.048982450122871,-1.0485776510778066,1.0485776510778066,0.0004047990450644079,96831.90640714056,1087.6736560406969,0.9888921740132168,5457,73,22102.638042674946,0.0021328060541846126,0.09085032012702526,100.21328060541846,10085.676425220108,74.1146224176046,0
flashbots-c1000,151,10000,1.6919962860071847,-1.691589245086675,1.691589245086675,0.00040704092050969365,157083.08322035463,1009.3130025075524,0.9936156764865229,6700,88,34434.143840871184,-0.0001590974408118484,0.199124908736528,99.98409025591882,9992.267829395649,87.19231511011469,0
flashbots-c1000,152,10000,2.2618322601966203,-2.2641313209255713,2.2641313209255713,-0.00229906072895103,153353.83480386098,2084.5504102624136,0.9865892172812342,8693,86,33921.38001077517,0.007771484071475214,0.281040450158072,100.77714840714752,9916.579499052808,90.90929103459119,0
flashbots-c1000,153,10000,0.3894130005432528,-0.3868148139573009,0.3868148139573009,0.0025981865859519004,85886.95613438208,895.9596542182827,0.9896758521412117,7165,31,10891.892647663464,0.014739105813320209,0.04903504415622805,101.47391058133202,9856.439439221282,102.91618631381526,0
flashbots-c1000,154,10000,0.6417278026044089,-0.6415895230572346,0.6415895230572346,0.00013827954717426927,83844.28409456265,1525.8298660059545,0.9821268849809581,6342,49,16002.130194399733,-0.0038471119446293754,0.06197258230784072,99.61528880553706,10015.312903842572,102.51644130375507,0
flashbots-c1000,155,10000,1.8902161849484571,-1.8896929138207952,1.8896929138207952,0.0005232711276619284,165487.2614785293,1421.3491927552582,0.9914842668269852,6690,110,40815.82483946595,-0.013760655773629792,0.10380204033412369,98.62393442263702,10081.099645916189,80.22522366676966,0
flashbots-c1000,156,10000,2.004684429055721,-2.0073528112675376,2.0073528112675376,-0.0026683822118167555,180504.11849756946,2008.6581871570077,0.988994424260901,7108,115,45832.721462713176,0.0067004680442737195,0.08879552653115169,100.67004680442737,10057.922130888537,118.8185059000919,0
flashbots-c1000,157,10000,2.534021291147896,-2.5317188796416303,2.5317188796416303,0.0023024115062657557,231111.3521222932,2729.1419597415065,0.9883290446744263,9815,143,57289.5421748288,-0.014545828360633664,0.15177663592732457,98.54541716393663,10166.979754700422,109.00829646753655,0
flashbots-c1000,158,10000,2.8859776334387544,-2.8877485094001827,2.8877485094001827,-0.001770875961428331,178434.38225106787,1616.0671880887073,0.9910243645982411,7257,156,56536.72252788379,0.003627913266853682,0.2039561584241409,100.36279132668537,10044.17100676708,174.38100864889887,0
flashbots-c1000,159,10000,1.2842955783765655,-1.2819797424140802,1.2819797424140802,0.002315835962485302,205560.0931120017,3372.094863973143,0.9838603381477969,11443,88,33210.14712947894,-0.009921533687610805,0.09283535532093395,99.00784663123892,10127.475695200174,89.59126963684643,0
flashbots-c1000,160,10000,0.6872242822385395,-0.685572077975678,0.685572077975678,0.0016522042628615008,89663.0133567672,1136.6074992405024,0.9874822439947963,5384,51,16728.78864002811,-0.01057575987150301,0.07830381812021969,98.9424240128497,10083.898347611534,79.25054805216993,0
flashbots-c1000,161,10000,0.5392942418751239,-0.5361382919401194,0.5361382919401194,0.003155949935004454,91422.91650867207,649.9451489345801,0.9929409693884442,7156,40,14158.503097986772,0.01675592822631529,0.06882195612251124,101.67559282263153,9831.325227597232,91.58311333071114,0
flashbots-c1000,162,10000,1.9481362707580299,-1.9463739902461725,1.9463739902461725,0.0017622805118573392,159453.40033311208,1616.1343086981392,0.9899662322096345,6041,92,37300.079848696245,0.010763675414480645,0.232041364897147,101.07636754144806,9907.048679768832,94.62081937808479,0
flashbots-c1000,163,10000,2.811364081707164,-2.808525651217707,2.808525651217707,0.002838430489457089,217603.5179317704,2033.2886058851152,0.9907424960418165,11397,173,51834.206108441365,-0.009616854738395943,0.13635913612644998,99.0383145261604,9960.352707144248,44.00890757798017,0
flashbots-c1000,164,10000,0.6367419520146129,-0.6361055373713498,0.6361055373713498,0.000636414643263139,92210.37691039371,1885.8957269682064,0.9799578062540664,4731,46,15774.674321267543,-0.0029187945816015314,0.07455893300903498,99.70812054183985,10013.618133732554,86.19144714022153,0
flashbots-c1000,165,10000,3.725472651035501,-3.7247329853536257,3.7247329853536257,0.0007396656818752234,297898.4193196723,4204.33211384551,0.9860831055199087,10896,210,80805.01778765996,0.007885203230589041,0.17646464395631228,100.7885203230589,9902.779270810997,96.73209893265582,0
flashbots-c1000,166,10000,4.9398118521741194,-4.9418741254892495,4.9418741254892495,-0.002062273315130092,297678.11424760317,3963.260327090836,0.9868610188748843,11749,219,80313.64777971579,-0.006956593896349545,0.28721239948659644,99.30434061036505,10102.47964641611,84.24358471801214,0
flashbots-c1000,167,10000,0.4413076493383091,-0.43822615400375753,0.43822615400375753,0.0030814953345515983,66324.56707467763,1044.345775985319,0.9844981055535166,4954,35,11384.01990669113,-0.01806888220013647,0.0487458816446734,98.19311177998635,10119.119398614781,83.73482049058491,0
flashbots-c1000,168,10000,0.6898518558297447,-0.6893670331323847,0.6893670331323847,0.00048482269736005446,107910.94501887044,1467.246644407354,0.9865855649824209,5450,44,17255.93996207578,0.002234105227666703,0.06339453633200222,100.22341052276667,9966.180608255287,101.40934073146617,0
flashbots-c1000,169,10000,1.174453315426122,-1.1742655179138524,1.1742655179138524,0.0001877975122697162,182142.69370755518,1689.3405134268053,0.9908104127738908,9815,82,32018.460255620234,0.0027397519827111693,0.08208965527020268,100.27397519827112,9957.676789163923,121.41388861505814,0
flashbots-c1000,170,10000,1.990338173211853,-1.9821191821296793,1.9821191821296793,0.008218991082173721,179243.20563314442,1673.44960040927,0.9907501628401821,7099,111,42804.39616535499,0.023598400705336788,0.14255046497362925,102.35984007053368,9941.544630528191,88.99655015191802,0
flashbots-c1000,171,10000,2.138999265967803,-2.136618326966925,2.136618326966925,0.0023809390008779907,200531.80219944674,1815.6390014013932,0.9910271215162083,8384,126,45769.18058233593,-0.011947386205721954,0.18778986912113013,98.8052613794278,10148.57019022549,88.88289485925085,0
flashbots-c1000,172,10000,0.48038675500065675,-0.4779026113262148,0.4779026113262148,0.002484143674441941,94465.96875839129,1118.0481163937627,0.9883029804254994,6864,35,12502.414865235216,-0.014190764236040251,0.08469983482687454,98.58092357639597,10140.924299648024,100.12704678278762,0
flashbots-c1000,173,10000,2.3205588877789616,-2.3123709658700022,2.3123709658700022,0.00818792190895934,181643.89430579983,32.52080317936979,0.9998209960100773,8385,111,43804.39340170891,0.027954069593011895,0.24083792956406838,102.79540695930119,9723.13160321505,99.82540720581034,0
flashbots-c1000,174,10000,1.9214329936480494,-1.920657119669272,1.920657119669272,0.0007758739787773195,215998.02913598064,479.8228439619329,0.9977835014548907,10176,121,46485.24994385697,0.004656276438352336,0.09118403499821795,100.46562764383523,9953.947616837922,101.54059972097969,0
flashbots-c1000,175,10000,1.5496512312427022,-1.5466701280034272,1.5466701280034272,0.002981103239275029,133919.85719165413,1685.7124924449997,0.9875690025389668,5756,88,31977.25407723695,-0.01959438506118218,0.12993800457272087,98.04056149388178,10103.48534544952,71.18943770981471,0
flashbots-c1000,176,10000,1.7587831285537157,-1.758504285434924,1.758504285434924,0.0002788431187916718,204006.88215367464,2752.7709418987474,0.9866861309705027,10758,105,39839.2870732777,0.0021267283756310463,0.14332611562220435,100.2126728375631,9931.640105767094,113.5668795006855,0
flashbots-c1000,177,10000,1.9847491085543691,-1.983661770845515,1.983661770845515,0.0010873377088540526,193952.969794168,65.43130305331773,0.9996627572298129,10994,100,39727.05772550402,0.007473154075757122,0.2113146479702243,100.74731540757571,9924.02936850184,100.99498380035627,0
flashbots-c1000,178,10000,0.28467360567719924,-0.28446804742088716,0.28446804742088716,0.00020555825631207725,60329.36489020866,880.6717784627366,0.985612297812697,4010,24,8228.436714336412,0.007682277136539568,0.04352291359649484,100.76822771365396,9915.162165945098,99.99833791850422,0
flashbots-c1000,179,10000,1.1888242464584093,-1.1859669913782795,1.1859669913782795,0.0028572550801297947,123331.6548555797,2473.856007537161,0.9803358693067997,9997,69,20822.72570144795,-0.021644899719440218,0.14540972746326034,97.83551002805598,10091.560217322836,63.44613090760936,0
flashbots-c1000,180,10000,4.476233936982293,-4.470153990589409,4.470153990589409,0.006079946392883784,245218.96030976626,1805.161191244911,0.9926923687440884,11610,212,63719.56508350429,0.03409049611062827,0.28220049840111017,103.40904961106283,9915.126154325106,32.75481328719678,0
flashbots-c1000,181,10000,1.7382365563622992,-1.7362477968319467,1.7362477968319467,0.0019887595303524908,112296.99094428137,836.0084887868943,0.9926103922553428,4252,76,29211.423823619258,0.004102730187673131,0.24700549551163206,100.41027301876731,9966.238396878563,71.87378761762875,0
flashbots-c1000,182,10000,2.429166485668252,-2.4244036130655218,2.4244036130655218,0.00476287260273045,159322.66899205954,1582.8723535063846,0.9901627231711867,5965,112,42178.833277355705,-0.013919349712553668,0.19565772082858998,98.60806502874463,10195.348378116949,93.43126881151193,0
flashbots-c1000,183,10000,1.0352271286753867,-1.0335892341425392,1.0335892341425392,0.0016378945328474614,163419.63841027694,2384.5384136499415,0.9856183453316609,10156,75,28000.69025580446,-0.007326189417953515,0.06304568414402396,99.26738105820465,10048.323143101987,94.42813841375441,0
flashbots-c1000,184,10000,0.9265780617207023,-0.9230630078039326,0.9230630078039326,0.0035150539167697614,169605.95818079583,2509.4961723585056,0.9854196929509339,9563,68,27798.959801412515,-0.015458778061647251,0.05667343450413597,98.45412219383527,10346.199457842915,271.3474029751538,0
flashbots-c1000,185,10000,0.8615188194759587,-0.8591471127009527,0.8591471127009527,0.0023717067750059773,101299.99778672868,1022.399483628415,0.9900080577576088,4481,55,21187.462892237018,-0.01539780641582837,0.07873272980564536,98.46021935841716,10098.833987289012,109.93580381075877,0
flashbots-c1000,186,10000,0.8091944518246156,-0.8084096678811079,0.8084096678811079,0.000784783943507672,132251.1248077619,1110.3382279102104,0.9916742198035633,7397,58,21555.3475700602,0.005647043236872804,0.06153748539068232,100.56470432368728,9943.200502422162,103.26098876111455,0
flashbots-c1000,187,10000,1.2091102695029317,-1.207394299486225,1.207394299486225,0.0017159700167066472,109425.08708376721,1612.8092506415485,0.9854751458386396,4590,71,28475.086646076954,-0.012281079766500653,0.09472333446014503,98.77189202334993,10117.244304789765,102.17040937157365,0
flashbots-c1000,188,10000,0.7886799102068861,-0.7865405401780095,0.7865405401780095,0.0021393700288766526,121338.40716164724,1584.2324458305498,0.9871119555283763,8988,56,20211.532625326006,0.009988322374954207,0.10444198208265931,100.99883223749542,9823.572359207625,99.984134307965,0
flashbots-c1000,189,10000,1.8291639232259005,-1.8273961451066043,1.8273961451066043,0.0017677781192961817,179204.05334763054,1874.344476589398,0.9896489890615836,8769,115,39878.10436049234,-0.0018741312254211095,0.12660321438084438,99.81258687745789,10069.587929077308,80.90954839688911,0
flashbots-c1000,190,10000,0.9201905196578734,-0.9165034201543847,0.9165034201543847,0.0036870995034886667,93311.62296375826,981.6432004351029,0.9895894665614215,5166,58,19660.585562511507,-0.022327919213314687,0.10943530085873945,97.76720807866853,10093.948972861568,59.70296125969308,0
flashbots-c1000,191,10000,3.133655884315183,-3.126698844270038,3.126698844270038,0.006957040045144858,227055.12254447164,2872.361957865427,0.9875075310631852,8733,178,59799.00647254447,-0.008112849334408168,0.12433774307699991,99.18871506655918,10130.414149448361,41.520139820593194,0
flashbots-c1000,192,10000,1.2617023498481992,-1.260842112925559,1.260842112925559,0.0008602369226402562,131378.9321036631,1343.1973876956529,0.9898796275131864,5184,68,27944.140419882253,0.006031364540888262,0.10840953463101868,100.60313645408883,9880.024552248728,89.90022131856176,0
flashbots-c1000,193,10000,0.9381223573347046,-0.9376116223076565,0.9376116223076565,0.0005107350270481259,131999.76378828334,800.609402504609,0.9939713316817687,6655,63,24809.68849008164,0.006355091845248637,0.06425740634889067,100.63550918452486,9928.318242764815,114.77862858144684,0
flashbots-c1000,194,10000,0.6901778938393712,-0.6897193308043938,0.6897193308043938,0.00045856303497737727,106313.39669160041,2730.1428059139103,0.9749628192693053,7732,39,14235.644321882113,0.008668830002155943,0.11266609220410856,100.8668830002156,9909.401090228359,81.8583582561802,0
flashbots-c1000,195,10000,1.8702462702132234,-1.8667285064915404,1.8667285064915404,0.0035177637216829982,215648.98579641513,3115.0846955222564,0.985760528735284,10649,125,43912.05067858873,-0.015033660216439131,0.08740179231945604,98.49663397835609,10125.30629701173,65.52057441264236,0
flashbots-c1000,196,10000,2.1941011904678174,-2.1936693050279246,2.1936693050279246,0.0004318854398928096,178404.32837521748,1217.7528469797292,0.993220472456984,6393,104,44104.14493082999,0.0018476564837733634,0.19033019609228505,100.18476564837734,9957.512131293333,111.53046569883209,0
flashbots-c1000,197,10000,3.057392480626583,-3.0516066982979737,3.0516066982979737,0.005785782328609379,290548.2357880851,3353.8212765682474,0.9885886430667941,10392,168,69575.7881203003,-0.01395620079143839,0.13836286578029927,98.60437992085616,10076.03730993331,109.37046831301399,0
flashbots-c1000,198,10000,1.367000672383408,-1.3658416567886889,1.3658416567886889,0.0011590155947192038,171013.42963579323,2416.8969427742586,0.9860641619579759,9133,91,31594.875763866945,-0.010147814042360608,0.09483492273697465,98.98521859576394,10132.980051366745,92.39607552260667,0
flashbots-c1000,199,10000,0.8486615900657516,-0.8424634705091876,0.8424634705091876,0.006198119556564019,92918.2374907085,1466.404465512613,0.9844635267441838,7306,44,15193.610780181072,0.02659912909499937,0.1162119997412259,102.65991290949994,9840.989072866145,65.97886838948915,0
flashbots-c1000,200,10000,0.6441189939034309,-0.6410145506638685,0.6410145506638685,0.0031044432395623822,84744.15324838678,1560.4452709341188,0.9819193264587776,6365,48,12723.876402601752,-0.015540642869649304,0.07719394320548091,98.44593571303507,10074.099869244175,31.11320204960449,0
flashbots-c1000,201,10000,0.7082197869650525,-0.7104371785382,0.7104371785382,-0.002217391573147487,85955.6921781501,1056.1375348737088,0.9878621385349902,5639,39,15123.80051182199,-0.0026805261828883433,0.13992362123800448,99.73194738171117,9989.274931534344,172.37792516449392,0
flashbots-c1000,202,10000,0.950083668280219,-0.9459568671861405,0.9459568671861405,0.0041268010940784805,136124.89924996925,2346.2887740282144,0.9830557619421767,9434,63,21082.73763769383,-0.023262675552460053,0.08699683599657519,97.673732444754,10122.127551894306,72.30082144211484,0
flashbots-c1000,203,10000,2.2706052302479045,-2.268153408074568,2.268153408074568,0.0024518221733367263,146329.99747456226,1166.1154833265034,0.9920939239689696,6109,127,39948.776306168016,0.012840609535228396,0.18303137115166065,101.28406095352284,9895.123652913195,57.902198364854954,0
flashbots-c1000,204,10000,2.1182868522132026,-2.1154198995473052,2.1154198995473052,0.0028669526658973155,262077.7846869377,2731.5673291821613,0.9896847777150413,11833,133,53220.00291894518,-0.015892269336879393,0.07694797918062221,98.41077306631206,10281.184667237025,131.48932780081054,0
flashbots-c1000,205,10000,0.5747153108449473,-0.5706410739236958,0.5706410739236958,0.004074236921251528,101314.05705961217,1140.992076818425,0.9888634861196635,6678,47,16599.25905973403,0.018073228975280953,0.04337203748022603,101.8073228975281,9826.615700440278,107.1066617850174,0
flashbots-c1000,206,10000,1.979728973906718,-1.9781168110603744,1.9781168110603744,0.00161216284634369,207933.09231073235,1044.8377229869975,0.9950002484816535,8297,127,45879.78429944814,0.011803521381478674,0.0794850930863943,101.18035213814787,9913.329743076596,79.35603674676747,0
flashbots-c1000,207,10000,1.0629689933134379,-1.0595696404301407,1.0595696404301407,0.0033993528832971798,135172.70601465038,2181.7594454761183,0.9841158462655918,7200,71,25699.8731971388,-0.016399219397921883,0.08863304076426701,98.36007806020781,10167.704713379426,90.7594439157596,0
flashbots-c1000,208,10000,0.7670242234648685,-0.7663460969035896,0.7663460969035896,0.0006781265612789689,105167.2049236598,1119.3597526547735,0.9894684736865504,5484,50,18265.562571890583,0.002033580658524983,0.07231378272698649,100.2033580658525,9966.890269229145,86.60562109209545,0
flashbots-c1000,209,10000,1.587880000036313,-1.5868796982733215,1.5868796982733215,0.0010003017629913735,191868.10536131586,510.9815828976761,0.9973438818583963,9363,105,38824.72786323895,-0.006517489906558751,0.13125582768542998,99.34825100934412,10062.017822219355,98.00199013650169,0
flashbots-c1000,210,10000,0.5365079984521235,-0.5337291476624273,0.5337291476624273,0.0027788507896961967,113533.59305580771,623.0696730832656,0.9945419771549998,6704,44,15376.386228603658,0.01519970604386188,0.050288126355915355,101.51997060438619,9836.917938408198,102.27583272581126,0
flashbots-c1000,211,10000,0.5884190248961803,-0.5887841807221434,0.5887841807221434,-0.0003651558259631926,89095.68069612666,1143.6989397633063,0.9873259441235296,5040,34,14083.346523941493,0.00797702556829904,0.09379287348011289,100.7977025568299,9926.316287622129,129.21013403521889,0
flashbots-c1000,212,10000,1.7474880497307232,-1.747832076998236,1.747832076998236,-0.0003440272675128142,293010.58278678334,1947.3645834415731,0.9933978229750925,10852,116,59525.62117252944,0.008752230833711678,0.05724911791268042,100.87522308337117,10007.114557216999,284.2480316052466,0
flashbots-c1000,213,10000,1.0329674749061915,-1.0252181674750318,1.0252181674750318,0.007749307431159647,179096.64145408486,3174.16599932357,0.9825854395244563,11451,75,28477.570857697294,0.02615439290156161,0.07056042828852042,102.61543929015616,9614.432755174814,69.24468368883747,0
flashbots-c1000,214,10000,2.1559373709763996,-2.153556328381569,2.153556328381569,0.002381042594830518,231946.836956314,2363.495262934265,0.9899129703733137,9245,119,48301.19145376328,-0.00950335062990817,0.11402366130155968,99.04966493700918,10096.805325804255,109.72608520405835,0
flashbots-c1000,215,10000,0.5443939883190916,-0.5440398967056694,0.5440398967056694,0.00035409161342214723,75926.8182912713,1116.281584007669,0.9855109466543434,4036,37,13970.575938645457,-0.0047594989933261896,0.06718542632228292,99.52405010066738,10073.903036358965,96.90540235547302,0
flashbots-c1000,216,10000,0.4024412286519141,-0.3959652595493708,0.3959652595493708,0.006475969102543333,66604.25395612519,1455.0807914254872,0.9786204082537282,5108,26,10002.310188222698,-0.023254601675129577,0.06047538622358161,97.67453983248704,10234.003556721564,114.76331468946934,0
flashbots-c1000,217,10000,1.4675394018576762,-1.468712997076807,1.468712997076807,-0.0011735952191307408,202088.66647365072,2702.1045136733665,0.9868055357150806,8132,99,45442.7037684702,-0.003211022180722978,0.09901886494090832,99.6788977819277,10142.544524549132,328.77473811409266,0
flashbots-c1000,218,10000,1.0489659224229924,-1.047623961563545,1.047623961563545,0.0013419608594473775,178825.73184706952,2475.773385148995,0.9863444410901172,10289,75,28051.94749570817,0.00994537146307465,0.055374342536975124,100.99453714630747,9871.19169167786,112.78941581322782,0
flashbots-c1000,219,10000,0.7739847180397691,-0.7738724712421003,0.7738724712421003,0.0001122467976687469,121483.41839797595,2459.9741188418425,0.9801524383923246,8876,55,19548.104873793567,0.00045447749693821037,0.07333539581244736,100.04544774969382,9991.007571236889,110.29641023208549,0
flashbots-c1000,220,10000,1.4011827864570972,-1.400182220129409,1.400182220129409,0.0010005663276881904,186424.52475601042,2171.5265015417635,0.9884858326191769,9226,94,35321.114964772365,-0.005554740358869452,0.0699197089946793,99.44452596411305,10074.508355166361,98.7563300744678,0
flashbots-c1000,221,10000,0.2612745043382354,-0.26101989619758115,0.26101989619758115,0.0002546081406542555,57288.413130122106,928.0929703478633,0.9840579067258663,4624,19,6818.775726614816,-0.009562296149621546,0.07221444701745228,99.04377038503785,10174.91084948349,111.41168931313693,0
flashbots-c1000,222,10000,0.34756695809777793,-0.34858873500809295,0.34858873500809295,-0.0010217769103150198,83112.42528492381,1273.9385490831542,0.9849035022816119,6265,28,10398.598948302952,0.004456780124257875,0.04612861737926153,100.44567801242579,9964.400016236827,128.64247561923003,0
flashbots-c1000,223,10000,1.048445388815565,-1.0482530168137032,1.0482530168137032,0.0001923720018617292,133588.99847079185,1069.7496005010496,0.992055847720085,5736,73,27681.12476234825,-0.004717663908510445,0.06503243716597694,99.52823360914896,9912.105650630165,117.63821917798023,0
flashbots-c1000,224,10000,2.950422316735032,-2.946863881898537,2.946863881898537,0.0035584348364952056,247258.3614019901,2309.7625654290655,0.9907449616212581,9937,175,63262.30227920568,0.009716959148728251,0.10518392557215776,100.97169591487283,9945.074264598876,87.56235304753778,0
flashbots-c1000,225,10000,0.4819077012411501,-0.4815708450834677,0.4815708450834677,0.00033685615768241917,70142.46813885248,1577.52914789899,0.9780043334135707,4681,37,13403.794045373472,0.007846365946145397,0.06476347010226491,100.78463659461454,9998.536473585846,138.8464263594924,0
flashbots-c1000,226,10000,0.4906147612978041,-0.49076706692039807,0.49076706692039807,-0.0001523056225939401,110818.24715206317,1907.2954090369276,0.9830801842625585,8676,38,15152.128357775497,0.007261136665900097,0.05015521120991835,100.72611366659001,9959.00043029645,174.5364242223458,0
flashbots-c1000,227,10000,0.6194836360525712,-0.6172048158430243,0.6172048158430243,0.002278820209546839,79751.40935008982,1217.8112082605594,0.9849595784686731,5115,49,15259.67851794412,-0.02210156367793175,0.06372303946269085,97.78984363220682,10160.04564026019,60.317391349748426,0
flashbots-c1000,228,10000,1.6581920473602054,-1.6606812761425545,1.6606812761425545,-0.002489228782349029,194358.235243229,1890.7109677460157,0.9903657522537042,9888,106,37566.22531824611,-0.006400956920821699,0.1032254564321795,99.35990430791783,9886.310909202528,73.84290400801531,0
flashbots-c1000,229,10000,1.951741968919631,-1.9467920451121472,1.9467920451121472,0.004949923807483714,253123.95847733124,2063.0886271558293,0.991915386574025,11683,118,47973.47149570402,0.01289356442193693,0.12853165489141147,101.2893564421937,9803.55934695799,117.3265333682859,0
flashbots-c1000,230,10000,1.5015799050634007,-1.4991797328657412,1.4991797328657412,0.0024001721976594226,193745.18085726438,2054.9372993393695,0.9895049230884744,8522,89,36476.646252295504,0.020389925049754964,0.09663391971939773,102.0389925049755,9952.179155234382,105.4279823870154,0
flashbots-c1000,231,10000,1.0787261696355044,-1.0735666523917757,1.0735666523917757,0.005159517243728651,134292.6509567519,848.528188073713,0.9937211722330439,5849,70,26349.813850037375,-0.02295251642388564,0.07815586039432673,97.70474835761144,10254.580127008385,102.69018879406573,0
flashbots-c1000,232,10000,1.064511771830872,-1.063899485749232,1.063899485749232,0.00061228608163999,113563.89411667717,748.1540639548878,0.9934551600127689,4267,71,26717.91190445996,0.004730477062516911,0.06582904105434295,100.47304770625169,9962.481417542718,95.87193177792206,0
flashbots-c1000,233,10000,1.4912024193023106,-1.4883721137478574,1.4883721137478574,0.002830305554453183,178435.39882977633,1936.7235827547338,0.9892626224227421,7932,90,35209.88437244715,0.0048692383106074995,0.11281621718120022,100.48692383106075,9883.133702709632,79.76077115787699,0
flashbots-c1000,234,10000,0.5024216480175471,-0.50237351980104,0.50237351980104,0.000048128216507126176,106507.21316081542,2637.2002249633356,0.9758375152410049,6904,40,14672.210608526217,0.0014162707891544812,0.06794908201934817,100.14162707891545,9993.273177052584,132.19781396251048,0
flashbots-c1000,235,10000,3.3007519304188473,-3.3034986063196357,3.3034986063196357,-0.0027466759007883645,220470.63020795528,2025.9969687700448,0.9908942576142477,9186,168,55791.744610713926,-0.009306202425122763,0.20313232913109786,99.06937975748772,10105.884885087842,70.6910179816114,0
flashbots-c1000,236,10000,0.910952822741136,-0.9098141087619922,0.9098141087619922,0.0011387139791437795,85168.54619244915,1286.101383118346,0.9851239763369088,5174,60,19343.49042197313,-0.00003208176981246424,0.09572382816980393,99.99679182301875,9985.920048288204,67.21480809917236,0
flashbots-c1000,237,10000,1.3398061757688742,-1.3343962601096564,1.3343962601096564,0.005409915659217779,136628.7810478085,1877.8889504392555,0.9864418879577206,5659,76,30783.37267640333,-0.023652494541350818,0.0992230849254679,97.63475054586492,10221.615132361296,92.4113136470382,0
flashbots-c1000,238,10000,1.2032579120181677,-1.1941385349686584,1.1941385349686584,0.00911937704950927,145042.22243548965,2141.930468458831,0.9854472752249582,10051,87,26146.859778929997,-0.04511344764967731,0.0933246443208435,95.48865523503227,10050.391253375863,42.80061201675412,0
flashbots-c1000,239,10000,2.0511728314207014,-2.049992297891947,2.049992297891947,0.0011805335287542462,158813.75995821247,2565.345690992121,0.9841036069652753,7918,91,37394.23306858859,0.0043213690865165685,0.17608805981691233,100.43213690865166,9977.305145235889,74.2257792015887,0
flashbots-c1000,240,10000,3.9740822438768473,-3.9731445862144597,3.9731445862144597,0.0009376576623876254,303454.8618835308,1482.7881488907385,0.9951374054704853,11823,166,68641.53496262527,-0.008423150202154091,0.3314163334291756,99.15768497978459,10072.502191604299,94.64523357043299,0
flashbots-c1000,241,10000,0.673234516712491,-0.6736892695839174,0.6736892695839174,-0.0004547528714263782,94462.10259217862,1523.0195498691417,0.984132753953105,5005,43,17874.457957206807,-0.004761539622009821,0.09227758836393547,99.52384603779902,10092.406500607929,152.4143206434038,0
flashbots-c1000,242,10000,0.9179236459389958,-0.9138764392623671,0.9138764392623671,0.004047206676628723,135723.0203881875,65.03012460002897,0.9995210909623163,7977,62,23130.678888025202,0.019045638900900316,0.0811071890021941,101.90456389009003,9812.734192333797,98.9583810440994,0
flashbots-c1000,243,10000,0.5215980629086042,-0.5213077563392403,0.5213077563392403,0.0002903065693639073,143246.12914962243,1966.44091531993,0.9864581908133677,9139,31,16028.295228813437,-0.01202935612545744,0.07738533782587212,98.79706438745426,10368.504853412276,207.80799920429928,0
flashbots-c1000,244,10000,0.5675706251426751,-0.5617063296922993,0.5617063296922993,0.005864295450375812,100215.50598209556,1227.507274208419,0.9878995385211299,6830,34,14373.16099994368,-0.021766052264959937,0.07746826494188497,97.823394773504,10265.476798471032,165.48230014142715,0
flashbots-c1000,245,10000,1.073652765196022,-1.0732086281593638,1.0732086281593638,0.0004441370366581321,134406.70660875159,1231.7912361179528,0.9909185721186122,6363,61,23158.374802125018,-0.00028200218865407576,0.15991454994690443,99.97179978113459,9928.132939774265,65.46384509427882,0
flashbots-c1000,246,10000,0.3424554013732356,-0.3415781017641848,0.3415781017641848,0.0008772996090508078,56139.34347010039,1456.169219606168,0.9747173147420143,4061,24,8983.243807561812,0.002552675872060064,0.06399544752000252,100.255267587206,10005.804950149834,100.37268906431748,0
flashbots-c1000,247,10000,1.3903454138484606,-1.3803781715135415,1.3803781715135415,0.00996724233491908,152540.58313671727,1076.7324792457323,0.9929908130803593,9049,62,25490.836252731984,-0.02860921119735309,0.20777810266739408,97.13907888026469,10343.192070434054,116.00465957405977,0
flashbots-c1000,248,10000,1.7801416279096085,-1.7818069934572804,1.7818069934572804,-0.0016653655476719376,201617.36647952814,1964.175031556555,0.9903519001920437,7650,92,46406.474585257325,-0.00950967594251793,0.16842422697574194,99.0490324057482,10095.982455598936,182.14330186882077,0
flashbots-c1000,249,10000,1.8610200069664435,-1.8619096929296006,1.8619096929296006,-0.000889685963157083,144561.33484993412,1129.0846843862792,0.9922501102818206,5854,98,35577.30477147501,-0.001888098937453293,0.1837854969484394,99.81119010625467,10042.869036211081,73.0803811305613,0
flashbots-c1000,250,10000,1.6032241128865605,-1.6028360857056327,1.6028360857056327,0.00038802718092778576,179485.2170836415,1325.2077526952105,0.9926707337041282,7024,101,41739.81711428575,0.00801598120396335,0.07794471011606674,100.80159812039633,9850.46726002322,90.4898072281145,0
flashbots-c1000,251,10000,1.78001860430217,-1.779383850005729,1.779383850005729,0.000634754296440887,159548.19922359567,1137.4440507011705,0.9929213087894885,6377,111,43761.34843988769,-0.01510846988525941,0.07799585930084732,98.48915301147406,10224.392700999635,105.52670585095511,0
flashbots-c1000,252,10000,0.9741849592689727,-0.9751007535617191,0.9751007535617191,-0.0009157942927463525,172206.50792566198,2304.085566091112,0.9867968727858346,11473,58,26619.70910022374,-0.006497788384237851,0.10821712203642335,99.35022116157621,10153.582005832888,146.94629569126272,0
flashbots-c1000,253,10000,0.44087145695165464,-0.438751339720568,0.438751339720568,0.0021201172310866268,108874.91500177485,1955.5376853877533,0.9823555923667696,8389,35,12274.854702941353,0.012100232025094897,0.0457700387494701,101.21002320250949,9910.979351220998,89.36704191664047,0
flashbots-c1000,254,10000,1.3446089248257875,-1.3402846782469737,1.3402846782469737,0.004324246578813806,124633.91089837984,1582.1346554415518,0.9874648690782593,5443,77,28114.589986066087,0.01909010553924432,0.0861786780429432,101.90901055392443,9875.399004230041,78.18074559021296,0
flashbots-c1000,255,10000,1.104039735930532,-1.1034680984626561,1.1034680984626561,0.0005716374678759184,176275.9795643877,2589.5542147292294,0.9855223409450862,9981,69,27004.699688210458,0.002665159612253518,0.11202328151530977,100.26651596122535,9995.567710996043,101.52218870979752,0
flashbots-c1000,256,10000,2.6753735012052235,-2.6761385893113925,2.6761385893113925,-0.0007650881061689319,236104.658795118,2046.5596258516953,0.991406470059565,10669,134,54061.151786037044,-0.0062808679526492025,0.22512051602947025,99.37191320473508,10027.676305220091,101.36543166143167,0
flashbots-c1000,257,10000,1.1380289608859093,-1.1351958236705855,1.1351958236705855,0.0028331372153238554,172508.24399731,1126.5338425851867,0.9935120495064419,11165,81,29894.50051519565,0.014675013682483211,0.07898931263041575,101.46750136824832,9843.032685151607,103.93354410602677,0
flashbots-c1000,258,10000,2.697153666071998,-2.697070449447608,2.697070449447608,0.00008321662439003674,215941.59636163394,2119.370286915824,0.9902808360455834,7709,137,55332.513540026725,-0.0060204541329564164,0.11558972257175668,99.39795458670436,10120.471094105344,78.2283451972868,0
flashbots-c1000,259,10000,0.6978945780068342,-0.6962510058082785,0.6962510058082785,0.0016435721985557095,124046.79703340953,2064.958506868487,0.9836259633527267,7710,49,21565.731024898174,0.005466708208740556,0.06991616523151394,100.54667082087406,9965.213945894558,108.29608654382311,0
flashbots-c1000,260,10000,1.0295811408250979,-1.0226023789247733,1.0226023789247733,0.006978761900324537,154480.38340615627,2033.5896258753737,0.9870069771632518,9601,72,27527.47661764143,0.024982959294332405,0.07925925564552287,102.49829592943324,9720.933587195384,109.49047363123745,0
flashbots-c1000,261,10000,1.5561237089118594,-1.546062624318381,1.546062624318381,0.01006108459347832,125275.59077512052,2040.7450497961847,0.983971066740386,5185,82,28148.268275060866,0.04042171729512972,0.18416528846715793,104.04217172951297,9804.227732814625,50.65810344203464,0
flashbots-c1000,262,10000,1.055395686253704,-1.0544487660192772,1.0544487660192772,0.0009469202344267735,158984.8357837304,2662.7156333582057,0.9835276463514887,9998,68,25256.706297228662,0.008460753456473213,0.08163381547844124,100.84607534564732,9903.032809505969,106.52284600287264,0
flashbots-c1000,263,10000,0.929888644130715,-0.9299112522164137,0.9299112522164137,-0.000022608085698649916,110217.09041869198,1058.8461770382207,0.9904844999787775,4387,58,23625.394607787726,0.00804894723656261,0.08482209852653838,100.80489472365626,9933.277395203895,139.7420681636363,0
flashbots-c1000,264,10000,0.35685079166939027,-0.35646450650369843,0.35646450650369843,0.00038628516569183535,120311.62692132947,1428.2893225402224,0.9882676991523547,8708,30,12583.233269877874,-0.00624137846991843,0.04202492460390204,99.37586215300816,10164.90432116247,277.5065921963876,0
flashbots-c1000,265,10000,1.1011203463950043,-1.095158511824252,1.095158511824252,0.005961834570752389,146522.11036452942,2165.822096410951,0.9854337735378766,9457,75,26778.80335245903,0.024005714775194774,0.07090512156696932,102.40057147751948,9841.688702137419,87.13095896679536,0
flashbots-c1000,266,10000,0.9983433282131253,-0.9977878407920002,0.9977878407920002,0.0005554874211251004,121076.13238427663,796.1167609079256,0.9934676124672195,4888,65,24980.798581809246,-0.0026852311652686466,0.07529159832375712,99.73147688347314,10018.84957658642,104.78263269803747,0
flashbots-c1000,267,10000,3.0775363495634975,-3.076306630524982,3.076306630524982,0.00122971903851532,271822.8199855707,60.97497652324673,0.9997757314792087,10609,158,65852.21722076005,0.009052170012506905,0.11690558401630043,100.90521700125069,9909.381472836518,101.65458535084109,0
flashbots-c1000,268,10000,0.6599105249922563,-0.6602452733834525,0.6602452733834525,-0.0003347483911961824,132149.3221328072,1500.5073432668435,0.9887728450597426,6719,45,19476.240615500494,0.0012494290404433173,0.07131512677437016,100.12494290404433,10097.87635465873,119.34976369164225,0
flashbots-c1000,269,10000,0.40373127989516694,-0.395624988597433,0.395624988597433,0.008106291297733936,79255.52463979767,2092.667363345727,0.9742751828674341,5275,31,10323.086385623395,0.026184254919780017,0.05833046643804494,102.618425491978,9837.015087915508,82.89332654495395,0
flashbots-c1000,270,10000,2.2704712283065875,-2.2712491047583683,2.2712491047583683,-0.0007778764517807346,184186.90712311305,1694.4388443284058,0.9908842986072137,8159,124,43240.76936477192,-0.006595274660853079,0.17938012017542662,99.34047253391469,9981.444023831846,61.016651922615246,0
flashbots-c1000,271,10000,3.116622452086098,-3.112812274480632,3.112812274480632,0.003810177605465981,296439.50346508546,3197.9572474240535,0.9893272448651126,10609,181,75395.10441128905,-0.023534190741581397,0.10564586875336048,97.64658092584186,10075.265583782242,72.2700787258984,0
flashbots-c1000,272,10000,0.5156268199902536,-0.5125674427872582,0.5125674427872582,0.003059377202995428,57619.440260815245,992.2693330804841,0.983070459129146,4269,32,9681.865413833193,-0.01721569475568316,0.09711464689015244,98.27843052443168,10071.515798446695,30.13487132994103,0
flashbots-c1000,273,10000,6.316402323335677,-6.303829596690406,6.303829596690406,0.012572726645271537,153776.6215961425,1438.7658279657583,0.9907305206536354,5708,224,53068.61446918878,0.05035393483127919,0.9321859806001175,105.03539348312792,9829.568885447514,18.907137590054095,0
flashbots-c1000,274,10000,1.088292967366935,-1.0873941537749374,1.0873941537749374,0.0008988135919976159,105422.90970265589,562.8897155467473,0.9946890081630118,6349,51,20564.01578135141,0.0062307784705485855,0.16902002967528687,100.62307784705486,9937.764380016732,86.94610444573428,0
flashbots-c1000,275,10000,0.8723275636462795,-0.8709073842159114,0.8709073842159114,0.001420179430368096,127086.43079864942,2310.39381055273,0.9821448956144753,9145,60,21504.015573594297,0.008368015256045141,0.08504956407259684,100.83680152560451,9881.933204420913,66.29636097997468,0
flashbots-c1000,276,10000,2.4551847798693327,-2.4558253330224886,2.4558253330224886,-0.0006405531531559205,248901.56066239695,2457.5841426465026,0.990222817854697,10415,149,56313.52332912528,-0.005504301774933964,0.11163496896906935,99.4495698225066,10190.188916236251,138.11822407017874,0
flashbots-c1000,277,10000,1.0489634854504049,-1.0401660038593832,1.0401660038593832,0.008797481591021672,186091.77900728435,2678.494152684625,0.9858108265255578,10981,72,30378.41923741567,-0.024946261110918612,0.058324414068042923,97.50537388890814,10433.315320989685,142.15299267750655,0
flashbots-c1000,278,10000,1.7171552579344544,-1.7170398997303664,1.7170398997303664,0.0001153582040880341,241451.11067094898,2721.0074438944375,0.9888561910143457,11407,117,46729.230187543006,0.00829213262039076,0.07522998472641718,100.82921326203908,9915.17847862082,149.28264857405574,0
flashbots-c1000,279,10000,3.405125968228725,-3.4031257151547436,3.4031257151547436,0.0020002530739815505,260182.9349302502,2758.095478064653,0.9895105930261943,10872,190,65764.92187439969,-0.017331944575238508,0.13277638772519695,98.26680554247615,10125.291788985509,61.750290027930994,0
flashbots-c1000,280,10000,0.6871831969759156,-0.6886986653697704,0.6886986653697704,-0.0015154683938548574,120776.82960298413,1860.2924280721802,0.9848309190784738,6740,50,20857.851441095114,0.0038146117313239357,0.054897157715068944,100.3814611731324,9814.664723407377,169.94488864631452,0
flashbots-c1000,281,10000,0.796880826499958,-0.7971716375714095,0.7971716375714095,-0.0002908110714515688,121773.58717732441,1469.9332836334472,0.9880729365881826,6279,60,22699.771381772338,-0.0023516127410434253,0.05400981712071868,99.76483872589566,10031.800604757569,116.82539784415584,0
flashbots-c1000,282,10000,1.0611644574064114,-1.059415790936555,1.059415790936555,0.0017486664698564969,117914.85375390659,1856.8397742515765,0.9844968396158226,7434,66,23766.643231093156,-0.003845312337280404,0.08450360391871556,99.61546876627196,10033.619774258064,71.85428895294675,0
flashbots-c1000,283,10000,0.9797024412749061,-0.976725242407781,0.976725242407781,0.002977198867125108,94340.52308137572,1587.6521594188239,0.9834495740648296,5380,65,20729.268532455615,-0.021370720934889106,0.09090470493992228,97.86292790651109,10136.824704812952,59.544311072851286,0
flashbots-c1000,284,10000,4.548290476561457,-4.546581210788929,4.546581210788929,0.0017092657725275018,302981.43420548644,1676.4938301914744,0.9944971271845742,10849,196,81305.27379899124,0.006135875277499849,0.25238493826673875,100.61358752774998,9927.251984252502,104.0632719251634,0
flashbots-c1000,285,10000,0.776756684624159,-0.7758075334826913,0.7758075334826913,0.0009491511414677634,150279.72535633176,2026.2801941929158,0.986695992801671,10861,58,21617.346254847438,-0.0006343373970416621,0.06224776490766814,99.93656626029583,10042.245390339514,100.77628519878832,0
flashbots-c1000,286,10000,1.1947272799184268,-1.1947954918434789,1.1947954918434789,-0.0000682119250521307,135942.87554584877,2165.7822965828673,0.9843182727975404,9567,77,24551.342241461763,-0.002190511595725866,0.09021724866433047,99.78094884042741,10014.546846275844,77.88995752428121,0
flashbots-c1000,287,10000,1.162868061190124,-1.161358902175948,1.161358902175948,0.0015091590141760314,176398.8361722719,2695.118245533679,0.9849513722878313,9792,78,29743.11411181947,0.012919052507701992,0.07793323452229445,101.2919052507702,9850.250518576597,115.90317231086996,0
flashbots-c1000,288,10000,3.0676361595447466,-3.0644144341885635,3.0644144341885635,0.003221725356183036,261403.80454616158,2083.487678000986,0.992092644543068,9261,168,64584.28792745269,-0.02428726187983372,0.14252514690474527,97.57127381201663,10153.961463273903,95.42736206669963,0
flashbots-c1000,289,10000,0.6829170767508946,-0.6800845930310402,0.6800845930310402,0.0028324837198544506,93980.441895205,2373.2009725112443,0.9753698884455317,6689,49,15177.420828154754,0.021419780246682764,0.09037236433411706,102.14197802466828,9868.739191991366,57.840803254481386,0
flashbots-c1000,290,10000,2.049416957809867,-2.0461945246747746,2.0461945246747746,0.0032224331350922952,192047.83236433932,2032.3889960288238,0.9895280983204615,8580,112,41653.6330795004,0.015527615097707042,0.21636353380719497,101.5527615097707,9957.757738131586,86.58954499298352,0
flashbots-c1000,291,10000,1.8259829610530196,-1.8224138486738184,1.8224138486738184,0.0035691123792012114,228654.26278841344,2444.0576927757165,0.9894241650580293,11166,101,45527.51127824977,-0.005195475215455332,0.10997074315979533,99.48045247845447,9949.186419652407,153.01921293116803,0
flashbots-c1000,292,10000,1.398787983798452,-1.4029632397645173,1.4029632397645173,-0.004175255966065272,274753.0590407145,3020.7272141804274,0.9891252257640738,11080,97,50343.374069944475,-0.0011843958694603884,0.07267690162844588,99.88156041305396,10107.349780598344,493.09013499152775,0
flashbots-c1000,293,10000,0.48888057301028853,-0.4843946449757368,0.4843946449757368,0.004485928034551723,69798.20859448673,1615.0404786292238,0.9773845819985634,4397,35,13024.305036135953,0.02052770340106008,0.05335434664442488,102.05277034010601,9782.480478027383,103.97254062375309,0
flashbots-c1000,294,10000,1.5426643058066418,-1.5431821401227523,1.5431821401227523,-0.0005178343161105214,182928.42103289766,2482.339790513332,0.9866116735647422,10996,93,34995.48706163389,-0.0025631217475250876,0.1120485531723341,99.74368782524749,9885.059422995264,61.9183229772161,0
flashbots-c1000,295,10000,0.9962625793709294,-0.9950252039005818,0.9950252039005818,0.0012373754703476347,110986.42770476948,1487.9523543853477,0.9867707441143239,4740,66,25641.79289342963,0.009397672470693976,0.0751772037815482,100.9397672470694,9861.021086168967,105.5472614564718,0
flashbots-c1000,296,10000,1.233047042975537,-1.2258578002788454,1.2258578002788454,0.007189242696691522,159911.15935394508,87.05418780614555,0.9994559052511957,10035,69,27330.132642087923,-0.025857738880010715,0.12692146828329826,97.41422611199893,10259.680785374225,100.7854773452055,0
flashbots-c1000,297,10000,0.6149150438120469,-0.6122916164179344,0.6122916164179344,0.0026234273941124764,95999.12409764975,1641.4140897460222,0.9831892150512757,6744,46,14444.900401849018,0.013329886508405196,0.09592522770056021,101.33298865084052,9945.62498389996,65.1742623323321,0
flashbots-c1000,298,10000,1.117855702828464,-1.114885172804975,1.114885172804975,0.0029705300234890153,147544.5822845879,1388.5195501760277,0.9906768909458655,6632,60,27282.150651610475,-0.014691793458193842,0.08557348239820442,98.53082065418062,10232.076903855528,126.87282753788942,0
flashbots-c1000,299,10000,2.2852239302507287,-2.2849054230716206,2.2849054230716206,0.0003185071791080851,248575.17417558483,2822.1538004710224,0.9887741296886823,11748,148,51647.204548416026,-0.0013726601457504728,0.1049066276276929,99.86273398542495,10031.390087945458,75.61270530574372,0
flashbots-c1000,300,10000,1.110391261881508,-1.1093644817015047,1.1093644817015047,0.0010267801800032395,175996.7154118952,1076.1607710679555,0.9939224979326817,10816,81,29430.528159584872,0.006658461765216685,0.06936947496381193,100.66584617652167,9949.215456923464,102.79312941173237,0
flashbots-c1000,301,10000,2.1437195767675057,-2.1445643726922583,2.1445643726922583,-0.0008447959247526171,155332.08545954176,2157.9161669945597,0.9862980751494833,6796,116,40351.90803562453,-0.00555751912977243,0.13789675087361103,99.44424808702276,10011.025444712492,63.168482125548095,0
flashbots-c1000,302,10000,2.1590473093958016,-2.1571225405744485,2.1571225405744485,0.0019247688213530623,184388.64257750285,1527.7647945212698,0.9917825176587876,7744,114,47004.337433240755,-0.010207856052685997,0.10553237679837438,98.9792143947314,10098.263580039318,101.9797741604915,0
flashbots-c1000,303,10000,1.6855481278932125,-1.6855768401153455,1.6855768401153455,-0.000028712222132964982,215372.50854877228,1708.6601243529476,0.992128934376036,9482,104,41313.76885899357,-0.0015064023639462221,0.11839006315839967,99.84935976360538,9946.941944692237,99.98327419905475,0
flashbots-c1000,304,10000,0.5604237836470951,-0.5525709511002788,0.5525709511002788,0.007852832546816346,109120.07718216785,2494.5737698949274,0.9776501225545532,8668,41,14744.645565717592,0.02707131788942874,0.05760788803794967,102.70713178894287,9866.181584462576,80.1618422792759,0
flashbots-c1000,305,10000,0.3275537815771365,-0.3261657696237421,0.3261657696237421,0.0013880119533943858,68545.79581549064,907.0025756647314,0.9869407338987763,4133,25,9669.543562621904,-0.011570701977260284,0.05715283744532641,98.84292980227397,10150.50504548305,120.98806606627531,0
flashbots-c1000,306,10000,2.2487870890089057,-2.2469604715298033,2.2469604715298033,0.0018266174791023992,215414.4540204487,2827.560330823691,0.9870439230538232,8769,134,50056.49144937367,-0.012445089927542341,0.12830417535495542,98.75549100724577,10108.55863876291,88.33883802758481,0
flashbots-c1000,307,10000,1.8273220857575567,-1.8233192604470503,1.8233192604470503,0.0040028253105064415,118758.30193375223,749.0783707505599,0.9937319488650665,4579,96,32751.46272839638,0.003550586032620373,0.15947287579617708,100.35505860326204,9984.490299025292,35.262454488288526,0
flashbots-c1000,308,10000,1.3277596058431864,-1.324599101600711,1.324599101600711,0.0031605042424753815,145969.29780540097,2674.3392524817823,0.9820083839078804,7506,73,28264.814216610022,0.024865059629490673,0.14613613360621713,102.48650596294907,9769.41521476373,71.39019780118406,0
flashbots-c1000,309,10000,0.6784321193917453,-0.6781672622000201,0.6781672622000201,0.0002648571917251985,82746.55910348642,1558.0641059139903,0.9815186398254342,5249,38,14622.092562230639,-0.001822227702557342,0.0935537625940509,99.81777722974427,9964.88896853366,74.06469152766799,0
flashbots-c1000,310,10000,1.9084950152727065,-1.9014329603382976,1.9014329603382976,0.007062054934408923,204657.73574588797,3059.6552082579583,0.9852701057229561,10605,106,42339.27408687458,-0.028486106355141486,0.11343743202046781,97.15138936448585,10311.273414245687,83.06030370845933,0
flashbots-c1000,311,10000,1.4488307817548804,-1.448553708628424,1.448553708628424,0.0002770731264565285,231679.60362141678,2861.8016844178246,0.9877983092977288,11174,111,43863.248088491,-0.00985770378097257,0.051750558561114414,99.01422962190274,10113.288736091372,120.39333735672653,0
flashbots-c1000,312,10000,0.8385634758698703,-0.8332452741379939,0.8332452741379939,0.005318201731876471,146932.07216087883,1548.2052634783856,0.9895729904985723,9652,64,24277.896224248943,0.018920059782807783,0.07343031074314425,101.89200597828078,9732.649484110432,128.03620268275165,0
flashbots-c1000,313,10000,2.003438278801959,-2.0038392040439135,2.0038392040439135,-0.0004009252419545639,192550.68875588276,1971.11603207949,0.9898668633358193,7539,116,46088.6968962553,-0.002823834653977855,0.10607221990645044,99.71761653460221,10016.794853535861,109.12406973599073,0
flashbots-c1000,314,10000,1.4543843241267012,-1.4533771716349406,1.4533771716349406,0.0010071524917605323,147552.64367291523,1561.0628880313552,0.9895310570434159,7860,88,29904.372834832116,-0.01139850098174378,0.1279822540181179,98.86014990182562,10164.27452649902,45.73847996385439,0
flashbots-c1000,315,10000,1.9392463437628118,-1.9325945876540231,1.9325945876540231,0.006651756108788653,247573.7961530406,3244.0175421960503,0.9870662394572269,11448,102,46411.73153548546,-0.010811972280556432,0.1892679921809409,98.91880277194436,10423.101039048657,216.21833919433251,0
flashbots-c1000,316,10000,2.9992442552027216,-2.9925637395961076,2.9925637395961076,0.00668051560661409,136918.53358581508,1575.9107049554366,0.9886211269121613,5698,121,36857.35014103934,-0.00948025100219766,0.24190803002712913,99.05197489978023,10007.202194128484,30.169280603748007,0
flashbots-c1000,317,10000,0.6668988943095007,-0.6660085335352051,0.6660085335352051,0.0008903607742956066,144403.9975466244,1852.715312131099,0.9873324425531133,10480,52,19148.61137008367,0.010805592158402107,0.051354534862459646,101.08055921584021,9947.736748912128,94.60567878562699,0
flashbots-c1000,318,10000,2.322193984618176,-2.321226603348606,2.321226603348606,0.0009673812695698558,194869.30880015838,1686.7499546738331,0.9914184789552697,9661,118,43047.91271987631,-0.017301920040858933,0.14594790309899494,98.2698079959141,10139.901175341236,73.23341597513519,0
flashbots-c1000,319,10000,1.0722330143636527,-1.0712686226063397,1.0712686226063397,0.000964391757312999,142399.90421364075,1454.309479142788,0.9898903936018959,7592,68,25745.48615452244,0.008147973473787288,0.07405411186546175,100.81479734737873,9975.169937702112,80.54127455886922,0
flashbots-c1000,320,10000,0.7906052690143508,-0.7858600277214123,0.7858600277214123,0.004745241292938518,96945.72052867175,1102.9653288050226,0.9887508402671681,4194,55,21383.27984124562,-0.020824571657643388,0.06381246017050998,97.91754283423566,10312.926591455429,119.30523616592417,0
flashbots-c1000,321,10000,1.1111795545954828,-1.1095881666528271,1.1095881666528271,0.0015913879426556754,158403.92745985845,2200.765737918765,0.9862970023222882,10079,80,27004.60040786034,0.008882436122258497,0.060174218032168623,100.88824361222585,9961.18369341704,79.383797537046,0
flashbots-c1000,322,10000,0.35996506866292577,-0.35770732948230943,0.35770732948230943,0.002257739180616336,74984.74371566233,1535.2060686237626,0.9799371788278535,4722,29,9372.854745125329,0.011266623130090636,0.05025955063072672,101.12666231300906,9882.98030177613,89.50265190011257,0
flashbots-c1000,323,10000,1.5256837506087304,-1.5250120482635623,1.5250120482635623,0.0006717023451681126,157063.1832658194,2253.24496433878,0.9858567946233165,8131,96,31565.20063450299,-0.012915364504207645,0.13395560945781995,98.70846354957924,10079.57170808471,64.41284481911472,0
flashbots-c1000,324,10000,0.43689878226805806,-0.42864472445904767,0.42864472445904767,0.008254057809010396,70915.86820686438,1645.9303046072118,0.9773168480058139,4594,31,11351.54492457714,0.026526667994144475,0.06003163180049171,102.65266679941445,9730.328172683721,110.53762081098655,0
flashbots-c1000,325,10000,1.3617971744155017,-1.3573458839885575,1.3573458839885575,0.004451290426944254,151100.87947022883,1300.4629549153817,0.9914668536758189,6920,94,32772.50164673816,-0.018976747245828988,0.07204382055428298,98.1023252754171,10245.184357840582,88.53201256206908,0
flashbots-c1000,326,10000,0.35716305557375416,-0.35319013433775126,0.35319013433775126,0.003972921236002902,73460.35868705537,1731.507664643868,0.9769721414209219,4515,27,10706.277896459544,0.018916014584172983,0.053971390193794946,101.8916014584173,9884.76816698002,107.76756774471322,0
flashbots-c1000,327,10000,1.9171999324257265,-1.9166560623750115,1.9166560623750115,0.0005438700507149896,144311.4742230244,1040.458305455826,0.9928417992980454,5345,110,43590.291518002916,-0.0021138942485494283,0.12076318832863066,99.78861057514506,10013.78902209298,90.85897714735844,0
flashbots-c1000,328,10000,1.4162662577204512,-1.409408855274222,1.409408855274222,0.006857402446229122,119323.28629004299,1656.1900231916593,0.9863101571137278,5365,84,26876.554391570207,-0.03772399450832523,0.0947884345824879,96.22760054916748,10349.531867841044,40.753389784457795,0
flashbots-c1000,329,10000,2.173115068990647,-2.1698362913933806,2.1698362913933806,0.003278777597266469,208361.72985882295,3817.16979615213,0.9820096635322398,10048,109,43188.84876373999,0.016372717470768093,0.1717475085092144,101.63727174707681,9854.164772088448,93.56275568572572,0
flashbots-c1000,330,10000,2.2751433551771973,-2.271294689425872,2.271294689425872,0.003848665751325253,135136.57117710437,1654.3411984839165,0.987906059183657,6004,137,37273.63534850023,0.0017942163233921349,0.17016079283466212,100.17942163233921,9995.520854188433,45.87125524823195,0
flashbots-c1000,331,10000,1.7593328214117143,-1.7565901436963145,1.7565901436963145,0.0027426777153998216,243800.98593111848,2318.7978724334776,0.9905785799231634,11574,108,45150.75773799629,0.0056841607916307164,0.10243212309645386,100.56841607916307,9971.267917248222,111.84763406821621,0
flashbots-c1000,332,10000,0.9594911390367785,-0.9595561076754393,0.9595561076754393,-0.0000649686386607895,137447.15161403044,2388.9689998613712,0.982915937674947,9242,62,23154.294405751498,-0.0026921903962697515,0.10742058808509142,99.73078096037302,10052.006756011915,96.18037729242826,0
flashbots-c1000,333,10000,1.2698658699458745,-1.267859165890684,1.267859165890684,0.0020067040551905446,178227.7015506715,2079.541784622932,0.9884666764010369,8886,77,31937.96180421845,-0.005079383294123829,0.07796972619936468,99.49206167058762,9958.506423126748,106.66347682725883,0
flashbots-c1000,334,10000,0.8449982631310881,-0.844122573397101,0.844122573397101,0.0008756897339871061,92362.49285514846,1056.4231721089247,0.9886915496664435,6178,54,16469.008980263476,0.00417299704091306,0.18430440763577194,100.4172997040913,10013.234835294666,43.53506572387395,0
flashbots-c1000,335,10000,2.5010849771650263,-2.4945423982083526,2.4945423982083526,0.006542578956673761,170937.58325491025,1585.1551669386652,0.9908119058308553,6244,140,48994.81379719658,-0.021290163746881915,0.10950471037776467,97.87098362531181,10199.047577492167,71.3855580917928,0
flashbots-c1000,336,10000,1.0613907326963874,-1.0575659783173137,1.0575659783173137,0.0038247543790737026,165744.69550852352,2725.116642595456,0.9838243029549354,11384,71,25158.25867396436,0.017280940503517143,0.12772407823850984,101.72809405035171,9816.12590677356,74.95867785187997,0
flashbots-c1000,337,10000,1.118074940866148,-1.117395584526605,1.117395584526605,0.0006793563395428581,151986.89004497664,1799.400723052087,0.9882993424572135,8146,62,24349.243206948584,0.0059765205804795584,0.10404466759590576,100.59765205804796,9935.33515153094,91.34596491098851,0
flashbots-c1000,338,10000,2.308307558277993,-2.30718350467248,2.30718350467248,0.0011240536055128203,179404.35388344445,1755.1554177635583,0.9903115468542956,6723,130,48766.535353648425,-0.00001401484514261142,0.11583588449281677,99.99859851548574,10034.653433947158,87.77483026771564,0
flashbots-c1000,339,10000,0.7952381730395276,-0.7950238200194804,0.7950238200194804,0.0002143530200472421,118985.62700329184,2246.636942502697,0.9814683247727914,7616,50,18472.965251406353,-0.00040134470650926346,0.11882894420782109,99.95986552934907,10016.22814569833,90.66365827772091,0
flashbots-c1000,340,10000,1.8238374681777079,-1.822206256891434,1.822206256891434,0.0016312112862739703,203258.7100867917,1449.092437438827,0.9929211665624358,9099,106,43653.25827638397,0.008122906499278883,0.12033313115011865,100.81229064992789,9874.782731699359,113.06145681175519,0
flashbots-c1000,341,10000,0.37189079413464476,-0.371338700789579,0.371338700789579,0.000552093345065785,65825.72344888293,1037.445210452185,0.9844840555532459,4800,33,9236.065884468537,0.0006020042571736894,0.04784997206728775,100.06020042571737,10010.676649937179,75.43729239482286,0
flashbots-c1000,342,10000,1.5815884567271081,-1.580776898055774,1.580776898055774,0.0008115586713342005,168999.8177577355,1663.8487781331905,0.9902507146839981,7211,94,37009.2079642597,0.0021148241807642876,0.10262189763876223,100.21148241807643,10000.011687449289,83.65751360198476,0
flashbots-c1000,343,10000,1.9411836200541996,-1.939164173914918,1.939164173914918,0.002019446139281733,177400.1438592137,1984.1113023758069,0.9889393230158996,8557,124,39071.384327496606,-0.007104777022259725,0.11077157426904066,99.28952229777403,10056.099258398834,63.41902642153338,0
flashbots-c1000,344,10000,4.156468828466005,-4.149737904065972,4.149737904065972,0.006730924400033089,285331.54394904856,3157.1627953998736,0.9890561997000575,11246,231,75605.37369355974,0.028071029877025068,0.13417945567276704,102.8071029877025,9848.132416083592,59.25613573620295,0
flashbots-c1000,345,10000,0.5995746208515808,-0.5953532687851748,0.5953532687851748,0.004221352066405948,116782.28176419678,1480.4179365830073,0.9874819538169798,6303,44,18136.040766183894,0.014802113048935582,0.05077434565894833,101.48021130489356,9891.079240892417,139.56768586631839,0
flashbots-c1000,346,10000,1.8262919779982225,-1.824898370993651,1.824898370993651,0.0013936070045714732,249521.8691121589,3014.0130847691526,0.9880650105697897,11668,129,52641.855790947324,0.003212370706246901,0.08634945318517126,100.32123707062469,10115.293309012028,90.28591474858376,0
flashbots-c1000,347,10000,1.2662730785131533,-1.2604257815856954,1.2604257815856954,0.00584729692745789,130029.79684376025,1325.3106974853804,0.9899104745731395,7164,60,25040.944730245716,0.022339512117539897,0.19710773813522905,102.23395121175399,9736.303278396506,122.91590736336742,0
flashbots-c1000,348,10000,1.2360975648504577,-1.2348779172145896,1.2348779172145896,0.0012196476358681263,146873.438603382,1624.0747452798912,0.9890632865921016,7967,75,28204.11895716665,-0.0031156841342780696,0.10257040735356852,99.6884315865722,10026.352402433531,97.38786993123438,0
flashbots-c1000,349,10000,0.4891142264609533,-0.4878782137726603,0.4878782137726603,0.0012360126882930422,92014.00207761947,1429.494224280948,0.9847020468962068,4534,35,14840.11523377432,0.008419679674837255,0.06609242349503418,100.84196796748373,9944.616918635144,169.6359167203853,0
flashbots-c1000,350,10000,4.415919865725433,-4.412442410887138,4.412442410887138,0.003477454838295202,242249.38643510916,1936.1810548292099,0.9920708620303328,10938,215,65568.737178257,-0.004739961926278795,0.22615191917508412,99.52600380737212,9953.326837609198,37.16394604801527,0
flashbots-c1000,351,10000,0.9034448423268717,-0.9031871047526465,0.9031871047526465,0.00025773757422520305,138945.006414169,1541.8546304748447,0.9890249193482594,6937,59,24204.52108212974,-0.002157277822407764,0.10045323007502205,99.78427221775922,10008.310025612951,141.52990195223055,0
flashbots-c1000,352,10000,3.8587646834568123,-3.85243404166701,3.85243404166701,0.00633064178980236,292579.4242351735,2188.917821636407,0.9925741081747016,11750,210,76422.18320568238,0.023342880051169176,0.17128662975028847,102.33428800511692,9805.579226164367,75.13661845490097,0
flashbots-c1000,353,10000,1.748572763756248,-1.74580417664572,1.74580417664572,0.0027685871105280757,216049.10118963168,3130.1730012442335,0.9857186633508136,8338,120,49988.430908944654,0.015171777507942607,0.05805495326485726,101.51717775079426,9661.970304398435,144.46897762998216,0
flashbots-c1000,354,10000,2.8287389747046183,-2.827269323510677,2.827269323510677,0.0014696511939411572,273840.4638618597,2503.5473079881854,0.9909404683771148,11744,163,64736.25434614482,-0.008921390073927426,0.11634585824842404,99.10786099260726,10084.22417157096,91.15506987045693,0
flashbots-c1000,355,10000,2.5015548846248397,-2.5040283356880764,2.5040283356880764,-0.002473451063236709,233320.95308379564,1457.2751896432944,0.993792971348493,8212,129,59279.15899885612,-0.00891262821322556,0.14079967013150538,99.10873717867744,10081.149498785237,154.18981019057375,0
flashbots-c1000,356,10000,1.3572123502590918,-1.3566039189960293,1.3566039189960293,0.0006084312630625366,128618.48377639384,148.01774307570545,0.9988504949553723,4863,80,31698.24115930629,-0.005472055817921273,0.09028187853500952,99.45279441820787,10050.859833963214,97.80831608080179,0
flashbots-c1000,357,10000,1.2212260311838854,-1.2039974908657882,1.2039974908657882,0.017228540318097174,110064.18939640251,487.8989822364577,0.9955867049696483,4422,62,25307.27107052047,0.04103549739963398,0.11648884010893994,104.1035497399634,9591.539646964966,98.8813785647594,0
flashbots-c1000,358,10000,1.0276786289107593,-1.0299807012364113,1.0299807012364113,-0.002302072325651938,129590.31728134866,1657.386928133624,0.9873720691869147,7130,62,24920.043026361276,-0.000916724199639134,0.11520018529319287,99.90832758003609,10028.444221013095,144.43542147189282,0
flashbots-c1000,359,10000,2.117985164543789,-2.117090661187774,2.117090661187774,0.0008945033560148197,195595.0222215448,2242.854380981171,0.9886631699677647,7442,125,50586.04090980091,0.004138261599006512,0.10236146654875683,100.41382615990065,9956.593753635192,106.20999279808248,0
flashbots-c1000,360,10000,1.1248688780990075,-1.118516159181297,1.118516159181297,0.006352718917710387,125967.36360583431,610.4350697487545,0.9951773922746651,5055,74,27580.323328588704,0.02486224269153908,0.10223694540225807,102.48622426915391,9762.666037684361,96.80170645181772,0
flashbots-c1000,361,10000,3.935754505551054,-3.9427068846493967,3.9427068846493967,-0.006952379098342565,173988.23906656273,1873.469412286201,0.9893469167990511,9219,159,46370.77193848716,-0.008974968051157219,0.3984880114359842,99.10250319488428,9910.39111182288,35.89070504569022,0
flashbots-c1000,362,10000,1.8348181369803227,-1.8338171149424056,1.8338171149424056,0.0010010220379170764,237181.57415107606,1344.4963468548121,0.994363314902861,11679,114,43751.10540790817,0.002964269925482199,0.10001276239361445,100.29642699254822,9974.795465863152,97.38404598995342,0
flashbots-c1000,363,10000,1.9278163441713059,-1.9215375065642775,1.9215375065642775,0.006278837607028409,166066.06301050296,1324.5476132773933,0.9920870853607531,6603,115,44430.20422011224,0.024579936919814145,0.15703354076862397,102.45799369198141,9737.391840791244,105.30057743395567,0
flashbots-c1000,364,10000,1.9736090319087385,-1.9724109379666857,1.9724109379666857,0.0011980939420528358,115561.9706216454,1232.8353035937255,0.9894444338185477,4605,77,28304.21227318038,0.004459037723629393,0.3487009137921072,100.44590377236294,9902.819831215347,78.58188494603716,0
flashbots-c1000,365,10000,2.3703566758765966,-2.3681723747756678,2.3681723747756678,0.0021843011009288205,235649.92260202664,2176.6580170697443,0.9908477092366901,9184,135,54756.34402943577,0.014816080110568635,0.09317102599440688,101.48160801105686,9855.785183745596,95.25272921915307,0
flashbots-c1000,366,10000,1.132631275695946,-1.1294675747330416,1.1294675747330416,0.0031637009629044144,161501.74230229933,2446.450088470531,0.9850779075219114,10772,68,25123.71226304791,0.015394155403531612,0.1488880085824816,101.53941554035316,9856.039441945331,89.16800316112867,0
flashbots-c1000,367,10000,1.4074293332865266,-1.406643098105576,1.406643098105576,0.0007862351809506674,157953.96567123925,1775.823674729215,0.9888823263212171,7839,89,34266.893309609855,-0.005768805840779549,0.10192109005226413,99.42311941592205,10055.70172175292,102.15133618218331,0
flashbots-c1000,368,10000,0.9237407334084151,-0.9199955916223246,0.9199955916223246,0.0037451417860905334,133058.91203597496,2213.0080382980245,0.9836402999448597,10507,63,20462.77012874574,-0.023016296549213423,0.10417858078309351,97.69837034507866,10180.065920669633,46.64121858200154,0
flashbots-c1000,369,10000,1.6873002431854416,-1.684727765137609,1.684727765137609,0.0025724780478326714,200540.9941358191,2703.351527663893,0.9866990074491918,9532,81,39033.25027939411,-0.016680484330289715,0.14158931433732136,98.33195156697103,10179.093568254999,159.14475917761348,0
flashbots-c1000,370,10000,1.8544516285740964,-1.8542545865838065,1.8542545865838065,0.00019704199028991454,182893.0321344081,1855.7253829485985,0.9899554107541197,6885,115,44852.550352038736,-0.0016079998269283636,0.09332805471786643,99.83920001730716,10034.51773212081,99.22440146244203,0
flashbots-c1000,371,10000,1.5432091058118191,-1.537682225005284,1.537682225005284,0.005526880806535184,145305.7348651663,1259.2656028288218,0.9914081424705224,5411,90,34042.649965116885,0.028566324634349202,0.08555593604159427,102.85663246343492,9646.717557580703,58.151763025720285,0
flashbots-c1000,372,10000,0.6537955199549388,-0.6534445150846864,0.6534445150846864,0.0003510048702524138,120988.01648706205,1447.2049040997065,0.9881798318518483,7554,47,17903.870301801435,-0.0002365350005580069,0.07474529592513961,99.9763464999442,10047.149780977206,117.61770074891827,0
flashbots-c1000,373,10000,0.824580718042699,-0.8234220255791342,0.8234220255791342,0.0011586924635647033,94414.10649055416,1439.4408424132978,0.9849829152653777,4803,58,21791.450208286733,0.0064010012179439,0.06376293540110467,100.64010012179439,9883.099301307899,97.85218742429431,0
flashbots-c1000,374,10000,0.7038398511610838,-0.7025224682774933,0.7025224682774933,0.0013173828835905121,82654.1901043813,1097.3424344606444,0.9868976435272785,4496,47,16644.898698373643,-0.0013130065088651577,0.07553351711216834,99.86869934911348,10010.788041681242,94.7746136680901,0
flashbots-c1000,375,10000,3.091497739692239,-3.093002499288758,3.093002499288758,-0.0015047595965191896,272977.4660828969,1856.2206802499197,0.9932460219774674,11364,154,60815.84698915004,0.007371028473510819,0.17061052201974009,100.73710284735108,9837.013516605599,155.8141834348393,0
flashbots-c1000,376,10000,1.449366439469784,-1.4486917594476836,1.4486917594476836,0.0006746800221004712,196716.0196956978,1838.2011847082165,0.9907420694631548,7955,78,40264.488635314425,0.00592097047123616,0.12849044749717423,100.59209704712362,9762.118378448358,217.7149092138442,0
flashbots-c1000,377,10000,1.4648132158287186,-1.4629841053669566,1.4629841053669566,0.0018291104617620402,189986.98005964753,2004.5443901391768,0.9895592037414993,9830,90,33290.16833137921,0.010541101548486295,0.12728454885842808,101.05411015484863,9985.04671658687,67.52459434563514,0
flashbots-c1000,378,10000,1.8272174877113527,-1.8221837306793418,1.8221837306793418,0.0050337570320109215,199532.23115885278,1728.928038189799,0.9914095295630434,8215,110,43547.865031183144,-0.014447322813762042,0.09754435694076691,98.5552677186238,10214.06917670442,104.99722800548626,0
flashbots-c1000,379,10000,1.4386429081431698,-1.4345570159362637,1.4345570159362637,0.004085892206906028,146882.3916355298,1521.376380816364,0.9897483978934498,7372,93,33874.15956332543,-0.020968126956469036,0.08352016605789075,97.9031873043531,10220.524040286637,107.09477794308499,0
flashbots-c1000,380,10000,1.128007490622211,-1.1235897953940537,1.1235897953940537,0.004417695228157381,110080.83061779162,1343.6115020222303,0.9879415011961428,6651,70,24030.4205606565,-0.02047133877613476,0.10934399365905975,97.95286612238652,10003.586814974338,37.25852570816146,0
flashbots-c1000,381,10000,0.8575914438370325,-0.8570760479888122,0.8570760479888122,0.0005153958482202459,109223.48302805315,1315.3738657836684,0.9881003485765465,6464,47,19040.407467800007,0.006450670160348722,0.1293187796042568,100.64506701603487,9909.641195709255,100.82310097088454,0
flashbots-c1000,382,10000,0.6092034712283684,-0.6078875785269418,0.6078875785269418,0.0013158927014266242,68605.06899866169,1123.6766076227357,0.9838850305157152,5585,45,13291.9593303918,0.0020817463667631843,0.07047476477431758,100.20817463667632,9904.913768471724,66.42757372228675,0
flashbots-c1000,383,10000,1.223574550381721,-1.2217402851930501,1.2217402851930501,0.0018342651886709138,118960.75806620347,1135.5395452727773,0.9905447580994847,4507,69,25464.419457054202,0.0148105816408507,0.10981608897020564,101.48105816408507,9879.58595651467,73.20381602030669,0
flashbots-c1000,384,10000,0.9154886121707543,-0.913888342685027,0.913888342685027,0.0016002694857272237,130831.50367570276,1607.9840019279857,0.9878587268032782,5995,60,22252.879807719746,-0.01700807418611973,0.08667876951674998,98.29919258138803,10110.114721153026,84.48340316634926,0
flashbots-c1000,385,10000,0.551469837325497,-0.5474552555490959,0.5474552555490959,0.004014581776401127,63630.104692980036,1240.4965168515007,0.9808773698144254,4379,26,11627.240016515814,-0.02064325419727112,0.1337022233573093,97.93567458027289,10230.615267572077,104.61406622725117,0
flashbots-c1000,386,10000,1.012008834621659,-1.0099239398559234,1.0099239398559234,0.002084894765735479,164871.98843060056,2553.11852763264,0.9847506830127362,9179,76,27149.561208243646,0.012455565783564566,0.061928053347286606,101.24555657835646,9885.449089390439,93.76261887180742,0
flashbots-c1000,387,10000,1.1965046040174532,-1.1941574862636344,1.1941574862636344,0.002347117753818795,192950.2434871933,2351.474863749734,0.9879597840530809,11328,74,30421.330439045174,-0.0015055224596454764,0.11803011299917529,99.84944775403545,9960.39237630662,150.68622293412932,0
flashbots-c1000,388,10000,1.5481515510229558,-1.5510224808342628,1.5510224808342628,-0.002870929811306988,233902.55676541617,2052.568470744995,0.9913010218841797,10032,102,43356.36461294277,0.010016138426788217,0.06215553291786634,101.00161384267882,10040.829568128594,102.91410981530791,0
flashbots-c1000,389,10000,2.6075970861958924,-2.60557005507286,2.60557005507286,0.0020270311230321525,134541.47268615046,1002.0084593915452,0.9926074758378411,5038,113,38769.444243400154,-0.00875463429314209,0.2711120133173432,99.12453657068579,10008.223415888679,50.707941737509806,0
flashbots-c1000,390,10000,1.251716710237362,-1.2508808447325919,1.2508808447325919,0.0008358655047702168,173217.77153567606,1220.3843546854853,0.9930039139174772,10160,89,31523.3743423591,-0.00040340858775579137,0.0790596088082907,99.95965914122442,10011.636057070675,84.43827250739176,0
flashbots-c1000,391,10000,1.1799947970478528,-1.181768585161194,1.181768585161194,-0.0017737881133412792,170884.03641909943,1929.7263164934172,0.9888334916968048,9033,84,31391.22289630274,-0.0034029321352012686,0.0765558814429319,99.65970678647987,10168.80422495442,148.86748956424333,0
flashbots-c1000,392,10000,0.7405732123690447,-0.739811485107623,0.739811485107623,0.000761727261421763,91927.59782122311,1600.9365712698773,0.9828829075354529,5124,55,18770.708828825245,0.008965202436935868,0.07138962946756763,100.89652024369359,9841.769573960248,111.24275701570009,0
flashbots-c1000,393,10000,3.31720804403977,-3.3123522049680787,3.3123522049680787,0.0048558390716912925,240854.31583410923,3011.383113049628,0.9876514691239864,10682,170,57388.47210285026,0.004257320214961027,0.20751096057979482,100.4257320214961,9976.201879162483,59.912073026557394,0
flashbots-c1000,394,10000,3.138854014409648,-3.13751263885041,3.13751263885041,0.0013413755592379673,247734.55589541685,2539.514555072496,0.9898530656791517,9737,171,62833.820809524994,-0.005180487227229093,0.21400739715090297,99.48195127727709,10067.866430189222,88.08142200921634,0
flashbots-c1000,395,10000,0.6560372576326015,-0.656533088245908,0.656533088245908,-0.0004958306133064916,82455.47829977148,1109.3262494661092,0.9867249584864107,4596,45,15588.00508356374,0.009302685584561345,0.07191381862220339,100.93026855845613,9746.237031678791,155.1184015835788,0
flashbots-c1000,396,10000,2.192389371512068,-2.191223730380784,2.191223730380784,0.0011656411312839232,180437.66205313604,492.7885487823168,0.9972763647736304,6662,115,47625.89258523083,0.009491082386993383,0.11097985193215805,100.94910823869934,9901.591354527425,103.43715369072217,0
flashbots-c1000,397,10000,1.5098981435172727,-1.5082719427398956,1.5082719427398956,0.0016262007773770737,165306.15545709527,2131.295349458687,0.9872710953302732,7986,88,33585.36344588277,-0.012058319437048225,0.12929402174383994,98.79416805629518,10061.145321540203,79.41108286165839,0
flashbots-c1000,398,10000,0.467165268804401,-0.46978928553369315,0.46978928553369315,-0.0026240167292921335,116200.89768263807,1439.4097559047082,0.9877643149083346,5539,41,18551.08758035376,0.004879646347318242,0.03461127106723978,100.48796463473182,9787.26672286281,198.38121121080906,0
flashbots-c1000,399,10000,0.447374626840254,-0.4416942153285959,0.4416942153285959,0.005680411511658101,82862.13696222368,1048.8711425492402,0.987500196145426,6615,32,11442.557599631988,0.023742255808600846,0.07745309192898091,102.37422558086008,9775.074598413003,95.64050066528185,0
flashbots-c1000,400,10000,1.5091346362846247,-1.506160280465508,1.506160280465508,0.0029743558191166475,185588.1796843297,1484.7058828634692,0.9920634897015571,7341,98,38913.152682275286,-0.006717202459104641,0.07320900694870885,99.32827975408954,10106.721600577017,104.7825873962232,0
flashbots-c1000,401,10000,0.3863783488801954,-0.38084147885905395,0.38084147885905395,0.005536870021141449,64835.81858604294,1283.9246182872819,0.9805818269088014,4010,26,9425.123177324822,0.02516183672767184,0.06207381824484401,102.51618367276718,9796.622339941165,82.87062419917793,0
flashbots-c1000,402,10000,2.759039966615205,-2.75853577855122,2.75853577855122,0.0005041880639846674,252130.09749993644,169.24881369460357,0.9993291745850018,10289,167,65215.26854697743,0.0009807336312370296,0.10226489006147531,100.0980733631237,9988.728896606517,99.80422989275071,0
flashbots-c1000,403,10000,1.467413931891045,-1.4641328932193005,1.4641328932193005,0.0032810386717445628,188184.7573802307,1713.6845703749286,0.9909757839360226,9811,103,36801.77325278079,-0.014236032692833618,0.0743043117709351,98.57639673071664,10171.731175071565,79.5186281759675,0
flashbots-c1000,404,10000,1.3542450201666762,-1.3504159354901049,1.3504159354901049,0.0038290846765713926,155772.49779611433,1903.8930580557872,0.9879253130557978,5904,87,35156.34213841437,-0.019824816331970113,0.06530872605493145,98.01751836680299,10328.864568438577,120.4283501745212,0
flashbots-c1000,405,10000,0.366642526672591,-0.3657801092833779,0.3657801092833779,0.0008624173892131104,56220.96847716134,965.1155867582171,0.983123244010213,4277,25,9010.66303845183,0.0007290457109520787,0.06458576263867627,100.07290457109521,10034.473541064624,70.0721854917118,0
flashbots-c1000,406,10000,0.8465801157323056,-0.8458437440977491,0.8458437440977491,0.0007363716345565319,140618.05731343068,1999.8376219653035,0.985977652924472,9393,60,21504.188997450758,0.003925099365889082,0.0931423792452513,100.39250993658891,9966.486497793023,115.35967467289188,0
flashbots-c1000,407,10000,0.5854615399231713,-0.5848564313997144,0.5848564313997144,0.0006051085234568543,82695.4886127836,1567.1572958851496,0.9814015180868665,5128,34,13770.442894575508,0.0069031516488817606,0.07474496460412894,100.69031516488818,9880.309288743274,104.9332958814478,0
flashbots-c1000,408,10000,2.3426535027564626,-2.3354438923920497,2.3354438923920497,0.007209610364412811,143554.4479786948,1467.2983745279748,0.9898822182781185,7717,101,33607.46892141951,-0.03181584781538959,0.24151292082693118,96.81841521846104,10250.023990959951,70.17455432988118,0
flashbots-c1000,409,10000,1.2780074120037401,-1.2779511272580066,1.2779511272580066,0.000056284745733492514,168029.9510213654,2167.8680005693604,0.9872626569892182,5989,73,36036.17769743804,-0.0038599282725421346,0.07154832310262166,99.61400717274579,10072.744344730729,119.38920600185742,0
flashbots-c1000,410,10000,2.0534635113952917,-2.0551210771498063,2.0551210771498063,-0.0016575657545145894,135468.37541251275,1142.563070934317,0.9916363719946718,4758,99,35332.05663503345,0.016729080734138365,0.21399468361989052,101.67290807341384,10079.639830766402,38.63694140995803,0
flashbots-c1000,411,10000,1.0210385770904378,-1.0195501212081695,1.0195501212081695,0.0014884558822683136,128596.71230730014,1526.1356936896834,0.9882715778425164,5877,54,23785.831769934244,-0.012340344094612448,0.10123628630396084,98.76596559053876,10265.325181247734,115.05567820961065,0
flashbots-c1000,412,10000,0.4792382149002014,-0.47740305734214417,0.47740305734214417,0.0018351575580572432,121002.01241213447,1694.5619883817994,0.9861890032654842,9227,38,14832.786991303841,0.014848105260809916,0.06849131953170556,101.48481052608099,9828.544028048462,149.97496318984773,0
flashbots-c1000,413,10000,1.5984538735852516,-1.594194035613782,1.594194035613782,0.00425983797146956,171746.38907094192,2414.268031329453,0.9861376956684785,8427,100,35854.1665293397,-0.013478437578197031,0.1095109940390681,98.6521562421803,10075.315132499834,111.05521381129603,0
flashbots-c1000,414,10000,2.628732890298278,-2.6259969439401516,2.6259969439401516,0.002735946358126462,265528.32297544205,2473.923574782928,0.9907690192652199,11580,144,55909.33803556596,-0.012831638854140267,0.1491729227727167,98.71683611458597,10021.140003899083,70.54611788601315,0
flashbots-c1000,415,10000,1.1444150257306,-1.1430684097939547,1.1430684097939547,0.0013466159366453123,140310.71655577293,1102.1440549354072,0.9922061964507637,5749,66,27103.299066154625,0.010357616954793371,0.07750090180435124,101.03576169547934,9873.237324664793,101.89334590755318,0
flashbots-c1000,416,10000,0.3489943543804422,-0.34894996333014205,0.34894996333014205,0.00004439105030012991,90399.39663439682,1656.512180237064,0.9820053682423291,6260,27,10071.429712768106,0.003260111014975706,0.04221109905270239,100.32601110149757,9934.429971090463,111.54540870840175,0
flashbots-c1000,417,10000,1.3252099780890498,-1.3183669469528354,1.3183669469528354,0.006843031136214428,156665.50573477955,2395.206388817502,0.9849415587492384,7214,73,29690.52321138743,-0.025037938813767795,0.12320328820351477,97.49620611862322,10292.926478365693,107.07520351566187,0
flashbots-c1000,418,10000,0.466831071549169,-0.46519266066422915,0.46519266066422915,0.0016384108849398227,99986.61008249888,1157.7779144865103,0.9885532164718718,5455,37,14956.868182777882,0.013737985667538907,0.04303245432575338,101.37379856675389,9781.878154695982,154.00157860553227,0
flashbots-c1000,419,10000,0.6704291806186633,-0.669178744115527,0.669178744115527,0.0012504365031362763,121733.35923900841,2541.6978015689183,0.9795478041845596,7685,46,17134.367317827753,0.0069197974759225645,0.09830686214879222,100.69197974759226,9896.011101536202,103.70456875739303,0
flashbots-c1000,420,10000,1.8428045188782707,-1.8405346488068517,1.8405346488068517,0.002269870071418989,154912.73461570067,2788.882671438723,0.9823154466047055,10127,106,30911.252995315524,0.01461155272042589,0.11492190650448109,101.46115527204259,9874.89423083295,65.58705845503661,0
flashbots-c1000,421,10000,0.521091819441506,-0.522033571847544,0.522033571847544,-0.0009417524060379989,74747.82758802811,1051.2931775690477,0.9861305359884042,4127,35,13597.617654586385,0.00528680792222147,0.07106419205438869,100.52868079222215,9996.913049792985,113.96973346125885,0
flashbots-c1000,422,10000,0.5477846166592442,-0.5478792277176012,0.5478792277176012,-0.00009461105835706363,77300.0159665469,1479.0666038760387,0.9812251354596081,4831,35,13601.524227469621,-0.007988003057622279,0.06167609714532105,99.20119969423777,10083.438053270875,143.2724004731088,0
flashbots-c1000,423,10000,0.6599005009660577,-0.6594266187630069,0.6594266187630069,0.00047388220305077944,63413.52837078694,1123.1688224835607,0.9825964316221519,4440,32,14072.918609681214,0.005453366629059815,0.089593106119506,100.54533666290598,9896.375060524957,129.30019002215653,0
flashbots-c1000,424,10000,1.1415660988526999,-1.1398033178409719,1.1398033178409719,0.0017627810117279985,122806.1076414352,1230.2378947617437,0.9900816338191557,6721,75,24617.593879735752,0.02193507201149032,0.10822108463979063,102.19350720114903,9850.28103623058,64.94421331010906,0
flashbots-c1000,425,10000,1.4146695392081627,-1.4132839572148441,1.4132839572148441,0.0013855819933186186,137651.18510209807,1545.026523815416,0.9889003694441941,5668,79,33164.88969784976,-0.007079341500247125,0.08127768880714285,99.29206584997529,10104.435480410517,118.38385301113112,0
flashbots-c1000,426,10000,1.270028804705812,-1.264494535582287,1.264494535582287,0.005534269123524949,168008.38828769047,1238.5399452253585,0.9926820536233255,9653,81,30482.075917529848,-0.022378427440379198,0.0730577785860929,97.76215725596208,10198.368498871245,95.29531009585322,0
flashbots-c1000,427,10000,1.2393523861997249,-1.2394011586605984,1.2394011586605984,-0.00004877246087353626,132070.4657686007,1767.9844744942727,0.9867901602918816,7514,84,28093.348427152814,0.00660486456232718,0.09242347214431149,100.66048645623272,9965.637614197527,76.86609659728674,0
flashbots-c1000,428,10000,0.6453545478702839,-0.6451656584015382,0.6451656584015382,0.0001888894687457343,154379.25114777184,2386.8788802946156,0.9847742692897549,10327,50,20625.08526803663,-0.001314835199146529,0.05457969165443188,99.86851648008535,10032.174531794713,194.90843545565022,0
flashbots-c1000,429,10000,2.289252554461476,-2.289006969824868,2.289006969824868,0.00024558463660806495,278848.18307808624,1686.0500534917414,0.9939898598660474,10639,139,60633.739306023206,-0.0014558256416728455,0.09250800789547028,99.85441743583272,10048.394250404368,131.93445052589976,0
flashbots-c1000,430,10000,1.2273533733548119,-1.2270599944678224,1.2270599944678224,0.00029337888698943715,161797.2089388191,2624.5424459949713,0.9840377418201046,8404,79,30760.976981456413,0.009132085953282285,0.08483320840776613,100.91320859532823,9979.46280527102,87.42609396551642,0
flashbots-c1000,431,10000,1.2966578049435076,-1.2957182521773234,1.2957182521773234,0.0009395527661841818,189032.37408992648,819.1842166595479,0.9956851330377986,10598,88,34371.526719730995,0.007468152975080074,0.0718876213060284,100.74681529750801,9908.629673179425,115.61020348028701,0
flashbots-c1000,432,10000,2.3106372072619137,-2.3078241935444055,2.3078241935444055,0.002813013717508195,120260.84000763313,1304.1099184168702,0.9892723197006195,5804,81,27115.17192972816,-0.013377736475134867,0.37740988546769844,98.66222635248651,10130.353680154498,55.8637384565773,0
flashbots-c1000,433,10000,4.336693490127612,-4.336225322859832,4.336225322859832,0.00046816726777976214,193412.20741407006,1973.1496513778138,0.9899012409066209,7883,209,58873.64420270177,-0.02629779934530461,0.20049539414335002,97.37022006546954,10110.353979185847,29.59092273044651,0
flashbots-c1000,434,10000,0.8500215848764947,-0.847506722306548,0.847506722306548,0.0025148625699467075,101901.40744113644,1443.6510018978543,0.9860307689245381,6831,58,19196.56410223485,0.01256539696133956,0.06852707104303875,101.25653969613396,9973.918458868295,75.05302836475634,0
flashbots-c1000,435,10000,2.2706832931214977,-2.268792450873889,2.268792450873889,0.001890842247608937,264852.31396048923,1997.8165519142262,0.9925133386741164,10876,138,57067.07211671225,0.010931434898433281,0.08916998687332153,101.09314348984333,9858.656327936382,133.83458281712393,0
flashbots-c1000,436,10000,1.3976936804842424,-1.397223969275558,1.397223969275558,0.0004697112086844424,143507.66243978956,2078.0802702610963,0.9857260729548235,8476,92,32313.95053850112,0.007568715795105874,0.11136929535792887,100.75687157951059,9955.457613356171,92.19011207615675,0
flashbots-c1000,437,10000,0.9636606678415931,-0.9623409461634083,0.9623409461634083,0.0013197216781848375,118995.28503015585,1985.7788703596866,0.9835860356461023,6299,65,21176.986288001775,-0.0074135095849990765,0.07589658707118829,99.25864904150009,10056.384415533192,59.333780437215594,0
flashbots-c1000,438,10000,0.5146474676615715,-0.5110988141175881,0.5110988141175881,0.003548653543983482,87416.0282175532,1506.657341247454,0.9830565470241993,5283,37,13866.007028011558,0.022467372204098838,0.07813935546381813,102.24673722040988,9781.147631315273,103.42552155893274,0
flashbots-c1000,439,10000,2.873018215219688,-2.8667075066618395,2.8667075066618395,0.006310708557848432,281430.34572311793,2218.743985524335,0.9921778561397698,11114,149,62907.98686831738,-0.019030494384929427,0.14126474014329957,98.09695056150706,10008.94999121994,65.04314524380018,0
flashbots-c1000,440,10000,0.49854198163556546,-0.49222544262437395,0.49222544262437395,0.006316539011191502,125671.17948157048,1957.9522482649716,0.9846590490609185,10432,34,13515.983098467734,0.02298185212244178,0.05378940330634336,102.29818521224418,9708.400865979602,114.23074103393479,0
flashbots-c1000,441,10000,0.34978573261224527,-0.349533227598954,0.349533227598954,0.00025250501329127095,62275.39127329118,1699.2780028797497,0.9734382682692087,4507,27,8870.686089530467,-0.0028709336609769307,0.06841086069176967,99.7129066339023,10005.30104955759,67.50017776197232,0
flashbots-c1000,442,10000,4.930530922941323,-4.934963960141943,4.934963960141943,-0.004433037200620049,268093.7281699462,2206.3044752871683,0.9918375722944033,10079,230,79331.89083976405,-0.007309296056218528,0.22512273635829116,99.26907039437815,9950.27440016097,49.24764939711783,0
flashbots-c1000,443,10000,2.138276243981426,-2.1331258293002406,2.1331258293002406,0.005150414681185378,222332.37741511673,2366.737440505199,0.989467081603655,9346,127,48734.07268020039,-0.021597447990986608,0.10983750870461151,97.84025520090134,10204.733223272076,94.36663547381654,0
flashbots-c1000,444,10000,2.307491563360393,-2.3058258691370384,2.3058258691370384,0.00166569422335483,231422.20259697948,2811.404919372693,0.9879974314993358,11376,126,47149.212738871705,0.009328903226012103,0.15352934298878096,100.93289032260121,9909.330311543843,83.27319595062855,0
flashbots-c1000,445,10000,0.305199489127309,-0.3035026616620371,0.3035026616620371,0.0016968274652718884,80471.98150308667,1309.0922069100618,0.9839927241411354,6134,27,9210.169131259308,0.013210478874116376,0.038349128783028305,101.32104788741164,9794.076772089344,109.9092269867585,0
flashbots-c1000,446,10000,0.8248537361460383,-0.8224781748558598,0.8224781748558598,0.002375561290178463,124867.42919082171,1446.006621248005,0.9885522342737998,4765,55,24056.781540311134,0.005448980716739839,0.0675455353774511,100.54489807167398,9859.02312505483,119.80019033788815,0
flashbots-c1000,447,10000,1.129777869323513,-1.1273999511868737,1.1273999511868737,0.0023779181366392343,134568.7775206037,3192.007727294364,0.9768293442756557,8331,70,27232.50553383878,0.013780700545606664,0.11298561448432835,101.37807005456067,9852.509545018187,97.24092416885661,0
flashbots-c1000,448,10000,1.886570080081981,-1.8807496077619419,1.8807496077619419,0.005820472320039016,176654.5749290057,2509.9282459172846,0.9859909289985485,9578,101,36380.14781796906,0.02137320924041134,0.21193389589112926,102.13732092404113,9913.609341031364,78.63750169079104,0
flashbots-c1000,449,10000,1.319801866493315,-1.3181697308015714,1.3181697308015714,0.0016321356917436969,147366.1915904407,3686.8179421562795,0.9755925555302447,10298,88,27456.070249844335,0.004771140964975018,0.15436488474574972,100.4771140964975,9960.623721726575,55.34013984938232,0
flashbots-c1000,450,10000,0.8930589408031863,-0.8877657317027001,0.8877657317027001,0.00529320910048614,146892.72191454092,3531.0392305272703,0.9765260541044314,11054,64,23853.73667216228,-0.023022869164459222,0.05643531491892105,97.69771308355408,10237.170040275283,100.43729998502583,0
flashbots-c1000,451,10000,0.85239610370996,-0.8454315171794065,0.8454315171794065,0.00696458653055354,106408.86535506493,1695.1844563034874,0.9843189551246099,5274,55,21700.926526216772,-0.02476696340638412,0.09841879098359342,97.52330365936159,10256.664804588167,115.67576703159847,0
flashbots-c1000,452,10000,1.5949041537740494,-1.5910314529103289,1.5910314529103289,0.0038727008637204907,143989.19445500267,1881.567000298305,0.9871011367766469,8312,97,33091.98158325537,-0.011367843891850669,0.16187398538581563,98.86321561081493,10005.197924335547,66.93526093106411,0
flashbots-c1000,453,10000,2.6718586269912428,-2.6683007685115,2.6683007685115,0.0035578584797426593,235552.6917016489,3386.1517797353945,0.9858283746150331,10292,154,55176.162728594914,0.014596200525809877,0.10553452900989611,101.45962005258099,9913.566366178526,69.62910628954926,0
flashbots-c1000,454,10000,0.46101643255399727,-0.4596777333692046,0.4596777333692046,0.00133869918479268,63273.73111609877,890.8884241473324,0.9861155816004092,5316,31,9195.846674907318,0.0032079472460097235,0.11185545739933075,100.32079472460097,9934.861220681038,48.609308582368236,0
flashbots-c1000,455,10000,3.081623122141254,-3.0890344497655633,3.0890344497655633,-0.007411327624309294,160575.00777865254,2063.0633273039216,0.9873150037179188,6954,115,43236.27519780267,-0.011868749945838175,0.3688971225651301,98.81312500541618,10039.026170738678,68.55504131725361,0
flashbots-c1000,456,10000,1.1650244381611645,-1.1624815822815435,1.1624815822815435,0.0025428558796209977,131003.01719830296,335.80330550642077,0.9974432288624316,5211,71,28242.90734608424,-0.014717399477803922,0.07045050488563362,98.52826005221961,10145.903826467931,105.73620594054768,0
flashbots-c1000,457,10000,2.9769810841179973,-2.9756025562228956,2.9756025562228956,0.0013785278951017332,297191.9818181188,2719.849250011344,0.9909311705366053,11861,183,71102.5143353406,0.0029785631522153723,0.08197975898984154,100.29785631522154,9981.841322295279,85.0943379522687,0
flashbots-c1000,458,10000,1.0043160816521772,-1.0024841675972027,1.0024841675972027,0.001831914054974515,157135.7741816079,3178.130347688237,0.9801755789242382,10679,71,23851.644936400917,0.013771272444092233,0.08817744042114568,101.37712724440922,10018.357938958421,58.4527547431518,0
flashbots-c1000,459,10000,1.1819850967583663,-1.1790209867816088,1.1790209867816088,0.0029641099767574453,97940.74268975615,1233.487921328201,0.9875624150172098,4338,70,21171.379943391166,0.013809371287429855,0.15859786922571417,101.38093712874299,9815.810174179041,54.759180549935586,0
flashbots-c1000,460,10000,1.249265822387628,-1.2453928545590998,1.2453928545590998,0.0038729678285283065,150046.30805718224,1602.3686861221506,0.9894336784168946,9130,82,30257.30947092549,0.009223173582193312,0.11664838301728736,100.92231735821933,9887.914841182093,80.3890781604229,0
flashbots-c1000,461,10000,0.5934492484055746,-0.5881153198853895,0.5881153198853895,0.005333928520185105,92486.06075648133,821.1473367796073,0.9911995294515845,6663,44,16096.277974967512,-0.02169759341547902,0.055345128222268725,97.8302406584521,10226.144534724397,107.07658468719652,0
flashbots-c1000,462,10000,2.7697301424434495,-2.7682303715583885,2.7682303715583885,0.0014997708850610358,277606.494975606,1050.7472795922702,0.9962292482654014,11574,144,59525.61218045206,-0.010045816563789459,0.16531900214856107,98.99541834362105,10113.616003635549,104.15971191181474,0
flashbots-c1000,463,10000,0.40550968766521517,-0.4042804891231526,0.4042804891231526,0.0012291985420625484,82380.67320726406,386.3670582261094,0.9953318729655335,6525,27,10219.015558812429,0.009616462701123539,0.0629884169557262,100.96164627011235,9902.932720777648,99.54678831296937,0
flashbots-c1000,464,10000,0.6273257428357565,-0.6260006479360527,0.6260006479360527,0.0013250948997037826,117273.72776107099,1544.7101623099004,0.9869994069160715,8341,48,16418.15283899467,0.010925404339687361,0.05557409904014264,101.09254043396874,9912.554950663776,95.88776045030315,0
flashbots-c1000,465,10000,1.8080857089597628,-1.8002033388585232,1.8002033388585232,0.0078823701012396,184000.33745322816,1857.5043248290424,0.9900057791102127,7043,102,42490.35742350176,0.027724807203829444,0.15678805860166534,102.77248072038294,9714.130961203438,97.65309966561432,0
flashbots-c1000,466,10000,1.5348808209578761,-1.5285625690662528,1.5285625690662528,0.006318251891623383,130528.48837796942,1453.0358521056103,0.9889906116740049,5418,84,32338.051512525268,0.02782970875826621,0.11338513158157952,102.78297087582662,9790.921781860006,75.03875251009258,0
flashbots-c1000,467,10000,0.5998091043372046,-0.598490851291615,0.598490851291615,0.0013182530455896346,79126.71335935353,188.22579023892837,0.9976268557694544,4280,36,14042.998122619867,-0.010773806763141635,0.08109399894061525,98.92261932368584,10106.344096396482,101.77994543370228,0
flashbots-c1000,468,10000,1.0924233258921712,-1.091856220540535,1.091856220540535,0.0005671053516360658,114725.98260337877,618.161285213406,0.99464072241231,5517,67,26252.05438606916,0.008899481548334335,0.09828379519630431,100.88994815483343,9906.971203729156,103.89632848176089,0
flashbots-c1000,469,10000,0.6990354866144246,-0.6922366541577389,0.6922366541577389,0.006798832456685666,81536.97715119713,1883.1208487678246,0.977426053266341,5820,43,15986.687038195885,-0.027717392366621425,0.10561130287058376,97.22826076333786,10165.276296433036,91.26349732777008,0
flashbots-c1000,470,10000,0.6030021202113086,-0.6019440824131266,0.6019440824131266,0.0010580377981820321,98488.88483206337,1760.1254869044349,0.9824424652043532,6781,41,16132.65205640382,-0.006810650633429418,0.08341632573283192,99.31893493665706,10031.593012961921,132.9398925875566,0
flashbots-c1000,471,10000,0.5218790779264753,-0.5199048556332286,0.5199048556332286,0.001974222293246619,85420.70256676312,1532.1727629282054,0.9823792743239507,6366,41,12084.498264747886,-0.015553888865568695,0.0671410756034129,98.44461111344313,10095.820563364785,65.47061976477148,0
flashbots-c1000,472,10000,2.7607569205870357,-2.7617022125359085,2.7617022125359085,-0.0009452919488728284,158307.80480763825,1662.9454616116734,0.9896046904899006,7400,100,36714.469759199405,-0.008497627230634918,0.2605342413078705,99.15023727693651,10057.787579317735,79.49324905523362,0
flashbots-c1000,473,10000,2.0475262085770907,-2.046120586315368,2.046120586315368,0.0014056222617226943,214488.41213814373,2433.741631084876,0.9887805759402795,10101,125,45628.78798773987,0.009389549160512302,0.11172908455049693,100.93895491605123,10021.573119562254,57.854180223578204,0
flashbots-c1000,474,10000,2.769747918807217,-2.7576227851027397,2.7576227851027397,0.012125133704477431,299011.4045254333,1948.7913882108273,0.9935247537226816,11155,160,66924.63071062638,-0.0317888512134823,0.10529566383209328,96.82111487865177,10373.186371198799,116.09748451979789,0
flashbots-c1000,475,10000,1.4575208999563039,-1.4537878482117321,1.4537878482117321,0.003733051744571725,114789.46565113141,1302.4154997433661,0.9887811663758749,7276,70,22979.05163686697,0.010247014447732994,0.22337962986647553,101.0247014447733,9882.22925902814,49.48173493297955,0
flashbots-c1000,476,10000,1.5023484856029794,-1.5014040666055735,1.5014040666055735,0.000944418997405938,220748.7927026738,3623.3078122257525,0.9838513442450697,11524,106,40221.421117409125,-0.00029833652378499667,0.07531894675613614,99.9701663476215,9984.886788121781,108.59601315210521,0
flashbots-c1000,477,10000,1.007039244462584,-1.0045375645998433,1.0045375645998433,0.0025016798627406356,147677.60249954616,2591.1768780504462,0.9827563856658521,8652,72,27733.235441209512,-0.01726881581175107,0.07218015540152109,98.2731184188249,10154.256601287736,109.38881867964473,0
flashbots-c1000,478,10000,1.2437942501948316,-1.2414779619848275,1.2414779619848275,0.0023162882100040694,91433.05185131969,1309.9392614672138,0.985875598298591,4337,76,22781.003214581164,-0.015070599826086379,0.1209895464143095,98.49294001739136,10042.405610796712,50.407565765424664,0
flashbots-c1000,479,10000,1.049601608875093,-1.0472284208598808,1.0472284208598808,0.0023731880152122464,119794.3774701325,2449.047703722591,0.9799658124742533,8636,58,19258.85608399173,0.006187787283935222,0.19375206170367362,100.61877872839352,10016.095535471937,72.52114921339496,0
flashbots-c1000,480,10000,1.646001026764705,-1.640100409097215,1.640100409097215,0.005900617667489838,203612.34981792409,1594.8637109657977,0.9922280329061568,10181,112,42812.63444531051,-0.023058966158901767,0.0658101443499632,97.69410338410982,10229.915222390197,101.69001240386267,0
flashbots-c1000,481,10000,0.7094107762564176,-0.7084531112907939,0.7084531112907939,0.0009576649656236613,176178.33854844622,2239.795024949769,0.9874463711726456,11513,56,22374.41990789234,0.009402264266546468,0.05029184083158725,100.94022642665465,9803.61480141567,146.35858597611372,0
flashbots-c1000,482,10000,1.3663241444099188,-1.368611153435893,1.368611153435893,-0.0022870090259741183,190319.5217390593,1972.675026587857,0.9897412632453723,9029,87,36381.61525829412,-0.006301294169569757,0.10461147382447067,99.36987058304302,10080.425694110776,159.33411335403972,0
flashbots-c1000,483,10000,1.464368508938003,-1.4574690416980616,1.4574690416980616,0.0068994672399413925,90474.0001461087,1021.2170365705417,0.988838574648863,4013,48,21027.620247339786,-0.005980226289202904,0.22473315275204273,99.40197737107971,10037.070222184093,92.25154665532128,0
flashbots-c1000,484,10000,1.202628448043971,-1.1951305262103062,1.1951305262103062,0.007497921833664822,155419.58566970442,2696.8190647428223,0.9829440906573099,11332,81,25511.725786082043,0.022935768166570655,0.11618468710274442,102.29357681665707,9819.357717748042,108.23916588867387,0
flashbots-c1000,485,10000,1.1674500604971871,-1.1652369789813406,1.1652369789813406,0.002213081515846538,152527.23565231936,2100.8180865258983,0.9864137325942548,7371,72,30063.669234461504,-0.013238902930781081,0.0778423138350749,98.67610970692189,10132.064048643242,119.5297720697439,0
flashbots-c1000,486,10000,1.215969307669342,-1.210127256971873,1.210127256971873,0.0058420506974690145,106445.37914300783,816.26579688343,0.9923899563787144,4620,74,26249.473871844224,-0.024641928476856093,0.08951569435408971,97.53580715231439,10207.249848377758,77.7629685280421,0
flashbots-c1000,487,10000,0.9272227524490918,-0.9300468130035142,0.9300468130035142,-0.002824060554422414,122727.9332635654,1390.7492816684628,0.9887950044816047,4568,66,29240.574969844052,-0.0026853747933613193,0.05314007321821137,99.73146252066387,9970.11033572677,172.84417558901163,0
flashbots-c1000,488,10000,1.3059278197267623,-1.303928678550335,1.303928678550335,0.0019991411764272993,162882.8094287896,1987.9519077163527,0.9879423622988016,7936,83,34534.44120306457,-0.013354881870261579,0.08587458519432971,98.66451181297384,10076.62195249565,122.67048292464139,0
flashbots-c1000,489,10000,2.0619377064905686,-2.0620912046217654,2.0620912046217654,-0.00015349813119680533,193403.0920973864,1098.9058452985423,0.9943501565180715,6846,117,48744.5086106954,-0.002035431673087942,0.1484519235062558,99.7964568326912,10040.820616536339,119.25194359041714,0
flashbots-c1000,490,10000,0.9240920170241499,-0.9228044740229961,0.9228044740229961,0.0012875430011537459,125406.25856665958,1630.7459546160683,0.9871632209783178,6666,61,22998.498961072477,-0.01016913364632373,0.07580711300222646,98.98308663536763,10095.074001868004,97.31936629640732,0
flashbots-c1000,491,10000,2.987230004527036,-2.9851590941889867,2.9851590941889867,0.002070910338049181,274938.84427137976,2748.9582734686715,0.9901005436743132,11069,166,62400.798391261626,-0.013297711609161524,0.14704257980642155,98.67022883908385,10108.806599205847,79.77451593859573,0
flashbots-c1000,492,10000,0.7752240307191047,-0.7763576516130115,0.7763576516130115,-0.0011336208939067838,118563.94696034338,1661.1073068669245,0.9861833515735,5988,58,21816.940611696766,0.005071012530375469,0.06957534269678078,100.50710125303755,9962.418936932081,121.66367939265241,0
flashbots-c1000,493,10000,2.445456146296376,-2.4399862133097088,2.4399862133097088,0.005469932986667203,172521.63754538848,1830.5753634506589,0.9895007047349162,10148,135,37900.90052070544,-0.030770619889026563,0.2900376994537413,96.92293801109734,10216.806547180011,40.56523644849904,0
flashbots-c1000,494,10000,0.7429272558214775,-0.7408825699019133,0.7408825699019133,0.002044685919564193,96732.90249608006,1749.9668284971817,0.9822307489566567,7905,46,15270.831349708355,0.0027447918357736967,0.15330188699725397,100.27447918357737,10038.28179965893,62.51250639959682,0
flashbots-c1000,495,10000,1.703693914649096,-1.7047391207200917,1.7047391207200917,-0.0010452060709957856,151578.88595803894,1853.4628177540433,0.9879199997096931,8072,79,30916.219819702037,0.000021305409978253918,0.1839012149462711,100.00213054099783,9993.31723451074,93.3622555485158,0
flashbots-c1000,496,10000,1.4371590661222937,-1.4356478119212568,1.4356478119212568,0.0015112542010369268,147858.27400337218,2332.0334433236953,0.9844728099770929,7226,96,30866.480984666177,0.00020607051862967296,0.07777209061265054,100.02060705186297,10027.841060582019,63.81967609577817,0
flashbots-c1000,497,10000,1.1502292762223514,-1.1368118711256443,1.1368118711256443,0.01341740509670708,140967.94219657232,1655.8723210472965,0.9883899310458932,7789,63,26503.826950397117,-0.029043812152289378,0.10525688497996213,97.09561878477106,10466.67348369245,142.06103934942544,0
flashbots-c1000,498,10000,0.479906457664259,-0.47805900279638536,0.47805900279638536,0.0018474548678736324,129914.47766232207,2390.153484341706,0.9819344684790955,10537,40,13780.4495592608,-0.009835138055677674,0.05522821957286553,99.01648619443223,10092.408956101135,95.30359048196318,0
flashbots-c1000,499,10000,0.4473773988341196,-0.44500411053826383,0.44500411053826383,0.0023732882958557577,85085.98234834932,1126.420748977401,0.9869343538921451,6384,35,12016.138264047804,0.013060554447983605,0.04757133725284134,101.30605544479836,9893.368904286646,87.47165406845828,0
flashbots-c1000,500,10000,2.118678035365171,-2.1123519760809586,2.1123519760809586,0.00632605928421226,199900.4205286365,1499.306003100732,0.9925555708097524,7316,121,48454.107143534064,0.024464843652057765,0.09769136585708153,102.44648436520578,9757.328731437065,108.87813137566569,0
flashbots-c1000,501,10000,2.0028769231741848,-1.9959442428942111,1.9959442428942111,0.006932680279973624,152581.5284089829,1128.178950432202,0.9926603272505476,5406,86,36727.62371862211,-0.025191848800942152,0.1992088613269945,97.48081511990578,10271.746470792039,99.87699805983084,0
flashbots-c1000,502,10000,2.355063451188395,-2.3539340334284304,2.3539340334284304,0.0011294177599645572,187541.6823113097,1936.242260597372,0.9897811723187702,8836,128,42619.99328832771,0.013403518075641899,0.20168660411403394,101.34035180756419,9983.84333473452,75.81893143355069,0
flashbots-c1000,503,10000,0.5525818991613035,-0.5516892440288075,0.5516892440288075,0.0008926551324960341,122112.28796801971,2390.889155773772,0.9807965610917985,8310,45,15785.053622080834,0.008707985926391331,0.04686566349544734,100.87079859263913,9921.693726833299,97.94582952960913,0
flashbots-c1000,504,10000,3.566631102636115,-3.560867828057951,3.560867828057951,0.005763274578163724,311134.88465489115,3307.707605436283,0.9894807265718704,11289,214,80524.26115131588,0.012947100261211944,0.09931095825205773,101.2947100261212,9961.73802269923,67.85407064680061,0
flashbots-c1000,505,10000,0.21205084021721438,-0.20570212140933108,0.20570212140933108,0.006348718807883291,57647.068947184,1241.4303494054982,0.978918967808076,4347,15,5735.135462891172,-0.026334091547497423,0.05775585988232493,97.36659084525026,10078.167707467386,80.97984172022159,0
flashbots-c1000,506,10000,0.627580255116078,-0.6272577181820793,0.6272577181820793,0.0003225369339986406,145719.41418444226,2055.18123954699,0.9860924590343126,10064,49,19792.38438784078,0.004173346258943269,0.06494765387986945,100.41733462589433,9887.09512237482,125.3239000523486,0
flashbots-c1000,507,10000,0.5862645792015982,-0.585250638220316,0.585250638220316,0.0010139409812822686,98054.67660498843,1304.4156732733359,0.9868717029980484,5689,44,16082.970456394192,-0.014248790602062513,0.05722637367785765,98.57512093979375,10139.077914210136,116.76323549341127,0
flashbots-c1000,508,10000,1.5847598223086328,-1.5796990498872105,1.5796990498872105,0.005060772421422222,208052.49299980307,815.8044459653178,0.9960941681627048,10495,102,38043.919231598455,0.02234715437593863,0.1139939828592273,102.23471543759386,9799.46397594909,95.07703668238047,0
flashbots-c1000,509,10000,2.8657123928366897,-2.8629828708268406,2.8629828708268406,0.0027295220098491058,261203.44183200697,3818.1489003163656,0.9855930647394959,11028,156,59039.600719636925,-0.016173123515834647,0.14895895433805578,98.38268764841654,10144.76385344981,93.67146644680534,0
flashbots-c1000,510,10000,2.0231894017300425,-2.0207219935377907,2.0207219935377907,0.0024674081922517743,190100.29297066038,2088.843549776754,0.9891313131033572,7569,116,44377.72374354496,0.006750848919672165,0.13620705393544014,100.67508489196722,9969.639659620356,87.51734843932982,0
flashbots-c1000,511,10000,1.8658857692177506,-1.8625959423096674,1.8625959423096674,0.0032898269080832154,220435.31120287807,2062.3209323104725,0.9907310432361931,11014,116,45820.975111860294,-0.01677977690468879,0.09752805903693115,98.32202230953112,10148.223076855626,103.86260754960776,0
flashbots-c1000,512,10000,0.9391381088435006,-0.9379326492236828,0.9379326492236828,0.0012054596198177725,149745.14439925138,2491.3368816986886,0.9836350862767186,10718,59,23082.41262941556,-0.00990531515715105,0.09385191679346178,99.0094684842849,10046.084904740936,90.71353089466925,0
flashbots-c1000,513,10000,3.742362268420791,-3.7314096099523226,3.7314096099523226,0.010952658468468268,265613.86439194536,2567.500918538471,0.9904262515944536,9994,208,67813.30552148857,-0.03537660893875525,0.1872466805476499,96.46233910612447,10161.698844604052,46.23435740383001,0
flashbots-c1000,514,10000,0.8687350342444771,-0.8624340291283943,0.8624340291283943,0.006301005116082781,148448.73108443076,2833.5104557612694,0.9812700391869293,9810,51,21788.49633251101,0.015490323763972072,0.12051636862925008,101.54903237639721,9741.393957917322,201.20910727615166,0
flashbots-c1000,515,10000,1.0950948364107256,-1.093591065382725,1.093591065382725,0.001503771028000589,147640.1494091641,1494.6940645765385,0.9899775664106308,8527,62,23022.465732705354,-0.008843033489157649,0.15111961391488207,99.11569665108424,10077.372543805022,85.3506831389895,0
flashbots-c1000,516,10000,1.8166267676590366,-1.8181638830150746,1.8181638830150746,-0.0015371153560379547,152808.36584821192,1199.516519906026,0.9922113303458139,6847,106,33702.54595948259,-0.0000013086714012899847,0.16690604552794425,99.99986913285987,9973.28883066372,36.74187400178701,0
flashbots-c1000,517,10000,4.225076716914387,-4.2265933006054865,4.2265933006054865,-0.0015165836910995267,240561.84127584015,1758.637495807204,0.9927425139438402,10170,204,63559.21805209835,0.000004458822504460613,0.22902192115851974,100.00044588225045,10206.521334469635,33.76847659356618,0
flashbots-c1000,518,10000,1.9898991419192145,-1.9889645720551243,1.9889645720551243,0.000934569864090129,116760.03282192854,1207.3199299651512,0.9897656436140908,4239,98,36859.64932100697,-0.0008140348030944722,0.13913301968328157,99.91859651969055,10020.709925291614,72.43327741346008,0
flashbots-c1000,519,10000,3.191820218082578,-3.1896824377982966,3.1896824377982966,0.0021377802842814653,313158.14777653234,952.2184985914906,0.9969685225295701,11722,178,73531.77931774691,0.012573221359319575,0.1271007776391481,101.25732213593196,9869.080815997035,105.0759677992,0
flashbots-c1000,520,10000,1.4262533864602058,-1.4183134494211345,1.4183134494211345,0.007939937039071365,214671.37286516157,2993.7968629177303,0.9862458616293193,9954,81,37888.86023316532,-0.024889398320490273,0.09388216357927077,97.51106016795097,10183.004028003632,138.28744481730243,0
flashbots-c1000,521,10000,0.22293405523013343,-0.22031125938974583,0.22031125938974583,0.002622795840387604,63216.453209932486,929.5464394957006,0.9855088946376099,4964,20,7857.796306302474,0.02010957947167242,0.037344019991143826,102.01095794716724,9792.272310233091,111.02052442371586,0
flashbots-c1000,522,10000,0.6515029864201524,-0.6501186021698118,0.6501186021698118,0.0013843842503405979,104469.07983731209,1142.66396244802,0.989180521774032,6721,45,16965.285537450167,-0.010240775154776713,0.07518018968970268,98.97592248452233,10076.52436488523,94.86528978636358,0
flashbots-c1000,523,10000,0.36683641635554626,-0.36306257670850073,0.36306257670850073,0.0037738396470455293,104723.78569232975,2043.0952684612898,0.9808639603398025,7491,30,10919.26479039619,0.018608426807830654,0.04348366074948231,101.86084268078307,9774.239672384012,112.16467383836296,0
flashbots-c1000,524,10000,2.04156822628911,-2.040031245171491,2.040031245171491,0.0015369811176189074,112440.04414721038,1847.1551864692615,0.9838376021353346,4719,77,29414.012611409882,0.022815467240865674,0.17950969701952574,102.28154672408657,9937.56845385024,60.93384366556086,0
flashbots-c1000,525,10000,0.8768940891692243,-0.8710670090139843,0.8710670090139843,0.0058270801552400275,110398.97212567623,1767.9044081581578,0.984238623176559,5883,53,19846.627215235392,0.022619675719893307,0.07957712643636086,102.26196757198933,9805.9745372846,103.88130537616819,0
flashbots-c1000,526,10000,0.7781680031811495,-0.7784672084060844,0.7784672084060844,-0.0002992052249348731,134767.87260326868,3639.952720602896,0.9737012505464523,10808,52,19221.008474501967,0.006216307696394807,0.09104621772494369,100.62163076963948,9980.663987214222,104.74560557098565,0
flashbots-c1000,527,10000,0.6488313047600892,-0.6466157556944836,0.6466157556944836,0.0022155490656056154,99521.94132425248,2215.005290011593,0.9782281131513628,6599,46,16286.119127907055,0.008765244036624865,0.05526460148599739,100.87652440366249,9974.562171989044,81.35558103079696,0
flashbots-c1000,528,10000,1.0740328141914772,-1.0715730221024842,1.0715730221024842,0.0024597920889930514,155109.05348760795,2461.357261343674,0.9843793181115379,9521,75,26520.462089346227,-0.009169876372032775,0.09676318482684096,99.08301236279672,10132.366515387319,89.07469559322297,0
flashbots-c1000,529,10000,0.6706932796771957,-0.6635582868920551,0.6635582868920551,0.007134992785140626,76148.17108137859,626.9166210382884,0.9918343744071223,4064,49,17831.782421056167,0.026425440519480644,0.05717548167308223,102.64254405194806,9727.47233287377,100.28336618752037,0
flashbots-c1000,530,10000,1.6890359326724123,-1.6839630881227663,1.6839630881227663,0.005072844549645961,148952.2710787507,1373.2315766037505,0.9908649460514222,5383,101,36774.58612581844,-0.02428568085364816,0.0930657739105456,97.57143191463518,10261.46442405277,101.69769729782128,0
flashbots-c1000,531,10000,2.0969449275813017,-2.0962675165983455,2.0962675165983455,0.0006774109829561503,231586.75377592962,1715.545364348485,0.9926466847061932,10676,115,46067.49411486504,-0.007990138457144837,0.17388900183844527,99.20098615428552,10059.562651104083,110.13111417837389,0
flashbots-c1000,532,10000,1.0764015706197851,-1.0740703222210186,1.0740703222210186,0.002331248398766528,168407.69282940897,2754.0313798952684,0.9839097707585166,9477,74,29044.33206159098,-0.016784144857542743,0.07842742378212776,98.32158551424573,10186.2727963866,124.74795167451322,0
flashbots-c1000,533,10000,0.7718624064267984,-0.7739727119703446,0.7739727119703446,-0.002110305543546187,109367.41416892267,1392.636157619562,0.9874265481686421,6806,48,17736.17090461094,0.004735442810419812,0.12789882666566627,100.47354428104198,9821.99929389609,142.7729189741036,0
flashbots-c1000,534,10000,3.0014452636166755,-3.0058554894139036,3.0058554894139036,-0.004410225797228051,135211.8111459666,1619.010927007382,0.9881677906886802,6812,136,35607.38779201355,-0.0048737415360379545,0.31278453068612605,99.5126258463962,9965.250020105412,33.98897758375087,0
flashbots-c1000,535,10000,1.506712732921208,-1.5007345955033315,1.5007345955033315,0.00597813741787645,88973.45065346098,1036.3372073047024,0.9884863942918319,5178,94,21423.870689775973,-0.036630964714788945,0.15935342122311083,96.3369035285211,10093.244231367924,17.266303552170353,0
flashbots-c1000,536,10000,1.1055107206444237,-1.1048077059409707,1.1048077059409707,0.0007030147034530199,134538.2607008619,1193.3166817275026,0.9912082604156004,9460,58,22401.604183265157,-0.0005058547712246764,0.15052432293031628,99.94941452287753,10014.099178871984,85.9329445092417,0
flashbots-c1000,537,10000,0.9037713292808406,-0.9020995894133534,0.9020995894133534,0.001671739867487143,127251.07918504342,1536.4856787964038,0.9880696115310446,7614,69,23125.173685713697,-0.00004447614117495391,0.06575991436520467,99.9955523858825,9985.943255813578,86.57890930611123,0
flashbots-c1000,538,10000,1.195281572579059,-1.1898527016235505,1.1898527016235505,0.005428870955508591,101891.71277333095,722.0142643925346,0.9929637653242328,3998,62,24286.930236380667,0.022028643253419487,0.11308577844828491,102.20286432534195,9888.679870694616,64.3198757310599,0
flashbots-c1000,539,10000,0.9238839341094616,-0.9150853299547634,0.9150853299547634,0.00879860415469813,111068.26601085663,1423.0752837281661,0.9873494682581702,4985,62,22208.59748583517,-0.027345502142729856,0.07521084189643275,97.26544978572701,10288.493134686556,106.7799829552167,0
flashbots-c1000,540,10000,2.624869013760749,-2.6228941239986057,2.6228941239986057,0.001974889762143217,235581.7960182796,1772.2067151935034,0.992533487134053,9798,139,55839.557218969705,-0.00620938884388579,0.1923399639952352,99.37906111561142,10100.689513662686,90.5869240700577,0
flashbots-c1000,541,10000,1.55344191584921,-1.5485379882566974,1.5485379882566974,0.00490392759251268,103195.86252321239,799.4790201027481,0.9923123573783373,4033,84,28627.51085050102,0.025778176968007074,0.14126566713134564,102.57781769680071,9888.116845256236,42.0996734967568,0
flashbots-c1000,542,10000,1.1671784890859858,-1.1631177515182003,1.1631177515182003,0.004060737567785466,172334.90858530626,2168.146905052465,0.9875753069253721,10328,74,29478.447754635694,-0.018355481149765752,0.0891148592085429,98.16445188502342,10178.600781932882,99.12963906929552,0
flashbots-c1000,543,10000,0.6385464913771427,-0.6383340670981283,0.6383340670981283,0.000212424279014356,81813.64493538208,1124.9725572886325,0.9864360825958058,4672,38,15252.136437701094,-0.005853931459624135,0.07346013361506465,99.41460685403759,10009.435014999013,82.93519514019627,0
flashbots-c1000,544,10000,2.25998697575064,-2.257421567191045,2.257421567191045,0.0025654085595947507,192570.13543539165,2466.5665803762427,0.987353320914046,7723,117,46668.579728279634,-0.028310186194283774,0.13544101134024714,97.16898138057162,10260.75538804748,83.85583403727492,0
flashbots-c1000,545,10000,2.4289430123939564,-2.426413648607479,2.426413648607479,0.00252936378647739,252365.51067378873,1187.5449548754007,0.9953163847624278,11735,157,58099.173560259456,-0.013841516872195854,0.09339881496327976,98.61584831278041,10129.686055546,93.23300619833327,0
flashbots-c1000,546,10000,1.0838143677822287,-1.085181640844155,1.085181640844155,-0.0013672730619262996,222686.2807258331,2034.0589491227176,0.9909484875642994,11642,80,35626.83712407863,-0.004628876628452758,0.06396322688977804,99.53711233715472,10320.559494912408,305.13540527244663,0
flashbots-c1000,547,10000,0.6985155637006767,-0.697980568844855,0.697980568844855,0.0005349948558216466,127733.07912538767,2125.6687505669006,0.9836309160119316,7882,50,17914.011453249743,-0.0024441386355852045,0.0967433612272201,99.75558613644148,10040.64208520904,98.21059136074548,0
flashbots-c1000,548,10000,0.5453388006358808,-0.5437775226222357,0.5437775226222357,0.0015612780136451399,109037.70407888052,1428.9752739888672,0.9870641963498856,4971,41,16846.348142096926,-0.010949057856733191,0.04650203107107487,98.90509421432668,10146.53224345361,159.14265862726558,0
flashbots-c1000,549,10000,0.4445226191880828,-0.443710833265186,0.443710833265186,0.0008117859228967683,70318.7180284642,1690.4913048198437,0.9765239568595225,5510,20,8563.547163261277,0.0012170668150416474,0.13444562518570763,100.12170668150416,9975.28177305242,101.7972663837582,0
flashbots-c1000,550,10000,0.9597309906710165,-0.9585589441195452,0.9585589441195452,0.0011720465514712952,130608.13275149024,1484.1077376604815,0.9887646107586283,5524,67,28552.64096184691,-0.0031448877485208016,0.05653374291709298,99.68551122514792,10085.54490083184,130.97145669698696,0
flashbots-c1000,551,10000,2.148243280330535,-2.1429828542163705,2.1429828542163705,0.0052604261141646624,160310.6642818581,1357.2886794818012,0.9916044667194718,6955,99,36766.22218485397,-0.0331015310873623,0.21808593675630816,96.68984689126377,10296.56155357819,68.6646416531645,0
flashbots-c1000,552,10000,0.7557961689321229,-0.7529884883099385,0.7529884883099385,0.002807680622184394,86326.01738822571,1342.8678427701775,0.9846825034990248,5047,52,16270.592164472162,-0.019335717979937782,0.06602723298438719,98.06642820200622,10083.019811715161,55.18647110103805,0
flashbots-c1000,553,10000,1.0440025357847476,-1.0426172887497955,1.0426172887497955,0.0013852470349520196,178237.42500873143,3371.5796086719765,0.9814349535378221,9378,76,29024.54971136955,0.010804680142696128,0.06248864273431295,101.08046801426961,9878.350105079971,101.98080623911477,0
flashbots-c1000,554,10000,2.0619425712294976,-2.0599662836953314,2.0599662836953314,0.0019762875341662323,156435.7864963301,2065.794737110397,0.986966724741579,6571,122,40169.933269487505,-0.0024359116908787824,0.1145105267963747,99.75640883091212,9960.575178659928,39.7306217339827,0
flashbots-c1000,555,10000,1.4596412236722813,-1.4668369027442054,1.4668369027442054,-0.007195679071924088,119938.13886284057,1947.4357127636983,0.9840224266116436,6466,67,25741.05639227562,0.003615390269752936,0.23376245949656152,100.3615390269753,9986.093649229677,99.0478883338801,0
flashbots-c1000,556,10000,0.6122534920105718,-0.6145647905352689,0.6145647905352689,-0.0023112985246971363,144504.62805801592,2327.8756010990514,0.9841460470734503,9748,52,21761.714314235993,0.0028613648920949686,0.036421279514885614,100.2861364892095,9998.732111436619,202.7625046711033,0
flashbots-c1000,557,10000,1.3666861391302023,-1.366724441428829,1.366724441428829,-0.00003830229862678003,187333.69486543446,2577.7424981554454,0.9864266074021635,11576,93,32459.449370769,-0.007824747760375032,0.08589664716501176,99.2175252239625,10083.962426365648,106.7344285451224,0
flashbots-c1000,558,10000,1.0041120462445967,-1.0030321857630042,1.0030321857630042,0.0010798604815924762,145245.69779548756,1368.0622349086477,0.9906689369768226,8550,63,25704.021380206214,-0.0047654156810271785,0.07476844964490255,99.52345843189728,10038.52334958182,116.09850474915106,0
flashbots-c1000,559,10000,4.286426721058239,-4.275868263882614,4.275868263882614,0.01055845717562498,274897.13258276135,1970.732425037834,0.9928820470913722,10999,217,72910.40502456692,0.03324343662208506,0.15188285491951745,103.3243436622085,9747.700638048567,69.45967769035484,0
flashbots-c1000,560,10000,1.0458556025430252,-1.0411381916541131,1.0411381916541131,0.004717410888912088,113955.90137393483,1479.2551072046524,0.9871854021573893,5158,58,22389.450084217573,-0.021729088830767438,0.11738328691937426,97.82709111692326,10227.368607017102,85.91916807170469,0
flashbots-c1000,561,10000,0.85364197398424,-0.8497081873003935,0.8497081873003935,0.003933786683846474,107966.20437557969,1317.6700386581272,0.987942685545138,7112,51,18460.326774547233,-0.017459812410365316,0.11185220181304871,98.25401875896347,10087.30098307689,72.1248658647297,0
flashbots-c1000,562,10000,1.0407008693052886,-1.038913438902739,1.038913438902739,0.0017874304025495835,147548.4839425126,28.166585603057776,0.999809139281165,7816,73,27045.619744708056,-0.011792806566890732,0.06816711965484729,98.82071934331093,10118.476257205893,99.63677897888302,0
flashbots-c1000,563,10000,1.7746623596111102,-1.773076073120194,1.773076073120194,0.001586286490916189,180221.99788694203,453.9104875442646,0.9974877088393909,7846,112,42710.835335733755,-0.010073975950395634,0.11262260507175441,98.99260240496044,10094.475131296194,95.99120198730567,0
flashbots-c1000,564,10000,2.903513533553495,-2.90234531022395,2.90234531022395,0.0011682233295449151,243467.45160494876,409.65600540199335,0.9983202359195743,10581,128,53086.62278910961,-0.007536016222074693,0.2102398407125115,99.24639837779253,10074.725173566909,98.954955671467,0
flashbots-c1000,565,10000,2.11272174325218,-2.114035778536561,2.114035778536561,-0.00131403528438101,196451.65919413033,1819.996231562013,0.9908206938220471,7411,103,45833.666870210334,0.00631122726838143,0.13886091300863854,100.63112272683814,9937.07838844933,218.39122965706557,0
flashbots-c1000,566,10000,1.1769335024683805,-1.1722850058063727,1.1722850058063727,0.004648496662007728,143728.45002187518,1546.1750099707772,0.9893568817704272,6782,73,28002.788637362948,0.0176355491437009,0.1009312272635026,101.76355491437009,9818.532429944913,109.61850464730547,0
flashbots-c1000,567,10000,2.471222342754542,-2.4656339339528586,2.4656339339528586,0.005588408801683542,218129.93898280745,1957.2507185391548,0.9911069302979647,10399,144,47047.72738136328,-0.020940142104523007,0.11867500987484818,97.9059857895477,10105.094088627327,51.24606829775438,0
flashbots-c1000,568,10000,0.7338496876739298,-0.7321244452357973,0.7321244452357973,0.001725242438132435,122629.89749388803,1610.0862079463488,0.9870405149777673,9689,53,20017.534581367814,-0.011945431583641124,0.05857781805595195,98.80545684163589,10113.536492424715,112.53721362883763,0
flashbots-c1000,569,10000,2.9017534553011277,-2.8989732323244652,2.8989732323244652,0.002780222976662472,254598.88632976566,418.2031775835553,0.9983600974413462,9184,146,61543.36334734076,-0.015102370297647952,0.11864497233047246,98.4897629702352,10168.246704111625,102.45326020043706,0
flashbots-c1000,570,10000,3.965285488128272,-3.954105552099776,3.954105552099776,0.011179936028496318,245534.05126093767,1806.5414428585589,0.9926961384578633,9374,211,65832.93877714689,-0.04723777088076034,0.17882560735557917,95.27622291192397,10081.761346949603,45.819512705477635,0
flashbots-c1000,571,10000,4.0786039466783635,-4.07769797604098,4.07769797604098,0.000905970637383291,286617.7988486545,2062.24751501319,0.9928562866017582,11601,221,75783.06189803164,0.006616568372222531,0.13160847671195172,100.66165683722225,9922.662820166524,67.94677806911939,0
flashbots-c1000,572,10000,0.8684759538358676,-0.8631346735749048,0.8631346735749048,0.005341280260962811,87822.89308300383,1433.8475968810474,0.9839356939771812,5147,60,19493.582242034197,-0.026078084347976614,0.07509751876390452,97.39219156520234,10174.900609669641,61.81167045016577,0
flashbots-c1000,573,10000,2.239624035723349,-2.2403276823903866,2.2403276823903866,-0.0007036466670378161,188680.72868791607,1935.2124900977794,0.9898475831657202,11136,136,40828.479789559875,-0.009489474282786575,0.12795940699439498,99.05105257172134,10062.657673505764,51.63776651458527,0
flashbots-c1000,574,10000,1.3033376408771629,-1.3031958356229438,1.3031958356229438,0.00014180525421902956,171781.14718289237,1755.9241144614634,0.9898815618972115,6957,71,34358.827006850595,0.005794212334415505,0.1197306543093336,100.57942123344155,9942.883479053995,167.5473347110451,0
flashbots-c1000,575,10000,2.2084159669589254,-2.2059135199918956,2.2059135199918956,0.0025024469670298366,247779.66649713856,2282.8612609816896,0.9908708382601418,11534,137,52219.63428603654,0.015110726755510057,0.08496215080885776,101.511072675551,9885.00245686767,88.1459098851723,0
flashbots-c1000,576,10000,2.4969534264540703,-2.495524958562328,2.495524958562328,0.0014284678917424465,217613.8703604067,3293.370080335756,0.9850916154954223,11101,130,50178.49421846308,-0.012977846024022171,0.17315249141928887,98.70221539759778,10069.898486720098,83.24196392931401,0
flashbots-c1000,577,10000,0.7363871701691219,-0.732540084455394,0.732540084455394,0.003847085713727938,69192.8476514774,702.3759892853558,0.989951015924989,4069,50,14921.527090231855,-0.02674023481375116,0.1043166514929105,97.32597651862488,10222.755062598977,44.438527779382895,0
flashbots-c1000,578,10000,1.927182204991888,-1.9259600304241644,1.9259600304241644,0.0012221745677236662,206434.84052368958,2796.828079519973,0.9866328644311301,11541,100,44051.942669369615,0.00829753212160611,0.1246308938777969,100.82975321216061,9910.914769839703,183.1108844988538,0
flashbots-c1000,579,10000,0.5679473065352928,-0.5679386003347417,0.5679386003347417,0.000008706200551045207,88954.55292325438,1452.0666721628434,0.9839384916872123,5122,43,16313.08738731476,-0.0010178920430284678,0.06099423909576984,99.89821079569715,10023.270040617363,143.8945402773289,0
flashbots-c1000,580,10000,1.113049438957225,-1.1108247440877221,1.1108247440877221,0.00222469486950283,164621.4824956464,2413.699057625615,0.9855497564334624,9162,73,28108.15607833068,-0.01650891401405403,0.08474833969711511,98.3491085985946,10249.614403534784,157.51798221163267,0
flashbots-c1000,581,10000,1.1016282736977372,-1.1021961877015656,1.1021961877015656,-0.0005679140038283848,97467.21691522692,2088.341278520229,0.9790233582493099,7793,63,16775.406803848095,0.009714276796451315,0.16855114602173188,100.97142767964513,9885.54689181987,27.90702266373063,0
flashbots-c1000,582,10000,1.0293095346486183,-1.027069873487278,1.027069873487278,0.002239661161340223,130981.49545013168,2084.8667890092966,0.9843321275645721,7125,71,23796.201780725067,-0.005385267165064818,0.08484394914392354,99.46147328349352,10062.77777785712,66.33948181015751,0
flashbots-c1000,583,10000,0.5148450248734501,-0.5138464327127394,0.5138464327127394,0.0009985921607106318,78471.35672279308,1075.63456017577,0.9864779981891526,5330,38,12280.632305354928,0.005850688009477949,0.06770342266668777,100.5850688009478,9938.246887008632,62.790361907341946,0
flashbots-c1000,584,10000,1.3994289235565045,-1.392321281392185,1.392321281392185,0.007107642164319472,216001.75109050676,252.85921379158492,0.9988307337659263,11771,102,37412.98691478432,0.025392841708629134,0.05814619446459915,102.53928417086291,9740.805126777084,102.45791525013938,0
flashbots-c1000,585,10000,0.385122680731074,-0.3841514533418149,0.3841514533418149,0.0009712273892590884,66046.8490157532,862.4259477651859,0.987110517215507,5167,32,9900.429593207542,-0.003379745705149162,0.058409939855306306,99.66202542948508,10004.995862704996,62.998818361584135,0
flashbots-c1000,586,10000,1.5438907372620931,-1.5437676582824338,1.5437676582824338,0.00012307897965935233,164579.650600472,1257.4677171148655,0.9924174531620433,6430,91,39388.02230752932,-0.006603791043839635,0.0877214478948315,99.33962089561604,9767.661169675292,135.47173399506005,0
flashbots-c1000,587,10000,1.0028994048444813,-1.0003083867366627,1.0003083867366627,0.002591018107818588,113871.82189286125,1341.9376062760334,0.9883526272199626,5403,64,23954.35649021093,0.017280477232135782,0.07810523317830075,101.72804772321358,9871.795973051347,79.6243781498357,0
flashbots-c1000,588,10000,0.8273948587002058,-0.8281682172151363,0.8281682172151363,-0.0007733585149305444,120659.42181473848,1783.060789581582,0.9854375642207155,6486,60,24802.318592146177,0.006746204744223974,0.07112165404406966,100.6746204744224,9840.958303334262,142.9535982638559,0
flashbots-c1000,589,10000,0.8206176172538917,-0.8193587291986546,0.8193587291986546,0.0012588880552371062,155534.49562088223,2410.028363249303,0.9847412983846694,11149,64,23666.33608827142,-0.00612869066388157,0.04750463208265927,99.38713093361184,10071.221140784606,104.12931698699431,0
flashbots-c1000,590,10000,1.6728437381533137,-1.6710966021048534,1.6710966021048534,0.0017471360484602183,202990.69347341536,1478.445805865014,0.9927693449922258,10237,106,40785.083225615934,-0.010082730644323589,0.13025558825325617,98.99172693556764,10100.017432455807,102.17605587213778,0
flashbots-c1000,591,10000,1.4764422724542428,-1.4623535687581466,1.4623535687581466,0.014088703696096161,178264.51946917543,1551.579123153931,0.9913713002600973,8024,91,36811.777079521045,0.030378251304985896,0.09860244354503919,103.03782513049859,9561.053187418142,170.94502230468575,0
flashbots-c1000,592,10000,2.356100219049296,-2.3558490122196645,2.3558490122196645,0.000251206829631645,218936.58291139532,1806.3327677027085,0.9918170294972065,9110,128,48477.810059203344,0.0023731945460683333,0.13322145699768284,100.23731945460683,9988.371888222011,86.88299440932985,0
flashbots-c1000,593,10000,0.7096000469725228,-0.7072954205031579,0.7072954205031579,0.002304626469364912,86630.28250207717,1420.831335538096,0.9838635620424018,5070,47,18050.816031303093,0.013728554924504265,0.08461004320842974,101.37285549245043,9953.452983868947,127.52394978198895,0
flashbots-c1000,594,10000,1.0060036960997711,-1.0004675842326662,1.0004675842326662,0.005536111867104898,134543.7844268086,2698.9679277130867,0.9803343500373616,8858,71,21407.46660227539,0.030506101371234138,0.10810481400840231,103.05061013712341,9765.948288719985,40.779985185185986,0
flashbots-c1000,595,10000,0.8880093971246508,-0.8886398530613633,0.8886398530613633,-0.0006304559367125151,132824.00778390162,3271.579021547539,0.9759611674533993,9653,56,20173.851580205323,-0.0018262963417896572,0.1468412841100725,99.81737036582103,10097.079386358291,104.341102744763,0
flashbots-c1000,596,10000,1.2995763876189341,-1.2929867071861736,1.2929867071861736,0.006589680432760536,133613.48407520173,1436.3515916375168,0.9893642847875734,5453,71,28812.751165213103,-0.02705388876363443,0.1029901671224421,97.29461112363656,10276.873913194564,87.41606387806199,0
flashbots-c1000,597,10000,1.1928709313724237,-1.1932673612892017,1.1932673612892017,-0.0003964299167780183,195225.40506913056,2216.4406676176645,0.9887742101511102,10672,74,29821.104509708992,-0.0035726135409873904,0.11201768362553097,99.64273864590126,10023.62105861172,95.73666565786881,0
flashbots-c1000,598,10000,2.961358085154016,-2.9622539815017035,2.9622539815017035,-0.000895896347687497,288832.61425706267,2441.3328600879277,0.9916184304011714,11073,164,66002.9621577475,0.000533856127694321,0.12208770516985226,100.05338561276943,9980.917597634143,92.16854290901698,0
flashbots-c1000,599,10000,5.11931737203149,-5.114244931069777,5.114244931069777,0.005072440961712665,307075.106983643,2354.397692770291,0.9923911661390131,11335,223,88311.71893589653,-0.019793518013313475,0.2551306461993633,98.02064819866865,10187.85206233619,85.52272691216025,0
flashbots-c1000,600,10000,1.0950232606858719,-1.0916444063578012,1.0916444063578012,0.003378854328070613,95436.31228172805,1396.0137952054301,0.9855831843376736,4422,66,21822.138918756504,-0.006327029630532479,0.14060696845395512,99.36729703694675,10021.185925878297,53.75655396086622,0
flashbots-c1000,601,10000,1.0754409355396928,-1.0726043130900962,1.0726043130900962,0.002836622449596593,105663.51648388665,1082.707900962611,0.9898571784884947,4180,61,25492.047022378,0.014079786501806666,0.11028384870764213,101.40797865018067,9871.976410151723,110.0934412303796,0
flashbots-c1000,602,10000,0.9440487025820149,-0.9428115432897357,0.9428115432897357,0.0012371592922791885,140447.87921510465,1390.373886320447,0.9901974689061757,5514,61,26868.87654905857,0.01046539869336371,0.06029125633437246,101.04653986933637,9830.188876845785,126.13494630676568,0
flashbots-c1000,603,10000,1.189214501183446,-1.1868013131941666,1.1868013131941666,0.002413187989279475,156239.27744820088,2112.6706404965316,0.9866583855393231,8957,73,28333.576356291465,0.016025918567260787,0.08837222296879745,101.60259185672608,9834.741145330456,99.4759488368599,0
flashbots-c1000,604,10000,5.7744279529988995,-5.765347891977967,5.765347891977967,0.009080061020932284,273045.8474059076,2368.000647197475,0.9914020276615108,11755,221,71494.01959648951,-0.004830378364392942,0.5462082391752816,99.5169621635607,10057.563600023797,40.19395435154546,0
flashbots-c1000,605,10000,0.47844966207182027,-0.4781120795289553,0.4781120795289553,0.00033758254286497813,77230.10752557173,416.1549348824846,0.9946403738995881,4841,35,12634.142745070103,0.0005456527701170443,0.07618936735821222,100.0545652770117,9990.946762558915,102.41020392610012,0
flashbots-c1000,606,10000,0.2251628421863141,-0.2231461148169842,0.2231461148169842,0.002016727369329896,66819.46567651836,888.9588674708684,0.9868707790284897,4140,15,6641.226131306656,0.012765558818295233,0.05629553674743264,101.27655588182952,9811.029900349564,127.25552115746517,0
flashbots-c1000,607,10000,1.7532850361616918,-1.754408020710116,1.754408020710116,-0.0011229845484241885,176683.7714215291,1802.8473562658494,0.9898992576103967,7452,102,36943.208961727294,0.01468402485731005,0.1464225896780026,101.468402485731,9767.621721260568,122.22203561688673,0
flashbots-c1000,608,10000,1.1230553308644042,-1.112549756299586,1.112549756299586,0.010505574564818154,175906.65877004398,1820.7052743092186,0.9897556277610979,11230,83,30751.480918640216,-0.031496820370767724,0.06388306504075246,96.85031796292323,10336.287176096777,105.19220550071998,0
flashbots-c1000,609,10000,0.6977357813371431,-0.6985897669835026,0.6985897669835026,-0.000853985646359523,132753.0650707863,2584.046445693528,0.9809065937883648,10297,46,17955.608213907326,0.0114597123553159,0.08620009605418545,101.14597123553159,9971.214293812887,100.24624707468026,0
flashbots-c1000,610,10000,0.9407393208472349,-0.9406672036096779,0.9406672036096779,0.00007211723755695676,166490.1947219922,1917.1368211364604,0.988616072687753,11646,69,24371.511598666293,0.006863740645607947,0.0817838234593303,100.6863740645608,9772.516258067486,122.47292879266541,0
flashbots-c1000,611,10000,3.3088060242208974,-3.3041445881408436,3.3041445881408436,0.004661436080053871,276890.1948244145,2294.0929408192997,0.9917828723128274,11676,181,61544.97786543736,-0.016563742836444958,0.22634165486711255,98.3436257163555,9920.960262092905,47.75684995178802,0
flashbots-c1000,612,10000,1.335867484041099,-1.3346334774757622,1.3346334774757622,0.001234006565336676,180270.51326439765,1921.6043959706965,0.9894528675518617,11219,98,31602.61464927575,0.0003882729797798845,0.07793272933733349,100.03882729797799,9935.339335631286,54.572305331533386,0
flashbots-c1000,613,10000,1.3061216952434274,-1.3018880581352619,1.3018880581352619,0.004233637108165489,174904.0334983077,3157.3940210597707,0.9822679506446372,8559,84,29260.97562739292,-0.02168658101684443,0.10368689393387115,97.83134189831556,10196.210093283651,65.467761243177,0
flashbots-c1000,614,10000,1.7156206479488247,-1.7151786787495666,1.7151786787495666,0.0004419691992580965,223104.53750667398,2146.3410964427885,0.9904713308567176,9931,114,45759.63601487554,0.0007773117416371633,0.07262468865209541,100.07773117416372,10020.158320450177,118.1689678595904,0
flashbots-c1000,615,10000,0.4709266002072767,-0.46504896593620515,0.46504896593620515,0.0058776342710715745,61614.07985731122,1327.25236837683,0.9789128650213866,4824,33,9788.542270563612,0.031049954741431237,0.07104908584563915,103.10499547414312,9814.45073529628,51.05806734201403,0
flashbots-c1000,616,10000,0.3723492656575254,-0.3704813818341677,0.3704813818341677,0.00186788382335773,55762.411845788316,511.5834530191863,0.9909090610982436,4297,26,9670.140860814552,-0.012296026410426179,0.07159582260002609,98.77039735895738,10126.071581475773,107.76120335627509,0
flashbots-c1000,617,10000,1.9173287923862041,-1.9145261834420353,1.9145261834420353,0.0028026089441688384,230495.6829975803,2485.7045372213142,0.9893308879154563,9947,116,48935.364398808284,0.02539350075180039,0.10286341352655583,102.53935007518004,9736.853069952847,104.6636433113879,0
flashbots-c1000,618,10000,3.645832681761573,-3.643996457270646,3.643996457270646,0.0018362244909271297,300804.80082452326,2582.863804700477,0.9914865892525424,11218,186,71150.39545859149,0.003932095514701075,0.216568453788111,100.39320955147011,9980.894589933236,81.63107379049231,0
flashbots-c1000,619,10000,1.0583471580942365,-1.055988522156042,1.055988522156042,0.002358635938194409,168294.67295409314,1953.2366479091652,0.9885271034899908,11186,67,24567.059913372304,0.0143842782776359,0.10707133664967813,101.43842782776359,9874.60259264792,96.09177552407807,0
flashbots-c1000,620,10000,2.7010815741493337,-2.694187460724862,2.694187460724862,0.0068941134244715485,210902.44961391995,2002.1005018904682,0.9905962531059039,7906,136,50205.432161450415,0.029720610819709208,0.2396124334386964,102.97206108197092,9868.95909553256,77.39078559825987,0
flashbots-c1000,621,10000,0.9503753362026836,-0.9411375945240366,0.9411375945240366,0.009237741678646993,108110.03817654599,1128.1573064244894,0.989672501441125,4098,53,23539.06646989146,-0.02984605125138529,0.07526248580508295,97.01539487486147,10313.226151877972,122.78787575107806,0
flashbots-c1000,622,10000,0.2903908048052458,-0.28876547968400246,0.28876547968400246,0.0016253251212433595,56365.49162982596,1774.7641683170996,0.969474434813653,4737,24,8037.924648500001,0.012408157745299632,0.04228939654594768,101.24081577452996,9881.270043593046,92.90810835553661,0
flashbots-c1000,623,10000,1.378847706647946,-1.3783268310858716,1.3783268310858716,0.0005208755620744743,134880.2513949126,2188.8850918707626,0.9840307953491644,8338,86,28325.566749544367,0.008019639237360536,0.1311558875188021,100.80196392373605,9938.211760027347,86.01573014315113,0
flashbots-c1000,624,10000,5.2217003674895395,-5.199144903910792,5.199144903910792,0.022555463578747492,171377.7079615074,1608.8989543973605,0.9906992860136306,8777,150,44662.951197182156,0.029151849929976947,0.8641494695311752,102.9151849929977,10019.406092124535,33.270632516992315,0
flashbots-c1000,625,10000,1.398890271520775,-1.39916913034034,1.39916913034034,-0.0002788588195650199,149418.77214196665,1260.2475466899832,0.9916362108719979,6215,92,34400.62556368347,0.0015631689984073206,0.09291079088140024,100.15631689984073,9968.287999915881,104.8000712852069,0
flashbots-c1000,626,10000,0.3493618429412982,-0.34856051583295766,0.34856051583295766,0.0008013271083405216,67534.59203750917,509.27755175577136,0.9925154528272725,4785,29,9725.16587557263,0.008858870729484209,0.04264067122513879,100.88588707294842,9915.964179190421,90.71281131164903,0
flashbots-c1000,627,10000,0.4552463256701654,-0.4530977134828049,0.4530977134828049,0.0021486121873604547,56933.79330241742,817.2004792636361,0.9858495858555623,4288,31,10363.605797035985,0.0006889694677326474,0.07853043890893772,100.06889694677326,10095.116493022326,69.20764041483396,0
flashbots-c1000,628,10000,3.0880393269074564,-3.081027179350997,3.081027179350997,0.007012147556459514,239695.67865967334,3095.545605452847,0.9872501750636895,8935,160,64781.15062276909,0.02623565406824625,0.12979949215345102,102.62356540682462,9764.9897581374,119.61462933631582,0
flashbots-c1000,629,10000,0.3361107657833131,-0.33706151497017345,0.33706151497017345,-0.0009507491868603335,57141.02613283082,841.6317208663716,0.9854847681699933,4103,25,10015.981795390324,0.0015890855163999617,0.05275137688272949,100.15890855164,9991.981824812505,144.8054846259827,0
flashbots-c1000,630,10000,0.8782570318201878,-0.8788862955743184,0.8788862955743184,-0.0006292637541306378,95818.50023779784,1479.9104227864884,0.9847899835902869,4103,47,21389.750276976327,0.003592596179177434,0.09698324491653693,100.35925961791774,9980.61963754542,135.3348578819516,0
flashbots-c1000,631,10000,1.4236106135728532,-1.4247601091330466,1.4247601091330466,-0.001149495560193392,198363.22962761385,1713.9663373839999,0.9914334748189702,7951,90,42135.412493032534,-0.0028828051310654246,0.06084418980063504,99.71171948689346,10197.61783210853,177.22367047747647,0
flashbots-c1000,632,10000,2.3732347263099545,-2.3699089857872195,2.3699089857872195,0.0033257405227349324,271616.449111591,2980.375580492596,0.989146358178633,10663,159,60037.25961431638,0.016033311188545552,0.09192558164823311,101.60333111885456,9856.203082356573,87.79391393212764,0
flashbots-c1000,633,10000,2.7144516211948853,-2.706441399936466,2.706441399936466,0.008010221258419215,223839.7716813366,709.6833059838106,0.9968395233645796,8712,144,57364.40101812211,-0.027730548948971714,0.1715614405338448,97.22694510510283,10238.82025399613,97.13453000383612,0
flashbots-c1000,634,10000,1.2353489678765397,-1.2313391531999969,1.2313391531999969,0.004009814676542822,123430.97877671034,793.8541967773467,0.9936095370162681,4525,72,29513.083352385212,0.020315177959613066,0.08954431322197522,102.0315177959613,9729.110797516549,119.34191686874206,0
flashbots-c1000,635,10000,4.5203596797472185,-4.519200711788386,4.519200711788386,0.001158967958832413,209077.34694579517,1749.845895100154,0.9917000939417682,8007,223,64043.52701427457,0.009041560363193639,0.21655764033652658,100.90415603631936,9961.830560485208,41.45820561370026,0
flashbots-c1000,636,10000,0.8788416399953289,-0.8724021957005732,0.8724021957005732,0.006439444294755736,128638.386083322,1745.6614318851227,0.9866113879331633,9469,58,18777.267525910018,-0.02872511545700277,0.0885287900565534,97.12748845429972,10215.888554741567,72.4763268572966,0
flashbots-c1000,637,10000,1.0368682956936222,-1.0342471081972917,1.0342471081972917,0.002621187496330446,121105.78621400241,2316.4538474990522,0.9812314713592561,7454,58,22876.71701619371,-0.018056270267378237,0.1528100730361892,98.19437297326218,10227.95716469324,129.0679058391502,0
flashbots-c1000,638,10000,0.601804223114877,-0.5961043799447907,0.5961043799447907,0.005699843170086316,98925.47371334213,479.9285993093689,0.9951720068714185,7590,40,14919.300531158264,-0.02311282108962672,0.08294051446091628,97.68871789103733,10225.365765543236,99.23445976650498,0
flashbots-c1000,639,10000,1.0599110007031374,-1.058649567740872,1.058649567740872,0.0012614329622653297,145534.0210794228,1626.2855170462715,0.9889488846914017,6058,75,30743.350680727097,0.01175422437010525,0.06891926526904683,101.17542243701052,9897.477044735586,150.36570794272964,0
flashbots-c1000,640,10000,0.4628349569700411,-0.4618282621452181,0.4618282621452181,0.0010066948248230179,94376.66579148853,40.81403812108624,0.9995677279440762,6459,37,12922.295107520305,-0.008524036699131585,0.06046828087455893,99.14759633008684,10083.815765272482,100.16493752469623,0
flashbots-c1000,641,10000,1.843854427754228,-1.8449605962215685,1.8449605962215685,-0.0011061684673405736,117407.60716422599,950.5032059191777,0.9919692600452421,4598,89,31385.521111442704,0.001494725918226152,0.1817371697455988,100.14947259182262,9918.048080735027,59.86077133900214,0
flashbots-c1000,642,10000,1.5619163927234696,-1.5530644953475985,1.5530644953475985,0.00885189737587111,188113.1043505322,2053.4868719940996,0.9892016423137585,9986,97,37339.21316457236,-0.03000812447429297,0.101878667192328,96.9991875525707,10246.739787227718,87.8002578843329,0
flashbots-c1000,643,10000,0.9109996354431806,-0.9105272045458719,0.9105272045458719,0.000472430897308751,184432.61512133435,3077.748951242131,0.9835862461978322,11317,60,25598.257256088,-0.003270120683974227,0.0713008235667003,99.67298793160258,10052.773847560595,176.0255444871919,0
flashbots-c1000,644,10000,0.7715855641615486,-0.7645943929316843,0.7645943929316843,0.006991171229864257,106911.71358500439,1495.3611485522777,0.986206055718895,7647,54,17538.569198433695,-0.04035058156230591,0.08567324746107702,95.96494184376941,10193.816963518932,43.50502343556149,0
flashbots-c1000,645,10000,1.1788257734058143,-1.1789168487265442,1.1789168487265442,-0.00009107532072993862,144309.28532260278,1197.9985859760843,0.9917667449092874,6628,74,29831.026621662248,-0.005623887276487522,0.09142471997702444,99.43761127235125,10086.797876147695,112.08563231943062,0
flashbots-c1000,646,10000,0.8218880464257687,-0.8218541361229086,0.8218541361229086,0.00003391030286015173,111917.77387568304,1687.3464758833609,0.9851472673884625,5543,62,21974.98505138021,0.0006660381465512444,0.07144964390992868,100.06660381465512,9991.047340933017,99.87357187932876,0
flashbots-c1000,647,10000,1.7910713725287335,-1.7918575489295563,1.7918575489295563,-0.0007861764008227912,214053.46396018696,2136.1649499675354,0.9901190220791984,9026,94,42219.32385969912,0.0028125124162356485,0.15010589676546998,100.28125124162356,9892.228610148595,207.24050857232703,0
flashbots-c1000,648,10000,1.04567463455717,-1.0441664107576116,1.0441664107576116,0.0015082237995582837,180629.15332657905,2034.5062857528235,0.988862008512965,11046,78,28506.248451780277,-0.011723876283085702,0.0847204035953196,98.82761237169143,10147.019604932128,116.09301442264407,0
flashbots-c1000,649,10000,1.525377045949174,-1.5174838435740412,1.5174838435740412,0.007893202375132802,141851.43725017298,1277.5149823314252,0.9910743775986274,5507,82,37273.337534649676,-0.023688575543775982,0.11042831135825792,97.6311424456224,10317.12189476601,131.9835907771027,0
flashbots-c1000,650,10000,0.9802780660774826,-0.9762297652551695,0.9762297652551695,0.004048300822313111,120143.03473997755,1664.2543249860887,0.9863369890442395,9344,64,17807.261839697927,0.023861497721803602,0.100840929989931,102.38614977218036,9705.121819066471,65.57003906431606,0
flashbots-c1000,651,10000,1.8443823343923873,-1.842510418517378,1.842510418517378,0.0018719158750093445,154378.0029986234,1492.955441381243,0.990421849866562,6149,114,38402.696552014284,0.0053977207956381786,0.1481395942452008,100.53977207956382,9973.136264438432,69.76828640236748,0
flashbots-c1000,652,10000,0.8632019732135041,-0.8613124757874857,0.8613124757874857,0.001889497426018405,126889.22487172874,2700.842298809623,0.979158570114364,7798,61,20193.88483180423,0.004860074307637774,0.08392548799779163,100.48600743076378,9963.44592877023,67.28073571738732,0
flashbots-c1000,653,10000,0.26249343911126066,-0.2596693734628843,0.2596693734628843,0.0028240656483763393,60162.61334269434,1314.1118102172559,0.9786242385724248,4842,21,7324.100284917609,0.002337709323929573,0.04371479576168383,100.23377093239296,9962.707655867782,91.85372398830214,0
flashbots-c1000,654,10000,1.1387798214182283,-1.131160856436793,1.131160856436793,0.007618964981435328,103108.92795179927,1510.1355484729816,0.9855653883914851,6055,54,20397.870648591408,-0.02228029681967257,0.20693617710013457,97.77197031803274,10309.80404482201,103.18343145795929,0
flashbots-c1000,655,10000,2.9331296245209004,-2.9328722376269525,2.9328722376269525,0.0002573868939479418,287565.4377588091,3173.2630906946497,0.9890855153392969,11400,175,69669.24571626817,-0.0028477235921209854,0.10036408559924652,99.7152276407879,10046.167673710941,101.30606533075216,0
flashbots-c1000,656,10000,1.5861752199327295,-1.5839993515205038,1.5839993515205038,0.0021758684122257232,227541.86976321856,2227.6747974832883,0.990304742946928,11148,109,44474.6046874584,-0.008052580135186388,0.09045540084109603,99.19474198648136,9953.728833743482,126.97958699102001,0
flashbots-c1000,657,10000,5.018915783953962,-5.010244976546858,5.010244976546858,0.008670807407104242,274690.2456494314,1463.7791924244125,0.9946994102538875,9696,208,77834.1946376665,0.024446476711832758,0.2898457575489726,102.44464767118328,9762.724629210508,59.091139205076885,0
flashbots-c1000,658,10000,0.9891346009879796,-0.9890934103388531,0.9890934103388531,0.000041190649126443546,102951.20028345543,854.6478781315722,0.9917668619517351,4164,57,22997.02317433356,-0.0019333653130587437,0.11070081012591203,99.80666346869413,10062.176336918501,127.85032111518267,0
flashbots-c1000,659,10000,0.7497984931464848,-0.7459859811885394,0.7459859811885394,0.003812511957945408,121004.96826810543,1688.4199929390209,0.9862387043273537,9115,53,18147.216048269383,0.02031424252583136,0.09478421112935592,102.03142425258314,10021.88632976221,51.036525213575416,0
flashbots-c1000,660,10000,1.567813962567691,-1.5674901428881753,1.5674901428881753,0.0003238196795156689,112051.29437265584,865.2603080504973,0.9923371704840164,4556,76,28762.459977601717,-0.004330077823829015,0.23102299158870265,99.5669922176171,10026.891807679543,98.47884106501276,0
flashbots-c1000,661,10000,0.5901461125070505,-0.5902743388988938,0.5902743388988938,-0.0001282263918432891,137267.38200738598,2300.39424917444,0.9835177265779047,10074,46,17368.756528679558,0.0019829227057172718,0.04474551742582719,100.19829227057173,10037.311258446487,114.15948571921379,0
flashbots-c1000,662,10000,1.4378093215739838,-1.437042522164802,1.437042522164802,0.0007667994091817842,202688.83440062156,1596.553189422953,0.9921846921688452,11297,99,36589.822761927506,-0.00455112830157546,0.06858516120757514,99.54488716984245,10025.310703212182,101.29361979293853,0
flashbots-c1000,663,10000,3.057379792823503,-3.0559198117821893,3.0559198117821893,0.0014599810413136183,246784.97807229977,2565.9907862809405,0.9897093209702496,9710,172,61357.57756978003,0.01050617003130114,0.13560305832312922,101.05061700313011,9901.805054056453,91.26406102827708,0
flashbots-c1000,664,10000,2.2403214929696156,-2.2378984588546587,2.2378984588546587,0.0024230341149569234,169324.07544883672,1997.5525545378255,0.9883403363730674,6269,123,47227.703695927936,-0.011083542594809046,0.15641281607620955,98.8916457405191,10062.790470208023,88.90739423377586,0
flashbots-c1000,665,10000,4.176929053529366,-4.174182855876666,4.174182855876666,0.002746197652700566,240396.18480207282,1694.998639147153,0.992998511490367,9278,213,66354.11158880933,0.013606521670437957,0.17486599716276657,101.3606521670438,9909.593718887525,46.72329681313615,0
flashbots-c1000,666,10000,3.575413650066064,-3.5619380537676477,3.5619380537676477,0.013475596298416104,285482.56754106405,2160.9893122982157,0.9924872667549448,11049,203,73675.81462874591,0.05103114646686208,0.16330206809349904,105.10311464668621,9811.003153980048,34.299933565995524,0
flashbots-c1000,667,10000,0.9709861681757946,-0.9650466959302264,0.9650466959302264,0.005939472245568234,126395.25622693008,2990.2747489091257,0.9768886464633552,9215,68,20240.62752962573,0.022306234763739354,0.08454703733185114,102.23062347637394,9901.016850674872,44.06651226738637,0
flashbots-c1000,668,10000,1.0179297467405592,-1.0103264164363281,1.0103264164363281,0.007603330304231104,143452.89186293245,2074.60238652029,0.9857442581745813,9970,79,23229.158228661043,-0.03542746109235821,0.07466103309400296,96.45725389076418,10159.273612299305,55.263872548945464,0
flashbots-c1000,669,10000,2.1318671822557325,-2.129920262418068,2.129920262418068,0.0019469198376644847,236843.23606847573,495.3113055429818,0.9979130600105914,10332,133,51737.979824774324,0.0118448553577322,0.09420490097549816,101.18448553577322,9877.09409069629,103.17282136309223,0
flashbots-c1000,670,10000,1.3156059577168233,-1.3120041321806752,1.3120041321806752,0.0036018255361480733,116082.76193465616,1358.5448946064741,0.9884321374541452,4679,79,27991.80059890139,-0.020013849706413255,0.0894262632478906,97.99861502935867,10114.041896263252,70.1268352414169,0
flashbots-c1000,671,10000,0.3670792175586198,-0.3673272182822416,0.3673272182822416,-0.0002480007236217996,87731.91033259043,1926.6443309639699,0.9785113162018533,6093,32,11703.145551512695,-0.008752332752284674,0.04024452480297214,99.12476672477153,10176.43932117767,196.57284604550597,0
flashbots-c1000,672,10000,0.5776271963737319,-0.5764576586634007,0.5764576586634007,0.0011695377103312365,107476.6443127323,1569.9980964351705,0.9856025085986216,7104,43,15976.209317642471,-0.011007079215227407,0.052524856077231875,98.89929207847726,10142.983030068488,85.07281675444192,0
flashbots-c1000,673,10000,1.6251649503537524,-1.6222078714479835,1.6222078714479835,0.002957078905768906,248720.36459103212,2237.8474476191764,0.9910827885270617,10230,100,47191.359844348444,0.00982782493610756,0.11460048577383915,100.98278249361076,9803.742099087603,208.3391821168631,0
flashbots-c1000,674,10000,0.7561166122221866,-0.7542059703667974,0.7542059703667974,0.0019106418553892501,114707.523212796,1561.93214177381,0.98656627282711,6221,55,21634.126590866024,0.0013137607176223298,0.06238444319480933,100.13137607176223,9973.262065721048,112.31457047343919,0
flashbots-c1000,675,10000,1.7827698671665444,-1.7820531086418328,1.7820531086418328,0.000716758524711647,237669.8217191871,104.86353223727374,0.9995589794089039,11326,121,45270.12532728257,-0.004162830580162194,0.08203512371298928,99.58371694198378,10039.679132128127,100.94105821059277,0
flashbots-c1000,676,10000,1.747713374765881,-1.7354144999149526,1.7354144999149526,0.01229887485092851,192121.07424278517,2330.6852096889074,0.9880140698327877,9167,126,43607.13046272564,0.037003632982043226,0.06611273369523246,103.70036329820432,9718.639215260866,83.65176315775184,0
flashbots-c1000,677,10000,0.6852094065117016,-0.6837143824506597,0.6837143824506597,0.0014950240610418497,82052.06992160245,1318.923177741948,0.9841800711649155,4343,38,16445.485244328956,-0.006626251149357642,0.10170982476836969,99.33737488506424,10059.68047221634,152.7301053883448,0
flashbots-c1000,678,10000,3.190609314486344,-3.187786992331894,3.187786992331894,0.0028223221544498855,206270.35605262994,1643.1154356920956,0.9920971189412111,8158,142,54147.61016448976,0.012620438815022084,0.21724681009208383,101.26204388150221,9937.84889582217,74.18050330198702,0
flashbots-c1000,679,10000,1.7939217341786022,-1.7792162407820626,1.7792162407820626,0.014705493396539593,122884.02003334004,1273.01608342628,0.989746726216716,4885,87,32014.791585753013,0.040478450233198515,0.14892300927564206,104.04784502331985,9700.626871960532,61.28312041766061,0
flashbots-c1000,680,10000,3.984614514184535,-3.9838966151821182,3.9838966151821182,0.0007178990024168108,277058.09150661726,751.874443865761,0.9972935656167216,9861,183,76295.86876676587,-0.00480674547137184,0.22652158524277824,99.51932545286282,10049.380816257111,98.66863183944704,0
flashbots-c1000,681,10000,0.4452728925353761,-0.4439141636140107,0.4439141636140107,0.0013587289213654041,80352.47015713333,794.9793453414019,0.9902032737909137,4582,33,12185.5096482129,0.008527966458406411,0.05278983931186915,100.85279664584064,9892.701607356279,113.9275243100176,0
flashbots-c1000,682,10000,1.1779292288623378,-1.1772721950874825,1.1772721950874825,0.0006570337748552646,158496.68502045883,2255.7336074636405,0.9859676536955579,7501,76,29969.986695632964,-0.004230022266096398,0.08396213176887017,99.57699777339036,10058.455291984399,144.58013305454293,0
flashbots-c1000,683,10000,1.3612761692448354,-1.360622337633913,1.360622337633913,0.0006538316109223619,164656.97333658597,637.1745476751493,0.9961452080679752,8049,86,32030.579978209207,0.0033485980828365314,0.10046104918654578,100.33485980828365,9986.463668225722,93.46698194069094,0
flashbots-c1000,684,10000,0.9811792942238313,-0.9782775808980944,0.9782775808980944,0.0029017133257369654,131708.42470856884,2834.403131383944,0.9789330789541927,9382,74,21209.385749552646,0.006599615883662296,0.09763853699775737,100.65996158836623,9965.000405449582,35.005667386685694,0
flashbots-c1000,685,10000,0.6366762831721774,-0.6328671289131762,0.6328671289131762,0.0038091542590011906,118609.45037624895,2635.1535122115806,0.9782658078982567,9353,43,16215.226125589385,0.023530696604060777,0.08051947664097156,102.35306966040608,9870.161269530214,74.53254446695522,0
flashbots-c1000,686,10000,0.8862815450755338,-0.885777276965996,0.885777276965996,0.0005042681095378532,111732.61166716856,1523.7004055242755,0.986546441627498,7640,56,21367.746327330933,-0.000013189930110399927,0.07776809005532385,99.99868100698896,9977.635408135211,77.92447921593649,0
flashbots-c1000,687,10000,0.4944329763308286,-0.49304670406189643,0.49304670406189643,0.001386272268932176,80783.84326753858,1850.7245240685934,0.9776035069399062,5720,32,11717.0497117754,0.007779678486457442,0.0847569981419248,100.77796784864574,9951.166258677,85.59749766811757,0
flashbots-c1000,688,10000,0.3663215966084726,-0.36469065818471336,0.36469065818471336,0.0016309384237592206,77503.9879296497,1127.6871885785226,0.9856586142049885,3876,27,13002.012015642336,0.009296563623552459,0.04431172421234564,100.92965636235525,9686.99566824035,296.8381024912803,0
flashbots-c1000,689,10000,1.5152068375089673,-1.5049532402220507,1.5049532402220507,0.01025359728691666,190231.64529085445,1637.7566100885144,0.991464211625916,10068,100,36938.37209751246,0.03312012474371997,0.10842636885761493,103.312012474372,9694.854128346438,89.76886576258029,0
flashbots-c1000,690,10000,0.7199977734887326,-0.7180409399921928,0.7180409399921928,0.001956833496539856,80673.54520369186,1044.7631635001715,0.9872150661904839,4367,42,17121.70107801472,-0.017442563422096526,0.0986810411150769,98.25574365779035,10116.213368996127,75.62694109864069,0
flashbots-c1000,691,10000,2.0245434401635363,-2.0206091713971546,2.0206091713971546,0.003934268766381699,254574.1123273461,2167.069122201154,0.991559324024428,9524,117,50282.62690423641,0.01806358799183613,0.07499183454999994,101.80635879918361,9761.615539134486,130.8393435159028,0
flashbots-c1000,692,10000,2.896516034992597,-2.8925346199321496,2.8925346199321496,0.0039814150604473575,229353.98797230658,2814.43224188991,0.9878776267707152,8923,157,57973.18849762583,0.021183199610270122,0.12100824646858768,102.11831996102701,9777.468192413415,112.0643809274625,0
flashbots-c1000,693,10000,1.1301231012330721,-1.1280488977801042,1.1280488977801042,0.0020742034529679376,119509.80564697471,1524.1319375994199,0.9874074002051333,7393,67,23579.72993391728,-0.013578268789734267,0.11451960714308754,98.64217312102657,10254.399831496241,109.43152602398868,0
flashbots-c1000,694,10000,1.419696928083345,-1.4167109032219969,1.4167109032219969,0.0029860248613480245,191271.84811786152,1787.1231191314628,0.9907431231624163,9519,90,35303.453905102375,-0.002068218955662502,0.08421816607403969,99.79317810443375,10116.213657634555,74.99713505576915,0
flashbots-c1000,695,10000,3.7100039665255125,-3.7046859922769784,3.7046859922769784,0.005317974248534085,259744.96539161797,2353.869437993154,0.9910191533681431,10924,176,63435.222051046716,0.03770523152771929,0.23430738223862463,103.77052315277193,9808.004854720002,59.362736808104785,0
flashbots-c1000,696,10000,2.5870670156774445,-2.5859965149077766,2.5859965149077766,0.0010705007696678592,256527.8550825749,2165.9162533148597,0.9916274897453847,9596,138,55050.77052152774,0.001009733731953446,0.11787710508241289,100.10097337319534,9932.841067346999,112.57374544884273,0
flashbots-c1000,697,10000,1.1975450964470669,-1.195149658777268,1.195149658777268,0.0023954376697987723,139300.08080187472,1795.2195104041696,0.9872765463737566,7892,70,26707.094192219753,-0.016000737733700417,0.130897496248256,98.39992622662996,10226.894350116616,140.3254392306608,0
flashbots-c1000,698,10000,3.1263931257113677,-3.123111481514343,3.123111481514343,0.0032816441970249244,207569.55351684685,494.63902932179576,0.9976226614331439,7636,120,52557.19289152235,-0.01905128556105751,0.29426544425107837,98.09487144389425,10208.5646799532,104.90806521623315,0
flashbots-c1000,699,10000,2.4317355474047457,-2.4299022348360495,2.4299022348360495,0.0018333125686962326,204940.69725333079,1929.5914493221119,0.9906724573092484,7160,133,56281.59360099084,0.009800083259448087,0.11979995565107274,100.98000832594481,10069.964250680043,84.27511345553144,0
flashbots-c1000,700,10000,1.0001909601106724,-0.9995055691300649,0.9995055691300649,0.000685390980607492,130832.21981195336,1792.9286230491864,0.9864812319216527,7740,67,21893.50105937109,-0.01122325198108939,0.10244759405394262,98.87767480189106,10102.440020435502,76.88228090323615,0
flashbots-c1000,701,10000,1.1951382117560934,-1.1955550181627643,1.1955550181627643,-0.00041680640667096647,127261.11762301797,1431.4479007543262,0.9888769961580266,7010,71,25410.292934016077,0.0027580610733618015,0.11987078757161469,100.27580610733618,10056.864195613562,52.70554282196386,0
flashbots-c1000,702,10000,1.0230485263608846,-1.0204113915775679,1.0204113915775679,0.0026371347833167302,118469.30662450078,1080.6160412091447,0.9909609641134541,5968,65,25262.199804740663,0.012650095029390797,0.07321192305412012,101.26500950293908,9844.204229964731,79.17456840546116,0
flashbots-c1000,703,10000,0.2950882107291315,-0.29293013611658125,0.29293013611658125,0.0021580746125502426,72570.80793350458,1230.2104061180783,0.9833307123154208,5379,22,7654.979545378481,0.012326373296074422,0.06390660008148501,101.23263732960744,9830.297034146075,136.3622804204815,0
flashbots-c1000,704,10000,3.4898214612776144,-3.487853735620888,3.487853735620888,0.0019677256567263157,267776.6360155971,2523.2688181575277,0.9906649289436137,10719,191,69671.73458110234,0.0012883320414096033,0.2495971427737942,100.12883320414096,10014.37459791784,81.81499073906875,0
flashbots-c1000,705,10000,0.3485695167172649,-0.34312660889463586,0.34312660889463586,0.005442907822629017,64280.228860158226,858.8331115377691,0.9868153902506158,4719,24,8886.476831258598,-0.021940854923680034,0.06317752182074926,97.805914507632,10247.4238650388,101.45358702177614,0
flashbots-c1000,706,10000,0.9588455067329894,-0.9581999628807694,0.9581999628807694,0.000645543852220043,117302.26466453497,1644.9869773032176,0.9861704498876828,4180,63,23918.21400006544,0.003157115150723513,0.07260794253319873,100.31571151507235,9960.668286226623,88.297718567935,0
flashbots-c1000,707,10000,1.608902275415832,-1.607074272915213,1.607074272915213,0.001828002500618986,150561.6625884488,1102.4218044219413,0.9927311610468948,6562,88,34017.64119335857,-0.014847423894832162,0.14862846796812362,98.51525761051678,10119.927585073801,78.18641879933519,0
flashbots-c1000,708,10000,1.3063029592314521,-1.3020795731432884,1.3020795731432884,0.00422338608816375,101349.28567764547,2160.9853447305827,0.9791229863144361,6245,49,19135.238246318506,0.004212006156554224,0.18452394222868962,100.42120061565542,9903.647355166278,127.36521796475098,0
flashbots-c1000,709,10000,0.6774360260048391,-0.6796021871552966,0.6796021871552966,-0.002166161150457535,125413.72094604345,1692.4461083676936,0.986684783692335,6879,49,18975.714155562506,-0.002296031961356704,0.06666862239596555,99.77039680386433,9941.000417025789,229.0286881279344,0
flashbots-c1000,710,10000,0.5868069224168687,-0.5854361243686412,0.5854361243686412,0.001370798048227484,87874.36632301583,1636.8404138108826,0.9817135700267857,4679,42,16089.612798931978,-0.00452325611867181,0.06387554754869398,99.54767438813282,10068.344552063858,123.37871282870498,0
flashbots-c1000,711,10000,0.80793385854813,-0.7986238121922042,0.7986238121922042,0.009310046355925805,93280.98625214164,1619.0060448286438,0.9829398716939588,4826,50,19945.90219488446,0.02413635919387957,0.09073169666833991,102.41363591938796,9767.98920212695,135.7026919679984,0
flashbots-c1000,712,10000,1.77762515456209,-1.7700268899221214,1.7700268899221214,0.007598264639968599,139856.44887783853,374.74854529199416,0.9973276378425177,5413,91,35076.63824681848,0.02883423379723908,0.1693511330805427,102.88342337972391,9754.205512140252,85.02737598750716,0
flashbots-c1000,713,10000,0.9072971571207403,-0.9032656202755902,0.9032656202755902,0.004031536845150119,136574.50267826847,1447.1971200680673,0.9895147131053844,8636,52,21540.146739940144,0.018767423360717572,0.09295272717841954,101.87674233607176,9804.321627171272,78.07764903590488,0
flashbots-c1000,714,10000,2.2148068507175283,-2.214011351145814,2.214011351145814,0.0007954995717143198,188994.0445687236,3095.0495238049903,0.9838874271419381,7328,116,47358.237677190875,0.0056685611157467975,0.12445046272946626,100.56685611157468,9965.651070812657,111.89803474042124,0
flashbots-c1000,715,10000,1.2358548256157529,-1.2348317824851733,1.2348317824851733,0.0010230431305795484,87663.41464223892,1796.9502379889568,0.979913448370183,6702,30,13134.974560854947,0.012176698242057284,0.282289279488011,101.21766982420573,9930.078960151366,95.94146580123405,0
flashbots-c1000,716,10000,0.6501616939545082,-0.6498426202863357,0.6498426202863357,0.00031907366817252036,108697.05740389341,952.8905216586664,0.9913097038376557,6190,49,17844.59309746216,-0.00388867725277521,0.059985049605718925,99.61113227472248,10051.124268676238,110.00443498299455,0
flashbots-c1000,717,10000,0.5713221618248063,-0.5698115734246016,0.5698115734246016,0.001510588400204682,88671.2548838623,633.1627614622905,0.9929100622549614,5303,37,14206.049809161634,0.010917809962175937,0.07683574351467456,101.0917809962176,9891.81950945228,98.72515025958354,0
flashbots-c1000,718,10000,1.96680397501763,-1.9659491841809427,1.9659491841809427,0.0008547908366873802,208762.33084262622,2610.4481858220693,0.98765002665991,7846,104,47251.15207999556,0.012023226064649038,0.159029291972559,101.2023226064649,9762.376458553375,151.07665137673703,0
flashbots-c1000,719,10000,0.845734887152521,-0.8440633794582482,0.8440633794582482,0.0016715076942728224,99642.19204498875,1250.425905734182,0.987606368720208,4471,55,21412.89365765312,0.011166373950512423,0.06882035373961103,101.11663739505124,9886.166187196628,107.2573289111001,0
flashbots-c1000,720,10000,1.4614369106270346,-1.4567552614279293,1.4567552614279293,0.004681649199105298,189869.59387131542,2208.6828411024007,0.9885011315235337,8975,99,36765.379497505644,-0.020207782728591753,0.07739807469291066,97.97922172714082,10201.17527716586,96.13148050933626,0
flashbots-c1000,721,10000,1.0292603599395314,-1.026655205161262,1.026655205161262,0.0026051547782692808,153221.86875901622,1509.9332526391538,0.990241610108532,8785,71,24812.578072329066,0.01409231238336247,0.07246135420890071,101.40923123833625,9887.599709451812,82.15250460101505,0
flashbots-c1000,722,10000,1.4070176110853807,-1.405147251489666,1.405147251489666,0.001870359595714799,173746.99246655306,1799.3140543866537,0.9897502027240201,9511,95,34868.28889767972,-0.001141728441094898,0.09002651399854215,99.88582715589051,9974.021269659144,62.40020232591469,0
flashbots-c1000,723,10000,1.0816881992662857,-1.082240550419499,1.082240550419499,-0.0005523511532132819,183107.04366391836,2486.782902399944,0.9866009395441214,11022,81,30006.21295932171,-0.007178002621139967,0.05614425697374856,99.282199737886,10007.454232274587,128.91160817583662,0
flashbots-c1000,724,10000,0.508146275585076,-0.5071380758502642,0.5071380758502642,0.00100819973481181,110883.30563598235,445.97100711794826,0.9959941264277892,7296,38,14007.763470759115,-0.008959561654937005,0.05515970813809048,99.1040438345063,10088.357925759803,107.33569419556993,0
flashbots-c1000,725,10000,4.970605266960502,-4.9707480831170585,4.9707480831170585,-0.00014281615655686863,292362.18926399277,2057.702660953407,0.9930109930837215,10940,265,85087.31287248622,0.011699517858459246,0.3163851977187525,101.16995178584592,9931.281102119869,45.70873996978709,0
flashbots-c1000,726,10000,4.94689803138605,-4.943277345054042,4.943277345054042,0.0036206863320078497,233613.81467997204,1662.1458808762816,0.992935334842905,8499,223,69658.0481378255,-0.04069147920175197,0.2958273240002057,95.9308520798248,10377.288284337414,54.16903366905275,0
flashbots-c1000,727,10000,1.5479166861114966,-1.5453272205836015,1.5453272205836015,0.002589465527895074,189965.47731761925,1272.806472471544,0.9933443950277832,10616,100,37164.3076794869,0.01370561462087025,0.08839108957008392,101.37056146208703,9862.2928067099,92.85888436652552,0
flashbots-c1000,728,10000,1.6039805454869036,-1.601802286166503,1.601802286166503,0.0021782593204004996,216517.7752526878,2111.469075857006,0.9903422386042556,11788,105,39649.297832715994,-0.013533184130168508,0.08901847472414914,98.64668158698315,10170.366915805393,99.66198221640279,0
flashbots-c1000,729,10000,0.5690380821043093,-0.5687113577133687,0.5687113577133687,0.0003267243909406137,169102.83901500556,3415.957252001851,0.9801995068020589,10625,47,19479.12710517121,0.004013539980455363,0.052904291514067836,100.40135399804554,9888.49340878745,208.9385814085783,0
flashbots-c1000,730,10000,3.1747295867332133,-3.1657511562781906,3.1657511562781906,0.008978430455022668,193347.10379892515,1911.0560101394644,0.9902126701797855,9972,176,47337.41919066505,0.03413864883757697,0.20124214986082437,103.4138648837577,9730.99866918004,59.683498641207,0
flashbots-c1000,731,10000,3.397006633932943,-3.3963125086913237,3.3963125086913237,0.0006941252416194921,280328.1416667561,2570.1024818702867,0.9909150992095942,10116,194,77758.50173347852,0.0013615904672880674,0.1260862335898669,100.1361590467288,9991.427568578049,124.39984901616288,0
flashbots-c1000,732,10000,0.5614948145880941,-0.5603785032678275,0.5603785032678275,0.001116311320266683,106519.72555393851,1873.651158221276,0.9827143390578488,7945,43,15738.392001380858,0.0013009442016154082,0.05887445555262914,100.13009442016154,9949.38891915188,79.2662698882511,0
flashbots-c1000,733,10000,0.4072401748702354,-0.4076684064351639,0.4076684064351639,-0.000428231564928494,72355.56397190236,2022.2334245624095,0.9728113295183635,5197,28,10443.123610651473,0.00019430293217567396,0.07366933102622866,100.01943029321757,10005.294014901525,100.2393723827712,0
flashbots-c1000,734,10000,1.5832314942693217,-1.5797183797359367,1.5797183797359367,0.0035131145333850977,144131.41106431856,1236.6387230126993,0.991493050055897,5070,73,34175.84101493618,0.00980859107119244,0.17861165461570663,100.98085910711924,9893.019262017016,128.31237941132758,0
flashbots-c1000,735,10000,1.1089172851295186,-1.1059537402877027,1.1059537402877027,0.002963544841815935,155062.34175141895,1236.566208059974,0.9920884526692881,7638,78,31600.393349848317,-0.012668892708857982,0.07072357890718493,98.7331107291142,10201.731046671777,118.99688162807234,0
flashbots-c1000,736,10000,2.4140920250305413,-2.4110511465430022,2.4110511465430022,0.0030408784875390893,176586.51723583497,1716.0961792351377,0.9903753728205865,6892,110,43656.55228771504,0.001811274884585572,0.21410244244760207,100.18112748845856,9979.86790445974,98.53037177512664,0
flashbots-c1000,737,10000,0.9499011040450711,-0.9392255706785022,0.9392255706785022,0.010675533366568901,143772.8581289421,2210.4700890773156,0.9848580648485006,10867,58,23681.721707572906,-0.028789257766672877,0.09386152100584554,97.12107422333271,10402.788981027015,126.62826571614187,0
flashbots-c1000,738,10000,1.110378901462358,-1.1046861453611427,1.1046861453611427,0.005692756101215224,140873.70498678338,2150.0884164830472,0.984966917983914,8996,71,26346.95771350035,0.02353458018880957,0.08445991514145987,102.35345801888096,9799.669390344656,91.82415555038274,0
flashbots-c1000,739,10000,0.9602600138094779,-0.9601610632730626,0.9601610632730626,0.00009895053641528762,153777.50602280675,3466.786853855805,0.9779528605430848,9689,62,24383.647838806275,0.000634881994633929,0.07143605970351302,100.0634881994634,9974.942876003859,121.64777944769699,0
flashbots-c1000,740,10000,0.5028076194928252,-0.49843404586658835,0.49843404586658835,0.004373573626236804,97539.01207604978,1778.3345417257085,0.9820944215458186,7412,33,12412.949714958664,0.020169431441982653,0.09206588939338985,102.01694314419827,9867.606206455577,84.62575815646454,0
flashbots-c1000,741,10000,0.7147501753049237,-0.7136377241739069,0.7136377241739069,0.0011124511310167673,108107.5639704853,1488.685989836293,0.9864166338686291,7722,43,16574.728632722963,0.004845142079957299,0.08096856327989926,100.48451420799573,10005.447869270141,95.66194468520477,0
flashbots-c1000,742,10000,0.7835551441244178,-0.7803512928123268,0.7803512928123268,0.0032038513120909995,113640.8145173463,1151.7247780101575,0.9899669021603675,5724,53,20220.994338522556,-0.016061735241800223,0.07003741401383351,98.39382647581998,10159.14133907908,132.35171059481505,0
flashbots-c1000,743,10000,1.4006261547754602,-1.398717457449493,1.398717457449493,0.0019086973259672124,132022.10770764467,877.8210123583228,0.9933948722108968,5813,82,29578.130739182736,-0.01307792908160323,0.09196725119227821,98.69220709183968,10086.221189319118,84.1320090263956,0
flashbots-c1000,744,10000,0.958492101779457,-0.9522522209825866,0.9522522209825866,0.006239880796870434,123142.09749337558,2471.364905377921,0.9803256366142293,9003,67,21330.34737039456,-0.015884468109370147,0.0980952302732986,98.41155318906299,10127.657197794371,51.98239017487564,0
flashbots-c1000,745,10000,2.1333809376205286,-2.1307864843080893,2.1307864843080893,0.0025944533124393487,132751.4283938557,979.3286833433596,0.9926768627894776,4867,100,36678.52222417383,0.004157201291692729,0.17047692366460268,100.41572012916927,9979.2950502009,106.59549972683105,0
flashbots-c1000,746,10000,1.2211336044059333,-1.2197184551611144,1.2197184551611144,0.0014151492448188918,163977.4264072997,139.38700147490454,0.9991506842073046,8928,73,28665.09438404733,0.010082863382510538,0.09260860768696688,101.00828633825105,9898.923596543207,101.02848243158687,0
flashbots-c1000,747,10000,0.7441761342538623,-0.7378850372123793,0.7378850372123793,0.006291097041483007,89108.66570432963,1904.9998030888198,0.9790690794347411,5357,52,15911.426362704538,0.019041502836937667,0.08523689947565118,101.90415028369377,9943.643467699898,59.147130478079994,0
flashbots-c1000,748,10000,2.8201596400974323,-2.8174562044123377,2.8174562044123377,0.0027034356850945684,272869.4930909123,3770.75926942274,0.9863694482735247,11724,172,59472.06335277999,0.008375432378827697,0.10782127136355597,100.83754323788277,9962.183540091182,65.84911581145109,0
flashbots-c1000,749,10000,1.5285517090848073,-1.5285703278158849,1.5285703278158849,-0.000018618731077557626,202418.77752272654,2808.0231856454584,0.9863174635283836,10754,108,39536.775443205035,-0.0014187026849768359,0.09921585157650085,99.85812973150232,10154.474780292152,75.92248779143098,0
flashbots-c1000,750,10000,1.1706521762005024,-1.165839293459186,1.165839293459186,0.0048128827413165265,117469.52753234381,2160.1548486414254,0.9819429860077538,7852,76,21613.574109521734,0.018265997418333627,0.13607594194534528,101.82659974183336,9943.750366091484,30.054351490408308,0
flashbots-c1000,751,10000,2.8874920604059016,-2.885690088572801,2.885690088572801,0.0018019718331006018,266342.19650424423,3203.062592948359,0.9881167912072479,10499,157,62711.28984251221,-0.007376091253381389,0.13327789299620407,99.26239087466186,10099.555065878209,101.2866927732182,0
flashbots-c1000,752,10000,1.0152369580067002,-1.0148906885638667,1.0148906885638667,0.00034626944283355776,98601.00859412504,1322.5464582870597,0.9867644174830114,4071,63,24068.62906109149,-0.0033557703946074467,0.11349012331055434,99.66442296053926,9946.779613063474,77.42692162612333,0
flashbots-c1000,753,10000,1.1748653050380164,-1.1723302520321681,1.1723302520321681,0.002535053005848331,161941.4866155417,2227.336993364298,0.9864326432729371,10211,76,27406.105770760834,0.011145639160573637,0.09587625769198355,101.11456391605736,9859.19343784215,116.90083946461168,0
flashbots-c1000,754,10000,3.86948251207358,-3.8680464653212994,3.8680464653212994,0.0014360467522807063,237799.66220350165,323.74721327086587,0.9986404225688528,8777,158,66159.75581582122,0.010707728994990902,0.3361577318820235,101.07077289949909,9895.592709087845,100.34288258639835,0
flashbots-c1000,755,10000,1.0916125655563405,-1.0917668403914433,1.0917668403914433,-0.00015427483510288553,123365.98845283501,1826.407782574058,0.9854111923927096,9808,58,19007.163967124376,0.017416097430946565,0.21382722800909362,101.74160974309466,9728.472241877282,75.26623008941496,0
flashbots-c1000,756,10000,1.971708779933998,-1.9677662462319745,1.9677662462319745,0.003942533702023576,159960.99960731764,1781.849963191925,0.9889834390334816,9462,107,33471.525799020135,-0.0009370970712161864,0.18607101764252662,99.90629029287838,10004.537286254388,29.392458375787093,0
flashbots-c1000,757,10000,4.967821211955801,-4.979088851251049,4.979088851251049,-0.011267639295247989,307691.0072988107,2806.4543652727675,0.9909614257384526,11759,229,81717.78703160086,0.002726113616158159,0.362595833431364,100.27261136161582,10116.068282489376,158.94831824420146,0
flashbots-c1000,758,10000,0.9929475068195609,-0.9875368625849887,0.9875368625849887,0.0054106442345721595,136687.9751817552,1176.5169354950012,0.991466135206922,7502,67,25015.801154026172,0.021886871122561047,0.0737746657261512,102.1886871122561,9759.746217236812,106.84769461779557,0
flashbots-c1000,759,10000,0.5538515778416881,-0.5526065285577317,0.5526065285577317,0.001245049283956412,85742.02801215378,1904.424996260544,0.97827151092951,6928,45,12363.215980307565,-0.004085503568856694,0.07433953060349381,99.59144964311433,10127.975875241038,71.69126603690364,0
flashbots-c1000,760,10000,0.4954482946372565,-0.49542082018655265,0.49542082018655265,0.00002747445070383492,83454.95867385983,530.7256204113781,0.9936807608954901,4519,36,13411.992622505028,0.0033499560129786232,0.052452900497060855,100.33499560129786,9963.464290070753,103.10818805891064,0
flashbots-c1000,761,10000,1.5780013037140233,-1.5764176937015577,1.5764176937015577,0.0015836100124655417,213074.31844293704,2326.9731516872753,0.9891970325040272,11505,115,42857.75652412823,-0.010327698062505419,0.06282649135145618,98.96723019374946,10081.388763976642,109.84123302701997,0
flashbots-c1000,762,10000,1.372412980455552,-1.3733242380296247,1.3733242380296247,-0.0009112575740726214,133539.35008009983,1745.696631231378,0.9870961597481183,5475,73,29111.983985359886,0.00045818099731306463,0.19519613679729644,100.0458180997313,10004.068295186418,95.76820015918756,0
flashbots-c1000,763,10000,1.4917170835959799,-1.4912652356505305,1.4912652356505305,0.00045184794544939066,186428.61082684735,3606.6956686174576,0.9810209179802937,9728,94,36615.505956613604,-0.000027657690420852532,0.09779817512166118,99.99723423095791,9987.679098159144,83.24321816981625,0
flashbots-c1000,764,10000,1.6324794989037974,-1.6317252152672381,1.6317252152672381,0.000754283636559272,174028.11691924185,2335.2533319840245,0.9867588528805188,8280,91,37601.234192586424,0.007191624888311594,0.13225502097297379,100.71916248883116,9925.477718996895,112.10210031335453,0
flashbots-c1000,765,10000,2.2069976569359477,-2.204445266893231,2.204445266893231,0.002552390042716901,148351.1177812912,1534.881852511128,0.9897596716420405,8297,94,34730.6982396888,0.012120082867043464,0.23342527454358333,101.21200828670435,9958.49792956957,59.15366382988853,0
flashbots-c1000,766,10000,1.5238663655486675,-1.5230688676358568,1.5230688676358568,0.0007974979128106963,199076.82147882946,2370.9814840011504,0.9882302936585582,10040,86,37449.0389737929,0.010616906379248548,0.1141733877558147,101.06169063792485,9845.913445508371,129.17125411408526,0
flashbots-c1000,767,10000,2.08980944383588,-2.0934447700898886,2.0934447700898886,-0.0036353262540087528,275572.0651576547,2031.4084530322677,0.9926823377726133,11369,129,54789.01139849103,-0.0019370455997754733,0.12702368419811846,99.80629544002245,10017.503323310371,141.39502169550477,0
flashbots-c1000,768,10000,1.369534884844236,-1.3657590902975016,1.3657590902975016,0.003775794546734268,155840.7110582979,1422.2643699163848,0.9909561397649786,7009,83,32560.493108505325,-0.01785824198477101,0.12738985932515987,98.2141758015229,10139.077521639478,111.92007962805289,0
flashbots-c1000,769,10000,1.2944998010201607,-1.2900224067862496,1.2900224067862496,0.004477394233911136,112249.74376321319,1531.3413508347164,0.9865413363802975,6824,82,23922.13647926451,0.023102814737992788,0.1091248634118908,102.31028147379928,9874.400289639865,37.26992806776026,0
flashbots-c1000,770,10000,1.378257125853975,-1.3756380450271308,1.3756380450271308,0.0026190808268442556,160113.4248509511,3188.8432050861547,0.9804727561775693,10590,90,28264.56828163914,0.018957931390011992,0.13033391941657244,101.8957931390012,9865.13712016201,57.98356107023355,0
flashbots-c1000,771,10000,1.3112460948644356,-1.3104127449324778,1.3104127449324778,0.0008333499319577164,154234.2873727419,1861.1797905134256,0.9880766570334367,6035,73,31122.716654523072,-0.005494167899404232,0.09350836577915884,99.45058321005958,10074.603428449098,117.1002968466999,0
flashbots-c1000,772,10000,1.0760449380495196,-1.076916107747536,1.076916107747536,-0.0008711696980163719,118521.9929263934,970.214978846431,0.9918805167646092,4778,63,26139.147747275183,0.0015504064825418596,0.11358224898846075,100.15504064825419,10017.765075473244,106.47163313139586,0
flashbots-c1000,773,10000,0.46838456249305715,-0.46731426542169174,0.46731426542169174,0.0010702970713654114,65002.394889657015,1157.8247978566599,0.982499683294202,4114,33,10176.058008018708,-0.003573085852357707,0.07559190590727041,99.64269141476423,10020.151392507501,60.991476141526256,0
flashbots-c1000,774,10000,1.9348336990424664,-1.9346127356238298,1.9346127356238298,0.0002209634186365328,209482.80023580062,2756.7191358406285,0.9870112826112583,9033,118,45490.9633179957,0.0025308427796383627,0.07996674128435956,100.25308427796384,10030.453861150303,105.14823605591745,0
flashbots-c1000,775,10000,1.9055723832994187,-1.9031850396201548,1.9031850396201548,0.0023873436792638536,216962.2755560841,2195.1171384833965,0.9899838325712214,9351,123,48534.99303116204,0.00932930402528129,0.066290371741419,100.93293040252813,9907.03600276476,103.46699775840948,0
flashbots-c1000,776,10000,2.5290720384662677,-2.5200877551737335,2.5200877551737335,0.008984283292534201,212661.15138558077,1895.449413086908,0.9911657371246969,10894,119,45051.934419465215,-0.02606704231446969,0.2378020959827623,97.39329576855303,10116.641565847156,79.8028225848472,0
flashbots-c1000,777,10000,0.970129235561156,-0.9693856906638416,0.9693856906638416,0.0007435448973144299,147221.96316156338,2917.6072017540846,0.9805673667861585,10606,63,24188.253702098496,-0.0022981289245602456,0.08345036670000894,99.77018710754398,10012.804996090454,121.75783026085003,0
flashbots-c1000,778,10000,0.6411188379464478,-0.6358220789740017,0.6358220789740017,0.005296758972446081,105438.5800970027,2610.1523012696925,0.9758428234803481,6237,48,15712.606875906406,0.026265790954537918,0.05595516251795104,102.62657909545379,9809.600507012336,70.4965545879545,0
flashbots-c1000,779,10000,1.4122415716178764,-1.4056899054294263,1.4056899054294263,0.006551666188450156,123790.6712801682,1143.6982773660584,0.9908456073263381,5396,76,29006.023348060764,0.021731604634638586,0.10937584690350434,102.17316046346386,9710.40789929839,119.5149394147438,0
flashbots-c1000,780,10000,0.7853259264744696,-0.7793109150582325,0.7793109150582325,0.00601501141623717,80706.28890258791,1265.6781153759966,0.9845596224975469,4759,52,15788.056626392427,0.025638898866536836,0.10814427538253568,102.56388988665368,9925.529187223987,43.201264710126864,0
flashbots-c1000,781,10000,2.4524024526564836,-2.4513625288932417,2.4513625288932417,0.0010399237632419123,237572.9817247943,2270.9724228497653,0.9905314585438673,9824,145,55589.36225173349,-0.0036773429452377116,0.07747508717410724,99.63226570547623,10037.331088155532,88.30946982733876,0
flashbots-c1000,782,10000,1.7920158658373815,-1.7885156046489215,1.7885156046489215,0.00350026118846003,163018.31373780925,2343.896717667902,0.9858256810234224,11326,111,30331.355380458786,0.00856638673685282,0.14002943030363993,100.85663867368528,10003.575834280498,30.849314336764525,0
flashbots-c1000,783,10000,0.853087686002628,-0.8516798314782363,0.8516798314782363,0.0014078545243916274,181771.25862033298,2585.370870423866,0.9859762522369532,9379,59,26775.152749494096,-0.013525290221202085,0.06504313767008597,98.64747097787979,10209.248014484752,187.45760283221549,0
flashbots-c1000,784,10000,2.0541887392819866,-2.0547167896794463,2.0547167896794463,-0.0005280503974596229,204343.01514606795,1915.7519068780969,0.9907119007145702,8495,117,45136.82961913576,0.005925690855669359,0.14121014098642534,100.59256908556694,9974.298022735258,90.7681798913549,0
flashbots-c1000,785,10000,1.480119963424055,-1.4721980041084635,1.4721980041084635,0.007921959315591476,206350.15567967686,2572.0390151395277,0.9876890101652596,11297,81,34400.14202862829,-0.029931044942554764,0.17499171184413598,97.00689550574452,10369.504341466178,107.79334861455105,0
flashbots-c1000,786,10000,1.2637834070302603,-1.254993818164337,1.254993818164337,0.008789588865923292,196669.36928887034,1999.390120404796,0.9899360617826888,11619,89,30056.12699993018,-0.03294915921554534,0.09021140373731341,96.70508407844547,10184.716223796975,69.39788457473159,0
flashbots-c1000,787,10000,0.9212475794448848,-0.9214994942994963,0.9214994942994963,-0.0002519148546115124,87158.3293535265,1413.9731861827086,0.9840359441310811,4482,48,19418.732725371567,-0.004466061995643145,0.1117004101558186,99.55339380043569,10058.996549176956,102.25641890206818,0
flashbots-c1000,788,10000,0.9997843451039761,-0.998001345540672,0.998001345540672,0.0017829995633040774,150014.6405421593,1780.077937481373,0.9882731233648282,9952,70,23683.390422353837,0.013107799220218652,0.0699248985171434,101.31077992202187,9887.905796599025,76.4701005624904,0
flashbots-c1000,789,10000,2.0341624264169496,-2.031348000477152,2.031348000477152,0.002814425939797527,163205.56255593387,1980.0041009470385,0.9880134557696567,8934,110,34295.90372114733,-0.021175697210994854,0.22055560372730126,97.88243027890051,10144.481844766893,45.19913850165597,0
flashbots-c1000,790,10000,2.4860115860926566,-2.4833010737679047,2.4833010737679047,0.002710512324751946,245402.49782092564,2767.105033122992,0.9888499437429074,10866,127,55497.2130256457,0.006088740563285171,0.20516561469449526,100.60887405632852,9921.861543489395,107.42707785417099,0
flashbots-c1000,791,10000,2.5054549982937573,-2.5017011369459965,2.5017011369459965,0.0037538613477607896,125133.32089214447,1503.293753948846,0.9881290750060712,4452,80,33173.53877520755,0.0035352710584378145,0.36257726343586283,100.35352710584378,9959.281840254787,79.51436980792685,0
flashbots-c1000,792,10000,0.8071087893203762,-0.8066441497038568,0.8066441497038568,0.00046463961651943553,131883.094551542,1662.7224892154343,0.987549422916721,8208,55,20726.139699626845,0.0066653390234691304,0.06571656278099994,100.66653390234691,9926.9190425112,107.75392412089055,0
flashbots-c1000,793,10000,2.5388477854780995,-2.5344802651828786,2.5344802651828786,0.004367520295220917,211755.09086300473,2737.0607990832505,0.9872393428949547,9069,131,50136.966550442165,-0.017806822799681755,0.19184278186797074,98.21931772003182,10195.380802731805,90.0232238598749,0
flashbots-c1000,794,10000,1.9762607558348868,-1.9713097271945799,1.9713097271945799,0.0049510286403069426,183187.01154203372,1557.940061554616,0.9915670764043528,8806,112,39254.170287614186,-0.02227097985426525,0.12836430569470664,97.77290201457348,10080.321967273283,75.5775003864907,0
flashbots-c1000,795,10000,0.6829405200046249,-0.678637663866823,0.678637663866823,0.004302856137801903,107075.84936497158,1495.3424750467784,0.9862270787516987,5284,47,19485.80996626766,0.02073980533726811,0.06926239122607086,102.07398053372681,9771.843861698322,101.23265814628994,0
flashbots-c1000,796,10000,1.680030855810199,-1.673871552334532,1.673871552334532,0.006159303475667066,182623.47758298067,1950.3453784356427,0.989433250354015,11496,111,34681.379280707784,-0.026299928806560614,0.10543529413249701,97.37000711934394,10160.005541907276,44.766029147773274,0
flashbots-c1000,797,10000,0.6122330209270408,-0.6096137954717165,0.6096137954717165,0.0026192254553243366,64520.18173077158,1084.9866011115862,0.9834618730703829,4866,41,12024.542221216918,0.00845991366870976,0.11537017078733015,100.84599136687098,9965.244921441736,48.03513720874063,0
flashbots-c1000,798,10000,1.6485458788910434,-1.6458439417529007,1.6458439417529007,0.002701937138142707,176466.5875080439,508.52983555230753,0.997126546131539,9203,100,39447.87984259357,0.014402372818751275,0.08831143219165924,101.44023728187513,9864.391626977062,94.88059338914263,0
flashbots-c1000,799,10000,0.8624035518461859,-0.8623350685084574,0.8623350685084574,0.00006848333772846438,148862.40197400868,2501.586876744248,0.9834730381001596,9771,61,23475.413845022158,0.008491957909535585,0.0926490619329121,100.84919579095356,9904.793114906382,129.93298697183545,0
flashbots-c1000,800,10000,0.651388307041767,-0.6438059501467137,0.6438059501467137,0.007582356895053266,78683.72308351936,850.2770525947502,0.9893092633195917,5019,45,15647.894721278406,-0.03151510689812554,0.07904474541789355,96.84848931018745,10252.417540691898,77.59413458054722,0
flashbots-c1000,801,10000,2.317172273933904,-2.313816575105591,2.313816575105591,0.003355698828312992,242738.1100388733,690.9329422771536,0.9971616659466116,9925,128,51878.57804924218,0.01719586427586222,0.15083955326884124,101.71958642758622,9816.29627201662,104.84914144142202,0
flashbots-c1000,802,10000,2.0646297300818746,-2.0627024585812705,2.0627024585812705,0.0019272715006040109,188193.21591592964,2270.1171168405835,0.9880810805907193,8903,106,42534.97507673227,0.007192022927574726,0.11897156711376397,100.71920229275747,9956.874966387883,87.95038740837605,0
flashbots-c1000,803,10000,1.489882986400093,-1.4860520378609294,1.4860520378609294,0.003830948539163659,210521.77472529808,2667.0071394917854,0.9874899273959767,11458,101,37606.70311800791,-0.020257602514364804,0.0911681213665122,97.97423974856352,10159.538296308792,89.95941612798795,0
flashbots-c1000,804,10000,0.5434312334671793,-0.5428936336592187,0.5428936336592187,0.0005375998079605315,91331.09574656031,1204.1964024439349,0.9869866255946446,7310,38,13979.516094091552,0.0034083338580225588,0.0651246844716114,100.34083338580226,9984.466970576465,97.2363674029311,0
flashbots-c1000,805,10000,0.6357078925997877,-0.6336879908662354,0.6336879908662354,0.002019901733552265,126982.36858598766,2152.244066985029,0.9833333292850862,10005,46,18133.385315592077,0.0022938768215384187,0.05376093490973801,100.22938768215384,9864.530778012579,119.2981378612403,0
flashbots-c1000,806,10000,0.7324403003664159,-0.7279656803980288,0.7279656803980288,0.004474619968387161,87566.84664978152,1860.6550880969999,0.9791937038166315,6295,49,15902.471246807338,-0.02556645872104653,0.11045669694118715,97.44335412789535,10148.834832750723,75.48629317156421,0
flashbots-c1000,807,10000,0.6759516266574289,-0.6687462424117712,0.6687462424117712,0.007205384245657753,105445.32349860246,1737.6792306847187,0.9837877351218309,6689,45,16912.46521190661,-0.02464005485173786,0.06755923023343328,97.53599451482621,10251.081669702435,99.07495247045713,0
flashbots-c1000,808,10000,1.1325162642203233,-1.1322585087340258,1.1322585087340258,0.0002577554862974729,104418.3121898872,229.8940661702812,0.9978031724155141,4459,56,23197.001398446733,-0.0007113738108976975,0.14131307116798694,99.92886261891023,10006.048186434671,99.8784555894213,0
flashbots-c1000,809,10000,2.769155497999258,-2.768024894161101,2.768024894161101,0.001130603838156663,213033.278985346,1310.6819844134293,0.9938851461992049,7414,137,57127.38348292423,0.013864488261722414,0.13442563239101246,101.38644882617224,9854.423858982607,98.84999152418169,0
flashbots-c1000,810,10000,1.9666770468081094,-1.9640199123748516,1.9640199123748516,0.0026571344332577684,179510.67359111796,2086.8678853160873,0.9885082811785374,7456,127,47066.66887822943,-0.0040986435137803316,0.0993162898231779,99.59013564862197,10039.518969797702,110.90749740308672,0
flashbots-c1000,811,10000,1.3772990669001244,-1.379514379932857,1.379514379932857,-0.002215313032732702,248359.54423656224,1829.7201816504025,0.992686655896666,10225,94,46413.84277424394,-0.0005238009785823295,0.06924153730945733,99.94761990214177,9788.028404282079,186.54067034309261,0
flashbots-c1000,812,10000,0.46564233958529755,-0.46447496861583204,0.46447496861583204,0.0011673709694655088,76495.12041387087,68.97527438086667,0.9990991172329428,4189,30,11456.17093459793,0.009689667745651036,0.07577797559316536,100.9689667745651,9901.66414945096,99.1449253962304,0
flashbots-c1000,813,10000,0.35144949404987214,-0.35069023363450924,0.35069023363450924,0.0007592604153628946,62789.018398895416,835.8269760122496,0.9868631983136908,3812,27,9886.050013589656,0.0025540579122950648,0.07366163480914935,100.2554057912295,10071.40966257576,176.8947872540809,0
flashbots-c1000,814,10000,0.3974607976423085,-0.39076121329964053,0.39076121329964053,0.006699584342667986,62903.59863238113,995.2503769242193,0.9844245961804526,4499,29,10430.15462324262,-0.03151870597067031,0.063436644252985,96.84812940293297,10179.937554303704,62.71693477351568,0
flashbots-c1000,815,10000,0.8696489633985623,-0.8685677661175362,0.8685677661175362,0.0010811972810261805,85703.7980046735,949.0913194302022,0.9890472051557294,4600,63,19219.472689692895,0.013545227994036822,0.07565200396638787,101.35452279940368,9883.772702644905,77.68030596446827,0
flashbots-c1000,816,10000,2.071412648068331,-2.0755319013599944,2.0755319013599944,-0.004119253291663405,153031.11396761576,1474.3413110924232,0.990457674724605,6436,101,37451.45466882772,-0.003616339108593394,0.15080350731953218,99.63836608914066,10091.621825723725,64.61531201975052,0
flashbots-c1000,817,10000,0.4023270704175216,-0.3991194838916954,0.3991194838916954,0.0032075865258262004,94526.99091910517,1503.2528899063302,0.9843460473463334,7173,33,12244.917719121464,0.01640314467272759,0.060798784241631265,101.64031446727276,9773.630726541356,129.80734167473219,0
flashbots-c1000,818,10000,0.8002351229086927,-0.796684440157776,0.796684440157776,0.003550682750916745,147587.53563481697,1485.381771480612,0.9900358710534107,9689,63,22062.69658898956,0.016238394591426585,0.06984314213525891,101.62383945914266,9823.366186291154,98.4871648904089,0
flashbots-c1000,819,10000,1.7878739737340434,-1.7873622405571723,1.7873622405571723,0.0005117331768711431,216490.7099720512,2305.7287916018236,0.9894617627022143,9561,119,42335.07286086163,-0.00038466305010771863,0.08961433027360925,99.96153369498923,10035.999242994263,78.1946351444569,0
flashbots-c1000,820,10000,1.4027722155324804,-1.395860898942999,1.395860898942999,0.006911316589481409,176867.60616685933,1254.80226261277,0.9929553935763809,9708,83,32521.54858492867,-0.025210093447405057,0.1254680284386521,97.4789906552595,10241.98671810526,100.49189058316097,0
flashbots-c1000,821,10000,3.130892392495015,-3.1224005990795263,3.1224005990795263,0.008491793415488669,233896.70335397168,2154.3903595789543,0.9908732032303426,8601,173,63088.28368180956,-0.033464673936523893,0.18494836610002935,96.65353260634761,10364.608357559178,96.39702422755052,0
flashbots-c1000,822,10000,0.6780598849442924,-0.6758988325371433,0.6758988325371433,0.0021610524071490333,90685.97198764815,1064.0442192567796,0.9884027898495705,6241,37,13983.376106990883,-0.014697343300866094,0.10429989693199473,98.53026566991339,10100.969557734727,84.97408078309397,0
flashbots-c1000,823,10000,1.663735837794081,-1.6628706263623485,1.6628706263623485,0.00086521143173246,203732.2421510112,1525.2095444025913,0.992569285393517,10974,97,37904.45915498426,-0.006411198137526242,0.10743668752781176,99.35888018624738,10075.670259017134,97.60021019536488,0
flashbots-c1000,824,10000,0.456725808307545,-0.4546792471729191,0.4546792471729191,0.002046561134625924,73973.67337187268,1332.9620422876887,0.9822995406054611,4931,29,10453.553263029135,0.014717166551702122,0.08280264538981669,101.47171665517021,9852.410948838153,86.78164772720766,0
flashbots-c1000,825,10000,1.2522889458077693,-1.2520542944253634,1.2520542944253634,0.00023465138240585937,139568.42533298768,485.1004014643623,0.9965363213891228,6673,75,29267.5650414743,-0.0006027821682511103,0.11251423003737741,99.93972178317489,10005.094219812287,102.54219046099887,0
flashbots-c1000,826,10000,1.9598843145547211,-1.9541438987516813,1.9541438987516813,0.0057404158030398555,179488.82362589036,2012.6269100222542,0.9889112351219252,7791,107,42231.74633111414,0.024863739745965605,0.16964705703681277,102.48637397459656,9798.202296643505,85.45788929678895,0
flashbots-c1000,827,10000,0.9827104964935921,-0.9856665521746208,0.9856665521746208,-0.0029560556810287464,141596.92481595746,1456.4049427929071,0.9898191468506953,5409,61,27562.973900462053,0.007020540327620069,0.07917266206173323,100.702054032762,9789.239312732014,160.70313852432446,0
flashbots-c1000,828,10000,1.1027133031953857,-1.102326874206824,1.102326874206824,0.0003864289885617822,139693.80567398312,2213.58455559271,0.9844012031226027,8342,58,21578.27729709015,-0.0020684538808993123,0.1486720982125105,99.79315461191007,10092.008100446548,75.19124874910781,0
flashbots-c1000,829,10000,0.8199134070003384,-0.8187853107468186,0.8187853107468186,0.0011280962535198391,132967.55599583397,688.7482545148164,0.9948468704235249,7087,59,23249.1115587526,0.009043543366298933,0.06419407686788645,100.9043543366299,9886.905114018555,122.83687938068753,0
flashbots-c1000,830,10000,0.5819130114219015,-0.5811664426900052,0.5811664426900052,0.0007465687318963798,130343.40530356606,3078.9553323673554,0.9769232434676461,9277,47,18831.99203761735,-0.008862815740953352,0.04784648327866236,99.11371842590466,10014.602515921279,112.94110362518128,0
flashbots-c1000,831,10000,2.5735986231817307,-2.575270739857217,2.575270739857217,-0.0016721166754862793,155295.6303976552,1621.9994487760468,0.9896633702002546,5500,122,43952.729340182545,0.00418965495694863,0.18214799214657873,100.41896549569486,10042.600689402763,51.688097046321765,0
flashbots-c1000,832,10000,2.559613668734805,-2.5582408318937837,2.5582408318937837,0.0013728368410212966,282970.7878352951,3308.1288987576854,0.9884443851594182,10584,161,62202.872806827494,0.00027827871921417115,0.09484046412836705,100.02782787192142,9974.69672030203,91.85844630659516,0
flashbots-c1000,833,10000,2.541159731383334,-2.539739716343547,2.539739716343547,0.0014200150397867262,189879.9945901266,2309.6001059425566,0.987982699533786,6766,120,49898.229550712516,-0.0023454410177185993,0.14262559127091406,99.76545589822814,9957.453945841631,104.45568928617625,0
flashbots-c1000,834,10000,2.3731638101945984,-2.3640802756675896,2.3640802756675896,0.00908353452700883,212082.95149821186,1749.248462158954,0.9918195273561085,9982,140,48299.73388024776,-0.04562079073571894,0.10593975786915437,95.4379209264281,10267.04489974364,46.10246177590722,0
flashbots-c1000,835,10000,2.549590152473507,-2.5445663897902477,2.5445663897902477,0.005023762683259214,139750.42947424555,1464.1469276943044,0.9896317578184926,6012,136,39644.96950305647,0.034539386110982236,0.21778016472605088,103.45393861109822,9819.62797251798,34.93327604732511,0
flashbots-c1000,836,10000,3.12874111742338,-3.1284202961118694,3.1284202961118694,0.0003208213115106773,275685.5225178466,2105.783479155526,0.9924195486550675,11183,170,66976.56094730119,0.0039465232817300945,0.12986765441035375,100.39465232817301,9975.568346439008,90.85752508151614,0
flashbots-c1000,837,10000,0.8505809671082407,-0.8416800394221582,0.8416800394221582,0.008900927686082527,116646.53518769682,1545.7870608578246,0.9869214257622667,6293,60,21738.823487903108,-0.030301725724288103,0.06284104460475405,96.96982742757119,10310.381197015773,91.23673533614378,0
flashbots-c1000,838,10000,0.415222230011875,-0.40930004519691465,0.40930004519691465,0.005922184814960374,66997.13487253487,1313.765649319275,0.9807678476014384,4878,34,9661.315466240936,-0.02134866433577727,0.06412879619340188,97.86513356642227,10146.549210710842,60.250967028008056,0
flashbots-c1000,839,10000,0.9227526823453639,-0.9169692713132918,0.9169692713132918,0.005783411032072139,82458.87174227949,1435.6389287146621,0.9828875701493183,4146,47,18751.205646685168,0.024265768390604025,0.11327211337802026,102.4265768390604,9680.801726199998,108.29122919939262,0
flashbots-c1000,840,10000,0.5590196643197312,-0.5590429615300252,0.5590429615300252,-0.00002329721029403764,84847.56663558297,1235.696480616401,0.9856453341115985,6721,40,12740.1329618418,0.00013178883154822075,0.07414540881648989,100.01317888315482,10050.674876010851,71.96154163648174,0
flashbots-c1000,841,10000,0.9801939563350781,-0.9791613027037442,0.9791613027037442,0.0010326536313338686,145145.590075786,2122.6908191388234,0.9855862321048389,5738,66,25049.992892987055,0.014225386406502026,0.07934335678281712,101.4225386406502,9906.144413305743,100.83021057413497,0
flashbots-c1000,842,10000,3.630240753540975,-3.6320707224054445,3.6320707224054445,-0.0018299688644694,297412.6985662603,3673.2800022891734,0.9877998968276337,11560,160,71542.8845420349,0.01264126037836519,0.2124113514544547,101.26412603783652,9906.816695636315,104.82636872516866,0
flashbots-c1000,843,10000,1.0640299367053532,-1.0593119895731888,1.0593119895731888,0.004717947132164335,108669.76339443175,1900.7807854929406,0.9828093386028749,5666,64,24618.162200882576,0.01970180261191956,0.12259496733532985,101.97018026119196,9842.442305655664,90.99599602018608,0
flashbots-c1000,844,10000,2.020498191174539,-2.0200545606694504,2.0200545606694504,0.00044363050508877677,220783.33843819253,1883.589927006407,0.9915407737429373,9191,131,50609.164620837044,0.0018360966241527876,0.09637903472308765,100.18360966241528,9948.86868598581,130.21283471593298,0
flashbots-c1000,845,10000,1.9033188234675682,-1.894650808461165,1.894650808461165,0.00866801500640313,227041.25194306648,2317.8830163442503,0.9898940889502638,9594,123,48013.452591313406,-0.02523540331131443,0.08869652528441235,97.47645966886856,10113.206203203501,86.84440521727163,0
flashbots-c1000,846,10000,4.287352094165554,-4.2827933210464835,4.2827933210464835,0.004558773119070381,300876.2268003858,2777.321190785111,0.9908536514420512,11522,198,77496.75389501773,0.01677395566494866,0.24483011948728745,101.67739556649487,9903.090458062092,86.26568770451667,0
flashbots-c1000,847,10000,0.615247725490842,-0.6146514965585368,0.6146514965585368,0.000596228932305154,115987.46234453391,1779.9562055372662,0.9848858349155333,9238,46,15208.87702681273,-0.007808886934092385,0.06298419876988547,99.21911130659076,10152.490039538006,101.68714168473659,0
flashbots-c1000,848,10000,1.8713079542552966,-1.8624279191426467,1.8624279191426467,0.008880035112649898,197246.5205390249,2526.029100193576,0.9873554744895858,9248,109,40723.21935592132,-0.030471837886799448,0.10442785247127062,96.95281621132006,10261.209065950125,86.78353724731187,0
flashbots-c1000,849,10000,1.8433546492959643,-1.8422200667184825,1.8422200667184825,0.0011345825774817797,135231.18013768995,1824.3866126431728,0.9866887084129421,6517,103,33821.83277468131,0.012598161659613537,0.1807306330430316,101.25981616596135,9963.148937052112,48.957746823523024,0
flashbots-c1000,850,10000,0.3778761097946408,-0.3688814178804023,0.3688814178804023,0.008994691914238517,65126.256796700734,1436.6458881546134,0.9784167181687303,5426,28,9449.213652714727,0.03535156816725973,0.057067613224468516,103.53515681672597,9801.351877106894,67.06723239911757,0
flashbots-c1000,851,10000,2.0496426608961658,-2.050624544371601,2.050624544371601,-0.0009818834754353745,174955.38912294156,1385.918955153637,0.9921407016299331,7975,100,39349.914922677104,0.0009937070494775923,0.14817385244739556,100.09937070494776,9959.226012881354,82.33778507966863,0
flashbots-c1000,852,10000,1.6844223906918303,-1.6864187146091467,1.6864187146091467,-0.0019963239173164116,168393.85343009248,1671.9264838301262,0.9901689423664399,6121,85,40054.877801962495,0.0038454088382341924,0.1231152237201141,100.38454088382342,9993.222154920968,88.6748237802902,0
flashbots-c1000,853,10000,0.4510249326408778,-0.45124417910466263,0.45124417910466263,-0.00021924646378485013,103423.69135917409,1805.042030003006,0.9828464909548302,8378,36,12912.24927667794,-0.008150842814589651,0.045959115269208865,99.18491571854103,10097.350148525717,148.30004310935598,0
flashbots-c1000,854,10000,1.2699273035405034,-1.268693289292571,1.268693289292571,0.0012340142479323468,166802.95699970532,1552.9997533953142,0.9907754986319085,9681,84,30114.65756503028,0.004773786109338119,0.10622645226092146,100.47737861093381,9947.007033251823,91.36150052574122,0
flashbots-c1000,855,10000,1.8643299500968706,-1.8635325072103797,1.8635325072103797,0.0007974428864909733,270731.17063391936,2300.4386288851306,0.991574460425676,10521,120,54838.12606999288,-0.008304237659503997,0.08621999216333037,99.1695762340496,10166.41977803221,198.6265803228232,0
flashbots-c1000,856,10000,2.1487358010136353,-2.1446058947622646,2.1446058947622646,0.004129906251370663,129499.73217815494,1249.3197031789111,0.9904449043017706,4771,113,38140.21856512618,-0.026821931946685425,0.17661797167632387,97.31780680533146,10130.896444545138,67.00186336323387,0
flashbots-c1000,857,10000,1.9757734934156426,-1.9726013553671748,1.9726013553671748,0.003172138048467721,118504.24977169337,1127.6758497848914,0.9905737883601998,5343,78,25679.737783260032,-0.00921121024880776,0.3631241005399168,99.07887897511922,10077.488399844204,60.32203024469303,0
flashbots-c1000,858,10000,0.9949563650096126,-0.991872605108199,0.991872605108199,0.0030837599014136297,123246.31402848042,1864.0090045227387,0.9851010775183513,7844,56,20404.450082327923,-0.018861584826325526,0.14050881628133524,98.11384151736745,10142.803339376846,77.63671165355022,0
flashbots-c1000,859,10000,2.798546283303205,-2.7954465930147308,2.7954465930147308,0.0030996902884741218,280152.6396473979,2094.341645480213,0.992579755376349,10236,172,66504.38055156717,0.018157969563709173,0.09956558621298256,101.81579695637092,9843.638793386788,80.30670692604882,0
flashbots-c1000,860,10000,0.7376503261105292,-0.7381265405501267,0.7381265405501267,-0.0004762144395975554,142692.49724542352,1568.723755023613,0.9891258111906681,8972,47,18751.150661959055,0.011324172598058055,0.12168692351881717,101.1324172598058,9687.687350198066,197.45107031287412,0
flashbots-c1000,861,10000,1.0343994390799782,-1.0340109827309334,1.0340109827309334,0.00038845634904483006,110914.02809310952,722.4934759453788,0.9935281620585208,5375,63,24168.651849954764,0.0009853065576562868,0.09186893272686049,100.09853065576563,10000.605176753845,101.3932377875106,0
flashbots-c1000,862,10000,2.2590244290313417,-2.2517760142467296,2.2517760142467296,0.007248414784612134,224351.39566696176,2339.9842601978075,0.9896776654632845,9868,136,54487.81747137821,0.02928461646924049,0.11290705069129928,102.92846164692405,9857.267235197922,57.60465136755883,0
flashbots-c1000,863,10000,1.0986367093375486,-1.0985769037276896,1.0985769037276896,0.000059805609859076014,140205.3808290178,1537.9938098623713,0.9891494483337883,6905,63,27535.955337952786,0.0024575416440816866,0.1079765747630077,100.24575416440817,10000.034750431285,145.07392197208722,0
flashbots-c1000,864,10000,0.704668752315391,-0.7043218173034518,0.7043218173034518,0.00034693501193916454,112416.17074352801,1591.6868284886214,0.98603879712867,8830,55,16969.31363368162,0.007461487880818965,0.07853454532924843,100.7461487880819,10026.70708608142,46.03179362892335,0
flashbots-c1000,865,10000,0.842448674339404,-0.836247910107204,0.836247910107204,0.006200764232199951,107048.8378861944,1261.3604933946774,0.9883541853651301,5599,57,22469.768721337306,-0.021709733860724185,0.07274428175748597,97.82902661392758,10292.282456792464,122.21216496178592,0
flashbots-c1000,866,10000,0.4132186053943518,-0.407907305697222,0.407907305697222,0.00531129969712979,76322.70047409332,1911.41102774819,0.9755680611557376,5502,31,11475.27015869685,0.024006298182872712,0.04368878108819232,102.40062981828727,9745.129607623692,108.47222454667182,0
flashbots-c1000,867,10000,1.8731676775731385,-1.8726256249249786,1.8726256249249786,0.0005420526481598742,188067.68953042146,1832.3816321896734,0.9903508112399778,7758,110,42876.642460563424,0.00434789276031637,0.1006228340061996,100.43478927603164,9985.327956898751,94.5777182947253,0
flashbots-c1000,868,10000,0.5118099506270117,-0.5112747626657779,0.5112747626657779,0.0005351879612338628,91802.96966887962,432.5241659079639,0.9953106537632606,5239,36,13233.720889180146,0.004259694797835607,0.06131917892584042,100.42596947978356,9955.159734132367,99.10295489690044,0
flashbots-c1000,869,10000,0.7280685312873176,-0.7272094207924624,0.7272094207924624,0.0008591104948552086,83296.41035557064,1193.1879765473534,0.985877693821468,5179,55,17791.872021136816,0.0017748128489857606,0.05292666578395867,100.17748128489858,10001.998287933127,80.18677816515901,0
flashbots-c1000,870,10000,0.5254266768885777,-0.5148863973162179,0.5148863973162179,0.010540279572359812,76804.10689907358,969.547445435342,0.9875337290807938,4056,34,13118.916800278168,0.03197945421529013,0.08361656979557608,103.19794542152901,9668.180893315115,105.06790297340291,0
flashbots-c1000,871,10000,0.4788894636918211,-0.4715944924143969,0.4715944924143969,0.007294971277424234,79895.49046423411,1079.3820409732207,0.9866701606612125,4403,34,14083.752848089935,0.022048986565498013,0.0558344723893994,102.2048986565498,9792.208014722351,162.52717894192187,0
flashbots-c1000,872,10000,2.2887810159162982,-2.284068579779813,2.284068579779813,0.0047124361364851985,161298.654283643,1361.7184578671788,0.9916284560589865,7415,123,39932.052049667225,-0.00020628684127970586,0.20482492489765264,99.97937131587203,9969.991069181999,46.93697407140254,0
flashbots-c1000,873,10000,2.1508594045904235,-2.1475720022850737,2.1475720022850737,0.0032874023053497403,202848.2483212553,88.4128568605594,0.9995643327511782,8090,124,49473.272732941994,0.01703853329733306,0.09911389861463021,101.7038533297333,9837.452926347702,98.61261982968234,0
flashbots-c1000,874,10000,0.9467189259636839,-0.9402547994429256,0.9402547994429256,0.00646412652075834,110552.79065043516,1282.6894855676344,0.9885305675443271,5285,58,22551.202858865134,-0.024608719913307056,0.10050769177476766,97.5391280086693,10216.633834371656,103.32487417824419,0
flashbots-c1000,875,10000,2.6466358703728714,-2.6421811504550305,2.6421811504550305,0.004454719917840855,207835.10712204073,1897.67210599859,0.9909519527038962,8320,150,52463.005662807416,-0.02424539303399442,0.1486328324613754,97.57546069660056,10162.856441919988,86.56645037972162,0
flashbots-c1000,876,10000,2.337188401016294,-2.3354975420973005,2.3354975420973005,0.0016908589189936762,239097.63266133433,2604.773630055278,0.9892232201159179,10778,140,53679.60661627813,0.0062387955076982846,0.09291450529000883,100.62387955076983,9927.786239213709,85.52460096449374,0
flashbots-c1000,877,10000,1.8066096533310454,-1.805854220171284,1.805854220171284,0.0007554331597614539,144080.9297836125,1211.290032140158,0.9916630771167498,5643,100,36113.04944557766,0.0009014861686705444,0.13671506953093968,100.09014861686705,10023.90171922986,70.11026216843064,0
flashbots-c1000,878,10000,1.3582171981604594,-1.3562723131049665,1.3562723131049665,0.0019448850554928399,143617.8287940713,1497.2154102849067,0.9896825624214642,5790,81,31350.675535769427,0.004448302575183334,0.10021702449259337,100.44483025751833,9915.351346237107,99.63650055586174,0
flashbots-c1000,879,10000,2.5254952975974114,-2.524606774638926,2.524606774638926,0.0008885229584856269,292792.6001607165,1845.6391185685363,0.9937359145130544,10779,157,63351.14955834293,-0.009242148190112686,0.08348345077717965,99.07578518098873,10182.820210771515,106.96298308753185,0
flashbots-c1000,880,10000,0.9706532887268521,-0.9667923209803462,0.9667923209803462,0.0038609677465059056,130513.13836139331,1637.5756744629184,0.9876082722185019,7356,70,25614.04530489459,-0.019334759378539415,0.07329758852047576,98.06652406214606,10180.838002038863,105.03268926818903,0
flashbots-c1000,881,10000,3.190737012497106,-3.1847178981806223,3.1847178981806223,0.006019114316483609,229808.1525311925,1457.0099536717687,0.9936998295029968,8511,175,62326.00630286197,-0.022881568269732498,0.17487234177584,97.71184317302675,10208.130416760961,79.91864952698177,0
flashbots-c1000,882,10000,0.7699359755578224,-0.7646659299699081,0.7646659299699081,0.005270045587914329,120874.67886177315,2889.823556132134,0.9766506267978656,7850,55,19543.73665432685,-0.023059187870595535,0.06416406221337652,97.69408121294045,10206.679592722188,92.96718688283305,0
flashbots-c1000,883,10000,0.8861252937013563,-0.88336207096674,0.88336207096674,0.0027632227346162663,112417.96081513887,1920.4105054483268,0.983204146750842,8508,57,19055.528305141524,-0.015010186381172162,0.10871853153366033,98.49898136188278,10107.466604452666,57.866316955603345,0
flashbots-c1000,884,10000,0.9313865478529444,-0.9328867683270232,0.9328867683270232,-0.0015002204740788283,127548.36849446558,1424.4509531811848,0.9889554174338308,6532,63,24637.684444456656,-0.003918991469017214,0.059360585044701965,99.60810085309828,9937.423324787158,171.72152903121366,0
flashbots-c1000,885,10000,0.8173930880672463,-0.8158454062884744,0.8158454062884744,0.0015476817787719588,106989.67264820155,976.2983144126969,0.9909573516015453,5692,53,19774.03379891526,0.010891873891627171,0.08520655933845632,101.08918738916272,9893.965474879224,95.93368572207761,0
flashbots-c1000,886,10000,2.8524664966102686,-2.848424454681947,2.848424454681947,0.0040420419283218045,266745.0690384044,2360.1039667436844,0.9912298082553079,10854,153,60467.476996190686,-0.015249861654905175,0.1394909989024086,98.47501383450948,10137.969097597925,98.39244390078188,0
flashbots-c1000,887,10000,0.3898757718652475,-0.38992594710617823,0.38992594710617823,-0.00005017524093070547,76180.84354739334,1579.0371660315204,0.9796934209319215,5384,29,11013.648952642146,-0.002458914337152578,0.05312749180318832,99.75410856628474,10007.34301342608,150.83631635609953,0
flashbots-c1000,888,10000,0.8670353785051507,-0.8657381166308369,0.8657381166308369,0.001297261874313782,152128.96423093832,1172.8222320949726,0.992349585356086,10988,67,23627.456012966475,-0.009382212719078211,0.06922823920884227,99.06177872809218,10101.886306944032,101.32791616145774,0
flashbots-c1000,889,10000,1.450654843272096,-1.4485289924660378,1.4485289924660378,0.002125850806058205,169415.48301632973,2063.4471625262963,0.9879667597624145,7701,93,35885.06711065751,0.01305951331438635,0.0708930509948857,101.30595133143864,9875.765490549009,96.7181977662013,0
flashbots-c1000,890,10000,0.9537788821455307,-0.953842030463818,0.953842030463818,-0.00006314831828724277,97354.6829091051,705.9074793218159,0.9928013131827409,4462,55,21737.25433184945,0.0011847741993969408,0.11815230906460016,100.1184774199397,9972.214315816787,101.83985582112363,0
flashbots-c1000,891,10000,0.5799297767300848,-0.5782706478709656,0.5782706478709656,0.00165912885911923,108847.93922109042,1847.6789477523205,0.9833084725636196,8251,45,16537.750306846672,-0.0007139029347573001,0.0620061829697002,99.92860970652427,10046.241093635183,97.39477003811395,0
flashbots-c1000,892,10000,0.6645208033576859,-0.6590411165001342,0.6590411165001342,0.0054796868575517355,89981.1213528614,1150.311835339759,0.9873774416236363,4889,48,18684.458127049074,-0.028484012245002077,0.06317997198905602,97.15159877549979,10309.198682014405,87.98773448184434,0
flashbots-c1000,893,10000,2.249390256562069,-2.239673276470114,2.239673276470114,0.009716980091954763,280281.3878025441,2140.3525522608115,0.992421431333254,10661,122,54614.57336482106,-0.024372449457669063,0.15816550467095142,97.5627550542331,10389.697303330953,162.11446641430615,0
flashbots-c1000,894,10000,3.0095564631542304,-3.0101338870091467,3.0101338870091467,-0.0005774238549163258,234864.3662256805,2053.0307478584423,0.99133440273241,8960,140,57408.918726142896,0.004298095056186213,0.28141472105529275,100.42980950561862,9986.832511715764,103.80107120402114,0
flashbots-c1000,895,10000,1.3276456900620242,-1.3268597359395926,1.3268597359395926,0.0007859541224315425,223587.76398135631,2125.3878494956666,0.9905836774142057,10967,89,38309.352220876404,0.0021177345870998466,0.11132102922608425,100.21177345870998,9923.68730730783,152.32987369519603,0
flashbots-c1000,896,10000,0.685984098021573,-0.6821440196317781,0.6821440196317781,0.003840078389794943,105843.61134848543,1823.2760465945955,0.9830655822722529,7341,51,17278.68172058701,-0.02036711094230199,0.06327767072393556,97.9632889057698,10134.291147015403,74.75278526739645,0
flashbots-c1000,897,10000,1.3880387304988033,-1.38306441271979,1.38306441271979,0.00497431777901336,134138.24295017042,1818.6863439758724,0.9866230698691268,8014,81,26472.17001121312,0.023987413506939816,0.18223194533363682,102.39874135069398,9881.793540337661,61.66054881566218,0
flashbots-c1000,898,10000,1.0178409189113824,-1.013862070670001,1.013862070670001,0.003978848241381394,147291.12606264633,1958.054689988086,0.9868806335812766,10103,66,21999.060742338952,0.007972897250473778,0.12588162878632558,100.79728972504738,9895.187070741096,61.72752126679433,0
flashbots-c1000,899,10000,3.627922102967819,-3.6147394092707827,3.6147394092707827,0.013182693697036285,195236.84826667077,2493.8780108890237,0.9873875039158644,8556,190,52452.999541245736,-0.04779647714525325,0.21552558934429072,95.22035228547468,10210.611154656659,48.27563102318908,0
flashbots-c1000,900,10000,1.1649763316909467,-1.1637335780282,1.1637335780282,0.0012427536627466207,173455.92242819793,2027.8942581338938,0.9884439813515189,11490,79,29407.544683002674,-0.007369703926283932,0.11093491391435478,99.2630296073716,10064.276260555334,95.15456377734994,0
flashbots-c1000,901,10000,2.1752861338563263,-2.175750151007861,2.175750151007861,-0.000464017151534879,191281.60635646616,2099.032195780825,0.9891455927982484,10057,145,43188.18483011805,0.0016694749850908863,0.11975699266190716,100.16694749850909,9886.983810274469,51.95977984924389,0
flashbots-c1000,902,10000,3.3294832136180132,-3.330664439799449,3.330664439799449,-0.0011812261814356795,226164.25911304753,2358.8069371899774,0.9896780356663365,9724,157,53256.208765965144,0.0007144142160174738,0.4196633027234023,100.07144142160175,9940.66231983076,42.07959173122799,0
flashbots-c1000,903,10000,1.6370981232387996,-1.6269701407816797,1.6269701407816797,0.010127982457119877,251064.80133857825,2110.8376707685184,0.9916625561644554,11885,108,47966.730125867725,-0.03184495331648236,0.07475436157459456,96.81550466835176,10322.027715820375,79.3553036882172,0
flashbots-c1000,904,10000,1.6801966939877357,-1.678769976514502,1.678769976514502,0.0014267174732336407,214245.74089076676,430.20641593402723,0.9979960194827071,10060,114,43627.260012529594,-0.009906052467099897,0.07355342229084613,99.00939475329001,10100.598348417101,103.56459739764196,0
flashbots-c1000,905,10000,1.7736825147915751,-1.7716562530250712,1.7716562530250712,0.0020262617665038896,202638.04899837825,952.3562446100187,0.9953221948574965,8500,106,41619.41593086058,0.012821668958783334,0.08065021531082564,101.28216689587833,9874.607149682617,95.28967750177506,0
flashbots-c1000,906,10000,0.3544650696538537,-0.35102173047545193,0.35102173047545193,0.003443339178401783,100447.31341012834,1826.2558055809748,0.9821434235689072,7428,27,11311.787419399323,-0.017270243011253114,0.0501463539655235,98.27297569887469,10303.175970637492,176.99047483532598,0
flashbots-c1000,907,10000,0.749267890641183,-0.7441994194102222,0.7441994194102222,0.00506847123096088,100378.66264126748,1545.0983852684965,0.9848406458934906,5445,49,17337.975843725508,0.009943018847435212,0.0823493287924785,100.99430188474352,9823.54423570213,116.46277568617353,0
flashbots-c1000,908,10000,1.3591615300334507,-1.3555205984758913,1.3555205984758913,0.0036409315575594015,159880.05416213116,2543.7716443530276,0.9843386791825496,8473,88,33657.1070309888,0.02110829844077557,0.09416012588142636,102.11082984407756,9802.657021511588,80.53688170807973,0
flashbots-c1000,909,10000,1.7121036380124819,-1.6846659958894463,1.6846659958894463,0.027437642123035566,158310.0620883758,1312.4551005319486,0.991777757150774,6821,94,35519.11023220925,0.06442180543830929,0.11849602637646328,106.44218054383093,9593.205584652516,63.95569969304597,0
flashbots-c1000,910,10000,1.8735179562396027,-1.871494118488556,1.871494118488556,0.002023837751046642,250423.15356730364,2773.249058277525,0.9890470439962036,10721,109,50277.46949753778,-0.00936877125736899,0.13537882624637093,99.0631228742631,10262.902095873702,185.42967231080868,0
flashbots-c1000,911,10000,1.2252002900808794,-1.2214802446589488,1.2214802446589488,0.0037200454219306067,180964.50847952068,2194.4401342972287,0.9880189302739223,11929,88,30198.69042411069,0.008632508094151064,0.08294219484801843,100.8632508094151,10088.067079148926,52.93232788898077,0
flashbots-c1000,912,10000,1.4572636831058972,-1.4571528373899127,1.4571528373899127,0.00011084571598440895,212170.58821013698,1484.048422466002,0.9930539844776786,9101,100,40809.236420911984,0.0015002915311842458,0.06772190004504366,100.15002915311842,10016.28769720036,134.0828478532055,0
flashbots-c1000,913,10000,1.2105281353376836,-1.2098517312703052,1.2098517312703052,0.0006764040673783445,171279.22402926246,2807.4072524051044,0.9838735046353859,9645,80,30724.455345689687,0.009418736899624776,0.08003360389483972,100.94187368996248,9946.597241864229,74.17759602197118,0
flashbots-c1000,914,10000,1.0202716543952364,-1.0152768430193646,1.0152768430193646,0.004994811375871766,120142.34547763533,1783.2738863973825,0.985374083841452,7183,65,23139.163145708022,-0.018459174197757732,0.08796305031562937,98.15408258022423,10062.933742997126,80.71806694001118,0
flashbots-c1000,915,10000,1.9808006087640093,-1.978388055147093,1.978388055147093,0.002412553616916391,181744.71446089688,2105.6615677336995,0.988546873750175,8783,109,41457.66902045665,0.003224717423336614,0.10442925573528314,100.32247174233366,10025.023508949998,91.80961420802007,0
flashbots-c1000,916,10000,1.1495534606083098,-1.1449722700614302,1.1449722700614302,0.004581190546879554,98237.99776673409,1576.016259983017,0.9842104710911519,7377,65,17024.915147142547,0.01337795782780276,0.20287160902902784,101.33779578278028,10024.716870136692,31.36505247600264,0
flashbots-c1000,917,10000,1.9978729045538282,-1.9902801634250409,1.9902801634250409,0.007592741128787273,267083.6373524207,3050.1851159829557,0.9887086145373754,11552,122,51574.123127043065,0.020214183836429242,0.07815175972411766,102.02141838364292,9656.943513104736,177.4678224861306,0
flashbots-c1000,918,10000,1.5066018523799118,-1.506083501182303,1.506083501182303,0.0005183511976087907,104661.14012775564,1442.4450399553145,0.9864053129055409,5323,70,23948.957549077924,-0.012409087093074334,0.21160754517411362,98.75909129069257,10026.831576016262,114.53240818853689,0
flashbots-c1000,919,10000,0.9052292718589029,-0.9050533472174038,0.9050533472174038,0.00017592464149907006,183850.83440631305,1674.7256947815981,0.9909730729616499,8916,60,28779.585841901913,0.009862021199927967,0.07373339838448728,100.9862021199928,9753.298510081022,224.58719251823345,0
flashbots-c1000,920,10000,0.7142200123190617,-0.7150315820649098,0.7150315820649098,-0.000811569745848062,95004.69838037326,1238.9940331441312,0.9871264910762078,5985,50,17747.751075355794,0.003527272588453627,0.0764618622709844,100.35272725884536,9833.64959702694,76.11630482573209,0
flashbots-c1000,921,10000,0.2539622096459078,-0.25482641174363607,0.25482641174363607,-0.0008642020977282505,95322.29688350012,1400.6997692085436,0.9855184411393098,7791,22,9585.272488914732,0.0001996809511778963,0.034721805659800396,100.01996809511779,9839.04567303781,157.45369450939688,0
flashbots-c1000,922,10000,1.4137302337293347,-1.412768771868798,1.412768771868798,0.0009614618605366942,139021.6896504266,1359.4583207825174,0.9903159481139068,5402,83,32945.38911026827,0.0003636231985285576,0.08904670662136638,100.03636231985286,9991.683896065617,94.81008829113199,0
flashbots-c1000,923,10000,1.4909825062153432,-1.4883197819877978,1.4883197819877978,0.002662724227545432,176373.66950966156,1630.4725652897052,0.9908402549160729,8539,96,37271.19400211988,0.014206270019900415,0.12038502331253724,101.42062700199004,9820.525961117904,110.38617493415198,0
flashbots-c1000,924,10000,0.6606597304953097,-0.6552943544681398,0.6552943544681398,0.00536537602716991,77010.84123204621,1919.6762536732524,0.9756789095672587,4414,36,14637.378544372203,-0.02185807603884598,0.11794399542395823,97.8141923961154,10243.610394222946,116.5546764444914,0
flashbots-c1000,925,10000,1.1423150838749647,-1.1458750280487493,1.1458750280487493,-0.0035599441737845794,119912.55376429268,1077.3041373499916,0.9910959136903378,4948,61,28496.67172173881,0.007818500211477755,0.10204649434041813,100.78185002114778,9966.61800164575,91.18801028239726,0
flashbots-c1000,926,10000,0.7727368975540261,-0.7708152450537682,0.7708152450537682,0.0019216525002578866,107960.58363148395,1657.699562196502,0.9848775266871533,5884,57,20654.221104111148,-0.009869164331264528,0.08945830234951643,99.01308356687355,10114.539309123384,103.07168258716703,0
flashbots-c1000,927,10000,1.3079207480026018,-1.308584075601118,1.308584075601118,-0.0006633275985161724,145203.63186002453,1624.5982433276372,0.9889353822341651,5621,86,33029.06303983844,-0.0006149115695909302,0.06748694915577232,99.9385088430409,10007.936450420304,104.82748780615688,0
flashbots-c1000,928,10000,1.2099469563034757,-1.2091536150509228,1.2091536150509228,0.000793341252552926,105776.7821165048,860.1962202837798,0.9919334152777,4512,63,23731.842840279765,-0.0022515164787816387,0.20335716540470813,99.77484835212184,10028.831450249085,83.2080907777807,0
flashbots-c1000,929,10000,0.8731038443275877,-0.8668470088599634,0.8668470088599634,0.006256835467624344,117300.59410633272,1272.8657505919532,0.9892651715474285,5208,56,24365.359902647673,-0.024331151822715072,0.06797015934786486,97.56688481772849,10339.291330056147,127.89647149898721,0
flashbots-c1000,930,10000,0.8891211522859124,-0.8883699542092813,0.8883699542092813,0.0007511980766310433,151410.88358499284,2097.34277689033,0.9863372613533687,9808,63,24403.467324812213,0.0021487109161598995,0.05947586386192825,100.21487109161599,9908.697287677882,110.88951471751186,0
flashbots-c1000,931,10000,1.0317949492161123,-1.0304169497240423,1.0304169497240423,0.001377999492069959,96652.58928136407,885.9647858613879,0.9909167734304246,4076,55,21934.31030271092,0.00036314582296938626,0.1116008120641969,100.03631458229694,10018.211581787658,107.36776649630849,0
flashbots-c1000,932,10000,1.0519483841375485,-1.051438274789291,1.051438274789291,0.0005101093482575703,181935.70361078554,185.27498332704474,0.9989826818153664,11017,73,27111.02841707337,0.0013813315395616143,0.08552597330698035,100.13813315395616,9990.40353116218,101.02862854195298,0
flashbots-c1000,933,10000,1.5672384550136953,-1.5646976321272632,1.5646976321272632,0.0025408228864320925,240784.65432250284,1994.9342264444192,0.9917829409038552,10130,98,44035.81239908935,-0.004751333136702413,0.11063875713886062,99.52486668632976,10154.291456950752,118.56551349852177,0
flashbots-c1000,934,10000,1.7453216128016134,-1.7403971763916388,1.7403971763916388,0.004924436409974531,154985.14325948266,1541.9174627871603,0.9901491955724958,8098,94,33441.32706205383,0.0030191282279464814,0.25334178026046444,100.30191282279465,10037.468495175393,73.91346420600289,0
flashbots-c1000,935,10000,1.7718481862516884,-1.7618835177420635,1.7618835177420635,0.009964668509624852,129304.4046391781,1219.5790673571744,0.9906562837516573,6436,96,31451.00417380404,0.0373832920432595,0.15661391037153777,103.73832920432595,9799.38868165811,60.009998089698215,0
flashbots-c1000,936,10000,0.2720652281505119,-0.2721121954706973,0.2721121954706973,-0.000046967320185442585,56660.18990710014,1728.8039362733998,0.9703916128284236,4174,19,7056.015937075902,-0.004138327723073161,0.061434323484985925,99.58616722769268,10049.338479137412,105.05855312620623,0
flashbots-c1000,937,10000,2.2648829504588166,-2.2682737154960364,2.2682737154960364,-0.0033907650372198006,221097.4465036939,2342.0262389274208,0.9895182967889242,8266,118,52514.77643024624,0.014266741207226801,0.1575074051709481,101.42667412072268,9767.111391093666,150.2718954070977,0
flashbots-c1000,938,10000,0.7751493770368539,-0.769795765372578,0.769795765372578,0.005353611664275948,153421.68685964233,2020.6577597571018,0.9870005964931584,9651,55,21519.60650712829,-0.019387788690054465,0.0678197044669031,98.06122113099455,10312.716505035793,126.17586885449033,0
flashbots-c1000,939,10000,1.0870905912163427,-1.0865913725815517,1.0865913725815517,0.0004992186347909655,157818.13469145066,1075.328635087622,0.9932323922421041,9529,76,27881.46983368334,0.0029929244725600767,0.08622549130256928,100.29929244725601,9976.678518230898,101.06099073645629,0
flashbots-c1000,940,10000,1.023863098941102,-1.0250437839694087,1.0250437839694087,-0.001180685028306705,119129.82743580146,1332.330295222643,0.9889398436793939,5848,65,24605.192091213365,-0.003418947601257827,0.08097717977863753,99.65810523987422,10121.24730564193,120.78313631376483,0
flashbots-c1000,941,10000,1.7464187020511472,-1.747736631275984,1.747736631275984,-0.0013179292248368668,226491.29827549303,1895.5807827318474,0.9917001327285155,8540,116,49952.64224037437,0.003442791224557453,0.07502608398341294,100.34427912245575,10045.388619519223,169.26597924815883,0
flashbots-c1000,942,10000,2.970243698427441,-2.9651610104394877,2.9651610104394877,0.005082687987953527,174746.41947530335,1627.3788802568497,0.9907731256261991,9503,155,42542.92574223671,-0.006314454730471226,0.1861946538269605,99.36855452695288,10114.421172720737,25.402786763145137,0
flashbots-c1000,943,10000,2.249591203298622,-2.248530430502001,2.248530430502001,0.001060772796621201,224767.49072493077,2741.1612318792922,0.9879513978554114,11509,115,41367.50243480811,0.0031163168355011804,0.24887520906038474,100.31163168355012,9935.616933875792,78.19488420272818,0
flashbots-c1000,944,10000,0.9324872778967539,-0.9299746170897834,0.9299746170897834,0.002512660806970546,125476.44347007216,1646.2558437122282,0.9870498671551279,6237,66,23547.925916998767,-0.0045666807429459765,0.08971406504421338,99.5433319257054,10094.052530557185,79.20098667178127,0
flashbots-c1000,945,10000,0.267098829236447,-0.2682114515579883,0.2682114515579883,-0.0011126223215413011,67333.29049910975,1082.4750812378395,0.9841779877480641,4253,20,8722.605516840451,-0.0036312471235997634,0.05108246611409825,99.63687528764002,10092.994076949026,173.7740876760304,0
flashbots-c1000,946,10000,0.9584240480990168,-0.9571717514658076,0.9571717514658076,0.0012522966332092489,83377.95957975362,804.146143313534,0.9904475406452895,4211,56,19024.601787751464,0.005239657318631572,0.09966921699164985,100.52396573186316,9933.447379604784,52.164583536131765,0
flashbots-c1000,947,10000,1.0498699716928757,-1.047507595040031,1.047507595040031,0.0023623766528446666,119443.33705083013,1083.254424028666,0.9910123200965604,5671,71,24440.23430606246,-0.015554340023413573,0.08415974208365426,98.44456599765864,10190.564431639375,128.16906905538224,0
flashbots-c1000,948,10000,0.7940224197377842,-0.7906901251348017,0.7906901251348017,0.003332294602982455,87288.02984841699,1094.080533079924,0.9876210182314342,3993,54,18440.362574009843,0.01641502794954846,0.09996734628350609,101.64150279495485,9864.611371340203,83.92570193792658,0
flashbots-c1000,949,10000,4.638401249501063,-4.64147801457915,4.64147801457915,-0.0030767650780862965,251909.94322534936,1724.0570276947892,0.9932025792047803,9215,211,74198.04711740272,0.0013928115495795623,0.18464408919158956,100.13928115495796,10055.058583103119,70.36953262042883,0
flashbots-c1000,950,10000,0.3542908578344558,-0.353748099704319,0.353748099704319,0.0005427581301368223,73601.62173177558,123.60228775660282,0.9983234735546703,5931,25,9211.73426143055,-0.0049123241967264164,0.05786238542207613,99.50876758032736,10053.475199370694,98.44005129273961,0
flashbots-c1000,951,10000,1.0860543058793128,-1.0843120819072283,1.0843120819072283,0.0017422239720845667,150157.89340410315,1743.5473205750898,0.9885218513250622,8656,66,26289.035541154957,0.002641560463851391,0.12635487386082814,100.26415604638514,9906.763644143914,148.9629282748829,0
flashbots-c1000,952,10000,1.3139468454214098,-1.3093518107247633,1.3093518107247633,0.004595034696646572,189830.93564700504,311.66569901487253,0.9983608844266956,11802,81,31457.541377112684,-0.01988843611380645,0.08411316881886748,98.01115638861936,10188.141605180408,98.64640832164508,0
flashbots-c1000,953,10000,0.986113054667564,-0.9857317183852388,0.9857317183852388,0.00038133628232528416,156434.01213755787,2974.055620852149,0.9813431298511223,10545,66,24308.878191734588,0.005658561365842303,0.09480759199998914,100.56585613658423,9917.589961416963,119.56303624451994,0
flashbots-c1000,954,10000,0.891890245814367,-0.8911591838945014,0.8911591838945014,0.0007310619198656054,124518.94961908138,2285.682954217562,0.981974767736531,8363,67,20972.352634239167,-0.008659126427318427,0.061384218334268895,99.13408735726816,10062.879360511582,73.36659174298256,0
flashbots-c1000,955,10000,1.6510259422847593,-1.6486899580236525,1.6486899580236525,0.002335984261106816,162584.23986297532,1950.9657890799954,0.9881425632809204,9110,108,34114.32018354246,-0.01862001002465661,0.09989741314351207,98.13799899753434,10013.187727463583,44.53245722914996,0
flashbots-c1000,956,10000,3.467875894331373,-3.4664230492407455,3.4664230492407455,0.001452845090627708,314638.80315745226,2402.8949709428116,0.9924208866369064,11855,172,74333.54409476911,0.01101693944483216,0.1998455251997379,101.10169394448322,9906.507966509573,107.41825791751016,0
flashbots-c1000,957,10000,1.8395253700286653,-1.8378932830829058,1.8378932830829058,0.0016320869457595588,186564.2809544375,2980.669345124448,0.9842746043067161,11181,101,36242.019217717,-0.006516230634693159,0.17259726817746895,99.34837693653068,10070.493092298915,79.42004567793134,0
flashbots-c1000,958,10000,1.305926652442386,-1.3056460512381136,1.3056460512381136,0.00028060120427242374,144392.65114483537,1861.3832050916333,0.9872729445490844,6480,78,30359.20492998872,0.002567086933590872,0.1311320874975236,100.25670869335909,9954.841695066963,103.19117791931505,0
flashbots-c1000,959,10000,1.3091300188112314,-1.309049861705006,1.309049861705006,0.00008015710622544248,167554.47399047005,2215.2497070947984,0.9869514442337131,10413,94,31912.473883729846,-0.010503931978724098,0.07252979314997646,98.94960680212759,9990.414936032648,63.97954373227681,0
flashbots-c1000,960,10000,1.3709508523879168,-1.3690585655501195,1.3690585655501195,0.0018922868377972968,184524.0931488795,2349.7628243510712,0.9874259413543236,10039,93,35357.66576086523,-0.011586949234728791,0.06888190184480919,98.84130507652712,10078.729564473535,80.69917607259077,0
flashbots-c1000,961,10000,0.2430802663255236,-0.24347959472129332,0.24347959472129332,-0.0003993283957697269,63829.40200789081,1207.150072453685,0.981438898068237,5220,21,7613.258692676249,-0.001462908455835077,0.037416258408402285,99.85370915441649,10005.46407689473,108.08405333850828,0
flashbots-c1000,962,10000,1.029819552008621,-1.0277752067992196,1.0277752067992196,0.0020443452094014436,160534.91980348786,1169.783917981901,0.992765925226289,10191,68,26599.441509647615,0.012656755245778868,0.0693474511952735,101.26567552457789,9841.91443311762,113.53587072471963,0
flashbots-c1000,963,10000,1.687487551825733,-1.6881011625769133,1.6881011625769133,-0.0006136107511802713,182206.32368909175,2798.6678552831636,0.9848724738077573,10339,108,35461.7135278998,0.0011941350291660058,0.10287597998823884,100.1194135029166,9975.155259016023,87.66726353746705,0
flashbots-c1000,964,10000,0.9912743829283497,-0.989587765335358,0.989587765335358,0.0016866175929917127,158684.62698069873,2012.1410638244836,0.9874786463454761,9759,69,24479.558023033445,0.006454959978800332,0.07879975990219748,100.64549599788003,10094.28096366841,61.096299341296785,0
flashbots-c1000,965,10000,0.6741202577948706,-0.6725528518717283,0.6725528518717283,0.0015674059231423065,142861.80466456816,26.75895071077896,0.9998127285345044,9125,51,18291.29977792212,-0.010753200539614056,0.0580787120216722,98.9246799460386,10105.340656006609,100.07319535446113,0
flashbots-c1000,966,10000,1.4560480482632097,-1.4554558835869784,1.4554558835869784,0.0005921646762312438,189784.04164815927,1103.596044801905,0.9942186091349875,9137,93,35442.74832870036,-0.0035096404916095027,0.10583391360867864,99.64903595083905,10036.670499604328,103.84998603647017,0
flashbots-c1000,967,10000,2.057577181164474,-2.0582960862253117,2.0582960862253117,-0.0007189050608378267,154031.20678295998,1381.4911505173384,0.9911108219026693,5717,106,40374.627615346966,-0.0017270153435245562,0.13158822531060196,99.82729846564754,10016.674406635615,83.88825720589213,0
flashbots-c1000,968,10000,2.975998149006447,-2.9773638202083816,2.9773638202083816,-0.0013656712019347594,237509.500484375,3002.24437813624,0.9875172649890654,8837,158,61512.72947152094,-0.0010973574066348135,0.1535982113651511,99.89026425933652,10017.36484499796,92.76347330671241,0
flashbots-c1000,969,10000,2.4219245824016657,-2.4175270842752354,2.4175270842752354,0.00439749812643031,180197.6840288898,2131.827582856745,0.9883078303451156,8344,128,40960.60274645983,-0.019070406019713458,0.21219321999568394,98.09295939802865,10199.988574231184,62.133199381701424,0
flashbots-c1000,970,10000,1.2827005726954162,-1.2838382622323934,1.2838382622323934,-0.0011376895369772377,195879.63037357596,1918.9841565173253,0.9902982932358945,7605,88,41059.823571346235,0.002303977943642792,0.05193356934622827,100.23039779436428,10113.675800534887,181.17236352138633,0
flashbots-c1000,971,10000,1.720104687326678,-1.7194785327819773,1.7194785327819773,0.0006261545447008299,182525.4280231212,1509.4210218686392,0.9917981782814425,7783,90,37139.44426189846,-0.007412311465089374,0.1284397377249971,99.25876885349106,10080.65938521451,108.39538477256826,0
flashbots-c1000,972,10000,0.5753791603075885,-0.5756018682724857,0.5756018682724857,-0.00022270796489720635,84259.1933230722,1334.9963255416808,0.9844031898540989,4461,34,13670.891249398446,-0.005220987452971286,0.08615299470589534,99.47790125470287,10056.800249528831,110.90080125537601,0
flashbots-c1000,973,10000,1.8504062216100874,-1.849797072826334,1.849797072826334,0.0006091487837533993,230803.91772684324,2724.275732748456,0.9883342747940204,11709,114,44691.9151724688,-0.011181498795304492,0.10859186038703925,98.88185012046955,10177.040590621365,153.51238374577542,0
flashbots-c1000,974,10000,0.515943939552429,-0.5155852123261866,0.5155852123261866,0.0003587272262424168,101064.06620933088,1882.7374555285885,0.9817115501549927,6676,35,14125.489463490258,0.008795042667893256,0.06862405933518062,100.87950426678933,9869.283722139953,117.57216251344016,0
flashbots-c1000,975,10000,1.6304540598286656,-1.621084479539661,1.621084479539661,0.009369580289004587,117966.61234371258,1130.019990882103,0.9905117385040125,4471,94,33854.28888505071,-0.03924232085649862,0.11514535962557161,96.07576791435014,10195.077331115233,64.16033880879931,0
flashbots-c1000,976,10000,0.6195479104240005,-0.6112413202958464,0.6112413202958464,0.008306590128154046,106998.47177961217,203.7363201264625,0.9980995137717974,6377,45,16567.997498245513,0.02783363389331285,0.055727635731271194,102.78336338933129,9708.299639331943,102.75298993868925,0
flashbots-c1000,977,10000,1.4038636078153488,-1.403849361315281,1.403849361315281,0.000014246500067871537,137479.85731576715,1692.6034176307373,0.987838086581848,6942,81,31444.84340465928,0.010185092995865973,0.1448183504961524,101.0185092995866,9935.29475508128,91.86459830000013,0
flashbots-c1000,978,10000,1.2809214947432763,-1.2774584602707648,1.2774584602707648,0.003463034472511506,113343.24474314955,2456.4209752284596,0.9787873223986464,9076,79,19132.855763668696,-0.019999920978624033,0.1880284598077668,98.0000079021376,10079.448259604174,23.8162423587413,0
flashbots-c1000,979,10000,1.7623890253394385,-1.7639129605663584,1.7639129605663584,-0.001523935226919848,190002.46010260793,1751.4846621666804,0.9908659784584081,8916,108,41823.0205698631,0.0021726631815592156,0.10417839174858301,100.21726631815592,9958.597601303602,126.11982565019574,0
flashbots-c1000,980,10000,0.8963734265183881,-0.8950377363141229,0.8950377363141229,0.0013356902042652719,126377.4769786066,2217.194781258974,0.9827582686676217,9604,48,19835.719334694084,-0.008918238212320375,0.1254362330141592,99.10817617876796,10151.626529582189,113.32141015727349,0
flashbots-c1000,981,10000,1.5657533009209443,-1.5673649127583644,1.5673649127583644,-0.0016116118374200905,179697.26383984956,2153.8742159632857,0.988155838676675,8678,102,39248.83104704351,-0.0044899378142761745,0.09775792101878182,99.55100621857238,10093.498255807179,133.91110719652707,0
flashbots-c1000,982,10000,1.254503962762207,-1.2490315653110997,1.2490315653110997,0.00547239745110728,197384.17081993454,2140.238552316527,0.9892732996476461,10113,72,31122.38193472405,-0.02058404862464755,0.12328027512110737,97.94159513753524,10214.839738053955,137.53453606259666,0
flashbots-c1000,983,10000,2.6076262376313064,-2.606508800061931,2.606508800061931,0.0011174375693752125,200352.15886806443,1753.2599479121725,0.9913250225640482,8150,141,52310.19039186761,0.01218295412547647,0.18094527934968382,101.21829541254765,9903.779704058858,82.94149992009324,0
flashbots-c1000,984,10000,1.8848238424092023,-1.8812953120290672,1.8812953120290672,0.0035285303801351198,217892.76333808436,1541.0842972209482,0.992976998244217,8031,115,48867.57206603357,-0.017006929235672884,0.08334894982990904,98.29930707643271,10186.641686426505,132.2300375431944,0
flashbots-c1000,985,10000,1.739352722422377,-1.7390883325324467,1.7390883325324467,0.00026438988993038315,204987.87870409773,1712.10834278457,0.9917169402512045,10557,116,45000.13652667614,-0.0022133345797155355,0.08148386231805205,99.77866654202845,10016.003396950457,108.3868371185161,0
flashbots-c1000,986,10000,1.7096818245774585,-1.7080769672638212,1.7080769672638212,0.0016048573136373534,195057.27254103802,537.1547668913587,0.9972537317433605,8772,107,41516.618281301155,-0.010988410032692287,0.08355255938923677,98.90115899673077,10128.221815976467,105.05371503082581,0
flashbots-c1000,987,10000,1.656194214498125,-1.6552133018984136,1.6552133018984136,0.0009809125997113366,145812.17184414214,1267.750887706689,0.9913805306383113,5615,90,35504.69264052305,0.003976517772825332,0.1722759876101209,100.39765177728253,9998.196025405585,94.71457169401732,0
flashbots-c1000,988,10000,2.3122603509808277,-2.3109886392094268,2.3109886392094268,0.0012717117714009518,253918.0020169368,1891.6298490417716,0.9926053220309045,11748,151,56834.109698847235,0.007361849182963596,0.12436493443914856,100.73618491829636,9941.893277263693,95.34830776808288,0
flashbots-c1000,989,10000,2.5011246877377022,-2.5005235902042386,2.5005235902042386,0.0006010975334636015,193856.0217202657,3169.5480035305445,0.9839130118594565,8387,132,50724.18240598411,0.0012566909316745977,0.17661778354698043,100.12566909316746,9987.624751572672,87.92640818545736,0
flashbots-c1000,990,10000,1.2269865110115923,-1.2260816423674328,1.2260816423674328,0.0009048686441595066,120955.25444641216,1122.8754616144515,0.9908019932607058,6119,73,25889.488344684345,-0.01049506321376228,0.10260329820968067,98.95049367862377,10085.848880476506,63.800433732442364,0
flashbots-c1000,991,10000,2.3550342235955912,-2.3569339574260653,2.3569339574260653,-0.0018997338304740374,278213.3372880922,2545.255815256201,0.9909343618404609,10306,153,63820.30709943491,0.0025407728062941714,0.10007874214204009,100.25407728062942,10028.117156693237,131.43011031994297,0
flashbots-c1000,992,10000,2.254516881146767,-2.2521337550164446,2.2521337550164446,0.0023831261303222107,247927.56286854245,2933.9739529250364,0.9883044089177645,10906,139,52103.0779168671,0.010689333570526855,0.10087503738744573,101.06893335705269,9873.873100820843,105.72201433928285,0
flashbots-c1000,993,10000,0.9371839661156848,-0.9333304160206524,0.9333304160206524,0.0038535500950324098,108273.5618490834,1185.6119150911923,0.9891684554677386,4389,60,20656.879928476486,0.013865596056211444,0.09447361730859156,101.38655960562114,9938.536231164662,64.12596545006191,0
flashbots-c1000,994,10000,2.335592910265488,-2.330954376972045,2.330954376972045,0.004638533293443103,245739.7914983315,3102.168762356785,0.9875335785045781,10264,146,55920.20731499243,0.020543816979709105,0.0952342802115561,102.05438169797091,9762.61198538398,104.93080575184041,0
flashbots-c1000,995,10000,3.919246780220343,-3.919513598248642,3.919513598248642,-0.0002668180282991983,293841.5364770218,2565.9006527355277,0.9913433324157374,10996,205,76919.3174854758,0.0053000397456941075,0.12805632556943508,100.53000397456941,9962.224269493017,75.38367126263556,0
flashbots-c1000,996,10000,3.333229576405369,-3.3362543184362323,3.3362543184362323,-0.0030247420308633366,205585.7321262627,1818.1220148390937,0.9912339043921422,7759,157,55651.32586557658,-0.011967369967110954,0.2163845119423577,98.8032630032889,10028.691866667223,87.21507112732313,0
flashbots-c1000,997,10000,0.7852553412484289,-0.7785117879806194,0.7785117879806194,0.00674355326780951,116626.0328465172,2422.137780240817,0.9796541369137478,7233,47,18060.601331654605,-0.02440265792970848,0.09602079272970954,97.55973420702915,10261.859900460364,107.08728473357351,0
flashbots-c1000,998,10000,2.6949206591527206,-2.690507160965126,2.690507160965126,0.004413498187594733,249268.64705191166,2826.0940460346505,0.9887895557292223,9713,156,61355.128599839576,-0.0191781920903982,0.11307629346853489,98.08218079096018,10180.314617801463,96.25685765340556,0
flashbots-c1000,999,10000,1.4034687691659729,-1.4030828276502234,1.4030828276502234,0.0003859415157494439,132518.7906726148,936.2582324240166,0.9929844675034347,5307,73,29268.822787700607,-0.006697990459077374,0.1271097220658399,99.33020095409226,10068.77467406132,90.08787327790438,0
univ2-zero-fee,0,10000,434.7816835447676,-455.4844046431078,455.4844046431078,-20.70272109834019,110376.92229619464,45756.75940667231,0.706938573998719,6663,3561,96059.418244619,0.0641102292954443,0.09348754027279156,106.41102292954443,9397.523118527284,88.19719749066152,0
univ2-zero-fee,1,10000,150.19432364367339,-883.985603982324,883.985603982324,-733.7912803386507,41807.55600310865,16487.286850087334,0.7171741779696139,3994,7253,204043.17997246355,0.4000989362635215,0.45876332475443915,140.00989362635215,7142.352745385254,51.02014315808477,0
univ2-zero-fee,2,10000,294.4930499446927,-299.14527935624744,299.14527935624744,-4.6522294115547425,95494.05396317483,29344.813577604804,0.7649384830568166,7576,2905,73076.9681359313,0.040408770322801504,0.049793429467311225,104.04087703228015,9611.607284588736,92.60684722629529,0
univ2-zero-fee,3,10000,215.9513998023107,-438.4141951626695,438.4141951626695,-222.4627953603588,65020.653721686576,16940.142481695846,0.7933140810435813,5778,5739,132926.44187339873,0.02526410438083644,0.10920290004093132,102.52641043808364,9753.58497302558,95.23520454777344,0
univ2-zero-fee,4,10000,316.8708322026995,-337.30750146551475,337.30750146551475,-20.436669262815258,75964.62724484844,26319.65961952109,0.7426813010445941,4388,2851,74012.03482714147,0.0010194893088473123,0.044891402145137246,100.10194893088473,9989.815849001308,99.79690512669549,0
univ2-zero-fee,5,10000,390.9264899363571,-566.6474357322842,566.6474357322842,-175.7209457959271,108820.4804375263,37523.41655572355,0.7435942507568024,8643,5703,138532.3847373313,0.05606924631173499,0.19037493923950052,105.6069246311735,9469.07666129313,89.6630303027163,0
univ2-zero-fee,6,10000,322.88981284785007,-588.1578030533042,588.1578030533042,-265.2679902054541,105863.9846072171,23836.03954151278,0.8162217802351411,9029,6200,159924.75762634128,-0.059106242652349865,0.07017647271397749,94.08937573476501,10628.193319853697,112.87745809577848,0
univ2-zero-fee,7,10000,480.02362503409967,-480.45176713669656,480.45176713669656,-0.4281421025968939,101584.70385054388,55389.53918631315,0.647142498573426,5705,2580,80191.75346301535,0.0020576757371433985,0.04549926612478828,100.20576757371434,9979.465908916822,99.57023518258744,0
univ2-zero-fee,8,10000,982.0467917405862,-2064.4458574226715,2064.4458574226715,-1082.3990656820852,191650.3994922981,88387.57094521943,0.6843729055487475,9729,7975,323288.53221555654,-0.07868848205470882,0.1547088404999917,92.13115179452912,10854.092967560855,118.34002263650147,0
univ2-zero-fee,9,10000,583.8353004062267,-1665.759819322693,1665.759819322693,-1081.9245189164662,145911.69370176079,59235.46283107919,0.7112537954110186,9124,7907,299995.50703085086,-0.19406427761667402,0.22828226285125156,80.5935722383326,12407.938430197932,153.7840946317001,0
univ2-zero-fee,10,10000,526.101276387688,-527.870739226452,527.870739226452,-1.7694628387639568,122491.24783690076,32744.62100028825,0.7890653671373417,7497,3095,95095.81067536054,-0.0073536073720617875,0.047076100930987505,99.26463926279382,10074.081363656765,101.48687291166948,0
univ2-zero-fee,11,10000,625.8195361997284,-1463.3479337100637,1463.3479337100637,-837.5283975103353,112434.17010677478,34258.36744561914,0.7664614163935699,6165,7682,277288.98151648487,0.0239210676486303,0.24391583507760473,102.39210676486303,9766.378537414608,95.23554058680836,0
univ2-zero-fee,12,10000,1233.9194201298533,-1236.390698738011,1236.390698738011,-2.471278608157718,231734.7768333436,71053.83764813333,0.765335173616708,11570,4602,170945.31413337617,-0.009258342740935177,0.06634290950867949,99.07416572590648,10093.44942013255,101.37104955938125,0
univ2-zero-fee,13,10000,641.6517085862791,-649.6247526075101,649.6247526075101,-7.973044021230976,178090.99018793862,109068.0560084452,0.6201824130107495,10285,4219,131387.9289428879,-0.0022245752543345533,0.031268748462477444,99.77754247456654,10022.296074725995,100.44654210855664,0
univ2-zero-fee,14,10000,330.5975536374699,-1222.8057681656862,1222.8057681656862,-892.2082145282163,84211.83847387937,50281.05174736413,0.6261434216734373,6548,7580,234625.38051201464,0.263818381456437,0.4582767470273805,126.3818381456437,7912.529787571976,62.80895993167865,0
univ2-zero-fee,15,10000,542.3207329480863,-587.1879822776232,587.1879822776232,-44.86724932953689,127102.13418355839,78636.68816775811,0.6177839103527126,7324,4204,114116.31894413424,0.03724567395739527,0.0689938058134041,103.72456739573953,9640.918066241895,92.84026173414608,0
univ2-zero-fee,16,10000,1501.6556729863353,-2360.65325213018,2360.65325213018,-858.9975791438449,183292.8599280453,73447.44147185211,0.713923209284347,9457,7713,287075.4740829108,0.7301144497872698,0.7698236358939369,173.01144497872698,5779.964876901815,33.40793782367383,0
univ2-zero-fee,17,10000,314.1914401968942,-804.0084523620484,804.0084523620484,-489.8170121651542,99752.45485333427,22032.312724864783,0.8190881079547354,8715,6889,201327.3633779433,-0.1518922420434663,0.19407824240567265,84.81077579565337,11790.955439916734,139.045628647001,0
univ2-zero-fee,18,10000,1263.2077918867963,-1278.9073543235436,1278.9073543235436,-15.699562436747328,212449.11235492528,62305.24724606429,0.7732329076177473,10267,4455,164973.83402466323,0.03272851988773425,0.06366024180815742,103.27285198877343,9683.087595902061,93.76140412178559,0
univ2-zero-fee,19,10000,380.2602729953608,-498.3788279429922,498.3788279429922,-118.11855494763137,109319.4480062171,26383.036609063933,0.8055817718897312,10256,5034,123346.75235836327,-0.05657398120588894,0.12522472121150996,94.3426018794111,10599.666122018767,112.35294496405139,0
univ2-zero-fee,20,10000,383.20851962526876,-598.4054910058585,598.4054910058585,-215.19697138058973,114147.54861260399,72289.2350945548,0.6122587310447202,8127,5969,148284.63647442244,0.020848342584867653,0.17175429978203455,102.08483425848677,9795.774975909415,96.08783510341532,0
univ2-zero-fee,21,10000,917.9738160736555,-2106.2788532731506,2106.2788532731506,-1188.305037199495,171582.10300498555,69976.49739989078,0.7103125399691702,8944,7997,328596.95422231045,0.22476541531153102,0.3824456094827306,122.4765415311531,8164.829531978904,66.664639588171,0
univ2-zero-fee,22,10000,804.018075231618,-2118.8393224202086,2118.8393224202086,-1314.8212471885906,116587.53867823008,34374.05550204988,0.7722993342200665,7400,7974,327215.8419019724,0.31480042075087167,0.4400505528343854,131.48004207508717,7605.7176794349525,57.98358028671422,0
univ2-zero-fee,23,10000,864.5741342972606,-2300.0723785377386,2300.0723785377386,-1435.498244240478,163297.88018007742,38902.415949049435,0.8076045550190193,7838,8158,384716.701681367,-0.2186704826196089,0.3365349742629441,78.13295173803911,12798.698537618471,163.8063401131231,0
univ2-zero-fee,24,10000,449.09631047193216,-1924.0297559099315,1924.0297559099315,-1474.9334454379994,150045.61235542316,59736.799474151485,0.7152440047134117,10722,8130,372374.3278239849,-0.2543068770752507,0.2911639223376017,74.56931229247493,13410.343804495402,179.83882562108087,0
univ2-zero-fee,25,10000,494.91606959681496,-1064.3035456756656,1064.3035456756656,-569.3874760788507,130075.93077574922,53009.829190451266,0.7104644883346612,8853,7152,224605.11138996112,0.0466569923043113,0.16591981000951164,104.66569923043113,9554.229168956028,91.09577641654727,0
univ2-zero-fee,26,10000,746.7173186560161,-1735.8042074908444,1735.8042074908444,-989.0868888348283,147654.43321705167,29205.671166877728,0.8348656907751348,10184,7839,271916.3491577616,0.4258885598328698,0.4393789621222308,142.58885598328698,7013.17131440546,48.704627688688795,0
univ2-zero-fee,27,10000,257.79471999426215,-1427.6992288681868,1427.6992288681868,-1169.9045088739247,68436.25658993186,29302.65264212619,0.7001946013889521,4927,7775,284049.8503349517,0.08982371794454182,0.173016927286521,108.98237179445418,9175.796475668634,84.40924722637783,0
univ2-zero-fee,28,10000,236.4914668068415,-1090.1435107063517,1090.1435107063517,-853.6520438995102,77956.88385119966,28183.82896242496,0.7344673102778788,4848,7486,284627.20257241616,-0.3024398571144378,0.36406756259096196,69.75601428855622,14335.682576654504,205.51212060341794,0
univ2-zero-fee,29,10000,626.1317085853002,-654.3496993772644,654.3496993772644,-28.217990791964212,128658.58274378831,49715.97219101635,0.7212832726663991,7846,4019,110931.83922228188,0.07910098440935882,0.1525298917808479,107.91009844093588,9266.973810033678,86.58439095986556,0
univ2-zero-fee,30,10000,492.11736357057595,-1011.0947035444692,1011.0947035444692,-518.9773399738933,103625.41108843658,28180.63602494748,0.7861961826326107,7202,7044,202763.3781751779,0.38343888035349694,0.448451105501909,138.3438880353497,7228.364597781613,52.14392420479111,0
univ2-zero-fee,31,10000,635.0121381210816,-911.2909883640982,911.2909883640982,-276.27885024301656,154069.23250466984,74935.43541565827,0.672777694462854,10187,6482,183834.09141578508,-0.0494559710702265,0.12294110950067819,95.05440289297735,10520.292052208704,110.67588266666739,0
univ2-zero-fee,32,10000,337.23605711141266,-1090.7877488424624,1090.7877488424624,-753.5516917310497,100863.79863344238,24989.252981068785,0.8014410245878578,7794,7444,260425.58708099675,-0.18499267084250262,0.2984680588860199,81.50073291574974,12269.82938312642,150.5462407016785,0
univ2-zero-fee,33,10000,417.7760065927667,-571.1111460591273,571.1111460591273,-153.33513946636066,90616.39593323517,26624.185178936255,0.7729098156425613,7523,5350,118796.8667656218,0.24036585850356032,0.3511267025299156,124.03658585035603,8062.1378420587935,65.08150843612081,0
univ2-zero-fee,34,10000,533.3803841054716,-625.5102868035772,625.5102868035772,-92.12990269810552,136394.91905442302,40787.6463521953,0.7697987594965043,8707,5094,136445.86218398143,-0.005662873295939903,0.1111562060975217,99.43371267040601,10056.951915962085,101.14182694135982,0
univ2-zero-fee,35,10000,442.9629329341425,-1292.3528096464017,1292.3528096464017,-849.3898767122593,118395.87072585642,41464.66990874025,0.7406197317728416,11441,7563,240083.0946584154,0.43578569054545285,0.5410794889347224,143.57856905454528,6964.828307656367,48.53289564999783,0
univ2-zero-fee,36,10000,530.1465750251941,-562.3336365417343,562.3336365417343,-32.18706151654021,162407.93863254122,53203.533273432295,0.753243494870097,11617,4506,126311.63534174494,0.03456410808768339,0.054481922484868474,103.45641080876834,9665.907332609419,93.57010798548743,0
univ2-zero-fee,37,10000,221.60639294633603,-732.4065896350462,732.4065896350462,-510.8001966887102,71562.10355075638,32878.06456144499,0.685197130991558,5683,6889,195197.12462137925,-0.08967423175674213,0.12219761386196183,91.03257682432579,10985.079158336326,120.57881934574904,0
univ2-zero-fee,38,10000,411.16392225291236,-603.5045389902651,603.5045389902651,-192.34061673735278,74934.2292303542,13812.811919786458,0.8443574936045677,4314,5493,131567.37227851019,0.17849098301683314,0.24198560021009627,117.84909830168331,8485.428043474596,71.98237568592819,0
univ2-zero-fee,39,10000,480.6687847045898,-806.0413121392313,806.0413121392313,-325.3725274346415,122599.18241877061,40534.17661673828,0.7515273586200399,8834,6576,179236.79629178823,0.25103805193418294,0.3655721225211016,125.1038051934183,7993.362529589671,63.832420655588194,0
univ2-zero-fee,40,10000,298.281042211052,-310.997733552669,310.997733552669,-12.71669134161698,84627.87572783604,50396.219237517354,0.6267612884170872,5720,2842,70855.3897215657,-0.018972037431390306,0.059645426309574534,98.10279625686097,10193.389790759215,103.824823994845,0
univ2-zero-fee,41,10000,412.2711949281502,-937.169310729979,937.169310729979,-524.8981158018288,153981.94781259348,74800.51803838444,0.673049602992271,11034,7154,235305.9047298529,-0.09880266033342196,0.2629114677303869,90.1197339666578,11096.349908450171,123.15711283826744,0
univ2-zero-fee,42,10000,438.9761792294071,-509.44227122309854,509.44227122309854,-70.46609199369146,107194.19498849809,38459.29274725678,0.7359535061938937,5953,4436,116212.57302990332,-0.12915920966309685,0.13149014774111237,87.08407903369032,11483.15586885172,131.86361333046014,0
univ2-zero-fee,43,10000,1016.8701397177948,-1361.06217875823,1361.06217875823,-344.19203904043513,191792.93067580686,76459.62877485019,0.7149714845911308,9363,6912,232717.64558499414,-0.021464321315596634,0.14085483764582094,97.85356786844034,10219.35227407121,104.65399671555824,0
univ2-zero-fee,44,10000,340.0124226508712,-950.951533615196,950.951533615196,-610.9391109643248,78562.73695306042,31026.843945805776,0.7168814435522056,4201,7069,224562.35939863638,-0.2980162308203447,0.31435992412377983,70.19837691796553,14245.34443143571,202.93007228776162,0
univ2-zero-fee,45,10000,646.14679596979,-652.2853700476521,652.2853700476521,-6.138574077862131,167468.09290640897,39386.68025959579,0.8095925965025363,10944,4015,124617.41575601588,-0.00994841810429108,0.05931105625648243,99.00515818957089,10100.484590508539,102.2127090536692,0
univ2-zero-fee,46,10000,1166.754221214538,-1225.959726965487,1225.959726965487,-59.205505750949214,224107.0149861729,72168.60268414399,0.7564139659833561,11085,5426,183967.36951900471,-0.01357987255203625,0.08206637610239767,98.64201274479638,10137.669056741104,102.77217781739873,0
univ2-zero-fee,47,10000,773.6682316402821,-821.8414481697008,821.8414481697008,-48.17321652941871,159739.70658349482,77580.17231873008,0.6730987194263112,8314,4660,138601.89770743152,0.12036614009472502,0.17304326030000297,112.0366140094725,8925.654078224628,79.6674381363814,0
univ2-zero-fee,48,10000,520.7226746559163,-739.1594973212074,739.1594973212074,-218.43682266529106,106383.568383916,35827.75281568877,0.7480668028855333,6493,6009,153809.38158859068,0.19440089887462547,0.2061988848623092,119.44008988746255,8372.398722971237,70.09697829734397,0
univ2-zero-fee,49,10000,296.20499540175433,-389.30824526649377,389.30824526649377,-93.10324986473944,118870.1659003046,48009.69287204117,0.7123098423906563,10673,5007,116526.06980707857,-0.11047562988394745,0.1127901005358268,88.95243701160526,11241.963812287317,126.28308410483056,0
univ2-zero-fee,50,10000,522.8549653286481,-1527.720972451581,1527.720972451581,-1004.866007122933,86465.69070505108,36847.974780646655,0.7011849851716524,4312,7706,281237.0253033203,0.014396962987787134,0.1532204816780738,101.43969629877871,9858.074276202877,97.35866611043825,0
univ2-zero-fee,51,10000,405.42998240109523,-684.1818781208614,684.1818781208614,-278.75189571976614,102452.30699153451,44166.78868684118,0.6987650995766224,5821,6197,172366.44237998792,-0.07594386233903293,0.1554966807318081,92.4056137660967,10821.854020250537,117.11257224741712,0
univ2-zero-fee,52,10000,580.1009226867162,-1157.1407573071403,1157.1407573071403,-577.0398346204241,113732.17967261556,26579.02564717865,0.8105708978367029,5993,7156,236014.1632763314,-0.10769113696331331,0.2092146454230307,89.23088630366867,11206.882616273206,125.65909739566708,0
univ2-zero-fee,53,10000,449.78834308729506,-917.955160247542,917.955160247542,-468.166817160247,92448.93673885244,43413.20195466681,0.6804613678826354,6340,6906,180212.30726991134,0.5503168928933914,0.5718220172432646,155.03168928933914,6450.294495652995,41.85639581894704,0
univ2-zero-fee,54,10000,266.30500187049324,-566.3268455317302,566.3268455317302,-300.02184366123697,61748.241549204715,14814.5950603935,0.8065040989019954,5538,6147,142990.09388403638,0.40755655969285387,0.4551928965641974,140.75565596928539,7104.510600650879,50.51369382026857,0
univ2-zero-fee,55,10000,681.9125939762419,-948.692858827369,948.692858827369,-266.7802648511272,163443.08117750345,85693.92105235229,0.6560369584390744,10372,6600,182049.37668853588,0.28087043551635416,0.3235149922045332,128.08704355163542,7807.191457311137,60.546112460192404,0
univ2-zero-fee,56,10000,385.52009292044863,-1422.42124692621,1422.42124692621,-1036.9011540057613,79401.5760136653,27237.15747066559,0.7445847622086799,5188,7745,281548.2918249113,-0.17200978343311135,0.19141472206118948,82.79902165668886,12077.438177796446,146.04832612510074,0
univ2-zero-fee,57,10000,581.3449313263254,-1227.0982091329045,1227.0982091329045,-645.753277806579,129906.16819829197,31121.778395914494,0.8067305765604651,8906,7345,233701.65603458672,0.13814159986652327,0.25480316261741875,113.81415998665233,8786.253611523249,77.67038526056504,0
univ2-zero-fee,58,10000,687.5402050962763,-992.8290524311611,992.8290524311611,-305.28884733488485,134664.67280712433,80734.78785773624,0.6251857474083871,7767,6540,181151.0845044677,0.1763753113346135,0.3318736995685668,117.63753113346135,8500.688960197294,72.28276224227757,0
univ2-zero-fee,59,10000,727.490139223326,-731.2993040931045,731.2993040931045,-3.809164869778556,123771.19662634967,35104.506227320075,0.7790442113124585,5889,2930,102732.57772092443,0.011665481801541375,0.07252793349399866,101.16654818015414,9884.69075223679,97.70721160064947,0
univ2-zero-fee,60,10000,344.75775748574324,-1406.8966668735259,1406.8966668735259,-1062.1389093877826,116812.59756468922,43091.92877891383,0.7305146404278899,11093,7838,277028.5438098877,0.039381238867107274,0.2972425017336661,103.93812388671073,9621.109687263583,92.56558696223887,0
univ2-zero-fee,61,10000,319.6532117453852,-463.56986160260914,463.56986160260914,-143.91664985722394,87694.14953574,23883.885522852062,0.7859445587986011,6251,5188,123357.07566350419,-0.019068836871322076,0.07767830367390119,98.09311631286779,10194.395819073447,103.92595555353815,0
univ2-zero-fee,62,10000,311.20894701044654,-382.4597090267646,382.4597090267646,-71.25076201631805,89047.46209028548,21392.106794367184,0.8063003413503912,6566,4205,101682.7455336127,-0.14650349740931076,0.15484405432686885,85.34965025906892,11716.510293338266,137.42372466016568,0
univ2-zero-fee,63,10000,990.9242641391618,-1042.433258384647,1042.433258384647,-51.508994245485155,214450.9516023975,62095.34250972483,0.775461310341953,11371,5272,173758.87311633542,0.005186211654919219,0.08619910302249024,100.51862116549192,9948.40629894747,98.96920325179053,0
univ2-zero-fee,64,10000,692.2210111164695,-1678.6021144932354,1678.6021144932354,-986.3811033767659,139356.7668159279,75106.94049513759,0.6497918392028917,9099,7752,277110.4440949196,0.1612699869962205,0.3908107559802545,116.12699869962205,8611.262562825283,74.15403615226887,0
univ2-zero-fee,65,10000,162.11942227050423,-167.01607188769796,167.01607188769796,-4.896649617193731,45816.12804455109,7897.2351364032265,0.8529744803020745,4304,1638,37752.47020490985,-0.013395994289183193,0.05576694790378425,98.66040057108168,10135.779133209435,102.73393851923394,0
univ2-zero-fee,66,10000,437.2616924689693,-461.59749915970684,461.59749915970684,-24.33580669073757,78479.18229812323,34093.87554906268,0.6971400066671019,4086,2916,78203.1443845245,0.01657384582248966,0.08320312548837663,101.65738458224897,9836.964008775258,94.85584061218105,0
univ2-zero-fee,67,10000,253.74282588212793,-1074.3878844578765,1074.3878844578765,-820.6450585757485,74453.28289193402,33961.514193700605,0.6867446593394894,5838,7433,229099.74103079873,0.17507942223352188,0.32789850995218645,117.50794222335219,8510.063573034951,72.42108641022617,0
univ2-zero-fee,68,10000,309.602837774883,-1189.6060389402328,1189.6060389402328,-880.0032011653498,104993.49122353984,36556.1322358162,0.7417433452494293,11342,7568,242168.39222819265,0.30831011806122094,0.32470358577307307,130.8310118061221,7643.448373080744,58.40932061697143,0
univ2-zero-fee,69,10000,608.657646465239,-1074.1975555437728,1074.1975555437728,-465.5399090785337,97076.36363878982,31250.267253146794,0.7564787056596028,5475,6938,213330.15850562352,-0.13907388904129633,0.17317722406385216,86.09261109587037,11615.399421012762,134.91793217780622,0
univ2-zero-fee,70,10000,433.48532418725915,-443.0648658299372,443.0648658299372,-9.579541642678066,111689.34585811367,40537.644970339636,0.7337026453080054,7976,3326,89007.70369111073,0.030321788903589636,0.06363559871819448,103.03217889035896,9705.70616985952,94.92072900346442,0
univ2-zero-fee,71,10000,326.8538325728371,-549.3837264241349,549.3837264241349,-222.5298938512978,95361.95668066827,33342.13047585925,0.7409396141762835,7691,6011,142947.02966918593,0.2086245231129081,0.2671728171751404,120.86245231129081,8273.868689142035,68.45710391780875,0
univ2-zero-fee,72,10000,147.90902521458906,-214.57303496929933,214.57303496929933,-66.66400975471026,61722.52851810594,23849.300755292432,0.7212949523482205,6673,3865,75213.62270388586,0.01914256856748537,0.10389626692186155,101.91425685674854,9812.170351523435,96.37060832147118,0
univ2-zero-fee,73,10000,131.52831906650187,-429.0221910140102,429.0221910140102,-297.49387194750835,45370.92988858731,14072.187923629785,0.7632663217954966,4405,6049,135545.01228454025,-0.0026263940864309633,0.2546542147190384,99.7373605913569,10026.333579981194,100.67828776070691,0
univ2-zero-fee,74,10000,583.0848714715846,-592.9395206352438,592.9395206352438,-9.854649163659133,143345.76983694875,78282.66236301296,0.6467842073061125,9119,3800,109904.20105525992,0.021078752629500458,0.06031436387314159,102.10787526295005,9793.564506812969,95.90659946873016,0
univ2-zero-fee,75,10000,311.7105730447364,-1424.1837760542667,1424.1837760542667,-1112.4732030095302,114596.07349822322,34719.699946135646,0.767474666974326,11112,7784,294899.5573343516,0.046531223371924,0.29739139952066923,104.6531223371924,9555.377596236422,91.22287163918266,0
univ2-zero-fee,76,10000,277.21884690006306,-546.8300586413133,546.8300586413133,-269.6112117412502,66885.5192115579,16415.12606287674,0.8029411896054708,4452,5963,149644.74047148833,-0.10887727812666569,0.12148299856052418,89.11227218733343,11221.799499759503,125.84233488930936,0
univ2-zero-fee,77,10000,307.90019596795264,-359.1067801452808,359.1067801452808,-51.20658417732818,71070.36200992575,24122.488599491207,0.7465934842263786,4296,3611,83700.56243573781,0.023189080429163483,0.05280203181620294,102.31890804291635,9773.365032253867,95.62363522688833,0
univ2-zero-fee,78,10000,245.8572538255175,-739.2080118275849,739.2080118275849,-493.3507580020674,90463.38348311944,44869.52091913944,0.6684507650425442,9232,6941,191381.27724256882,0.0852162795196945,0.122330046190485,108.52162795196945,9214.75374300103,84.69556416044391,0
univ2-zero-fee,79,10000,253.78527616854333,-254.66699993873297,254.66699993873297,-0.8817237701896374,103836.61742232447,38944.652958654486,0.7272425658159529,11147,2919,67028.46314895658,-0.008027395472984438,0.047007360924125836,99.19726045270156,10080.924265957668,102.00281131785363,0
univ2-zero-fee,80,10000,231.1707884572396,-894.4706922245821,894.4706922245821,-663.2999037673425,67951.81044645411,23849.277682310476,0.7402070262080299,5095,7162,228022.00345176563,-0.05988820927083879,0.27434941678195784,94.01117907291612,10637.033551196462,113.19352804042104,0
univ2-zero-fee,81,10000,207.4534864964556,-592.5334361265989,592.5334361265989,-385.07994963014323,61775.99664459199,21290.45418948795,0.7436937057535502,5509,6440,161413.45782372064,0.1623566233004101,0.2606495686273266,116.23566233004101,8603.21208650143,74.05978472305385,0
univ2-zero-fee,82,10000,425.7542737305252,-997.1964089109135,997.1964089109135,-571.4421351803883,118091.84111486387,48351.30431488086,0.7095025800549423,7094,7173,243148.84944673796,-0.16659863158852828,0.3102846604253301,83.34013684114717,11999.021378319081,143.70313277411483,0
univ2-zero-fee,83,10000,289.7231030204598,-498.204097279584,498.204097279584,-208.4809942591242,75802.01089937465,37675.37513782661,0.6679922189476984,5563,5617,133456.75306099726,0.04717418825573489,0.0914788084930423,104.71741882557349,9549.510152558754,91.19295798900148,0
univ2-zero-fee,84,10000,445.7213799495495,-854.9474368987984,854.9474368987984,-409.2260569492489,147155.99488444152,74555.04401849904,0.6637287688181491,9588,6912,215959.03355586057,-0.1566400660655445,0.22694403768929916,84.33599339344555,11857.334571105135,140.58364303972618,0
univ2-zero-fee,85,10000,379.91599960757384,-616.1562860323645,616.1562860323645,-236.24028642479067,103480.4819940049,36743.53351892046,0.7379654734282405,7355,6082,156402.19764012535,0.01043699202600763,0.0986044832269296,101.04369920260076,9896.708787814105,98.12149974691745,0
univ2-zero-fee,86,10000,732.1806860074124,-736.6418768774986,736.6418768774986,-4.46119087008617,138461.29855868957,17291.626751484626,0.8889804045924069,8618,3197,106965.70641418674,0.0037809784465899555,0.0806262566500375,100.378097844659,9962.333217163714,99.3576510960261,0
univ2-zero-fee,87,10000,956.6114880225539,-1734.4249305684475,1734.4249305684475,-777.8134425458936,199594.81709378285,98278.04177862809,0.6700671482770979,10619,7806,281699.15721600363,0.28078193092196896,0.3883958626881136,128.0781930921969,7807.731033509284,60.98923060627165,0
univ2-zero-fee,88,10000,687.5385926537712,-1213.159357312171,1213.159357312171,-525.6207646583999,134779.323671197,54187.836278335555,0.7132420453754638,7248,7255,229110.82588917413,-0.159795293565076,0.20423910327698863,84.0204706434924,11901.862250433802,144.27266168576583,0
univ2-zero-fee,89,10000,132.05586750853757,-193.00227400101411,193.00227400101411,-60.94640649247654,57464.75174731735,26039.35148471574,0.6881668028652422,5967,3776,70132.42757569757,0.09894847572142865,0.17575029659925234,109.89484757214287,9099.608085027068,82.74322143651109,0
univ2-zero-fee,90,10000,1039.3612568319552,-1052.644146318609,1052.644146318609,-13.282889486653858,212527.19725231576,105405.7595547004,0.6684654506620362,11120,4689,157197.83016775033,0.0595803479914062,0.1218860700292585,105.95803479914062,9437.699350031855,89.13127481907044,0
univ2-zero-fee,91,10000,195.660028718665,-690.1466466291839,690.1466466291839,-494.48661791051893,55599.14131513028,15461.563082486517,0.7824175370402737,4757,6812,177665.0318530694,0.05059909225777787,0.3317099479551095,105.05990922577779,9518.379160725262,90.47500892590769,0
univ2-zero-fee,92,10000,382.08189491331393,-1061.749432031741,1061.749432031741,-679.667537118427,102165.9140683553,24905.264236216593,0.8040054041481999,9087,7351,224173.2174723901,0.46684995302995164,0.48124038590095325,146.68499530299516,6817.330376586924,46.34894965051198,0
univ2-zero-fee,93,10000,622.2368591468053,-665.1811410295501,665.1811410295501,-42.944281882744804,170326.70769521044,112839.47930812226,0.6015079324891491,10542,4840,135861.94825140573,-0.040644838180217704,0.11095766415278789,95.93551618197823,10423.669124204833,108.74972911151411,0
univ2-zero-fee,94,10000,438.81598570240595,-511.4970465048271,511.4970465048271,-72.68106080242114,123439.20406073229,34062.3532296024,0.783733228955872,8729,4875,123132.08139143976,0.07062386319699514,0.0725908482496061,107.06238631969951,9340.349131713909,86.87945885007937,0
univ2-zero-fee,95,10000,759.0345963049874,-933.8286732221289,933.8286732221289,-174.79407691714152,169209.06505320055,81037.13890028,0.67617035695237,9210,6084,176631.3570663735,0.09661200214966882,0.19471474430477784,109.66120021496688,9118.996229794684,82.82845130071455,0
univ2-zero-fee,96,10000,349.35056175616063,-1141.8009850267488,1141.8009850267488,-792.4504232705881,95705.2675808997,30124.49564379742,0.7605932422363109,7053,7466,244990.1537529062,-0.00893349687682573,0.2667689609768158,99.10665031231743,10090.140948071567,101.89845176990846,0
univ2-zero-fee,97,10000,263.8626320490865,-292.1489435432227,292.1489435432227,-28.286311494136157,69636.7714038186,27548.44096740552,0.7165367004377465,4647,3026,69388.11662390227,0.14641301093569126,0.18232764959951298,114.64130109356913,8722.860131279827,76.02099851722808,0
univ2-zero-fee,98,10000,432.8017250908512,-606.034785447425,606.034785447425,-173.23306035657373,131877.70793188148,58792.30541744049,0.6916541600606672,9102,5788,153526.3147875803,-0.07062621284766422,0.09295212408518623,92.93737871523358,10759.934153005726,115.97815055388776,0
univ2-zero-fee,99,10000,424.44180497486684,-853.5481723011653,853.5481723011653,-429.1063673262985,81994.87696956613,48355.76486334108,0.6290331663627176,4955,6737,174390.15419800865,0.32811385790638153,0.4577794882040098,132.81138579063816,7529.475282990016,56.70140573344945,0
univ2-zero-fee,100,10000,875.9143625973932,-1072.5798537816077,1072.5798537816077,-196.6654911842145,196532.04372721515,77445.25440884013,0.7173296658674934,10934,6335,193720.97834481738,-0.019219919219719515,0.17953228481978287,98.07800807802805,10195.966461574306,104.02738870828291,0
univ2-zero-fee,101,10000,939.5206179032255,-966.9206851256895,966.9206851256895,-27.40006722246403,167665.57604697754,47850.101942983136,0.7779739163792431,8626,4213,138468.82303866633,0.05675584012150921,0.10206228285731513,105.67558401215092,9462.924382854857,90.23761949204535,0
univ2-zero-fee,102,10000,631.054784388739,-1039.2316401498545,1039.2316401498545,-408.17685576111546,145516.01594096125,75408.39745833901,0.6586687894830104,9289,6910,201923.91105701803,0.26745102743070687,0.4885140616717305,126.74510274307069,7889.8517461511965,62.261355572996756,0
univ2-zero-fee,103,10000,355.0292611679153,-936.3561337506346,936.3561337506346,-581.3268725827193,104505.2390679191,34230.566052218186,0.7532679756132422,9264,7243,202218.07881936015,0.4410738216950844,0.5825147250301467,144.10738216950844,6939.270240827142,48.18442667012048,0
univ2-zero-fee,104,10000,283.6080587340028,-321.208115599923,321.208115599923,-37.60005686592024,72873.16373652998,19559.012016368757,0.7883960660121606,5505,3458,77637.16041752878,0.02379598418157997,0.0984533131980595,102.379598418158,9767.571441234079,95.58534366048933,0
univ2-zero-fee,105,10000,852.7623832578628,-1689.1084160191638,1689.1084160191638,-836.346032761301,182032.94027173272,64214.74984317975,0.7392269961467915,9531,7687,296685.59522903024,-0.11034564720252873,0.2185949226174938,88.96543527974713,11240.321429466645,126.3446173667896,0
univ2-zero-fee,106,10000,672.6418359189338,-1100.409699854118,1100.409699854118,-427.7678639351841,157857.9114563536,43704.53958023405,0.7831712238292797,10491,6993,223875.64992383393,-0.09937917780455961,0.18727792378445088,90.06208221954404,11103.452938272942,123.2856935857355,0
univ2-zero-fee,107,10000,655.9530224394342,-695.6004118785191,695.6004118785191,-39.64738943908492,84558.76095647973,23911.380240715334,0.7795579504479002,4287,3336,90087.65092766797,-0.05757871211914875,0.1269476667232121,94.24212878808513,10610.966143500025,112.59229413037767,0
univ2-zero-fee,108,10000,312.8559484929933,-381.19316624873454,381.19316624873454,-68.33721775574122,103043.7931493914,41754.26606210261,0.7116379439788225,8591,4381,102257.78294565056,0.00515158316164829,0.04592279397004134,100.51515831616483,9948.748828082471,98.97826851090687,0
univ2-zero-fee,109,10000,441.3996788902743,-645.9195546949425,645.9195546949425,-204.51987580466817,125630.39596885313,44940.499463858076,0.7365289116302569,10473,6019,150305.7437037958,0.1311390816428215,0.18399042992217246,113.11390816428215,8840.646486925496,78.35886006302351,0
univ2-zero-fee,110,10000,314.7723238766247,-1073.1390744888113,1073.1390744888113,-758.3667506121866,73695.94215559962,23884.400560174116,0.7552334835537196,5488,7423,231191.0079298229,0.015404217444617672,0.22728398872794586,101.54042174446177,9848.295325887644,97.06464735191683,0
univ2-zero-fee,111,10000,1400.553051592049,-1434.004597964568,1434.004597964568,-33.451546372518806,247572.74162130838,75151.26553831133,0.7671345673978899,11691,5125,191311.91020078838,0.07809412490469868,0.1559954542859954,107.80941249046987,9275.628706996697,85.90060301799143,0
univ2-zero-fee,112,10000,268.66404744781227,-1485.892110352197,1485.892110352197,-1217.2280629043848,117377.8827930575,47112.875446593425,0.7135834502145498,11489,7847,328227.51522659016,-0.3432013402068817,0.43625588270933624,65.67986597931183,15225.367851584851,231.81134331243595,0
univ2-zero-fee,113,10000,1441.5800609051628,-1741.163506499652,1741.163506499652,-299.58344559448915,242806.76111702566,72095.61194348449,0.7710540849762636,11349,6865,247608.0540918938,-0.0704514737508039,0.2080288155400632,92.95485262491961,10757.911605645066,116.02591753715777,0
univ2-zero-fee,114,10000,1004.0363433641495,-1018.2748835489276,1018.2748835489276,-14.238540184778117,151968.09438273474,33801.16472099412,0.818047588260443,7694,3739,127569.83345808272,0.02738185558413548,0.0992821601816172,102.73818555841355,9733.479822791902,94.79567510274329,0
univ2-zero-fee,115,10000,342.4212200132581,-554.2210249077799,554.2210249077799,-211.7998048945218,104712.48693921781,28536.25435377158,0.7858422220212526,7615,5871,154231.9469658221,-0.18698055847250586,0.24160578491693172,81.30194415274941,12299.829746582427,151.57175636232085,0
univ2-zero-fee,116,10000,1567.7021561606618,-2383.86451361407,2383.86451361407,-816.162357453408,235920.17582794587,78149.79361026562,0.7511707542428999,11064,7793,309259.6620448772,0.0608538539424606,0.34680458557852006,106.08538539424606,9426.369941715588,88.85658903404455,0
univ2-zero-fee,117,10000,483.0835543700689,-1935.5015126887101,1935.5015126887101,-1452.4179583186412,161050.5467640373,55104.93220207821,0.7450680756941792,10158,8190,400268.4607553064,-0.33157159400488256,0.4387322694355551,66.84284059951175,14960.467217524583,223.81651361137108,0
univ2-zero-fee,118,10000,733.1898756190253,-735.3541738716981,735.3541738716981,-2.164298252672779,159650.9133651196,68185.22456473621,0.7007269119628051,8082,3614,123832.35306801146,0.015093256960042822,0.05170781713222993,101.50932569600428,9851.312194445694,97.05795474736756,0
univ2-zero-fee,119,10000,336.56066820070777,-874.7363579887392,874.7363579887392,-538.1756897880314,135152.22590841228,45799.79466859697,0.7468953674982283,11558,7075,236945.23984803297,-0.3354803478447819,0.3434626708582303,66.45196521552181,15048.465611700027,228.41773225218557,0
univ2-zero-fee,120,10000,165.25813447774993,-354.481126922335,354.481126922335,-189.2229924445851,55436.35208693207,14929.9073423568,0.7878257638895829,4596,5359,119982.6152436871,-0.046117521465253046,0.09384154206638286,95.3882478534747,10483.472244035323,108.22252911637716,0
univ2-zero-fee,121,10000,509.0973651636584,-1602.2594983373447,1602.2594983373447,-1093.1621331736862,139971.8503106719,26747.764857428283,0.8395643798094241,11071,7891,298956.84290334966,0.10968547344889829,0.24640537208076566,110.96854734488983,9011.563358175508,81.2835534671967,0
univ2-zero-fee,122,10000,262.1848023850649,-1190.5632214539469,1190.5632214539469,-928.378419068882,94227.19594453136,49883.15396283341,0.6538544664217478,6621,7708,294578.0619309026,-0.2159748113279791,0.3414336971830146,78.40251886720209,12754.693378017655,162.68022996178323,0
univ2-zero-fee,123,10000,358.95329077283384,-1082.340252625727,1082.340252625727,-723.3869618528933,121037.24250993981,50038.61817693379,0.7075062608130243,8566,7368,268020.9869351851,-0.29471867650241707,0.3173969541308601,70.5281323497583,14178.740653319164,201.07660064900926,0
univ2-zero-fee,124,10000,1188.2214693491294,-2116.0072086637033,2116.0072086637033,-927.7857393145739,167108.9624669831,69433.49218142807,0.7064649883479408,9672,7827,275535.4415397568,-0.018714501688668436,0.5329184449146556,98.12854983113316,10190.714861851748,103.73932183511346,0
univ2-zero-fee,125,10000,181.00633557715832,-1410.703270477775,1410.703270477775,-1229.6969349006167,53456.08765296052,13163.376835844174,0.8024094468958655,4337,7840,294921.41055034165,-0.13497852143943603,0.22599803296594131,86.5021478560564,11560.407335428346,133.76052009310555,0
univ2-zero-fee,126,10000,346.54678638167013,-358.69134811537833,358.69134811537833,-12.144561733708201,121134.5951229746,39200.55121127383,0.7555086822351914,10528,3543,89485.61493269312,0.0407097384442433,0.06673514170635031,104.07097384442433,9608.827812572215,92.61125780319949,0
univ2-zero-fee,127,10000,465.7396978462213,-1148.8702968887953,1148.8702968887953,-683.130599042574,104673.38559812229,49644.69774277902,0.6782963041790131,7300,7377,220331.98997713518,0.1652497571083022,0.47159669008293037,116.52497571083022,8581.851704440198,73.49070188611262,0
univ2-zero-fee,128,10000,579.0582823308093,-1187.723334997041,1187.723334997041,-608.6650526662318,154375.18208365192,60190.24204954359,0.7194783721902026,10194,7359,246089.4966009869,-0.01226366594295655,0.2387102116946197,98.77363340570435,10124.160214540021,102.4981197144621,0
univ2-zero-fee,129,10000,629.7968026322832,-1598.13347423905,1598.13347423905,-968.3366716067668,156495.13753851774,77086.63205184946,0.6699801008142183,10149,7780,286204.5030627786,-0.0861017328910414,0.3471436903142245,91.38982671089586,10942.137889205322,118.09338011502805,0
univ2-zero-fee,130,10000,1164.6291379944262,-1672.1003893673853,1672.1003893673853,-507.47125137295916,172895.4267814576,86569.79919700637,0.6663529809416858,9048,7303,240529.36144246784,0.2342257919471858,0.323406018323696,123.42257919471858,8102.245794919319,65.91285074284076,0
univ2-zero-fee,131,10000,308.51462369083555,-733.590828758693,733.590828758693,-425.0762050678574,89773.64803677013,15861.901947080847,0.8498431451390585,8025,6726,187696.2177763844,0.21426062313832703,0.23377746486427087,121.4260623138327,8235.464896331398,67.88717777144794,0
univ2-zero-fee,132,10000,301.78837808286545,-1085.005697175572,1085.005697175572,-783.2173190927067,75515.36696593284,54521.78133298634,0.5807214934638835,5626,7467,222498.602768877,0.6033046053463132,0.7722008558071661,160.33046053463133,6237.118337691965,38.91995134673968,0
univ2-zero-fee,133,10000,1598.657520249074,-1751.8974737804688,1751.8974737804688,-153.2399535313948,199870.39979926328,55506.431661682895,0.7826489139827421,10828,6123,196301.88323617636,-0.01068541502850806,0.18450129494032963,98.9314584971492,10108.009115631774,102.33135517634553,0
univ2-zero-fee,134,10000,338.3271419212877,-397.8373913145367,397.8373913145367,-59.51024939324901,94876.03793951856,34803.7530413872,0.7316177580320764,6980,4129,97742.49873961731,0.0023905325750610018,0.05861557345477436,100.2390532575061,9976.152218743431,99.52369914270692,0
univ2-zero-fee,135,10000,308.45264625184245,-1177.1210245439052,1177.1210245439052,-868.6683782920627,109736.30960163733,49781.79998629819,0.6879238343853642,10920,7604,244641.10058533883,0.18487563443923122,0.26840766228084645,118.48756344392312,8439.705020924497,71.09016119825175,0
univ2-zero-fee,136,10000,333.9498140760562,-405.84078700233766,405.84078700233766,-71.89097292628145,103991.52797377222,24890.612069767696,0.8068730697569193,8695,4505,106738.93094177493,0.0509933685219805,0.06805252090831317,105.09933685219805,9514.80851876957,90.45156927075406,0
univ2-zero-fee,137,10000,498.5651778739117,-548.8425309219194,548.8425309219194,-50.27735304800774,125590.73212203616,41015.9132726461,0.7538158626537279,8114,4225,114605.58968653888,-0.019629537540580343,0.07880328321948454,98.03704624594197,10200.226349604422,104.0445110828318,0
univ2-zero-fee,138,10000,253.50194858134702,-265.87683003176227,265.87683003176227,-12.374881450415245,96799.20049387931,52874.63067624944,0.6467343004259122,8310,3195,73491.25277904511,0.023447825047423265,0.04351899176087144,102.34478250474233,9770.894337041487,95.4695741911343,0
univ2-zero-fee,139,10000,607.1901090478916,-1661.9542960059343,1661.9542960059343,-1054.7641869580427,137993.55775993786,47349.23478211133,0.7445315561900304,8186,7779,302642.9124941076,-0.08817099727312083,0.16365980066569263,91.18290027268792,10966.969462749088,120.10161621218924,0
univ2-zero-fee,140,10000,479.3062310835567,-664.1129744259174,664.1129744259174,-184.80674334236068,100322.29896418088,32780.09473929227,0.7537227255858366,7036,5750,134652.57504511706,0.17148775081512313,0.43513812044200223,117.14877508151231,8536.154566452142,72.86601294850834,0
univ2-zero-fee,141,10000,250.864402796311,-319.64370834026346,319.64370834026346,-68.77930554395246,88294.11787478792,25313.68616310828,0.7771835625423728,8434,4202,92643.13794037726,0.06995110787188807,0.11700421349656409,106.9951107871888,9346.22202406445,87.3522119895297,0
univ2-zero-fee,142,10000,964.7545153046674,-1008.0050318609517,1008.0050318609517,-43.25051655628431,180415.59468076364,59085.18740161801,0.75329856175044,8949,4752,153254.18568147576,-0.05722550476668687,0.09929007182105565,94.27744952333131,10606.991094888534,113.27656322645666,0
univ2-zero-fee,143,10000,229.99856886460827,-1134.101357251907,1134.101357251907,-904.1027883872988,96228.40376786196,42369.90647943553,0.694297092050863,9962,7501,261547.0980604195,-0.1648771725013968,0.3230092308418284,83.51228274986032,11974.287613059509,143.38365960936963,0
univ2-zero-fee,144,10000,584.4646739254556,-1208.9509778408826,1208.9509778408826,-624.486303915427,111289.95622994084,48405.76624046467,0.6968875215212159,7599,7234,217841.27963903686,0.34176456767911306,0.5408350550246024,134.1764567679113,7452.872789489736,55.61645980707202,0
univ2-zero-fee,145,10000,421.6039463646729,-918.8406701224944,918.8406701224944,-497.23672375782155,111856.55319830595,43855.49122875516,0.7183551767615638,8367,6951,212746.26975900168,-0.0703807054772514,0.16894477080976386,92.96192945227486,10757.09254494854,115.22724517525236,0
univ2-zero-fee,146,10000,546.6463385970496,-1564.59380088314,1564.59380088314,-1017.9474622860903,144270.34748851438,89311.67662601118,0.6176431942287581,9189,7814,286349.0515902724,-0.03882238718203638,0.286629977259866,96.11776128179636,10403.905267272452,108.39662639911074,0
univ2-zero-fee,147,10000,691.6849197276634,-756.1663669810184,756.1663669810184,-64.48144725335499,127712.0951457626,41999.87546436349,0.7525226104359576,6386,4490,130112.47749396913,0.02656907271296376,0.08358005476350015,102.65690727129638,9741.186260824998,94.86693306153195,0
univ2-zero-fee,148,10000,979.7921521773179,-2240.333651114567,2240.333651114567,-1260.5414989372493,175033.12052536735,31516.79766881944,0.8474131679917245,8101,8002,389114.4360516792,-0.37170444570626815,0.4472239390450254,62.82955542937319,15916.078040274877,253.78965492734454,0
univ2-zero-fee,149,10000,302.3550404913028,-373.65426084228744,373.65426084228744,-71.29922035098463,108951.02305576399,37129.8352977774,0.745826826893934,9023,4523,107580.34109664644,-0.1485104700217437,0.14978052259828445,85.14895299782563,11744.126420385457,137.6635502152757,0
univ2-zero-fee,150,10000,321.5960663943405,-1178.7875813157966,1178.7875813157966,-857.1915149214561,71629.95305362152,26289.62700955977,0.731518180607017,5448,7546,227346.45852233894,0.16157823645009273,0.4358216812512535,116.15782364500927,8608.97717569887,74.1146224176046,0
univ2-zero-fee,151,10000,519.4581975426062,-546.1539157244736,546.1539157244736,-26.69571818186739,117124.1514522721,40968.24477058985,0.7408588537500744,6668,3752,105015.31240219879,0.07004754487539913,0.07871608770426462,107.00475448753991,9345.379602097702,87.19231511011469,0
univ2-zero-fee,152,10000,598.0922666779251,-898.2032100545845,898.2032100545845,-300.1109433766594,111797.05384013204,43641.33137399187,0.719237102766644,8613,6420,166345.35196882745,0.04851405343523808,0.20835932958868839,104.85140534352381,9537.30725078488,90.90929103459119,0
univ2-zero-fee,153,10000,209.78587750756276,-228.19250578379825,228.19250578379825,-18.406628276235494,75303.239401076,11479.676387524545,0.8677196279566299,7245,2848,64599.42085157857,-0.013874478783194064,0.02655818875860092,98.6125521216806,10140.697378923745,102.91618631381526,0
univ2-zero-fee,154,10000,290.317865998972,-842.838402419638,842.838402419638,-552.520536420666,71818.83578231739,13551.278178251428,0.8412643775489094,6350,7018,194904.39888207975,-0.0123490897240859,0.22169806018204127,98.76509102759141,10125.03556706953,102.51644130375507,0
univ2-zero-fee,155,10000,656.9415072765978,-801.5354315713128,801.5354315713128,-144.59392429471495,123127.97183647064,43780.63883481453,0.7376969429034586,6689,5530,149047.91725573398,0.11904365565114318,0.18993638250716458,111.90436556511432,8936.20236248878,80.22522366676966,0
univ2-zero-fee,156,10000,597.2364400106018,-1768.8460844370127,1768.8460844370127,-1171.6096444264108,123388.62519435759,59124.1514903685,0.6760547257877733,7099,7919,306208.3498303739,-0.08260250886419214,0.1568729883517773,91.73974911358079,10900.401238464663,118.8185059000919,0
univ2-zero-fee,157,10000,715.22012162824,-738.107119105949,738.107119105949,-22.886997477708974,156786.67606587207,77053.81801616221,0.6704855661606209,9774,4245,124299.45283561741,-0.04132073843251646,0.06836518232636678,95.86792615674835,10431.018068446712,109.00829646753655,0
univ2-zero-fee,158,10000,488.6208961897611,-1553.3799336095296,1553.3799336095296,-1064.7590374197684,112988.18050518984,67062.26893396686,0.627536231412581,7195,7783,279270.3437408079,-0.2427322901194735,0.502614353420551,75.72677098805265,13205.37052779483,174.38100864889887,0
univ2-zero-fee,159,10000,358.37236186216796,-960.4480129414843,960.4480129414843,-602.0756510793163,136733.0090851105,72199.1788908648,0.6544372622031468,11291,7249,226579.12606708877,0.056497368754066454,0.11901332945788212,105.64973687540665,9465.239773439027,89.59126963684643,0
univ2-zero-fee,160,10000,261.2275523656611,-365.0579821400283,365.0579821400283,-103.83042977436719,70982.243037038,19817.377818969806,0.781746028979607,5393,4660,100064.47984455439,0.12354036866650034,0.16366449323434779,112.35403686665003,8900.437161712616,79.25054805216993,0
univ2-zero-fee,161,10000,249.28476957818833,-258.7336294512958,258.7336294512958,-9.448859873107494,79932.95182401428,12139.909833592552,0.8681488810596821,7191,2637,63877.55060376637,0.04596150519022103,0.055817724983247954,104.5961505190221,9560.581750629413,91.58311333071114,0
univ2-zero-fee,162,10000,487.448887683248,-526.1571676636646,526.1571676636646,-38.70827998041659,108572.41519161797,52497.11945019251,0.6740717009772418,6060,3814,101447.82151664612,0.02780391241631591,0.08519569210382841,102.78039124163159,9729.482796077153,94.62081937808479,0
univ2-zero-fee,163,10000,802.8670433666557,-1164.3697849635664,1164.3697849635664,-361.5027415969107,167692.12038550942,51944.68615214608,0.7634973528754141,11398,6996,200378.89437780084,0.5074067826105505,0.5286269785186712,150.74067826105505,6633.909860975412,44.00890757798017,0
univ2-zero-fee,164,10000,162.94843170471526,-393.8301602403472,393.8301602403472,-230.88172853563194,58600.806987453434,35495.46564990839,0.6227750084564501,4769,5757,126044.15805188136,0.07642461782385396,0.1977192773985452,107.6424617823854,9290.014661543359,86.19144714022153,0
univ2-zero-fee,165,10000,813.202909776758,-917.2651474054119,917.2651474054119,-104.06223762865386,183631.22106206004,118471.53037145785,0.6078435902708776,10861,5607,162383.12389010686,0.01674902950508752,0.15134559719281668,101.67490295050875,9835.269575870583,96.73209893265582,0
univ2-zero-fee,166,10000,1108.7207064435243,-1403.9378544165759,1403.9378544165759,-295.2171479730516,190624.41554158845,111016.95903310628,0.6319571239534468,11638,6812,202184.6794803725,0.08951222825371814,0.32262212004988866,108.95122282537181,9178.41996875342,84.24358471801214,0
univ2-zero-fee,167,10000,193.27417839452056,-249.10958272886197,249.10958272886197,-55.835404334341405,55764.67386252428,11604.238988138606,0.8277508349606026,4968,3602,72063.7637160699,0.09340961575740309,0.13941229675411365,109.34096157574031,9145.703711141987,83.73482049058491,0
univ2-zero-fee,168,10000,210.2407084738961,-219.51437642031104,219.51437642031104,-9.273667946414946,70978.13821195126,38400.05345132623,0.6489240417363874,5422,2519,59232.62817447588,-0.008523286016418155,0.03905944337351315,99.14767139835818,10085.96596551534,101.40934073146617,0
univ2-zero-fee,169,10000,521.1983246600814,-688.7437323724345,688.7437323724345,-167.54540771235304,144636.13197197398,39195.902249007784,0.7867841564441866,9751,5850,163177.76218919357,-0.08955604096511934,0.16376752987563634,91.04439590348807,10983.653316729084,121.41388861505814,0
univ2-zero-fee,170,10000,462.26619312944763,-1276.0363336088324,1276.0363336088324,-813.7701404793847,116644.77199177412,64271.88324177909,0.6447431378896116,7019,7576,256762.1728738602,0.060011398900059874,0.1884603705804662,106.00113989000599,9433.861486652106,88.99655015191802,0
univ2-zero-fee,171,10000,664.5283282467872,-917.2197541199415,917.2197541199415,-252.69142587315434,145786.77778954984,56560.663411298534,0.7204774961539697,8360,6377,181200.0272942652,0.060699073442992815,0.21612773067925103,106.06990734429928,9427.7452763351,88.88289485925085,0
univ2-zero-fee,172,10000,191.71295742790645,-197.4106343337634,197.4106343337634,-5.697676905856952,73877.96994586686,21706.04692891805,0.7729113335197769,6868,2482,57020.190557054026,-0.0016158745529376971,0.03125648274540083,99.83841254470623,10016.185355128975,100.12704678278762,0
univ2-zero-fee,173,10000,937.5961997934168,-936.9549112865955,936.9549112865955,0.6412885068212972,144135.0404306616,37541.374678318214,0.7933613195978203,8308,3382,111559.57353732463,0.0010940604961382405,0.16813780196073452,100.10940604961382,9989.071929932828,99.82540720581034,0
univ2-zero-fee,174,10000,703.5315128508619,-707.0949356909813,707.0949356909813,-3.563422840119415,169855.38119261558,46622.47078732732,0.7846316823596023,10069,3878,125845.59830936542,-0.007615164067745752,0.03920290953419027,99.23848359322542,10076.73669208561,101.54059972097969,0
univ2-zero-fee,175,10000,515.4489229891058,-826.5659820041051,826.5659820041051,-311.1170590149993,96378.41809360097,39227.151590497764,0.7107261030510785,5750,6357,168374.08241813935,0.18520106612948864,0.21387575748744397,118.52010661294887,8437.387394858832,71.18943770981471,0
univ2-zero-fee,176,10000,487.8277672686199,-647.1821115504954,647.1821115504954,-159.3543442818755,143635.67355311176,63123.97954246129,0.6946987548229117,10703,5781,152660.45293000617,-0.06163091748626044,0.1239020161739684,93.83690825137396,10656.788461664648,113.5668795006855,0
univ2-zero-fee,177,10000,636.2164082639548,-636.4593198771163,636.4593198771163,-0.2429116131614819,152740.36327183136,41278.03782539052,0.7872467890058209,10851,3671,108559.04099554934,-0.0066513686497346215,0.10533998578737452,99.33486313502654,10066.959781166646,100.99498380035627,0
univ2-zero-fee,178,10000,122.73392138018139,-264.89053077444197,264.89053077444197,-142.15660939426058,45249.94468069023,15960.09198798111,0.7392569445044975,4006,4836,97980.8825997453,0.0008540642387607989,0.07090916321182178,100.08540642387608,9991.467069684546,99.99833791850422,0
univ2-zero-fee,179,10000,242.44458758857172,-853.4458130450785,853.4458130450785,-611.0012254565067,85161.20897501316,40644.301888103866,0.6769274922119509,9929,7200,189151.87753403845,0.25565356402428335,0.5570411495611808,125.56535640242834,7963.9806385409165,63.44613090760936,0
univ2-zero-fee,180,10000,861.8586903421478,-1233.3584018686454,1233.3584018686454,-371.49971152649755,173083.04131202307,73941.08018898858,0.7006726317264294,11543,7010,197827.29890166983,0.7645989064139743,0.7797571263730927,176.45989064139744,5667.010591155716,32.75481328719678,0
univ2-zero-fee,181,10000,798.3650425021777,-1059.6255467133083,1059.6255467133083,-261.2605042111305,89413.0605341159,23719.93889895224,0.7903358081389378,4249,6086,160036.15848199173,0.17834800934637657,0.22702466633000853,117.83480093463766,8486.457637264626,71.87378761762875,0
univ2-zero-fee,182,10000,551.7746333609626,-963.1342289250025,963.1342289250025,-411.35959556403986,106694.49507813578,54211.0462674299,0.6630877605948661,5968,6784,193723.0844678629,0.03404774457547404,0.20634921380661397,103.4047744575474,9670.733901351266,93.43126881151193,0
univ2-zero-fee,183,10000,531.9141240328532,-1085.2166457033068,1085.2166457033068,-553.3025216704535,134759.5528222112,31044.624001715754,0.8127633175689952,10114,7202,229926.3445659837,0.029918402708792088,0.15355486604296317,102.99184027087921,9709.507906315286,94.42813841375441,0
univ2-zero-fee,184,10000,313.9128239595095,-1516.3744908117772,1516.3744908117772,-1202.4616668522676,114994.69017531202,57120.764177842655,0.6681253034916925,9532,7830,315601.85792834335,-0.3928326162439872,0.3934025703458293,60.71673837560128,16469.92452135253,271.3474029751538,0
univ2-zero-fee,185,10000,328.82733167532285,-638.0301330741047,638.0301330741047,-309.20280139878184,76193.63394129902,26128.763329058143,0.744642775911314,4483,6243,163472.71669284254,-0.04625760584117785,0.1836038138742434,95.37423941588222,10485.01207792903,109.93580381075877,0
univ2-zero-fee,186,10000,349.95426090015144,-371.5947431394307,371.5947431394307,-21.640482239279265,104913.23159022302,28448.2314454487,0.7866832681804089,7409,3436,89397.87892199315,-0.01573643488572529,0.033075828623504576,98.42635651142747,10159.880842947206,103.26098876111455,0
univ2-zero-fee,187,10000,245.4556893980633,-281.2361229864599,281.2361229864599,-35.78043358839662,70694.23701651512,40343.65931789325,0.636667654470039,4559,3092,71919.07982145507,-0.009651681937272514,0.048299549929788695,99.03483180627275,10097.45782395909,102.17040937157365,0
univ2-zero-fee,188,10000,299.3161420466263,-1490.1583040903088,1490.1583040903088,-1190.8421620436825,98228.42208977512,24694.217517702557,0.7991076534269255,8967,7883,291454.52146892576,0.0005059718669085101,0.28558623418939105,100.05059718669085,9994.943672419427,99.984134307965,0
univ2-zero-fee,189,10000,466.8888078774644,-982.2746275900105,982.2746275900105,-515.3858197125461,124452.38619738177,56626.01162683828,0.6872845557104643,8727,7096,208836.60036039248,0.11173353850687874,0.27418027106765136,111.17335385068787,8994.9618089444,80.90954839688911,0
univ2-zero-fee,190,10000,466.77901377199186,-701.8016040495214,701.8016040495214,-235.02259027752956,80771.1095815522,13522.156582641079,0.8565946739070965,5173,5855,141366.08893340072,0.2934074016764691,0.3774343284579308,129.3407401676469,7731.516360304022,59.70296125969308,0
univ2-zero-fee,191,10000,568.9370819510217,-1222.8477729260972,1222.8477729260972,-653.9106909750755,131192.81442243033,98734.67007990734,0.5705834372362583,8714,7340,226951.35540663567,0.5522032935742694,0.5522032935742694,155.22032935742695,6442.45552329765,41.520139820593194,0
univ2-zero-fee,192,10000,615.2271355110051,-815.3374898539151,815.3374898539151,-200.11035434291,100682.23052123768,32039.89897012115,0.7585941463348268,5187,5728,153804.5897037011,0.055404265021607696,0.11542891826654894,105.54042650216077,9475.042758813526,89.90022131856176,0
univ2-zero-fee,193,10000,517.613584519817,-547.5694295165038,547.5694295165038,-29.95584499668678,112591.65570855602,20208.71748223143,0.8478263502076263,6646,3576,101914.34829697764,-0.0677490760112633,0.10519196743920588,93.22509239887367,10726.72631027834,114.77862858144684,0
univ2-zero-fee,194,10000,221.9546943088241,-498.7235630109718,498.7235630109718,-276.76886870214776,75540.6249890774,33502.91450843722,0.6927565386925023,7784,6088,140163.11013866012,0.1073363630524831,0.18430157993541285,110.73363630524831,9030.680262133852,81.8583582561802,0
univ2-zero-fee,195,10000,490.8832614600872,-663.6457053587833,663.6457053587833,-172.76244389869606,149155.17450582958,69608.89598610763,0.6818083708646611,10554,5935,155368.811401765,0.23597485911079047,0.29985880489450667,123.59748591107905,8090.780082270843,65.52057441264236,0
univ2-zero-fee,196,10000,629.278922297759,-650.4648770319004,650.4648770319004,-21.185954734141433,129405.99406113324,50216.08716106419,0.7204347771756106,6385,3648,112439.77017649522,-0.05262655289203579,0.09251925407781343,94.73734471079642,10555.500089011473,111.53046569883209,0
univ2-zero-fee,197,10000,944.7688032915245,-1459.3285776228145,1459.3285776228145,-514.55977433129,188013.16713650964,105888.8899281432,0.6397136822188023,10293,7327,252447.61888033923,-0.0437984711551104,0.10983927203890759,95.62015288448896,10458.047382052417,109.37046831301399,0
univ2-zero-fee,198,10000,354.2948178729129,-788.6028778120892,788.6028778120892,-434.3080599391763,115083.05204814753,58347.274530419214,0.6635693671257261,9014,6864,189146.4514407561,0.040327629589985606,0.17914825976697699,104.03276295899856,9612.35714453742,92.39607552260667,0
univ2-zero-fee,199,10000,373.5072388614458,-910.3277371571626,910.3277371571626,-536.8204982957168,79174.20858118654,15210.433375034634,0.8388463095289407,7317,6965,188550.56683184087,0.23111661460971206,0.37307637254550485,123.1116614609712,8122.707860977781,65.97886838948915,0
univ2-zero-fee,200,10000,174.1005553519033,-1003.8654320509132,1003.8654320509132,-829.76487669901,57815.335835487465,28489.262683833538,0.6698986708401679,6291,7466,202666.31947623618,0.7927979729938497,0.7927979729938497,179.27979729938497,5577.87361176943,31.11320204960449,0
univ2-zero-fee,201,10000,224.69243358573155,-1156.1711186650327,1156.1711186650327,-931.4786850793012,65143.90796920541,21867.921743818417,0.7486787507406565,5657,7541,250840.11880679434,-0.23742996865315733,0.2531125975954107,76.25700313468427,13113.550541881028,172.37792516449392,0
univ2-zero-fee,202,10000,403.6630903832612,-1346.7974507592837,1346.7974507592837,-943.1343603760225,105163.54382864293,33307.644195354675,0.7594615553555999,9432,7685,256365.27464325097,0.17647074611809244,0.3529559097017562,117.64707461180924,8499.99951056543,72.30082144211484,0
univ2-zero-fee,203,10000,850.4214168908668,-1096.9553649206937,1096.9553649206937,-246.5339480298269,115545.30228830976,31950.810669579754,0.7833786258577419,6084,6257,164735.92799596442,0.3141727573939673,0.5131211022595779,131.41727573939673,7609.350020015821,57.902198364854954,0
univ2-zero-fee,204,10000,811.4384691067296,-1359.0987497257513,1359.0987497257513,-547.6602806190217,192237.9566894026,72571.39532671777,0.7259485181539209,11791,7375,255979.1213818807,-0.12792282151980416,0.15777582928836723,87.20771784801958,11466.876116994736,131.48932780081054,0
univ2-zero-fee,205,10000,272.8549710754446,-417.57506297354536,417.57506297354536,-144.72009189810075,84400.31257303985,18054.736563391103,0.8237789477866619,6708,5260,122612.37088705593,-0.03374174816279577,0.07594263115045777,96.62582518372042,10349.200710426856,107.1066617850174,0
univ2-zero-fee,206,10000,829.9936757118157,-846.55747747567,846.55747747567,-16.563801763854258,161547.4635894445,47430.466444274825,0.773036002238984,8268,3978,130267.40475084477,0.12256126797962423,0.17272974869837157,112.25612679796242,8908.200254343988,79.35603674676747,0
univ2-zero-fee,207,10000,289.18733220207275,-327.471100005682,327.471100005682,-38.28376780360924,93400.18443542684,43954.28102469969,0.6799937965070423,7188,3803,87034.09646047681,0.04771180821061918,0.07650549430325185,104.77118082106192,9544.60992268743,90.7594439157596,0
univ2-zero-fee,208,10000,331.23970256525894,-365.79929203849963,365.79929203849963,-34.55958947324069,81741.58029486932,24544.984381445116,0.7690678548488746,5498,3339,80782.94826765831,0.07508617070684039,0.08845436282842528,107.50861707068404,9301.58035890495,86.60562109209545,0
univ2-zero-fee,209,10000,456.64166088665144,-458.7948469740193,458.7948469740193,-2.153186087367885,135797.80011061675,56581.28683359647,0.7058864987232,9233,3516,99403.77627403205,0.010148725356096264,0.04509052905524541,101.01487253560963,9899.532983963101,98.00199013650169,0
univ2-zero-fee,210,10000,334.5408310002861,-339.7820557307103,339.7820557307103,-5.241224730424165,94529.514745441,19627.147983450057,0.8280683096871684,6702,2727,75071.46044930899,-0.012267692759811268,0.03519228899682659,98.77323072401887,10124.201060380174,102.27583272581126,0
univ2-zero-fee,211,10000,295.27302053947517,-878.24141814874,878.24141814874,-582.9683976092648,71138.85352308888,19100.526112800842,0.788334913317553,5063,7099,214767.4036503646,-0.12026680359399138,0.20586479592014753,87.97331964060086,11367.083407791959,129.21013403521889,0
univ2-zero-fee,212,10000,1087.7288623720617,-2718.493774062651,2718.493774062651,-1630.7649116905893,236148.96836322945,58808.979006994305,0.8006191067868439,10815,8285,450415.2750032912,-0.40644906872235637,0.4310863305993383,59.35509312776436,16847.756038843723,284.2480316052466,0
univ2-zero-fee,213,10000,467.71345587120044,-1727.0126831728594,1727.0126831728594,-1259.299227301659,138708.21113525433,43562.596318153446,0.7610006949177038,11466,7947,324126.66014295944,0.2048362498831905,0.31776283767385466,120.48362498831905,8299.88393735183,69.24468368883747,0
univ2-zero-fee,214,10000,589.7353660728934,-692.834357090197,692.834357090197,-103.09899101730366,159620.61281302973,74689.71940621833,0.6812359117978207,9086,5413,151577.08793073444,-0.04535133604904076,0.07263239706388305,95.46486639509592,10475.058618355895,109.72608520405835,0
univ2-zero-fee,215,10000,224.16712507664448,-380.40253475961754,380.40253475961754,-156.23540968297306,59404.65373398359,17638.446141295317,0.7710574189012476,4044,5218,115397.17975846032,0.015840768156131873,0.0903822168137846,101.58407681561319,9844.062927850879,96.90540235547302,0
univ2-zero-fee,216,10000,127.13971855249521,-184.36050235164316,184.36050235164316,-57.22078379914795,50408.470102279396,17650.864645271136,0.7406547579293464,5126,3535,67834.39230615314,-0.06653277110134936,0.06833932412102314,93.34672288986506,10712.749314030589,114.76331468946934,0
univ2-zero-fee,217,10000,369.3078529682391,-1372.223248151565,1372.223248151565,-1002.9153951833259,124609.90794100144,80180.86304632222,0.6084742361203116,8009,7727,310544.8244794605,-0.44787607163381393,0.46068531416864755,55.212392836618605,18111.87751932103,328.77473811409266,0
univ2-zero-fee,218,10000,438.5458050361592,-478.9993546202264,478.9993546202264,-40.45354958406722,138281.6642301942,43019.84100202397,0.7627165811617369,10362,4386,113561.03845259531,-0.05732268338579843,0.07323025794657752,94.26773166142016,10608.084616745708,112.78941581322782,0
univ2-zero-fee,219,10000,370.14820961801865,-486.92886394461306,486.92886394461306,-116.7806543265944,98435.59108873797,25507.80142807958,0.7941979728800913,8944,4997,115313.68700308802,-0.04777103162869437,0.12387604870560268,95.22289683713056,10501.676600387476,110.29641023208549,0
univ2-zero-fee,220,10000,400.56227316181344,-428.9007827109507,428.9007827109507,-28.338509549137257,130627.77382354773,57968.277434004616,0.6926326026050174,9178,4125,106099.4734571677,0.007739743962166728,0.04241187787210578,100.77397439621667,9923.197643559113,98.7563300744678,0
univ2-zero-fee,221,10000,112.97031154590303,-732.280861022158,732.280861022158,-619.3105494762549,44109.288776188754,14107.217324281253,0.7576766750664317,4632,7030,199421.09861599174,-0.05259672271627025,0.14222427918650724,94.74032772837298,10555.167807767797,111.41168931313693,0
univ2-zero-fee,222,10000,189.6929175772261,-607.9081819871778,607.9081819871778,-418.2152644099517,67143.5524043163,17242.811429690668,0.7956682733289905,6265,6550,176924.96481345757,-0.11914159522608045,0.17369178765324506,88.08584047739195,11352.563147750025,128.64247561923003,0
univ2-zero-fee,223,10000,557.016419795584,-1144.5094743303753,1144.5094743303753,-587.4930545347912,107796.19314349232,26862.55492780067,0.8005138521443945,5728,7246,233411.34626433084,-0.0785083313718188,0.13429832369444,92.14916686281812,10851.970764344489,117.63821917798023,0
univ2-zero-fee,224,10000,684.1850830160829,-1507.0738322116897,1507.0738322116897,-822.8887491956068,163038.9635350532,86529.16043236606,0.6532844056492474,9852,7642,268473.5881860867,0.07229619945804899,0.3578882548177998,107.2296199458049,9325.78219591675,87.56235304753778,0
univ2-zero-fee,225,10000,142.25858185865226,-848.7929452765335,848.7929452765335,-706.5343634178812,50698.100104603276,21021.897182148194,0.706889319890821,4735,7179,217227.20237734448,-0.15163338106419375,0.17901555570079963,84.83666189358063,11787.357460326593,138.8464263594924,0
univ2-zero-fee,226,10000,232.53983812317813,-650.1077795103697,650.1077795103697,-417.5679413871916,88771.50032349411,23954.042237606114,0.7875012025369282,8640,6718,190255.20365986394,-0.24385977306874979,0.2756672925065979,75.61402269312502,13225.06128393369,174.5364242223458,0
univ2-zero-fee,227,10000,180.2886562621916,-1073.4957894532467,1073.4957894532467,-893.2071331910552,56916.74381200784,24052.476746342225,0.7029429630113714,5106,7547,233275.31650320004,0.2890470247814125,0.49084615089180234,128.90470247814125,7757.669323005129,60.317391349748426,0
univ2-zero-fee,228,10000,710.7593969938753,-1814.060721518714,1814.060721518714,-1103.3013245248387,153259.64880547608,42989.29740549913,0.7809450790156908,9855,7939,298762.18579597503,0.1637146959067441,0.2167770909442291,116.37146959067441,8593.172239590947,73.84290400801531,0
univ2-zero-fee,229,10000,656.7971779341841,-1258.22363410851,1258.22363410851,-601.4264561743258,183844.49010004388,71342.55700444385,0.7204303360458878,11471,7550,261626.71663770394,-0.07649520331046915,0.20285726554512365,92.35047966895308,10828.315156946528,117.3265333682859,0
univ2-zero-fee,230,10000,504.9078157277857,-1707.155656622006,1707.155656622006,-1202.2478408942204,133371.80999707655,62428.30815952681,0.6811630720794771,8498,7893,325611.57519831357,-0.023262716743322046,0.3912582586053579,97.6737283256678,10238.168520835296,105.4279823870154,0
univ2-zero-fee,231,10000,538.4697598180712,-576.1349016686029,576.1349016686029,-37.665141850531654,111490.48975948367,23650.68938534267,0.8249927258663549,5854,3883,107704.35229135753,-0.013172587155587081,0.06916352861601922,98.68274128444129,10133.484675316487,102.69018879406573,0
univ2-zero-fee,232,10000,487.02656479738675,-503.08913824557794,503.08913824557794,-16.062573448191188,89239.7497957389,25072.29838489319,0.7806679279748817,4272,2709,82797.80728998335,0.017248452799884434,0.04396940929918316,101.72484527998844,9830.440447544006,95.87193177792206,0
univ2-zero-fee,233,10000,456.28688798683754,-760.4411437645891,760.4411437645891,-304.1542557777516,124868.30281254143,55503.81959998947,0.6922816072816058,7846,6464,179887.872405283,0.11971139515193713,0.1342067008642084,111.97113951519371,8930.873388435244,79.76077115787699,0
univ2-zero-fee,234,10000,150.63645935861223,-208.57018566865696,208.57018566865696,-57.93372631004473,71132.31441641624,38012.09896936232,0.651726572252435,6823,3861,78582.8204615654,-0.1282520655013626,0.16284896646497898,87.17479344986374,11471.206469490025,132.19781396251048,0
univ2-zero-fee,235,10000,1049.9472040744524,-1870.5085185965083,1870.5085185965083,-820.5613145220559,161468.95616899457,61027.671007731755,0.725714174717542,9120,7758,265157.23822450335,0.1906366357184065,0.4991499533795758,119.06366357184065,8398.868633736052,70.6910179816114,0
univ2-zero-fee,236,10000,225.1745280343336,-865.4590265731213,865.4590265731213,-640.2844985387876,60847.355276648195,25607.29229891917,0.7038066429391594,5167,7177,203247.46898294892,0.21974558175867911,0.42362354146729503,121.97455817586791,8198.431461789389,67.21480809917236,0
univ2-zero-fee,237,10000,467.3742505228271,-578.3094322474772,578.3094322474772,-110.93518172465008,96619.11999802192,41887.55000022602,0.6975773802030193,5678,4995,123551.62278182451,0.04091485018373277,0.10804084646738119,104.09148501837328,9606.934247402027,92.4113136470382,0
univ2-zero-fee,238,10000,295.59067302229494,-1202.6571583390726,1202.6571583390726,-907.0664853167776,101292.85804602725,45891.294857920824,0.6882049191269298,9903,7636,244990.42216733794,0.5281541848509849,0.6569863103888832,152.8154184850985,6543.842810402192,42.80061201675412,0
univ2-zero-fee,239,10000,434.22563506589626,-714.4750873982202,714.4750873982202,-280.249452332324,102884.87143224828,58494.23421695671,0.6375352683877954,7925,6200,159939.8607692351,0.1610385031511224,0.20630063786815142,116.10385031511224,8612.979363492983,74.2257792015887,0
univ2-zero-fee,240,10000,1404.0519898126424,-1424.9882852728206,1424.9882852728206,-20.936295460178144,231948.4901859281,72989.15984649459,0.7606423482350114,11735,4927,176028.64933164194,0.02653974937504785,0.1370289532516351,102.65397493750478,9741.464789604048,94.64523357043299,0
univ2-zero-fee,241,10000,326.99152478297674,-430.6946304847563,430.6946304847563,-103.70310570177958,74909.15003208761,21075.972109960385,0.780424594566123,5043,4514,107623.33569840073,-0.18999665488852047,0.1954219694115568,81.00033451114795,12345.628644246357,152.4143206434038,0
univ2-zero-fee,242,10000,381.6080468688798,-382.2299195580284,382.2299195580284,-0.6218726891486313,105958.67567912026,29829.374833667207,0.7803240070019408,7854,2826,79003.69885926825,0.006063482088712249,0.042858369241008915,100.60634820887122,9939.73113713967,98.9583810440994,0
univ2-zero-fee,243,10000,318.29737299594024,-1955.304172857415,1955.304172857415,-1637.006799861475,116079.46474513058,29133.105319811766,0.7993761469356077,9156,8158,402608.74655132723,-0.30657325884428377,0.42500359735831317,69.34267411557163,14421.135782547986,207.80799920429928,0
univ2-zero-fee,244,10000,257.9900782817386,-1182.3613403814068,1182.3613403814068,-924.3712620996682,80666.49078640497,20776.52246989877,0.7951902077533397,6822,7604,270719.9357857558,-0.22263599594876113,0.25528073312734617,77.73640040512389,12863.987439576826,165.48230014142715,0
univ2-zero-fee,245,10000,552.1223120356555,-1116.4213822564045,1116.4213822564045,-564.2990702207491,109742.1074810051,25896.39036386445,0.809077874089388,6375,7144,223059.05401056368,0.2356484134987454,0.3063684172649627,123.56484134987454,8092.917480801685,65.46384509427882,0
univ2-zero-fee,246,10000,103.97958083869756,-357.8434601147823,357.8434601147823,-253.86387927608476,39532.903258985,18062.60943072145,0.6863885989168454,4110,5719,126123.35006128004,-0.0009931303926049395,0.11530423401770448,99.9006869607395,10009.941655408094,100.37268906431748,0
univ2-zero-fee,247,10000,676.4753428296947,-698.6059427076276,698.6059427076276,-22.130599877932923,130414.97457496924,23202.341040994248,0.8489601191899546,9041,3741,106058.92617572902,-0.0828746775559334,0.13958596975174303,91.71253224440666,10903.63595215196,116.00465957405977,0
univ2-zero-fee,248,10000,649.1914146214044,-1762.511816506336,1762.511816506336,-1113.3204018849315,142082.9450725056,61498.59643857906,0.6979166383056856,7573,7909,339792.71801680303,-0.25904277704759693,0.357119231409013,74.09572229524031,13496.057054702878,182.14330186882077,0
univ2-zero-fee,249,10000,631.7893850496193,-1567.4178938327027,1567.4178938327027,-935.6285087830834,106863.78487368934,38826.634660631426,0.733499053783115,5852,7666,267481.73557904945,0.16988503260444474,0.3744898037709558,116.98850326044447,8547.849004854515,73.0803811305613,0
univ2-zero-fee,250,10000,814.6548992383864,-1772.4374144867968,1772.4374144867968,-957.7825152484104,143493.89701300205,37316.527823334996,0.7936151753577674,7014,7784,307041.95651093125,0.04933800767453292,0.24810305121468673,104.93380076745329,9529.818527860058,90.4898072281145,0
univ2-zero-fee,251,10000,871.2125782902378,-1327.6583215593676,1327.6583215593676,-456.4457432691297,134204.1118462765,26481.531428019167,0.8351966554795793,6386,6950,227406.97759218753,-0.026105222403206625,0.18228747640152052,97.38947775967934,10268.050401258935,105.52670585095511,0
univ2-zero-fee,252,10000,449.2485689634532,-1055.3112389421533,1055.3112389421533,-606.0626699787001,139288.64050772175,35221.95298403113,0.7981672500260241,11449,7226,247230.36726921712,-0.17482683191058912,0.2709007110403185,82.51731680894109,12118.669708814215,146.94629569126272,0
univ2-zero-fee,253,10000,217.37837447053624,-526.5879935130846,526.5879935130846,-309.20961904254835,84271.73250432276,26558.720182839726,0.7603662212063127,8362,6296,156960.15300098673,0.057821832087242626,0.1364259811238621,105.78218320872426,9453.388470148971,89.36704191664047,0
univ2-zero-fee,254,10000,339.071406382262,-628.2173425387352,628.2173425387352,-289.1459361564732,80750.15425753628,45465.89129628506,0.6397772478389256,5446,6236,153639.6853098226,0.13097179178114587,0.23758803179260837,113.09717917811459,8841.953965984798,78.18074559021296,0
univ2-zero-fee,255,10000,489.67233905235935,-665.6994445627128,665.6994445627128,-176.0271055103534,134103.94214984094,44761.59162927595,0.7497472504426004,9966,5881,155589.04891171874,-0.007354346660717397,0.09183224845357273,99.26456533392826,10074.089138739166,101.52218870979752,0
univ2-zero-fee,256,10000,742.5410925356642,-954.4030486140331,954.4030486140331,-211.86195607836885,172764.71816762906,65386.50025334046,0.7254412524660714,10539,6328,187762.9124767195,-0.010551454792575186,0.10529537506990565,98.94485452074248,10106.640596834915,101.36543166143167,0
univ2-zero-fee,257,10000,440.28043379324464,-453.210088897809,453.210088897809,-12.929655104564347,140411.67110609158,33223.10673380251,0.8086609886157886,11167,3789,103839.5230092402,-0.018743587789323186,0.04671777103568729,98.12564122106768,10191.016965728226,103.93354410602677,0
univ2-zero-fee,258,10000,567.8450964720378,-1429.3566105977745,1429.3566105977745,-861.5115141257368,132240.7046063047,85820.26204224493,0.6064391378189108,7575,7633,267445.6533401425,0.1306267401107975,0.2158780416535258,113.06267401107975,8844.652592360086,78.2283451972868,0
univ2-zero-fee,259,10000,365.5170234251404,-1048.2972313512773,1048.2972313512773,-682.7802079261369,102684.92284295437,23426.83269732319,0.8142375181682319,7712,7254,250757.0927524146,-0.039067567336283415,0.3442625824729973,96.09324326637166,10406.559856761667,108.29608654382311,0
univ2-zero-fee,260,10000,495.42414332022395,-893.6152351450294,893.6152351450294,-398.1910918248054,129284.68052779217,27229.29250423912,0.8260264436666844,9610,6849,204400.14457725437,-0.044321531129832434,0.14161178891100662,95.56784688701676,10463.771206185205,109.49047363123745,0
univ2-zero-fee,261,10000,326.80011684739566,-528.8115785190947,528.8115785190947,-202.01146167169907,76625.7325857954,50690.60323912096,0.6018531093383809,5200,5683,127401.95207665263,0.4008467021424576,0.41812372641044304,140.08467021424576,7138.540167812088,50.65810344203464,0
univ2-zero-fee,262,10000,412.1969180222608,-451.23577008341016,451.23577008341016,-39.038852061149385,116709.58021198321,44937.97120510623,0.7220002974919459,9994,4058,98116.7894142674,-0.02811768366753341,0.08623958627815796,97.18823163324666,10289.312303071432,106.52284600287264,0
univ2-zero-fee,263,10000,295.8784657916392,-803.6224237836807,803.6224237836807,-507.7439579920415,76295.12351032287,34980.813085407724,0.6856390145472847,4367,6854,203885.17863951577,-0.15351582318251686,0.18033392784111285,84.64841768174831,11813.570596548112,139.7420681636363,0
univ2-zero-fee,264,10000,247.2313133715601,-1711.1575356537128,1711.1575356537128,-1463.9262222821526,96731.49803792205,25008.41820594794,0.7945750335834719,8698,7987,355210.7981465663,-0.3997061307471325,0.4550855073268497,60.02938692528675,16658.50934361954,277.5065921963876,0
univ2-zero-fee,265,10000,455.06095472912756,-605.8227862587712,605.8227862587712,-150.76183152964364,120400.25517529948,28287.677285640733,0.8097513576424784,9494,5609,140786.5835717499,0.07060324679339558,0.11670883538285196,107.06032467933956,9340.529029097803,87.13095896679536,0
univ2-zero-fee,266,10000,421.8972499467754,-446.87379003735487,446.87379003735487,-24.976540090579476,90751.34291558173,31120.90622960277,0.7446432108385157,4879,3113,86977.65148602116,-0.02308701881408183,0.04530983636686514,97.69129811859182,10236.326660002289,104.78263269803747,0
univ2-zero-fee,267,10000,1313.3032732625568,-1314.3423318881582,1314.3423318881582,-1.0390586256014558,213733.11928982128,58150.67567227313,0.7861193761828269,10495,4260,159897.652811337,-0.008170867321095017,0.07060370794023285,99.1829132678905,10082.382544393316,101.65458535084109,0
univ2-zero-fee,268,10000,500.3860079213133,-1980.643375035828,1980.643375035828,-1480.2573671145146,109171.18987535777,24478.63960071678,0.8168449619675807,6708,8026,362690.5981026733,-0.08432036160944904,0.3688834936677442,91.5679638390551,10920.850979501636,119.34976369164225,0
univ2-zero-fee,269,10000,134.2278248190848,-542.4815241162916,542.4815241162916,-408.25369929720677,53628.39199107695,27719.80001206637,0.6592450387711719,5302,6512,161551.1788881276,0.0983441161707482,0.20167625774983747,109.83441161707482,9104.615213876943,82.89332654495395,0
univ2-zero-fee,270,10000,584.8054572788857,-969.660099365489,969.660099365489,-384.85464208660335,129095.59754033046,56785.74842711029,0.694505394656132,8105,6871,193812.40134612515,0.2794549679843497,0.35269725607227315,127.94549679843497,7815.828539215853,61.016651922615246,0
univ2-zero-fee,271,10000,675.3750532871827,-1340.7105854167532,1340.7105854167532,-665.3355321295705,179858.82587411557,119778.6348383934,0.6002548060794155,10368,7512,264985.5411158314,0.1763029773584256,0.1801195521677576,117.63029773584256,8501.211942264872,72.2700787258984,0
univ2-zero-fee,272,10000,158.89905480027213,-1045.1690753105997,1045.1690753105997,-886.2700205103276,44242.61499732919,14369.09459656652,0.7548425955133199,4283,7503,217593.05875449104,0.821656985705807,0.821656985705807,182.1656985705807,5489.507933533549,30.13487132994103,0
univ2-zero-fee,273,10000,536.921632964253,-1255.387283155262,1255.387283155262,-718.4656501910089,85008.26271407558,70207.12471003312,0.547679351415076,5623,7417,191901.85225616707,1.299780628390094,1.6927799882566132,229.9780628390094,4348.240991388029,18.907137590054095,0
univ2-zero-fee,274,10000,594.2744038592951,-606.8253891329769,606.8253891329769,-12.550985273681704,90385.26949709628,15600.529921106432,0.8528054701031289,6343,2739,77116.0762402748,0.07616648110314869,0.10422186860363084,107.61664811031487,9292.242987098854,86.94610444573428,0
univ2-zero-fee,275,10000,232.14391948657715,-710.165539801268,710.165539801268,-478.02162031469084,89342.04706289464,40054.77754630742,0.690450073506217,9056,6879,185819.45695066114,0.22948336202864839,0.24320481864072008,122.94833620286484,8133.4982289754425,66.29636097997468,0
univ2-zero-fee,276,10000,607.1542017335895,-1412.312925550284,1412.312925550284,-805.1587238166945,161406.4556576971,89952.68914734668,0.6421348058885435,10328,7621,270865.53825602855,-0.1482185607131531,0.31438134232417636,85.17814392868469,11740.101886653587,138.11822407017874,0
univ2-zero-fee,277,10000,560.6634445856916,-825.0624278030169,825.0624278030169,-264.3989832173253,152990.89785081457,35779.37530915396,0.8104607536440145,10984,6382,191584.8864403904,-0.1627659276761618,0.22085955727498316,83.72340723238382,11944.09220187606,142.15299267750655,0
univ2-zero-fee,278,10000,717.6928444861801,-1216.1226759453527,1216.1226759453527,-498.42983145917265,182539.63250412524,61632.48561071858,0.7475858992969444,11348,7204,244621.51954630835,-0.1829468680688271,0.19282643902867463,81.70531319311729,12239.107322751535,149.28264857405574,0
univ2-zero-fee,279,10000,704.8425962748819,-1123.5677125544617,1123.5677125544617,-418.72511627957977,165886.3118584353,97054.7185498792,0.6308878899608579,10785,7066,207986.88874966986,0.27253840855660216,0.38005284938390443,127.25384085566021,7858.3095860084195,61.750290027930994,0
univ2-zero-fee,280,10000,330.4655244411169,-914.8424411767322,914.8424411767322,-584.3769167356154,93238.55093358363,29398.5710974723,0.7602799983350264,6754,7107,226003.0769981017,-0.23290592612230954,0.2696734140831889,76.70940738776905,13036.21172660847,169.94488864631452,0
univ2-zero-fee,281,10000,368.45290501175185,-459.34617660013845,459.34617660013845,-90.8932715883866,95651.78385042693,27591.736610531094,0.7761201845960591,6308,4525,112566.32112878306,-0.07480830259328983,0.11409349387142555,92.51916974067102,10808.571432025405,116.82539784415584,0
univ2-zero-fee,282,10000,280.54629270736206,-484.8721533251576,484.8721533251576,-204.32586061779557,87523.77093355716,32247.922594601016,0.7307550586898934,7428,5825,134662.7821915524,0.1782303055328886,0.2316204150011616,117.82303055328886,8487.305543802846,71.85428895294675,0
univ2-zero-fee,283,10000,230.54706324529806,-475.6033376506158,475.6033376506158,-245.05627440531774,66323.26266683244,29604.912573962134,0.6913845958223512,5369,5990,131197.42396688438,0.2959271189892715,0.3680624809935927,129.59271189892715,7716.4836833262525,59.544311072851286,0
univ2-zero-fee,284,10000,1364.3261219995484,-1376.9758283540332,1376.9758283540332,-12.649706354484806,219568.15400716153,85089.77402851546,0.7207038905005911,10794,4773,168335.6201768843,-0.02347491004071202,0.12751061532489744,97.6525089959288,10240.393073601406,104.0632719251634,0
univ2-zero-fee,285,10000,328.36613111185306,-392.47474600935556,392.47474600935556,-64.10861489750249,121928.36355747553,30377.641993049914,0.8005486265413707,10843,4738,112910.69517973824,-0.0042631806104230915,0.09328271633189089,99.57368193895769,10042.81512598708,100.77628519878832,0
univ2-zero-fee,286,10000,469.63354233344785,-834.6581069666478,834.6581069666478,-365.02456463319993,110422.92552448569,27685.73231794591,0.7995365913299034,9570,6622,172522.33149879944,0.1319245913388505,0.4029173444375181,113.19245913388505,8834.511377583014,77.88995752428121,0
univ2-zero-fee,287,10000,438.5907588795332,-684.7450988398236,684.7450988398236,-246.15433996029043,128479.52737511724,50614.42704268868,0.7173861775109899,9780,6280,169184.20344141716,-0.0720126310503855,0.10428448939836954,92.79873689496145,10776.009603750283,115.90317231086996,0
univ2-zero-fee,288,10000,710.802215904444,-1844.5379841519064,1844.5379841519064,-1133.7357682474624,162569.7084133238,100917.58381083798,0.6169925958896629,9126,7916,305570.97415619367,0.019181784581780336,0.2636700412812341,101.91817845817803,9811.793097858108,95.42736206669963,0
univ2-zero-fee,289,10000,265.5491518976659,-598.4276259628524,598.4276259628524,-332.8784740651865,71173.31687080089,25180.325996915308,0.7386676284623162,6734,6353,149812.50222223057,0.316127055285256,0.37075704973204976,131.6127055285256,7598.051047791392,57.840803254481386,0
univ2-zero-fee,290,10000,501.2103614462299,-1390.532683292205,1390.532683292205,-889.3223218459752,128042.7447334606,66037.47662690797,0.6597413370407825,8474,7770,268611.4339024287,0.07505498728452778,0.29218284855135324,107.50549872845278,9301.850495984381,86.58954499298352,0
univ2-zero-fee,291,10000,572.1092832061196,-1023.9086312713057,1023.9086312713057,-451.7993480651861,167774.3376533668,63323.98282782268,0.7259868323751967,11037,7072,234150.64534324792,-0.19159924928156527,0.22337398771835937,80.84007507184347,12370.10357742752,153.01921293116803,0
univ2-zero-fee,292,10000,940.2022932342566,-2540.0182658804665,2540.0182658804665,-1599.81597264621,218027.06196804327,59746.72428685138,0.7849087018167159,11018,8194,449108.9828489078,-0.5527310487838203,0.5535677134907933,44.72689512161797,22357.915432211856,493.09013499152775,0
univ2-zero-fee,293,10000,119.3544734017185,-129.24328136472533,129.24328136472533,-9.88880796300684,45954.32193970467,25458.927133411253,0.6434985459442503,4359,2045,41517.55697700589,-0.019257819469591198,0.04165080890635693,98.07421805304088,10196.359974041521,103.97254062375309,0
univ2-zero-fee,294,10000,386.95285379133713,-1149.7800557639107,1149.7800557639107,-762.8272019725736,125703.53236277189,59707.22846063898,0.6779732298412527,10894,7553,246846.65951670386,0.27104770261865485,0.31099147319273274,127.10477026186548,7867.526038663439,61.9183229772161,0
univ2-zero-fee,295,10000,399.35881588411223,-633.1825013815593,633.1825013815593,-233.82368549744706,84117.5596737407,28356.820385414172,0.7478819588025276,4751,5829,151377.55146558554,-0.02662798435886515,0.11328884906469383,97.33720156411349,10273.564847563608,105.5472614564718,0
univ2-zero-fee,296,10000,386.57215258590594,-387.03116465822876,387.03116465822876,-0.45901207232282104,123641.76239497362,36356.451146777996,0.7727696432229804,9909,3250,88181.6089932905,-0.0034831360368369245,0.04200985263631679,99.65168639631631,10034.953766309098,100.7854773452055,0
univ2-zero-fee,297,10000,209.25215261346872,-928.4697375374598,928.4697375374598,-719.217584923991,70353.07167556138,27287.466511834442,0.7205313795028128,6738,7363,215020.68950345443,0.23869068659501777,0.447671200639335,123.86906865950178,8073.040939524527,65.1742623323321,0
univ2-zero-fee,298,10000,725.3246996366355,-848.0446779482753,848.0446779482753,-122.7199783116398,122615.77322819234,26317.328606571937,0.8232942960137228,6617,5201,148285.81272786055,-0.11326608186471987,0.2195414561415879,88.67339181352801,11277.340834548957,126.87282753788942,0
univ2-zero-fee,299,10000,619.7280646829296,-826.0951248608947,826.0951248608947,-206.36706017796507,172325.3341418541,79071.99383420225,0.6854700307644748,11604,6263,174165.68175527581,0.15055209765924574,0.23075707770200538,115.05520976592457,8691.48022626485,75.61270530574372,0
univ2-zero-fee,300,10000,479.92391933663737,-491.87527689262396,491.87527689262396,-11.95135755598659,145973.23262032334,31099.643562639674,0.8243681119715617,10787,3788,108523.91859948542,-0.013983870163584555,0.03001719420190071,98.60161298364154,10141.822653121735,102.79312941173237,0
univ2-zero-fee,301,10000,560.4670416717536,-1073.2300418098705,1073.2300418098705,-512.7630001381169,107716.7433197187,49773.25830681727,0.6839592495220927,6803,7039,207583.03250718344,0.2577514564765023,0.39345256091037784,125.77514564765023,7950.696908575846,63.168482125548095,0
univ2-zero-fee,302,10000,612.426923592626,-633.8715359009931,633.8715359009931,-21.444612308367027,132059.712646787,53856.694725237154,0.7103176880055113,7710,3810,110915.49936988439,-0.009754550601025471,0.07137928049166717,99.02454493989745,10098.506962758658,101.9797741604915,0
univ2-zero-fee,303,10000,1009.2189126912987,-1153.501194411047,1153.501194411047,-144.2822817197483,179939.98423783982,37141.18443528533,0.8289064654373061,9410,5858,184587.3540332038,-0.0014741069743229218,0.10276717765684566,99.85258930256771,10014.7636139453,99.98327419905475,0
univ2-zero-fee,304,10000,257.8209733364054,-1048.7096743331738,1048.7096743331738,-790.8887009967684,87896.83849827501,23717.812453787818,0.787502695645446,8669,7375,240099.6694173429,0.1169049848778252,0.24102573225117083,111.69049848778252,8953.313793081294,80.1618422792759,0
univ2-zero-fee,305,10000,160.28572167199823,-288.66006421417404,288.66006421417404,-128.3743425421758,54969.59510414388,14483.20328701156,0.7914669585314226,4149,4725,101541.12789728248,-0.09014348832688455,0.14118408182111508,90.98565116731154,10990.74450235838,120.98806606627531,0
univ2-zero-fee,306,10000,448.22626433015756,-466.69533291580507,466.69533291580507,-18.469068585647506,127137.71545913623,91104.29889213624,0.5825538031119026,8674,3763,98950.6587364278,0.06395526178860493,0.11373270868597458,106.3955261788605,9398.891990113114,88.33883802758481,0
univ2-zero-fee,307,10000,808.1298309006388,-1744.2982277469832,1744.2982277469832,-936.1683968463444,97760.13055008848,21747.249754414177,0.8180258851043125,4582,7587,258482.95597775702,0.6840009612732751,0.76717047759896,168.40009612732752,5938.23919187356,35.262454488288526,0
univ2-zero-fee,308,10000,305.10524083885525,-746.605420858818,746.605420858818,-441.5001800199627,93682.26134025204,54961.37571763088,0.630247370116297,7479,6777,187308.15251675647,0.183534470461737,0.19266802173543696,118.3534470461737,8449.26864115714,71.39019780118406,0
univ2-zero-fee,309,10000,281.2682087813067,-610.470350827787,610.470350827787,-329.2021420464803,65476.627270118384,18827.99593928187,0.7766671005394817,5257,6206,153940.38757041536,0.1615631858792446,0.20506140709556647,116.15631858792446,8609.08872709864,74.06469152766799,0
univ2-zero-fee,310,10000,489.33149917066373,-692.384943302917,692.384943302917,-203.05344413225328,143999.08186920124,63718.30908494405,0.6932451886081594,10554,5979,160415.48483462285,0.09882228261637252,0.1051200711990957,109.88222826163725,9100.653463366261,83.06030370845933,0
univ2-zero-fee,311,10000,727.1842897684179,-972.4802548979966,972.4802548979966,-245.2959651295787,180301.34712259434,54240.0581832402,0.7687399454586157,11095,6472,203258.46987034945,-0.08747295606935182,0.15432501187516748,91.25270439306482,10958.580365582551,120.39333735672653,0
univ2-zero-fee,312,10000,454.00609239837837,-514.8758722319155,514.8758722319155,-60.869779833537166,127088.09080405299,21392.186620303863,0.8559257364588231,9671,4592,119982.08949835273,-0.11571665561417376,0.1593017026582183,88.42833443858262,11308.593350273233,128.03620268275165,0
univ2-zero-fee,313,10000,480.2949177952144,-512.5631617181564,512.5631617181564,-32.26824392294196,128549.51502017162,65972.28976779095,0.660848870697536,7458,4090,111179.90457864267,-0.04385296815031623,0.04385296815031623,95.61470318496838,10458.643111316078,109.12406973599073,0
univ2-zero-fee,314,10000,473.04240714875573,-1425.6430010939666,1425.6430010939666,-952.6005939452109,108499.9041990562,40613.80236189053,0.7276319977648025,7827,7724,261554.52896128446,0.47863725968454784,0.5456813585308368,147.8637259684548,6762.984386384741,45.73847996385439,0
univ2-zero-fee,315,10000,746.5022362533832,-1745.167906309504,1745.167906309504,-998.6656700561207,179839.1010962227,70978.71259901398,0.7170108791185833,11410,7799,319279.53827781806,-0.3196147943644856,0.3516947738405024,68.03852056355144,14697.55810428891,216.21833919433251,0
univ2-zero-fee,316,10000,374.49360412838126,-1197.5752277012873,1197.5752277012873,-823.081623572906,77368.83511292688,61125.609177843595,0.558642157157512,5661,7498,215578.54884749727,0.8206151970777946,1.0963139825733044,182.06151970777947,5492.649136850082,30.169280603748007,0
univ2-zero-fee,317,10000,315.01484392011866,-559.4072077296893,559.4072077296893,-244.3923638095706,116640.30621117773,29616.40664757743,0.797503949947385,10377,6139,159772.3358054335,0.028115053910300957,0.14193436117927732,102.8115053910301,9726.538686062637,94.60567878562699,0
univ2-zero-fee,318,10000,1031.0427561455977,-1487.399162779856,1487.399162779856,-456.3564066342583,162789.80511724774,33766.253637585105,0.8282105682648927,9636,7053,222126.6148713392,0.17025454047097782,0.3544462032754208,117.02545404709778,8545.150124324018,73.23341597513519,0
univ2-zero-fee,319,10000,416.22012534972595,-677.0368484953207,677.0368484953207,-260.8167231455947,108566.56315282521,35287.650539958144,0.7546985268341264,7592,6120,160497.73946846824,0.11475947028813081,0.11589132204803136,111.47594702881308,8970.545593928515,80.54127455886922,0
univ2-zero-fee,320,10000,288.8178883297143,-340.0207066455156,340.0207066455156,-51.20281831580127,69562.41833714757,28486.26752032897,0.7094681354349147,4192,3449,82077.95007900168,-0.08521010897114906,0.12857595840203828,91.4789891028851,10931.472337543953,119.30523616592417,0
univ2-zero-fee,321,10000,399.07823507352094,-676.3946986967695,676.3946986967695,-277.3164636232486,121245.22930712493,39359.46389065134,0.7549295533837095,10047,6300,162540.06595557957,0.12076619092581083,0.2050040767040342,112.07661909258108,8922.468240947623,79.383797537046,0
univ2-zero-fee,322,10000,152.9488534298667,-290.3724721833048,290.3724721833048,-137.42361875343812,53951.692653042,22568.257131244314,0.7050670159237507,4747,4845,97758.0990178949,0.05701628125668634,0.17680256859079335,105.70162812566863,9460.592624519779,89.50265190011257,0
univ2-zero-fee,323,10000,569.3786587326176,-1080.0949927884637,1080.0949927884637,-510.7163340558461,118411.58329033283,40904.84493982515,0.743247790612456,8108,7037,205720.300554161,0.24646355886497717,0.42673255668504795,124.64635588649772,8022.697968308792,64.41284481911472,0
univ2-zero-fee,324,10000,123.11781730093053,-182.55611406342152,182.55611406342152,-59.43829676249099,48710.094898645926,23851.70361282558,0.6712911738391545,4602,3490,66828.03209493087,-0.04876193309903286,0.05167319782391431,95.12380669009671,10512.615859020823,110.53762081098655,0
univ2-zero-fee,325,10000,604.3454036334178,-967.7161625837182,967.7161625837182,-363.37075895030034,119998.20271581164,32403.139709332863,0.7873828458876704,6888,6716,191745.4474678314,0.06279597824875836,0.2966080395353825,106.27959782487584,9409.144209040396,88.53201256206908,0
univ2-zero-fee,326,10000,110.85752026170184,-398.3351715352755,398.3351715352755,-287.47765127357366,49141.1236475305,26050.742704168788,0.6535430762907236,4507,5886,143055.85204663718,-0.035778440199784996,0.20277047101877116,96.4221559800215,10371.060929670879,107.76756774471322,0
univ2-zero-fee,327,10000,459.9942854930182,-475.2324475209292,475.2324475209292,-15.238162027911017,102444.9500954803,42906.982432999604,0.7048062472468846,5325,3004,89093.58193773137,0.04710439975444359,0.06622959288860286,104.71043997544436,9550.14649004824,90.85897714735844,0
univ2-zero-fee,328,10000,289.4563804622803,-1087.7688584350253,1087.7688584350253,-798.312477972745,73343.89932865089,47635.576984583786,0.6062507589200677,5365,7508,221323.0282676153,0.5507064891193727,0.5872736502707261,155.07064891193727,6448.673942250826,40.753389784457795,0
univ2-zero-fee,329,10000,560.9646242759429,-722.0310484760644,722.0310484760644,-161.06642420012145,138004.38764797366,74174.51200699958,0.6504152291881253,10023,5934,152623.34276744374,0.033200506130360026,0.11630920102996456,103.320050613036,9678.66422001825,93.56275568572572,0
univ2-zero-fee,330,10000,354.1420737110531,-817.3226833377558,817.3226833377558,-463.18060962670273,81308.72136943856,55482.19100615017,0.5944014844070055,5909,6947,167087.9658639029,0.48267434511581087,0.7517253471413585,148.2674345115811,6744.5696942996165,45.87125524823195,0
univ2-zero-fee,331,10000,739.4574302737099,-1237.4298478177038,1237.4298478177038,-497.97241754399397,190262.99293139137,55856.79087216169,0.7730503821799826,11510,7211,247322.8280029341,-0.05413238934488902,0.17406045457744695,94.5867610655111,10572.305129763143,111.84763406821621,0
univ2-zero-fee,332,10000,284.01562762011037,-323.86577908150895,323.86577908150895,-39.85015146139858,100926.2169173281,38909.90369656364,0.7217464019614813,9291,3889,88246.34532228447,0.020137026740029425,0.03773573325304682,102.01370267400294,9802.605318242839,96.18037729242826,0
univ2-zero-fee,333,10000,735.5383796905702,-1445.6025530921181,1445.6025530921181,-710.0641734015479,146145.86768241276,34161.37565288211,0.810537973844143,8865,7477,266172.65677874227,-0.024522882439235474,0.15988468994601235,97.54771175607645,10251.394592432966,106.66347682725883,0
univ2-zero-fee,334,10000,360.44694881495195,-1369.7170439538236,1369.7170439538236,-1009.2700951388716,76541.5586842543,16877.35734300307,0.8193368317602971,6178,7664,246983.32560788942,0.5168024459314404,0.6905975463098548,151.68024459314404,6592.816753315297,43.53506572387395,0
univ2-zero-fee,335,10000,468.52837382624176,-963.2483865030906,963.2483865030906,-494.72001267684885,104325.98476003109,68196.75366181742,0.6047086066123972,6144,7065,201024.25208736327,0.18205320412849474,0.3573008963373971,118.20532041284947,8459.856574281655,71.3855580917928,0
univ2-zero-fee,336,10000,413.7797605071983,-565.3591650436271,565.3591650436271,-151.57940453642874,128984.02443805523,39485.78771306358,0.7656209904380702,11371,5568,137880.85818751634,0.1550061045372297,0.1588206722750921,115.50061045372297,8657.963598390459,74.95867785187997,0
univ2-zero-fee,337,10000,450.30279652626876,-516.852181209694,516.852181209694,-66.54938468342522,116032.83382191333,37753.45694611552,0.7545070060694629,8122,4543,113294.76463278016,0.04572894326222325,0.11658869687793057,104.57289432622233,9562.70806826294,91.34596491098851,0
univ2-zero-fee,338,10000,786.425153908318,-968.8910230931475,968.8910230931475,-182.46586918482956,130852.6763168667,50306.83298434139,0.722306418369141,6731,5777,160307.17726102227,0.06761414969429466,0.16742621834765045,106.76141496942947,9366.680438431546,87.77483026771564,0
univ2-zero-fee,339,10000,198.55209785907596,-220.46484267667265,220.46484267667265,-21.91274481759669,80056.57115949431,41175.69278630005,0.6603569755596528,7548,3180,66926.13239570038,0.05028912810621648,0.061670075427257845,105.02891281062165,9521.188263222912,90.66365827772091,0
univ2-zero-fee,340,10000,1025.021387397866,-1119.0111009497418,1119.0111009497418,-93.98971355187587,172311.16692071475,32396.635603515773,0.8417420576839952,9086,5384,169597.46643750177,-0.05533813645182889,0.10384990197433837,94.46618635481711,10585.799131516002,113.06145681175519,0
univ2-zero-fee,341,10000,199.5131759667673,-457.33869203253084,457.33869203253084,-257.8255160657635,55014.98043113293,11848.1882282021,0.8227994804050027,4786,5874,126852.97366141033,0.1513518657916319,0.35115698045756316,115.13518657916319,8685.442510312307,75.43729239482286,0
univ2-zero-fee,342,10000,446.2327279547814,-546.4005572863953,546.4005572863953,-100.16782933161386,117555.64603825756,53108.02049761042,0.6888147221046089,7107,5007,128969.33292126458,0.09602995436636093,0.11029072265914493,109.60299543663609,9123.838769027263,83.65751360198476,0
univ2-zero-fee,343,10000,744.7596506237392,-1746.476538196757,1746.476538196757,-1001.7168875730179,136268.2806815947,43115.97447999392,0.759644599571154,8522,7812,273443.1496855023,0.25651117036222887,0.5696868333822703,125.65111703622289,7958.544993868237,63.41902642153338,0
univ2-zero-fee,344,10000,708.2180437541208,-841.9600003400337,841.9600003400337,-133.74195658591293,175453.61642247232,113035.09032197695,0.6081819229682833,11105,6079,159039.71707211135,0.29907448874110143,0.411847830578038,129.90744887411014,7697.788531730828,59.25613573620295,0
univ2-zero-fee,345,10000,418.230806511487,-945.523202714205,945.523202714205,-527.292396202718,98408.56693831526,19854.13276246434,0.8321183871778849,6283,6951,223363.32488018015,-0.15385748764468246,0.21342354547242892,84.61425123553175,11818.340974508095,139.56768586631839,0
univ2-zero-fee,346,10000,585.2744231551906,-1024.823176869715,1024.823176869715,-439.54875371452454,177168.0270180756,75367.8551788519,0.7015558560502699,11604,7052,233901.19733414182,0.053343137617558795,0.22607159460781362,105.33431376175588,9493.583495483383,90.28591474858376,0
univ2-zero-fee,347,10000,594.6916860158975,-661.3806800523408,661.3806800523408,-66.68899403644332,109857.56884784011,21497.538693405088,0.8363402908664598,7178,4368,114567.73543038231,-0.09822547915662724,0.12025879953788361,90.17745208433728,11089.247202427072,122.91590736336742,0
univ2-zero-fee,348,10000,414.073469374055,-459.8857296847933,459.8857296847933,-45.81226031073834,111620.66613928675,36876.847209374966,0.7516669041939394,7962,4231,104533.07159011744,0.012004216312513022,0.10521400191384117,101.2004216312513,9881.382324835751,97.38786993123438,0
univ2-zero-fee,349,10000,270.27904375442813,-834.0891162554568,834.0891162554568,-563.8100725010287,72573.72859478413,20869.767707116363,0.7766589593384906,4547,7122,228318.10153765033,-0.22811310471541546,0.3374589644597289,77.18868952845845,12955.26680809422,169.6359167203853,0
univ2-zero-fee,350,10000,1341.8780842387548,-1665.4574771616649,1665.4574771616649,-323.5793929229101,189345.224761411,54840.34272852798,0.775415298732643,10884,7026,211468.279322175,0.640362180547821,0.7002549824416116,164.0362180547821,6096.215094691848,37.16394604801527,0
univ2-zero-fee,351,10000,338.56345434630396,-532.4010145897013,532.4010145897013,-193.83756024339732,102824.56731025549,37662.293734388055,0.7319158997906585,6882,5648,148044.01985976106,-0.16016226345443726,0.18459732993959876,83.98377365455627,11907.062778875126,141.52990195223055,0
univ2-zero-fee,352,10000,1216.2423425910565,-2071.7966335871715,2071.7966335871715,-855.554290996115,215848.80196749637,78919.54008931546,0.7322658887360943,11665,7830,299579.36172600073,0.1640584815549552,0.36161820549322216,116.40584815549552,8590.634440582058,75.13661845490097,0
univ2-zero-fee,353,10000,449.13013743772973,-696.5598428081466,696.5598428081466,-247.4297053704169,134539.85971134022,84639.414479536,0.6138347715951179,8299,6241,177635.25560118732,-0.16704584577447065,0.1886063547268323,83.29541542255294,12005.463603644235,144.46897762998216,0
univ2-zero-fee,354,10000,1097.201713942312,-1165.7099244376288,1165.7099244376288,-68.50821049531692,209658.2212717125,66685.78989813515,0.758685597651152,11719,5555,178143.08816867738,0.05052578450556083,0.08609222240094568,105.05257845055608,9519.043695098182,91.15506987045693,0
univ2-zero-fee,355,10000,1221.2805738779782,-2500.598296654025,2500.598296654025,-1279.3177227760468,186304.6887795575,48473.53949388111,0.7935347759868707,8161,8104,378911.2832180816,-0.1946725255145982,0.4251981485684403,80.53274744854018,12417.310073037987,154.18981019057375,0
univ2-zero-fee,356,10000,292.76044470015967,-293.15174722267227,293.15174722267227,-0.39130252251260345,76663.38284351418,52103.11867595528,0.5953674436974797,4781,2212,60050.36046828027,0.011402508001545613,0.04275164615382323,101.14025080015456,9887.26077333651,97.80831608080179,0
univ2-zero-fee,357,10000,582.2560808307458,-588.2279506533558,588.2279506533558,-5.971869822610074,88460.11046680177,22091.977911837144,0.8001667970651761,4409,2395,76726.01635296791,0.013225980572717759,0.07250368654487872,101.32259805727178,9869.466952695075,98.8813785647594,0
univ2-zero-fee,358,10000,320.2215779593636,-1011.8587154153587,1011.8587154153587,-691.6371374559951,92398.59290355786,38849.111305924314,0.7040015934761196,7154,7336,237797.6020293487,-0.1681580413202326,0.26462389403926495,83.18419586797674,12021.515206316613,144.43542147189282,0
univ2-zero-fee,359,10000,593.3749531740697,-614.5587308911719,614.5587308911719,-21.183777717102203,130160.53184363939,67677.34475888684,0.6579151276736729,7400,3789,108372.90939834257,-0.029024547533619226,0.07782928911930612,97.09754524663808,10298.922111380632,106.20999279808248,0
univ2-zero-fee,360,10000,487.82009656898566,-493.2426310876001,493.2426310876001,-5.422534518614441,93867.08258561371,32710.716089969217,0.7415761971512373,5029,2524,78480.2209631919,0.01649919761495738,0.052821673830286214,101.64991976149574,9837.686432307735,96.80170645181772,0
univ2-zero-fee,361,10000,796.1548166778122,-1453.6268495447891,1453.6268495447891,-657.472032866977,124424.99538336346,51436.71309548577,0.7075161299159559,9149,7394,209630.46234346097,0.6698203313517971,0.7277898245389628,166.9820331351797,5988.668598508909,35.89070504569022,0
univ2-zero-fee,362,10000,808.910578874384,-821.2273161398986,821.2273161398986,-12.316737265514575,184606.47259031422,53919.59790761726,0.7739467312941591,11605,4348,137182.7986311147,0.013343503213880155,0.058979142158716795,101.33435032138802,9868.322780967812,97.38404598995342,0
univ2-zero-fee,363,10000,594.3559616510158,-629.8529321753599,629.8529321753599,-35.49697052434408,122164.09289999344,45226.517723786485,0.729814488666657,6551,3973,113508.06727847196,-0.023864896145515502,0.06074237953300368,97.61351038544845,10244.48405525872,105.30057743395567,0
univ2-zero-fee,364,10000,495.39394503374155,-939.3820575320019,939.3820575320019,-443.98811249826036,79670.74700253997,37124.05892269911,0.6821428947237397,4599,6839,186619.8622479777,0.12439160476107616,0.3578623735782452,112.43916047610762,8893.699020507567,78.58188494603716,0
univ2-zero-fee,365,10000,674.4676277605078,-832.046985039811,832.046985039811,-157.57935727930328,164937.69296569517,72888.88765340112,0.6935208526159649,9136,5916,172549.0332659245,0.024615371575250008,0.09905388888877426,102.461537157525,9759.760607125725,95.25272921915307,0
univ2-zero-fee,366,10000,428.6847023769549,-513.8727715499024,513.8727715499024,-85.18806917294751,126673.5544884816,37274.63790228833,0.7726438007108711,10806,4980,120119.42197411711,0.056503054348983145,0.10367269067810483,105.65030543489831,9465.188680853847,89.16800316112867,0
univ2-zero-fee,367,10000,521.9882853629786,-559.5140845246154,559.5140845246154,-37.52579916163688,122839.29231928625,36890.497026682744,0.7690443518536217,7832,4133,111232.17927231848,-0.011169305649877686,0.05457652424706097,98.88306943501223,10112.955273498237,102.15133618218331,0
univ2-zero-fee,368,10000,248.96878324499525,-1019.2604226380745,1019.2604226380745,-770.2916393930792,95806.87395735037,39465.04611692269,0.7082539665641338,10407,7396,227105.7710800661,0.4642512738248584,0.6355463923567507,146.42512738248584,6829.429485532936,46.64121858200154,0
univ2-zero-fee,369,10000,820.29556672767,-1814.874168083436,1814.874168083436,-994.578601355766,155369.80297899398,47874.54268448927,0.7644483415850774,9493,7689,316277.3841230952,-0.20730875802355456,0.29703925994422986,79.26912419764454,12615.253523047371,159.14475917761348,0
univ2-zero-fee,370,10000,759.5620194252314,-821.9560012903756,821.9560012903756,-62.39398186514427,135123.47734936533,49625.28016799195,0.7313904524455076,6846,4582,133753.2871352751,0.0039018658040146192,0.0877428715448599,100.39018658040146,9961.13355177836,99.22440146244203,0
univ2-zero-fee,371,10000,464.38414110728587,-1477.7416929954313,1477.7416929954313,-1013.3575518881455,97691.98237042777,48873.0180975672,0.6665437318492727,5416,7745,276745.87169153395,0.3094227262823418,0.3956490619097949,130.94227262823418,7636.95361960925,58.151763025720285,0
univ2-zero-fee,372,10000,286.9056537156525,-1189.8980960230783,1189.8980960230783,-902.9924423074258,91852.50247763502,30582.71891352684,0.7502130631526387,7546,7533,264928.1635072114,-0.07745846026685058,0.2395292867152348,92.25415397331494,10839.621140997057,117.61770074891827,0
univ2-zero-fee,373,10000,290.6388151794537,-609.0374109770524,609.0374109770524,-318.3985957975988,70876.83610347519,24976.711229492445,0.7394284100646735,4817,6206,160303.35786006492,0.011243002883465891,0.11604809313182159,101.12430028834659,9888.820503524104,97.85218742429431,0
univ2-zero-fee,374,10000,244.54316619753573,-420.15288480155044,420.15288480155044,-175.60971860401472,62756.94772031378,20994.58481852796,0.7493229773581608,4508,5239,116435.6068068612,0.02657581215094126,0.16389666690914553,102.65758121509413,9741.122210742207,94.7746136680901,0
univ2-zero-fee,375,10000,1491.1992677134954,-2190.9793503363717,2190.9793503363717,-699.7800826228763,223676.84209698733,51156.84466615957,0.8138625389461562,11324,7647,299316.8452652409,-0.20355656959998739,0.30834270097724015,79.64434304000126,12555.820720118869,155.8141834348393,0
univ2-zero-fee,376,10000,525.4972808575781,-1859.3665280738257,1859.3665280738257,-1333.8692472162477,137474.30797055268,61079.91290985346,0.6923766584310321,7902,7986,370875.1737215651,-0.3225936856217888,0.4238285257845653,67.74063143782112,14762.19046067037,217.7149092138442,0
univ2-zero-fee,377,10000,489.4473583047051,-583.0155164025985,583.0155164025985,-93.56815809789333,142850.99231838854,49140.532131397915,0.7440484298865487,9727,5335,137574.23857037025,0.21505039815841287,0.2491194489735365,121.50503981584129,8230.11188652297,67.52459434563514,0
univ2-zero-fee,378,10000,573.3182360762597,-1255.3410903787326,1255.3410903787326,-682.0228543024729,138643.6154515295,62617.543745512085,0.6888741772365161,8102,7411,252813.27848913462,-0.024621542027633437,0.1621524957624726,97.53784579723666,10252.431438761887,104.99722800548626,0
univ2-zero-fee,379,10000,433.3432927717051,-632.2040600636084,632.2040600636084,-198.8607672919033,111269.42391190915,37134.34410443737,0.7497749241761363,7371,5770,147938.8543379541,-0.038602946784423435,0.13899977270386443,96.13970532155766,10401.530341659003,107.09477794308499,0
univ2-zero-fee,380,10000,270.0977545841421,-1027.8389217152742,1027.8389217152742,-757.7411671311321,76944.95612240778,34479.48599740615,0.6905572481096149,6628,7419,223171.45769370874,0.6340225306748684,0.6971496489742003,163.40225306748684,6119.867040286541,37.25852570816146,0
univ2-zero-fee,381,10000,427.31901946191005,-482.27004662362526,482.27004662362526,-54.95102716171522,90558.15829037211,19980.698603464825,0.8192427607365745,6472,3969,96367.73585828283,-0.002861533026113534,0.09370784394972759,99.71384669738865,10028.697962892446,100.82310097088454,0
univ2-zero-fee,382,10000,173.57953395143045,-1137.1136542180045,1137.1136542180045,-963.5341202665741,52586.996417496484,17141.74918878792,0.7541652436202295,5619,7542,228493.8806064257,0.22694744365897734,0.43458304836791856,122.69474436589773,8150.30879007299,66.42757372228675,0
univ2-zero-fee,383,10000,361.13577763630633,-519.5227972746795,519.5227972746795,-158.3870196383732,80510.17946661315,39586.1181448634,0.670380195458411,4510,5304,125085.24044114297,0.16877882563784552,0.23204934312572448,116.87788256378455,8555.939082218738,73.20381602030669,0
univ2-zero-fee,384,10000,368.51043975764884,-540.8779267057249,540.8779267057249,-172.36748694807608,95158.00886277774,37281.47881485294,0.7185017892428026,5983,5477,134821.26717629965,0.08790114102712082,0.11652874324665262,108.79011410271208,9192.0121831796,84.48340316634926,0
univ2-zero-fee,385,10000,212.9252583420278,-968.9649430216978,968.9649430216978,-756.03968467967,48927.36566355519,15943.235546276286,0.7542301867265567,4393,7241,234139.4315239459,-0.022635029046267477,0.24963892086037362,97.73649709537325,10231.593023900168,104.61406622725117,0
univ2-zero-fee,386,10000,280.4262588309426,-303.86427224184285,303.86427224184285,-23.438013410900282,110353.12674608805,57071.98021214527,0.6591193444697472,9097,3654,85681.95270113334,0.032454300921146456,0.04591505495183483,103.24543009211465,9685.659315397985,93.76261887180742,0
univ2-zero-fee,387,10000,456.6528118497502,-1103.3199028488839,1103.3199028488839,-646.6670909991337,144215.62192229254,51086.09642865027,0.7384247467968903,11308,7400,249181.87015885898,-0.18635789984906878,0.22434500214233397,81.36421001509312,12290.417379058725,150.68622293412932,0
univ2-zero-fee,388,10000,751.6233612782846,-1752.4432629893672,1752.4432629893672,-1000.8199017110826,176121.46220934374,59833.663026818474,0.7464193118630829,10032,7843,318680.8732222358,-0.015154819727401047,0.23489977033653603,98.4845180272599,10153.881216053082,102.91410981530791,0
univ2-zero-fee,389,10000,834.1869212050466,-1030.4227768876547,1030.4227768876547,-196.23585568260808,102749.76539947558,32793.71574606662,0.7580575954748145,5038,5809,146856.5072673435,0.40413045558144634,0.5184564715774945,140.41304555814463,7121.845693457931,50.707941737509806,0
univ2-zero-fee,390,10000,447.3461828343687,-455.1549656596483,455.1549656596483,-7.80878282527965,130529.69309466846,43908.4627956933,0.7482863621690042,10102,3574,95659.33239263885,0.08937679737345107,0.10607001194543245,108.9376797373451,9179.560904173433,84.43827250739176,0
univ2-zero-fee,391,10000,388.7928113405899,-1105.3757034850319,1105.3757034850319,-716.582892144442,123499.27524145588,49314.48749413654,0.7146379621998715,8902,7418,248517.6706171598,-0.18034523459574514,0.25880471032852187,81.96547654042548,12200.259499061096,148.86748956424333,0
univ2-zero-fee,392,10000,307.63860054091936,-587.0459925220799,587.0459925220799,-279.4073919811606,71509.10996866401,22019.424423828998,0.7645699831943868,5108,6097,149006.19347299615,-0.05188108971310356,0.17331024429197883,94.81189102868964,10547.20078447685,111.24275701570009,0
univ2-zero-fee,393,10000,796.4806636269002,-1146.4667740185369,1146.4667740185369,-349.98611039163666,163653.55606796945,80212.14287918906,0.6710806676564642,10667,6817,198018.5270503349,0.2921119646412575,0.6470762034425271,129.21119646412575,7739.267976402455,59.912073026557394,0
univ2-zero-fee,394,10000,877.5458291928551,-978.8053393993529,978.8053393993529,-101.2595102064978,174693.61545224636,75580.45499824327,0.6980092469739291,9712,5626,162865.45317753937,0.06802686385906796,0.1819013443472575,106.8026863859068,9363.06102696711,88.08142200921634,0
univ2-zero-fee,395,10000,292.5037659873236,-1016.0834426145958,1016.0834426145958,-723.5796766272722,66461.93984070278,17102.864708534835,0.7953341146336604,4596,7321,221690.0586014478,-0.19761216187218678,0.2853207550674759,80.23878381278132,12462.801743717795,155.1184015835788,0
univ2-zero-fee,396,10000,465.69140879430574,-467.0390432489032,467.0390432489032,-1.3476344545974825,116091.2760037876,64839.17459813064,0.641634813916485,6558,3029,90492.41407359457,-0.016762595393399807,0.03859462091173995,98.32374046066002,10170.48418745251,103.43715369072217,0
univ2-zero-fee,397,10000,389.42776369210407,-824.6650421919801,824.6650421919801,-435.237278499876,111288.5305025932,56148.92030396026,0.6646573390033802,7919,6845,196214.0011632082,0.12171690326766367,0.18430783670548948,112.17169032676637,8914.905956263407,79.41108286165839,0
univ2-zero-fee,398,10000,297.08212859008233,-1662.9548937593902,1662.9548937593902,-1365.872765169308,91834.15703866529,25806.150399877653,0.7806351329593457,5536,7912,355604.6653333383,-0.2900136584185715,0.4167311865823396,70.99863415814285,14084.779205190112,198.38121121080906,0
univ2-zero-fee,399,10000,152.77484615945716,-157.37672427792347,157.37672427792347,-4.601878118466317,62229.13680472394,21681.87130004911,0.7416087377596909,6609,2151,46286.227504534305,0.020809892697564152,0.05278805216851069,102.08098926975642,9796.143729974503,95.64050066528185,0
univ2-zero-fee,400,10000,732.1851159496205,-1027.7901732562973,1027.7901732562973,-295.6050573066768,144978.30939023214,42094.576176960574,0.7749830177188288,7326,6548,200974.03755346162,-0.02302687902400905,0.13266323404672448,97.6973120975991,10235.696855127424,104.7825873962232,0
univ2-zero-fee,401,10000,155.62330002077178,-225.64302583416136,225.64302583416136,-70.01972581338958,48466.456903597005,17653.286300733143,0.7330103620309124,4050,3721,73106.32263604134,0.09872437703380854,0.1075216608162286,109.87243770338085,9101.464003097295,82.87062419917793,0
univ2-zero-fee,402,10000,901.723540540838,-902.4918787555335,902.4918787555335,-0.7683382146955182,189354.0857738514,62945.260539779105,0.7505135805562787,10186,4117,141684.9064135756,0.004118444331216438,0.050691926415879184,100.41184443312164,9958.985177406972,99.80422989275071,0
univ2-zero-fee,403,10000,509.9156496263001,-960.9662196033493,960.9662196033493,-451.0505699770492,142193.0352718268,47705.4066787787,0.7487846335717312,9775,7049,211125.08208816475,0.12141215618144315,0.1503138418473067,112.14121561814432,8917.32869624075,79.5186281759675,0
univ2-zero-fee,404,10000,344.1715483935826,-636.3913861776126,636.3913861776126,-292.21983778403,98642.69903503628,59033.69181913341,0.6256022128656411,5882,6274,169109.65183335924,-0.08875267257773288,0.15568775793047082,91.12473274222671,10973.969761061688,120.4283501745212,0
univ2-zero-fee,405,10000,105.64709210275794,-1290.4138139068918,1290.4138139068918,-1184.7667218041338,38668.50646021837,18517.577603701146,0.6761873468551685,4252,7776,269621.0602791652,0.1935794235139096,0.30298363514555066,119.35794235139096,8378.160995837621,70.0721854917118,0
univ2-zero-fee,406,10000,417.08042432948594,-790.644280649386,790.644280649386,-373.5638563199001,115361.973335949,27255.92159944698,0.8088884875786903,9372,6665,185054.05047149543,-0.06915022184068122,0.14706849087495372,93.08497781593188,10742.872818695816,115.35967467289188,0
univ2-zero-fee,407,10000,280.0415163118014,-427.61720807058936,427.61720807058936,-147.57569175878797,65504.7888621954,18757.857046473193,0.7773882264888211,5147,5167,116746.09281548155,-0.022938338696634874,0.0815770854412692,97.70616613033651,10234.76910669244,104.9332958814478,0
univ2-zero-fee,408,10000,528.8392131390585,-943.4622995212375,943.4622995212375,-414.62308638217894,102702.38845936181,42319.35789386115,0.7081861240948941,7664,6798,176160.8088265111,0.1929379045027828,0.4461484780036696,119.29379045027828,8382.666467188174,70.17455432988118,0
univ2-zero-fee,409,10000,311.9949410234557,-1278.0723782294283,1278.0723782294283,-966.0774372059726,98991.26483240763,71206.55418952792,0.5816247552481819,5911,7604,299279.42662740214,-0.0857301317695719,0.41024958800620487,91.42698682304281,10937.690470942927,119.38920600185742,0
univ2-zero-fee,410,10000,428.23701662183913,-1087.836130989654,1087.836130989654,-659.599114367815,84695.45467949877,51915.4838039484,0.6199756448475106,4759,7207,216160.96590988824,0.6087891344063976,0.7302506880121371,160.87891344063976,6215.855338421674,38.63694140995803,0
univ2-zero-fee,411,10000,352.96806460670103,-1344.5483305646808,1344.5483305646808,-991.5802659579797,88929.74863023649,41193.09937075317,0.6834291594168007,5880,7637,279364.4093994758,-0.06835442628646604,0.19859056660600957,93.1645573713534,10733.696378595138,115.05567820961065,0
univ2-zero-fee,412,10000,252.90255519475846,-1048.8430555200755,1048.8430555200755,-795.9405003253171,96570.78337858546,26125.79102193048,0.7870699231043844,9237,7439,257712.85587690547,-0.18343402855973095,0.280617799265829,81.6565971440269,12246.40910087897,149.97496318984773,0
univ2-zero-fee,413,10000,416.3799431272313,-698.5076775763391,698.5076775763391,-282.12773444910783,118199.12997274667,55961.527129524686,0.6786787092984914,8393,6341,166702.62413444667,-0.051655281265340844,0.2587842650061306,94.83447187346592,10544.689584236588,111.05521381129603,0
univ2-zero-fee,414,10000,726.6316664327585,-924.6744387142913,924.6744387142913,-198.04277228153285,183629.20381537214,84373.04273485365,0.6851778527198225,11453,6353,184156.3350592637,0.17942542563224975,0.19489839474962609,117.94254256322498,8478.705499065081,70.54611788601315,0
univ2-zero-fee,415,10000,360.8582954975752,-372.4089846873992,372.4089846873992,-11.55068918982397,98452.80893871895,42960.051671989524,0.6962083117019106,5752,2993,82446.35703305801,-0.008040967530367737,0.04699385218362892,99.19590324696323,10081.061926186383,101.89334590755318,0
univ2-zero-fee,416,10000,251.45239294059854,-350.23094142320844,350.23094142320844,-98.77854848260989,75469.38362002432,16586.525194609396,0.8198211781493736,6281,4539,102191.37385767284,-0.05247597225806416,0.10246658534728298,94.75240277419358,10553.82264892086,111.54540870840175,0
univ2-zero-fee,417,10000,351.04975856735695,-418.15517535773984,418.15517535773984,-67.10541679038289,103647.95105022866,55412.76107336835,0.6516250912399395,7155,4495,107509.91853394777,-0.03391614185400698,0.055258201339780016,96.6083858145993,10351.06889506636,107.07520351566187,0
univ2-zero-fee,418,10000,364.4676690329883,-735.6468331341114,735.6468331341114,-371.1791641011231,87163.89270245371,13980.495294531569,0.8617768561222766,5455,6473,186872.29069719763,-0.1932123071399188,0.22696201212916647,80.67876928600812,12394.835394192583,154.00157860553227,0
univ2-zero-fee,419,10000,317.5250021922333,-393.60735811316476,393.60735811316476,-76.08235592093149,92699.10232677338,31575.95471380439,0.7459188073154991,7780,4389,101582.77688363632,-0.01843183952410172,0.06530722812700689,98.15681604758983,10187.780135272345,103.70456875739303,0
univ2-zero-fee,420,10000,422.08102099086454,-1234.1929114536329,1234.1929114536329,-812.1118904627683,106117.51276139595,51584.10452574267,0.6729005991624055,10136,7578,221505.41360850193,0.2327061383167792,0.7533459938825229,123.27061383167792,8112.234022022449,65.58705845503661,0
univ2-zero-fee,421,10000,202.61709361941536,-759.7438206723916,759.7438206723916,-557.1267270529763,56476.27509227322,19322.845673323798,0.745078234705674,4138,6898,199182.5888439472,-0.06048291928517628,0.15739320354919215,93.95170807148237,10643.766622712821,113.96973346125885,0
univ2-zero-fee,422,10000,149.10454607885111,-565.7110407178144,565.7110407178144,-416.6064946389633,51968.34204175805,26810.740528665145,0.6596718360524426,4845,6500,170319.3391799968,-0.1647443962897313,0.21368937429281432,83.52556037102687,11972.383696494904,143.2724004731088,0
univ2-zero-fee,423,10000,165.6510414102756,-300.54022083150386,300.54022083150386,-134.88917942122825,49540.000686810345,14996.696506460092,0.7676252867178974,4476,4696,99587.65346112782,-0.12107768710316577,0.1392173774630284,87.89223128968342,11377.570358261642,129.30019002215653,0
univ2-zero-fee,424,10000,448.03831283373796,-764.0833515791054,764.0833515791054,-316.04503874536744,97938.96731071327,26097.378225483724,0.7895989428528605,6736,6497,166680.776946086,0.24087298030646564,0.337171726594176,124.08729803064656,8058.843036163611,64.94421331010906,0
univ2-zero-fee,425,10000,490.6919339566621,-1273.5220459622064,1273.5220459622064,-782.8301120055444,100802.79353975407,38393.41808615932,0.7241777083032924,5675,7403,257147.10191021563,-0.07218622195785286,0.2942807540487598,92.78137780421471,10778.025634976455,118.38385301113112,0
univ2-zero-fee,426,10000,478.42353045365235,-491.0549444144516,491.0549444144516,-12.63141396079925,132073.8042133271,37173.12401958857,0.7803616029684666,9637,3702,101322.2196087808,0.021095196092307304,0.06778917009848172,102.10951960923073,9793.40681264161,95.29531009585322,0
univ2-zero-fee,427,10000,400.61258306457955,-1319.1048309560115,1319.1048309560115,-918.4922478914319,98145.98450507458,35692.46573802073,0.7333168034059622,7525,7583,249208.84982474518,0.14111494943188588,0.39794104497452537,114.11149494318859,8763.359612336842,76.86609659728674,0
univ2-zero-fee,428,10000,375.74591277963384,-615.3794390412819,615.3794390412819,-239.63352626164806,128449.94772928687,28316.182298779866,0.819373085922895,10332,6139,173071.65626639177,-0.2839701162104795,0.2926918117780177,71.60298837895205,13965.898865032897,194.90843545565022,0
univ2-zero-fee,429,10000,1438.4104614407079,-1590.1123863419666,1590.1123863419666,-151.70192490125874,235920.3950752286,44613.83805635016,0.8409682926809685,10561,6006,220483.78029096272,-0.12775363382477833,0.18402486293743436,87.22463661752217,11464.651846649858,131.93445052589976,0
univ2-zero-fee,430,10000,345.2247120987926,-762.8841535888896,762.8841535888896,-417.659441490097,107476.3053284001,56945.446056414046,0.6536623313107862,8378,6753,192394.8966117186,0.06853862651571418,0.14197315500871568,106.85386265157142,9358.576761229198,87.42609396551642,0
univ2-zero-fee,431,10000,599.0094940008738,-604.9351411912878,604.9351411912878,-5.925647190413997,154038.49991042202,35813.05839616492,0.8113628420245504,10529,3733,113408.20797076772,-0.07034858916416155,0.08575148388841897,92.96514108358384,10756.720874654535,115.61020348028701,0
univ2-zero-fee,432,10000,522.2110105733673,-1232.3956537211636,1232.3956537211636,-710.1846431477964,85113.29152918945,36451.658396860614,0.700146642440648,5798,7427,211786.85245662872,0.33810364832213197,0.5486550195316715,133.8103648322132,7473.263020593369,55.8637384565773,0
univ2-zero-fee,433,10000,781.7782774390272,-1468.8834753402055,1468.8834753402055,-687.1051979011783,120705.10233742627,74680.25472802212,0.6177796747429419,7833,7424,213593.60041752845,0.8383215245903805,0.9682778620370747,183.83215245903804,5439.745117354732,29.59092273044651,0
univ2-zero-fee,434,10000,349.9296649221013,-633.9965517584734,633.9965517584734,-284.0668868363721,84391.45202164663,18953.606421387405,0.8165988126869653,6826,6214,151787.95827658896,0.15347457125609765,0.2577577185874327,115.34745712560976,8669.459057560105,75.05302836475634,0
univ2-zero-fee,435,10000,799.8123891764209,-843.2154571130711,843.2154571130711,-43.403067936650245,199761.0739970002,67089.05651540378,0.7485890061714425,10826,4945,161084.1512067441,-0.134799965464547,0.14457683850452185,86.5200034535453,11558.021760139385,133.83458281712393,0
univ2-zero-fee,436,10000,327.3471423399215,-378.2888754139091,378.2888754139091,-50.94173307398762,102933.20755187,42652.5351581806,0.7070280759351029,8475,4146,95522.1391917503,0.03677661560898571,0.12910137131687763,103.67766156089857,9645.279831470578,92.19011207615675,0
univ2-zero-fee,437,10000,367.9088065243429,-428.12514144783415,428.12514144783415,-60.216334923491274,87693.36255066423,33287.701349851064,0.7248519704106414,6306,4100,92301.72491641149,0.299204929040786,0.3457558734061578,129.9204929040786,7697.015476992971,59.333780437215594,0
univ2-zero-fee,438,10000,177.6233801700619,-978.9717600774271,978.9717600774271,-801.3483799073653,61346.44723290065,27576.238325900114,0.6898852283575587,5286,7404,239235.19969227852,-0.01669759411971171,0.16662302057784628,98.33024058802883,10169.8120343974,103.42552155893274,0
univ2-zero-fee,439,10000,818.0037334881522,-1774.1734672027153,1774.1734672027153,-956.1697337145631,197790.18653117507,85858.90317746752,0.6973059096870021,11043,7796,314736.4041122745,0.23994692850193786,0.3016011633700401,123.99469285019379,8064.862120695363,65.04314524380018,0
univ2-zero-fee,440,10000,247.56493700402342,-603.3220887667252,603.3220887667252,-355.75715176270177,99956.23602001579,27672.895709819793,0.7831772783003994,10439,6534,176343.11141836405,-0.06450848874151788,0.19440097711470158,93.54915112584821,10689.568819274466,114.23074103393479,0
univ2-zero-fee,441,10000,97.45963386945775,-272.710593216775,272.710593216775,-175.25095934731726,42039.25516971044,21935.4141064605,0.6571234465977783,4527,5131,101314.33382077514,0.21715651822670723,0.22579087959128913,121.71565182267072,8215.870586197005,67.50017776197232,0
univ2-zero-fee,442,10000,1509.3650681160211,-2056.3722040748694,2056.3722040748694,-547.0071359588483,197283.52102579534,73016.51161943878,0.729868654084581,10036,7452,251773.29857092162,0.4249713034967678,0.47112304504048663,142.49713034967678,7017.68568482569,49.24764939711783,0
univ2-zero-fee,443,10000,674.046867404406,-702.0216462670022,702.0216462670022,-27.974778862596168,153862.6676225024,70836.44723312027,0.6847497718064655,9286,4254,123846.55381050274,0.02876982274470322,0.08366032272348534,102.87698227447032,9720.347960119987,94.36663547381654,0
univ2-zero-fee,444,10000,768.6188881842374,-1153.9278295859983,1153.9278295859983,-385.3089414017609,169053.56312444367,65180.04439190813,0.7217306044037343,11389,6981,214024.07911081164,0.09203059903462601,0.25477026835562966,109.2030599034626,9157.253355231025,83.27319595062855,0
univ2-zero-fee,445,10000,164.83754081684077,-385.55160709784195,385.55160709784195,-220.71406628100118,64688.3245582614,17092.74915173536,0.7909938280787578,6146,5638,128081.10835047827,-0.0465123050061679,0.12584190668941445,95.34876949938321,10487.812923191961,109.9092269867585,0
univ2-zero-fee,446,10000,259.5062723017113,-1259.850473155606,1259.850473155606,-1000.3442008538948,77446.86330157846,48866.572510491496,0.6131324257286808,4775,7642,288163.9211970158,-0.08636338682119274,0.2827127312744093,91.36366131788073,10945.271419681461,119.80019033788815,0
univ2-zero-fee,447,10000,270.4923864279577,-414.37125753238763,414.37125753238763,-143.87887110442995,92541.88437266306,45218.90087523481,0.6717578170459447,8361,5286,120498.5172222404,0.014088601673987853,0.08159184987829918,101.40886016739879,9861.07195587524,97.24092416885661,0
univ2-zero-fee,448,10000,565.2489203171428,-1338.634444289563,1338.634444289563,-773.3855239724201,131501.76095278442,47662.74222213777,0.7339721798820629,9553,7552,247108.02316786489,0.12767223922887594,0.38091313596648946,112.7672239228876,8867.825620336425,78.63750169079104,0
univ2-zero-fee,449,10000,309.9460189630197,-447.4938354148589,447.4938354148589,-137.5478164518392,101178.52798109486,49874.481551502555,0.669821331558842,10302,5383,116731.77759958501,0.3436388922053996,0.3560175633891066,134.36388922053996,7442.476338166551,55.34013984938232,0
univ2-zero-fee,450,10000,233.45871974581354,-352.21318830817717,352.21318830817717,-118.75446856236363,104946.78889997027,45476.97224509775,0.697674277661227,11076,4983,112328.33049470387,-0.0028917740153137574,0.07931181684242773,99.71082259846862,10029.002406302183,100.43729998502583,0
univ2-zero-fee,451,10000,210.30546518470157,-334.40848617122634,334.40848617122634,-124.10302098652477,71583.62914890578,36520.420662462355,0.6621734271177887,5237,4854,107382.75713873413,-0.07022278923618713,0.11196121826964202,92.97772107638129,10755.26522800331,115.67576703159847,0
univ2-zero-fee,452,10000,355.22326387008684,-815.8195885436303,815.8195885436303,-460.59632467354345,101266.82797952672,44603.933475774174,0.6942229338437905,8301,6954,189343.38877370374,0.2218899634057128,0.3139289625484386,122.18899634057128,8184.043553778692,66.93526093106411,0
univ2-zero-fee,453,10000,909.8556283385088,-1241.4429493225186,1241.4429493225186,-331.5873209840098,169622.73802290834,69316.10545847513,0.7099002219625468,10240,6889,205830.33209092624,0.19840819373317203,0.32908400279516625,119.8408193733172,8344.402865394452,69.62910628954926,0
univ2-zero-fee,454,10000,165.0663469870537,-1100.737699058655,1100.737699058655,-935.6713520716012,50286.06678267835,13878.552757567657,0.7837039655652817,5314,7597,228559.55062159768,0.43429148269019635,0.6721182249623232,143.42914826901963,6972.0838841703735,48.609308582368236,0
univ2-zero-fee,455,10000,458.31712878541134,-855.4361683708503,855.4361683708503,-397.11903958543894,100108.73859189346,62529.3325140629,0.6155307789322837,6850,6737,179619.37524406577,0.20775604596396888,0.2831609817424476,120.77560459639689,8279.818294001763,68.55504131725361,0
univ2-zero-fee,456,10000,438.018742584228,-439.68629496522686,439.68629496522686,-1.6675523809988704,97423.75848433703,33915.06201947223,0.7417742759575903,5178,2583,81514.9908623596,-0.028053085846057257,0.04908068803465099,97.19469141539427,10288.628160531234,105.73620594054768,0
univ2-zero-fee,457,10000,786.2918989786623,-871.7235057808914,871.7235057808914,-85.43160680222911,203188.95686422562,96722.87420390568,0.6774956364361197,11773,5668,170154.832261347,0.08297278655077533,0.10944799554411119,108.29727865507753,9233.843160923938,85.0943379522687,0
univ2-zero-fee,458,10000,295.3454295918867,-783.0100371024992,783.0100371024992,-487.6646075106124,109077.34967677644,51236.554852520414,0.6803985592955407,10693,6965,193641.76555727952,0.303284174266326,0.383665102056693,130.3284174266326,7672.924311088614,58.4527547431518,0
univ2-zero-fee,459,10000,278.2102776432005,-830.5078489950016,830.5078489950016,-552.297571351801,62278.65846102746,36895.57215005662,0.6279721866989403,4328,6941,180826.41781535128,0.3513697562052491,0.5423299173426827,135.1369756205249,7399.899547998726,54.759180549935586,0
univ2-zero-fee,460,10000,395.48839412267824,-831.4541957964103,831.4541957964103,-435.9658016737321,113894.17107130094,37754.505672002626,0.7510396629710798,9069,6838,196947.98389368033,0.11532669505228768,0.1808055567098124,111.53266950522877,8965.983522330836,80.3890781604229,0
univ2-zero-fee,461,10000,185.5671294836064,-192.86200995973425,192.86200995973425,-7.294880476127844,71935.71567269797,21371.492420562994,0.7709556114978589,6641,2448,56894.50284592561,-0.03385711804227782,0.04431492723598808,96.61428819577222,10350.436394819111,107.07658468719652,0
univ2-zero-fee,462,10000,970.452234224929,-984.5632777357383,984.5632777357383,-14.111043510809282,204655.11008664515,74002.13216855223,0.7344331280621077,11419,4449,150878.08077371833,-0.019613301014826164,0.05983337074518516,98.03866989851738,10200.057601553352,104.15971191181474,0
univ2-zero-fee,463,10000,179.665093778393,-184.06588588721553,184.06588588721553,-4.400792108822543,66598.38519690535,16168.655068584718,0.8046486256277756,6478,2210,50994.57859359569,0.0017970213012044667,0.026090513139134686,100.17970213012045,9982.06244828145,99.54678831296937,0
univ2-zero-fee,464,10000,258.886582715593,-313.40255432905514,313.40255432905514,-54.51597161346211,93357.27210748619,25461.165815894972,0.7857136799566972,8326,4051,89976.04529438438,0.021218643124297217,0.09594233935727786,102.12186431242972,9792.22290041084,95.88776045030315,0
univ2-zero-fee,465,10000,535.4954858688766,-811.4465834646559,811.4465834646559,-275.9510975957793,124939.44119282557,60918.400585231684,0.6722312063755825,7007,6302,182984.1100647162,0.011944904907662845,0.15889676112085582,101.19449049076628,9881.961587470641,97.65309966561432,0
univ2-zero-fee,466,10000,470.57603026253685,-588.9311770748192,588.9311770748192,-118.35514681228233,91187.05370017349,40794.47052990155,0.6909077178197524,5402,5034,120932.52768167744,0.15440308290358742,0.20899968850468853,115.44030829035874,8662.485943165195,75.03875251009258,0
univ2-zero-fee,467,10000,201.95738362375076,-202.9962447652749,202.9962447652749,-1.038861141524137,59801.21217587093,19513.726973721583,0.7539716075818003,4225,1831,47604.503358141556,-0.009166789635333857,0.030782934690161596,99.08332103646661,10092.516273623874,101.77994543370228,0
univ2-zero-fee,468,10000,523.1379999465643,-540.6199325862983,540.6199325862983,-17.481932639734055,96036.4623207611,19307.681567831496,0.8326080465213717,5514,2866,85845.63345264696,-0.017978948754799547,0.05731155303718637,98.20210512452005,10183.081515063943,103.89632848176089,0
univ2-zero-fee,469,10000,183.21364589798205,-580.3390200255106,580.3390200255106,-397.12537412752863,58591.77238224241,24828.325617722985,0.7023699778231706,5856,6497,163406.14984217574,0.047542407356095565,0.10316588813147391,104.75424073560956,9546.153470162706,91.26349732777008,0
univ2-zero-fee,470,10000,230.03376351324792,-514.5148718617321,514.5148718617321,-284.4811083484842,76935.99792271503,23313.012396252605,0.7674489521435041,6814,6152,154793.1426508346,-0.1326946106498376,0.14982222119238955,86.73053893501624,11529.964849928014,132.9398925875566,0
univ2-zero-fee,471,10000,172.78496641054622,-873.6071362528488,873.6071362528488,-700.8221698423026,59075.6938839106,27877.18144578048,0.679398969383345,6355,7279,199954.42618395403,0.2358817230016045,0.4364306909334124,123.58817230016045,8091.389634802003,65.47061976477148,0
univ2-zero-fee,472,10000,890.6431120990004,-1405.544787515061,1405.544787515061,-514.9016754160606,119066.36151190569,40904.388757343535,0.7443008256915922,7360,7019,204189.1434708602,0.12159338690262046,0.4874898725406791,112.15933869026205,8915.88762539734,79.49324905523362,0
univ2-zero-fee,473,10000,673.4371488406955,-1035.9565994964453,1035.9565994964453,-362.5194506557498,156528.20866299685,60393.94510623159,0.7215870114839382,10054,6822,202652.99331306116,0.3245797890167873,0.3245797890167873,132.45797890167873,7549.564674918949,57.854180223578204,0
univ2-zero-fee,474,10000,1310.7088076540615,-1432.8754180554326,1432.8754180554326,-122.16661040137114,236080.59936442177,64879.59654922246,0.7844246600376396,11102,6106,213303.81289956917,-0.07570256526677398,0.12164802707971986,92.4297434733226,10819.029144005282,116.09748451979789,0
univ2-zero-fee,475,10000,575.3356108339542,-1283.428988835738,1283.428988835738,-708.0933780017838,94893.71420689287,21198.16694398154,0.817401813685557,7245,7376,217541.47655526322,0.4215940744956126,0.6368592287007812,142.15940744956126,7034.357245203293,49.48173493297955,0
univ2-zero-fee,476,10000,533.4021946126553,-782.1982104538141,782.1982104538141,-248.7960158411588,160120.2239600458,64251.87655485301,0.7136369610686666,11532,6439,182090.12357146534,-0.03947609248028371,0.1220090487791947,96.05239075197163,10410.98595534822,108.59601315210521,0
univ2-zero-fee,477,10000,306.5092426705605,-484.2081896532282,484.2081896532282,-177.69894698266768,105688.1099358303,44580.66944176676,0.7033271340433002,8672,5694,139161.2674273582,-0.04404924750194141,0.10264363903855994,95.59507524980586,10460.790682065213,109.38881867964473,0
univ2-zero-fee,478,10000,235.82005776431723,-540.0911839812344,540.0911839812344,-304.2711262169172,57558.76967048123,35184.22144230601,0.6206266261186515,4340,6188,135591.25793239725,0.408477510174977,0.5904437769035897,140.8477510174977,7099.865162260496,50.407565765424664,0
univ2-zero-fee,479,10000,422.19832386052934,-950.1952876879387,950.1952876879387,-527.9969638274094,95263.3938728914,26980.03130096435,0.7792925773914376,8659,7030,194415.24297468347,0.1742700394624353,0.29212333347177977,117.42700394624353,8515.92933917329,72.52114921339496,0
univ2-zero-fee,480,10000,489.4743432485423,-518.138317261389,518.138317261389,-28.663974012846722,152057.70281059164,53149.510718299614,0.7409958948113845,10123,4336,120242.6104843008,-0.008336751779848016,0.05885254672052781,99.1663248220152,10084.069105962455,101.69001240386267,0
univ2-zero-fee,481,10000,404.22898346669206,-616.0355409138668,616.0355409138668,-211.80655744717478,144488.85341930005,33929.28015409564,0.809832781710284,11508,6105,171246.2708416291,-0.1741539723177786,0.24212308880848468,82.58460276822214,12108.795876203281,146.35858597611372,0
univ2-zero-fee,482,10000,461.88056200380174,-1214.8832555025963,1214.8832555025963,-753.0026934987945,134304.54937566305,57987.647389984435,0.6984399348214021,8967,7426,263935.1584621094,-0.20777060800593006,0.216297184907,79.222939199407,12622.607775265164,159.33411335403972,0
univ2-zero-fee,483,10000,371.09970894315813,-767.3764877194603,767.3764877194603,-396.2767787763022,63676.20375681394,27819.013425865243,0.6959511733785838,4007,6541,172258.4382799833,0.04114841383013726,0.24464391689736814,104.11484138301373,9604.779071016648,92.25154665532128,0
univ2-zero-fee,484,10000,270.8851929635959,-1129.4621204792884,1129.4621204792884,-858.5769275156924,105227.66660263036,52888.73813181658,0.6655075846137404,11154,7564,231263.52325670663,-0.038811914326747396,0.44551526745636294,96.11880856732526,10403.791877663616,108.23916588867387,0
univ2-zero-fee,485,10000,353.5246836914788,-497.1152890049645,497.1152890049645,-143.5906053134857,106760.92379055664,47867.12994828849,0.6904369628222031,7376,5537,138045.36779660435,-0.08666366259700282,0.1630141379618567,91.33363374029972,10948.869831216922,119.5297720697439,0
univ2-zero-fee,486,10000,563.6680538261513,-655.9165380484977,655.9165380484977,-92.2484842223464,88262.39289355633,18999.252046335034,0.8228700291051654,4623,4599,112416.7262699709,0.13329012429071938,0.18807290986142633,113.32901242907194,8823.86618705964,77.7629685280421,0
univ2-zero-fee,487,10000,361.255369577437,-1400.358366693897,1400.358366693897,-1039.10299711646,85773.29554605797,38345.38699917574,0.6910587011330774,4572,7741,303939.6064906529,-0.23991716886400297,0.31735178055918084,76.0082831135997,13156.461781613581,172.84417558901163,0
univ2-zero-fee,488,10000,398.9831842443426,-797.2789262617439,797.2789262617439,-398.29574201740127,115838.40581581372,49032.35552069194,0.7026012670578043,7923,6741,198771.33251256405,-0.09711721809552173,0.18541293463311262,90.28827819044783,11075.635698077973,122.67048292464139,0
univ2-zero-fee,489,10000,1010.4138661951313,-1048.1255297440468,1048.1255297440468,-37.71166354891557,156146.3497684586,38355.64817422573,0.8028007497098907,6811,4240,142927.0038019254,-0.08488258331534099,0.13275343324998773,91.5117416684659,10927.56010071172,119.25194359041714,0
univ2-zero-fee,490,10000,469.729846576178,-515.6434797946654,515.6434797946654,-45.913633218487405,100015.07695501171,27021.927566263676,0.7872908947428919,6688,3881,99713.08893490638,0.013522663772642005,0.05701778787310445,101.3522663772642,9866.578097437241,97.31936629640732,0
univ2-zero-fee,491,10000,756.5682376372082,-778.3069828466422,778.3069828466422,-21.738745209434,175197.23069404837,102490.57185080028,0.6309143905078536,10910,4551,132733.47109553826,0.11961303395485245,0.14269238399106215,111.96130339548525,8931.658013055177,79.77451593859573,0
univ2-zero-fee,492,10000,395.9906047147618,-484.2435890489385,484.2435890489385,-88.25298433417669,93043.66859493678,27181.385672273573,0.7739124690943316,6008,4455,111079.68556126472,-0.0931715657619833,0.1376506862502245,90.68284342380167,11027.44482754491,121.66367939265241,0
univ2-zero-fee,493,10000,666.0000906711616,-1245.701819950082,1245.701819950082,-579.7017292789203,132763.20895801566,41589.00395082307,0.7614655801783934,10165,7240,205601.09700412938,0.5789646251391346,0.7966518212908897,157.89646251391346,6333.264525483391,40.56523644849904,0
univ2-zero-fee,494,10000,228.01314254711838,-602.7317044928625,602.7317044928625,-374.7185619457441,77664.20901444736,20818.6603101299,0.788606277894724,7954,6503,163064.54472465464,0.26438587016925225,0.3486549037800367,126.43858701692523,7908.978494866423,62.51250639959682,0
univ2-zero-fee,495,10000,571.0212722120364,-734.1754686797049,734.1754686797049,-163.1541964676685,116902.34863585036,36530.00013994282,0.7619146129782371,8082,5721,145117.33172792054,0.034945794397360855,0.12881386450905496,103.49457943973609,9662.342410122761,93.3622555485158,0
univ2-zero-fee,496,10000,316.77731064909517,-610.2153061938866,610.2153061938866,-293.4379955447914,90629.63412816565,59560.67331853061,0.603431976862627,7191,6292,151277.4223632109,0.25306025712786623,0.30527046951528375,125.30602571278662,7980.46264140075,63.81967609577817,0
univ2-zero-fee,497,10000,436.7984203502997,-785.1409642690023,785.1409642690023,-348.34254391870263,109923.65856387753,32700.1559537419,0.7707244329122735,7768,6579,189330.73835248183,-0.17115208871932297,0.2679006515459406,82.8847911280677,12064.940525893831,142.06103934942544,0
univ2-zero-fee,498,10000,216.9193642610934,-242.02300382536092,242.02300382536092,-25.103639564267525,100247.66933554823,32056.96181111558,0.7577034036278032,10585,3501,77353.4366872397,0.02313272405297582,0.038168882041033074,102.31327240529758,9773.90367749189,95.30359048196318,0
univ2-zero-fee,499,10000,167.7763955303383,-187.97037203058355,187.97037203058355,-20.193976500245242,67486.45720009382,18725.945897233036,0.7827929018972717,6377,2849,59829.74601548915,0.06946069172048112,0.07475651443440995,106.94606917204811,9350.507704017717,87.47165406845828,0
univ2-zero-fee,500,10000,628.7101187451316,-687.8643658316009,687.8643658316009,-59.154247086469354,142672.0485111984,58727.67802053942,0.7084023944228903,7292,4599,133446.86586179223,-0.037119233728665504,0.09391234022783976,96.28807662713345,10385.502474584157,108.87813137566569,0
univ2-zero-fee,501,10000,561.8026676196645,-663.2363074530789,663.2363074530789,-101.43363983341442,107385.62171008972,46324.085649325185,0.6986261541634002,5381,4946,130217.62695596098,0.00016251137113400206,0.07442265589450842,100.0162511371134,9998.37565573208,99.87699805983084,0
univ2-zero-fee,502,10000,532.5422045690341,-1004.8221909014122,1004.8221909014122,-472.27998633237814,129346.54264671962,60131.38192518735,0.6826470309876786,8704,7052,199647.44577315293,0.148444852740178,0.5250757818409485,114.8444852740178,8707.427816336138,75.81893143355069,0
univ2-zero-fee,503,10000,301.15405945900807,-485.53933665618126,485.53933665618126,-184.3852771971732,96443.23098997578,28059.946133817793,0.7746246579240482,8332,5674,136593.50103346814,0.010058971010195279,0.08411842258752912,101.00589710101953,9900.412717809117,97.94582952960913,0
univ2-zero-fee,504,10000,692.633719174965,-1204.4699240402297,1204.4699240402297,-511.8362048652647,184679.30294303858,129763.28931728983,0.5873227975112919,11101,7277,236299.3552921739,0.21398582373889524,0.2587619752328594,121.39858237388952,8237.329204331681,67.85407064680061,0
univ2-zero-fee,505,10000,100.99277846276917,-681.5570882972031,681.5570882972031,-580.564309834434,41276.127168670166,17612.372127919196,0.7009200041044474,4350,6897,192301.71228492193,0.11124965165547294,0.17421902897017616,111.1249651655473,8998.878459701931,80.97984172022159,0
univ2-zero-fee,506,10000,268.7806490175402,-980.4464128843599,980.4464128843599,-711.6657638668197,111259.16119720328,36515.43422678618,0.7528977553819896,9941,7322,248959.04319779508,-0.10646161138810115,0.2594278576561216,89.35383886118989,11191.462068713725,125.3239000523486,0
univ2-zero-fee,507,10000,283.45671175923167,-697.1398841573725,697.1398841573725,-413.68317239814087,77627.86746285393,21731.22481540794,0.7812859969116045,5699,6686,181657.6648134113,-0.07456289797716224,0.10443798508277595,92.54371020228378,10805.705303362614,116.76323549341127,0
univ2-zero-fee,508,10000,791.6916122582326,-805.4876611802507,805.4876611802507,-13.796048922018144,172430.61667737225,36437.680768396116,0.8255470973144836,10449,4167,131818.20846503729,0.025561837473653953,0.07666491593792671,102.5561837473654,9750.753529968033,95.07703668238047,0
univ2-zero-fee,509,10000,531.6613139889407,-630.9119395513053,630.9119395513053,-99.25062556236458,157468.296299426,107553.29443289756,0.5941715762262997,10827,5434,139774.6506262087,0.03322981635891495,0.1444277215748616,103.3229816358915,9678.38964800502,93.67146644680534,0
univ2-zero-fee,510,10000,607.67960146622,-809.4754795107058,809.4754795107058,-201.7958780444858,129747.37842144219,62441.758098995415,0.6751025618331175,7552,6045,163495.35939366117,0.07027403839624924,0.2010322350203694,107.02740383962492,9343.402052296075,87.51734843932982,0
univ2-zero-fee,511,10000,457.5977966739957,-464.9771652133468,464.9771652133468,-7.3793685393511055,146437.963766721,76059.6683684669,0.6581551559063171,10916,3837,103931.05224173785,-0.018027147047833127,0.05468754216250616,98.19728529521669,10183.58166743543,103.86260754960776,0
univ2-zero-fee,512,10000,353.96903250243116,-621.257576219895,621.257576219895,-267.2885437174638,118386.97795160164,33849.50332934818,0.7776518279683599,10692,6191,162062.8062776728,0.04993950949132625,0.10321038717456617,104.99395094913262,9524.359020394826,90.71353089466925,0
univ2-zero-fee,513,10000,813.023303161015,-1346.8852576804345,1346.8852576804345,-533.8619545194196,169083.8889487963,99097.47636168858,0.6304833624552576,9905,7342,229349.39503279093,0.47216445288984404,0.4936096990863467,147.2164452889844,6792.719857029208,46.23435740383001,0
univ2-zero-fee,514,10000,264.2126168815593,-1275.4816414652141,1275.4816414652141,-1011.2690245836548,101387.65785371822,49894.58368647352,0.6701887599066422,9832,7754,288135.91260568355,-0.29504723026029067,0.2983366370104019,70.49527697397093,14185.3489015966,201.20910727615166,0
univ2-zero-fee,515,10000,389.6276935898746,-401.87626516701124,401.87626516701124,-12.248571577136659,112960.22518505568,36174.61828868435,0.7574368440930167,8515,3460,88110.33634323158,0.08184281440642038,0.09891439786960377,108.18428144064204,9243.487527945765,85.3506831389895,0
univ2-zero-fee,516,10000,660.7503425749351,-1340.8148470426,1340.8148470426,-680.0645044676648,116795.00974974864,37212.87261836925,0.7583703376336216,6846,7367,228039.92469514583,0.6497560198280513,0.6781263552269178,164.97560198280513,6061.5027130786875,36.74187400178701,0
univ2-zero-fee,517,10000,1094.8406990244987,-1984.2208377193015,1984.2208377193015,-889.3801386948028,172356.98043419278,69963.49833745365,0.7112769886717474,10068,7792,267200.4589658373,0.7208537283407995,0.7784022779987185,172.08537283407995,5811.069537085335,33.76847659356618,0
univ2-zero-fee,518,10000,509.7915159458172,-660.27103183677,660.27103183677,-150.47951589095283,81528.9454153304,36438.40733656322,0.6911144779759558,4234,5275,125384.67752151488,0.17498060740666532,0.25226443573487756,117.49806074066653,8510.779113347455,72.43327741346008,0
univ2-zero-fee,519,10000,1373.7088731779486,-1377.5418815285368,1377.5418815285368,-3.8330083505882158,226466.47341531186,87643.89285981441,0.7209773943498319,11569,4487,168092.2021547217,-0.02019146745399496,0.09197884523184556,97.9808532546005,10206.076477760347,105.0759677992,0
univ2-zero-fee,520,10000,443.67975849105517,-1662.80488851893,1662.80488851893,-1219.125130027875,138795.61308732448,78869.55664075531,0.6376565128022833,9951,7941,337823.7438100067,-0.15228720643013532,0.4236624855960182,84.77127935698647,11796.449397494003,138.28744481730243,0
univ2-zero-fee,521,10000,110.11400842253951,-1330.3796043678149,1330.3796043678149,-1220.2655959452754,48695.9537824183,15450.045867009843,0.7591424882074064,4961,7772,305461.2708443448,-0.05092959209969422,0.3776396717369731,94.90704079003058,10536.62686013316,111.02052442371586,0
univ2-zero-fee,522,10000,278.0981789647239,-296.91526992013627,296.91526992013627,-18.817090955412368,83234.2687986027,22377.475001157483,0.7881156564975845,6739,3076,72660.95956698779,0.02670740317585441,0.06365110319697635,102.67074031758544,9739.873747965952,94.86528978636358,0
univ2-zero-fee,523,10000,276.2536126965964,-414.971523350993,414.971523350993,-138.71791065439658,87550.42269861337,19216.458262177257,0.820014801507273,7538,5030,118690.14323668751,-0.05649038516200548,0.10306230268159638,94.35096148379945,10598.726797362631,112.16467383836296,0
univ2-zero-fee,524,10000,303.58132669893644,-723.0213049139253,723.0213049139253,-419.43997821498886,63050.87302584952,51236.32630783009,0.5516879702490783,4660,6607,161947.97934019202,0.28024302009804986,0.40069796225157434,128.02430200980498,7811.017365374969,60.93384366556086,0
univ2-zero-fee,525,10000,391.14824183265813,-1552.528255369303,1552.528255369303,-1161.3800135366448,84137.24086610897,28029.63566772547,0.7501077275761485,5867,7800,289234.44910849625,-0.01886029626470446,0.43243576978612425,98.11397037352955,10192.229133894109,103.88130537616819,0
univ2-zero-fee,526,10000,194.19005715549085,-524.5198337274304,524.5198337274304,-330.32977657193953,91014.2385171598,47393.58680671132,0.6575801498519942,10815,6373,158562.6166281647,-0.023310329799075335,0.11410255607133805,97.66896702009247,10238.667544527325,104.74560557098565,0
univ2-zero-fee,527,10000,243.60575832659117,-390.908230199638,390.908230199638,-147.30247187304684,74199.52257912459,27537.42403513903,0.7293272016551924,6624,5125,112303.75052027535,0.10867275064490854,0.17661215944373396,110.86727506449085,9019.794653428873,81.35558103079696,0
univ2-zero-fee,528,10000,417.0404484522192,-820.1476098190196,820.1476098190196,-403.1071613668004,118814.03627993236,38756.3744690194,0.7540377391617783,9570,6840,191098.7743772543,0.06169624514638599,0.24964818070818665,106.1696245146386,9418.890593891972,89.07469559322297,0
univ2-zero-fee,529,10000,267.8318549465226,-294.13721834442356,294.13721834442356,-26.305363397900976,63505.13361226716,13269.95409014984,0.8271580731814381,4074,2745,65262.05162678065,-0.0011151162601360908,0.04412749979512782,99.88848837398639,10011.163942001309,100.28336618752037,0
univ2-zero-fee,530,10000,553.318879838531,-1409.5600954370673,1409.5600954370673,-856.2412155985363,101511.90575570965,48813.59689964497,0.6752806673691424,5381,7642,255343.04095272656,-0.008380088195554549,0.2658413012822015,99.16199118044455,10084.509671319154,101.69769729782128,0
univ2-zero-fee,531,10000,837.321314888229,-912.8959642615735,912.8959642615735,-75.57464937334441,186783.82594674476,46518.473193532554,0.8006085950933451,10670,5195,160670.13477275323,-0.04710592992569176,0.07973980493826474,95.28940700743082,10494.346749218223,110.13111417837389,0
univ2-zero-fee,532,10000,339.02791981130713,-1075.0637584670617,1075.0637584670617,-736.0358386557546,115025.68981867222,56136.034390632434,0.6720292772817208,9402,7378,245953.68572254397,-0.10691266118326424,0.16216003471540774,89.30873388167358,11197.114151507269,124.74795167451322,0
univ2-zero-fee,533,10000,243.5219637477425,-1274.556641659277,1274.556641659277,-1031.0346779115343,78818.24360935947,31941.806717183,0.7116125658754013,6736,7697,271397.912585733,-0.16309351252058904,0.3243330456117437,83.6906487479411,11948.767122077443,142.7729189741036,0
univ2-zero-fee,534,10000,444.70367378534615,-1240.8848782621574,1240.8848782621574,-796.1812044768112,83529.05887536559,53301.76319760861,0.6104549955186129,6801,7504,209173.95445799176,0.7120565234264277,1.0957601913244446,171.20565234264276,5840.928947377739,33.98897758375087,0
univ2-zero-fee,535,10000,408.87705409870244,-1069.5946362558889,1069.5946362558889,-660.7175821571864,69856.17952098264,20153.608339783386,0.7760953689729997,5172,7243,183165.09660686326,1.406578805482456,1.5051554392427782,240.6578805482456,4155.276518193791,17.266303552170353,0
univ2-zero-fee,536,10000,521.8397004500789,-552.1108571432704,552.1108571432704,-30.27115669319153,116466.1301569754,19265.447225613527,0.8580621577003434,9455,3806,98405.53269778081,0.0777710007239375,0.1781305687716541,107.77710007239375,9278.409437950124,85.9329445092417,0
univ2-zero-fee,537,10000,375.00018607021764,-411.8281396358857,411.8281396358857,-36.827953565668054,101878.80342017804,26908.7614436615,0.7910608724366305,7611,3803,93179.32882248984,0.07466437629313077,0.13238593381577474,107.46643762931308,9305.231245453526,86.57890930611123,0
univ2-zero-fee,538,10000,320.7743368006039,-1334.2588729753336,1334.2588729753336,-1013.4845361747297,67200.12834047957,35413.59869724424,0.6548843929601624,3996,7640,262165.6316179059,0.24598342037898546,0.301043111039169,124.59834203789855,8025.789412977422,64.3198757310599,0
univ2-zero-fee,539,10000,292.3842841009418,-547.3338109796629,547.3338109796629,-254.9495268787211,75669.6313231984,36821.709971386415,0.6726707180514437,4984,5942,144540.23515911424,-0.03396036158173103,0.17503693085816308,96.6039638418269,10351.54264126878,106.7799829552167,0
univ2-zero-fee,540,10000,709.4466090320175,-902.1894933564067,902.1894933564067,-192.74288432438925,170538.4211055122,66815.58162796088,0.7184981889562289,9692,6243,183013.38255844254,0.05066962524378638,0.07795632203305558,105.06696252437864,9517.740449026374,90.5869240700577,0
univ2-zero-fee,541,10000,354.5317437982632,-1082.8069069561454,1082.8069069561454,-728.2751631578822,68418.03997846,35577.30156485559,0.6578952380281657,4014,7385,217762.99415805013,0.5412072005513358,0.5477146137013358,154.12072005513357,6488.420555989645,42.0996734967568,0
univ2-zero-fee,542,10000,389.82759975004046,-448.6312165508314,448.6312165508314,-58.80361680079096,131258.76154384523,43244.29394651341,0.7521860357975069,10304,4703,119197.72509378588,0.0038809654583893405,0.12128720591857473,100.38809654583893,9961.341148539952,99.12963906929552,0
univ2-zero-fee,543,10000,308.8543315077124,-491.5391224199176,491.5391224199176,-182.6847909122052,67190.71053678554,15747.906955885192,0.8101257600866468,4690,5391,125811.06125427323,0.10050690933187426,0.10700405982984691,110.05069093318743,9086.722127608115,82.93519514019627,0
univ2-zero-fee,544,10000,558.9862629476623,-1482.31874683599,1482.31874683599,-923.3324838883276,118925.62833532401,76111.07368044369,0.609760250794794,7671,7683,268985.66598663374,0.09203089949739293,0.3581369630032725,109.2030899497393,9157.2507141621,83.85583403727492,0
univ2-zero-fee,545,10000,1158.1185681194313,-1191.9312210641467,1191.9312210641467,-33.81265294471541,210549.77265943127,43003.282969233325,0.8303972994424772,11648,4902,168103.92386690556,0.03548470177578764,0.10310060954321443,103.54847017757876,9657.313886875152,93.23300619833327,0
univ2-zero-fee,546,10000,725.2918489672893,-2103.290296722219,2103.290296722219,-1377.9984477549297,187434.69100839106,37285.64866656525,0.8340797779119746,11630,8030,378019.64843773603,-0.4275304324531624,0.4412158783886588,57.24695675468376,17468.179561036384,305.13540527244663,0
univ2-zero-fee,547,10000,290.9346998904227,-401.7866957765581,401.7866957765581,-110.8519958861354,95528.00248576836,34330.74539018658,0.7356300907584573,7898,4996,114099.88795503882,0.009617639868795038,0.07282382357938275,100.9617639868795,9904.740394745737,98.21059136074548,0
univ2-zero-fee,548,10000,255.75399402644783,-497.1735402062306,497.1735402062306,-241.41954617978277,78670.320564863,31796.358788006684,0.7121633512089391,4951,5840,152834.8237092337,-0.2080412456257939,0.2549796406986746,79.19587543742061,12626.92095610069,159.14265862726558,0
univ2-zero-fee,549,10000,129.39475046784207,-201.5349056428692,201.5349056428692,-72.14015517502713,51569.644397660515,20439.564935623457,0.7161534597467671,5519,3762,73290.24153438836,-0.012677682546012363,0.10679290798383917,98.73223174539876,10128.405163436895,101.7972663837582,0
univ2-zero-fee,550,10000,311.9200241560981,-565.1035168112121,565.1035168112121,-253.18349265511398,91208.77112214941,40883.46936700137,0.690493028086996,5500,5971,163425.24661278844,-0.12337325739347761,0.24582362356667062,87.66267426065224,11407.364323263078,130.97145669698696,0
univ2-zero-fee,551,10000,772.2395340635942,-1419.7154685031608,1419.7154685031608,-647.4759344395666,123336.50275978289,38331.45020155712,0.7629001326519956,6942,7301,232587.06434544083,0.2067936644010986,0.2914401408996449,120.67936644010986,8286.421210692271,68.6646416531645,0
univ2-zero-fee,552,10000,309.47282109586206,-534.0043799615962,534.0043799615962,-224.53155886573416,67061.93386876742,20606.95136222859,0.7649456667786755,5071,5707,126574.93285415182,0.3427754085018702,0.40261702107564673,134.27754085018702,7447.262123824099,55.18647110103805,0
univ2-zero-fee,553,10000,329.791732971584,-515.8233143583918,515.8233143583918,-186.03158138680783,121280.84494919123,60328.159668211614,0.6678129490588562,9321,5859,148309.37764636992,-0.00921922597325775,0.1116680476550438,99.07807740267423,10093.050892247744,101.98080623911477,0
univ2-zero-fee,554,10000,374.6593074225432,-669.5739126434869,669.5739126434869,-294.9146052209437,94943.77766056416,63557.80357287594,0.5990083942489608,6506,6402,156156.64679988698,0.5846778931585928,0.5890854716468087,158.46778931585928,6310.431029064912,39.7306217339827,0
univ2-zero-fee,555,10000,402.26426423807914,-782.4897970934824,782.4897970934824,-380.22553285540323,84099.2998754614,37786.27470014283,0.6899856703165111,6470,6590,174373.3939678405,0.004795553760899764,0.17338660162966663,100.47955537608998,9952.273935950658,99.0478883338801,0
univ2-zero-fee,556,10000,293.93288678882885,-1161.160799377052,1161.160799377052,-867.227912588223,115559.07816483414,31273.425494280837,0.7870129248297438,9728,7608,283761.7315952484,-0.2970805283878525,0.3308222760615337,70.29194716121475,14226.38217444613,202.7625046711033,0
univ2-zero-fee,557,10000,382.34760342636923,-974.711862851061,974.711862851061,-592.3642594246918,132049.15405605565,57862.283307534744,0.6953196494597853,11506,7200,219014.45299815643,-0.03272237974532473,0.3122905472295923,96.72776202546753,10338.294475812096,106.7344285451224,0
univ2-zero-fee,558,10000,430.8189266996432,-475.57933300549826,475.57933300549826,-44.76040630585504,116184.4271521642,30429.332878232624,0.7924524077963498,8548,4270,109680.321906912,-0.07157367201331098,0.10479671671970436,92.8426327986689,10770.914569019225,116.09850474915106,0
univ2-zero-fee,559,10000,1165.3039011563626,-1756.8097353204291,1756.8097353204291,-591.5058341640665,197861.71187276187,79006.15313503658,0.7146431091495171,10954,7506,250282.7585362652,0.19951950262266935,0.6430431892733176,119.95195026226693,8336.672080979855,69.45967769035484,0
univ2-zero-fee,560,10000,292.65998204538835,-418.671993543822,418.671993543822,-126.01201149843365,77400.5192094459,38034.63727169338,0.6705108007723126,5151,5075,113982.75217849505,0.06685109997212478,0.11307600214109187,106.68510999721248,9373.379734615899,85.91916807170469,0
univ2-zero-fee,561,10000,418.7627198522895,-519.6471628478527,519.6471628478527,-100.88444299556318,94213.04881679713,15070.825597441019,0.8620946989826205,7143,4691,110843.41999539276,0.17765794630102433,0.18160531446777456,117.76579463010243,8491.430452845429,72.1248658647297,0
univ2-zero-fee,562,10000,581.8112723427575,-582.4968083255873,582.4968083255873,-0.6855359828297196,123913.71829849585,23662.932229619688,0.8396566655704687,7717,2960,96708.99566957893,0.0022243649819860423,0.038264065597185065,100.2224364981986,9977.806251551929,99.63677897888302,0
univ2-zero-fee,563,10000,673.743356180603,-677.6355801887659,677.6355801887659,-3.8922240081628843,140788.9841426341,39886.92423185212,0.77923495948791,7775,3365,110636.37505034688,0.017166684959247506,0.05469199565425058,101.71666849592475,9831.230905148692,95.99120198730567,0
univ2-zero-fee,564,10000,716.6425543421899,-717.962664364051,717.962664364051,-1.320110021861069,169341.68193960763,74535.42567074328,0.6943730126985491,10448,3930,121460.49971788909,0.0055050994942877195,0.06807012533879828,100.55050994942877,9945.251110660769,98.954955671467,0
univ2-zero-fee,565,10000,530.9275051764479,-1322.3723028912852,1322.3723028912852,-791.4447977148374,129936.22456437361,68335.43086131889,0.6553444277519064,7300,7484,270024.765250862,-0.32332020991169885,0.32332020991169885,67.66797900883012,14778.03969166594,218.39122965706557,0
univ2-zero-fee,566,10000,559.5299485927226,-794.2956918909766,794.2956918909766,-234.76574329825405,114372.43724483813,30902.187787008108,0.78728433971016,6788,6111,167320.1551824775,-0.03812796917129305,0.11255068461903107,96.1872030828707,10396.39401974278,109.61850464730547,0
univ2-zero-fee,567,10000,1043.104676438333,-1425.5002136716082,1425.5002136716082,-382.39553723327526,174848.206993036,45238.982708310745,0.7944497234496065,10370,7022,213911.88773476754,0.3971645559285378,0.4436386780066826,139.71645559285378,7157.35356034209,51.24606829775438,0
univ2-zero-fee,568,10000,270.52432134997787,-313.5403259043898,313.5403259043898,-43.01600455441195,101647.37751060555,22592.606191229068,0.8181535000402977,9706,3976,91975.45615460172,-0.056823340189114474,0.08481441556094808,94.31766598108855,10602.468360220359,112.53721362883763,0
univ2-zero-fee,569,10000,1342.7570520206912,-1347.275381099746,1347.275381099746,-4.518329079054865,204648.09670578007,50368.99280157022,0.8024877748433465,9126,4065,161326.47268992302,-0.012127083555311629,0.07806801161861003,98.78729164446884,10122.760214512371,102.45326020043706,0
univ2-zero-fee,570,10000,818.7746131971282,-1432.5060789555357,1432.5060789555357,-613.7314657584075,163864.1560370753,83476.43666672122,0.6625040970663126,9210,7520,236342.36849886482,0.46443579738232527,0.6130971259219666,146.44357973823253,6828.568846364586,45.819512705477635,0
univ2-zero-fee,571,10000,1228.5098154589161,-1450.8470423416284,1450.8470423416284,-222.33722688271223,212916.90722457875,75763.13913908898,0.7375532528367217,11515,6785,211929.87760063066,0.20596242362483438,0.41262390094779905,120.59624236248344,8292.132976258732,67.94677806911939,0
univ2-zero-fee,572,10000,233.77776458273843,-324.25405737984136,324.25405737984136,-90.47629279710293,62974.58449262525,26282.156187260003,0.7055442985362907,5158,4415,88567.57934535557,0.2731800276968343,0.3117020305935722,127.31800276968343,7854.34909951966,61.81167045016577,0
univ2-zero-fee,573,10000,538.7993474621636,-1488.452777254468,1488.452777254468,-949.6534297923043,135773.87896214306,54842.06221587112,0.7122902634640893,11054,7806,251326.51491824808,0.3955293578981241,0.5933835935500912,139.5529357898124,7165.740139151748,51.63776651458527,0
univ2-zero-fee,574,10000,513.6955623764577,-1147.2557313649834,1147.2557313649834,-633.5601689885257,125468.11431985802,48068.95697749588,0.7230046778009165,6954,7299,258798.17201938666,-0.22726443576922392,0.27356867423414316,77.27355642307761,12941.038696911182,167.5473347110451,0
univ2-zero-fee,575,10000,769.6763382621326,-862.2340637860036,862.2340637860036,-92.557725523871,188303.00494207704,61759.52281604336,0.7530236802381607,11450,5571,166027.27158669077,0.06550217448061431,0.14556344268602928,106.55021744806143,9385.246752041692,88.1459098851723,0
univ2-zero-fee,576,10000,474.31581088428186,-563.7621802866171,563.7621802866171,-89.44636940233522,142876.47324266215,78030.76719807957,0.6467713460075054,10881,5289,129483.3916054175,0.09557154901492694,0.11107578018072516,109.5571549014927,9127.65649855137,83.24196392931401,0
univ2-zero-fee,577,10000,303.83325167422356,-1158.4657869245361,1158.4657869245361,-854.6325352503126,57887.82939179152,12007.394248971033,0.8282086582813595,4065,7522,226375.85488595229,0.5000998915629447,0.6575987868787934,150.00998915629447,6666.223054043646,44.438527779382895,0
univ2-zero-fee,578,10000,380.21096426383946,-1616.2705466277919,1616.2705466277919,-1236.0595823639524,131145.45560606025,78086.21299714914,0.6267954391491606,11336,7889,312786.9495023784,-0.2610099785445303,0.2847463840822253,73.89900214554697,13531.983833040982,183.1108844988538,0
univ2-zero-fee,579,10000,185.72289506298688,-488.42888995224496,488.42888995224496,-302.7059948892581,64347.59681382616,26059.02278159095,0.7117575803828425,5086,6143,153719.48268511816,-0.16636312629212158,0.20308724281037185,83.36368737078784,11995.631304187627,143.8945402773289,0
univ2-zero-fee,580,10000,423.3211115706827,-1251.1441848455027,1251.1441848455027,-827.82307327482,122064.83953592014,44970.34201735179,0.7307732323264512,9118,7512,260997.62618373305,-0.2034656920400434,0.2058520301619832,79.65343079599566,12554.388099843227,157.51798221163267,0
univ2-zero-fee,581,10000,176.53693502861248,-993.3594473962792,993.3594473962792,-816.8225123676667,63940.90829668137,35614.649897065545,0.6422635707817014,7713,7433,203556.47054715877,0.8917103969712642,0.9262857628304192,189.17103969712642,5286.221708439615,27.90702266373063,0
univ2-zero-fee,582,10000,309.77046932002776,-654.3909978715059,654.3909978715059,-344.6205285514781,89129.91509931948,43936.447139821335,0.6698155236192543,7147,6507,163778.77587498171,0.22776324303503956,0.3447294863067148,122.77632430350396,8144.893290077528,66.33948181015751,0
univ2-zero-fee,583,10000,286.68231783166283,-385.5504418316951,385.5504418316951,-98.86812400003225,67589.47583746328,11957.51544550547,0.8496798527178788,5346,4543,95955.58728073374,0.2618271786102872,0.32189035726509446,126.18271786102872,7925.015884137777,62.790361907341946,0
univ2-zero-fee,584,10000,446.182778904812,-447.68991990392686,447.68991990392686,-1.5071409991148812,154068.35663188124,62186.25367241699,0.7124396396224206,11552,3868,105823.88229777271,-0.012226317599197643,0.03144545724984809,98.77736824008024,10123.777285199725,102.45791525013938,0
univ2-zero-fee,585,10000,173.8522099640072,-415.6719557163123,415.6719557163123,-241.81974575230512,54458.59447266998,12450.680490848226,0.8139169719349542,5165,5798,125277.73694945242,0.2608616288516171,0.29722710798883556,126.08616288516171,7931.084780990579,62.998818361584135,0
univ2-zero-fee,586,10000,490.21005136402755,-1588.730533500676,1588.730533500676,-1098.5204821366485,114951.93599179054,50885.182325796675,0.6931616827280564,6383,7837,307211.43417379865,-0.14069655684908952,0.28099702552480577,85.93034431509105,11637.33351712596,135.47173399506005,0
univ2-zero-fee,587,10000,452.27412872542743,-1027.0849894515616,1027.0849894515616,-574.8108607261341,86306.40845948902,28907.35103964846,0.7490981010834485,5382,7156,214553.53653439393,0.12066857366918143,0.2659717885062254,112.06685736691814,8923.245309195025,79.6243781498357,0
univ2-zero-fee,588,10000,303.2102044803891,-893.2063902106652,893.2063902106652,-589.996185730276,89603.72534328848,32838.75726103144,0.7318025854870012,6493,7107,226193.61020790983,-0.16289670467246026,0.2364273250475172,83.71032953275397,11945.957916860189,142.9535982638559,0
univ2-zero-fee,589,10000,393.38695913966393,-492.44677508106764,492.44677508106764,-99.05981594140371,129626.88745975227,28317.63652437852,0.8207115016711584,11187,5122,128170.10730558976,-0.02016717605630916,0.10680100021986817,97.98328239436908,10205.823471446796,104.12931698699431,0
univ2-zero-fee,590,10000,556.0556623638996,-564.7587723423593,564.7587723423593,-8.703109978459679,151228.95886841568,53240.18041086556,0.7396175256641266,10157,3858,112608.39928714979,-0.010672465366005498,0.06787551829198975,98.93275346339945,10107.87666237905,102.17605587213778,0
univ2-zero-fee,591,10000,602.3902427586286,-1254.0640017370588,1254.0640017370588,-651.6737589784302,138459.68739166547,41356.41120066324,0.7700071822021636,7984,7388,259707.4868658386,-0.2185664600910367,0.27522719431927684,78.14335399089633,12796.994651616027,170.94502230468575,0
univ2-zero-fee,592,10000,787.94516851707,-893.7398200608596,893.7398200608596,-105.79465154378966,159921.52017148075,60821.39550761699,0.724469547208322,9076,5502,155153.01024378612,0.07283395004344712,0.15767176188966517,107.28339500434471,9321.107587853292,86.88299440932985,0
univ2-zero-fee,593,10000,198.69569538871838,-635.8361784292238,635.8361784292238,-437.1404830405054,61438.31886519204,26612.79497242287,0.697757429605007,5063,6570,176984.64114873158,-0.11376180874384673,0.12276250314047914,88.62381912561533,11283.648889316311,127.52394978198895,0
univ2-zero-fee,594,10000,204.88811045408872,-1311.3189733980687,1311.3189733980687,-1106.43086294398,84509.71048306175,52733.04187145974,0.6157681118545242,8795,7756,263638.567496814,0.5606204102324699,0.6694911309500557,156.062041023247,6407.708556916743,40.779985185185986,0
univ2-zero-fee,595,10000,258.4029729980467,-723.6979886519456,723.6979886519456,-465.2950156538989,94811.93599124184,41283.650814207205,0.6966569469058326,9628,6849,187533.8138642794,-0.02102510747306468,0.19975350944916684,97.89748925269353,10214.767373091976,104.341102744763,0
univ2-zero-fee,596,10000,486.1558066587353,-620.9539224842154,620.9539224842154,-134.79811582548007,97874.07762567901,37175.75804116041,0.7247256328925051,5460,5168,132343.34073127003,0.06955980053177072,0.0840083536201189,106.95598005317707,9349.641329917109,87.41606387806199,0
univ2-zero-fee,597,10000,585.037365396207,-914.7970845423338,914.7970845423338,-329.7597191461268,154838.0486265069,42603.79711024123,0.7842210350533015,10618,6743,202561.57023042333,0.017521435586051837,0.15000265764742238,101.75214355860518,9827.803662103433,95.73666565786881,0
univ2-zero-fee,598,10000,930.4358509039198,-1301.639625241997,1301.639625241997,-371.2037743380772,205674.71714280863,85599.22997434268,0.7061212277254773,10989,7059,235239.3992615058,0.043016171035634584,0.13482486508843963,104.30161710356346,9587.579919616737,92.16854290901698,0
univ2-zero-fee,599,10000,2029.2778161799815,-2154.033056603766,2154.033056603766,-124.75524042378447,235770.91146872242,73658.5932076912,0.761953556159036,11238,6030,211295.41134496048,0.08155086526025443,0.2840643618924335,108.15508652602544,9245.982884728897,85.52272691216025,0
univ2-zero-fee,600,10000,218.78049724489964,-523.9469740834553,523.9469740834553,-305.1664768385557,58988.91435190691,37843.411725026286,0.6091861751316422,4388,6152,140472.5767992204,0.3615055276255961,0.42211326686557243,136.1505527625596,7344.8107620121045,53.75655396086622,0
univ2-zero-fee,601,10000,278.32760014459564,-435.91703669366547,435.91703669366547,-157.58943654906983,72136.5022076334,34609.72217721617,0.6757756784686025,4170,5225,124257.36570121121,-0.046679092640918754,0.10210318281720746,95.33209073590812,10489.647713816148,110.0934412303796,0
univ2-zero-fee,602,10000,550.8210598380274,-733.3976571765603,733.3976571765603,-182.5765973385329,108165.13354902704,33673.11955239778,0.7625949360196996,5502,5601,157691.67750407112,-0.10960678171134547,0.20796864274559368,89.03932182886545,11230.993685156387,126.13494630676568,0
univ2-zero-fee,603,10000,346.7715563007618,-393.36482206468565,393.36482206468565,-46.59326576392385,115947.67774404239,42404.27034465497,0.732215038359344,8911,4253,103222.16281599004,0.009290284833336245,0.05622484617275319,100.92902848333362,9907.952936690397,99.4759488368599,0
univ2-zero-fee,604,10000,984.1524993368888,-1394.9758346060205,1394.9758346060205,-410.8233352691317,184359.1665677825,91054.68148532287,0.6693896035766304,11625,7158,212895.57431468618,0.5759950740107282,0.7213938315172634,157.59950740107283,6345.197972601372,40.19395435154546,0
univ2-zero-fee,605,10000,244.90344587118815,-251.49498245611937,251.49498245611937,-6.5915365849312195,65927.07873680563,11719.183723648423,0.8490695707392598,4855,2077,55055.685537450794,-0.012188313444626857,0.02937737748246093,98.78116865553731,10123.38735394853,102.41020392610012,0
univ2-zero-fee,606,10000,176.13618071930523,-634.0108734005843,634.0108734005843,-457.87469268127904,54381.72891368343,13326.695630305723,0.8031752219895831,4174,6695,190195.35350557914,-0.11434482585095296,0.2547542369468496,88.5655174149047,11291.076802812653,127.25552115746517,0
univ2-zero-fee,607,10000,754.9594058179764,-1240.561499798654,1240.561499798654,-485.60209398067764,134020.83640310485,44465.78237469009,0.7508732997511298,7466,7095,218898.37823164166,-0.09546314234161785,0.25908598366042423,90.45368576583822,11055.382191761553,122.22203561688673,0
univ2-zero-fee,608,10000,423.89048451385804,-458.5112187574592,458.5112187574592,-34.620734243601134,140294.48283371472,37432.8812106385,0.7893803162393337,11188,4204,111351.6125537505,-0.027375557611081264,0.06678882524951703,97.26244423889187,10281.461526080922,105.19220550071998,0
univ2-zero-fee,609,10000,267.4911700110975,-1372.6620589056765,1372.6620589056765,-1105.170888894579,96038.04378467177,39299.067731808536,0.7096209067013891,10328,7706,284667.70929165767,-0.001226006580307768,0.2798585026190166,99.87739934196922,10012.27605233677,100.24624707468026,0
univ2-zero-fee,610,10000,380.658316293085,-1530.7013018205973,1530.7013018205973,-1150.0429855275124,125710.23448108579,42697.09706204256,0.7464653309876356,11600,7930,293992.0141729642,-0.09639272200858144,0.23887088990141564,90.36072779914186,11066.755664070166,122.47292879266541,0
univ2-zero-fee,611,10000,1073.654249463076,-1815.4353646590007,1815.4353646590007,-741.7811151959247,203938.53259259628,75245.7551726373,0.7304799787446793,11635,7729,277159.5329650708,0.447043352498776,0.5419821923525125,144.7043352498776,6910.64358108892,47.75684995178802,0
univ2-zero-fee,612,10000,656.0365595004643,-901.4856643197769,901.4856643197769,-245.44910481931265,153811.28174018252,28380.835920185134,0.8442257750519641,11212,6400,177463.19267895631,0.3550536219155416,0.3550536219155416,135.50536219155416,7379.782331968087,54.572305331533386,0
univ2-zero-fee,613,10000,348.5672761693685,-528.5630836745512,528.5630836745512,-179.9958075051827,111060.80369216722,67000.62382719989,0.6237218539657474,8595,5790,136808.50532238858,0.23511934918630203,0.2548317354832552,123.5119349186302,8096.3840909389955,65.467761243177,0
univ2-zero-fee,614,10000,899.2274823095518,-1401.277133869125,1401.277133869125,-502.04965155957325,182167.89956298313,43082.97904013377,0.8087333585231236,9899,7351,257517.97803928974,-0.0804706724720917,0.20046584347861426,91.95293275279083,10875.129927110676,118.1689678595904,0
univ2-zero-fee,615,10000,147.29559889846558,-356.32619407898545,356.32619407898545,-209.03059518051987,47112.43615326052,15828.896072427347,0.7485134884709796,4866,5472,110374.18698644389,0.39797419408167545,0.4772111388831595,139.79741940816754,7153.20816934827,51.05806734201403,0
univ2-zero-fee,616,10000,166.00857564718163,-172.44621682655418,172.44621682655418,-6.437641179372548,48045.13976790752,8228.855530900008,0.8537716135631411,4344,1721,40594.45783321538,-0.036885812017590495,0.05619075390059337,96.31141879824095,10382.985137419046,107.76120335627509,0
univ2-zero-fee,617,10000,564.7036878539562,-1903.9712727228457,1903.9712727228457,-1339.2675848688896,154172.61567718658,78808.77185761507,0.6617379066564149,9952,8018,342768.28878221486,-0.022777534263094736,0.28252803162305357,97.72224657369053,10233.085443967533,104.6636433113879,0
univ2-zero-fee,618,10000,868.1979266787364,-967.328577056316,967.328577056316,-99.13065037757963,200096.59134031076,103291.07328891264,0.6595409592043009,11099,5855,174015.80180254427,0.10834948833091573,0.18033203495817277,110.83494883309157,9022.42560461845,81.63107379049231,0
univ2-zero-fee,619,10000,371.1486077170878,-384.88498554867954,384.88498554867954,-13.73637783159171,125474.9978401151,44772.91176188672,0.7370134419473643,11146,3740,90846.64463108308,0.024485278900689026,0.06991925438769471,102.4485278900689,9760.999911233874,96.09177552407807,0
univ2-zero-fee,620,10000,1153.1213126918376,-1831.4414922918977,1831.4414922918977,-678.3201796000601,157082.82624274932,55821.72387306112,0.7378086854287678,7880,7485,258658.26190818183,0.13725177245646406,0.3339611115691804,113.7251772456464,8793.128265734724,77.39078559825987,0
univ2-zero-fee,621,10000,294.1935230290333,-849.1811128524092,849.1811128524092,-554.9875898233759,72494.74436029354,36743.451122676706,0.663639160641345,4094,7045,214054.0029367018,-0.10067586240635876,0.16801769945799505,89.93241375936412,11119.462015431853,122.78787575107806,0
univ2-zero-fee,622,10000,96.89391146439647,-167.8530879304676,167.8530879304676,-70.95917646607114,42083.643863437086,16056.61193470586,0.7238296991596875,4792,3671,66872.41801186129,0.037464142249329487,0.06491932136789132,103.74641422493295,9638.887731238861,92.90810835553661,0
univ2-zero-fee,623,10000,373.5265163781757,-885.8303187404689,885.8303187404689,-512.3038023622933,98841.86768098793,38227.268805795655,0.7211095817366473,8325,7020,194081.3282687204,0.07762506632104575,0.3665330247160446,107.76250663210458,9279.665977211418,86.01573014315113,0
univ2-zero-fee,624,10000,791.0989789930055,-1523.0980858712226,1523.0980858712226,-731.999106878217,120839.21137777195,52147.39553813297,0.698546630471319,8742,7468,222240.36191283134,0.7337530584387753,0.9609166192463278,173.37530584387753,5767.834445559374,33.270632516992315,0
univ2-zero-fee,625,10000,659.9184366487351,-716.2017225633696,716.2017225633696,-56.28328591463446,119295.5447743305,31383.474914325856,0.7917196768390675,6236,4363,122406.23653552563,-0.02317033620691305,0.1365086679408657,97.6829663793087,10237.19986497758,104.8000712852069,0
univ2-zero-fee,626,10000,195.768281515,-211.87267607518342,211.87267607518342,-16.104394560183408,59212.63794364851,8831.231645616492,0.8702126775134235,4809,2433,55510.001261284175,0.049796462984465675,0.06414672115347486,104.97964629844657,9525.656345236079,90.71281131164903,0
univ2-zero-fee,627,10000,189.641389054635,-530.819580861298,530.819580861298,-341.17819180666305,48591.004218114285,9159.989563566802,0.8413881915487939,4288,6221,145527.96525911547,0.2022317544232888,0.23315500475651832,120.22317544232888,8317.864193940602,69.20764041483396,0
univ2-zero-fee,628,10000,633.6485326043475,-906.1184091354367,906.1184091354367,-272.4698765310892,148229.03043956892,94562.19382555714,0.6105205445057768,8847,6498,185273.9862162517,-0.0856537624659623,0.1478908208885997,91.43462375340377,10936.776831523686,119.61462933631582,0
univ2-zero-fee,629,10000,137.44202190253844,-245.01649603512598,245.01649603512598,-107.57447413258754,46694.1157116138,11288.542142083432,0.8053117507899196,4130,4327,90157.86988492335,-0.1678724559573382,0.16932280933085153,83.21275440426618,12017.389045526668,144.8054846259827,0
univ2-zero-fee,630,10000,224.06283404006038,-339.7638058043244,339.7638058043244,-115.70097176426404,63893.696585537655,33404.714075046824,0.6566777006093579,4097,4597,105480.19638069587,-0.1410196100945629,0.2344419933771182,85.89803899054371,11641.709837637374,135.3348578819516,0
univ2-zero-fee,631,10000,785.028828632266,-2089.2113640991347,2089.2113640991347,-1304.1825354668686,157555.17019322133,42522.02577177707,0.7874719026989169,7929,8000,364561.63746982126,-0.2507833870723985,0.32472281620232124,74.92166129276015,13347.276053388852,177.22367047747647,0
univ2-zero-fee,632,10000,1011.9201088647142,-1269.8167014717346,1269.8167014717346,-257.89659260702047,197739.82060278585,76857.0040892975,0.7201096401042496,10634,6602,213825.60846955513,0.07099385681724059,0.11759345571107957,107.09938568172406,9337.122516713762,87.79391393212764,0
univ2-zero-fee,633,10000,1348.8760069708685,-1370.7920121336945,1370.7920121336945,-21.916005162825968,188050.4420185016,36499.01296881904,0.8374566842262878,8658,4210,156300.0938255952,0.016265452792103473,0.0810171881899818,101.62654527921035,9839.949393530005,97.13453000383612,0
univ2-zero-fee,634,10000,468.89821887636344,-575.2371143963098,575.2371143963098,-106.33889551994639,92107.11104937202,32117.721924115875,0.7414548995129625,4540,4714,122005.24275729863,-0.0846139393274143,0.09698129238324953,91.53860606725857,10924.353004564902,119.34191686874206,0
univ2-zero-fee,635,10000,1069.0700821213738,-1604.1638978132773,1604.1638978132773,-535.0938156919035,148237.82691908863,62589.36592180781,0.7031247958177687,7989,7221,213444.48150766885,0.5576044089116309,0.8824187938099192,155.76044089116309,6420.115708659301,41.45820561370026,0
univ2-zero-fee,636,10000,353.0231253342764,-948.278007939657,948.278007939657,-595.2548826053805,101611.04904639858,28772.998468808484,0.77932117450601,9439,7143,206301.625891681,0.17469779337697958,0.41146137178719017,117.46977933769796,8512.828394707665,72.4763268572966,0
univ2-zero-fee,637,10000,238.9145673376388,-481.4903123778704,481.4903123778704,-242.5757450402316,81727.2684620833,41694.97159941831,0.6621761881923257,7441,5873,142013.47125363414,-0.1197496962778952,0.13435682726849763,88.02503037221048,11360.40580569303,129.0679058391502,0
univ2-zero-fee,638,10000,224.55804191941158,-227.01007310664158,227.01007310664158,-2.4520311872300056,82250.64339352086,17154.75891913044,0.827426291529156,7586,2468,60077.57716580271,0.007388376921826705,0.024157111724350956,100.73883769218267,9926.658599687378,99.23445976650498,0
univ2-zero-fee,639,10000,533.5210414028987,-1032.9206533418746,1032.9206533418746,-499.3996119389759,112247.49247764207,34912.81411882729,0.7627565820818634,6057,7016,226979.48203581857,-0.18414056072150317,0.20564083348626866,81.58594392784968,12257.014175917615,150.36570794272964,0
univ2-zero-fee,640,10000,253.8959308925479,-254.37267207619064,254.37267207619064,-0.47674118364273,75591.46131049967,18826.01851910968,0.8006087585361938,6369,2144,56060.39861302425,-0.0005343781850677943,0.024009505691591073,99.94656218149322,10005.347064467893,100.16493752469623,0
univ2-zero-fee,641,10000,662.8534122693889,-1366.8876018552148,1366.8876018552148,-704.034189585826,92495.26454174642,25862.845828398586,0.7814864925815654,4592,7394,232579.67002051976,0.29151105190009785,0.5577924452783921,129.1511051900098,7742.868718292922,59.86077133900214,0
univ2-zero-fee,642,10000,624.3225016828251,-718.1158984401601,718.1158984401601,-93.79339675733502,151515.320767382,38651.27045514439,0.7967504691193839,9971,5150,143028.0301502299,0.06725879785890854,0.10447897184082308,106.72587978589085,9369.799300911758,87.8002578843329,0
univ2-zero-fee,643,10000,317.8362052020723,-817.485406564995,817.485406564995,-499.64920136292267,127756.62995376198,59753.73411881466,0.6813310324772942,11223,7019,219012.22242138122,-0.24620607841349085,0.29602252059998024,75.37939215865092,13266.226652367362,176.0255444871919,0
univ2-zero-fee,644,10000,367.0708456586427,-1290.7315562143042,1290.7315562143042,-923.6607105556615,88772.21712507149,19634.85760848541,0.8188784481387031,7635,7661,248701.90109801403,0.5074737516520788,0.5115800322227151,150.74737516520787,6633.615121622139,43.50502343556149,0
univ2-zero-fee,645,10000,522.4661719408743,-558.7165516704115,558.7165516704115,-36.250379729537144,115217.51545567584,30289.768452903558,0.7918333183104822,6638,3774,106338.36446742462,-0.05575669162657732,0.1065700379918357,94.42433083734227,10590.491292930952,112.08563231943062,0
univ2-zero-fee,646,10000,231.51267418113184,-259.4148537261122,259.4148537261122,-27.902179544980356,77640.87810755633,35964.24224401018,0.6834276295582986,5571,3116,71556.11924426418,0.00005199617529413558,0.051078861686735734,100.00519961752941,9999.480485160242,99.87357187932876,0
univ2-zero-fee,647,10000,906.4291674833619,-2126.448787155071,2126.448787155071,-1220.019619671709,167523.58342502007,48666.04548513429,0.7748918589181756,8970,8012,349045.2797335803,-0.3053557755559153,0.3268739143695221,69.46442244440847,14395.859923047981,207.24050857232703,0
univ2-zero-fee,648,10000,451.360093448338,-604.3055596993445,604.3055596993445,-152.9454662510065,142954.98511442682,39708.67449790413,0.7826131668325365,11062,5827,153032.64531823766,-0.07287965878868591,0.08616481186477458,92.71203412113141,10786.08719786435,116.09301442264407,0
univ2-zero-fee,649,10000,631.9800615608541,-1003.3615141433769,1003.3615141433769,-371.3814525825228,111861.74065872062,31267.211573783694,0.7815451654883073,5497,6649,207308.27306856113,-0.1291822549224905,0.2625671002272455,87.08177450775095,11483.459902794,131.9835907771027,0
univ2-zero-fee,650,10000,305.2868509950244,-1017.9381646527399,1017.9381646527399,-712.6513136577155,89535.10152155963,32272.187543403965,0.7350553666275899,9249,7375,203588.13857893017,0.2349339676987178,0.5982732468739107,123.49339676987178,8097.599456764189,65.57003906431606,0
univ2-zero-fee,651,10000,449.0209792869884,-1301.9941208450452,1301.9941208450452,-852.9731415580568,99560.07956957877,56310.87887042555,0.6387339923100559,6113,7621,243362.3302143216,0.19764602234822548,0.38733699260859483,119.76460223482255,8349.713022927726,69.76828640236748,0
univ2-zero-fee,652,10000,276.67734970008075,-571.5969156859901,571.5969156859901,-294.91956598590934,88831.09242333999,40758.97474719833,0.685477632374708,7810,6252,151696.41095282644,0.21932552687542511,0.29296058545493536,121.93255268754251,8201.255866110932,67.28073571738732,0
univ2-zero-fee,653,10000,140.00821945556856,-562.4068670593359,562.4068670593359,-422.39864760376736,47986.13270653983,13490.592446371853,0.7805577246865937,4879,6540,168199.69281235043,0.043400368441337205,0.11383472485258053,104.34003684413372,9584.049287577578,91.85372398830214,0
univ2-zero-fee,654,10000,272.8420525325671,-673.7480854509095,673.7480854509095,-400.90603291834236,75862.06814909147,28756.995351180787,0.725126622347313,6067,6689,172898.99767113826,-0.01662642356945227,0.19365097727212202,98.33735764305477,10169.075958238744,103.18343145795929,0
univ2-zero-fee,655,10000,576.6163927992693,-592.109536888179,592.109536888179,-15.49314408890973,176107.84735050463,114630.8534989987,0.6057255082860961,11158,4414,127877.76662844913,-0.008644649389594434,0.04421549270437268,99.13553506104056,10087.201090742014,101.30606533075216,0
univ2-zero-fee,656,10000,785.8577875017545,-1598.6138057593564,1598.6138057593564,-812.7560182576019,187252.50978984142,42517.034770859995,0.8149579185868662,11106,7726,299534.5471131744,-0.11256932210946814,0.24359942823276995,88.74306778905319,11268.486974119469,126.97958699102001,0
univ2-zero-fee,657,10000,1057.4176722530053,-1681.339463821074,1681.339463821074,-623.9217915680688,184026.79856970807,92127.22627214795,0.6663918756030948,9620,7528,257630.62161312436,0.30172525118504384,0.4592261395672722,130.17252511850438,7682.113215775433,59.091139205076885,0
univ2-zero-fee,658,10000,387.6140039458473,-451.55937798896423,451.55937798896423,-63.94537404311694,76146.1071045643,27659.741057022995,0.7335435185311813,4165,3861,94484.72078434734,-0.11520076486327327,0.1431729481637632,88.47992351367267,11301.999362375405,127.85032111518267,0
univ2-zero-fee,659,10000,293.02706398566056,-997.7621576726042,997.7621576726042,-704.7350936869436,96566.76568169048,26126.62257935422,0.7870576161466277,9092,7324,223207.13025697117,0.39830403289593447,0.42519488890218954,139.83040328959345,7151.521076005363,51.036525213575416,0
univ2-zero-fee,660,10000,737.0054246268127,-789.8539509645801,789.8539509645801,-52.84852633776745,90215.60769980264,22700.946980903995,0.7989582037364201,4547,3824,100626.64394555941,0.008586644612649224,0.13039601412537138,100.85866446126492,9914.864966825276,98.47884106501276,0
univ2-zero-fee,661,10000,331.80604140385964,-462.2400575466137,462.2400575466137,-130.43401614275405,116126.10578954687,23441.670467013842,0.8320409546117427,10116,5292,131748.6810445605,-0.0646923546336376,0.13870055053273206,93.53076453663624,10691.67011080661,114.15948571921379,0
univ2-zero-fee,662,10000,836.7226734224331,-868.8221025623457,868.8221025623457,-32.09942913991256,168689.14261840333,35596.244971641296,0.8257523683334852,11184,4612,137894.48980626353,-0.007577991277341454,0.08278078627220467,99.24220087226585,10076.359333799051,101.29361979293853,0
univ2-zero-fee,663,10000,1311.983826791835,-1418.5906618771091,1418.5906618771091,-106.60683508527404,186940.47969355286,62410.489165026826,0.7497082547915698,9673,5746,175987.0391730708,0.04676811515471187,0.2706441206084386,104.67681151547119,9553.214827559741,91.26406102827708,0
univ2-zero-fee,664,10000,520.8894219917432,-620.7919507759495,620.7919507759495,-99.90252878420631,108737.39611272578,62584.23189064933,0.6346974248375903,6234,4928,124382.05536926884,0.05991876546085862,0.09808063645000743,105.99187654608586,9434.685797987438,88.90739423377586,0
univ2-zero-fee,665,10000,1360.825006283611,-1885.5622331999157,1885.5622331999157,-524.7372269163047,184091.32922152078,57999.85421969893,0.7604214519700532,9224,7307,237154.95298244146,0.46359619454059414,0.5393055449462938,146.3596194540594,6832.486085580738,46.72329681313615,0
univ2-zero-fee,666,10000,997.2013637298687,-2017.8791789003603,2017.8791789003603,-1020.6778151704916,201576.6726839524,86066.88416940992,0.7007863304468664,10947,7966,311988.15981509304,0.7074649844125912,0.7937871810420768,170.74649844125912,5856.635991838881,34.299933565995524,0
univ2-zero-fee,667,10000,251.0954698352139,-783.4795695825114,783.4795695825114,-532.3840997472976,85146.32247571001,44239.208500128865,0.6580822587620715,9250,6918,178458.16234059524,0.5080023421672564,0.5533679610422482,150.80023421672564,6631.289864704696,44.06651226738637,0
univ2-zero-fee,668,10000,384.90600569030755,-873.1381328624882,873.1381328624882,-488.23212717218064,110643.05915849688,34884.43509095595,0.7602897289555501,9931,6954,188091.30203767898,0.34248440526922397,0.5106558624691075,134.2484405269224,7448.876616946193,55.263872548945464,0
univ2-zero-fee,669,10000,538.5879130445978,-540.1081765652056,540.1081765652056,-1.5202635206077275,157984.78944502567,79353.75792899278,0.665651623779679,10139,3850,112827.58914031141,-0.016398454533928374,0.04090702356385563,98.36015454660716,10166.719180196096,103.17282136309223,0
univ2-zero-fee,670,10000,567.8908339944688,-897.1135578279886,897.1135578279886,-329.2227238335198,88404.69315841285,29036.61367084994,0.7527563814232446,4666,6447,170208.6994304141,0.19414785325525996,0.274771152142137,119.414785325526,8374.172810740256,70.1268352414169,0
univ2-zero-fee,671,10000,201.44545135432162,-856.2679848345451,856.2679848345451,-654.8225334802235,70115.58755755774,19542.967105996395,0.7820289744873555,6115,7240,227247.96638447282,-0.28684027674480506,0.3020447092010461,71.3159723255195,14022.105283582072,196.57284604550597,0
univ2-zero-fee,672,10000,273.54289335270596,-494.66906060772135,494.66906060772135,-221.1261672550154,87224.01093636018,21822.631472807247,0.7998780064137707,7101,5761,142267.65761329877,0.08418855960008073,0.10413260178484464,108.41885596000807,9223.48843152757,85.07281675444192,0
univ2-zero-fee,673,10000,681.0598005917144,-1318.4582416717165,1318.4582416717165,-637.398441080002,183473.59361620073,67484.61842244933,0.7310922090405393,10185,7481,286483.50002333615,-0.30719166817460947,0.3439957600199985,69.28083318253906,14434.008086638767,208.3391821168631,0
univ2-zero-fee,674,10000,279.06361134371423,-816.6667218313947,816.6667218313947,-537.6031104876805,84130.44044377953,32139.014910789694,0.7235816164032055,6236,6990,210715.14013537313,-0.05641389889004017,0.21416767411774104,94.35861011099598,10597.867729866639,112.31457047343919,0
univ2-zero-fee,675,10000,536.0322012332504,-536.2649908622309,536.2649908622309,-0.23278962898052669,154598.1463669202,83176.53888450337,0.6501875765430947,11066,3718,106633.67529235128,-0.004183649379993142,0.04215283177230802,99.58163506200069,10042.01299811222,100.94105821059277,0
univ2-zero-fee,676,10000,591.6187960454703,-811.3307973318476,811.3307973318476,-219.71200128637736,140914.30069636172,53537.458756112006,0.7246748555690123,9117,6206,170183.3801176235,0.09907959771121369,0.159905016610646,109.90795977112137,9098.522740027203,83.65176315775184,0
univ2-zero-fee,677,10000,182.95509816899119,-1085.270434678544,1085.270434678544,-902.3153365095528,53928.364727666696,29442.628371677918,0.6468480549752577,4352,7550,254683.66456536794,-0.18989227503894143,0.2646423993396476,81.01077249610586,12344.038107345328,152.7301053883448,0
univ2-zero-fee,678,10000,745.948666954036,-935.9501407911118,935.9501407911118,-190.00147383707588,145230.6393709616,62682.83211736104,0.6985148116249813,8093,6078,166492.25000356647,0.161062522669515,0.25498986633912524,116.1062522669515,8612.80113962463,74.18050330198702,0
univ2-zero-fee,679,10000,371.053359560997,-973.8094442282717,973.8094442282717,-602.7560846672746,78857.58263771978,45299.45347904696,0.6351438879674616,4868,7161,206452.58288808327,0.2841716181567915,0.43534542068906545,128.41716181567915,7787.121584181733,61.28312041766061,0
univ2-zero-fee,680,10000,1228.5233533626708,-1232.9476705981199,1232.9476705981199,-4.4243172354490525,193783.15856740542,84026.80738307722,0.6975385418748645,9751,4195,149147.81783193495,0.006723819997100833,0.08960134722619102,100.67238199971008,9933.211558874162,98.66863183944704,0
univ2-zero-fee,681,10000,268.4924508167156,-290.64978687245605,290.64978687245605,-22.157336055740473,68480.29759978502,12667.151902689548,0.8438995682507153,4614,2665,66085.98772657904,-0.05347327863754486,0.07278452334751506,94.65267213624551,10564.942469386602,113.9275243100176,0
univ2-zero-fee,682,10000,510.37592390055096,-1129.5780851219918,1129.5780851219918,-619.2021612214407,118415.02424452965,42337.39438339245,0.7366298140658979,7491,7324,237381.7123909683,-0.16693436025890093,0.2112910770568216,83.3065639741099,12003.856931483004,144.58013305454293,0
univ2-zero-fee,683,10000,654.2645284635955,-661.7237098760226,661.7237098760226,-7.459181412427029,134020.01291694667,31274.134967314694,0.8107970828512768,8022,3401,106455.44549282441,0.034030346567812585,0.06768046184274126,103.40303465678126,9670.8965880842,93.46698194069094,0
univ2-zero-fee,684,10000,250.09630118546048,-779.3401010396609,779.3401010396609,-529.2437998542005,87717.28920231851,46825.53863763442,0.6519655533527488,9413,6997,180745.46616801101,0.6892958283709595,0.6983568551214762,168.92958283709595,5919.626681540935,35.005667386685694,0
univ2-zero-fee,685,10000,248.79967144348205,-1107.9143441926553,1107.9143441926553,-859.1146727491732,89841.6893421337,31402.914546327036,0.7409953635939441,9368,7565,252876.55198812755,0.1586515170046009,0.2438678938263297,115.86515170046009,8630.723488449617,74.53254446695522,0
univ2-zero-fee,686,10000,277.523409934139,-332.0750042719381,332.0750042719381,-54.55159433779909,88979.99142152259,24276.320651170296,0.7856514996215956,7695,3990,90017.22515136411,0.13282738905811953,0.1413629534981196,113.28273890581195,8827.470675330202,77.92447921593649,0
univ2-zero-fee,687,10000,173.93711882800434,-238.25463935589977,238.25463935589977,-64.31752052789543,59706.20277382498,22928.365017782584,0.7225330073050711,5762,3803,75624.06860353872,0.08085979567690557,0.09940328035039357,108.08597956769056,9251.894170735872,85.59749766811757,0
univ2-zero-fee,688,10000,129.86735928258523,-1622.538358408023,1622.538358408023,-1492.6709991254377,51000.088730977935,27631.58638725014,0.6485947126815731,3873,8031,364330.56446372904,-0.419580877203345,0.4690274974113278,58.041912279665496,17228.930582857807,296.8381024912803,0
univ2-zero-fee,689,10000,536.0181590747079,-556.4637749055868,556.4637749055868,-20.445615830878864,148295.37764660036,43574.02425434212,0.7728974822320114,10020,4034,115323.88556549109,0.05642764716903585,0.07143898593325958,105.64276471690359,9465.864232859289,89.76886576258029,0
univ2-zero-fee,690,10000,198.36481088617487,-910.6836001243792,910.6836001243792,-712.3187892382043,58071.830952779426,23646.477414412686,0.7106342766157142,4361,7194,221799.2082577469,0.15074513531346553,0.1769868886160043,115.07451353134655,8690.02202464655,75.62694109864069,0
univ2-zero-fee,691,10000,1093.0740338435214,-1151.3571214725594,1151.3571214725594,-58.28308762903794,187506.08882218393,69235.09262736369,0.7303311754021466,9451,4966,165687.93865189713,-0.12576031362860504,0.13485422069825462,87.4239686371395,11438.511559036906,130.8393435159028,0
univ2-zero-fee,692,10000,562.7715737617483,-872.6823946617457,872.6823946617457,-309.91082089999736,140441.2280318429,91727.1921823548,0.6049109861809473,8778,6584,182863.01097098703,-0.052841794546971244,0.31217968849437144,94.71582054530288,10557.89902599079,112.0643809274625,0
univ2-zero-fee,693,10000,469.51988695464286,-799.2825540961659,799.2825540961659,-329.762667141523,100342.06111336991,20691.87647120429,0.8290407063990168,7418,6465,171639.9180656482,-0.04435995309598212,0.25841557333434506,95.56400469040179,10464.19168664539,109.43152602398868,0
univ2-zero-fee,694,10000,751.684695132247,-1125.2314524648223,1125.2314524648223,-373.5467573325752,159791.87854356944,33267.09269342356,0.8276842952167919,9513,6852,217807.96730311535,0.1542018066390895,0.17875139891409192,115.42018066390895,8663.996856007723,74.99713505576915,0
univ2-zero-fee,695,10000,1278.7058703044102,-1969.3534204240748,1969.3534204240748,-690.6475501196646,196754.93549800199,65343.89933160964,0.7506898518870212,10892,7637,268548.3043414436,0.30076682726794646,0.5268497554559377,130.07668272679464,7687.773551499108,59.362736808104785,0
univ2-zero-fee,696,10000,1114.264040086405,-1413.9082341480682,1413.9082341480682,-299.64419406166326,187097.23979927623,71596.53153661407,0.723238286075112,9535,6756,218939.68369298728,-0.05750039282279545,0.15527882982721805,94.24996071772046,10610.08482676067,112.57374544884273,0
univ2-zero-fee,697,10000,385.4681994015988,-818.4111350365613,818.4111350365613,-432.9429356349625,102289.08050300606,38806.219809273294,0.724964476326388,7916,6830,195901.65751001312,-0.15582488103909953,0.19341487365695373,84.41751189609005,11845.88424869674,140.3254392306608,0
univ2-zero-fee,698,10000,1022.5573900915748,-1028.0616734505759,1028.0616734505759,-5.504283359001079,156268.58675361157,51795.60579255724,0.7510594919831582,7590,3463,122880.30789735485,-0.023673688560697313,0.14720713076776762,97.63263114393027,10242.477783554164,104.90806521623315,0
univ2-zero-fee,699,10000,749.741651541369,-1445.8991175169224,1445.8991175169224,-696.1574659755534,142163.25108202614,64707.03762062677,0.6872096132005013,7146,7412,264919.8534574185,0.08689827542712578,0.25764970983970725,108.68982754271258,9200.49372258015,84.27511345553144,0
univ2-zero-fee,700,10000,369.0084962973896,-715.4889766214385,715.4889766214385,-346.48048032404887,97330.9177665917,35294.230668411226,0.7338798027004036,7765,6573,166698.58480236176,0.14047942402593605,0.35228784156270593,114.0479424025936,8768.24290240739,76.88228090323615,0
univ2-zero-fee,701,10000,491.27856021260027,-1423.2290628098776,1423.2290628098776,-931.9505025972774,100905.28726347799,27787.278260294417,0.7840801591979959,6998,7635,261812.56471455534,0.37539728626020635,0.4263738210970769,137.53972862602063,7270.627025694374,52.70554282196386,0
univ2-zero-fee,702,10000,375.545732679567,-758.5621514846318,758.5621514846318,-383.01641880506486,89399.06403965916,30150.85862605067,0.7477969207026618,5973,6632,184277.931536342,0.1241453985291669,0.1447907272037857,112.41453985291669,8895.64697999202,79.17456840546116,0
univ2-zero-fee,703,10000,158.27642029943223,-1389.817564799097,1389.817564799097,-1231.5411444996648,54761.69314267492,19039.32519694768,0.7420181235260033,5372,7905,284055.24911094434,-0.14364541134048778,0.26091569203001924,85.63545886595122,11677.406512388985,136.3622804204815,0
univ2-zero-fee,704,10000,1006.8370841395944,-1070.161775002274,1070.161775002274,-63.32469086267963,191227.25108877063,79072.65374498263,0.7074632571786664,10700,5330,160822.77543218655,0.10556182030217784,0.21810521361682347,110.55618203021778,9045.17553524418,81.81499073906875,0
univ2-zero-fee,705,10000,210.91029411143538,-318.7954986171589,318.7954986171589,-107.88520450572352,57054.81644008407,8084.245531611876,0.8758925092423864,4739,4430,93640.43059848914,-0.007901000192978671,0.06054508722183684,99.20989998070213,10079.63967821883,101.45358702177614,0
univ2-zero-fee,706,10000,264.88751631785965,-359.79162090051307,359.79162090051307,-94.90410458265342,71877.07796411787,47070.17367772062,0.6042769124296087,4170,4484,101392.19405719421,0.06419692043051327,0.07913831791524202,106.41969204305133,9396.757519150275,88.297718567935,0
univ2-zero-fee,707,10000,701.4813522687356,-815.2701793215538,815.2701793215538,-113.78882705281819,121857.34749274253,29806.73690012778,0.8034687182568783,6570,5317,142755.77894476964,0.13015721781610637,0.19367582836684405,113.01572178161064,8848.326944642917,78.18641879933519,0
univ2-zero-fee,708,10000,233.98414063061384,-643.5210504685284,643.5210504685284,-409.53690983791455,62171.368162461746,41338.90285991446,0.6006299427911065,6203,6601,162236.4345578414,-0.11021745645373017,0.3158533524023619,88.97825435462698,11238.701680186821,127.36521796475098,0
univ2-zero-fee,709,10000,351.6331573489936,-1623.3305114026266,1623.3305114026266,-1271.697354053633,95863.80353419964,31242.363520211402,0.7542026146785048,6901,7914,318486.75921399595,-0.33930030691668633,0.3477069175107221,66.06996930833137,15135.470631147798,229.0286881279344,0
univ2-zero-fee,710,10000,207.67152791243453,-329.179133205555,329.179133205555,-121.50760529312046,62667.04181486444,26844.164921962434,0.7001027480180517,4690,4685,103076.59916078678,-0.10195231177141878,0.1320814232234187,89.80476882285812,11135.266641620543,123.37871282870498,0
univ2-zero-fee,711,10000,174.6777854282087,-925.1480483214862,925.1480483214862,-750.4702628932774,58169.94848438894,36730.0438125813,0.6129605185041311,4790,7322,230176.71093456369,-0.14156785184859488,0.16301614999394218,85.84321481514051,11649.145058214584,135.7026919679984,0
univ2-zero-fee,712,10000,892.5184426870728,-903.2241461419605,903.2241461419605,-10.705703454887725,116727.58891959327,23503.60850353714,0.8323938685867603,5372,2917,101323.70483129703,0.08509964123868982,0.11410705982292058,108.50996412386898,9215.743890402786,85.02737598750716,0
univ2-zero-fee,713,10000,577.4365016718095,-1512.2242341268045,1512.2242341268045,-934.787732454995,118979.09138251892,19042.608415817656,0.8620317787446409,8615,7698,284313.81225528603,0.13224984407886153,0.2427467551373907,113.22498440788615,8831.973700832168,78.07764903590488,0
univ2-zero-fee,714,10000,393.3537499829286,-543.5074367217319,543.5074367217319,-150.1536867388033,109857.93777162734,82231.15632090146,0.5719113742017496,7241,5445,135036.31339669283,-0.05465813528850802,0.07065770841464811,94.5341864711492,10578.184454003962,111.89803474042124,0
univ2-zero-fee,715,10000,333.70271202041,-854.079112843498,854.079112843498,-520.376400823088,64386.098735531836,25074.266144696052,0.7197164780373274,6759,6837,183031.6307739044,0.01903741175389925,0.29142639575134865,101.90374117538992,9813.183012631558,95.94146580123405,0
univ2-zero-fee,716,10000,349.38293571401726,-361.18887422243796,361.18887422243796,-11.805938508420695,91307.44975399537,18342.498171556726,0.8327176754884503,6246,2843,77547.84010494761,-0.045930885337406836,0.05866530173022369,95.40691146625932,10481.421416838111,110.00443498299455,0
univ2-zero-fee,717,10000,152.89353782252752,-154.7932479685919,154.7932479685919,-1.8997101460643933,59432.47497524854,29871.94267007598,0.6655043114584387,5229,1963,44681.78414256811,0.007289961980007292,0.025180785330267384,100.72899619800073,9927.628322734865,98.72515025958354,0
univ2-zero-fee,718,10000,506.6742057169294,-671.4575578775606,671.4575578775606,-164.78335216063118,138844.84330382242,72527.93572462718,0.6568719205093796,7811,5728,162547.83602690275,-0.1813047643083384,0.20894230150802598,81.86952356916616,12214.558362126665,151.07665137673703,0
univ2-zero-fee,719,10000,198.92099695534483,-209.04956200769328,209.04956200769328,-10.12856505234845,62476.8934205164,38415.72453020634,0.6192414736530172,4450,2303,55040.68944284544,-0.03515433587543512,0.06762390547844746,96.48456641245649,10364.352252327186,107.2573289111001,0
univ2-zero-fee,720,10000,470.91738004823833,-488.04018738303034,488.04018738303034,-17.122807334792014,129126.67582547209,62951.600886945766,0.6722606951477509,8902,3728,101313.9886847393,0.019921127464890276,0.04388710322946196,101.99211274648903,9804.68032577866,96.13148050933626,0
univ2-zero-fee,721,10000,493.21152341139714,-534.466255662248,534.466255662248,-41.25473225085091,125109.07454487188,29622.727466783414,0.8085543690329926,8785,4193,109610.77438852309,0.10382573183117529,0.1508233515797272,110.38257318311753,9059.401601721001,82.15250460101505,0
univ2-zero-fee,722,10000,570.4521765040816,-1019.9734607529969,1019.9734607529969,-449.5212842489152,138565.25164784747,36981.05487309146,0.7893373229776247,9499,6960,211690.60255865735,0.2659249468222031,0.26714241003553185,126.5924946822203,7899.363085675479,62.40020232591469,0
univ2-zero-fee,723,10000,341.43761990735845,-1128.0285381067617,1128.0285381067617,-786.5909181994033,128314.4176892202,57279.40887709826,0.691372229686581,10880,7484,253207.76911546744,-0.11924961291963897,0.20155662819622663,88.0750387080361,11353.955762773232,128.91160817583662,0
univ2-zero-fee,724,10000,341.97053834177757,-349.76647250966846,349.76647250966846,-7.795934167890891,96002.45032713456,15326.826315965747,0.8623288789964878,7270,2866,76752.68937308708,-0.03496355910569903,0.059520611590380954,96.5036440894301,10362.303519639854,107.33569419556993,0
univ2-zero-fee,725,10000,1124.3832615078802,-1541.2252205538305,1541.2252205538305,-416.84195904595026,203318.95363727456,91100.93828767221,0.6905747852427866,10831,7216,228772.69133749345,0.4791125417673658,0.6786543679040136,147.91125417673658,6760.811261416832,45.70873996978709,0
univ2-zero-fee,726,10000,1181.8472854790693,-2070.000330878946,2070.000330878946,-888.1530453998766,162796.64454685917,72479.3160139903,0.6919391346178567,8441,7798,265715.37802437524,0.34555551302764653,0.6715934840602787,134.55555130276466,7431.875173591717,54.16903366905275,0
univ2-zero-fee,727,10000,540.5647911534194,-556.2319929439399,556.2319929439399,-15.667201790520494,152597.8813396797,38640.402450410525,0.7979463019401305,10584,4022,115315.30986494444,0.03795800311973665,0.06494572639216159,103.79580031197366,9634.301856271592,92.85888436652552,0
univ2-zero-fee,728,10000,796.3538782040622,-907.9313716796466,907.9313716796466,-111.57749347558445,180699.42114866842,37929.82317987596,0.8265107520434135,11801,5675,165953.34770545128,-0.0005688606383341721,0.10994627504930335,99.94311393616658,10005.692697261346,99.66198221640279,0
univ2-zero-fee,729,10000,263.2602365060868,-1216.1339893417748,1216.1339893417748,-952.873752835688,116973.3652338239,55545.43103318345,0.6780325840715015,10637,7623,288589.4820447373,-0.30852254670766227,0.3258598910843564,69.14774532923377,14461.789091900513,208.9385814085783,0
univ2-zero-fee,730,10000,622.1515081650745,-1416.4325972023598,1416.4325972023598,-794.2810890372854,128699.06348604402,66559.09632301971,0.659122587306438,9950,7668,226583.60092090123,0.2942363962089598,0.9128263569031398,129.42363962089598,7726.56420962932,59.683498641207,0
univ2-zero-fee,731,10000,1021.5111635905427,-1515.9648222114138,1515.9648222114138,-494.4536586208711,196467.10979606278,86431.13435256325,0.6944797780110823,10033,7327,255250.7340431805,-0.10341790304612672,0.13054425792105262,89.65820969538733,11153.469273475412,124.39984901616288,0
univ2-zero-fee,732,10000,191.66269529042634,-1168.4506478750113,1168.4506478750113,-976.787952584585,76616.25252109427,31777.124191065293,0.7068351853688443,7865,7655,263258.9082533494,0.12319607885750755,0.21928913583584403,112.31960788575076,8903.165686847156,79.2662698882511,0
univ2-zero-fee,733,10000,155.6925659379882,-208.30734578599657,208.30734578599657,-52.61477984800837,52888.83359097167,21488.96380549278,0.7110836222945981,5261,3371,66648.49316602862,-0.0003513429846432814,0.05455732903143229,99.96486570153567,10003.515081083824,100.2393723827712,0
univ2-zero-fee,734,10000,483.590438186782,-1253.4932656262577,1253.4932656262577,-769.9028274394757,100662.20089269246,44705.84889463889,0.6924644104392811,5061,7487,266728.82339979825,-0.11616168720480644,0.23929959655872252,88.38383127951936,11314.287409946282,128.31237941132758,0
univ2-zero-fee,735,10000,651.2242431306528,-1907.521789851959,1907.521789851959,-1256.2975467213064,130223.02285464855,26075.885104830468,0.8331665560223189,7620,7997,334980.73859666835,-0.08692757212107949,0.2901800864060974,91.30724278789205,10952.034635016207,118.99688162807234,0
univ2-zero-fee,736,10000,595.9920214400905,-741.9559993194779,741.9559993194779,-145.96397787938736,121476.88748700725,56825.72592806323,0.6812961692503146,6878,5533,144496.4136792691,0.005300502552949098,0.14630204942076502,100.53005025529491,9947.27501214565,98.53037177512664,0
univ2-zero-fee,737,10000,341.4243282610002,-464.68107797906396,464.68107797906396,-123.25674971806376,115020.20321975207,30963.124998267424,0.787899581573963,10870,5252,128207.82135467432,-0.11316375157764114,0.18409970059163272,88.68362484223589,11276.039810872593,126.62826571614187,0
univ2-zero-fee,738,10000,289.4608804218225,-313.6827009268487,313.6827009268487,-24.221820505026244,100602.02580948532,42421.76759378063,0.7033936341335223,8957,3586,82709.3302798947,0.04402582216366611,0.06343943539129128,104.40258221636661,9578.307729066324,91.82415555038274,0
univ2-zero-fee,739,10000,247.53158253565587,-281.17645187936296,281.17645187936296,-33.644869343707086,104793.81545463622,52450.47742202615,0.6664395479003699,9570,3842,85763.46544734137,-0.09357706214303761,0.09900624390156011,90.64229378569624,11032.378213495245,121.64777944769699,0
univ2-zero-fee,740,10000,165.28169663927272,-1299.3550693356467,1299.3550693356467,-1134.073372696374,68705.76325655378,30611.583361221834,0.6917800927663623,7472,7797,280726.0789832617,0.08895867884277678,0.23271443868845323,108.89586788427768,9183.085618150006,84.62575815646454,0
univ2-zero-fee,741,10000,257.2865555492121,-303.2399519978681,303.2399519978681,-45.95339644865601,87227.09180342294,22369.158156898702,0.7958948580357699,7716,3887,86185.04169840124,0.021613849702762592,0.05595694074219395,102.16138497027626,9788.434799541636,95.66194468520477,0
univ2-zero-fee,742,10000,378.0216481277813,-505.9070062255361,505.9070062255361,-127.88535809775482,90954.97605664236,23837.563238713934,0.7923422255049093,5744,5058,125307.34930134434,-0.13076993067399,0.1351496346063486,86.923006932601,11504.434656216043,132.35171059481505,0
univ2-zero-fee,743,10000,753.3941888146222,-948.6141766050262,948.6141766050262,-195.21998779040393,111937.66597919689,20962.262740805952,0.8422703236736129,5791,5868,157570.70974351405,0.08961233495672204,0.24957383153759408,108.9612334956722,9177.57646251044,84.1320090263956,0
univ2-zero-fee,744,10000,249.10474564850972,-1051.387878247179,1051.387878247179,-802.2831325986693,86575.534467289,39037.927931464495,0.6892217825543205,8967,7442,225592.9486937791,0.38698841017707253,0.44246941306136195,138.69884101770725,7209.866103275688,51.98239017487564,0
univ2-zero-fee,745,10000,449.46134805514356,-1397.133057453186,1397.133057453186,-947.6717093980424,87176.2222559063,46554.53482129284,0.6518786265868655,4851,7610,256214.91534688353,-0.03268731682979336,0.352482202274729,96.73126831702066,10337.91939776601,106.59549972683105,0
univ2-zero-fee,746,10000,456.5465706167723,-457.7661809627455,457.7661809627455,-1.2196103459731944,125542.60898505557,38574.2044237195,0.764958850817798,8800,3230,92564.33905502156,-0.005231839726671978,0.041606432881545176,99.4768160273328,10052.594162235271,101.02848243158687,0
univ2-zero-fee,747,10000,190.13347157522972,-819.9315240771075,819.9315240771075,-629.7980525018778,56570.44577374583,34443.219733672464,0.6215599103536261,5382,7071,189620.87152155966,0.30514261901002354,0.4824775487880399,130.51426190100236,7661.9982939047995,59.147130478079994,0
univ2-zero-fee,748,10000,1022.6559164337682,-1348.6339440465251,1348.6339440465251,-325.97802761275693,197790.61257756053,78849.63978277417,0.7149740895982503,11693,6895,216630.73832068013,0.233995166450069,0.3406409129341679,123.3995166450069,8103.760139054742,65.84911581145109,0
univ2-zero-fee,749,10000,362.6495807224638,-1265.2005383793012,1265.2005383793012,-902.5509576568375,130821.26735203942,74405.5333563322,0.6374472871013428,10704,7582,264777.1783379483,0.14978395409438278,0.19195052101352686,114.97839540943828,8697.286885951824,75.92248779143098,0
univ2-zero-fee,750,10000,260.75276352450777,-922.5574970924745,922.5574970924745,-661.8047335679667,78644.41999675312,40985.262384232454,0.6573988865597221,7835,7222,197566.93663298807,0.8240866493311484,0.9434837539964473,182.40866493311484,5482.196037330421,30.054351490408308,0
univ2-zero-fee,751,10000,934.21750149412,-1040.4976658306211,1040.4976658306211,-106.28016433650112,187010.25497575017,82535.00412144262,0.6937990881461502,10485,5705,171143.43523724028,-0.007140019870277712,0.09872121670750175,99.28599801297223,10071.914450577196,101.2866927732182,0
univ2-zero-fee,752,10000,237.14432516960818,-1081.6028073280395,1081.6028073280395,-844.4584821584313,60857.96385326186,39065.591199150345,0.609045222834,4066,7457,243622.6958725824,0.13787831580516696,0.2613404237940331,113.7878315805167,8788.286444718955,77.42692162612333,0
univ2-zero-fee,753,10000,372.54469888046896,-817.9759054806642,817.9759054806642,-445.43120660019525,119259.50031029705,44909.32329860951,0.7264442644384456,10132,6910,195722.5472829421,-0.07510519506632435,0.1926575339755645,92.48948049336757,10812.041267930776,116.90083946461168,0
univ2-zero-fee,754,10000,1387.1486750421243,-1389.9798970392142,1389.9798970392142,-2.8312219970898695,182583.96030755478,55539.44910921788,0.766761910367197,8652,3802,143277.4522378722,-0.0013346350964383192,0.1884738094558932,99.86653649035617,10013.364807177648,100.34288258639835,0
univ2-zero-fee,755,10000,275.4266746081218,-812.5764383935972,812.5764383935972,-537.1497637854754,91827.04795663463,33365.34827877458,0.733487421903523,9730,7022,191838.58571077336,0.15242787976855582,0.4875475720584737,115.24278797685558,8677.333225857601,75.26623008941496,0
univ2-zero-fee,756,10000,449.8316970009852,-1245.0007027521945,1245.0007027521945,-795.1690057512093,116269.16081939392,45473.688751115405,0.7188519376784452,9351,7524,236689.76303644013,0.8444760605090244,0.8617313444942363,184.44760605090244,5421.594203469915,29.392458375787093,0
univ2-zero-fee,757,10000,817.001097230863,-1815.7511896563474,1815.7511896563474,-998.7500924254844,184633.36428495738,125864.09737912635,0.5946372743127468,11524,7783,287163.167301413,-0.20483849230239556,0.46468434432147576,79.51615076976044,12576.062566178103,158.94831824420146,0
univ2-zero-fee,758,10000,408.44246040264284,-423.57946608165935,423.57946608165935,-15.13700567901651,109257.95714532462,28606.534971925415,0.7925025179971915,7499,3327,90361.47152791718,-0.034378451853834806,0.050841612789864425,96.56215481461652,10356.024620155027,106.84769461779557,0
univ2-zero-fee,759,10000,185.0481200893595,-1026.271125976651,1026.271125976651,-841.2230058872916,62082.84391272086,25563.60909569394,0.7083326453240542,6947,7508,217685.07168970778,0.1805845000760536,0.6461523430538147,118.05845000760536,8470.381057880202,71.69126603690364,0
univ2-zero-fee,760,10000,243.8153350953057,-254.7975590874309,254.7975590874309,-10.9822239921252,67788.20640328179,16197.47789098956,0.8071400140738701,4520,2337,60166.92082551537,-0.015449371817057625,0.04134251077851104,98.45506281829424,10156.918342584122,103.10818805891064,0
univ2-zero-fee,761,10000,598.1078428357183,-680.6947202265335,680.6947202265335,-82.58687739081518,169920.74066510322,45480.550929521654,0.7888566470849492,11500,5336,150335.06571506278,-0.04515714348280156,0.08100432570813425,95.48428565171984,10472.928369873933,109.84123302701997,0
univ2-zero-fee,762,10000,517.8172160571817,-563.3981138786504,563.3981138786504,-45.58089782146874,96817.80948133719,38467.23722999406,0.7156578781979154,5497,3728,98278.1427507829,0.021855914135064013,0.10451204552753182,102.1855914135064,9786.115951248014,95.76820015918756,0
univ2-zero-fee,763,10000,362.09291834823455,-506.19351088846884,506.19351088846884,-144.1005925402343,121011.71934365753,69023.5871518077,0.636785456214923,9718,5539,135913.99415814746,0.09530388147468656,0.11506517298784658,109.53038814746866,9129.887095252518,83.24321816981625,0
univ2-zero-fee,764,10000,372.7985719304162,-390.3257749221404,390.3257749221404,-17.52720299172421,115396.51588563032,60966.85436559529,0.6543111288996724,8185,3546,91753.73308758736,-0.05574639359055539,0.08421062442951226,94.42536064094446,10590.375862221967,112.10210031335453,0
univ2-zero-fee,765,10000,908.6458524272977,-1443.909184277751,1443.909184277751,-535.2633318504533,124331.41622058034,25554.58341322112,0.8295065351289942,8284,7206,218579.64728022384,0.30117142274979275,0.3750011047061659,130.11714227497927,7685.382961319138,59.15366382988853,0
univ2-zero-fee,766,10000,637.90115746301,-760.6142724480309,760.6142724480309,-122.71311498502087,155023.78201042768,46424.020952402396,0.7695481396688736,10075,5542,157690.95789239532,-0.12013259828113519,0.1544047903391828,87.98674017188648,11365.349823598246,129.17125411408526,0
univ2-zero-fee,767,10000,733.8042937145774,-2006.5417663137632,2006.5417663137632,-1272.7374725991858,195165.87640289695,82437.59720779037,0.703038308074627,11138,8134,357063.378883694,-0.15931524506906158,0.31728437885384964,84.06847549309384,11895.066513396128,141.39502169550477,0
univ2-zero-fee,768,10000,569.4895378846112,-751.7737260988135,751.7737260988135,-182.28418821420235,122011.77439252827,35251.20103568633,0.7758455164688313,7004,5798,159989.1614034366,-0.05327156406255895,0.13595502378688465,94.6728435937441,10562.69174898717,111.92007962805289,0
univ2-zero-fee,769,10000,410.45659488117684,-1169.571982349198,1169.571982349198,-759.115387468021,85186.1541931953,28594.93092085244,0.7486846702842525,6847,7412,213811.15281088863,0.638023812551701,0.6837493770677733,163.8023812551701,6104.9176911643535,37.26992806776026,0
univ2-zero-fee,770,10000,491.0086554284136,-829.7423938083634,829.7423938083634,-338.73373837994984,120600.75169600607,42701.516360030655,0.7385124109520772,10577,6606,172631.83128519598,0.3124711760837411,0.5125183420270966,131.2471176083741,7619.21549937867,57.98356107023355,0
univ2-zero-fee,771,10000,384.1455355052614,-543.2198976804734,543.2198976804734,-159.074362175212,100097.01898844204,55998.44817481373,0.6412551293610175,5983,5527,139598.96057830213,-0.07618629745598668,0.12995871812931412,92.38137025440133,10824.693932751965,117.1002968466999,0
univ2-zero-fee,772,10000,463.98084736304463,-636.4917716140749,636.4917716140749,-172.51092425103025,93396.93372640842,26095.2741788315,0.781615264825254,4803,5463,143858.0668660778,-0.030867621255706298,0.1577908881015496,96.91323787442937,10318.50832382915,106.47163313139586,0
univ2-zero-fee,773,10000,189.07279079369314,-643.5979739317969,643.5979739317969,-454.5251831381038,48628.99610327974,17531.223584233852,0.7350186612584282,4141,6725,162042.66771981763,0.28044750595384954,0.3444102628525178,128.04475059538495,7809.76994204797,60.991476141526256,0
univ2-zero-fee,774,10000,606.2526623726643,-1060.6509191542325,1060.6509191542325,-454.3982567815682,143171.7051643529,69067.8142072884,0.6745760902033169,9049,7052,215383.34031703396,-0.02479016492601616,0.17947372363649167,97.52098350739838,10254.204184709417,105.14823605591745,0
univ2-zero-fee,775,10000,553.7707881555775,-607.7180396257154,607.7180396257154,-53.94725147013787,153812.70787203987,65344.68482252807,0.7018367301275723,9322,4740,133210.76256014532,-0.013501899466838836,0.07438513691089355,98.64981005331612,10136.867671223865,103.46699775840948,0
univ2-zero-fee,776,10000,808.9863415656664,-1661.6049844562353,1661.6049844562353,-852.6186428905689,162597.9717270733,51958.62907159337,0.7578325305388774,10829,7754,272526.81832333584,0.11941197401904702,0.41554872532352843,111.9411974019047,8933.262372581783,79.8028225848472,0
univ2-zero-fee,777,10000,441.1713537789769,-664.0276351008979,664.0276351008979,-222.85628132192102,119602.54689158587,30537.02347173174,0.7966090924741809,10659,6025,156555.85120116593,-0.09304844892201401,0.13980226834245316,90.6951551077986,11025.948211296263,121.75783026085003,0
univ2-zero-fee,778,10000,171.9081261374577,-272.3720607909058,272.3720607909058,-100.46393465344806,65866.92341427715,42181.8089839956,0.6096038514499971,6165,4546,89547.12967754409,0.1907343615374529,0.20709573867829817,119.07343615374529,8398.179139980703,70.4965545879545,0
univ2-zero-fee,779,10000,717.2897620524111,-1258.7242077086196,1258.7242077086196,-541.4344456562085,100369.38808226139,24564.981475272656,0.803376912515974,5370,7093,219372.51111506883,-0.08490765546948338,0.23152030141439908,91.50923445305166,10927.85951424841,119.5149394147438,0
univ2-zero-fee,780,10000,240.3868744536123,-901.5197329059341,901.5197329059341,-661.1328584523218,59142.54091557389,22829.426102389967,0.7214971540528364,4766,7189,198418.58062232152,0.5207595931078904,0.6210039993750399,152.07595931078905,6575.661621614369,43.201264710126864,0
univ2-zero-fee,781,10000,580.7842370890654,-598.1342208423266,598.1342208423266,-17.3499837532612,154805.736145465,85038.21800217927,0.6454435622345058,9749,4083,116944.7321720633,0.06455902320671952,0.08290929946741443,106.45590232067195,9393.561503857258,88.30946982733876,0
univ2-zero-fee,782,10000,361.1433599074713,-998.7514887397788,998.7514887397788,-637.6081288323076,110362.55328900175,54999.65716647584,0.6673988753840223,11216,7315,196038.69420839418,0.8004522195165987,0.902989481597348,180.04522195165987,5554.160543715394,30.849314336764525,0
univ2-zero-fee,783,10000,319.8211702355434,-1677.4387669580353,1677.4387669580353,-1357.617596722492,123151.45408908483,61205.1754016716,0.6680066479261577,9406,7975,349376.21316675097,-0.26798777887782577,0.3533865914453993,73.20122211221742,13660.975585709954,187.45760283221549,0
univ2-zero-fee,784,10000,571.0222884122745,-849.1542823992921,849.1542823992921,-278.1319939870176,142312.36237863277,63946.40467431241,0.6899700042427878,8450,6408,183131.63796643598,0.04834783060909473,0.16484566479959725,104.83478306090947,9538.819488433395,90.7681798913549,0
univ2-zero-fee,785,10000,473.3380875014037,-836.5917209546965,836.5917209546965,-363.25363345329276,148598.9670070594,60323.227687756655,0.7112646276003656,11180,6737,204555.58203574416,-0.03959443680797463,0.21140165834233088,96.04055631920254,10412.268894204462,107.79334861455105,0
univ2-zero-fee,786,10000,498.4446663756408,-688.3156609058539,688.3156609058539,-189.87099453021307,149756.64839150372,48912.11101777094,0.7538006923524004,11527,6133,160954.6055460578,0.20131629860211206,0.23972806848803302,120.1316298602112,8324.203048049914,69.39788457473159,0
univ2-zero-fee,787,10000,251.04878733872653,-272.8779062614529,272.8779062614529,-21.829118922726366,60183.63462683226,28388.667912876695,0.6794859442640162,4515,2618,58877.23532989053,-0.011406329776425821,0.055481523123624615,98.85936702235742,10115.37970326309,102.25641890206818,0
univ2-zero-fee,788,10000,541.6477479622516,-608.4165489648461,608.4165489648461,-66.7688010025945,125578.64516415652,26216.073315484227,0.8272925858154911,9901,4586,117387.97060127501,0.1426801491090265,0.19305953579297438,114.26801491090265,8751.355890955561,76.4701005624904,0
univ2-zero-fee,789,10000,568.2136661407709,-1575.559688011037,1575.559688011037,-1007.3460218702661,120592.67429183496,44592.892365045765,0.7300436517091533,8862,7820,267133.05274720263,0.48408786972484535,0.8074927443385019,148.40878697248453,6738.145984183047,45.19913850165597,0
univ2-zero-fee,790,10000,786.6925917191937,-1077.6222852843819,1077.6222852843819,-290.92969356518813,178571.296412381,69598.30644166716,0.719553460048051,10813,6634,209009.9945143024,-0.02968125579616867,0.20968846192002347,97.03187442038313,10305.892771851155,107.42707785417099,0
univ2-zero-fee,791,10000,629.6218938109671,-823.6047106146499,823.6047106146499,-193.9828168036828,84814.84355941619,41821.77108667697,0.6697497702101813,4451,5623,139797.4690630183,0.12505745616708125,0.37050779788163396,112.50574561670813,8888.435352049179,79.51436980792685,0
univ2-zero-fee,792,10000,295.48528240297765,-313.7351025893354,313.7351025893354,-18.249820186357738,101036.57821451886,32509.23882623881,0.7565686477748899,8187,3330,82066.21455127453,-0.03665058783314066,0.05637240338081966,96.33494121668593,10380.450166785587,107.75392412089055,0
univ2-zero-fee,793,10000,634.8136686739468,-846.873125824798,846.873125824798,-212.05945715085113,139323.690931453,75168.46073063562,0.6495514630807743,9003,6090,165465.32765650694,0.052916387721197965,0.2111419254943239,105.2916387721198,9497.430961929127,90.0232238598749,0
univ2-zero-fee,794,10000,573.8242145411492,-960.9848629698834,960.9848629698834,-387.16064842873413,135215.66450460744,49529.28709898075,0.73190451663731,8779,6879,196733.5792471472,0.15143634910444193,0.2381361741692764,115.14363491044419,8684.805461432352,75.5775003864907,0
univ2-zero-fee,795,10000,228.3309397288642,-839.4830511677101,839.4830511677101,-611.1521114388458,74211.53238616261,34359.65945385557,0.6835287623582026,5258,7071,222083.02641383393,-0.006106422331621672,0.25319578997849035,99.38935776683783,10061.440069905902,101.23265814628994,0
univ2-zero-fee,796,10000,648.5945005363212,-1065.9012101892806,1065.9012101892806,-417.3067096529594,150927.60919694245,33646.21376447447,0.8177086369852792,11464,6921,200349.09831800946,0.49202144480743326,0.5837096031551207,149.20214448074333,6702.317055127288,44.766029147773274,0
univ2-zero-fee,797,10000,157.2717122649105,-630.9626072002613,630.9626072002613,-473.69089493535085,47197.95033832236,18407.217993560884,0.7194242700446632,4874,6704,162224.88084043443,0.4479024952456564,0.5149406099307754,144.79024952456564,6906.542743505669,48.03513720874063,0
univ2-zero-fee,798,10000,702.5562252035975,-706.8572006733884,706.8572006733884,-4.300975469790956,147379.66407352503,29595.453270070462,0.8327705402075752,9160,3508,112069.66373007307,0.026499220874357406,0.045105273850838186,102.64992208743574,9741.849215142229,94.88059338914263,0
univ2-zero-fee,799,10000,400.2675075793087,-556.3953391031885,556.3953391031885,-156.12783152387976,119900.53011659918,31463.458734153108,0.7921337897273791,9816,5568,142348.53602700308,-0.1266201420648555,0.1405673913582926,87.33798579351445,11449.77263443439,129.93298697183545,0
univ2-zero-fee,800,10000,299.4294283826575,-362.3518275430662,362.3518275430662,-62.9223991604087,67153.33331544291,12380.666820671386,0.844334915891529,5019,3814,82891.63084367278,0.13487435534922868,0.14416478213449024,113.48743553492287,8811.548478111572,77.59413458054722,0
univ2-zero-fee,801,10000,693.9091062970457,-697.1740386508194,697.1740386508194,-3.264932353773702,170215.03755307433,73214.00542807643,0.6992388232256019,9801,3971,126903.61996644837,-0.023366739928618614,0.06271624871443336,97.66332600713814,10239.258785666441,104.84914144142202,0
univ2-zero-fee,802,10000,480.8373212003879,-614.5758136618397,614.5758136618397,-133.73849246145176,128714.46110181925,61748.87193095101,0.6757965381172513,8769,5386,139789.47723576982,0.06982021420251541,0.1218305339504876,106.98202142025154,9347.365607429867,87.95038740837605,0
univ2-zero-fee,803,10000,607.5369625465919,-758.9488876357855,758.9488876357855,-151.41192508919357,164520.7065613328,48668.07530345731,0.771713713649699,11465,5938,165023.09847778364,0.05477045877915046,0.08034506931727066,105.47704587791505,9480.736561540556,89.95941612798795,0
univ2-zero-fee,804,10000,162.08631056795406,-165.7708062305728,165.7708062305728,-3.6844956626187297,65986.7839673732,26548.508181631398,0.7130985641793646,7322,2272,48324.177729958705,0.01411423351201222,0.026497209295167606,101.41142335120122,9860.82252012027,97.2363674029311,0
univ2-zero-fee,805,10000,311.296143765456,-1491.3600480729526,1491.3600480729526,-1180.0639043074966,102835.28673907656,26299.325913896057,0.7963417756587768,9997,7838,299944.64046093094,-0.0860935517187282,0.20216489733461757,91.39064482812718,10942.040040646416,119.2981378612403,0
univ2-zero-fee,806,10000,181.89769931263703,-671.3833490380301,671.3833490380301,-489.4856497253931,58775.522609777174,30651.979128101055,0.6572421399185975,6338,6847,174276.39530521558,0.15027669732404234,0.3334779924651005,115.02766973240423,8693.560952736874,75.48629317156421,0
univ2-zero-fee,807,10000,311.3317050606451,-414.8550107400718,414.8550107400718,-103.5233056794267,83787.86422130393,23395.1385079832,0.781727159043375,6674,4661,106649.78114054461,0.004713648197574116,0.1169733674687528,100.47136481975741,9953.085207833223,99.07495247045713,0
univ2-zero-fee,808,10000,367.16950456006435,-367.9636017149268,367.9636017149268,-0.7940971548624702,72006.1414060075,32642.0648500501,0.6880781236691231,4407,1984,58482.90088757433,0.0006076085894943617,0.06083971108647475,100.06076085894944,9993.927921346007,99.8784555894213,0
univ2-zero-fee,809,10000,1403.3766892638357,-2031.3604697188928,2031.3604697188928,-627.9837804550571,173410.1906880738,40933.77028168509,0.8090276483811909,7382,7368,275296.78121875727,0.009766619494596255,0.2616053959381132,100.97666194945963,9903.27917269301,98.84999152418169,0
univ2-zero-fee,810,10000,423.0051096763059,-1378.570329787152,1378.570329787152,-955.5652201108462,113854.52239181523,67743.0190846189,0.6269607036865644,7401,7726,271795.21476411266,-0.055469990435389034,0.31798229595739513,94.4530009564611,10587.276870124626,110.90749740308672,0
univ2-zero-fee,811,10000,1019.3031684526629,-2449.4972458153434,2449.4972458153434,-1430.1940773626804,205871.95248884984,44317.31192936357,0.8228648538041055,10164,8209,411596.62774254405,-0.2678290373873659,0.36230639542492754,73.2170962612634,13658.013891246104,186.54067034309261,0
univ2-zero-fee,812,10000,264.6227747940232,-265.39182943905865,265.39182943905865,-0.7690546450354532,62850.799413337336,13713.296274914408,0.8208912917779211,4171,1786,51481.57789528318,0.004184653836535261,0.036438564044548795,100.41846538365353,9958.32813615071,99.1449253962304,0
univ2-zero-fee,813,10000,152.9137974987117,-1336.5158232432939,1336.5158232432939,-1183.602025744582,46474.80881876162,17150.03655614617,0.7304506367742034,3808,7748,287962.28321662266,-0.24716518471317145,0.3993489845253279,75.28348152868286,13283.127197085098,176.8947872540809,0
univ2-zero-fee,814,10000,212.22248447953018,-863.2694850507694,863.2694850507694,-651.0470005712392,53137.985739339216,10760.863269966037,0.831595350514076,4512,7087,210220.80449126224,0.2638350419212878,0.305821257230279,126.38350419212878,7912.425460744538,62.71693477351568,0
univ2-zero-fee,815,10000,250.97927761650533,-1119.0131668443796,1119.0131668443796,-868.0338892278743,60865.87056721305,25787.01875689072,0.7024101682236961,4575,7602,226907.33927212935,0.1346036042951839,0.4231753958481178,113.46036042951839,8813.651277349198,77.68030596446827,0
univ2-zero-fee,816,10000,840.8053489222508,-1405.3389076177682,1405.3389076177682,-564.5335586955174,121203.72757510173,33301.72770360631,0.7844624473386117,6445,7146,223087.1710814184,0.24325962783331945,0.4532957751364606,124.32596278333195,8043.372743997157,64.61531201975052,0
univ2-zero-fee,817,10000,185.95543514441403,-251.25272812630146,251.25272812630146,-65.29729298188744,76786.96110749687,19243.282701514938,0.7996122686120987,7171,3984,87496.11845207665,-0.12248671192904027,0.1390868606886302,87.75132880709597,11395.839487233392,129.80734167473219,0
univ2-zero-fee,818,10000,345.96540963526866,-379.8384685243851,379.8384685243851,-33.873058889116464,117871.70328904653,31201.214117251144,0.7906983061704471,9686,4020,98679.22990926652,0.007942392037869155,0.04739415199826794,100.79423920378692,9921.202585745588,98.4871648904089,0
univ2-zero-fee,819,10000,533.9410748681728,-576.0056992611201,576.0056992611201,-42.06462439294728,149090.64201429483,69705.79674935748,0.6814125625478992,9478,4609,123523.39948471617,0.13086795574535615,0.14858238916202737,113.08679557453561,8842.765952834769,78.1946351444569,0
univ2-zero-fee,820,10000,712.9601127891553,-760.1799889542159,760.1799889542159,-47.219876165060555,152094.71444224167,26027.693987230672,0.8538774867422907,9710,4611,133897.4981007313,-0.0026177570803280047,0.05440851891277177,99.7382242919672,10026.246993488281,100.49189058316097,0
univ2-zero-fee,821,10000,834.5185721051774,-1369.7338774380905,1369.7338774380905,-535.2153053329131,157479.00053776454,78572.09317578563,0.6671394656991784,8504,7258,233262.27379160892,0.016223244021893492,0.31572869852252355,101.62232440218935,9840.358186275325,96.39702422755052,0
univ2-zero-fee,822,10000,278.2320396675809,-301.88525669237924,301.88525669237924,-23.653217024798323,74110.31569685008,17639.70051005471,0.8077417177750078,6265,3047,68752.91831999863,0.08417602852402098,0.12692297540366654,108.4176028524021,9223.59485292992,84.97408078309397,0
univ2-zero-fee,823,10000,884.9165871571952,-943.2349183317036,943.2349183317036,-58.318331174508444,172496.9105040665,32760.541191346612,0.8403929264406885,10937,4761,144294.93938387165,0.011604676863965012,0.0847054157485907,101.1604676863965,9885.28523350535,97.60021019536488,0
univ2-zero-fee,824,10000,250.53883120338332,-284.6490071466713,284.6490071466713,-34.11017594328797,61475.987422708735,13830.647991451855,0.8163422397589795,4984,3064,66073.20076940207,0.07174119377000451,0.12213457053355924,107.17411937700045,9330.611182911318,86.78164772720766,0
univ2-zero-fee,825,10000,401.60728934803643,-403.0560660690262,403.0560660690262,-1.4487767209897697,99907.96824817586,40145.55748627592,0.7133556097517044,6567,2690,76882.87961592955,-0.014243116525455547,0.03997524597129484,98.57568834745445,10144.489611068486,102.54219046099887,0
univ2-zero-fee,826,10000,899.9550174239297,-973.7534107288329,973.7534107288329,-73.79839330490324,140555.52848261144,40945.92205330078,0.7744044362598681,7763,4698,138375.78084915696,0.0834492635537788,0.1081471488125149,108.34492635537788,9229.78208452194,85.45788929678895,0
univ2-zero-fee,827,10000,469.36016153048797,-1364.15402431033,1364.15402431033,-894.793862779842,102931.18813569628,40122.14162305401,0.7195301801732453,5403,7541,287399.5892206436,-0.21116174014036546,0.28511011662186503,78.88382598596345,12676.870846532649,160.70313852432446,0
univ2-zero-fee,828,10000,381.9074203418248,-1308.0037257983888,1308.0037257983888,-926.0963054565641,101598.44056550693,40308.94966406892,0.7159489044308569,8362,7677,259223.05000891286,0.15322894077116317,0.25391395173751674,115.32289407711632,8671.305754696328,75.19124874910781,0
univ2-zero-fee,829,10000,497.4273306946228,-518.0953696505873,518.0953696505873,-20.668038955964448,116367.24921762742,17289.05503272177,0.8706454205082765,7079,3476,101236.6251596074,-0.09746135610252338,0.12951567160172744,90.25386438974766,11079.858588799108,122.83687938068753,0
univ2-zero-fee,830,10000,208.77250234182446,-447.34106336863647,447.34106336863647,-238.568561026812,95716.25894733184,37706.10168860116,0.7173929354204047,9364,5894,150653.96649163932,-0.05859016724870543,0.24070741299239543,94.14098327512946,10622.36712430496,112.94110362518128,0
univ2-zero-fee,831,10000,652.8392979641466,-1237.9875179353,1237.9875179353,-585.1482199711535,102017.90120182117,54899.72864460994,0.6501366436751684,5507,7153,212478.00204439196,0.3911883628185953,0.49701890934878634,139.11883628185953,7188.099617019096,51.688097046321765,0
univ2-zero-fee,832,10000,601.6965446050958,-696.1249455006829,696.1249455006829,-94.42840089558706,176522.77816860712,109756.13856544544,0.6166111713095285,10363,5617,157201.59563512518,0.04259203584795088,0.07384650031633883,104.25920358479509,9591.48012096142,91.85844630659516,0
univ2-zero-fee,833,10000,498.8624277712521,-1061.0652239313074,1061.0652239313074,-562.2027961600553,112828.5687224732,79361.02597359716,0.587069080929698,6715,7149,220802.83215350122,-0.02109354560724313,0.16780763687855668,97.89064543927569,10215.481387503165,104.45568928617625,0
univ2-zero-fee,834,10000,889.7121093504902,-1159.2973488852065,1159.2973488852065,-269.58523953471627,167000.55000457892,46831.649955792396,0.7809887848300139,9975,6628,194221.03638505127,0.45756723123715093,0.4968325443835874,145.7567231237151,6860.747490237491,46.10246177590722,0
univ2-zero-fee,835,10000,820.1147981023166,-1738.9086577920382,1738.9086577920382,-918.7938596897216,106511.58326013072,34702.993141808976,0.7542534628788342,6035,7715,246718.85614688258,0.6914925682877114,1.03609880483341,169.14925682877114,5911.938788759022,34.93327604732511,0
univ2-zero-fee,836,10000,799.921591562252,-836.938946281434,836.938946281434,-37.01735471918198,196114.85258638536,81676.45341061745,0.7059790870075009,11077,4897,153505.21255442066,0.04963903477450231,0.0981004896049778,104.96390347745023,9527.085440613748,90.85752508151614,0
univ2-zero-fee,837,10000,366.4858832180524,-461.96001009809555,461.96001009809555,-95.47412688004317,91096.45049909168,27095.871749462982,0.7707476151244306,6311,4649,111013.88247171395,0.043541347350746946,0.08428111181298518,104.3541347350747,9582.754482419321,91.23673533614378,0
univ2-zero-fee,838,10000,202.93099097968366,-1161.2736147042167,1161.2736147042167,-958.342623724533,52582.707411713185,15728.19311014103,0.76975573459013,4893,7646,235237.04827402826,0.28615309274854867,0.4839663626037955,128.61530927485487,7775.124577950068,60.250967028008056,0
univ2-zero-fee,839,10000,396.478828960905,-624.1158789992206,624.1158789992206,-227.63705003831564,65276.32251867727,18618.18815231672,0.778076205422653,4170,5730,137075.3255498537,-0.03904364697300238,0.14156186946324978,96.09563530269976,10406.300375539959,108.29122919939262,0
univ2-zero-fee,840,10000,270.9012301536734,-749.4091020779989,749.4091020779989,-478.5078719243255,73869.3883913735,12213.874724826002,0.8581155699414054,6738,6843,180465.39833545458,0.1780905811891303,0.41639160313279094,117.80905811891303,8488.312147539285,71.96154163648174,0
univ2-zero-fee,841,10000,324.85396924133187,-830.9375843366114,830.9375843366114,-506.0836150952795,91158.1679784697,56110.11291645504,0.6189939029947029,5746,6863,201341.78077863238,-0.0050957069259652595,0.12074341223560638,99.49042930740347,10051.218683315945,100.83021057413497,0
univ2-zero-fee,842,10000,885.9578684341002,-1253.7021850429971,1253.7021850429971,-367.74431660889695,190452.25184388168,110633.72672466902,0.6325510498673717,11523,6954,226851.13019332517,-0.023665668968069015,0.1789423469995461,97.6334331031931,10242.394092148688,104.82636872516866,0
univ2-zero-fee,843,10000,242.68693282939745,-460.645457039823,460.645457039823,-217.95852421042554,71758.9843141385,38811.55986578626,0.6489882531225445,5669,5766,133612.40628774135,0.04757587036357222,0.07658529276953743,104.75758703635722,9545.848499817303,90.99599602018608,0
univ2-zero-fee,844,10000,589.8704964097129,-887.1676705944338,887.1676705944338,-297.2971741847209,155717.57214567953,66949.35621951855,0.6993295919108639,9035,6614,196469.89120702646,-0.12366065566659615,0.16470018922409524,87.63393443334039,11411.105576561089,130.21283471593298,0
univ2-zero-fee,845,10000,1013.3308725927536,-1969.5499222880887,1969.5499222880887,-956.2190496953351,178363.47133284263,50995.66362656818,0.7776602024785593,9563,7794,312677.6122201405,0.07150299370197828,0.23683643334351046,107.15029937019783,9332.685903327634,86.84440521727163,0
univ2-zero-fee,846,10000,1358.58326698466,-1552.026253084287,1552.026253084287,-193.44298609962698,213220.2412242644,90433.3067669065,0.7021826111857716,11452,6337,204441.8871903508,0.07757704258507914,0.2140677927956264,107.75770425850791,9280.079698214122,86.26568770451667,0
univ2-zero-fee,847,10000,262.75733558339005,-639.7726097658937,639.7726097658937,-377.0152741825036,92258.5060470531,25508.912503017815,0.7833958422704813,9233,6578,169014.52848282462,-0.006348368748509046,0.3962762545725309,99.3651631251491,10063.890010003215,101.68714168473659,0
univ2-zero-fee,848,10000,578.7459688153657,-601.7834933718266,601.7834933718266,-23.03752455646088,136964.09437095342,62808.455268265185,0.6856001718870045,9233,4030,110327.16431990324,0.07383915560857787,0.11287022180477592,107.38391556085779,9312.382181132212,86.78353724731187,0
univ2-zero-fee,849,10000,484.6666117747032,-1391.7650031816102,1391.7650031816102,-907.098391406907,93565.75231427795,43489.81443605463,0.6826848010101049,6518,7678,249437.84819011902,0.4307475415654116,0.5581478145097128,143.07475415654116,6989.353692394413,48.957746823523024,0
univ2-zero-fee,850,10000,147.18465960772724,-342.00827242095886,342.00827242095886,-194.82361281323162,52323.78739618871,14239.115288666775,0.7860803132927904,5475,5362,112572.83537066841,0.22500190413652973,0.23464737321367507,122.50019041365297,8163.253018226131,67.06723239911757,0
univ2-zero-fee,851,10000,935.4057519891888,-1367.811429703341,1367.811429703341,-432.40567771415215,143608.076824891,32733.231253204944,0.8143757035152056,7944,7016,218510.81489608876,0.10409789716225731,0.21987203092801777,110.40978971622573,9057.168496746755,82.33778507966863,0
univ2-zero-fee,852,10000,452.7997932724431,-1287.7548206831732,1287.7548206831732,-834.95502741073,110997.29721385345,59068.482700069006,0.6526727321042124,6095,7537,279209.1162423381,0.06295117117779923,0.33600966797843684,106.29511711777992,9407.770604512705,88.6748237802902,0
univ2-zero-fee,853,10000,196.1878195213165,-737.321310055222,737.321310055222,-541.1334905339056,78903.42723336216,26325.306155815022,0.7498277769964815,8365,6971,199874.4541985198,-0.17883717771970012,0.18719235978713897,82.11628222802999,12177.85376065408,148.30004310935598,0
univ2-zero-fee,854,10000,607.9149234020422,-647.4820904189379,647.4820904189379,-39.56716701689572,139084.93413787725,29271.02261522414,0.8261361036476369,9667,4315,118420.13158293095,0.045546362748181225,0.11711936287674404,104.55463627481812,9564.378027818915,91.36150052574122,0
univ2-zero-fee,855,10000,648.7936468292484,-886.3375732960161,886.3375732960161,-237.54392646676774,191275.30122692417,81756.3080358799,0.7005610146875481,10430,6499,211295.58780814777,-0.2897236546830021,0.30968585744918004,71.02763453169979,14079.028638623908,198.6265803228232,0
univ2-zero-fee,856,10000,456.89510302185295,-715.045629963738,715.045629963738,-258.150526941885,85365.04514042186,45384.00674091212,0.6528922689083664,4761,6046,147201.3216187493,0.2252908063652788,0.3468772372269589,122.52908063652788,8161.328224670335,67.00186336323387,0
univ2-zero-fee,857,10000,447.9833417364712,-1460.0757802842893,1460.0757802842893,-1012.0924385478181,80272.5459023997,39359.37971907838,0.6709960195440338,5327,7683,248124.65718067955,0.2897229067583009,0.47036010579454995,128.9722906758301,7753.603879725974,60.32203024469303,0
univ2-zero-fee,858,10000,276.82121079515764,-295.468151354278,295.468151354278,-18.646940559120367,91891.10326476562,33219.219768237206,0.7344805851114755,7866,3306,75456.14351026436,0.13451761847892257,0.1448289382168967,113.45176184789226,8814.319283098263,77.63671165355022,0
univ2-zero-fee,859,10000,790.6631333499062,-841.2774811963967,841.2774811963967,-50.614347846490546,190004.6820754736,92242.2992174042,0.6731858785703447,10082,5232,159495.53460877785,0.11926387790810765,0.1318910590314313,111.92638779081076,8934.444282940512,80.30670692604882,0
univ2-zero-fee,860,10000,344.7944279039591,-1345.8452891195714,1345.8452891195714,-1001.0508612156123,109114.93381381127,35146.287186635986,0.7563705135524464,8962,7727,286903.0978667948,-0.2889200851914201,0.313447482241714,71.10799148085799,14063.118221928045,197.45107031287412,0
univ2-zero-fee,861,10000,516.4176153833711,-547.0182996185954,547.0182996185954,-30.60068423522432,96198.0726997552,15438.448869299475,0.8617079012108976,5380,3449,94689.96574504775,-0.0064068895467343625,0.09179957248743008,99.35931104532656,10064.482447180919,101.3932377875106,0
univ2-zero-fee,862,10000,730.0574373129174,-1644.911201902043,1644.911201902043,-914.8537645891257,161596.21820071465,65095.16172644527,0.7128467710269286,9847,7812,294928.3943836285,0.31659509246789413,0.34858983178898884,131.6595092467894,7595.35028432922,57.60465136755883,0
univ2-zero-fee,863,10000,435.1308670659672,-792.5777927951932,792.5777927951932,-357.446925729226,108435.74581193012,33307.62882695073,0.7650145630311931,6895,6579,194184.36992276853,-0.16977525688165698,0.2554580011005044,83.0224743118343,12044.932179727732,145.07392197208722,0
univ2-zero-fee,864,10000,261.86527229064876,-684.1937474617762,684.1937474617762,-422.3284751711274,89578.58803798321,24429.26953403348,0.7857229312584709,8842,6731,175643.16437847406,0.45892447737948144,0.4980801552384574,145.89244773794815,6854.364880193013,46.03179362892335,0
univ2-zero-fee,865,10000,296.99056152245447,-657.2022340330753,657.2022340330753,-360.2116725106209,82010.29790647549,26299.90047311337,0.7571798328635542,5595,6468,175314.3427232195,-0.09633851048888857,0.12589657567082654,90.36614895111114,11066.091371121067,122.21216496178592,0
univ2-zero-fee,866,10000,149.84763421947952,-488.87610196918484,488.87610196918484,-339.0284677497053,56711.240034718125,21522.87146712345,0.7248914692842544,5536,6295,155454.36119985604,-0.03915466807488869,0.1422320142521495,96.08453319251113,10407.502912402353,108.47222454667182,0
univ2-zero-fee,867,10000,806.2178010031884,-930.7962236039659,930.7962236039659,-124.57842260077757,147558.57174570902,42341.499416901905,0.777032735387208,7754,5449,156695.95679394668,0.028302394006240662,0.12239067612109351,102.83023940062407,9724.766461247422,94.5777182947253,0
univ2-zero-fee,868,10000,207.57432229033094,-210.17171760675365,210.17171760675365,-2.5973953164227055,69359.06057336139,22876.433261426457,0.7519779825497253,5208,2202,54715.65119029335,0.004007029293255044,0.034400044535144475,100.4007029293255,9960.089987210165,99.10295489690044,0
univ2-zero-fee,869,10000,278.20272080246315,-830.1839590598079,830.1839590598079,-551.9812382573448,66838.5985710657,17650.999761052502,0.7910867123350664,5186,6970,192625.9249735797,0.11493912725367167,0.2967051812420729,111.49391272536717,8969.100015216754,80.18677816515901,0
univ2-zero-fee,870,10000,264.8546161805608,-300.01987974657254,300.01987974657254,-35.16526356601173,60345.932918303166,17427.721426205648,0.7759174160827363,4056,3082,69854.50036927215,-0.020352207518562294,0.06778140266968848,97.96477924814377,10207.750609923205,105.06790297340291,0
univ2-zero-fee,871,10000,171.66753327070944,-1208.3991364558115,1208.3991364558115,-1036.731603185102,54673.71312601359,26301.159379193883,0.6751935685048165,4409,7609,275922.9662910809,-0.2156010276985832,0.24138392683483317,78.43989723014168,12748.615181530566,162.52717894192187,0
univ2-zero-fee,872,10000,799.3270078706361,-1376.6611831381322,1376.6611831381322,-577.3341752674961,126565.576109489,36094.796632021025,0.778097172509369,7398,7246,219855.57641416712,0.46192521803531406,0.4635002705989518,146.1925218035314,6840.295573137619,46.93697407140254,0
univ2-zero-fee,873,10000,792.4679789806344,-793.9707000779443,793.9707000779443,-1.5027210973099727,153856.02882062746,49080.63235748799,0.7581480247454627,8014,3505,121479.66943405209,0.007678631788909769,0.05393168541088258,100.76786317889098,9923.799370700674,98.61261982968234,0
univ2-zero-fee,874,10000,376.24461456069383,-930.7910207009401,930.7910207009401,-554.5464061402463,82813.7296751469,29021.750460856056,0.7404960355554181,5281,7042,210680.49310249664,-0.01622185146302158,0.14371293819111172,98.37781485369784,10164.894002787296,103.32487417824419,0
univ2-zero-fee,875,10000,699.4700514219231,-990.5973574892942,990.5973574892942,-291.127306067371,147347.5650489815,62385.21417905827,0.7025490511846618,8298,6585,188757.06053123745,0.07479546132684604,0.29998047805696987,107.4795461326846,9304.096464523338,86.56645037972162,0
univ2-zero-fee,876,10000,765.3792101269136,-836.2123092025548,836.2123092025548,-70.83309907564126,175340.13099273274,66362.27529865735,0.725438085963229,10702,5289,153201.19167523165,0.0833457359528181,0.09467483684510683,108.33457359528181,9230.664265191923,85.52460096449374,0
univ2-zero-fee,877,10000,593.8235676650118,-930.1326589319383,930.1326589319383,-336.30909126692654,105538.5148510683,39753.70496468403,0.7263879303716577,5628,6498,177762.62155331328,0.19259735539726905,0.2887176542286056,119.2597355397269,8385.060134099524,70.11026216843064,0
univ2-zero-fee,878,10000,567.9988631103254,-948.6256290511908,948.6256290511908,-380.6267659408654,106821.64309860226,38293.40110575401,0.7361169455881649,5807,6704,192768.03704989058,0.002220868005366299,0.10195143544449678,100.22208680053663,9977.841134561566,99.63650055586174,0
univ2-zero-fee,879,10000,935.9383418861497,-2044.2806160328362,2044.2806160328362,-1108.3422741466866,211330.28965398727,83307.94962529934,0.7172534365224332,10698,8003,340246.6660676942,-0.03304834522462755,0.3023795638707465,96.69516547753724,10341.77968994905,106.96298308753185,0
univ2-zero-fee,880,10000,387.0808037382762,-427.2649339828431,427.2649339828431,-40.184130244566916,103598.97727608624,28551.7367597699,0.7839456489654455,7340,3856,96052.66537111824,-0.024253254893436917,0.05711456973344752,97.57467451065631,10248.5615248902,105.03268926818903,0
univ2-zero-fee,881,10000,1255.8287828851512,-1343.658854506091,1343.658854506091,-87.83007162093986,183528.52816023031,47736.63432463314,0.7935848451547147,8470,5460,173671.98429482098,0.11860480580310295,0.24753031576966564,111.8604805803103,8939.708255618563,79.91864952698177,0
univ2-zero-fee,882,10000,300.5116991443386,-684.7609287438341,684.7609287438341,-384.24922959949555,91713.99801052485,32050.504407380038,0.7410363732634914,7896,6601,174189.7173656124,0.037586062021002814,0.16378556856458729,103.75860620210028,9637.75541887412,92.96718688283305,0
univ2-zero-fee,883,10000,327.40011874927626,-478.0936870174946,478.0936870174946,-150.6935682682183,91288.63188308099,23049.739437506316,0.7984076634004312,8529,5285,118230.3467787098,0.3157903028827189,0.34020492992710527,131.5790302882719,7599.995671449648,57.866316955603345,0
univ2-zero-fee,884,10000,552.4715480612963,-905.3445763647794,905.3445763647794,-352.8730283034831,109080.66697746381,19892.15247018327,0.84576477000832,6535,6585,193834.36245692964,-0.2368892158797567,0.2621911779879423,76.31107841202433,13104.258104581337,171.72152903121366,0
univ2-zero-fee,885,10000,237.5821029309799,-247.56969725074958,247.56969725074958,-9.987594319769698,74989.48632032664,32976.48464228775,0.6945659419512228,5675,2619,62888.97392640892,0.02166554829857432,0.04484798593661352,102.16655482985743,9787.939327626427,95.93368572207761,0
univ2-zero-fee,886,10000,1075.462069451051,-1138.0774876605478,1138.0774876605478,-62.61541820949674,196403.35554806027,72701.8174570878,0.7298386476736477,10785,5087,162937.5658236412,0.0043434618523879465,0.14089914907563766,100.4343461852388,9956.753990145156,98.39244390078188,0
univ2-zero-fee,887,10000,216.82423638920835,-884.7116894641222,884.7116894641222,-667.8874530749138,63967.39738810318,13792.483325321853,0.8226272571565222,5422,7140,219995.34875639778,-0.18609692121435914,0.20509715695370317,81.39030787856409,12286.476002454929,150.83631635609953,0
univ2-zero-fee,888,10000,448.83192340662174,-467.7865862212892,467.7865862212892,-18.954662814667472,130569.23954972817,22732.546913305196,0.8517137507801527,11019,3797,100941.16110278423,-0.004379826431277109,0.04298988938995905,99.56201735687229,10043.991662717825,101.32791616145774,0
univ2-zero-fee,889,10000,363.2853817231271,-382.79087377659107,382.79087377659107,-19.505492053463968,112020.55564019001,59458.374538666016,0.6532613395905275,7616,3518,91400.76383530896,0.016822861746652363,0.047186293077465254,101.68228617466524,9834.555183982307,96.7181977662013,0
univ2-zero-fee,890,10000,351.93717165036935,-365.18552683168383,365.18552683168383,-13.24835518131448,75094.41517805182,22966.175210375153,0.7657960744535187,4490,2593,69319.0581377701,-0.00928679324113574,0.04372027719841199,99.07132067588643,10093.738811010335,101.83985582112363,0
univ2-zero-fee,891,10000,287.5684758846358,-1182.9206214325777,1182.9206214325777,-895.352145547942,89412.16021736397,21283.457951478755,0.8077298965979364,8288,7552,259243.49409146287,0.01758632591663684,0.17518090391696206,101.75863259166368,9827.17687674332,97.39477003811395,0
univ2-zero-fee,892,10000,228.3262391423368,-837.1604231776463,837.1604231776463,-608.8341840353095,68530.15609446877,22601.277093732217,0.751992520000679,4890,7127,216331.26356784985,0.05931457289684602,0.21306144322328535,105.9314572896846,9440.067067545633,87.98773448184434,0
univ2-zero-fee,893,10000,863.1698319782862,-951.2733564832192,951.2733564832192,-88.10352450493303,206093.47654609685,76328.26380870644,0.7297365857429527,10616,5581,180246.97172946617,-0.21625369923209262,0.22338986385750473,78.37463007679074,12759.232012871398,162.11446641430615,0
univ2-zero-fee,894,10000,742.9277340264332,-782.8578092192173,782.8578092192173,-39.9300751927841,161606.529945209,75310.86702833003,0.6821218365963164,8926,4555,135101.926211868,-0.019006102531579926,0.10645835398256225,98.09938974684201,10193.744015208618,103.80107120402114,0
univ2-zero-fee,895,10000,545.2413620308397,-1165.403346709606,1165.403346709606,-620.1619846787663,166606.46948755506,59106.682343297616,0.7381336361489843,10783,7319,263318.5934826942,-0.18977092342854404,0.2621992149115496,81.0229076571456,12342.189797916866,152.32987369519603,0
univ2-zero-fee,896,10000,231.27770761897617,-433.1368695812906,433.1368695812906,-201.85916196231446,79811.81294851853,27855.074446561677,0.7412846686618851,7371,5572,126594.6115127763,0.1566043068145683,0.17167748112798364,115.66043068145683,8645.999788680523,74.75278526739645,0
univ2-zero-fee,897,10000,401.92830503246853,-683.3980601647596,683.3980601647596,-281.4697551322911,100895.90433278734,35061.02496135843,0.7421166751603874,7999,6296,153441.8143550364,0.27337057592939656,0.3041342439815466,127.33705759293966,7853.173924184688,61.66054881566218,0
univ2-zero-fee,898,10000,360.38085764978223,-1172.467201700973,1172.467201700973,-812.0863440511907,110411.66895994393,38837.51179268991,0.7397807371749708,10086,7522,237349.8341240072,0.2730244854538877,0.46115250055875917,127.30244854538877,7855.309058249695,61.72752126679433,0
univ2-zero-fee,899,10000,581.7369130955826,-1006.091416450333,1006.091416450333,-424.35450335475036,118729.05803909092,79001.66823846773,0.600458311534387,8539,6976,178621.93065166863,0.4375505259049436,0.8667211145819357,143.75505259049436,6956.277617369107,48.27563102318908,0
univ2-zero-fee,900,10000,374.37055337463204,-381.5976557836236,381.5976557836236,-7.227102408991584,124756.79815695669,50727.01852937511,0.7109305035230284,11412,3596,88932.86018220059,0.025446943973947783,0.03776288499199751,102.54469439739478,9751.846062023185,95.15456377734994,0
univ2-zero-fee,901,10000,466.33719320241715,-1240.9488116221978,1240.9488116221978,-774.6116184197806,128764.40708461858,64616.23146762847,0.6658598712291942,9893,7574,232862.16804553644,0.38728918324682154,0.6101860153300919,138.72891832468216,7208.302945869825,51.95977984924389,0
univ2-zero-fee,902,10000,693.1130021494457,-1110.70198036497,1110.70198036497,-417.5889782155243,147468.17621741322,81054.8898328241,0.6453098094920299,9664,7061,204738.09984828683,0.5424977987870608,0.5731159166258886,154.24977987870608,6482.9918934289435,42.07959173122799,0
univ2-zero-fee,903,10000,587.3179338542284,-1991.5255948418169,1991.5255948418169,-1404.2076609875885,181197.57459672642,71978.0644126185,0.7156990905828751,11696,8056,367414.97777614195,0.12256817835953057,0.37363228888371375,112.25681783595306,8908.145932281803,79.3553036882172,0
univ2-zero-fee,904,10000,774.6501307462677,-778.7268096208849,778.7268096208849,-4.076678874617187,173873.45269859867,40802.49460810204,0.8099344844170697,9983,3964,131411.5800297412,-0.017486823067634275,0.055165762253347024,98.25131769323657,10177.981257306266,103.56459739764196,0
univ2-zero-fee,905,10000,463.6975990540182,-467.58629896132607,467.58629896132607,-3.8886999073078528,129783.62285471939,73806.782388269,0.6374741614164998,8372,3402,95816.10447391564,0.02285302951757714,0.04716354439775643,102.28530295175771,9776.576189498566,95.28967750177506,0
univ2-zero-fee,906,10000,231.4705114981465,-1269.1570528701382,1269.1570528701382,-1037.6865413719916,84056.1563069368,18217.412908772276,0.8218756512706695,7425,7691,296829.94399807794,-0.2488429072784473,0.3438708304900156,75.11570927215527,13312.795697244748,176.99047483532598,0
univ2-zero-fee,907,10000,231.4943222126948,-1184.9367818496987,1184.9367818496987,-953.4424596370039,70124.23470226854,31799.52632426752,0.6880067414703384,5426,7564,249926.02527158387,-0.07335626087338497,0.23150065407432763,92.6643739126615,10791.634572794903,116.46277568617353,0
univ2-zero-fee,908,10000,490.7058220384106,-889.8918504476012,889.8918504476012,-399.1860284091906,120303.83028907097,42119.995517413736,0.7406784669165691,8496,6853,200042.27177573758,0.11311696099686613,0.19041077084514527,111.31169609968661,8983.782575515681,80.53688170807973,0
univ2-zero-fee,909,10000,655.4029456964802,-809.0770816243216,809.0770816243216,-153.67413592784146,123593.49141972986,36029.025769178144,0.7742860693861946,6816,5793,155112.82685216962,0.29023470595456274,0.29023470595456274,129.02347059545627,7750.528286539373,63.95569969304597,0
univ2-zero-fee,910,10000,572.742217933579,-1258.92672394674,1258.92672394674,-686.1845060131609,169622.29261915604,83574.1100064255,0.6699237858840668,10702,7476,280299.014158227,-0.26710118378139414,0.3641870442212226,73.28988162186059,13644.449796224651,185.42967231080868,0
univ2-zero-fee,911,10000,467.5350740971791,-1143.006462109189,1143.006462109189,-675.4713880120098,140251.12475685572,42907.82385696166,0.7657344935549345,11901,7469,239684.84059134728,0.3771301916348719,0.4062309820338345,137.7130191634872,7261.4782387489995,52.93232788898077,0
univ2-zero-fee,912,10000,870.9138795086731,-1485.5011390550858,1485.5011390550858,-614.5872595464127,177689.45977901688,35965.17685358583,0.8316667617402049,9068,7384,272590.23145808233,-0.13316020403439893,0.2220808370094568,86.6839795965601,11536.158036178655,134.0828478532055,0
univ2-zero-fee,913,10000,367.4407020865717,-645.4375358242894,645.4375358242894,-277.9968337377177,123150.34047572978,50936.290805938355,0.7074083723090453,9651,6321,170160.86252849735,0.16247026519916716,0.19970387743625892,116.24702651991672,8602.371272076622,74.17759602197118,0
univ2-zero-fee,914,10000,264.0984353202753,-636.7794567503312,636.7794567503312,-372.68102143005586,84765.46684562498,37160.15251840763,0.695222770142682,7148,6542,168319.19081998942,0.11225966341050593,0.22188370535240295,111.2259663410506,8990.706897396534,80.71806694001118,0
univ2-zero-fee,915,10000,535.8181110238627,-765.1139665999314,765.1139665999314,-229.29585557606867,132392.93021893807,51457.44580969194,0.7201123711507734,8756,6191,167778.65018703713,0.043730545912701334,0.20923051296873652,104.37305459127013,9581.017577163198,91.80961420802007,0
univ2-zero-fee,916,10000,320.9404531398735,-922.6798018464963,922.6798018464963,-601.7393487066228,75393.51357780467,24420.500448912135,0.7553399621582637,7416,7064,182088.41630318176,0.781136211157764,0.9988041628983063,178.1136211157764,5614.394044392663,31.36505247600264,0
univ2-zero-fee,917,10000,973.2727085584875,-1444.32445018499,1444.32445018499,-471.05174162650246,205823.67257721353,64310.14989119058,0.7619322552668779,11566,7212,255525.06558132332,-0.24864321203097334,0.2790393150816615,75.13567879690267,13309.257550794942,177.4678224861306,0
univ2-zero-fee,918,10000,522.3116544325236,-1094.3556424862704,1094.3556424862704,-572.0439880537468,80620.50098115746,25483.084186553613,0.7598282457065503,5341,7092,199914.53248204882,-0.0653800070942755,0.4616451112379866,93.46199929057245,10699.53627834267,114.53240818853689,0
univ2-zero-fee,919,10000,762.5430263480598,-1546.0842428787053,1546.0842428787053,-783.5412165306454,157598.55707928014,27927.003021814824,0.8494708599365117,8915,7523,303310.7900371548,-0.3325606443625919,0.3695845898184895,66.7439355637408,14982.636163415176,224.58719251823345,0
univ2-zero-fee,920,10000,342.2585183563951,-913.6433534655541,913.6433534655541,-571.384835109159,79330.40643858873,16913.285974928607,0.8242660318739689,5991,7053,205154.07312970716,0.14620669963909974,0.221105061112939,114.62066996390998,8724.430431163579,76.11630482573209,0
univ2-zero-fee,921,10000,148.84474146845972,-1262.7198041727622,1262.7198041727622,-1113.8750627043025,74653.01580959953,22069.98084310925,0.7718228176660697,7761,7812,315848.24526549364,-0.20136926479052206,0.42177284681704963,79.8630735209478,12521.43270052441,157.45369450939688,0
univ2-zero-fee,922,10000,484.1772888151949,-525.9303245223637,525.9303245223637,-41.75303570716875,102545.67931128615,37835.46865992271,0.7304804155919676,5401,3728,101359.57663765877,0.02798092017129875,0.06629527156826029,102.79809201712987,9727.80743931657,94.81008829113199,0
univ2-zero-fee,923,10000,650.5976166615416,-678.7194918889331,678.7194918889331,-28.12187522739157,140222.52418637535,37781.61788857587,0.787748658833639,8516,4182,121751.26579486082,-0.04755476608249026,0.0890113356665718,95.24452339175097,10499.292014943034,110.38617493415198,0
univ2-zero-fee,924,10000,161.97149635874106,-216.08347333171776,216.08347333171776,-54.11197697297669,51307.02898365328,27623.48850206628,0.65002777908983,4424,3346,66413.23324772315,-0.07373607336027177,0.08244809437472299,92.62639266397282,10796.059405572414,116.5546764444914,0
univ2-zero-fee,925,10000,608.7805883524558,-1754.5524927689514,1754.5524927689514,-1145.7719044164955,96679.03603856472,24310.82186307827,0.7990672748550427,4951,7889,322742.7579937894,0.04720343759006283,0.31328027514121587,104.72034375900628,9549.24360757711,91.18801028239726,0
univ2-zero-fee,926,10000,273.74599473315044,-852.3861047907468,852.3861047907468,-578.6401100575963,77804.31569409854,31813.96749958164,0.7097749885083422,5867,7094,210769.91869428946,-0.013822087619115707,0.21246156281992584,98.61779123808843,10140.158806853753,103.07168258716703,0
univ2-zero-fee,927,10000,429.3088372433029,-969.9909028292606,969.9909028292606,-540.6820655859576,98531.7750916294,48296.45501172284,0.6710683294504944,5618,7092,216596.62353462164,-0.023924247296220214,0.1748709696880914,97.60757527037798,10245.107098957282,104.82748780615688,0
univ2-zero-fee,928,10000,496.8239548675507,-533.3052786288988,533.3052786288988,-36.48132376134811,84534.4320602293,22102.54627655931,0.7927309398550899,4516,3431,88628.11516625468,0.09626791485125011,0.11502160339172718,109.62679148512501,9121.858112767304,83.2080907777807,0
univ2-zero-fee,929,10000,278.0842943038778,-1103.9952111715559,1103.9952111715559,-825.910916867678,79390.10307376033,39183.3567831643,0.669543615995987,5199,7513,261633.419753576,-0.11576107558918253,0.24584868686398592,88.42389244108175,11309.16139221228,127.89647149898721,0
univ2-zero-fee,930,10000,311.6234039805211,-400.6517056855025,400.6517056855025,-89.0283017049814,114406.29688912994,39101.92947275234,0.7452779541561965,9760,4944,118421.53287470383,-0.05021613361969372,0.10564116193674153,94.97838663803063,10528.711957015441,110.88951471751186,0
univ2-zero-fee,931,10000,323.7719822358388,-453.0536633044894,453.0536633044894,-129.28168106865064,69049.86083520981,28488.6932320161,0.7079237691756123,4078,4711,109001.49941055992,-0.03448852986662331,0.10906384854645765,96.55114701333767,10357.20519490143,107.36776649630849,0
univ2-zero-fee,932,10000,542.1328078661965,-543.0378788601895,543.0378788601895,-0.9050709939930357,147999.93657224384,34121.042021868976,0.8126462844353947,10882,3625,106578.01609213834,-0.0050938485139731425,0.06516960542631438,99.49061514860269,10051.200009579587,101.02862854195298,0
univ2-zero-fee,933,10000,910.8293510199658,-2232.3749495351503,2232.3749495351503,-1321.5455985151846,193625.48522337442,49154.10332557252,0.7975360959322882,10070,8079,373625.3619604898,-0.08141271011702415,0.33237108084095895,91.85872898829759,10886.28284603376,118.56551349852177,0
univ2-zero-fee,934,10000,498.6721662710148,-1377.1176253092708,1377.1176253092708,-878.445459038256,113423.09829190363,43103.96243036684,0.7246229359225804,8057,7711,258492.00154458606,0.16316021934946448,0.3536416944220167,116.31602193494645,8597.268502902481,73.91346420600289,0
univ2-zero-fee,935,10000,617.4404489888337,-747.9451021653001,747.9451021653001,-130.50465317646638,103417.32302035314,27106.660686182095,0.7923242923145252,6426,5090,123698.69956027872,0.29088834352923926,0.4305598582647485,129.08883435292393,7746.603744100246,60.009998089698215,0
univ2-zero-fee,936,10000,86.53471301781023,-158.86937145883854,158.86937145883854,-72.33465844102831,38774.94208771145,19614.05175566213,0.6640796413057548,4189,3654,66436.08813752611,-0.025056441664743828,0.05520904961630393,97.49435583352562,10257.004408538127,105.05855312620623,0
univ2-zero-fee,937,10000,1027.211849182895,-1968.4144063410915,1968.4144063410915,-941.2025571581964,163687.8293401226,59751.643402498616,0.732582418544613,8241,7837,315399.3011580428,-0.18438755387282924,0.3244386499810929,81.56124461271708,12260.726202150638,150.2718954070977,0
univ2-zero-fee,938,10000,405.6901255440426,-917.9746512878044,917.9746512878044,-512.2845257437618,123532.82702301176,31909.51759638746,0.79471798579391,9627,6982,217999.68107657522,-0.10934419710700326,0.1426213510028198,89.06558028929967,11227.682830558513,126.17586885449033,0
univ2-zero-fee,939,10000,347.3487963414766,-352.1039621890444,352.1039621890444,-4.75516584756781,113675.24838689968,45218.21493963892,0.7154180292067024,9442,3220,81492.78285981112,-0.005031616014510405,0.03745393025665095,99.49683839854896,10050.57123804152,101.06099073645629,0
univ2-zero-fee,940,10000,416.60308548517713,-831.5474478480503,831.5474478480503,-414.94436236287316,92010.41981336677,28451.73791765774,0.7638118189681894,5841,6708,190612.0754689768,-0.09023152234118413,0.1879409503934697,90.97684776588159,10991.808189567475,120.78313631376483,0
univ2-zero-fee,941,10000,824.8809448424871,-1245.198422191284,1245.198422191284,-420.31747734879684,175371.22098792673,53015.65807029717,0.767869072475124,8505,7004,245107.52460179766,-0.23120942801476219,0.24479250790302345,76.87905719852378,13007.444710593685,169.26597924815883,0
univ2-zero-fee,942,10000,903.4732336587515,-1390.681920950002,1390.681920950002,-487.2086872912505,139180.77921114775,37193.01914441169,0.7891238977037127,9478,7110,201205.67137214824,0.984075414474211,0.984075414474211,198.4075414474211,5040.131299473826,25.402786763145137,0
univ2-zero-fee,943,10000,722.7984346066519,-868.3910282568781,868.3910282568781,-145.59259365022626,166924.82904840226,60583.82290840847,0.7337076089751987,11500,5952,161403.2574688808,0.13024378810154105,0.2449303327607653,113.0243788101541,8847.649407198918,78.19488420272818,0
univ2-zero-fee,944,10000,416.47464245401136,-886.7924915976436,886.7924915976436,-470.3178491436322,99049.442175243,28073.25713854154,0.7791640887891577,6240,6941,201576.15659368312,0.12366127206945066,0.18229922964772427,112.36612720694507,8899.479657366759,79.20098667178127,0
univ2-zero-fee,945,10000,168.76362965048605,-908.8402898654333,908.8402898654333,-740.0766602149472,55253.83980553752,13161.925774809999,0.8076185267655505,4270,7282,245817.79362584135,-0.24139297399787807,0.35560013693451553,75.86070260021219,13182.056494989145,173.7740876760304,0
univ2-zero-fee,946,10000,376.3409095950413,-1077.4282117060607,1077.4282117060607,-701.0873021110194,67541.26909070312,16640.836632364066,0.8023233502009653,4207,7323,216989.47838806268,0.3845626815701058,0.4307342065751078,138.45626815701058,7222.49749378042,52.164583536131765,0
univ2-zero-fee,947,10000,513.0641527269412,-1581.3951592236126,1581.3951592236126,-1068.3310064966713,96848.3515098841,23678.23996497514,0.8035434365542959,5679,7709,277661.13894336525,-0.11670305745831101,0.36338619450677784,88.3296942541689,11321.221806523014,128.16906905538224,0
univ2-zero-fee,948,10000,301.93228447329733,-613.0907701742419,613.0907701742419,-311.1584857009446,64866.83307323409,23515.277308262874,0.7339362320410731,4003,6162,151990.24966077055,0.09183286326433603,0.24727815619876664,109.1832863264336,9158.911400600176,83.92570193792658,0
univ2-zero-fee,949,10000,1135.03478660839,-1872.9779390216013,1872.9779390216013,-737.9431524132112,177714.02315771335,75919.97709533128,0.7006711362846159,9154,7660,262712.65824985836,0.18986628630708438,0.42118612251377385,118.98662863070844,8404.306270793833,70.36953262042883,0
univ2-zero-fee,950,10000,147.95596372082127,-148.7760718980639,148.7760718980639,-0.8201081772426164,58493.877055393605,15231.3469641387,0.7934038564589047,5883,1945,43518.55426333022,0.005968450443504025,0.028515302871638396,100.5968450443504,9940.669986582003,98.44005129273961,0
univ2-zero-fee,951,10000,610.4282981129503,-1199.9284510699533,1199.9284510699533,-589.500152957003,128277.1502132554,23624.29051142327,0.8444761919392042,8647,7278,241351.43766434118,-0.1806645631924752,0.2321061102644883,81.93354368075248,12205.014428300288,148.9629282748829,0
univ2-zero-fee,952,10000,456.7915634261861,-458.0385027223459,458.0385027223459,-1.2469392961598373,146945.0487916216,43197.55255439985,0.7728149701928767,11692,3737,101546.17224907673,0.00731722846661171,0.04324589499955238,100.73172284666117,9927.360001753514,98.64640832164508,0
univ2-zero-fee,953,10000,309.86801297197667,-444.70467053292913,444.70467053292913,-134.83665756095246,115063.92861505337,44344.13914335592,0.7218199820942461,10548,5291,124683.53452862865,-0.08569219963719561,0.13364280650610041,91.43078003628044,10937.236641164374,119.56303624451994,0
univ2-zero-fee,954,10000,265.41750997619687,-531.4007697928055,531.4007697928055,-265.9832598166086,90893.886299507,35910.74627379205,0.7168025682891833,8380,6197,144148.7796307902,0.1648500308499176,0.31593260369422355,116.48500308499176,8584.796642337311,73.36659174298256,0
univ2-zero-fee,955,10000,385.1601766318269,-1035.758189875764,1035.758189875764,-650.598013243937,112782.64126786451,51752.564384190184,0.6854620615746384,8985,7328,216737.59517511338,0.4986697046717492,0.6052356204650289,149.86697046717492,6672.584803008595,44.53245722914996,0
univ2-zero-fee,956,10000,908.2638729719555,-939.4934984682025,939.4934984682025,-31.229625496246967,216218.08738979956,100823.61073859564,0.6819862770929135,11705,4990,165316.74531725392,-0.036304049759241085,0.13068282726374464,96.36959502407589,10376.717744365607,107.41825791751016,0
univ2-zero-fee,957,10000,761.5510045945356,-1112.5932308085412,1112.5932308085412,-351.0422262140056,146902.50439085485,42642.44590870663,0.7750272648186435,11154,6767,193427.56186407397,0.12210664006252045,0.21997528140921943,112.21066400625205,8911.809679326916,79.42004567793134,0
univ2-zero-fee,958,10000,586.4087496767596,-640.3734801629125,640.3734801629125,-53.96473048615292,108840.05108533804,37413.98326458961,0.7441849489425171,6491,4098,109469.68158951064,-0.01741887782846078,0.07070044765310599,98.25811221715392,10177.277265516797,103.19117791931505,0
univ2-zero-fee,959,10000,540.6861798820698,-1373.1463573287758,1373.1463573287758,-832.460177446706,132639.92350442163,37129.80019314273,0.7812931576699301,10412,7618,258856.48763599616,0.24911409420134048,0.35685570457955124,124.91140942013405,8005.674499952413,63.97954373227681,0
univ2-zero-fee,960,10000,505.84854745039445,-627.51366950962,627.51366950962,-121.6651220592255,141483.12562285786,45390.73035037256,0.7571049726887705,10023,5489,145649.10043799467,0.11117229366535795,0.12016382092996039,111.1172293665358,8999.505137461774,80.69917607259077,0
univ2-zero-fee,961,10000,113.20763345429589,-508.6049617953475,508.6049617953475,-395.3973283410516,50498.07795277273,14538.47412757164,0.7764568744417569,5235,6394,163446.60804714717,-0.036927559788349384,0.14467206481378697,96.30724402116506,10383.43553362015,108.08405333850828,0
univ2-zero-fee,962,10000,425.68722933220056,-436.9962673977683,436.9962673977683,-11.309038065567734,129429.83026581687,32274.87345565253,0.8004085675130092,10164,3566,97076.76092818497,-0.058166026869679255,0.07334742347844384,94.18339731303207,10617.583336712418,113.53587072471963,0
univ2-zero-fee,963,10000,410.9324395440975,-1220.9473995247595,1220.9473995247595,-810.014959980662,121499.95984019247,63505.031704183246,0.6567388199958335,10291,7526,236872.46656591474,0.06802283837446793,0.4451600056786893,106.8022838374468,9363.09637925555,87.66726353746705,0
univ2-zero-fee,964,10000,533.0750695196017,-1544.985653681115,1544.985653681115,-1011.9105841615134,131361.47268192697,29335.295362597662,0.8174493754941626,9771,7709,286274.3903010535,0.28212631144124745,0.4012356124126839,128.21263114412474,7799.544225089139,61.096299341296785,0
univ2-zero-fee,965,10000,350.15411897693076,-350.2746500329013,350.2746500329013,-0.12053105597055946,117533.25529009356,25355.308325185306,0.8225518706069902,9022,3127,85659.20137009038,0.0007447398135572314,0.020638873291897255,100.07447398135572,9992.558739963417,100.07319535446113,0
univ2-zero-fee,966,10000,648.6721531417751,-673.0486511431141,673.0486511431141,-24.376498001338973,151389.83400122088,39497.803691740315,0.7930834905334638,9083,4022,122211.4735591825,-0.018035540919600093,0.04648894126386281,98.19644590803999,10183.668612966823,103.84998603647017,0
univ2-zero-fee,967,10000,757.7987651340425,-1135.4439708649575,1135.4439708649575,-377.645205730915,116277.3726655305,39135.32526794735,0.7481845062319253,5690,6614,193845.87901193032,0.09265331035622111,0.22761921482623693,109.26533103562211,9152.03428741104,83.88825720589213,0
univ2-zero-fee,968,10000,1050.0281304554715,-1368.0378485872411,1368.0378485872411,-318.00971813176966,170513.65801553597,69998.08684697571,0.7089618767391586,8846,6784,214399.54554653759,0.038274656241274414,0.2086156262421966,103.82746562412744,9631.363610867436,92.76347330671241,0
univ2-zero-fee,969,10000,528.4876228716015,-1283.4093582082849,1283.4093582082849,-754.9217353366834,120899.71764362109,61429.7939681255,0.6630836477040841,8299,7515,228421.65052864564,0.2686458104595209,0.47466093028571493,126.8645810459521,7882.42119975085,62.133199381701424,0
univ2-zero-fee,970,10000,471.3073965577686,-841.7087546793636,841.7087546793636,-370.40135812159497,139075.95139306868,58722.663137023614,0.7031189360121136,7597,6750,219842.29628903273,-0.25705809425135256,0.3153587407278707,74.29419057486474,13460.003794906317,181.17236352138633,0
univ2-zero-fee,971,10000,585.7154026885793,-603.3008508428233,603.3008508428233,-17.585448154243977,132928.2556222083,51106.59342278117,0.7222993705377639,7756,3760,109661.38305004494,-0.03950724083818329,0.06608284460957464,96.04927591618167,10411.323227632609,108.39538477256826,0
univ2-zero-fee,972,10000,182.69714886144084,-217.36136084606895,217.36136084606895,-34.66421198462811,59976.91741076451,25617.272237849258,0.700712485940754,4462,3034,64779.49180862771,-0.05417369945132492,0.07767597768260102,94.58263005486751,10572.766229472818,110.90080125537601,0
univ2-zero-fee,973,10000,637.6398932783794,-1603.0686245963107,1603.0686245963107,-965.4287313179312,166024.75659479166,67503.43686480081,0.7109409537890294,11667,7885,294420.22038458026,-0.19289757124773033,0.261303960320982,80.71024287522697,12390.002353818596,153.51238374577542,0
univ2-zero-fee,974,10000,242.82886949280203,-398.87139792033526,398.87139792033526,-156.04252842753323,79873.77656825495,23073.02709660418,0.7758742741375646,6700,5185,121589.50012918703,-0.07825899120209912,0.1372796493743516,92.17410087979009,10849.035170217478,117.57216251344016,0
univ2-zero-fee,975,10000,561.5272078345225,-990.442474667729,990.442474667729,-428.9152668332065,88714.73656371354,30381.895770881205,0.7448971043486341,4481,6822,190383.83415795877,0.2484376898085425,0.26417327683462444,124.84376898085425,8010.01170438333,64.16033880879931,0
univ2-zero-fee,976,10000,286.18804229678614,-287.0885342161211,287.0885342161211,-0.9004919193349679,85905.55907249829,21296.649027240488,0.8013413211841074,6339,2413,66506.36555150595,-0.01355878719559442,0.029519937597661396,98.64412128044056,10137.451990176598,102.75298993868925,0
univ2-zero-fee,977,10000,601.389812023393,-946.458778285707,946.458778285707,-345.068966262314,112397.6623745983,26774.79835879935,0.8076142491287135,6929,6574,188096.3855261814,0.043207262058510165,0.10898463101866142,104.32072620585102,9585.823474911642,91.86459830000013,0
univ2-zero-fee,978,10000,313.3859474448117,-722.7290971737716,722.7290971737716,-409.34314972895993,84067.78896937991,31731.876748998253,0.7259760936946971,9144,6676,151822.14395440943,1.0434648504433437,1.18668352940637,204.34648504433437,4893.649400897321,23.8162423587413,0
univ2-zero-fee,979,10000,501.0125318748302,-752.1044983727409,752.1044983727409,-251.09196649791068,135938.54973592385,55815.39502885053,0.7089217898629434,8831,6246,174813.0357899497,-0.10934085713206286,0.14103525572477962,89.06591428679371,11227.640594278271,126.11982565019574,0
univ2-zero-fee,980,10000,313.78491897000765,-573.4594446158584,573.4594446158584,-259.67452564585074,99689.67602936439,28904.99573050156,0.7752240016252157,9628,6139,155461.34473859362,-0.06061333906148576,0.10151220687544367,93.93866609385142,10645.244616069866,113.32141015727349,0
univ2-zero-fee,981,10000,679.1043826057429,-1540.04867991429,1540.04867991429,-860.9442973085471,142563.81240427212,39287.32565154213,0.7839588683823141,8653,7585,282670.8496033794,-0.13584558728475613,0.28332366652462754,86.41544127152439,11572.006910357462,133.91110719652707,0
univ2-zero-fee,982,10000,575.536426891633,-714.8042107467257,714.8042107467257,-139.26778385509272,151629.51863530226,47894.89073694919,0.7599547299118075,10094,5724,161814.77908732655,-0.14730171504611606,0.1838566848384278,85.2698284953884,11727.47854924235,137.53453606259666,0
univ2-zero-fee,983,10000,591.596063395917,-649.690708496586,649.690708496586,-58.09464510066903,138870.47041400714,63234.94840196897,0.6871189858617964,8082,4755,127809.54493822304,0.10921351350664793,0.15175775870000804,110.92135135066479,9015.397365550341,82.94149992009324,0
univ2-zero-fee,984,10000,687.6088545604235,-762.6900205882249,762.6900205882249,-75.08116602780137,159919.2098170354,59514.63781827017,0.7287809585457288,7998,5017,152321.00407704967,-0.13325325846172376,0.16744949089343975,86.67467415382762,11537.39634208285,132.2300375431944,0
univ2-zero-fee,985,10000,496.40518324671024,-510.16409394800786,510.16409394800786,-13.758910701297623,150970.33466787176,55729.65237901145,0.730383861289885,10506,4007,113113.82378066187,-0.038681095303547866,0.06448290395692907,96.13189046964521,10402.376041556054,108.3868371185161,0
univ2-zero-fee,986,10000,781.6317203503525,-788.5502229371264,788.5502229371264,-6.918502586773911,154397.83274880218,41196.59455912765,0.7893774627112935,8678,3588,119186.76062905397,-0.021489265704283868,0.062399242766955465,97.85107342957161,10219.612572732574,105.05371503082581,0
univ2-zero-fee,987,10000,454.1887863880567,-578.7620312737777,578.7620312737777,-124.57324488572095,100116.57053815466,46963.35219369421,0.6806950172300797,5581,5079,127388.61905092366,0.030324566930081006,0.13705883173473596,103.0324566930081,9705.679963927641,94.71457169401732,0
univ2-zero-fee,988,10000,765.6237408439661,-777.5933447965384,777.5933447965384,-11.969603952572356,184553.1087865434,71256.5230794341,0.7214470676508129,11683,4501,138967.63105209288,0.02751539397880137,0.06033268175693948,102.75153939788014,9732.215056624427,95.34830776808288,0
univ2-zero-fee,989,10000,423.13822547793785,-464.6392992364335,464.6392992364335,-41.501073758495636,117435.16938176463,79590.40034203182,0.596040247701824,8259,4196,101429.93432226793,0.06685475310872561,0.14202632476568852,106.68547531087256,9373.347734602046,87.92640818545736,0
univ2-zero-fee,990,10000,348.7951206902426,-832.0817424282586,832.0817424282586,-483.28662173801604,87210.72390030246,34867.406007724225,0.7143845008602832,6056,6842,190929.93021908638,0.25104177302660546,0.3348335292866284,125.10417730266055,7993.338669854219,63.800433732442364,0
univ2-zero-fee,991,10000,766.9587520365344,-1213.4282028431383,1213.4282028431383,-446.46945080660385,189048.46832416332,91710.12477918393,0.6733488233949605,10281,7095,243188.48676344997,-0.12857158315362027,0.23130072961451417,87.14284168463797,11475.412947420646,131.43011031994297,0
univ2-zero-fee,992,10000,555.847582920639,-1326.639798906495,1326.639798906495,-770.7922159858559,162432.64777202884,88428.88904943842,0.6474992134311472,10856,7581,270459.88128325786,-0.02713869375532042,0.40397237085090637,97.28613062446796,10278.958459692321,105.72201433928285,0
univ2-zero-fee,993,10000,291.8325765474079,-1039.7665426708156,1039.7665426708156,-747.9339661234078,69871.22950277055,39587.94426140395,0.6383314170935126,4374,7340,227344.85786841172,0.24533258160868557,0.34877613631203386,124.53325816086856,8029.983865204009,64.12596545006191,0
univ2-zero-fee,994,10000,576.033861724778,-665.7887396278535,665.7887396278535,-89.75487790307545,161350.46371852257,87491.49654216522,0.6484053716241875,10188,5368,146581.85723908347,-0.02288753487807412,0.10804348582983081,97.71124651219259,10234.237215778354,104.93080575184041,0
univ2-zero-fee,995,10000,1478.089678517098,-2338.6822892774044,2338.6822892774044,-860.5926107603063,215007.544793135,81399.89233662325,0.7253783740217394,10948,7882,307191.09366723266,0.14954517805322695,0.3055184414750315,114.9545178053227,8699.093383293699,75.38367126263556,0
univ2-zero-fee,996,10000,618.5366870375119,-1466.4013780855755,1466.4013780855755,-847.8646910480636,125132.09847838632,82271.75566271559,0.6033258108755101,7611,7630,252761.0098077496,0.06576236286003592,0.4223865088751242,106.57623628600359,9382.955340213264,87.21507112732313,0
univ2-zero-fee,997,10000,267.891793720988,-327.7662537286788,327.7662537286788,-59.8744600076908,82356.19450454107,36691.97612221672,0.6917888285973404,7222,3998,87061.94522631861,-0.03321780815460386,0.056072833758128555,96.67821918453961,10343.591997633195,107.08728473357351,0
univ2-zero-fee,998,10000,532.133741685138,-554.4185365835951,554.4185365835951,-22.284794898457108,149863.78859026052,102230.95250768581,0.5944740772360418,9611,4224,116678.48093662076,0.018680279901135605,0.057667728773664634,101.86802799011356,9816.623404038535,96.25685765340556,0
univ2-zero-fee,999,10000,565.9008029816304,-595.1473615726226,595.1473615726226,-29.24655859099221,102760.79660190703,30694.25230313136,0.7700030642904171,5321,3457,97066.58506765659,0.052830474538298235,0.08963718166146592,105.28304745382982,9498.205702763904,90.08787327790438,0
univ3-full-range-zero-fee,0,10000,434.26539124875853,-455.0111424836991,455.0111424836991,-20.745751234940542,110328.14584134475,45805.5358615222,0.7066261721241336,6664,3562,96017.39764820378,0.06410997560435476,0.09348844832181129,106.41099756043548,9397.525353135707,88.19719749066152,0
univ3-full-range-zero-fee,1,10000,150.21140653488735,-883.9816826186676,883.9816826186676,-733.7702760837802,41805.51435918446,16489.328494011526,0.7171391552502057,3993,7255,204067.89486294735,0.4000990608031003,0.4587633663687626,140.00990608031003,7142.352050562375,51.02014315808477,0
univ3-full-range-zero-fee,2,10000,293.9793879373335,-298.5895215957951,298.5895215957951,-4.610133658461564,95458.71847698446,29380.149063795154,0.7646554343005564,7578,2902,72995.14865899566,0.04040691731844575,0.04979321954277765,104.04069173184457,9611.624388934479,92.60684722629529,0
univ3-full-range-zero-fee,3,10000,215.73986578580596,-438.06898590684057,438.06898590684057,-222.3291201210346,64996.836581186704,16963.959622195747,0.7930234891801153,5777,5747,132955.3527689188,0.025264971408540476,0.10920062639954352,102.52649714085405,9753.576706579035,95.23520454777344,0
univ3-full-range-zero-fee,4,10000,316.9449197605892,-337.31401461771577,337.31401461771577,-20.369094857126584,75963.72545076878,26320.561413600757,0.7426724844989905,4389,2844,73953.58723560483,0.0010194004072830865,0.04489523896793699,100.10194004072831,9989.816731119534,99.79690512669549,0
univ3-full-range-zero-fee,5,10000,390.91521761872,-566.681051872617,566.681051872617,-175.76583425389697,108817.38470854612,37526.51228470373,0.7435730969605474,8644,5706,138562.2730157502,0.056069760604205925,0.19038092337066828,105.60697606042059,9469.07206092359,89.6630303027163,0
univ3-full-range-zero-fee,6,10000,322.6455550809531,-588.0108380945882,588.0108380945882,-265.36528301363506,105840.14772504864,23859.876423681268,0.8160379955186391,9026,6201,159911.53619519784,-0.0591029475765906,0.07006215901275809,94.08970524234094,10628.156142934524,112.87745809577848,0
univ3-full-range-zero-fee,7,10000,480.63349689483914,-481.0648714532256,481.0648714532256,-0.43137455838643746,101585.68901042559,55388.55402643145,0.6471487745067425,5707,2581,80236.51819758731,0.0020637376942507046,0.04549963736751181,100.20637376942507,9979.405533684912,99.57023518258744,0
univ3-full-range-zero-fee,8,10000,981.9466525002426,-2064.4084532276993,2064.4084532276993,-1082.4618007274566,191645.43200357366,88392.53843394389,0.6843551669231006,9730,7974,323264.45339530177,-0.07868719953200141,0.15470701006404483,92.13128004679986,10854.077950425148,118.34002263650147,0
univ3-full-range-zero-fee,9,10000,583.7804196416348,-1665.8179429604215,1665.8179429604215,-1082.0375233187867,145901.8629935952,59245.2935392448,0.7112058751359744,9123,7906,299988.61481901706,-0.19407978281271737,0.2282838733268197,80.59202171872826,12408.177418277564,153.7840946317001,0
univ3-full-range-zero-fee,10,10000,526.0713070479928,-527.8395200337774,527.8395200337774,-1.768212985784544,122491.18820706723,32744.68063012176,0.7890649830132732,7497,3096,95094.67416635917,-0.007352034083294683,0.04707301297443152,99.26479659167053,10074.065399173602,101.48687291166948,0
univ3-full-range-zero-fee,11,10000,625.86941464116,-1463.5271051692673,1463.5271051692673,-837.6576905281073,112434.51696586673,34258.02058652719,0.7664637809248387,6165,7682,277318.9577725133,0.0239224655560038,0.24391503261094613,102.39224655560038,9766.365128259575,95.23554058680836,0
univ3-full-range-zero-fee,12,10000,1234.1586189423952,-1236.6461959273602,1236.6461959273602,-2.487576984965017,231766.0069144772,71022.60756699966,0.7654383151472676,11573,4601,170963.1481427147,-0.00925813928202544,0.06634826723917271,99.07418607179746,10093.44735357963,101.37104955938125,0
univ3-full-range-zero-fee,13,10000,641.5882712807013,-649.608034069143,649.608034069143,-8.019762788441653,178078.25291004853,109080.79328633526,0.6201380568323224,10282,4218,131361.23221260868,-0.002224972528136959,0.03126883892442592,99.7775027471863,10022.300067088025,100.44654210855664,0
univ3-full-range-zero-fee,14,10000,330.65116435889036,-1222.8767849219503,1222.8767849219503,-892.2256205630599,84216.48104289985,50276.409178343645,0.6261779407399309,6548,7581,234653.2332978957,0.26381772741909915,0.4582753416764885,126.38177274190991,7912.533855271274,62.80895993167865,0
univ3-full-range-zero-fee,15,10000,542.3601631950917,-587.2161787599192,587.2161787599192,-44.856015564827544,127074.63835342275,78664.1839978937,0.617650266007803,7323,4200,114062.54490123672,0.037247147584562296,0.06899321260696312,103.72471475845623,9640.904353943186,92.84026173414608,0
univ3-full-range-zero-fee,16,10000,1501.5378420606235,-2360.538674080064,2360.538674080064,-859.0008320194406,183298.54043407316,73441.76096582423,0.7139453347784628,9457,7713,287065.0474057991,0.7301144677942238,0.7698249089018961,173.01144677942239,5779.964671732839,33.40793782367383,0
univ3-full-range-zero-fee,17,10000,314.23162361934044,-804.0632236748337,804.0632236748337,-489.83160005549325,99745.12819018759,22039.63938801149,0.8190279472031702,8713,6888,201318.74573686544,-0.15189184715390766,0.19408339479341608,84.81081528460923,11790.95008431022,139.045628647001,0
univ3-full-range-zero-fee,18,10000,1263.2255693732175,-1278.920582910681,1278.920582910681,-15.695013537463637,212444.86765078927,62309.491950200325,0.7732174585302707,10267,4454,164989.79833045835,0.03272903229771671,0.06366034879266678,103.27290322977167,9683.082773518694,93.76140412178559,0
univ3-full-range-zero-fee,19,10000,380.08900780281715,-498.3622203050103,498.3622203050103,-118.27321250219313,109339.45367591493,26363.03093936611,0.8057291949067419,10256,5033,123376.94056499937,-0.05657367064778995,0.1252252010520658,94.342632935221,10599.662607802236,112.35294496405139,0
univ3-full-range-zero-fee,20,10000,383.3574897749075,-598.4677647476782,598.4677647476782,-215.1102749727707,114168.45586818812,72268.32783897065,0.6123708723033732,8126,5972,148327.56457369291,0.020848271901708983,0.17175418012021212,102.0848271901709,9795.775678286951,96.08783510341532,0
univ3-full-range-zero-fee,21,10000,918.0254886201251,-2106.385656877489,2106.385656877489,-1188.360168257364,171584.0622086227,69974.5381962536,0.7103206506455606,8944,7997,328603.7935343732,0.22476518347188146,0.38244577445841516,122.47651834718815,8164.830962639949,66.664639588171,0
univ3-full-range-zero-fee,22,10000,803.9109745225066,-2118.8157474226678,2118.8157474226678,-1314.904772900161,116570.49298772117,34391.10119255879,0.7721864201335303,7400,7981,327278.42757624795,0.3148032222010372,0.440050708410009,131.48032222010372,7605.70129943463,57.98358028671422,0
univ3-full-range-zero-fee,23,10000,864.5705480666563,-2300.0252523511435,2300.0252523511435,-1435.4547042844872,163295.53508372715,38904.76104539969,0.8075929571312063,7837,8160,384731.60220141365,-0.2186703886466441,0.3365348790827315,78.13296113533559,12798.697066751822,163.8063401131231,0
univ3-full-range-zero-fee,24,10000,449.0864826560897,-1923.8226132579678,1923.8226132579678,-1474.7361306018781,150039.4559365056,59742.955893068945,0.7152146580257471,10721,8131,372351.09782479104,-0.25431161498964344,0.29116393747000546,74.56883850103566,13410.429132796973,179.83882562108087,0
univ3-full-range-zero-fee,25,10000,494.9677189120826,-1064.2217934778755,1064.2217934778755,-569.254074565793,130076.84428464205,53008.91568155844,0.7104694778482803,8852,7150,224578.5429911965,0.046655483610582,0.1659196928342871,104.6655483610582,9554.242931250516,91.09577641654727,0
univ3-full-range-zero-fee,26,10000,746.6509274431161,-1736.0247471464752,1736.0247471464752,-989.3738197033591,147669.90018296236,29190.20420096701,0.8349531438837067,10184,7836,271906.37662148173,0.42588941043559375,0.4393789996766256,142.58894104355937,7013.167049598614,48.704627688688795,0
univ3-full-range-zero-fee,27,10000,257.614279743447,-1427.4949509571554,1427.4949509571554,-1169.8806712137084,68405.1206398156,29333.788592242432,0.6998760389007794,4926,7777,284065.0135320987,0.08982335431353348,0.17301683907702226,108.98233543135335,9175.79947918523,84.40924722637783,0
univ3-full-range-zero-fee,28,10000,236.98040372874053,-1090.5588988279947,1090.5588988279947,-853.5784950992542,78003.45950883043,28137.25330479419,0.7349061207625281,4849,7485,284627.4265014881,-0.3024397272012284,0.36406802537158583,69.75602727987716,14335.679980062127,205.51212060341794,0
univ3-full-range-zero-fee,29,10000,626.4718916270297,-654.5992704208122,654.5992704208122,-28.127378793782555,128685.90299296037,49688.651941844306,0.7214364349219801,7848,4020,110946.03606193092,0.07910109850956587,0.15253060969995233,107.91010985095659,9266.97281013719,86.58439095986556,0
univ3-full-range-zero-fee,30,10000,492.0759990403383,-1011.0388350834154,1011.0388350834154,-518.9628360430771,103627.12119870372,28178.925914680334,0.7862091570772936,7203,7042,202729.55498425616,0.3834431850282351,0.44845359386337064,138.3443185028235,7228.342023433505,52.14392420479111,0
univ3-full-range-zero-fee,31,10000,634.9153480088189,-911.1718439425208,911.1718439425208,-276.2564959337019,154083.0849574041,74921.58296292402,0.6728381842898085,10186,6485,183841.67279943483,-0.04945543004447742,0.12294515734552164,95.05445699555226,10520.286134208107,110.67588266666739,0
univ3-full-range-zero-fee,32,10000,337.1560066037209,-1090.5938000427493,1090.5938000427493,-753.4377934390284,100842.61921225447,25010.43240225666,0.8012727376777179,7795,7444,260406.6647545921,-0.18499255455397104,0.29846807942841463,81.5007445446029,12269.827673071908,150.5462407016785,0
univ3-full-range-zero-fee,33,10000,417.9415425417346,-571.223659941874,571.223659941874,-153.28211740013938,90616.34625310097,26624.23485907045,0.7729093918973553,7524,5346,118764.51583795086,0.24036557399404457,0.351126863888918,124.03655739940446,8062.139685975435,65.08150843612081,0
univ3-full-range-zero-fee,34,10000,533.1942574476246,-625.276179767129,625.276179767129,-92.08192231950432,136414.11934773167,40768.44605888671,0.7699071239581236,8705,5093,136402.04334905048,-0.005663152148178199,0.11115682528367188,99.43368478518218,10056.954745219131,101.14182694135982,0
univ3-full-range-zero-fee,35,10000,442.90666100929116,-1292.4092335272671,1292.4092335272671,-849.502572517976,118381.44928252017,41479.09135207646,0.740529519120745,11442,7562,240050.05333000538,0.4357847947331399,0.5410771940903751,143.578479473314,6964.832543645992,48.53289564999783,0
univ3-full-range-zero-fee,36,10000,530.2264481729633,-562.4775982421122,562.4775982421122,-32.251150069148935,162413.97109926632,53197.500806707125,0.7532714732827103,11614,4508,126366.53981868486,0.034566269141522665,0.0544830905419802,103.45662691415227,9665.88711037666,93.57010798548743,0
univ3-full-range-zero-fee,37,10000,221.5993594691339,-732.494209372949,732.494209372949,-510.89484990381504,71573.59147482367,32866.57663737771,0.6853071262575072,5683,6890,195231.47374043154,-0.08967568862739242,0.12219737792901554,91.03243113726076,10985.09678980671,120.57881934574904,0
univ3-full-range-zero-fee,38,10000,410.17594249861986,-602.7084999928669,602.7084999928669,-192.53255749424704,74881.8984279874,13865.142722153258,0.8437678311021495,4314,5503,131610.07586792952,0.17849181730943997,0.2419853555857671,117.849181730944,8485.422007817506,71.98237568592819,0
univ3-full-range-zero-fee,39,10000,480.9906082135154,-806.3775979870704,806.3775979870704,-325.38698977355506,122611.40448578182,40521.9545497271,0.7516022793295958,8835,6574,179239.69191228508,0.2510397867459885,0.36557253399185297,125.10397867459885,7993.351380168961,63.832420655588194,0
univ3-full-range-zero-fee,40,10000,298.38318256543715,-311.0714311841838,311.0714311841838,-12.688248618746627,84641.48276930487,50382.612196048525,0.6268620633304264,5717,2844,70873.82983204922,-0.01897091458950385,0.05964530050732236,98.10290854104962,10193.378132055299,103.824823994845,0
univ3-full-range-zero-fee,41,10000,412.1081468889605,-937.114978892643,937.114978892643,-525.0068320036825,153951.1001203807,74831.36573059726,0.6729147688296175,11029,7153,235300.25833639622,-0.09880299070857362,0.2629112776143887,90.11970092914264,11096.353935808997,123.15711283826744,0
univ3-full-range-zero-fee,42,10000,439.2318959375397,-509.662455119888,509.662455119888,-70.4305591823483,107236.23094491051,38417.256790844374,0.7362421086644962,5952,4442,116294.478516794,-0.12916157969406514,0.13148964072610142,87.08384203059349,11483.18716793365,131.86361333046014,0
univ3-full-range-zero-fee,43,10000,1016.7238804719418,-1360.9382339463334,1360.9382339463334,-344.2143534743916,191757.15740764298,76495.40204301396,0.7148381279206967,9365,6914,232715.73352337786,-0.021463919782781886,0.14085553727427608,97.85360802172181,10219.348082389519,104.65399671555824,0
univ3-full-range-zero-fee,44,10000,340.03279650625706,-950.8655886441019,950.8655886441019,-610.8327921378448,78552.36069691145,31037.220201954744,0.7167867606812259,4200,7069,224536.11023595923,-0.29801748186111937,0.31436210271648135,70.19825181388806,14245.370098683212,202.93007228776162,0
univ3-full-range-zero-fee,45,10000,645.0306279807367,-651.1328997039193,651.1328997039193,-6.102271723182639,167373.85821577406,39480.91495023066,0.8091370368401095,10947,4016,124541.57072184035,-0.009948787709553812,0.05931137699783236,99.00512122904462,10100.488360423053,102.2127090536692,0
univ3-full-range-zero-fee,46,10000,1166.6174929816902,-1225.7676442683655,1225.7676442683655,-59.15015128667528,224099.86630494718,72175.75136536971,0.7563898375002838,11085,5424,183903.1909310848,-0.013580695413141797,0.08206670079273408,98.64193045868582,10137.677531557872,102.77217781739873,0
univ3-full-range-zero-fee,47,10000,773.9211786171438,-822.1216613290709,822.1216613290709,-48.200482711927066,159764.74807590168,77555.13082632322,0.6732042373143309,8316,4663,138649.787464951,0.12036601011816586,0.17304309737083742,112.03660101181659,8925.655086261791,79.6674381363814,0
univ3-full-range-zero-fee,48,10000,520.6682579804625,-739.1221646105954,739.1221646105954,-218.4539066301329,106373.49540392455,35837.82579568024,0.7479959718159216,6494,6009,153798.9071858365,0.19440093460535351,0.20619647481451808,119.44009346053535,8372.398435376208,70.09697829734397,0
univ3-full-range-zero-fee,49,10000,296.15738559169864,-389.33906871407373,389.33906871407373,-93.18168312237509,118866.1234218423,48013.73535050342,0.7122856185059286,10668,5010,116557.66997125822,-0.11047674329628322,0.11279088686493935,88.95232567037168,11241.977965156551,126.28308410483056,0
univ3-full-range-zero-fee,50,10000,522.7830059716005,-1527.6984977380139,1527.6984977380139,-1004.9154917664134,86445.72129917776,36867.94418652,0.701023045245573,4312,7705,281218.74542937445,0.014396832471833107,0.15321535718474238,101.43968324718331,9858.075516064786,97.35866611043825,0
univ3-full-range-zero-fee,51,10000,405.52058664784346,-684.4205528994224,684.4205528994224,-278.899966251579,102436.10718996705,44182.98848840864,0.6986546105472602,5822,6194,172356.69327458728,-0.07594651049010423,0.15549563879604975,92.40534895098958,10821.885033418957,117.11257224741712,0
univ3-full-range-zero-fee,52,10000,579.9242054811041,-1156.8787853086153,1156.8787853086153,-576.9545798275112,113731.97918899215,26579.22613080206,0.8105694689870044,5993,7157,236016.13614492887,-0.10769354584886046,0.20921654521376737,89.23064541511395,11206.912904307204,125.65909739566708,0
univ3-full-range-zero-fee,53,10000,449.2616465779091,-917.5949325841782,917.5949325841782,-468.3332860062691,92418.68883236674,43443.449861152505,0.68023873112175,6339,6906,180212.8642306544,0.5503177465445026,0.5718364217235012,155.03177465445026,6450.290887837786,41.85639581894704,0
univ3-full-range-zero-fee,54,10000,266.253064369221,-566.2917240590454,566.2917240590454,-300.0386596898243,61753.28424260797,14809.552366990245,0.8065699623629976,5538,6148,142993.63486714938,0.4075568745809221,0.45519471321135396,140.7556874580922,7104.508947237605,50.51369382026857,0
univ3-full-range-zero-fee,55,10000,681.9925282969739,-948.7651430476274,948.7651430476274,-266.7726147506535,163444.48665528483,85692.51557457092,0.656042599824211,10368,6599,182045.72365624752,0.28086957587238887,0.32351288495932695,128.08695758723889,7807.196647824151,60.546112460192404,0
univ3-full-range-zero-fee,56,10000,385.5865842803554,-1422.629576113847,1422.629576113847,-1037.0429918334917,79399.4887785967,27239.244705734178,0.7445651892542721,5188,7742,281548.8077629283,-0.1720065012245074,0.19141527862737548,82.79934987754926,12077.390428670471,146.04832612510074,0
univ3-full-range-zero-fee,57,10000,581.3105073713864,-1227.028443239392,1227.028443239392,-645.7179358680055,129913.53972138435,31114.4068728221,0.8067763544719911,8906,7347,233699.28947202727,0.13814181061116343,0.254802870819628,113.81418106111634,8786.251953457111,77.67038526056504,0
univ3-full-range-zero-fee,58,10000,687.6468422091851,-992.8050472102011,992.8050472102011,-305.158205001016,134676.15134671488,80723.3093181457,0.6252390369549585,7765,6537,181113.89887109262,0.176374717707604,0.33187555173371774,117.6374717707604,8500.693233603235,72.28276224227757,0
univ3-full-range-zero-fee,59,10000,727.4288090660588,-731.2250203030834,731.2250203030834,-3.796211237024636,123777.19749855847,35098.50535511128,0.779081982174214,5890,2929,102720.18929180942,0.011666554158879593,0.07252957060040643,101.16665541588796,9884.680273893235,97.70721160064947,0
univ3-full-range-zero-fee,60,10000,344.5891236323868,-1406.4946821099384,1406.4946821099384,-1061.9055584775515,116808.91682137667,43095.60952222646,0.7304916220468798,11095,7836,276973.8947154853,0.03938334346577022,0.2972421315685654,103.93833434657702,9621.090197981383,92.56558696223887,0
univ3-full-range-zero-fee,61,10000,319.7626039511648,-463.67470838151763,463.67470838151763,-143.91210443035283,87693.90855234479,23884.12650624725,0.7859423990240985,6253,5188,123375.32681280727,-0.01906882593028044,0.07767837211117197,98.09311740697196,10194.39572159425,103.92595555353815,0
univ3-full-range-zero-fee,62,10000,311.56114667259067,-382.89332883138565,382.89332883138565,-71.33218215879498,89093.22843334582,21346.34045130692,0.8067147430319848,6564,4199,101644.41680674945,-0.14650232531827087,0.15484330765746931,85.34976746817291,11716.494257332812,137.42372466016568,0
univ3-full-range-zero-fee,63,10000,990.9002882815051,-1042.4381934186608,1042.4381934186608,-51.53790513715569,214447.10010229988,62099.19400982245,0.7754473831978197,11370,5270,173734.34715538527,0.005186478513917621,0.08619903765435268,100.51864785139176,9948.403637500223,98.96920325179053,0
univ3-full-range-zero-fee,64,10000,692.10071828362,-1678.7807402885023,1678.7807402885023,-986.6800220048823,139363.26080137253,75100.44650969296,0.6498221193166044,9097,7753,277138.73583505716,0.1612704135892723,0.39081076806903553,116.12704135892723,8611.259361663015,74.15403615226887,0
univ3-full-range-zero-fee,65,10000,162.1217003974278,-167.0185496365011,167.0185496365011,-4.896849239073305,45816.65537254156,7896.707808412765,0.8529842977471056,4304,1641,37772.905002832464,-0.013393795568307497,0.055768817942908416,98.66062044316925,10135.756547649185,102.73393851923394,0
univ3-full-range-zero-fee,66,10000,437.19351038849254,-461.4944854757711,461.4944854757711,-24.300975087278573,78477.49298389486,34095.56486329103,0.6971250002858179,4088,2916,78177.04434779905,0.016574871943917914,0.08319373662861679,101.65748719439179,9836.954082644368,94.85584061218105,0
univ3-full-range-zero-fee,67,10000,253.7755323047547,-1074.646452168442,1074.646452168442,-820.8709198636873,74439.41266778088,33975.38441785376,0.6866167227060593,5836,7437,229145.84637120113,0.17508145938383507,0.3278897141939876,117.5081459383835,8510.048795150853,72.42108641022617,0
univ3-full-range-zero-fee,68,10000,309.5894377582616,-1189.5779530525863,1189.5779530525863,-879.9885152943247,105009.29818443845,36540.32527491763,0.7418550160579576,11352,7570,242161.60556776775,0.3083094721528059,0.32470290669465784,130.8309472152806,7643.452052994774,58.40932061697143,0
univ3-full-range-zero-fee,69,10000,609.0532688531122,-1074.6119044543634,1074.6119044543634,-465.55863560125124,97071.53372107729,31255.09717085933,0.7564410679714709,5476,6937,213359.0273630085,-0.13907449894523624,0.17317662235752337,86.09255010547638,11615.40770296807,134.91793217780622,0
univ3-full-range-zero-fee,70,10000,433.2000408477072,-442.77456492889803,442.77456492889803,-9.574524081190816,111678.6784863126,40548.31234214072,0.7336325698782604,7978,3326,88993.28315111529,0.03032189197643703,0.06363490980508417,103.0321891976437,9705.705194330501,94.92072900346442,0
univ3-full-range-zero-fee,71,10000,326.89344908029864,-549.490909060452,549.490909060452,-222.59745998015342,95355.4269838446,33348.66017268291,0.7408888799924055,7692,6015,142979.65278606993,0.20862445216776707,0.26717310755008883,120.8624452167767,8273.869140793186,68.45710391780875,0
univ3-full-range-zero-fee,72,10000,147.89040934075055,-214.5515453231168,214.5515453231168,-66.66113598236626,61735.109763602246,23836.71950979612,0.721441977900942,6675,3864,75205.06389678922,0.01914251237926777,0.10389624281980189,101.91425123792678,9812.170899843959,96.37060832147118,0
univ3-full-range-zero-fee,73,10000,131.77412216697553,-429.2661940213741,429.2661940213741,-297.49207185439855,45392.34121495463,14050.776597262464,0.7636265203711325,4405,6047,135547.0581656789,-0.0026264666688234684,0.2546535341710485,99.73735333311765,10026.33434437302,100.67828776070691,0
univ3-full-range-zero-fee,74,10000,582.8264023838667,-592.6681955218711,592.6681955218711,-9.841793138004391,143258.43534096258,78369.9968589992,0.6463901491290126,9120,3798,109844.77290256343,0.02107908498319446,0.06031201917948991,102.10790849831945,9793.561320006713,95.90659946873016,0
univ3-full-range-zero-fee,75,10000,311.7322346045183,-1424.1526845055432,1424.1526845055432,-1112.420449901025,114600.3217808025,34715.45166355641,0.767503118640759,11113,7786,294916.9076644235,0.04652986609314595,0.2973914952649393,104.6529866093146,9555.389878227023,91.22287163918266,0
univ3-full-range-zero-fee,76,10000,277.20156796917837,-546.7606041945986,546.7606041945986,-269.55903622542024,66894.69348917998,16405.951785254656,0.8030513241379449,4453,5963,149627.96937108244,-0.1088802607076397,0.12148361796681328,89.11197392923603,11221.837106895562,125.84233488930936,0
univ3-full-range-zero-fee,77,10000,307.9435866507745,-359.1308549116064,359.1308549116064,-51.1872682608319,71074.20319051451,24118.647418902445,0.7466338357923226,4296,3607,83673.59475449771,0.02318980309347822,0.052801687887169206,102.31898030934782,9773.35811766159,95.62363522688833,0
univ3-full-range-zero-fee,78,10000,246.10920181081713,-739.672250806451,739.672250806451,-493.56304899563384,90465.50621422658,44867.39818803228,0.6684664502974829,9235,6938,191396.87359117146,0.08521183949490223,0.1223297812081401,108.52118394949022,9214.791404757903,84.69556416044391,0
univ3-full-range-zero-fee,79,10000,254.27787090340604,-255.16581485123638,255.16581485123638,-0.8879439478303368,103889.47042080379,38891.79996017516,0.7276127334040289,11147,2920,67139.07171625445,-0.008024925054929355,0.0470071521100823,99.19750749450706,10080.899163889984,102.00281131785363,0
univ3-full-range-zero-fee,80,10000,231.57824374771175,-894.8405294133454,894.8405294133454,-663.2622856656336,67950.29686129106,23850.791267473527,0.7401905385476557,5095,7161,228027.03677200383,-0.0598865536582845,0.2743493851782472,94.01134463417155,10637.014780850703,113.19352804042104,0
univ3-full-range-zero-fee,81,10000,207.39774476180486,-592.5498925298643,592.5498925298643,-385.1521477680595,61770.03022927848,21296.42060480145,0.7436218787373048,5510,6437,161380.9933816399,0.1623571457883203,0.26064792543890775,116.23571457883203,8603.20817782953,74.05978472305385,0
univ3-full-range-zero-fee,82,10000,425.8837377571171,-997.4600778302628,997.4600778302628,-571.5763400731457,118091.74174043033,48351.40368931437,0.7095019830076247,7093,7173,243171.4070741542,-0.16659851712153526,0.31028297147299727,83.34014828784647,11999.019709631533,143.70313277411483,0
univ3-full-range-zero-fee,83,10000,289.6492542273678,-498.0863537763148,498.0863537763148,-208.437099548947,75786.10753269582,37691.27850450543,0.6678520732567006,5563,5613,133404.860438926,0.047172932670586365,0.09148120175665056,104.71729326705864,9549.52157512974,91.19295798900148,0
univ3-full-range-zero-fee,84,10000,445.73375497530344,-854.959635028207,854.959635028207,-409.22588005290356,147155.98139409008,74555.05750885044,0.663728707971601,9588,6911,215950.8016973511,-0.15663913261558648,0.22694412881515974,84.33608673844135,11857.321509522602,140.58364303972618,0
univ3-full-range-zero-fee,85,10000,380.04850605853704,-616.5881579269336,616.5881579269336,-236.53965186839656,103497.64482905027,36726.37068387508,0.7380878692602426,7355,6087,156518.47151446683,0.010440008073570794,0.09859959766069025,101.04400080735708,9896.679232760804,98.12149974691745,0
univ3-full-range-zero-fee,86,10000,732.8192034901107,-737.2903877458804,737.2903877458804,-4.4711842557696855,138550.5284909922,17202.396819181973,0.8895532986945558,8621,3197,107026.39635979071,0.0037888373823956557,0.08062844490328587,100.37888373823957,9962.255214393788,99.3576510960261,0
univ3-full-range-zero-fee,87,10000,955.8882320083857,-1733.3369883539365,1733.3369883539365,-777.4487563455508,199550.48450881362,98322.37436359728,0.6699183177151695,10620,7806,281656.37112833926,0.28078215596143563,0.3883956152132717,128.07821559614356,7807.729576582673,60.98923060627165,0
univ3-full-range-zero-fee,88,10000,687.7221580957574,-1213.397932803002,1213.397932803002,-525.6757747072446,134763.11147736147,54204.04847217109,0.7131562516648535,7247,7254,229097.65591337453,-0.15979531358508056,0.20424086951580123,84.02046864149195,11901.862726328698,144.27266168576583,0
univ3-full-range-zero-fee,89,10000,131.91122270944234,-192.91652463173753,192.91652463173753,-61.00530192229519,57456.18762951419,26047.915602518904,0.6880642436199873,5969,3774,70129.11733578933,0.09894857861337997,0.1757499187578935,109.894857861338,9099.607232929102,82.74322143651109,0
univ3-full-range-zero-fee,90,10000,1039.1406110376452,-1052.4195936371223,1052.4195936371223,-13.278982599477104,212546.7482092567,105386.20859775944,0.6685269446233333,11120,4691,157215.92746671467,0.05959102182963761,0.1218858326642767,105.95910218296376,9437.604256603838,89.13127481907044,0
univ3-full-range-zero-fee,91,10000,195.6408663373963,-689.9944088150023,689.9944088150023,-494.353542477606,55595.77758478505,15464.926812831727,0.7823702010284268,4758,6813,177658.9479312414,0.050598560582259464,0.33171015695161915,105.05985605822595,9518.38401220446,90.47500892590769,0
univ3-full-range-zero-fee,92,10000,382.0932374091243,-1061.725581871983,1061.725581871983,-679.6323444628587,102170.73587796731,24900.442426604564,0.8040433498859852,9087,7351,224176.8371372225,0.4668492730955356,0.48124780495065494,146.68492730955356,6817.333407633871,46.34894965051198,0
univ3-full-range-zero-fee,93,10000,621.8031824726721,-664.783984620221,664.783984620221,-42.98080214754884,170275.47415833737,112890.71284499537,0.6013270015050677,10540,4842,135860.62837399627,-0.04064332090810339,0.11093368681268273,95.93566790918966,10423.65264499037,108.74972911151411,0
univ3-full-range-zero-fee,94,10000,438.8054158876251,-511.4435315158229,511.4435315158229,-72.6381156281978,123441.41731209034,34060.13997824434,0.7837472812065046,8728,4874,123113.26223632296,0.07062364968018414,0.072590628602795,107.06236496801841,9340.350947600182,86.87945885007937,0
univ3-full-range-zero-fee,95,10000,759.3027136105989,-933.9789611028873,933.9789611028873,-174.67624749228844,169240.31467143045,81005.88928205009,0.6762952324459289,9211,6084,176646.3119236642,0.09661228686141995,0.19471351626335945,109.661228686142,9118.993839087492,82.82845130071455,0
univ3-full-range-zero-fee,96,10000,349.20965819094965,-1141.7561918101237,1141.7561918101237,-792.546533619174,95691.33732565973,30138.425899037404,0.7604825350802058,7053,7466,244981.45938844065,-0.008933543246709945,0.26676048614529124,99.106645675329,10090.141426626127,101.89845176990846,0
univ3-full-range-zero-fee,97,10000,264.4330539600255,-292.77126898488774,292.77126898488774,-28.338215024862222,69658.98627209727,27526.226099126827,0.716765283241001,4648,3027,69448.99075038734,0.14641300463142984,0.1823287082091346,114.64130046314298,8722.860164643753,76.02099851722808,0
univ3-full-range-zero-fee,98,10000,432.99347768896325,-606.3308135663982,606.3308135663982,-173.33733587743495,131907.68096463545,58762.33238468652,0.6918113585221739,9101,5783,153509.7637109046,-0.07062617583590679,0.09295097946818714,92.93738241640932,10759.933759722084,115.97815055388776,0
univ3-full-range-zero-fee,99,10000,424.08332386634925,-853.1549961144764,853.1549961144764,-429.07167224812713,81963.10320376058,48387.538629146664,0.6287894102495232,4956,6736,174368.24220900808,0.3281126572238199,0.4577793959942207,132.811265722382,7529.4820688765,56.70140573344945,0
univ3-full-range-zero-fee,100,10000,875.9063708244361,-1072.8020896277085,1072.8020896277085,-196.89571880327242,196532.34587297574,77444.95226307955,0.7173307686806193,10931,6340,193782.5783121344,-0.01921755217689963,0.1795318029978772,98.07824478231004,10195.941911371807,104.02738870828291,0
univ3-full-range-zero-fee,101,10000,939.2325739754904,-966.5964736547458,966.5964736547458,-27.363899679255383,167642.04151649884,47873.636473461826,0.777864715365664,8627,4211,138432.82100539157,0.05675545331533826,0.10206616564997276,105.67554533153383,9462.927840035969,90.23761949204535,0
univ3-full-range-zero-fee,102,10000,631.8645766562619,-1040.0320857362476,1040.0320857362476,-408.16750907998573,145563.17573671587,75361.2376625844,0.658882255233712,9286,6907,201939.43135140106,0.2674497963000579,0.4885143261256374,126.74497963000579,7889.859356731926,62.261355572996756,0
univ3-full-range-zero-fee,103,10000,355.0261765787791,-936.2037439342135,936.2037439342135,-581.1775673554345,104507.24906639759,34228.55605373965,0.7532824635709601,9264,7241,202180.89709777213,0.44107434165250425,0.5825139374546677,144.10743416525042,6939.267655260187,48.18442667012048,0
univ3-full-range-zero-fee,104,10000,283.65746800076454,-321.27439310096213,321.27439310096213,-37.61692510019759,72876.45469013,19555.72106276875,0.7884316699950076,5505,3457,77646.25820444322,0.02379558078186875,0.09846064233818268,102.37955807818688,9767.575297214134,95.58534366048933,0
univ3-full-range-zero-fee,105,10000,852.2296744367702,-1688.893607156888,1688.893607156888,-836.6639327201178,182053.89211654736,64193.7979983651,0.7393120805786694,9530,7684,296644.7163265777,-0.11034682042485869,0.21859463970833842,88.96531795751413,11240.336322539159,126.3446173667896,0
univ3-full-range-zero-fee,106,10000,673.2115277360922,-1100.947926970292,1100.947926970292,-427.7363992341998,157907.89612565876,43654.55491092895,0.7834192098457626,10491,6995,223937.5017832627,-0.09938113490974615,0.1872776130085458,90.06188650902538,11103.477104245841,123.2856935857355,0
univ3-full-range-zero-fee,107,10000,655.7839913306946,-695.4637801736352,695.4637801736352,-39.67978884294064,84550.90709812492,23919.23409907016,0.7794855447308232,4287,3337,90091.67468324232,-0.05757601837233224,0.12694715050122996,94.24239816276678,10610.93582989161,112.59229413037767,0
univ3-full-range-zero-fee,108,10000,312.88134015365506,-381.22633247543143,381.22633247543143,-68.34499232177637,103043.45427764759,41754.60493384642,0.7116356036729811,8594,4382,102283.23215475032,0.005151228017810752,0.045922928876535846,100.51512280178108,9948.75233254761,98.97826851090687,0
univ3-full-range-zero-fee,109,10000,441.58130694224434,-646.0547858892742,646.0547858892742,-204.47347894702983,125629.61335250601,44941.28208020516,0.736524323412876,10472,6019,150318.70133161964,0.13113811353009894,0.1839905203907618,113.1138113530099,8840.6540288289,78.35886006302351,0
univ3-full-range-zero-fee,110,10000,314.93790794490235,-1073.3397600612898,1073.3397600612898,-758.4018521163874,73703.47195942521,23876.870756348544,0.7553106487246547,5486,7425,231229.42760483507,0.015407432720852085,0.22728471924784416,101.54074327208521,9848.26415268428,97.06464735191683,0
univ3-full-range-zero-fee,111,10000,1399.8574107106003,-1433.3215402403473,1433.3215402403473,-33.46412952974697,247527.3545711389,75196.65258848078,0.7669939300447257,11692,5123,191216.89801751342,0.07809394220277184,0.15599555629406936,107.80939422027718,9275.630242173076,85.90060301799143,0
univ3-full-range-zero-fee,112,10000,268.623285280353,-1486.19853930233,1486.19853930233,-1217.575254021977,117360.67407973974,47130.08415991123,0.7134788320979945,11489,7844,328212.3736436262,-0.34320110632414613,0.43625637180854093,65.67988936758539,15225.362778547913,231.81134331243595,0
univ3-full-range-zero-fee,113,10000,1441.7663268923272,-1741.3463956472542,1741.3463956472542,-299.58006875492697,242790.51341374556,72111.85964676455,0.7710024889748675,11349,6866,247645.1375642618,-0.07045305792622131,0.20802688532469119,92.95469420737787,10757.93003660528,116.02591753715777,0
univ3-full-range-zero-fee,114,10000,1004.1504067637499,-1018.3853612043288,1018.3853612043288,-14.234954440578917,151969.00686634876,33800.252237380075,0.8180525001797694,7694,3737,127569.01044480312,0.027386054872040547,0.09928564668438696,102.73860548720405,9733.440025697626,94.79567510274329,0
univ3-full-range-zero-fee,115,10000,342.46848457913325,-554.2791039831936,554.2791039831936,-211.8106194040604,104711.77858282081,28536.9627101686,0.7858369059755613,7616,5871,154231.22672016732,-0.1869807465104229,0.24160430920026202,81.30192534895771,12299.832693141658,151.57175636232085,0
univ3-full-range-zero-fee,116,10000,1567.058968395811,-2383.1140173501694,2383.1140173501694,-816.0550489543584,235855.0311728944,78214.93826531705,0.750963333408721,11064,7792,309210.7749519004,0.06085104958371545,0.34680504667933176,106.08510495837155,9426.394867009438,88.85658903404455,0
univ3-full-range-zero-fee,117,10000,483.058172729102,-1935.3535432310407,1935.3535432310407,-1452.2953705019386,161043.95996582627,55111.51900028924,0.7450376031924294,10157,8187,400244.72540348757,-0.3315727566047717,0.4387320553793657,66.84272433952283,14960.493342550184,223.81651361137108,0
univ3-full-range-zero-fee,118,10000,733.2232313112742,-735.3838663579054,735.3838663579054,-2.160635046631228,159653.18536076634,68182.95256908947,0.7007368840228453,8083,3616,123851.36853242868,0.015093996646268551,0.051709380098612596,101.50939966462686,9851.305011132748,97.05795474736756,0
univ3-full-range-zero-fee,119,10000,336.54875559084235,-874.6915890651335,874.6915890651335,-538.1428334742911,135188.01029073546,45764.010286273784,0.7470931236891184,11556,7068,236884.4530212521,-0.335482898665544,0.3434637989438174,66.4517101334456,15048.52368858402,228.41773225218557,0
univ3-full-range-zero-fee,120,10000,165.2517006609426,-354.43388631412853,354.43388631412853,-189.18218565318594,55431.33565935472,14934.923769934141,0.7877544736488051,4596,5364,120013.21117374541,-0.04611796720902803,0.09384120563038209,95.3882032790972,10483.477153095275,108.22252911637716,0
univ3-full-range-zero-fee,121,10000,508.93365068829326,-1602.3246664733938,1602.3246664733938,-1093.3910157851005,139959.627906056,26759.987262044204,0.8394910686720178,11070,7891,298974.6762862543,0.10968495039997209,0.24640456296061658,110.96849503999721,9011.567515170464,81.2835534671967,0
univ3-full-range-zero-fee,122,10000,262.16440838493344,-1190.7327687704023,1190.7327687704023,-928.5683603854688,94221.743871324,49888.606036040765,0.6538166337941062,6620,7709,294600.8858194356,-0.21597523588107706,0.34143401802215206,78.4024764118923,12754.700285335623,162.68022996178323,0
univ3-full-range-zero-fee,123,10000,359.0959116924355,-1082.4447409603722,1082.4447409603722,-723.3488292679367,121021.65043557892,50054.210251294724,0.7074151195246022,8567,7369,268035.9025637964,-0.2947183345870329,0.3173977394745529,70.52816654129671,14178.733939648568,201.07660064900926,0
univ3-full-range-zero-fee,124,10000,1188.2447029402254,-2116.203312909419,2116.203312909419,-927.9586099691935,167108.56969257665,69433.88495583452,0.7064633278662862,9673,7827,275551.899079885,-0.01871426015491238,0.5329186020510795,98.12857398450876,10190.712526977297,103.73932183511346,0
univ3-full-range-zero-fee,125,10000,180.9940464084727,-1410.591776183446,1410.591776183446,-1229.5977297749732,53456.06381471802,13163.400674086686,0.8024090890688745,4337,7838,294898.4677362749,-0.13497783819315856,0.22599744146137113,86.50221618068414,11560.398248359295,133.76052009310555,0
univ3-full-range-zero-fee,126,10000,346.6373586133472,-358.8099534213279,358.8099534213279,-12.172594807980715,121157.52470142028,39177.62163282815,0.7556516925418516,10525,3545,89524.46205356394,0.04070981951067239,0.06673473419947867,104.07098195106724,9608.82705282437,92.61125780319949,0
univ3-full-range-zero-fee,127,10000,465.73239926123654,-1148.8564488949992,1148.8564488949992,-683.1240496337626,104674.23875124824,49643.844589653076,0.6783018327153161,7301,7377,220329.66434756678,0.16524915967862897,0.47159610096056925,116.5249159678629,8581.856111400033,73.49070188611262,0
univ3-full-range-zero-fee,128,10000,578.998148573875,-1187.5810461529477,1187.5810461529477,-608.5828975790727,154380.32745546495,60185.0966777305,0.7195023526233683,10193,7361,246094.25355605682,-0.012262097999396246,0.23871012474942005,98.77379020006038,10124.144120983521,102.4981197144621,0
univ3-full-range-zero-fee,129,10000,629.9818480814572,-1597.9919933273443,1597.9919933273443,-968.0101452458871,156473.62297322068,77108.14661714647,0.6698879936033912,10147,7782,286206.40408086503,-0.08610144433129875,0.3471435192561009,91.38985556687012,10942.134563953856,118.09338011502805,0
univ3-full-range-zero-fee,130,10000,1164.4411920311986,-1671.841543007752,1671.841543007752,-507.40035097655345,172876.37742636076,86588.84855210317,0.666279563183969,9047,7305,240527.58498357315,0.23422980508675195,0.3234059363062579,123.4229805086752,8102.219391702366,65.91285074284076,0
univ3-full-range-zero-fee,131,10000,308.52669606694803,-733.4840427690717,733.4840427690717,-424.9573467021237,89769.70056013945,15865.849423711525,0.8498057763116961,8026,6727,187677.98903736754,0.21425560426625212,0.23377737338261412,121.42556042662521,8235.498820844976,67.88717777144794,0
univ3-full-range-zero-fee,132,10000,301.8859729117126,-1085.1655628480446,1085.1655628480446,-783.2795899363321,75541.24676468226,54495.90153423688,0.5809205119681186,5625,7466,222507.79300143092,0.6033045564470828,0.7722022465308149,160.33045564470828,6237.118433737087,38.91995134673968,0
univ3-full-range-zero-fee,133,10000,1598.4428729366687,-1751.638862814402,1751.638862814402,-153.19598987773338,199881.33780280553,55495.49365814064,0.782691744820135,10829,6120,196255.09875069704,-0.01068546736336259,0.18450076326016457,98.93145326366374,10108.00964816118,102.33135517634553,0
univ3-full-range-zero-fee,134,10000,338.4200314002133,-397.9521410590729,397.9521410590729,-59.53210965885961,94901.3128025414,34778.478178364414,0.7318126601277046,6981,4127,97736.52695524812,0.002389436934536633,0.05861575744726281,100.23894369345366,9976.163126010333,99.52369914270692,0
univ3-full-range-zero-fee,135,10000,308.4062336490621,-1177.0957190347992,1177.0957190347992,-868.6894853857372,109713.1878831821,49804.921704753404,0.6877788870905714,10918,7603,244634.59666976935,0.1848756095968855,0.2684075253997466,118.48756095968855,8439.705144536565,71.09016119825175,0
univ3-full-range-zero-fee,136,10000,333.88718741171374,-405.7719371714087,405.7719371714087,-71.88474975969496,103987.9866787683,24894.15336477165,0.80684559275349,8696,4505,106736.69854283682,0.050992313464296474,0.0680500735604376,105.09923134642965,9514.818034009042,90.45156927075406,0
univ3-full-range-zero-fee,137,10000,498.41610573639406,-548.753970295105,548.753970295105,-50.33786455871092,125601.0730078579,41005.57238682434,0.7538779303209405,8115,4228,114630.26564395966,-0.019626155737422265,0.07880237747423166,98.03738442625777,10200.191153756758,104.0445110828318,0
univ3-full-range-zero-fee,138,10000,253.21174246431377,-265.59917775715036,265.59917775715036,-12.387435292836585,96786.74069963407,52887.09047049469,0.6466510541152656,8309,3196,73487.14389152158,0.02344809879029498,0.043516960754358396,102.3448098790295,9770.89171402983,95.4695741911343,0
univ3-full-range-zero-fee,139,10000,606.897450423687,-1661.4962195773803,1661.4962195773803,-1054.5987691536934,137959.15913299643,47383.63340905281,0.7443459615603732,8185,7781,302623.7873934593,-0.0881747718855297,0.16365999751789645,91.18252281144703,10967.014893767819,120.10161621218924,0
univ3-full-range-zero-fee,140,10000,479.478161270671,-664.4049070655303,664.4049070655303,-184.9267457948593,100330.58407845606,32771.809625017115,0.7537849717562068,7036,5752,134699.86878419228,0.17148791603707225,0.43513983051614047,117.14879160370722,8536.153385757896,72.86601294850834,0
univ3-full-range-zero-fee,141,10000,250.89568820300644,-319.7854540953094,319.7854540953094,-68.88976589230293,88299.89215846334,25307.91187943289,0.7772343890126517,8436,4204,92706.32550310579,0.0699493956206355,0.11700334053435327,106.99493956206355,9346.236953005146,87.3522119895297,0
univ3-full-range-zero-fee,142,10000,964.7063296340131,-1008.0142478546227,1008.0142478546227,-43.30791822060962,180394.64282719968,59106.13925518202,0.753211080392835,8948,4755,153297.87535256453,-0.05722309905461856,0.09928990891131165,94.27769009453814,10606.964064050442,113.27656322645666,0
univ3-full-range-zero-fee,143,10000,229.39752113400417,-1133.5591132077416,1133.5591132077416,-904.1615920737374,96190.40932802384,42407.90091927365,0.6940229585511808,9963,7500,261532.85071535085,-0.16487690720813958,0.3230091418813359,83.51230927918604,11974.283930247437,143.38365960936963,0
univ3-full-range-zero-fee,144,10000,584.5167089415087,-1208.825475911186,1208.825475911186,-624.3087669696773,111369.76454088924,48325.957929516284,0.6973872738609392,7601,7237,217843.5967574177,0.34176600310201394,0.5408233223355581,134.1766003102014,7452.86475035295,55.61645980707202,0
univ3-full-range-zero-fee,145,10000,421.6406061706533,-918.9278956885407,918.9278956885407,-497.2872895178874,111860.7214511205,43851.3229759406,0.7183819457429221,8367,6952,212759.33575008856,-0.07038141936074141,0.16894472825551618,92.96185806392586,10757.100821125272,115.22724517525236,0
univ3-full-range-zero-fee,146,10000,546.8256965120778,-1564.9661393884228,1564.9661393884228,-1018.140442876345,144285.12594502655,89296.89816949898,0.6177064630379407,9189,7814,286392.9501024748,-0.03882445787260977,0.28663205791489077,96.11755421273902,10403.927740561274,108.39662639911074,0
univ3-full-range-zero-fee,147,10000,692.9402043385513,-757.1997186231404,757.1997186231404,-64.25951428458905,127760.9147323325,41951.0558777936,0.7528102718566245,6385,4487,130088.86890340583,0.026569802157241897,0.08358001642328503,102.65698021572419,9741.179314071105,94.86693306153195,0
univ3-full-range-zero-fee,148,10000,979.7953552303438,-2240.3632406062384,2240.3632406062384,-1260.5678853758945,175032.79526902293,31517.12292516387,0.8474115932811302,8102,8004,389142.0538740007,-0.37170456119469697,0.4472254148601616,62.8295438805303,15916.081217463809,253.78965492734454,0
univ3-full-range-zero-fee,149,10000,302.58158752699023,-373.87205175441653,373.87205175441653,-71.2904642274263,109017.41077273274,37063.447580808664,0.7462812855938414,9023,4516,107536.70341941454,-0.14851029242480265,0.14978132182924966,85.14897075751973,11744.12407748322,137.6635502152757,0
univ3-full-range-zero-fee,150,10000,321.57871952841225,-1178.7391864953413,1178.7391864953413,-857.1604669669291,71633.29518937519,26286.284873806107,0.7315523120417262,5448,7546,227335.89699717323,0.16157840441500795,0.4358243876090876,116.1578404415008,8608.975955120934,74.1146224176046,0
univ3-full-range-zero-fee,151,10000,519.5669888561966,-546.2496121268039,546.2496121268039,-26.682623270607223,117140.98025529379,40951.415967568144,0.7409653029116012,6667,3756,105071.69251458443,0.0700462736734866,0.07871769241539084,107.00462736734866,9345.390684273092,87.19231511011469,0
univ3-full-range-zero-fee,152,10000,598.0289239645832,-898.17871995011,898.17871995011,-300.1497959855268,111801.96282466517,43636.422389458734,0.7192686843127748,8612,6414,166284.46836167388,0.04850942662915358,0.20835916266905927,104.85094266291536,9537.349358708103,90.90929103459119,0
univ3-full-range-zero-fee,153,10000,209.76799912389495,-228.14626041999904,228.14626041999904,-18.378261296104085,75311.32748814624,11471.58830045429,0.8678128270269394,7246,2851,64626.0712664512,-0.013874740321207214,0.02655649211772186,98.61252596787928,10140.700078872285,102.91618631381526,0
univ3-full-range-zero-fee,154,10000,290.4575352498385,-842.9360141230916,842.9360141230916,-552.4784788732532,71816.36703323328,13553.746927335531,0.8412354593599839,6350,7017,194900.96303105896,-0.012351655895869555,0.22167920415664383,98.76483441041304,10125.061941265138,102.51644130375507,0
univ3-full-range-zero-fee,155,10000,656.4237559688329,-800.9016698294046,800.9016698294046,-144.47791386057168,123061.16607345773,43847.444597827416,0.7372966893590536,6689,5529,148970.29353688643,0.11904663834619938,0.18993652819629261,111.90466383461994,8936.178520980286,80.22522366676966,0
univ3-full-range-zero-fee,156,10000,597.2798682241449,-1768.7796900608632,1768.7796900608632,-1171.4998218367182,123381.23915760401,59131.53752712209,0.6760142571866827,7100,7916,306158.7278829496,-0.0826006722004412,0.156881713641111,91.73993277995588,10900.37948124122,118.8185059000919,0
univ3-full-range-zero-fee,157,10000,715.5379708052873,-738.4370480368074,738.4370480368074,-22.899077231520096,156808.76916537416,77031.72491666017,0.670580045517538,9772,4246,124357.24055390735,-0.04132205682164951,0.06836438634398277,95.86779431783505,10431.032432423539,109.00829646753655,0
univ3-full-range-zero-fee,158,10000,488.64044851551176,-1553.577278493947,1553.577278493947,-1064.9368299784353,112983.63013026488,67066.81930889182,0.6275109586352059,7194,7787,279332.69662103336,-0.24273268656727523,0.5026128846494885,75.72673134327248,13205.377791749546,174.38100864889887,0
univ3-full-range-zero-fee,159,10000,358.2255219045902,-960.2249554453695,960.2249554453695,-601.9994335407793,136701.2571837178,72230.9307922575,0.6542852899211338,11289,7253,226583.05599040998,0.0564972037842395,0.11901391767323417,105.64972037842395,9465.24120257957,89.59126963684643,0
univ3-full-range-zero-fee,160,10000,261.2439606019526,-365.0611574240961,365.0611574240961,-103.8171968221435,70973.90893081293,19825.71192519487,0.7816542432854983,5394,4657,100032.65028943412,0.12354046672150389,0.16366517777708067,112.35404667215039,8900.436375076346,79.25054805216993,0
univ3-full-range-zero-fee,161,10000,249.28358124678982,-258.71508159973644,258.71508159973644,-9.431500352946614,79933.21612103398,12139.645536572845,0.8681517515799956,7191,2635,63854.79040769781,0.045966731758474995,0.055817779008388586,104.5966731758475,9560.533967789634,91.58311333071114,0
univ3-full-range-zero-fee,162,10000,487.54706660094877,-526.1976863004872,526.1976863004872,-38.65061969953848,108567.80778495793,52501.72685685255,0.6740430958988807,6059,3814,101453.78386346092,0.027803854670982987,0.08519537824552913,102.7803854670983,9729.48333160409,94.62081937808479,0
univ3-full-range-zero-fee,163,10000,802.8411712590681,-1164.3120623833431,1164.3120623833431,-361.470891124275,167672.8593260593,51963.94721159619,0.7634096578312467,11397,6996,200374.65125739254,0.5074072677181246,0.5286272608429633,150.74072677181246,6633.907654038485,44.00890757798017,0
univ3-full-range-zero-fee,164,10000,162.9879388756191,-393.8815975770409,393.8815975770409,-230.8936587014218,58592.65089811895,35503.62173924287,0.622688330322387,4768,5755,126027.10317438444,0.07642464231050625,0.19771979685028526,107.64246423105062,9290.01444357042,86.19144714022153,0
univ3-full-range-zero-fee,165,10000,813.4312575696204,-917.4922544083595,917.4922544083595,-104.06099683873913,183661.31040273255,118441.4410307853,0.6079431899618098,10857,5607,162395.97245244772,0.01675013048182734,0.15134504312494867,101.67501304818273,9835.258929166504,96.73209893265582,0
univ3-full-range-zero-fee,166,10000,1108.4243203094577,-1403.7067330015816,1403.7067330015816,-295.2824126921239,190598.96191805732,111042.41265663743,0.6318727402260254,11638,6814,202186.94242114376,0.08951073712921315,0.3226212971153612,108.95107371292131,9178.43257876761,84.24358471801214,0
univ3-full-range-zero-fee,167,10000,193.23708224649675,-249.05188567949796,249.05188567949796,-55.8148034330012,55758.98547312439,11609.927377538495,0.8276663985468445,4968,3604,72062.51472150558,0.0934108170081639,0.13941238594391236,109.34108170081639,9145.693660808458,83.73482049058491,0
univ3-full-range-zero-fee,168,10000,210.04395618439236,-219.31121028656247,219.31121028656247,-9.267254102170114,70958.39625496946,38419.795408308026,0.6487435491109235,5424,2520,59209.74382390764,-0.008523342633674389,0.039059903971676,99.14766573663256,10085.966540239713,101.40934073146617,0
univ3-full-range-zero-fee,169,10000,521.573783636009,-689.0753236599425,689.0753236599425,-167.50154002393344,144677.96849888333,39154.06572209843,0.7870117366213121,9750,5853,163252.56886290546,-0.08955489971124166,0.16376881450779862,91.04451002887583,10983.63956945107,121.41388861505814,0
univ3-full-range-zero-fee,170,10000,462.2997945355686,-1276.3337348661871,1276.3337348661871,-814.0339403306185,116642.86255909885,64273.79267445435,0.6447325836779344,7019,7576,256803.71319374203,0.06001147366005071,0.18846485016496956,106.00114736600507,9433.86079062531,88.99655015191802,0
univ3-full-range-zero-fee,171,10000,664.4987213325318,-917.3662126543906,917.3662126543906,-252.86749132185878,145769.15242769566,56578.288773152715,0.7203903917075305,8359,6381,181258.50378765518,0.060693839976343755,0.216134182228285,106.06938399763438,9427.791793984039,88.88289485925085,0
univ3-full-range-zero-fee,172,10000,192.14175089558168,-197.82870043574243,197.82870043574243,-5.686949540160754,73900.74541068732,21683.271464097605,0.7731496104364112,6869,2478,57006.973747854776,-0.0016166134986981718,0.031256440477502284,99.83833865013018,10016.19277176468,100.12704678278762,0
univ3-full-range-zero-fee,173,10000,937.6174803318294,-936.9726488815601,936.9726488815601,0.6448314502692938,144138.1482208641,37538.266888115744,0.7933784257819146,8308,3382,111573.04236301551,0.0010943409681006245,0.1681373300274568,100.10943409681006,9989.069132096842,99.82540720581034,0
univ3-full-range-zero-fee,174,10000,703.53129014771,-707.1129306403786,707.1129306403786,-3.581640492668612,169850.97006505693,46626.88191488596,0.7846113055519138,10068,3880,125872.52419476381,-0.00761355247631414,0.03920269282824464,99.23864475236859,10076.7203371917,101.54059972097969,0
univ3-full-range-zero-fee,175,10000,515.5239986658489,-826.6019289568807,826.6019289568807,-311.07793029103175,96356.56459897102,39249.00508512773,0.710564948205589,5752,6357,168373.25469663614,0.1852010152737482,0.21387603524414842,118.52010152737482,8437.387724617847,71.18943770981471,0
univ3-full-range-zero-fee,176,10000,487.83550106437974,-647.2068817867178,647.2068817867178,-159.37138072233802,143638.38582068242,63121.26727489064,0.694711872796027,10703,5780,152664.60848053772,-0.061629208753499254,0.12389790573618115,93.83707912465007,10656.76910827842,113.5668795006855,0
univ3-full-range-zero-fee,177,10000,636.4283862685468,-636.6639399485556,636.6639399485556,-0.23555368000882027,152711.40853075782,41306.99256646403,0.7870975519184633,10850,3672,108552.5328470592,-0.00665172964458705,0.10534006492392223,99.3348270355413,10066.963444556546,100.99498380035627,0
univ3-full-range-zero-fee,178,10000,122.83511700398826,-264.98939476133427,264.98939476133427,-142.154277757346,45253.52843267644,15956.508235994892,0.73931549294167,4005,4834,97967.3222986517,0.0008537579549940233,0.0709083901724307,100.0853757954994,9991.470128874142,99.99833791850422,0
univ3-full-range-zero-fee,179,10000,242.47145792102043,-853.6544157988034,853.6544157988034,-611.1829578777829,85148.7747257391,40656.73613737792,0.6768286551324879,9932,7198,189176.97286576775,0.25565290813875136,0.5570450165676377,125.56529081387514,7963.984804907158,63.44613090760936,0
univ3-full-range-zero-fee,180,10000,861.8699601763856,-1233.2510471214262,1233.2510471214262,-371.3810869450406,173086.20039395086,73937.92110706081,0.7006854202829014,11543,7009,197790.92882355637,0.7645994249690671,0.7797577081081858,176.4599424969067,5667.008836196594,32.75481328719678,0
univ3-full-range-zero-fee,181,10000,797.7941737555627,-1058.975807191709,1058.975807191709,-261.1816334361463,89385.3225989014,23747.676834166738,0.790090628259031,4248,6084,159994.9800924626,0.17835042062076367,0.22702496454349913,117.83504206207637,8486.44024402024,71.87378761762875,0
univ3-full-range-zero-fee,182,10000,551.7366249193699,-963.0181334103391,963.0181334103391,-411.28150849096926,106688.45718367532,54217.08416189037,0.6630502361292077,5969,6782,193687.1725875805,0.03404789498166281,0.20634937464694303,103.40478949816628,9670.732517234988,93.43126881151193,0
univ3-full-range-zero-fee,183,10000,531.9067092102237,-1085.1563045572893,1085.1563045572893,-553.2495953470657,134762.91216949568,31041.26465443132,0.8127835785017945,10113,7203,229922.69760072159,0.029918007065083144,0.1535543073744728,102.99180070650831,9709.511587823716,94.42813841375441,0
univ3-full-range-zero-fee,184,10000,313.9400592040204,-1516.3436437490623,1516.3436437490623,-1202.403584545042,114994.74574268,57120.70861047466,0.668125626341074,9530,7829,315583.6932561563,-0.3928298902693658,0.393402491371208,60.71701097306342,16469.85126035382,271.3474029751538,0
univ3-full-range-zero-fee,185,10000,328.81964931302946,-637.9352328280264,637.9352328280264,-309.11558351499696,76196.6106676174,26125.786602739765,0.7446718675510506,4482,6245,163483.5950961646,-0.046257581118265986,0.18360400886784917,95.3742418881734,10485.011827560938,109.93580381075877,0
univ3-full-range-zero-fee,186,10000,349.938932604433,-371.58715988618764,371.58715988618764,-21.648227281754657,104898.81251851853,28462.650517153183,0.7865751479530488,7409,3438,89418.5734597893,-0.01573641548759582,0.033075767031317295,98.42635845124042,10159.880650811774,103.26098876111455,0
univ3-full-range-zero-fee,187,10000,245.34494765923688,-281.0830692050166,281.0830692050166,-35.738121545779734,70691.35255525522,40346.543779153166,0.6366416772014206,4562,3090,71861.67393604745,-0.009651639231905875,0.048299256633536486,99.03483607680941,10097.457385734988,102.17040937157365,0
univ3-full-range-zero-fee,188,10000,299.34377257986824,-1490.2615412325613,1490.2615412325613,-1190.917768652693,98222.94012579595,24699.699481681688,0.7990630565650565,8965,7883,291473.7010581404,0.0005069897949685754,0.2855768591293392,100.05069897949686,9994.933496823422,99.984134307965,0
univ3-full-range-zero-fee,189,10000,467.000577998966,-982.3977682715782,982.3977682715782,-515.3971902726123,124435.05096791436,56643.34685630572,0.6871888224276668,8726,7097,208874.84330431974,0.11173323316819123,0.27417870375260195,111.17332331681912,8994.964264960616,80.90954839688911,0
univ3-full-range-zero-fee,190,10000,467.1239349966279,-702.126029173482,702.126029173482,-235.00209417685414,80811.89360714942,13481.372557043853,0.8570271971110993,5174,5856,141410.64490478794,0.29340721034789624,0.3774342703853159,129.34072103478962,7731.51744706624,59.70296125969308,0
univ3-full-range-zero-fee,191,10000,568.9370111974389,-1222.8513912159056,1222.8513912159056,-653.9143800184667,131187.9801447422,98739.50435759545,0.5705624120086802,8715,7342,226959.20726950618,0.5522053466720638,0.5522053466720638,155.22053466720638,6442.446897270592,41.520139820593194,0
univ3-full-range-zero-fee,192,10000,615.1348672720752,-815.2289647366492,815.2289647366492,-200.09409746457402,100676.96954308491,32045.159948273915,0.7585545072921672,5186,5732,153837.67163413038,0.05540439634929925,0.11542871136952883,105.54043963492992,9475.041543480434,89.90022131856176,0
univ3-full-range-zero-fee,193,10000,518.1104172407323,-547.9830030603148,547.9830030603148,-29.87258581958247,112580.59416724757,20219.77902353988,0.8477430557029297,6644,3570,101888.94705735953,-0.06774854328838927,0.10519248295119794,93.22514567116107,10726.720199651034,114.77862858144684,0
univ3-full-range-zero-fee,194,10000,221.93534315400854,-498.73034792042256,498.73034792042256,-276.795004766414,75529.76262313292,33513.77687438172,0.6926569237497506,7782,6087,140149.69426565678,0.10733635578390648,0.18430226882076156,110.73363557839065,9030.680296642355,81.8583582561802,0
univ3-full-range-zero-fee,195,10000,490.8865185801429,-663.700108489367,663.700108489367,-172.81358990922416,149164.90183386623,69599.168658071,0.6818528357898874,10555,5934,155371.53646264607,0.23597527201820084,0.2998591010613555,123.59752720182009,8090.777291979893,65.52057441264236,0
univ3-full-range-zero-fee,196,10000,629.6414933164172,-650.8418668782534,650.8418668782534,-21.200373561836273,129417.61553115079,50204.46569104662,0.7204994767378163,6383,3648,112467.12501014749,-0.05262645721975488,0.09251862830184635,94.73735427802451,10555.499034096532,111.53046569883209,0
univ3-full-range-zero-fee,197,10000,944.7544960858387,-1459.1732658668186,1459.1732658668186,-514.4187697809799,188010.3998482095,105891.65721644335,0.6397042665368307,10294,7328,252439.58791040588,-0.0437987303514906,0.1098394295240567,95.62012696485094,10458.050226471032,109.37046831301399,0
univ3-full-range-zero-fee,198,10000,354.24829606339,-788.5771005153152,788.5771005153152,-434.32880445192524,115087.8922767894,58342.43430177733,0.6635972759046426,9014,6864,189150.53738876793,0.040328600484091905,0.17914323588963726,104.03286004840919,9612.348194755246,92.39607552260667,0
univ3-full-range-zero-fee,199,10000,373.4395305771571,-910.1830402368322,910.1830402368322,-536.743509659675,79173.03640800613,15211.605548215031,0.8388338904196861,7316,6969,188571.8427153337,0.23111559416782712,0.37308147690382554,123.11155941678271,8122.714570232164,65.97886838948915,0
univ3-full-range-zero-fee,200,10000,174.176650673259,-1004.1030163508995,1004.1030163508995,-829.9263656776404,57823.03351586952,28481.56500345149,0.6699878628474784,6292,7464,202658.5286069875,0.7927975262550521,0.7927975262550521,179.2797526255052,5577.874936406755,31.11320204960449,0
univ3-full-range-zero-fee,201,10000,224.5431364889748,-1156.0815794060939,1156.0815794060939,-931.538442917119,65130.30848356835,21881.521229455484,0.7485224560657608,5658,7540,250844.26389886346,-0.23743136211495114,0.25311251452942457,76.25686378850489,13113.574764991583,172.37792516449392,0
univ3-full-range-zero-fee,202,10000,403.59423263387976,-1346.5651802868408,1346.5651802868408,-942.9709476529611,105145.00814200767,33326.17988198993,0.7593276958365205,9433,7685,256337.44086873348,0.17647158783300568,0.35295595836272753,117.64715878330057,8499.993386977625,72.30082144211484,0
univ3-full-range-zero-fee,203,10000,850.4669919867378,-1097.0029062265319,1097.0029062265319,-246.53591423979412,115546.9932845089,31949.119673380617,0.7833900905408797,6084,6252,164709.10004255158,0.3141720522453656,0.5131212175942989,131.41720522453656,7609.354080769623,57.902198364854954,0
univ3-full-range-zero-fee,204,10000,811.4492939307876,-1359.1022275364912,1359.1022275364912,-547.6529336057037,192232.671539389,72576.68047673139,0.7259285598330634,11791,7375,255981.3442106491,-0.12792300950450156,0.15777606516868872,87.20769904954984,11466.878725839435,131.48932780081054,0
univ3-full-range-zero-fee,205,10000,272.5963694772423,-417.2942602911948,417.2942602911948,-144.69789081395248,84359.83641387743,18095.21272255352,0.8233838851762433,6708,5261,122584.51403624444,-0.03374798548964165,0.07594254299635451,96.62520145103584,10349.267527942324,107.1066617850174,0
univ3-full-range-zero-fee,206,10000,830.5771383652054,-847.1080477867541,847.1080477867541,-16.5309094215487,161561.74322539402,47416.1868083253,0.7731043330715616,8269,3979,130282.06826706226,0.12256170034447593,0.1727318947754172,112.25617003444759,8908.196794994168,79.35603674676747,0
univ3-full-range-zero-fee,207,10000,289.27607584610826,-327.41968366655146,327.41968366655146,-38.14360782044321,93445.47562400473,43908.989836121786,0.6803235359765686,7186,3808,87061.15475445466,0.0477144133458178,0.07650276086178437,104.77144133458178,9544.586187335648,90.7594439157596,0
univ3-full-range-zero-fee,208,10000,331.5217566871677,-366.1424397520737,366.1424397520737,-34.62068306490602,81766.51560194725,24520.0490743672,0.7693024593556047,5499,3343,80839.62736559467,0.0750874093050777,0.08844892864724031,107.50874093050777,9301.569631636083,86.60562109209545,0
univ3-full-range-zero-fee,209,10000,456.67120370673706,-458.82394312965204,458.82394312965204,-2.1527394229149763,135795.18056088613,56583.90638332711,0.7058728821197934,9233,3516,99403.9081999152,0.010146576013092386,0.045091091325485735,101.01465760130924,9899.55404047817,98.00199013650169,0
univ3-full-range-zero-fee,210,10000,334.8332475559937,-340.0667295848331,340.0667295848331,-5.233482028839433,94565.89136980253,19590.771359088518,0.828386964976242,6702,2726,75106.20169345109,-0.012268162571207171,0.03519118382187344,98.77318374287928,10124.205869731788,102.27583272581126,0
univ3-full-range-zero-fee,211,10000,295.3787612881051,-878.3321488119498,878.3321488119498,-582.9533875238446,71139.34839693292,19100.03123895678,0.788340397329589,5063,7100,214786.46781671935,-0.12026663122578739,0.20586518244178906,87.97333687742126,11367.081232734638,129.21013403521889,0
univ3-full-range-zero-fee,212,10000,1087.7308769870124,-2718.534608992527,2718.534608992527,-1630.8037320055146,236144.31462079848,58813.63274942527,0.8006033291396488,10815,8284,450411.4237428937,-0.4064462302594018,0.4310847914897089,59.35537697405982,16847.675917006865,284.2480316052466,0
univ3-full-range-zero-fee,213,10000,467.7325432519374,-1727.1824612798023,1727.1824612798023,-1259.449918027865,138684.83298010108,43585.974473306705,0.7608724343614477,11466,7951,324188.39224838506,0.2048362773739727,0.31776346581117054,120.48362773739727,8299.883549383794,69.24468368883747,0
univ3-full-range-zero-fee,214,10000,589.6140806162779,-692.5572766508018,692.5572766508018,-102.94319603452391,159615.9654511883,74694.36676805974,0.6812160775813889,9084,5414,151568.5491462611,-0.04535129291498805,0.07263163206487548,95.4648707085012,10475.058180032082,109.72608520405835,0
univ3-full-range-zero-fee,215,10000,224.02778575017143,-380.22956732291783,380.22956732291783,-156.2017815727464,59409.28432559326,17633.81554968566,0.7711175228121385,4043,5220,115386.84751979577,0.01584378886572537,0.09038260088505609,101.58437888657254,9844.033640076814,96.90540235547302,0
univ3-full-range-zero-fee,216,10000,127.13548440663209,-184.34291266145277,184.34291266145277,-57.207428254820684,50408.651072968285,17650.683674582247,0.7406574169428317,5126,3535,67829.65214646205,-0.06653605994784215,0.06833935588751572,93.34639400521579,10712.787086952258,114.76331468946934,0
univ3-full-range-zero-fee,217,10000,369.3645543637472,-1372.0653183175784,1372.0653183175784,-1002.7007639538313,124617.7173945009,80173.05359282282,0.6085123699359214,8007,7732,310587.8010742062,-0.4478743061768808,0.4606853394542785,55.21256938231192,18111.820353865594,328.77473811409266,0
univ3-full-range-zero-fee,218,10000,438.7875094548329,-479.2163108286235,479.2163108286235,-40.42880137379058,138291.61903110304,43009.886201115114,0.7627714885983635,10360,4386,113565.46687156195,-0.05732402287222129,0.07323226160628835,94.26759771277787,10608.099718222207,112.78941581322782,0
univ3-full-range-zero-fee,219,10000,369.9877388459296,-486.8371462766426,486.8371462766426,-116.84940743071303,98426.58452662667,25516.807990190897,0.7941253061414421,8945,5002,115349.64225243064,-0.047766345449228,0.12388012382928508,95.2233654550772,10501.62496819548,110.29641023208549,0
univ3-full-range-zero-fee,220,10000,400.86661496468776,-429.20715380250107,429.20715380250107,-28.340538837813313,130648.74005277503,57947.3112047773,0.6927437726379395,9176,4125,106108.89996658207,0.007739809289972612,0.042413645905035935,100.77398092899726,9923.19699697728,98.7563300744678,0
univ3-full-range-zero-fee,221,10000,113.03287110779812,-732.2235346173119,732.2235346173119,-619.1906635095138,44128.693512356316,14087.812588113697,0.7580099952442877,4628,7030,199411.64369855297,-0.05259639372405374,0.1422221896842423,94.74036062759463,10555.164158993939,111.41168931313693,0
univ3-full-range-zero-fee,222,10000,189.66188492065248,-607.8552538940196,607.8552538940196,-418.1933689733671,67142.40545471135,17243.958379295662,0.7956546816827473,6266,6546,176886.49526748495,-0.11914301031221854,0.17369171746367867,88.08569896877815,11352.581427719268,128.64247561923003,0
univ3-full-range-zero-fee,223,10000,556.9974381818506,-1144.5488311185043,1144.5488311185043,-587.5513929366537,107798.07988025172,26860.66819104127,0.8005278633897569,5729,7247,233415.34670932728,-0.07850907746856307,0.1342975575848996,92.14909225314369,10851.97958965953,117.63821917798023,0
univ3-full-range-zero-fee,224,10000,684.186266284702,-1507.3295935576766,1507.3295935576766,-823.1433272729746,163025.30193521132,86542.82203220793,0.6532296646846375,9852,7640,268456.4411142763,0.07229835790314439,0.3578888018692092,107.22983579031444,9325.763426957752,87.56235304753778,0
univ3-full-range-zero-fee,225,10000,142.2270878407686,-848.7728664900679,848.7728664900679,-706.5457786492993,50682.70620423368,21037.291082517815,0.7066746810041509,4735,7174,217185.45980610693,-0.15163693664204445,0.17901513308002492,84.83630633579556,11787.406964481383,138.8464263594924,0
univ3-full-range-zero-fee,226,10000,232.54239035177886,-650.1204588971195,650.1204588971195,-417.57806854534067,88784.04436716638,23941.49819393383,0.787612482051644,8642,6716,190219.32399212837,-0.24385923577654067,0.2756664321237372,75.61407642234593,13225.052061578905,174.5364242223458,0
univ3-full-range-zero-fee,227,10000,180.33521429345788,-1073.4629369231739,1073.4629369231739,-893.127722629716,56908.43922960811,24060.78132874196,0.7028403983288604,5107,7549,233276.33630869375,0.2890402883657566,0.4908426313489085,128.90402883657566,7757.709809969405,60.317391349748426,0
univ3-full-range-zero-fee,228,10000,710.7538835611147,-1813.9474652391264,1813.9474652391264,-1103.1935816780117,153256.06788625452,42992.878324720696,0.7809268321955641,9856,7939,298750.50357842905,0.16371416896230429,0.21677704454122534,116.37141689623043,8593.176084224886,73.84290400801531,0
univ3-full-range-zero-fee,229,10000,656.9446410088577,-1258.413964184399,1258.413964184399,-601.4693231755413,183852.26258099725,71334.78452349051,0.7204607940218765,11467,7548,261614.69646879414,-0.07649533232408359,0.2028551926352715,92.35046676759164,10828.316700595697,117.3265333682859,0
univ3-full-range-zero-fee,230,10000,505.53104645336794,-1708.0158462628185,1708.0158462628185,-1202.4847998094506,133438.90154148478,62361.216615118545,0.6815057253170742,8499,7891,325654.3670407926,-0.023262228148978607,0.39125869282366016,97.67377718510214,10238.163310493477,105.4279823870154,0
univ3-full-range-zero-fee,231,10000,538.3829976067238,-576.0144917282514,576.0144917282514,-37.63149412152757,111507.1284809098,23634.050663916543,0.8251158468982374,5854,3880,107652.03969302647,-0.013172853615903505,0.06916318848880536,98.68271463840965,10133.487425492971,102.69018879406573,0
univ3-full-range-zero-fee,232,10000,487.8485829800897,-503.925615799398,503.925615799398,-16.077032819308272,89292.47536695858,25019.57281367352,0.7811291704428354,4270,2713,82876.50006746629,0.017248898952304473,0.043960583958046584,101.72488989523045,9830.436136130376,95.87193177792206,0
univ3-full-range-zero-fee,233,10000,456.1254140468754,-760.315572056443,760.315572056443,-304.1901580095676,124871.04559544867,55501.07681708221,0.6922968135278402,7847,6469,179908.7830839138,0.119709858635903,0.13420751491658806,111.9709858635903,8930.885580327544,79.76077115787699,0
univ3-full-range-zero-fee,234,10000,150.70890092823035,-208.64200449080886,208.64200449080886,-57.93310356257851,71174.92405810312,37969.48932767545,0.6521169691620438,6824,3864,78633.78713645649,-0.1282523081035552,0.16329646352375235,87.17476918964448,11471.209710864397,132.19781396251048,0
univ3-full-range-zero-fee,235,10000,1049.9392974748393,-1870.323390741944,1870.323390741944,-820.3840932671046,161469.25874836007,61027.36842836623,0.7257155346454176,9120,7758,265149.3793146459,0.1906372060686938,0.4991480930497207,119.06372060686938,8398.86462183267,70.6910179816114,0
univ3-full-range-zero-fee,236,10000,225.1175374782628,-865.3234627946473,865.3234627946473,-640.2059253163845,60843.14248176459,25611.50509380278,0.7037579145595783,5167,7179,203262.2571484986,0.21974396435674193,0.42362381924947984,121.9743964356742,8198.44228870682,67.21480809917236,0
univ3-full-range-zero-fee,237,10000,467.507797096149,-578.5582418369561,578.5582418369561,-111.05044474080711,96606.79067804165,41899.87932020628,0.6974883641290611,5676,4996,123590.19306572988,0.0409150658363123,0.10804197086575855,104.09150658363123,9606.932230624736,92.4113136470382,0
univ3-full-range-zero-fee,238,10000,295.596655092286,-1202.6156050435554,1202.6156050435554,-907.0189499512694,101293.78143640034,45890.371467547695,0.6882111928347638,9902,7637,244991.03943023083,0.5281547181071392,0.6569861922160624,152.81547181071392,6543.840397613517,42.80061201675412,0
univ3-full-range-zero-fee,239,10000,434.23279953588974,-714.5372527288262,714.5372527288262,-280.3044531929364,102909.55675015459,58469.54889905039,0.6376882331585877,7926,6191,159871.8248933865,0.16103882400501504,0.2063006541181771,116.1038824005015,8612.97691966967,74.2257792015887,0
univ3-full-range-zero-fee,240,10000,1403.654812077553,-1424.6704178091204,1424.6704178091204,-21.015605731567348,231896.79077076862,73040.85926165411,0.7604728072972032,11735,4929,176007.95546920557,0.026545203793125863,0.13702923231337494,102.65452037931259,9741.41301549092,94.64523357043299,0
univ3-full-range-zero-fee,241,10000,327.0559651608172,-430.62414953935644,430.62414953935644,-103.56818437853923,74917.73972113458,21067.382420913415,0.7805140843626174,5044,4514,107604.30182261173,-0.18999514765703496,0.19542244294358724,81.0004852342965,12345.605749066803,152.4143206434038,0
univ3-full-range-zero-fee,242,10000,381.6429939469332,-382.2615994703278,382.2615994703278,-0.6186055233945922,105958.02355151444,29830.026961273063,0.7803192044614862,7854,2828,79022.56761638667,0.006066259059916348,0.04285095084593337,100.60662590599163,9939.703703052519,98.9583810440994,0
univ3-full-range-zero-fee,243,10000,318.31732459342703,-1955.5119944775668,1955.5119944775668,-1637.1946698841398,116101.83863437882,29110.731430563526,0.799530223743409,9158,8157,402613.7527785878,-0.30657329116607657,0.42500294954210965,69.34267088339234,14421.136469940648,207.80799920429928,0
univ3-full-range-zero-fee,244,10000,258.0195748442882,-1182.4350722100207,1182.4350722100207,-924.4154973657326,80691.03740555068,20751.97585075307,0.7954321822211493,6824,7604,270728.09394654346,-0.22263630090047926,0.2552855931664655,77.73636990995207,12863.992628852604,165.48230014142715,0
univ3-full-range-zero-fee,245,10000,552.1532874987943,-1116.1328150681275,1116.1328150681275,-563.9795275693332,109726.10274081436,25912.395104055202,0.8089598785317473,6374,7138,222963.52910066687,0.23564807210103977,0.30637013376687633,123.56480721010398,8092.919629468495,65.46384509427882,0
univ3-full-range-zero-fee,246,10000,103.95175721606219,-357.7204579051173,357.7204579051173,-253.76870068905512,39524.29853746697,18071.214152239463,0.686239199751595,4108,5724,126157.76179169795,-0.00099253179318481,0.11530573712834524,99.90074682068152,10009.935646884012,100.37268906431748,0
univ3-full-range-zero-fee,247,10000,675.8172988828495,-697.770504800479,697.770504800479,-21.953205917629475,130381.52765121232,23235.78796475122,0.8487423903250617,9044,3739,106013.09455170845,-0.08287434116817352,0.13958567664174268,91.71256588318265,10903.631999739628,116.00465957405977,0
univ3-full-range-zero-fee,248,10000,649.0915847155727,-1762.366027548806,1762.366027548806,-1113.2744428332333,142098.56381915166,61482.97769193307,0.6979933581621622,7574,7906,339748.655970711,-0.25904428483405484,0.3571212911642469,74.09557151659452,13496.084589978238,182.14330186882077,0
univ3-full-range-zero-fee,249,10000,631.8040390106039,-1567.356767242089,1567.356767242089,-935.5527282314852,106866.24716340941,38824.17237091135,0.733515954617967,5852,7663,267442.2952915121,0.16988515109696947,0.37448892077087836,116.98851510969695,8547.848102018857,73.0803811305613,0
univ3-full-range-zero-fee,250,10000,814.4224743670296,-1772.3177811647906,1772.3177811647906,-957.895306797761,143466.84768965753,37343.5771466795,0.7934655748943594,7014,7785,307022.81361488416,0.0493363313365667,0.24810163195442655,104.93363313365667,9529.833660808694,90.4898072281145,0
univ3-full-range-zero-fee,251,10000,871.0936531462953,-1327.348523052451,1327.348523052451,-456.2548699061556,134203.67150762377,26481.971766671908,0.8351939151062407,6386,6947,227328.36512013912,-0.026103927405444836,0.18228390010159118,97.38960725945552,10268.036750896292,105.52670585095511,0
univ3-full-range-zero-fee,252,10000,449.57001710363755,-1055.658689882044,1055.658689882044,-606.0886727784064,139332.57108992393,35178.02240182897,0.7984189859311239,11450,7226,247254.67054313,-0.1748306914397284,0.27090113039567015,82.51693085602716,12118.726415383444,146.94629569126272,0
univ3-full-range-zero-fee,253,10000,217.50956311505178,-526.6814779025689,526.6814779025689,-309.1719147875171,84282.79275652183,26547.65993064064,0.7604660155492113,8361,6298,157003.63528450168,0.057817811403703415,0.13642570377264632,105.78178114037034,9453.42436661507,89.36704191664047,0
univ3-full-range-zero-fee,254,10000,339.0652505183481,-628.2661408743428,628.2661408743428,-289.2008903559947,80741.35194122292,45474.693612598414,0.6397075077652706,5445,6238,153672.96524237664,0.13096309390488428,0.23758797950154872,113.09630939048843,8842.02195450501,78.18074559021296,0
univ3-full-range-zero-fee,255,10000,489.6337821081019,-665.7528909553749,665.7528909553749,-176.11910884727303,134095.2362827224,44770.29749639449,0.7496985777501336,9962,5876,155553.10199575938,-0.007352501825531163,0.09183267853551427,99.26474981744688,10074.070397663603,101.52218870979752,0
univ3-full-range-zero-fee,256,10000,742.6482498356031,-954.3158937512094,954.3158937512094,-211.66764391560628,172764.46017874646,65386.75824222304,0.7254401691674669,10539,6327,187740.29777588006,-0.010551643510886919,0.10529427129749863,98.94483564891131,10106.642527292961,101.36543166143167,0
univ3-full-range-zero-fee,257,10000,440.54668236178986,-453.46101415492694,453.46101415492694,-12.91433179313708,140437.7150423651,33197.062797529,0.8088109812416756,11165,3790,103864.85988676136,-0.018742199822200264,0.04671774282253395,98.12578001777997,10191.002560501625,103.93354410602677,0
univ3-full-range-zero-fee,258,10000,567.7765818827623,-1429.2831367134088,1429.2831367134088,-861.5065548306465,132233.62430231328,85827.34234623634,0.6064066684407353,7575,7634,267439.2323629509,0.13062685201608204,0.2158783911131242,113.0626852016082,8844.651658157383,78.2283451972868,0
univ3-full-range-zero-fee,259,10000,365.5339611934813,-1048.163862664061,1048.163862664061,-682.6299014705799,102685.98118222348,23425.774358054092,0.8142459102429006,7712,7258,250790.2330727988,-0.039065590433674656,0.3442628683637025,96.09344095663253,10406.538316342041,108.29608654382311,0
univ3-full-range-zero-fee,260,10000,495.6685925837978,-893.8907351507121,893.8907351507121,-398.2221425669143,129288.23773209943,27225.735299931865,0.8260491713774335,9609,6845,204400.11344573437,-0.04432175246710699,0.14161132267892326,95.5678247532893,10463.7736352031,109.49047363123745,0
univ3-full-range-zero-fee,261,10000,326.68670703490443,-528.7407884353642,528.7407884353642,-202.05408140045972,76599.94167436121,50716.39415055514,0.6016505358723203,5201,5680,127367.5508746154,0.40084649632303043,0.4181252833678903,140.08464963230304,7138.541164455908,50.65810344203464,0
univ3-full-range-zero-fee,262,10000,412.28577706608695,-451.3578778673848,451.3578778673848,-39.072100801297836,116712.48922265088,44935.06219443857,0.7220182935001884,9995,4055,98127.55881924642,-0.028118360879030177,0.08623956880336352,97.18816391209698,10289.31950899744,106.52284600287264,0
univ3-full-range-zero-fee,263,10000,295.8292398747593,-803.5800895962993,803.5800895962993,-507.75084972154,76300.29288587529,34975.6437098553,0.6856854700138535,4367,6858,203927.1272108061,-0.1535254939855318,0.18033546029058897,84.64745060144682,11813.705628976,139.7420681636363,0
univ3-full-range-zero-fee,264,10000,247.45261028608772,-1711.370317464437,1711.370317464437,-1463.9177071783492,96745.13004693417,24994.786196935802,0.7946870100775646,8697,7989,355258.0580136151,-0.399707546462807,0.4550859656936528,60.029245353719304,16658.549164828488,277.5065921963876,0
univ3-full-range-zero-fee,265,10000,454.9498383693243,-605.6922816620686,605.6922816620686,-150.74244329274427,120397.79836173858,28290.134099201638,0.8097348343542718,9492,5606,140758.40668769562,0.07060186917747302,0.116708401605825,107.0601869177473,9340.541038557825,87.13095896679536,0
univ3-full-range-zero-fee,266,10000,422.69273016305505,-447.72620835068227,447.72620835068227,-25.033478187627225,90820.83510355986,31051.414041624634,0.7452134160202987,4878,3116,87081.66751355119,-0.02308694357051479,0.04531105970421322,97.69130564294852,10236.32587737585,104.78263269803747,0
univ3-full-range-zero-fee,267,10000,1313.2256955130615,-1314.267957857037,1314.267957857037,-1.0422623439753806,213698.62125143243,58185.173710662035,0.7859924909508708,10493,4259,159867.86757315084,-0.00817042230216387,0.07060349054755889,99.18295776978361,10082.378018087415,101.65458535084109,0
univ3-full-range-zero-fee,268,10000,500.39695025577066,-1980.5796612225372,1980.5796612225372,-1480.1827109667665,109168.12167742164,24481.70779865291,0.8168220049765531,6709,8024,362672.0095721833,-0.08432144244958494,0.36888315770691776,91.5678557550415,10920.86376570174,119.34976369164225,0
univ3-full-range-zero-fee,269,10000,134.3237871339735,-542.3078775339095,542.3078775339095,-407.984090399936,53644.38676113176,27703.8052420115,0.6594416598596189,5304,6515,161544.6150640976,0.09834425891344395,0.20167511512719286,109.8344258913444,9104.614009493564,82.89332654495395,0
univ3-full-range-zero-fee,270,10000,584.7224483952351,-969.5789556205403,969.5789556205403,-384.8565072253052,129064.75434051598,56816.59162692478,0.6943394651506513,8102,6869,193779.66533628703,0.27945577421450823,0.35269739327237176,127.94557742145082,7815.823558009027,61.016651922615246,0
univ3-full-range-zero-fee,271,10000,675.272230095597,-1340.677349743332,1340.677349743332,-665.4051196477349,179818.22938826392,119819.23132424508,0.6001193207307041,10369,7510,264967.8965034929,0.17630323945871682,0.18011981838804872,117.63032394587168,8501.20990303519,72.2700787258984,0
univ3-full-range-zero-fee,272,10000,158.9049449706167,-1045.2617820008927,1045.2617820008927,-886.356837030276,44244.002728713705,14367.706865182017,0.7548662722051298,4284,7504,217615.31406108077,0.8216564221189774,0.8216564221189774,182.16564221189773,5489.509549613815,30.13487132994103,0
univ3-full-range-zero-fee,273,10000,536.9252819237962,-1255.3277954649027,1255.3277954649027,-718.4025135411065,85006.80243382625,70208.58499028243,0.5476699433256231,5623,7418,191905.34814226738,1.2997774829663127,1.6927761691671412,229.97774829663126,4348.2468923672295,18.907137590054095,0
univ3-full-range-zero-fee,274,10000,594.3454299266078,-606.8636391835915,606.8636391835915,-12.51820925698371,90392.03661550989,15593.76280269283,0.8528693193966261,6344,2737,77099.63301464709,0.07616666944274897,0.1042204420038567,107.6166669442749,9292.241341808282,86.94610444573428,0
univ3-full-range-zero-fee,275,10000,232.15392617317528,-710.2526603262255,710.2526603262255,-478.09873415305026,89342.70917826584,40054.11543093619,0.6904551904429983,9055,6877,185821.73546229088,0.22948613632703954,0.243204858722752,122.94861363270395,8133.479783888367,66.29636097997468,0
univ3-full-range-zero-fee,276,10000,606.99336338281,-1412.1649224202365,1412.1649224202365,-805.1715590374265,161395.52881865005,89963.61598639375,0.642091334866013,10329,7618,270819.65403470444,-0.14821860478222376,0.31438085678861455,85.17813952177762,11740.102683160301,138.11822407017874,0
univ3-full-range-zero-fee,277,10000,560.7483036445191,-825.0443598448535,825.0443598448535,-264.2960562003344,152987.97097950237,35782.302180466235,0.8104452487063817,10985,6378,191549.88471137185,-0.1627646011040035,0.2208605824081994,83.72353988959965,11944.073342991822,142.15299267750655,0
univ3-full-range-zero-fee,278,10000,717.5982039270813,-1215.9237692989618,1215.9237692989618,-498.32556537188054,182537.67607517276,61634.442039671034,0.7475778867975339,11347,7204,244611.1781939412,-0.182945480272535,0.19282597360730208,81.7054519727465,12239.086700002461,149.28264857405574,0
univ3-full-range-zero-fee,279,10000,704.7937746939511,-1123.5332772646082,1123.5332772646082,-418.739502570657,165889.4131650078,97051.61724330683,0.6308996846456493,10785,7069,208005.5277134074,0.2725397397971983,0.38005285205780753,127.25397397971983,7858.301306596124,61.750290027930994,0
univ3-full-range-zero-fee,280,10000,330.48146065549986,-914.9358873822661,914.9358873822661,-584.4544267267662,93246.53085660534,29390.591174450612,0.7603450677274708,6755,7113,226078.49753292502,-0.23290622168923947,0.2696734006085276,76.70937783107605,13036.2168896763,169.94488864631452,0
univ3-full-range-zero-fee,281,10000,368.4933945360733,-459.3889312306669,459.3889312306669,-90.8955366945936,95647.30679841636,27596.213662541675,0.7760838577206678,6308,4526,112595.11799342344,-0.07480672160563899,0.11409160612925034,92.5193278394361,10808.552977474015,116.82539784415584,0
univ3-full-range-zero-fee,282,10000,280.42979761742134,-484.8137138052382,484.8137138052382,-204.38391618781685,87505.49508536975,32266.198442788413,0.7306024696461132,7427,5827,134673.10268506,0.1782307977232337,0.231620521303536,117.82307977232337,8487.301956370697,71.85428895294675,0
univ3-full-range-zero-fee,283,10000,230.53497352779698,-475.5518285815798,475.5518285815798,-245.01685505378282,66325.51638764434,29602.658853150228,0.6914080896582993,5367,5991,131196.69956030388,0.29592890452802634,0.3680626660073466,129.59289045280264,7716.473021991629,59.544311072851286,0
univ3-full-range-zero-fee,284,10000,1364.4059029027774,-1377.047120637614,1377.047120637614,-12.641217734836573,219569.2870807532,85088.64095492379,0.7207076096671955,10795,4773,168356.65881709056,-0.023474740143295064,0.12751162793495893,97.6525259856705,10240.39131342695,104.0632719251634,0
univ3-full-range-zero-fee,285,10000,328.4209985747272,-392.6101606828242,392.6101606828242,-64.18916210809698,121933.3270708672,30372.678479658214,0.800581215626573,10844,4736,112920.59040733692,-0.004260971854345854,0.09328219141608315,99.57390281456541,10042.792821156396,100.77628519878832,0
univ3-full-range-zero-fee,286,10000,469.6126459266482,-834.6804888553146,834.6804888553146,-365.0678429286664,110421.6458829227,27687.01195950889,0.7995273258603596,9570,6621,172515.80975217305,0.13192418306462586,0.40291727065896876,113.19241830646259,8834.51458726274,77.88995752428121,0
univ3-full-range-zero-fee,287,10000,438.65538094138674,-684.8626811893653,684.8626811893653,-246.20730024797854,128528.3169759196,50565.63744188631,0.7176586021216417,9782,6277,169149.4041707208,-0.07201505671226358,0.10428856095345082,92.79849432877364,10776.037820934498,115.90317231086996,0
univ3-full-range-zero-fee,288,10000,710.8378234505075,-1844.5641250000112,1844.5641250000112,-1133.7263015495037,162577.878829038,100909.41339512377,0.6170236046553809,9129,7920,305618.6686127805,0.019178904901608007,0.26367162225406743,101.9178904901608,9811.82084903641,95.42736206669963,0
univ3-full-range-zero-fee,289,10000,265.576231808139,-598.4504575525697,598.4504575525697,-332.87422574443065,71176.91805666474,25176.724811051452,0.7387050031349978,6732,6352,149799.8578516737,0.31612680988806263,0.3707611676309841,131.61268098880626,7598.052417514272,57.840803254481386,0
univ3-full-range-zero-fee,290,10000,501.13383898884655,-1390.5903406803714,1390.5903406803714,-889.4565016915249,128042.37339966717,66037.84796070139,0.659739423740237,8477,7769,268611.745199851,0.07505868720626893,0.29218225259426445,107.50586872062689,9301.818462308407,86.58954499298352,0
univ3-full-range-zero-fee,291,10000,572.2110111857212,-1024.1822181341176,1024.1822181341176,-451.97120694839646,167768.5361323953,63329.78434879417,0.7259617282508595,11036,7072,234201.74447859515,-0.19159818059406006,0.22337437369668592,80.840181940594,12370.087321772216,153.01921293116803,0
univ3-full-range-zero-fee,292,10000,940.1457894984616,-2540.3029397045157,2540.3029397045157,-1600.1571502060542,218004.0954758344,59769.69077906026,0.7848260212566871,11017,8193,449132.51662643725,-0.5527310585783624,0.5535686713853354,44.726894142163765,22357.91741925008,493.09013499152775,0
univ3-full-range-zero-fee,293,10000,119.39635011621851,-129.26977900550145,129.26977900550145,-9.873428889282934,45951.91651193686,25461.33256117906,0.6434648627300144,4357,2044,41502.34643355467,-0.019256354627927977,0.041651014935116706,98.0743645372072,10196.344749947908,103.97254062375309,0
univ3-full-range-zero-fee,294,10000,386.99804614228907,-1149.6638640506305,1149.6638640506305,-762.6658179083415,125714.4151409463,59696.345682464525,0.6780319253459048,10896,7558,246865.20068304174,0.2710478961540926,0.3109950964989301,127.10478961540926,7867.524704527679,61.9183229772161,0
univ3-full-range-zero-fee,295,10000,399.68419704537195,-633.6229812172221,633.6229812172221,-233.93878417185016,84132.92862102103,28341.451438133834,0.7480186027855595,4752,5834,151469.62456849724,-0.026627928908744138,0.11328718650504285,97.33720710912559,10273.564259956447,105.5472614564718,0
univ3-full-range-zero-fee,296,10000,386.53169741832113,-386.9892434838105,386.9892434838105,-0.4575460654893959,123636.06927209525,36362.144269656375,0.7727340608076999,9909,3246,88137.6720041375,-0.003484914747884744,0.04201174474379485,99.65150852521153,10034.971675773564,100.7854773452055,0
univ3-full-range-zero-fee,297,10000,209.28252518704303,-928.4933206924447,928.4933206924447,-719.2107955054017,70364.39883128152,27276.139356114323,0.7206473882419123,6739,7360,214991.14829367385,0.23868648727981537,0.4476712970249531,123.86864872798154,8073.068253125075,65.1742623323321,0
univ3-full-range-zero-fee,298,10000,725.4301836224045,-848.2592008906423,848.2592008906423,-122.82901726823786,122618.57414142105,26314.527693343232,0.8233131025328524,6617,5200,148287.93154241293,-0.1132685699339882,0.21954508503966863,88.67314300660118,11277.372490737269,126.87282753788942,0
univ3-full-range-zero-fee,299,10000,619.7978570215004,-826.2112092944127,826.2112092944127,-206.41335227291233,172365.18486673088,79032.1431093256,0.6856285476635903,11606,6263,174198.5633218825,0.15055609624112265,0.2307569523746895,115.05560962411226,8691.449983886698,75.61270530574372,0
univ3-full-range-zero-fee,300,10000,480.37387704230974,-492.2945381397507,492.2945381397507,-11.920661097440984,146029.38693024867,31043.489252714353,0.8246852373898403,10788,3790,108561.63969351847,-0.013984717750593774,0.030015395013849967,98.60152822494062,10141.83137629012,102.79312941173237,0
univ3-full-range-zero-fee,301,10000,560.4250776893463,-1073.2064742578816,1073.2064742578816,-512.7813965685353,107721.38377750291,49768.61784903306,0.6839887146166148,6803,7037,207574.45991505467,0.25774976043171177,0.3934526293389229,125.77497604317118,7950.707576132287,63.168482125548095,0
univ3-full-range-zero-fee,302,10000,612.2203265640791,-633.6739076294912,633.6739076294912,-21.453581065412095,132033.50305503097,53882.90431699313,0.7101767128644441,7709,3813,110927.28380288821,-0.0097541777046456,0.07137945881690555,99.02458222953544,10098.50317119825,101.9797741604915,0
univ3-full-range-zero-fee,303,10000,1007.7021322761666,-1152.1862810979392,1152.1862810979392,-144.48414882177258,179840.91752701707,37240.25114610802,0.8284501075163117,9411,5856,184519.96081170475,-0.0014726940324773351,0.10276717586747793,99.85273059675227,10014.749410254512,99.98327419905475,0
univ3-full-range-zero-fee,304,10000,257.80340300118047,-1048.73062914107,1048.73062914107,-790.9272261398896,87904.56456758628,23710.086384476544,0.7875719165698082,8669,7374,240101.2461057619,0.11690560987116867,0.24102691626056383,111.69056098711687,8953.308694350075,80.1618422792759,0
univ3-full-range-zero-fee,305,10000,160.3231403335514,-288.7138892278679,288.7138892278679,-128.39074889431652,54966.95600443585,14485.84238671959,0.7914289600667219,4148,4723,101522.21216889229,-0.09014346681840152,0.14118273353338226,90.98565331815985,10990.744248107072,120.98806606627531,0
univ3-full-range-zero-fee,306,10000,448.0250779159858,-466.5013660263407,466.5013660263407,-18.476288110354915,127077.40897730443,91164.60537396805,0.5822774746422857,8671,3766,98988.22629543771,0.06395538601644375,0.11373787553032301,106.39553860164438,9398.89088454176,88.33883802758481,0
univ3-full-range-zero-fee,307,10000,806.9587036280261,-1742.9801222319752,1742.9801222319752,-936.0214186039491,97730.59138184093,21776.788922661726,0.817778710677325,4583,7587,258445.6947529213,0.684001663492013,0.7671710265814699,168.4001663492013,5938.236630192562,35.262454488288526,0
univ3-full-range-zero-fee,308,10000,305.14041727263276,-746.5947263586037,746.5947263586037,-441.4543090859709,93707.39588636761,54936.2411715153,0.6304164627637392,7481,6777,187318.23147876695,0.18353072219433386,0.1926681979480277,118.35307221943339,8449.295320013087,71.39019780118406,0
univ3-full-range-zero-fee,309,10000,281.16203760314727,-610.6118226351865,610.6118226351865,-329.44978503203924,65479.58919031481,18825.034019085433,0.7767022340835705,5254,6209,154000.13870043878,0.16156265258544977,0.20506120962840016,116.15626525854498,8609.092633984932,74.06469152766799,0
univ3-full-range-zero-fee,310,10000,489.4209281637079,-692.5195789777322,692.5195789777322,-203.09865081402427,143967.18270549152,63750.20824865376,0.6930916185889945,10552,5982,160455.12403842722,0.09882244312607355,0.1051193250340566,109.88224431260736,9100.652067283834,83.06030370845933,0
univ3-full-range-zero-fee,311,10000,726.8188583225046,-972.2567552362007,972.2567552362007,-245.43789691369602,180222.95291935824,54318.452386476194,0.7684057008371435,11094,6472,203265.37755197828,-0.08747979995501509,0.15432749934928552,91.25202000449849,10958.662535317188,120.39333735672653,0
univ3-full-range-zero-fee,312,10000,454.3243613245148,-515.1435438742394,515.1435438742394,-60.81918254972459,127131.93681349761,21348.34061085922,0.8562210350008598,9673,4584,119905.06775700128,-0.11571656733791855,0.15930324059544532,88.42834326620815,11308.592260431245,128.03620268275165,0
univ3-full-range-zero-fee,313,10000,480.78472971731685,-513.0044743220847,513.0044743220847,-32.21974460476781,128585.06005291794,65936.74473504463,0.6610316010232445,7458,4089,111203.76286754434,-0.04385419675978753,0.04385419675978753,95.61458032402125,10458.65657743417,109.12406973599073,0
univ3-full-range-zero-fee,314,10000,472.9621084021623,-1425.4927877154619,1425.4927877154619,-952.5306793132995,108491.52427218495,40622.18228876178,0.727575799531491,7826,7724,261543.66814922928,0.47863714691624976,0.545677207109788,147.86371469162498,6762.984783072759,45.73847996385439,0
univ3-full-range-zero-fee,315,10000,746.541045898372,-1745.0790226147287,1745.0790226147287,-998.5379767163568,179857.7346063323,70960.0790889044,0.7170851701341817,11412,7797,319262.73742665845,-0.319614677828781,0.35169453224961145,68.0385322171219,14697.556002412453,216.21833919433251,0
univ3-full-range-zero-fee,316,10000,374.50323799519407,-1197.455229358261,1197.455229358261,-822.951991363067,77372.60853608012,61121.83575469037,0.5586694031829575,5661,7499,215567.46581581325,0.8206141123718222,1.0963137137206604,182.06141123718223,5492.652340626128,30.169280603748007,0
univ3-full-range-zero-fee,317,10000,315.049999188979,-559.554746248655,559.554746248655,-244.504747059676,116611.49808968444,29645.21476907068,0.7973069803797653,10377,6141,159802.98306788105,0.02811462061353879,0.14192849293010767,102.81146206135388,9726.542720184938,94.60567878562699,0
univ3-full-range-zero-fee,318,10000,1031.0022245487166,-1487.3651354750423,1487.3651354750423,-456.36291092632564,162778.0830665887,33777.975688244136,0.8281509310767373,9638,7054,222128.18174825274,0.1702545804445235,0.3544461508820618,117.02545804445235,8545.149811663572,73.23341597513519,0
univ3-full-range-zero-fee,319,10000,416.3919557584399,-677.322797080014,677.322797080014,-260.93084132157406,108567.13202187614,35287.08167090724,0.7547024813171846,7593,6122,160541.93372948698,0.11475876099525464,0.1158906106051552,111.47587609952546,8970.551253319189,80.54127455886922,0
univ3-full-range-zero-fee,320,10000,288.4654109297039,-339.7264489931179,339.7264489931179,-51.26103806341399,69535.82194387155,28512.863913605004,0.7091968784257724,4192,3456,82137.21921303462,-0.08521005901962696,0.12857512038037242,91.4789940980373,10931.471753166737,119.30523616592417,0
univ3-full-range-zero-fee,321,10000,398.4666678824846,-675.7632105962523,675.7632105962523,-277.2965427137677,121215.04777016796,39389.64542760832,0.7547416290064325,10049,6300,162493.61152582755,0.12076735155935595,0.20500364480297933,112.0767351559356,8922.458980477008,79.383797537046,0
univ3-full-range-zero-fee,322,10000,152.96926439293816,-290.4211290378065,290.4211290378065,-137.45186464486835,53952.18363993536,22567.766144350935,0.7050734323797829,4745,4845,97765.3745921001,0.05701622203853105,0.1768019279348617,105.7016222038531,9460.593160331762,89.50265190011257,0
univ3-full-range-zero-fee,323,10000,569.2109642059252,-1080.0920467909402,1080.0920467909402,-510.88108258501506,118399.21117506715,40917.21705509084,0.7431701331140854,8108,7037,205696.45007904322,0.2464629375177266,0.42673576945684716,124.64629375177266,8022.701924407125,64.41284481911472,0
univ3-full-range-zero-fee,324,10000,123.35031155676216,-182.70458509970146,182.70458509970146,-59.354273542939296,48703.41070418083,23858.387807290674,0.6711990565735655,4601,3492,66859.45817942689,-0.048761730797914994,0.051672995522796444,95.1238269202085,10512.61364041788,110.53762081098655,0
univ3-full-range-zero-fee,325,10000,604.3460001833146,-967.7852980667561,967.7852980667561,-363.43929788344155,119997.09186087905,32404.250564265465,0.7873755568775153,6888,6717,191763.8450935961,0.06279716358088493,0.2966074480184923,106.27971635808849,9409.133716951314,88.53201256206908,0
univ3-full-range-zero-fee,326,10000,110.85097835245627,-398.3678773861898,398.3678773861898,-287.5168990337335,49145.083157637535,26046.783194061754,0.65359573504624,4509,5882,143028.07809722985,-0.03577913298308886,0.2027726400852214,96.42208670169111,10371.06834353191,107.76756774471322,0
univ3-full-range-zero-fee,327,10000,460.03131500684447,-475.27127864116676,475.27127864116676,-15.239963634322294,102441.59927166902,42910.333256810874,0.7047831940699988,5325,3007,89147.43590212759,0.04710441176848974,0.0662300285813548,104.71044117684897,9550.146366378618,90.85897714735844,0
univ3-full-range-zero-fee,328,10000,289.4531880206081,-1087.7113394621306,1087.7113394621306,-798.2581514415225,73338.67062168225,47640.805691552436,0.6062075391349605,5367,7510,221349.28937159237,0.550707246875881,0.58727520306808,155.0707246875881,6448.670716896086,40.753389784457795,0
univ3-full-range-zero-fee,329,10000,560.352012717357,-721.4074436971059,721.4074436971059,-161.05543097974896,138039.67350192746,74139.2261530458,0.650581531558489,10028,5932,152572.70271333904,0.03320057161533185,0.11630916555399992,103.32005716153319,9678.663586504152,93.56275568572572,0
univ3-full-range-zero-fee,330,10000,354.2463809994868,-817.3813551442499,817.3813551442499,-463.13497414476313,81322.12075155192,55468.791624036814,0.5944994396138292,5909,6945,167071.4196882066,0.482672967154962,0.7517261246117835,148.2672967154962,6744.575947258817,45.87125524823195,0
univ3-full-range-zero-fee,331,10000,739.3721446820198,-1237.3720734690828,1237.3720734690828,-497.999928787063,190260.79861241268,55858.98519114041,0.7730414665253984,11509,7207,247290.1214942023,-0.05413239545740723,0.17406089309819464,94.58676045425928,10572.30517536262,111.84763406821621,0
univ3-full-range-zero-fee,332,10000,284.13754684968904,-324.0740772246104,324.0740772246104,-39.93653037492135,100951.08372675173,38885.036887140064,0.7219242301886549,9289,3892,88301.41695117696,0.020136912329318902,0.03773433173829332,102.01369123293189,9802.606406393803,96.18037729242826,0
univ3-full-range-zero-fee,333,10000,735.6033925682113,-1445.5997408582443,1445.5997408582443,-709.996348290033,146154.80166209795,34152.441673196925,0.8105875224896656,8866,7479,266185.6349623693,-0.024522863633258254,0.15988478557527658,97.54771363667417,10251.394367536293,106.66347682725883,0
univ3-full-range-zero-fee,334,10000,360.39098450635305,-1369.7183290067862,1369.7183290067862,-1009.3273445004331,76541.45817822922,16877.457849028142,0.8193357558965498,6178,7668,247013.13174152852,0.5168028718308446,0.6905977638039797,151.68028718308446,6592.814823195807,43.53506572387395,0
univ3-full-range-zero-fee,335,10000,468.62523209823775,-963.3155153606598,963.3155153606598,-494.69028326242204,104326.7652704387,68195.97315140982,0.6047131307140591,6144,7063,201004.8204890316,0.1820531605170575,0.35730103311495126,118.20531605170575,8459.856869633824,71.3855580917928,0
univ3-full-range-zero-fee,336,10000,413.5657462844228,-565.1297948777795,565.1297948777795,-151.56404859335674,128945.05899246453,39524.75315865433,0.7653897000656694,11366,5570,137893.95077285345,0.15500460665653804,0.15971327492382614,115.5004606656538,8657.974754642275,74.95867785187997,0
univ3-full-range-zero-fee,337,10000,450.4388681985016,-517.0093226228397,517.0093226228397,-66.5704544243381,116021.85539288245,37764.43537514637,0.7544356185031459,8123,4543,113305.80736646346,0.045730653694875084,0.11658944889331807,104.57306536948751,9562.692419076042,91.34596491098851,0
univ3-full-range-zero-fee,338,10000,786.3467612389375,-968.69362113549,968.69362113549,-182.3468598965526,130854.61810976593,50304.891191442206,0.722317137060678,6732,5779,160307.44481870614,0.06761468144339275,0.16742686108296723,106.76146814433928,9366.675775409918,87.77483026771564,0
univ3-full-range-zero-fee,339,10000,198.51147656339904,-220.46820481723762,220.46820481723762,-21.956728253838577,80052.15010333688,41180.11384245752,0.6603205079064592,7546,3180,66907.82063135039,0.05028955768448924,0.06167206117778619,105.02895576844892,9521.18435554274,90.66365827772091,0
univ3-full-range-zero-fee,340,10000,1024.818616498002,-1118.7671592765819,1118.7671592765819,-93.94854277857985,172312.96520690568,32394.83731732487,0.8417508423329862,9086,5386,169591.43846522243,-0.05534051652265688,0.10384920533634442,94.46594834773431,10585.825809430682,113.06145681175519,0
univ3-full-range-zero-fee,341,10000,199.6444929401123,-457.49788966409227,457.49788966409227,-257.85339672398,55014.213916080436,11848.954743254593,0.8227880164695079,4785,5876,126896.15943348079,0.15135188009660866,0.35115811497211863,115.13518800966087,8685.44241395833,75.43729239482286,0
univ3-full-range-zero-fee,342,10000,446.1940352683078,-546.307027903933,546.307027903933,-100.11299263562518,117564.06936744347,53099.59716842452,0.688864078416687,7109,5002,128899.89560072518,0.09603007534386605,0.11029064432119284,109.6030075343866,9123.83771679702,83.65751360198476,0
univ3-full-range-zero-fee,343,10000,744.7844508710109,-1746.5759695586578,1746.5759695586578,-1001.7915186876469,136269.23685744533,43115.01830414327,0.7596499298932036,8523,7809,273433.1506731933,0.2565101778343464,0.5696815664856402,125.65101778343464,7958.551251037131,63.41902642153338,0
univ3-full-range-zero-fee,344,10000,708.23806252692,-841.9121430025466,841.9121430025466,-133.67408047562662,175497.97466646813,112990.73207798111,0.608335683732427,11106,6079,159021.7959799884,0.2990721994952045,0.4118514405611913,129.90721994952045,7697.802062276187,59.25613573620295,0
univ3-full-range-zero-fee,345,10000,418.1922538282156,-945.5081235646413,945.5081235646413,-527.3158697364257,98400.2315559072,19862.468144872397,0.8320479052556123,6282,6953,223402.21654587556,-0.15385858558658044,0.21342259630039664,84.61414144134196,11818.356347118042,139.56768586631839,0
univ3-full-range-zero-fee,346,10000,585.3445032170283,-1024.8186144584672,1024.8186144584672,-439.4741112414389,177165.18057197978,75370.70162494775,0.7015445845981854,11607,7048,233859.50858399234,0.053343129613325005,0.22607271617033362,105.3343129613325,9493.583418770439,90.28591474858376,0
univ3-full-range-zero-fee,347,10000,594.9607833378719,-661.72763267006,661.72763267006,-66.76684933218803,109884.42425480098,21470.683286444226,0.8365447397642876,7177,4367,114601.48985152695,-0.09822650015737523,0.12025951968537114,90.17734998426248,11089.259797582828,122.91590736336742,0
univ3-full-range-zero-fee,348,10000,413.7689857685036,-459.51236012465114,459.51236012465114,-45.74337435614751,111621.15077334132,36876.362575320374,0.7516701677775757,7962,4225,104436.6478850438,0.012002084795245622,0.10521416274010789,101.20020847952456,9881.40314744387,97.38786993123438,0
univ3-full-range-zero-fee,349,10000,270.3912711423916,-834.0868967119053,834.0868967119053,-563.6956255695137,72579.13952486188,20864.35677703861,0.7767168652419711,4549,7122,228312.5552839324,-0.22811241112741257,0.3374593973219804,77.18875888725874,12955.255212114751,169.6359167203853,0
univ3-full-range-zero-fee,350,10000,1341.6584301926819,-1665.2992776989188,1665.2992776989188,-323.6408475062369,189339.6968498438,54845.87064009516,0.7753926605741965,10884,7027,211452.47831956917,0.6403659484506409,0.7002547839983029,164.0365948450641,6096.201011758147,37.16394604801527,0
univ3-full-range-zero-fee,351,10000,338.838278142213,-532.7999921972047,532.7999921972047,-193.96171405499166,102844.23110321148,37642.62994143206,0.7320558687016996,6884,5649,148101.09589020774,-0.1601624096728939,0.18459757938957552,83.98375903271061,11907.064930932655,141.52990195223055,0
univ3-full-range-zero-fee,352,10000,1216.9082364313122,-2072.2296994712756,2072.2296994712756,-855.3214630399634,215880.54179995964,78887.8002568522,0.7323735659453964,11667,7836,299656.1052152831,0.16405853263585612,0.36161901420594234,116.40585326358561,8590.634018662491,75.13661845490097,0
univ3-full-range-zero-fee,353,10000,448.93288706892594,-696.3678595816551,696.3678595816551,-247.4349725127292,134542.7658118342,84636.50837904202,0.6138480306065125,8299,6243,177677.61075305723,-0.16700143304186754,0.18860613956943284,83.29985669581325,12004.823584857157,144.46897762998216,0
univ3-full-range-zero-fee,354,10000,1096.1762740957083,-1164.6141379866294,1164.6141379866294,-68.43786389092111,209575.3049568716,66768.7062129759,0.758385550204892,11718,5555,178032.9296914883,0.05052293561820321,0.08609239663814393,105.05229356182032,9519.069483340916,91.15506987045693,0
univ3-full-range-zero-fee,355,10000,1221.2892886808747,-2500.6260790553315,2500.6260790553315,-1279.3367903744568,186303.64677968645,48474.581493752106,0.7935303377564663,8161,8105,378922.3774041708,-0.1946718809395941,0.4251984619250522,80.53281190604059,12417.300164362685,154.18981019057375,0
univ3-full-range-zero-fee,356,10000,292.9953796645609,-293.38496375253965,293.38496375253965,-0.3895840879787329,76716.30375291461,52050.19776655485,0.5957784272124154,4783,2215,60124.96279877026,0.011402177880310234,0.04275186256326194,101.14021778803102,9887.264000732734,97.80831608080179,0
univ3-full-range-zero-fee,357,10000,582.2334375772627,-588.1847454810156,588.1847454810156,-5.951307903752877,88450.96653633416,22101.121842304772,0.8000840855524246,4409,2393,76696.12155878937,0.013224580125625779,0.07250360381004597,101.32245801256258,9869.480589053439,98.8813785647594,0
univ3-full-range-zero-fee,358,10000,320.13268464317196,-1011.8366304636345,1011.8366304636345,-691.7039458204625,92376.72321950273,38870.980989979456,0.7038349643972579,7155,7333,237781.0073215627,-0.16815226009985096,0.2646253255860033,83.1847739900149,12021.431765043444,144.43542147189282,0
univ3-full-range-zero-fee,359,10000,593.3371099456914,-614.5409833806749,614.5409833806749,-21.203873434983507,130132.94017714377,67704.93642538246,0.6577756616271835,7399,3787,108367.23972246768,-0.029022889669337245,0.07782859358365783,97.09771103306628,10298.904533578465,106.20999279808248,0
univ3-full-range-zero-fee,360,10000,487.8019499799995,-493.19768413068635,493.19768413068635,-5.395734150686849,93891.36131078817,32686.437364794765,0.7417680058683148,5029,2525,78481.43043749858,0.01649895970515999,0.05282267969079001,101.649895970516,9837.688735774613,96.80170645181772,0
univ3-full-range-zero-fee,361,10000,795.954448466628,-1453.2511061888924,1453.2511061888924,-657.2966577222644,124413.48447739838,51448.224001450886,0.7074506756106118,9151,7391,209575.89143089319,0.6698219033341647,0.7277894256812241,166.98219033341647,5988.662913107246,35.89070504569022,0
univ3-full-range-zero-fee,362,10000,809.184727897394,-821.5179505701657,821.5179505701657,-12.333222672771626,184593.39684049593,53932.673657435604,0.7738919123396061,11603,4342,137152.0848692797,0.013343881845821528,0.058980334757061145,101.33438818458215,9868.31909336361,97.38404598995342,0
univ3-full-range-zero-fee,363,10000,594.4868470739334,-629.902294985285,629.902294985285,-35.415447911351635,122136.19118993523,45254.41943384469,0.7296478024352476,6549,3970,113484.44424169447,-0.0238684647806906,0.060742818813910165,97.61315352193094,10244.52151946565,105.30057743395567,0
univ3-full-range-zero-fee,364,10000,495.3782547524875,-939.3684592180542,939.3684592180542,-443.9902044655667,79678.96591749052,37115.840007748535,0.6822132652756274,4599,6841,186647.2937992854,0.12438971392910318,0.35785725972771504,112.43897139291032,8893.713960129196,78.58188494603716,0
univ3-full-range-zero-fee,365,10000,674.6671086123016,-832.2248266331588,832.2248266331588,-157.55771802085724,164943.37613650024,72883.20448259605,0.6935447488969873,9136,5911,172541.12598057042,0.024616929886728086,0.09905355426572555,102.46169298867281,9759.74574516596,95.25272921915307,0
univ3-full-range-zero-fee,366,10000,428.6873062801216,-513.7426695847829,513.7426695847829,-85.05536330466128,126642.42610074648,37305.766290023406,0.7724539334895181,10807,4973,120039.37599818782,0.05650227122805305,0.10366991618293099,105.6502271228053,9465.195671151783,89.16800316112867,0
univ3-full-range-zero-fee,367,10000,521.9131943102924,-559.5567916940238,559.5567916940238,-37.64359738373139,122816.10065547572,36913.688690493254,0.7688991587502846,7829,4136,111271.48949909575,-0.011170244671559715,0.054576205727196625,98.88297553284403,10112.964880904345,102.15133618218331,0
univ3-full-range-zero-fee,368,10000,249.12948041420984,-1019.4843960036746,1019.4843960036746,-770.3549155894648,95798.22450287819,39473.69557139486,0.7081900253229108,10406,7394,227115.9679128596,0.4642499291683518,0.6355469034370532,146.42499291683518,6829.43561065107,46.64121858200154,0
univ3-full-range-zero-fee,369,10000,820.247200245273,-1814.7839274717714,1814.7839274717714,-994.5367272264984,155361.91531278164,47882.43035070162,0.7644095327995901,9495,7689,316268.56447560876,-0.20730858598852875,0.29704084141041803,79.26914140114712,12615.25086622525,159.14475917761348,0
univ3-full-range-zero-fee,370,10000,759.5432352375933,-821.7642260379513,821.7642260379513,-62.22099080035798,135125.86947457067,49622.88804278659,0.7314034004362682,6844,4578,133689.08573915833,0.0039001671199291365,0.08774390009662056,100.39001671199291,9961.150399738903,99.22440146244203,0
univ3-full-range-zero-fee,371,10000,464.3063341408829,-1477.6014270402986,1477.6014270402986,-1013.2950928994157,97687.55922809892,48877.44123989606,0.6665135531414317,5416,7745,276741.94039276487,0.3094232375535293,0.39564941151725125,130.94232375535293,7636.950535123696,58.151763025720285,0
univ3-full-range-zero-fee,372,10000,286.9467168723779,-1189.8059670823886,1189.8059670823886,-902.8592502100107,91855.21413456842,30580.00725659342,0.7502352108394122,7544,7536,264939.5356909259,-0.07745863093024695,0.23952829469613746,92.2541369069753,10839.623158811142,117.61770074891827,0
univ3-full-range-zero-fee,373,10000,290.66038294067073,-609.1798678569426,609.1798678569426,-318.51948491627184,70871.75749983653,24981.789833131108,0.7393754271153726,4817,6209,160361.1832010166,0.01124399437672409,0.11604802558505582,101.12439943767241,9888.810790379026,97.85218742429431,0
univ3-full-range-zero-fee,374,10000,244.45689809981033,-420.0940144592742,420.0940144592742,-175.63711635946387,62763.49006884455,20988.0424699972,0.7494010935231126,4511,5238,116416.67426520566,0.026575593200365687,0.1638969205582387,102.65755932003657,9741.124297385833,94.7746136680901,0
univ3-full-range-zero-fee,375,10000,1489.14772232813,-2189.171324489051,2189.171324489051,-700.0236021609212,223613.3336962161,51220.35306693074,0.813631459555856,11325,7645,299240.2586186389,-0.2035567809479875,0.30834277248892905,79.64432190520125,12555.824370407834,155.8141834348393,0
univ3-full-range-zero-fee,376,10000,525.4918281875929,-1859.4140137640366,1859.4140137640366,-1333.9221855764436,137462.85441216192,61091.366468244174,0.6923189736417593,7901,7986,370875.29973329377,-0.3225940930444507,0.4238281709553044,67.74059069555493,14762.199482953481,217.7149092138442,0
univ3-full-range-zero-fee,377,10000,489.2897810115828,-582.8613025285076,582.8613025285076,-93.5715215169248,142854.7585522946,49136.76589749187,0.744068046554091,9728,5334,137539.17740223656,0.2150540916631765,0.24912008533268235,121.50540916631765,8230.086773599385,67.52459434563514,0
univ3-full-range-zero-fee,378,10000,573.4134296869005,-1255.3770719417182,1255.3770719417182,-681.9636422548177,138650.6628193915,62610.49637765012,0.6889091932718509,8101,7409,252798.889673138,-0.024621286003697094,0.16215253115132952,97.53787139963029,10252.428760139497,104.99722800548626,0
univ3-full-range-zero-fee,379,10000,433.2749373247402,-632.1514620058537,632.1514620058537,-198.87652468111344,111268.07504628372,37135.69297006283,0.7497658350159117,7371,5767,147903.89739555254,-0.03860022159512951,0.13900006154417766,96.13997784048705,10401.50090581195,107.09477794308499,0
univ3-full-range-zero-fee,380,10000,270.12300597845064,-1027.7823604275654,1027.7823604275654,-757.6593544491147,76937.53367430187,34486.908445512054,0.6904906339272623,6627,7416,223148.02586989233,0.6340225271095096,0.697147350149747,163.40225271095096,6119.866930746174,37.25852570816146,0
univ3-full-range-zero-fee,381,10000,427.3947292651756,-482.3288987680233,482.3288987680233,-54.93416950284768,90564.14419346108,19974.71270037585,0.8192969127629043,6472,3971,96400.6757433677,-0.002862207997400077,0.09370687055135563,99.71377920025999,10028.704750011431,100.82310097088454,0
univ3-full-range-zero-fee,382,10000,173.5677715186835,-1137.0751362383173,1137.0751362383173,-963.5073647196339,52585.53942651075,17143.206179773642,0.7541443484933624,5619,7538,228452.83083862107,0.22694456293313736,0.4345830596590832,122.69445629331373,8150.327927222033,66.42757372228675,0
univ3-full-range-zero-fee,383,10000,361.20555847208027,-519.6017381193288,519.6017381193288,-158.39617964724857,80503.31042313662,39592.98718833994,0.6703229993281958,4511,5307,125118.28837925981,0.16878368062480462,0.2320477779686037,116.87836806248046,8555.903522168908,73.20381602030669,0
univ3-full-range-zero-fee,384,10000,368.33513434815137,-540.7827102987949,540.7827102987949,-172.4475759506435,95141.38208971782,37298.10558791286,0.7183762468282895,5984,5480,134825.27251758854,0.08790116648038847,0.11652900510713309,108.79011664803885,9192.011942462994,84.48340316634926,0
univ3-full-range-zero-fee,385,10000,212.89195778647974,-968.9443846901216,968.9443846901216,-756.0524269036418,48915.833966608174,15954.76724322329,0.7540524221192932,4392,7240,234122.8188223118,-0.022635921073612907,0.24963872635522122,97.73640789263871,10231.602310600712,104.61406622725117,0
univ3-full-range-zero-fee,386,10000,280.25926378313864,-303.6496798296482,303.6496798296482,-23.390416046509586,110359.91876077896,57065.18819745435,0.6591599119498242,9100,3648,85598.87348823584,0.03245545793942171,0.04590829491230039,103.24554579394217,9685.648448582533,93.76261887180742,0
univ3-full-range-zero-fee,387,10000,456.4524705892568,-1103.4837019789675,1103.4837019789675,-647.0312313897107,144185.30033724642,51116.418013696406,0.7382694917110562,11309,7400,249191.67370462356,-0.18635959125983192,0.22434133807191883,81.36404087401681,12290.443072335014,150.68622293412932,0
univ3-full-range-zero-fee,388,10000,751.6867255001785,-1752.7281396231122,1752.7281396231122,-1001.0414141229337,176124.35417505383,59830.77106110836,0.7464315682856005,10033,7841,318698.3099125103,-0.015150903638268147,0.2348999206252232,98.48490963617319,10153.840749936568,102.91410981530791,0
univ3-full-range-zero-fee,389,10000,834.1696560132671,-1030.3610252509975,1030.3610252509975,-196.19136923773044,102749.91587751362,32793.56526802863,0.7580587056575894,5038,5805,146818.9330037133,0.40413185599193807,0.5184569210424698,140.4131855991938,7121.838552104694,50.707941737509806,0
univ3-full-range-zero-fee,390,10000,447.54960286284614,-455.34826190119213,455.34826190119213,-7.798659038345988,130557.58231029147,43880.57358007029,0.7484462424169962,10106,3574,95698.09194280654,0.08937865534073922,0.10606907823268273,108.93786553407392,9179.545219981845,84.43827250739176,0
univ3-full-range-zero-fee,391,10000,388.7769942585118,-1105.3141038555787,1105.3141038555787,-716.5371095970668,123491.16636557093,49322.59637002151,0.7145910395719709,8898,7416,248499.01636337713,-0.18034530431492143,0.25880195700378805,81.96546956850786,12200.260702121892,148.86748956424333,0
univ3-full-range-zero-fee,392,10000,307.629376266573,-587.0579821756772,587.0579821756772,-279.42860590910425,71511.39777102334,22017.136621469675,0.764594444203791,5108,6096,149006.67612805666,-0.05187745909962913,0.17331146200428676,94.81225409003709,10547.16045852132,111.24275701570009,0
univ3-full-range-zero-fee,393,10000,796.470415145238,-1146.4798881089534,1146.4798881089534,-350.00947296371544,163653.00226632535,80212.69668083312,0.6710783967276438,10665,6818,198029.35527060187,0.29211154621031826,0.6470766995319593,129.21115462103182,7739.270425280532,59.912073026557394,0
univ3-full-range-zero-fee,394,10000,877.794326425719,-978.8772943565497,978.8772943565497,-101.0829679308307,174750.88027685095,75523.19017363868,0.6982380554337968,9712,5621,162833.84812570273,0.06802722870534125,0.18189969365230568,106.80272287053413,9363.057830327481,88.08142200921634,0
univ3-full-range-zero-fee,395,10000,292.47972856802534,-1016.1243045433253,1016.1243045433253,-723.6445759752999,66458.54479013517,17106.25975910243,0.795293486876725,4597,7319,221689.66839258498,-0.19760903280215075,0.28532157325131835,80.23909671978492,12462.753356596026,155.1184015835788,0
univ3-full-range-zero-fee,396,10000,464.9299432653282,-466.3017686542229,466.3017686542229,-1.371825388894706,116068.43343071247,64862.01717120577,0.6415085633434104,6558,3033,90481.39997008783,-0.016763869101214367,0.03859065865866498,98.32361308987856,10170.497365730138,103.43715369072217,0
univ3-full-range-zero-fee,397,10000,389.4593224216553,-824.6814421375767,824.6814421375767,-435.2221197159214,111285.55796628878,56151.892840264685,0.66463958588847,7918,6849,196247.82296376905,0.12171547871701904,0.1843079031212662,112.1715478717019,8914.917226721393,79.41108286165839,0
univ3-full-range-zero-fee,398,10000,297.38668995248287,-1663.2968866763583,1663.2968866763583,-1365.9101967238755,91838.1471807796,25802.16025776333,0.7806690511137709,5537,7910,355595.0632266483,-0.2900126578988281,0.4167313027021452,70.99873421011719,14084.759429045722,198.38121121080906,0
univ3-full-range-zero-fee,399,10000,152.86011312601102,-157.471485075656,157.471485075656,-4.61137194964499,62232.77500096524,21678.233103807826,0.7416520955541385,6608,2153,46325.3654237019,0.020807249794061563,0.05278775007891681,102.08072497940616,9796.169088146895,95.64050066528185,0
univ3-full-range-zero-fee,400,10000,732.2155056873655,-1027.845467711394,1027.845467711394,-295.6299620240284,144980.46020048775,42092.425366704934,0.7749945148967823,7326,6549,201000.28293379457,-0.023026263631476383,0.13266281080069675,97.69737363685236,10235.690394493273,104.7825873962232,0
univ3-full-range-zero-fee,401,10000,155.61367872760698,-225.6578468521699,225.6578468521699,-70.04416812456293,48464.05807649935,17655.68512783081,0.7329740819883502,4050,3726,73148.98506500124,0.09872769102134966,0.1075216666341538,109.87276910213497,9101.436529416149,82.87062419917793,0
univ3-full-range-zero-fee,402,10000,901.8889123185243,-902.665010192238,902.665010192238,-0.776097873713752,189370.6028483742,62928.74346525637,0.7505790467366874,10185,4118,141708.65258672857,0.004118599356525579,0.05069225006696925,100.41185993565256,9958.983642015422,99.80422989275071,0
univ3-full-range-zero-fee,403,10000,509.8930650007245,-960.9148237357957,960.9148237357957,-451.0217587350712,142177.012006045,47721.42994456044,0.748700255492495,9774,7048,211091.1952512323,0.12141182804062979,0.1503128443163439,112.14118280406298,8917.331255690224,79.5186281759675,0
univ3-full-range-zero-fee,404,10000,344.22520035091,-636.4661091887483,636.4661091887483,-292.24090883783833,98662.17568506113,59014.21516910853,0.6257257357971296,5883,6274,169110.7041753971,-0.08875229742697342,0.15568818315209185,91.12477025730266,10973.965269945673,120.4283501745212,0
univ3-full-range-zero-fee,405,10000,105.65025354535274,-1290.5848014631401,1290.5848014631401,-1184.9345479177873,38666.78721443206,18519.29684948746,0.6761572827965001,4252,7779,269673.8617140683,0.193582152598556,0.3029828362870427,119.3582152598556,8378.141776111579,70.0721854917118,0
univ3-full-range-zero-fee,406,10000,417.2085847914117,-790.6773961937869,790.6773961937869,-373.4688114023752,115354.97855712472,27262.916378271304,0.8088394419885313,9371,6663,185027.980069333,-0.069150599259726,0.14707484110441157,93.0849400740274,10742.877239284555,115.35967467289188,0
univ3-full-range-zero-fee,407,10000,280.02851990530246,-427.5882675795431,427.5882675795431,-147.55974767424067,65507.34657764178,18755.299331026803,0.7774185805729923,5147,5165,116710.23507496556,-0.022937999549928492,0.08157700749637713,97.70620004500715,10234.765555654752,104.9332958814478,0
univ3-full-range-zero-fee,408,10000,528.8660244575874,-943.4143827588505,943.4143827588505,-414.5483583012631,102690.71933532388,42331.027017899076,0.708105659445065,7662,6795,176116.34985525557,0.19293828481193573,0.4461485141413192,119.29382848119357,8382.663819463754,70.17455432988118,0
univ3-full-range-zero-fee,409,10000,312.4313317908689,-1278.584467175229,1278.584467175229,-966.1531353843602,99002.21915543992,71195.5998664956,0.5816891175478592,5910,7599,299253.1067518151,-0.08573047343175702,0.4102498708627943,91.4269526568243,10937.694421013588,119.38920600185742,0
univ3-full-range-zero-fee,410,10000,428.3050246561555,-1087.8927499530432,1087.8927499530432,-659.5877252968877,84702.40677350792,51908.53170993929,0.6200265345792283,4759,7208,216164.92050086532,0.6087888761270639,0.7302506830301713,160.8788876127064,6215.856237942525,38.63694140995803,0
univ3-full-range-zero-fee,411,10000,353.0219319421961,-1344.4559327310888,1344.4559327310888,-991.4340007888927,88927.86877834973,41194.97922263992,0.6834147126696258,5880,7638,279383.2989332007,-0.06835390353867694,0.19858265341833628,93.1646096461323,10733.690348130596,115.05567820961065,0
univ3-full-range-zero-fee,412,10000,252.9513728704609,-1048.7498478900811,1048.7498478900811,-795.7984750196202,96598.24322387998,26098.331176635915,0.7872937259727915,9240,7440,257695.3882555636,-0.18343355089590233,0.28061785137190864,81.65664491040977,12246.401989216474,149.97496318984773,0
univ3-full-range-zero-fee,413,10000,416.38056609679813,-698.5638476441767,698.5638476441767,-282.18328154737856,118187.7079200182,55972.94918225319,0.6786131258715652,8392,6342,166690.20058680783,-0.051655037368709175,0.25878390056573536,94.83449626312908,10544.686955500394,111.05521381129603,0
univ3-full-range-zero-fee,414,10000,726.5475227672237,-924.5244755353056,924.5244755353056,-197.9769527680819,183648.01056621235,84354.23598401343,0.6852480265750133,11452,6347,184079.90602934483,0.1794294154385369,0.1948983988559131,117.94294154385369,8478.67673163211,70.54611788601315,0
univ3-full-range-zero-fee,415,10000,360.5830682414049,-372.1340052831956,372.1340052831956,-11.550937041790746,98440.32820164392,42972.532409064566,0.6961200542618083,5752,2993,82434.97452426727,-0.008042031750969158,0.04699346100567894,99.19579682490308,10081.072738937442,101.89334590755318,0
univ3-full-range-zero-fee,416,10000,251.7709790631825,-350.579699442644,350.579699442644,-98.80872037946153,75510.1725653759,16545.736249257818,0.8202642669839394,6281,4540,102219.5706531419,-0.05247674267299843,0.10246800331778771,94.75232573270016,10553.831232895125,111.54540870840175,0
univ3-full-range-zero-fee,417,10000,350.731561023432,-417.785155770732,417.785155770732,-67.0535947473,103643.8180058751,55416.89411772193,0.6515991071719796,7156,4494,107460.91385188563,-0.033918485890991404,0.05525842166219903,96.60815141090086,10351.09401862307,107.07520351566187,0
univ3-full-range-zero-fee,418,10000,364.3765635920717,-735.4263186510124,735.4263186510124,-371.04975505894066,87163.89270245371,13980.495294531569,0.8617768561222766,5455,6470,186789.74609339703,-0.19321088393315136,0.22696182041177038,80.67891160668486,12394.813592966684,154.00157860553227,0
univ3-full-range-zero-fee,419,10000,317.3668977676011,-393.4291313809038,393.4291313809038,-76.06223361330274,92693.18979034813,31581.86725022965,0.7458712311037792,7780,4388,101533.06547458103,-0.01843127800658465,0.06530705622603648,98.15687219934154,10187.774298003627,103.70456875739303,0
univ3-full-range-zero-fee,420,10000,421.8972364484476,-1233.899177644557,1233.899177644557,-812.0019411961096,106092.03153383356,51609.585753305066,0.6727390204290943,10136,7578,221464.79968427567,0.23270588617254945,0.753357918472077,123.27058861725494,8112.235719716732,65.58705845503661,0
univ3-full-range-zero-fee,421,10000,202.71316821381723,-759.830745840761,759.830745840761,-557.1175776269438,56483.64322751161,19315.4775380854,0.7451754407835807,4138,6903,199230.67010921045,-0.06048508617813368,0.15739331254799838,93.95149138218663,10643.791193583369,113.96973346125885,0
univ3-full-range-zero-fee,422,10000,149.13127327726383,-565.7548168341724,565.7548168341724,-416.62354355690854,51987.74068499336,26791.341885429818,0.6599180770926067,4846,6502,170338.04106013422,-0.16474447896851813,0.21368901510705512,83.52555210314819,11972.384975489502,143.2724004731088,0
univ3-full-range-zero-fee,423,10000,165.66166799178905,-300.4311868602549,300.4311868602549,-134.76951886846587,49553.10019208388,14983.597001186543,0.7678282643390533,4476,4695,99535.01496790843,-0.12107794318526373,0.1392171137999749,87.89220568147363,11377.57371272629,129.30019002215653,0
univ3-full-range-zero-fee,424,10000,447.66431261514674,-763.7251164777391,763.7251164777391,-316.06080386259237,97922.11909959726,26114.226436599783,0.7894631099964247,6736,6496,166651.611672904,0.24087365301863528,0.33717173831516645,124.08736530186353,8058.838628663612,64.94421331010906,0
univ3-full-range-zero-fee,425,10000,487.8244630486537,-1270.5903709040128,1270.5903709040128,-782.7659078553592,100725.22426662562,38470.987359287785,0.723620442611774,5674,7400,257062.61661980575,-0.0721850535139356,0.29427721734636847,92.78149464860644,10778.012071442306,118.38385301113112,0
univ3-full-range-zero-fee,426,10000,478.23935675597556,-490.91405186514316,490.91405186514316,-12.674695109167601,132100.5942019164,37146.33403099924,0.7805198923322325,9638,3706,101366.64627867073,0.021095834464753837,0.06779176624469202,102.10958344647538,9793.40068936093,95.29531009585322,0
univ3-full-range-zero-fee,427,10000,400.6406762305129,-1319.1717379082359,1319.1717379082359,-918.531061677723,98152.03070729153,35686.41953580375,0.7333619787812448,7525,7584,249224.64243703196,0.14111477873742984,0.3979458749887479,114.11147787374298,8763.360913413726,76.86609659728674,0
univ3-full-range-zero-fee,428,10000,375.8570949561488,-615.6445443472682,615.6445443472682,-239.78744939111937,128459.79433536998,28306.335692696797,0.8194358967231701,10328,6142,173110.6106368366,-0.28396512208090585,0.29269295248556104,71.60348779190942,13965.801690510154,194.90843545565022,0
univ3-full-range-zero-fee,429,10000,1438.302677977851,-1590.0316648826638,1590.0316648826638,-151.7289869048127,235934.55193380415,44599.68119777457,0.8410187566062356,10564,6007,220499.57867383756,-0.12775282109270505,0.18402494472847367,87.2247178907295,11464.64118483711,131.93445052589976,0
univ3-full-range-zero-fee,430,10000,345.2439140518327,-762.9961510607488,762.9961510607488,-417.75223700891615,107505.04493816773,56916.70644664642,0.6538371233290293,8379,6754,192396.64621810275,0.06853928300510802,0.14197172502351493,106.8539283005108,9358.570945640158,87.42609396551642,0
univ3-full-range-zero-fee,431,10000,598.9224035057213,-604.8300988177608,604.8300988177608,-5.90769531203955,154019.98097084352,35831.57733574331,0.8112652977128597,10531,3732,113350.03229957331,-0.07034655801325101,0.08575007422841367,92.9653441986749,10756.697386423251,115.61020348028701,0
univ3-full-range-zero-fee,432,10000,522.0907233150684,-1232.221896736756,1232.221896736756,-710.1311734216875,85098.59145702171,36466.35846902838,0.7000257188341587,5797,7429,211787.36155179323,0.3381047398770909,0.5486547974745969,133.8104739877091,7473.256907974986,55.8637384565773,0
univ3-full-range-zero-fee,433,10000,781.8203253351238,-1468.9942423643352,1468.9942423643352,-687.1739170292113,120698.04768331406,74687.30938213434,0.617743568382577,7833,7422,213587.6084145485,0.8383214625888905,0.9682778295903733,183.83214625888905,5439.745236685111,29.59092273044651,0
univ3-full-range-zero-fee,434,10000,349.9503952327251,-634.024183681243,634.024183681243,-284.0737884485179,84395.07014551974,18949.988297514275,0.8166338228164058,6826,6215,151794.82059133213,0.15347579651604817,0.2577576773575238,115.34757965160482,8669.44983645241,75.05302836475634,0
univ3-full-range-zero-fee,435,10000,799.8239687185261,-843.1442677937276,843.1442677937276,-43.32029907520155,199775.31212505678,67074.8183873472,0.7486423624431041,10825,4950,161124.85823324652,-0.1348000633813841,0.14457522827358588,86.51999366186159,11558.023149488996,133.83458281712393,0
univ3-full-range-zero-fee,436,10000,327.572963585429,-378.58497037156377,378.58497037156377,-51.01200678613475,102941.47897855668,42644.26373149394,0.7070848907476847,8475,4147,95548.2281096277,0.036778515231380024,0.1291021506309214,103.677851523138,9645.26217553308,92.19011207615675,0
univ3-full-range-zero-fee,437,10000,367.7099146983247,-427.9171278613451,427.9171278613451,-60.207213163020356,87679.42687284866,33301.637027666606,0.7247367814929195,6302,4099,92283.78604786706,0.29920467384837307,0.34575557972374527,129.9204673848373,7697.016947368992,59.333780437215594,0
univ3-full-range-zero-fee,438,10000,177.66452754809447,-979.0292799920983,979.0292799920983,-801.3647524440038,61359.02776814912,27563.657790651636,0.6900267055876875,5283,7402,239222.07692485405,-0.016699337112886355,0.16662563753423598,98.33006628871136,10169.830040102708,103.42552155893274,0
univ3-full-range-zero-fee,439,10000,818.0675884612764,-1774.2438826105415,1774.2438826105415,-956.1762941492651,197800.5763410998,85848.51336754284,0.6973425387836629,11043,7798,314769.57680047496,0.23994543587377903,0.30159890355190955,123.9945435873779,8064.871617089696,65.04314524380018,0
univ3-full-range-zero-fee,440,10000,247.71510968801488,-603.3708988503124,603.3708988503124,-355.65578916229754,99971.70351421717,27657.428215618434,0.7832984692384849,10440,6536,176344.33303506463,-0.06450338299684205,0.1944005825851528,93.5496617003158,10689.510475253042,114.23074103393479,0
univ3-full-range-zero-fee,441,10000,97.34186601135701,-272.63707729637827,272.63707729637827,-175.29521128502125,42044.26979121089,21930.399484960042,0.6572018310827188,4528,5132,101313.15923929992,0.21716295493593207,0.22578981061109588,121.71629549359321,8215.827094109154,67.50017776197232,0
univ3-full-range-zero-fee,442,10000,1509.3994704998602,-2056.3871990089096,2056.3871990089096,-546.9877285090495,197281.3782328958,73018.6544123383,0.729860726623831,10036,7453,251774.04813575002,0.42496861070526876,0.4711229496663472,142.49686107052688,7017.698874833737,49.24764939711783,0
univ3-full-range-zero-fee,443,10000,674.0652979854021,-701.9807342927404,701.9807342927404,-27.91543630733827,153906.56333254758,70792.55152307516,0.684945125090671,9288,4255,123862.1346344014,0.02877155175674332,0.08366050099334203,102.87715517567433,9720.33162651244,94.36663547381654,0
univ3-full-range-zero-fee,444,10000,768.6823323313901,-1154.078458854789,1154.078458854789,-385.39612652339895,169055.71970440555,65177.887811946246,0.721739811365898,11386,6982,214062.55497549265,0.09203055454870494,0.25477007318407247,109.2030554548705,9157.253697007476,83.27319595062855,0
univ3-full-range-zero-fee,445,10000,164.68561424156923,-385.54428270050994,385.54428270050994,-220.8586684589407,64685.18260737655,17095.891102620208,0.7909554090321214,6147,5639,128100.8680270839,-0.046511158496276156,0.12584099723784534,95.34888415037238,10487.800340346075,109.9092269867585,0
univ3-full-range-zero-fee,446,10000,259.5074103092371,-1259.8062352513748,1259.8062352513748,-1000.2988249421377,77451.00890912593,48862.426902944026,0.6131652457333051,4774,7646,288198.8164155537,-0.0863692571734238,0.2827128462176684,91.36307428265762,10945.341690811589,119.80019033788815,0
univ3-full-range-zero-fee,447,10000,269.46380054352846,-413.2949381856356,413.2949381856356,-143.83113764210714,92501.15635887439,45259.628889023494,0.6714621740317489,8360,5285,120431.71577540014,0.014088507523817241,0.08159141057148332,101.40885075238172,9861.072854682614,97.24092416885661,0
univ3-full-range-zero-fee,448,10000,564.9255897266045,-1338.3675843259978,1338.3675843259978,-773.4419945993933,131472.087509458,47692.41566546421,0.7338065586635704,9553,7552,247096.33186489512,0.12767218622650175,0.38091324072066013,112.76721862265018,8867.826017408304,78.63750169079104,0
univ3-full-range-zero-fee,449,10000,309.982715543244,-447.3705398453193,447.3705398453193,-137.38782430207527,101149.87813842074,49903.13139417666,0.6696316640853984,10299,5387,116759.94597816284,0.3436394331108306,0.3560162438414946,134.36394331108306,7442.473282412198,55.34013984938232,0
univ3-full-range-zero-fee,450,10000,233.46516956790043,-352.212156095248,352.212156095248,-118.74698652734759,104935.66946730622,45488.09167776182,0.6976003569416583,11075,4984,112336.32723616766,-0.002889163573957774,0.07931259214991229,99.71108364260422,10028.97613370942,100.43729998502583,0
univ3-full-range-zero-fee,451,10000,210.40419802109884,-334.43764261007004,334.43764261007004,-124.03344458897121,71574.20382681348,36529.84598455467,0.662086239615482,5237,4856,107398.02833490632,-0.07022265301032818,0.11196244113489527,92.97773469896718,10755.263671304803,115.67576703159847,0
univ3-full-range-zero-fee,452,10000,355.2046862198846,-815.7537143850229,815.7537143850229,-460.54902816513834,101271.79723954322,44598.96421575767,0.694257000026533,8300,6952,189312.60057511568,0.22188974850538415,0.3139295635289781,122.18897485053841,8184.044940193807,66.93526093106411,0
univ3-full-range-zero-fee,453,10000,910.298439998635,-1241.8815051688912,1241.8815051688912,-331.5830651702562,169651.72792162583,69287.11555975766,0.7100215496558389,10239,6890,205856.97765309564,0.19840636331317327,0.3290781829031508,119.84063633131733,8344.41556389126,69.62910628954926,0
univ3-full-range-zero-fee,454,10000,165.13944114803027,-1100.9124691059244,1100.9124691059244,-935.7730279578941,50299.6801483877,13864.939391858305,0.7839161286826958,5312,7593,228533.434349297,0.43431394981018284,0.6721182927479208,143.4313949810183,6971.97461371181,48.609308582368236,0
univ3-full-range-zero-fee,455,10000,458.3536619925748,-855.6334478793989,855.6334478793989,-397.2797858868241,100101.007791366,62537.06331459036,0.6154832451631306,6846,6734,179629.25010954123,0.20775601249333703,0.2831612632818357,120.7756012493337,8279.818477525912,68.55504131725361,0
univ3-full-range-zero-fee,456,10000,437.91056273092687,-439.5695924599732,439.5695924599732,-1.659029729046324,97420.83978961232,33917.980714196936,0.7417520533221691,5178,2581,81487.32666538865,-0.02805495715594702,0.04907746900216026,97.1945042844053,10288.647969959822,105.73620594054768,0
univ3-full-range-zero-fee,457,10000,786.1032717296881,-871.5109524771435,871.5109524771435,-85.4076807474554,203188.10059699934,96723.73047113193,0.6774927813729392,11771,5669,170145.7933833039,0.08297233676069184,0.10944943552152069,108.29723367606918,9233.846938930881,85.0943379522687,0
univ3-full-range-zero-fee,458,10000,295.3807430316162,-782.8228562159221,782.8228562159221,-487.4421131843059,109078.56396525516,51235.340564041726,0.6804061337382085,10691,6964,193609.41106310603,0.30328050084900354,0.38366531755875116,130.32805008490035,7672.945822687929,58.4527547431518,0
univ3-full-range-zero-fee,459,10000,278.49752932789266,-830.7334848651662,830.7334848651662,-552.2359555372736,62306.38315862449,36867.847452459566,0.6282517421583195,4328,6940,180830.50298269567,0.3513562432323286,0.5423301981513271,135.13562432323286,7399.973518213632,54.759180549935586,0
univ3-full-range-zero-fee,460,10000,395.3966525865645,-831.266358444596,831.266358444596,-435.86970585803147,113900.32308942106,37748.35365388251,0.751080230539833,9068,6840,196953.94066319327,0.11532442739281037,0.1807990405477122,111.53244273928104,8966.001692254116,80.3890781604229,0
univ3-full-range-zero-fee,461,10000,185.18016430416975,-192.45010145006114,192.45010145006114,-7.26993714589139,71902.67503969274,21404.533053568266,0.7706015055967131,6642,2448,56865.879440030774,-0.03385563914304342,0.04431403355366143,96.61443608569566,10350.420563197637,107.07658468719652,0
univ3-full-range-zero-fee,462,10000,969.8010827092724,-983.9249063960002,983.9249063960002,-14.12382368672786,204638.7397650137,74018.50249018373,0.7343743809019802,11417,4451,150820.62169706367,-0.019615196359443417,0.05983338786908462,98.03848036405566,10200.077320794848,104.15971191181474,0
univ3-full-range-zero-fee,463,10000,178.72595280948613,-183.094774226036,183.094774226036,-4.368821416549878,66491.87451301786,16275.165752472227,0.8033617524528276,6479,2208,50860.62608589199,0.0017988793412489202,0.02609044916112978,100.17988793412489,9982.0439322078,99.54678831296937,0
univ3-full-range-zero-fee,464,10000,258.83881334840396,-313.33919354655035,313.33919354655035,-54.50038019814639,93358.80848364199,25459.629439739165,0.7857266104090971,8326,4049,89955.1874024036,0.02121609961646527,0.0959396366381732,102.12160996164653,9792.247301441059,95.88776045030315,0
univ3-full-range-zero-fee,465,10000,535.5202496961718,-811.4728724840722,811.4728724840722,-275.9526227879004,124953.69458493293,60904.14719312433,0.6723078961292727,7008,6301,182971.22503872705,0.011945113362266113,0.15889617273579076,101.19451133622661,9881.959515668204,97.65309966561432,0
univ3-full-range-zero-fee,466,10000,470.5322242275174,-589.088367535708,589.088367535708,-118.5561433081906,91177.7934849907,40803.73074508432,0.6908375548538616,5406,5038,120977.36629482404,0.15440277077117698,0.20900654807380875,115.4402770771177,8662.488251002613,75.03875251009258,0
univ3-full-range-zero-fee,467,10000,201.86876273024862,-202.90515240538195,202.90515240538195,-1.0363896751333357,59816.07259049873,19498.86655909382,0.754158967173664,4224,1833,47625.96629183608,-0.009166690721860818,0.03078397647620534,99.08333092781392,10092.515268701065,101.77994543370228,0
univ3-full-range-zero-fee,468,10000,523.4949925586448,-540.9945885265886,540.9945885265886,-17.499595967943833,96052.19728160396,19291.946606988626,0.8327444640308559,5514,2864,85861.57644667223,-0.017976800742715113,0.05731076481730881,98.20231992572849,10183.05924040569,103.89632848176089,0
univ3-full-range-zero-fee,469,10000,183.08607980984686,-580.2596079008026,580.2596079008026,-397.17352809095576,58584.63353868504,24835.464461280357,0.7022844008012236,5856,6493,163354.39169381364,0.04754260636408048,0.1031648478876754,104.75426063640805,9546.151643749268,91.26349732777008,0
univ3-full-range-zero-fee,470,10000,230.02543542830213,-514.4925730076345,514.4925730076345,-284.4671375793324,76934.52892130062,23314.481397667012,0.7674342986181502,6813,6151,154775.5032970021,-0.13269345428209547,0.149823245281941,86.73065457179045,11529.949552083299,132.9398925875566,0
univ3-full-range-zero-fee,471,10000,172.74952273105552,-873.589269382034,873.589269382034,-700.8397466509784,59078.65515804351,27874.220171647572,0.6794330254639711,6354,7283,199983.40243879918,0.23588141973764834,0.4364313884598164,123.58814197376483,8091.3916019817125,65.47061976477148,0
univ3-full-range-zero-fee,472,10000,890.6792673054632,-1405.6131794317917,1405.6131794317917,-514.9339121263284,119057.23729878968,40913.512970459546,0.7442437889326806,7360,7019,204193.555036047,0.1215931624547143,0.4874886815883048,112.15931624547143,8915.88944382803,79.49324905523362,0
univ3-full-range-zero-fee,473,10000,673.4918026694903,-1036.0997835254548,1036.0997835254548,-362.60798085596446,156556.0637722218,60366.08999700664,0.7217154221083992,10054,6823,202684.20644902575,0.32457959481205906,0.32457959481205906,132.4579594812059,7549.565669784773,57.854180223578204,0
univ3-full-range-zero-fee,474,10000,1310.2568435087003,-1432.4553729757497,1432.4553729757497,-122.19852946704941,236010.67810937008,64949.51780427415,0.7841923327863916,11104,6102,213210.62685585624,-0.07569904930335085,0.12164827977698976,92.43009506966492,10818.988015673727,116.09748451979789,0
univ3-full-range-zero-fee,475,10000,575.3535159569768,-1283.4780529544748,1283.4780529544748,-708.124536997498,94893.92256558556,21197.958585288852,0.8174036084595809,7245,7377,217557.16324095754,0.42159550730723794,0.636858709603676,142.1595507307238,7034.350114209022,49.48173493297955,0
univ3-full-range-zero-fee,476,10000,533.1499781952841,-781.9509378448424,781.9509378448424,-248.8009596495583,160138.47803764237,64233.62247725638,0.7137183173404791,11530,6437,182075.1183981726,-0.039475896429759134,0.1220121682183084,96.05241035702409,10410.983849579025,108.59601315210521,0
univ3-full-range-zero-fee,477,10000,306.4792929571833,-484.30060583754783,484.30060583754783,-177.82131288036453,105682.17811569154,44586.60126190555,0.7032876593090049,8671,5694,139192.6320941278,-0.04404931001347407,0.10264307187661742,95.5950689986526,10460.791371459818,109.38881867964473,0
univ3-full-range-zero-fee,478,10000,235.81159885617825,-540.1056667251385,540.1056667251385,-304.2940678689602,57558.383985516775,35184.60712727046,0.6206224674759355,4339,6188,135589.71173492642,0.4084795568728583,0.5904438176572051,140.84795568728583,7099.854821514639,50.407565765424664,0
univ3-full-range-zero-fee,479,10000,422.218663787557,-950.186095894786,950.186095894786,-527.9674321072291,95270.14443208766,26973.28074176811,0.77934779965952,8660,7031,194420.0073252434,0.17426732354642596,0.2921228814757427,117.4267323546426,8515.949021466993,72.52114921339496,0
univ3-full-range-zero-fee,480,10000,489.45911132982604,-518.110269628499,518.110269628499,-28.65115829867301,152059.89368866515,53147.31984022609,0.7410065712298001,10124,4337,120263.10672413885,-0.00833618637735043,0.0588525526103362,99.16638136226496,10084.063343787524,101.69001240386267,0
univ3-full-range-zero-fee,481,10000,404.2315560470532,-616.1059075488803,616.1059075488803,-211.8743515018271,144507.43155216007,33910.70202123572,0.8099369086422715,11510,6103,171237.55069395664,-0.1741544146022632,0.24212303930792373,82.58455853977368,12108.802427820488,146.35858597611372,0
univ3-full-range-zero-fee,482,10000,461.8537997094347,-1214.984477700706,1214.984477700706,-753.1306779912713,134309.8905462988,57982.306219348706,0.6984677111468358,8966,7425,263944.2409386947,-0.20777333417660984,0.21629693928811464,79.22266658233902,12622.651372939368,159.33411335403972,0
univ3-full-range-zero-fee,483,10000,371.28074455452116,-767.6311491695923,767.6311491695923,-396.3504046150711,63703.86201876251,27791.35516391667,0.6962534652666215,4009,6537,172252.2483033671,0.041149757389694626,0.24464252533763642,104.11497573896946,9604.766667311336,92.25154665532128,0
univ3-full-range-zero-fee,484,10000,270.769478746401,-1129.4654591542742,1129.4654591542742,-858.6959804078732,105208.02400926346,52908.38072518349,0.6653833559266544,11154,7566,231284.43534607344,-0.038813497086185436,0.44550987323959135,96.11865029138146,10403.809180936587,108.23916588867387,0
univ3-full-range-zero-fee,485,10000,353.61271179828987,-497.1358430806971,497.1358430806971,-143.52313128240723,106755.47754313958,47872.576195705544,0.6904017412224651,7376,5537,138049.35632958205,-0.08666273997025996,0.1630141388348767,91.333726002974,10948.858778357744,119.5297720697439,0
univ3-full-range-zero-fee,486,10000,563.5965639932789,-655.8149720291717,655.8149720291717,-92.21840803589282,88261.253096349,19000.39184354238,0.8228594027791569,4624,4600,112420.2804737724,0.1332900750697766,0.1880736971132724,113.32900750697766,8823.866558412983,77.7629685280421,0
univ3-full-range-zero-fee,487,10000,361.84697314013295,-1401.0999979981261,1401.0999979981261,-1039.2530248579933,85779.14046823244,38339.54207700128,0.6911057925302353,4572,7744,303999.97716654604,-0.23991693669252967,0.31735119535076367,76.00830633074703,13156.45783342402,172.84417558901163,0
univ3-full-range-zero-fee,488,10000,398.76064436846457,-796.8266426994077,796.8266426994077,-398.0659983309431,115802.2124892654,49068.548847240294,0.7023817416170592,7920,6739,198713.5954571347,-0.09711706692848708,0.1854129163574609,90.28829330715129,11075.633860898914,122.67048292464139,0
univ3-full-range-zero-fee,489,10000,1009.8204457328611,-1047.4947722644142,1047.4947722644142,-37.674326531553106,156155.2235120709,38346.77443061343,0.8028463726017178,6810,4236,142872.08242159712,-0.08488258683446973,0.1327523147655222,91.51174131655303,10927.560160806255,119.25194359041714,0
univ3-full-range-zero-fee,490,10000,470.0248766383587,-515.9368565245784,515.9368565245784,-45.91197988621968,100036.82615949784,27000.17836177752,0.7874620984371865,6689,3877,99678.21064940581,0.013520957101462016,0.05701826910641159,101.3520957101462,9866.594702590279,97.31936629640732,0
univ3-full-range-zero-fee,491,10000,756.725608350127,-778.4612304768486,778.4612304768486,-21.735622126721637,175160.61874151297,102527.1838033355,0.6307825447724638,10912,4553,132766.80552320465,0.11961374997297014,0.14269039489926058,111.96137499729701,8931.652268748534,79.77451593859573,0
univ3-full-range-zero-fee,492,10000,395.9129474815309,-484.2165843573312,484.2165843573312,-88.3036368758003,93035.65320811476,27189.401059095617,0.7738457992402743,6007,4461,111139.75354772243,-0.0931714427187535,0.13765151630623065,90.68285572812465,11027.443364958006,121.66367939265241,0
univ3-full-range-zero-fee,493,10000,666.0186926534525,-1245.6746525100575,1245.6746525100575,-579.655959856605,132764.84884127314,41587.36406756559,0.7614749857559316,10165,7240,205598.2163565651,0.5789620584785112,0.7966513013298052,157.89620584785112,6333.274760680596,40.56523644849904,0
univ3-full-range-zero-fee,494,10000,228.10779092354733,-602.9213490990676,602.9213490990676,-374.81355817552026,77676.91655046689,20805.95277411039,0.7887353108535184,7954,6503,163086.45035614763,0.26438048241710943,0.3486553503435272,126.43804824171094,7909.012121986249,62.51250639959682,0
univ3-full-range-zero-fee,495,10000,571.05532719333,-733.9852033433637,733.9852033433637,-162.9298761500337,116906.52449783393,36525.82427795923,0.7619418292857297,8084,5725,145118.95477932095,0.034944236111076776,0.128813387776258,103.49442361110768,9662.356974863442,93.3622555485158,0
univ3-full-range-zero-fee,496,10000,316.81380626684347,-610.2824503544649,610.2824503544649,-293.46864408762144,90636.26117279941,59554.04627389686,0.6034761011789455,7193,6293,151293.46316456576,0.25305144811101843,0.30527066635376515,125.30514481110184,7980.518715508791,63.81967609577817,0
univ3-full-range-zero-fee,497,10000,436.96483938985364,-785.4780861225114,785.4780861225114,-348.51324673265776,109913.91488339983,32709.899634219597,0.7706561155663194,7770,6584,189429.46274963702,-0.17115145537019047,0.2678988089582573,82.88485446298095,12064.931416792391,142.06103934942544,0
univ3-full-range-zero-fee,498,10000,216.83019018278645,-241.93360164958597,241.93360164958597,-25.103411466799514,100249.0336695422,32055.597477121606,0.7577137156930889,10586,3500,77329.1908103466,0.023132850737553525,0.038169107202533324,102.31328507375535,9773.902455186642,95.30359048196318,0
univ3-full-range-zero-fee,499,10000,167.84738168438494,-188.04887319692162,188.04887319692162,-20.201491512536677,67491.74951783146,18720.653579495396,0.7828542888618789,6378,2849,59845.38644085846,0.06946199818667693,0.07475883550284777,106.9461998186677,9350.496267672672,87.47165406845828,0
univ3-full-range-zero-fee,500,10000,628.5964268536524,-687.8649040112682,687.8649040112682,-59.26847715761585,142655.6885425954,58744.03798914236,0.7083211630881479,7289,4602,133492.12457989898,-0.037116927434647805,0.0939126850849955,96.28830725653522,10385.477626918047,108.87813137566569,0
univ3-full-range-zero-fee,501,10000,561.49328001288,-663.1119350608694,663.1119350608694,-101.61865504798948,107376.89988944725,46332.80746996765,0.6985694120044805,5382,4946,130235.99269236447,0.00016080344270648085,0.07442561713085538,100.01608034427065,9998.392723851146,99.87699805983084,0
univ3-full-range-zero-fee,502,10000,532.5138218355027,-1004.6356303107764,1004.6356303107764,-472.1218084752737,129351.65476674128,60126.2698051657,0.6826740110173217,8703,7054,199639.33116624094,0.1484474504002516,0.5250757766368531,114.84474504002516,8707.408142669738,75.81893143355069,0
univ3-full-range-zero-fee,503,10000,301.2107346851389,-485.61177448492356,485.61177448492356,-184.40103979978466,96443.65192436613,28059.525199427444,0.7746280388368897,8332,5673,136600.4458087017,0.010058550671218995,0.08412050195352534,101.0058550671219,9900.416827927575,97.94582952960913,0
univ3-full-range-zero-fee,504,10000,692.6288592224246,-1204.2843635240276,1204.2843635240276,-511.65550430160306,184664.77476229417,129777.81749803429,0.5872765945441938,11100,7278,236281.9759791439,0.21398638504031595,0.25876335061459343,121.3986385040316,8237.325292907346,67.85407064680061,0
univ3-full-range-zero-fee,505,10000,100.99600121893616,-681.5004321965719,681.5004321965719,-580.5044309776357,41272.16434495131,17616.334951638062,0.7008527104262896,4350,6901,192337.65583055458,0.11125013209855623,0.17421831873945579,111.12501320985562,8998.874512474977,80.97984172022159,0
univ3-full-range-zero-fee,506,10000,268.88710315429466,-980.527436823413,980.527436823413,-711.6403336691184,111258.3655246225,36516.229899367,0.7528923710154918,9940,7320,248939.12848676872,-0.10646038819949638,0.2594288602132353,89.35396118005036,11191.446699041291,125.3239000523486,0
univ3-full-range-zero-fee,507,10000,283.3800165443303,-697.0235167202889,697.0235167202889,-413.64350017595854,77628.7920291443,21730.300249117576,0.7812953022129028,5699,6682,181614.57587744386,-0.07456288141984117,0.10443814435425708,92.54371185801588,10805.705151609729,116.76323549341127,0
univ3-full-range-zero-fee,508,10000,792.204260351368,-805.9076594218496,805.9076594218496,-13.703399070481623,172516.3477166496,36351.949729118794,0.8259575523252523,10448,4167,131871.82195621578,0.025561576346298978,0.07666496225296911,102.5561576346299,9750.756007528425,95.07703668238047,0
univ3-full-range-zero-fee,509,10000,531.5989705981497,-630.870557676057,630.870557676057,-99.27158707790738,157431.30599557626,107590.28473674724,0.5940320015458087,10822,5431,139741.58674092748,0.03322994838617603,0.144427634792887,103.3229948386176,9678.388425549734,93.67146644680534,0
univ3-full-range-zero-fee,510,10000,607.5054722660913,-809.3340596703027,809.3340596703027,-201.82858740421148,129747.16270985403,62441.97381058354,0.6751014394409155,7553,6041,163456.77659795329,0.070274651785858,0.20103583515182932,107.0274651785858,9343.396677969102,87.51734843932982,0
univ3-full-range-zero-fee,511,10000,457.51367121618983,-464.8905373263645,464.8905373263645,-7.37686611017466,146415.45382940874,76082.17830577915,0.6580539865720809,10917,3835,103925.81958233454,-0.01802719452491516,0.05468454632756163,98.19728054750848,10183.58216126656,103.86260754960776,0
univ3-full-range-zero-fee,512,10000,354.0232550591374,-621.2530281933924,621.2530281933924,-267.229773134255,118396.881133118,33839.600147831865,0.7777168792716547,10687,6192,162068.87905518626,0.04994042671082553,0.10321076473781772,104.99404267108255,9524.350655940196,90.71353089466925,0
univ3-full-range-zero-fee,513,10000,812.7429269210755,-1346.7356211732651,1346.7356211732651,-533.9926942521896,169061.68127880615,99119.68403167871,0.6304005540544411,9905,7337,229292.60104112487,0.47216618730546517,0.4936088916413675,147.21661873054651,6792.711769770697,46.23435740383001,0
univ3-full-range-zero-fee,514,10000,264.2098786891283,-1275.5217949434514,1275.5217949434514,-1011.311916254323,101402.17062267828,49880.07091751344,0.6702846916486123,9832,7752,288120.04380167794,-0.29504689219600067,0.2983359372650362,70.49531078039993,14185.342404577217,201.20910727615166,0
univ3-full-range-zero-fee,515,10000,389.7621942360703,-402.0130272120273,402.0130272120273,-12.250832975956996,112973.33629524792,36161.5071784921,0.7575247585594609,8516,3459,88112.02538586648,0.08184281684931989,0.09890838529543117,108.18428168493199,9243.487495343312,85.3506831389895,0
univ3-full-range-zero-fee,516,10000,660.6083554584209,-1340.6473958459824,1340.6473958459824,-680.0390403875615,116789.53762223836,37218.34474587953,0.7583348061567509,6846,7367,228021.04434273572,0.6497558131526949,0.6781498156226187,164.9755813152695,6061.503378438687,36.74187400178701,0
univ3-full-range-zero-fee,517,10000,1094.9468949525526,-1984.250806631896,1984.250806631896,-889.3039116793434,172343.5484674702,69976.93030417619,0.7112215580833355,10068,7791,267199.4320094994,0.7208537189125559,0.7784022202804743,172.0853718912556,5811.069481374249,33.76847659356618,0
univ3-full-range-zero-fee,518,10000,509.83859944192153,-660.2872399309297,660.2872399309297,-150.44864048900814,81526.66222640983,36440.6905254838,0.6910951235624905,4235,5274,125378.73417190893,0.17498057537305442,0.25226490485608805,117.49805753730544,8510.779328260578,72.43327741346008,0
univ3-full-range-zero-fee,519,10000,1373.9935152780163,-1377.8368329084449,1377.8368329084449,-3.8433176304286008,226456.64322350078,87653.72305162546,0.720946099006327,11568,4486,168099.29779889144,-0.0201912098759351,0.09198126122309205,97.98087901240649,10206.073780105095,105.0759677992,0
univ3-full-range-zero-fee,520,10000,443.6282579963623,-1662.6403486740326,1662.6403486740326,-1219.0120906776701,138803.27793230006,78861.89179577974,0.637691726727346,9952,7938,337761.7411796659,-0.15228774975573656,0.4236636236524373,84.77122502442634,11796.456911369085,138.28744481730243,0
univ3-full-range-zero-fee,521,10000,110.24847786689733,-1330.217648205041,1330.217648205041,-1219.9691703381438,48693.667387282025,15452.33226214613,0.7591068445951972,4962,7772,305448.484228221,-0.050928756127019026,0.37764152595696665,94.9071243872981,10536.617464459921,111.02052442371586,0
univ3-full-range-zero-fee,522,10000,279.239975721917,-297.9960660788659,297.9960660788659,-18.756090356948903,83284.69241885752,22327.051380902652,0.7885930998049352,6740,3077,72658.58955836193,0.026707511284349436,0.0636481627252968,102.67075112843494,9739.872706829648,94.86528978636358,0
univ3-full-range-zero-fee,523,10000,276.25945790876585,-415.000657907559,415.000657907559,-138.74119999879315,87557.6561200212,19209.224840769428,0.8200825511815422,7538,5035,118728.79250357994,-0.056491067930802503,0.10306303372583216,94.35089320691975,10598.73447602622,112.16467383836296,0
univ3-full-range-zero-fee,524,10000,303.67395735709806,-722.9804115133177,722.9804115133177,-419.3064541562196,63075.32994333922,51211.869390340406,0.5519019654964226,4660,6609,161956.36761062205,0.28025074591114363,0.4006981356588102,128.02507459111436,7810.970206805808,60.93384366556086,0
univ3-full-range-zero-fee,525,10000,391.069819185888,-1552.3527747636347,1552.3527747636347,-1161.2829555777466,84126.23317679799,28040.64335703645,0.7500095908565471,5867,7798,289201.67116748873,-0.01885954817517913,0.4324370332882151,98.11404518248209,10192.221370883639,103.88130537616819,0
univ3-full-range-zero-fee,526,10000,194.10522828918081,-524.5081738052129,524.5081738052129,-330.4029455160321,91008.66078997227,47399.16453389887,0.6575398506335469,10813,6373,158564.91053903324,-0.0233113067263524,0.11410262613357589,97.66886932736476,10238.677816560044,104.74560557098565,0
univ3-full-range-zero-fee,527,10000,243.3872592820266,-390.60898113066617,390.60898113066617,-147.22172184863956,74178.58887762265,27558.357736640974,0.7291214386340029,6620,5122,112237.44901684971,0.10868695751268476,0.17661282484963978,110.86869575126848,9019.679045292998,81.35558103079696,0
univ3-full-range-zero-fee,528,10000,417.0367295916242,-820.1935577008092,820.1935577008092,-403.15682810918497,118811.84259993608,38758.56814901566,0.7540238172586379,9570,6841,191120.37502454882,0.06169899643692758,0.24964823879395992,106.16989964369276,9418.866164231244,89.07469559322297,0
univ3-full-range-zero-fee,529,10000,267.96431135322496,-294.26025871367,294.26025871367,-26.29594736044504,63501.35670381647,13273.730998600513,0.827108878728345,4073,2744,65256.803899725215,-0.0011152991372870248,0.04412765057807036,99.8884700862713,10011.165774728926,100.28336618752037,0
univ3-full-range-zero-fee,530,10000,553.327422240193,-1409.4370329363603,1409.4370329363603,-856.1096106961674,101503.73924570001,48821.76340965462,0.6752263418564024,5381,7643,255326.62022528242,-0.00838030559814328,0.2658434599994226,99.16196944018567,10084.511935050126,101.69769729782128,0
univ3-full-range-zero-fee,531,10000,836.87187499865,-912.3670997209838,912.3670997209838,-75.49522472233377,186752.78220690423,46549.516933373125,0.8004755327962527,10669,5194,160630.85152943552,-0.04710769600886323,0.07974180701544484,95.28923039911368,10494.366235053194,110.13111417837389,0
univ3-full-range-zero-fee,532,10000,338.8580321275315,-1075.2152266461799,1075.2152266461799,-736.3571945186484,114977.59282671039,56184.13138259429,0.671748274083231,9400,7378,245977.166754579,-0.10691251251174762,0.1621509033523489,89.30874874882524,11197.11233806859,124.74795167451322,0
univ3-full-range-zero-fee,533,10000,243.68008334080233,-1274.7236443966729,1274.7236443966729,-1031.0435610558704,78824.42300011644,31935.62732642602,0.711668356665842,6735,7695,271398.07698943315,-0.1630909597017944,0.32433556323557383,83.69090402982056,11948.730818138996,142.7729189741036,0
univ3-full-range-zero-fee,534,10000,444.7033381453346,-1240.8518821403927,1240.8518821403927,-796.1485439950582,83516.89746864438,53313.92460432981,0.6103661163718171,6801,7502,209167.4456620638,0.7120565062108446,1.09576023540495,171.20565062108446,5840.928956326106,33.98897758375087,0
univ3-full-range-zero-fee,535,10000,408.8841126897152,-1069.5559647989676,1069.5559647989676,-660.6718521092523,69858.54907201597,20151.23878875005,0.7761216944548128,5172,7241,183140.23740143346,1.4065788866957671,1.5051555751860894,240.65788866957672,4155.276323160195,17.266303552170353,0
univ3-full-range-zero-fee,536,10000,521.9204668558576,-552.192826103536,552.192826103536,-30.272359247678423,116465.81551614084,19265.76186644808,0.85805983958955,9460,3803,98395.15299022468,0.07777375049415283,0.17813042183564362,107.77737504941528,9278.385746787832,85.9329445092417,0
univ3-full-range-zero-fee,537,10000,374.67750646259384,-411.53334281459763,411.53334281459763,-36.85583635200379,101853.20437117845,26934.360492661075,0.7908621028657744,7610,3805,93172.07995802004,0.07466390338263253,0.13238611543161397,107.46639033826325,9305.235331751153,86.57890930611123,0
univ3-full-range-zero-fee,538,10000,320.7619544828898,-1334.4092227746241,1334.4092227746241,-1013.6472682917343,67202.9987875954,35410.72825012843,0.654912366284967,3995,7644,262197.14359859773,0.2459837464887164,0.30104088518118943,124.59837464887164,8025.78724184347,64.3198757310599,0
univ3-full-range-zero-fee,539,10000,292.09163476405683,-547.1874701536842,547.1874701536842,-255.09583538962738,75655.38375436717,36835.957540217656,0.6725440632470182,4984,5945,144562.1684058402,-0.0339596759611544,0.17503718002807703,96.60403240388456,10351.53532912494,106.7799829552167,0
univ3-full-range-zero-fee,540,10000,709.6445247776272,-902.2839331672692,902.2839331672692,-192.63940838964197,170561.34929469286,66792.65343878024,0.7185947880820772,9692,6241,183021.68705387862,0.05067134583018003,0.07795673538837321,105.067134583018,9517.724822429873,90.5869240700577,0
univ3-full-range-zero-fee,541,10000,354.5486568486557,-1082.8011540189877,1082.8011540189877,-728.252497170332,68418.94160642286,35576.39993689273,0.6579039079161576,4014,7386,217771.63877753486,0.5412075478069014,0.5477149637369013,154.12075478069013,6488.419020885638,42.0996734967568,0
univ3-full-range-zero-fee,542,10000,389.715071428355,-448.4418480942563,448.4418480942563,-58.7267766659013,131204.40490257333,43298.65058778526,0.751874541874841,10300,4703,119176.60225205222,0.0038800771629431095,0.12128892963100085,100.38800771629431,9961.349926108389,99.12963906929552,0
univ3-full-range-zero-fee,543,10000,309.1443182766455,-491.7970642821613,491.7970642821613,-182.65274600551578,67211.62794600078,15726.989546669945,0.8103779635818051,4691,5388,125805.50024104801,0.10050447421552931,0.10699331210124569,110.05044742155293,9086.742193341513,82.93519514019627,0
univ3-full-range-zero-fee,544,10000,559.1286885385387,-1482.2710870237545,1482.2710870237545,-923.1423984852158,118950.5730445512,76086.12897121656,0.6098881483082843,7671,7680,268937.74494336173,0.09203095819685501,0.35813512905081835,109.2030958196855,9157.250184719876,83.85583403727492,0
univ3-full-range-zero-fee,545,10000,1156.835212022309,-1190.7001276467784,1190.7001276467784,-33.864915624469404,210486.9203147507,43066.13531391396,0.830149413079898,11649,4901,168037.29490265527,0.035487733366946085,0.10310108340860864,103.54877333669461,9657.285611414509,93.23300619833327,0
univ3-full-range-zero-fee,546,10000,725.2517026697791,-2103.4793794081143,2103.4793794081143,-1378.227676738335,187422.88681056057,37297.452864395804,0.8340272495211417,11630,8031,378050.2302608576,-0.42752919399775324,0.44121584340750986,57.24708060022468,17468.142601983036,305.13540527244663,0
univ3-full-range-zero-fee,547,10000,292.37442362859974,-403.419241742476,403.419241742476,-111.04481811387626,95586.72678223015,34272.021093724754,0.7360823074740991,7894,4999,114205.4963269997,0.009618461395313034,0.0728240742709741,100.9618461395313,9904.73233041195,98.21059136074548,0
univ3-full-range-zero-fee,548,10000,255.48265563920532,-496.927812616925,496.927812616925,-241.44515697771968,78630.80307734833,31835.876275521343,0.7118056190154293,4952,5839,152819.3459612984,-0.20803925922929878,0.2549781449649333,79.19607407707012,12626.889355366853,159.14265862726558,0
univ3-full-range-zero-fee,549,10000,129.5172492657125,-201.72661955724507,201.72661955724507,-72.20937029153257,51599.16120575551,20410.048127528455,0.716563362985093,5520,3765,73353.17555011508,-0.012680163527715251,0.10679295724456608,98.73198364722847,10128.43060390564,101.7972663837582,0
univ3-full-range-zero-fee,550,10000,312.289109141632,-565.4760090703567,565.4760090703567,-253.18689992872464,91221.6282220617,40870.61226708909,0.6905903623426999,5500,5976,163461.73574633463,-0.12337258158641135,0.24582376415921472,87.66274184135887,11407.355519643523,130.97145669698696,0
univ3-full-range-zero-fee,551,10000,772.1878400788171,-1419.6737279363665,1419.6737279363665,-647.4858878575494,123330.60969154176,38337.343269798286,0.76286368097352,6942,7301,232583.9186951097,0.20679339928681573,0.29143888382421435,120.67933992868157,8286.423004508304,68.6646416531645,0
univ3-full-range-zero-fee,552,10000,309.540977189949,-534.0180686969005,534.0180686969005,-224.47709150695152,67058.9920961095,20609.893134886493,0.7649121112857528,5071,5706,126572.97865075026,0.34277343327202514,0.4026159211324426,134.27734332720252,7447.273042494674,55.18647110103805,0
univ3-full-range-zero-fee,553,10000,329.9016269082209,-515.9601507502811,515.9601507502811,-186.05852384206014,121283.20456836736,60325.80004903551,0.6678259419122727,9320,5860,148348.06674018007,-0.009218132178373821,0.11166805734932737,99.07818678216262,10093.039724136894,101.98080623911477,0
univ3-full-range-zero-fee,554,10000,374.89682534952397,-669.7818994447865,669.7818994447865,-294.88507409526255,94953.5694629863,63548.01177045381,0.5990701715659182,6507,6401,156146.37899191456,0.5846770469714465,0.5890845739896627,158.46770469714465,6310.434310216927,39.7306217339827,0
univ3-full-range-zero-fee,555,10000,402.18390899890977,-782.341388487186,782.341388487186,-380.15747948827624,84099.14213107717,37786.432444527054,0.6899843761159072,6471,6589,174343.37052136482,0.004793513742613271,0.17339729748249355,100.47935137426133,9952.29417320908,99.0478883338801,0
univ3-full-range-zero-fee,556,10000,294.1335957238672,-1161.1831239050089,1161.1831239050089,-867.0495281811417,115588.28774446146,31244.21591465351,0.7872118561215179,9729,7611,283803.9960172162,-0.2970789722529051,0.33082857787226855,70.29210277470949,14226.350883330595,202.7625046711033,0
univ3-full-range-zero-fee,557,10000,382.6621934557076,-975.0168073258591,975.0168073258591,-592.3546138701515,132063.7749727677,57847.66239082269,0.6953966375386237,11507,7199,219033.21614104434,-0.0327229680141582,0.31229920396935174,96.72770319858418,10338.30084692047,106.7344285451224,0
univ3-full-range-zero-fee,558,10000,430.6594926072568,-475.4177499326146,475.4177499326146,-44.75825732535776,116157.11450187306,30456.64552852374,0.79226611798095,8547,4270,109658.04659383405,-0.07157137835845205,0.10479598309962328,92.8428621641548,10770.887971332646,116.09850474915106,0
univ3-full-range-zero-fee,559,10000,1165.278871658054,-1756.678862083507,1756.678862083507,-591.3999904254531,197863.7318247317,79004.1331830668,0.7146504048751143,10953,7507,250286.22027648473,0.19952318958868673,0.643042041247106,119.95231895886867,8336.646472038945,69.45967769035484,0
univ3-full-range-zero-fee,560,10000,292.7440260751475,-418.7985416918987,418.7985416918987,-126.05451561675125,77415.20325911208,38019.953222027216,0.6706380068169334,5152,5074,114011.47544974515,0.06685004618958629,0.11307794745899173,106.68500461895863,9373.388978853902,85.91916807170469,0
univ3-full-range-zero-fee,561,10000,418.8102197480459,-519.7469798734776,519.7469798734776,-100.9367601254317,94214.92070377512,15068.953710463038,0.8621118276485651,7143,4693,110880.22478378634,0.17765796120057886,0.1816053286973289,117.76579612005789,8491.430297949439,72.1248658647297,0
univ3-full-range-zero-fee,562,10000,581.2409837846703,-581.9330471534331,581.9330471534331,-0.6920633687627742,123927.762809806,23648.887718309543,0.8397518331410829,7717,2961,96680.13707024603,0.0022241831190495985,0.038263868581939704,100.22241831190496,9977.808054911777,99.63677897888302,0
univ3-full-range-zero-fee,563,10000,673.6225896274094,-677.5300421253188,677.5300421253188,-3.9074524979093894,140754.03564739024,39921.872727096,0.7790415275270122,7773,3364,110602.17568583618,0.017167320815854197,0.05469352615466306,101.71673208158542,9831.224751651258,95.99120198730567,0
univ3-full-range-zero-fee,564,10000,716.7157425825088,-718.0211061712231,718.0211061712231,-1.3053635887142718,169363.79360419762,74513.3140061533,0.6944636799399587,10448,3937,121500.38824216572,0.005504391791715904,0.0680673238892011,100.55043917917159,9945.258108306321,98.954955671467,0
univ3-full-range-zero-fee,565,10000,530.9365901340436,-1322.3072598235344,1322.3072598235344,-791.3706696894908,129923.69691201813,68347.95851367436,0.6552812434690668,7300,7481,270006.7408282059,-0.32331998656786665,0.32331998656786665,67.66800134321333,14778.035209783024,218.39122965706557,0
univ3-full-range-zero-fee,566,10000,559.4091687742523,-794.1589776435578,794.1589776435578,-234.74980886930553,114351.07191972586,30923.553112120386,0.7871372711831711,6788,6114,167331.64098790148,-0.03812846933357633,0.11254497456136306,96.18715306664237,10396.399450795321,109.61850464730547,0
univ3-full-range-zero-fee,567,10000,1043.1072159072269,-1425.5680826923665,1425.5680826923665,-382.4608667851396,174843.66639697415,45243.52330437256,0.7944290925529697,10370,7025,213933.11302365287,0.3971646550277282,0.4436378691316099,139.71646550277282,7157.352990629368,51.24606829775438,0
univ3-full-range-zero-fee,568,10000,270.8858090774927,-313.92480387857813,313.92480387857813,-43.03899480108544,101712.20591731415,22527.77778452044,0.8186752999051803,9706,3973,91999.86779246564,-0.056823277373111124,0.08481445647954403,94.31767226268889,10602.467673868992,112.53721362883763,0
univ3-full-range-zero-fee,569,10000,1342.8387001642932,-1347.3680240597039,1347.3680240597039,-4.529323895410698,204629.8170786248,50387.27242872552,0.8024160948348004,9127,4067,161362.13875497004,-0.012126688927310596,0.07806822601189736,98.78733110726894,10122.756176554534,102.45326020043706,0
univ3-full-range-zero-fee,570,10000,818.813230925974,-1432.5575241292092,1432.5575241292092,-613.7442932032352,163857.32320619217,83483.26949760436,0.6624764718762521,9213,7519,236345.22367375804,0.46443601198466866,0.6130986187961344,146.44360119846687,6828.567788334677,45.819512705477635,0
univ3-full-range-zero-fee,571,10000,1228.3527869902612,-1450.6910962501117,1450.6910962501117,-222.33830925985058,212917.87809566763,75762.16826800005,0.7375566159756054,11516,6784,211909.243578657,0.2059646149347941,0.41262408746231044,120.59646149347941,8292.117889339646,67.94677806911939,0
univ3-full-range-zero-fee,572,10000,232.69016799343717,-323.06800488578915,323.06800488578915,-90.37783689235198,62943.395652421255,26313.345027464005,0.7051948701349574,5157,4413,88504.71360975012,0.273179579495701,0.31168284786673495,127.3179579495701,7854.3518367554225,61.81167045016577,0
univ3-full-range-zero-fee,573,10000,538.6604334969853,-1488.1219335697847,1488.1219335697847,-949.4615000727994,135767.42830090484,54848.51287710932,0.7122564223215366,11051,7804,251285.6754938593,0.3955276696289738,0.5933834525392023,139.55276696289738,7165.748770296963,51.63776651458527,0
univ3-full-range-zero-fee,574,10000,513.8854862009739,-1147.2466647524175,1147.2466647524175,-633.3611785514436,125472.20694858553,48064.864348768344,0.7230282614000686,6954,7298,258804.20130215638,-0.22726501499409507,0.2735593711111959,77.27349850059049,12941.048451638348,167.5473347110451,0
univ3-full-range-zero-fee,575,10000,769.9732109704735,-862.4248274704381,862.4248274704381,-92.45161649996464,188302.4910050557,61760.03675306471,0.753021625004112,11451,5573,166079.11496454012,0.06550122076883567,0.1455597766109038,106.55012207688357,9385.255124979314,88.1459098851723,0
univ3-full-range-zero-fee,576,10000,474.1171525042339,-563.5819425788311,563.5819425788311,-89.4647900745972,142876.275656635,78030.96478410673,0.6467704515776679,10884,5287,129440.43952355877,0.09556875669849817,0.11107566255454827,109.55687566984982,9127.679726295642,83.24196392931401,0
univ3-full-range-zero-fee,577,10000,303.74897653881493,-1158.303673335549,1158.303673335549,-854.5546967967341,57887.085464961325,12008.138175801223,0.8281980148240324,4065,7520,226331.24101576718,0.5000975462529929,0.6575994294599198,150.00975462529928,6666.233412367533,44.438527779382895,0
univ3-full-range-zero-fee,578,10000,380.23853196037373,-1616.2926080428529,1616.2926080428529,-1236.0540760824792,131148.12373544788,78083.54486776149,0.6268081911833313,11336,7888,312773.2279667651,-0.26100998684620325,0.284745100632982,73.89900131537968,13531.984322417547,183.1108844988538,0
univ3-full-range-zero-fee,579,10000,185.86129971188925,-488.48414274837586,488.48414274837586,-302.62284303648664,64353.50477623705,26053.114819180057,0.7118229291641301,5083,6145,153744.32818225757,-0.16635935225443346,0.20308891063535314,83.36406477455665,11995.577075646,143.8945402773289,0
univ3-full-range-zero-fee,580,10000,423.3904739554088,-1251.3809187880183,1251.3809187880183,-827.9904448326095,122053.55440426651,44981.62714900542,0.7307056709208317,9116,7511,261015.27037459763,-0.20346596231135067,0.2058523006232906,79.65340376886493,12554.392593680572,157.51798221163267,0
univ3-full-range-zero-fee,581,10000,176.51758426992697,-993.3984684837051,993.3984684837051,-816.8808842137781,63943.98071450546,35611.57747924146,0.6422944321206344,7716,7433,203567.997146515,0.8917081760033557,0.9262857026532313,189.17081760033557,5286.227831153793,27.90702266373063,0
univ3-full-range-zero-fee,582,10000,309.8116328107577,-654.3070058216774,654.3070058216774,-344.4953730109197,89127.52054213168,43938.84169700914,0.6697975284088382,7147,6506,163758.05452288606,0.22776164637853497,0.34472904712437213,122.7761646378535,8144.90383484555,66.33948181015751,0
univ3-full-range-zero-fee,583,10000,287.48510273332545,-386.28555220382384,386.28555220382384,-98.80044947049839,67586.71702506772,11960.274257901048,0.8496451711749181,5347,4548,96002.60767495529,0.26182761350262085,0.3253762519573675,126.18276135026208,7925.013111679596,62.790361907341946,0
univ3-full-range-zero-fee,584,10000,445.9048606349772,-447.4295116689076,447.4295116689076,-1.524651033930411,154012.69337028448,62241.91693401376,0.7121822427441833,11546,3874,105866.23840792307,-0.0122215879654253,0.031444747219717184,98.77784120345747,10123.728815976996,102.45791525013938,0
univ3-full-range-zero-fee,585,10000,173.84697304640147,-415.8231475577163,415.8231475577163,-241.97617451131484,54441.03009885609,12468.244864662123,0.813654461635396,5163,5797,125311.30626440763,0.2608609960981508,0.29722684111720554,126.08609960981508,7931.088721252409,62.998818361584135,0
univ3-full-range-zero-fee,586,10000,490.04466342213203,-1588.437366910683,1588.437366910683,-1098.392703488551,114937.0027494507,50900.11556813651,0.6930716350807544,6383,7839,307214.59624730726,-0.14069538709645626,0.2809964368293758,85.93046129035437,11637.317728341337,135.47173399506005,0
univ3-full-range-zero-fee,587,10000,452.18935534748294,-1026.8999195785177,1026.8999195785177,-574.7105642310348,86297.11893724903,28916.64056188842,0.7490174724998458,5380,7154,214497.63292475417,0.12066819281428011,0.2659714611631509,112.06681928142801,8923.248299666055,79.6243781498357,0
univ3-full-range-zero-fee,588,10000,303.18725913074485,-892.9631599954093,892.9631599954093,-589.7759008646644,89604.5920670848,32837.89053723513,0.7318096641069203,6494,7103,226112.08001621204,-0.16289747118018838,0.23642948961733437,83.71025288198116,11945.968912913548,142.9535982638559,0
univ3-full-range-zero-fee,589,10000,393.73361886700485,-492.6709454415645,492.6709454415645,-98.93732657455968,129608.19706125083,28336.326922879987,0.8205931664606047,11189,5125,128210.0369739043,-0.02016502205856071,0.1068006682100878,97.98349779414393,10205.801014720864,104.12931698699431,0
univ3-full-range-zero-fee,590,10000,555.5655043428959,-564.2176303425888,564.2176303425888,-8.652125999692885,151240.95124752828,53228.18803175291,0.7396761769557343,10161,3856,112560.42665402233,-0.010675921170093118,0.06787573201172989,98.93240788299069,10107.911971073487,102.17605587213778,0
univ3-full-range-zero-fee,591,10000,602.3765828106912,-1253.9928210624212,1253.9928210624212,-651.61623825173,138467.68956467664,41348.40902765209,0.7700516841854332,7986,7386,259667.3615436264,-0.21856658750862692,0.27522883158353567,78.14334124913731,12796.996899240712,170.94502230468575,0
univ3-full-range-zero-fee,592,10000,787.5998169520427,-893.4670082165401,893.4670082165401,-105.86719126449736,159926.84893225104,60816.06674684668,0.7244936873296659,9077,5501,155123.32021090554,0.07283592725470073,0.15766824987903105,107.28359272547007,9321.090399092727,86.88299440932985,0
univ3-full-range-zero-fee,593,10000,198.63616947948807,-635.7285137455609,635.7285137455609,-437.0923442660728,61439.10114144921,26612.012696165715,0.6977663139475561,5064,6568,176939.3884317151,-0.11376126824207546,0.12276032243122457,88.62387317579245,11283.642061059967,127.52394978198895,0
univ3-full-range-zero-fee,594,10000,204.89028759311978,-1311.2959318555704,1311.2959318555704,-1106.4056442624506,84512.75566893736,52729.99668558413,0.6157903001728388,8794,7758,263663.5877144815,0.5606390861657531,0.6694881961015122,156.0639086165753,6407.63173446687,40.779985185185986,0
univ3-full-range-zero-fee,595,10000,258.31335642279856,-723.5361307441176,723.5361307441176,-465.22277432131904,94807.92358246297,41287.66322298609,0.6966274646215567,9628,6849,187518.1356513128,-0.021026321499628152,0.19975311483793207,97.89736785003718,10214.780078089596,104.341102744763,0
univ3-full-range-zero-fee,596,10000,486.1634071574952,-621.0236069675148,621.0236069675148,-134.86019981001954,97874.04322551048,37175.792441328944,0.7247253781704732,5460,5170,132375.86112439926,0.06955977285924235,0.08400832419759069,106.95597728592423,9349.641540691542,87.41606387806199,0
univ3-full-range-zero-fee,597,10000,584.9210953217018,-914.5606072163323,914.5606072163323,-329.63951189463046,154830.51989067078,42611.32584607735,0.7841829036439844,10618,6745,202556.03278544056,0.01752155329568893,0.1500035861097598,101.7521553295689,9827.802471343948,95.73666565786881,0
univ3-full-range-zero-fee,598,10000,930.3881655115589,-1301.5463875397486,1301.5463875397486,-371.1582220281897,205695.5707217782,85578.3763953731,0.7061928221099939,10988,7062,235281.41530110475,0.043015985064457,0.13482453429699093,104.3015985064457,9587.58158982024,92.16854290901698,0
univ3-full-range-zero-fee,599,10000,2029.3541685288194,-2154.095222919291,2154.095222919291,-124.74105439047139,235808.82218806623,73620.68248834739,0.7620760742730842,11237,6029,211304.55202415437,0.08155297887442217,0.28406427734202,108.15529788744222,9245.964818420378,85.52272691216025,0
univ3-full-range-zero-fee,600,10000,218.6896872788976,-523.7943993688459,523.7943993688459,-305.1047120899483,58994.51137301564,37837.81470391755,0.6092439762951121,4389,6150,140434.70548945275,0.3615019359414825,0.42211079086054015,136.15019359414825,7344.8300886680545,53.75655396086622,0
univ3-full-range-zero-fee,601,10000,278.30040840663514,-435.8728715794076,435.8728715794076,-157.57246317277247,72111.64963075622,34634.57475409333,0.6755428592094636,4169,5227,124259.53968056726,-0.04667858799575655,0.10210407862465402,95.33214120042435,10489.64215465017,110.0934412303796,0
univ3-full-range-zero-fee,602,10000,550.8126056069402,-733.5459507829205,733.5459507829205,-182.73334517598028,108178.78579125273,33659.4673101721,0.7626911882078589,5502,5610,157797.89481120193,-0.10960648890016983,0.2079682892224753,89.03935110998302,11230.989979375869,126.13494630676568,0
univ3-full-range-zero-fee,603,10000,346.67708466527165,-393.30717012116196,393.30717012116196,-46.63008545589031,115963.19601561788,42388.752073079486,0.7323130369742192,8914,4257,103242.76809436176,0.009290027237220784,0.056226096292266874,100.92900272372208,9907.955463542132,99.4759488368599,0
univ3-full-range-zero-fee,604,10000,984.2563955837791,-1395.055583035218,1395.055583035218,-410.7991874514389,184389.33930680802,91024.50874629736,0.6694991577593222,11622,7157,212894.956354049,0.5759958186017542,0.721394089598029,157.59958186017542,6345.194883047506,40.19395435154546,0
univ3-full-range-zero-fee,605,10000,244.83297075194145,-251.43187541467034,251.43187541467034,-6.5989046627288985,65939.71443109357,11706.548029360489,0.8492323048347273,4854,2078,55066.51317172537,-0.012189017912407394,0.029377292818784186,98.78109820875926,10123.39458037164,102.41020392610012,0
univ3-full-range-zero-fee,606,10000,176.17732796457437,-633.9764896729341,633.9764896729341,-457.79916170835975,54384.582687112415,13323.841856876734,0.8032173699711409,4174,6688,190106.9163054042,-0.1143443971934532,0.25475401299401157,88.56556028065468,11291.071327567548,127.25552115746517,0
univ3-full-range-zero-fee,607,10000,754.9072473557626,-1240.3948316042786,1240.3948316042786,-485.487584248516,134016.57770254955,44470.04107524537,0.7508494396960487,7466,7092,218849.2299676278,-0.09546214077468904,0.2590862749992732,90.4537859225311,11055.370081760497,122.22203561688673,0
univ3-full-range-zero-fee,608,10000,423.53747232836406,-458.1913073462483,458.1913073462483,-34.65383501788426,140268.38629996008,37458.97774439306,0.7892334815980003,11184,4200,111284.87524592422,-0.027374768233237177,0.06678850779091448,97.26252317667628,10281.453178298147,105.19220550071998,0
univ3-full-range-zero-fee,609,10000,267.5171291061713,-1372.5648377752607,1372.5648377752607,-1105.0477086690894,96038.49543530177,39298.616081178545,0.7096242439281478,10329,7705,284652.3614809101,-0.0012249970658379538,0.2798582036000656,99.8775002934162,10012.265881573258,100.24624707468026,0
univ3-full-range-zero-fee,610,10000,380.6257941303139,-1530.7301743568742,1530.7301743568742,-1150.1043802265604,125707.62891989235,42699.70262323603,0.7464498592075796,11599,7929,293989.2745086533,-0.09639058088261507,0.23887123583738032,90.3609419117385,11066.72956589923,122.47292879266541,0
univ3-full-range-zero-fee,611,10000,1073.5623123298021,-1815.334793462938,1815.334793462938,-741.7724811331359,203934.75638823042,75249.53137700312,0.7304664528962298,11635,7730,277174.2696090005,0.447043399281834,0.5419849205036195,144.7043399281834,6910.643229438164,47.75684995178802,0
univ3-full-range-zero-fee,612,10000,656.086056794288,-901.5781403835472,901.5781403835472,-245.4920835892592,153811.39156793343,28380.72609243423,0.8442263778648208,11209,6401,177487.2139802147,0.35505281554861656,0.35505281554861656,135.50528155486165,7379.786624400931,54.572305331533386,0
univ3-full-range-zero-fee,613,10000,348.4570007494045,-528.4886183162666,528.4886183162666,-180.03161756686217,111047.65394873287,67013.77357063422,0.6236480044879716,8594,5793,136836.35025167558,0.23511909388740945,0.2548310628922701,123.51190938874095,8096.385703045779,65.467761243177,0
univ3-full-range-zero-fee,614,10000,899.4744396869771,-1401.5489776541785,1401.5489776541785,-502.0745379672014,182168.20051644268,43082.67808667424,0.8087346946043029,9898,7351,257552.5444307563,-0.08048475523867694,0.20046889991289504,91.9515244761323,10875.29649631055,118.1689678595904,0
univ3-full-range-zero-fee,615,10000,147.29407304618871,-356.2875620071528,356.2875620071528,-208.9934889609641,47128.676989013344,15812.655236674515,0.7487715198023566,4866,5472,110366.0341725782,0.3979724365500846,0.47721117940680985,139.79724365500846,7153.2171197761045,51.05806734201403,0
univ3-full-range-zero-fee,616,10000,166.12388606298757,-172.56213075527708,172.56213075527708,-6.438244692289516,48059.096967713165,8214.898331094371,0.8540196357576116,4343,1723,40620.789718767825,-0.0368856076884586,0.056190039299614795,96.31143923115414,10382.982943362504,107.76120335627509,0
univ3-full-range-zero-fee,617,10000,564.4103912164163,-1903.8345470997378,1903.8345470997378,-1339.4241558833214,154145.94430193774,78835.44323286395,0.6616234280899891,9952,8021,342789.1027049092,-0.02277738659648506,0.2825269992125078,97.7222613403515,10233.083804216489,104.6636433113879,0
univ3-full-range-zero-fee,618,10000,868.2567575330766,-967.3659354645043,967.3659354645043,-99.10917793142778,200137.70958872887,103249.95504049455,0.6596764895940034,11097,5850,173973.9157278532,0.10835154716039597,0.18033249968577336,110.8351547160396,9022.408810819,81.63107379049231,0
univ3-full-range-zero-fee,619,10000,370.9075835571546,-384.59799558380547,384.59799558380547,-13.690412026650847,125483.7587920931,44764.150809908715,0.7370649019153516,11148,3738,90799.7612968313,0.02448811361848584,0.06992107642596296,102.44881136184858,9760.972906167119,96.09177552407807,0
univ3-full-range-zero-fee,620,10000,1152.7765614392697,-1831.2736877878112,1831.2736877878112,-678.4971263485415,157076.00253101185,55828.54758479855,0.7377766348608784,7881,7486,258668.98611116048,0.13724895944734983,0.3339544923612868,113.72489594473498,8793.149985399921,77.39078559825987,0
univ3-full-range-zero-fee,621,10000,294.33187904181864,-849.5633869507408,849.5633869507408,-555.2315079089221,72497.03463576605,36741.16084720422,0.6636601265266049,4094,7045,214100.4407691299,-0.10067579952477189,0.16801948265237457,89.93242004752281,11119.461242296826,122.78787575107806,0
univ3-full-range-zero-fee,622,10000,97.05678187679433,-167.92930582432925,167.92930582432925,-70.87252394753492,42094.397442169626,16045.85835597332,0.7240146584204427,4792,3669,66870.68209365553,0.037463627496532724,0.06490764115763029,103.74636274965327,9638.892512159602,92.90810835553661,0
univ3-full-range-zero-fee,623,10000,373.46230068840975,-885.7371384156739,885.7371384156739,-512.2748377272642,98842.55479512824,38226.581691655345,0.7211145946385881,8324,7018,194057.84553637332,0.07762510384060078,0.3665329192192215,107.76251038406008,9279.665690300386,86.01573014315113,0
univ3-full-range-zero-fee,624,10000,791.1067922383519,-1523.0740349050482,1523.0740349050482,-731.9672426666963,120860.12742100179,52126.47949490312,0.6986675418158603,8744,7467,222227.81081076467,0.7337528561657592,0.9609165522554488,173.37528561657592,5767.835041239107,33.270632516992315,0
univ3-full-range-zero-fee,625,10000,659.8985512040872,-716.0931469258134,716.0931469258134,-56.19459572172616,119251.70761336267,31427.3120752937,0.7914287460840199,6236,4361,122368.48927467997,-0.023171105559441685,0.13650853967404558,97.68288944405583,10237.207948398398,104.8000712852069,0
univ3-full-range-zero-fee,626,10000,195.84497264723072,-211.88679535445948,211.88679535445948,-16.04182270722876,59224.48872516176,8819.38086410323,0.8703868413519117,4809,2428,55454.39967415715,0.04979654372371499,0.06414671388834094,104.9796543723715,9525.655607921011,90.71281131164903,0
univ3-full-range-zero-fee,627,10000,189.5932937292069,-530.700128147704,530.700128147704,-341.10683441849716,48565.6218364045,9185.3719452766,0.8409486773508953,4289,6218,145478.3958960206,0.20223186825118744,0.23315737437580553,120.22318682511874,8317.86337682533,69.20764041483396,0
univ3-full-range-zero-fee,628,10000,633.9016943366362,-906.221223288583,906.221223288583,-272.31952895194684,148226.5616391199,94564.66262600615,0.610510376096863,8848,6500,185292.42314080455,-0.08566566822838467,0.14789070077450148,91.43343317716153,10936.919323499033,119.61462933631582,0
univ3-full-range-zero-fee,629,10000,137.39012022154353,-244.92842638998994,244.92842638998994,-107.53830616844641,46697.72538875042,11284.93246494681,0.8053740052168507,4130,4329,90155.34436066065,-0.16787390264804472,0.16932425602155804,83.21260973519553,12017.409987621631,144.8054846259827,0
univ3-full-range-zero-fee,630,10000,224.55002257606498,-340.245777991287,340.245777991287,-115.69575541522204,63978.23463549991,33320.17602508457,0.6575465539584342,4097,4598,105499.62621738012,-0.14101891055872087,0.2344422470939358,85.89810894412791,11641.700382457038,135.3348578819516,0
univ3-full-range-zero-fee,631,10000,785.1945768605301,-2089.18242824572,2089.18242824572,-1303.98785138519,157571.87041360282,42505.32555139553,0.787555371583519,7927,7998,364522.21717612335,-0.2507840513602331,0.3247227056533272,74.9215948639767,13347.287989900733,177.22367047747647,0
univ3-full-range-zero-fee,632,10000,1011.7879169469278,-1269.6003610606494,1269.6003610606494,-257.81244411372165,197741.93746382144,76854.88722826188,0.7201173490828148,10634,6599,213783.7948987121,0.07099448757329938,0.11759346932797257,107.09944875732994,9337.116959495514,87.79391393212764,0
univ3-full-range-zero-fee,633,10000,1348.9080967921266,-1370.8348489748887,1370.8348489748887,-21.92675218276213,188050.6466904082,36498.80829691244,0.8374575957043701,8658,4210,156308.5402550192,0.016263470549541807,0.08101828249530726,101.62634705495418,9839.96858788627,97.13453000383612,0
univ3-full-range-zero-fee,634,10000,468.05820185255345,-574.3861529987156,574.3861529987156,-106.32795114616215,92070.33113094662,32154.501842541278,0.7411588241023942,4539,4713,121914.12437834892,-0.08461449278294494,0.09698114950979203,91.5385507217055,10924.359639317043,119.34191686874206,0
univ3-full-range-zero-fee,635,10000,1068.9237912600759,-1604.0494852825427,1604.0494852825427,-535.1256940224669,148219.4187468327,62607.77409406376,0.7030374817857982,7990,7223,213460.53365847078,0.5576044772659671,0.8824190025165447,155.7604477265967,6420.115403332705,41.45820561370026,0
univ3-full-range-zero-fee,636,10000,352.85212691612566,-948.193942237235,948.193942237235,-595.3418153211094,101617.38121050374,28766.66630470333,0.7793697399879522,9438,7143,206305.68050108128,0.17469686827490222,0.411461735649674,117.46968682749022,8512.835073377833,72.4763268572966,0
univ3-full-range-zero-fee,637,10000,238.87505846721686,-481.53928857001483,481.53928857001483,-242.66423010279797,81722.98955441405,41699.2505070876,0.662141519337935,7441,5872,142026.65425889584,-0.11975137731053394,0.13435722653005555,88.0248622689466,11360.427585551988,129.0679058391502,0
univ3-full-range-zero-fee,638,10000,224.67358963010406,-227.12859392722893,227.12859392722893,-2.455004297124873,82251.33741542672,17154.064897224598,0.8274332732614332,7582,2468,60088.698070999606,0.007390896774295754,0.02415474938874695,100.73908967742958,9926.6337615913,99.23445976650498,0
univ3-full-range-zero-fee,639,10000,533.7156812391138,-1033.0453864531453,1033.0453864531453,-499.3297052140315,112249.17908710023,34911.12750936913,0.762768043117092,6057,7013,226959.5248354181,-0.1841400427250575,0.2056415039880447,81.58599572749425,12257.006466370418,150.36570794272964,0
univ3-full-range-zero-fee,640,10000,253.8989868516396,-254.3721484940202,254.3721484940202,-0.4731616423806031,75584.79501126784,18832.68481834152,0.8005381540332578,6369,2145,56067.558679645816,-0.0005338504928847954,0.024008955874855218,99.94661495071152,10005.341777173171,100.16493752469623,0
univ3-full-range-zero-fee,641,10000,662.8405953484088,-1366.8008706223927,1366.8008706223927,-703.9602752739839,92494.63859535159,25863.47177479343,0.7814812040010626,4592,7394,232584.8179122143,0.29151105062710114,0.557783470277243,129.15110506271012,7742.868679469355,59.86077133900214,0
univ3-full-range-zero-fee,642,10000,624.2976556853959,-718.1166820382516,718.1166820382516,-93.81902635285576,151527.93769289236,38638.653529634,0.7968168158179773,9969,5144,142988.74696925728,0.06725890486546661,0.1044790814002532,106.72589048654666,9369.798321875489,87.8002578843329,0
univ3-full-range-zero-fee,643,10000,317.8103403020725,-817.6096702242887,817.6096702242887,-499.7993299222162,127745.68730683663,59764.67676574002,0.6812726749194096,11223,7023,219087.890079532,-0.2462035928350241,0.29602253233448894,75.37964071649759,13266.183128398656,176.0255444871919,0
univ3-full-range-zero-fee,644,10000,366.971289159633,-1290.6270278417803,1290.6270278417803,-923.6557386821473,88769.41156205397,19637.663171502933,0.8188525682501034,7635,7660,248670.6586187158,0.5074681118883356,0.511578345953765,150.74681118883356,6633.639828103525,43.50502343556149,0
univ3-full-range-zero-fee,645,10000,522.5731940330378,-558.7746774656101,558.7746774656101,-36.20148343257233,115204.32402624944,30302.95988232997,0.7917426601037445,6638,3773,106327.45946219319,-0.05575755209477734,0.10656956981538315,94.42424479052227,10590.500945934516,112.08563231943062,0
univ3-full-range-zero-fee,646,10000,231.74342433956156,-259.6790954779707,259.6790954779707,-27.935671138409134,77659.89709528089,35945.22325628562,0.6835950426789899,5572,3107,71486.46619711345,0.00005242610848213758,0.05108086956257381,100.00524261084821,9999.476192485476,99.87357187932876,0
univ3-full-range-zero-fee,647,10000,906.401413474191,-2126.0099132270566,2126.0099132270566,-1219.6084997528656,167527.90721626495,48661.721693889405,0.7749118589120082,8972,8011,348977.1353569309,-0.30535506541150215,0.3268718159082009,69.46449345884979,14395.84555172903,207.24050857232703,0
univ3-full-range-zero-fee,648,10000,451.2938229377785,-604.216918277609,604.216918277609,-152.92309533983052,142941.09252602723,39722.56708630371,0.7825371112644554,11061,5824,152977.50302988887,-0.07288000865436488,0.08616288414634951,92.71199913456351,10786.091317821074,116.09301442264407,0
univ3-full-range-zero-fee,649,10000,631.7750976623305,-1003.2641436146857,1003.2641436146857,-371.48904595235524,111842.61801608237,31286.334216421972,0.7814115611941376,5498,6648,207270.72497461585,-0.12918275176407149,0.2625681795368686,87.08172482359285,11483.466467008884,131.9835907771027,0
univ3-full-range-zero-fee,650,10000,305.3190351367864,-1017.8283844672353,1017.8283844672353,-712.5093493304489,89539.46561356254,32267.823451401073,0.7350911944670927,9249,7374,203568.54741554678,0.2349307568468008,0.5982711268252717,123.49307568468008,8097.6205520376125,65.57003906431606,0
univ3-full-range-zero-fee,651,10000,449.2650257984068,-1302.5350584591392,1302.5350584591392,-853.2700326607325,99563.51365588921,56307.44478411511,0.6387560239081471,6113,7622,243403.0264011536,0.19764673836312724,0.3873370392333095,119.76467383631272,8349.708012684261,69.76828640236748,0
univ3-full-range-zero-fee,652,10000,276.73272760204645,-571.8704892899801,571.8704892899801,-295.1377616879337,88800.98735713324,40789.079813405086,0.6852453223924381,7815,6251,151724.96458640535,0.21932572364405772,0.2929584030352254,121.93257236440577,8201.254495404033,67.28073571738732,0
univ3-full-range-zero-fee,653,10000,139.9482767415626,-562.3374018888788,562.3374018888788,-422.38912514731624,47981.673121492924,13495.052031418763,0.7804851836552389,4879,6541,168204.89874372078,0.04340044209348776,0.11383411188564012,104.34004420934878,9584.048579632377,91.85372398830214,0
univ3-full-range-zero-fee,654,10000,273.3355029433075,-674.0248700941657,674.0248700941657,-400.68936715085823,75892.81161101843,28726.251889253817,0.7254204833406956,6067,6686,172864.7814454506,-0.016625916687353595,0.19365123979156948,98.33740833126464,10169.070753809263,103.18343145795929,0
univ3-full-range-zero-fee,655,10000,576.7689301531805,-592.2459960821626,592.2459960821626,-15.477065928982142,176129.16050942722,114609.54034007617,0.6057988152069163,11159,4413,127884.54419799286,-0.008638814735378588,0.04421449423551465,99.13611852646214,10087.141721693446,101.30606533075216,0
univ3-full-range-zero-fee,656,10000,785.0573306333123,-1597.532617336936,1597.532617336936,-812.4752867036237,187188.88920624423,42580.65535445718,0.8146810299168781,11105,7726,299483.6082586745,-0.11256900002078694,0.24359956581148282,88.7430999979213,11268.482887633318,126.97958699102001,0
univ3-full-range-zero-fee,657,10000,1057.386774642449,-1681.578451724023,1681.578451724023,-624.191677081574,184021.59086998753,92132.43397186851,0.6663730176497351,9621,7530,257691.61812451814,0.3017254972795928,0.45922613811266244,130.17254972795928,7682.111690135771,59.091139205076885,0
univ3-full-range-zero-fee,658,10000,387.73599838930875,-451.707463446818,451.707463446818,-63.97146505750925,76147.56797207295,27658.28018951434,0.7335575916063937,4165,3861,94513.59965670433,-0.1152007224490552,0.14317223134266768,88.47992775509448,11301.998862151155,127.85032111518267,0
univ3-full-range-zero-fee,659,10000,293.01972335384744,-997.7584801691951,997.7584801691951,-704.7387568153476,96563.95478428897,26129.43347675571,0.787034706212838,9091,7327,223236.15568013082,0.39830404690615695,0.4251951291608944,139.8304046906157,7151.520879112581,51.036525213575416,0
univ3-full-range-zero-fee,660,10000,737.1040531000749,-789.9703916677327,789.9703916677327,-52.86633856765775,90214.32265348491,22702.232027221726,0.7989468232411387,4547,3826,100664.85475721853,0.008586505812027951,0.1303916660531776,100.8586505812028,9914.866342793859,98.47884106501276,0
univ3-full-range-zero-fee,661,10000,331.80591239009124,-462.2739789915871,462.2739789915871,-130.46806660149588,116126.67387435866,23441.102382202032,0.8320450249267325,10115,5294,131778.75626964335,-0.06469183161426059,0.1386994419294122,93.53081683857394,10691.664136620671,114.15948571921379,0
univ3-full-range-zero-fee,662,10000,836.4557390874734,-868.5749368674537,868.5749368674537,-32.11919777998037,168642.8275463245,35642.56004372015,0.8255256508348662,11183,4613,137856.01491576005,-0.007577743858795429,0.08278318362406069,99.24222561412046,10076.356837783384,101.29361979293853,0
univ3-full-range-zero-fee,663,10000,1310.597188358875,-1416.9478817134889,1416.9478817134889,-106.3506933546139,186888.02624841905,62462.942610160484,0.7494978948905283,9675,5741,175874.19782717284,0.046768761299897224,0.2706517047184653,104.67687612998972,9553.208979344827,91.26406102827708,0
univ3-full-range-zero-fee,664,10000,520.7650738796639,-620.5568669022492,620.5568669022492,-99.79179302258535,108726.80761819913,62594.82038517599,0.634635620063435,6235,4927,124352.33841168038,0.05991866839439055,0.09808056589574492,105.99186683943906,9434.686654602127,88.90739423377586,0
univ3-full-range-zero-fee,665,10000,1361.0002525906036,-1885.5342574637143,1885.5342574637143,-524.5340048731107,184103.49393850137,57987.689502718305,0.7604717004624092,9223,7308,237147.25067587706,0.46359634911385655,0.5393054382677426,146.35963491138565,6832.485319162744,46.72329681313615,0
univ3-full-range-zero-fee,666,10000,997.4231196139895,-2017.838882528296,2017.838882528296,-1020.4157629143065,201583.01082921104,86060.5460241513,0.7008083651669483,10945,7968,312003.5797326533,0.7074673142579974,0.7937899823191421,170.74673142579974,5856.627811845502,34.299933565995524,0
univ3-full-range-zero-fee,667,10000,251.12375252201485,-783.5655331894033,783.5655331894033,-532.4417806673885,85148.6331020563,44236.897873782575,0.6581001172222012,9249,6917,178464.17597170558,0.5080017707949515,0.5533675749561874,150.80017707949514,6631.292303771157,44.06651226738637,0
univ3-full-range-zero-fee,668,10000,384.98454046273275,-873.2706421084614,873.2706421084614,-488.28610164572865,110660.3849900528,34867.10925940001,0.7604087843384886,9929,6956,188130.5015020026,0.34248441114731804,0.5106559048500798,134.2484411147318,7448.876532602725,55.263872548945464,0
univ3-full-range-zero-fee,669,10000,538.9105081801385,-540.4257904757201,540.4257904757201,-1.5152822955815282,158017.56784027416,79320.9795337444,0.6657897319614772,10140,3852,112872.94677266346,-0.016397809564916627,0.04090710083968915,98.36021904350834,10166.712520208632,103.17282136309223,0
univ3-full-range-zero-fee,670,10000,567.8611805872503,-897.0914466619861,897.0914466619861,-329.2302660747358,88400.66976260266,29040.63706666013,0.7527221226439547,4665,6448,170226.97496260397,0.19414792188378982,0.2747683667820965,119.41479218837898,8374.172301361792,70.1268352414169,0
univ3-full-range-zero-fee,671,10000,201.48488977455153,-856.272733578535,856.272733578535,-654.7878438039835,70123.27631806658,19535.27834548756,0.782114730504031,6118,7233,227184.83358169644,-0.28684014225601545,0.30204536151570677,71.31598577439846,14022.102879666807,196.57284604550597,0
univ3-full-range-zero-fee,672,10000,273.56564207964414,-494.71873069648916,494.71873069648916,-221.15308861684503,87219.64834240047,21826.994066766958,0.7998379997353133,7101,5760,142266.23697354566,0.08419066605302646,0.10413408542898055,108.41906660530265,9223.470452170724,85.07281675444192,0
univ3-full-range-zero-fee,673,10000,681.3173816720739,-1318.5317928425127,1318.5317928425127,-637.2144111704388,183499.6237369353,67458.58830171474,0.7311959319692417,10184,7481,286477.544408807,-0.30719107518720123,0.34399737254922175,69.28089248127988,14433.995972535666,208.3391821168631,0
univ3-full-range-zero-fee,674,10000,279.18655983409786,-816.8697256121783,816.8697256121783,-537.6831657780804,84153.191428858,32116.263925711268,0.7237772910540332,6236,6987,210694.35665926724,-0.056411925972641226,0.21417193141348817,94.35880740273588,10597.845556061235,112.31457047343919,0
univ3-full-range-zero-fee,675,10000,536.1470091345856,-536.3823909241868,536.3823909241868,-0.23538178960120604,154631.11334580835,83143.57190561527,0.6503262245192375,11061,3716,106639.91492321507,-0.004183519650546543,0.04215531693000727,99.58164803494535,10042.011687533712,100.94105821059277,0
univ3-full-range-zero-fee,676,10000,591.9742597804155,-811.750034637388,811.750034637388,-219.77577485697248,140920.90740164867,53530.85205082502,0.7247088316323073,9117,6206,170203.4548843282,0.09907958952771181,0.15990520090129068,109.90795895277118,9098.522782297032,83.65176315775184,0
univ3-full-range-zero-fee,677,10000,182.9392355868312,-1085.3468626660347,1085.3468626660347,-902.4076270792035,53934.328458672906,29436.664640671712,0.6469195874205903,4351,7552,254715.7977497302,-0.18989285928698166,0.26464231901565655,81.01071407130183,12344.047103669236,152.7301053883448,0
univ3-full-range-zero-fee,678,10000,746.1990870997878,-936.0545742777414,936.0545742777414,-189.8554871779536,145223.8018198398,62689.669668482864,0.6984819251021751,8093,6076,166487.22415320852,0.16106006722113675,0.2549880990659405,116.10600672211368,8612.8193376961,74.18050330198702,0
univ3-full-range-zero-fee,679,10000,370.9295809318105,-973.6413474489988,973.6413474489988,-602.7117665171883,78847.59850521052,45309.43761155619,0.635063472609448,4869,7162,206443.72783624107,0.28416401284425036,0.4353503010417623,128.41640128442504,7787.16765009522,61.28312041766061,0
univ3-full-range-zero-fee,680,10000,1228.9305655525452,-1233.3646372415396,1233.3646372415396,-4.434071688994436,193793.40845214797,84016.55749833467,0.6975754371846044,9749,4189,149125.11406357551,0.006723830721569897,0.08960037333403846,100.67238307215699,9933.211452118616,98.66863183944704,0
univ3-full-range-zero-fee,681,10000,268.63759131897336,-290.732545716197,290.732545716197,-22.09495439722366,68509.15608745474,12638.29341501981,0.844255198499684,4613,2663,66072.77298444015,-0.05347280749197196,0.07278073336951878,94.6527192508028,10564.93722313597,113.9275243100176,0
univ3-full-range-zero-fee,682,10000,510.34250101489846,-1129.7134962928383,1129.7134962928383,-619.3709952779398,118390.08235415285,42362.33627376923,0.7364746568957,7490,7321,237391.45549160067,-0.16693296465160515,0.21129100654611008,83.30670353483949,12003.836954134722,144.58013305454293,0
univ3-full-range-zero-fee,683,10000,654.1352642240068,-661.5895436192415,661.5895436192415,-7.454279395234607,134018.2908881571,31275.85699610428,0.8107866648854164,8023,3401,106430.53724104837,0.03403436840581392,0.06768064487213409,103.40343684058139,9670.85897277874,93.46698194069094,0
univ3-full-range-zero-fee,684,10000,250.21297735433401,-779.5239647722364,779.5239647722364,-529.3109874179023,87695.94039383468,46846.88744611823,0.6518068766783651,9410,7001,180801.68285333604,0.6892955767075429,0.6983565944180594,168.9295576707543,5919.627462429703,35.005667386685694,0
univ3-full-range-zero-fee,685,10000,248.94255031650815,-1108.0950312696693,1108.0950312696693,-859.1524809531612,89860.74146840475,31383.862420055997,0.7411525015255306,9368,7569,252917.9864775836,0.15865105791699918,0.24386706419999668,115.86510579169992,8630.726783500331,74.53254446695522,0
univ3-full-range-zero-fee,686,10000,277.5708875706208,-332.06593233361286,332.06593233361286,-54.49504476299205,88962.86755866367,24293.444514029157,0.7855003039615438,7694,3994,90038.53892065772,0.1328274535517056,0.1413630186017056,113.28274535517056,8827.470124429727,77.92447921593649,0
univ3-full-range-zero-fee,687,10000,173.87595245784075,-238.09736786993062,238.09736786993062,-64.22141541208987,59681.37006084853,22953.197730759028,0.7222324948967643,5762,3805,75625.45579935571,0.0808603989190388,0.09939945223692505,108.08603989190388,9251.888990886791,85.59749766811757,0
univ3-full-range-zero-fee,688,10000,129.91133015236557,-1622.6079705975908,1622.6079705975908,-1492.6966404452253,51010.25515283396,27621.419965394114,0.648724004367662,3873,8034,364372.53340769757,-0.41958248574642837,0.469028774144493,58.04175142535716,17228.97867311347,296.8381024912803,0
univ3-full-range-zero-fee,689,10000,536.4458152504559,-556.9096753784838,556.9096753784838,-20.46386012802793,148317.82178795972,43551.58011298278,0.7730144583685762,10019,4035,115374.07595189444,0.056428149305332624,0.07143917449361752,105.64281493053326,9465.859710684424,89.76886576258029,0
univ3-full-range-zero-fee,690,10000,198.2710727112151,-910.590407020088,910.590407020088,-712.319334308873,58049.02615888487,23669.282208307242,0.7103552107080832,4363,7194,221771.7589794112,0.15074510348161937,0.17698715067440987,115.07451034816194,8690.022193550929,75.62694109864069,0
univ3-full-range-zero-fee,691,10000,1093.3942387115494,-1151.7067261905775,1151.7067261905775,-58.31248747902805,187518.00800666658,69223.17344288099,0.7303776003052939,9451,4968,165736.67216308523,-0.12575918553859153,0.13485448571572575,87.42408144614085,11438.496860425936,130.8393435159028,0
univ3-full-range-zero-fee,692,10000,562.9014404754147,-872.8222231127828,872.8222231127828,-309.9207826373681,140463.61711037558,91704.80310382214,0.6050074208231437,8774,6591,182933.87726378822,-0.05284187454549894,0.3121760102973664,94.7158125454501,10557.90002779106,112.0643809274625,0
univ3-full-range-zero-fee,693,10000,469.4669370841732,-799.1019603140164,799.1019603140164,-329.6350232298432,100333.46886217459,20700.46872239963,0.8289697159696645,7418,6464,171591.2974638606,-0.0443596397804572,0.2584124874388206,95.56403602195428,10464.188334484214,109.43152602398868,0
univ3-full-range-zero-fee,694,10000,751.8413840517139,-1125.2611993392582,1125.2611993392582,-373.4198152875442,159782.74061896375,33276.230618029236,0.8276369629195818,9513,6850,217785.39408294664,0.15420175529388516,0.17875116850532577,115.42017552938852,8663.997132395712,74.99713505576915,0
univ3-full-range-zero-fee,695,10000,1278.6792671700023,-1969.2671721659806,1969.2671721659806,-690.5879049959783,196752.81238737877,65346.02244223282,0.7506817514670993,10891,7633,268495.5675213854,0.3007665606722594,0.5268489562272061,130.07665606722594,7687.775050625709,59.362736808104785,0
univ3-full-range-zero-fee,696,10000,1114.1311566419308,-1413.827363612119,1413.827363612119,-299.6962069701881,187103.23414893798,71590.53718695234,0.7232614576792475,9537,6757,218950.69843854476,-0.05750015032870948,0.1552797540987595,94.24998496712905,10610.082163261095,112.57374544884273,0
univ3-full-range-zero-fee,697,10000,385.2631945059205,-817.9247693971755,817.9247693971755,-432.661574891255,102275.67032690425,38819.629985375104,0.7248694329332196,7917,6827,195831.91426546834,-0.15582601202289822,0.19341478330600992,84.41739879771018,11845.900253170648,140.3254392306608,0
univ3-full-range-zero-fee,698,10000,1021.5347646395948,-1027.0194040494591,1027.0194040494591,-5.484639409864371,156232.5564894771,51831.63605669169,0.7508863230025011,7592,3457,122802.31720332631,-0.023672708568882685,0.1472075127030722,97.63272914311173,10242.467504771448,104.90806521623315,0
univ3-full-range-zero-fee,699,10000,749.571641457434,-1445.7774764362912,1445.7774764362912,-696.2058349788572,142157.6535125607,64712.63519009218,0.6871825548466869,7146,7414,264934.40676285076,0.08689776463118334,0.257648065809783,108.68977646311833,9200.497951515692,84.27511345553144,0
univ3-full-range-zero-fee,700,10000,368.714700572475,-715.0644202839559,715.0644202839559,-346.3497197114809,97301.25846099606,35323.88997400685,0.7336561701092578,7766,6573,166643.5928205877,0.14047975638797994,0.35228778854865284,114.047975638798,8768.240360166878,76.88228090323615,0
univ3-full-range-zero-fee,701,10000,491.4543358792356,-1423.1636364037404,1423.1636364037404,-931.7093005245048,100905.35466104404,27787.210862728378,0.7840806829078604,6998,7636,261813.50237673253,0.37539750172522646,0.42637660142482703,137.53975017252264,7270.625777105369,52.70554282196386,0
univ3-full-range-zero-fee,702,10000,375.5522365922522,-758.5158773339014,758.5158773339014,-382.96364074164916,89403.95908491555,30145.963580794283,0.7478378663189135,5970,6634,184284.89134881328,0.12414664210173769,0.14479064869745956,112.41466421017377,8895.637074710521,79.17456840546116,0
univ3-full-range-zero-fee,703,10000,158.53006946199474,-1390.0409488109406,1390.0409488109406,-1231.5108793489458,54783.85427381299,19017.164065809633,0.7423184057123016,5374,7906,284094.0133409488,-0.14364760022203782,0.26091566053837356,85.63523997779622,11677.436488570595,136.3622804204815,0
univ3-full-range-zero-fee,704,10000,1006.8914520575117,-1070.15372720477,1070.15372720477,-63.26227514725815,191238.53573647112,79061.36909728224,0.7075050057975102,10697,5331,160813.20971522736,0.1055577142064098,0.2181046657931107,110.55577142064098,9045.209117898876,81.81499073906875,0
univ3-full-range-zero-fee,705,10000,210.89006155483938,-318.64748096338485,318.64748096338485,-107.75741940854547,57059.87532606613,8079.1866456298185,0.875970172104407,4740,4429,93578.96501542034,-0.00790138627244076,0.060545106631152666,99.20986137275592,10079.643598803657,101.45358702177614,0
univ3-full-range-zero-fee,706,10000,264.88680231516054,-359.75390100419645,359.75390100419645,-94.86709868903591,71889.65376759536,47057.59787424315,0.6043826383148553,4170,4482,101368.47401616946,0.06419761067041535,0.07913743452413684,106.41976106704153,9396.751402103713,88.297718567935,0
univ3-full-range-zero-fee,707,10000,701.5017926245476,-815.1326910391822,815.1326910391822,-113.63089841463454,121823.17718129947,29840.90721157087,0.8032434156641131,6573,5313,142686.28276383507,0.13017705623324816,0.1936747271800006,113.01770562332482,8848.171584096497,78.18641879933519,0
univ3-full-range-zero-fee,708,10000,233.976675259369,-643.485601866982,643.485601866982,-409.50892660761303,62171.61814229815,41338.65288007804,0.6006323578155668,6198,6601,162234.72580204913,-0.11021962694451475,0.3158524214183592,88.97803730554853,11238.729240116027,127.36521796475098,0
univ3-full-range-zero-fee,709,10000,351.68430672649777,-1623.4902645542902,1623.4902645542902,-1271.8059578277926,95860.87148219232,31245.295572218714,0.7541795469385575,6900,7916,318518.12484413787,-0.33930075704594714,0.3477083969810187,66.06992429540529,15135.481358655588,229.0286881279344,0
univ3-full-range-zero-fee,710,10000,207.6218816391472,-329.1448867224658,329.1448867224658,-121.5230050833186,62666.99081152724,26844.215925299635,0.7001021782197097,4690,4688,103097.9175597208,-0.10195086081961477,0.13208092896447268,89.80491391803852,11135.24868914581,123.37871282870498,0
univ3-full-range-zero-fee,711,10000,174.74640624897475,-925.3545938272536,925.3545938272536,-750.6081875782788,58178.15237166285,36721.839925307366,0.6130469662168798,4790,7325,230228.36372547835,-0.14156982299137866,0.16301758986049747,85.84301770086213,11649.171875077493,135.7026919679984,0
univ3-full-range-zero-fee,712,10000,893.1788475798461,-903.8852778089694,903.8852778089694,-10.70643022912327,116727.58891959327,23503.60850353714,0.8323938685867603,5372,2916,101321.85169467806,0.08509431309182076,0.11410706773073442,108.50943130918208,9215.789129809955,85.02737598750716,0
univ3-full-range-zero-fee,713,10000,577.4863732743439,-1512.344650957268,1512.344650957268,-934.858277682924,118973.21105650165,19048.488741834935,0.8619891743858635,8614,7697,284307.00370414124,0.13224977101498284,0.24274697579659205,113.22497710149828,8831.974145894903,78.07764903590488,0
univ3-full-range-zero-fee,714,10000,393.2477328813661,-543.3628777889377,543.3628777889377,-150.11514490757156,109845.62517736189,82243.46891516692,0.5718472758502862,7243,5445,135015.24059506858,-0.05466019569606118,0.07066397449201332,94.53398043039388,10578.207550004969,111.89803474042124,0
univ3-full-range-zero-fee,715,10000,333.78944046337364,-854.2617992954224,854.2617992954224,-520.4723588320487,64398.29888324399,25062.065996983893,0.7198528529305944,6759,6839,183080.89712978134,0.0190391310549019,0.2914262247282008,101.90391310549019,9813.166490682503,95.94146580123405,0
univ3-full-range-zero-fee,716,10000,349.30277524701853,-361.1089131867416,361.1089131867416,-11.806137939723044,91307.3350638226,18342.612861729518,0.8327166295219455,6246,2844,77536.72896288575,-0.04593148481436543,0.05866576596611921,95.40685151856346,10481.428019830408,110.00443498299455,0
univ3-full-range-zero-fee,717,10000,152.86621600941004,-154.75211214020032,154.75211214020032,-1.885896130790286,59460.959736693265,29843.45790863126,0.6658232739711092,5231,1961,44654.03214875679,0.007288422738158999,0.025183119148812095,100.7288422738159,9927.643488452244,98.72515025958354,0
univ3-full-range-zero-fee,718,10000,506.6029542763284,-671.3555366171042,671.3555366171042,-164.75258234077586,138841.54192811338,72531.23710033619,0.6568563017730211,7810,5727,162530.26256923733,-0.18130424384507776,0.20894127311933686,81.86957561549222,12214.550667103455,151.07665137673703,0
univ3-full-range-zero-fee,719,10000,199.13034526449295,-209.2766178758239,209.2766178758239,-10.146272611330943,62512.0799171529,38380.538033569865,0.6195902255969271,4447,2300,55058.674466194454,-0.03515133924896673,0.06762551908191355,96.48486607510333,10364.320070435204,107.2573289111001,0
univ3-full-range-zero-fee,720,10000,470.97408142789567,-488.1317671581322,488.1317671581322,-17.15768573023655,129141.43966432514,62936.8370480927,0.6723375588051398,8902,3733,101391.63757286534,0.01991999719840251,0.04388852093277961,101.99199971984025,9804.691180495374,96.13148050933626,0
univ3-full-range-zero-fee,721,10000,493.32119940631173,-534.600080218331,534.600080218331,-41.278880812019224,125051.50017877486,29680.301832880396,0.8081822776765392,8786,4196,109673.59680364451,0.10382582001311917,0.15081998020862217,110.38258200131192,9059.400857682867,82.15250460101505,0
univ3-full-range-zero-fee,722,10000,570.609128543032,-1020.1635711187826,1020.1635711187826,-449.5544425757505,138582.1241137186,36964.182407220345,0.7894334370241433,9498,6962,211733.00763658417,0.2659257438835877,0.2671432254069164,126.59257438835877,7899.357993513231,62.40020232591469,0
univ3-full-range-zero-fee,723,10000,341.4501480875908,-1128.1777318616157,1128.1777318616157,-786.7275837740249,128326.5639346342,57267.26263168426,0.6914376749960437,10881,7485,253238.2557762716,-0.11924921169033795,0.2015566687834945,88.0750788309662,11353.950703329521,128.91160817583662,0
univ3-full-range-zero-fee,724,10000,341.9880713392015,-349.78698291598397,349.78698291598397,-7.798911576782473,96004.56416402475,15324.712479075557,0.8623478662472266,7270,2865,76753.97208363355,-0.03496369605619165,0.05951426983145382,96.50363039438083,10362.305000835722,107.33569419556993,0
univ3-full-range-zero-fee,725,10000,1123.928079786533,-1540.6571105123135,1540.6571105123135,-416.7290307257804,203284.99892203003,91134.89300291671,0.6904594577252656,10833,7216,228736.883982376,0.479112401143787,0.6786548096233695,147.9112401143787,6760.811826318213,45.70873996978709,0
univ3-full-range-zero-fee,726,10000,1181.6107106439313,-2069.6423325732944,2069.6423325732944,-888.0316219293632,162783.64771074627,72492.31285010315,0.691883893801575,8441,7795,265665.55498496385,0.3455557286344842,0.6716001081145947,134.55557286344842,7431.873977656163,54.16903366905275,0
univ3-full-range-zero-fee,727,10000,540.3268911408425,-556.0257912574638,556.0257912574638,-15.698900116621303,152583.3769558601,38654.90683423013,0.7978704573784028,10583,4024,115304.60161557309,0.037956430391120365,0.06494577908265996,103.79564303911204,9634.316441306277,92.85888436652552,0
univ3-full-range-zero-fee,728,10000,796.7768243363718,-908.4006738135557,908.4006738135557,-111.62384947718397,180737.2230213641,37892.0213071803,0.8266836560518034,11800,5671,165969.2791128679,-0.0005684326488575664,0.1099462922032022,99.94315673511424,10005.688415065442,99.66198221640279,0
univ3-full-range-zero-fee,729,10000,263.27341118596337,-1216.1946693816853,1216.1946693816853,-952.921258195722,116969.42457085669,55549.371696150716,0.6780097421374484,10639,7624,288615.193313015,-0.3085219341777642,0.3258601828006771,69.14780658222358,14461.776556115985,208.9385814085783,0
univ3-full-range-zero-fee,730,10000,622.0268663063583,-1416.1688602254549,1416.1688602254549,-794.1419939190965,128685.39828943837,66572.76151962539,0.6590526020283884,9949,7670,226579.3475173839,0.2942332582099578,0.9128268161371795,129.42332582099579,7726.582990770102,59.683498641207,0
univ3-full-range-zero-fee,731,10000,1021.2623822086396,-1515.8526577508717,1515.8526577508717,-494.5902755422321,196468.28127397868,86429.96287464735,0.6944839189979571,10034,7325,255236.54800416145,-0.10341977862774626,0.13054442208038494,89.65802213722537,11153.492696890975,124.39984901616288,0
univ3-full-range-zero-fee,732,10000,191.7174871565281,-1168.6525288429661,1168.6525288429661,-976.935041686438,76621.73330005485,31771.643412104702,0.7068857491498319,7864,7656,263290.5474243873,0.12319544783391208,0.21928965083511584,112.31954478339121,8903.170591823164,79.2662698882511,0
univ3-full-range-zero-fee,733,10000,155.70547419397244,-208.32880950784173,208.32880950784173,-52.62333531386929,52903.86079490976,21473.9366015547,0.7112856611350062,5259,3375,66678.98602014569,-0.0003506210182894165,0.05456094380798462,99.96493789817106,10003.50785286243,100.2393723827712,0
univ3-full-range-zero-fee,734,10000,483.4513046335036,-1253.6099930828987,1253.6099930828987,-770.1586884493951,100630.93691608818,44737.112871243175,0.6922493427084419,5060,7485,266715.53708402545,-0.11616114670135871,0.2392957315774369,88.38388532986413,11314.280476573096,128.31237941132758,0
univ3-full-range-zero-fee,735,10000,651.385325199416,-1907.664412839041,1907.664412839041,-1256.279087639625,130220.0031720815,26078.9047873975,0.8331472361012366,7619,7995,334948.4989655686,-0.08692752364816585,0.29017977848039833,91.30724763518342,10952.03403829199,118.99688162807234,0
univ3-full-range-zero-fee,736,10000,596.0728745588585,-742.0779730779999,742.0779730779999,-146.00509851914137,121491.76129160024,56810.85212347024,0.6813795881318895,6878,5535,144526.4260299071,0.00530112552239558,0.1463049713694801,100.53011255223956,9947.268883438453,98.53037177512664,0
univ3-full-range-zero-fee,737,10000,341.36601903484654,-464.57487344171756,464.57487344171756,-123.20885440687101,115011.02650464805,30972.301713371475,0.7878367201827614,10875,5249,128155.57512605071,-0.1131616362514204,0.18409985963957895,88.68383637485796,11276.012967304749,126.62826571614187,0
univ3-full-range-zero-fee,738,10000,289.6307267044263,-313.8736794830567,313.8736794830567,-24.24295277863041,100608.05017766982,42415.74322559611,0.7034357555738865,8958,3588,82757.58922392319,0.04402603221185217,0.06343937383569184,104.40260322118522,9578.305789408963,91.82415555038274,0
univ3-full-range-zero-fee,739,10000,247.51802932077106,-281.0457783162699,281.0457783162699,-33.527748995498825,104772.2034108344,52472.08946582795,0.6663021054316708,9568,3840,85736.92141633126,-0.09357746988504757,0.09900640011486857,90.64225301149524,11032.383232575457,121.64777944769699,0
univ3-full-range-zero-fee,740,10000,165.3100983282191,-1299.3339776635116,1299.3339776635116,-1134.0238793352926,68711.28669253815,30606.059925237434,0.6918357067771318,7474,7798,280736.5478518401,0.08895928107669462,0.2327150061003772,108.89592810766946,9183.080453447694,84.62575815646454,0
univ3-full-range-zero-fee,741,10000,256.7904009757747,-302.7713922970765,302.7713922970765,-45.980991321301815,87174.40989152399,22421.84006879767,0.7954141672099612,7714,3890,86155.79180460829,0.02161371131296221,0.0559547744751022,102.16137113129622,9788.436122493997,95.66194468520477,0
univ3-full-range-zero-fee,742,10000,378.10134952138026,-505.9887284822949,505.9887284822949,-127.88737896091465,90957.74498737839,23834.794307977896,0.792366346678228,5745,5058,125326.57637814224,-0.13077076078776742,0.13515020983641776,86.92292392122326,11504.445719055548,132.35171059481505,0
univ3-full-range-zero-fee,743,10000,753.4208723542108,-948.6466215870854,948.6466215870854,-195.2257492328746,111937.19182165495,20962.736898347885,0.8422667558948601,5791,5871,157597.10519959018,0.0896334809296475,0.24957344901803907,108.96334809296475,9177.398362588016,84.1320090263956,0
univ3-full-range-zero-fee,744,10000,249.11322660111455,-1051.3043184505307,1051.3043184505307,-802.1910918494161,86578.21630896642,39035.2460897871,0.6892431325085865,8967,7443,225579.37356965357,0.38698391563916346,0.44246397936869103,138.69839156391635,7209.8893715486165,51.98239017487564,0
univ3-full-range-zero-fee,745,10000,449.4470103858256,-1397.1259333471885,1397.1259333471885,-947.6789229613629,87175.58176191046,46555.17531528867,0.6518738371576434,4850,7610,256213.9595960973,-0.03268062604953983,0.35248642404758274,96.73193739504602,10337.847971548355,106.59549972683105,0
univ3-full-range-zero-fee,746,10000,456.6297324997413,-457.8543867458459,457.8543867458459,-1.224654246104592,125553.07447372952,38563.73893504548,0.7650226193522744,8804,3234,92591.44672703008,-0.005231307450618629,0.0416084291694952,99.47686925493814,10052.588776521532,101.02848243158687,0
univ3-full-range-zero-fee,747,10000,190.1473840398001,-819.8600601086271,819.8600601086271,-629.712676068827,56583.11233239937,34430.553175018955,0.6216990824063382,5383,7068,189580.75176143067,0.30514216818429957,0.4824766689392911,130.51421681842996,7662.000905179648,59.147130478079994,0
univ3-full-range-zero-fee,748,10000,1022.4371177222615,-1348.3655968562566,1348.3655968562566,-325.9284791339951,197771.59544181556,78868.65691851916,0.7149053463998808,11693,6895,216594.34905626823,0.2339886031007174,0.34064113164025345,123.39886031007174,8103.803167283822,65.84911581145109,0
univ3-full-range-zero-fee,749,10000,362.6013797853623,-1265.0938772559614,1265.0938772559614,-902.4924974705991,130814.15676878505,74412.64393958655,0.6374126396613895,10703,7584,264787.95718541945,0.149784022841679,0.19195152726537118,114.9784022841679,8697.2862642187,75.92248779143098,0
univ3-full-range-zero-fee,750,10000,260.7116607148404,-922.5815484649016,922.5815484649016,-661.8698877500613,78631.69255841586,40997.98982256972,0.6572924962552095,7833,7223,197574.3545242293,0.8240915856584579,0.9434786523657714,182.4091585658458,5482.181102548626,30.054351490408308,0
univ3-full-range-zero-fee,751,10000,934.4494597556402,-1040.7785239572684,1040.7785239572684,-106.32906420162817,187027.47671392676,82517.78238326599,0.6938629799698621,10484,5706,171175.75886443994,-0.007139419929473974,0.09872335584833664,99.2860580070526,10071.908379117001,101.2866927732182,0
univ3-full-range-zero-fee,752,10000,237.05482701723946,-1081.388043963184,1081.388043963184,-844.3332169459445,60868.54120791856,39055.013844493646,0.6091510773009589,4066,7454,243601.88994061222,0.13787771168484142,0.26134009007625325,113.78777116848414,8788.291037462377,77.42692162612333,0
univ3-full-range-zero-fee,753,10000,372.4280519748025,-817.8200597598451,817.8200597598451,-445.3920077850426,119264.4682294264,44904.35537948014,0.726474525477175,10132,6912,195746.3001076555,-0.0751047437184397,0.19265766309554577,92.48952562815603,10812.03609962211,116.90083946461168,0
univ3-full-range-zero-fee,754,10000,1387.063660803809,-1389.8916674992654,1389.8916674992654,-2.828006695456452,182594.95943468605,55528.44998208665,0.7668081012358653,8652,3799,143245.1853684987,-0.001333362956545301,0.18847424663185136,99.86666370434547,10013.352049260391,100.34288258639835,0
univ3-full-range-zero-fee,755,10000,275.4009129362845,-812.5728266491309,812.5728266491309,-537.1719137128464,91824.07323363362,33368.32300177559,0.733463660692056,9730,7023,191849.543307711,0.15243003148621936,0.48754770265397385,115.24300314862194,8677.317008077653,75.26623008941496,0
univ3-full-range-zero-fee,756,10000,449.8411932242641,-1245.0568891148234,1245.0568891148234,-795.2156958905593,116256.66962652496,45486.179943984374,0.7187747089607485,9351,7523,236685.34963326014,0.8444710507528717,0.861731344067027,184.44710507528717,5421.608791045419,29.392458375787093,0
univ3-full-range-zero-fee,757,10000,817.0103475703412,-1815.860107079505,1815.860107079505,-998.8497595091638,184638.8498234947,125858.61184058906,0.5946549412479544,11525,7783,287175.7872830129,-0.20483710012855866,0.4646855054295818,79.51628998714413,12576.040960055616,158.94831824420146,0
univ3-full-range-zero-fee,758,10000,408.96165113297616,-424.132644288111,424.132644288111,-15.170993155134852,109307.86261231969,28556.62950493035,0.792864507268168,7501,3328,90489.20450289104,-0.03437863294174633,0.05084213599481842,96.56213670582537,10356.026584996496,106.84769461779557,0
univ3-full-range-zero-fee,759,10000,184.93274469257338,-1026.1505774986622,1026.1505774986622,-841.2178328060888,62060.84588028116,25585.607128133623,0.7080816593265081,6947,7510,217698.7527510208,0.1805845177669606,0.6461518346832505,118.05845177669606,8470.380950218534,71.69126603690364,0
univ3-full-range-zero-fee,760,10000,243.81297472480043,-254.79130121667367,254.79130121667367,-10.978326491873247,67792.62047770977,16193.06381656157,0.8071925715360744,4520,2340,60191.63592202592,-0.015442011410863614,0.04134247805628732,98.45579885891364,10156.842416183048,103.10818805891064,0
univ3-full-range-zero-fee,761,10000,598.3223032913309,-680.8936165523187,680.8936165523187,-82.57131326098784,169949.23766386765,45452.053930757225,0.7889889443360635,11497,5337,150377.8196106095,-0.04515636315111621,0.08100562545960259,95.48436368488838,10472.91983925712,109.84123302701997,0
univ3-full-range-zero-fee,762,10000,517.8009935906975,-563.3833903326674,563.3833903326674,-45.58239674196989,96828.6445837033,38456.40212762796,0.7157379691069219,5494,3726,98267.82809674129,0.02185565346635812,0.10451224417930177,102.18556534663581,9786.118422667907,95.76820015918756,0
univ3-full-range-zero-fee,763,10000,362.0075464500478,-506.00806299284113,506.00806299284113,-144.00051654279332,121009.32712461411,69025.97937085107,0.6367728679275805,9719,5536,135853.08798652524,0.09530892085455164,0.11506489465822951,109.53089208545516,9129.845015303632,83.24321816981625,0
univ3-full-range-zero-fee,764,10000,372.87228372645717,-390.41745590413143,390.41745590413143,-17.54517217767426,115402.38879520794,60960.981456017675,0.6543444289526781,8182,3546,91769.20368960139,-0.05574262744230566,0.08420899561055521,94.42573725576943,10590.333628108088,112.10210031335453,0
univ3-full-range-zero-fee,765,10000,909.768956125784,-1444.9256595087459,1444.9256595087459,-535.1567033829618,124329.7363917802,25556.263242021243,0.8294953277526934,8284,7205,218563.9341953741,0.30116897854385116,0.3750009724396003,130.11689785438512,7685.397329015512,59.15366382988853,0
univ3-full-range-zero-fee,766,10000,637.7558028463617,-760.4202582287675,760.4202582287675,-122.66445538240578,155007.92407822737,46439.878884602724,0.7694694198617221,10073,5538,157631.38945424327,-0.12013225767948256,0.15440526469533025,87.98677423205174,11365.345471955698,129.17125411408526,0
univ3-full-range-zero-fee,767,10000,733.9532315396517,-2006.9060089218863,2006.9060089218863,-1272.9527773822347,195193.44649366918,82410.02711701815,0.703137622720851,11137,8133,357059.67067262233,-0.15931407080340762,0.3172860224748584,84.06859291965924,11895.04996496707,141.39502169550477,0
univ3-full-range-zero-fee,768,10000,568.6414104190792,-751.0016335184537,751.0016335184537,-182.36022309937448,121983.8886237349,35279.08680447969,0.7756681971174872,7004,5795,159953.44189405098,-0.05327665675143578,0.1359550834335404,94.67233432485642,10562.748582279137,111.92007962805289,0
univ3-full-range-zero-fee,769,10000,410.41904623117506,-1169.4433762148803,1169.4433762148803,-759.0243299837052,85196.02223297834,28585.062881069392,0.7487713985816067,6846,7412,213806.63996891555,0.6380230334837981,0.6837480307724957,163.8023033483798,6104.920525411753,37.26992806776026,0
univ3-full-range-zero-fee,770,10000,491.0251428698874,-829.8466036777282,829.8466036777282,-338.8214608078408,120595.26860763751,42706.99944839921,0.7384788346372236,10575,6609,172677.0980631036,0.3124712616693523,0.5125155330571459,131.24712616693523,7619.214945514873,57.98356107023355,0
univ3-full-range-zero-fee,771,10000,384.20554345535714,-543.1450216595285,543.1450216595285,-158.9394782041714,100078.35480922321,56017.11235403257,0.6411355603590597,5984,5527,139614.6302249341,-0.07618641985884167,0.13060337734505112,92.38135801411583,10824.695385621817,117.1002968466999,0
univ3-full-range-zero-fee,772,10000,463.9890210829536,-636.6080978107011,636.6080978107011,-172.61907672774748,93401.28835915762,26090.91954608231,0.7816517076429536,4803,5461,143852.0739543836,-0.030868610611412776,0.1577920272170198,96.91313893885872,10318.518848802963,106.47163313139586,0
univ3-full-range-zero-fee,773,10000,189.0904899679809,-643.5774220619776,643.5774220619776,-454.4869320939967,48625.67999987282,17534.539687640772,0.734968538942895,4141,6727,162055.15360828984,0.2804703924929933,0.34441077067178044,128.04703924929933,7809.630331517779,60.991476141526256,0
univ3-full-range-zero-fee,774,10000,606.2425263533363,-1060.5951631270784,1060.5951631270784,-454.3526367737421,143170.51838644187,69069.00098519943,0.6745704985118423,9048,7053,215379.2126774884,-0.024785804507943113,0.17947354079792333,97.52141954920569,10254.158378011,105.14823605591745,0
univ3-full-range-zero-fee,775,10000,553.9627344353875,-607.8376538674221,607.8376538674221,-53.87491943203463,153819.83034591662,65337.562348651285,0.7018692294824387,9322,4738,133188.7363758254,-0.013500393148838299,0.07438724016388193,98.64996068511617,10136.852188377377,103.46699775840948,0
univ3-full-range-zero-fee,776,10000,809.0282207181972,-1661.8096092066048,1661.8096092066048,-852.7813884884076,162581.52337803805,51975.07742062864,0.7577558684880525,10827,7757,272572.3037405779,0.11941242674434861,0.41554832165399036,111.94124267443486,8933.258723490575,79.8028225848472,0
univ3-full-range-zero-fee,777,10000,441.1578790299698,-663.9858820560083,663.9858820560083,-222.82800302603852,119609.49375087448,30530.076612443114,0.796655361817245,10659,6026,156554.44846762338,-0.09304644598481246,0.1398024249928322,90.69535540151875,11025.923934918601,121.75783026085003,0
univ3-full-range-zero-fee,778,10000,171.84146535972056,-272.2388126728442,272.2388126728442,-100.39734731312362,65850.25603944113,42198.476358831605,0.6094495935103984,6167,4542,89491.19514230544,0.19073436008218222,0.20709536643080043,119.07343600821822,8398.179119920742,70.4965545879545,0
univ3-full-range-zero-fee,779,10000,717.2947864230231,-1258.7730458510232,1258.7730458510232,-541.4782594280001,100373.1001055244,24561.269452009637,0.8034066243020594,5369,7092,219368.19513816785,-0.0849082361040206,0.23152065916026687,91.50917638959794,10927.866538504119,119.5149394147438,0
univ3-full-range-zero-fee,780,10000,240.18515877461914,-901.1761747030793,901.1761747030793,-660.9910159284601,59139.3625624424,22832.604455521454,0.7214583803934123,4768,7188,198382.15503957565,0.5207605121776482,0.621002993914656,152.0760512177648,6575.657581584149,43.201264710126864,0
univ3-full-range-zero-fee,781,10000,581.0157325274729,-598.3780350852091,598.3780350852091,-17.362302557736257,154829.23591439912,85014.71823324512,0.6455415416437332,9748,4086,117004.89543548411,0.06455985933638758,0.08290792372215591,106.45598593363876,9393.554111363404,88.30946982733876,0
univ3-full-range-zero-fee,782,10000,361.0338272191984,-998.5122773487296,998.5122773487296,-637.4784501295312,110350.49303418517,55011.717421292364,0.6673259430327715,11215,7311,195980.36476415076,0.8004442171092654,0.9029894728812974,180.04442171092654,5554.185144209154,30.849314336764525,0
univ3-full-range-zero-fee,783,10000,319.8204387004407,-1677.3361717730818,1677.3361717730818,-1357.515733072641,123171.3213638625,61185.308126893906,0.6681144133742057,9404,7973,349343.2071044771,-0.2679831432805214,0.3533868396907093,73.20168567194786,13660.889186272958,187.45760283221549,0
univ3-full-range-zero-fee,784,10000,570.9708445983067,-849.0659678227416,849.0659678227416,-278.09512322443493,142312.69074622763,63946.07630671753,0.6899715962604245,8451,6408,183128.0505720498,0.048347940541633536,0.16484611904970337,104.83479405416335,9538.818469010726,90.7681798913549,0
univ3-full-range-zero-fee,785,10000,473.35599903348185,-836.5705386700605,836.5705386700605,-363.21453963657865,148600.82355422282,60321.371140593175,0.711273513909291,11184,6736,204535.72656405164,-0.03959365931755769,0.21140132126534994,96.04063406824423,10412.260409261391,107.79334861455105,0
univ3-full-range-zero-fee,786,10000,498.55313489211966,-688.5061925636794,688.5061925636794,-189.95305767155975,149751.04031190265,48917.71909737195,0.7537724640611598,11526,6133,160984.8727082886,0.20131634512249277,0.23972725000544556,120.13163451224928,8324.202670888744,69.39788457473159,0
univ3-full-range-zero-fee,787,10000,250.9083800878589,-272.6936535126596,272.6936535126596,-21.785273424800693,60136.68739955801,28435.615140150945,0.6789559001539718,4514,2614,58804.06084335567,-0.011401441877195566,0.055481691895319755,98.85985581228044,10115.329690136365,102.25641890206818,0
univ3-full-range-zero-fee,788,10000,541.9497509193986,-608.6929508569226,608.6929508569226,-66.74319993752397,125597.60053087564,26197.1179487651,0.8274174608237193,9901,4585,117405.56308746945,0.14268323466914906,0.1930595724433431,114.26832346691491,8751.332233157924,76.4701005624904,0
univ3-full-range-zero-fee,789,10000,568.0262876106789,-1575.2205248593318,1575.2205248593318,-1007.1942372486529,120600.14044445111,44585.426212429615,0.7300888502865306,8865,7820,267113.5828790406,0.4840879864336972,0.8074927764611567,148.40879864336972,6738.145349192663,45.19913850165597,0
univ3-full-range-zero-fee,790,10000,786.5676917555046,-1077.5045470406938,1077.5045470406938,-290.93685528518915,178550.5728444351,69619.03000961307,0.719469954382137,10813,6634,209006.05585277395,-0.029680603074137793,0.2096889178291663,97.03193969258622,10305.885784443793,107.42707785417099,0
univ3-full-range-zero-fee,791,10000,629.8590522632038,-823.9829621228877,823.9829621228877,-194.12390985968386,84846.37193809607,41790.24270799709,0.6699987375311098,4450,5624,139850.735914637,0.12504908098866152,0.37050815025594347,112.50490809886615,8888.501492658579,79.51436980792685,0
univ3-full-range-zero-fee,792,10000,295.87281770294265,-314.158443956673,314.158443956673,-18.285626253730356,101066.86065685628,32478.95638390139,0.7567954047262375,8188,3327,82062.56572214313,-0.036650221930624415,0.056369852142063054,96.33497780693756,10380.44624171918,107.75392412089055,0
univ3-full-range-zero-fee,793,10000,634.5767112266618,-846.6647658015053,846.6647658015053,-212.08805457484345,139301.250706005,75190.90095608361,0.6494468428171698,9004,6094,165486.92855772248,0.05291764927808984,0.2111401325571623,105.29176492780898,9497.419581199742,90.0232238598749,0
univ3-full-range-zero-fee,794,10000,573.6751575488638,-960.7714312653078,960.7714312653078,-387.096273716444,135218.65806206915,49526.293541519044,0.7319207203681061,8779,6881,196727.73514744695,0.1514361979625008,0.23813835397658636,115.14361979625008,8684.806585911221,75.5775003864907,0
univ3-full-range-zero-fee,795,10000,228.3106549069317,-839.4863762665511,839.4863762665511,-611.1757213596195,74205.38284907684,34365.80899094137,0.6834721217615436,5259,7075,222129.6405813392,-0.0061080373415808254,0.2531956277404079,99.38919626584192,10061.456346358957,101.23265814628994,0
univ3-full-range-zero-fee,796,10000,648.2262162962278,-1065.504127370683,1065.504127370683,-417.2779110744551,150894.90981969333,33678.9131417236,0.8175314754749171,11466,6916,200279.58747088764,0.4920215013606952,0.5837088682877257,149.20215013606952,6702.31669624257,44.766029147773274,0
univ3-full-range-zero-fee,797,10000,157.2937441211801,-631.0371136214347,631.0371136214347,-473.74336950025463,47202.6367440947,18402.531587788544,0.7194957035291204,4874,6703,162228.98321210887,0.4479026942151498,0.5149420794988029,144.79026942151498,6906.541741023798,48.03513720874063,0
univ3-full-range-zero-fee,798,10000,702.6851756309602,-706.9827589395146,706.9827589395146,-4.297583308554408,147394.466120843,29580.65122275247,0.8328541793515417,9160,3506,112069.35421740812,0.026498768114751527,0.045105550440645174,102.64987681147515,9741.853494399551,94.88059338914263,0
univ3-full-range-zero-fee,799,10000,400.25482042001335,-556.32471255417,556.32471255417,-156.06989213415665,119901.44935888326,31462.539491869033,0.7921398627853836,9816,5569,142347.37510324325,-0.1266199691965585,0.14056735834805964,87.33800308034415,11449.770440801793,129.93298697183545,0
univ3-full-range-zero-fee,800,10000,299.68483118151903,-362.6405269477358,362.6405269477358,-62.95569576621676,67185.63672955145,12348.363406562865,0.8447410744407436,5019,3817,82936.80591851767,0.1348738918019545,0.14416469961162603,113.48738918019545,8811.552055565317,77.59413458054722,0
univ3-full-range-zero-fee,801,10000,693.6132368171308,-696.872195826192,696.872195826192,-3.2589590090611864,170192.40678969884,73236.63619145194,0.6991458566547344,9801,3973,126880.85114739976,-0.02336676105883356,0.06271434047628886,97.66332389411664,10239.259015117832,104.84914144142202,0
univ3-full-range-zero-fee,802,10000,480.77188779096633,-614.5035664178257,614.5035664178257,-133.73167862685938,128696.19904597518,61767.133986795074,0.6757006558518657,8772,5388,139794.2728135903,0.06981989802627724,0.12183033102729368,106.98198980262772,9347.368344073124,87.95038740837605,0
univ3-full-range-zero-fee,803,10000,607.5663996737634,-758.8396580899109,758.8396580899109,-151.27325841614754,164521.23497927477,48667.54688551533,0.7717161922882905,11465,5933,164957.1965748029,0.05477051691687919,0.08034466179582694,105.47705169168792,9480.735994037359,89.95941612798795,0
univ3-full-range-zero-fee,804,10000,162.35264078407175,-166.02375087880083,166.02375087880083,-3.671110094729073,66004.84541845905,26530.446730545544,0.7132937486399784,7318,2269,48339.67747089937,0.014115001367660938,0.02649689084229337,101.4115001367661,9860.81504740096,97.2363674029311,0
univ3-full-range-zero-fee,805,10000,311.7060017879153,-1491.0926173267458,1491.0926173267458,-1179.3866155388305,102855.43375021986,26279.178902752803,0.796497791236083,9998,7835,299899.7276223855,-0.08609408754806935,0.20216522283579594,91.39059124519306,10942.046465926605,119.2981378612403,0
univ3-full-range-zero-fee,806,10000,181.79449635087335,-671.1209562114918,671.1209562114918,-489.32645986061846,58762.51255793089,30664.989179947355,0.6570966583654569,6340,6854,174302.79669738497,0.15027713693377848,0.33347804027814876,115.02771369337785,8693.55761714076,75.48629317156421,0
univ3-full-range-zero-fee,807,10000,311.32584045487187,-414.89576742760744,414.89576742760744,-103.56992697273557,83787.92678616579,23395.075943121326,0.7817277427633704,6673,4664,106679.13757355584,0.004713610634203747,0.11697591516258711,100.47136106342037,9953.0855816614,99.07495247045713,0
univ3-full-range-zero-fee,808,10000,367.16613690734994,-367.95234891232826,367.95234891232826,-0.7862120049783243,72050.75067943808,32597.455576619515,0.6885044021026151,4406,1983,58471.541698357825,0.0006075882847423486,0.060839177522905456,100.06075882847423,9993.92812301248,99.8784555894213,0
univ3-full-range-zero-fee,809,10000,1403.3965860480616,-2031.387831586425,2031.387831586425,-627.9912455383633,173408.14603829515,40935.81493146374,0.8090181092751232,7382,7368,275297.48077970213,0.009766692885513208,0.261605797195989,100.97666928855132,9903.278444607342,98.84999152418169,0
univ3-full-range-zero-fee,810,10000,423.0020276211135,-1378.562173425083,1378.562173425083,-955.5601458039696,113847.8439238744,67749.69755255974,0.6269239274841636,7398,7727,271805.2426398523,-0.05546632665940109,0.31798212126985903,94.45336733405989,10587.2358702197,110.90749740308672,0
univ3-full-range-zero-fee,811,10000,1019.1728594434185,-2449.0874578582466,2449.0874578582466,-1429.914598414828,205840.68202507956,44348.582393133795,0.8227398665715678,10164,8208,411552.17195315735,-0.2678280806842925,0.36230613488647206,73.21719193157075,13657.996102447929,186.54067034309261,0
univ3-full-range-zero-fee,812,10000,264.5320792074625,-265.28211360112124,265.28211360112124,-0.7500343936587228,62858.4967954006,13705.598892851158,0.8209918269177157,4172,1784,51449.164007030726,0.004187960389642598,0.03643830845074348,100.41879603896426,9958.295343994201,99.1449253962304,0
univ3-full-range-zero-fee,813,10000,152.89050270881413,-1336.5714377036884,1336.5714377036884,-1183.6809349948742,46476.91650744065,17147.928867467133,0.7304837635922979,3807,7748,287973.54706791544,-0.24716829679662822,0.39935527899929496,75.28317032033718,13283.182287782214,176.8947872540809,0
univ3-full-range-zero-fee,814,10000,212.16630989130596,-863.1875602477232,863.1875602477232,-651.0212503564173,53138.68409665699,10760.164912648264,0.8316062796204464,4513,7090,210257.35590068562,0.2638350437057764,0.305813677907735,126.38350437057764,7912.425358746745,62.71693477351568,0
univ3-full-range-zero-fee,815,10000,250.96465107687618,-1118.9534515265248,1118.9534515265248,-867.9888004496486,60865.43205058427,25787.457273519503,0.7024051076119588,4575,7601,226890.9082893416,0.13460336380165572,0.42317257504843214,113.46033638016557,8813.65316445414,77.68030596446827,0
univ3-full-range-zero-fee,816,10000,840.7960648573425,-1405.298533435284,1405.298533435284,-564.5024685779416,121206.89118194985,33298.564096758186,0.7844829230353593,6445,7147,223104.2433006113,0.24325863685125854,0.4532957046650708,124.32586368512585,8043.37910739792,64.61531201975052,0
univ3-full-range-zero-fee,817,10000,186.1467608026459,-251.53886413401614,251.53886413401614,-65.39210333137024,76803.13960153132,19227.104207480494,0.7997807415159748,7173,3984,87511.4230030516,-0.12248917950061156,0.13908671143081264,87.75108204993884,11395.871569982573,129.80734167473219,0
univ3-full-range-zero-fee,818,10000,346.2201712606016,-380.05748487848575,380.05748487848575,-33.83731361788415,117902.56935444876,31170.34805184889,0.7909053596442724,9690,4024,98729.3410337891,0.00794298754148045,0.04739406752038576,100.79429875414804,9921.196723154344,98.4871648904089,0
univ3-full-range-zero-fee,819,10000,534.0532166129027,-576.0768880847895,576.0768880847895,-42.023671471886814,149096.9090016845,69699.5297619678,0.681441205552443,9478,4610,123539.35130923569,0.1308679696655936,0.14858207504342275,113.08679696655936,8842.765803180246,78.1946351444569,0
univ3-full-range-zero-fee,820,10000,713.0208732579162,-760.1662443372029,760.1662443372029,-47.14537107928675,152082.92741723583,26039.48101223654,0.8538113130075553,9711,4613,133924.72409358723,-0.002617912050791631,0.05440797231826238,99.73820879492084,10026.248551088696,100.49189058316097,0
univ3-full-range-zero-fee,821,10000,834.3695645663802,-1369.686246442991,1369.686246442991,-535.3166818766108,157474.33146064935,78576.7622529008,0.6671196857564478,8504,7258,233264.83863633327,0.01622353730101679,0.3157333687664783,101.62235373010168,9840.355397243915,96.39702422755052,0
univ3-full-range-zero-fee,822,10000,279.1733093892161,-302.8561531673695,302.8561531673695,-23.68284377815337,74152.77181942183,17597.244387482977,0.8082044547240236,6264,3051,68848.9329914247,0.08417556037367206,0.1269203812600034,108.4175560373672,9223.598823862867,84.97408078309397,0
univ3-full-range-zero-fee,823,10000,885.4828374460252,-943.75170731621,943.75170731621,-58.268869870184744,172547.0358248115,32710.415870601628,0.840637133510059,10936,4763,144358.16760424976,0.011604664007609244,0.08470529685826861,101.16046640076092,9885.285354401165,97.60021019536488,0
univ3-full-range-zero-fee,824,10000,250.79630900865084,-285.0050251820301,285.0050251820301,-34.20871617337929,61534.8607696402,13771.77464452037,0.8171240214254647,4982,3070,66189.32310676039,0.07174016091026161,0.12213448562387669,107.17401609102616,9330.62017210288,86.78164772720766,0
univ3-full-range-zero-fee,825,10000,400.88754155315587,-402.3562188504945,402.3562188504945,-1.4686772973386155,99806.9823219003,40246.54341255148,0.7126345573844327,6569,2684,76748.23019864467,-0.014243156071287757,0.03997057034890474,98.57568439287122,10144.490016071823,102.54219046099887,0
univ3-full-range-zero-fee,826,10000,899.4881170405286,-973.3251710247023,973.3251710247023,-73.83705398417374,140498.0932610199,41003.35727489227,0.7740879912869937,7762,4695,138294.02885331365,0.08344841488901764,0.10814901570754529,108.34484148890176,9229.78927593096,85.45788929678895,0
univ3-full-range-zero-fee,827,10000,469.413883219103,-1364.1910717258588,1364.1910717258588,-894.7771885067558,102931.09964805961,40122.230110690674,0.7195295616092678,5403,7545,287430.2499105424,-0.21116005356759218,0.28510705419110977,78.88399464324078,12676.843801200734,160.70313852432446,0
univ3-full-range-zero-fee,828,10000,381.93810099072306,-1308.0565667955148,1308.0565667955148,-926.1184658047916,101597.45182539006,40309.9384041858,0.7159419369282113,8359,7676,259219.05828761574,0.153229267163383,0.2539144632651393,115.3229267163383,8671.303242329202,75.19124874910781,0
univ3-full-range-zero-fee,829,10000,497.2966959890509,-517.9891562806631,517.9891562806631,-20.692460291612235,116338.00813555163,17318.296114797566,0.8704266423351121,7079,3476,101220.34550845568,-0.09745944682499186,0.12951616200948535,90.25405531750081,11079.835173548508,122.83687938068753,0
univ3-full-range-zero-fee,830,10000,208.7536860219733,-447.35610326087317,447.35610326087317,-238.60241723889987,95717.3749438963,37704.98569203671,0.7174012998096956,9365,5891,150630.85929686646,-0.05859053806128031,0.24070623214853853,94.14094619387197,10622.371226369094,112.94110362518128,0
univ3-full-range-zero-fee,831,10000,652.9406632337095,-1238.2240093892322,1238.2240093892322,-585.2833461555226,102035.75962114442,54881.870225286686,0.6502504512781812,5507,7149,212486.56356547363,0.3911869002496158,0.49702039511647345,139.11869002496158,7188.107113432501,51.688097046321765,0
univ3-full-range-zero-fee,832,10000,601.9316370499903,-696.40312956643,696.40312956643,-94.47149251643975,176561.17857555498,109717.73815849758,0.6167453076524556,10360,5617,157225.29489680877,0.04259194555894268,0.07384746436847664,104.25919455589427,9591.480921391594,91.85844630659516,0
univ3-full-range-zero-fee,833,10000,498.9462288555899,-1061.4013360282192,1061.4013360282192,-562.4551071726294,112825.96844813762,79363.62624793268,0.5870555511944402,6715,7153,220878.25969990419,-0.0210936166770513,0.1678075914086351,97.89063833229487,10215.482159064648,104.45568928617625,0
univ3-full-range-zero-fee,834,10000,890.1718496689106,-1159.871688279171,1159.871688279171,-269.6998386102604,167014.68056865106,46817.51939172034,0.7810548673193427,9976,6623,194184.588641082,0.45756733165129504,0.4968326559977319,145.7567331651295,6860.7469109497315,46.10246177590722,0
univ3-full-range-zero-fee,835,10000,820.120135677153,-1739.100976583742,1739.100976583742,-918.980840906589,106509.30699910889,34705.2694028308,0.7542373437140864,6035,7715,246736.54897932522,0.6914927124328654,1.0360996257129542,169.14927124328653,5911.938216144537,34.93327604732511,0
univ3-full-range-zero-fee,836,10000,799.8309928197466,-836.8555481720597,836.8555481720597,-37.02455535231309,196113.58987007683,81677.71612692594,0.7059745414501662,11076,4894,153481.7471262138,0.04963917511334401,0.09810089630031442,104.9639175113344,9527.08415348323,90.85752508151614,0
univ3-full-range-zero-fee,837,10000,366.27495712873167,-461.8025261830759,461.8025261830759,-95.52756905434421,91100.10635101181,27092.215897542832,0.7707785465068638,6312,4648,110996.4300696704,0.04354148017077307,0.08428045606696642,104.3541480170773,9582.753249312596,91.23673533614378,0
univ3-full-range-zero-fee,838,10000,203.01590341076525,-1161.2297010510251,1161.2297010510251,-958.2137976402598,52581.8694672075,15729.031054646715,0.7697434679606567,4892,7646,235236.2835854882,0.28615404640742526,0.48396558064677436,128.61540464074253,7775.118781586466,60.250967028008056,0
univ3-full-range-zero-fee,839,10000,396.4744600946699,-623.9969489938477,623.9969489938477,-227.5224888991778,65272.47144598935,18622.039225004635,0.778030301672132,4171,5727,137029.01262259262,-0.039043386422110304,0.14155680296097997,96.09566135778897,10406.297587293617,108.29122919939262,0
univ3-full-range-zero-fee,840,10000,270.9030388518501,-749.4259538064204,749.4259538064204,-478.52291495457024,73865.6405823801,12217.622533819402,0.8580720329185542,6738,6841,180450.96169135108,0.178090680059276,0.416391616514868,117.8090680059276,8488.311415856802,71.96154163648174,0
univ3-full-range-zero-fee,841,10000,324.7774488938282,-830.9578288186938,830.9578288186938,-506.1803799248656,91154.61758757083,56113.66330735393,0.6189697946743143,5746,6862,201340.4466573608,-0.005095360375313476,0.12074642959267436,99.49046396246865,10051.215178405104,100.83021057413497,0
univ3-full-range-zero-fee,842,10000,886.0250185511941,-1253.8586582083315,1253.8586582083315,-367.8336396571374,190455.8729219474,110630.10564660323,0.6325630765917079,11524,6957,226886.29800953734,-0.02366338051029615,0.17894148126323045,97.63366194897038,10242.37003539194,104.82636872516866,0
univ3-full-range-zero-fee,843,10000,242.63865802658577,-460.6342001379155,460.6342001379155,-217.99554211132974,71769.1784197874,38801.365760137356,0.649080448613889,5670,5764,133606.65746441082,0.04757747709128907,0.07658433355391267,104.7577477091289,9545.833839931143,90.99599602018608,0
univ3-full-range-zero-fee,844,10000,589.8682585313771,-887.0861887093636,887.0861887093636,-297.21793017798643,155711.55801487732,66955.37035032077,0.6993025823731369,9035,6616,196470.3448921163,-0.12366049444941467,0.1647002950295122,87.63395055505853,11411.103585403796,130.21283471593298,0
univ3-full-range-zero-fee,845,10000,1012.4047568221326,-1968.6248648392311,1968.6248648392311,-956.2201080170985,178331.17945571322,51027.95550369754,0.7775194107148693,9563,7794,312674.5828427556,0.07150123931437903,0.23683488059838098,107.1501239314379,9332.7011079675,86.84440521727163,0
univ3-full-range-zero-fee,846,10000,1358.4078602990676,-1551.725001932567,1551.725001932567,-193.31714163349943,213209.77112933737,90443.77686183347,0.702148130788634,11454,6335,204389.19090892308,0.07757651381749256,0.2140709972875348,107.75765138174926,9280.084235312503,86.26568770451667,0
univ3-full-range-zero-fee,847,10000,263.1850852017204,-640.2926072381567,640.2926072381567,-377.1075220364363,92256.76467449559,25510.65387557531,0.783381055731225,9234,6575,168987.3858530485,-0.006350741347709743,0.3962724811158091,99.36492586522903,10063.914091516057,101.68714168473659,0
univ3-full-range-zero-fee,848,10000,578.7184198792947,-601.7499622085622,601.7499622085622,-23.031542329267495,136912.97243437837,62859.57720484022,0.6853442711805893,9229,4029,110304.53116112358,0.07383994890034415,0.11287128615389491,107.38399489003442,9312.375294221793,86.78353724731187,0
univ3-full-range-zero-fee,849,10000,484.6690592015102,-1391.7182667438774,1391.7182667438774,-907.0492075423672,93571.95279355442,43483.61395677819,0.6827300416334774,6518,7677,249420.41566118307,0.43076296354387866,0.5581482426472733,143.07629635438786,6989.278272089708,48.957746823523024,0
univ3-full-range-zero-fee,850,10000,147.2253898784578,-342.1024748254925,342.1024748254925,-194.8770849470347,52311.57910757052,14251.323577284968,0.7858969034935512,5473,5362,112581.66824088915,0.22500181303252703,0.2346472789996723,122.5001813032527,8163.2535750239185,67.06723239911757,0
univ3-full-range-zero-fee,851,10000,936.8975064253026,-1369.2968973655927,1369.2968973655927,-432.3993909402901,143662.12998415565,32679.178093940307,0.8146822293080205,7944,7015,218577.7005742004,0.10409774757257921,0.21987204829769566,110.40977475725792,9057.169708339126,82.33778507966863,0
univ3-full-range-zero-fee,852,10000,452.72929217518777,-1287.6882147725673,1287.6882147725673,-834.9589225973796,110986.46554650358,59079.31436741886,0.652609041058575,6095,7537,279204.9723674005,0.06295270733182662,0.3360069972186753,106.29527073318266,9407.756861726843,88.6748237802902,0
univ3-full-range-zero-fee,853,10000,196.21023116997065,-737.3094560603932,737.3094560603932,-541.0992248904226,78913.22911692882,26315.504272248363,0.7499209253529329,8367,6972,199876.5616515602,-0.17883811785424256,0.187192212568589,82.11618821457574,12177.867877992845,148.30004310935598,0
univ3-full-range-zero-fee,854,10000,608.0578457609585,-647.6624962647074,647.6624962647074,-39.604650503748985,139067.55167884508,29288.405074256265,0.8260328553909826,9667,4317,118461.8622013303,0.045546694458923016,0.11712182682868828,104.5546694458923,9564.374996023811,91.36150052574122,0
univ3-full-range-zero-fee,855,10000,648.8493056717349,-886.4079496444033,886.4079496444033,-237.5586439726684,191279.1961052974,81752.41315750667,0.7005752799895905,10429,6500,211313.95813265807,-0.28972341572498594,0.30968713485753585,71.02765842750141,14079.024126257065,198.6265803228232,0
univ3-full-range-zero-fee,856,10000,456.9231409387003,-715.0667367018979,715.0667367018979,-258.14359576319754,85357.99474899455,45391.05713233944,0.6528383458295688,4761,6047,147211.73224421561,0.22528994248702772,0.3468770013604927,122.52899424870277,8161.3339698265045,67.00186336323387,0
univ3-full-range-zero-fee,857,10000,448.01272762246094,-1460.1231845493041,1460.1231845493041,-1012.1104569268432,80287.66412198514,39344.261499492924,0.671122392328781,5327,7682,248120.6045711851,0.28972231787017594,0.4703587655804776,128.9722317870176,7753.607394284799,60.32203024469303,0
univ3-full-range-zero-fee,858,10000,276.70819013729005,-295.33194574652947,295.33194574652947,-18.623755609239424,91888.74883450655,33221.574198496266,0.7344617662786087,7866,3307,75457.64166843423,0.13452015747016774,0.1448285890951496,113.45201574701677,8814.299527837788,77.63671165355022,0
univ3-full-range-zero-fee,859,10000,790.9207462166223,-841.5299659077593,841.5299659077593,-50.609219691137014,190014.47917211294,92232.50212076487,0.6732205896471274,10084,5234,159569.56162981683,0.11926138574023583,0.13189209903467883,111.92613857402358,8934.464102610225,80.30670692604882,0
univ3-full-range-zero-fee,860,10000,344.88664743834755,-1345.882224127702,1345.882224127702,-1000.9955766893545,109130.81640068178,35130.40459976547,0.7564806095765919,8961,7729,286926.924997292,-0.28891995797702436,0.3134477050258526,71.10800420229756,14063.116030824114,197.45107031287412,0
univ3-full-range-zero-fee,861,10000,516.5283863844683,-547.1205371180952,547.1205371180952,-30.59215073362691,96198.93491175366,15437.586657300997,0.8617156245973517,5380,3448,94680.15564793143,-0.00640615776561205,0.09179878112048627,99.3593842234388,10064.475049649809,101.3932377875106,0
univ3-full-range-zero-fee,862,10000,730.0331656595313,-1644.849549152889,1644.849549152889,-914.8163834933578,161600.90003208327,65090.47989507667,0.7128674239135542,9848,7810,294896.3525695232,0.31659607672257634,0.34859164366498335,131.65960767225764,7595.344422282139,57.60465136755883,0
univ3-full-range-zero-fee,863,10000,435.04938809258385,-792.4009336526576,792.4009336526576,-357.35154556007376,108413.23860058945,33330.13603829141,0.7648557745770729,6895,6578,194139.13197380578,-0.16977431586566738,0.2554568608855871,83.02256841343326,12044.918598683975,145.07392197208722,0
univ3-full-range-zero-fee,864,10000,261.85112819345665,-684.1518422991791,684.1518422991791,-422.3007141057224,89575.85290406922,24432.00466794749,0.7856989405093046,8842,6732,175634.13646519068,0.45892712074361386,0.49808440889605293,145.89271207436138,6854.352346662663,46.03179362892335,0
univ3-full-range-zero-fee,865,10000,296.91799282749395,-657.1476573220858,657.1476573220858,-360.2296644945919,82022.10632579942,26288.09205378946,0.7572888569397777,5595,6466,175303.85102773743,-0.09633635839409863,0.12589676497500604,90.36636416059014,11066.065044368457,122.21216496178592,0
univ3-full-range-zero-fee,866,10000,149.84324295061353,-488.979247815837,488.979247815837,-339.1360048652235,56706.391742550644,21527.719759290932,0.7248294976957183,5535,6298,155509.3511899854,-0.03915378307397575,0.14223218391490988,96.08462169260243,10407.49332717383,108.47222454667182,0
univ3-full-range-zero-fee,867,10000,806.2238293440721,-930.7753503194621,930.7753503194621,-124.55152097538996,147568.02197255826,42332.049190052705,0.7770824995963068,7753,5451,156702.83831410029,0.0283041722594335,0.12239149942093264,102.83041722594335,9724.749642526749,94.5777182947253,0
univ3-full-range-zero-fee,868,10000,207.50226268589245,-210.09122966886437,210.09122966886437,-2.5889669829719253,69325.40247315055,22910.091361637304,0.7516130677125897,5208,2200,54684.35161022606,0.00400624312203206,0.03439910974723702,100.4006243122032,9960.097787497638,99.10295489690044,0
univ3-full-range-zero-fee,869,10000,277.968122655717,-830.0915266040336,830.0915266040336,-552.1234039483165,66809.9570386275,17679.641293490713,0.7907477175593353,5184,6975,192685.7153764742,0.11493955126340069,0.29671127440227224,111.49395512634007,8969.096597801752,80.18677816515901,0
univ3-full-range-zero-fee,870,10000,264.8160309683509,-299.918195875856,299.918195875856,-35.102164907505085,60350.6488806102,17423.00546389862,0.7759780530985328,4058,3079,69811.75494753712,-0.02035274111929752,0.06778071043247479,97.96472588807025,10207.756171311012,105.06790297340291,0
univ3-full-range-zero-fee,871,10000,171.66586060110254,-1208.5780732830474,1208.5780732830474,-1036.9122126819448,54667.15229108524,26307.720214122226,0.6751125454080784,4409,7610,275956.5652502412,-0.21560172983195727,0.24138397778166037,78.43982701680427,12748.626703353413,162.52717894192187,0
univ3-full-range-zero-fee,872,10000,799.3974087094172,-1376.6799039696214,1376.6799039696214,-577.2824952602042,126560.18598211525,36100.186759394805,0.7780640351982777,7399,7245,219832.1141501551,0.46192521724448765,0.4635002676981256,146.19252172444877,6840.295509485304,46.93697407140254,0
univ3-full-range-zero-fee,873,10000,792.2164364653103,-793.7226266511129,793.7226266511129,-1.5061901858026658,153812.58273231934,49124.07844579611,0.7579339378079133,8016,3504,121443.0398583049,0.007677583675388888,0.0539314266857184,100.76775836753889,9923.809691545352,98.61261982968234,0
univ3-full-range-zero-fee,874,10000,376.25421364118466,-930.8333905516419,930.8333905516419,-554.5791769104571,82816.1518067098,29019.32832929316,0.7405176935440989,5281,7048,210736.39371684493,-0.01622166341826599,0.1437127227127243,98.3778336581734,10164.892063542462,103.32487417824419,0
univ3-full-range-zero-fee,875,10000,699.1654681169532,-990.2948375903651,990.2948375903651,-291.1293694734119,147297.70249033128,62435.07673770848,0.7023113079056488,8299,6586,188747.13488512434,0.0747960465929468,0.2999810731737537,107.47960465929468,9304.09142722655,86.56645037972162,0
univ3-full-range-zero-fee,876,10000,765.2783882771981,-836.1204257084153,836.1204257084153,-70.84203743121714,175335.73579948864,66366.67049190134,0.7254199016459462,10702,5292,153222.3258304738,0.08334580720041203,0.0946753438458785,108.3345807200412,9230.663619063378,85.52460096449374,0
univ3-full-range-zero-fee,877,10000,593.7813435046888,-930.1262191559061,930.1262191559061,-336.3448756512173,105523.25765783401,39768.96215791831,0.7262829199777521,5627,6501,177780.20598515094,0.1925965741426279,0.2887178787156779,119.25965741426279,8385.065587183037,70.11026216843064,0
univ3-full-range-zero-fee,878,10000,567.9851119542905,-948.6408505832405,948.6408505832405,-380.6557386289501,106819.35476611796,38295.689438238296,0.7361011764961535,5807,6705,192782.9411118375,0.002222418845435925,0.10195115572748278,100.22224188454359,9977.82569564325,99.63650055586174,0
univ3-full-range-zero-fee,879,10000,935.850599193,-2044.3581299336813,2044.3581299336813,-1108.5075307406814,211330.70683361386,83307.53244567275,0.7172548524269934,10697,8002,340240.44745374133,-0.033047559051205724,0.30238067839372773,96.69524409487943,10341.771247651519,106.96298308753185,0
univ3-full-range-zero-fee,880,10000,387.3412168795016,-427.4949433465389,427.4949433465389,-40.1537264670373,103654.8928968706,28495.82113898553,0.7843687690461224,7342,3854,96050.05786608999,-0.024253927400670106,0.05711376656027767,97.57460725993299,10248.568594935437,105.03268926818903,0
univ3-full-range-zero-fee,881,10000,1256.063383637864,-1343.9008731683728,1343.9008731683728,-87.83748953050872,183527.81515293493,47737.347331928526,0.7935817620820733,8469,5459,173676.90437119923,0.11860218239370866,0.24752951553651073,111.86021823937087,8939.729227762578,79.91864952698177,0
univ3-full-range-zero-fee,882,10000,300.06443228168894,-684.0423642946895,684.0423642946895,-383.97793201300055,91698.53393619545,32065.96848170942,0.7409114256894513,7899,6603,174134.7821735455,0.037585567062437375,0.1637859425084794,103.75855670624374,9637.760004601541,92.96718688283305,0
univ3-full-range-zero-fee,883,10000,327.459496213224,-478.1127950678794,478.1127950678794,-150.65329885465542,91278.80774896126,23059.563571626066,0.7983217418151728,8527,5285,118224.96212378851,0.3157943246843138,0.3402052815057931,131.57943246843138,7599.972373661054,57.866316955603345,0
univ3-full-range-zero-fee,884,10000,552.2953536459337,-905.1514066552177,905.1514066552177,-352.856053009284,109068.82514083179,19903.994306815286,0.8456729534792037,6536,6585,193839.99531839482,-0.23688963467981408,0.26219509698664595,76.31103653201859,13104.265499748999,171.72152903121366,0
univ3-full-range-zero-fee,885,10000,237.4172943435066,-247.4074455108337,247.4074455108337,-9.990151167327099,74992.61145073999,32973.35951187441,0.6945948874641977,5677,2620,62891.70536527107,0.02166613233345359,0.044848442663937504,102.16661323334536,9787.933728702845,95.93368572207761,0
univ3-full-range-zero-fee,886,10000,1075.580772186394,-1138.2125819428438,1138.2125819428438,-62.63180975644991,196438.27998736114,72666.893017787,0.7299684275619747,10785,5088,162978.0091725851,0.004343067110020655,0.140900429685629,100.43430671100207,9956.757918602756,98.39244390078188,0
univ3-full-range-zero-fee,887,10000,216.81930863773752,-884.7643180227483,884.7643180227483,-667.9450093850107,63962.045921606004,13797.834791819014,0.8225584367513457,5422,7144,220045.6063110775,-0.18609497845056638,0.20509594332516287,81.39050215494336,12286.446793264837,150.83631635609953,0
univ3-full-range-zero-fee,888,10000,448.54710291241435,-467.585529572553,467.585529572553,-19.03842666013867,130543.68750702793,22758.09895600543,0.8515470727309937,11020,3792,100886.04128310326,-0.004379988644236335,0.04299057279069942,99.56200113557637,10043.993313166222,101.32791616145774,0
univ3-full-range-zero-fee,889,10000,363.3011272760755,-382.8164937606226,382.8164937606226,-19.515366484547144,111976.11829642428,59502.81188243175,0.6530021978772023,7611,3520,91412.78167372089,0.016822958990208862,0.04718614227912937,101.68229589902089,9834.55423385249,96.7181977662013,0
univ3-full-range-zero-fee,890,10000,352.0209909557377,-365.2794513863061,365.2794513863061,-13.258460430568391,75098.21590082027,22962.37448760668,0.7658348333754609,4492,2589,69294.47854084316,-0.00928689320335451,0.0437201432338243,99.07131067966455,10093.739837258388,101.83985582112363,0
univ3-full-range-zero-fee,891,10000,287.52424937371137,-1183.1856013884903,1183.1856013884903,-895.6613520147789,89411.89734106093,21283.72082778184,0.8077275218309181,8288,7555,259313.645076702,0.017587139999390756,0.17517502164550222,101.75871399993908,9827.168968978309,97.39477003811395,0
univ3-full-range-zero-fee,892,10000,228.3221321964,-836.9758973129899,836.9758973129899,-608.65376511659,68531.56723384827,22599.865954352703,0.7520080046620098,4890,7126,216290.53680512225,0.0593134926440014,0.21306137835783104,105.93134926440014,9440.076632920265,87.98773448184434,0
univ3-full-range-zero-fee,893,10000,862.9330812494362,-950.9996663259444,950.9996663259444,-88.0665850765082,206060.2509431777,76361.48941162559,0.7296189403985207,10615,5582,180216.4935592191,-0.2162532673587441,0.2233894303941561,78.37467326412559,12759.225133922728,162.11446641430615,0
univ3-full-range-zero-fee,894,10000,742.6344604746536,-782.5796689893072,782.5796689893072,-39.94520851465359,161578.71402186694,75338.68295167208,0.6820044289103575,8924,4557,135083.66967403246,-0.01900631481698895,0.10645824164561361,98.0993685183011,10193.746226456846,103.80107120402114,0
univ3-full-range-zero-fee,895,10000,545.2322900462947,-1165.268141914746,1165.268141914746,-620.0358518684512,166594.37347285528,59118.77835799734,0.7380800459412289,10782,7317,263286.5466091272,-0.189771775224484,0.26219859853821775,81.0228224775516,12342.202822910864,152.32987369519603,0
univ3-full-range-zero-fee,896,10000,231.27299097457666,-433.0797395815337,433.0797395815337,-201.80674860695706,79814.55169774676,27852.335697333452,0.7413101059090694,7371,5577,126627.26050396284,0.1566032720706157,0.171678736754653,115.66032720706157,8646.007482521785,74.75278526739645,0
univ3-full-range-zero-fee,897,10000,401.97941431941246,-683.6821716247878,683.6821716247878,-281.7027573053753,100902.88957144115,35054.0397227046,0.74216805348064,7998,6297,153503.57276265768,0.2733706924511873,0.3041358093853651,127.33706924511873,7853.173168835781,61.66054881566218,0
univ3-full-range-zero-fee,898,10000,360.1060248195829,-1171.9975080870536,1171.9975080870536,-811.8914832674707,110374.17247042256,38875.0082822113,0.7395295030353106,10084,7523,237331.05051112833,0.2730245988740671,0.46115309039044033,127.30245988740671,7855.308287519984,61.72752126679433,0
univ3-full-range-zero-fee,899,10000,581.7459005188032,-1006.1921060153785,1006.1921060153785,-424.4462054965753,118733.90226131331,78996.82401624531,0.6004828106211684,8542,6972,178606.79699549897,0.4375726945742761,0.8667211503580233,143.7572694574276,6956.17034101187,48.27563102318908,0
univ3-full-range-zero-fee,900,10000,374.3052950919183,-381.52323447956184,381.52323447956184,-7.217939387643526,124744.00102828881,50739.81565804295,0.7108575786863711,11409,3597,88932.79702847358,0.02544706619864215,0.03776262449212382,102.54470661986421,9751.844879560169,95.15456377734994,0
univ3-full-range-zero-fee,901,10000,466.25860371173917,-1240.9409600536414,1240.9409600536414,-774.6823563419023,128752.90074518032,64627.73780706673,0.6658003702392068,9892,7575,232868.2137243279,0.3872875194811732,0.6095979750219246,138.72875194811732,7208.311536647897,51.95977984924389,0
univ3-full-range-zero-fee,902,10000,693.1420229930691,-1110.7198732606805,1110.7198732606805,-417.57785026761144,147461.3168309612,81061.74921927616,0.6452797933253007,9663,7058,204707.98242026469,0.5424954489294069,0.5731167592612618,154.2495448929407,6483.001654207173,42.07959173122799,0
univ3-full-range-zero-fee,903,10000,587.3223921561553,-1991.429673982303,1991.429673982303,-1404.1072818261478,181188.8508656255,71986.7881437194,0.7156646333533603,11697,8054,367403.2198418237,0.12256845368236881,0.37363528974171945,112.25684536823688,8908.143492178866,79.3553036882172,0
univ3-full-range-zero-fee,904,10000,774.6763780232186,-778.7374429618797,778.7374429618797,-4.061064938661048,173879.2109299386,40796.73637676217,0.8099613073164775,9983,3961,131403.7166115647,-0.01748636372964981,0.055168301439457966,98.25136362703502,10177.976498488093,103.56459739764196,0
univ3-full-range-zero-fee,905,10000,463.8894137076626,-467.78326047711795,467.78326047711795,-3.893846769455365,129814.72648525987,73775.6787577285,0.6376269369390171,8373,3403,95862.21234829645,0.02285254074167071,0.047164494197853346,102.28525407416707,9776.580854213715,95.28967750177506,0
univ3-full-range-zero-fee,906,10000,231.45482118307788,-1269.1616493797922,1269.1616493797922,-1037.7068281967142,84057.32864438878,18216.240571320322,0.8218871140313901,7423,7689,296816.6553559505,-0.24884332427907963,0.3438697743238508,75.11566757209204,13312.803181008676,176.99047483532598,0
univ3-full-range-zero-fee,907,10000,231.53517254203175,-1184.6410710757266,1184.6410710757266,-953.1058985336948,70149.63482288078,31774.126203655276,0.688255948528206,5426,7563,249868.10908792503,-0.07335719781260736,0.23150183202374136,92.66428021873926,10791.645576676334,116.46277568617353,0
univ3-full-range-zero-fee,908,10000,490.7511922611326,-889.8244709576848,889.8244709576848,-399.07327869655217,120299.26147095367,42124.56433553103,0.7406503379269052,8496,6853,200035.06494309191,0.1131169221586346,0.19040725624377472,111.31169221586346,8983.782807681333,80.53688170807973,0
univ3-full-range-zero-fee,909,10000,654.9856696073132,-808.6133939521819,808.6133939521819,-153.62772434486874,123568.1577670687,36054.35942183932,0.7741273596182539,6816,5797,155112.13816197577,0.2902338395579889,0.2902338395579889,129.0233839557989,7750.5334120569705,63.95569969304597,0
univ3-full-range-zero-fee,910,10000,572.7197296718805,-1258.6468588276064,1258.6468588276064,-685.9271291557259,169601.92535608792,83594.47726949358,0.669843345313597,10703,7475,280239.10087866127,-0.26710002721798815,0.36418750803200484,73.28999727820118,13644.428403542024,185.42967231080868,0
univ3-full-range-zero-fee,911,10000,467.92568034336637,-1143.4690461749296,1143.4690461749296,-675.5433658315633,140279.32940916167,42879.619204655726,0.7658884835866495,11898,7467,239714.23558468846,0.3771301602139252,0.40623090910288595,137.71301602139252,7261.478245053749,52.93232788898077,0
univ3-full-range-zero-fee,912,10000,870.0923800696341,-1484.4242462305615,1484.4242462305615,-614.3318661609273,177643.3354947223,36011.30113788045,0.8314508793001065,9065,7386,272540.53848491114,-0.13316043466558156,0.22208211813147755,86.68395653344184,11536.161156247575,134.0828478532055,0
univ3-full-range-zero-fee,913,10000,367.56272703972763,-645.7864190042097,645.7864190042097,-278.2236919644821,123147.48447079136,50939.146810876824,0.7073919666556219,9649,6324,170211.33365240388,0.16247036725780548,0.19970422873163557,116.24703672578055,8602.370392903067,74.17759602197118,0
univ3-full-range-zero-fee,914,10000,264.1203024058814,-636.9248484772617,636.9248484772617,-372.8045460713803,84760.12992913793,37165.48943489469,0.6951789982388369,7148,6543,168352.85019511965,0.11226268166765778,0.2218832672336633,111.22626816676578,8990.682483588776,80.71806694001118,0
univ3-full-range-zero-fee,915,10000,535.7322849397478,-765.0907223833038,765.0907223833038,-229.358437443556,132370.5827650099,51479.793263620086,0.7199908187535965,8757,6193,167784.0147949581,0.04373038606653097,0.20922861079853447,104.3730386066531,9581.019039583269,91.80961420802007,0
univ3-full-range-zero-fee,916,10000,320.95057454190106,-922.5745053353094,922.5745053353094,-601.6239307934084,75404.59716992456,24409.416856792246,0.7554510046028339,7416,7062,182055.3801520609,0.7811357636828472,0.9987933090558108,178.11357636828473,5614.395385858749,31.36505247600264,0
univ3-full-range-zero-fee,917,10000,973.9912926234595,-1445.1377370183066,1445.1377370183066,-471.1464443948471,205827.85220297234,64305.970265431744,0.7619477276935464,11566,7219,255624.70325916613,-0.24864237166489914,0.27903985330349795,75.13576283351009,13309.242956804092,177.4678224861306,0
univ3-full-range-zero-fee,918,10000,522.3085229021779,-1094.284133602708,1094.284133602708,-571.9756107005301,80620.61965933739,25482.96550837368,0.7598293642189903,5340,7091,199899.21465675492,-0.0653790168127854,0.46164480669709573,93.46209831872146,10699.525080122037,114.53240818853689,0
univ3-full-range-zero-fee,919,10000,762.5421343174722,-1545.8864340404516,1545.8864340404516,-783.3442997229794,157603.4099771782,27922.150123916766,0.8494970175069049,8915,7527,303319.25050018757,-0.3325592251167608,0.36958391499932475,66.74407748832392,14982.604547045948,224.58719251823345,0
univ3-full-range-zero-fee,920,10000,341.85520111438547,-913.297712205702,913.297712205702,-571.4425110913166,79330.63066292681,16913.06175059054,0.8242683616301579,5991,7055,205173.33192310014,0.14620465106725944,0.22110470529370616,114.62046510672594,8724.445978282683,76.11630482573209,0
univ3-full-range-zero-fee,921,10000,148.83330834256708,-1262.7060222962696,1262.7060222962696,-1113.8727139537025,74649.99695753574,22072.99969517304,0.7717916063495446,7761,7812,315850.13598288817,-0.2013708810375337,0.42177241225954953,79.86291189624663,12521.457956387161,157.45369450939688,0
univ3-full-range-zero-fee,922,10000,483.62992809087996,-525.3429514800425,525.3429514800425,-41.71302338916257,102518.89361064801,37862.254360560866,0.7302896086280323,5400,3729,101327.06378764125,0.027981061192872546,0.06629542193983397,102.79810611928725,9727.806093251758,94.81008829113199,0
univ3-full-range-zero-fee,923,10000,650.7068744931412,-678.8164494229012,678.8164494229012,-28.109574929760015,140227.29371994783,37776.84835500341,0.7877754533425582,8516,4180,121745.10875081575,-0.04755398626435735,0.0890119120129171,95.24460137356427,10499.283436869307,110.38617493415198,0
univ3-full-range-zero-fee,924,10000,162.049778536937,-216.24229954823113,216.24229954823113,-54.19252101129413,51332.18089718983,27598.336588529717,0.6503464380108374,4424,3345,66438.90977423043,-0.07373576751964152,0.08244778853409272,92.62642324803585,10796.055864669937,116.5546764444914,0
univ3-full-range-zero-fee,925,10000,608.8478597766233,-1754.6701190929896,1754.6701190929896,-1145.8222593163664,96695.27537915655,24294.582522486424,0.7992014955316638,4950,7888,322736.6314787304,0.04720321890156825,0.3132806836638561,104.72032189015682,9549.245468383415,91.18801028239726,0
univ3-full-range-zero-fee,926,10000,273.69071957358824,-852.3128294840549,852.3128294840549,-578.6221099104666,77808.34020385322,31809.94298982695,0.7098117023633437,5869,7092,210744.1474570374,-0.01382349694005626,0.21246138468022366,98.61765030599437,10140.173290644683,103.07168258716703,0
univ3-full-range-zero-fee,927,10000,429.327064287693,-969.8579044704187,969.8579044704187,-540.5308401827257,98555.52039425692,48272.70970909534,0.6712300510936063,5619,7091,216573.97446917894,-0.023924001292361368,0.17487208016233752,97.60759987076386,10245.104520156405,104.82748780615688,0
univ3-full-range-zero-fee,928,10000,496.48703155242254,-532.9452824121723,532.9452824121723,-36.458250859749796,84508.13325826099,22128.84507852763,0.7924843199453878,4516,3426,88553.25520867683,0.09626863319544796,0.11502235428592499,109.6268633195448,9121.852114042662,83.2080907777807,0
univ3-full-range-zero-fee,929,10000,278.0177678677797,-1103.7886090664715,1103.7886090664715,-825.7708411986919,79381.26555704659,39192.194299878065,0.6694690839993293,5198,7513,261611.20562290808,-0.11575700192936651,0.24584878635225124,88.42429980706335,11309.10927344165,127.89647149898721,0
univ3-full-range-zero-fee,930,10000,311.465142763191,-400.4126451232628,400.4126451232628,-88.94750236007178,114386.45267394974,39121.77368793254,0.7451486828093083,9762,4941,118358.69427985861,-0.05021648289891857,0.10564173883944036,94.97835171010814,10528.715830379455,110.88951471751186,0
univ3-full-range-zero-fee,931,10000,323.31006920430616,-452.5964763658037,452.5964763658037,-129.28640716149755,69004.60547778639,28533.94858943952,0.707459795131131,4078,4715,109004.56266392481,-0.034491794253581246,0.1090611612348718,96.55082057464188,10357.240234076547,107.36776649630849,0
univ3-full-range-zero-fee,932,10000,542.1236051070034,-543.0323465734165,543.0323465734165,-0.908741466413062,147993.48347414643,34127.49511996641,0.8126108514053987,10882,3625,106573.16196486686,-0.005093777114553717,0.06516930204149872,99.49062228854463,10051.1992913952,101.02862854195298,0
univ3-full-range-zero-fee,933,10000,910.8022408735015,-2232.264483802678,2232.264483802678,-1321.4622429291767,193624.63057804693,49154.95797090005,0.7975325756803073,10070,8077,373579.52508712286,-0.08141223444156921,0.33237157238052817,91.85877655584308,10886.277106053198,118.56551349852177,0
univ3-full-range-zero-fee,934,10000,498.80492462925054,-1377.1881491202553,1377.1881491202553,-878.3832244910047,113438.12336491518,43088.93735735525,0.7247189261810203,8058,7708,258472.46427980944,0.1631603138949602,0.3536418702731868,116.31603138949602,8597.267765172566,73.91346420600289,0
univ3-full-range-zero-fee,935,10000,617.3425649083312,-747.7855918991173,747.7855918991173,-130.44302699078617,103414.18505401621,27109.79865251904,0.7923002510138552,6424,5085,123633.19856501151,0.29088899021538084,0.4305596682959347,129.08889902153808,7746.5998353563145,60.009998089698215,0
univ3-full-range-zero-fee,936,10000,86.54216910665869,-158.7165854280603,158.7165854280603,-72.17441632140162,38793.91184918262,19595.08199419097,0.6644045272169943,4190,3654,66387.67713558507,-0.025055565141358614,0.0552098403270503,97.49444348586414,10256.9951902195,105.05855312620623,0
univ3-full-range-zero-fee,937,10000,1027.270057233367,-1968.688263152003,1968.688263152003,-941.418205918636,163683.8130871567,59755.659655464515,0.7325644438648637,8243,7835,315427.5597854472,-0.18438858357942947,0.324438651400786,81.56114164205705,12260.741774287404,150.2718954070977,0
univ3-full-range-zero-fee,938,10000,405.5590337754398,-918.0803838770354,918.0803838770354,-512.5213501015955,123489.75977903874,31952.5848403605,0.7944409232979827,9626,6984,218025.3061790441,-0.10934276992941008,0.14262145799654832,89.06572300705899,11227.664888340594,126.17586885449033,0
univ3-full-range-zero-fee,939,10000,347.3936302224117,-352.1450372443477,352.1450372443477,-4.751407021936018,113646.5706343719,45246.89269216665,0.7152375450512981,9442,3219,81476.41071253197,-0.00503137007313299,0.03745442275637927,99.4968629926867,10050.56875758966,101.06099073645629,0
univ3-full-range-zero-fee,940,10000,416.65761271871355,-831.6768976836471,831.6768976836471,-415.01928496493355,92014.91570284894,28447.242028175566,0.7638491409750906,5842,6710,190645.42018412444,-0.09022972499351667,0.18793959095334883,90.97702750064833,10991.786546097279,120.78313631376483,0
univ3-full-range-zero-fee,941,10000,824.8861379950454,-1245.249336208963,1245.249336208963,-420.3631982139177,175373.6415949419,53013.23746328195,0.7678796711882603,8504,7006,245136.87709058996,-0.23120928480819544,0.24479112344603024,76.87907151918046,13007.442433026476,169.26597924815883,0
univ3-full-range-zero-fee,942,10000,903.5325138756665,-1390.880760107313,1390.880760107313,-487.3482462316466,139195.0905351341,37178.70782042535,0.7892050397107442,9477,7111,201243.1196889669,0.9840752087629815,0.9840752087629815,198.40752087629815,5040.131735801593,25.402786763145137,0
univ3-full-range-zero-fee,943,10000,722.81271181789,-868.3599228609614,868.3599228609614,-145.54721104307146,166939.57015238603,60569.08180442467,0.7337724025725278,11501,5953,161413.08821229945,0.1302434145419015,0.2449263356332746,113.02434145419015,8847.652313668976,78.19488420272818,0
univ3-full-range-zero-fee,944,10000,416.51301041901206,-886.8878336528342,886.8878336528342,-470.3748232338221,99048.15047083261,28074.54884295192,0.7791539277052807,6241,6941,201591.3194091972,0.12366156896578104,0.18229912099298104,112.3661568965781,8899.477253763207,79.20098667178127,0
univ3-full-range-zero-fee,945,10000,168.7831426858036,-908.6141495418094,908.6141495418094,-739.8310068560058,55249.85611636709,13165.90946398043,0.8075602991167529,4270,7276,245703.87204010508,-0.24139038908381566,0.3556011492067201,75.86096109161844,13182.011636454732,173.7740876760304,0
univ3-full-range-zero-fee,946,10000,376.8318233995228,-1077.8793619664239,1077.8793619664239,-701.047538566901,67541.57797990163,16640.52774316555,0.8023270194985656,4207,7324,217012.4717974609,0.38456249187963354,0.4307344942714542,138.45624918796335,7222.498419643246,52.164583536131765,0
univ3-full-range-zero-fee,947,10000,513.1898382722469,-1581.4508570302066,1581.4508570302066,-1068.2610187579598,96867.15854680554,23659.432928053702,0.803699477115066,5678,7707,277644.407013427,-0.11670312916515314,0.3633849580153097,88.32968708348469,11321.222877564145,128.16906905538224,0
univ3-full-range-zero-fee,948,10000,301.878408292029,-613.0996747120865,613.0996747120865,-311.22126642005753,64868.45150492311,23513.658876573867,0.7339545437976268,4003,6162,151993.0739568987,0.09183188380977328,0.2472779519939435,109.18318838097733,9158.91960539427,83.92570193792658,0
univ3-full-range-zero-fee,949,10000,1134.8091548757461,-1872.7952980951582,1872.7952980951582,-737.986143219412,177687.49894076446,75946.50131228016,0.7005665595444217,9155,7664,262744.70501884306,0.18986645524563614,0.42118583467670734,118.98664552456361,8404.30509285812,70.36953262042883,0
univ3-full-range-zero-fee,950,10000,147.88762563089713,-148.70972536574558,148.70972536574558,-0.8220997348484502,58537.467899167335,15187.75612036498,0.7939951173788061,5880,1945,43527.78848691607,0.005967198770269277,0.028514418410351253,100.59671987702693,9940.682352942773,98.44005129273961,0
univ3-full-range-zero-fee,951,10000,610.4581779019458,-1199.7336953568204,1199.7336953568204,-589.2755174548746,128272.60488069152,23628.835843987137,0.8444462690329949,8647,7277,241323.90291207485,-0.18066645276505952,0.2321057610941338,81.93335472349405,12205.042718398,148.9629282748829,0
univ3-full-range-zero-fee,952,10000,456.69876480473147,-457.9469500918311,457.9469500918311,-1.248185287099659,146945.82744545335,43196.77390056807,0.7728190652974258,11691,3737,101522.39964224063,0.00731471619595439,0.04324538002398995,100.73147161959544,9927.3847541839,98.64640832164508,0
univ3-full-range-zero-fee,953,10000,309.6873007156078,-444.52088627490804,444.52088627490804,-134.83358555930022,115034.4272170633,44373.640541345994,0.7216349136820577,10547,5288,124642.09232372468,-0.08569875605999541,0.13363907736584893,91.43012439400046,10937.315147554955,119.56303624451994,0
univ3-full-range-zero-fee,954,10000,265.3009632784976,-531.0422226207022,531.0422226207022,-265.7412593422046,90878.60281085034,35926.02976244872,0.7166820404476802,8381,6194,144058.67770743204,0.16485005091443428,0.31593236957476023,116.48500509144343,8584.796481876268,73.36659174298256,0
univ3-full-range-zero-fee,955,10000,385.24733673878814,-1035.8966310448611,1035.8966310448611,-650.649294306073,112800.89474698534,51734.310905069324,0.6855730012306744,8986,7331,216778.38135320772,0.4986695418983237,0.6052354303618253,149.86695418983237,6672.585429146478,44.53245722914996,0
univ3-full-range-zero-fee,956,10000,908.9691375253334,-940.1981955602479,940.1981955602479,-31.229058034914488,216238.2459552229,100803.45217317235,0.6820498604182057,11700,4992,165352.85690515477,-0.03630370805363001,0.13068280958971143,96.369629194637,10376.71404717492,107.41825791751016,0
univ3-full-range-zero-fee,957,10000,761.8162326444475,-1112.6963161189774,1112.6963161189774,-350.8800834745299,146910.16771869987,42634.78258086159,0.7750676949531996,11155,6764,193402.85365702212,0.12210687389934634,0.21997528727664303,112.21068738993463,8911.807802587122,79.42004567793134,0
univ3-full-range-zero-fee,958,10000,586.7446506824132,-640.6088755315704,640.6088755315704,-53.86422484915727,108886.4807234621,37367.55362646556,0.7445024077964244,6489,4096,109498.94419734247,-0.01741899626665173,0.0707036292337672,98.25810037333483,10177.278496657498,103.19117791931505,0
univ3-full-range-zero-fee,959,10000,540.1052465598907,-1372.4636517543754,1372.4636517543754,-832.3584051944847,132586.98360414602,37182.74009341836,0.7809813240925254,10411,7619,258786.73406829743,0.2491119156684647,0.3568549662351191,124.91119156684647,8005.688358724099,63.97954373227681,0
univ3-full-range-zero-fee,960,10000,506.0255310214167,-627.5021852675706,627.5021852675706,-121.47665424615383,141479.8828145788,45393.97315865163,0.7570876197623155,10023,5486,145590.84589735657,0.11117056245262119,0.12016150802283405,111.11705624526212,8999.519084089376,80.69917607259077,0
univ3-full-range-zero-fee,961,10000,113.28644223063297,-508.7095707319552,508.7095707319552,-395.4231285013222,50500.421529702464,14536.1305506419,0.7764929092076658,5235,6391,163423.27800450404,-0.03692761629588489,0.1446740267931341,96.30723837041151,10383.436120213273,108.08405333850828,0
univ3-full-range-zero-fee,962,10000,425.4054640968676,-436.70798538705577,436.70798538705577,-11.302521290188167,129363.83385683,32340.869864639422,0.8000004383277223,10163,3567,97069.32941398835,-0.058163578617715074,0.0733469970272219,94.18364213822849,10617.555747834118,113.53587072471963,0
univ3-full-range-zero-fee,963,10000,410.9583315082996,-1220.9306976735163,1220.9306976735163,-809.9723661652167,121493.1317630914,63511.85978128431,0.6567019124667768,10292,7523,236843.9987716177,0.06802211940045652,0.4451595884487227,106.80221194004565,9363.102735358709,87.66726353746705,0
univ3-full-range-zero-fee,964,10000,533.0866701895394,-1545.162708186957,1545.162708186957,-1012.0760379974175,131360.98086319384,29335.787181330787,0.8174463149551169,9771,7710,286316.76855772035,0.2821252262152083,0.4012355871940116,128.21252262152083,7799.550677138275,61.096299341296785,0
univ3-full-range-zero-fee,965,10000,349.7729920743751,-349.90312527738433,349.90312527738433,-0.1301332030092226,117509.7359922686,25378.827623010246,0.8223872717249674,9025,3127,85653.75529207857,0.0007445336375531042,0.02063994161392088,100.07445336375531,9992.560795960975,100.07319535446113,0
univ3-full-range-zero-fee,966,10000,648.1208004087929,-672.4970192475082,672.4970192475082,-24.376218838715317,151356.40485800809,39531.23283495311,0.7929083658181245,9083,4020,122156.0245046749,-0.01803542581499116,0.04649044889711163,98.19645741850088,10183.667432056041,103.84998603647017,0
univ3-full-range-zero-fee,967,10000,757.9729801307545,-1135.7125299180327,1135.7125299180327,-377.7395497872782,116296.34823762909,39116.349695848774,0.7483066041837073,5690,6613,193882.48604245274,0.09265159913703372,0.2276170891492525,109.26515991370337,9152.048615268403,83.88825720589213,0
univ3-full-range-zero-fee,968,10000,1049.9324435918775,-1367.928458701247,1367.928458701247,-317.99601510936964,170513.2657833161,69998.47907919557,0.708960245915599,8846,6787,214424.4710854266,0.03827368310087962,0.2086192767831835,103.82736831008796,9631.372640322586,92.76347330671241,0
univ3-full-range-zero-fee,969,10000,528.5772780940717,-1283.2944899397453,1283.2944899397453,-754.7172118456735,120905.80197444846,61423.709637298096,0.6631170176767979,8299,7514,228400.55778771418,0.26863557918982806,0.47466820196580445,126.8635579189828,7882.484762854594,62.133199381701424,0
univ3-full-range-zero-fee,970,10000,470.9845122507394,-841.651749688112,841.651749688112,-370.6672374373726,139050.5840581532,58748.03047193906,0.7029906877178789,7596,6750,219815.02080987277,-0.2570579012938323,0.3153576631440882,74.29420987061677,13460.000359374913,181.17236352138633,0
univ3-full-range-zero-fee,971,10000,585.7323396309304,-603.3646635000446,603.3646635000446,-17.632323869114202,132956.5569474775,51078.292097511934,0.7224531529622128,7757,3760,109670.5367304701,-0.039507753866358825,0.06608286129707082,96.04922461336412,10411.328810047615,108.39538477256826,0
univ3-full-range-zero-fee,972,10000,182.61248292269582,-217.21245100915954,217.21245100915954,-34.59996808646372,59948.265962852965,25645.923685760794,0.7003777500430353,4463,3033,64738.44491494542,-0.05417343861383401,0.07767766996412533,94.5826561386166,10572.76332570587,110.90080125537601,0
univ3-full-range-zero-fee,973,10000,637.629378882907,-1603.1213885965988,1603.1213885965988,-965.4920097136918,166025.1234868007,67503.0699727918,0.7109425248713197,11667,7886,294450.0709223523,-0.1928988124476173,0.2613040093294978,80.71011875523827,12390.021657109446,153.51238374577542,0
univ3-full-range-zero-fee,974,10000,243.0240575880307,-399.1019447807346,399.1019447807346,-156.07788719270388,79884.02209842842,23062.781566430735,0.7759737967046451,6702,5185,121619.43425997623,-0.07825415375050511,0.13727960497271086,92.17458462494949,10848.97823316188,117.57216251344016,0
univ3-full-range-zero-fee,975,10000,561.5836453482841,-990.458419523449,990.458419523449,-428.87477417516493,88720.22835146317,30376.403983131593,0.7449432163808719,4482,6819,190355.31401270203,0.24843548311693142,0.2641725592030133,124.84354831169314,8010.02581589432,64.16033880879931,0
univ3-full-range-zero-fee,976,10000,286.0542500540611,-286.96587088972075,286.96587088972075,-0.9116208356596758,85909.4199482646,21292.788151474146,0.8013773360744233,6341,2411,66474.86808835299,-0.013559729681723951,0.029518549173972276,98.6440270318276,10137.461676868405,102.75298993868925,0
univ3-full-range-zero-fee,977,10000,601.5204457828431,-946.5932807455924,946.5932807455924,-345.0728349627493,112418.41576955702,26754.044963840613,0.8077633691115704,6929,6575,188125.73869988226,0.04321025219877384,0.10898467967618246,104.32102521987738,9585.795971172325,91.86459830000013,0
univ3-full-range-zero-fee,978,10000,313.5461265236467,-722.9795619579827,722.9795619579827,-409.433435434336,84065.43318749926,31734.232530878882,0.7259557500964144,9145,6671,151801.5436742146,1.0434656142631662,1.186683443238662,204.3465614263166,4893.647501994856,23.8162423587413,0
univ3-full-range-zero-fee,979,10000,501.09000946377535,-752.2369431055068,752.2369431055068,-251.1469336417315,135926.64653642863,55827.29822834578,0.7088597144802969,8830,6246,174825.70698718666,-0.10933914033696908,0.1410339947721762,89.06608596630309,11227.619044770265,126.11982565019574,0
univ3-full-range-zero-fee,980,10000,313.8434514458802,-573.5248328566064,573.5248328566064,-259.6813814107262,99686.73817045955,28907.933589406402,0.7752011557415982,9629,6138,155462.4123400978,-0.06061151147278508,0.10151126267224299,93.93884885272149,10645.223921909384,113.32141015727349,0
univ3-full-range-zero-fee,981,10000,678.9271809969018,-1539.8643748505883,1539.8643748505883,-860.9371938536865,142553.28401711915,39297.85403869507,0.7839009727470956,8653,7585,282626.88836252346,-0.1358437459579109,0.28332705394395047,86.41562540420891,11571.982353363472,133.91110719652707,0
univ3-full-range-zero-fee,982,10000,575.157841745344,-714.2769855186132,714.2769855186132,-139.11914377326923,151644.78753168613,47879.62184056525,0.7600312563700587,10097,5720,161717.09440655916,-0.1473018304480989,0.1838609162617273,85.26981695519011,11727.480199327416,137.53453606259666,0
univ3-full-range-zero-fee,983,10000,591.8097108310933,-649.824464466069,649.824464466069,-58.014753634975705,138850.13520484953,63255.28361112658,0.6870183690189787,8083,4751,127783.08323092018,0.10921308313780799,0.15175715311050822,110.9213083137808,9015.400847331683,82.94149992009324,0
univ3-full-range-zero-fee,984,10000,687.829166853684,-762.9743480533842,762.9743480533842,-75.14518119970023,159943.390211893,59490.45742341256,0.7288911530080607,8000,5015,152293.63451216664,-0.13325402223524377,0.1674492609205798,86.67459777647562,11537.406552627037,132.2300375431944,0
univ3-full-range-zero-fee,985,10000,496.5084387648553,-510.2855117582011,510.2855117582011,-13.777072993345769,151012.1273313365,55687.85971554664,0.7305860512564247,10506,4005,113112.77935766612,-0.03868068458657575,0.06448271382347784,96.13193154134242,10402.371602429577,108.3868371185161,0
univ3-full-range-zero-fee,986,10000,781.6323749075018,-788.5431956303942,788.5431956303942,-6.9108207228923675,154398.26220222775,41196.16510570203,0.7893796583435081,8679,3587,119178.56441980856,-0.021491085338566904,0.06239932467935432,97.85089146614331,10219.63159405499,105.05371503082581,0
univ3-full-range-zero-fee,987,10000,454.16717015460006,-578.6923361834863,578.6923361834863,-124.52516602888625,100122.25777691712,46957.66495493177,0.6807336849058359,5582,5076,127341.69795149175,0.03032399179430456,0.1370501087722411,103.03239917943046,9705.68537652331,94.71457169401732,0
univ3-full-range-zero-fee,988,10000,765.9291855518413,-777.9027619311125,777.9027619311125,-11.973576379271208,184599.66988353225,71209.96198244524,0.7216290822866545,11681,4501,138988.35873102513,0.02751620442320828,0.060330701854909276,102.75162044232083,9732.207364664557,95.34830776808288,0
univ3-full-range-zero-fee,989,10000,423.0696141698713,-464.5522887606094,464.5522887606094,-41.4826745907381,117430.23318020371,79595.33654359274,0.5960151940929557,8258,4196,101414.60813290451,0.06685442242215046,0.14202939431172,106.68544224221505,9373.350628067095,87.92640818545736,0
univ3-full-range-zero-fee,990,10000,348.7884880673088,-832.0842149267547,832.0842149267547,-483.29572685944595,87202.4017876002,34875.72812042649,0.7143163304786716,6056,6839,190903.30824052414,0.25104272269201755,0.3348345943419696,125.10427226920176,7993.33254093021,63.800433732442364,0
univ3-full-range-zero-fee,991,10000,767.3678256134083,-1214.0094439919042,1214.0094439919042,-446.6416183784959,189062.7844442695,91695.80865907775,0.6733998142478065,10279,7096,243223.59244306083,-0.12857379767836605,0.23130183408110697,87.1426202321634,11475.44214819914,131.43011031994297,0
univ3-full-range-zero-fee,992,10000,555.8730659079813,-1326.6181112361173,1326.6181112361173,-770.745045328136,162424.33163486636,88437.20518660088,0.6474660631233407,10854,7581,270462.7849518423,-0.027138681558856775,0.40397405331478636,97.28613184411432,10278.958308994135,105.72201433928285,0
univ3-full-range-zero-fee,993,10000,291.84448948214003,-1039.7659236194506,1039.7659236194506,-747.9214341373106,69871.74905304436,39587.424711130145,0.6383361636145756,4374,7339,227345.70719734233,0.24533094136853095,0.3487700494304289,124.5330941368531,8029.994379256773,64.12596545006191,0
univ3-full-range-zero-fee,994,10000,575.8100255269251,-665.5221805029591,665.5221805029591,-89.71215497603407,161371.75052537292,87470.20973531487,0.6484909151025785,10185,5365,146537.06540478062,-0.02288819514090747,0.10804375803561499,97.71118048590925,10234.24415881647,104.93080575184041,0
univ3-full-range-zero-fee,995,10000,1478.0391770327876,-2338.7196820543045,2338.7196820543045,-860.6805050215169,215003.5574550608,81403.87967469741,0.7253649218016711,10949,7882,307186.8998800695,0.14954560903370506,0.305518314343189,114.9545609033705,8699.090090151463,75.38367126263556,0
univ3-full-range-zero-fee,996,10000,618.4660443686464,-1466.3086281087778,1466.3086281087778,-847.8425837401314,125169.67725130003,82234.17688980194,0.6035069973489693,7611,7632,252799.29542433054,0.0657598681493431,0.4223753381634847,106.57598681493431,9382.977358775648,87.21507112732313,0
univ3-full-range-zero-fee,997,10000,267.88334817678935,-327.74421766367135,327.74421766367135,-59.860869486881995,82352.75649238359,36695.41413437422,0.6917599494290222,7224,4002,87102.11062286608,-0.0332182845309697,0.05607325891580189,96.67817154690303,10343.597118579995,107.08728473357351,0
univ3-full-range-zero-fee,998,10000,532.2329387503198,-554.5361929951558,554.5361929951558,-22.303254244836012,149910.2954806875,102184.44561725885,0.5946585590313558,9613,4222,116675.13234172258,0.018680826801250702,0.05766533556200258,101.86808268012507,9816.61813072507,96.25685765340556,0
univ3-full-range-zero-fee,999,10000,566.629146952028,-595.9043679270869,595.9043679270869,-29.275220975058915,102757.66019466547,30697.38871037288,0.7699795626899361,5320,3456,97075.03960387477,0.05283041966235075,0.08963616339482186,105.28304196623507,9498.20618980449,90.08787327790438,0
univ3-conc-c2,0,10000,389.36916917399196,-433.8189978374003,433.8189978374003,-44.44982866340831,133183.77221479433,22949.909488072866,0.8530111553268303,6707,3845,134024.48738410472,0.12962213349524618,0.17030007865930444,112.96221334952462,8782.676610574175,88.19719749066152,0
univ3-conc-c2,1,10000,120.67128192727107,-1593.574123574763,1593.574123574763,-1472.9028416474919,47744.68285921854,10550.159993977526,0.8190206975847589,4012,8008,403476.7391353152,0.801632039542547,0.9191742733360004,180.1632039542547,4277.422448406521,51.02014315808477,0
univ3-conc-c2,2,10000,237.0507236418926,-247.95425894260597,247.95425894260597,-10.903535300713372,111598.59833923903,13240.269201540576,0.8939411301755398,7623,2741,90310.92863415263,0.08023496865587859,0.09510756147578761,108.02349686558786,9228.598068423753,92.60684722629529,0
univ3-conc-c2,3,10000,161.23483490614194,-612.0116558154339,612.0116558154339,-450.7768209092919,73256.35645934245,8704.43974403988,0.8937975209215859,5784,6688,247540.52207413202,0.04942323290548458,0.19921404276383953,104.94232329054846,9517.687203992886,95.23520454777344,0
univ3-conc-c2,4,10000,269.4334478962001,-309.83009820860576,309.83009820860576,-40.396650312405654,89263.91761975443,13020.369244615005,0.8727041108290639,4416,3151,103509.87636792519,0.0020297497425464427,0.07586470517599068,100.20297497425464,9979.723440383135,99.79690512669549,0
univ3-conc-c2,5,10000,330.8243440986975,-680.399809949413,680.399809949413,-349.5754658507155,127462.39264394013,18881.504349309842,0.8709785325029253,8668,6444,235488.08775610998,0.11213557861714435,0.37458720726552486,111.21355786171443,8938.179904241513,89.6630303027163,0
univ3-conc-c2,6,10000,241.62304325935975,-770.3750548606711,770.3750548606711,-528.7520116013113,118264.70574733616,11435.3184013937,0.9118325653642086,9048,6993,281443.42257696897,-0.1170872897199277,0.14011031868064536,88.29127102800723,11243.684896310275,112.87745809577848,0
univ3-conc-c2,7,10000,390.14400839738107,-390.89161977092266,390.89161977092266,-0.7476113735415879,125433.65973393533,31540.583302921834,0.799071601221124,5774,2343,99556.15777494205,0.004413088476060807,0.05693470958202994,100.44130884760608,9955.966683076762,99.57023518258744,0
univ3-conc-c2,8,10000,892.2686276923064,-3052.656027070094,3052.656027070094,-2160.3873993777875,232393.88502295024,47644.08541456832,0.8298656237933328,9769,8476,581875.5333301061,-0.15942896045605637,0.3086015650824143,84.05710395439436,11732.38963198325,118.34002263650147,0
univ3-conc-c2,9,10000,480.5496916538355,-2661.148967192539,2661.148967192539,-2180.5992755387038,170022.54909687128,35124.60743596927,0.8287833571295616,9193,8376,555660.6977760171,-0.38782585592247776,0.4547714444328412,61.21741440775222,14811.237793376606,153.7840946317001,0
univ3-conc-c2,10,10000,408.6608025147793,-411.91316213726697,411.91316213726697,-3.2523596224876883,142414.20026439012,12821.668572799004,0.9174052448777393,7538,2737,111171.31175043312,-0.014704357321861181,0.060395254798068836,98.52956426781388,10148.133202684678,101.48687291166948,0
univ3-conc-c2,11,10000,485.71110360260286,-2165.7931159341874,2165.7931159341874,-1680.0820123315846,128137.86455294148,18554.672999452574,0.8735131772274004,6171,8207,513782.3307606823,0.04894092907160157,0.48781724107931396,104.89409290716016,9522.281602697072,95.23554058680836,0
univ3-conc-c2,12,10000,1009.2388917710355,-1014.5853747314843,1014.5853747314843,-5.346482960448839,273802.7333189225,28985.88116255381,0.9042702407678309,11625,4171,206480.5365568122,-0.017598002116414477,0.09089931872102511,98.24019978835855,10177.543044573087,101.37104955938125,0
univ3-conc-c2,13,10000,629.4684246598945,-645.6890286094258,645.6890286094258,-16.220603949531323,227401.46040314896,59757.585793234866,0.791900737292575,10527,4063,176769.15317789136,-0.0035023809281609884,0.05709799097916914,99.6497619071839,10035.085979826716,100.44654210855664,0
univ3-conc-c2,14,10000,302.0229434258686,-2074.9767847723388,2074.9767847723388,-1772.9538413464702,102717.44685879655,31775.44336244663,0.7637388615102594,6672,8186,451075.001600127,0.5266534625841973,0.8976572748592782,152.66534625841973,5831.233542265845,62.80895993167865,0
univ3-conc-c2,15,10000,494.8534699239203,-581.2835667347841,581.2835667347841,-86.43009681086386,160462.37978485497,45276.44256646183,0.7799324305981086,7378,4722,171901.93435361458,0.07498529418300805,0.12068297738563573,107.4985294183008,9277.246078023938,92.84026173414608,0
univ3-conc-c2,16,10000,1287.4170796496398,-3025.347398068015,3025.347398068015,-1737.9303184183752,214682.7953452027,42057.50605469541,0.8361865829970079,9468,8256,505660.2871315199,1.4602154168450057,1.539844928248564,246.02154168450056,1560.038915609252,33.40793782367383,0
univ3-conc-c2,17,10000,226.2893748734333,-1199.5619218828751,1199.5619218828751,-973.2725470094418,109937.79343727483,11846.974140924216,0.9027220367824969,8734,7628,370871.6072278764,-0.30377468129901575,0.3871074569515283,69.62253187009843,13581.785512910741,139.045628647001,0
univ3-conc-c2,18,10000,1021.6989597175748,-1051.7398709208874,1051.7398709208874,-30.04091120331259,256250.42748615527,18503.932114834213,0.9326528170773833,10252,4410,211132.5041804548,0.06546511283363529,0.0891175296373514,106.54651128336353,9366.099143214466,93.76140412178559,0
univ3-conc-c2,19,10000,284.1521945530268,-523.2645077953641,523.2645077953641,-239.11231324233734,122088.91193199212,13613.572683289021,0.8996807411309842,10240,5812,204309.0690061552,-0.11314279674218142,0.2473175034487842,88.68572032578186,11199.274668324088,112.35294496405139,0
univ3-conc-c2,20,10000,370.85182126851515,-795.7074684264771,795.7074684264771,-424.855647157962,143050.00589891404,43386.77780824395,0.7672842400221144,8228,6744,261052.07837795862,0.039459726085723616,0.33592368710233445,103.94597260857236,9613.03829219837,96.08783510341532,0
univ3-conc-c2,21,10000,759.5040941624909,-3149.7800626592193,3149.7800626592193,-2390.2759684967286,202759.67350854914,38798.926896326506,0.8393808921259862,8997,8488,599748.1056970354,0.44952167399969967,0.7633266551411103,144.95216739996997,6329.73155993763,66.664639588171,0
univ3-conc-c2,22,10000,588.0358813982938,-3209.360750896152,3209.360750896152,-2621.324869497858,132375.0611530531,18586.53302722689,0.8768790623326973,7384,8528,619619.4353627963,0.6280339878296488,0.8760797887934467,162.80339878296488,5220.524509791725,57.98358028671422,0
univ3-conc-c2,23,10000,636.0449403354969,-3530.094673489331,3530.094673489331,-2894.049733153834,182640.58801573853,19559.70811338819,0.9032656801803237,7846,8623,709800.4992256209,-0.4373285247442902,0.6724393869156969,56.267147525570984,15597.220635294929,163.8063401131231,0
univ3-conc-c2,24,10000,365.5315268792766,-3300.1462626509033,3300.1462626509033,-2934.614735771627,173800.11712112976,35982.294708444766,0.8284780197032129,10774,8585,706079.4148908962,-0.508616204090535,0.5822726531580572,49.138379590946506,16820.772544019852,179.83882562108087,0
univ3-conc-c2,25,10000,429.5223263834723,-1567.1265165520704,1567.1265165520704,-1137.604190168598,153596.22267947436,29489.53728672562,0.8389304701131876,8841,7770,406254.84800692083,0.0943849034232683,0.32680770580724017,109.43849034232683,9098.687662748507,91.09577641654727,0
univ3-conc-c2,26,10000,549.5194774416235,-2507.9353544630644,2507.9353544630644,-1958.4158770214408,167511.16885639564,9348.935527533904,0.9471393757224119,10140,8344,490686.30931386235,0.8600573677757214,0.8741741536392084,186.00573677757214,3985.7667495273004,48.704627688688795,0
univ3-conc-c2,27,10000,200.40897892421117,-2530.132029513249,2530.132029513249,-2329.723050589038,80335.7903739158,17403.118858142025,0.8219427759642534,4911,8339,552050.6529548878,0.17938046898901747,0.34738823727645607,117.93804689890175,8353.842815178037,84.40924722637783,0
univ3-conc-c2,28,10000,189.2047235229656,-1890.0896876620018,1890.0896876620018,-1700.8849641390361,91378.42301373035,14762.289799894223,0.8609177439215456,4858,8139,548952.9173363749,-0.6048686459861847,0.7269407660973024,39.51313540138153,18671.204992689614,205.51212060341794,0
univ3-conc-c2,29,10000,503.03955744490287,-560.9474332705497,560.9474332705497,-57.90787582564684,152460.2832583144,25914.271676490112,0.854719908419888,7906,4389,153759.02986200294,0.15500531779664142,0.2680642290891411,115.50053177966414,8561.441511558489,86.58439095986556,0
univ3-conc-c2,30,10000,398.1712948053528,-1429.8225380478589,1429.8225380478589,-1031.651243242506,123091.3359982921,8714.711115092443,0.933882311882127,7150,7722,369117.9298915744,0.7696649131270172,0.8837004280477885,176.96649131270172,4442.2087185197925,52.14392420479111,0
univ3-conc-c2,31,10000,528.9895549975644,-1076.2377011345002,1076.2377011345002,-547.2481461369358,186273.79529161836,42730.872628709076,0.8134061064485573,10278,7112,310546.2596757142,-0.0989032956868158,0.24564539620861298,90.10967043131842,11040.488665830608,110.67588266666739,0
univ3-conc-c2,32,10000,233.9159504549638,-1727.7788924305526,1727.7788924305526,-1493.8629419755887,110833.07147979329,15019.980134718076,0.8806546210677166,7817,8047,488145.3601030048,-0.36997334536396165,0.5953993658401194,63.00266546360383,14539.495891003582,150.5462407016785,0
univ3-conc-c2,33,10000,310.57386672291483,-614.4631016863223,614.4631016863223,-303.88923496340743,102519.39657305427,14721.18453911703,0.8744361005424192,7535,6120,199751.13585195626,0.4795803891084253,0.6977227758788825,147.95803891084253,6131.775746824874,65.08150843612081,0
univ3-conc-c2,34,10000,420.301142762897,-602.7879730082116,602.7879730082116,-182.4868302453146,156907.1251527706,20275.440253847737,0.8855675206682023,8746,5691,205896.41078279322,-0.011323201946235883,0.21674781805704157,98.86767980537641,10113.87746882331,101.14182694135982,0
univ3-conc-c2,35,10000,347.9362973000091,-2037.6579980989338,2037.6579980989338,-1689.7217007989248,136720.52574149094,23140.014893105857,0.8552487386740519,11462,8135,448275.5853741223,0.8715540366555132,1.0802233143016016,187.15540366555132,3929.7735469395407,48.53289564999783,0
univ3-conc-c2,36,10000,440.9685279411308,-501.1893395832208,501.1893395832208,-60.220811642089984,190749.52760247103,24861.94430350209,0.8846909949469468,11695,4585,168495.6339225533,0.06834727207073726,0.10448211708150737,106.83472720707373,9339.113365422118,93.57010798548743,0
univ3-conc-c2,37,10000,194.22319576787248,-1223.3811755264542,1223.3811755264542,-1029.1579797585816,84723.94577418397,19716.22233801739,0.8112199291288386,5748,7626,375447.8593757951,-0.17948798077585906,0.2438349344783356,82.0512019224141,11971.844969486501,120.57881934574904,0
univ3-conc-c2,38,10000,298.36913145239157,-680.840676174178,680.840676174178,-382.4715447217865,84591.60818075898,4155.4329693816335,0.9531766590127602,4294,6486,231813.76451954604,0.35714482590176827,0.4792532044379149,135.71448259017683,6969.691512324484,71.98237568592819,0
univ3-conc-c2,39,10000,387.49442938747546,-1045.2177669052196,1045.2177669052196,-657.7233375177441,142568.29606319562,20565.06297231316,0.8739371083026812,8850,7307,312054.0956279098,0.5020770766227369,0.71986782339022,150.2077076622737,5986.732882060897,63.832420655588194,0
univ3-conc-c2,40,10000,282.8670597725945,-307.6360265384829,307.6360265384829,-24.768966765888422,106518.18918007065,28505.90578528297,0.788882822783612,5763,2987,99719.08472210124,-0.03796899296613944,0.08568258022167058,96.20310070338606,10387.038221609519,103.824823994845,0
univ3-conc-c2,41,10000,363.0305349560214,-1407.0487377553561,1407.0487377553561,-1044.0182027993346,184643.18852584393,44139.27732513395,0.8070687927898943,11183,7787,427604.4402116611,-0.1977415539387856,0.5258134212814763,80.22584460612144,12194.380627247067,123.15711283826744,0
univ3-conc-c2,42,10000,374.2808792773057,-518.1368419265895,518.1368419265895,-143.85596264928375,126199.13890396866,19454.348831786323,0.8664340337178849,6008,5186,181821.10185166544,-0.2589954256990714,0.26016484232945375,74.10045743009286,12975.2499295704,131.86361333046014,0
univ3-conc-c2,43,10000,830.2716201621278,-1519.6389078614707,1519.6389078614707,-689.3672876993429,227097.22071891167,41155.33873174592,0.8465798842105139,9452,7473,380330.698782318,-0.04394665221862184,0.2769675501731058,95.60533477813782,10449.34106667787,104.65399671555824,0
univ3-conc-c2,44,10000,286.91192029640644,-1514.2367445399614,1514.2367445399614,-1227.324824243555,93676.90055487004,15912.680343996326,0.8547975070852659,4204,7844,426194.2547157085,-0.5960211557010165,0.62960017525209,40.39788442989834,18490.524433463346,202.93007228776162,0
univ3-conc-c2,45,10000,510.65772818970373,-521.532073323741,521.532073323741,-10.874345134037242,191881.5388043086,14973.234361695062,0.9276147505202655,11019,3605,146522.95059755942,-0.020981340269202634,0.09142997408512671,97.90186597307974,10212.038606608083,102.2127090536692,0
univ3-conc-c2,46,10000,968.7060874116567,-1087.8769646204378,1087.8769646204378,-119.17087720878112,263299.6590287142,32975.958641602316,0.8886983718035933,11103,5756,250727.37112226058,-0.027154818470830976,0.14223689274244974,97.2845181529169,10275.286772930485,102.77217781739873,0
univ3-conc-c2,47,10000,720.4516536533525,-814.7643472104025,814.7643472104025,-94.31269355705001,195510.06509867747,41809.81380354724,0.8238250668382787,8381,5067,198118.8078389434,0.24072694350983226,0.3168718122324083,124.07269435098323,7851.354312273782,79.6674381363814,0
univ3-conc-c2,48,10000,411.98725185834974,-843.4491122456272,843.4491122456272,-431.4618603872775,122776.5899830423,19434.731216562355,0.8633390713719324,6508,6811,261867.44707307123,0.3888005226107893,0.39939990235469397,138.88005226107893,6744.815528155945,70.09697829734397,0
univ3-conc-c2,49,10000,260.73717956293297,-448.7263733774834,448.7263733774834,-187.98919381455045,139900.60673174204,26979.25204060404,0.8383312867168197,10834,5708,190647.5576783789,-0.221306680763293,0.2236340982034794,77.8693319236707,12488.425287634265,126.28308410483056,0
univ3-conc-c2,50,10000,420.5521422252866,-2430.712081409406,2430.712081409406,-2010.1599391841194,101519.11510822143,21794.550377476204,0.8232592446941412,4306,8303,534173.7471235624,0.0269456506199694,0.29997180301728366,102.69456506199694,9734.12624585938,97.35866611043825,0
univ3-conc-c2,51,10000,358.0772773717787,-911.2506515107652,911.2506515107652,-553.1733741389866,122228.55342548007,24390.54225289559,0.8336468920364999,5866,7046,307747.26955696003,-0.15188353805651858,0.3077553142573599,84.81164619434814,11643.660831806914,117.11257224741712,0
univ3-conc-c2,52,10000,432.9861757862959,-1567.7079266905305,1567.7079266905305,-1134.7217509042346,127550.96711944371,12760.238200350448,0.9090575968521716,5995,7826,423186.1787401889,-0.2159032689165039,0.4184262319049419,78.40967310834961,12420.315170468022,125.65909739566708,0
univ3-conc-c2,53,10000,403.7378364028371,-1343.905441079172,1343.905441079172,-940.167604676335,112062.103743179,23800.03495034022,0.8248221676825737,6327,7643,332753.290653677,1.095985276897777,1.1364736942604845,209.59852768977768,2920.0038922312024,41.85639581894704,0
univ3-conc-c2,54,10000,204.5061130664067,-809.7290102789726,809.7290102789726,-605.222897212566,68935.04766840664,7627.788941191635,0.9003721742953894,5503,7007,266614.9991652642,0.8139915841201466,0.9023576818192981,181.39915841201466,4214.714299627185,50.51369382026857,0
univ3-conc-c2,55,10000,634.2883317538647,-1161.5509357881065,1161.5509357881065,-527.2626040342418,199470.2261854529,49666.776044402446,0.8006447231849584,10580,7183,302670.501410062,0.5650029296060646,0.6352887433241556,156.50029296060646,5594.542262238218,60.546112460192404,0
univ3-conc-c2,56,10000,297.82963653771355,-2374.878371462742,2374.878371462742,-2077.0487349250284,90390.56411782156,16248.169366509257,0.8476335114304717,5165,8331,539843.4121696061,-0.34400101625646057,0.3827968833448203,65.59989837435394,14154.620834964026,146.04832612510074,0
univ3-conc-c2,57,10000,424.1586353771368,-1710.69335123127,1710.69335123127,-1286.5347158541333,144327.72645260705,16700.220141599377,0.896289926718843,8903,7877,416537.3805493314,0.2738256268790249,0.4954653172328506,127.38256268790249,7591.5043703454385,77.67038526056504,0
univ3-conc-c2,58,10000,576.4088985642666,-1181.619750206774,1181.619750206774,-605.2108516425074,166752.39451039123,48647.066154469154,0.7741541877388494,7813,7253,312228.28834087006,0.35274593997848624,0.650321551757022,135.27459399784863,7001.419405905843,72.28276224227757,0
univ3-conc-c2,59,10000,573.022810152847,-580.2500302546597,580.2500302546597,-7.227220101812691,146223.44289795877,12652.259955711366,0.9203637829544992,5892,2687,123321.17083859985,0.023330940854703785,0.09648605542171423,102.33309408547038,9769.38133554226,97.70721160064947,0
univ3-conc-c2,60,10000,272.9946051883328,-2395.8696178223026,2395.8696178223026,-2122.87501263397,135099.09606844222,24805.43027516077,0.8448734951888802,11112,8382,527781.9678135518,0.07879032260819742,0.5937122758303963,107.87903226081974,9241.961303720385,92.56558696223887,0
univ3-conc-c2,61,10000,239.4255113100192,-528.3529750617938,528.3529750617938,-288.9274637517746,99489.98544892092,12088.049609671394,0.8916628205244548,6228,6098,211675.22843766052,-0.03813798726148065,0.15177898511849405,96.18620127385194,10388.794533150407,103.92595555353815,0
univ3-conc-c2,62,10000,227.34104602247368,-368.120765274663,368.120765274663,-140.7797192521893,99410.86330474466,11028.705579907873,0.9001380964151834,6561,4986,160731.69568421048,-0.2929984815054732,0.306756243898659,70.70015184945268,13432.913866049665,137.42372466016568,0
univ3-conc-c2,63,10000,790.8524255943529,-893.0096346481832,893.0096346481832,-102.15720905383034,247809.82651206388,28736.46760005849,0.8960880394643522,11422,5495,231835.51028043387,0.00976343541857517,0.14822559657277595,100.97634354185752,9902.840794189859,98.96920325179053,0
univ3-conc-c2,64,10000,560.8768986445181,-2522.393862050867,2522.393862050867,-1961.516963406349,167494.12459128353,46969.58271978169,0.7809905307117746,9119,8321,511582.61928255495,0.32252933835188885,0.7804669719405587,132.25293383518888,7222.610329579474,74.15403615226887,0
univ3-conc-c2,65,10000,123.84240959505519,-133.04695082131184,133.04695082131184,-9.204541226256651,51495.19725893014,2218.165922024231,0.9587036485771432,4326,1527,45358.456862288906,-0.02679385418762408,0.0793881564370659,97.32061458123759,10271.577201659411,102.73393851923394,0
univ3-conc-c2,66,10000,339.3602679429009,-389.70980320545897,389.70980320545897,-50.34953526255805,93208.63479812884,19364.423049057114,0.8279835031633976,4078,3452,112924.1371351018,0.040625588714103315,0.14730578211776035,104.06255887141033,9601.832510070913,94.85584061218105,0
univ3-conc-c2,67,10000,210.40170922015918,-1850.5733397607814,1850.5733397607814,-1640.1716305406223,87816.5291599348,20598.267925699995,0.8100050133430604,5931,8125,441163.4928278981,0.3501570507806923,0.6520728873297906,135.01570507806923,7020.147704498504,72.42108641022617,0
univ3-conc-c2,68,10000,249.81382903242923,-2020.570144946688,2020.570144946688,-1770.7563159142587,121015.50801163782,20534.1154477185,0.8549334505745646,11381,8182,462277.4344601243,0.6167005896812853,0.649560922188777,161.67005896812853,5286.446775565925,58.40932061697143,0
univ3-conc-c2,69,10000,478.65757903721226,-1431.4806064042118,1431.4806064042118,-952.8230273669996,111679.35539549895,16647.275496437695,0.8702741949918696,5490,7654,391395.5974151058,-0.27815255694864577,0.3455170733508078,72.18474430513542,13230.872154381326,134.91793217780622,0
univ3-conc-c2,70,10000,382.3320642879572,-401.6483474618709,401.6483474618709,-19.31628317391369,133253.26471416268,18973.726114290665,0.8753589885011102,8067,3224,113766.4456364215,0.054661847168733145,0.08568734788105786,105.46618471687331,9467.92444774945,94.92072900346442,0
univ3-conc-c2,71,10000,273.10845933790944,-726.5329591846287,726.5329591846287,-453.42449984671924,110464.49431180088,18239.59284472697,0.8582827224240029,7782,6826,252107.57568494594,0.4172373217318309,0.5298560650552392,141.7237321731831,6547.827969480837,68.45710391780875,0
univ3-conc-c2,72,10000,127.65037713394972,-260.27429530213277,260.27429530213277,-132.62391816818305,72810.17683288688,12761.652440511682,0.850866195699303,6680,4686,131413.0166827524,0.0381379506395615,0.2070534482328844,103.81379506395615,9625.757580910513,96.37060832147118,0
univ3-conc-c2,73,10000,104.7001466135456,-693.685399664357,693.685399664357,-588.9852530508114,51724.95295608384,7718.164856133164,0.8701588150117708,4416,6979,262984.25539149693,-0.006747589604302107,0.5092992338422431,99.32524103956979,10067.704880770494,100.67828776070691,0
univ3-conc-c2,74,10000,483.9551220111293,-504.4932555068142,504.4932555068142,-20.538133495684917,177607.02444237514,44021.40775758683,0.8013729225956489,9189,3764,144972.56300697516,0.042159569189176696,0.10988599688608318,104.21595691891767,9587.108749506819,95.90659946873016,0
univ3-conc-c2,75,10000,239.42161167852092,-2479.157665902988,2479.157665902988,-2239.736054224467,128414.08679546318,20901.68664889515,0.8600168879232037,11186,8357,566089.7031311851,0.09308957532631794,0.5942605644025108,109.3089575326318,9110.507178800313,91.22287163918266,0
univ3-conc-c2,76,10000,218.6542120623032,-760.3730845662798,760.3730845662798,-541.7188725039766,75468.51887372279,7832.12640071194,0.9059776022753613,4432,6845,277399.96582622227,-0.21744783742116197,0.24197425161945163,78.2552162578838,12439.742125647152,125.84233488930936,0
univ3-conc-c2,77,10000,248.8223847245388,-349.32582491338485,349.32582491338485,-100.50344018884604,83227.6060719424,11965.244537474422,0.8743052187126038,4318,4359,133347.84567080947,0.04623009342386595,0.07948937473856348,104.6230093423866,9548.144325892395,95.62363522688833,0
univ3-conc-c2,78,10000,221.63350306906023,-1209.9359958903044,1209.9359958903044,-988.3024928212442,107445.96256384758,27886.941838411145,0.7939382003099484,9404,7644,363925.0933742246,0.17227336129215273,0.24462352406172058,117.22733612921527,8413.891743191889,84.69556416044391,0
univ3-conc-c2,79,10000,205.65791513056078,-207.23696240399826,207.23696240399826,-1.5790472734374816,124121.54068423771,18659.72969674148,0.8693124830241932,11289,2540,81185.44281249239,-0.016375521633604534,0.06253694683579156,98.36244783663955,10165.107797395995,102.00281131785363,0
univ3-conc-c2,80,10000,175.37791014503117,-1503.7362356869276,1503.7362356869276,-1328.3583255418964,77802.15402757423,13998.934101190378,0.84750797200187,5101,7912,440451.48812828894,-0.12043646318867446,0.5491402822448144,87.95635368113255,11281.538698199029,113.19352804042104,0
univ3-conc-c2,81,10000,148.21827614701758,-925.4295083429212,925.4295083429212,-777.2112321959036,69617.36539369258,13449.085440387395,0.8380924512201551,5483,7264,308842.33152534574,0.32496073828558225,0.522723521004404,132.49607382855822,7204.59916530547,74.05978472305385,0
univ3-conc-c2,82,10000,365.9842268778962,-1500.4264651314206,1500.4264651314206,-1134.4422382535245,138631.49349450582,27811.65193523898,0.8329059940351933,7183,7811,447744.8902649499,-0.332642066809548,0.6205533779475093,66.7357933190452,13990.065391192915,143.70313277411483,0
univ3-conc-c2,83,10000,230.50215771458227,-647.0824532658199,647.0824532658199,-416.58029555123767,90443.91623219657,23033.46980500471,0.7970214982088708,5585,6517,243819.77413810854,0.09435018651878152,0.18083927590542728,109.43501865187815,9099.004029372085,91.19295798900148,0
univ3-conc-c2,84,10000,402.3689691187355,-1232.792648954025,1232.792648954025,-830.4236798352895,177670.86874123913,44040.170161700655,0.8013623030246118,9807,7521,386276.8414117918,-0.3132457882201824,0.45306736621632415,68.67542117798176,13714.197870841319,140.58364303972618,0
univ3-conc-c2,85,10000,308.676920644237,-780.247269706649,780.247269706649,-471.57034906241205,120865.84784579021,19358.167667135527,0.8619482718682299,7353,6829,274413.3127414318,0.0202010652358085,0.19377380727818833,102.02010652358085,9800.010081049099,98.12149974691745,0
univ3-conc-c2,86,10000,511.97703064815414,-519.1958805977716,519.1958805977716,-7.218849949617493,152475.88628457938,3277.0390255947573,0.9789600161982915,8636,2794,118318.81775762164,0.007529204778132055,0.09515223649709384,100.7529204778132,9924.990893945438,99.3576510960261,0
univ3-conc-c2,87,10000,855.1705653124636,-2444.2517976485206,2444.2517976485206,-1589.081232336057,240262.68052442934,57610.17834798244,0.8065947378822497,10756,8261,494083.94216078374,0.5598919229594066,0.7655402910049787,155.98919229594065,5625.677633130484,60.98923060627165,0
univ3-conc-c2,88,10000,587.3333243496104,-1633.3460368249052,1633.3460368249052,-1046.0127124752948,161406.55812730183,27560.60182223119,0.854151367731876,7250,7891,405855.37826012983,-0.3246837224615005,0.39163304249296316,67.53162775384995,13876.10338257707,144.27266168576583,0
univ3-conc-c2,89,10000,115.91142189626186,-240.85002814308731,240.85002814308731,-124.93860624682546,68901.06764957921,14603.035582453696,0.825121939913824,5986,4642,125185.59836689352,0.1978909384672704,0.34999604868318557,119.78909384672704,8199.268540202302,82.74322143651109,0
univ3-conc-c2,90,10000,921.0515196369947,-948.1197325937608,948.1197325937608,-27.068212956766047,262504.99214059394,55427.96466642173,0.825661468936464,11199,4597,206553.81802311155,0.11903014442045588,0.2125224848801551,111.90301444204559,8876.561995323309,89.13127481907044,0
univ3-conc-c2,91,10000,147.02257327769047,-1135.556209952026,1135.556209952026,-988.5336366743354,62852.76635580254,8207.938041814228,0.884493995501549,4755,7567,340569.27607367263,0.10191832292954572,0.6611181959601953,110.19183229295457,9030.236577342028,90.47500892590769,0
univ3-conc-c2,92,10000,268.59587657563884,-1631.456931859006,1631.456931859006,-1362.8610552833673,111995.43078677227,15075.747517799395,0.8813598195991781,9107,7990,417548.9321645593,0.9356963288799514,0.9619161660577311,193.56963288799514,3625.424777208191,46.34894965051198,0
univ3-conc-c2,93,10000,609.5171686082826,-697.5113934204063,697.5113934204063,-87.99422481212366,216555.03115925123,66611.15584408127,0.7647630299754069,10717,5264,201975.09370044692,-0.08120351666740092,0.1811676824161144,91.87964833325991,10846.402014483505,108.74972911151411,0
univ3-conc-c2,94,10000,344.2852417436243,-494.99667331749396,494.99667331749396,-150.71143157386967,140994.5053572312,16507.051933103514,0.8951943573314974,8759,5474,186788.6775139944,0.14348031749950238,0.14517759326040888,114.34803174995024,8661.2419304676,86.87945885007937,0
univ3-conc-c2,95,10000,705.0937018671448,-1051.0739804604914,1051.0739804604914,-345.9802785933466,206232.41922704864,44013.784726432285,0.8241180723979568,9228,6738,281368.94354977115,0.19334862075270678,0.3770611721042897,119.33486207527068,8236.958432600704,82.82845130071455,0
univ3-conc-c2,96,10000,266.3053646018566,-1836.535031015258,1836.535031015258,-1570.2296664134014,108960.83878083006,16868.924443866963,0.8659385187450146,7078,8124,460867.7096814654,-0.018284275794488138,0.5321388798769107,98.17157242055119,10184.530545260837,101.89845176990846,0
univ3-conc-c2,97,10000,224.58625031778536,-281.4156093897262,281.4156093897262,-56.82935907194087,83099.63542410352,14085.576947120646,0.8550646070174017,4648,3601,105438.75603777343,0.2928281547117109,0.361913666479812,129.2828154711711,7445.709657341157,76.02099851722808,0
univ3-conc-c2,98,10000,392.97708674620674,-736.1030830393174,736.1030830393174,-343.1259962931107,158493.04788005594,32176.965469265724,0.831242653713381,9179,6560,258547.92034368677,-0.1424403236179441,0.1851876467333004,85.75596763820559,11533.631527485702,115.97815055388776,0
univ3-conc-c2,99,10000,396.5527339322932,-1250.9466268979209,1250.9466268979209,-854.3938929656276,102006.55124313792,28344.090589769326,0.7825550362375445,4996,7537,322881.2585790734,0.6562162843062685,0.9139654112340971,165.62162843062686,5059.037197468412,56.70140573344945,0
univ3-conc-c2,100,10000,771.7391235262045,-1155.7763909511216,1155.7763909511216,-384.0372674249171,234290.20947781537,39687.08865823994,0.8551446089575948,10989,6937,302032.65393057925,-0.038767775935772734,0.347235222527238,96.12322240642273,10395.342063036138,104.02738870828291,0
univ3-conc-c2,101,10000,755.6127352826408,-807.5377379044517,807.5377379044517,-51.925002621810904,197692.52538696586,17823.152602994887,0.9172999720056323,8617,4356,180348.57394820434,0.11262070324316965,0.18544515838663883,111.26207032431697,8933.831014961199,90.23761949204535,0
univ3-conc-c2,102,10000,591.0851389423219,-1411.5374004382172,1411.5374004382172,-820.4522614958953,179154.13151861084,41770.28188069053,0.8109295335993745,9312,7524,354027.39437375223,0.5347127465963953,0.9665823510875617,153.47127465963953,5780.897599484988,62.261355572996756,0
univ3-conc-c2,103,10000,286.86793216207644,-1451.649517827696,1451.649517827696,-1164.7815856656196,120871.45315251352,17864.351967623814,0.8712347403602531,9297,7964,374827.8841445762,0.8816698701181107,1.1586824986742987,188.16698701181107,3880.8749747997376,48.18442667012048,0
univ3-conc-c2,104,10000,232.1940798125493,-312.08669719078273,312.08669719078273,-79.89261737823344,85329.54061950835,7102.635133390513,0.9231584123652119,5502,4186,123046.43876211256,0.04747844151659834,0.1807388429146327,104.74784415165983,9536.225875713015,95.58534366048933,0
univ3-conc-c2,105,10000,663.0119269321531,-2343.1463501035614,2343.1463501035614,-1680.1344231714083,211380.2997566068,34867.39035830623,0.85840520842232,9541,8223,526637.105950442,-0.22167546736950597,0.42771511103329857,77.8324532630494,12493.089010359738,126.3446173667896,0
univ3-conc-c2,106,10000,505.82974134849536,-1353.155395196839,1353.155395196839,-847.3256538483436,178568.3114160122,22994.139620574977,0.8859205199067502,10520,7537,382932.7533071048,-0.1987508011295867,0.34856650462015254,80.12491988704133,12206.816222204365,123.2856935857355,0
univ3-conc-c2,107,10000,506.9021861076523,-586.1044797523119,586.1044797523119,-79.20229364465962,101385.89476379404,7084.246433401429,0.9346894329147919,4287,3997,136465.20744099357,-0.11515598137197827,0.20810005061702427,88.48440186280217,11221.91704089098,112.59229413037767,0
univ3-conc-c2,108,10000,267.37004394141917,-402.0387077427014,402.0387077427014,-134.6686638012822,123005.41820603989,21792.641005454298,0.849496318361397,8629,5037,162484.8252054145,0.010297174738120134,0.08854048060775867,101.02971747381201,9897.556361839044,98.97826851090687,0
univ3-conc-c2,109,10000,349.9412166166888,-761.0043734632475,761.0043734632475,-411.0631568465587,145703.16621895263,24867.72921375786,0.8542088370312386,10492,6692,253957.99852993886,0.2610510535443612,0.36738733681817737,126.10510535443612,7690.8930856463,78.35886006302351,0
univ3-conc-c2,110,10000,232.35937822641654,-1746.0121915844263,1746.0121915844263,-1513.6528133580098,83774.43292286314,13805.90979291063,0.8585175107129551,5490,8059,441725.47170400195,0.02974319376061274,0.4545461738551401,102.97431937606127,9706.927260040047,97.06464735191683,0
univ3-conc-c2,111,10000,1114.0554216041899,-1176.009998031911,1176.009998031911,-61.95457642772112,288194.59040977655,34529.416749843964,0.8930063584245048,11724,5140,241794.07732346695,0.1579000871131572,0.2675286800291917,115.79000871131572,8536.542068811254,85.90060301799143,0
univ3-conc-c2,112,10000,229.79169727729973,-2667.405645670114,2667.405645670114,-2437.6139483928146,137561.1976715132,26929.560568136836,0.8362852669880542,11509,8338,635225.8029246673,-0.686390970445596,0.8724968650899022,31.360902955440395,20450.562045257437,231.81134331243595,0
univ3-conc-c2,113,10000,1131.0002303727656,-1718.3320891359315,1718.3320891359315,-587.3318587631659,280590.3578473834,34312.01521312716,0.8910391977054618,11346,7387,378150.9627770502,-0.14208717327922174,0.40047287915868623,85.79128267207783,11529.538610375284,116.02591753715777,0
univ3-conc-c2,114,10000,756.1043182604733,-786.839360973189,786.839360973189,-30.735042712715654,177407.1018798615,8362.15722386761,0.9549863240871388,7706,3872,162857.26692006722,0.05476471514162995,0.10761342275181832,105.476471514163,9466.949836493544,94.79567510274329,0
univ3-conc-c2,115,10000,266.05566872990846,-693.0486894351556,693.0486894351556,-426.9930207052471,119081.64672823576,14167.094564753712,0.8936793366505213,7625,6702,268836.9667078833,-0.3747197848160168,0.48303406963586865,62.52802151839832,14611.161007928085,151.57175636232085,0
univ3-conc-c2,116,10000,1214.1602262057336,-2814.9344408880015,2814.9344408880015,-1600.774214682268,272460.9550900918,41609.01434811993,0.8675167370425532,11098,8203,517875.35280078877,0.12169818128651017,0.6855527598662087,112.16981812865102,8852.824926559666,88.85658903404455,0
univ3-conc-c2,117,10000,377.6565750635381,-3297.7013637253376,3297.7013637253376,-2920.0447886617994,183354.79920192063,32800.67976419515,0.8482542292192513,10212,8643,755889.4666040125,-0.663130754138262,0.8774551480962935,33.6869245861738,19920.743825332487,223.81651361137108,0
univ3-conc-c2,118,10000,679.8028393253212,-683.3549344183239,683.3549344183239,-3.552095093002663,195109.59599322258,32726.541936633883,0.8563593017596298,8145,3217,152909.95235694712,0.03018474515196601,0.08858566771410238,103.0184745151966,9702.641040361348,97.05795474736756,0
univ3-conc-c2,119,10000,266.35055913573285,-1347.6028640044128,1347.6028640044128,-1081.2523048686799,153617.97147308514,27334.049103923888,0.8489431120096769,11574,7720,437758.7284478754,-0.673495273111927,0.686461663103897,32.6504726888073,20154.53033267086,228.41773225218557,0
univ3-conc-c2,120,10000,129.9047505147737,-509.7210862833865,509.7210862833865,-379.8163357686128,63173.32822434148,7192.93120494732,0.8977786901949008,4595,6270,224733.45677547748,-0.09223463968645376,0.18789839297136296,90.77653603135462,10966.940455242637,108.22252911637716,0
univ3-conc-c2,121,10000,359.40716449638376,-2550.1401930839556,2550.1401930839556,-2190.733028587572,153289.884540869,13429.730627231122,0.9194472071346242,11079,8430,555779.8075350883,0.21787390750643965,0.4937027979850339,121.78739075064397,8035.294694422683,81.2835534671967,0
univ3-conc-c2,122,10000,232.41975758242015,-2107.069578730675,2107.069578730675,-1874.649821148255,112375.4049050781,31734.945002286324,0.7797871907001415,6743,8330,570624.7048259971,-0.43193446603868474,0.6828558382307247,56.80655339613153,15509.166684702323,162.68022996178323,0
univ3-conc-c2,123,10000,305.1364915451217,-1746.2129512448168,1746.2129512448168,-1441.076459699695,142703.7168224544,28372.143864419493,0.8341546039838431,8554,8058,504820.28478149814,-0.5894549162099788,0.6347879272849473,41.054508379002115,18357.8966842034,201.07660064900926,0
univ3-conc-c2,124,10000,892.4110201690244,-2743.2299357301868,2743.2299357301868,-1850.8189155611624,193975.62384674663,42566.83080166447,0.8200457044172709,9657,8319,489258.2781324285,-0.036900467997435696,1.0640513945271066,96.30995320025643,10375.941938557706,103.73932183511346,0
univ3-conc-c2,125,10000,123.4196873234092,-2581.202007441116,2581.202007441116,-2457.782320117707,58709.173172905554,7910.291315899166,0.8812615595667468,4342,8441,580261.5740176371,-0.270037545470948,0.45199263547782714,72.9962454529052,13121.898775669453,133.76052009310555,0
univ3-conc-c2,126,10000,287.9176289824917,-312.2007024607611,312.2007024607611,-24.283073478269387,142421.13774845505,17914.00858579278,0.8882714801129892,10600,3427,114598.14005784817,0.08014377731467462,0.1270098072158875,108.01437773146746,9229.441200632686,92.61125780319949,0
univ3-conc-c2,127,10000,403.8891231278907,-1783.5953442709665,1783.5953442709665,-1379.7062211430757,124861.40447386469,29456.67886703694,0.8091171285353211,7386,8020,410025.7876719173,0.33209918346679274,0.9442390725010416,133.20991834667927,7151.937094044883,73.49070188611262,0
univ3-conc-c2,128,10000,498.06650850360705,-1715.8404119098607,1715.8404119098607,-1217.7739034062536,180478.11767191556,34087.306461278626,0.8411332739233954,10255,7954,440750.1556031134,-0.02452375596556294,0.47742688375984055,97.5476244034437,10248.282940172741,102.4981197144621,0
univ3-conc-c2,129,10000,556.5425651454126,-2495.6388830808087,2495.6388830808087,-1939.0963179353962,187212.22450699797,46369.54508336929,0.8014847427319022,10233,8322,526493.0283468033,-0.16770866199588766,0.6747024698442129,83.22913380041123,11830.593609387184,118.09338011502805,0
univ3-conc-c2,130,10000,914.3055053154602,-1923.16806149523,1923.16806149523,-1008.8625561797697,207621.6005375445,51843.625440919895,0.8001904677383516,9032,7850,408291.241361037,0.46593640196153785,0.5993156803584887,146.59364019615379,6221.032021893634,65.91285074284076,0
univ3-conc-c2,131,10000,215.2681879267982,-1079.0062191165753,1079.0062191165753,-863.7380311897771,97166.07469402663,8469.475289824537,0.9198236266946185,8030,7432,347363.9658259052,0.42793987982526743,0.466941292613123,142.79398798252674,6474.884318332071,67.88717777144794,0
univ3-conc-c2,132,10000,317.66376888879824,-1885.5186387636415,1885.5186387636415,-1567.8548698748432,98921.82225594916,31115.326042970097,0.7607197139432448,5647,8124,432116.63997828984,1.2064414124299814,1.5397158347374895,220.64414124299813,2474.94047131423,38.91995134673968,0
univ3-conc-c2,133,10000,1321.0164340266117,-1643.702167096333,1643.702167096333,-322.6857330697212,229386.85039156213,25989.981069383724,0.8982288999330845,10826,6745,296450.3939315394,-0.022910785436137927,0.26506051081178245,97.70892145638621,10231.76372051539,102.33135517634553,0
univ3-conc-c2,134,10000,286.40455551861993,-403.80956394366586,403.80956394366586,-117.40500842504593,111994.73066151782,17685.060319387656,0.8636251632916985,6992,4779,152838.7269942473,0.004779998228658684,0.11389841790365139,100.47799982286587,9952.314558920923,99.52369914270692,0
univ3-conc-c2,135,10000,271.25210837933867,-2004.5035101456174,2004.5035101456174,-1733.2514017662788,128911.37181259491,30606.73777534004,0.8081300119816932,11095,8196,465485.78786365327,0.3703153486062374,0.534842688147493,137.03153486062374,6875.401269477001,71.09016119825175,0
univ3-conc-c2,136,10000,254.49236310677304,-401.9297948498194,401.9297948498194,-147.43743174304637,116893.98372749427,11988.156316045406,0.906983571874307,8708,5180,166625.7291756822,0.10197909781455508,0.13300263537283472,110.19790978145551,9029.686417276223,90.45156927075406,0
univ3-conc-c2,137,10000,387.5433381608733,-486.08153037508833,486.08153037508833,-98.53819221421503,147928.31430405902,18678.3310906236,0.8878896394175899,8061,4728,166667.57088274174,-0.03925493866599439,0.14554015752223365,96.07450613340056,10400.4091814803,104.0445110828318,0
univ3-conc-c2,138,10000,243.65495742492936,-269.39165471358604,269.39165471358604,-25.73669728865667,120740.8215081362,28933.009661992928,0.8066929306492745,8419,3275,103723.92001630744,0.04691025851008121,0.07809831459495399,104.69102585100812,9541.648853548098,95.4695741911343,0
univ3-conc-c2,139,10000,477.042312891322,-2585.222036912632,2585.222036912632,-2108.17972402131,158549.17871920715,26793.613822842653,0.8554375195530528,8185,8302,561560.5693923234,-0.17530742830332302,0.3280187295924692,82.4692571696677,11921.50531177642,120.10161621218924,0
univ3-conc-c2,140,10000,376.81486447982667,-746.337673888097,746.337673888097,-369.52280940827035,115098.49377525673,18003.899928216484,0.8647364677127766,7050,6620,228168.75266329024,0.34296329768923384,0.8700158061525218,134.29632976892339,7072.405455625288,72.86601294850834,0
univ3-conc-c2,141,10000,189.51264638723725,-330.1373079370219,330.1373079370219,-140.62466154978463,100117.810330064,13489.993707831713,0.881258212654723,8463,5061,151691.58218526051,0.13989783225425156,0.228487232599704,113.98978322542516,8692.483325376019,87.3522119895297,0
univ3-conc-c2,142,10000,771.6865336803166,-857.5262848472814,857.5262848472814,-85.83975116696479,210384.2999591636,29116.48212321849,0.8784284465793387,8991,5013,204846.27642554598,-0.11596461224731598,0.18090155396230728,88.4035387752684,11231.02586056502,113.27656322645666,0
univ3-conc-c2,143,10000,189.9110969787837,-2002.7303427807053,2002.7303427807053,-1812.8192458019216,113385.75231991857,25212.55792737862,0.8180889948629781,10039,8153,507828.7061886256,-0.329749408512794,0.6460091821917535,67.0250591487206,13948.517654188314,143.38365960936963,0
univ3-conc-c2,144,10000,558.9399912452219,-1801.310125996198,1801.310125996198,-1242.370134750976,133579.50611103998,26116.216359365924,0.8364626431105212,7610,7886,399870.66993912123,0.6826383067841707,1.0730222214245657,168.26383067841707,4910.718357779926,55.61645980707202,0
univ3-conc-c2,145,10000,367.1655186390314,-1369.6963874410674,1369.6963874410674,-1002.5308688020359,132186.65493028736,23525.389496774107,0.8489173423717146,8385,7660,392121.2781091952,-0.13820469335527819,0.33748549279465706,86.17953066447218,11484.641877479793,115.22724517525236,0
univ3-conc-c2,146,10000,505.91498738594623,-2539.161528725384,2539.161528725384,-2033.2465413394377,177647.77170962116,55934.25240490433,0.760536999296317,9385,8356,534435.7179105019,-0.0782080448428951,0.573256475624029,92.17919551571049,10813.909061775683,108.39662639911074,0
univ3-conc-c2,147,10000,529.7080023450053,-658.7344845356284,658.7344845356284,-129.02648219062314,149158.12012328554,20553.85048684059,0.8788898012736044,6395,5137,191183.80003066617,0.0532674461964929,0.14352175820288038,105.32674461964929,9481.145366082077,94.86693306153195,0
univ3-conc-c2,148,10000,701.1937943350756,-3203.461814891366,3203.461814891366,-2502.26802055629,197051.32029415888,9498.597900027644,0.9540130638488193,8085,8551,711617.0846273254,-0.7439746655846704,0.893393148801745,25.602533441532955,21846.620900072572,253.78965492734454,0
univ3-conc-c2,149,10000,251.90767930301172,-397.27966779256496,397.27966779256496,-145.37198848955325,127794.96114633266,18285.897207208545,0.8748234545353404,9060,5137,170491.22185464273,-0.2966742047631476,0.2994027859672035,70.33257952368524,13483.481852805635,137.6635502152757,0
univ3-conc-c2,150,10000,252.0812684246512,-1967.3359114473828,1967.3359114473828,-1715.2546430227317,83161.5701847588,14758.009878422541,0.8492843834818314,5454,8163,434631.3796128788,0.3231496833608932,0.8716249172345669,132.31496833608932,7218.011297024981,74.1146224176046,0
univ3-conc-c2,151,10000,450.97820099560215,-505.77728134321825,505.77728134321825,-54.7990803476161,138916.817837805,19175.578385057117,0.8787065106026642,6728,4102,145931.11562009034,0.14185635817630712,0.14835374780583976,114.18563581763071,8675.39073842076,87.19231511011469,0
univ3-conc-c2,152,10000,481.1377795281834,-1072.4576748334134,1072.4576748334134,-591.31989530523,130720.80441033762,24717.58080378613,0.8409814874894865,8670,7119,292500.2826958224,0.09725677032982873,0.3863918170704997,109.72567703298287,9072.534980265955,90.90929103459119,0
univ3-conc-c2,153,10000,151.77034793838075,-187.07334771570964,187.07334771570964,-35.30299977732889,82763.17958752198,4019.7362010784136,0.9536805583846673,7266,3009,85144.94325900641,-0.027922096589667548,0.052752297841735185,97.20779034103325,10283.174961131548,102.91618631381526,0
univ3-conc-c2,154,10000,209.36760996367045,-1324.557288944039,1324.557288944039,-1115.1896789803686,79911.02632503846,5459.087635530154,0.9360538790184626,6325,7762,369696.1493466508,-0.024158235400567635,0.4433551455338028,97.58417645994324,10244.536904097306,102.51644130375507,0
univ3-conc-c2,155,10000,508.95832106593866,-803.255123921571,803.255123921571,-294.29680285563234,143536.7564353566,23371.854235928393,0.8599721479800845,6659,6292,238537.10306231977,0.236242832283895,0.3449509738910996,123.6242832283895,7887.149654380108,80.22522366676966,0
univ3-conc-c2,156,10000,474.7308135222605,-2820.7817147639844,2820.7817147639844,-2346.0509012417237,146159.22380538573,36353.55287934032,0.8008163946673293,7093,8448,576358.224113602,-0.165201206786779,0.3200304628510014,83.4798793213221,11800.759417191426,118.8185059000919,0
univ3-conc-c2,157,10000,585.374614407095,-636.362318704397,636.362318704397,-50.987704297302,190683.82790611664,43156.66617591785,0.8154440002133339,9821,4529,172024.53159774296,-0.0828949295416956,0.11369829496184167,91.71050704583044,10864.79420457022,109.00829646753655,0
univ3-conc-c2,158,10000,448.4247407643014,-2571.5077554336303,2571.5077554336303,-2123.083014669329,137738.8052254499,42311.644213706706,0.7650011741403354,7262,8325,528043.4575089241,-0.48544979975552055,0.9968454315734223,51.45502002444795,16410.52012498379,174.38100864889887,0
univ3-conc-c2,159,10000,316.91899777018233,-1520.8914241197392,1520.8914241197392,-1203.9724263495568,164129.57329680523,44802.61467917052,0.7855638467524105,11487,7981,422310.86957430176,0.11299010702102834,0.23827971506019907,111.29901070210283,8930.5211930887,89.59126963684643,0
univ3-conc-c2,160,10000,209.35798335070766,-413.2900094735431,413.2900094735431,-203.93202612283542,81466.91651674903,9332.704339259013,0.8972164833809272,5399,5564,171521.06873850545,0.2470661678655803,0.32235030113622487,124.70661678655803,7800.9937572442905,79.25054805216993,0
univ3-conc-c2,161,10000,184.09721678399418,-203.9159197036609,203.9159197036609,-19.81870291966672,88140.72301839567,3932.138639210986,0.9572931853271432,7199,2602,78592.29588306743,0.09168406433142792,0.1029600094156126,109.16840643314279,9123.348054609814,91.58311333071114,0
univ3-conc-c2,162,10000,473.3387505968891,-549.8127030742017,549.8127030742017,-76.47395247731265,134643.379189106,26426.155452704403,0.8359332476407074,6076,4376,153249.62899783446,0.0560109184018097,0.13911216366338267,105.60109184018097,9455.150356684264,94.62081937808479,0
univ3-conc-c2,163,10000,618.7655537272702,-1361.7935140071745,1361.7935140071745,-743.0279602799043,192087.1391241585,27549.66741349723,0.8745671645486525,11369,7521,330875.02094172937,1.0147928491749034,1.0370074679075665,201.47928491749033,3267.9515124864856,44.00890757798017,0
univ3-conc-c2,164,10000,151.85237347577097,-614.9445476606293,614.9445476606293,-463.0921741848583,73739.11747288537,20357.155164476655,0.7836560939780136,4749,6638,240679.88018936777,0.15284491914368317,0.38655764832986705,115.28449191436832,8580.067989449257,86.19144714022153,0
univ3-conc-c2,165,10000,780.3030835627201,-990.7216480203534,990.7216480203534,-210.41856445763335,233277.1273001244,68825.62413339337,0.7721780956750423,10903,6254,255506.17283740835,0.03350015779453955,0.2728592583965663,103.35001577945395,9670.51819579569,96.73209893265582,0
univ3-conc-c2,166,10000,922.0378091193622,-1500.2375436766024,1500.2375436766024,-578.1997345572402,233689.16947411842,67952.20510057578,0.7747251841814258,11740,7367,330435.4045507766,0.17901549583782356,0.6283503465986578,117.90154958378236,8356.91723074466,84.24358471801214,0
univ3-conc-c2,167,10000,153.00062810074505,-266.8607846442667,266.8607846442667,-113.86015654352164,62825.125693218,4543.7871574448955,0.9325536517485871,4953,4435,121900.41910992087,0.1861913269116495,0.27836885067311923,118.61913269116495,8296.663285682622,83.73482049058491,0
univ3-conc-c2,168,10000,196.3421933772071,-216.11617776175794,216.11617776175794,-19.77398438455083,88970.17254545729,20408.0191178202,0.8134178412763797,5502,2669,83848.99318612475,-0.015544685433516463,0.07305472482626968,98.44553145664835,10156.664924482639,101.40934073146617,0
univ3-conc-c2,169,10000,418.204232407317,-755.9259223348936,755.9259223348936,-337.72168992757656,165039.16866060306,18792.86556037874,0.897771541069996,9794,6483,261244.21290276235,-0.18021204865843102,0.3249719509845532,81.9787951341569,11980.587464554912,121.41388861505814,0
univ3-conc-c2,170,10000,415.97700206313436,-2047.35219840491,2047.35219840491,-1631.3751963417758,141586.30040684337,39330.3548267101,0.7826051184953825,7111,8136,480159.7781208907,0.12003461200453103,0.37691458380126247,112.0034612004531,8867.618320213895,88.99655015191802,0
univ3-conc-c2,171,10000,591.6839585176662,-1097.0532601163,1097.0532601163,-505.3693015986338,173327.44201641955,29019.99918442878,0.8565833152511982,8382,6976,301878.2518562017,0.12138953343197414,0.43105407326987577,112.13895334319741,8855.567697843222,88.88289485925085,0
univ3-conc-c2,172,10000,156.10492691443625,-166.75566270155,166.75566270155,-10.650735787113746,85564.64650966662,10019.370365118515,0.8951773456199913,6947,2326,70039.78116610652,-0.0019907476922222146,0.050238788727914284,99.80092523077778,10019.92776901423,100.12704678278762,0
univ3-conc-c2,173,10000,752.0618800969754,-751.5384669813674,751.5384669813674,0.5234131156080366,170090.30996275836,11586.105146221103,0.9362266965732943,8315,2989,131695.97238685208,0.002180726509536157,0.2105362176305276,100.21807265095362,9978.217041081147,99.82540720581034,0
univ3-conc-c2,174,10000,563.0938976482861,-569.5724425709068,569.5724425709068,-6.478544922620699,198243.18761587772,18234.664364064738,0.9157666052333415,10155,3486,149846.11208683735,-0.01626332878526938,0.05881313228432759,98.37366712147306,10163.9673160901,101.54059972097969,0
univ3-conc-c2,175,10000,398.940605241666,-1019.2857913842025,1019.2857913842025,-620.3451861425365,113601.22079395538,22004.34889014372,0.8377327056594792,5739,7145,299057.9783880202,0.37039551225395256,0.4232441363028002,137.03955122539526,6874.830333918727,71.18943770981471,0
univ3-conc-c2,176,10000,439.6802846456018,-759.8685744213166,759.8685744213166,-320.1882897757148,171849.30174601945,34910.351349554534,0.8311549142838939,10771,6542,252424.1580350934,-0.12325713165634909,0.2373199106016642,87.67428683436509,11313.52430160627,113.5668795006855,0
univ3-conc-c2,177,10000,517.7010504018904,-518.3215300192212,518.3215300192212,-0.6204796173308296,177686.00980141523,16332.391295806441,0.9158204005215858,10944,3150,127379.07158661462,-0.011754157660738116,0.12955534026394644,98.82458423392619,10118.237181908393,100.99498380035627,0
univ3-conc-c2,178,10000,97.94070848764594,-385.6798306785583,385.6798306785583,-287.7391221909123,52165.98854936622,9044.048119305186,0.8522456673525549,4040,5887,188175.89656452634,0.000015976576184328904,0.14163417314223836,100.00159765761843,9999.840708121794,99.99833791850422,0
univ3-conc-c2,179,10000,212.17529999239977,-1443.2367326699944,1443.2367326699944,-1231.0614326775947,100788.46261783746,25017.048245279067,0.8011450526002869,10077,7892,362342.7252449576,0.5110767982144248,1.0921323498532536,151.10767982144247,5929.436821867543,63.44613090760936,0
univ3-conc-c2,180,10000,782.0880479158227,-1523.3529188684938,1523.3529188684938,-741.2648709526711,206200.59141360436,40823.5300874074,0.8347386893257701,11606,7557,329376.85924201965,1.5118499157596086,1.5356466089521856,251.18499157596085,1390.076021305271,32.75481328719678,0
univ3-conc-c2,181,10000,583.7276064811361,-1103.5313440117939,1103.5313440117939,-519.8037375306577,103436.74864466066,9696.250788407544,0.9142933464418218,4247,6928,278453.94395056873,0.35908595717179564,0.45016517910122983,135.90859571717957,6955.728408321328,71.87378761762875,0
univ3-conc-c2,182,10000,534.9705482527169,-1356.1184956863312,1356.1184956863312,-821.1479474336144,131065.37493496736,29840.16641059839,0.8145485471720783,5985,7467,347730.0103114683,0.06845084369192563,0.38841633564740535,106.84508436919256,9338.14488233295,93.43126881151193,0
univ3-conc-c2,183,10000,406.12370720169616,-1499.678271168622,1499.678271168622,-1093.5545639669258,155152.45240157074,10651.72442235631,0.9357572008956823,10085,7819,412845.26474193844,0.059377235802568436,0.3068271885282253,105.93772358025684,9423.348784220672,94.42813841375441,0
univ3-conc-c2,184,10000,274.545943485026,-2683.562263005651,2683.562263005651,-2409.016319520625,139385.7194121065,32729.734941047893,0.8098384885654049,9550,8407,610343.5757139757,-0.7857483979305258,0.7867897740466009,21.42516020694742,22942.25638972441,271.3474029751538,0
univ3-conc-c2,185,10000,268.8009057436838,-887.9651564104595,887.9651564104595,-619.1642506667756,88587.35163510196,13735.045635255196,0.8657669679203827,4499,7080,299413.5541771076,-0.09251455153462501,0.3671645026657447,90.7485448465375,10970.017272626332,109.93580381075877,0
univ3-conc-c2,186,10000,290.4649391717638,-331.50118218907187,331.50118218907187,-41.036243017308095,120904.24202007196,12457.221015599915,0.9065905492333431,7439,3544,118413.91410327239,-0.031598016672630964,0.05829503849285743,96.8401983327369,10321.053131811143,103.26098876111455,0
univ3-conc-c2,187,10000,240.34906991070267,-309.13294380364556,309.13294380364556,-68.78387389294289,88784.9017045076,22252.994629900993,0.7995909922241097,4606,3712,114886.17912295683,-0.021238070709961504,0.0909814461284661,97.87619292900385,10214.660634091137,102.17040937157365,0
univ3-conc-c2,188,10000,213.21723132298297,-2594.2342672771397,2594.2342672771397,-2381.0170359541567,108667.10183310244,14255.537774375076,0.8840283789878208,9011,8464,560155.6995727022,0.0005916818879801156,0.5711505682136376,100.05916818879801,9994.085791624813,99.984134307965,0
univ3-conc-c2,189,10000,412.64749265621606,-1444.0977501506459,1444.0977501506459,-1031.45025749443,149494.9140826425,31583.483741577733,0.8255811619658959,8737,7722,378805.3651871205,0.22346281429236342,0.52820590151163,122.34628142923634,7989.961138762194,80.90954839688911,0
univ3-conc-c2,190,10000,316.46617166505575,-788.0256053921639,788.0256053921639,-471.55943372710817,89971.28968528364,4321.9764789097635,0.9541645267501511,5156,6722,249241.3005663085,0.5876007495796961,0.6706667970992553,158.7600749579696,5458.354374415213,59.70296125969308,0
univ3-conc-c2,191,10000,578.0047531250119,-1897.3386380293648,1897.3386380293648,-1319.333884904353,170935.69783381902,58991.786668518056,0.7434330793632528,8673,7961,420559.92104191554,1.1042715165976642,1.1042715165976642,210.42715165976642,2885.517115529714,41.520139820593194,0
univ3-conc-c2,192,10000,489.23815909436826,-889.7603208653751,889.7603208653751,-400.52216177100684,117747.07228107005,14975.057210288816,0.8871698542836912,5173,6610,264816.28328409686,0.10935183982736035,0.20822449853997982,110.93518398273604,8963.172658898242,89.90022131856176,0
univ3-conc-c2,193,10000,393.759163708055,-452.6085102372384,452.6085102372384,-58.849346529183435,127248.15751847511,5552.21567231269,0.958191264535559,6660,3973,138545.28503320392,-0.13343716783509735,0.18159744301967648,86.65628321649027,11429.765921451364,114.77862858144684,0
univ3-conc-c2,194,10000,179.0305483141989,-727.2513556256557,727.2513556256557,-548.2208073114568,89228.05186630985,19815.487631204458,0.8182791229767797,7786,6912,262435.28429089364,0.21259843570071169,0.3651295860030945,121.25984357007117,8078.295668759107,81.8583582561802,0
univ3-conc-c2,195,10000,438.557872865103,-773.2665080636837,773.2665080636837,-334.7086351985807,181573.87338303836,37190.19710889947,0.8299986052313373,10613,6564,253799.55552437628,0.4713793504285425,0.5917809163762817,147.13793504285425,6185.30722195926,65.52057441264236,0
univ3-conc-c2,196,10000,560.8702949003746,-601.1343921767458,601.1343921767458,-40.26409727637122,155608.3283681833,24013.752854013874,0.8663095723498035,6404,3825,150548.83546357453,-0.10524879891974351,0.1745141784667274,89.47512010802565,11110.952801597252,111.53046569883209,0
univ3-conc-c2,197,10000,771.7345787466052,-1802.869205711865,1802.869205711865,-1031.13462696526,228959.17324876314,64942.88381589046,0.779032224324976,10354,7945,438230.231053821,-0.08693490254055547,0.2195891780070518,91.30650974594445,10908.856354075313,109.37046831301399,0
univ3-conc-c2,198,10000,317.3537383854477,-1183.0505994416874,1183.0505994416874,-865.6968610562396,138882.98498509533,34547.341593471865,0.800799881571916,9158,7566,346083.7452534727,0.08065712907737904,0.35145341529170937,108.0657129077379,9224.69693812411,92.39607552260667,0
univ3-conc-c2,199,10000,256.2079924110916,-1334.3372058830723,1334.3372058830723,-1078.1292134719806,86626.8170037689,7757.824952452073,0.9178062787370593,7312,7696,353058.33292811556,0.46220500127682157,0.733144629456454,146.22050012768216,6245.614278973721,65.97886838948915,0
univ3-conc-c2,200,10000,145.907852600984,-1813.5198256225985,1813.5198256225985,-1667.6119730216146,68113.78792483015,18190.810594490762,0.7892254768971736,6378,8107,396541.52372924314,1.5855046297906166,1.5855046297906166,258.55046297906165,1156.102031782328,31.11320204960449,0
univ3-conc-c2,201,10000,185.73708253785964,-2040.242399473639,2040.242399473639,-1854.5053169357793,74793.91406282134,12217.915650202573,0.8595832809113564,5665,8183,488366.67206172936,-0.47576681504107826,0.5061956765378635,52.423318495892175,16242.740352075894,172.37792516449392,0
univ3-conc-c2,202,10000,297.1107742648706,-2202.7800222207175,2202.7800222207175,-1905.669247955847,118377.18880189116,20093.999222106704,0.8548867854110973,9429,8241,484227.8814295914,0.3532697250905551,0.7062950335825243,135.3269725090555,6997.635390378354,72.30082144211484,0
univ3-conc-c2,203,10000,627.0719023511095,-1129.051011089966,1129.051011089966,-501.97910873885655,133996.7382873434,13499.374670545838,0.9084764038873353,6054,7020,275574.1086546653,0.6283371263441517,0.9834614543596496,162.83371263441518,5218.768990349021,57.902198364854954,0
univ3-conc-c2,204,10000,642.7076512480729,-1740.5661190953597,1740.5661190953597,-1097.8584678472866,223988.20059421659,40821.15142190401,0.8458470174443878,11796,7959,441852.7349417945,-0.25583943243107626,0.3144211424634486,74.41605675689237,12933.677443070254,131.48932780081054,0
univ3-conc-c2,205,10000,197.98731717577914,-489.6724418994908,489.6724418994908,-291.6851247237117,94043.19670357567,8411.852432855241,0.9178971411974644,6676,6073,210187.68674564338,-0.06748740307965762,0.14650846376488844,93.25125969203424,10698.44315007518,107.1066617850174,0
univ3-conc-c2,206,10000,653.4067817570727,-687.8636141468432,687.8636141468432,-34.45683238977051,189436.9616228823,19540.968410837817,0.9064926693087412,8291,4029,165371.78306995015,0.24659255227242824,0.31840562908322056,124.65925522724282,7804.746515135878,79.35603674676747,0
univ3-conc-c2,207,10000,264.8415684051991,-341.4322610004244,341.4322610004244,-76.59069259522528,113312.27004018029,24042.195419946423,0.8249624041023571,7229,4330,133083.25102635202,0.09770378652307145,0.1463696321776618,109.77037865230714,9068.470478986857,90.7594439157596,0
univ3-conc-c2,208,10000,256.01896466318,-324.46103733040013,324.46103733040013,-68.44207266722015,94332.38916212619,11954.175514188335,0.8875288184297458,5510,3889,118669.34137994166,0.14884925081021266,0.16982835609211747,114.88492508102127,8614.616436778726,86.60562109209545,0
univ3-conc-c2,209,10000,426.47361155902377,-431.108402757529,431.108402757529,-4.634791198505241,165826.2388164625,26552.848127750793,0.8619764312768016,9331,3195,124951.5821473704,0.020286462128103862,0.07259739231129174,102.02864621281039,9799.173057018364,98.00199013650169,0
univ3-conc-c2,210,10000,247.62885383078128,-259.30704108705214,259.30704108705214,-11.67818725627086,107398.39378844746,6758.268940443626,0.940798296140684,6726,2534,88902.80488056464,-0.023458170681984854,0.06301250414134926,97.65418293180151,10237.366307646571,102.27583272581126,0
univ3-conc-c2,211,10000,209.358471967257,-1386.8812648393132,1386.8812648393132,-1177.5227928720562,79463.88179009366,10775.497845795915,0.8805898501377736,5066,7796,408556.71510233753,-0.2405295480963997,0.41172532842717335,75.94704519036003,12734.120546077522,129.21013403521889,0
univ3-conc-c2,212,10000,809.1125659577239,-4069.138780335404,4069.138780335404,-3260.0262143776804,264095.5545698597,30862.392800364258,0.8953668037239677,10801,8640,816025.5739342384,-0.8133037631491448,0.862290574755026,18.669623685085533,23707.198535846077,284.2480316052466,0
univ3-conc-c2,213,10000,356.8480095264348,-2890.13339920725,2890.13339920725,-2533.285389680815,156793.99573715933,25476.811716248474,0.8602254959409181,11405,8456,612567.374402082,0.40653278933037684,0.6305339053995035,140.65327893303768,6621.434275734463,69.24468368883747,0
univ3-conc-c2,214,10000,535.861766466697,-743.5235200566188,743.5235200566188,-207.6617535899219,192580.21078040122,41730.12143884658,0.8219023418916113,9251,5993,234948.42293846424,-0.09070227669738372,0.1391134133598075,90.92977233026163,10950.11304151512,109.72608520405835,0
univ3-conc-c2,215,10000,169.94440437096708,-488.05582323748024,488.05582323748024,-318.1114188665132,67821.00895451904,9222.090920759872,0.8802995863913959,4048,6176,210891.41719920875,0.031685031587097255,0.17949608951806964,103.16850315870973,9688.09166864173,96.90540235547302,0
univ3-conc-c2,216,10000,104.17504796416921,-218.55520660049467,218.55520660049467,-114.38015863632546,58159.78815001771,9899.5465975329,0.8545453517250375,5170,4427,120259.71534164253,-0.13246122199911484,0.13598432675426025,86.75387780008852,11418.566976724098,114.76331468946934,0
univ3-conc-c2,217,10000,344.71909624744217,-2356.2433519149886,2356.2433519149886,-2011.5242556675464,153809.41171448067,50981.359272843205,0.7510563633944284,8155,8286,594450.1190341327,-0.8963507974632607,0.9116344261277782,10.364920253673926,26243.64266230651,328.77473811409266,0
univ3-conc-c2,218,10000,342.8361712422387,-426.57595387656477,426.57595387656477,-83.73978263432605,160262.01579131058,21039.489440907924,0.883953034951587,10363,4769,161188.05601624947,-0.1157270946624152,0.14497313387001867,88.42729053375848,11228.349694415188,112.78941581322782,0
univ3-conc-c2,219,10000,286.9819956389313,-515.3933360154131,515.3933360154131,-228.41134037648175,111929.40812844172,12013.984388375888,0.9030687788641437,8868,5800,191393.62622117382,-0.09558889021297488,0.2032652342986468,90.44111097870251,11003.869929894985,110.29641023208549,0
univ3-conc-c2,220,10000,360.85439446993695,-419.5893160942061,419.5893160942061,-58.734921624269134,157949.43154072482,30646.619716828045,0.8375012652042432,9291,4434,151262.36054879692,0.01436342394915684,0.08171264682326765,101.43634239491568,9857.390625998753,98.7563300744678,0
univ3-conc-c2,221,10000,88.18432331060515,-1316.6805322153202,1316.6805322153202,-1228.496208904715,49460.36485071922,8756.14124975073,0.8495934944182428,4667,7809,394124.70508186816,-0.10519708256520971,0.2836291129497036,89.48029174347903,11110.376719342607,111.41168931313693,0
univ3-conc-c2,222,10000,139.92649547130605,-978.3964423821657,978.3964423821657,-838.4699469108596,75214.65920379112,9171.70463021604,0.8913129537343579,6303,7414,339045.1928773908,-0.23746498082133669,0.3473693553340189,76.25350191786633,12694.591987554868,128.64247561923003,0
univ3-conc-c2,223,10000,415.59567309538585,-1596.9786900770596,1596.9786900770596,-1181.3830169816738,121676.24775522316,12982.50031606992,0.9035896256127635,5714,7874,423052.7895352316,-0.15651430373970854,0.26800190840716737,84.34856962602915,11698.029093936759,117.63821917798023,0
univ3-conc-c2,224,10000,609.0192514257895,-2248.73934473796,2248.73934473796,-1639.7200933121703,197141.15976149656,52426.96420592297,0.7899292450795232,9947,8182,486449.2269700762,0.14096110195532432,0.7144082070386639,114.09611019553243,8683.200278186163,87.56235304753778,0
univ3-conc-c2,225,10000,110.0571534234721,-1522.908500641371,1522.908500641371,-1412.8513472178988,58732.80021326571,12987.19707348571,0.8189180484550186,4705,7882,426985.6437190688,-0.3027725751971451,0.3580229536760976,69.72274248028549,13567.861602502531,138.8464263594924,0
univ3-conc-c2,226,10000,173.85781381629175,-1010.3078513832553,1010.3078513832553,-836.4500375669636,99676.51352555655,13049.029035543648,0.8842407076597504,8718,7504,357911.4820260627,-0.48638748506783247,0.551805718489028,51.361251493216756,16426.88168330787,174.5364242223458,0
univ3-conc-c2,227,10000,144.67682739966642,-1944.1189208399148,1944.1189208399148,-1799.4420934402483,66319.7287609665,14649.491797383615,0.8190733256864376,5126,8203,457423.5278748083,0.5751822268514465,0.9828624530074501,157.51822268514465,5532.899876313904,60.317391349748426,0
univ3-conc-c2,228,10000,532.0942213518065,-2756.1650369794775,2756.1650369794775,-2224.070815627671,172211.33761599445,24037.608594981048,0.8775147125165215,9849,8408,546994.1404522234,0.3274052950803255,0.43258813627621834,132.74052950803255,7186.5288660780325,73.84290400801531,0
univ3-conc-c2,229,10000,563.386476164364,-1784.9729857217335,1784.9729857217335,-1221.5865095573695,214946.01650747962,40241.0305970074,0.8423077070188025,11662,8096,461021.2212303935,-0.15327888621774022,0.40430660239213284,84.67211137822598,11660.014839276102,117.3265333682859,0
univ3-conc-c2,230,10000,438.5830076289987,-2846.5559196313634,2846.5559196313634,-2407.972912002365,160819.5821306694,34980.53602593481,0.821345684796999,8523,8399,616225.2264052585,-0.049340624553628344,0.7822248432794525,95.06593754463717,10505.88773611747,105.4279823870154,0
univ3-conc-c2,231,10000,399.0386497015125,-475.7906852173779,475.7906852173779,-76.75203551586543,125349.10034342833,9792.078801397702,0.9275418576087464,5863,4305,147539.3522310836,-0.026455508796827162,0.11305835000431572,97.35444912031728,10268.10203899996,102.69018879406573,0
univ3-conc-c2,232,10000,397.89983238962424,-429.2227005049583,429.2227005049583,-31.322868115334074,106464.67006160518,7847.378119026931,0.9313512596097765,4284,2990,111595.79988513482,0.037069207983399084,0.06658331199031992,103.70692079833991,9636.053983206937,95.87193177792206,0
univ3-conc-c2,233,10000,392.1865266965519,-995.2435229207018,995.2435229207018,-603.05699622415,147930.0096090965,32442.11280343444,0.8201378773531547,7913,7243,315510.5355356999,0.24069355127162864,0.2683083516777323,124.06935512716286,7851.620408950775,79.76077115787699,0
univ3-conc-c2,234,10000,137.1877463699329,-252.855091762099,252.855091762099,-115.66734539216608,87484.59888114453,21659.814504634072,0.8015490318494274,6974,4676,136005.12916286002,-0.25681516924183,0.3251252068309536,74.318483075817,12946.513943133974,132.19781396251048,0
univ3-conc-c2,235,10000,804.0587379333529,-2456.8547404041537,2456.8547404041537,-1652.7960024708009,186327.8241177954,36168.8030589309,0.8374411175671329,9116,8303,468783.6398530205,0.37873902821531,0.950955327341471,137.873902821531,6815.641770536826,70.6910179816114,0
univ3-conc-c2,236,10000,183.5550350416931,-1464.0151403181048,1464.0151403181048,-1280.4601052764117,72189.98042473524,14264.667150832076,0.8350040448853397,5176,7892,393532.21991507296,0.43947051706664864,0.8472284577027464,143.94705170666487,6397.013013025908,67.21480809917236,0
univ3-conc-c2,237,10000,379.5247485295376,-604.3965394030668,604.3965394030668,-224.87179087352916,114917.7909627909,23588.879035457085,0.8296913857234783,5678,5857,207256.1855500412,0.07999718894319642,0.1984652004118351,107.99971889431964,9230.796273522572,92.4113136470382,0
univ3-conc-c2,238,10000,246.13205682227462,-2063.394926875155,2063.394926875155,-1817.2628700528803,118268.20233635814,28915.95056758972,0.803538968040532,10083,8211,468166.96026932396,1.057184904593776,1.3053208086934234,205.7184904593776,3083.9760260493035,42.80061201675412,0
univ3-conc-c2,239,10000,428.95976892108166,-986.0550694936726,986.0550694936726,-557.095300572591,128159.35487794185,33219.75077126315,0.7941508559139373,7947,7011,290644.89406291686,0.3217376917770403,0.40953809653931417,132.17376917770403,7228.482612046345,74.2257792015887,0
univ3-conc-c2,240,10000,1194.7078323141557,-1233.705050380518,1233.705050380518,-38.99721806636239,272608.5075036012,32329.142528821863,0.8939811383560395,11809,4825,221661.25010517662,0.05450169792304692,0.19212603696124247,105.45016979230469,9469.442235801265,94.64523357043299,0
univ3-conc-c2,241,10000,241.02331954514605,-451.27835946531985,451.27835946531985,-210.2550399201738,84962.50059462442,11022.621547423447,0.8851632284104287,5025,5436,185501.65603505095,-0.3799863775671027,0.390840810893807,62.001362243289734,14691.17113488892,152.4143206434038,0
univ3-conc-c2,242,10000,292.2510381796934,-293.5910457976073,293.5910457976073,-1.3400076179138978,124274.75103571868,11513.299477068847,0.9152112469868281,7898,2429,92298.23732331478,0.011491568810142922,0.05650141457070504,101.14915688101429,9885.741336144547,98.9583810440994,0
univ3-conc-c2,243,10000,228.11661589764395,-3514.5434374893925,3514.5434374893925,-3286.4268215917486,128079.39996480211,17133.170100140484,0.8820131749443033,9153,8657,779611.2797428602,-0.6128662798987881,0.8499888249741769,38.71337201012119,18836.513937004518,207.80799920429928,0
univ3-conc-c2,244,10000,193.62650037527814,-2053.021530982035,2053.021530982035,-1859.395030606757,90083.29216017005,11359.721096133646,0.888018694126993,6852,8193,523849.50462769344,-0.4452606983559887,0.5105393015175279,55.47393016440113,15727.816984049361,165.48230014142715,0
univ3-conc-c2,245,10000,386.484161060974,-1517.1941748021065,1517.1941748021065,-1130.7100137411326,121069.35865128443,14569.139193585092,0.8925884654794106,6367,7801,401337.1020688366,0.47159467794046916,0.6127673377498587,147.15946779404692,6183.897050559394,65.46384509427882,0
univ3-conc-c2,246,10000,92.71633824245376,-596.3033676343017,596.3033676343017,-503.587029391848,47379.434956636855,10216.077733069631,0.8226237209119339,4100,6711,249565.6663525174,-0.002419967861463306,0.22977104168232415,99.75800321385367,10024.22951914852,100.37268906431748,0
univ3-conc-c2,247,10000,503.9622976316342,-548.0253576013348,548.0253576013348,-44.06305996970059,146752.30700288515,6865.00861307853,0.9553109713865803,9037,3872,136205.457695018,-0.1628818640621293,0.163459795525785,83.71181359378707,11773.235931385067,116.00465957405977,0
univ3-conc-c2,248,10000,523.5931965616735,-2751.566504517381,2751.566504517381,-2227.9733079557072,167908.9489957249,35672.592515359305,0.824774916966541,7654,8427,634159.2310734532,-0.5180762358076666,0.7151573119104097,48.19237641923334,16991.98762239856,182.14330186882077,0
univ3-conc-c2,249,10000,498.3802490290536,-2381.0323561472005,2381.0323561472005,-1882.652107118147,123513.00411655409,22177.415417766533,0.8477771188479408,5859,8229,495928.43933471036,0.33952690051191725,0.748951012814195,133.95269005119172,7097.482013238518,73.0803811305613,0
univ3-conc-c2,250,10000,603.7685740947081,-2512.4838963050265,2512.4838963050265,-1908.7153222103184,160885.11419607853,19925.31064025841,0.8897999899159904,7014,8294,555272.1374856074,0.1005817942350093,0.49001086330465315,110.05817942350093,9042.344980770487,90.4898072281145,0
univ3-conc-c2,251,10000,615.9687391435394,-1531.9951717485058,1531.9951717485058,-916.0264326049663,149914.28299057684,10771.360283719581,0.9329662559502441,6365,7667,391994.3521398309,-0.051985093126794765,0.36456918729609206,94.80149068732052,10533.7247564768,105.52670585095511,0
univ3-conc-c2,252,10000,334.78695646045924,-1543.985198755477,1543.985198755477,-1209.1982422950177,154691.46851277936,19819.12497897425,0.8864302471132746,11481,7812,449084.1734911369,-0.350115996112515,0.5410947361261051,64.9884003887485,14244.146367275918,146.94629569126272,0
univ3-conc-c2,253,10000,174.56993660348405,-791.5882879022986,791.5882879022986,-617.0183512988145,95662.34044865023,15168.11223851226,0.8631412949171399,8461,7097,290096.1517096982,0.11563290121041689,0.26803725404268647,111.56329012104169,8906.873547257987,89.36704191664047,0
univ3-conc-c2,254,10000,319.7428131845198,-899.814987380914,899.814987380914,-580.0721741963941,100696.95928732536,25519.08626649572,0.797814246560166,5443,7101,284257.34887355065,0.2618394033246085,0.46394503978835955,126.18394033246085,7684.726883508615,78.18074559021296,0
univ3-conc-c2,255,10000,385.50094535623725,-739.5735951741302,739.5735951741302,-354.07264981789297,155309.91244107528,23555.62133804151,0.8683054200529733,9960,6555,257040.33608841678,-0.015004947997211672,0.18288917433823143,98.49950520027883,10151.184572118322,101.52218870979752,0
univ3-conc-c2,256,10000,636.6505876410604,-1068.3516152469588,1068.3516152469588,-431.7010276058984,201668.58465755626,36482.63376341371,0.8468089560687241,10668,6919,301986.0875154919,-0.01732334892582756,0.21017692907232244,98.26766510741724,10174.74799467918,101.36543166143167,0
univ3-conc-c2,257,10000,352.8325881709207,-379.54187346941063,379.54187346941063,-26.70928529848993,159696.72758088767,13938.05025900703,0.9197277732467914,11224,3598,127974.89716797812,-0.037344033031547784,0.07872703410722039,96.26559669684522,10380.546776001105,103.93354410602677,0
univ3-conc-c2,258,10000,536.3074453672152,-2275.0390662429095,2275.0390662429095,-1738.7316208756943,163697.03396043714,54363.932688112436,0.7506938838085077,7719,8261,501262.02966384037,0.2612391199821103,0.43176909131997687,126.12391199821103,7689.4217053529255,78.2283451972868,0
univ3-conc-c2,259,10000,271.12116071785414,-1639.500536002388,1639.500536002388,-1368.3793752845338,113106.25943507903,13005.496105198774,0.8968732450874093,7718,7908,472153.5559398184,-0.07812817046752756,0.6643778441710931,92.18718295324724,10813.04388597086,108.29608654382311,0
univ3-conc-c2,260,10000,363.02434349633097,-1157.3910852367019,1157.3910852367019,-794.3667417403709,143364.9893980337,13148.983633998288,0.9159884361806646,9603,7547,358350.14621750463,-0.08863799360546239,0.27990302429211994,91.13620063945376,10927.486847065093,109.49047363123745,0
univ3-conc-c2,261,10000,310.997070195012,-711.5902142932156,711.5902142932156,-400.5931440982036,96298.57066030592,31017.765164610817,0.7563724641960642,5198,6534,231543.31810622854,0.8068256659361048,0.8276462407015126,180.6825665936105,4251.004455581428,50.65810344203464,0
univ3-conc-c2,262,10000,325.0411117672168,-402.98975219644285,402.98975219644285,-77.94864042922603,138024.63873838572,23622.91267870338,0.8538616114403698,10028,4464,142233.34334549351,-0.05921840901552741,0.14542154117711875,94.07815909844726,10610.254292919954,106.52284600287264,0
univ3-conc-c2,263,10000,253.961602474578,-1273.4613271536984,1273.4613271536984,-1019.4997246791204,91070.33534727665,20205.601248453535,0.8184189514228825,4387,7646,387052.39784755633,-0.30703687121163087,0.36065809602599375,69.29631287883691,13627.225493782898,139.7420681636363,0
univ3-conc-c2,264,10000,181.52801067624898,-3089.9803606944943,3089.9803606944943,-2908.4523500182454,108021.24998635231,13718.666257517403,0.8873116831291707,8709,8502,689748.9399434003,-0.7993992356365847,0.9099060443134985,20.060076436341536,23316.817163329106,277.5065921963876,0
univ3-conc-c2,265,10000,332.49639859754126,-639.5323020836317,639.5323020836317,-307.0359034860905,134309.41812107895,14378.514339861173,0.9032973685094561,9500,6362,229207.20229629797,0.14190572770760781,0.22826049885184233,114.19057277076078,8674.960505075456,87.13095896679536,0
univ3-conc-c2,266,10000,337.95002305361095,-387.24374103545796,387.24374103545796,-49.29371798184701,107251.72589096725,14620.523254217249,0.8800340245070882,4903,3532,121487.21348834169,-0.046174431696422144,0.07354226624713704,95.38255683035779,10472.657273500126,104.78263269803747,0
univ3-conc-c2,267,10000,1090.9979790534212,-1092.775481385483,1092.775481385483,-1.7775023320618857,256480.0623640844,15403.732598009545,0.9433444255103284,10481,3849,196170.36053927458,-0.01634673205615414,0.08768210582124766,98.36532679438459,10164.815145576089,101.65458535084109,0
univ3-conc-c2,268,10000,368.35738404304794,-3319.155344587235,3319.155344587235,-2950.797960544187,126936.07902572335,6713.750450350874,0.9497661128587316,6668,8516,693806.6592034712,-0.16897167873347171,0.7377520202448706,83.10283212665283,11845.651877547516,119.34976369164225,0
univ3-conc-c2,269,10000,115.49624282294641,-931.2275758757471,931.2275758757471,-815.7313330528007,65405.746269460564,15942.445733682605,0.8040221258627775,5310,7377,317149.9650211679,0.19669280276857903,0.4030670940745946,119.6692802768579,8209.194965587381,82.89332654495395,0
univ3-conc-c2,270,10000,530.8310853198412,-1308.077544350635,1308.077544350635,-777.2464590307937,156513.93158275617,29367.414384684944,0.842009889524746,8149,7570,342578.63017529214,0.5596329361477066,0.6939782284716975,155.96329361477066,5627.258540479407,61.016651922615246,0
univ3-conc-c2,271,10000,645.2796825070989,-1967.9083827127693,1967.9083827127693,-1322.6287002056704,224262.48522346833,75374.97548904101,0.748446087782861,10608,8047,476397.2587348148,0.3526070194009128,0.3599430973661146,135.26070194009128,7002.42345301408,72.2700787258984,0
univ3-conc-c2,272,10000,119.43885752264215,-1893.9008169474946,1893.9008169474946,-1774.4619594248525,50174.83961390508,8436.869979990626,0.8560548730202999,4274,8162,428377.4722276507,1.6432822345455447,1.6432822345455447,264.32822345455446,979.185069732401,30.13487132994103,0
univ3-conc-c2,273,10000,273.2013025165443,-1322.9766419463974,1322.9766419463974,-1049.7753394298531,69543.71368768338,85671.67373642481,0.4480465167906529,3550,5023,258561.19883140203,2.000035078058989,2.000035078058989,300.0035078058989,0.003224700325372129,18.907137590054095,0
univ3-conc-c2,274,10000,441.6485859296988,-466.7687832561178,466.7687832561178,-25.120197326418975,102121.51135610354,3864.2880620990154,0.9635395677221703,6351,2816,97461.08128144061,0.14823619184996828,0.15394286914994168,114.82361918499683,8619.928620178083,86.94610444573428,0
univ3-conc-c2,275,10000,199.62365405238043,-1159.3074029344925,1159.3074029344925,-959.6837488821121,105523.08473202227,23873.73987717987,0.8154998011019038,9201,7628,352925.2892207595,0.45763441377174274,0.4888638475831618,145.76344137717427,6275.826904226468,66.29636097997468,0
univ3-conc-c2,276,10000,571.6960378200484,-2162.1284693577913,2162.1284693577913,-1590.432431537743,201153.47475999445,50205.67004504912,0.80026320473047,10323,8183,494228.0619499013,-0.29732313007426114,0.6245179946103483,70.26768699257389,13492.432251526365,138.11822407017874,0
univ3-conc-c2,277,10000,419.7892980931403,-946.8971214379818,946.8971214379818,-527.1078233448416,171373.14477879746,17397.1283811713,0.9078396821175942,10989,7051,319472.75695800193,-0.3240313412447955,0.4380840341572481,67.59686587552045,13866.809580900526,142.15299267750655,0
univ3-conc-c2,278,10000,549.6441722396355,-1541.824840787237,1541.824840787237,-992.1806685476015,210755.8742310503,33416.24388379314,0.8631447188082456,11382,7754,418651.7771160244,-0.36462566708080046,0.3835735757112038,63.53743329191995,14459.251322309468,149.28264857405574,0
univ3-conc-c2,279,10000,661.7328197569351,-1496.0278611399526,1496.0278611399526,-834.2950413830175,205900.17533547158,57040.85507284352,0.7830659787699694,10876,7590,359925.07232189685,0.5445339406160852,0.7568768092067291,154.45339406160852,5719.988300433942,61.750290027930994,0
univ3-conc-c2,280,10000,242.48862401430367,-1409.5738925979888,1409.5738925979888,-1167.085268583685,105771.50749136656,16865.614539689774,0.8624754539215396,6747,7788,423254.2033844032,-0.46581049555795173,0.5393401225711385,53.418950444204825,16072.433094949172,169.94488864631452,0
univ3-conc-c2,281,10000,278.6968219686116,-453.8784854836823,453.8784854836823,-175.18166351507074,109455.548937607,13787.971523350872,0.8881241669194386,6314,5256,178968.47396636638,-0.14962082706294225,0.21055608033318562,85.03791729370577,11617.194024146755,116.82539784415584,0
univ3-conc-c2,282,10000,244.67075683396575,-649.6865155350445,649.6865155350445,-405.0157587010787,102884.82917080606,16886.864357352268,0.8590078852531031,7432,6613,239277.61382982755,0.3570170293882612,0.4470379676546119,135.70170293882612,6970.611716411619,71.85428895294675,0
univ3-conc-c2,283,10000,197.89497792891606,-694.0922359484508,694.0922359484508,-496.19725801953473,78786.08269022474,17142.092550569934,0.8213028392592624,5414,6834,243798.60802827892,0.591846699430349,0.7361155315094072,159.1846699430349,5433.030828125022,59.544311072851286,0
univ3-conc-c2,284,10000,1135.3866163495043,-1165.7535654919318,1165.7535654919318,-30.36694914242753,260732.41370189967,43925.514333777915,0.8558202157515037,10819,4747,214904.54818655908,-0.043004023408771276,0.18202540529861438,95.69959765912287,10439.491133388643,104.0632719251634,0
univ3-conc-c2,285,10000,254.86718258289753,-387.09649930640796,387.09649930640796,-132.22931672351044,136912.52506370522,15393.480486819934,0.8989305744630446,10965,5235,169393.14494203503,-0.007853375350824478,0.18373225391863926,99.21466246491755,10078.844150720972,100.77628519878832,0
univ3-conc-c2,286,10000,360.7638506866977,-1085.007806593641,1085.007806593641,-724.2439559069433,124589.53068118714,13519.127161244302,0.9021123847523859,9547,7384,305424.0568502585,0.266151444734524,0.8077801274985444,126.6151444734524,7651.076645401853,77.88995752428121,0
univ3-conc-c2,287,10000,354.85739976594056,-846.8613084559738,846.8613084559738,-492.00390869003326,150402.01177893244,28691.942638873097,0.8397939074373326,9823,6963,291288.8289396876,-0.14226913453445889,0.1965970403172011,85.77308654655411,11531.64726670859,115.90317231086996,0
univ3-conc-c2,288,10000,676.9024428852719,-2945.0554931219326,2945.0554931219326,-2268.153050236661,202079.90144000124,61407.39078416036,0.7669436341092378,9231,8439,566194.7763786184,0.04284590580879339,0.5273152024198382,104.28459058087934,9580.528282911042,95.42736206669963,0
univ3-conc-c2,289,10000,193.84694559763312,-857.8632337346128,857.8632337346128,-664.0162881369797,81149.5232179441,15204.119649772205,0.8422050355621126,6707,7211,279636.97660980024,0.6313109957241886,0.7402245926782492,163.13109957241886,5201.569151316208,57.840803254481386,0
univ3-conc-c2,290,10000,443.99194581062716,-2231.9358128126632,2231.9358128126632,-1787.943867002036,154995.4274214994,39084.79393886929,0.7986152650439504,8553,8304,500984.50429296575,0.14884243136870978,0.5843571595519828,114.88424313687098,8614.675845193206,86.58954499298352,0
univ3-conc-c2,291,10000,502.7054317394874,-1410.9580163116962,1410.9580163116962,-908.2525845722088,195744.1318825334,35354.18859865603,0.8470166787666735,11185,7626,410062.3762204946,-0.3831884539576048,0.44674003968989967,61.68115460423952,14740.072745693047,153.01921293116803,0
univ3-conc-c2,292,10000,709.1315317965631,-3401.670037050185,3401.670037050185,-2692.5385052536217,232685.26173824328,45088.524516651654,0.8376789792710071,9813,7655,707731.1578799112,-0.9999995655702757,0.9999996862518232,0.00004344297242328543,30000.349247220794,493.09013499152775,0
univ3-conc-c2,293,10000,110.15203486979092,-131.65861152873887,131.65861152873887,-21.50657665894795,56990.34801724349,14422.901055872453,0.7980360613321813,4451,2312,62728.879774931775,-0.0387316287965109,0.07251544016949339,96.12683712034891,10394.965589542013,103.97254062375309,0
univ3-conc-c2,294,10000,333.71722927956444,-1868.087051764149,1868.087051764149,-1534.3698224845846,148028.12121772885,37382.63960568232,0.7983793419558519,11046,8097,461960.2720115088,0.5418768822404806,0.6219830258201301,154.18768822404806,5736.420495939882,61.9183229772161,0
univ3-conc-c2,295,10000,310.5548765511471,-779.6993073188252,779.6993073188252,-469.14443076767805,97490.61195108497,14983.768108069873,0.8667806117251832,4733,6756,270277.0804770912,-0.05326942711379786,0.21925788693829731,94.67305728862021,10547.271527347248,105.5472614564718,0
univ3-conc-c2,296,10000,328.3783123359429,-329.26805221886065,329.26805221886065,-0.8897398829177519,145071.90603169388,14926.307510057317,0.9067095364401533,9982,2812,104169.79995831968,-0.007977103037096072,0.06900971796234671,99.20228969629039,10080.091120098348,100.7854773452055,0
univ3-conc-c2,297,10000,169.49388241679463,-1615.6374947842198,1615.6374947842198,-1446.1436123674252,81525.42396881348,16115.114218582363,0.8349546764310788,6781,8004,414648.37865785474,0.4773701765425582,0.8941267671879893,147.73701765425582,6146.1678074801375,65.1742623323321,0
univ3-conc-c2,298,10000,539.4916050088458,-785.0852107637742,785.0852107637742,-245.59360575492838,140284.49241301118,8648.609421752615,0.9419295689460093,6607,5964,235171.00593680792,-0.22505602498457591,0.4371025858543806,77.49439750154241,12535.929175860387,126.87282753788942,0
univ3-conc-c2,299,10000,549.1031043645414,-951.9159061812803,951.9159061812803,-402.8128018167389,207313.48991568098,44083.83806037498,0.8246447628728429,11803,6868,281216.503234297,0.3010985411867736,0.455504561535534,130.10985411867736,7383.008679628515,75.61270530574372,0
univ3-conc-c2,300,10000,370.9590411634115,-394.09360901721163,394.09360901721163,-23.13456785380015,165930.5998652331,11142.27631773007,0.937075194361122,10841,3557,130770.43083238926,-0.028081011220532304,0.04318498701031217,97.19189887794677,10284.809779258558,102.79312941173237,0
univ3-conc-c2,301,10000,428.38780513091416,-1453.6046707940488,1453.6046707940488,-1025.2168656631347,127243.31893293034,30246.682693605744,0.8079453782384789,6794,7713,375405.71661422163,0.5154937749336057,0.7847200973855589,151.54937749336057,5901.466309428353,63.168482125548095,0
univ3-conc-c2,302,10000,494.52838550214665,-537.2763659618286,537.2763659618286,-42.74798045968191,157648.34396231422,28268.06340970999,0.8479528310099885,7764,4004,148983.6928447704,-0.019508839631414362,0.12801382879184672,98.04911603685856,10197.01073672733,101.9797741604915,0
univ3-conc-c2,303,10000,753.6004471030019,-1039.0506867795348,1039.0506867795348,-285.4502396765329,206242.45705604614,10838.711617078678,0.9500706962131785,9433,6420,275841.10338208685,-0.0022328263007102577,0.20306013785687668,99.77671736992897,10022.353991391843,99.98327419905475,0
univ3-conc-c2,304,10000,194.7482870784154,-1769.360941503189,1769.360941503189,-1574.6126544247736,98046.42414038889,13568.226811673929,0.8784368656270642,8646,8049,460267.6957880384,0.23380508343253767,0.48194136188459263,123.38050834325377,7906.669952168598,80.1618422792759,0
univ3-conc-c2,305,10000,125.58676939323757,-383.33358914044385,383.33358914044385,-257.74681974720625,62619.94249395326,6832.855897202318,0.9016187100378602,4140,5751,188443.1875820919,-0.18100335288015984,0.28222487236735605,81.89966471198402,11990.149145224621,120.98806606627531,0
univ3-conc-c2,306,10000,442.59450661976837,-480.9197690369743,480.9197690369743,-38.32526241720592,164034.23351712376,54207.78083414813,0.7516162000461658,8800,4030,144063.9299984374,0.12791154633096483,0.21378756757437103,112.79115463309648,8797.775711262584,88.33883802758481,0
univ3-conc-c2,307,10000,570.9305343558162,-2464.776175200461,2464.776175200461,-1893.8456408446445,112542.81838615738,6964.561918345444,0.9417227463224459,4557,8191,478089.65052166546,1.368010365420471,1.527363892530071,236.8010365420471,1876.5081623750298,35.262454488288526,0
univ3-conc-c2,308,10000,289.5735874376272,-1175.9759310044299,1175.9759310044299,-886.4023435668026,115648.93501580911,32994.7020420734,0.7780281571741607,7527,7532,353405.0161701999,0.3666303463611695,0.3838603951970916,136.66303463611695,6901.677079963556,71.39019780118406,0
univ3-conc-c2,309,10000,201.11032232553595,-855.8329838319302,855.8329838319302,-654.7226615063942,73400.1538579334,10904.469351466916,0.8706539577979986,5263,7109,288816.8900398018,0.3242833104530473,0.41012670847725674,132.42833104530473,7209.613512770468,74.06469152766799,0
univ3-conc-c2,310,10000,431.96156823828005,-832.3110995014218,832.3110995014218,-400.3495312631418,173002.65023094547,34714.74072320088,0.8328751359540032,10585,6730,270316.35545234405,0.1960614677727709,0.20462221560916136,119.60614677727709,8214.43000997876,83.06030370845933,0
univ3-conc-c2,311,10000,527.0540492965085,-1014.7091201314562,1014.7091201314562,-487.65507083494765,205347.47896523727,29193.926340596892,0.8755276225000486,11150,7081,324930.56977503415,-0.1771417842641118,0.30114815082518587,82.28582157358882,11943.565252077962,120.39333735672653,0
univ3-conc-c2,312,10000,343.96669842323394,-468.2274790583686,468.2274790583686,-124.26078063513467,140822.5336175765,7657.7438067806725,0.9484258519743008,9684,5180,176266.99926128238,-0.2319514519248311,0.2841458380931428,76.80485480751689,12623.82032425921,128.03620268275165,0
univ3-conc-c2,313,10000,447.74498326637865,-511.7922389923969,511.7922389923969,-64.04725572601825,159085.13597713824,35436.66881082413,0.817826752895637,7543,4431,159652.56313128723,-0.08585232953994464,0.08733082733165219,91.41476704600554,10897.03068924941,109.12406973599073,0
univ3-conc-c2,314,10000,366.8922600219013,-2266.9000741887503,2266.9000741887503,-1900.0078141668491,125553.65697079079,23560.04959015568,0.8419994369831716,7848,8275,490195.64450060815,0.9572403434583091,1.0913433115217552,195.72403434583092,3526.1625700691966,45.73847996385439,0
univ3-conc-c2,315,10000,599.4426855848081,-2581.5043690081948,2581.5043690081948,-1982.0616834233865,209334.59298580964,41483.22070942775,0.83460815602263,11431,8328,583188.7630834521,-0.6394761556599091,0.7040007041919472,36.05238443400909,19400.52259983748,216.21833919433251,0
univ3-conc-c2,316,10000,354.3616449390398,-2001.3861622609047,2001.3861622609047,-1647.024517321865,98175.87761868208,40318.56667208841,0.7088795375254248,5692,8124,413804.8332274015,1.6414830688647413,2.0000346464203176,264.14830688647413,984.6095069257349,30.169280603748007,0
univ3-conc-c2,317,10000,238.63606519619725,-724.2262113733838,724.2262113733838,-485.5901461771865,130536.39351127417,15720.319347481509,0.8925155704636745,10493,6861,277649.5247269612,0.05622926701118956,0.28369091192252965,105.62292670111896,9453.084757594012,94.60567878562699,0
univ3-conc-c2,318,10000,730.7128286375698,-1621.6982825006592,1621.6982825006592,-890.9854538630893,181638.86933907444,14917.189415757675,0.9241072012215906,9614,7651,369062.4828391844,0.33822124623533795,0.7084873699517624,133.8221246235338,7107.029246708385,73.23341597513519,0
univ3-conc-c2,319,10000,334.40954902861165,-851.590954115103,851.590954115103,-517.1814050864914,125258.92863172528,18595.285061058177,0.8707352076542543,7597,6923,281494.076147277,0.2290244756376677,0.23140173446756818,122.90244756376677,7945.074297214122,80.54127455886922,0
univ3-conc-c2,320,10000,221.92885538184947,-320.42578401207595,320.42578401207595,-98.49692863022648,82611.44671101125,15437.239146465252,0.8425553691876625,4190,4270,132068.5113562472,-0.16894827305473753,0.2521375523409506,83.10517269452625,11845.37222626504,119.30523616592417,0
univ3-conc-c2,321,10000,331.8614992551715,-886.6300273692725,886.6300273692725,-554.768528114101,140800.26826198216,19804.42493579374,0.8766883797635623,10077,7051,284075.8609926049,0.24312680481928767,0.40314369975491277,124.31268048192877,7832.255848266096,79.383797537046,0
univ3-conc-c2,322,10000,129.8833872476893,-404.0946718121586,404.0946718121586,-274.2112845644693,64170.72916528976,12349.220618996515,0.8386143658770084,4746,5828,182507.8684807046,0.11403315921019469,0.35162902484533193,111.40331592101947,8921.180603434312,89.50265190011257,0
univ3-conc-c2,323,10000,422.8099302208547,-1445.148564986441,1445.148564986441,-1022.3386347655862,135550.71964476776,23765.708585390286,0.8508270060444932,8086,7731,369090.72273673915,0.49254696116040747,0.8368332566853528,149.25469611604075,6047.856765336929,64.41284481911472,0
univ3-conc-c2,324,10000,115.9268719611805,-233.97938865109825,233.97938865109825,-118.05251668991775,59344.55270842858,13217.245803042919,0.8178484261115252,4638,4427,122032.83685663885,-0.09849794093441545,0.10231689643110144,90.15020590655845,11036.002865539896,110.53762081098655,0
univ3-conc-c2,325,10000,441.5196767126188,-1162.1307879947963,1162.1307879947963,-720.6111112821775,134769.43082118078,17631.91160396348,0.884306061066202,6897,7365,330358.9394010232,0.12558952910049398,0.5497875048449266,112.5589529100494,8818.310620482715,88.53201256206908,0
univ3-conc-c2,326,10000,96.274255889819,-674.9795264244827,674.9795264244827,-578.7052705346638,58868.32099120856,16323.54536049086,0.7829080969457552,4547,6885,283810.37740560214,-0.07342625477337421,0.40553339625316714,92.65737452266258,10762.248138883633,107.76756774471322,0
univ3-conc-c2,327,10000,430.941143164607,-460.7711499610326,460.7711499610326,-29.830006796425607,124316.04322052287,21035.889307957194,0.8552761635705431,5375,3124,118849.19405560705,0.09619794073745042,0.12334617714758721,109.61979407374504,9082.168537195777,90.85897714735844,0
univ3-conc-c2,328,10000,268.966901935096,-1875.8919309669513,1875.8919309669513,-1606.9250290318553,90599.2514364725,30380.224876762357,0.7488811672642459,5383,8166,427860.19089779776,1.1129061472819575,1.1660892426130007,211.29061472819575,2849.7755800417845,40.753389784457795,0
univ3-conc-c2,329,10000,494.5039772087342,-825.7177906669489,825.7177906669489,-331.21381345821464,170665.44611566298,41513.45353931123,0.8043469279611847,10120,6545,255413.45095100446,0.06663613737745251,0.19570978440926923,106.66361373774525,9355.125774357224,93.56275568572572,0
univ3-conc-c2,330,10000,347.55308913135065,-1275.8402314730345,1275.8402314730345,-928.2871423416839,102906.16306928049,33884.74930630772,0.752288008626845,6014,7635,312752.64663351094,0.9618974201010135,1.5027989738701002,196.18974201010136,3504.8952470663507,45.87125524823195,0
univ3-conc-c2,331,10000,572.1458841523546,-1577.9348575530432,1577.9348575530432,-1005.7889734006886,216535.99092827248,29583.792875280054,0.8797992082631878,11564,7753,422778.71958954167,-0.10850172009117387,0.34629328699303996,89.14982799088261,11147.25913207882,111.84763406821621,0
univ3-conc-c2,332,10000,244.838273124258,-324.32654155337934,324.32654155337934,-79.48826842912135,119349.22024461516,20486.9003692765,0.8534935016837039,9320,4343,132082.5958349193,0.04027990620847419,0.0696851803768321,104.02799062084742,9605.15391799465,96.18037729242826,0
univ3-conc-c2,333,10000,550.2173246488725,-1955.826205276181,1955.826205276181,-1405.6088806273087,169271.17698170393,11036.06635359005,0.9387929949488069,8829,8075,477787.0604662207,-0.05626206644686505,0.31976593632594147,94.3737933553135,10578.907067889671,106.66347682725883,0
univ3-conc-c2,334,10000,252.53389124371037,-2260.576508483297,2260.576508483297,-2008.0426172395867,83888.66394137492,9530.252085882503,0.8979837008266955,6163,8308,471448.35816320154,1.0311515985094488,1.3003068618274989,203.11515985094488,3196.3470259819346,43.53506572387395,0
univ3-conc-c2,335,10000,444.51138956757103,-1446.0047858281523,1446.0047858281523,-1001.4933962605812,130409.99138188317,42112.747039965776,0.7559003095754684,6240,7729,370734.25453973364,0.3656836749074583,0.7145884480316695,136.56836749074583,6908.4405144862785,71.3855580917928,0
univ3-conc-c2,336,10000,325.000952330356,-624.5321634414682,624.5321634414682,-299.53121111111227,147827.22875362344,20642.58339749544,0.8774701346554665,11437,6249,225147.10021564705,0.3100013182289828,0.3159348996178406,131.00013182289828,7316.014632844191,74.95867785187997,0
univ3-conc-c2,337,10000,351.52233838267193,-486.35358330571137,486.35358330571137,-134.83124492303943,134110.95437589686,19675.336392132216,0.8720605309233288,8145,5218,172467.41237318958,0.09259315794078532,0.21364791795148919,109.25931579407853,9115.040389179978,91.34596491098851,0
univ3-conc-c2,338,10000,607.7013509960079,-961.5098877670127,961.5098877670127,-353.8085367710048,153978.86243305675,27180.646868151805,0.84996290300743,6725,6464,257303.05083159785,0.13522767561503798,0.30703982300590693,113.5227675615038,8733.36730059889,87.77483026771564,0
univ3-conc-c2,339,10000,185.9382971277656,-229.97636525688267,229.97636525688267,-44.03806812911708,98362.00020088849,22870.263744906126,0.8113516732218093,7705,3477,100294.22202630516,0.10045479113914596,0.1210413861274759,110.0454791139146,9043.496174312479,90.66365827772091,0
univ3-conc-c2,340,10000,744.3362372335321,-935.6520634304785,935.6520634304785,-191.31582619694643,193770.59403847705,10937.208485753596,0.9465716091380592,9093,5970,244684.89756709605,-0.11176060070448714,0.20194939076239593,88.82393992955129,11183.756659395714,113.06145681175519,0
univ3-conc-c2,341,10000,145.41028946095773,-657.3745896353978,657.3745896353978,-511.96430017444004,60930.69120428323,5932.47745505187,0.911274359651162,4801,6786,237136.21188255772,0.3026906810498394,0.698261945091908,130.26906810498394,7370.98941257682,75.43729239482286,0
univ3-conc-c2,342,10000,405.028107820261,-606.7710490905879,606.7710490905879,-201.74294127032687,142524.43697788237,28139.22955798615,0.8351188033800264,7217,5749,208049.66897893915,0.18934884685529896,0.215075403401635,118.9348846855299,8270.275732370053,83.65751360198476,0
univ3-conc-c2,343,10000,580.0618194722563,-2584.9709192788514,2584.9709192788514,-2004.9090998065951,158615.4285537474,20768.82660784164,0.8842215745794796,8517,8366,501503.9524222606,0.5124072730436933,1.1392953900655758,151.24072730436933,5921.001242505675,63.41902642153338,0
univ3-conc-c2,344,10000,696.2984436444968,-960.7600810033135,960.7600810033135,-264.4616373588167,222263.8531144882,66224.85362996052,0.7704421279526054,11214,6617,251617.87784452998,0.5976850612024617,0.8049904925221566,159.76850612024617,5398.345211320727,59.25613573620295,0
univ3-conc-c2,345,10000,310.7250422836771,-1360.8011146450062,1360.8011146450062,-1050.0760723613291,111947.04245193076,6315.65724884897,0.9465963717653291,6267,7693,412113.6602139724,-0.3077174058159949,0.42246153651328144,69.22825941840051,13636.727136161251,139.56768586631839,0
univ3-conc-c2,346,10000,515.8627839336243,-1394.8000335120537,1394.8000335120537,-878.9372495784294,210428.8975141574,42106.98468277004,0.833263359184993,11660,7656,408423.6525825697,0.10510703858856814,0.4519439934106919,110.51070385885681,9001.410839915829,90.28591474858376,0
univ3-conc-c2,347,10000,451.4485541643582,-584.4110897036498,584.4110897036498,-132.96253553929165,123001.41790048029,8353.689640765417,0.9364037699246499,7176,5022,172280.96000742793,-0.19656620171750575,0.20773352201877174,80.34337982824943,12179.91540192764,122.91590736336742,0
univ3-conc-c2,348,10000,344.96895960059095,-440.9130617274275,440.9130617274275,-95.94410212683653,130295.65010907112,18201.863239590817,0.8774264778639485,7995,4782,155018.78295102797,0.02532656780319229,0.2054302457095811,102.53265678031923,9749.902052620635,97.38786993123438,0
univ3-conc-c2,349,10000,206.02133572200472,-1350.458193788077,1350.458193788077,-1144.4368580660723,82086.55287910372,11356.943422796723,0.8784619168561039,4514,7831,435840.69078168744,-0.4577793844782375,0.6746393360845088,54.22206155217625,15936.659441878557,169.6359167203853,0
univ3-conc-c2,350,10000,1009.8606807670689,-1668.0855164680493,1668.0855164680493,-658.2248357009804,216047.69561044965,28137.871879488874,0.8847684891096266,10915,7518,332898.38399343984,1.2807004889118405,1.3346003796497499,228.07004889118406,2192.5737733037386,37.16394604801527,0
univ3-conc-c2,351,10000,274.9613814088364,-662.5353651592916,662.5353651592916,-387.57398375045517,119115.04339838953,21371.81764625429,0.8478731926435258,6965,6539,258248.13459859928,-0.319466771176215,0.36126142073090073,68.0533228823785,13801.983155214166,141.52990195223055,0
univ3-conc-c2,352,10000,981.4915769881338,-2690.061917882039,2690.061917882039,-1708.570340893905,250979.13569107844,43789.206365731996,0.8514453551552271,11705,8277,514589.33085094864,0.3201573955750371,0.7031485500144333,132.0157395575037,7240.217338578606,75.13661845490097,0
univ3-conc-c2,353,10000,433.6461315050147,-928.3847905702138,928.3847905702138,-494.7386590651991,171511.5648222025,47667.7093686734,0.7825172587844178,8331,6991,313215.11010645697,-0.3346791939278607,0.37510896933376964,66.53208060721393,14019.411789482612,144.46897762998216,0
univ3-conc-c2,354,10000,839.099698766427,-981.6782234058022,981.6782234058022,-142.57852463937525,243623.6253999739,32720.385769873414,0.8815954591114236,11750,5866,245618.36852815177,0.09857165739137144,0.1440231793657199,109.85716573913714,9060.584941836534,91.15506987045693,0
univ3-conc-c2,355,10000,928.6550480798842,-3507.2845419481964,3507.2845419481964,-2578.6294938683122,209072.4087496401,25705.819523798917,0.890510207386606,8173,8554,685313.2973032806,-0.38934112709818547,0.8503818360456027,61.06588729018145,14834.579744269236,154.18981019057375,0
univ3-conc-c2,356,10000,305.2032210253854,-305.90244011538203,305.90244011538203,-0.6992190899966317,100200.9846351247,28565.516884344648,0.7781603402494742,4816,2065,79968.5755150423,0.022579101635546835,0.07270447112285751,102.25791016355468,9776.729983953133,97.80831608080179,0
univ3-conc-c2,357,10000,446.59637789982304,-459.2335901526207,459.2335901526207,-12.637212252797667,104448.32215649758,6103.766222141332,0.9447883227566354,4405,2362,95835.10968157397,0.022767757274730797,0.09055643700968802,102.27677572747308,9774.885474645327,98.8813785647594,0
univ3-conc-c2,358,10000,286.8275752892556,-1673.9173833803372,1673.9173833803372,-1387.0898080910815,109822.71880725065,21424.985402231716,0.8367591606171212,7147,7970,453399.74501606595,-0.3360651272334434,0.529227204743429,66.39348727665566,14039.418300922891,144.43542147189282,0
univ3-conc-c2,359,10000,479.5170663747308,-522.9568703870646,522.9568703870646,-43.43980401233375,158812.3186312932,39025.55797123353,0.8027397046439231,7441,4032,149146.56710491996,-0.05869944503615699,0.14304080466070473,94.1300554963843,10604.744425301324,106.20999279808248,0
univ3-conc-c2,360,10000,376.215402165248,-387.23100648825977,387.23100648825977,-11.015604323011758,112366.83817793084,14210.960497652182,0.8877294387614162,5043,2512,99383.0312676675,0.03393139101150212,0.0721523256864502,103.39313910115021,9666.347206897157,96.80170645181772,0
univ3-conc-c2,361,10000,648.8414620517789,-1965.1653450048843,1965.1653450048843,-1316.3238829531056,145868.2420133154,29993.466465533933,0.8294485665755873,9196,8022,377171.4991259749,1.3389983788162056,1.4555670121399575,233.89983788162056,1979.6991656155894,35.89070504569022,0
univ3-conc-c2,362,10000,634.483251212071,-658.1431160022685,658.1431160022685,-23.659864790197503,213803.67101444246,24722.39948348853,0.8963534701599716,11678,4137,167859.0416487917,0.027730872953595026,0.08553009743387122,102.7730872953595,9726.484523903397,97.38404598995342,0
univ3-conc-c2,363,10000,477.37525952819846,-551.4403316445499,551.4403316445499,-74.06507211635147,144198.66775961415,23191.942864165972,0.861450156745702,6595,4478,161050.14747433786,-0.049463566232546725,0.10093262487632927,95.05364337674533,10507.17990263674,105.30057743395567,0
univ3-conc-c2,364,10000,398.138697944413,-1284.262765127046,1284.262765127046,-886.1240671826329,94879.3527450565,21915.45318018241,0.8123593510296115,4628,7613,345991.14498169516,0.25179198298434075,0.6476826441644437,125.17919829843407,7763.635184332972,78.58188494603716,0
univ3-conc-c2,365,10000,612.4136247086886,-924.3028433873504,924.3028433873504,-311.8892186786618,198869.05080114034,38957.529817956085,0.8361935418802049,9207,6624,274761.9153564784,0.049228490706844215,0.19476964155126822,104.92284907068442,9519.542172353618,95.25272921915307,0
univ3-conc-c2,366,10000,335.5153013180729,-501.2108229749363,501.2108229749363,-165.69552165686343,145111.29506902184,18836.897321748398,0.8851045745179631,10814,5499,182327.3631192803,0.11549836938391395,0.19048172716516076,111.5498369383914,8908.075930477777,89.16800316112867,0
univ3-conc-c2,367,10000,407.20318761290736,-484.7591761350533,484.7591761350533,-77.55598852214592,141218.5845741902,18511.20477177884,0.8841092519587299,7866,4530,155902.35144730497,-0.022143384509731162,0.08531072398034269,97.78566154902688,10223.913605057844,102.15133618218331,0
univ3-conc-c2,368,10000,203.8776362903589,-1737.9446095971352,1737.9446095971352,-1534.0669733067764,110749.72831848472,24522.19175578872,0.8187192749069846,10540,8044,435160.51920693566,0.9284995231337185,1.2719909539239926,192.84995231337186,3658.9089003708928,46.64121858200154,0
univ3-conc-c2,369,10000,601.4088729576239,-2609.3836456844274,2609.3836456844274,-2007.9747727268036,174311.80469141557,28932.54097206704,0.8576465147031865,9531,8291,583951.0262977575,-0.4146118841949912,0.5926773436071577,58.538811580500884,15230.441157356241,159.14475917761348,0
univ3-conc-c2,370,10000,566.5921049692291,-692.6630442129851,692.6630442129851,-126.07093924375602,158468.34968769134,26280.40782966555,0.857750557119733,6852,5189,194145.63491162183,0.007799360849497248,0.14277884844601005,100.77993608494972,9922.309945286506,99.22440146244203,0
univ3-conc-c2,371,10000,408.62378606704385,-2430.0955780379923,2430.0955780379923,-2021.4717919709483,119926.09033735745,26638.910130637367,0.8182450786642308,5416,8319,524182.84385875514,0.6207568116127706,0.791282475796271,162.07568116127706,5262.787553555469,58.151763025720285,0
univ3-conc-c2,372,10000,225.23222805981186,-2034.2812647346216,2034.2812647346216,-1809.0490366748097,105895.99144917933,16539.22994198252,0.8649144441112888,7575,8191,508020.6625867549,-0.15538376386240899,0.4790099420257991,84.4616236137591,11684.730752035972,117.61770074891827,0
univ3-conc-c2,373,10000,219.5678546207409,-849.7149840180303,849.7149840180303,-630.1471293972895,81553.01417483317,14300.533158134394,0.8508085140713836,4814,7061,297488.01641713,0.022163655043227523,0.2320981096471624,102.21636550432275,9780.793270601629,97.85218742429431,0
univ3-conc-c2,374,10000,187.93872208409533,-538.5363015864621,538.5363015864621,-350.5975795023667,72409.88454540857,11341.647993433164,0.864579815441906,4502,6167,212174.4404195956,0.053375909601195135,0.3233581333239621,105.33759096011951,9480.116288813833,94.7746136680901,0
univ3-conc-c2,375,10000,1087.2363205155914,-2470.8273434412,2470.8273434412,-1383.5910229256085,250260.97353063693,24572.71323251011,0.9105906065522202,11305,8075,494441.1854961275,-0.4038675979858366,0.5692230312961448,59.61324020141634,15060.602410546202,155.8141834348393,0
univ3-conc-c2,376,10000,477.9846734623775,-3154.07481303809,3154.07481303809,-2676.0901395757123,163173.6501234893,35380.57075691684,0.8218090222406937,7926,8479,705989.1203672576,-0.6450462904934529,0.847639278903474,35.495370950654724,19521.387808021715,217.7149092138442,0
univ3-conc-c2,377,10000,418.9648730677064,-610.8944121129732,610.8944121129732,-191.92953904526684,166970.20864924186,25021.315800545013,0.8696748938670518,9873,5925,211465.30759672594,0.43082203706853134,0.48756068835479427,143.08220370685314,6455.350658627856,67.52459434563514,0
univ3-conc-c2,378,10000,498.5939075963022,-1852.6210320246146,1852.6210320246146,-1354.0271244283124,164422.84209976956,36838.31709727278,0.8169626109466722,8215,7980,457323.12355790904,-0.048705091402714513,0.32194311519194413,95.12949085972855,10499.208952579584,104.99722800548626,0
univ3-conc-c2,379,10000,353.6905726777488,-741.2559959311246,741.2559959311246,-387.56542325337585,128946.66714376927,19457.100872577204,0.8688907894142281,7384,6530,250302.54927373285,-0.07286169495237957,0.2624369147924081,92.71383050476204,10756.165917249695,107.09477794308499,0
univ3-conc-c2,380,10000,231.357182974313,-1745.2484896760827,1745.2484896760827,-1513.8913067017697,90732.93133362502,20691.510786188774,0.8143000728337562,6658,8050,429134.94155802764,1.270811212887203,1.3942764846879276,227.08112128872028,2229.4371762836213,37.25852570816146,0
univ3-conc-c2,381,10000,326.48323018145743,-439.37460903635724,439.37460903635724,-112.89137885489981,104059.78628839964,6479.07060543727,0.9413864880866295,6484,4718,150572.45232238385,-0.00633331198434405,0.10601259476213912,99.3666688015656,10063.534852988852,100.82310097088454,0
univ3-conc-c2,382,10000,131.98124156065958,-2056.3681952010174,2056.3681952010174,-1924.386953640358,60222.93451718295,9505.811089101351,0.863674428581078,5609,8206,448490.2663832186,0.45388704108467065,0.8689206442185676,145.38870410846707,6300.681713551692,66.42757372228675,0
univ3-conc-c2,383,10000,333.00626228438455,-646.0221118344648,646.0221118344648,-313.01584955008025,98048.70771000946,22047.58990146736,0.8164174055324048,4511,6264,220062.39638984652,0.33755365554143535,0.46190850070531725,133.75536555414354,7111.9146302716845,73.20381602030669,0
univ3-conc-c2,384,10000,317.40807334017796,-659.5386591710541,659.5386591710541,-342.1305858308761,113456.42268853499,18983.064989095776,0.8566661248697806,6018,6281,232767.51883790866,0.17585833632671752,0.2301208908895485,117.58583363267175,8383.552642338735,84.48340316634926,0
univ3-conc-c2,385,10000,160.73524257353705,-1682.1722594351809,1682.1722594351809,-1521.4370168616438,55292.210756051434,9578.390453780054,0.8523462049812419,4408,7977,462230.84922486,-0.04494046692013867,0.4991398362893306,95.50595330798613,10459.735845551726,104.61406622725117,0
univ3-conc-c2,386,10000,261.8827633656808,-307.9537367250256,307.9537367250256,-46.070973359344805,136519.6535505909,30905.45340764223,0.8154072948249507,9230,3834,122741.86651713029,0.06467783341087582,0.08896768789390479,106.46778334108758,9373.48351089954,93.76261887180742,0
univ3-conc-c2,387,10000,386.5603383863618,-1673.767503825588,1673.767503825588,-1287.2071654392262,166833.042287522,28468.67606342029,0.8542323318821792,11312,7951,453946.553411111,-0.3717127249113195,0.44681649473677704,62.82872750886805,14565.710086036677,150.68622293412932,0
univ3-conc-c2,388,10000,574.9985251888628,-2574.972174040826,2574.972174040826,-1999.973648851963,201268.66479638254,34686.46043977886,0.852995520207234,10031,8369,577291.4649370414,-0.02941305174498922,0.4689187497747752,97.05869482550108,10298.521735793323,102.91410981530791,0
univ3-conc-c2,389,10000,651.5070342230075,-1045.7463049869757,1045.7463049869757,-394.2392707639682,119171.31594644845,16372.165199093353,0.8792109730344502,5024,6640,244982.05397195046,0.8082477831685978,1.0185102764322458,180.82477831685978,4243.787730542893,50.707941737509806,0
univ3-conc-c2,390,10000,337.4429905390651,-352.75638634846376,352.75638634846376,-15.313395809398685,153819.77090814177,20618.384982219668,0.8818011754539596,10141,3403,118695.61320639767,0.17890220988097028,0.19520067814181574,117.89022098809703,8357.871404174879,84.43827250739176,0
univ3-conc-c2,391,10000,315.9281872763111,-1742.1813768435484,1742.1813768435484,-1426.2531895672373,142783.8306344604,30029.93210113184,0.8262295107416988,9044,8003,459238.3836143524,-0.3609453252599358,0.5172766947318876,63.90546747400642,14404.329841289391,148.86748956424333,0
univ3-conc-c2,392,10000,249.62794149394205,-805.0697535223385,805.0697535223385,-555.4418120283965,83426.50614561583,10102.028246877178,0.8919898797463889,5079,6935,274332.042692693,-0.10375564954172703,0.34555244911780364,89.6244350458273,11094.329580742738,111.24275701570009,0
univ3-conc-c2,393,10000,654.6679710468654,-1349.1822309241759,1349.1822309241759,-694.5142598773105,196225.38331494364,47640.31563221464,0.8046452787829849,10658,7442,333681.76982076507,0.5840403452598264,1.247264299154515,158.40403452598264,5479.653567611583,59.912073026557394,0
univ3-conc-c2,394,10000,735.0405037916777,-941.8951681920306,941.8951681920306,-206.85466440035293,209127.3765657634,41146.69388472614,0.8355934603586271,9730,6163,243637.03972492492,0.13298859999940504,0.3598512361275499,113.2988599999405,8753.032476107504,88.08142200921634,0
univ3-conc-c2,395,10000,212.6111306317166,-1658.729140060254,1658.729140060254,-1446.1180094285373,73858.50513735482,9706.299411882754,0.8838470398603797,4596,8001,422733.6671953156,-0.3946952651840874,0.5706391567397366,60.530473481591265,14917.410332828145,155.1184015835788,0
univ3-conc-c2,396,10000,456.8455198389766,-459.13018146495017,459.13018146495017,-2.2846616259735697,147011.44108478012,33919.00951713776,0.8125301219098483,6652,2750,116441.04283375805,-0.03350928292192535,0.05904664896077222,96.64907170780747,10340.803447305847,103.43715369072217,0
univ3-conc-c2,397,10000,350.37314721682776,-1219.0214308073887,1219.0214308073887,-868.6482835905609,133934.79675872275,33502.654047830874,0.7999094355148917,8001,7594,358689.8976060911,0.24342872211502894,0.3649481219849784,124.3428722115029,7829.855958097279,79.41108286165839,0
univ3-conc-c2,398,10000,219.72084900937813,-2934.8369403058373,2934.8369403058373,-2715.116091296459,102887.15251105283,14753.154927490034,0.8745909862978103,5550,8512,686511.799494688,-0.5800176366058101,0.833515864119762,41.998236339418995,18169.42591413717,198.38121121080906,0
univ3-conc-c2,399,10000,121.40454985901322,-130.67690029580768,130.67690029580768,-9.272350436794468,73666.02148349532,10244.98662127739,0.877906524392064,6666,2058,58869.02364317385,0.042919044223242796,0.07794643323631945,104.29190442232428,9579.82685998071,95.64050066528185,0
univ3-conc-c2,400,10000,558.5261483479944,-1152.3012280966411,1152.3012280966411,-593.7750797486467,165603.7405813509,21469.14498584163,0.8852364685520908,7348,7263,334735.1730099176,-0.04604998567419642,0.25946475536606356,95.39500143258036,10471.353697784682,104.7825873962232,0
univ3-conc-c2,401,10000,124.37119129600954,-264.7455163164939,264.7455163164939,-140.37432502048432,56365.87871781947,9753.864486510734,0.8524818153578074,4050,4702,131971.272018994,0.19724767086979483,0.2113660369866109,119.72476708697948,8204.596471574345,82.87062419917793,0
univ3-conc-c2,402,10000,727.1085447202794,-728.7200027047821,728.7200027047821,-1.6114579845027492,224852.6577216477,27446.68859198303,0.8912137942764848,10217,3643,169573.94571676158,0.00510086158665743,0.062153929465976886,100.51008615866574,9949.121832005396,99.80422989275071,0
univ3-conc-c2,403,10000,422.40939807872667,-1319.3038263618657,1319.3038263618657,-896.8944282831391,165297.3660760886,24601.075874516955,0.8704514074901366,9771,7671,370739.158529278,0.24282026481921776,0.29842116005966235,124.28202648192178,7834.693095821803,79.5186281759675,0
univ3-conc-c2,404,10000,325.18367100398416,-904.0722890219574,904.0722890219574,-578.8886180179733,123110.92345714376,34565.467397025786,0.7807822261165629,5884,7105,308016.54084375326,-0.17750923928565043,0.30706676935917043,82.24907607143496,11947.989266435905,120.4283501745212,0
univ3-conc-c2,405,10000,88.782683151178,-2449.0163530329355,2449.0163530329355,-2360.2336698817576,45167.856010482414,12018.228053437186,0.7898399890434211,4300,8423,536992.411010642,0.38922069845429774,0.6064608748319145,138.92206984542977,6741.870734832101,70.0721854917118,0
univ3-conc-c2,406,10000,309.2626329304824,-1051.176811822497,1051.176811822497,-741.9141788920147,128405.6339375848,14212.260997811514,0.9003472810740233,9365,7434,329273.4160236343,-0.13844518251779958,0.29438241766211065,86.15548174822004,11487.41747644165,115.35967467289188,0
univ3-conc-c2,407,10000,206.58116121004815,-514.5108305912382,514.5108305912382,-307.9296693811901,74098.06365168732,10164.582256981337,0.8793702458857201,5140,6166,212228.8152311762,-0.046720782663478955,0.15170961517627218,95.3279217336521,10478.383814607709,104.9332958814478,0
univ3-conc-c2,408,10000,473.7863898682634,-1305.550538105015,1305.550538105015,-831.7641482367516,121994.2522565924,23027.49409663059,0.8412135098653167,7674,7541,318360.9061976951,0.38586933421142733,0.8925188659887923,138.58693342114273,6765.387511375905,70.17455432988118,0
univ3-conc-c2,409,10000,290.2548220380632,-2213.2255164879643,2213.2255164879643,-1922.9706944499012,123840.06542483524,46357.75359710012,0.7276242794208458,6010,8181,576102.7014250185,-0.1710520408576585,0.8205016550269003,82.89479591423415,11870.500534761555,119.38920600185742,0
univ3-conc-c2,410,10000,411.7339948247211,-1725.5214851941898,1725.5214851941898,-1313.7874903694687,105481.02067193187,31129.91781151535,0.7721271945197326,4761,7905,407544.0819608597,1.2175490816471242,1.4604848856403956,221.75490816471242,2431.8750488730375,38.63694140995803,0
univ3-conc-c2,411,10000,325.6730110557146,-2308.3424485100654,2308.3424485100654,-1982.6694374543508,108060.74303170214,22062.104969287713,0.8304517207529927,5896,8229,537348.6829753353,-0.13670494025891913,0.39567160054250344,86.32950597410809,11467.348884710489,115.05567820961065,0
univ3-conc-c2,412,10000,190.1861453151598,-1770.8777403325846,1770.8777403325846,-1580.6915950174248,108435.99815581385,14260.576244702417,0.8837736398560577,9244,8096,492461.17043758655,-0.36686443510101874,0.5611282674365455,63.313556489898126,14492.781170532553,149.97496318984773,0
univ3-conc-c2,413,10000,379.3094708109446,-940.6996336151839,940.6996336151839,-561.3901628042393,142368.73022708707,31791.926875184192,0.8174563222018896,8442,7010,292529.4911772258,-0.10300270098356065,0.4993494864532093,89.69972990164393,11085.957084803917,111.05521381129603,0
univ3-conc-c2,414,10000,656.2602557408586,-1056.300272633092,1056.300272633092,-400.0400168922333,221793.47163251654,46208.77491770795,0.8275806433993893,11585,6932,296369.9931460039,0.36213552984196357,0.3884019267488907,136.21355298419635,6933.8385552440395,70.54611788601315,0
univ3-conc-c2,415,10000,332.3110868955656,-356.04047260198644,356.04047260198644,-23.72938570642083,120671.1102163696,20741.750394338596,0.8533248651872052,5790,3072,111020.4541505543,-0.01722256648980135,0.08835101336067268,98.27774335101986,10173.722097808535,101.89334590755318,0
univ3-conc-c2,416,10000,196.59610663820638,-394.528517899921,394.528517899921,-197.9324112617146,85563.32335413567,6492.585460498174,0.9294712795289239,6268,5409,175016.64352689523,-0.10632714200470446,0.20431382499449127,89.36728579952955,11122.974428774243,111.54540870840175,0
univ3-conc-c2,417,10000,334.7178426378187,-470.4905897804603,470.4905897804603,-135.7727471426416,127875.75492565513,31184.957197942542,0.8039430555691819,7254,5235,174828.8753325052,-0.06823283904417891,0.10930367423319395,93.17671609558211,10706.430327831744,107.07520351566187,0
univ3-conc-c2,418,10000,263.9094983037065,-1004.016831043199,1004.016831043199,-740.1073327394924,97305.62945511554,3838.7585418698955,0.9620467470524977,5425,7269,341256.70262526197,-0.38738059676655595,0.4520389122160047,61.261940323344405,14804.386724647084,154.00157860553227,0
univ3-conc-c2,419,10000,243.32782108172668,-394.807289025647,394.807289025647,-151.4794679439203,107225.51270369178,17049.544336885556,0.8628079942758049,7746,5132,164185.0763255582,-0.03597166568177244,0.12664703498623864,96.40283343182276,10366.305724262793,103.70456875739303,0
univ3-conc-c2,420,10000,338.15373519378585,-1967.5223380035998,1967.5223380035998,-1629.3686028098139,125755.6352886183,31945.981998519997,0.7974276830633023,10138,8165,417094.6845815003,0.4674798039422538,1.5092698195290284,146.74798039422538,6210.8859365027765,65.58705845503661,0
univ3-conc-c2,421,10000,161.48940651655064,-1278.3288364468422,1278.3288364468422,-1116.8394299302915,65230.604301049956,10568.516464547207,0.8605720441371673,4129,7719,386875.89175404696,-0.12376617184102273,0.31404819099188375,87.62338281589773,11319.306577865334,113.96973346125885,0
univ3-conc-c2,422,10000,134.44825030518496,-967.6251453549826,967.6251453549826,-833.1768950497976,63810.31881315719,14968.76375726579,0.8099906311566302,4843,7363,334822.76199947094,-0.3292912704433418,0.4273675831991873,67.07087295566582,13941.950073923981,143.2724004731088,0
univ3-conc-c2,423,10000,136.22594611612433,-406.7010660285493,406.7010660285493,-270.47511991242493,56563.17579067535,7973.521402594968,0.8764498068638935,4477,5750,187903.50000426255,-0.24105366870921144,0.27984283162149864,75.89463312907885,12740.89458384428,129.30019002215653,0
univ3-conc-c2,424,10000,344.05353010324427,-974.1211810096964,974.1211810096964,-630.0676509064522,110531.5257461251,13504.819790072042,0.8911220761004204,6714,7245,293069.2385235443,0.48175854113821487,0.6568474191092011,148.1758541138215,6117.617575115094,64.94421331010906,0
univ3-conc-c2,425,10000,378.1298875912071,-1938.7539122331364,1938.7539122331364,-1560.6240246419293,117010.00529227452,22186.206333638773,0.8406119960127671,5655,8080,483733.9428370965,-0.15086068386323617,0.5882306154712242,84.91393161367638,11631.688628446056,118.38385301113112,0
univ3-conc-c2,426,10000,378.8912931064725,-405.6365115877866,405.6365115877866,-26.745218481314055,152412.18796546137,16834.740267454534,0.9005314870808956,9700,3611,127041.54259666146,0.04547575872084636,0.11587784852424392,104.54757587208464,9555.353553528981,95.29531009585322,0
univ3-conc-c2,427,10000,304.4952186353429,-2129.90280090249,2129.90280090249,-1825.407582267147,112812.35992984413,21026.09031325119,0.8428994786247092,7511,8192,470556.6284365068,0.28170498937061295,0.7944395440506244,128.1704989370613,7530.756251606575,76.86609659728674,0
univ3-conc-c2,428,10000,261.01963305394025,-739.2993959171243,739.2993959171243,-478.2797628631841,141581.54435137918,15184.585676687386,0.9031386073384039,10348,6817,293821.2326887246,-0.5675303849508453,0.5838991970131352,43.246961504915475,17923.862098238744,194.90843545565022,0
univ3-conc-c2,429,10000,1026.2340512427206,-1316.8689137035412,1316.8689137035412,-290.6348624608206,267291.91669223586,13242.316439342176,0.9527960766444815,10551,6538,313526.2306893886,-0.2571474160922307,0.3431336484471774,74.28525839077693,12950.888714917326,131.93445052589976,0
univ3-conc-c2,430,10000,315.69737708501685,-1153.3742582872933,1153.3742582872933,-837.6768812022765,131981.90981933507,32439.841565478942,0.80270346658967,8384,7477,356743.18173634046,0.13871042468200728,0.27967155965595336,113.87104246820073,8702.86143730094,87.42609396551642,0
univ3-conc-c2,431,10000,460.54295770536,-473.08602900305516,473.08602900305516,-12.543071297695178,177985.93511823702,11865.623188349155,0.9375005225441043,10582,3405,135701.77357072695,-0.1404341863627876,0.15770241517476635,85.95658136372124,11510.40046510812,115.61020348028701,0
univ3-conc-c2,432,10000,448.34790720468794,-1872.5320485688505,1872.5320485688505,-1424.1841413641625,100858.82438452943,20706.125541520876,0.8296702663545973,5827,8068,397099.07196298847,0.6761760173601266,1.0972879229578993,167.61760173601266,4946.723546886774,55.8637384565773,0
univ3-conc-c2,433,10000,645.2561600705695,-2006.8977609588067,2006.8977609588067,-1361.641600888237,148004.8599976631,47380.49706778516,0.7575023134824065,7856,8053,386257.806835268,1.6766071277165264,1.9276586579723607,267.66071277165264,879.6717212704938,29.59092273044651,0
univ3-conc-c2,434,10000,255.07197923756135,-823.3050384766544,823.3050384766544,-568.2330592390931,93710.02875351504,9635.02968951911,0.9067683560812911,6803,7032,271128.0824398664,0.30804406162405146,0.5153401590065425,130.80440616240514,7330.6986547899105,75.05302836475634,0
univ3-conc-c2,435,10000,690.4988288989042,-772.5926867887465,772.5926867887465,-82.0938578898423,235767.8724003007,31082.2581121028,0.8835216679399073,10915,5107,215848.94374752435,-0.2699803616181684,0.2833291200640917,73.00196383818316,13121.134720429289,133.83458281712393,0
univ3-conc-c2,436,10000,296.8109767043789,-398.49367736385454,398.49367736385454,-101.68270065947564,123298.44722808234,22287.29548196798,0.846912925214418,8527,4778,148380.8999791806,0.07802138558165453,0.2534597675408098,107.80213855816545,9249.081165331982,92.19011207615675,0
univ3-conc-c2,437,10000,279.61517383058384,-400.5119386898868,400.5119386898868,-120.89676485930295,102853.81606751724,18127.247832997793,0.850164585691657,6299,4809,144884.01284511204,0.5953278922142695,0.6624191611742881,159.53278922142695,5412.3301980464585,59.333780437215594,0
univ3-conc-c2,438,10000,149.67097545949161,-1752.1712856516247,1752.1712856516247,-1602.500310192133,73534.80186237261,15387.88369642815,0.826952103394889,5307,8106,468639.9236862541,-0.03340072735045567,0.33308127400945226,96.65992726495443,10339.680831016129,103.42552155893274,0
univ3-conc-c2,439,10000,735.9791996986526,-2644.8963874763563,2644.8963874763563,-1908.9171877777037,237015.55086393878,46633.5388447024,0.835594258763166,11044,8265,567092.4612503004,0.4798801736085738,0.6020587254119177,147.98801736085738,6129.825827233419,65.04314524380018,0
univ3-conc-c2,440,10000,187.74113771135956,-903.1212281605962,903.1212281605962,-715.3800904492366,111852.96604000675,15776.165689828973,0.8763905585190077,10509,7262,325205.2646186711,-0.12939232181693583,0.3887931161797986,87.06076781830642,11383.42826807729,114.23074103393479,0
univ3-conc-c2,441,10000,86.987119718703,-441.3076847526023,441.3076847526023,-354.3205650338993,50861.31508574533,13113.354190425609,0.79502271228919,4560,6190,200375.46775228952,0.43262675540887613,0.4487742943986595,143.2626755408876,6443.142672073515,67.50017776197232,0
univ3-conc-c2,442,10000,1176.6862501861451,-2259.9720833896813,2259.9720833896813,-1083.2858332035362,229889.8117997037,40410.22084552982,0.8504986460783456,10022,7988,415377.8570822867,0.8499506343820777,0.9079194859961877,184.99506343820778,4035.3635814931986,49.24764939711783,0
univ3-conc-c2,443,10000,538.374813054662,-592.7901842963017,592.7901842963017,-54.41537124163972,185337.06458492266,39362.05027069978,0.8248232962733683,9324,4501,168127.4957977228,0.05818990575731561,0.1641103550225138,105.81899057573156,9434.5535431121,94.36663547381654,0
univ3-conc-c2,444,10000,622.3527500868045,-1402.1514968572556,1402.1514968572556,-779.7987467704511,197927.20491182644,36306.40260452571,0.8449991741599628,11381,7618,365158.33532257006,0.18880335869722883,0.503671360343624,118.88033586972288,8274.829247084459,83.27319595062855,0
univ3-conc-c2,445,10000,121.34949202330058,-561.8292627891977,561.8292627891977,-440.4797707658972,72269.88363933189,9511.190070664932,0.8836993739603801,6178,6526,238478.29089627092,-0.09278077183021124,0.24928219869755822,90.72192281697887,10972.944449916102,109.9092269867585,0
univ3-conc-c2,446,10000,252.0788949024149,-2244.349323023127,2244.349323023127,-1992.270428120712,99242.93108481493,27070.50472725505,0.7856878442644001,4755,8245,560445.1266137554,-0.1727291816320556,0.5642085605001915,82.72708183679444,11890.574130970785,119.80019033788815,0
univ3-conc-c2,447,10000,243.5556871291476,-538.327851867885,538.327851867885,-294.7721647387374,112590.43253334257,25170.352714555404,0.8172894218825639,8397,6144,214660.7486577796,0.028173919753989054,0.1612771127213152,102.8173919753989,9722.175276867634,97.24092416885661,0
univ3-conc-c2,448,10000,437.06511820538276,-1978.7723908405596,1978.7723908405596,-1541.7072726351769,151721.34932790336,27443.153847018824,0.8468270591511897,9556,8121,452048.470393406,0.25438376101178933,0.7531160628331577,125.43837610117893,7743.2133277644225,78.63750169079104,0
univ3-conc-c2,449,10000,257.9426135089051,-532.5748846085086,532.5748846085086,-274.6322710996035,122153.96788177696,28899.041650820025,0.808682781361045,10370,6179,200692.13963702548,0.6876995195729109,0.7120244527265177,168.76995195729108,4882.640281796164,55.34013984938232,0
univ3-conc-c2,450,10000,203.90820930991575,-439.80235609807175,439.80235609807175,-235.894146788156,125109.70206464545,25314.05908042283,0.8317150236922343,11148,5791,193857.9878757522,-0.004930718596086763,0.15572330473345958,99.50692814039132,10049.429886854907,100.43729998502583,0
univ3-conc-c2,451,10000,187.14979538128554,-433.55609426220053,433.55609426220053,-246.406298880915,87173.85548754643,20930.194323821815,0.8063884344726853,5282,5762,193214.0623786896,-0.140440593630875,0.22431302037114761,85.9559406369125,11510.47439428664,115.67576703159847,0
univ3-conc-c2,452,10000,314.8545991269889,-1245.6270063481786,1245.6270063481786,-930.7724072211897,120115.76764872158,25754.99380657968,0.8234396423955619,8328,7653,350361.62694467104,0.4445596011107435,0.6271027309519914,144.45596011107435,6362.87805451564,66.93526093106411,0
univ3-conc-c2,453,10000,671.0296528724459,-1344.8011370403608,1344.8011370403608,-673.7714841679149,196689.75110171462,42249.09237966962,0.8231803093875724,10230,7430,339769.81259160524,0.3968065482502371,0.6341217542685925,139.6806548250237,6688.88352995368,69.62910628954926,0
univ3-conc-c2,454,10000,117.2776364988916,-1990.883525704677,1990.883525704677,-1873.6058892057854,55844.48005239263,8320.139487853392,0.8703313516472307,5326,8210,447934.1804407594,0.8685880544178124,1.341558523217023,186.85880544178124,3944.1759197074252,48.609308582368236,0
univ3-conc-c2,455,10000,470.5215444893236,-1267.016078882211,1267.016078882211,-796.4945343928875,124528.59711808062,38109.47398787587,0.7656792549940654,6969,7474,331952.6984315137,0.415505695838867,0.5642278190880955,141.5505695838867,6559.6906738249645,68.55504131725361,0
univ3-conc-c2,456,10000,377.5014521122168,-381.2933835956662,381.2933835956662,-3.7919314834494458,116111.87614768122,15226.944356128111,0.8840636431961373,5213,2322,98038.13400751604,-0.055672702349554584,0.08807496640529891,94.43272976504454,10572.668702941039,105.73620594054768,0
univ3-conc-c2,457,10000,718.4049028839424,-889.7469108599532,889.7469108599532,-171.3420079760108,249901.79556229754,50010.03550583382,0.8332508746729869,11839,6110,253452.07147526625,0.16809582080451704,0.21058677849138177,116.8095820804517,8449.372012164677,85.0943379522687,0
univ3-conc-c2,458,10000,261.0038362187242,-1231.9668564371998,1231.9668564371998,-970.9630202184755,131660.23652229688,28653.66800699935,0.8212652352824261,10694,7708,362960.105188832,0.6083401074286988,0.7630513913623943,160.83401074286988,5335.443726779177,58.4527547431518,0
univ3-conc-c2,459,10000,253.09548072875793,-1349.7367520545517,1349.7367520545517,-1096.6412713257937,78427.25123086714,20746.979380216875,0.7908027190896288,4336,7665,346277.48768868076,0.7027021406512455,1.0779768331519977,170.27021406512455,4800.0279592090355,54.759180549935586,0
univ3-conc-c2,460,10000,322.1167647205557,-1189.1577679098405,1189.1577679098405,-867.0410031892848,130928.46233594835,20720.214407355183,0.8633669950023475,9135,7562,356470.66231222975,0.23064459117459207,0.36091605859652875,123.06445911745921,7932.040939144715,80.3890781604229,0
univ3-conc-c2,461,10000,161.29104253799773,-175.70684795728064,175.70684795728064,-14.415805419282918,84331.42755133925,8975.780541921637,0.9038039962255616,6707,2395,73582.21267896635,-0.06736050589839251,0.08293111253749856,93.26394941016075,10697.083903402508,107.07658468719652,0
univ3-conc-c2,462,10000,796.6104836488769,-821.2314799318724,821.2314799318724,-24.62099628299552,243304.04778728593,35353.194467912646,0.8731301789187461,11527,4230,188303.46188454563,-0.03978632797654143,0.09671027113275102,96.02136720234586,10405.939649380203,104.15971191181474,0
univ3-conc-c2,463,10000,131.01431024924014,-138.92542992025056,138.92542992025056,-7.911119671010425,76234.79827626121,6532.241989228821,0.921076772006399,6537,2003,60215.87244822974,0.004301876098489714,0.035616994946342545,100.43018760984897,9957.073992817468,99.54678831296937,0
univ3-conc-c2,464,10000,213.1596331159962,-323.7466409375451,323.7466409375451,-110.58700782154892,106848.46131620271,11969.976607178232,0.8992582564088498,8424,4646,139403.62541711953,0.04243515671876011,0.18012876940123548,104.24351567187601,9584.46584576062,95.88776045030315,0
univ3-conc-c2,465,10000,496.0327550745892,-1045.347089141776,1045.347089141776,-549.3143340671868,152717.33141350176,33140.51036455575,0.821688931456922,7007,7066,319368.8603658514,0.023889087786080836,0.3167959436381584,102.38890877860808,9763.929612006703,97.65309966561432,0
univ3-conc-c2,466,10000,384.72279604422414,-629.5848149337087,629.5848149337087,-244.86201888948455,109225.82104197654,22755.703188098414,0.8275841764910227,5416,5946,205683.79940260143,0.3087965200022606,0.41409514567521966,130.87965200022606,7325.050348506563,75.03875251009258,0
univ3-conc-c2,467,10000,167.0946621201998,-168.842094670031,168.842094670031,-1.7474325498311885,71220.72949660603,8094.209652986524,0.897948485622357,4261,1601,56354.20806347966,-0.017550761586278014,0.05314736722695074,98.2449238413722,10177.061715899095,101.77994543370228,0
univ3-conc-c2,468,10000,404.27200652678283,-436.86883645123015,436.86883645123015,-32.59682992444732,109853.36764018121,5490.776248410843,0.9523965754714497,5523,3067,110821.31956814753,-0.036752183115649616,0.09638288969081443,96.32478168843504,10374.402432134057,103.89632848176089,0
univ3-conc-c2,469,10000,144.9640581864929,-938.5398932368482,938.5398932368482,-793.5758350503553,68443.8838575371,14976.21414242828,0.8204723501711243,5860,7309,315610.5226063905,0.09448282762314647,0.20584906971235525,109.44828276231465,9097.794573548721,91.26349732777008,0
univ3-conc-c2,470,10000,181.04036275820388,-745.6759167551713,745.6759167551713,-564.6355539969675,87985.56581647533,12263.444502492406,0.8776701688777462,6807,6998,286554.1627716354,-0.2653808243008892,0.2996393463164222,73.46191756991108,13059.82594644519,132.9398925875566,0
univ3-conc-c2,471,10000,151.49811292336744,-1554.4723827973523,1554.4723827973523,-1402.974269873985,71198.89665950027,15753.978670190772,0.8188216478125894,6377,7993,390981.5180437457,0.47175519530652593,0.8728425721507489,147.1755195306526,6182.846072334756,65.47061976477148,0
univ3-conc-c2,472,10000,718.2524451122881,-1718.856197438782,1718.856197438782,-1000.6037523264938,137653.03424343225,22317.716025817153,0.8604887706768028,7379,7663,359345.2088185015,0.24317948692571606,0.9546022763096522,124.3179486925716,7831.8369694608045,79.49324905523362,0
univ3-conc-c2,473,10000,543.2635767124517,-1260.0475716818332,1260.0475716818332,-716.7839949693815,184398.18665245592,32523.967116772124,0.8500661801865906,10105,7455,344109.97919308976,0.6414715111768922,0.6414715111768922,164.14715111768922,5143.096464392637,57.854180223578204,0
univ3-conc-c2,474,10000,981.1481625475825,-1226.839417602904,1226.839417602904,-245.69125505532145,270608.716985105,30351.478928539076,0.8991511856363624,11134,6535,300501.16389605997,-0.14813424913338324,0.2191170874701311,85.18657508666168,11599.841215124785,116.09748451979789,0
univ3-conc-c2,475,10000,408.79460017814154,-1831.501358764231,1831.501358764231,-1422.7067585860896,104198.03480683583,11893.846344038755,0.8975479919342391,7252,7964,398919.6207033814,0.8431882990966661,1.2564396244207026,184.31882990966662,4068.7452557345146,49.48173493297955,0
univ3-conc-c2,476,10000,427.1842443689612,-923.6228173987423,923.6228173987423,-496.43857302978114,187810.84850660161,36561.252008297575,0.837050810130158,11554,7065,304677.21805043845,-0.07965461399960361,0.23826670600076738,92.03453860003964,10829.587944730467,108.59601315210521,0
univ3-conc-c2,477,10000,261.6888649476573,-616.2967368581614,616.2967368581614,-354.60787191050406,126335.75633876711,23933.023038829928,0.840731899613753,8680,6414,242319.48799871944,-0.08792561456160314,0.20357201050029602,91.20743854383969,10919.689785758692,109.38881867964473,0
univ3-conc-c2,478,10000,218.61791475541625,-825.0823822136144,825.0823822136144,-606.4644674581982,71507.56149548163,21235.429617305468,0.7710292781965536,4346,7097,258248.29104009244,0.815889700993946,1.1800502536619506,181.5889700993946,4205.132630949413,50.407565765424664,0
univ3-conc-c2,479,10000,328.57120655517923,-1394.7404807301864,1394.7404807301864,-1066.169274175007,108356.64307886777,13886.782094987619,0.886400580847291,8621,7753,362464.31425618735,0.34852968656268585,0.5584303225708973,134.8529686562686,7031.94147338309,72.52114921339496,0
univ3-conc-c2,480,10000,430.06129222298006,-489.1111722296914,489.1111722296914,-59.04988000671136,180086.9225365614,25120.29099232921,0.877585731220932,10200,4525,163878.1463968057,-0.016696761181928678,0.10652708532706669,98.33032388180713,10168.374015453504,101.69001240386267,0
univ3-conc-c2,481,10000,300.4417844075764,-723.3482238807295,723.3482238807295,-422.9064394731531,160952.08834638022,17466.045227015424,0.9021061095237248,11543,6806,285347.29493376834,-0.3471985020666516,0.4800960397256451,65.28014979333484,14201.350675145095,146.35858597611372,0
univ3-conc-c2,482,10000,399.5597277902309,-1901.121022600784,1901.121022600784,-1501.5612948105531,159136.9198374635,33155.27692818408,0.8275786668109499,9006,8048,489157.478601543,-0.415564023726634,0.432580305730877,58.4435976273366,15245.603043247002,159.33411335403972,0
univ3-conc-c2,483,10000,379.237926516882,-1172.6120653082326,1172.6120653082326,-793.3741387913506,76517.93586394357,14977.281318735655,0.8363053088465593,4023,7356,327027.88919681334,0.08230382309440756,0.4892735710846668,108.23038230944076,9209.493729785672,92.25154665532128,0
univ3-conc-c2,484,10000,241.1898160161476,-1961.7554786324215,1961.7554786324215,-1720.5656626162738,125099.1789626771,33017.225771769874,0.7911840594451817,11357,8205,444869.2780221922,-0.07762469422541969,0.8909374669555595,92.23753057745803,10807.59310828102,108.23916588867387,0
univ3-conc-c2,485,10000,320.3522734951143,-613.6547795525803,613.6547795525803,-293.302506057466,129135.62801386724,25492.42572497829,0.8351371235129624,7392,6244,235984.59278910176,-0.17200381475379614,0.3125731583756702,82.79961852462039,11881.887740373297,119.5297720697439,0
univ3-conc-c2,486,10000,415.690597921661,-596.7324715179611,596.7324715179611,-181.04187359630015,101424.3846108418,5837.260329049532,0.9455792391369656,4611,5390,178319.8045790047,0.2669075488892716,0.35844119684243,126.69075488892716,7645.189053940313,77.7629685280421,0
univ3-conc-c2,487,10000,278.6403395358539,-2348.555279685046,2348.555279685046,-2069.9149401491923,101215.26009173617,22903.422453497355,0.8154715955420291,4572,8323,581217.9365006874,-0.4792786152607571,0.6302676715958864,52.07213847392429,16303.34320327808,172.84417558901163,0
univ3-conc-c2,488,10000,339.0784640321463,-1141.4401611396986,1141.4401611396986,-802.3616971075523,138698.58259739174,26172.178739114377,0.8412563966651663,7933,7442,361437.3102236516,-0.19423837047091339,0.368500178528356,80.57616295290866,12151.323066612184,122.67048292464139,0
univ3-conc-c2,489,10000,772.1458594488652,-847.4268745347802,847.4268745347802,-75.28101508591499,184157.9988727143,10343.999069970663,0.9468180317971912,6817,4667,194823.30110981493,-0.16981164169738405,0.2445215627935775,83.0188358302616,11855.677732334763,119.25194359041714,0
univ3-conc-c2,490,10000,383.621744406788,-476.80572415351224,476.80572415351224,-93.18397974672422,119237.17740370435,7799.82711757134,0.9386019282573287,6642,4495,151356.81954003795,0.02569631687278246,0.08709275763247674,102.56963168727825,9746.297038010167,97.31936629640732,0
univ3-conc-c2,491,10000,693.2525615909653,-739.5019325132016,739.5019325132016,-46.24937092223627,220761.84425320002,56925.958291647636,0.7950001484762591,11031,4810,187808.28639405558,0.23922265236598306,0.27064763344527193,123.9222652365983,7863.346744097501,79.77451593859573,0
univ3-conc-c2,492,10000,337.40450318700607,-510.88190631732675,510.88190631732675,-173.47740313032068,112877.76676707348,7347.287500136966,0.9388872182681075,5963,5290,183027.20751564865,-0.18772100545973985,0.27514092728395084,81.22789945402602,12071.661363699279,121.66367939265241,0
univ3-conc-c2,493,10000,531.3568395283852,-1700.387977176503,1700.387977176503,-1169.0311376481177,152082.72221792088,22269.49069091802,0.872272967922915,10151,7902,365502.96184958104,1.1490281145761005,1.5932820196638067,214.90281145761006,2702.3805415747747,40.56523644849904,0
univ3-conc-c2,494,10000,182.25245747837803,-919.1097090008969,919.1097090008969,-736.8572515225189,87271.54409382207,11211.325230755094,0.8861596406801968,7961,7317,304668.50155769615,0.528752887384901,0.6900187958337392,152.8752887384901,5818.090229678124,62.51250639959682,0
univ3-conc-c2,495,10000,457.93773078112145,-787.1436110782658,787.1436110782658,-329.2058802971444,134526.1670839891,18906.181691804166,0.8767783857664116,8087,6455,239732.5356763806,0.0698984911946458,0.2374620160521097,106.98984911946458,9324.620219769138,93.3622555485158,0
univ3-conc-c2,496,10000,307.2374288304226,-897.9913304356066,897.9913304356066,-590.7539016051841,116067.15730661253,34123.150140083686,0.7728005840044353,7229,7070,278927.3613782896,0.5035224841125375,0.609058204949044,150.35224841125375,5977.50296787103,63.81967609577817,0
univ3-conc-c2,497,10000,335.80630039071434,-1035.990813970843,1035.990813970843,-700.1845135801286,125293.12459916365,17330.68991845584,0.8784867031002397,7802,7346,339809.4396473347,-0.33446310985096817,0.5106799807927486,66.55368901490318,14016.295533465734,142.06103934942544,0
univ3-conc-c2,498,10000,184.67694222728517,-234.72809458195005,234.72809458195005,-50.05115235466488,116755.31318019505,15549.317966468878,0.8824733659607732,10653,3717,109595.98526754169,0.048486429254158026,0.07327759398322527,104.8486429254158,9526.613025490766,95.30359048196318,0
univ3-conc-c2,499,10000,136.94307332170717,-177.99173868654344,177.99173868654344,-41.04866536483627,77264.59754739341,8947.80554993326,0.8962120851702519,6440,3144,85944.5797562395,0.1376633153678556,0.1483366696501453,113.76633153678556,8712.022516401314,87.47165406845828,0
univ3-conc-c2,500,10000,554.5365529355237,-670.389305886762,670.389305886762,-115.85275295123836,171541.41907456,29858.307457177434,0.8517460377361921,7327,5142,195721.40486240582,-0.07864949924285866,0.16681737523539197,92.13505007571413,10818.691026284554,108.87813137566569,0
univ3-conc-c2,501,10000,518.3128880110952,-721.9041150223856,721.9041150223856,-203.59122701129036,128582.54291628336,25127.164443131776,0.8365284478463184,5408,5759,211191.64933560207,0.00031877854328229207,0.13142009509907665,100.03187785432823,9996.813256317828,99.87699805983084,0
univ3-conc-c2,502,10000,467.9705516528803,-1420.624495624735,1420.624495624735,-952.6539439718546,153782.28502168405,35695.63955022305,0.8116105629145388,8864,7694,355753.3925838953,0.2968969690526768,1.0478437623406163,129.68969690526768,7414.806111107445,75.81893143355069,0
univ3-conc-c2,503,10000,225.04381914773955,-594.5519340151506,594.5519340151506,-369.508114867411,109479.354041061,15023.823082732988,0.8793298016178757,8353,6516,238783.64831744466,0.02006341820998216,0.16158111864847996,102.00634182099822,9801.359271411513,97.94582952960913,0
univ3-conc-c2,504,10000,671.594175554325,-1699.840860480171,1699.840860480171,-1028.2466849258458,234102.24648568063,80340.34577464683,0.7444991621614258,11268,7899,420185.0560978544,0.4279475531562562,0.5125083782542361,142.79475531562562,6474.832382512743,67.85407064680061,0
univ3-conc-c2,505,10000,79.52410223506291,-1246.3514471838548,1246.3514471838548,-1166.827344948792,47293.60091768395,11594.89837890547,0.8031041966189654,4385,7690,383540.39097903913,0.22249958584000423,0.3484265467373102,122.24995858400042,7997.757755685632,80.97984172022159,0
univ3-conc-c2,506,10000,210.39245535149882,-1635.9996788137896,1635.9996788137896,-1425.6072234622907,125709.20334205842,22065.392081930706,0.850682101218944,10105,8027,473746.7683184065,-0.21310172550245696,0.5161520140057858,78.6898274497543,12385.164158682763,125.3239000523486,0
univ3-conc-c2,507,10000,213.19220876143413,-1037.2361915589363,1037.2361915589363,-824.0439827975022,87742.93414911677,11616.15812914512,0.8830891279017196,5695,7460,337994.22744714847,-0.14912521985527405,0.19527356938930168,85.0874780144726,11611.405682838262,116.76323549341127,0
univ3-conc-c2,508,10000,618.5916913224794,-646.5560473426365,646.5560473426365,-27.964356020157084,197376.13634267473,11492.161103093436,0.9449789113827706,10502,3979,160600.26012025663,0.05021279357494336,0.11120814973551375,105.02127935749434,9510.170829457144,95.07703668238047,0
univ3-conc-c2,509,10000,521.3564781810375,-718.7639050780057,718.7639050780057,-197.40742689696822,199591.08936352542,65430.50136879736,0.7531125626859455,11037,6036,223497.5223684588,0.06645914919550705,0.2615076976358746,106.6459149195507,9356.78352618198,93.67146644680534,0
univ3-conc-c2,510,10000,521.7532730673848,-929.0339497528792,929.0339497528792,-407.2806766854943,157939.2201294648,34249.91639097301,0.8217905704189955,7582,6775,275536.2177506059,0.1392147673008523,0.3931337245222284,113.92147673008523,8698.45198484382,87.51734843932982,0
univ3-conc-c2,511,10000,430.9505452711763,-446.4839782579437,446.4839782579437,-15.533432986767423,182873.43787525417,39624.194259934244,0.8219118384331444,11033,3739,138784.8556279113,-0.03618152687907127,0.1008037879663614,96.38184731209287,10368.482253889415,103.86260754960776,0
univ3-conc-c2,512,10000,269.815664993592,-796.5779432349578,796.5779432349578,-526.7622782413658,133811.86123181527,18424.620049135097,0.8789736868974743,10751,6985,283294.3392380606,0.09987210735904284,0.2057305269921635,109.98721073590428,9048.780757872582,90.71353089466925,0
univ3-conc-c2,513,10000,761.1048168692787,-1832.9597748602537,1832.9597748602537,-1071.854957990975,212856.65097590152,55324.71433458289,0.7937041066573315,9947,7959,402346.5321227757,0.9439708201744403,0.9868202367906588,194.39708201744403,3587.128955024538,46.23435740383001,0
univ3-conc-c2,514,10000,246.76726835583742,-2266.2443777566477,2266.2443777566477,-2019.4771094008104,122641.60010579784,28640.6414343938,0.8106807438678468,9809,8347,559498.2594514864,-0.5900706177935447,0.5928450803571046,40.99293822064552,18370.280606154876,201.20910727615166,0
univ3-conc-c2,515,10000,313.8123340949227,-338.95560724207405,338.95560724207405,-25.143273147151376,132477.28811486956,16657.555358870668,0.8883054089113405,8563,3381,112495.09727245536,0.16415282739271858,0.1860816282969685,116.41528273927186,8482.985635276573,85.3506831389895,0
univ3-conc-c2,516,10000,517.2777720369033,-1870.7461395119492,1870.7461395119492,-1353.4683674750459,135207.1989571024,18800.68341101582,0.8779238885573573,6846,7976,410990.0483428287,1.2982015817001147,1.3061409601758986,229.82015817001147,2127.8780356897923,36.74187400178701,0
univ3-conc-c2,517,10000,876.4943708981208,-2669.496754795369,2669.496754795369,-1793.002383897248,203221.62016790287,39098.858603743996,0.838648145621282,10153,8248,469682.1303366523,1.4416708763636843,1.543847144488199,244.16708763636842,1622.3258631050228,33.76847659356618,0
univ3-conc-c2,518,10000,408.50077793155526,-714.7129267060452,714.7129267060452,-306.21214877448995,96992.90020937909,20974.452542514642,0.8222012103075023,4226,6233,218118.35554060014,0.3499583941941768,0.46982737082071824,134.99583941941768,7021.586379067922,72.43327741346008,0
univ3-conc-c2,519,10000,1069.9007143191714,-1079.3662867482474,1079.3662867482474,-9.465572429076019,273453.33049605135,40657.03577907302,0.8705644889686253,11556,4224,209220.6379462385,-0.04424704769434129,0.1392137810130147,95.57529523056587,10452.48194782326,105.0759677992,0
univ3-conc-c2,520,10000,417.11199007699054,-2854.319967517215,2854.319967517215,-2437.2079774402246,169925.11609061065,47740.05363746867,0.7806720583862431,9974,8464,645141.7855762056,-0.30191355180421936,0.844439876865145,69.80864481957806,13555.939500969253,138.28744481730243,0
univ3-conc-c2,521,10000,79.16110897170925,-2515.0047195049597,2515.0047195049597,-2435.8436105332503,54215.467877627496,9930.531771800679,0.8451886037153806,4989,8364,606833.780681468,-0.10185211727066232,0.7551610457601643,89.81478827293377,11073.175447302576,111.02052442371586,0
univ3-conc-c2,522,10000,208.38371221180634,-248.41313559092592,248.41313559092592,-40.02942337911958,94990.00147864818,10621.742321111627,0.8994265037300162,6757,3354,100460.80268232219,0.05442737452172224,0.11476442110688354,105.44273745217222,9470.146265517558,94.86528978636358,0
univ3-conc-c2,523,10000,209.13752823366946,-486.00029120166,486.00029120166,-276.86276296799053,98679.16177214844,8087.7191886421515,0.9242488015397555,7510,5889,205159.40745513397,-0.11156300068354341,0.19917493271579445,88.84369993164566,11181.539955452794,112.16467383836296,0
univ3-conc-c2,524,10000,291.0396708654872,-1118.9642638650498,1118.9642638650498,-827.9245929995626,81052.52122627338,33234.67810740626,0.7092003452602567,4734,7428,310653.6857672797,0.5599624290069184,0.7632819585231186,155.99624290069184,5625.247060875537,60.93384366556086,0
univ3-conc-c2,525,10000,296.8405731926371,-2624.803148367543,2624.803148367543,-2327.962575174906,94504.28400683354,17662.59252700079,0.8425329021114982,5864,8415,557095.7874166551,-0.03772161891511644,0.8648671481460738,96.22783810848836,10384.46841909495,103.88130537616819,0
univ3-conc-c2,526,10000,178.48238265018563,-845.9310104658143,845.9310104658143,-667.4486278156287,109062.29655886274,29345.52876500885,0.7879778206445994,10901,7197,301021.419755089,-0.04630945374919094,0.2281651219289364,95.3690546250809,10474.072668721537,104.74560557098565,0
univ3-conc-c2,527,10000,179.980671457653,-474.2541937895586,474.2541937895586,-294.2735223319056,85545.9554529454,16190.991161318338,0.840854363138039,6601,6067,200730.4732010312,0.21610323894907496,0.3503396702195775,121.6103238949075,8049.704578768781,81.35558103079696,0
univ3-conc-c2,528,10000,316.3861683819027,-1134.3084727973578,1134.3084727973578,-817.9223044154551,135606.22230630182,21964.188442649905,0.8606071511887835,9539,7528,343266.5638233259,0.12175633056852889,0.48430750805486267,112.17563305685289,8852.308130731724,89.07469559322297,0
univ3-conc-c2,529,10000,203.8187408143117,-256.22735177697797,256.22735177697797,-52.40861096266627,71993.96873036138,4781.118972055539,0.9377256462332243,4076,3269,95663.61328722349,-0.002233549457349824,0.06757796641283008,99.77664505426502,10022.360821841434,100.28336618752037,0
univ3-conc-c2,530,10000,437.4226419313975,-2134.3796948054087,2134.3796948054087,-1696.9570528740112,121094.7337592341,29230.768896120455,0.8055501669391607,5382,8284,476126.20310627215,-0.016766411053276045,0.5280484538795229,98.3233588946724,10169.082271400543,101.69769729782128,0
univ3-conc-c2,531,10000,661.8748853640401,-809.5586442979712,809.5586442979712,-147.68375893393113,212952.40404649367,20349.89509378421,0.9127745625792208,10698,5665,224057.34335342003,-0.0942102194764422,0.14257520353719755,90.57897805235578,10988.675549114343,110.13111417837389,0
univ3-conc-c2,532,10000,305.4550835836938,-1771.0787873900283,1771.0787873900283,-1465.6237038063346,140067.33245939467,31094.39174991001,0.8183332640895442,9454,7963,464897.12283293373,-0.21158470918680564,0.32371053314463494,78.84152908131944,12366.175915931239,124.74795167451322,0
univ3-conc-c2,533,10000,197.0992135122199,-2246.0039230727525,2246.0039230727525,-2048.9047095605324,90647.1321656674,20112.918160875004,0.818409994383551,6812,8265,524703.3941792472,-0.3261818822730679,0.6489084749321594,67.38181177269321,13897.473942945857,142.7729189741036,0
univ3-conc-c2,534,10000,421.81418104669916,-1966.3863862987682,1966.3863862987682,-1544.5722052520691,101181.6242486248,35649.19782434943,0.7394651491216131,6521,7779,384356.3093859149,1.426885474576531,2.000036312044978,242.6885474576531,1672.469638284108,33.98897758375087,0
univ3-conc-c2,535,10000,239.5299861335931,-1291.8610943443737,1291.8610943443737,-1052.3311082107805,60391.78995486016,29617.997905905726,0.6709469202202638,3832,5969,274656.3457444562,2.0000347538774044,2.0000358971885532,300.0034753877404,0.004051019655777595,17.266303552170353,0
univ3-conc-c2,536,10000,378.66937651667536,-439.50975907577316,439.50975907577316,-60.840382559097804,129383.78083294308,6347.796549645979,0.9532327209920112,9460,4118,131738.4759259495,0.15732043767983284,0.28072756637154894,115.73204376798328,8541.522481215849,85.9329445092417,0
univ3-conc-c2,537,10000,287.85327857692573,-364.6512516644656,364.6512516644656,-76.79797308753984,115769.42902052168,13018.135843318156,0.8989177576493388,7641,4270,133223.55197368903,0.14935832231106047,0.2435469136792223,114.93583223110605,8610.207730085269,86.57890930611123,0
univ3-conc-c2,538,10000,279.1908860534595,-2304.5299930943233,2304.5299930943233,-2025.3391070408638,80375.06369370951,22238.663344014334,0.7832778909215651,3995,8241,506524.9934652014,0.4919650930239362,0.5857871535914316,149.19650930239362,6051.6037573268395,64.3198757310599,0
univ3-conc-c2,539,10000,260.3786067213595,-765.0223808000887,765.0223808000887,-504.6437740787292,92004.19164697854,20487.149647606504,0.8178779858802102,5007,6794,265230.92789109406,-0.06599941274574561,0.33598200528658084,93.40005872542544,10682.518019158426,106.7799829552167,0
univ3-conc-c2,540,10000,610.1907177766363,-990.4029348572446,990.4029348572446,-380.2122170806083,202274.3177915156,35079.684941957756,0.8522052102009461,9805,6792,290686.9171771173,0.10134955828947781,0.1395224623815112,110.13495582894778,9035.387595147888,90.5869240700577,0
univ3-conc-c2,541,10000,312.2893461728346,-1773.0454813149424,1773.0454813149424,-1460.7561351421077,84449.47692259341,19545.86462072172,0.8120505752406162,4016,8074,417066.32463431975,1.0824023037636135,1.0950777152836135,208.24023037636135,2976.9364609860672,42.0996734967568,0
univ3-conc-c2,542,10000,329.22701355806703,-448.8929949095817,448.8929949095817,-119.66598135151469,152384.56301429513,22118.49247606385,0.8732486808674484,10408,5240,178400.29184936863,0.008763346015087166,0.2412039182876795,100.87633460150872,9912.749606556801,99.12963906929552,0
univ3-conc-c2,543,10000,222.71616639419224,-585.3715147414523,585.3715147414523,-362.6553483472601,74946.56452333779,7992.052969332908,0.9036389415336088,4670,6303,225640.4695850685,0.1991080867314102,0.20030096322131954,119.91080867314102,8189.195769981737,82.93519514019627,0
univ3-conc-c2,544,10000,523.9211637475247,-2362.5937695488224,2362.5937695488224,-1838.6726058012978,150855.8365454137,44180.865470353754,0.7734740948050792,7730,8223,507144.7949241664,0.18404793217166016,0.6985902187726677,118.40479321716602,8314.619607813196,83.85583403727492,0
univ3-conc-c2,545,10000,892.1200721995351,-959.2862190865145,959.2862190865145,-67.16614688697939,243307.26736758414,10245.788261080406,0.9595911465721572,11670,5082,216610.38478355372,0.07000905081149711,0.15999997006637387,107.00090508114971,9323.588199294263,93.23300619833327,0
univ3-conc-c2,546,10000,519.3821463598267,-3251.441508226442,3251.441508226442,-2732.0593618666153,205643.7141875568,19076.625487399266,0.915109484459696,11609,8503,694059.0041870164,-0.8550435927959978,0.8819707037419198,14.495640720400225,24936.033466010867,305.13540527244663,0
univ3-conc-c2,547,10000,233.82390176790398,-460.7914468298726,460.7914468298726,-226.96754506196862,111701.51863089808,18157.22924505646,0.8601770805429231,7924,5794,192703.44934997646,0.019242865383209278,0.14353543160752083,101.92428653832093,9809.405830371326,98.21059136074548,0
univ3-conc-c2,548,10000,209.24925612250414,-692.7447822621252,692.7447822621252,-483.4955261396211,93054.62339973886,17412.05595313054,0.8423773027746194,5006,6784,281799.2969835284,-0.4153360966783539,0.5090099679865805,58.46639033216461,15241.971418530575,159.14265862726558,0
univ3-conc-c2,549,10000,109.95409631152313,-255.0999952984767,255.0999952984767,-145.14589898695357,60197.21186677838,11811.997466505612,0.8359654608643803,5576,4735,134793.35045363277,-0.021438539895229952,0.2135797066841782,97.856146010477,10216.708895230475,101.7972663837582,0
univ3-conc-c2,550,10000,276.68445754172643,-780.4198146850445,780.4198146850445,-503.735357143318,109955.11683395307,22137.12365519784,0.8324116271082855,5518,6893,297789.7813723134,-0.24956717480840937,0.4913981260044927,75.04328251915906,12851.49918984836,130.97145669698696,0
univ3-conc-c2,551,10000,599.5748201246421,-1898.3360009298801,1898.3360009298801,-1298.761180805238,142448.24940143453,19219.703559905145,0.8811161816064979,6946,7938,417463.5536090882,0.41358220928299827,0.5801450115131379,141.35822092829983,6572.887723731168,68.6646416531645,0
univ3-conc-c2,552,10000,235.52881734879963,-677.8772413030998,677.8772413030998,-442.3484239543002,76781.46003821667,10887.42519277916,0.8758119809087084,5059,6555,227685.92558350132,0.6888779381479634,0.8046565519261185,168.88779381479634,4876.117798568917,55.18647110103805,0
univ3-conc-c2,553,10000,290.6038834430988,-658.2684168912986,658.2684168912986,-367.66453344819973,147877.2312294312,33731.77338797218,0.8142615590067515,9396,6606,255751.7314568729,-0.020012500074350327,0.22113374701007474,97.99874999256497,10202.148576750424,101.98080623911477,0
univ3-conc-c2,554,10000,362.2631654483247,-948.0120829948542,948.0120829948542,-585.7489175465295,119414.5986456625,39086.98258777797,0.7533968917937114,6583,7099,282547.0745448523,1.171152755881796,1.1735959886771692,217.1152755881796,2613.759426726518,39.7306217339827,0
univ3-conc-c2,555,10000,324.50661669407907,-1085.0482137439326,1085.0482137439326,-760.5415970498535,99620.95329297369,22264.62128263052,0.8173317772824705,6495,7389,322809.8750984434,0.009592157046432846,0.3433811770928648,100.95921570464328,9904.536961846672,99.0478883338801,0
univ3-conc-c2,556,10000,217.83028955678358,-1959.8309271906462,1959.8309271906462,-1742.0006376338627,129044.87918469387,17787.624474421227,0.8788577186171477,9770,8268,539845.2803249222,-0.5947972119120571,0.6605982089075622,40.52027880879429,18465.709204376388,202.7625046711033,0
univ3-conc-c2,557,10000,335.4837387201077,-1523.0307710533148,1523.0307710533148,-1187.547032333207,156248.1927356468,33663.24462794283,0.8227424051164764,11590,7919,406679.61458062177,-0.0647830187978549,0.6241945273138967,93.52169812021451,10669.518283662888,106.7344285451224,0
univ3-conc-c2,558,10000,332.63764540449574,-426.3922216613325,426.3922216613325,-93.75457625683674,132083.12277318444,14530.637257212233,0.9008917222080679,8593,4805,159715.41953920806,-0.14342622639001448,0.1966801970431881,85.65737736099855,11545.066510410128,116.09850474915106,0
univ3-conc-c2,559,10000,957.8595125561678,-2154.3020187851857,2154.3020187851857,-1196.442506229018,233896.97559774638,42970.88941005177,0.844796399868069,10956,8098,424572.57435760275,0.4006034865943113,1.273912336738074,140.06034865943113,6662.4876104538225,69.45967769035484,0
univ3-conc-c2,560,10000,270.8395943669434,-524.2457392542535,524.2457392542535,-253.40614488731012,94566.14290542749,20869.0135757119,0.8192144038967745,5169,5943,199742.45243558032,0.14191890789125294,0.22202235045360638,114.1918907891253,8674.845377970158,85.91916807170469,0
univ3-conc-c2,561,10000,297.3572081593648,-490.474475425553,490.474475425553,-193.1172672661882,103469.48043814836,5814.393976089552,0.9467954992696339,7139,5466,175580.61195903918,0.3552999031704255,0.3602132872917318,135.52999031704255,6982.983973412705,72.1248658647297,0
univ3-conc-c2,562,10000,453.62121530551747,-454.7305750517478,454.7305750517478,-1.109359746230325,143917.3713091604,3659.2792189550723,0.9752042128218791,7760,2528,111025.33383767134,0.0038587968502805836,0.04185175507978585,100.38587968502806,9961.48684672291,99.63677897888302,0
univ3-conc-c2,563,10000,532.2153827414435,-540.3938229088482,540.3938229088482,-8.178440167404688,165235.33042283234,15440.577951654219,0.9145399179637688,7804,3108,133785.44340466114,0.03785314718815314,0.06798110075183757,103.78531471881531,9628.500401486115,95.99120198730567,0
univ3-conc-c2,564,10000,716.7976914007386,-719.8265879907132,719.8265879907132,-3.028896589974579,208755.59651151404,35121.511098837065,0.8559868474619126,10522,3520,152948.59531634493,0.010772777256298695,0.11071175948206147,101.07727772562987,9892.850078295143,98.954955671467,0
univ3-conc-c2,565,10000,481.8957389004962,-2052.5385492915134,2052.5385492915134,-1570.642810391017,156586.6524281905,41685.00299750162,0.7897581330624224,7404,8094,501242.43638528313,-0.6466294404963354,0.6466294404963354,35.33705595036646,19555.92183309872,218.39122965706557,0
univ3-conc-c2,566,10000,426.4846851905671,-910.9148270957585,910.9148270957585,-484.43014190519136,129946.26233757017,15328.36269427612,0.8944869918547997,6764,6953,286164.92981880344,-0.0830085165896341,0.21065505352319946,91.69914834103659,10866.03046465568,109.61850464730547,0
univ3-conc-c2,567,10000,776.6712974250221,-1542.7454116243562,1542.7454116243562,-766.0741141993341,198108.06440640724,21979.125294939622,0.9001344634153184,10361,7613,348546.78512715874,0.7940639403829661,0.8632001484064111,179.4063940382966,4316.094445667382,51.24606829775438,0
univ3-conc-c2,568,10000,217.10420503345222,-303.02881401980494,303.02881401980494,-85.92460898635272,113505.03205736243,10734.951644472294,0.9135950333812402,9779,4487,135489.67664378762,-0.11419974140989908,0.1643899241291294,88.58002585901009,11211.156274900066,112.53721362883763,0
univ3-conc-c2,569,10000,1114.6833263751837,-1122.7838337272683,1122.7838337272683,-8.100507352084605,242663.77400410364,12353.315503245794,0.9515588718892904,9127,3756,196399.02840997564,-0.024217264255612606,0.11551936308679231,97.57827357443874,10245.141675904777,102.45326020043706,0
univ3-conc-c2,570,10000,751.5747992680109,-1998.0159687205235,1998.0159687205235,-1246.4411694525124,199114.95638957332,48225.636314223106,0.8050233656067288,9334,7977,412965.08470677695,0.9389360426635517,1.227698586773074,193.89360426635517,3610.405115127,45.819512705477635,0
univ3-conc-c2,571,10000,1006.6074669322817,-1464.7749173778764,1464.7749173778764,-458.1674504455947,250014.1811177944,38665.865245873305,0.8660597927258069,11523,7252,324718.5539460642,0.41391151522035896,0.82471809797357,141.3911515220359,6570.626998309551,67.94677806911939,0
univ3-conc-c2,572,10000,186.16353924417598,-369.0470922646412,369.0470922646412,-182.88355302046523,74484.61424908001,14772.126430804976,0.8344984780053252,5166,5349,155418.39557582868,0.5438551505754736,0.6049558142996809,154.38551505754737,5724.182655379036,61.81167045016577,0
univ3-conc-c2,573,10000,453.46964823937685,-2354.191309203609,2354.191309203609,-1900.721660964232,158348.1295552642,32267.81162274981,0.8307181895525974,11123,8312,462515.8618650675,0.7887558972219384,1.1848902432115487,178.87558972219384,4343.343022980145,51.63776651458527,0
univ3-conc-c2,574,10000,408.19558027216345,-1680.8705399481705,1680.8705399481705,-1272.6749596760071,146265.7661776189,27271.305119735225,0.842850262967697,6973,7874,473433.8995229216,-0.45487336103589987,0.5471200655257417,54.51266389641001,15887.878366954918,167.5473347110451,0
univ3-conc-c2,575,10000,636.9064080023288,-824.1376464034586,824.1376464034586,-187.23123840112976,219912.80888452526,30149.718873594862,0.8794312800726465,11518,6055,241461.06451337377,0.12978215248095268,0.2699146745323273,112.97821524809527,8781.265699730173,88.1459098851723,0
univ3-conc-c2,576,10000,447.8775040012574,-626.5639433072248,626.5639433072248,-178.68643930596738,176423.1168434533,44484.1235972896,0.7986298524732048,11128,5881,207387.21954561648,0.19023781320074776,0.21804627237219365,119.02378132007478,8262.860449171561,83.24196392931401,0
univ3-conc-c2,577,10000,214.95767821653308,-1936.306186940328,1936.306186940328,-1721.3485087237948,63373.44659568161,6521.777045080916,0.9066920927444111,4066,8145,435728.8290627387,1.000171388102968,1.3123476904135902,200.01713881029679,3332.6122910987356,44.438527779382895,0
univ3-conc-c2,578,10000,353.6178567006644,-2821.8465820652837,2821.8465820652837,-2468.228725364619,159442.6356936517,49789.032909558286,0.7620387332283864,11565,8431,602536.9275944994,-0.5223592594595418,0.5694843422962924,47.76407405404583,17070.226635286075,183.1108844988538,0
univ3-conc-c2,579,10000,152.9835747417075,-755.287466625997,755.287466625997,-602.3038918842894,75140.62857935246,15265.991016064578,0.8311407827835822,5158,6972,291042.4887456334,-0.33271945251427115,0.40617449644164405,66.72805474857289,13991.178683999327,143.8945402773289,0
univ3-conc-c2,580,10000,332.81860695700766,-2004.9117279454535,2004.9117279454535,-1672.093120988446,140603.105117065,26432.076436207,0.8417574298395509,9181,8152,489641.5403111757,-0.406683382637782,0.41169942287392625,59.331661736221804,15104.89089690101,157.51798221163267,0
univ3-conc-c2,581,10000,158.23264478503583,-1787.6471541714875,1787.6471541714875,-1629.4145093864518,76908.37603294596,22647.182160801156,0.7725171495023211,7855,8132,398451.0338973874,1.7846421795815308,1.8530952948199604,278.4642179581531,569.1118568368648,27.90702266373063,0
univ3-conc-c2,582,10000,286.0730868761455,-978.1206362501675,978.1206362501675,-692.0475493740221,109258.93801943603,23807.4242197048,0.8210860820188411,7160,7346,304674.17670589633,0.4555115157600207,0.6894487578313979,145.55115157600207,6289.897890181808,66.33948181015751,0
univ3-conc-c2,583,10000,218.2942094139427,-415.77242108936645,415.77242108936645,-197.47821167542375,75683.87190385636,3863.1193791123715,0.951436008869647,5324,5372,162524.84722933717,0.52395569104381,0.6245206942412079,152.395569104381,5848.154735059862,62.790361907341946,0
univ3-conc-c2,584,10000,412.4645511939884,-415.21709074289186,415.21709074289186,-2.752539548903428,187786.00870215084,28468.601602147948,0.8683560939482915,11700,3396,131455.9464333862,-0.0244512804463038,0.05063701677716281,97.55487195536962,10247.53995060576,102.45791525013938,0
univ3-conc-c2,585,10000,123.59379954187422,-607.0744018688798,607.0744018688798,-483.4806023270056,60539.96867369927,6369.306289819096,0.9048068254619124,5185,6734,235836.90197872228,0.5207419906273415,0.5944424044133229,152.07419906273415,5868.359454675481,62.998818361584135,0
univ3-conc-c2,586,10000,416.33198195590535,-2623.0536226183976,2623.0536226183976,-2206.721640662492,134778.13115790713,31058.98715967996,0.8127138997905142,6435,8369,580529.4609157345,-0.2813932254690239,0.5516016396974573,71.86067745309761,13274.677507825785,135.47173399506005,0
univ3-conc-c2,587,10000,331.74212624462433,-1481.313402333025,1481.313402333025,-1149.5712760884005,99124.31977579072,16089.439723346777,0.8603514042655016,5397,7823,397201.9086911745,0.24133312576741645,0.5281261098613947,124.13331257674164,7846.526313788663,79.6243781498357,0
univ3-conc-c2,588,10000,238.9455476252273,-1420.1555410787826,1420.1555410787826,-1181.2099934535552,103474.6376314266,18967.84497289368,0.8450877132719586,6511,7807,427405.327286247,-0.3263468894561957,0.47284796637417664,67.36531105438043,13899.829987045698,142.9535982638559,0
univ3-conc-c2,589,10000,306.8367104521641,-508.36830182675124,508.36830182675124,-201.53159137458715,145745.9399846485,12198.583999483,0.9227666544443884,11174,5763,201178.73939221512,-0.04019171185076132,0.2116468526667255,95.98082881492387,10410.16063978725,104.12931698699431,0
univ3-conc-c2,590,10000,449.34038800901067,-467.12693296752553,467.12693296752553,-17.786544958514867,178748.20936677585,25720.929912504693,0.8742062983041516,10256,3609,140093.30884232107,-0.021377193295865595,0.09677192630466322,97.86228067041344,10216.082287491527,102.17605587213778,0
univ3-conc-c2,591,10000,461.26173016186686,-1776.556039017229,1776.556039017229,-1315.2943088553623,157581.54972867732,22234.548863651784,0.8763483968470424,8013,8068,468545.06282680616,-0.4495797906803344,0.547864802118633,55.04202093196656,15799.489155309595,170.94502230468575,0
univ3-conc-c2,592,10000,661.3050804378447,-873.0167685967077,873.0167685967077,-211.711688158863,189968.6017710556,30774.313908042157,0.8605875354442635,9109,6093,234409.72843945725,0.14566586358939163,0.3126410285589495,114.56658635893916,8642.233935579281,86.88299440932985,0
univ3-conc-c2,593,10000,168.53285322393984,-1036.6134003371965,1036.6134003371965,-868.0805471132567,72014.9636641276,16036.150173487486,0.8178768050218927,5092,7443,342839.36791568156,-0.22892953241717875,0.24552708189388042,77.10704675828212,12585.217732647796,127.52394978198895,0
univ3-conc-c2,594,10000,185.79952046551176,-2405.551651411838,2405.551651411838,-2219.7521309463264,102908.57228030635,34334.18007421506,0.7498288289532111,8915,8326,516291.3622294702,1.1231300154581492,1.3419232468830409,212.31300154581493,2807.7113743204295,40.779985185185986,0
univ3-conc-c2,595,10000,210.07110891064553,-1138.9644170089193,1138.9644170089193,-928.8933080982738,111424.35125941978,24671.23554602935,0.8187212669776186,9682,7578,353206.1534305617,-0.042050716783133456,0.3972601212179487,95.79492832168665,10429.539417421165,104.341102744763,0
univ3-conc-c2,596,10000,384.78692537718047,-654.0366124771384,654.0366124771384,-269.24968709995795,115277.4362016491,19772.39946519024,0.8535918287678063,5449,6054,221306.12349553753,0.13911402033068512,0.16683881912124535,113.91140203306851,8699.332498845335,87.41606387806199,0
univ3-conc-c2,597,10000,452.8554113042615,-1117.9795850501137,1117.9795850501137,-665.1241737458522,175870.9145731854,21570.931163562494,0.890747925886373,10639,7349,343105.14779361995,0.03675611171175845,0.2891457262191466,103.67561117117585,9639.073001326948,95.73666565786881,0
univ3-conc-c2,598,10000,810.102337428092,-1550.4665079046888,1550.4665079046888,-740.3641704765968,246314.33657270146,44959.61054445038,0.8456449298351858,11060,7582,387603.2229504759,0.08425220232552193,0.25626982839066087,108.42522023255219,9191.536881903185,92.16854290901698,0
univ3-conc-c2,599,10000,1553.2454760681,-1792.2807072739736,1792.2807072739736,-239.03523120587352,282307.0535673142,27122.451109099187,0.912346913596806,11224,6511,301130.94475716614,0.16282036852885498,0.41791567709326616,116.2820368528855,8494.372741512416,85.52272691216025,0
univ3-conc-c2,600,10000,203.68411371894996,-814.4814952007332,814.4814952007332,-610.7973814817833,73286.11777161466,23546.20830531867,0.7568352505896513,4445,7101,269813.435694926,0.7256361551367795,0.8413534366263826,172.56361551367795,4675.499123591835,53.75655396086622,0
univ3-conc-c2,601,10000,251.16053018958038,-568.2261153063511,568.2261153063511,-317.06558511677065,87359.99830006144,19386.22608478801,0.8183895852382063,4204,6191,225574.7182250085,-0.09335956978336199,0.20420667865246045,90.6640430216638,10979.311081395519,110.0934412303796,0
univ3-conc-c2,602,10000,424.74794291366925,-786.8532515951043,786.8532515951043,-362.1053086814351,125314.87863020034,16523.374471224222,0.8835055134286741,5481,6477,267611.75413081754,-0.21920674078542673,0.3994121379113145,78.07932592145733,12461.906169638538,126.13494630676568,0
univ3-conc-c2,603,10000,307.8046164013416,-401.5535482583422,401.5535482583422,-93.74893185700057,137065.8007677926,21286.147320904838,0.8655769785100348,9025,4790,154937.73411002773,0.013172744312811489,0.10289613987241637,101.31727443128115,9869.135163934743,99.4759488368599,0
univ3-conc-c2,604,10000,947.2630092730853,-1781.0624921122553,1781.0624921122553,-833.79948283917,224259.12793212477,51154.72012098007,0.8142623528824284,11708,7666,360625.09784072667,1.1525175524614277,1.376081074939482,215.25175524614278,2688.32088151878,40.19395435154546,0
univ3-conc-c2,605,10000,178.34506950019033,-190.33758056518514,190.33758056518514,-11.992511064994801,73676.63623636543,3969.6262240888054,0.9488755015592597,4866,1987,65684.2239071535,-0.02388078273129153,0.044727694500149934,97.61192172687085,10241.694139435009,102.41020392610012,0
univ3-conc-c2,606,10000,129.5756972935294,-1044.1749056223332,1044.1749056223332,-914.5992083288038,60659.42977980697,7048.994764182301,0.8958919098818691,4165,7466,367399.8610198613,-0.2278414080666573,0.4998329687895581,77.21585919333427,12571.350035409067,127.25552115746517,0
univ3-conc-c2,607,10000,576.2135019653,-1541.6660293363748,1541.6660293363748,-965.4525273710748,154850.3624924716,23636.25628532346,0.8675740711142657,7429,7698,381253.48033986404,-0.1909354748871715,0.467806969283088,80.90645251128285,12110.880182639423,122.22203561688673,0
univ3-conc-c2,608,10000,349.3989162990969,-414.06704034012273,414.06704034012273,-64.6681240410258,161777.42637471826,15949.937669634413,0.9102561512944398,11290,4384,150565.75458606664,-0.05322274524859395,0.11867426340563099,94.6777254751406,10546.779046714613,105.19220550071998,0
univ3-conc-c2,609,10000,205.79985922996508,-2422.2517290711894,2422.2517290711894,-2216.4518698412244,110697.35829831593,24639.753218163994,0.8179379407313297,10315,8338,553247.4820076434,-0.002452320638330008,0.558089619325539,99.754767936167,10024.554239491894,100.24624707468026,0
univ3-conc-c2,610,10000,310.94406442706685,-2616.2249700931375,2616.2249700931375,-2305.280905666071,143129.22137058273,25278.11017254638,0.8498989922771109,11672,8450,558964.4909043879,-0.19278324598663998,0.4754977050674006,80.721675401336,12133.487635459596,122.47292879266541,0
univ3-conc-c2,611,10000,868.6513036820346,-2364.432250965102,2364.432250965102,-1495.7809472830672,237984.96498737414,41199.32277785999,0.8524296510106455,11636,8230,478672.96546921413,0.8940830732222347,1.0243093908182497,189.40830732222346,3821.338470403862,47.75684995178802,0
univ3-conc-c2,612,10000,498.20553441676066,-999.4035398637806,999.4035398637806,-501.1980054470199,172507.5815628539,9684.536097514569,0.9468443738297839,11206,7069,290031.74446437735,0.7068942606933775,0.7068942606933775,170.68942606933774,4777.107836260285,54.572305331533386,0
univ3-conc-c2,613,10000,342.0753777812362,-705.0672351040843,705.0672351040843,-362.99185732284803,140488.01562079194,37573.41189857494,0.7889862368171329,8580,6608,242389.68497282587,0.47018050200735106,0.49257056109433706,147.0180502007351,6193.162278567606,65.467761243177,0
univ3-conc-c2,614,10000,693.841770425299,-1703.2207335620196,1703.2207335620196,-1009.3789631367206,211937.99482775186,13312.883775364984,0.94089752786793,9837,7916,439168.46133374335,-0.16079581335525575,0.4005785766605192,83.92041866447443,11748.540643919092,118.1689678595904,0
univ3-conc-c2,615,10000,111.41898024412647,-535.6460684957651,535.6460684957651,-424.22708825163863,54058.72008056363,8882.612145124422,0.8588747357098491,4860,6478,212475.2518067176,0.796509746750821,0.9544137450664621,179.6509746750821,4303.573678638877,51.05806734201403,0
univ3-conc-c2,616,10000,116.09520516857474,-128.16521102441732,128.16521102441732,-12.070005855842581,52221.3703819828,4052.6249168246804,0.9279840555960923,4345,1675,48712.13719474107,-0.07237672655106436,0.09867828469607104,92.76232734489356,10750.943479969459,107.76120335627509,0
univ3-conc-c2,617,10000,525.8253961401888,-3197.1749661918043,3197.1749661918043,-2671.3495700516155,189129.52876296293,43851.858771838924,0.8117795621537,9919,8514,649022.2347094797,-0.04544803311620015,0.5670481702475259,95.45519668837998,10465.049241845003,104.6636433113879,0
univ3-conc-c2,618,10000,830.9694926328855,-1035.0778125340846,1035.0778125340846,-204.10831990119914,248712.81001858998,54674.854610633454,0.8197855055265587,11212,6331,263243.58916057297,0.21515628085922386,0.3249719699401041,121.51562808592239,8057.420826628554,81.63107379049231,0
univ3-conc-c2,619,10000,307.00070585581625,-333.1215181261449,333.1215181261449,-26.120812270328656,148992.9093983261,21255.0002036758,0.8751526508997097,11253,3579,117414.68583539136,0.0474250930524073,0.12880450118720305,104.74250930524073,9536.73517402897,96.09177552407807,0
univ3-conc-c2,620,10000,884.3398791822273,-2216.776319584984,2216.776319584984,-1332.4364404027565,181419.52486578273,31485.025250027793,0.8521167103619844,7834,8079,451090.0566014867,0.27447744382227074,0.6679109408001165,127.44774438222707,7586.463003891933,77.39078559825987,0
univ3-conc-c2,621,10000,262.69426095579473,-1373.4600413352023,1373.4600413352023,-1110.7657803794075,89275.96570827921,19962.229774691412,0.8172596161403695,4108,7790,409513.42458822875,-0.2001448783498212,0.32815817824363264,79.98551216501788,12224.016192446259,122.78787575107806,0
univ3-conc-c2,622,10000,76.84183494329488,-218.07110096619598,218.07110096619598,-141.2292660229011,49048.66533865739,9091.590459485491,0.8436265830846946,4811,4638,124664.48905245311,0.07539179074058723,0.12796128230513118,107.53917907405872,9273.470213562103,92.90810835553661,0
univ3-conc-c2,623,10000,291.6177188151015,-1314.42176224765,1314.42176224765,-1022.8040434325484,114369.57038285548,22699.56610392814,0.8343933092033679,8345,7761,357845.6617604089,0.1564555212550701,0.7199101133271395,115.64555212550701,8548.9592540182,86.01573014315113,0
univ3-conc-c2,624,10000,710.1207452711411,-2153.0873069310214,2153.0873069310214,-1442.9665616598804,144955.0071590394,28031.59975686593,0.8379550864854349,8768,8055,405248.71277938946,1.469833623846978,1.6834283727642962,246.9833623846978,1527.9957126059364,33.270632516992315,0
univ3-conc-c2,625,10000,514.6445930610157,-632.6764869608938,632.6764869608938,-118.03189389987813,138629.06624945815,12049.953439198647,0.9200289896755562,6207,5088,181546.2712708809,-0.04633611903386395,0.22160150387926636,95.3663880966136,10474.351757352826,104.8000712852069,0
univ3-conc-c2,626,10000,144.09779493524448,-175.62513829285416,175.62513829285416,-31.52734335760968,65022.123820662375,3021.7457686025996,0.9555912121570563,4818,2629,73850.26625902345,0.09959111462706531,0.12139637529931235,109.95911146270653,9051.32962024108,90.71281131164903,0
univ3-conc-c2,627,10000,128.25501235104545,-802.320763955772,802.320763955772,-674.0657516047265,53007.79504283791,4743.198738843172,0.9178681018585737,4295,7105,277770.7595027259,0.40566660680890776,0.4654197844828889,140.56666068089078,6627.418638966289,69.20764041483396,0
univ3-conc-c2,628,10000,646.7662572524246,-1188.8614295777704,1188.8614295777704,-542.0951723253459,188968.33909519928,53822.8851699274,0.7783161836559912,8900,7160,322600.2194354235,-0.17131212592939293,0.29093294349534177,82.86878740706071,11873.611194119278,119.61462933631582,0
univ3-conc-c2,629,10000,104.38513565551405,-321.0351472829485,321.0351472829485,-216.65001162743448,52300.86525230361,5681.792601393643,0.9020087589684137,4123,5386,168675.38797579953,-0.33753362500482337,0.3386397651044746,66.24663749951766,14060.652629223865,144.8054846259827,0
univ3-conc-c2,630,10000,210.147065667255,-441.2414086750286,441.2414086750286,-231.0943430077736,78513.03136257759,18785.379298006847,0.8069302553816864,4109,5593,193139.69332669518,-0.28139714006920014,0.46447144480995467,71.86028599307998,13274.730143505056,135.3348578819516,0
univ3-conc-c2,631,10000,585.2549524903407,-3186.5735926323787,3186.5735926323787,-2601.318640142038,177761.40290962666,22315.793055371454,0.888464085335965,7926,8480,671910.544753315,-0.49961249761122756,0.6434600698806563,50.03875023887724,16659.821215117485,177.22367047747647,0
univ3-conc-c2,632,10000,758.2041185362145,-1274.916775465583,1274.916775465583,-516.7126569293684,231256.90880516704,43339.91588691601,0.8421689109642295,10626,7218,340060.83718445816,0.1382568187391358,0.2317383466985308,113.82568187391358,8706.82910445823,87.79391393212764,0
univ3-conc-c2,633,10000,1019.9901785183382,-1062.867591380148,1062.867591380148,-42.87741286180983,216263.6759953029,8285.7789920173,0.9631004270641175,8673,4280,195382.36100741226,0.0307596925555535,0.11414751497408603,103.07596925555535,9697.062915858327,97.13453000383612,0
univ3-conc-c2,634,10000,383.0309777481077,-594.7206008939878,594.7206008939878,-211.6896231458801,108359.62387396328,15865.209099524405,0.8722863318084687,4541,5604,201160.75215112985,-0.16877588247388345,0.175368444602277,83.12241175261165,11843.315807721649,119.34191686874206,0
univ3-conc-c2,635,10000,857.7297950367724,-1923.2364066852952,1923.2364066852952,-1065.5066116485227,175817.50095666022,35009.69188423568,0.8339412890126735,7972,7838,364958.832965835,1.1117291757780716,1.7245257243752514,211.17291757780717,2854.6358128124048,41.45820561370026,0
univ3-conc-c2,636,10000,260.57359960797896,-1463.5784863974136,1463.5784863974136,-1203.0048867894347,114041.61094042961,16342.436574777292,0.8746592325808014,9492,7762,382941.20658125763,0.34986708631380653,0.8229190819391622,134.98670863138065,7022.248034473517,72.4763268572966,0
univ3-conc-c2,637,10000,212.37877779916218,-692.2504073195787,692.2504073195787,-479.8716295204165,98486.40846062926,24935.831600872094,0.7979632229292989,7492,6733,262772.6935916262,-0.2395140644949481,0.26898144925740797,76.04859355050519,12721.007083519404,129.0679058391502,0
univ3-conc-c2,638,10000,179.18515896889878,-183.83326042699784,183.83326042699784,-4.648101458099063,92152.56065605958,7252.841656592092,0.9270377515924102,7634,2094,67797.75396446654,0.013583772856679843,0.03721014015757561,101.35837728566798,9865.07913327931,99.23445976650498,0
univ3-conc-c2,639,10000,409.3699786026268,-1411.855014184017,1411.855014184017,-1002.4850355813901,128605.18280314688,18555.123793322535,0.8739121695077543,6050,7694,409437.1087215728,-0.36982433842450285,0.4099902711069434,63.017566157549716,14537.252674175319,150.36570794272964,0
univ3-conc-c2,640,10000,223.58667818486205,-224.43844647782723,224.43844647782723,-0.8517682929651755,91543.63458811176,2873.8452414977037,0.9695623602040216,6405,1834,67681.35844329231,-0.0013924490828445357,0.030086928016128382,99.86075509171555,10013.934602199808,100.16493752469623,0
univ3-conc-c2,641,10000,500.8839765054098,-1913.9742055365703,1913.9742055365703,-1413.0902290311606,104809.84089565309,13548.269474491777,0.8855315497001273,4587,7999,426597.6503358934,0.5831272162112714,1.0601058712913534,158.31272162112714,5485.125366606229,59.86077133900214,0
univ3-conc-c2,642,10000,475.66892655657887,-660.2859761174581,660.2859761174581,-184.6170495608792,172280.893881009,17885.697341517338,0.9059472159303307,9996,5758,212027.08620266384,0.13447498370514765,0.17110208244198033,113.44749837051477,8739.973448608394,87.8002578843329,0
univ3-conc-c2,643,10000,281.107934360677,-1284.925567427464,1284.925567427464,-1003.817633066787,151615.76326518206,35894.60080739453,0.8085727101809617,11331,7742,408843.204294111,-0.4925155453456444,0.5920259107647745,50.74844546543556,16534.310713308354,176.0255444871919,0
univ3-conc-c2,644,10000,268.5040721315817,-2118.5796302186773,2118.5796302186773,-1850.0755580870955,98163.35445292559,10243.72028063094,0.9055069025171281,7636,8295,473056.4879199275,1.0245449659483663,1.025967771515857,202.45449659483663,3225.1719092519315,43.50502343556149,0
univ3-conc-c2,645,10000,400.8592869039812,-472.39842658546956,472.39842658546956,-71.5391396814884,131458.24353983824,14049.040368741084,0.9034478550395597,6658,4158,147186.53138932036,-0.11051548138737957,0.19633672649975992,88.94845186126204,11169.796871175156,112.08563231943062,0
univ3-conc-c2,646,10000,211.20371825938923,-264.29378605355026,264.29378605355026,-53.09006779416103,94612.14920615978,18992.971145406602,0.8328158881692103,5595,3547,107422.8876395957,-0.0000016869477997261128,0.09176978811310463,99.99983130522003,10000.017317040623,99.87357187932876,0
univ3-conc-c2,647,10000,686.3815354477531,-3127.904176116388,3127.904176116388,-2441.522640668635,188744.76173857175,27444.867171582864,0.8730518789918985,8997,8475,636227.6496544274,-0.6106966989148175,0.6532175160416952,38.930330108518255,18791.48128258989,207.24050857232703,0
univ3-conc-c2,648,10000,368.85296462442443,-676.9636587453064,676.9636587453064,-308.11069412088193,163370.93136371652,19292.72824861521,0.8943811358561398,11059,6370,245001.8780092736,-0.14477095526135428,0.16742469569672494,85.52290447386457,11560.68333002079,116.09301442264407,0
univ3-conc-c2,649,10000,492.06382575807095,-1235.415635330211,1235.415635330211,-743.35180957214,128821.81423362964,14307.13799887466,0.9000402240377364,5478,7405,366189.9408810809,-0.2591077909365883,0.525126849390608,74.08922090634117,12976.73298417251,131.9835907771027,0
univ3-conc-c2,650,10000,246.84359100740798,-1680.0772164902469,1680.0772164902469,-1433.233625482839,102622.87861230019,19184.410452663582,0.8425019504175,9383,8011,384371.831996061,0.4698680391095996,1.1984447623151409,146.98680391095996,6195.210939516274,65.57003906431606,0
univ3-conc-c2,651,10000,398.76911439401766,-2087.696202377272,2087.696202377272,-1688.9270879832545,121302.73281699518,34568.225623009355,0.7782253604585692,6155,8203,456769.32827533234,0.3948515100187805,0.7653678835455346,139.48515100187805,6702.507303002641,69.76828640236748,0
univ3-conc-c2,652,10000,240.46378611146997,-822.81967568804,822.81967568804,-582.35588957657,107012.01008647155,22578.057084067015,0.8257732434511772,7838,7107,278494.9253015341,0.43812139647265413,0.5576288595218557,143.8121396472654,6406.086201290576,67.28073571738732,0
univ3-conc-c2,653,10000,107.5920332065498,-952.8598958163774,952.8598958163774,-845.2678626098276,53991.403124641176,7485.322028270548,0.8782413667993502,4864,7390,329583.0763195126,0.08679872022225112,0.22766423982122974,108.67987202222511,9168.117202226687,91.85372398830214,0
univ3-conc-c2,654,10000,223.70143453735162,-1025.8100344141953,1025.8100344141953,-802.1085998768438,88090.46477099789,16528.59872927437,0.842011597348782,6088,7406,323192.81377132394,-0.03474438282954068,0.3872559079880077,96.52556171704593,10353.587193988842,103.18343145795929,0
univ3-conc-c2,655,10000,557.5999197306526,-589.874641002532,589.874641002532,-32.27472127187946,224683.12794236004,66055.57290714304,0.7728008940187987,11396,4468,178342.0112100772,-0.01511313989155127,0.07882565248372814,98.48868601084487,10152.282939877856,101.30606533075216,0
univ3-conc-c2,656,10000,568.7819520287685,-2202.8291652396615,2202.8291652396615,-1634.047213210893,207362.14767996897,22407.396880732238,0.9024788210135805,11111,8226,529711.6752860772,-0.22513219026574105,0.4882098700931748,77.4867809734259,12536.896717538692,126.97958699102001,0
univ3-conc-c2,657,10000,1003.3869242477818,-2262.1335568765526,2262.1335568765526,-1258.7466326287708,224483.1998353952,51670.825006460145,0.8128912839997521,9680,8067,448788.9202123435,0.6034344841585306,0.917903770997014,160.34344841585306,5364.339840966395,59.091139205076885,0
univ3-conc-c2,658,10000,303.3361882979245,-430.5788981027795,430.5788981027795,-127.242709804855,89374.16362376917,14431.684537817975,0.8609742630747239,4174,4766,153777.1569332093,-0.2304857826080257,0.2599523405531552,76.95142173919743,12605.080797580667,127.85032111518267,0
univ3-conc-c2,659,10000,219.8640658140686,-1605.987398058416,1605.987398058416,-1386.1233322443472,108448.8215501319,14244.566710912759,0.88390110573354,9139,7987,420093.7042611308,0.7995390800741592,0.860196525809649,179.95390800741592,4288.096368095962,51.036525213575416,0
univ3-conc-c2,660,10000,563.1702319967517,-669.7468630417819,669.7468630417819,-106.57663104503024,105087.26785182323,7829.286828883239,0.9306630737094125,4553,4571,153359.10797617136,0.01547659413167807,0.23087382240176482,101.5476594131678,9846.42293888892,98.47884106501276,0
univ3-conc-c2,661,10000,250.004370182926,-505.5639916884375,505.5639916884375,-255.5596215055115,129197.30275326829,10370.473503292515,0.925695788946089,10115,6043,214836.63701658597,-0.12903204092546317,0.27429530438876354,87.09679590745368,11379.310487010895,114.15948571921379,0
univ3-conc-c2,662,10000,618.3843447441687,-687.5751167543174,687.5751167543174,-69.19077201014863,194519.3373370063,9766.050253038246,0.9521940831488322,11214,4843,184194.12147566187,-0.014176237877045566,0.13006694651407302,98.58237621229544,10142.775198146179,101.29361979293853,0
univ3-conc-c2,663,10000,1026.1528218764934,-1242.222139235562,1242.222139235562,-216.0693173590687,228562.60509085827,20788.363767722734,0.9166301063000368,9627,6260,259632.21367882524,0.09353387693105432,0.5099102180395437,109.35338769310543,9106.451271488517,91.26406102827708,0
univ3-conc-c2,664,10000,507.1299161333314,-709.6580408156948,709.6580408156948,-202.5281246823634,136546.323712075,34775.30429129986,0.7970174303350956,6276,5801,208235.7197535442,0.12046028660631819,0.17729440982113032,112.04602866063182,8863.830578469024,88.90739423377586,0
univ3-conc-c2,665,10000,1051.4452670730443,-2096.8358352503783,2096.8358352503783,-1045.390568177334,212285.83374802515,29805.34969319435,0.8768837870527773,9232,7848,390653.4101318477,0.9271954752785794,1.0692426515502174,192.71954752785794,3664.9937423774236,46.72329681313615,0
univ3-conc-c2,666,10000,865.3799452634935,-2910.622893723138,2910.622893723138,-2045.2429484596446,241636.08635399907,46007.47049936322,0.8400538812596544,11002,8395,554801.6766735797,1.4149101528100994,1.5795012889079947,241.49101528100994,1713.4016144859409,34.299933565995524,0
univ3-conc-c2,667,10000,230.3508133096075,-1287.7571910379488,1287.7571910379488,-1057.4063777283413,104291.37318643555,25094.15778940323,0.8060512825495978,9247,7657,340244.85032918595,1.0144002531849536,1.1053726895209572,201.44002531849537,3269.679457453606,44.06651226738637,0
univ3-conc-c2,668,10000,308.12370728551,-1290.4037950401823,1290.4037950401823,-982.2800877546723,126760.81334752058,18766.680901932312,0.8710437433234176,9991,7688,344577.0307071094,0.687648390435022,1.0204262521525935,168.7648390435022,4882.923438277654,55.263872548945464,0
univ3-conc-c2,669,10000,514.3109104253531,-517.3552304535805,517.3552304535805,-3.0443200282273892,197902.21643842562,39436.330935593134,0.8338393346890847,10281,3449,143803.38900994923,-0.030995387946321527,0.06382809100717608,96.90046120536785,10314.833856817348,103.17282136309223,0
univ3-conc-c2,670,10000,439.7204463465176,-1095.2632217462362,1095.2632217462362,-655.5427753997187,103976.73030376731,13464.576525495557,0.8853505901031017,4664,7208,303668.2825097941,0.3880087431856569,0.534581437220325,138.8008743185657,6750.3674335816195,70.1268352414169,0
univ3-conc-c2,671,10000,149.97995226499475,-1454.1602547989444,1454.1602547989444,-1304.1803025339495,77838.87524952377,11819.679414030545,0.8681700875238939,6105,7941,438873.6922268606,-0.5735821882723244,0.6040803823347146,42.64178117276755,18042.3346893741,196.57284604550597,0
univ3-conc-c2,672,10000,197.04418483570984,-633.7112433125183,633.7112433125183,-436.6670584768084,97212.11374673224,11834.52866243523,0.8914727826462605,7137,6716,253663.30649090587,0.16837745585981595,0.19737280203389218,116.8377455859816,8446.97558684196,85.07281675444192,0
univ3-conc-c2,673,10000,590.346415845999,-1858.6333928447657,1858.6333928447657,-1268.2869769987667,216071.5721687026,34886.639869948114,0.860986259080555,10193,7990,505618.76076415926,-0.6143661196239768,0.6878389190942374,38.563388037602316,18867.727661548477,208.3391821168631,0
univ3-conc-c2,674,10000,222.52503083421843,-1290.0440766693036,1290.0440766693036,-1067.5190458350853,97154.65079752996,19114.804557039348,0.8355990874925162,6247,7730,397979.1393333918,-0.11282410034072968,0.42834026744444614,88.71758996592703,11195.694528904642,112.31457047343919,0
univ3-conc-c2,675,10000,480.82872138790856,-481.5566965371846,481.5566965371846,-0.7279751492760624,193325.12303678915,44449.56221463484,0.813060157486346,11192,3431,137457.49300914677,-0.00920710676746765,0.05654395946487952,99.07928932325324,10092.497618756803,100.94105821059277,0
univ3-conc-c2,676,10000,488.24682525664497,-923.6839952058841,923.6839952058841,-435.43716994923915,166346.0455625267,28105.713889947172,0.8554617661003139,9165,6915,282946.9139968104,0.19665114376815382,0.31469247982003906,119.66511437681538,8209.54043856103,83.65176315775184,0
univ3-conc-c2,677,10000,172.4623811538931,-1968.2504058393324,1968.2504058393324,-1795.7880246854393,64573.4975553245,18797.49554402008,0.7745319463614756,4365,8165,500712.71253649134,-0.38130309091057396,0.5266070639390764,61.8696909089426,14711.256258372878,152.7301053883448,0
univ3-conc-c2,678,10000,679.9170837364907,-1055.005748846625,1055.005748846625,-375.08866511013434,173686.84063791358,34226.630850408925,0.8353804079870252,8158,6757,269674.71245444205,0.32191609301833635,0.4755037038195431,132.19160930183364,7227.158895829857,74.18050330198702,0
univ3-conc-c2,679,10000,342.4153450807705,-1536.9054369917703,1536.9054369917703,-1194.4900919109998,98548.92520872607,25608.110908040686,0.7937441831008525,4877,7892,391454.46037099813,0.5625782922138504,0.870693950902245,156.25782922138504,5609.2970793798095,61.28312041766061,0
univ3-conc-c2,680,10000,1013.4393143188842,-1022.6654217519553,1022.6654217519553,-9.226107433071093,234392.44316199305,43417.52278848948,0.8437150278610657,9774,3904,185341.2909280558,0.013450839826362113,0.126156182280983,101.34508398263621,9866.390867528846,98.66863183944704,0
univ3-conc-c2,681,10000,198.1286544810937,-243.60729946913273,243.60729946913273,-45.478644988039036,75697.9476887608,5449.501813713953,0.9328444473963687,4611,3096,93030.12024769792,-0.11659518668802278,0.143019022438543,88.34048133119772,11238.133788948111,113.9275243100176,0
univ3-conc-c2,682,10000,379.62772923195746,-1607.856773436934,1607.856773436934,-1228.2290442049766,135322.43171978253,25429.986908140057,0.8418065051512519,7481,7907,431515.3441288725,-0.33526125339667273,0.42308568087757736,66.47387466033273,14027.810016128855,144.58013305454293,0
univ3-conc-c2,683,10000,529.4092376811922,-543.1855891651571,543.1855891651571,-13.776351483964959,156131.79825058652,9162.3496336745,0.9445694251674901,8068,3091,127215.1146178989,0.06833299675336832,0.11640352178320455,106.83329967533683,9339.246606838333,93.46698194069094,0
univ3-conc-c2,684,10000,227.86703614937622,-1287.9122320586125,1287.9122320586125,-1060.0451959092363,107529.62279101418,27013.205048938566,0.7992222589443972,9383,7709,344446.218436119,1.3789321340675535,1.3941366485275537,237.89321340675536,1838.1203998091569,35.005667386685694,0
univ3-conc-c2,685,10000,190.25430237543702,-1899.0970170376745,1899.0970170376745,-1708.8427146622375,102568.35031639846,18676.25357206227,0.8459621874038737,9365,8171,486000.44141940796,0.31709732508254546,0.4872417723830733,131.70973250825455,7262.985383264221,74.53254446695522,0
univ3-conc-c2,686,10000,224.25678128480743,-332.5462351572052,332.5462351572052,-108.28945387239779,100938.15250268785,12318.159570005038,0.8912364410903765,7708,4624,139785.66786643563,0.26564146208580325,0.27768617487580327,126.56414620858033,7655.049587967896,77.92447921593649,0
univ3-conc-c2,687,10000,136.79293151057163,-267.94164588327436,267.94164588327436,-131.14871437270273,70064.16471609514,12570.403075512326,0.8478796052130014,5764,4694,131807.23037258297,0.16171800968517572,0.1879445114266477,116.17180096851757,8503.803524637557,85.59749766811757,0
univ3-conc-c2,688,10000,114.36344237823961,-3105.289908437186,3105.289908437186,-2990.9264660589465,61053.550122619614,17578.124995608534,0.776449821663107,3911,8557,725138.5460583343,-0.8391506483260786,0.9380029633491996,16.084935167392143,24457.72039564245,296.8381024912803,0
univ3-conc-c2,689,10000,428.39430083294803,-467.0399756421903,467.0399756421903,-38.64567480924228,172289.61238007917,19579.789520863993,0.8979525170408751,10096,4034,148126.3212162645,0.11256025261792303,0.13277884576582594,111.2560252617923,8934.372851508906,89.76886576258029,0
univ3-conc-c2,690,10000,157.67569533147739,-1573.8636750319204,1573.8636750319204,-1416.187979700443,66924.16218467713,14794.146182514925,0.8189616687115072,4397,7901,431995.82964476524,0.30063717890277303,0.35396505257282,130.0637178902773,7386.494347743174,75.62694109864069,0
univ3-conc-c2,691,10000,856.2945829610322,-968.5396351814298,968.5396351814298,-112.24505222039761,223482.42618239496,33258.755267152585,0.8704580423001275,9451,5365,230986.402805249,-0.2515156508789225,0.2618253454874957,74.84843491210775,12876.96473544247,130.8393435159028,0
univ3-conc-c2,692,10000,523.6457898240046,-1137.930755601318,1137.930755601318,-614.2849657773133,175150.0149189262,57018.405295269855,0.754409298031725,8952,7256,318167.2475479704,-0.10847040978462985,0.6205207237185317,89.15295902153701,11146.908913340436,112.0643809274625,0
univ3-conc-c2,693,10000,336.3202379243386,-998.7081151608589,998.7081151608589,-662.3878772365204,110570.04194208806,10463.895642486104,0.9135457719437219,7390,7157,302848.820301449,-0.08842697929286032,0.4622911080474435,91.15730207071397,10925.176570169426,109.43152602398868,0
univ3-conc-c2,694,10000,548.7517098941555,-1299.3549883866565,1299.3549883866565,-750.603278492501,178011.90783778555,15047.063399207073,0.9220597556135539,9503,7417,363343.1501431375,0.3096774456657465,0.3558422924606984,130.96774456657465,7318.442712098616,74.99713505576915,0
univ3-conc-c2,695,10000,1011.8176702045502,-2403.8801591507868,2403.8801591507868,-1392.0624889462365,227760.42253028296,34338.41229932886,0.8689867800379503,10852,8119,459323.5475445288,0.5983783736746784,1.0369909782002775,159.83783736746784,5394.236624945642,59.362736808104785,0
univ3-conc-c2,696,10000,853.9375285672037,-1454.3150649019929,1454.3150649019929,-600.3775363347892,220183.00567288508,38510.76566300569,0.8511337730934275,9539,7324,352294.91684905,-0.11499487006194258,0.28009345404532465,88.50051299380574,11220.103689448995,112.57374544884273,0
univ3-conc-c2,697,10000,315.5698553953263,-1181.0876672990996,1181.0876672990996,-865.5178119037733,120014.60906578873,21080.691246490234,0.8505925342670277,7936,7550,359359.5135072799,-0.3116463948911502,0.3850078869824421,68.83536051088498,13691.732928529529,140.3254392306608,0
univ3-conc-c2,698,10000,869.2532031556656,-879.6235877468006,879.6235877468006,-10.370384591135007,185194.01722125197,22870.175324916127,0.8900811569494765,7610,3193,149027.29341558827,-0.04687635361381723,0.19896540244608715,95.31236463861828,10480.014956129295,104.90806521623315,0
univ3-conc-c2,699,10000,611.0406344061646,-1996.8036801389933,1996.8036801389933,-1385.7630457328287,168296.6230283665,38573.665674286574,0.8135369466722658,7170,8029,476379.1068517284,0.17619335968305536,0.5149857933780901,117.61933596830553,8380.722638277244,84.27511345553144,0
univ3-conc-c2,700,10000,300.8266842607527,-1000.6977869790796,1000.6977869790796,-699.8711027183269,113797.6701290743,18827.47830592855,0.858039907754331,7774,7300,300423.6951613178,0.2809517461545411,0.7042680194082745,128.0951746154541,7536.545411258246,76.88228090323615,0
univ3-conc-c2,701,10000,359.4775194270285,-2222.831232393962,2222.831232393962,-1863.3537129669337,112382.23707328005,16310.328450492148,0.8732613000284054,7011,8242,491500.4163672404,0.7528265413353483,0.8527308005427037,175.28265413353483,4530.547162926888,52.70554282196386,0
univ3-conc-c2,702,10000,311.7413595628433,-1077.5426701382796,1077.5426701382796,-765.8013105754363,103965.46896115094,15584.453704559093,0.8696406207795138,5964,7458,337843.73003068665,0.24799311844719554,0.2869668423045221,124.79931184471955,7793.653711805836,79.17456840546116,0
univ3-conc-c2,703,10000,121.23765631951072,-2568.12574403525,2568.12574403525,-2446.8880877157394,63165.83858672471,10635.179752897993,0.8558938617356704,5389,8473,559260.7991788727,-0.2873164257076863,0.5218222204437715,71.26835742923137,13355.171789620657,136.3622804204815,0
univ3-conc-c2,704,10000,824.4608234246265,-950.4331524539898,950.4331524539898,-125.97232902936332,226970.59643637363,43329.308397380286,0.8396991355804224,10703,5735,226009.6038109617,0.21110826490387594,0.35863978130672336,121.1108264903876,8090.479523206851,81.81499073906875,0
univ3-conc-c2,705,10000,142.51587141695632,-354.1983065727618,354.1983065727618,-211.68243515580548,61692.878409562974,3446.183562132974,0.9470949771485748,4746,5364,164447.18208143328,-0.014378426262312586,0.10478033075887154,98.56215737376874,10144.825951128307,101.45358702177614,0
univ3-conc-c2,706,10000,250.80950366694267,-445.5374557423694,445.5374557423694,-194.7279520754267,91011.87716920409,27935.374472634285,0.7651448512929884,4185,5502,180644.25613468848,0.12840023407464443,0.15737504852002174,112.84002340746444,8793.459535336413,88.297718567935,0
univ3-conc-c2,707,10000,521.8444669990461,-762.8558405831345,762.8558405831345,-241.01137358408846,136931.14225799486,14732.942134875762,0.902858068250941,6557,6082,222873.32132752915,0.2603307445512442,0.347474734174655,126.03307445512442,7696.530510725114,78.18641879933519,0
univ3-conc-c2,708,10000,213.00509800946665,-1029.4912798077876,1029.4912798077876,-816.4861817983209,76612.45609387489,26897.81492850122,0.7401435175192745,6304,7396,313347.7715867371,-0.22215220143201633,0.6294610153094462,77.78477985679837,12499.120360130832,127.36521796475098,0
univ3-conc-c2,709,10000,264.68162070920374,-2812.0250616228204,2812.0250616228204,-2547.3434409136166,108614.60363366555,18491.563420745722,0.8545187550748037,6899,8455,612815.2388607194,-0.6787109945083123,0.6959872289811821,32.12890054916877,20273.565235593385,229.0286881279344,0
univ3-conc-c2,710,10000,164.77701827459285,-407.69926861443935,407.69926861443935,-242.9222503398465,74454.90844888297,15056.29828794403,0.8317942653570605,4674,5711,188321.8766754759,-0.20326334599236148,0.26290736577379376,79.67366540076385,12262.588878260267,123.37871282870498,0
univ3-conc-c2,711,10000,158.7120300636006,-1650.1845081065528,1650.1845081065528,-1491.4724780429522,70933.8438300082,23966.148466962135,0.7474588997650821,4845,7997,451893.82153197227,-0.28312963914051154,0.3265568134656401,71.68703608594885,13298.217107575667,135.7026919679984,0
univ3-conc-c2,712,10000,661.4087179716034,-680.0157316494715,680.0157316494715,-18.607013677868053,134860.46476560383,5370.732657526768,0.9617008714450235,5384,2875,123282.29733796741,0.16930019880648914,0.20906789609776638,116.93001988064891,8439.12869848612,85.02737598750716,0
univ3-conc-c2,713,10000,390.3719939812419,-2254.5084510847455,2254.5084510847455,-1864.1364571035035,131503.59323730937,6518.106561026819,0.9527747696880241,8579,8242,526285.1652803381,0.26395744370655466,0.4852980746770929,126.39574437065546,7668.182215621797,78.07764903590488,0
univ3-conc-c2,714,10000,384.94003426172765,-682.7181410486709,682.7181410486709,-297.7781067869432,140716.16787220215,51372.92622032707,0.7325567780772564,7358,6237,234569.00828334477,-0.1093181431043125,0.1264888041532055,89.06818568956875,11156.390511583571,111.89803474042124,0
univ3-conc-c2,715,10000,309.11106810527457,-1342.6904184206737,1342.6904184206737,-1033.579350315399,74932.35047141812,14528.01440880966,0.8376038994669852,6763,7666,354295.06424606283,0.03879738150150871,0.5828470072995537,103.87973815015087,9619.409964419463,95.94146580123405,0
univ3-conc-c2,716,10000,261.60125927616036,-286.65571565437745,286.65571565437745,-25.054456378217083,102342.92838212027,7307.019543431728,0.9333604832316664,6258,2934,97362.82544786573,-0.09302033437677353,0.11114812731178687,90.69796656232265,10975.578981714574,110.00443498299455,0
univ3-conc-c2,717,10000,147.2572592342046,-151.32335917197497,151.32335917197497,-4.06609993777036,74184.59890404301,15119.818741281742,0.8306934960224414,5314,1828,58297.52447486302,0.013740528917225277,0.045990255658936545,101.37405289172253,9863.532644632995,98.72515025958354,0
univ3-conc-c2,718,10000,468.2369878588862,-800.4978701237251,800.4978701237251,-332.26088226483887,170839.42929332305,40533.349735125885,0.8082376078819948,7834,6478,272966.14239324245,-0.3653361916918584,0.41737987857288694,63.46638083081416,14469.882511552243,151.07665137673703,0
univ3-conc-c2,719,10000,191.51149750445552,-212.3610067614078,212.3610067614078,-20.849509256952274,80488.47132787634,20404.146622846543,0.7977637310113991,4481,2588,81052.72065797326,-0.06941901884884814,0.12692428211546186,93.05809811511519,10719.152419828231,107.2573289111001,0
univ3-conc-c2,720,10000,390.3507766774155,-423.1641410074969,423.1641410074969,-32.813364330081356,157802.4958411114,34275.78087130604,0.8215530592112493,8991,3847,136851.14450196992,0.03984820830881532,0.08083992052849069,103.98482083088153,9609.302961485679,96.13148050933626,0
univ3-conc-c2,721,10000,359.3218830871562,-442.30159318342487,442.30159318342487,-82.97971009626866,141466.5230085371,13265.279003118269,0.9142692140163982,8799,4547,150685.57696490287,0.20783154810712148,0.26872604739956857,120.78315481071215,8117.327984995088,82.15250460101505,0
univ3-conc-c2,722,10000,432.32124781672184,-1340.417081143829,1340.417081143829,-908.0958333271071,156730.17771418116,18816.128806757803,0.8928138724211014,9490,7620,372681.8127550379,0.5318371525507795,0.5342785284253643,153.18371525507794,5798.8209811232355,62.40020232591469,0
univ3-conc-c2,723,10000,290.3439235977249,-1866.2190785775097,1866.2190785775097,-1575.8751549797848,150523.52522021547,35070.301346103064,0.811037349706396,11052,8108,476516.3943607032,-0.2384976830438549,0.40434359072864995,76.15023169561451,12707.897396592389,128.91160817583662,0
univ3-conc-c2,724,10000,244.31902216521235,-260.2611417112485,260.2611417112485,-15.942119546036167,106433.5179025822,4895.758740517983,0.9560245167476222,7294,2712,90197.61883789301,-0.06993311143098524,0.09289540325229267,93.00668885690148,10724.671346191033,107.33569419556993,0
univ3-conc-c2,725,10000,982.49040069213,-1820.2954072819477,1820.2954072819477,-837.8050065898177,245485.753166996,48934.138757949564,0.8337947261714775,10893,7805,378091.3156395569,0.9581951633865475,1.2808745048727763,195.81951633865475,3521.796836396753,45.70873996978709,0
univ3-conc-c2,726,10000,962.9737646765053,-2745.5305945814066,2745.5305945814066,-1782.5568299049014,193062.5444436467,42213.41611720231,0.820579136021486,8493,8257,467514.71148263104,0.7010797968295606,1.3401585888384284,170.10797968295606,4808.917307093746,54.16903366905275,0
univ3-conc-c2,727,10000,439.7207165765211,-469.81426926851566,469.81426926851566,-30.093552691994546,174591.56902521025,16646.714764880406,0.9129530215657428,10632,3916,144112.82868625782,0.07569564659566026,0.11336225276906717,107.56956465956603,9270.649078520499,92.85888436652552,0
univ3-conc-c2,728,10000,599.7925575018646,-816.28562449486,816.28562449486,-216.4930669929954,203230.61653976454,15398.627788779811,0.9295673923400678,11812,6119,238055.55551278888,0.0003679980521070547,0.1801873187633393,100.0367998052107,9996.321571060222,99.66198221640279,0
univ3-conc-c2,729,10000,233.25666484775226,-2143.9665075500134,2143.9665075500134,-1910.709842702261,141496.75480141223,31022.041465595878,0.8201816721606211,10632,8222,556557.1248025763,-0.6163579683355839,0.651540391285193,38.36420316644161,18909.285408648433,208.9385814085783,0
univ3-conc-c2,730,10000,568.0561639244993,-2174.4989323299005,2174.4989323299005,-1606.4427684054012,158466.21809118424,36791.94171788004,0.8115728338633452,9967,8221,415991.8535176827,0.5885317148004736,1.819269752781762,158.85317148004737,5452.795029899949,59.683498641207,0
univ3-conc-c2,731,10000,846.4741897151206,-1839.8512249058458,1839.8512249058458,-993.3770351907252,234003.81270789073,48894.43144073516,0.8271660130380748,10104,7898,432597.92567966564,-0.20682935457728305,0.2562805840680191,79.3170645422717,12306.862284874509,124.39984901616288,0
univ3-conc-c2,732,10000,158.23125200686803,-2105.6842152995578,2105.6842152995578,-1947.4529632926897,88510.34947906669,19883.027233092896,0.816566031650692,7985,8259,513186.3899444487,0.2463883083723846,0.43837938665855597,124.63883083723846,7806.365485872328,79.2662698882511,0
univ3-conc-c2,733,10000,125.70062972237999,-228.90675056844196,228.90675056844196,-103.20612084606198,62552.329409128695,11825.467987335818,0.8410080911067968,5250,4268,117225.80835110699,-0.00029659746510461103,0.10886510335124043,99.97034025348954,10002.966868086363,100.2393723827712,0
univ3-conc-c2,734,10000,445.5821370727464,-1984.5751465430285,1984.5751465430285,-1538.9930094702822,119899.34590041068,25468.70388692054,0.8247984758399082,5065,8088,499981.97786791634,-0.2338029825578846,0.47856622818476263,76.61970174421154,12647.537220868582,128.31237941132758,0
univ3-conc-c2,735,10000,455.95177470525886,-2969.9326923719477,2969.9326923719477,-2513.980917666689,142920.24407258796,13378.663886890778,0.9144033438137695,7644,8541,625519.8964498106,-0.17021153447286252,0.5795164477815723,82.97884655271375,11860.454502078297,118.99688162807234,0
univ3-conc-c2,736,10000,558.5503524391489,-845.1179139183847,845.1179139183847,-286.5675614792358,149041.62662913854,29260.98678593183,0.8358914307228059,6887,6296,238209.0535455183,0.012732830649586333,0.28050483676797683,101.27328306495863,9873.477836747154,98.53037177512664,0
univ3-conc-c2,737,10000,265.8269851798843,-523.0040602535191,523.0040602535191,-257.17707507363485,129822.72940958549,16160.59880843374,0.8892983260095383,10912,6031,214887.77927487248,-0.22450151116246786,0.36369955398018355,77.54984888375321,12528.89113627823,126.62826571614187,0
univ3-conc-c2,738,10000,269.3000898872001,-321.11035068993556,321.11035068993556,-51.810260802735456,120998.74511936722,22025.048283898752,0.8460043062779244,9049,3973,121840.53121955867,0.08795346880193705,0.114938371177129,108.7953468801937,9157.5162835351,91.82415555038274,0
univ3-conc-c2,739,10000,233.96641480929094,-302.7663952213922,302.7663952213922,-68.79998041210126,128311.50696916388,28932.785907498,0.8160010428474369,9793,4326,132364.35019698367,-0.18690547217480813,0.19394674066626139,81.30945278251919,12061.733621667874,121.64777944769699,0
univ3-conc-c2,740,10000,139.56674222514843,-2402.4847148127087,2402.4847148127087,-2262.91797258756,81369.63601266498,17947.710605110526,0.819289266011278,7442,8394,552505.4451973343,0.1765888657061143,0.4654218943930598,117.65888657061143,8377.382733017503,84.62575815646454,0
univ3-conc-c2,741,10000,202.8942705587107,-297.87042750368545,297.87042750368545,-94.97615694497475,98195.99537055635,11400.25458976526,0.8959795194279674,7771,4476,131134.76757289004,0.04403584002350556,0.10512190926167278,104.40358400235056,9569.129232366631,95.66194468520477,0
univ3-conc-c2,742,10000,284.4034743983896,-543.8091338569317,543.8091338569317,-259.40565945854206,102810.74732765513,11981.791967701301,0.8956222064495616,5723,5964,209615.02762918657,-0.2615330872052186,0.270463645344838,73.84669127947814,13008.78738597013,132.35171059481505,0
univ3-conc-c2,743,10000,530.7262149574273,-926.2248365333564,926.2248365333564,-395.4986215759292,125394.9953512758,7504.933368727112,0.9435294402261215,5790,6651,256904.57504427133,0.17940764491337177,0.47193287006725854,117.94076449133718,8353.61391645321,84.1320090263956,0
univ3-conc-c2,744,10000,204.27275759946633,-1805.8970464315048,1805.8970464315048,-1601.6242888320385,101995.95723285222,23617.50516590112,0.8119826910675498,9031,8095,434667.95774903015,0.7739559591616291,0.8793668953899467,177.3955959161629,4419.86832639468,51.98239017487564,0
univ3-conc-c2,745,10000,408.9248405718336,-2316.7026313790566,2316.7026313790566,-1907.777790807223,105775.87356701605,27954.883510182935,0.7909614502963939,4879,8218,488373.14052535617,-0.06411199632218427,0.7048215117459514,93.58880036778157,10662.35341203548,106.59549972683105,0
univ3-conc-c2,746,10000,359.8903693406182,-362.3791988111084,362.3791988111084,-2.4888294704902023,147415.62236389786,16701.19104487713,0.898235953416433,8863,2831,109016.35089364015,-0.009732519280493932,0.05747279598767051,99.0267480719506,10097.801704607698,101.02848243158687,0
univ3-conc-c2,747,10000,173.42817134671995,-1437.4173856183577,1437.4173856183577,-1263.9892142716378,71108.80828822304,19904.857219195408,0.7812981478306356,5355,7854,373322.7407639537,0.6053948432105326,0.9649410292510919,160.53948432105327,5352.779333370457,59.147130478079994,0
univ3-conc-c2,748,10000,779.3285042832383,-1432.4764935858477,1432.4764935858477,-653.1479893026094,231862.22558290957,44778.026777424806,0.8381362567617248,11623,7493,350655.86063042015,0.46500108734046763,0.670593882774617,146.50010873404676,6227.18692331548,65.84911581145109,0
univ3-conc-c2,749,10000,340.31234187509534,-2137.720373900581,2137.720373900581,-1797.4080320254855,159468.56084169963,45758.239866672564,0.7770357491870901,10770,8234,503281.1879970095,0.2972531478650035,0.38389398545040193,129.72531478650035,7412.106134147302,75.92248779143098,0
univ3-conc-c2,750,10000,228.23741315167095,-1558.8207199239757,1558.8207199239757,-1330.5833067723047,96233.18187873301,23396.50050225228,0.8044256238368892,7848,7912,380248.07551160257,1.6450347131514138,1.8844728719093786,264.5034713151414,973.9066124193753,30.054351490408308,0
univ3-conc-c2,751,10000,741.9775356855965,-958.8262615734923,958.8262615734923,-216.84872588789574,222652.545537858,46892.71355933463,0.8260302788615322,10480,6284,255953.26932377758,-0.01351289025443819,0.1528113621532448,98.64871097455618,10136.048949983287,101.2866927732182,0
univ3-conc-c2,752,10000,230.53106396329073,-1911.763672445982,1911.763672445982,-1681.2326084826911,77884.07849229481,22039.476560117364,0.779436624842289,4085,8133,476675.62945792027,0.2755366137471515,0.5152010646921997,127.55366137471515,7578.277110855646,77.42692162612333,0
univ3-conc-c2,753,10000,310.2357220105776,-1197.1264977840547,1197.1264977840547,-886.8907757734771,137808.59662298698,26360.226985919646,0.8394321990835687,10252,7566,354814.50262731593,-0.15021063555897043,0.3775593727468845,84.97893644410296,11624.08708593285,116.90083946461168,0
univ3-conc-c2,754,10000,1141.647242385888,-1147.9099974472865,1147.9099974472865,-6.262755061398593,217091.33776901432,21032.071647758185,0.9116757495650204,8699,3497,173704.51113938726,-0.0031720302396311697,0.2533894374916035,99.68279697603688,10031.771299206523,100.34288258639835,0
univ3-conc-c2,755,10000,230.34502537494572,-1324.5366229972487,1324.5366229972487,-1094.191597622303,104963.5229314876,20228.87330392154,0.8384177161535945,9864,7729,363302.79347391834,0.30489589791098837,0.9682059838763312,130.48958979109884,7354.369969078584,75.26623008941496,0
univ3-conc-c2,756,10000,368.39545366104466,-1958.3330682530395,1958.3330682530395,-1589.9376145919948,133861.99651695235,27880.853053556923,0.8276223454230494,9498,8046,437822.90127368923,1.688915736984557,1.7021575571879424,268.8915736984557,843.3709763469263,29.392458375787093,0
univ3-conc-c2,757,10000,788.0627248434051,-2780.8967391638926,2780.8967391638926,-1992.8340143204873,231165.01140856574,79332.45025551869,0.7444988766402686,11710,8339,527981.8686662434,-0.41086405164908446,0.9039859104936767,58.91359483509155,15170.937166159687,158.94831824420146,0
univ3-conc-c2,758,10000,321.8339350397139,-352.828968873161,352.828968873161,-30.99503383344711,125057.2133683998,12807.27874885039,0.9071024122878708,7531,3429,116604.79129458276,-0.06719474725480737,0.09550887841048122,93.28052527451926,10695.309007416676,106.84769461779557,0
univ3-conc-c2,759,10000,142.86121741589062,-1828.5100667800848,1828.5100667800848,-1685.6488493641941,71988.99257032364,15657.460438091046,0.8213565991473971,6952,8152,424005.19911225606,0.3614341045406863,1.281108444694368,136.14341045406863,6938.868333042088,71.69126603690364,0
univ3-conc-c2,760,10000,183.82303442154046,-206.12749675944167,206.12749675944167,-22.304462337901214,77205.40762023296,6780.276674038381,0.9192686619033613,4555,2494,78539.588201769,-0.03089257437804875,0.07615845154153277,96.91074256219513,10313.772803429407,103.10818805891064,0
univ3-conc-c2,761,10000,475.7974382496677,-644.1219337486267,644.1219337486267,-168.32449549895898,195653.07599982648,19748.215594797734,0.9083189545958572,11542,5803,219588.15400738711,-0.09148491426815582,0.15804114581626705,90.85150857318442,10958.704317377298,109.84123302701997,0
univ3-conc-c2,762,10000,374.6506262074824,-461.8990413512949,461.8990413512949,-87.24841514381251,114233.47888785711,21051.56782347423,0.8443910222510129,5483,4389,146862.60308229795,0.043711307371118696,0.1597986933830228,104.37113073711187,9572.23660825261,95.76820015918756,0
univ3-conc-c2,763,10000,340.72397923089017,-630.5852220469943,630.5852220469943,-289.86124281610415,151147.98202084002,38887.324474624875,0.7953678966726485,9751,6362,235130.53558496968,0.1906217273781891,0.22566742091967584,119.06217273781891,8259.659787552426,83.24321816981625,0
univ3-conc-c2,764,10000,352.0905420616279,-388.4091782292757,388.4091782292757,-36.31863616764781,143498.02998926234,32865.34026196313,0.8136498513543531,8312,3656,128285.99415042582,-0.11149001715060791,0.16062250858049054,88.85099828493921,11180.721297182343,112.10210031335453,0
univ3-conc-c2,765,10000,659.5215509081286,-1718.8661092122445,1718.8661092122445,-1059.344558304116,141528.44637673034,8357.553257072032,0.9442406010068253,8235,7773,384510.7053606117,0.6013484868554613,0.6873553464869508,160.13484868554613,5376.6601870954655,59.15366382988853,0
univ3-conc-c2,766,10000,491.2155997562239,-742.6507020793815,742.6507020793815,-251.4351023231576,178016.7037937074,23431.099169123296,0.8836864993089719,10083,6110,243533.50186408023,-0.24026457664468764,0.2825969908802125,75.97354233553123,12730.69756696432,129.17125411408526,0
univ3-conc-c2,767,10000,637.806980499158,-3175.1196149291504,3175.1196149291504,-2537.3126344299926,230070.8773909925,47532.59621969492,0.828775210909807,11337,8533,653077.0774068938,-0.318331758990565,0.6345475743939629,68.1668241009435,13785.918796064565,141.39502169550477,0
univ3-conc-c2,768,10000,437.336752191241,-800.8462126188751,800.8462126188751,-363.50946042763417,139332.9207302646,17930.054697949763,0.8859868023663696,7008,6512,261739.14308134795,-0.10935951153957063,0.2695898676537564,89.06404884604294,11156.853424090323,111.92007962805289,0
univ3-conc-c2,769,10000,318.8487807390084,-1822.207714950341,1822.207714950341,-1503.3589342113326,97389.99400810839,16391.09110593971,0.855941863364107,6829,8002,400206.5382424905,1.2760338991401716,1.3618843946112977,227.60338991401716,2209.941250105924,37.26992806776026,0
univ3-conc-c2,770,10000,353.9434190899436,-1033.4585619993584,1033.4585619993584,-679.5151429094149,137442.53293530506,25859.73512073186,0.8416449726720382,10592,7333,302308.2891202796,0.6261193277450545,1.0230592535507086,162.61193277450545,5231.6214856438755,57.98356107023355,0
univ3-conc-c2,771,10000,367.50634786612,-685.6011559631697,685.6011559631697,-318.09480809704974,123589.19441226986,32506.27275098566,0.7917538968829355,6033,6331,242718.9743487588,-0.15207777231144845,0.26015299502304745,84.79222276885515,11645.935764943708,117.1002968466999,0
univ3-conc-c2,772,10000,372.7720728871773,-718.8012258083384,718.8012258083384,-346.0291529211611,107087.54144102312,12404.666464216734,0.8961884905997056,4798,6340,246125.30735466894,-0.06213875332806012,0.3118515208286142,93.78612466719399,10641.313659809139,106.47163313139586,0
univ3-conc-c2,773,10000,149.35991635225417,-1055.2020034692941,1055.2020034692941,-905.8420871170399,56601.62694835489,9558.592739158623,0.8555235640947755,4119,7519,313916.62360734673,0.5608982304850025,0.6749793604464207,156.08982304850025,5619.537334739111,60.991476141526256,0
univ3-conc-c2,774,10000,488.2102959438349,-1389.9702796804274,1389.9702796804274,-901.7599837365925,170841.5758524625,41397.943519178436,0.8049470539617611,9011,7683,379911.41934017517,-0.04957544837404768,0.3581934639859338,95.04245516259523,10508.356553981803,105.14823605591745,0
univ3-conc-c2,775,10000,501.4693936850318,-607.673996092526,607.673996092526,-106.20460240749418,185118.11203399516,34039.28066057259,0.8446811205314348,9358,5135,193588.1149626824,-0.029028702745496845,0.1447720116639401,97.09712972545032,10294.563215362265,103.46699775840948,0
univ3-conc-c2,776,10000,627.7464583845269,-2326.476168557064,2326.476168557064,-1698.729710172537,185868.71580500825,28687.88499365879,0.8662922283123857,10897,8224,488803.3782443319,0.23882133545859888,0.8197685265837831,123.88213354585989,7866.548937273748,79.8028225848472,0
univ3-conc-c2,777,10000,321.93875370344784,-764.6168918805741,764.6168918805741,-442.6781381771263,133452.08018788067,16687.490175436604,0.8888534838946511,10664,6698,266597.0002143567,-0.18712115210851038,0.24748592261010358,81.28788478914896,12064.3585401854,121.75783026085003,0
univ3-conc-c2,778,10000,160.78754634911954,-364.72345330031754,364.72345330031754,-203.935906951198,82108.22161276653,25940.510785506085,0.7599184163504282,6269,5470,163577.06427147263,0.3808130407843731,0.4090581028792991,138.0813040784373,6800.992938726889,70.4965545879545,0
univ3-conc-c2,779,10000,529.1381564314954,-1621.3756658280008,1621.3756658280008,-1092.2375093965054,117688.24853833872,7246.121019195359,0.9420005796254616,5356,7766,397864.595124713,-0.17062370859485526,0.46094091208081467,82.93762914051447,11865.379682427112,119.5149394147438,0
univ3-conc-c2,780,10000,181.6359241049166,-1519.1579304288734,1519.1579304288734,-1337.522006323957,68450.81834659727,13521.14867136657,0.8350515528265479,4773,7924,383966.77115566,1.0436882276981623,1.21405902593608,204.36882276981623,3141.9934749030167,43.201264710126864,0
univ3-conc-c2,781,10000,549.953551583447,-583.5923745660759,583.5923745660759,-33.63882298262888,195017.6289934231,44826.32515422133,0.8131021258654413,9838,4179,161619.32189081315,0.12867724301256034,0.15507274472718607,112.86772430125603,8791.014117416053,88.30946982733876,0
univ3-conc-c2,782,10000,322.5635654774884,-1587.9896100921435,1587.9896100921435,-1265.426044614655,132020.8677751385,33341.34268033922,0.7983738691657363,11362,7916,364356.41013219504,1.6008358169153916,1.798096923365584,260.08358169153917,1108.6041210677822,30.849314336764525,0
univ3-conc-c2,783,10000,286.23876025931037,-3002.7638763176847,3002.7638763176847,-2716.5251160583744,149452.6846507073,34903.94484004967,0.8106716046151211,9371,8482,675003.0264583542,-0.537598087730263,0.7067485700517104,46.2401912269737,17352.31255785127,187.45760283221549,0
univ3-conc-c2,784,10000,521.451324630398,-1076.4012932820358,1076.4012932820358,-554.9499686516378,170812.1483265043,35446.61872644153,0.8281449112059197,8501,7088,312666.77499620087,0.09801870368329489,0.318251067314919,109.80187036832949,9065.608455559337,90.7681798913549,0
univ3-conc-c2,785,10000,412.0414338633855,-1132.1138350215826,1132.1138350215826,-720.0724011581972,174601.9960711636,34320.19862365268,0.8357273688715264,11337,7370,358794.35356016457,-0.07642710062445189,0.42247786057102865,92.35728993755481,10794.638463898096,107.79334861455105,0
univ3-conc-c2,786,10000,410.4022465974706,-791.1914770086111,791.1914770086111,-380.78923041114047,172591.61182027313,26077.147589001772,0.8687405726670866,11658,6699,259687.293786665,0.4017078297074872,0.47046821654009024,140.17078297074872,6654.82596547503,69.39788457473159,0
univ3-conc-c2,787,10000,210.2754081421666,-255.0762330745419,255.0762330745419,-44.80082493237529,73292.355797984,15279.946741724985,0.8274861745309756,4524,3148,91417.07138963701,-0.02257078122010043,0.088756576401302,97.74292187798996,10228.2845046439,102.25641890206818,0
univ3-conc-c2,788,10000,415.09828254021977,-543.1777419110508,543.1777419110508,-128.07945937083105,145100.4199774563,6694.298502184067,0.9558990024868227,9888,5076,170686.5481269658,0.28522578171164836,0.3578082668074819,128.52257817116484,7503.747127355245,76.4701005624904,0
univ3-conc-c2,789,10000,448.3510873187711,-2469.067022801423,2469.067022801423,-2020.7159354826517,140028.05762511684,25157.509031764308,0.8477015302189156,8915,8335,497676.28455252945,0.9715009752880437,1.594935125548095,197.15009752880437,3461.249675309871,45.19913850165597,0
univ3-conc-c2,790,10000,643.8865983250645,-1237.2665196133655,1237.2665196133655,-593.379921288301,210559.09364087676,37610.509213171004,0.8484483644224136,10853,7239,350384.8861987327,-0.06171136176662231,0.4086342669548248,93.82886382333777,10636.762638391123,107.42707785417099,0
univ3-conc-c2,791,10000,546.0417308814494,-941.2790477074882,941.2790477074882,-395.23731682603875,102411.10474594308,24225.50990015022,0.8087005881525469,4455,6487,247979.677179255,0.24649784101940952,0.6346255624068396,124.64978410194095,7805.497090237342,79.51436980792685,0
univ3-conc-c2,792,10000,240.7564264915557,-275.6580421980128,275.6580421980128,-34.901615706457136,118134.35549114182,15411.461549615873,0.8845979462994911,8255,3410,108931.89035944483,-0.07329763504255922,0.10178766160666357,92.67023649574408,10760.862142663933,107.75392412089055,0
univ3-conc-c2,793,10000,554.5927200194159,-975.99476932496,975.99476932496,-421.4020493055441,171744.07251996908,42748.07914211918,0.8007009635976581,9093,6810,279445.7334941356,0.10686960959439318,0.3529714092594233,110.68696095943932,8985.514465186821,90.0232238598749,0
univ3-conc-c2,794,10000,495.9747440814101,-1280.5406072975136,1280.5406072975136,-784.5658632161035,159213.8566782825,25531.09492530585,0.8618035583451907,8800,7401,340209.8868738256,0.3017122946313404,0.4704635196269129,130.17122946313404,7378.373419721117,75.5775003864907,0
univ3-conc-c2,795,10000,194.8310736858727,-1414.714283374595,1414.714283374595,-1219.8832096887222,87630.10997279447,20941.081867223562,0.807121193823858,5287,7821,427386.4437260918,-0.012211876009931188,0.503475526348163,98.77881239900688,10122.869641364368,101.23265814628994,0
univ3-conc-c2,796,10000,462.69198840154854,-1294.3616632113929,1294.3616632113929,-831.6696748098443,167360.0807906995,17213.74217071717,0.9067379008868689,11488,7533,338361.52370801364,0.9866043372419366,1.1674103512273495,198.66043372419367,3393.1767119155825,44.766029147773274,0
univ3-conc-c2,797,10000,127.82625757131537,-1084.1191714168776,1084.1191714168776,-956.2929138455622,54594.79413025346,11010.374201629835,0.8321721522619898,4896,7559,318250.65032507177,0.8939381544316853,1.0313703251431992,189.39381544316853,3822.0304046721567,48.03513720874063,0
univ3-conc-c2,798,10000,530.6833436813822,-540.6051347168907,540.6051347168907,-9.921791035508477,167300.35598309763,9674.761360498283,0.9453326461611278,9191,3230,131432.9413644547,0.05276809079564245,0.07083353382132543,105.27680907956425,9485.884391304542,94.88059338914263,0
univ3-conc-c2,799,10000,296.1634201466168,-607.8156237113307,607.8156237113307,-311.6522035647139,135225.52411129823,16138.4647394547,0.8933797605230431,9824,6307,235604.81267132904,-0.24934359866262454,0.27397808850236816,75.06564013373755,12848.58106003222,129.93298697183545,0
univ3-conc-c2,800,10000,214.72399787384325,-340.61328486251085,340.61328486251085,-125.8892869886676,73824.91656857605,5709.083567538058,0.9282183272843368,5026,4613,133386.96293393124,0.2706953196710319,0.2886314520958064,127.06953196710319,7615.755045971127,77.59413458054722,0
univ3-conc-c2,801,10000,663.6678895377725,-669.9298929364757,669.9298929364757,-6.2620033987032,209808.4898014249,33620.55317972587,0.8618876664510028,9874,3651,161383.9096186987,-0.046738735267956175,0.11008477093591722,95.32612647320438,10478.572172221826,104.84914144142202,0
univ3-conc-c2,802,10000,439.28021561281247,-701.3582110876891,701.3582110876891,-262.0779954748767,155802.54897093738,34660.78406183306,0.8180185996436939,8885,6117,228275.52007116217,0.13612090257270637,0.2398202608826321,113.61209025727064,8725.53397549376,87.95038740837605,0
univ3-conc-c2,803,10000,472.5563719535495,-779.3753617810594,779.3753617810594,-306.8189898275099,188964.38290538784,24224.398959402202,0.8863711366634387,11472,6508,257294.31168479193,0.10953439251108094,0.15486649080903803,110.9534392511081,8961.531929476232,89.95941612798795,0
univ3-conc-c2,804,10000,147.14003000080734,-154.56604065530684,154.56604065530684,-7.426010654499493,79561.00308071963,12974.289068284877,0.859790910397807,7364,2117,61852.275420095604,0.02908725788615513,0.04819097574726498,102.90872578861551,9713.297647735862,97.2363674029311,0
univ3-conc-c2,805,10000,225.16008598358883,-2570.1596723034195,2570.1596723034195,-2344.9995863198305,113230.21948416445,15904.393168808478,0.8768386504434036,10042,8375,574798.7561518907,-0.1705001072457155,0.4043158406575258,82.94998927542845,11863.902766243029,119.2981378612403,0
univ3-conc-c2,806,10000,164.8443680777401,-1145.2401294495232,1145.2401294495232,-980.3957613717831,71993.55978280758,17433.941955070884,0.8050494353943642,6358,7626,339710.3179212564,0.3005575434297691,0.6649253937924697,130.0557543429769,7387.096262422465,75.48629317156421,0
univ3-conc-c2,807,10000,224.05523331589941,-427.98581230548314,427.98581230548314,-203.93057898958372,94974.4030407389,12208.599688548264,0.8860957486012628,6681,5541,179290.5941288033,0.009086068943158807,0.19813312710742012,100.90860689431588,9909.550822477891,99.07495247045713,0
univ3-conc-c2,808,10000,291.48256162804944,-292.90873066999075,292.90873066999075,-1.4261690419413071,86804.4225845444,17843.783671513153,0.8294879166122328,4435,1806,70733.55926709512,0.001215307275816997,0.08255573888988949,100.1215307275817,9987.854617008365,99.8784555894213,0
univ3-conc-c2,809,10000,1034.718167056568,-2281.6514989934385,2281.6514989934385,-1246.9333319368704,201006.16921334423,13337.791756414847,0.9377738859724786,7365,7967,470190.89906955685,0.01795919348299961,0.5214838221618269,101.79591934829996,9822.007151396501,98.84999152418169,0
univ3-conc-c2,810,10000,391.84465253465225,-2289.233981636505,2289.233981636505,-1897.389329101853,139762.35854040217,41835.18293603216,0.7696269310922303,7487,8274,512789.0201896087,-0.10590586691740811,0.6359535119592388,89.40941330825919,11118.276590660973,110.90749740308672,0
univ3-conc-c2,811,10000,759.6913073896133,-3666.454516834314,3666.454516834314,-2906.763209444701,237100.71103500537,13088.553383207362,0.9476853916428296,10123,8648,754948.943868203,-0.5356409723236724,0.723435599722629,46.43590276763277,17315.75584602284,186.54067034309261,0
univ3-conc-c2,812,10000,204.25411862877877,-205.58933234593303,205.58933234593303,-1.3352137171542608,72504.33938909955,4059.756299152092,0.9469757167160658,4180,1518,58562.484424656584,0.008876317706466779,0.04445249823118843,100.88763177064668,9911.629308842426,99.1449253962304,0
univ3-conc-c2,813,10000,122.47326648854724,-2491.368377136305,2491.368377136305,-2368.8951106477575,53202.32414004891,10422.521234858821,0.8361878732522746,3838,8338,569787.8359686885,-0.49499361462773,0.7986975493371433,50.500638537227,16578.0006671555,176.8947872540809,0
univ3-conc-c2,814,10000,151.93754379172154,-1450.5680483013143,1450.5680483013143,-1298.6305045095928,58476.357804921194,5422.491204384141,0.9151394541771092,4512,7848,408428.890870116,0.5254295087808015,0.609686339039157,152.54295087808015,5838.906030430586,62.71693477351568,0
univ3-conc-c2,815,10000,212.4648221010914,-1950.9413293966923,1950.9413293966923,-1738.4765072956009,73151.20937572907,13501.679948374791,0.8441866156606149,4595,8245,440563.4654479958,0.269200586856017,0.8407742664672228,126.9200586856017,7627.3587072095015,77.68030596446827,0
univ3-conc-c2,816,10000,622.0876703841644,-1738.8335185317512,1738.8335185317512,-1116.745848147587,136047.47608745468,18457.9791912536,0.880535097236808,6437,7820,391818.55852100713,0.48727920288154,0.8528480744215011,148.727920288154,6081.84387595037,64.61531201975052,0
univ3-conc-c2,817,10000,145.19817748836624,-275.801181042601,275.801181042601,-130.60300355423476,86828.2843004498,9201.959508561906,0.9041764433415052,7213,4795,144522.35140908562,-0.24457893044918805,0.27695644557291715,75.5421069550812,12786.563513872543,129.80734167473219,0
univ3-conc-c2,818,10000,274.3969141433293,-341.6595081220245,341.6595081220245,-67.26259397869518,134542.92140945818,14529.995996839183,0.9025309476084259,9725,4313,137123.19946068776,0.014716375209204671,0.08934431092251231,101.47163752092047,9853.911889751189,98.4871648904089,0
univ3-conc-c2,819,10000,489.6324927997694,-574.3707390961084,574.3707390961084,-84.73824629633901,183615.3226816062,35181.11608204621,0.8392061759284417,9538,4940,178036.93647083844,0.26173143854217895,0.2848189649257864,126.1731438542179,7685.571140910117,78.1946351444569,0
univ3-conc-c2,820,10000,514.9194812077767,-607.7530817214001,607.7530817214001,-92.83360051362342,168113.39349102086,10009.014938451452,0.9438082213984069,9720,4936,177848.19309232172,-0.005238127022965813,0.09599912676399072,99.47618729770342,10052.519545417972,100.49189058316097,0
univ3-conc-c2,821,10000,695.7914693324263,-1770.7021873203603,1770.7021873203603,-1074.9107179879338,190298.31311690548,45752.78059664529,0.8061742486473435,8581,7858,410052.654118108,0.033957840314468225,0.6314567424126565,103.39578403144682,9666.091906190431,96.39702422755052,0
univ3-conc-c2,822,10000,214.7865437516692,-263.628074825445,263.628074825445,-48.841531073775826,83529.52493297156,8220.491273933134,0.9104033806882914,6279,3421,97493.61890016451,0.1684401515824446,0.21927775078912787,116.84401515824446,8446.442065998686,84.97408078309397,0
univ3-conc-c2,823,10000,648.6941417843282,-758.704943900698,758.704943900698,-110.01080211636986,194689.82338085747,10567.628314556543,0.9485152513233084,10956,5094,194384.7307166405,0.023819846025202908,0.10124818205019295,102.38198460252029,9764.605893796974,97.60021019536488,0
univ3-conc-c2,824,10000,195.80682147080014,-264.54181640170606,264.54181640170606,-68.73499493090591,69815.85114381053,5490.78427034985,0.9270876432049787,4983,3717,103021.52018811773,0.14519373757478193,0.2223263827729866,114.51937375747819,8646.336532037105,86.78164772720766,0
univ3-conc-c2,825,10000,329.8211101955179,-333.27528730294836,333.27528730294836,-3.4541771074304393,120744.64481450053,19308.88091995123,0.8621321325636472,6665,2448,94358.77701862626,-0.02593264137635785,0.0633717612048764,97.40673586236421,10262.733620286943,102.54219046099887,0
univ3-conc-c2,826,10000,712.7723165180611,-855.5698265759222,855.5698265759222,-142.79751005786113,169335.54273126222,12165.907804650233,0.9329707406264335,7767,5373,206499.56975618887,0.16637049923856637,0.20318535530868076,116.63704992385664,8464.065049203024,85.45788929678895,0
univ3-conc-c2,827,10000,366.9698065529572,-2165.874626879014,2165.874626879014,-1798.904820326057,120038.11862215695,23015.21113659314,0.8391144674828138,5397,8196,543874.6243518419,-0.42231186836733065,0.5702086907757037,57.768813163266934,15353.58030035766,160.70313852432446,0
univ3-conc-c2,828,10000,312.5877480291943,-2162.239706782603,2162.239706782603,-1849.651958753409,118383.23236139909,23524.15786817698,0.8342288035167169,8346,8290,494044.82924185274,0.3064549060600919,0.5082029744011541,130.6454906060092,7342.639609238762,75.19124874910781,0
univ3-conc-c2,829,10000,375.330663555645,-420.17505323800015,420.17505323800015,-44.84438968235514,129154.8389407367,4501.465309612099,0.9663205911994956,7097,3758,131958.02684929734,-0.19519145668289767,0.2429536995714878,80.48085433171023,12163.020545305553,122.83687938068753,0
univ3-conc-c2,830,10000,177.24557563438552,-654.321527474723,654.321527474723,-477.07595184033744,111500.09661814822,21922.264017785088,0.8356927286153788,9382,6697,277126.0900997512,-0.11762007896458031,0.4812199801986955,88.23799210354197,11249.697729811232,112.94110362518128,0
univ3-conc-c2,831,10000,526.751737383551,-1679.7001629050978,1679.7001629050978,-1152.9484255215468,123322.18405302943,33595.44579340169,0.7859039431943997,5493,7820,385724.5611807685,0.7818402727605448,0.9824567644996395,178.18402727605448,4378.999816987792,51.688097046321765,0
univ3-conc-c2,832,10000,571.9559665798004,-761.344730417644,761.344730417644,-189.3887638378436,222674.14494859442,63604.77178545781,0.7778223680909571,10573,6107,243012.65791411808,0.08557703974625014,0.13721311876028025,108.55770397462501,9179.345614552381,91.85844630659516,0
univ3-conc-c2,833,10000,494.76211268131516,-1619.1493157872237,1619.1493157872237,-1124.3872031059086,143042.5389778387,49147.05571823132,0.7442782696120838,6767,7804,409576.6932577726,-0.04408149964333887,0.3320249638352861,95.59185003566611,10450.750794719086,104.45568928617625,0
univ3-conc-c2,834,10000,693.5083694568332,-1226.7554987124101,1226.7554987124101,-533.247129255577,190181.72194641447,23650.478013956596,0.8893970224393722,9967,7167,308351.0269941579,0.9235888051859695,0.9874666775447315,192.35888051859695,3681.8512508803296,46.10246177590722,0
univ3-conc-c2,835,10000,607.4565398102815,-2436.2622457218818,2436.2622457218818,-1828.8057059116004,122613.34303555395,18601.233366385775,0.8682768178729581,5979,8239,451467.1806491717,1.3833984141020688,2.0000360773778194,238.33984141020687,1822.4936610227169,34.93327604732511,0
univ3-conc-c2,836,10000,743.9315974831045,-817.4126077027656,817.4126077027656,-73.48101021966113,235463.21065070046,42328.095346301736,0.8476262775957485,11224,5167,210253.77751290434,0.09874393368289361,0.18511499441192514,109.87439336828936,9059.020297007039,90.85752508151614,0
univ3-conc-c2,837,10000,277.3741772956216,-469.72011887175097,469.72011887175097,-192.34594157612935,104256.02611400737,13936.296134546976,0.882087974333566,6311,5473,181142.44989394755,0.09045974618071612,0.1676334449148574,109.04597461807161,9134.548074810944,91.23673533614378,0
univ3-conc-c2,838,10000,150.4114809460388,-2073.5798969307084,2073.5798969307084,-1923.1684159846695,58909.62386095766,9401.276660896654,0.8623751613713692,4878,8306,461274.6352897762,0.572687472332293,0.9679216554287459,157.2687472332293,5547.962100450536,60.250967028008056,0
univ3-conc-c2,839,10000,299.1708340870512,-752.6686768820837,752.6686768820837,-453.49784279503245,75262.40188774824,8632.108783245747,0.8971075852972316,4154,6660,250517.61326467866,-0.07808410764425858,0.25115013970681443,92.19158923557414,10812.56645553887,108.29122919939262,0
univ3-conc-c2,840,10000,187.31493868391942,-1152.1403596170196,1152.1403596170196,-964.8254209331002,79813.31968640859,6269.943429790903,0.9271641989067326,6724,7582,337462.72649681126,0.35617653731065074,0.8332742840755355,135.61765373106508,6976.665428012621,71.96154163648174,0
univ3-conc-c2,841,10000,307.08085846429094,-1307.2923332759162,1307.2923332759162,-1000.2114748116253,115387.66937228675,31880.611522637802,0.7835201760426299,5744,7617,379028.5051686505,-0.00921847849789316,0.23529422069022446,99.07815215021068,10092.612322598223,100.83021057413497,0
univ3-conc-c2,842,10000,870.0478625031159,-1600.2133139460125,1600.2133139460125,-730.1654514428966,237769.8910124079,63316.08755614298,0.7897076182120275,11537,7556,389723.2863819309,-0.04732907266080332,0.3264929002790262,95.26709273391967,10484.763606440169,104.82636872516866,0
univ3-conc-c2,843,10000,217.16016929168188,-653.193100066955,653.193100066955,-436.03293077527314,87385.9079034232,23184.636276501453,0.7903181498431037,5711,6672,248568.00929104982,0.09661474183520667,0.15283493512450633,109.66147418352067,9078.375233149154,90.99599602018608,0
univ3-conc-c2,844,10000,526.5684087734124,-1115.934247438653,1115.934247438653,-589.3658386652406,185531.29398152174,37135.63438367611,0.8332233948870501,9194,7256,331846.6582761388,-0.24730860694296056,0.3270683445860058,75.26913930570394,12822.0522288876,130.21283471593298,0
univ3-conc-c2,845,10000,789.8305196399552,-2703.8025280608335,2703.8025280608335,-1913.9720084208784,212871.91717586285,16487.21778354771,0.9281161494332222,9443,8346,559729.2822637475,0.14505771153087138,0.4730818634167822,114.50577115308714,8647.519363613817,86.84440521727163,0
univ3-conc-c2,846,10000,1081.0743452198171,-1457.310996097174,1457.310996097174,-376.23665087735685,252582.8564079028,51070.6915832688,0.8318126301466643,11459,6942,311190.3857111124,0.15330903183299527,0.3446743646994472,115.33090318329953,8576.06366225724,86.26568770451667,0
univ3-conc-c2,847,10000,205.5831029265748,-953.3546291322256,953.3546291322256,-747.7715262056507,103885.35626492133,13882.062285149736,0.8821230654788658,9275,7320,310390.5297503868,-0.014675840781999341,0.789393359887012,98.53241592180007,10147.844116272918,101.68714168473659,0
univ3-conc-c2,848,10000,465.9998970736892,-514.2537513851651,514.2537513851651,-48.253854311475834,164407.92917629654,35364.62046292184,0.822975576340248,9240,4288,151861.55035927234,0.14767731242050744,0.19728079624279318,114.76773124205074,8624.774166971723,86.78353724731187,0
univ3-conc-c2,849,10000,385.39181714652113,-2193.2256029420855,2193.2256029420855,-1807.8337857955644,111059.04369705568,25996.523053277306,0.8103212903374161,6520,8248,468982.2469479652,0.8599250355136852,1.0693311996848758,185.99250355136851,3986.4137901234044,48.957746823523024,0
univ3-conc-c2,850,10000,108.63283934879091,-492.62932481225397,492.62932481225397,-383.99648546346305,58715.967108072065,7846.935576783381,0.8821124791697412,5452,6334,211983.1931263979,0.44647106141480264,0.4650131150166638,144.64710614148026,6350.093475210936,67.06723239911757,0
univ3-conc-c2,851,10000,682.0913636419472,-1548.9286423860408,1548.9286423860408,-866.8372787440936,161434.80119954483,14906.506878550586,0.9154678671661604,7938,7657,371067.59060256043,0.20613956830418573,0.4362762730544333,120.61395683041857,8131.222959396239,82.33778507966863,0
univ3-conc-c2,852,10000,431.99199789121207,-2114.5951108960535,2114.5951108960535,-1682.6031130048414,135173.47331893453,34892.30659498845,0.7948305260902645,6108,8119,527756.850881605,0.12387946951790794,0.6704618114205496,112.3879469517908,8833.462312343763,88.6748237802902,0
univ3-conc-c2,853,10000,155.3915243239566,-1243.887498217109,1243.887498217109,-1088.4959738931523,90611.22078788331,14617.512601294051,0.8610882015729229,8363,7696,383621.992152596,-0.3576661395267065,0.3728855127940128,64.23338604732935,14355.602200030049,148.30004310935598,0
univ3-conc-c2,854,10000,451.5542152030124,-530.2668245226913,530.2668245226913,-78.7126093196789,156262.3004927152,12093.656260386226,0.92816615168466,9713,4672,159949.8492646709,0.09241670064225517,0.19847584169723362,109.24167006422552,9116.652443246605,91.36150052574122,0
univ3-conc-c2,855,10000,579.6450873821059,-1057.348473982562,1057.348473982562,-477.70338660045604,227421.74013721742,45609.86912558623,0.832950224156336,10546,7060,344549.99597025727,-0.5798474696904342,0.6153614754186905,42.01525303095658,18166.050860975698,198.6265803228232,0
univ3-conc-c2,856,10000,418.33698611282335,-931.5588718306375,931.5588718306375,-513.2218857178141,105591.59414429101,25157.45773704255,0.8075897501736747,4766,6870,263294.6094050247,0.4470764039332511,0.6706374578171415,144.7076403933251,6346.048918628722,67.00186336323387,0
univ3-conc-c2,857,10000,393.2170653731226,-2393.8516692070275,2393.8516692070275,-2000.634603833905,97236.73324714023,22395.19237433802,0.8127991983912589,5330,8290,473750.4882992757,0.5790512947886305,0.9407033652178245,157.90512947886305,5509.59779373078,60.32203024469303,0
univ3-conc-c2,858,10000,248.31150989705282,-288.46963132888516,288.46963132888516,-40.15812143183234,108619.1431643895,16491.179868613435,0.8681868972213971,7912,3526,105518.31627921233,0.26881158113242976,0.2835973735523049,126.88115811324298,7630.380985601059,77.63671165355022,0
univ3-conc-c2,859,10000,733.9114847996958,-840.9263084965188,840.9263084965188,-107.01482369682299,232343.76554922864,49903.21574364941,0.8231930931021489,10242,5642,230023.18554713123,0.23723312946855857,0.2521448817633713,123.72331294685586,7879.232166640931,80.30670692604882,0
univ3-conc-c2,860,10000,270.51966156982104,-2262.6214120441364,2262.6214120441364,-1992.1017504743154,123242.88409896863,21018.336901478222,0.8543036253560261,8996,8308,545053.1315983632,-0.576677194470575,0.6231730465240957,42.33228055294251,18103.313663417815,197.45107031287412,0
univ3-conc-c2,861,10000,368.49125301605034,-431.1476263774499,431.1476263774499,-62.656373361399574,107141.06187184658,4495.459697208174,0.9597312811790949,5385,3977,130957.1698009759,-0.012814127045862591,0.15068191722134286,98.71858729541374,10128.968049263392,101.3932377875106,0
univ3-conc-c2,862,10000,587.8397544193502,-2414.3827281303643,2414.3827281303643,-1826.542973711014,188778.68219753998,37912.697729619606,0.8327563326766033,9879,8300,535463.7802825725,0.633913894283385,0.6894610150363363,163.3913894283385,5186.546866463483,57.60465136755883,0
univ3-conc-c2,863,10000,336.6943446217695,-1050.603923996917,1050.603923996917,-713.9095793751476,123609.11215515251,18134.262483728176,0.8720627152420436,6903,7359,347492.2400688769,-0.3395546028210657,0.5097773890242475,66.04453971789343,14089.938133183703,145.07392197208722,0
univ3-conc-c2,864,10000,196.48693604507815,-1051.5601515590963,1051.5601515590963,-855.0732155140181,100998.23195071657,13009.625621300103,0.8858883422742844,8863,7479,326570.3063539403,0.9202924821391082,0.9913686835810469,192.02924821391082,3697.2946042578487,46.03179362892335,0
univ3-conc-c2,865,10000,238.25617673509336,-947.4361431500192,947.4361431500192,-709.1799664149258,94838.44414737726,13471.754232211488,0.8756187835147548,5605,7284,323365.05703195,-0.1923228867773426,0.24987795173744573,80.76771132226574,12127.850439820337,122.21216496178592,0
univ3-conc-c2,866,10000,114.561478974837,-794.8921661175189,794.8921661175189,-680.3306871426819,65081.20761651828,13152.903885323476,0.8318776345403521,5514,7182,300930.5728759091,-0.08028626591182941,0.2848817700634028,91.97137340881706,10836.441280532808,108.47222454667182,0
univ3-conc-c2,867,10000,635.855930517759,-879.1956447723248,879.1956447723248,-243.33971425456582,172208.7283167608,17691.342845850297,0.9068386718470409,7754,6066,238390.67836463157,0.05638183091399227,0.21168311532911815,105.63818309139923,9451.641362969302,94.5777182947253,0
univ3-conc-c2,868,10000,181.52178129748262,-186.30306237282016,186.30306237282016,-4.781281075337546,82156.66087964577,10078.83295514199,0.8907271752326149,5246,1956,66325.91847974272,0.007870392749413924,0.05996815807781076,100.78703927494139,9921.604930320113,99.10295489690044,0
univ3-conc-c2,869,10000,199.17158964915086,-1304.0041779349092,1304.0041779349092,-1104.8325882857584,74153.33966706244,10336.258665055615,0.8776623528919492,5193,7682,364046.33040732803,0.23144481109296008,0.5935446229639396,123.14448110929601,7925.610193715362,80.18677816515901,0
univ3-conc-c2,870,10000,208.2384923119066,-282.27586939751313,282.27586939751313,-74.03737708560652,70013.31796147121,7760.336383037681,0.900218956554848,4066,3822,112016.1441991656,-0.04476407906804326,0.13099189563936434,95.52359209319567,10457.889867565284,105.06790297340291,0
univ3-conc-c2,871,10000,157.17855300735067,-2234.463307949389,2234.463307949389,-2077.2847549420385,66372.34779841529,14602.524706792083,0.8196659747027941,4412,8256,546755.2271758518,-0.4311904143596454,0.4822453168057731,56.88095856403546,15497.06795822437,162.52717894192187,0
univ3-conc-c2,872,10000,617.5054161535123,-1764.650157697751,1764.650157697751,-1147.1447415442385,143731.45356762188,18928.919173888196,0.8836291909648524,7393,7839,385673.4180122792,0.9220830890758882,0.9220830890758882,192.20830890758882,3688.901211834996,46.93697407140254,0
univ3-conc-c2,873,10000,641.8895717280923,-644.4610996540223,644.4610996540223,-2.5715279259300132,181142.840542596,21793.820635519685,0.8926077697888631,8032,3100,143985.95867100565,0.014571061684055309,0.07662620748089495,101.45710616840553,9855.343845451922,98.61261982968234,0
univ3-conc-c2,874,10000,294.58686993865365,-1400.9097461529593,1400.9097461529593,-1106.3228762143058,95556.67467038822,16278.80546561476,0.854439705129194,5295,7738,393268.5780990096,-0.032440560359225115,0.2864301866285217,96.75594396407749,10329.755068179136,103.32487417824419,0
univ3-conc-c2,875,10000,615.6489347195693,-1198.1628483489515,1198.1628483489515,-582.5139136293822,175593.91612282716,34138.86310521261,0.8372268596693994,8331,7263,315971.2077460144,0.14958914653247887,0.5822144869630378,114.95891465324789,8608.20951844014,86.56645037972162,0
univ3-conc-c2,876,10000,606.0959275025112,-751.2859978758394,751.2859978758394,-145.19007037332813,206158.62022905957,35543.78606233028,0.8529440124006061,10761,5790,221571.8614146101,0.16466418184063683,0.17340024010159738,116.46641818406368,8478.619638853737,85.52460096449374,0
univ3-conc-c2,877,10000,475.7502096350089,-1137.968614260639,1137.968614260639,-662.2184046256301,123963.28721097586,21328.932604776353,0.8531997609244049,5646,7198,310549.70120839204,0.38687921572906503,0.558178394928031,138.6879215729065,6758.2940809214115,70.11026216843064,0
univ3-conc-c2,878,10000,420.73070307726294,-1179.437582056188,1179.437582056188,-758.706878978925,123273.12010096533,21841.924103390902,0.8494854601523443,5788,7389,340115.2614696911,0.004451463894895937,0.1962682435528471,100.4451463894896,9955.584871983358,99.63650055586174,0
univ3-conc-c2,879,10000,791.2481460482421,-3016.5631313955755,3016.5631313955755,-2225.3149853473333,250707.14569233902,43931.093586947965,0.8508981940212256,10747,8512,610292.5707223228,-0.06611250793873794,0.6047484346463442,93.3887492061262,10683.727956301193,106.96298308753185,0
univ3-conc-c2,880,10000,292.66794683601387,-372.739823128937,372.739823128937,-80.07187629292315,119018.47372254847,13132.240313307646,0.9006267926048094,7353,4338,139520.24579405514,-0.048499992339640696,0.09867018500226905,95.15000076603593,10497.054283725172,105.03268926818903,0
univ3-conc-c2,881,10000,984.3553569662383,-1163.5533312065459,1163.5533312065459,-179.19797424030753,212330.85656778206,18934.30591708155,0.9181272885477475,8475,5986,244544.76819844363,0.23844097133362752,0.41592229556073934,123.84409713336275,7869.584681004763,79.91864952698177,0
univ3-conc-c2,882,10000,220.93618196873692,-990.0535418819009,990.0535418819009,-769.1173599131639,104808.55118796065,18955.9512299445,0.8468385453048763,7901,7341,321913.17612973123,0.0747406732568659,0.3276191118169703,107.47406732568659,9279.519087900326,92.96718688283305,0
univ3-conc-c2,883,10000,249.59464860507447,-549.2399024387223,549.2399024387223,-299.64525383364787,102748.70132193688,11589.669998650228,0.8986370903766454,8500,6148,202606.5672089834,0.6311663680202022,0.6598716578538583,163.11663680202022,5202.40475237971,57.866316955603345,0
univ3-conc-c2,884,10000,395.6191946106471,-1097.3738480778652,1097.3738480778652,-701.7546534672181,122875.4825513692,6097.336896277726,0.9527238613345753,6505,7308,339658.7812599966,-0.4737686241900886,0.5243759527962364,52.62313758099114,16208.382162755512,171.72152903121366,0
univ3-conc-c2,885,10000,214.6654467736669,-235.3488700038763,235.3488700038763,-20.6834232302094,91161.66872718379,16804.30223543044,0.8443555679108437,5736,2751,86205.14522435397,0.04273275460041049,0.07384858652750652,104.27327546004105,9581.61244483108,95.93368572207761,0
univ3-conc-c2,886,10000,804.0454807341474,-921.2405734271357,921.2405734271357,-117.19509269298828,231255.03638716138,37850.13661798614,0.8593481641571337,10779,5413,223733.17234220426,0.011708977534278091,0.23381563503515096,101.17089775342781,9883.592538489778,98.39244390078188,0
univ3-conc-c2,887,10000,155.69144387733047,-1492.0377382260194,1492.0377382260194,-1336.3462943486888,69882.5055948586,7877.375118566317,0.8986961522279404,5397,7843,425449.7600841828,-0.3716846558237956,0.41018279519679707,62.83153441762044,14565.286168076293,150.83631635609953,0
univ3-conc-c2,888,10000,330.4031708538679,-371.11516597225824,371.11516597225824,-40.71199511839035,145762.09337432618,7539.693088707356,0.9508179698184701,11043,3828,128263.38474831778,-0.010956185696556986,0.06673588589131668,98.9043814303443,10110.166101290915,101.32791616145774,0
univ3-conc-c2,889,10000,348.92286381823567,-387.13364250440304,387.13364250440304,-38.21077868616737,139586.62242035454,31892.30775850219,0.8140161725686197,7725,3753,130086.3919124751,0.033651851018690164,0.08381650927689023,103.36518510186902,9669.050667579684,96.7181977662013,0
univ3-conc-c2,890,10000,281.2213659302596,-307.96019607355504,307.96019607355504,-26.738830143295445,87040.20147259373,11020.38891583318,0.8876165351220056,4491,2797,92222.81144454527,-0.018652789960224965,0.0702696910935596,98.1347210039775,10188.284302141423,101.83985582112363,0
univ3-conc-c2,891,10000,201.8739949790766,-1989.90249373749,1989.90249373749,-1788.0284987584134,97855.77525020468,12839.842918637942,0.8840076677736829,8268,8147,494978.88972708216,0.030872725690492046,0.35005350339737445,103.0872725690492,9695.966787017342,97.39477003811395,0
univ3-conc-c2,892,10000,179.0259764851184,-1394.1395266504792,1394.1395266504792,-1215.1135501653607,78329.841398698,12801.59178950316,0.859526056579558,4910,7839,414597.94075595797,0.12119397533861019,0.42358871891216615,112.11939753386102,8857.305908960643,87.98773448184434,0
univ3-conc-c2,893,10000,773.1242550439674,-945.1899350003881,945.1899350003881,-172.0656799564207,245502.81884525096,36918.9215095531,0.8692773386950587,10651,6012,261370.7124215298,-0.4309123158470182,0.4441733597269851,56.90876841529818,15492.549234046246,162.11446641430615,0
univ3-conc-c2,894,10000,730.6295572177327,-810.9988098890242,810.9988098890242,-80.36925267129152,198306.42761346666,38610.969360072784,0.837027715763798,8977,4905,193064.93445856788,-0.036959599626283646,0.1776675846378076,96.30404003737164,10376.555487091106,103.80107120402114,0
univ3-conc-c2,895,10000,453.19155205990506,-1702.6852143038338,1702.6852143038338,-1249.4936622439288,191846.83317292455,33866.318657926975,0.8499585939799101,10977,7960,475084.78385425836,-0.3801995368608964,0.5237566354284895,61.98004631391036,14694.421081060062,152.32987369519603,0
univ3-conc-c2,896,10000,189.29084944122894,-586.4569701401647,586.4569701401647,-397.16612069893574,92744.37445993473,14922.512935145342,0.8614010927947822,7377,6467,229009.98787476312,0.31320890055294626,0.3433559476921411,131.32089005529463,7292.003575138399,74.75278526739645,0
univ3-conc-c2,897,10000,331.47965541943717,-887.167323401282,887.167323401282,-555.6876679818449,117426.05172985012,18530.87756429593,0.8637003817274813,8035,7010,270464.32290722,0.5467279746889259,0.6065310483040091,154.67279746889258,5706.44537037032,61.66054881566218,0
univ3-conc-c2,898,10000,285.05061268930484,-1927.0210130376581,1927.0210130376581,-1641.9704003483532,125779.56378699046,23469.61696564341,0.842748771904202,10152,8126,447739.49351675506,0.5455925226665402,0.9200730133996732,154.55925226665403,5713.451210748567,61.72752126679433,0
univ3-conc-c2,899,10000,544.6558112460165,-1398.4889271067607,1398.4889271067607,-853.8331158607442,151530.60852094242,46200.11775661748,0.7663483130499145,8540,7655,320887.2099407238,0.8757749848444104,1.7039221039066428,187.57749848444104,3909.3281730268777,48.27563102318908,0
univ3-conc-c2,900,10000,308.7598727347102,-325.1200467304689,325.1200467304689,-16.360173995758714,149691.4090473192,25792.40763901192,0.8530211610047518,11510,3498,114934.97190075286,0.049969841672321706,0.0693363505471882,104.99698416723217,9512.483092132221,95.15456377734994,0
univ3-conc-c2,901,10000,418.1014099312397,-1971.6047277603786,1971.6047277603786,-1553.503317829139,154440.80944124798,38939.829110999344,0.7986363608967056,10069,8133,430428.5852393802,0.7745666164737236,1.218644972628301,177.45666164737236,4416.694711966091,51.95977984924389,0
univ3-conc-c2,902,10000,672.864825734052,-1509.2707174359746,1509.2707174359746,-836.4058917019225,183617.80933493128,44905.25671530447,0.8034979247765167,9687,7640,359413.18049917865,1.0849676073802796,1.1460520929757774,208.49676073802797,2966.145784049615,42.07959173122799,0
univ3-conc-c2,903,10000,503.99044953148103,-3323.779604217986,3323.779604217986,-2819.7891546865053,210881.22426654174,42294.414742803776,0.8329443744733964,11872,8523,687381.8689270698,0.24512574778508223,0.7469877973320849,124.51257477850822,7816.379135828065,79.3553036882172,0
univ3-conc-c2,904,10000,606.1331668859671,-616.1040444329315,616.1040444329315,-9.970877546964402,200656.41889729793,14019.528409403305,0.934694461185379,10028,3598,156167.16013234606,-0.03505562831825003,0.08950900891853777,96.494437168175,10356.811200277412,103.56459739764196,0
univ3-conc-c2,905,10000,462.8358215945039,-470.6281298388429,470.6281298388429,-7.792308244338983,165933.4007506447,37657.00449234382,0.815035465706748,8467,3258,128177.21403463047,0.04803908367183283,0.08752607002911646,104.80390836718328,9530.87802920956,95.28967750177506,0
univ3-conc-c2,906,10000,157.68853614059708,-2232.8277842028733,2232.8277842028733,-2075.1392480622762,90789.46649156988,11484.102724139384,0.8877119199788773,7426,8262,573950.415477436,-0.4966584950050112,0.6877357011127785,50.33415049949888,16607.435167703323,176.99047483532598,0
univ3-conc-c2,907,10000,183.78067924351788,-2097.9012819369436,2097.9012819369436,-1914.1206026934258,82682.01370704459,19241.74731949157,0.8112143122889478,5469,8202,486445.3040860258,-0.14647663145171294,0.46299457542132527,85.3523368548287,11580.524066877184,116.46277568617353,0
univ3-conc-c2,908,10000,375.057565192196,-1174.8280029237342,1174.8280029237342,-799.7704377315381,138326.5609732598,24097.264833224664,0.8516395934304939,8490,7522,356317.2478143671,0.22835440847511407,0.37732300762088755,122.8354408475114,7950.47042742172,80.53688170807973,0
univ3-conc-c2,909,10000,498.56548202023976,-824.2040388812491,824.2040388812491,-325.6385568610093,141829.29712134617,17793.22006756166,0.8885293855721872,6820,6522,250241.07735405164,0.5406556286888204,0.5406556286888204,154.06556286888204,5743.984496426136,63.95569969304597,0
univ3-conc-c2,910,10000,531.2025072224287,-1901.9598138285369,1901.9598138285369,-1370.7573066061082,207088.89270902908,46107.50991655275,0.817898242477264,10672,8044,511629.5305373521,-0.5336321087352399,0.7281379613401381,46.63678912647601,17278.333948810738,185.42967231080868,0
univ3-conc-c2,911,10000,370.3910916044945,-1722.3896952409316,1722.3896952409316,-1351.998603636437,160351.4096332668,22807.538980550566,0.8754767967759016,11909,8062,436898.63648011116,0.749004263070618,0.8108933086597235,174.9004263070618,4550.750652402521,52.93232788898077,0
univ3-conc-c2,912,10000,641.1687638352771,-1851.0780380279223,1851.0780380279223,-1209.9092741926452,198044.84990382817,15609.786728774478,0.9269391623097941,9061,7879,464450.7015805787,-0.26746136568535617,0.4428784183158666,73.25386343146438,13087.518000970555,134.0828478532055,0
univ3-conc-c2,913,10000,322.86640461463054,-868.9002509597863,868.9002509597863,-546.0338463451558,147236.69170963584,26849.939572031908,0.8457667922323721,9657,7069,299141.31714320765,0.32355248688277527,0.38291719299203125,132.35524868827753,7215.026560593955,74.17759602197118,0
univ3-conc-c2,914,10000,222.66268413989434,-971.6359389642862,971.6359389642862,-748.9732548243919,99705.46064240449,22220.158721628188,0.8177564416934756,7188,7310,313291.9543570708,0.22609620536952163,0.44337262526067517,122.60962053695216,7968.679669327502,80.71806694001118,0
univ3-conc-c2,915,10000,462.9778462990911,-923.1241525149177,923.1241525149177,-460.1463062158266,156192.9113969791,27657.464631651215,0.8495653627200402,8782,6948,283899.3977053472,0.08738474255938498,0.41115203190207694,108.7384742559385,9162.736029351552,91.80961420802007,0
univ3-conc-c2,916,10000,253.42285422478554,-1446.3484050265613,1446.3484050265613,-1192.9255508017757,86195.80829267143,13618.205734045501,0.863564191192628,7400,7744,342570.12647109444,1.565708996721059,1.9975690815127405,256.5708996721059,1218.0356328755813,31.36505247600264,0
univ3-conc-c2,917,10000,776.3764307666155,-1705.9467172110083,1705.9467172110083,-929.5702864443928,236978.72349130802,33155.098977096364,0.8772641697580307,11504,7764,428772.97737730504,-0.4979809673834954,0.5408516676286288,50.20190326165046,16630.86261165676,177.4678224861306,0
univ3-conc-c2,918,10000,405.27201012725243,-1540.5980323997057,1540.5980323997057,-1135.3260222724534,92242.40837821442,13861.17678949642,0.8693618432630058,5318,7805,370645.2079155848,-0.13093992541054064,0.9193493659911036,86.90600745894594,11401.1337894705,114.53240818853689,0
univ3-conc-c2,919,10000,530.4436841523035,-2097.3739652185727,2097.3739652185727,-1566.9302810662693,174523.10248040495,11002.457620689915,0.9406957315493641,8876,8074,544009.8543982898,-0.6649334854316971,0.737533683141344,33.5066514568303,19961.14600283381,224.58719251823345,0
univ3-conc-c2,920,10000,243.5325430971377,-1376.7315276440397,1376.7315276440397,-1133.198984546902,86968.65195974492,9275.04045377241,0.9036296278625555,5991,7738,382914.43104046496,0.2923961799939394,0.44220172761951315,129.23961799939394,7448.997284781983,76.11630482573209,0
univ3-conc-c2,921,10000,110.72440576304173,-2334.8870257765802,2334.8870257765802,-2224.1626200135383,83078.43705682526,13644.559595883497,0.8589315874395897,7828,8393,620684.282210021,-0.404423998786207,0.8438845371020794,59.5576001213793,15069.341205732448,157.45369450939688,0
univ3-conc-c2,922,10000,392.94371125083484,-472.8045104477713,472.8045104477713,-79.86079919693645,121905.88532436064,18475.26264684857,0.8683921387319211,5430,4308,148507.60027793876,0.054011766472021064,0.10368787056898256,105.4011766472021,9474.085825646289,94.81008829113199,0
univ3-conc-c2,923,10000,532.4193099412,-592.8013918282845,592.8013918282845,-60.382081887084496,164843.23692051036,13160.905154440778,0.9260640510887708,8522,4526,167724.649625116,-0.09642755753546624,0.16938571375756395,90.35724424645338,11013.123639185913,110.38617493415198,0
univ3-conc-c2,924,10000,160.69901706174025,-266.10864331396436,266.10864331396436,-105.40962625222411,63491.027426554465,15439.490059165113,0.804391374198725,4434,4236,118441.82042554404,-0.14747985792407492,0.16213884588422658,85.25201420759251,11592.21065497857,116.5546764444914,0
univ3-conc-c2,925,10000,445.4875307407281,-2736.073195581153,2736.073195581153,-2290.5856648404247,107969.6949000284,13020.163001614379,0.8923863270242126,4951,8448,610510.913581973,0.0944163634100353,0.6256023358650757,109.44163634100353,9098.400629762134,91.18801028239726,0
univ3-conc-c2,926,10000,211.2344246599467,-1374.3847480921033,1374.3847480921033,-1163.1503234321567,90796.21259707113,18822.07059660968,0.8282944227163858,5878,7859,401583.9094394738,-0.028311426339760856,0.41607238718838974,97.16885736602391,10287.180267570873,103.07168258716703,0
univ3-conc-c2,927,10000,346.91306818790633,-1423.475399045841,1423.475399045841,-1076.5623308579347,118388.75134834155,28439.47875501065,0.8063078283039159,5611,7845,401284.94694664754,-0.04721848216434907,0.3489150663769249,95.2781517835651,10483.603210341791,104.82748780615688,0
univ3-conc-c2,928,10000,389.70620703609103,-465.5386538232929,465.5386538232929,-75.83244678720189,97585.02984906557,9051.948487723012,0.9151143568684542,4503,4123,132028.1480575853,0.19253310715986516,0.21324514476775788,119.25331071598652,8243.741347410732,83.2080907777807,0
univ3-conc-c2,929,10000,243.94030274833005,-1897.3038585180661,1897.3038585180661,-1653.3635557697362,96537.26216700791,22036.19768991653,0.8141557333613584,5198,8151,505257.14960266865,-0.23151220154232177,0.491818938086658,76.84877984576782,12618.200999234261,127.89647149898721,0
univ3-conc-c2,930,10000,255.8233881728975,-440.061465247953,440.061465247953,-184.2380770750555,132377.11651621395,21131.109845668405,0.8623454237829988,9824,5599,190388.43544080385,-0.10058347685804109,0.2106122601144115,89.94165231419589,11059.100529578694,110.88951471751186,0
univ3-conc-c2,931,10000,282.7722268403833,-534.9726761172593,534.9726761172593,-252.200449276876,81944.50716364023,15594.046903585317,0.8401242764698195,4078,5662,192118.95057333625,-0.06898018540913896,0.21739977401762572,93.1019814590861,10714.444025344535,107.36776649630849,0
univ3-conc-c2,932,10000,424.31425004967286,-426.274146552514,426.274146552514,-1.9598965028411612,171891.2028212227,10229.775772889881,0.9438297781405587,10938,3128,123978.77546687561,-0.009203011294938364,0.08708302689212473,99.07969887050616,10092.456258117405,101.02862854195298,0
univ3-conc-c2,933,10000,669.1636913524889,-3324.699287386432,3324.699287386432,-2655.535596033943,215151.6379334721,27627.950615474896,0.8862015098526094,10097,8587,680036.9454480354,-0.16303227637813436,0.6643030634617919,83.69677236218656,11775.019088726118,118.56551349852177,0
univ3-conc-c2,934,10000,426.1408658153931,-2192.6304424550017,2192.6304424550017,-1766.4895766396085,133432.73365216845,23094.327070101655,0.8524579266771098,8080,8255,483243.2078497029,0.32631509380467405,0.6378618204961668,132.6315093804674,7194.583024593976,73.91346420600289,0
univ3-conc-c2,935,10000,469.5535636822515,-721.0423744053367,721.0423744053367,-251.48881072308518,118256.83544814122,12267.148258394089,0.9060161365747538,6430,5859,196669.72485613512,0.5817788146381117,0.8122263090451821,158.17788146381116,5493.212793696837,60.009998089698215,0
univ3-conc-c2,936,10000,77.09455653513272,-220.37817995181385,220.37817995181385,-143.2836234166811,46755.338731063945,11633.655112309649,0.8007560270088483,4248,4667,127302.48223098536,-0.049073589448584726,0.10955107692397022,95.09264105514153,10503.080534935369,105.05855312620623,0
univ3-conc-c2,937,10000,809.9004128054278,-2691.234676969814,2691.234676969814,-1881.334264164386,190718.53371602256,32720.93902659861,0.8535579294698314,8221,8353,571806.39811649,-0.3683864001921458,0.6484036612630959,63.16135998078542,14515.62809038231,150.2718954070977,0
univ3-conc-c2,938,10000,301.7418081178785,-1334.1946907838449,1334.1946907838449,-1032.4528826659664,138038.0067356567,17404.337883742694,0.8880334832419234,9659,7754,398207.11620999477,-0.2190883947040247,0.2852404355732884,78.09116052959753,12460.413860503924,126.17586885449033,0
univ3-conc-c2,939,10000,298.4879463962385,-307.7269113376253,307.7269113376253,-9.238964941386826,138130.12470265472,20763.338623883563,0.8693254071678626,9562,3004,104266.8837606471,-0.010521162444772329,0.04591141619805342,98.94788375552277,10105.768659251828,101.06099073645629,0
univ3-conc-c2,940,10000,320.76911769533564,-1151.7384369255458,1151.7384369255458,-830.9693192302102,104714.0442843095,15748.113446714638,0.8692692066675572,5869,7444,347128.1192014082,-0.18045598033974486,0.3683964750184046,81.95440196602551,11983.534051899403,120.78313631376483,0
univ3-conc-c2,941,10000,635.8834196675988,-1469.1073599397153,1469.1073599397153,-833.2239402721165,201449.21190850047,26937.667149723933,0.8820524749022184,8538,7592,409759.5298140642,-0.4625373981258259,0.48707237988621943,53.74626018741741,16016.927202886702,169.26597924815883,0
univ3-conc-c2,942,10000,689.1091875797717,-1664.0334954846644,1664.0334954846644,-974.9243079048927,158673.19973579553,17700.598619764558,0.8996415636290765,9463,7747,344011.32386549964,1.9681249611687661,1.9681249611687661,296.8124961168766,80.41728837268893,25.402786763145137,0
univ3-conc-c2,943,10000,592.0640505146363,-880.226485751223,880.226485751223,-288.1624352365867,195319.57676257697,32189.075194233756,0.8585149403445791,11535,6521,249312.33616670952,0.2611713232358925,0.4164689501332887,126.11713232358925,7689.952159737909,78.19488420272818,0
univ3-conc-c2,944,10000,313.16612984705284,-1261.6989862281582,1261.6989862281582,-948.5328563811054,112114.64315090903,15008.056162875486,0.8819403911033213,6228,7649,367882.5557366849,0.2473147458220039,0.3651232542973935,124.73147458220039,7799.024892071767,79.20098667178127,0
univ3-conc-c2,945,10000,111.681178051271,-1588.8934795995779,1588.8934795995779,-1477.2123015483069,60075.03647436921,8340.72910597824,0.8780876156946181,4263,8012,480309.4930949413,-0.4832722183504458,0.7101281937672006,51.67277816495542,16372.601578556534,173.7740876760304,0
univ3-conc-c2,946,10000,277.4981539671353,-1667.2631107961133,1667.2631107961133,-1389.764956828978,75497.10278338422,8685.002939683021,0.8968307710399409,4222,7946,408394.99964637693,0.76911557685531,0.860454697592746,176.911557685531,4445.073653176431,52.164583536131765,0
univ3-conc-c2,947,10000,372.49439454744663,-2506.4166773926786,2506.4166773926786,-2133.922282845232,107669.86580550391,12856.725669355155,0.8933287209732719,5668,8319,521089.7601907152,-0.2333994126235376,0.7108560266843449,76.66005873764624,12642.363555417764,128.16906905538224,0
univ3-conc-c2,948,10000,239.5870481136196,-858.3064608446487,858.3064608446487,-618.719412731029,75808.48807192035,12573.62230957672,0.8577356632999225,3988,7006,282190.2150600899,0.18340362427350626,0.4935513687419541,118.34036242735063,8320.0238954929,83.92570193792658,0
univ3-conc-c2,949,10000,964.8359108882805,-2449.7696516838287,2449.7696516838287,-1484.9337407955481,212643.41328964516,40990.586963399764,0.8383868608999409,9199,8132,456710.3798179615,0.38194334855431206,0.8329299296070257,138.1943348554312,6793.020591489331,70.36953262042883,0
univ3-conc-c2,950,10000,126.42156322428605,-128.1438309220206,128.1438309220206,-1.7222676977345657,67753.8193673398,5971.404652192333,0.9190045912832993,5919,1620,49999.328286848315,0.013892376486907523,0.046614132380134524,101.38923764869075,9862.034950177622,98.44005129273961,0
univ3-conc-c2,951,10000,450.4278932809613,-1643.271156617299,1643.271156617299,-1192.8432633363377,144113.63855185767,7787.802172820537,0.9487312158747989,8630,7905,436409.8300087144,-0.3613228469190182,0.46418583902891397,63.86771530809818,14409.952165447523,148.9629282748829,0
univ3-conc-c2,952,10000,387.6911009450483,-389.99603826460316,389.99603826460316,-2.304937319554881,173444.57666534564,16698.024680674822,0.9121815702400754,11761,3270,122244.24712533223,0.014848907276992094,0.05195478970367859,101.48489072769921,9852.605998334098,98.64640832164508,0
univ3-conc-c2,953,10000,260.08585377534854,-527.2042862531879,527.2042862531879,-267.11843247783935,136088.95174596092,23319.11601244893,0.8537143298933269,10591,6106,212126.39144735588,-0.1709235341662577,0.2643248065938589,82.90764658337423,11868.964098782719,119.56303624451994,0
univ3-conc-c2,954,10000,221.85619249649042,-741.9832558911644,741.9832558911644,-520.127063394674,106926.92385207002,19877.708721229257,0.8432414627301651,8406,6928,258903.70293688835,0.3323242662059971,0.6304719165423626,133.2324266205997,7150.2818330151395,73.36659174298256,0
univ3-conc-c2,955,10000,331.8108978246702,-1636.0390836205695,1636.0390836205695,-1304.2281857958992,133115.84770742786,31419.357944627453,0.8090417317065238,9126,7956,402176.3172642081,0.9971443503806953,1.1921718191367643,199.71443503806952,3346.0777933142544,44.53245722914996,0
univ3-conc-c2,956,10000,883.9149189639855,-946.4686643478656,946.4686643478656,-62.55374538388003,264753.5062287867,52288.19189960883,0.8350747166436349,11837,5158,226940.2628408124,-0.07240495381502314,0.23838556251342666,92.75950461849769,10751.24792915477,107.41825791751016,0
univ3-conc-c2,957,10000,585.2791833645691,-1295.4883327226667,1295.4883327226667,-710.2091493580975,169182.1407999966,20362.809499565068,0.8925700237997205,11109,7389,331750.65192555333,0.24420670360107452,0.4384301479974064,124.42067036010745,7823.675164570568,79.42004567793134,0
univ3-conc-c2,958,10000,480.8427598682898,-589.7279211407053,589.7279211407053,-108.88516127241553,130214.01564309225,16040.018706835355,0.8903276837583981,6473,4775,167179.87712173507,-0.03318379506265814,0.12238536270100923,96.68162049373419,10337.437333915504,103.19117791931505,0
univ3-conc-c2,959,10000,397.32120386592356,-2074.95657405424,2074.95657405424,-1677.6353701883163,149086.65510090056,20683.068596663816,0.8781698635882238,10395,8186,476558.660574085,0.4985902508975821,0.7069049590528277,149.8590250897582,6009.042547077566,63.97954373227681,0
univ3-conc-c2,960,10000,395.37864238520166,-643.4874879622439,643.4874879622439,-248.10884557704225,162599.1178714331,24274.73810179721,0.8701009406833529,10055,6168,230042.9920138754,0.2237423066578121,0.23772293150140314,122.37423066578121,7987.700052606641,80.69917607259077,0
univ3-conc-c2,961,10000,82.22223866499266,-876.0728173208712,876.0728173208712,-793.8505786558785,56598.99803513204,8437.554045212459,0.8702644316877544,5252,7233,320229.56579543493,-0.07505123273820118,0.29034769949181255,92.49487672617988,10779.775020729921,108.08405333850828,0
univ3-conc-c2,962,10000,327.45572645799047,-350.212749065945,350.212749065945,-22.757022607954525,149271.4250051655,12433.27871630448,0.9231112117943068,10231,3425,119708.57651323247,-0.11756551893636512,0.13615085114302106,88.24344810636349,11249.081702164174,113.53587072471963,0
univ3-conc-c2,963,10000,377.02762619190764,-1985.358150223678,1985.358150223678,-1608.3305240317704,148337.41346198227,36667.5780823933,0.8018022228681426,10298,8126,444606.54667446716,0.13603852730971014,0.8885594196872643,113.60385273097101,8726.256268831752,87.66726353746705,0
univ3-conc-c2,964,10000,381.17192913047853,-2383.420888930326,2383.420888930326,-2002.2489597998474,144864.3200387618,15832.448005762019,0.9014762512126233,9752,8311,529302.386311583,0.5614401216236353,0.8024216792168437,156.14401216236354,5616.233133713059,61.096299341296785,0
univ3-conc-c2,965,10000,277.13878869066787,-277.6395616000666,277.6395616000666,-0.5007729093987336,134119.5278694704,8769.035745808496,0.9386302477683326,9096,2596,95822.66301061964,0.001344023260137277,0.03372706820130901,100.13440232601373,9986.569370372084,100.07319535446113,0
univ3-conc-c2,966,10000,497.55924397689125,-541.1557311105473,541.1557311105473,-43.59648713365607,173497.33333450468,17390.30435845627,0.9088976920211657,9126,4147,155683.55523420832,-0.036789774722841596,0.06737922587338403,96.32102252771584,10374.792806556707,103.84998603647017,0
univ3-conc-c2,967,10000,587.6376712853399,-1335.2049330731918,1335.2049330731918,-747.5672617878519,135060.55287617844,20352.14505729925,0.8690445161307815,5683,7367,337172.3868692304,0.18363021871546437,0.45465616821608534,118.36302187154644,8318.122930331096,83.88825720589213,0
univ3-conc-c2,968,10000,782.1065428729055,-1422.889725230105,1422.889725230105,-640.7831823571994,198856.10010181653,41655.644760694355,0.8268041139341993,8804,7368,351011.67819619447,0.07654086542646667,0.3707024840363479,107.65408654264667,9262.805382988034,92.76347330671241,0
univ3-conc-c2,969,10000,481.63003232962325,-1974.476816162115,1974.476816162115,-1492.8467838324918,148601.5604278979,33727.951183848956,0.815016500150182,8309,8078,419348.3565186115,0.5372646420352245,0.9453729288447221,153.72646420352245,5765.0258279348955,62.133199381701424,0
univ3-conc-c2,970,10000,405.36262115682285,-1148.1557604188529,1148.1557604188529,-742.7931392620301,164949.02238132368,32849.592148769385,0.8339240533771703,7622,7366,387272.29822948005,-0.5141102471505988,0.630111207398249,48.58897528494012,16919.942391039818,181.17236352138633,0
univ3-conc-c2,971,10000,478.1086151440305,-515.4353704398383,515.4353704398383,-37.32675529580774,158818.79845197315,25216.050593016793,0.8629821975355746,7810,3898,146525.47917401744,-0.0790098076998143,0.10754824849120923,92.09901923001857,10822.59582865338,108.39538477256826,0
univ3-conc-c2,972,10000,162.88656153662794,-230.84510051568776,230.84510051568776,-67.95853897905982,72039.01330554401,13555.176343069777,0.8416343866480042,4497,3702,104776.67183759369,-0.10459501876197862,0.15406053389541569,89.54049812380214,11103.670884600664,110.90080125537601,0
univ3-conc-c2,973,10000,511.17351686324133,-2445.491057163757,2445.491057163757,-1934.3175403005157,194298.2140422676,39229.97941732511,0.8320118062142545,11691,8316,538340.1610174915,-0.38579330845276744,0.5220747499484735,61.42066915472326,14779.996361052072,153.51238374577542,0
univ3-conc-c2,974,10000,185.2429956418064,-492.845709119731,492.845709119731,-307.60271347792457,90823.36385164512,12123.439813214087,0.8822358792927496,6719,6045,215588.54450759426,-0.1558027417533151,0.27455471119996105,84.41972582466849,11689.657083052645,117.57216251344016,0
univ3-conc-c2,975,10000,423.48720521737357,-1283.6079258283057,1283.6079258283057,-860.1207206109322,101776.83469639011,17319.79763820469,0.8545735735873222,4462,7607,345349.1619841549,0.49686975623496693,0.5283213674614009,149.6869756234967,6020.0734410219575,64.16033880879931,0
univ3-conc-c2,976,10000,236.43157509717136,-238.764272090955,238.764272090955,-2.332696993783628,99065.91489908563,8136.293200652958,0.9241033058471787,6370,2061,76559.59053790782,-0.02711788293489036,0.052539649009802784,97.28821170651096,10274.906762770728,102.75298993868925,0
univ3-conc-c2,977,10000,447.854645886552,-1132.9632966684194,1132.9632966684194,-685.1086507818674,127495.12469629575,11677.3360371017,0.9160944918587656,6932,7300,328251.96613694925,0.08641548664848699,0.21652684495251917,108.6415486648487,9171.638098507929,91.86459830000013,0
univ3-conc-c2,978,10000,215.8065879077294,-987.443791404962,987.443791404962,-771.6372034972326,89332.14804468605,26467.517673692208,0.7714370114153825,8352,6834,262666.74608509307,2.0000356975639413,2.0000356975639413,300.00356975639414,0.0017609444746682357,23.8162423587413,0
univ3-conc-c2,979,10000,445.753248062569,-945.3910563088538,945.3910563088538,-499.63780824628475,161987.693093226,29766.251671548165,0.8447685041991567,8920,6951,298230.52055480256,-0.21888932723872231,0.27408884763504715,78.11106727612777,12457.903447155019,126.11982565019574,0
univ3-conc-c2,980,10000,253.47763192761028,-775.7948642267575,775.7948642267575,-522.3172322991472,113367.03145142537,15227.640308440266,0.8815842048504469,9637,6946,280371.459730316,-0.12122849766688745,0.2018817978065998,87.87715023331126,11290.51058701564,113.32141015727349,0
univ3-conc-c2,981,10000,531.3328264811074,-2262.6210845896617,2262.6210845896617,-1731.2882581085541,169446.93053834373,12404.207517469158,0.9317892224921787,8612,8196,519430.6267204773,-0.2716873110878241,0.5666424533585465,72.83126889121759,13143.970230241914,133.91110719652707,0
univ3-conc-c2,982,10000,468.55687238094816,-755.5852996187141,755.5852996187141,-287.0284272377659,176027.71773686438,23496.69163538718,0.8822365057522886,10123,6461,259163.40760723775,-0.2946122048304018,0.3642017803769134,70.53877951695982,13455.087746899586,137.53453606259666,0
univ3-conc-c2,983,10000,526.183744517985,-639.6597542881067,639.6597542881067,-113.47600977012166,168258.58663702442,33846.83217895229,0.8325288239313816,8167,5265,187843.8934513933,0.21088894458679874,0.27523849321903415,121.08889445867987,8092.27396565802,82.94149992009324,0
univ3-conc-c2,984,10000,596.5686205264813,-748.8363480848411,748.8363480848411,-152.26772755835987,189957.7330577725,29476.114577532175,0.8656719786159838,8035,5637,226666.9161352027,-0.2636220948785922,0.3292105769675186,73.63779051214078,13036.469156340092,132.2300375431944,0
univ3-conc-c2,985,10000,429.34689866450225,-455.80920287220994,455.80920287220994,-26.46230420770769,180758.48574603928,25941.501300843796,0.8744968411877073,10601,3889,145762.95705988965,-0.07893687696054144,0.1193265079331205,92.10631230394586,10821.805481084783,108.3868371185161,0
univ3-conc-c2,986,10000,638.703425422504,-652.6174202476443,652.6174202476443,-13.913994825140321,182380.5217362719,13213.905571657442,0.9324423208087905,8720,3335,146059.5581632153,-0.043544141476836135,0.09375712148317347,95.64558585231639,10445.133687691807,105.05371503082581,0
univ3-conc-c2,987,10000,404.70979826222185,-650.170209416045,650.170209416045,-245.4604111538232,121902.61406248978,25177.30866935935,0.8288188611897647,5602,5889,212687.91466827612,0.057667920702827474,0.26912269500009445,105.76679207028275,9439.483533785,94.71457169401732,0
univ3-conc-c2,988,10000,617.9298194896132,-644.8951304904954,644.8951304904954,-26.96531100088214,220374.84686665243,35434.78499932591,0.8614798639877227,11689,4409,177865.38247571615,0.05281979221241997,0.0841277968665426,105.281979221242,9485.393786764746,95.34830776808288,0
univ3-conc-c2,989,10000,406.3242206741564,-489.4871353178908,489.4871353178908,-83.16291464373444,149289.14892066253,47736.42080313457,0.7577145906998036,8418,4684,156501.72433422075,0.13231931253897414,0.2697775352317821,113.23193125389741,8758.91849582195,87.92640818545736,0
univ3-conc-c2,990,10000,296.5455160141883,-1260.1374503289449,1260.1374503289449,-963.5919343147566,101848.5124282443,20229.6174797822,0.8342895857347817,6143,7572,353411.6584418214,0.5020875273072565,0.6702869595460783,150.20875273072565,5986.666033619709,63.800433732442364,0
univ3-conc-c2,991,10000,687.423635633554,-1579.2791473457205,1579.2791473457205,-891.8555117121665,231985.3859348142,48773.207168532455,0.8262806255387555,10305,7658,418913.339053092,-0.25629976291515194,0.46160836626228713,74.37002370848481,12939.731757683989,131.43011031994297,0
univ3-conc-c2,992,10000,515.8595316996726,-2073.6943864580253,2073.6943864580253,-1557.8348547583528,199294.84457065602,51566.692250811815,0.7944416154657037,10875,8151,498463.22610349354,-0.05455925191169655,0.8076317114828501,94.54407480883035,10560.894765928006,105.72201433928285,0
univ3-conc-c2,993,10000,271.17580806482295,-1766.7221515864894,1766.7221515864894,-1495.5463435216666,87892.22138276548,21566.95238140903,0.8029680689178763,4378,8029,438417.4344760003,0.4919686517061885,0.695439871532701,149.19686517061885,6051.5808373902055,64.12596545006191,0
univ3-conc-c2,994,10000,530.8982058836702,-712.3969628822749,712.3969628822749,-181.49875699860468,199110.16645067238,49731.79381001569,0.8001470742397447,10262,5969,227057.37754473608,-0.046662255712704166,0.20286020931626794,95.33377442872958,10477.770497236876,104.93080575184041,0
univ3-conc-c2,995,10000,1132.92340043576,-2883.6184609995817,2883.6184609995817,-1750.6950605638217,249643.2187393232,46764.218390434864,0.8422299425302108,10879,8317,527693.76432826,0.29867819561055653,0.6007628807850574,129.86781956105565,7401.311691848091,75.38367126263556,0
univ3-conc-c2,996,10000,565.9446143699552,-2270.568911445775,2270.568911445775,-1704.6242970758199,156131.5542508465,51272.29989025517,0.7527900332296938,7736,8154,467676.64480630436,0.13399699829613354,0.8447303395463911,113.39969982961335,8744.17094538855,87.21507112732313,0
univ3-conc-c2,997,10000,215.14522091495513,-331.97522745395815,331.97522745395815,-116.83000653900302,98189.39373010753,20858.776896650288,0.8247870858759591,7263,4674,141207.67537398063,-0.06748018368416467,0.109168747329569,93.25198163158353,10698.365791050684,107.08728473357351,0
univ3-conc-c2,998,10000,534.5900936080002,-577.8576709167637,577.8576709167637,-43.26757730876352,193393.15310514107,58701.587992804336,0.7671447340109439,9702,4378,166603.1416784452,0.037354236147088785,0.10929936949286045,103.73542361470888,9633.307202790447,96.25685765340556,0
univ3-conc-c2,999,10000,439.39716146776607,-496.2431913266672,496.2431913266672,-56.84602985890115,119093.77560144667,14361.273303591935,0.8923886850184976,5318,3824,133031.4353561869,0.10674744859466458,0.15217514044240757,110.67474485946646,8986.615047112224,90.08787327790438,0
univ3-conc-c5,0,10000,245.81607883273338,-362.40793637612603,362.40793637612603,-116.59185754339265,149200.23073705763,6933.450965809347,0.9555928554928707,6709,4681,224285.43695265,0.324059639605274,0.40184612295470656,132.4059639605274,6956.646044436195,88.19719749066152,0
univ3-conc-c5,1,10000,52.171839510939996,-2853.5698128077147,2853.5698128077147,-2801.3979732967746,37789.67318927405,20505.169663921897,0.648250708633693,2881,6280,756183.8947148623,1.2499923436175735,1.2499936372334246,224.99923436175735,0.011630354344084104,51.02014315808477,0
univ3-conc-c5,2,10000,145.12960455308058,-174.31729310340654,174.31729310340654,-29.18768855032596,122741.39404222001,2097.473498559479,0.9831985539449536,7621,2834,122604.49736189414,0.19724832701580708,0.22522267132539525,119.72483270158071,8102.376427292049,92.60684722629529,0
univ3-conc-c5,3,10000,87.11927340563415,-1230.6942112931456,1230.6942112931456,-1143.5749378875114,77881.8017218919,4078.9944814904234,0.9502323712013659,5773,7772,602876.7671884862,0.12302431431294679,0.49806099803678117,112.30243143129468,8799.300005967216,95.23520454777344,0
univ3-conc-c5,4,10000,167.0468960097126,-263.7460453679798,263.7460453679798,-96.69914935826716,98218.29695318399,4065.989911185357,0.9602481472391069,4395,4183,185640.64556819835,0.005088185047708862,0.17585303152955375,100.50881850477089,9949.17028161819,99.79690512669549,0
univ3-conc-c5,5,10000,190.49112344431137,-1066.3268995762087,1066.3268995762087,-875.8357761318973,138535.39701553216,7808.499977717504,0.946642804119958,8660,7477,522462.84574575385,0.280358519783625,0.9331074306416963,128.0358519783625,7345.268095452993,89.6630303027163,0
univ3-conc-c5,6,10000,123.27853135144399,-1435.2124543622424,1435.2124543622424,-1311.9339230107985,124334.04088158447,5365.98326714557,0.9586277388738782,9054,7937,652323.8562442918,-0.2934046098239426,0.3493513310657744,70.65953901760574,13116.948992411604,112.87745809577848,0
univ3-conc-c5,7,10000,300.8115563004117,-302.3932695228934,302.3932695228934,-1.5817132224816532,154958.5001252126,2015.7429116442195,0.987158766478836,5814,1922,121611.4014194287,0.011192091886920821,0.0726986169154037,101.11920918869208,9888.329423016927,99.57023518258744,0
univ3-conc-c5,8,10000,546.3832166306166,-5969.066240459023,5969.066240459023,-5422.6830238284065,257923.94699876514,22114.023438752938,0.9210320536025773,9794,8911,1339024.4156661448,-0.4016932194979957,0.7663594948881379,59.83067805020043,14367.832321789798,118.34002263650147,0
univ3-conc-c5,9,10000,281.5363266211942,-5788.812527161982,5788.812527161982,-5507.276200540788,187494.11874041648,17653.03779242415,0.9139493908140122,9203,8943,1328146.960300582,-0.9688223160287186,1.1482132330194323,3.1177683971281507,22016.563387364138,153.7840946317001,0
univ3-conc-c5,10,10000,250.62779794593155,-258.5251681263609,258.5251681263609,-7.897370180429334,154492.86415035374,743.0046868351882,0.9952137048454024,7558,2254,120850.10051061085,-0.03676353097060044,0.08462092741965918,96.32364690293996,10370.358885916625,101.48687291166948,0
univ3-conc-c5,11,10000,248.9522463722702,-4249.564140692538,4249.564140692538,-4000.6118943202678,137339.75068955298,9352.786862841442,0.9362422450460312,5922,8477,1169084.3236244712,0.12179628228568078,0.9999988725683064,112.17962822856808,8811.0004706579,95.23554058680836,0
univ3-conc-c5,12,10000,600.5612035269481,-616.2826909613985,616.2826909613985,-15.72148743445041,298917.8878798891,3870.7266015863015,0.987216406375732,11685,3658,233204.36813701494,-0.038479679693011096,0.11827395010724388,96.15203203069889,10387.781848446517,101.37104955938125,0
univ3-conc-c5,13,10000,441.01069678793544,-479.1989711207758,479.1989711207758,-38.188274332840365,270536.224237741,16622.821958643108,0.9421128389342992,10591,4011,235896.76543393993,-0.01017281398331832,0.10857254682705672,98.98271860166817,10101.936257564166,100.44654210855664,0
univ3-conc-c5,14,10000,139.14844169959792,-3280.0746833971434,3280.0746833971434,-3140.9262416975453,79751.31092354395,54741.579297699296,0.5929778949084341,4522,5973,773976.4127336855,1.2499917673146168,1.2499940611459288,224.9991767314617,0.015361746466727944,62.80895993167865,0
univ3-conc-c5,15,10000,359.0583727940566,-571.389411673098,571.389411673098,-212.33103887904144,192352.75250030088,13386.06985101545,0.9349365875723853,7356,5700,313199.9388918388,0.18861714646411187,0.26259170912952373,118.86171464641119,8182.394180764378,92.84026173414608,0
univ3-conc-c5,16,10000,576.0408121460896,-3755.9280268579473,3755.9280268579473,-3179.8872147118577,159570.41395230926,97169.88744758861,0.6215246031972319,6018,5723,831219.4420106227,1.2499929287444074,1.2499935967033273,224.99929287444073,0.007969190367267842,33.40793782367383,0
univ3-conc-c5,17,10000,123.2378512890079,-2553.536505067397,2553.536505067397,-2430.298653778389,118775.97862868401,3008.788949515171,0.9752942095358256,8667,8419,891244.8773616715,-0.7594869226330634,0.961735208385068,24.051307736693655,18955.10103171125,139.045628647001,0
univ3-conc-c5,18,10000,528.7464572493327,-600.7927044251728,600.7927044251728,-72.04624717584011,272372.1563787988,2382.203222190417,0.9913296981869552,10335,4542,263660.0116893064,0.1636706000104415,0.1755981849774051,116.36706000104415,8415.17169058242,93.76140412178559,0
univ3-conc-c5,19,10000,159.96149191767026,-760.2304068173938,760.2304068173938,-600.2689148997235,131695.32680716648,4007.157808114757,0.9704710063380556,10230,6987,458155.5830277077,-0.2828694428304593,0.6176105403251851,71.71305571695407,12998.318670265864,112.35294496405139,0
univ3-conc-c5,20,10000,250.028437230218,-1296.9343678615453,1296.9343678615453,-1046.9059306313272,166619.0319489804,19817.751758177717,0.8937025657484735,8234,7718,581409.4258525799,0.09929803243979847,0.8350836639177888,109.92980324397985,9026.356261754632,96.08783510341532,0
univ3-conc-c5,21,10000,432.46714513712647,-5892.6849620002395,5892.6849620002395,-5460.217816863113,203549.5218241239,38009.078580751826,0.8426506921424246,8113,8076,1280913.9750909265,1.123832861803095,1.2499937292826573,212.3832861803095,824.0745274661717,66.664639588171,0
univ3-conc-c5,22,10000,285.72303033967967,-5391.281962671092,5391.281962671092,-5105.558932331412,113136.4303296027,37825.163850677396,0.749438497545898,5581,6846,1168319.8924073807,1.2499868527153744,1.2499940392917268,224.99868527153743,0.046876259140322674,57.98358028671422,0
univ3-conc-c5,23,10000,300.6809767844113,-4605.717022226034,4605.717022226034,-4305.036045441622,129517.37267144195,72682.92345768528,0.6405399752171026,4999,5755,1001995.2451751619,-0.999998445010712,0.9999990945092493,0.0001554989288068409,22499.91768378866,163.8063401131231,0
univ3-conc-c5,24,10000,125.74891547681418,-3565.2795668435097,3565.2795668435097,-3439.5306513666956,95200.19145366098,114582.22037591341,0.45380444730038133,5447,4589,800066.3684119838,-0.9999990655107079,0.9999990800642157,0.00009344892920953965,22499.927324404605,179.83882562108087,0
univ3-conc-c5,25,10000,250.80913660352766,-3073.5231455170606,3073.5231455170606,-2822.714008913533,168994.25687692576,14091.503089274236,0.9230333200579024,8865,8482,945995.1976216392,0.23759504327344175,0.8178719284950006,123.75950432734417,7731.829573322553,91.09577641654727,0
univ3-conc-c5,26,10000,302.97555643433844,-3393.4021272795544,3393.4021272795544,-3090.426570845216,110320.84458962732,66539.25979430231,0.6237746210425261,6343,5484,726902.5032760915,1.2499920843682943,1.2499941219815718,224.99920843682943,0.013374640376321578,48.704627688688795,0
univ3-conc-c5,27,10000,131.55488650143644,-5955.632323587031,5955.632323587031,-5824.077437085595,94241.74882866205,3497.1604033960166,0.9642193632927412,4892,8978,1366549.872531011,0.4431837685031047,0.870622189045323,144.31837685031047,5928.996669645628,84.40924722637783,0
univ3-conc-c5,28,10000,24.003052789850877,-777.0012690881605,777.0012690881605,-752.9982162983096,18975.62472690703,87165.08808671762,0.1787780035001917,986,1873,237270.76413421475,-0.9999990997924381,0.9999990997924381,0.00009002075619221099,22499.92730367632,205.51212060341794,0
univ3-conc-c5,29,10000,320.8294891303281,-471.3045941943064,471.3045941943064,-150.47510506397828,172655.0588016745,5719.496133129788,0.9679354707557911,7889,5202,260684.76383327608,0.379021429093049,0.5985879520564743,137.9021429093049,6476.851061904183,86.58439095986556,0
univ3-conc-c5,30,10000,146.49098597459678,-2198.700648068933,2198.700648068933,-2052.209662094336,96860.5369615495,34945.51015183478,0.7348717231329044,5339,6344,679299.6340131877,1.2499931023916429,1.2499931157389945,224.9993102391643,0.0068536816619203245,52.14392420479111,0
univ3-conc-c5,31,10000,342.19112231641947,-1703.343438206189,1703.343438206189,-1361.1523158897694,212561.29105485947,16443.37686546799,0.9281963244906922,10241,7893,677565.50144279,-0.24728047750769433,0.6138054978949694,75.27195224923057,12601.461426011085,110.67588266666739,0
univ3-conc-c5,32,10000,106.51133883723432,-2907.5573904872526,2907.5573904872526,-2801.0460516500184,94628.08654620618,31224.965068304984,0.7518934609234007,6112,6827,896596.3508395356,-0.9249194605387059,0.9999990469366499,7.508053946129404,21348.433191787633,150.5462407016785,0
univ3-conc-c5,33,10000,196.44643365330407,-659.9128411817559,659.9128411817559,-463.4664075284518,72032.71082953553,45207.87028263555,0.6144008341328291,4645,4414,276450.0695883243,1.1972946190975677,1.2499941138780242,219.72946190975676,340.1483011534627,65.08150843612081,0
univ3-conc-c5,34,10000,246.3589193326866,-711.2066842166971,711.2066842166971,-464.84776488401053,170670.18054109224,6512.3848655260535,0.9632447760840311,8753,6777,412019.5361230533,-0.02830711266771303,0.517881797541121,97.1692887332287,10284.683569900188,101.14182694135982,0
univ3-conc-c5,35,10000,131.28032956150335,-3375.0540089007955,3375.0540089007955,-3243.773679339292,107600.02985711873,52260.51077747773,0.6730868632745779,8414,6401,832116.7549746279,1.249993044137133,1.2499941488363453,224.9993044137133,0.007331574700775612,48.53289564999783,0
univ3-conc-c5,36,10000,260.3068126316142,-403.5499521548535,403.5499521548535,-143.24313952323928,209101.9868072453,6509.48509872768,0.9698091894592398,11685,5197,265918.526536937,0.1697172483811916,0.24174058828196038,116.97172483811916,8358.543953414468,93.57010798548743,0
univ3-conc-c5,37,10000,119.32636663048517,-2699.852558475823,2699.852558475823,-2580.526191845338,94319.8839007595,10120.284211441734,0.903099694357353,5724,8477,916554.646140775,-0.44662495244849265,0.610652515944979,55.33750475515073,14904.320410190112,120.57881934574904,0
univ3-conc-c5,38,10000,136.74022937931585,-1086.8121895017762,1086.8121895017762,-950.0719601224603,87495.89191778986,1251.1492323507646,0.9859020738479146,4309,7622,531455.5471006358,0.8931409959546499,1.1841517541059314,189.314099595465,2422.177785037418,71.98237568592819,0
univ3-conc-c5,39,10000,212.52739103796304,-1575.9414801091139,1575.9414801091139,-1363.4140890711508,125570.3958068039,37562.96322870499,0.7697407602541383,7126,6567,583689.7292403157,1.249988710146343,1.2499941331243698,224.9988710146343,0.03502547774228759,63.832420655588194,0
univ3-conc-c5,40,10000,194.61416971638292,-256.00718366733486,256.00718366733486,-61.39301395095194,125269.69952927611,9754.39543607749,0.9277581128125286,5769,3541,161441.68580306027,-0.09260505086530699,0.1503530704058609,90.7394949134693,10943.525682211934,103.824823994845,0
univ3-conc-c5,41,10000,193.61752235751592,-2406.7528590554784,2406.7528590554784,-2213.1353366979624,177596.76432640545,51185.701524572396,0.7762691238850741,9724,7355,840050.8600623658,-0.4935245844303757,0.9999989993028998,50.64754155696243,15475.71677099437,123.15711283826744,0
univ3-conc-c5,42,10000,228.67924788366687,-586.3717120144858,586.3717120144858,-357.69246413081885,138394.47261489936,7259.015120855539,0.9501624352859653,6018,6267,366367.1785960202,-0.6468327771798755,0.6503603657118261,35.31672228201245,17429.43013285821,131.86361333046014,0
univ3-conc-c5,43,10000,517.6959166571546,-2247.108589993369,2247.108589993369,-1729.4126733362145,253220.08262448068,15032.476826176622,0.9439614784777415,9435,8245,807473.3151646752,-0.11141904071358893,0.6903836266338782,88.8580959286411,11139.585116079772,104.65399671555824,0
univ3-conc-c5,44,10000,144.07693100360598,-2709.5603331574453,2709.5603331574453,-2565.483402153839,88292.87118323206,21296.709715634315,0.8056684810640186,3655,7449,859519.5374846156,-0.9999990607862843,0.9999990607862843,0.00009392137156693741,22499.927321065963,202.93007228776162,0
univ3-conc-c5,45,10000,286.2279638437453,-312.45499923849843,312.45499923849843,-26.22703539475316,205113.05506499435,1741.718101009341,0.991579995596178,11047,3286,170763.50963023497,-0.053636268522488,0.16922554122548347,94.6363731477512,10542.179382331735,102.2127090536692,0
univ3-conc-c5,46,10000,561.7712629346257,-856.7245956715021,856.7245956715021,-294.9533327368764,290145.8003975479,6129.817272769556,0.9793104227713042,11113,6402,403256.000931727,-0.06789817062029244,0.3125791812626184,93.21018293797076,10688.329667206155,102.77217781739873,0
univ3-conc-c5,47,10000,462.8952300451918,-693.0275921307228,693.0275921307228,-230.13236208553104,222230.2714591852,15089.607443040271,0.9364165888132064,8372,5875,333300.4143978598,0.6018154787848925,0.7269787625962243,160.18154787848925,4628.378635851632,79.6674381363814,0
univ3-conc-c5,48,10000,254.93334417357724,-1336.3972750397463,1336.3972750397463,-1081.463930866169,137744.35403931976,4466.967160285092,0.9685892295873171,6484,7747,585171.5271335079,0.9720375587378802,0.9931166813449624,197.20375587378803,1861.7350478990097,70.09697829734397,0
univ3-conc-c5,49,10000,157.85198143567288,-631.0655612943634,631.0655612943634,-473.21357985869054,155273.2213465613,11606.63742578486,0.9304491416090039,10818,6764,406712.2786010772,-0.5520565730665278,0.5572831156036165,44.794342693347225,16205.737417264136,126.28308410483056,0
univ3-conc-c5,50,10000,279.14534191166075,-5316.301653679181,5316.301653679181,-5037.1563117675205,119975.38248908528,3338.282996612492,0.9729285235057775,4298,8817,1293124.5704186943,0.06737768941063621,0.749968725770828,106.73776894106362,9335.182351140409,97.35866611043825,0
univ3-conc-c5,51,10000,223.78198454269815,-1606.667747891192,1606.667747891192,-1382.8857633484938,136507.6180203029,10111.477658072658,0.9310357384807961,5866,7939,702906.4585606045,-0.37972689386748937,0.7588577127652223,62.02731061325106,14109.349923802318,117.11257224741712,0
univ3-conc-c5,52,10000,222.06563061726752,-2998.867765819616,2998.867765819616,-2776.802135202349,137337.72810156873,2973.4772182255156,0.9788079846406534,5970,8500,980066.902982385,-0.540546539965858,0.999998995792177,45.9453460034142,16060.668545112845,125.65909739566708,0
univ3-conc-c5,53,10000,93.72805710299563,-861.079704258508,861.079704258508,-767.3516471555123,35740.61254798799,100121.52614553137,0.2630652872954724,1873,2506,255871.01959600713,1.2499940059710364,1.249994129027219,224.99940059710363,0.0008391489672021635,41.85639581894704,0
univ3-conc-c5,54,10000,91.34916452465218,-1304.9497114111864,1304.9497114111864,-1213.6005468865342,57106.73490810263,19456.101701495547,0.7458806052249054,4189,6096,515230.0686717748,1.249993866969086,1.2499941597873359,224.9993866969086,0.0019130156565613232,50.51369382026857,0
univ3-conc-c5,55,10000,396.26250195003126,-1579.3681934849171,1579.3681934849171,-1183.1056915348859,206293.28876511133,42843.71346474392,0.8280315124558814,9488,7162,578101.6278735354,1.249985344954184,1.249994109808849,224.9985344954184,0.05666297920350871,60.546112460192404,0
univ3-conc-c5,56,10000,170.48975656577795,-5368.413363478362,5368.413363478362,-5197.923606912584,103988.00796108799,2650.72552324291,0.9751429388118867,5151,8908,1317630.236051639,-0.8626704264626665,0.956897413041241,13.732957353733353,20425.409767736393,146.04832612510074,0
univ3-conc-c5,57,10000,229.60932685733874,-3451.591494871833,3451.591494871833,-3221.9821680144946,157690.03963111204,3337.906963094925,0.979271256737152,8887,8604,979959.6858133752,0.6765465009875183,1.226854442236435,167.65465009875183,4040.8491117185445,77.67038526056504,0
univ3-conc-c5,58,10000,384.92626296756686,-1835.478023768429,1835.478023768429,-1450.5517608008622,185773.3740438707,29626.08662098977,0.8624597920090202,7411,7726,659632.7206805641,0.8818967819398003,1.2499935622406035,188.18967819398003,2503.275383559208,72.28276224227757,0
univ3-conc-c5,59,10000,317.9502611598171,-334.31499928390707,334.31499928390707,-16.364738124089968,157749.48885461545,1126.2139990543985,0.9929113515860152,5922,2453,140834.81157255836,0.0583160398694757,0.1475710954413101,105.83160398694757,9423.562985864684,97.70721160064947,0
univ3-conc-c5,60,10000,166.60093052181827,-5378.640815315773,5378.640815315773,-5212.039884793954,149869.33059468714,10035.195748915354,0.9372425785662143,10767,8782,1263534.6963881135,0.19694177991903103,1.2499934739133118,119.6941779919031,8105.214225225039,92.56558696223887,0
univ3-conc-c5,61,10000,134.68212564472864,-861.2406294360659,861.2406294360659,-726.5585037913372,108609.48956186823,2968.5454967241817,0.973394893581292,6225,7228,483067.8024547731,-0.09534688337930049,0.3738322853254046,90.46531166206995,10972.004680366692,103.92595555353815,0
univ3-conc-c5,62,10000,129.20042362307484,-480.2138001316654,480.2138001316654,-351.01337650859057,107394.74835694132,3044.8205277111592,0.9724299853896452,6535,6191,346462.61970781104,-0.7348189690469629,0.7645841897491362,26.518103095303715,18614.13209422019,137.42372466016568,0
univ3-conc-c5,63,10000,473.1752660949205,-725.402071681257,725.402071681257,-252.22680558633647,270726.3528892421,5819.941222880741,0.9789549115399786,11414,6219,374816.1498507662,0.024798286632917835,0.3222166345399685,102.47982866329178,9753.241804434258,98.96920325179053,0
univ3-conc-c5,64,10000,373.48901156663186,-4925.194963119325,4925.194963119325,-4551.705951552693,187802.078463225,26661.628847839824,0.875682327876721,8383,8209,1131564.1250767226,0.8063601974154665,1.2499940387891961,180.63601974154665,3056.215876969864,74.15403615226887,0
univ3-conc-c5,65,10000,64.26064821161826,-86.38116610816348,86.38116610816348,-22.120517896545223,53285.12555377015,428.23762718417606,0.992027354054493,4307,1790,66562.82655635443,-0.06697863290329095,0.1412233343926009,93.3021367096709,10678.88055525104,102.73393851923394,0
univ3-conc-c5,66,10000,230.8771358709575,-354.73856303863886,354.73856303863886,-123.86142716768137,109476.02788674053,3097.0299604456513,0.9724887107122047,4067,4565,212517.2203056238,0.11397298855441605,0.3328065660632655,111.3972988554416,8885.670724740077,94.85584061218105,0
univ3-conc-c5,67,10000,115.44949806173986,-3934.5998135765813,3934.5998135765813,-3819.150315514841,91777.6374733711,16637.159612263516,0.846541615540523,5582,8238,1011143.8831505246,0.875418978570195,1.2499940745334086,187.5418978570195,2550.1366004331176,72.42108641022617,0
univ3-conc-c5,68,10000,126.51358759114245,-4005.924701752804,4005.924701752804,-3879.4111141616618,113134.06601361238,28415.55744574389,0.7992537404813164,9857,7584,979508.6655849622,1.2499909158607487,1.2499941920802913,224.99909158607488,0.021035776193418343,58.40932061697143,0
univ3-conc-c5,69,10000,285.18751711493167,-2690.5358185089467,2690.5358185089467,-2405.348301394015,121560.01397786311,6766.616914073867,0.9472703610541137,5468,8467,926575.0478136758,-0.6953856819338867,0.8618003542211231,30.461431806611333,18077.188739610683,134.91793217780622,0
univ3-conc-c5,70,10000,256.9430954965878,-304.5106647504683,304.5106647504683,-47.56756925388055,147653.85415236707,4573.136676085685,0.9699584373888122,8088,3495,160475.35592964853,0.1333305155133705,0.19875671190243296,113.33305155133705,8701.325336305852,94.92072900346442,0
univ3-conc-c5,71,10000,154.42063324821484,-1290.6355269169576,1290.6355269169576,-1136.2148936687427,119751.21151312976,8952.87564339802,0.9304382957744793,7720,7795,577908.3899177148,1.0431367992871348,1.2499939648549614,204.31367992871347,1369.2163394305476,68.45710391780875,0
univ3-conc-c5,72,10000,77.63691862101925,-409.91092454597845,409.91092454597845,-332.27400592495917,79701.41730746043,5870.411965938012,0.9313978441762384,6665,6088,307482.31478555064,0.09328430616666054,0.5138234211129611,109.32843061666605,9084.242384550282,96.37060832147118,0
univ3-conc-c5,73,10000,56.44609931715348,-1524.4100515477546,1524.4100515477546,-1467.963952230601,55752.844676409586,3690.273135807437,0.9379192533698326,4423,8048,652993.3563867937,-0.016877645822635543,1.2499940988166987,98.31223541773645,10169.348706860737,100.67828776070691,0
univ3-conc-c5,74,10000,362.99626764409686,-413.80933699235663,413.80933699235663,-50.81306934825977,213565.60548697555,8062.826712986681,0.9636200706157048,9222,3914,207675.73870440153,0.10559182869250776,0.2594492162774165,110.55918286925078,8965.920010203372,95.90659946873016,0
univ3-conc-c5,75,10000,114.43954201655184,-4288.5939897769,4288.5939897769,-4174.154447760348,108321.03993730845,40994.73350704994,0.725449411261789,8748,7020,1028979.803212179,0.2328732187249119,1.249991107339329,123.28732187249119,7774.899863005261,91.22287163918266,0
univ3-conc-c5,76,10000,114.62917269996703,-1475.2356199632354,1475.2356199632354,-1360.6064472632684,81577.46526403744,1723.18001039743,0.9793137255453378,4417,7846,665708.7321988591,-0.5431718736628192,0.6035331718236877,45.68281263371808,16093.69128100352,125.84233488930936,0
univ3-conc-c5,77,10000,150.8931042420933,-398.6858513861506,398.6858513861506,-247.7927471440573,91268.20770963572,3924.6428997810153,0.9587716632640395,4311,5698,282831.8177398597,0.11406184235212422,0.18872145856247996,111.40618423521242,8884.821429314474,95.62363522688833,0
univ3-conc-c5,78,10000,137.62090145653684,-2618.20334936781,2618.20334936781,-2480.582447911273,120527.94830052879,14804.956101729826,0.8906034259212813,9381,8449,883441.9452097786,0.4320857538607942,0.6120502074361585,143.20857538607942,6022.832302900988,84.69556416044391,0
univ3-conc-c5,79,10000,146.22770919394432,-149.74139062394354,149.74139062394354,-3.513681429999224,141578.25703899263,1203.013341986495,0.9915744317249978,11364,1882,90276.51598366692,-0.04483834242380439,0.09377476267144004,95.51616575761956,10452.441358483125,102.00281131785363,0
univ3-conc-c5,80,10000,90.7598581951556,-2668.145795741701,2668.145795741701,-2577.3859375465454,70388.49769589912,21412.59043286558,0.766750145675493,4058,6884,834993.9908945427,-0.30132418457308047,0.9999990425167369,69.86758154269195,13206.476565043833,113.19352804042104,0
univ3-conc-c5,81,10000,87.88820331361029,-2035.1156155029041,2035.1156155029041,-1947.2274121892938,79454.54252419694,3611.9083098829424,0.9565178447662642,5456,8177,759626.2885954134,0.8092666736113344,1.2499855049026736,180.92666736113344,3034.6738777911514,74.05978472305385,0
univ3-conc-c5,82,10000,150.98116374656158,-1228.6244705900028,1228.6244705900028,-1077.6433068434412,70194.26152751564,96248.88390222867,0.42173116439417835,3242,3709,403686.3253511627,-0.8303326464902199,0.9999990659492696,16.966735350978013,19956.78434907527,143.70313277411483,0
univ3-conc-c5,83,10000,165.85331405966983,-1197.6751734808463,1197.6751734808463,-1031.8218594211764,107018.28581031901,6459.100226882243,0.9430802871616661,5560,7661,579143.4204706273,0.23588457535745305,0.44909957235902986,123.5884575357453,7747.422517279835,91.19295798900148,0
univ3-conc-c5,84,10000,249.13141201049626,-2283.814325228301,2283.814325228301,-2034.682913217805,195915.25584685785,25795.783056082477,0.8836513365156562,9555,8114,861253.3927586208,-0.7830845876381177,0.9999988940940574,21.69154123618823,19285.00901681872,140.58364303972618,0
univ3-conc-c5,85,10000,189.2445210118675,-1373.9065966512987,1373.9065966512987,-1184.6620756394314,131798.41892652874,8425.596586396912,0.9399133125978677,7374,7818,629831.048679974,0.047637804501234914,0.48444596749199464,104.76378045012349,9528.118490750348,98.12149974691745,0
univ3-conc-c5,86,10000,243.19768504634374,-259.12656641029645,259.12656641029645,-15.928881363952712,155552.85978688142,200.06552329289966,0.9987154942811219,8681,2471,126805.4060423605,0.01613606092114054,0.1230685735407522,101.61360609211405,9839.158990536243,99.3576510960261,0
univ3-conc-c5,87,10000,418.5327697637287,-3606.541769415468,3606.541769415468,-3188.0089996517395,209468.95809223122,88403.90078018018,0.703215992504888,8271,6766,883014.8148887913,1.2499844072466915,1.249994099508435,224.99844072466914,0.0626143663199431,60.98923060627165,0
univ3-conc-c5,88,10000,350.20026297271636,-2916.1969499654583,2916.1969499654583,-2565.996686992742,177154.2308141711,11812.92913536153,0.9374868673555955,7270,8558,917737.5562129914,-0.8270581351475969,0.9662512020290361,17.294186485240317,19909.73716761774,144.27266168576583,0
univ3-conc-c5,89,10000,72.52812631448464,-391.0175376873453,391.0175376873453,-318.4894113728607,77469.98089219518,6034.122339838112,0.9277386127592908,5949,6016,293574.29623297194,0.4947461543778542,0.8714826683556984,149.47461543778542,5498.000035420451,82.74322143651109,0
univ3-conc-c5,90,10000,639.9775711891712,-711.0023048792201,711.0023048792201,-71.02473369004895,306981.86824329454,10951.088563721263,0.9655553526954157,11224,4792,286432.48628768855,0.29668044366811214,0.45419115268190324,129.66804436681122,7199.37151831932,89.13127481907044,0
univ3-conc-c5,91,10000,64.38936967698615,-2233.6401921152747,2233.6401921152747,-2169.2508224382887,56437.10248908183,14623.60190853479,0.7942097248753804,4148,7306,735877.0236697062,0.25589344589212104,1.2499941078596486,125.5893445892121,7565.650548410747,90.47500892590769,0
univ3-conc-c5,92,10000,133.23991971846988,-3175.2656645052703,3175.2656645052703,-3042.0257447868003,108322.09508305634,18749.08322151518,0.8524521180044755,7910,7565,899423.1604521784,1.2499872871162023,1.2499939431604146,224.99872871162023,0.04419698475733824,46.34894965051198,0
univ3-conc-c5,93,10000,436.3951614020023,-657.6143590218713,657.6143590218713,-221.21919761986902,258004.02651075527,25162.160492576633,0.9111399536828154,10750,5945,348319.15449011733,-0.20536312544617516,0.369937099639913,79.46368745538248,12141.591220053164,108.74972911151411,0
univ3-conc-c5,94,10000,203.65211617469865,-592.8512232937654,592.8512232937654,-389.19910711906675,152381.8461976819,5119.711092652847,0.9674942192272088,8755,6499,373927.81475459,0.3620414997485886,0.3629610220635934,136.20414997485886,6624.02939157176,86.87945885007937,0
univ3-conc-c5,95,10000,440.13438846166116,-1298.8543047747908,1298.8543047747908,-858.7199163131296,233154.88599598376,17091.31795749722,0.9317019891311742,9270,7550,562627.7417381518,0.48970146477948107,0.8876263823967128,148.9701464779481,5539.810180613789,82.82845130071455,0
univ3-conc-c5,96,10000,151.61068011406817,-4058.965998351328,4058.965998351328,-3907.35531823726,121303.24764703972,4526.515577657136,0.9640266701481903,7024,8731,1111517.0200566964,-0.04637597353726818,1.2499941004453268,95.36240264627318,10468.102173967109,101.89845176990846,0
univ3-conc-c5,97,10000,139.70503114281706,-280.57463453529533,280.57463453529533,-140.86960339247827,93172.36536416825,4012.847007055984,0.958709283962586,4646,4801,208811.64563889394,0.7320985398135914,0.880939030764579,173.20985398135915,3614.0293465114078,76.02099851722808,0
univ3-conc-c5,98,10000,239.03873150975423,-1094.272692469242,1094.272692469242,-855.2339609594877,177207.88740329337,13462.125946028544,0.929395683623492,9182,7515,556795.1429999504,-0.3553452892992341,0.4592389244374434,64.46547107007659,13825.309815323266,115.97815055388776,0
univ3-conc-c5,99,10000,88.73123590721384,-832.2688304757564,832.2688304757564,-743.5375945685425,33135.03755619966,97215.60427670775,0.2541992666110112,1452,2526,259162.58217978047,1.2499896871464578,1.2499940733999508,224.99896871464577,0.028463849177615033,56.70140573344945,0
univ3-conc-c5,100,10000,470.67145441341955,-1401.311045790257,1401.311045790257,-930.6395913768374,258897.51520902276,15079.782927031914,0.9449597356072057,10980,7691,591597.3570110362,-0.09740740815619703,0.8315091794263603,90.2592591843803,10993.428104833518,104.02738870828291,0
univ3-conc-c5,101,10000,407.9924689594335,-532.4441802941914,532.4441802941914,-124.45171133475787,213156.80732740156,2358.8706625597038,0.9890547607275719,8652,4979,264121.3143514466,0.27102596274642593,0.44433441853318073,127.1025962746426,7429.094790408289,90.23761949204535,0
univ3-conc-c5,102,10000,236.88271229496266,-1655.5968405081107,1655.5968405081107,-1418.7141282131481,126570.36746382462,94354.04593547521,0.5729125428752898,5837,5220,535249.1948191171,1.2499914804593282,1.2499941365027447,224.99914804593283,0.0172110579384519,62.261355572996756,0
univ3-conc-c5,103,10000,93.63779038866642,-2049.6276719345833,2049.6276719345833,-1955.989881545917,78980.63835364423,59755.1667664928,0.5692880672386746,5783,5377,593392.0153394407,1.2499902110733845,1.2499940875136577,224.99902110733845,0.025340683126991337,48.18442667012048,0
univ3-conc-c5,104,10000,115.21096972054208,-323.29964824058965,323.29964824058965,-208.08867852004755,90500.53880254274,1931.6369503560657,0.9791021153118805,5505,5508,254192.08013755546,0.11459506879980239,0.4507425232048945,111.45950687998024,8879.724948955482,95.58534366048933,0
univ3-conc-c5,105,10000,400.07521858156946,-4566.020148945543,4566.020148945543,-4165.944930363974,239039.9373684585,7207.752746454691,0.9707296635225648,9451,8779,1205955.3384221434,-0.552125097447866,1.0635343683963978,44.7874902552134,16206.603374785522,126.3446173667896,0
univ3-conc-c5,106,10000,280.0252362815127,-2371.845492880045,2371.845492880045,-2091.8202565985325,196634.20418404543,4928.246852541185,0.9755497771177299,10505,8274,864666.1547780602,-0.49688820423116303,0.8704837460984863,50.311179576883696,15517.154545018791,123.2856935857355,0
univ3-conc-c5,107,10000,265.3301600492844,-458.13922478004906,458.13922478004906,-192.80906473076465,106831.09249422599,1639.0487029692697,0.984889401960033,4282,5307,261189.38293808978,-0.2878942358216723,0.4123223145350021,71.21057641783277,13054.833305326896,112.59229413037767,0
univ3-conc-c5,108,10000,172.42269185100548,-502.8469205541053,502.8469205541053,-330.4242287030998,137053.18883038554,7744.870381108657,0.9465126091932187,8620,6190,337007.51021514524,0.02574187723683423,0.21670991719334196,102.57418772368342,9743.900414812057,98.97826851090687,0
univ3-conc-c5,109,10000,227.85413891373895,-1250.2617316931703,1250.2617316931703,-1022.4075927794313,164173.40672768312,6397.4887050270845,0.9624936675814609,10423,7706,566679.247546561,0.650116205762128,0.9181162325055311,165.0116205762128,4246.865806270647,78.35886006302351,0
univ3-conc-c5,110,10000,143.5138166070916,-3913.992807209641,3913.992807209641,-3770.4789906025494,94910.51494476017,2669.827771013875,0.9726396967185247,5449,8788,1080515.8564704896,0.07561863437472979,1.136410512807754,107.56186343747298,9255.080105712508,97.06464735191683,0
univ3-conc-c5,111,10000,689.3028994699265,-830.634911059848,830.634911059848,-141.33201158992154,318239.3939710076,4484.613188613318,0.9861038748617322,11736,5518,338812.48110498214,0.3947612826719839,0.5301530579484544,139.4761282671984,6341.249160139472,85.90060301799143,0
univ3-conc-c5,112,10000,57.67818675343352,-1854.4603378907502,1854.4603378907502,-1796.7821511373168,58039.200247228524,106451.55799242196,0.352841708971089,4483,3462,470273.5104387189,-0.9999990716274669,1.035730945496331,0.00009283725331082196,22499.927259041204,231.81134331243595,0
univ3-conc-c5,113,10000,618.3672931627995,-2047.8917404777785,2047.8917404777785,-1429.5244473149792,308622.5555409245,6279.817519585455,0.9800578907724562,11331,8149,742570.2557923935,-0.35695963634835765,0.9852779705619148,64.30403636516424,13844.024561272832,116.02591753715777,0
univ3-conc-c5,114,10000,371.5893014220225,-453.20328298458793,453.20328298458793,-81.61398156256541,184442.4674254238,1326.791678305472,0.9928578512682519,7729,4440,225577.381736054,0.13691660059132346,0.14152233159132352,113.69166005913235,8667.326889777067,94.79567510274329,0
univ3-conc-c5,115,10000,145.59785439572633,-1136.616978355093,1136.616978355093,-991.0191239593665,120768.94259945642,12479.79869353327,0.9063420894453894,7256,7259,573879.9935305908,-0.9379884568581295,0.9999990394293806,6.201154314187055,21545.812399850904,151.57175636232085,0
univ3-conc-c5,116,10000,698.1245043185627,-4454.862591435407,4454.862591435407,-3756.7380871168443,288195.0771842705,25874.892253940812,0.9176142427745505,10393,8189,1072164.6672221709,0.3042566862714546,1.2499941322882346,130.42566862714546,7131.955094360886,88.85658903404455,0
univ3-conc-c5,117,10000,69.48019841204177,-1394.4393059042056,1394.4393059042056,-1324.9591074921639,46500.58753154787,169654.89143456818,0.21512564823229474,2422,2152,332858.5545145819,-0.9999989851568394,0.9999989851568394,0.00010148431605972004,22499.925650025743,223.81651361137108,0
univ3-conc-c5,118,10000,462.9705606118389,-469.90817758284146,469.90817758284146,-6.937616971002569,223578.31585635856,4257.822073497249,0.9813119107785784,8177,2686,176938.67768686288,0.07585700107281128,0.15018409377598374,107.58570010728113,9252.76687917872,97.05795474736756,0
univ3-conc-c5,119,10000,90.01940824669063,-936.3642891178554,936.3642891178554,-846.3448808711647,58473.857356244225,122478.16322076537,0.32314564473934076,4076,2901,326880.4996406141,-0.9999990028965662,0.9999990733189635,0.00009971034337333701,22499.926110905868,228.41773225218557,0
univ3-conc-c5,120,10000,70.88902421046231,-1031.336802271819,1031.336802271819,-960.4477780613565,66939.42883435597,3426.8305949328405,0.9513000886685405,4582,7517,551609.3112339666,-0.2102163476185099,0.4694276813718157,78.97836523814901,12194.423071710611,108.22252911637716,0
univ3-conc-c5,121,10000,174.79787931168377,-5668.1637670396985,5668.1637670396985,-5493.365887728015,163390.79453576662,3328.820632334189,0.9800334194091211,11065,8948,1337679.6360307299,0.5458686682518996,1.235686508023568,154.58686682518996,5078.592533679942,81.2835534671967,0
univ3-conc-c5,122,10000,59.721668651497325,-1456.285813699522,1456.285813699522,-1396.5641450480246,47117.76946222261,96992.58044514195,0.32695617970888513,2423,3142,423854.3446235618,-0.9999990586254384,0.9999990891320054,0.00009413745616428634,22499.926874252113,162.68022996178323,0
univ3-conc-c5,123,10000,97.26728372518494,-1095.7584905614433,1095.7584905614433,-998.4912068362584,50233.862096153855,120841.99859071986,0.29363501019058846,2720,2714,340923.0949742312,-0.9999988185480927,0.9999991016547386,0.00011814519071931648,22499.92310337656,201.07660064900926,0
univ3-conc-c5,124,10000,310.76500877388634,-2542.872675334907,2542.872675334907,-2232.107666561021,105996.98488853558,130545.46975987536,0.4481097697497309,4491,4137,550332.8522740197,-0.09146589253920481,1.2499941328323283,90.85341074607952,10931.702850897758,103.73932183511346,0
univ3-conc-c5,125,10000,72.93971417216918,-6050.337527979944,6050.337527979944,-5977.397813807775,63384.002349280214,3235.462139524413,0.9514336813669805,4222,8843,1406436.8441623666,-0.6752507113503219,0.9999989106883449,32.474928864967815,17806.79705597711,133.76052009310555,0
univ3-conc-c5,126,10000,176.34074390868292,-236.05698828339754,236.05698828339754,-59.71624437471462,156571.83887876215,3763.3074554858117,0.9765284933370723,10611,3741,167664.51515334318,0.1984592748420907,0.3007953144370049,119.84592748420907,8091.171443268454,92.61125780319949,0
univ3-conc-c5,127,10000,173.38610435854895,-2311.88172414706,2311.88172414706,-2138.4956197885112,84811.79747829954,69506.28586260178,0.5495907909311141,4508,5287,609230.2648079774,0.831699155120977,1.2499941120291986,183.1699155120977,2869.1336362404413,73.49070188611262,0
univ3-conc-c5,128,10000,300.8536510415207,-3210.51802425196,3210.51802425196,-2909.6643732104394,192865.7663899172,21699.65774327668,0.8988669407900204,9942,8345,979131.3601249473,-0.061303932288117265,0.9999989303544728,93.86960677118827,10620.649749835247,102.4981197144621,0
univ3-conc-c5,129,10000,338.54509540512834,-4739.677249469637,4739.677249469637,-4401.1321540645085,193820.52174200982,39761.24784835653,0.8297758942485707,9362,8052,1121950.2460550768,-0.41292833296003406,1.2499939486617,58.70716670399659,14500.994942550496,118.09338011502805,0
univ3-conc-c5,130,10000,583.4638170529362,-3085.2752391097624,3085.2752391097624,-2501.8114220568264,247031.46686452316,12433.759113940021,0.9520792851255833,8924,8447,897940.6673942686,1.1611422910714817,1.249994132841957,216.11422910714816,576.858261761616,65.91285074284076,0
univ3-conc-c5,131,10000,111.91868367737864,-2274.368925658084,2274.368925658084,-2162.4502419807054,103378.51123168669,2257.03875216452,0.9786337198745161,8001,8265,838011.7705154065,1.0690187272031044,1.1682495855739625,206.90187272031045,1192.7919892972352,67.88717777144794,0
univ3-conc-c5,132,10000,89.64043858339933,-2783.6009709577506,2783.6009709577506,-2693.9605323743513,66015.36225520629,64021.786043713124,0.5076654103753125,3367,5330,718300.0794587752,1.249992930678382,1.249992930678382,224.99929306783818,0.0078534583580252,38.91995134673968,0
univ3-conc-c5,133,10000,713.453935256276,-1540.4440465698444,1540.4440465698444,-826.9901113135684,249156.12233030805,6220.709130637999,0.9756410591554022,10825,7525,578802.7612355662,-0.05728280165601845,0.45106156783803364,94.27171983439816,10579.46751703923,102.33135517634553,0
univ3-conc-c5,134,10000,179.98708372282618,-470.7263194619137,470.7263194619137,-290.7392357390875,123118.67401742253,6561.116963483062,0.9494052472335559,6964,5991,313852.4484319505,0.011953658106285871,0.27167934110340725,101.19536581062859,9880.749135664219,99.52369914270692,0
univ3-conc-c5,135,10000,172.57839247268905,-4474.245780401234,4474.245780401234,-4301.6673879285445,141804.23874073982,17713.87084719514,0.8889538567567445,10982,8753,1119465.8324983518,0.9266160066660268,1.2499941415639553,192.66160066660268,2182.565475887706,71.09016119825175,0
univ3-conc-c5,136,10000,136.1382111961932,-506.11343285425187,506.11343285425187,-369.9752216580587,124766.38382771895,4115.756215821013,0.9680657365370362,8692,6321,349862.8842251971,0.2549504581592615,0.32923162535374134,125.49504581592615,7574.186252214475,90.45156927075406,0
univ3-conc-c5,137,10000,222.24682662786955,-461.19877289380395,461.19877289380395,-238.9519462659344,162706.00123308174,3900.6441616005127,0.9765877036155426,8088,5784,309684.0520699408,-0.09744387673667276,0.34829697224482004,90.25561232633272,10993.807169997912,104.0445110828318,0
univ3-conc-c5,138,10000,172.82382635713492,-242.3173485250812,242.3173485250812,-69.49352216794628,140551.41498200817,9122.41618812102,0.9390513617724405,8403,3827,171746.6527736858,0.11726111081084625,0.17877763333590607,111.72611108108462,8854.259137933,95.4695741911343,0
univ3-conc-c5,139,10000,285.8626246212127,-5533.391890968582,5533.391890968582,-5247.529266347369,179647.263472829,5695.529069220131,0.9692702964539182,8132,8885,1343118.0377251236,-0.4367035281737185,0.8223675321324125,56.32964718262815,14784.949174197896,120.10161621218924,0
univ3-conc-c5,140,10000,150.75034880419415,-624.7933986114315,624.7933986114315,-474.04304980723737,65043.27286928808,68059.12083418523,0.48867094767801134,3484,3772,263059.71379352,0.8574619651744715,1.2499940589126952,185.74619651744715,2680.5815961779685,72.86601294850834,0
univ3-conc-c5,141,10000,116.85968218238744,-467.33954743768476,467.33954743768476,-350.47986525529734,109222.17777285328,4385.626265042716,0.961396786935695,8449,6251,331961.0648898782,0.3497590823761837,0.5697745310848348,134.97590823761837,6731.07292663488,87.3522119895297,0
univ3-conc-c5,142,10000,482.410271915768,-693.9669372967821,693.9669372967821,-211.5566653810141,233858.81476688889,5641.967315493617,0.9764428021218198,8989,5755,331348.9297551975,-0.29883802982024305,0.4379296128438716,70.1161970179757,13178.339201000606,113.27656322645666,0
univ3-conc-c5,143,10000,97.97136767999963,-3158.647267324608,3158.647267324608,-3060.6758996446083,92893.50277395174,45704.807473345565,0.6702354639692527,7402,6516,846542.5867301603,-0.8244096583161331,1.0142617898952295,17.559034168386688,19871.737990419904,143.38365960936963,0
univ3-conc-c5,144,10000,161.97704342083875,-2113.2568349592725,2113.2568349592725,-1951.2797915384338,85049.53960264727,74646.1828677584,0.5325724339198151,4351,4906,591340.7682946891,1.249989804593371,1.249994068777294,224.9989804593371,0.027884246751142427,55.61645980707202,0
univ3-conc-c5,145,10000,215.19070824878708,-2725.5492342825587,2725.5492342825587,-2510.358526033772,144081.48213515815,11630.562291903065,0.9253072404598023,8379,8422,926754.1093908389,-0.3434635512905747,0.8437319260058069,65.65364487094253,13687.968160500372,115.22724517525236,0
univ3-conc-c5,146,10000,342.94538030430357,-5372.441321702809,5372.441321702809,-5029.495941398505,203973.37860002098,29608.64551450413,0.8732409070143726,9304,8798,1253695.9153123356,-0.19849964670780693,1.24999410845894,80.1500353292193,12067.057925224673,108.39662639911074,0
univ3-conc-c5,147,10000,309.407453478413,-624.2527526870615,624.2527526870615,-314.8452992086485,165610.76302288932,4101.207587237348,0.9758343057800035,6380,6239,360984.2226481118,0.13336278042835503,0.35627478622858105,113.3362780428355,8701.019278483891,94.86693306153195,0
univ3-conc-c5,148,10000,176.2842251770512,-1575.4939176073678,1575.4939176073678,-1399.2096924303166,58623.34850952043,147926.56968466582,0.2838216980284938,2303,2546,387655.683094576,-0.9999990711574356,0.9999991045563561,0.0000928842564517735,22499.92700741266,253.78965492734454,0
univ3-conc-c5,149,10000,147.43508375098958,-512.9353889011763,512.9353889011763,-365.50030515018676,138780.68928866423,7300.169064877059,0.9500265185517368,9033,6292,356108.5498782931,-0.7389930571551561,0.7485251304181557,26.100694284484394,18671.550419613497,137.6635502152757,0
univ3-conc-c5,150,10000,113.76092121790504,-2812.3768649949648,2812.3768649949648,-2698.61594377706,59398.12386526978,38521.45619791164,0.6066010886376745,3403,5454,672754.8324125777,0.8079167418517531,1.2499940843305635,180.7916741851753,3044.676288746471,74.1146224176046,0
univ3-conc-c5,151,10000,292.8320936799082,-432.86705501308614,432.86705501308614,-140.03496133317793,152899.84570088322,5192.550521979028,0.9671549635147594,6731,5090,249957.93236861075,0.35317956933346895,0.35626911925207766,135.3179569333469,6701.213266142216,87.19231511011469,0
univ3-conc-c5,152,10000,301.300525973597,-1760.2115412890196,1760.2115412890196,-1458.9110153154224,145481.43163245963,9956.953581663895,0.9359427623495462,8683,7974,670139.9382356334,0.24403110407728248,0.9634249822879059,124.40311040772825,7673.247600456694,90.90929103459119,0
univ3-conc-c5,153,10000,71.92319927615547,-157.5152350108221,157.5152350108221,-85.59203573466662,85580.23040926504,1202.6853793354082,0.9861414499800272,7221,3763,151328.76208384964,-0.07005957131856817,0.10333605999247637,92.99404286814318,10710.552255336916,102.91618631381526,0
univ3-conc-c5,154,10000,96.44114853160276,-2897.4711627602455,2897.4711627602455,-2801.030014228643,83254.96701309201,2115.1469474766654,0.9752238008203478,6326,8507,899766.6748131202,-0.06120879705980627,1.1084583638357497,93.87912029401937,10619.674481156328,102.51644130375507,0
univ3-conc-c5,155,10000,317.37909025974926,-1066.6449044976189,1066.6449044976189,-749.2658142378696,161771.44935508945,5137.1613161955165,0.9692217118365883,6671,7394,506359.08676964254,0.5841680004140002,0.8623969725839971,158.41680004140002,4769.416958500954,80.22522366676966,0
univ3-conc-c5,156,10000,335.76560255935476,-6194.387598765514,6194.387598765514,-5858.621996206159,175063.8523720136,7448.924312712511,0.9591868336671036,7063,8980,1389047.6027582148,-0.413017946757957,0.8095019829585592,58.6982053242043,14502.059624496833,118.8185059000919,0
univ3-conc-c5,157,10000,415.3752687275129,-546.011749849239,546.011749849239,-130.6364811217261,224627.14098558098,9213.353096453528,0.9605998390799613,9820,5193,281816.7924024523,-0.2104338202175039,0.24882975736801655,78.95661797824961,12196.793141168688,109.00829646753655,0
univ3-conc-c5,158,10000,208.0807644164476,-4357.764435650177,4357.764435650177,-4149.683671233729,119755.79563854366,60294.65380061332,0.6651235584891544,5498,6702,997545.641571305,-0.9999990048977966,1.249993735110731,0.00009951022033485632,22499.926538340445,174.38100864889887,0
univ3-conc-c5,159,10000,196.05408776587194,-3229.7294150135613,3229.7294150135613,-3033.6753272476894,185592.79262957213,23339.39534640307,0.888292007217735,11463,8610,1002321.6285172757,0.28246891783635275,0.5961399491843593,128.24689178363528,7326.35333258986,89.59126963684643,0
univ3-conc-c5,160,10000,110.9207713353496,-623.9462141233438,623.9462141233438,-513.0254427879942,87186.35364627783,3613.2672097299633,0.9602061420998665,5395,6843,389375.74057411705,0.6177008181934596,0.8059143973675211,161.77008181934596,4502.181018284627,79.25054805216993,0
univ3-conc-c5,161,10000,94.14287672754777,-144.63171385697126,144.63171385697126,-50.48883712942349,91257.12470747803,815.7369501286063,0.9911403106687169,7173,3080,121240.77148841944,0.22793348584078005,0.24974570270349886,122.793348584078,7820.040884437566,91.58311333071114,0
univ3-conc-c5,162,10000,298.91281813465287,-487.2849508180342,487.2849508180342,-188.37213268338132,152595.3342780553,8474.200363755146,0.9473879378704345,6066,5353,277543.67546811164,0.1406276130229547,0.28565419230910605,114.06276130229547,8632.193945601006,94.62081937808479,0
univ3-conc-c5,163,10000,166.01129682117778,-756.2718412924701,756.2718412924701,-590.2605444712923,60401.45185843383,159235.35467922222,0.27500605572717696,3128,2301,224374.80079084248,1.2499925229641093,1.2499941268214365,224.99925229641093,0.01036297637423611,44.00890757798017,0
univ3-conc-c5,164,10000,96.83787898836678,-1260.2737566857086,1260.2737566857086,-1163.4358776973418,84087.97251991458,10008.300117447467,0.8936376560204623,4754,7739,583453.1918303418,0.3856558284193068,0.9664223687979987,138.56558284193068,6419.5976899742645,86.19144714022153,0
univ3-conc-c5,165,10000,536.464152789805,-1073.0072625130242,1073.0072625130242,-536.5431097232192,277416.5750605859,24686.17637293114,0.9182854963889205,10874,7119,488280.06993157,0.08374347538058145,0.5341837670978146,108.37434753805815,9176.36074004516,96.73209893265582,0
univ3-conc-c5,166,10000,641.1483584838645,-1799.9167938392388,1799.9167938392388,-1158.7684353553743,229932.57775192862,71708.7968227657,0.7622713497978417,9501,6568,565946.7605178183,0.4475517946364883,1.2499941671179542,144.75517946364883,5892.169271495538,84.24358471801214,0
univ3-conc-c5,167,10000,71.5454294154273,-364.9367170896876,364.9367170896876,-293.3912876742603,65938.64052048183,1430.2723301811805,0.9787695500838544,4953,5886,281562.12448130094,0.4645576546953069,0.6947435753271207,146.4557654695307,5749.350814101067,83.73482049058491,0
univ3-conc-c5,168,10000,138.6939064368688,-189.17213779690465,189.17213779690465,-50.47823136003586,104321.82907737412,5056.362585903658,0.9537717481975773,5502,3192,138577.66523339078,-0.035501914768341865,0.15853039976224026,96.44980852316581,10357.558311459337,101.40934073146617,0
univ3-conc-c5,169,10000,229.2098092821504,-1071.2930755535367,1071.2930755535367,-842.0832662713863,176502.99453979355,7329.0396811880655,0.9601318686797649,9778,7402,554738.6522326185,-0.4576009378448812,0.8087999662950242,54.23990621551188,15036.987679875958,121.41388861505814,0
univ3-conc-c5,170,10000,278.04962000443453,-4345.70625169191,4345.70625169191,-4067.656631687476,161769.54135754064,19147.11387601296,0.8941661073089424,7113,8772,1146106.4143453583,0.3001112561681606,0.9423428090101535,130.01112561681606,7168.818852146993,88.99655015191802,0
univ3-conc-c5,171,10000,356.5083072659438,-1619.7297240455475,1619.7297240455475,-1263.2214167796037,191398.61727500692,10948.823925841114,0.9458909692118448,8391,7967,651831.3762175179,0.30348203715306454,1.076450029417656,130.34820371530645,7138.839297209367,88.88289485925085,0
univ3-conc-c5,172,10000,86.54109390453786,-112.29437686577107,112.29437686577107,-25.75328296123321,92180.18138487413,3403.8354899110527,0.9643890725541481,6932,2360,94545.5383516209,-0.0029732356360035795,0.10384802008566013,99.70267643639964,10029.750497916626,100.12704678278762,0
univ3-conc-c5,173,10000,396.6703158652851,-397.3761857312216,397.3761857312216,-0.7058698659365064,180600.43889805692,1075.976210922352,0.9940775129767013,8364,2318,134172.58512521232,0.005470172588969149,0.24497723847968303,100.54701725889691,9945.358577554714,99.82540720581034,0
univ3-conc-c5,174,10000,338.5263216173291,-354.44281252352744,354.44281252352744,-15.916490906198362,215110.25662426217,1367.595355680473,0.993682516048768,10187,3083,170488.77808737775,-0.038079890933817494,0.11908397014599643,96.19201090661825,10383.721929476456,101.54059972097969,0
univ3-conc-c5,175,10000,248.43357314707518,-1797.2893448706632,1797.2893448706632,-1548.855771723588,131009.87859371427,4595.691090384928,0.9661098648006062,5724,8061,690413.337003966,0.9260252334742467,1.0581674223671274,192.60252334742466,2186.770518778607,71.18943770981471,0
univ3-conc-c5,176,10000,277.6641393981016,-1072.5924257600645,1072.5924257600645,-794.9282863619629,193261.9311890389,13497.721906534536,0.9347178150840905,10786,7441,534867.5259796623,-0.3081600410380044,0.5858945313503383,69.18399589619956,13283.996876050502,113.5668795006855,0
univ3-conc-c5,177,10000,313.81871177436875,-315.47173791556924,315.47173791556924,-1.6530261412004847,192436.37152439135,1582.0295728300587,0.9918459818043891,10978,2420,132588.1433298216,-0.027043179062079047,0.1623320348680815,97.2956820937921,10271.903054840313,100.99498380035627,0
univ3-conc-c5,178,10000,57.50059651508191,-781.4198091973077,781.4198091973077,-723.9192126822257,57023.960794497594,4186.0758741738255,0.9316112830182905,4021,7173,465766.0481389077,0.0000397346910162355,0.3535479577679783,100.00397346910162,9999.603198982013,99.99833791850422,0
univ3-conc-c5,179,10000,44.4623220874596,-1029.1300957661153,1029.1300957661153,-984.6677736786557,30521.73726898713,95283.77359412971,0.24261049503782406,2753,2424,278208.0358303002,1.2499891969804988,1.2499940889504284,224.9989196980499,0.03164190243519727,63.44613090760936,0
univ3-conc-c5,180,10000,119.85171274805376,-868.4014142643983,868.4014142643983,-748.5497015163446,75648.91991265527,171375.20158835704,0.30624102396552905,3826,2725,275287.97586513305,1.2499939662469712,1.2499939662469712,224.9993966246971,0.0011616236073734854,32.75481328719678,0
univ3-conc-c5,181,10000,305.0717360235701,-1605.9669622885706,1605.9669622885706,-1300.8952262650005,111335.02395403753,1797.9754790306595,0.9841074179236768,4239,7883,630443.1739614961,0.897752372715517,1.1212502587483288,189.7752372715517,2389.0082262067062,71.87378761762875,0
univ3-conc-c5,182,10000,322.25413852559467,-2363.3051248654456,2363.3051248654456,-2041.0509863398509,146970.20273232824,13935.33861323734,0.9133942902357266,5986,8316,795255.9581275277,0.17196019245538635,0.9521460213082349,117.19601924553864,8337.571976757283,93.43126881151193,0
univ3-conc-c5,183,10000,198.6151104035984,-2921.094115986652,2921.094115986652,-2722.4790055830535,162063.3122619107,3740.864562016251,0.9774380559424097,10121,8502,960763.4745358485,0.14869488077673793,0.7659201121025637,114.8694880776738,8555.994523312724,94.42813841375441,0
univ3-conc-c5,184,10000,142.726441985508,-4808.7383689766975,4808.7383689766975,-4666.011926991189,126472.36061893318,45643.093734220754,0.7348111829599666,7815,7321,1154870.36115948,-0.9999988622120753,0.9999988622120753,0.00011377879247384721,22499.92454650883,271.3474029751538,0
univ3-conc-c5,185,10000,155.45545885884306,-1701.1506189038003,1701.1506189038003,-1545.6951600449572,95966.33134956792,6356.0659207891495,0.9378819682655098,4484,8017,708013.7788432289,-0.23130299825645026,0.9173854000319775,76.86970017435497,12425.220675280947,109.93580381075877,0
univ3-conc-c5,186,10000,161.49057776741293,-265.760237502198,265.760237502198,-104.26965973478505,130056.69796540192,3304.7650702700334,0.9752194899857536,7449,4372,199194.09944558045,-0.07832801328907195,0.1339592399646051,92.1671986710928,10795.746317541187,103.26098876111455,0
univ3-conc-c5,187,10000,167.93980883249333,-330.36801178581305,330.36801178581305,-162.42820295331973,103365.49857443273,7672.397759976065,0.9309028897947653,4626,4863,230499.07944818173,-0.05327648607279201,0.21153035192886818,94.6723513927208,10538.503113751882,102.17040937157365,0
univ3-conc-c5,188,10000,123.1092608331308,-6026.4747589053395,6026.4747589053395,-5903.3654980722085,118554.35066072602,4368.288946751659,0.9644631049194787,8918,8926,1366298.9081191265,0.002685715253940657,1.249993749561153,100.26857152539407,9973.15815231102,99.984134307965,0
univ3-conc-c5,189,10000,253.87190764826764,-2808.8570611647638,2808.8570611647638,-2554.985153516496,164718.51238884602,16359.885435374326,0.9096530252534292,8719,8396,875746.5187551032,0.5586784509075232,1.2499938257297034,155.86784509075233,4974.709932750021,80.90954839688911,0
univ3-conc-c5,190,10000,131.48912938752062,-1185.6593267995995,1185.6593267995995,-1054.1701974120788,81919.29159180852,12373.97457238494,0.868771386592569,4583,6900,521424.9067956373,1.249991785500271,1.2499941599321196,224.9991785500271,0.01527022033498139,59.70296125969308,0
univ3-conc-c5,191,10000,281.9299806020478,-2658.75233412201,2658.75233412201,-2376.8223535199622,137985.8941347992,91941.5903675385,0.6001278813338049,6025,6012,698330.1631265115,1.249992103300856,1.249994079737322,224.99921033008562,0.0132612850267525,41.520139820593194,0
univ3-conc-c5,192,10000,269.3354388370473,-1271.619816463299,1271.619816463299,-1002.2843776262516,129898.83840883571,2823.291082523062,0.9787278045240612,5169,7623,589648.4389288453,0.2733911769212823,0.49733166522295863,127.33911769212823,7407.82188163759,89.90022131856176,0
univ3-conc-c5,193,10000,189.9417904518472,-338.86774823577895,338.86774823577895,-148.92595778393175,131581.18010980674,1219.1930809812245,0.9908193550086665,6647,4933,238527.8664409299,-0.3326883712086882,0.40510810841186334,66.73116287913118,13564.021543752398,114.77862858144684,0
univ3-conc-c5,194,10000,114.73833423372288,-1478.2674738800604,1478.2674738800604,-1363.5291396463374,102226.54700693484,6816.992490579477,0.9374837562867732,7734,7866,632763.1846913749,0.528427793032431,0.9128697522340034,152.8427793032431,5220.805134018833,81.8583582561802,0
univ3-conc-c5,195,10000,263.7913418464039,-1008.2615521812235,1008.2615521812235,-744.4702103348195,182257.94574498152,36506.1247469562,0.8331255920368259,9564,6741,479594.6036393406,1.1776301743819797,1.2499940314937308,217.76301743819798,468.55911395788706,65.52057441264236,0
univ3-conc-c5,196,10000,347.9709973329277,-448.4614811130654,448.4614811130654,-100.49048378013771,173695.32086047973,5926.760361717559,0.9670042774173963,6428,4550,233519.49507158852,-0.2651023275730145,0.3770236540343887,73.48976724269855,12799.449140333287,111.53046569883209,0
univ3-conc-c5,197,10000,553.079494679977,-3111.3850081827186,3111.3850081827186,-2558.3055135027416,277267.17949860427,16634.877566049297,0.9433999280842397,10275,8539,978000.5113355718,-0.2173854045708157,0.5482489581833905,78.26145954291843,12272.661859523601,109.37046831301399,0
univ3-conc-c5,198,10000,200.6060288731239,-2364.646399272562,2364.646399272562,-2164.0403703994384,156632.38115414302,16797.945424423968,0.9031429753041825,9159,8366,812154.8325552507,0.20166453166426548,0.8632520447743007,120.16645316642655,8061.537865193001,92.39607552260667,0
univ3-conc-c5,199,10000,124.91253779917393,-2354.4687749596173,2354.4687749596173,-2229.5562371604433,76067.57700993693,18317.06494628424,0.8059317218708069,5941,6864,706442.2410457613,1.1555751049647398,1.2499940374766156,215.55751049647398,613.5566605779893,65.97886838948915,0
univ3-conc-c5,200,10000,20.030541977783933,-1278.3863622451495,1278.3863622451495,-1258.3558202673655,20054.008669847746,66250.58984947322,0.23236315345767194,1572,2227,296349.7350066229,1.2499926617600952,1.249994037281482,224.9992661760095,0.009423859288829828,31.11320204960449,0
univ3-conc-c5,201,10000,97.43889205577568,-4589.6362231733065,4589.6362231733065,-4492.197331117531,78097.25357488276,8914.576138141261,0.8975475384491666,5530,8655,1171432.0286019777,-0.9999988144231255,0.9999988144231255,0.0001185576874408005,22499.923716300367,172.37792516449392,0
univ3-conc-c5,202,10000,164.38342989213032,-4357.132902195915,4357.132902195915,-4192.749472303785,116778.31732825663,21692.870695740858,0.843340185021151,8199,7803,1040638.4029773133,0.8803008673465419,1.2499941153756466,188.0300867346542,2514.810879767135,72.30082144211484,0
univ3-conc-c5,203,10000,260.14538976067297,-773.8282139552136,773.8282139552136,-513.6828241945407,52559.78636222505,94936.3265956642,0.35634692540834,2224,2895,239937.93939459996,1.2499881907934198,1.249994054918867,224.99881907934198,0.03807783087781402,57.902198364854954,0
univ3-conc-c5,204,10000,406.1229784713218,-3165.5916120134957,3165.5916120134957,-2759.468633542174,256118.86611305998,8690.485903060331,0.9671821035137335,11754,8596,992953.515202102,-0.6396208131999501,0.7806830791994936,36.037918680004985,17334.44425802889,131.48932780081054,0
univ3-conc-c5,205,10000,99.92391459881107,-837.5976374096977,837.5976374096977,-737.6737228108866,100106.85138818547,2348.197748245171,0.9770807025321097,6658,7229,485661.47871763556,-0.168734065253189,0.35384012828970113,83.1265934746811,11746.27133213384,107.1066617850174,0
univ3-conc-c5,206,10000,369.3785541541149,-454.9281251182024,454.9281251182024,-85.54957096408748,206707.6532873626,2270.2767463568666,0.9891362846498166,8306,4558,234128.35942730328,0.6142515851972328,0.7781649841617121,161.42515851972328,4529.522006814613,79.35603674676747,0
univ3-conc-c5,207,10000,164.40932822260987,-363.7323424571322,363.7323424571322,-199.3230142345223,127670.5724780331,9683.892982093415,0.929497064768494,7219,5397,260919.6409359369,0.24658914021075945,0.3560044822736472,124.65891402107594,7650.003715282972,90.7594439157596,0
univ3-conc-c5,208,10000,162.70417493689612,-335.07821107152677,335.07821107152677,-172.37403613463064,103790.15826534401,2496.4064109705014,0.9765124931963596,5501,5081,234788.6726248825,0.3713347547732721,0.4105217167746838,137.1334754773272,6543.362049234113,86.60562109209545,0
univ3-conc-c5,209,10000,279.6612292420832,-291.18841237145216,291.18841237145216,-11.52718312936895,188191.37409479317,4187.712849420432,0.978231974608369,9358,2747,146699.3628915468,0.05070615157668087,0.09268263053677643,105.07061515766809,9498.029581148558,98.00199013650169,0
univ3-conc-c5,210,10000,133.62576409928795,-161.84254449277256,161.84254449277256,-28.216780393484612,113170.24915545623,986.4135734348005,0.991359123945508,6717,2608,114963.25713199931,-0.05894146424533872,0.12971784120790275,94.10585357546613,10596.446048527832,102.27583272581126,0
univ3-conc-c5,211,10000,126.52676595681197,-3073.423844343755,3073.423844343755,-2946.8970783869427,87658.75023389126,2580.629401998736,0.9714024031147885,5040,8568,997480.0573712927,-0.6013378706092917,0.9999989769520994,39.866212939070834,16835.446548051677,129.21013403521889,0
univ3-conc-c5,212,10000,141.12256231691208,-1190.532135635016,1190.532135635016,-1049.4095733181039,56700.188265995086,238257.75910422896,0.19223143085826533,2022,1623,263321.84129462414,-0.9999990117685127,0.9999991035525697,0.00009882314873461017,22499.925989881463,284.2480316052466,0
univ3-conc-c5,213,10000,182.084954600952,-5224.636111650745,5224.636111650745,-5042.551157049793,146124.6886394366,36146.11881397137,0.8016900274981716,9507,7511,1183487.3601727206,1.0117721527800934,1.2086400531138402,201.17721527800933,1585.0496082139248,69.24468368883747,0
univ3-conc-c5,214,10000,334.39462059372045,-864.9612182040087,864.9612182040087,-530.5665976102882,217495.21364448193,16815.11857476603,0.928235693170236,9257,6940,460549.73328167765,-0.22673907409098062,0.34674607631823035,77.32609259090194,12375.094903844682,109.72608520405835,0
univ3-conc-c5,215,10000,96.47185192140577,-902.2091356216531,902.2091356216531,-805.7372837002473,74917.80422964791,2125.2956456310485,0.9724141986878568,4039,7411,507514.4042111588,0.07921440376798912,0.44731634481717975,107.92144037679891,9220.210384752369,96.90540235547302,0
univ3-conc-c5,216,10000,64.07708451308994,-350.4539925329942,350.4539925329942,-286.37690801990425,64064.511916142466,3994.8228314082216,0.9413038219338166,5131,5872,286321.02878800157,-0.3326798853736044,0.3403621458297609,66.73201146263956,13563.924124209747,114.76331468946934,0
univ3-conc-c5,217,10000,134.33780859421117,-2239.2275561206825,2239.2275561206825,-2104.889747526471,89853.45972361836,114937.31126370536,0.43875736826626904,4062,4338,607284.3972732614,-0.9999990209071126,0.9999990209071126,0.0000979092887420965,22499.926496570544,328.77473811409266,0
univ3-conc-c5,218,10000,216.05532667849482,-431.71763034365677,431.71763034365677,-215.66230366516194,176932.3671988992,4369.138033318934,0.9759012589127554,10315,5674,295217.7508476433,-0.2896148179787336,0.3622181730850063,71.03851820212664,13074.213191984307,112.78941581322782,0
univ3-conc-c5,219,10000,154.59236601887338,-709.5289520892345,709.5289520892345,-554.9365860703612,120346.15298256178,3597.239534255833,0.9709767542971867,8883,6842,416051.6073902793,-0.23904785044979618,0.4439244598092117,76.09521495502038,12510.503123662045,110.29641023208549,0
univ3-conc-c5,220,10000,236.44748081748568,-389.78154155400756,389.78154155400756,-153.33406073652188,178620.15305612507,9975.898201427002,0.9471044163708198,9273,5250,261778.36049151418,0.03431263516421169,0.1990421286651798,103.43126351642117,9659.212963437485,98.7563300744678,0
univ3-conc-c5,221,10000,48.67198179365862,-3100.080574113053,3100.080574113053,-3051.4085923193943,53162.797984978366,5053.708115491656,0.9131911470817233,4646,8546,982460.1505184193,-0.26299249152468207,0.7092674915822563,73.7007508475318,12775.93274313555,111.41168931313693,0
univ3-conc-c5,222,10000,74.20710905647361,-2177.7541282442958,2177.7541282442958,-2103.547019187822,79700.57174177286,4685.792092234226,0.9444721649406359,6276,8282,833784.9602536726,-0.5924507975169253,0.8684677737906631,40.75492024830747,16720.848161306778,128.64247561923003,0
univ3-conc-c5,223,10000,220.34691705365648,-3178.3532192764624,3178.3532192764624,-2958.006302222806,132491.64568814484,2167.1023831479706,0.9839067092618398,5721,8619,998861.3044047265,-0.3905557603409936,0.6686469118784086,60.94442396590064,14236.467486993246,117.63821917798023,0
univ3-conc-c5,224,10000,353.09548741927983,-3940.971549724878,3940.971549724878,-3587.876062305598,196937.94653254113,52630.177434878264,0.7891149855269617,8569,7555,995560.3575803638,0.34696941708486406,1.249993832656876,134.6969417084864,6755.453993215361,87.56235304753778,0
univ3-conc-c5,225,10000,75.4651500182734,-3614.8957373537555,3614.8957373537555,-3539.430587335482,68818.84553618538,2901.1517505659617,0.9595489143848325,4656,8648,1064539.0727743427,-0.7562128141581828,0.8950827522301175,24.37871858418173,18909.61681460456,138.8464263594924,0
univ3-conc-c5,226,10000,88.99466010269875,-1956.883148346004,1956.883148346004,-1867.8884882433051,97419.74232021354,15305.80024088657,0.8642206558234977,7936,7618,779398.6549134682,-0.9999990170610434,0.9999990399431035,0.00009829389566354401,22499.926976581406,174.5364242223458,0
univ3-conc-c5,227,10000,62.31004478014833,-3669.760848026493,3669.760848026493,-3607.4508032463445,55457.7015241637,25511.519034186575,0.684923247892676,3887,6778,907813.1812523798,1.2499939860665623,1.249994034067601,224.99939860665623,0.0011681279233943798,60.317391349748426,0
univ3-conc-c5,228,10000,288.73934898344805,-5883.612533690948,5883.612533690948,-5594.8731847075,191946.06469750596,4302.881513469474,0.9780743713709235,9824,8966,1301607.3981746363,0.8185430372164797,1.0771743638019615,181.85430372164797,2966.0645302741264,73.84290400801531,0
univ3-conc-c5,229,10000,329.89779492084386,-3441.8073669120245,3441.8073669120245,-3111.9095719911807,235805.3148250408,19381.73227944637,0.9240489182371766,11680,8668,1054524.3897857233,-0.38366674459292327,0.9999983360333061,61.63332554070767,14155.530285715333,117.3265333682859,0
univ3-conc-c5,230,10000,216.23100606528914,-3973.3311650751607,3973.3311650751607,-3757.1001590098717,126524.13237660062,69275.98578000262,0.6461902759190632,6089,6328,930978.0812772446,-0.12760717078064318,1.2499939522545103,87.23928292193568,11309.49182280201,105.4279823870154,0
univ3-conc-c5,231,10000,210.28148977119838,-400.20187389497426,400.20187389497426,-189.92038412377588,133415.87116040813,1725.3079844174752,0.9872332919149053,5842,5312,264888.45619955176,-0.0663102790092016,0.26204676591764153,93.36897209907984,10672.01547456792,102.69018879406573,0
univ3-conc-c5,232,10000,205.90201784244698,-281.863720076003,281.863720076003,-75.96170223355603,113106.13461800596,1205.9135626260559,0.9894506871163702,4275,3766,174852.40930833574,0.10162837848027266,0.15146913792136446,110.16283784802727,9003.961368239452,95.87193177792206,0
univ3-conc-c5,233,10000,242.2263598664367,-1729.4797624769733,1729.4797624769733,-1487.2534026105366,166386.14317860804,13985.979233923801,0.9224604165718233,7922,8132,713851.357473474,0.5985652463024149,0.6705560922776658,159.8565246302415,4654.287713587929,79.76077115787699,0
univ3-conc-c5,234,10000,86.23698600031318,-378.1084097148552,378.1084097148552,-291.87142371454206,99325.42523382015,9818.988151958403,0.9100367316350632,6953,6015,308655.1026955691,-0.647160312991516,0.8081269843572341,35.283968700848405,17433.751516929577,132.19781396251048,0
univ3-conc-c5,235,10000,411.41704206949356,-2948.8836471968457,2948.8836471968457,-2537.466605127352,127197.70116600243,95298.92601072355,0.5716837274345334,5245,5135,656173.8999100133,0.946876019767825,1.2499940656783108,194.6876019767825,2038.8552591760983,70.6910179816114,0
univ3-conc-c5,236,10000,70.74145694976619,-2524.1555691359176,2524.1555691359176,-2453.414112186151,56873.28711997082,29581.360455596478,0.6578395576739776,3807,6282,740857.0513778229,1.096386949359477,1.249994150546045,209.63869493594768,1007.86555481914,67.21480809917236,0
univ3-conc-c5,237,10000,246.26864856062173,-821.937058041251,821.937058041251,-575.6684094806293,133133.2890305614,5373.380967686504,0.9612048938310734,5648,6993,451919.5285698278,0.1999926582891736,0.4928554597028285,119.99926582891736,8076.990134069676,92.4113136470382,0
univ3-conc-c5,238,10000,103.71940247007925,-3922.2494754270706,3922.2494754270706,-3818.5300729569913,100255.36926855914,46928.78363538856,0.6811560028068085,7736,6883,949264.9238329546,1.2499940106960574,1.2499940478071236,224.99940106960574,0.0011424693296921973,42.80061201675412,0
univ3-conc-c5,239,10000,281.66540519421767,-1668.413231860288,1668.413231860288,-1386.7478266660705,145780.72344632208,15598.382202883144,0.9033432355438267,7936,7883,668115.466172922,0.8039022374242546,1.0247142420820103,180.39022374242546,3074.4503085481238,74.2257792015887,0
univ3-conc-c5,240,10000,727.9215330246451,-822.6799301945568,822.6799301945568,-94.75839716991175,299765.91406777024,5171.735964651626,0.983040021577848,11814,5069,297569.20032182825,0.13839625167177147,0.24571225690184179,113.83962516717715,8653.312877936753,94.64523357043299,0
univ3-conc-c5,241,10000,132.69192186575432,-654.2528320420749,654.2528320420749,-521.5609101763206,93166.08451185918,2819.03763018866,0.9706304730641819,4997,6724,425378.03322075686,-0.9499974654614692,0.977126715288141,5.000253453853074,21728.305474921362,152.4143206434038,0
univ3-conc-c5,242,10000,164.4173973017701,-167.48469721024924,167.48469721024924,-3.0672999084791286,135224.94570721823,563.1048055693378,0.9958530606821231,7962,1901,96796.71407343261,0.026268732879942434,0.07759060871400095,102.62687328799424,9738.686004526002,98.9583810440994,0
univ3-conc-c5,243,10000,54.557409437730364,-1245.7853625324435,1245.7853625324435,-1191.2279530947133,28512.835199537516,116699.7348654051,0.19635239006365549,1768,1707,280540.6796382001,-0.9999990702331898,0.9999990948780099,0.00009297668101706995,22499.926891777133,207.80799920429928,0
univ3-conc-c5,244,10000,95.59009515124934,-4451.642709220134,4451.642709220134,-4356.052614068884,90276.38249356704,11166.63076273698,0.88992213062004,6543,8388,1209053.7682426805,-0.9999988601789477,0.9999990995524406,0.00011398210523712315,22499.924494240884,165.48230014142715,0
univ3-conc-c5,245,10000,210.1360874186193,-2974.8507413506177,2974.8507413506177,-2764.7146539319983,129405.12000447595,6233.377840393592,0.9540441840669547,6173,8340,926297.2305356022,1.1794474806189215,1.2499933607562175,217.94474806189214,456.65761148925293,65.46384509427882,0
univ3-conc-c5,246,10000,56.64058912703164,-1310.7657021434184,1310.7657021434184,-1254.1251130163866,51835.825227668094,5759.687462038422,0.8999976353528008,4093,7804,624748.9409421483,-0.00668709671130216,0.57237582117516,99.33129032886978,10066.961096034582,100.37268906431748,0
univ3-conc-c5,247,10000,238.79403324827155,-350.83157208084566,350.83157208084566,-112.03753883257411,151954.2879270251,1663.0276889380164,0.9891742172275975,9054,4521,212480.64898786633,-0.3761712005650143,0.3761712005650143,62.38287994349857,14067.74029971203,116.00465957405977,0
univ3-conc-c5,248,10000,147.38779232469838,-1885.3641597849262,1885.3641597849262,-1737.9763674602277,68093.16985315512,135488.37165792935,0.334476148219202,2829,3312,481105.81017312664,-0.9999990041132818,0.9999990452742685,0.00009958867181074212,22499.926055718373,182.14330186882077,0
univ3-conc-c5,249,10000,288.2813344240231,-4443.64717782092,4443.64717782092,-4155.365843396897,122045.49513413761,23644.924400183,0.8377043289753661,5065,7591,1038604.0616382263,0.8488345621071397,1.2499941665537795,184.88345621071397,2743.5387401213534,73.0803811305613,0
univ3-conc-c5,250,10000,322.1330941476143,-4824.231651567923,4824.231651567923,-4502.098557420309,170424.76293459797,10385.661901738677,0.9425604916799493,6760,8515,1235446.8013342516,0.2542794052712165,0.9999990929393415,125.42794052712165,7580.262246673821,90.4898072281145,0
univ3-conc-c5,251,10000,307.4446966518265,-2596.816475867311,2596.816475867311,-2289.3717792154844,158834.37736116085,1851.265913135855,0.9884789588203864,6370,8395,886807.1003041166,-0.13290158817098827,0.911425022469668,86.70984118290117,11365.306217947107,105.52670585095511,0
univ3-conc-c5,252,10000,161.92272127028076,-2189.5332332392527,2189.5332332392527,-2027.6105119689719,118535.43302781953,55975.16046393408,0.6792449137674891,8224,6062,718963.8450259712,-0.8753386224397451,0.9999990696071807,12.466137756025482,20610.994813070825,146.94629569126272,0
univ3-conc-c5,253,10000,97.59755903861277,-1638.8787075889668,1638.8787075889668,-1541.281148550354,103358.56546167727,7471.887225485247,0.9325827239326009,8400,8021,697027.2994600434,0.28909849180736075,0.6694959619219685,128.90984918073607,7267.032238392018,89.36704191664047,0
univ3-conc-c5,254,10000,202.9254522457734,-1669.9834591937615,1669.9834591937615,-1467.0580069479881,114172.79010594939,12043.2554478719,0.9045822153987831,5442,8031,666003.8903783833,0.6547005722782674,1.132666060865613,165.47005722782674,4210.993736693722,78.18074559021296,0
univ3-conc-c5,255,10000,236.41891936088496,-1120.3322982763484,1120.3322982763484,-883.9133789154635,173111.34556714658,5754.188211970695,0.96782953042772,9930,7554,561568.6713201229,-0.037968209075538224,0.4558962663730328,96.20317909244618,10382.588140911203,101.52218870979752,0
univ3-conc-c5,256,10000,425.92178493215374,-1506.4298625335903,1506.4298625335903,-1080.5080776014365,224557.63419155448,13593.584229415688,0.9429203666496181,10665,7791,633951.1067097569,-0.03760802487144673,0.5244931394903173,96.23919751285533,10378.93128307523,101.36543166143167,0
univ3-conc-c5,257,10000,202.30901150013753,-265.909262264203,265.909262264203,-63.600250764065464,170492.88753371013,3141.890306184774,0.9819051785289129,11225,3859,178357.3699237221,-0.0946229618874041,0.17584434337468366,90.53770381125959,10964.482465508903,103.93354410602677,0
univ3-conc-c5,258,10000,361.7356666279528,-4748.657520985019,4748.657520985019,-4386.921854357066,190145.73171592478,27915.23493262486,0.8719842649435925,7720,8837,1186542.8932840144,0.653117295296035,1.0794631810503466,165.3117295296035,4223.37615096513,78.2283451972868,0
univ3-conc-c5,259,10000,100.79088796551336,-2328.1912985416643,2328.1912985416643,-2227.400410576151,83952.07010730382,42159.68543297363,0.665695832618009,5373,5982,750033.7534291366,-0.19534317071934396,0.9999990444144676,80.4656829280656,12032.85152344319,108.29608654382311,0
univ3-conc-c5,260,10000,183.14246966880444,-2177.567478383984,2177.567478383984,-1994.4250087151795,153151.31255168666,3362.6604803449845,0.978515269817751,9570,8332,826572.7353720895,-0.22160725142698012,0.6926978440798954,77.83927485730199,12318.846127597759,109.49047363123745,0
univ3-conc-c5,261,10000,129.4743823398752,-801.3483438978038,801.3483438978038,-671.8739615579286,70761.7266843565,56554.60914055997,0.5557945586940781,3284,4826,355983.38546228234,1.2499936195276475,1.2499941360399986,224.99936195276476,0.0034281486524384702,50.65810344203464,0
univ3-conc-c5,262,10000,203.42863820726996,-400.1951939633577,400.1951939633577,-196.76655575608777,155903.5243987519,5744.027018336868,0.9644657344452071,9985,5480,269215.69644863927,-0.15252989678260703,0.30839728758119206,84.7470103217393,11573.293705693406,106.52284600287264,0
univ3-conc-c5,263,10000,156.47971766700041,-2696.287608498271,2696.287608498271,-2539.8078908312705,102307.97841374103,8967.958181989326,0.9194079290065178,4384,8437,931312.9110140759,-0.7703453387800842,0.9016909558745698,22.965466121991586,19106.449966307027,139.7420681636363,0
univ3-conc-c5,264,10000,50.20986161523855,-3039.636287856426,3039.636287856426,-2989.4264262411875,54933.82457893837,66806.09166493117,0.4512392177837125,4326,4454,702622.7015766905,-0.9999990021937716,0.9999990720616484,0.00009978062285150794,22499.92623277295,277.5065921963876,0
univ3-conc-c5,265,10000,181.17289571871845,-956.8752484876256,956.8752484876256,-775.7023527689072,145017.22712434074,3670.705336599588,0.9753126882871691,9451,7422,500956.48442686617,0.35583937000854005,0.5630831364269983,135.583937000854,6678.020822541498,87.13095896679536,0
univ3-conc-c5,266,10000,218.56034511917204,-340.84769329940804,340.84769329940804,-122.287348180236,119298.15477221936,2574.0943729652327,0.9788787489275039,4899,4496,214515.1557744956,-0.11544612579317047,0.16581004340432529,88.45538742068295,11181.746822995749,104.78263269803747,0
univ3-conc-c5,267,10000,560.6470326391136,-564.8345212067464,564.8345212067464,-4.18748856763284,270518.4071209687,1365.3878411254386,0.9949780462593742,10574,3094,200760.72966483975,-0.040858326152962976,0.11616085238449812,95.9141673847037,10411.950190626274,101.65458535084109,0
univ3-conc-c5,268,10000,128.5859693329578,-4232.173820255871,4232.173820255871,-4103.587850922913,81615.99022067958,52033.8392553948,0.6106703655412463,4120,5563,948795.2375393485,-0.42288804603139313,0.9999989875914772,57.71119539686069,14619.587271699553,119.34976369164225,0
univ3-conc-c5,269,10000,68.80529791236836,-2117.859644093361,2117.859644093361,-2049.054346180993,72441.97179965301,8906.220203490202,0.8905172938183301,5274,8312,785902.8612081588,0.491756702355911,1.009285536130014,149.1756702355911,5522.767150980285,82.89332654495395,0
univ3-conc-c5,270,10000,258.99484191341196,-1752.5739723843133,1752.5739723843133,-1493.5791304709014,130631.14621766393,55250.199749776824,0.7027663025452026,6115,6256,592746.5247371999,1.2499904970431652,1.2499941316001721,224.99904970431652,0.023552869545504507,61.016651922615246,0
univ3-conc-c5,271,10000,439.00360031099365,-3749.2110059355823,3749.2110059355823,-3310.207405624589,262542.8034326618,37094.6572798473,0.8762015363778622,10612,8688,1089530.2283010846,0.8815476333415936,0.899198900610125,188.15476333415936,2505.7986893472407,72.2700787258984,0
univ3-conc-c5,272,10000,26.41284883624929,-2397.278355947397,2397.278355947397,-2370.8655071111475,25523.19705473638,33088.51253915917,0.4354624226384046,1923,4031,565541.2251722037,1.2499928014837085,1.2499930611775378,224.99928014837084,0.008597625932402111,30.13487132994103,0
univ3-conc-c5,273,10000,52.50677684113097,-1150.3952700954787,1150.3952700954787,-1097.8884932543478,26595.554557906948,128619.83286620137,0.17134612102109203,1133,1731,254183.9042318589,1.2499930242041382,1.2499930242041382,224.9993024204138,0.0070724695145081284,18.907137590054095,0
univ3-conc-c5,274,10000,227.20641877218597,-288.7656495708291,288.7656495708291,-61.55923079864314,105169.03628672968,816.7631314728579,0.9922936550372182,6351,3430,147042.03638817457,0.36488838920976746,0.3769648587029414,136.48883892097675,6599.287947293873,86.94610444573428,0
univ3-conc-c5,275,10000,116.58096496698417,-2520.3254226339564,2520.3254226339564,-2403.7444576669723,116697.60742539301,12699.21718380919,0.9018583553177388,9187,8374,853626.4741632884,1.1421518013630247,1.2268492452762578,214.21518013630248,702.3160066418446,66.29636097997468,0
univ3-conc-c5,276,10000,346.4168476248964,-4199.889541863283,4199.889541863283,-3853.4726942383863,222163.38892458455,29195.75588045894,0.8838484436159924,10194,8554,1119414.7548877299,-0.74467048604388,1.2499940332838018,25.532951395612002,18749.829343289945,138.11822407017874,0
univ3-conc-c5,277,10000,219.6503674155012,-1515.85151275685,1515.85151275685,-1296.2011453413488,181487.5174762886,7282.75568368014,0.9614200077068885,10783,7778,694068.4797275523,-0.8078674148582949,0.9999989836498888,19.21325851417051,19635.484745206624,142.15299267750655,0
univ3-conc-c5,278,10000,344.6053985577637,-2817.8594723869032,2817.8594723869032,-2473.2540738291395,237386.5293175653,6785.588797278155,0.972209813103695,11336,8448,946351.3751291599,-0.908605346488182,0.9517456925571676,9.139465351181805,21103.813516529244,149.28264857405574,0
univ3-conc-c5,279,10000,362.314225240475,-2088.632507587128,2088.632507587128,-1726.3182823466532,188427.3585782738,74513.67183004049,0.7166145134734957,8677,6734,659487.7816197469,1.2499924237351283,1.249994097390096,224.99924237351283,0.011316899667942693,61.750290027930994,0
univ3-conc-c5,280,10000,114.2534451743389,-2489.2114150316947,2489.2114150316947,-2374.9579698573557,97787.60227155757,24849.519759498584,0.7973735900846908,5596,7126,830769.4555984776,-0.9999988567764909,0.9999989754425062,0.00011432235090999053,22499.924264768386,169.94488864631452,0
univ3-conc-c5,281,10000,163.08700518628808,-587.4465576585108,587.4465576585108,-424.3595524722227,120185.07929889142,3058.441162066367,0.9751837569177907,6283,6463,381080.1303073872,-0.3740487832227143,0.5008707081409305,62.59512167772857,14042.93368098588,116.82539784415584,0
univ3-conc-c5,282,10000,150.8901198389367,-1156.9931454270081,1156.9931454270081,-1006.1030255880714,112173.23346337772,7598.460064780615,0.9365587991540404,7436,7637,552401.4364365,0.8946930222353945,1.0625681875614001,189.46930222353944,2411.008401578328,71.85428895294675,0
univ3-conc-c5,283,10000,104.2795836431016,-1101.4855625049524,1101.4855625049524,-997.2059788618508,69476.54409116697,26451.631149627734,0.7242558707780065,4277,6200,467723.7285164644,1.2499940204597655,1.249994159889022,224.99940204597655,0.0009343753832560253,59.544311072851286,0
univ3-conc-c5,284,10000,735.7428707791237,-822.244355224436,822.244355224436,-86.50148444531237,298424.9902872301,6232.937748447454,0.9795411930073996,10831,5023,299571.72039749124,-0.10279481262190018,0.25348200183469755,89.72051873780998,11049.52567532795,104.0632719251634,0
univ3-conc-c5,285,10000,139.90462775480106,-476.18158884218667,476.18158884218667,-336.27696108738564,145958.65703005975,6347.348520465264,0.9583250279756065,10916,6300,345667.46811177453,-0.01995709086788949,0.45201250385006936,98.00429091321105,10200.371501122378,100.77628519878832,0
univ3-conc-c5,286,10000,171.76624415723558,-1625.9514293942293,1625.9514293942293,-1454.1851852369937,104486.5770572934,33622.08078513862,0.7565534173570927,7498,6472,566146.566190005,0.66540103579642,1.2499941472999945,166.540103579642,4127.490342436155,77.88995752428121,0
univ3-conc-c5,287,10000,216.34953199000813,-1455.9269276047976,1455.9269276047976,-1239.5773956147896,167818.17909519782,11275.775322607744,0.9370398885922042,9806,7899,657586.8068141621,-0.3556831536604183,0.48478662825593233,64.43168463395817,13829.22554554697,115.90317231086996,0
univ3-conc-c5,288,10000,440.37224951708646,-6105.77611109178,6105.77611109178,-5665.403861574693,232015.22081332063,31472.07141084224,0.8805556383946319,9225,8934,1327675.7402707222,0.11388353248561088,1.2499939911938993,111.38835324856109,8886.526342176212,95.42736206669963,0
univ3-conc-c5,289,10000,106.0182583013737,-1368.3694253735746,1368.3694253735746,-1262.351167072201,67692.95910033234,28660.6837673841,0.7025469622696856,4914,5929,508833.08959140937,1.2499912233241608,1.2499940531114475,224.99912233241608,0.018852173466369138,57.840803254481386,0
univ3-conc-c5,290,10000,276.0150486765758,-4729.343570362143,4729.343570362143,-4453.328521685567,171431.1439237431,22649.07743662517,0.8833004348517804,8454,8717,1176433.988512586,0.37336307225859683,1.249994139083709,137.33630722585968,6525.793285720389,86.58954499298352,0
univ3-conc-c5,291,10000,293.39678460896926,-2427.793721016821,2427.793721016821,-2134.396936407852,206230.03954458976,24868.280936599796,0.8923909058065873,10744,7987,883859.5761254346,-0.9580174131640081,0.9999990343362708,4.198258683599197,21850.784003462028,153.01921293116803,0
univ3-conc-c5,292,10000,99.20380636417252,-1080.257939079464,1080.257939079464,-981.0541327152914,46484.39588071045,231289.39037418383,0.1673462298492589,1928,1515,236379.38123287438,-0.9999990033583442,0.9999990953656362,0.00009966416558072918,22499.925847681843,493.09013499152775,0
univ3-conc-c5,293,10000,71.4888063199207,-127.44026385047536,127.44026385047536,-55.95145753055466,65637.81205673884,5775.437016377069,0.9191265333626828,4430,3104,121270.28055754726,-0.09716098805738284,0.16159220787547085,90.28390119426172,10990.864558178275,103.97254062375309,0
univ3-conc-c5,294,10000,190.95762965871532,-3834.3499566190717,3834.3499566190717,-3643.3923269603565,155152.8200669812,30257.940756429998,0.8368059080171282,10332,8160,1049123.2802697408,1.2499920375054747,1.2499941875655995,224.99920375054748,0.013893027076639974,61.9183229772161,0
univ3-conc-c5,295,10000,176.43283069244944,-1349.8188293009243,1349.8188293009243,-1173.385998608475,109713.84489716505,2760.5351619898443,0.9754563202701099,4745,7820,627922.5196370279,-0.13316414095926035,0.5383958196346437,86.68358590407396,11368.07711258753,105.5472614564718,0
univ3-conc-c5,296,10000,204.15694668197548,-205.84327421974888,205.84327421974888,-1.6863275377733942,158807.9832871605,1190.2302545908865,0.9925609778494164,10027,2109,108443.5263815192,-0.020657842637275083,0.09442064305793324,97.93421573627249,10207.436051733632,100.7854773452055,0
univ3-conc-c5,297,10000,76.84070814899076,-3121.7212318483835,3121.7212318483835,-3044.8805236993926,71702.94425614999,25937.593931245865,0.7343562990049755,5470,7052,854774.9114084713,1.1934675436019828,1.249994045025555,219.34675436019828,365.0756554188872,65.1742623323321,0
univ3-conc-c5,298,10000,266.4021568763722,-846.3135979414174,846.3135979414174,-579.9114410650452,142951.75586488054,5981.345969883421,0.9598387068005907,6434,6849,469284.5214612185,-0.5616658397392053,0.9999988390528344,43.833416026079476,16327.42548412548,126.87282753788942,0
univ3-conc-c5,299,10000,343.6966452577423,-1333.5396373509225,1333.5396373509225,-989.8429920931801,233250.8914233336,18146.436552722444,0.9278177031601117,11756,7734,581246.1766747866,0.752776654433491,1.1252723379815865,175.2776654433491,3457.2601131716256,75.61270530574372,0
univ3-conc-c5,300,10000,199.4523106701792,-255.0277665187237,255.0277665187237,-55.57545584854449,175311.78322284203,1761.0929601210235,0.9900544171525099,10860,3775,175149.87515949772,-0.07048209910468245,0.09232637123779554,92.95179008953176,10714.899043966903,102.79312941173237,0
univ3-conc-c5,301,10000,208.0699374471125,-1871.5426171915858,1871.5426171915858,-1663.4726797444732,91665.36981151512,65824.63181502123,0.5820392968747669,4114,5116,571814.4805570282,1.2499922156498888,1.249994105647631,224.9992215649889,0.012448006969263598,63.168482125548095,0
univ3-conc-c5,302,10000,338.8418908681685,-448.7631304218603,448.7631304218603,-109.9212395536918,181478.79545461593,4437.611917407829,0.9761311442054275,7726,4702,239830.65671912476,-0.04876940521809317,0.29877909291808324,95.12305947819068,10492.498344014077,101.9797741604915,0
univ3-conc-c5,303,10000,370.5334471757273,-1086.23614076864,1086.23614076864,-715.7026935929127,214378.03708139062,2703.131591734665,0.9875478301123164,9464,7349,532610.5722041909,-0.0019877818307051597,0.50400294965329,99.80122181692948,10019.886546150163,99.98327419905475,0
univ3-conc-c5,304,10000,103.29669163816799,-3810.839377548852,3810.839377548852,-3707.542685910684,104555.89624736007,7058.754704702914,0.9367578123078614,8314,8419,1067017.483180706,0.5845365422427045,1.0071560878375245,158.45365422427045,4766.462570444946,80.1618422792759,0
univ3-conc-c5,305,10000,67.34592210123553,-705.7187865365767,705.7187865365767,-638.3728644353412,66351.72212268367,3101.0762684718256,0.9553498730028605,4124,6999,455394.193100094,-0.4536067726656179,0.7050050861664947,54.63932273343821,14988.635565673156,120.98806606627531,0
univ3-conc-c5,306,10000,310.7840162786255,-407.83372820774986,407.83372820774986,-97.04971192912438,198015.53440471186,20226.47994656025,0.9073208703343222,8787,4646,235103.6099933657,0.3197868898649443,0.5090494216197334,131.97868898649443,6994.360891817947,88.33883802758481,0
univ3-conc-c5,307,10000,229.99052825828275,-3601.4316682729427,3601.4316682729427,-3371.44114001466,78302.91124596323,41204.469058539355,0.6552140214809233,2893,5639,798947.1521964932,1.2499936584656561,1.249993842090038,224.9993658465656,0.003195245673809466,35.262454488288526,0
univ3-conc-c5,308,10000,182.84236337821247,-2413.6260358660534,2413.6260358660534,-2230.7836724878407,131052.56073017343,17591.076327709612,0.8816560420890436,7510,8312,841667.267903391,0.9172794010808386,0.9499945643035957,191.72794010808386,2249.1237090366767,71.39019780118406,0
univ3-conc-c5,309,10000,112.60249958762402,-1763.5442158551155,1763.5442158551155,-1650.9417162674915,81216.60511867503,3088.0180907254116,0.9633707147583683,5247,8085,705356.4925032797,0.8090011764810757,1.0253362050516968,180.90011764810757,3036.6407523761154,74.06469152766799,0
univ3-conc-c5,310,10000,277.70520561662937,-1249.2869524102919,1249.2869524102919,-971.5817467936624,194265.2081788336,13452.18277531243,0.9352380524638786,10579,7667,584315.5673179755,0.48577114794443615,0.5108844569215754,148.57711479444362,5572.437650775303,83.06030370845933,0
univ3-conc-c5,311,10000,316.62946674759456,-1523.975976323992,1523.975976323992,-1207.3465095763975,228501.36182662094,6040.043479213874,0.9742474320415287,11121,7890,691913.4476840227,-0.44250731781395714,0.7512537710472603,55.749268218604286,14854.715538446271,120.39333735672653,0
univ3-conc-c5,312,10000,162.5191907855648,-482.5768848075499,482.5768848075499,-320.05769402198507,146137.9642955124,2342.3131288446325,0.984224752475709,9647,6228,345693.81789422384,-0.5810093725021647,0.6659115404223728,41.89906274978353,16573.990194757716,128.03620268275165,0
univ3-conc-c5,313,10000,297.44245257855897,-456.22752795684687,456.22752795684687,-158.7850753782879,182755.95651573013,11765.848272232495,0.9395139877246267,7556,5242,272082.75690710644,-0.2140101239161555,0.2178405175176981,78.59898760838445,12235.796712024601,109.12406973599073,0
univ3-conc-c5,314,10000,149.60658790743088,-3724.650288790578,3724.650288790578,-3575.0437008831473,99732.62103658123,49381.08552436537,0.6688360402054518,5461,6188,888005.5409365708,1.2499939817492425,1.2499941280722227,224.99939817492424,0.0012234382320585324,45.73847996385439,0
univ3-conc-c5,315,10000,313.61301597368794,-3641.856298839502,3641.856298839502,-3328.243282865814,177334.04732909816,73483.766366138,0.707023335848758,8366,6464,926862.159864844,-0.9999989494369117,0.9999990341020835,0.00010505630882662716,22499.92588357814,216.21833919433251,0
univ3-conc-c5,316,10000,81.99520911164439,-2310.4945948392433,2310.4945948392433,-2228.499385727599,50472.88562239955,88021.55866837104,0.3644397858764008,2430,3781,534142.1527856325,1.249993124248851,1.249993124248851,224.9993124248851,0.006541357693121974,30.169280603748007,0
univ3-conc-c5,317,10000,127.5332926132859,-1338.8301656982514,1338.8301656982514,-1211.2968730849655,138811.19100762322,7445.521851132137,0.9490927855166381,10496,7806,639782.1754002752,0.14057014417172511,0.7085135213374926,114.05701441717251,8632.737952525262,94.60567878562699,0
univ3-conc-c5,318,10000,362.2743342263151,-2328.5173760338016,2328.5173760338016,-1966.2430418074864,173045.77857169154,23510.28018314058,0.8803889316255299,8597,7495,733729.1079127374,0.8450276191594205,1.249994183336847,184.50276191594205,2771.378459682158,73.23341597513519,0
univ3-conc-c5,319,10000,194.32997141274683,-1473.6021454907298,1473.6021454907298,-1279.272174077983,135541.24675837404,8312.96693440949,0.942212558666076,7594,7849,641069.9561970462,0.5718552692111245,0.5761230567710252,157.18552692111246,4868.34924236819,80.54127455886922,0
univ3-conc-c5,320,10000,152.0413382376642,-392.0907331864742,392.0907331864742,-240.04939494881,95589.5762803901,2459.1095770866787,0.9749195049828486,4184,5620,285043.3042674595,-0.4231296073795996,0.6228453507322399,57.68703926204004,14622.469995725001,119.30523616592417,0
univ3-conc-c5,321,10000,179.09734028547592,-1556.6829804432787,1556.6829804432787,-1377.5856401578028,151127.76654580297,9476.926651973496,0.9409922184509071,10096,7933,644063.861052455,0.6102383928852322,1.0079068643862246,161.02383928852322,4561.375819329318,79.383797537046,0
univ3-conc-c5,322,10000,76.02788257386399,-772.2868462677199,772.2868462677199,-696.2589636938559,70538.598241201,5981.351543085169,0.9218327826933118,4726,7156,443178.64945390413,0.2850854659260099,0.8789785267031351,128.508546592601,7302.9225116481975,89.50265190011257,0
univ3-conc-c5,323,10000,195.66402997916956,-2035.8189442278033,2035.8189442278033,-1840.1549142486338,106671.11179168666,52645.31643847107,0.6695550043187223,5447,5812,620757.1760329736,1.2306810362193672,1.2499940057568881,223.06810362193673,123.988356903801,64.41284481911472,0
univ3-conc-c5,324,10000,75.71077054486884,-366.05207676803883,366.05207676803883,-290.34130622317,66642.10329402654,5919.695217444971,0.918418570943923,4595,5838,288756.92487038806,-0.2462541362655658,0.25504054496795464,75.37458637344342,12590.104260120544,110.53762081098655,0
univ3-conc-c5,325,10000,245.31019659149572,-2018.2973199868052,2018.2973199868052,-1772.9871233953095,147646.86007982786,4754.48234531641,0.968802884084491,6861,8164,748682.0670294688,0.3139798121044171,1.2499941543573738,131.3979812104417,7045.71617806943,88.53201256206908,0
univ3-conc-c5,326,10000,59.048790366673536,-1507.6697159316416,1507.6697159316416,-1448.620925564968,66268.07438215372,8923.79196954568,0.8813197171113443,4525,7925,706275.8355828907,-0.18357243493402606,0.9999977654201458,81.6427565065974,11905.690085587214,107.76756774471322,0
univ3-conc-c5,327,10000,278.3560736320662,-347.01561370827824,347.01561370827824,-68.65954007621201,139743.52722953848,5608.405298941646,0.9614149932417119,5354,3700,180710.74443568755,0.24365032014573543,0.2886951643041496,124.36503201457354,7676.709192832632,90.85897714735844,0
univ3-conc-c5,328,10000,92.03783721741092,-2661.967556128377,2661.967556128377,-2569.929718910966,61813.64278266537,59165.83353056897,0.5109432167041326,3117,5189,665343.8181579303,1.2499930253523734,1.2499940914546468,224.99930253523735,0.007239435521655402,40.753389784457795,0
univ3-conc-c5,329,10000,329.16953358380516,-1174.7716284048256,1174.7716284048256,-845.6020948210205,195300.14651563508,16878.753139339864,0.9204503691611821,10030,7513,549823.8140880172,0.16813792708487754,0.4804279763225114,116.81379270848775,8373.321794685256,93.56275568572572,0
univ3-conc-c5,330,10000,38.01248951450537,-473.04973044371496,473.04973044371496,-435.0372409292096,18554.068086912604,118236.8442886758,0.1356381631256942,923,1288,132745.79664574785,1.2499919832393178,1.2499937760690278,224.99919832393178,0.013712582555226449,45.87125524823195,0
univ3-conc-c5,331,10000,337.9830801447361,-2866.6162008550205,2866.6162008550205,-2528.6331207102844,238681.07551343105,7438.708290120975,0.9697760652347298,11519,8416,954805.7742660044,-0.2716207665762336,0.8642651856080128,72.83792334237664,12872.237651911268,111.84763406821621,0
univ3-conc-c5,332,10000,155.3165940420061,-348.40864154979704,348.40864154979704,-193.09204750779094,132488.97742440767,7347.14318948417,0.9474589029127123,9293,5341,255822.46969443056,0.0983193740596029,0.1455035788694282,109.83193740596029,9035.767158632274,96.18037729242826,0
univ3-conc-c5,333,10000,272.8315380723622,-3768.628592893977,3768.628592893977,-3495.797054821615,176956.7492340499,3350.4941012444015,0.9814178618713951,8849,8676,1106679.918756986,-0.1513264276718006,0.8018220237577052,84.86735723281994,11560.493042645938,106.66347682725883,0
univ3-conc-c5,334,10000,92.65960492991763,-4029.8232253023702,4029.8232253023702,-3937.1636203724524,68185.31075297958,25233.60527427773,0.7298876250403592,4619,6735,905227.0082287549,1.2499907522444687,1.2499939204771773,224.99907522444687,0.021885796812297187,43.53506572387395,0
univ3-conc-c5,335,10000,270.8694255086997,-2526.1163647330186,2526.1163647330186,-2255.246939224319,135338.58597021503,37184.15245163384,0.7844681066868302,5578,7523,773717.991637761,0.9164913781455087,1.2499940609828806,191.64913781455087,2254.7508425625056,71.3855580917928,0
univ3-conc-c5,336,10000,191.04249367041612,-926.7581959223166,926.7581959223166,-735.7157022519006,160597.24191070636,7872.570240412692,0.9532701429419834,11401,7254,486283.87419823604,0.7751102353097334,0.7885013249565844,177.51102353097335,3289.2007028447774,74.95867785187997,0
univ3-conc-c5,337,10000,228.08520189680408,-565.0955179895701,565.0955179895701,-337.01031609276606,149348.7075045804,4437.583263448264,0.9711444808162912,8138,6243,343328.4687914341,0.2314903870219861,0.5138991888693755,123.14903870219861,7787.528069796169,91.34596491098851,0
univ3-conc-c5,338,10000,386.2080185688548,-1241.3067180295338,1241.3067180295338,-855.098699460679,176242.4255851074,4917.083716100589,0.9728577112232895,6686,7473,541819.7030954579,0.3380894086680098,0.726939428239321,133.80894086680098,6833.232632801118,87.77483026771564,0
univ3-conc-c5,339,10000,119.78983787734344,-232.34829202717256,232.34829202717256,-112.55845414982912,111993.23042130467,9239.03352449024,0.9237906377082822,7662,4427,190155.25574196895,0.25125072512511776,0.30099327215028693,125.12507251251178,7607.704251471786,90.66365827772091,0
univ3-conc-c5,340,10000,363.36302104474737,-856.9389195082604,856.9389195082604,-493.575898463513,201767.7173173677,2940.085206862996,0.9856376495150203,9092,6910,453860.2711890552,-0.2916604626183759,0.49488315299855884,70.8339537381624,13097.272435140805,113.06145681175519,0
univ3-conc-c5,341,10000,69.31747589126073,-1178.5109775699775,1178.5109775699775,-1109.1935016787168,56350.04192418682,10513.126735148368,0.8427665492685177,4102,6667,494674.08690359985,0.7576261111414135,1.2499941150936313,175.76261111414135,3420.6569850256597,75.43729239482286,0
univ3-conc-c5,342,10000,255.69610554612382,-761.2212989856092,761.2212989856092,-505.5251934394854,160428.86602285167,10234.800513016726,0.9400294115275809,7211,6795,428474.29757710255,0.46931833943557366,0.5108271767696811,146.93183394355736,5709.528993500222,83.65751360198476,0
univ3-conc-c5,343,10000,261.0477309551081,-3284.0787790181575,3284.0787790181575,-3023.0310480630496,99343.43753298064,80040.8176286074,0.5538024362477788,4864,5073,710823.6494401494,1.2499794373711788,1.2499941440997206,224.99794373711788,0.0942557905416308,63.41902642153338,0
univ3-conc-c5,344,10000,224.39325051740974,-552.9921638300502,552.9921638300502,-328.5989133126405,117473.24361446139,171015.46312998765,0.40720222618115276,5073,3345,234173.6300237598,1.249984696208352,1.2499938432804376,224.9984696208352,0.060550373620174014,59.25613573620295,0
univ3-conc-c5,345,10000,144.83607056823516,-2734.948753346435,2734.948753346435,-2590.1126827781995,115164.88913133663,3097.8105694431038,0.9738056836409031,6262,8425,972666.6913526997,-0.7693198504747337,0.9999990164902559,23.06801495252663,19092.123180869614,139.56768586631839,0
univ3-conc-c5,346,10000,307.39771501137574,-2440.568801993476,2440.568801993476,-2133.1710869821004,228710.72263898584,23825.159557941526,0.905656339405413,11468,8178,896747.0434215753,0.26008232609596676,0.9999990611383889,126.00823260959667,7527.771811342731,90.28591474858376,0
univ3-conc-c5,347,10000,226.97806981210627,-559.9561349428609,559.9561349428609,-332.97806513075466,128904.17713624085,2450.930405004848,0.9813411868721187,7158,6204,345851.48526358535,-0.49107241794956435,0.5199814070052158,50.89275820504356,15445.546343929087,122.91590736336742,0
univ3-conc-c5,348,10000,204.9687698590034,-453.56394889310275,453.56394889310275,-248.59517903409935,141911.21838933125,6586.294959330577,0.9556471026968215,7976,5870,299070.7646141426,0.06528884091555583,0.5078711094394643,106.52888409155558,9355.52746854074,97.38786993123438,0
univ3-conc-c5,349,10000,59.86969779220294,-1374.0681322700957,1374.0681322700957,-1314.1984344778928,45139.797531694516,48303.69877020613,0.48307051125158257,2321,4419,486846.3221149849,-0.9999990763442024,0.9999990763442024,0.00009236557975800479,22499.92723712683,169.6359167203853,0
univ3-conc-c5,350,10000,113.40642609105318,-591.3322043035631,591.3322043035631,-477.92577821250995,57802.87837051399,186382.68911942496,0.23671701388697186,2672,2019,192216.00044359599,1.2499916542555227,1.249994093110645,224.99916542555226,0.01589890838277226,37.16394604801527,0
univ3-conc-c5,351,10000,161.0277505074539,-1127.306584333393,1127.306584333393,-966.278833825939,131036.14965800177,9450.711386642042,0.9327288593654405,6945,7565,587153.7790332647,-0.7971478229680806,0.8998036846910067,20.28521770319194,19483.382062790424,141.52990195223055,0
univ3-conc-c5,352,10000,565.6603212124446,-4573.979904466901,4573.979904466901,-4008.319583254456,267281.7841247882,27486.55793202176,0.9067520014522987,10961,8290,1088418.7196779978,0.781130371087016,1.2499941143276558,178.1130371087016,3244.1216038055586,75.13661845490097,0
univ3-conc-c5,353,10000,277.9271883254687,-1521.292602932221,1521.292602932221,-1243.3654146067522,197072.66858935173,22106.605601524254,0.8991391604743049,8342,7871,691302.0268666992,-0.8381724059815312,0.9327810492154442,16.182759401846884,20069.726626274405,144.46897762998216,0
univ3-conc-c5,354,10000,496.5629107766246,-861.7571511453244,861.7571511453244,-365.1942403686998,270064.3666202601,6279.644549587642,0.9772759882763372,11727,6683,423287.2874918126,0.24179281617956463,0.30219274949867836,124.17928161795646,7693.604568662781,91.15506987045693,0
univ3-conc-c5,355,10000,402.3521076060138,-3577.152752803769,3577.152752803769,-3174.8006451977553,131652.01539085092,103126.21288258806,0.5607505276746525,4650,5185,795719.2345304972,-0.9733864351430591,1.1865590730268898,2.6613564856940917,22086.857214013053,154.18981019057375,0
univ3-conc-c5,356,10000,215.9983400781772,-217.9543946397166,217.9543946397166,-1.9560545615394176,123714.56319329751,5051.9383261721105,0.9607666724920049,4852,1692,98751.84405527645,0.0561124062563988,0.10043006872662374,105.61124062563988,9445.103453756483,97.80831608080179,0
univ3-conc-c5,357,10000,228.8296391211597,-263.20710335738437,263.20710335738437,-34.37746423622468,109550.05099095448,1002.0373876845081,0.9909360609792142,4417,2760,129254.28031655072,0.04042239524056626,0.14682920068425787,104.04223952405663,9599.018059374906,98.8813785647594,0
univ3-conc-c5,358,10000,150.37538114677443,-2749.8428189856704,2749.8428189856704,-2599.467437838896,96674.13352413196,34573.570685350445,0.7365777108743318,5709,6873,827053.2228744623,-0.8398698385019949,0.9999990479959132,16.013016149800514,20094.236086460904,144.43542147189282,0
univ3-conc-c5,359,10000,364.0669275443015,-473.42251528607477,473.42251528607477,-109.35558774177326,191082.54304743462,6755.333555091043,0.9658541950050185,7423,4685,247201.91586293132,-0.14951424273212807,0.3394269602978565,85.04857572678719,11541.22930588841,106.20999279808248,0
univ3-conc-c5,360,10000,224.5506413014374,-251.9924930384754,251.9924930384754,-27.441851737038007,125399.37748082509,1178.4211947579934,0.990690143081266,5046,2651,130992.1856700348,0.08285540821768407,0.13735220189739777,108.28554082176841,9184.952254814598,96.80170645181772,0
univ3-conc-c5,361,10000,55.65976831954954,-307.3032819885919,307.3032819885919,-251.64351366904236,9751.529245637761,166110.1792332112,0.055449985843908624,517,504,65800.77450914026,1.2499935915385205,1.2499939580184587,224.99935915385205,0.0033829329102040284,35.89070504569022,0
univ3-conc-c5,362,10000,391.48750184278566,-450.4531751079106,450.4531751079106,-58.96567326512496,234740.49218307796,3785.5783148530327,0.9841292890670168,11680,4135,218145.86318098547,0.06670994166080803,0.19360666726279332,106.6709941660808,9341.684421817834,97.38404598995342,0
univ3-conc-c5,363,10000,306.16915264378764,-493.15659141876114,493.15659141876114,-186.9874387749735,162028.3053714593,5362.305252320854,0.9679653163798241,6606,5494,287934.6834935572,-0.12573401341336563,0.2205081976403045,87.42659865866344,11289.773805275323,105.30057743395567,0
univ3-conc-c5,364,10000,244.0462864545708,-2365.2435999210666,2365.2435999210666,-2121.197313466496,105177.21733117226,11617.588594066812,0.9005299208125463,4409,8065,789939.573325813,0.637387035746043,1.2499936671791416,163.7387035746043,4346.775073242485,78.58188494603716,0
univ3-conc-c5,365,10000,405.213271774456,-1178.6401631743202,1178.6401631743202,-773.4268913998642,224586.32770167687,13240.252917419108,0.9443281197461072,9215,7474,550809.8402011549,0.12309456082186429,0.4869495771491692,112.30945608218643,8798.631032013796,95.25272921915307,0
univ3-conc-c5,366,10000,200.64913449691775,-608.0559558099667,608.0559558099667,-407.4068213130489,158738.96020813164,5209.2321826386615,0.968226351833008,10791,6440,368841.87213441957,0.2924905231153258,0.4717451685771186,129.24905231153258,7236.738109095831,89.16800316112867,0
univ3-conc-c5,367,10000,253.8209115864404,-455.86565926369417,455.86565926369417,-202.04474767725378,156272.11197760075,3457.6773683678284,0.9783529585650512,7838,5623,286652.140107847,-0.053963703203237685,0.1934899798201303,94.60362967967623,10545.525294931085,102.15133618218331,0
univ3-conc-c5,368,10000,97.82376965484467,-3454.6598111325393,3454.6598111325393,-3356.836041477695,102124.36384924852,33147.55622502458,0.7549561194457474,8795,7301,933771.1003186894,1.249991723760452,1.2499936249385548,224.9991723760452,0.01582054113569953,46.64121858200154,0
univ3-conc-c5,369,10000,352.0430074533929,-3908.411470438975,3908.411470438975,-3556.368462985582,145452.99174159553,57791.35392188721,0.7156557849950033,7041,6499,975494.4189634429,-0.9999981404375443,0.9999990836840114,0.00018595624556786566,22499.913130572422,159.14475917761348,0
univ3-conc-c5,370,10000,333.7573623856998,-648.1467843813284,648.1467843813284,-314.3894219956286,179911.5301531854,4837.227364171466,0.9738172671406625,6870,6299,364818.99111594196,0.019506085165729558,0.28049591025570864,101.95060851657296,9805.697786246843,99.22440146244203,0
univ3-conc-c5,371,10000,221.2483110797687,-4761.147765073958,4761.147765073958,-4539.89945399419,116338.08443717494,30226.91603082011,0.7937644326114496,4768,7843,1138738.2942767942,1.249991503067551,1.2499940946981607,224.9991503067551,0.017120479598794702,58.151763025720285,0
univ3-conc-c5,372,10000,117.26752451074073,-4451.394113009137,4451.394113009137,-4334.126588498396,109227.23018095437,13207.99121020743,0.8921226174941121,7325,8501,1185263.3176504388,-0.38919536118950304,0.9999990308090183,61.080463881049695,14220.46538411582,117.61770074891827,0
univ3-conc-c5,373,10000,142.54469355419164,-1713.8772035867223,1713.8772035867223,-1571.3325100325308,92961.9560069159,2891.5913260515267,0.969833236155497,4797,8056,716856.4699594894,0.05494250787789781,0.5802631392423571,105.49425078778978,9456.547160579505,97.85218742429431,0
univ3-conc-c5,374,10000,117.13365076209848,-990.8857230151015,990.8857230151015,-873.752072253003,81514.70921700209,2236.8233218397413,0.9732921505549483,4496,7395,508305.3498307364,0.13378396379438912,0.7966803194630814,113.37839637943891,8697.023730340272,94.7746136680901,0
univ3-conc-c5,375,10000,570.6144675436547,-3969.8503720556623,3969.8503720556623,-3399.2359045120074,267337.4088848543,7496.277878292508,0.972724312050026,11176,8633,1073207.4015484848,-0.9995293888322351,1.249993129773624,0.04706111677649,22492.590317652262,155.8141834348393,0
univ3-conc-c5,376,10000,129.89538070385825,-1685.9263912725057,1685.9263912725057,-1556.0310105686474,53431.832552392065,145122.38832801406,0.26910449103257955,2363,2603,408263.90125267464,-0.9999989328228922,0.9999990532596585,0.00010671771077182956,22499.924856599522,217.7149092138442,0
univ3-conc-c5,377,10000,259.2586032056144,-742.2118866810982,742.2118866810982,-482.95328347548383,183108.9994892155,8882.52496057152,0.9537348068565671,9867,6803,418325.98524126335,1.079773939925914,1.1739343141611185,207.9773939925914,1119.9207831678168,67.52459434563514,0
univ3-conc-c5,378,10000,305.63048666749495,-3673.3728751359067,3673.3728751359067,-3367.7423884684117,183503.04357387498,17758.115623167047,0.9117658086934638,8208,8667,1068552.498514293,-0.12096818575291451,0.8021716340615416,87.90318142470855,11239.67437924561,104.99722800548626,0
univ3-conc-c5,379,10000,207.98764336698503,-1146.473078937303,1146.473078937303,-938.4854355703179,140424.44194890224,7979.3260674439825,0.9462323216310444,7374,7556,552050.2959124597,-0.1749856419950595,0.6309394895946323,82.50143580049405,11813.31686258127,107.09477794308499,0
univ3-conc-c5,380,10000,116.96424673546618,-3236.2944280112547,3236.2944280112547,-3119.3301812757886,77190.98046580973,34233.461654004095,0.6927652407073026,5150,6811,860349.0500652846,1.249989926424695,1.2499941650900086,224.9989926424695,0.027192927292542635,37.25852570816146,0
univ3-conc-c5,381,10000,156.94420805262286,-445.99104672029176,445.99104672029176,-289.0468386676689,108470.6767322364,2068.180161600441,0.9812900167441866,6478,5965,310062.69381687144,-0.019838909080635573,0.2229674989968906,98.01610909193644,10199.17998116653,100.82310097088454,0
univ3-conc-c5,382,10000,30.692071124322442,-2043.927057976253,2043.927057976253,-2013.2349868519307,23387.488636132184,46341.25697015214,0.3354067025411164,2017,3293,461884.2763319664,1.1347594382529138,1.2499940722399865,213.47594382529138,751.3621280632861,66.42757372228675,0
univ3-conc-c5,383,10000,211.2751801904026,-994.1639301525423,994.1639301525423,-782.8887499621397,110852.87883596576,9243.418775510607,0.9230332744693429,4508,7354,492832.91433030285,0.8439125831746562,1.1507375209759845,184.39125831746563,2779.5392525333446,73.20381602030669,0
univ3-conc-c5,384,10000,183.44501250633587,-1012.3688260012833,1012.3688260012833,-828.9238134949475,124816.5290007007,7622.958676930045,0.9424419498247759,6011,7375,516085.372160529,0.4397678695426896,0.5753330441922643,143.97678695426896,5957.837817447667,84.48340316634926,0
univ3-conc-c5,385,10000,92.86280748177434,-3603.1267103700015,3603.1267103700015,-3510.263902888227,56540.72172361674,8329.879486214766,0.8715923803562294,4135,8148,1061665.914490611,-0.11185039501498067,0.9999990710032779,88.81496049850193,11144.097646027716,104.61406622725117,0
univ3-conc-c5,386,10000,175.08665453168234,-284.9986965288626,284.9986965288626,-109.91204199718024,157020.01174986782,10405.095208365288,0.9378522409368326,9226,4571,210100.78117396627,0.16380583843013524,0.2135523118671064,116.38058384301353,8413.903654405502,93.76261887180742,0
univ3-conc-c5,387,10000,221.40438978481544,-3343.996142326788,3343.996142326788,-3122.5917525419723,176948.06957801865,18353.64877292456,0.9060241306226279,11107,8451,1043353.6168199319,-0.9278496801142695,0.9999989970391999,7.215031988573045,21392.578174814087,150.68622293412932,0
univ3-conc-c5,388,10000,359.809601927771,-5197.506867284045,5197.506867284045,-4837.697265356274,221795.71949647763,14159.405739683296,0.9399911075230447,9618,8624,1313653.9155035247,-0.07220617527337155,0.9999989281499821,92.77938247266285,10732.642738831342,102.91410981530791,0
univ3-conc-c5,389,10000,309.47632294401654,-900.5877980746891,900.5877980746891,-591.1114751306725,76079.88627055314,59463.59487498895,0.5612950591763324,2822,4350,324343.0116712588,1.2499916591820448,1.2499940650100965,224.99916591820448,0.015942726720647227,50.707941737509806,0
univ3-conc-c5,390,10000,214.27224635005894,-253.6247811496881,253.6247811496881,-39.352534799629154,171968.98894213303,2469.166948228431,0.9858450295141828,10167,3450,160028.27536727494,0.4422404578774015,0.4707210689186834,144.22404578774015,5936.957617139909,84.43827250739176,0
univ3-conc-c5,391,10000,183.68361720027204,-3427.714337975444,3427.714337975444,-3244.0307207751716,147429.39539832366,25384.367337269432,0.8531114250656774,8464,8056,1000394.5612798237,-0.9027905659774846,0.9999990069018284,9.720943402251539,21017.095101940115,148.86748956424333,0
univ3-conc-c5,392,10000,128.1967713963268,-1519.8759046420876,1519.8759046420876,-1391.6791332457608,91117.5505604246,2410.983832068474,0.9742219436268426,5116,7876,648522.8674164731,-0.259405889642142,0.8661795380262234,74.0594110357858,12736.00400309058,111.24275701570009,0
univ3-conc-c5,393,10000,228.60975099470892,-1318.0476430210056,1318.0476430210056,-1089.4378920262966,135787.99399732114,108077.70494983796,0.5568146507834368,6072,4710,460471.9304791961,1.2499902344361462,1.2499939766908092,224.99902344361462,0.025177474682891443,59.912073026557394,0
univ3-conc-c5,394,10000,495.55566580126344,-1022.7313299682636,1022.7313299682636,-527.1756641670001,241864.07177712725,8409.998673362259,0.9663968438351429,9717,7102,464462.0467119091,0.3306228325695184,0.8996605049133842,133.06228325695184,6898.831979999151,88.08142200921634,0
univ3-conc-c5,395,10000,113.92922778909467,-3683.70899915582,3683.70899915582,-3569.7797713667255,80558.3853692996,3006.4191799379123,0.9640229017927459,4543,8585,1021805.1524173805,-0.9859764461816717,1.249994102456955,1.4023553818328292,22281.591681354614,155.1184015835788,0
univ3-conc-c5,396,10000,334.13896000628864,-340.61344135577883,340.61344135577883,-6.4744813494901905,174432.9659305378,6497.484671380435,0.9640884956083144,6686,2356,141729.33194458447,-0.08377018850275121,0.12311047763132947,91.62298114972488,10851.97611705346,103.43715369072217,0
univ3-conc-c5,397,10000,221.3024625993518,-2397.332825823237,2397.332825823237,-2176.030363223885,151872.64665065115,15564.804155902753,0.9070410826196506,7991,8362,836332.1308662092,0.608606624439629,0.915859931832912,160.8606624439629,4574.340510271706,79.41108286165839,0
univ3-conc-c5,398,10000,59.80520323360285,-2063.837570100565,2063.837570100565,-2004.0323668669619,39849.92811831772,77790.3793202252,0.3387438284206791,1919,3091,500748.3054305053,-0.9999990044824493,0.9999990684972275,0.0000995517550653857,22499.92598279039,198.38121121080906,0
univ3-conc-c5,399,10000,77.72905300049602,-100.90868291960894,100.90868291960894,-23.179629919112912,82296.56881775097,1614.4392870219294,0.9807601014040243,6661,2202,85227.06909408398,0.10925674769543846,0.13856688512211618,110.92567476954385,8930.796058262837,95.64050066528185,0
univ3-conc-c5,400,10000,332.20801899068266,-1824.859281897453,1824.859281897453,-1492.6512629067704,183161.63238942865,3911.2531777644945,0.9790923566186204,7326,7989,731138.8095649962,-0.11513204486071615,0.6352015204876147,88.48679551392839,11178.456324188106,104.7825873962232,0
univ3-conc-c5,401,10000,81.23365515267521,-432.2376698820321,432.2376698820321,-351.00401472935687,63538.7136396788,2581.029564651402,0.9609643135383145,4005,6178,318027.4695439942,0.49284388870713824,0.5284301687261089,149.28438887071383,5513.756747442561,82.87062419917793,0
univ3-conc-c5,402,10000,472.93264080003723,-476.8356596363907,476.8356596363907,-3.9030188363534535,250328.26306899308,1971.0832446382108,0.9921875213969522,10255,2921,186210.57251535216,0.008041831840973544,0.08299934061152939,100.80418318409735,9919.711458167998,99.80422989275071,0
univ3-conc-c5,403,10000,229.37143723169885,-2450.6353732364123,2450.6353732364123,-2221.2639360047133,178305.35507936619,11593.086871239253,0.9389511217040173,9798,8406,844191.1348415684,0.6070858188162924,0.7387072632558471,160.70858188162924,4586.430499713697,79.5186281759675,0
univ3-conc-c5,404,10000,214.69736834411935,-1651.0377726417098,1651.0377726417098,-1436.3404042975903,142333.30836899552,15343.082485174411,0.902692581926455,5899,8032,710156.9107774933,-0.443786096649668,0.7615652637217483,55.6213903350332,14870.111086200104,120.4283501745212,0
univ3-conc-c5,405,10000,49.863924488205406,-5664.974974375606,5664.974974375606,-5615.1110498874,47091.558811970666,10094.525251948822,0.8234793408713611,4018,8467,1274532.7219696464,0.9730812814231103,1.2499941306047015,197.30812814231103,1854.4201138075093,70.0721854917118,0
univ3-conc-c5,406,10000,164.36171865806645,-2013.8293759236983,2013.8293759236983,-1849.467657265632,138983.3561169589,3634.5388184370368,0.974515548556628,9357,8230,768896.3511916718,-0.3456385443192323,0.7363650899410953,65.43614556807677,13713.056640240911,115.35967467289188,0
univ3-conc-c5,407,10000,121.885074222635,-908.462173672586,908.462173672586,-786.577099449951,81697.23290358669,2565.4130050820595,0.9695545638590239,5121,7343,505675.1298663077,-0.11810379773980059,0.37855274044319875,88.18962022601994,11209.609965475964,104.9332958814478,0
univ3-conc-c5,408,10000,135.5498017973554,-1014.0246740053019,1014.0246740053019,-878.4748722079465,51416.69409538115,93605.05225784183,0.3545447175222108,3058,3270,310319.36109795095,0.9687183821821764,1.249993980004083,196.87183821821765,1885.0140479768697,70.17455432988118,0
univ3-conc-c5,409,10000,122.21037203243912,-2140.8534475417164,2140.8534475417164,-2018.6430755092772,71039.27910957909,99158.53991235598,0.4173924173518555,2888,4220,594917.2865541427,-0.4266828949797674,0.9999990840492669,57.331710502023256,14664.909227332731,119.38920600185742,0
univ3-conc-c5,410,10000,222.69865697145872,-3115.4870777850947,3115.4870777850947,-2892.788420813636,102078.34894001846,34532.58954342833,0.7472194399161335,4009,7314,861876.7075924317,1.249993488548801,1.249993488548801,224.9993488548801,0.004369610094198187,38.63694140995803,0
univ3-conc-c5,411,10000,187.07843661489017,-5146.550530412549,5146.550530412549,-4959.472093797659,117681.78925594594,12441.058745043787,0.9043898981910605,5870,8836,1307452.630744335,-0.3386128478342414,0.9896277222857968,66.13871521657586,13632.099762188613,115.05567820961065,0
univ3-conc-c5,412,10000,80.4942662775556,-2789.680829021434,2789.680829021434,-2709.1865627438783,84935.73289020557,37760.841510310354,0.6922420882994792,6789,6389,833560.621017008,-0.9171967315806009,0.9999990160583683,8.280326841939907,21232.39195150518,149.97496318984773,0
univ3-conc-c5,413,10000,222.4520970786747,-1619.8419069042786,1619.8419069042786,-1397.3898098256038,158967.83203924447,15192.825063027141,0.9127654585380581,8416,7949,663330.6661831598,-0.25675146056770987,1.2079834719566063,74.32485394322902,12706.491992979712,111.05521381129603,0
univ3-conc-c5,414,10000,424.41377136392697,-1428.1415646114122,1428.1415646114122,-1003.7277932474851,249548.3046630874,18453.941887138102,0.9311425850914288,11597,7755,606365.9812417596,0.9205144968184038,0.9684234841847382,192.05144968184038,2226.0378518677253,70.54611788601315,0
univ3-conc-c5,415,10000,216.87938359482217,-276.46720183619186,276.46720183619186,-59.58781824136969,136467.51854407985,4945.342066628489,0.9650290500788158,5784,3544,167900.31907391845,-0.0452248991820241,0.20627024506673167,95.47751008179759,10456.377287628908,101.89334590755318,0
univ3-conc-c5,416,10000,93.50519110939449,-585.4399149046656,585.4399149046656,-491.93472379527105,89877.03115131934,2178.8776633145703,0.9763309309378281,6274,6687,397781.9334594215,-0.2658326218608808,0.5106074605165017,73.41673781391192,12807.594088736229,111.54540870840175,0
univ3-conc-c5,417,10000,216.23813117618127,-559.327835921585,559.327835921585,-343.08970474540376,146449.59016504558,12611.121958551803,0.9207150415072177,7223,6294,355902.8339332991,-0.1680170814344018,0.2730343530639914,83.19829185655982,11738.593055012527,107.07520351566187,0
univ3-conc-c5,418,10000,130.00910255011044,-1752.7572568000387,1752.7572568000387,-1622.7481542499283,91883.70167758665,9260.686319398865,0.9084409278379847,5052,7398,719335.8538906759,-0.9699680709866964,0.9999990559024725,3.0031929013303666,22034.194357188233,154.00157860553227,0
univ3-conc-c5,419,10000,143.33131776141573,-523.7828215319331,523.7828215319331,-380.4515037705174,119254.39038836454,5020.666652212825,0.9596003673482644,7698,6410,359299.14374244696,-0.09090177741312815,0.3154713953144477,90.90982225868719,10925.850445408141,103.70456875739303,0
univ3-conc-c5,420,10000,82.23679473020145,-1863.5872046896934,1863.5872046896934,-1781.350409959492,55480.4178854748,102221.19940166379,0.3518062708542655,3835,3402,439488.2898725308,1.1718534471431017,1.2499938711818341,217.18534471431016,506.4368598775545,65.58705845503661,0
univ3-conc-c5,421,10000,90.21182084616103,-2878.9314123261665,2878.9314123261665,-2788.7195914800054,70376.18838820886,5422.932377388265,0.9284565266375812,4130,8476,948981.5157746987,-0.31364715491088674,0.7841714761827738,68.63528450891133,13346.385090572758,113.96973346125885,0
univ3-conc-c5,422,10000,82.91911247446953,-2121.655580727887,2121.655580727887,-2038.7364682534173,69011.05848540783,9768.024085015193,0.8760073896991215,4753,8132,807536.3289797329,-0.8229688497833166,0.9999990007337485,17.703115021668342,19851.08611942308,143.2724004731088,0
univ3-conc-c5,423,10000,77.49452939125342,-759.4104330614464,759.4104330614464,-681.915903670193,60846.46461878973,3690.2325744807126,0.9428196245706619,4471,6987,458803.794407125,-0.6020017509737929,0.7028823940442627,39.799824902620706,16844.025706185883,129.30019002215653,0
univ3-conc-c5,424,10000,164.8026743889027,-1438.4626599026783,1438.4626599026783,-1273.6599855137756,97213.27604385058,26823.06949234664,0.7837483088009963,5419,6580,552915.8375305713,1.2044170606496891,1.2499941701108588,220.4417060649689,293.83902359887065,64.94421331010906,0
univ3-conc-c5,425,10000,201.64123008595072,-3457.0672495501726,3457.0672495501726,-3255.426019464222,116732.05541739825,22464.156208514934,0.8386151753261298,4983,7630,981493.2066595132,-0.3896011869559365,0.9999990544692662,61.03988130440635,14225.237886385128,118.38385301113112,0
univ3-conc-c5,426,10000,234.30511866433147,-301.4695503216285,301.4695503216285,-67.16443165729703,166088.75968869886,3158.168544216955,0.9813398767280981,9670,4003,185310.93068542585,0.11863528797546508,0.2662164560840157,111.86352879754651,8841.143509664465,95.29531009585322,0
univ3-conc-c5,427,10000,173.99213819630359,-4300.827173191058,4300.827173191058,-4126.835034994754,118610.2603892859,15228.189853809234,0.8862196190545409,6797,8017,1040275.2339588595,0.7035196968074411,1.2499941079116388,170.3519696807441,3832.569156663461,76.86609659728674,0
univ3-conc-c5,428,10000,96.43385983415608,-829.3024559874032,829.3024559874032,-732.868596153247,98148.3783293672,58617.75169869951,0.6260815286554254,6716,5165,417906.4238760805,-0.9999990357358998,0.9999990465717559,0.00009642641001767656,22499.92699595543,194.90843545565022,0
univ3-conc-c5,429,10000,505.4001624941276,-1201.7686989843205,1201.7686989843205,-696.3685364901929,277510.73115236615,3023.5019792114094,0.9892223421524698,10621,7378,566897.2599195347,-0.6453530600829993,0.8296295482536358,35.46469399170007,17409.915987457818,131.93445052589976,0
univ3-conc-c5,430,10000,205.27707542870476,-2295.9840875360046,2295.9840875360046,-2090.7070121072998,148545.2459750984,15876.505409715803,0.903440358249449,8389,8269,838547.8298799385,0.34721466268284273,0.6931635145388055,134.72146626828427,6753.309596391681,87.42609396551642,0
univ3-conc-c5,431,10000,251.11363844628644,-283.88540311268594,283.88540311268594,-32.77176466639949,188437.8634288461,1413.6948777396804,0.9925536830440088,10602,3340,165750.904266202,-0.3507110035975285,0.3770548176591366,64.92889964024715,13771.658192275661,115.61020348028701,0
univ3-conc-c5,432,10000,242.16946912744956,-1540.142216031188,1540.142216031188,-1297.9727469037384,34169.88316819164,87395.06675785835,0.28108334835804033,1826,2844,343318.1896563414,1.2499926753277575,1.2499941261984215,224.99926753277575,0.00936266182618306,55.8637384565773,0
univ3-conc-c5,433,10000,89.52500648673751,-1320.069092803639,1320.069092803639,-1230.5440863169015,49630.73618784757,145754.62087760025,0.25401461467362096,2306,2604,325977.5580558446,1.2499871990054803,1.2499871990054803,224.99871990054802,0.04442024572295866,29.59092273044651,0
univ3-conc-c5,434,10000,130.10381736793988,-1546.408297306502,1546.408297306502,-1416.304479938562,100648.72141449386,2696.337028540501,0.9739093763246864,6806,7944,636562.9099517023,0.7718190980705777,1.249993987027315,177.18190980705776,3313.884541198216,75.05302836475634,0
univ3-conc-c5,435,10000,402.89026499429735,-599.4598147304976,599.4598147304976,-196.5695497362002,256945.5531316488,9904.577380754728,0.9628833706705106,10920,5739,336227.2205157205,-0.6774434279651063,0.6929918739296387,32.25565720348938,17836.120953148842,133.83458281712393,0
univ3-conc-c5,436,10000,190.05612840954507,-441.6880642112045,441.6880642112045,-251.63193580165944,137967.87563032727,7617.867079723248,0.9476743605663706,8504,5815,291758.64994677994,0.20044313130043748,0.6278377523078646,120.04431313004375,8072.825677484545,92.19011207615675,0
univ3-conc-c5,437,10000,157.90925964297492,-430.35158768299215,430.35158768299215,-272.44232804001723,105166.08647905668,15814.977421458785,0.8692772495829292,5700,5453,272514.60172769293,1.2499926728206765,1.2499941139544557,224.99926728206765,0.009579789357809787,59.333780437215594,0
univ3-conc-c5,438,10000,85.16501929514553,-4095.121163785745,4095.121163785745,-4009.9561444905994,80362.59181893054,8560.093739870079,0.9037355463785485,5298,8773,1156523.257243222,-0.08349072813397214,0.8325105451583653,91.65092718660279,10849.085879234273,103.42552155893274,0
univ3-conc-c5,439,10000,382.43627986661306,-3849.413454959204,3849.413454959204,-3466.977175092591,199942.43557808994,83706.65413055113,0.7048936267818345,8531,6794,955566.4073519859,1.1997546297042903,1.2499940357587618,219.97546297042902,324.1417459538545,65.04314524380018,0
univ3-conc-c5,440,10000,109.52671257888105,-1922.9390655966859,1922.9390655966859,-1813.412353017805,119817.37496174828,7811.756768086999,0.9387933094724574,10455,8195,788071.006017335,-0.3233312070206081,0.972016745846491,67.66687929793919,13456.850360279825,114.23074103393479,0
univ3-conc-c5,441,10000,54.5355628161413,-946.532557292542,946.532557292542,-891.9969944764007,57386.485387146946,6588.183889023859,0.8970188675679827,4527,7408,500065.8464003022,1.0858204401841522,1.119923656625198,208.58204401841522,1079.066074666596,67.50017776197232,0
univ3-conc-c5,442,10000,577.9324874931592,-1975.3953760322966,1975.3953760322966,-1397.4628885391373,137898.80023696678,132401.23240826692,0.5101693806228936,5182,4327,469553.890365332,1.2499938666638246,1.2499941098556613,224.99938666638246,0.0018956687276401318,49.24764939711783,0
univ3-conc-c5,443,10000,373.55742248088416,-508.19968613117527,508.19968613117527,-134.6422636502911,217816.53097495556,6882.583880666873,0.9693697775129679,9285,5226,275337.39748489985,0.14644293912729667,0.40136269850635925,114.64429391272967,8577.241115052411,94.36663547381654,0
univ3-conc-c5,444,10000,401.08752920410893,-2369.3208551911757,2369.3208551911757,-1968.2333259870668,225418.77475885215,8814.83275750046,0.9623673440759987,11342,8349,815123.9380226106,0.47633949169821305,1.2499929897592892,147.6339491698213,5650.92536624061,83.27319595062855,0
univ3-conc-c5,445,10000,62.932551158476926,-1158.6522684321715,1158.6522684321715,-1095.7197172736946,76807.91628004404,4973.157429952736,0.9391893844829182,6159,7635,580991.4962329426,-0.2313782175492615,0.6232004162162121,76.86217824507385,12426.047683796314,109.9092269867585,0
univ3-conc-c5,446,10000,121.46603508343713,-3549.5095736288554,3549.5095736288554,-3428.0435385454184,82407.9657218305,43905.47009023949,0.652408551727131,3505,6397,949614.6087782548,-0.43185748822797676,0.9999990842702573,56.81425117720232,14726.831220438271,119.80019033788815,0
univ3-conc-c5,447,10000,156.28956130908543,-899.4707305327582,899.4707305327582,-743.1811692236728,126982.59673600654,10778.1885118913,0.9217615630420793,8352,7215,491256.1474445376,0.07044424929285185,0.4031991247896318,107.04442492928519,9305.34496224741,97.24092416885661,0
univ3-conc-c5,448,10000,292.4100236382171,-3585.58206572807,3585.58206572807,-3293.1720420898528,143910.58717256915,35253.91600235325,0.803231581157937,7965,7350,918061.00087329,0.6383965902748904,1.2499940342633522,163.83965902748903,4338.83486840672,78.63750169079104,0
univ3-conc-c5,449,10000,160.62048383764866,-767.3730246122379,767.3730246122379,-606.7525407745893,121744.42109499301,29308.588437604187,0.805971502796974,9139,6346,393051.4039175125,1.2499931698147209,1.2499941567005666,224.99931698147208,0.006539934398059444,55.34013984938232,0
univ3-conc-c5,450,10000,128.1942835050091,-711.2577924545886,711.2577924545886,-583.0635089495795,139557.14446813997,10866.616676928767,0.9277599722662898,11123,6916,433956.24164235574,-0.011622327035925367,0.3850827258572651,98.83776729640746,10116.494945998782,100.43729998502583,0
univ3-conc-c5,451,10000,121.89787196151542,-744.0219687755084,744.0219687755084,-622.124096813993,99238.13621933004,8865.91359203832,0.9179872205758385,5275,7027,453014.8534316388,-0.34957552770616773,0.5613929841375433,65.04244722938323,13758.528911656904,115.67576703159847,0
univ3-conc-c5,452,10000,182.77634197994294,-2493.610295814663,2493.610295814663,-2310.83395383472,130792.09982294874,15078.661632352045,0.8966299930025895,8177,8270,818290.6103135692,1.1143445044959888,1.24999386465552,211.43445044959887,887.4265928340302,66.93526093106411,0
univ3-conc-c5,453,10000,412.79824181979666,-1927.0605938330118,1927.0605938330118,-1514.2623520132151,204241.4374885349,34697.40599284922,0.8547854108302299,9058,7276,662391.9358005021,0.9920699188604698,1.2499940236285203,199.20699188604698,1721.7843124155254,69.62910628954926,0
univ3-conc-c5,454,10000,36.319698961957336,-3075.901319486865,3075.901319486865,-3039.5816205249075,34586.64450414705,29577.975036099022,0.5390298384369476,3095,5144,717934.1849005293,1.2499851804141384,1.2499941190591033,224.99851804141383,0.057445523730072556,48.609308582368236,0
univ3-conc-c5,455,10000,320.4505036768359,-2263.632487960852,2263.632487960852,-1943.181984284016,139951.11548982325,22686.955616133542,0.8605064886600059,6839,8164,758231.780922795,1.0388189966779016,1.2499940368721274,203.88189966779015,1398.7958522580484,68.55504131725361,0
univ3-conc-c5,456,10000,235.37588391115275,-244.74501491141808,244.74501491141808,-9.369131000265327,128959.96806121831,2378.8524425911332,0.98188766707767,5219,2076,114059.42591003221,-0.13835773673662544,0.1819341102620443,86.16422632633746,11422.952282227001,105.73620594054768,0
univ3-conc-c5,457,10000,474.2653577534044,-898.6816762590048,898.6816762590048,-424.41631850560043,284676.68355992157,15235.147508208864,0.9492012453995257,11842,6828,450425.1201325394,0.4202625521629798,0.48083888763219135,142.02625521629798,6123.222109431707,85.0943379522687,0
univ3-conc-c5,458,10000,143.5781149702208,-2359.4508858049994,2359.4508858049994,-2215.8727708347787,131043.4673124081,29270.437216888196,0.8174179756719778,9687,7665,793841.8763300312,1.2499917618074443,1.2499927266375448,224.99917618074443,0.015612487724496305,58.4527547431518,0
univ3-conc-c5,459,10000,76.85482060949704,-1715.9459831784436,1715.9459831784436,-1639.0911625689466,47564.55949925093,51609.67111183319,0.4796060348154082,2370,4598,494893.3543020345,1.2499927629311836,1.2499936223872172,224.99927629311836,0.008873265512271189,54.759180549935586,0
univ3-conc-c5,460,10000,184.7629668882616,-2339.0443102493164,2339.0443102493164,-2154.281343361055,141727.9899459114,9920.686797392453,0.9345811186062295,9130,8350,835979.536847676,0.5766408217108051,0.9012877770541405,157.6640821710805,4829.845728634927,80.3890781604229,0
univ3-conc-c5,461,10000,90.91784560178512,-127.13570041455405,127.13570041455405,-36.217854812768934,91069.78683357486,2237.421259686039,0.9760209172966602,6701,2726,109454.93825379429,-0.16622996189018124,0.19356150568687325,83.37700381098188,11719.464310292567,107.07658468719652,0
univ3-conc-c5,462,10000,518.1887777697569,-574.6216688063395,574.6216688063395,-56.43289103658253,274147.1364594082,4510.105795789293,0.9838148624478998,11566,4269,245765.01827797806,-0.10107364162337945,0.21076578069227622,89.89263583766206,11031.59013158176,104.15971191181474,0
univ3-conc-c5,463,10000,77.97882759029565,-97.48246499663256,97.48246499663256,-19.503637406336907,82154.06079278838,612.9794727017467,0.9925939181740038,6541,2005,79596.91635055329,0.011356482008408194,0.06480449145261133,101.13564820084082,9886.69294298514,99.54678831296937,0
univ3-conc-c5,464,10000,120.00958873743825,-393.7404109798587,393.7404109798587,-273.73082224242046,114356.43863474161,4461.999288639495,0.9624469117199069,8363,5837,289604.07361127215,0.10658587130488244,0.43154043202400316,110.65858713048824,8956.388395715114,95.88776045030315,0
univ3-conc-c5,465,10000,313.1061024492646,-1683.9113438922984,1683.9113438922984,-1370.8052414430338,170823.68687633835,15034.154901718799,0.9191093861959728,7030,7985,711967.8311547512,0.059754125060535304,0.7862553041373062,105.97541250605353,9409.51611702005,97.65309966561432,0
univ3-conc-c5,466,10000,262.02912966711307,-880.6000741792967,880.6000741792967,-618.5709445121836,125038.95514828358,6942.569081791388,0.9473974170074831,5401,7060,451513.830407194,0.7720308641123688,1.0221530743884661,177.20308641123688,3312.295324868059,75.03875251009258,0
univ3-conc-c5,467,10000,108.61391263608193,-112.83056991037888,112.83056991037888,-4.216657274296949,78646.24178930359,668.6973602888738,0.9915690868900792,4283,1323,63183.95434368716,-0.04253573470554897,0.10224637684507613,95.7464265294451,10429.007181847437,101.77994543370228,0
univ3-conc-c5,468,10000,201.46375206907473,-279.867333594024,279.867333594024,-78.40358152494926,114286.23676908726,1057.9071195049012,0.9908282546140642,5524,3820,173040.09334788393,-0.09542622940230103,0.23493618733678986,90.4573770597699,10972.829078927081,103.89632848176089,0
univ3-conc-c5,469,10000,88.75824157542127,-2076.2706647389045,2076.2706647389045,-1987.5124231634832,76022.09468859379,7398.0033113712625,0.9113162956081117,5851,8241,779688.5119410098,0.23482601524261185,0.5161308377578396,123.48260152426118,7757.07782340996,91.26349732777008,0
univ3-conc-c5,470,10000,103.80161036182827,-1520.3095538120015,1520.3095538120015,-1416.5079434501731,94302.02457098161,5946.985747986266,0.9406778607682569,6793,7928,688049.4782151928,-0.6634777729556623,0.7491276621897148,33.65222270443377,17649.86214558349,132.9398925875566,0
univ3-conc-c5,471,10000,70.20652445984987,-2509.771258790523,2509.771258790523,-2439.564734330673,53460.00263811222,33492.87269157887,0.6148158118453578,4341,5894,667197.1939477875,1.179436186013098,1.2499940174619193,217.9436186013098,456.7314165900949,65.47061976477148,0
univ3-conc-c5,472,10000,407.4253890305686,-2205.7255253138705,2205.7255253138705,-1798.300136283302,113226.43473346198,46744.31553578715,0.7077946095951222,5317,5998,606380.7113948684,0.6079755673157163,1.2499941114855773,160.79755673157163,4579.356214512231,79.49324905523362,0
univ3-conc-c5,473,10000,314.4341976289354,-2027.7923868733512,2027.7923868733512,-1713.3581892444158,196511.01099655163,20411.142772676703,0.9059056789820047,9680,7911,733381.0389574167,1.2499907266387473,1.249994171660937,224.99907266387473,0.022249510229002567,57.854180223578204,0
univ3-conc-c5,474,10000,562.559949258485,-1177.0275433051204,1177.0275433051204,-614.4675940466354,296168.44297057454,4791.752943069594,0.9840784495487086,11114,7345,538358.2124699791,-0.3636368454401698,0.5280812252803395,63.63631545598302,13921.569485226122,116.09748451979789,0
univ3-conc-c5,475,10000,110.03321071121044,-1465.028125142061,1465.028125142061,-1354.9949144308507,37064.05272248693,79027.82842838764,0.31926481296584375,2302,2777,360302.0966573642,1.249988870425488,1.2499939137813245,224.9988870425488,0.033725694643932116,49.48173493297955,0
univ3-conc-c5,476,10000,285.26233062716426,-1523.7657485902762,1523.7657485902762,-1238.503417963112,215947.07154378228,8425.028971117104,0.9624506391312335,11457,7884,667993.0494583605,-0.20011867152052631,0.5954452026410224,79.98813284794737,12084.620432908967,108.59601315210521,0
univ3-conc-c5,477,10000,157.17534111108122,-1047.1626220710223,1047.1626220710223,-889.987280959941,138661.2970377434,11607.482339853674,0.9227551964690798,8658,7531,553782.290235047,-0.2195635080186993,0.5112308465993766,78.04364919813007,12296.478582399568,109.38881867964473,0
univ3-conc-c5,478,10000,54.93549752397355,-783.9166619866376,783.9166619866376,-728.981164462664,35452.95264757013,57290.0384652168,0.38227096433039304,1819,3345,294524.0540907921,1.2499937394571239,1.2499941363119895,224.9993739457124,0.0025683378278458235,50.407565765424664,0
univ3-conc-c5,479,10000,166.23706069791533,-2763.7883002773374,2763.7883002773374,-2597.551239579422,114895.90445224257,7347.5207216126555,0.939894348418633,8401,8316,843325.7910799737,0.8713614579161495,1.2499940348301286,187.13614579161495,2579.541996429937,72.52114921339496,0
univ3-conc-c5,480,10000,258.2376557454144,-404.29436076486877,404.29436076486877,-146.0567050194544,197695.74594616526,7511.46758272485,0.9633956942665305,10211,5184,264184.9249078926,-0.043860532670726544,0.22676192169127787,95.61394673292735,10442.487553967952,101.69001240386267,0
univ3-conc-c5,481,10000,143.04507124599044,-1063.3593212733929,1063.3593212733929,-920.3142500274024,149545.2622024421,28872.87137095379,0.8381729996123047,10251,6857,553720.2371875958,-0.8674454101688002,0.9999990317667931,13.255458983119977,20495.22835574386,146.35858597611372,0
univ3-conc-c5,482,10000,245.09405494321567,-3907.1263832488885,3907.1263832488885,-3662.0323283056728,173213.36889406657,19078.82787158046,0.9007821004050806,8917,8606,1139014.9022055063,-0.9999984081475688,0.9999990190077197,0.00015918524312631688,22499.9176219846,159.33411335403972,0
univ3-conc-c5,483,10000,237.10800576487316,-2233.950713011102,2233.950713011102,-1996.8427072462287,84662.4908537296,6832.726328949671,0.9253214917747289,4012,8264,790931.4712749321,0.20573412804245478,1.223237845788369,120.57341280424548,8023.965319005533,92.25154665532128,0
univ3-conc-c5,484,10000,122.60495997963785,-3637.310588668201,3637.310588668201,-3514.705628688563,111098.45976322294,47017.94497122387,0.7026371485603311,9076,7018,883538.0559001827,-0.19408581600866343,1.2499941255728282,80.59141839913366,12019.238639073501,108.23916588867387,0
univ3-conc-c5,485,10000,197.69640235571285,-945.3148663718277,945.3148663718277,-747.6184640161149,143663.50336478584,10964.550374059298,0.929090807851869,7392,7331,525335.5659433794,-0.4280231255008382,0.7620380976354891,57.19768744991618,14680.934097642777,119.5297720697439,0
univ3-conc-c5,486,10000,209.2562100609755,-659.207924090213,659.207924090213,-449.95171402923756,106010.45753371986,1251.187406171436,0.9883351834957166,4603,6632,374152.30973795254,0.6677979359548317,0.884275522159204,166.77979359548317,4108.8287081942235,77.7629685280421,0
univ3-conc-c5,487,10000,118.00367580141915,-2714.344981562476,2714.344981562476,-2596.341305761057,64118.402529826446,60000.28001540727,0.5165894546653699,2478,4823,713177.3396239512,-0.9999990812963939,0.9999990812963939,0.00009187036060581481,22499.927351999988,172.84417558901163,0
univ3-conc-c5,488,10000,197.30391918591715,-2225.5313085856533,2225.5313085856533,-2028.2273893997362,152411.4287072668,12459.332629239278,0.9244297016145306,7925,8283,846280.767751724,-0.4856124177808824,0.9168975410543027,51.43875822191176,15378.487264144573,122.67048292464139,0
univ3-conc-c5,489,10000,385.6408141135603,-577.9942350317597,577.9942350317597,-192.3534209181994,192620.62454068856,1881.3734019962128,0.9903272283992136,6861,5587,312472.81774123583,-0.4214053522062333,0.5948977146576354,57.859464779376665,14601.899928271805,119.25194359041714,0
univ3-conc-c5,490,10000,189.35650290545047,-425.17180395946235,425.17180395946235,-235.81530105401188,124755.31636807133,2281.6881532042435,0.982039184867413,6659,5659,288356.2085397757,0.0667218811463637,0.19957050364798348,106.67218811463637,9341.567980556916,97.31936629640732,0
univ3-conc-c5,491,10000,501.49512314035087,-622.9387384720757,622.9387384720757,-121.4436153317248,263223.6694675771,14464.133077270671,0.9479122491347647,11042,5304,294407.66537233687,0.5980841852783055,0.6390080350402206,159.80841852783055,4658.125024095851,79.77451593859573,0
univ3-conc-c5,492,10000,160.92340664957408,-578.2627046401215,578.2627046401215,-417.3392979905474,117833.52222930944,2391.532037900753,0.9801078730845455,5972,6493,379793.57332378614,-0.46696825866325126,0.6893860528705291,53.30317413367487,15150.718612647002,121.66367939265241,0
univ3-conc-c5,493,10000,100.30546271109895,-1356.7407350781114,1356.7407350781114,-1256.4352723670124,61953.822020134816,112398.39088870429,0.3553371705842797,3596,3104,357752.8969550049,1.2499850174177076,1.249994042181086,224.99850174177075,0.05843892334971201,40.56523644849904,0
univ3-conc-c5,494,10000,93.17584512036271,-1745.9718800350918,1745.9718800350918,-1652.796034914729,80280.20083822982,18202.66848634712,0.815169190223781,6917,7240,662632.2208776332,1.24999400858894,1.2499940499659394,224.999400858894,0.0011293127973224931,62.51250639959682,0
univ3-conc-c5,495,10000,257.03799285952334,-1094.5947549274997,1094.5947549274997,-837.5567620679764,148361.23050691304,5071.118268880197,0.9669488324376074,8045,7501,526311.3294241792,0.1747066200385717,0.594557985841781,117.47066200385717,8311.917273708448,93.3622555485158,0
univ3-conc-c5,496,10000,195.93681022075896,-1487.4048814429427,1487.4048814429427,-1291.4680712221839,117949.6270428544,32240.680403841732,0.7853344802873898,6331,7026,566591.0659772555,1.2499913999410053,1.2499940222683656,224.99913999410052,0.017803787036822172,63.81967609577817,0
univ3-conc-c5,497,10000,164.08155716539298,-1675.1286638768324,1675.1286638768324,-1511.0471067114395,120649.43701296214,21974.37750465767,0.8459277114486168,6969,7234,683805.8109866735,-0.8248759901897135,0.9999989887044652,17.512400981028648,19878.425191112805,142.06103934942544,0
univ3-conc-c5,498,10000,109.6126694692764,-235.79302150763675,235.79302150763675,-126.18035203836035,126863.82190837889,5440.8092382849945,0.9588766531365506,10626,4578,201854.893172184,0.12065783379943085,0.1711532686501218,112.06578337994308,8821.852400056456,95.30359048196318,0
univ3-conc-c5,499,10000,77.46165099247813,-181.22867322444569,181.22867322444569,-103.76702223196756,83209.67697436379,3002.7261229629785,0.9651706017337999,6438,4111,166883.99036838496,0.3475331142729823,0.37151403684037976,134.75331142729823,6750.525103811488,87.47165406845828,0
univ3-conc-c5,500,10000,354.8942609025432,-639.1242512494034,639.1242512494034,-284.22999034686023,192621.50784634458,8778.2186853926,0.9564139493307141,7322,6215,355156.5712432533,-0.20378446156935057,0.4033780108600443,79.62155384306494,12124.428790764176,108.87813137566569,0
univ3-conc-c5,501,10000,329.287483534094,-851.5229031102511,851.5229031102511,-522.2354195761571,144567.82259045565,9141.884768959477,0.9405250004960112,5408,6896,441873.40307171625,0.0030748399029269535,0.30897424949492075,100.3074839902927,9969.2710937229,99.87699805983084,0
univ3-conc-c5,502,10000,182.05025970979625,-1763.1072054878819,1763.1072054878819,-1581.0569457780857,107853.82626217775,81624.09830972909,0.5692157886247442,5543,5279,539911.8562665029,0.7422615522454499,1.2499939767755124,174.22615522454498,3536.838182061504,75.81893143355069,0
univ3-conc-c5,503,10000,129.32896160840454,-1062.7508759815903,1062.7508759815903,-933.4219143731857,120463.58251771014,4039.594606083474,0.9675542849636126,8300,7539,549650.5185705009,0.050165996103439595,0.4031667050816035,105.01659961034396,9503.323965450398,97.94582952960913,0
univ3-conc-c5,504,10000,478.2083863714041,-3055.272700099805,3055.272700099805,-2577.064313728401,277926.7683605407,36515.82389978703,0.8838712540902999,11255,8574,943429.0547640197,1.0699290739268412,1.2499916756896448,206.99290739268412,1186.6141178475118,67.85407064680061,0
univ3-conc-c5,505,10000,47.06229230388126,-2957.505809729697,2957.505809729697,-2910.4435174258156,52429.07060575265,6459.428690836878,0.8903108625963752,4366,8486,960635.200512414,0.5562637394768192,0.8711220358606142,155.6263739476819,4994.255517620021,80.97984172022159,0
univ3-conc-c5,506,10000,108.88084615939849,-3097.4064340738264,3097.4064340738264,-2988.525587914428,117303.47227500724,30471.1231489821,0.7937999893584178,8675,7437,966813.9597060686,-0.5332147218411819,0.9999990597231222,46.678527815881814,15968.650590059562,125.3239000523486,0
univ3-conc-c5,507,10000,120.79138611155268,-2166.897556221919,2166.897556221919,-2046.1061701103663,96408.15695479543,2950.9353234664304,0.9703002990888631,5673,8254,810427.1796453852,-0.37280240368546785,0.48763698787386434,62.719759631453215,14028.376828169756,116.76323549341127,0
univ3-conc-c5,508,10000,313.04815262588573,-379.92805375297837,379.92805375297837,-66.87990112709264,207109.50350957815,1758.7939361903889,0.9915794117264395,10515,4191,209595.55346763437,0.1279489532084368,0.19820606354311934,112.79489532084368,8752.435478506362,95.07703668238047,0
univ3-conc-c5,509,10000,364.08200141140594,-860.9184427722321,860.9184427722321,-496.83644136082614,236696.3999461038,28325.190786218896,0.8931211954922271,11031,6872,439068.3716685383,0.16614839314075155,0.6130499952883653,116.61483931407516,8391.950871648676,93.67146644680534,0
univ3-conc-c5,510,10000,341.16606592133104,-1359.9953640028746,1359.9953640028746,-1018.8292980815436,179641.31462250033,12547.821897936976,0.9347110761559478,7556,7664,593864.9359781604,0.3460386340160102,0.9588627530183854,134.60386340160102,6763.594418268389,87.51734843932982,0
univ3-conc-c5,511,10000,294.07435833062885,-336.66885999934465,336.66885999934465,-42.59450166871579,213050.0611557704,9447.570979418204,0.9575385549555966,11054,3717,190796.8245381683,-0.09119723268158438,0.22373322645018817,90.88027673184156,10928.915648079605,103.86260754960776,0
univ3-conc-c5,512,10000,150.54627186772598,-1459.5727310392672,1459.5727310392672,-1309.0264591715413,144479.11786446048,7757.363416489557,0.9490439916160867,10691,7898,652452.4020646303,0.2510430077798407,0.5113604555218157,125.10430077798407,7609.5877890318425,90.71353089466925,0
univ3-conc-c5,513,10000,284.2388697124997,-1688.747770263258,1688.747770263258,-1404.5089005507582,114596.30033134574,153585.06497913937,0.42730896010866626,4636,3951,451242.257739698,1.2499909176489865,1.2499940813374557,224.99909176489865,0.020738779290783424,46.23435740383001,0
univ3-conc-c5,514,10000,101.82844457848321,-3180.566170490648,3180.566170490648,-3078.7377259121645,89260.10742317626,62022.13411701573,0.5900236968624109,6431,5811,831594.3699397785,-0.9999989465164169,0.9999990565500971,0.00010534835831689553,22499.925628834855,201.20910727615166,0
univ3-conc-c5,515,10000,195.7203998443065,-258.07363327674057,258.07363327674057,-62.35323343243405,145671.75478317626,3463.088690564173,0.9767788089630848,8557,3755,167246.57897672898,0.4111094446863774,0.4537802917422852,141.11094446863774,6201.24133938785,85.3506831389895,0
univ3-conc-c5,516,10000,194.66032090837717,-2698.386338556894,2698.386338556894,-2503.7260176485165,104946.83361160947,49061.04875650841,0.6814380666618084,4818,6116,713697.9278112368,1.2499940538550387,1.2499940972508865,224.99940538550388,0.0007436986444833149,36.74187400178701,0
univ3-conc-c5,517,10000,227.6110941513473,-1911.8594288284141,1911.8594288284141,-1684.2483346770669,70980.53604624444,171339.9427254017,0.2929200883311801,3146,2757,391381.13313804753,1.2499909203057666,1.2499937779145611,224.99909203057666,0.02063638123011971,33.76847659356618,0
univ3-conc-c5,518,10000,277.9945672385715,-1058.6494091641052,1058.6494091641052,-780.6548419255337,113201.13247437443,4766.220277519222,0.9595971244048899,4230,7364,491510.1770063004,0.8749182736252342,1.1376230536558558,187.49182736252342,2553.762974957791,72.43327741346008,0
univ3-conc-c5,519,10000,651.3275642623685,-678.8951900600575,678.8951900600575,-27.56762579768906,310240.2262350406,3870.1400400828793,0.9876790438788223,11665,3995,254517.2909980943,-0.11761546075066846,0.26134806321301923,88.23845392493315,11204.488143003122,105.0759677992,0
univ3-conc-c5,520,10000,190.2065542511611,-3439.3715165720623,3439.3715165720623,-3249.1649623209014,117009.62212531583,100655.54760276337,0.5375670451615732,5966,5362,836551.2422175399,-0.7508212094391178,0.9999990201458929,24.91787905608823,18834.86921114323,138.28744481730243,0
univ3-conc-c5,521,10000,25.20524039357358,-2671.531453661429,2671.531453661429,-2646.3262132678556,31302.66564609041,32843.33400333777,0.48799092409762534,2583,4521,663219.0900959311,-0.25469471461633064,0.999999006718049,74.53052853836694,12683.647088803375,111.02052442371586,0
univ3-conc-c5,522,10000,124.73357929288262,-226.96545262053968,226.96545262053968,-102.23187332765706,103414.70319902885,2197.0406007314427,0.9791970047867307,6735,4258,183552.0689904354,0.13502428636395877,0.2744225177159636,113.50242863639588,8685.26131312752,94.86528978636358,0
univ3-conc-c5,523,10000,99.67719283783583,-786.8191924293973,786.8191924293973,-687.1419995915614,103962.3639053781,2804.5170554127426,0.9737323313168371,7492,7092,470608.8946642422,-0.27891852421995167,0.4939478708960735,72.10814757800483,12953.96605616741,112.16467383836296,0
univ3-conc-c5,524,10000,144.18664650529607,-1524.3795165735914,1524.3795165735914,-1380.1928700682954,64514.229644593244,49772.969689086436,0.5644921742830855,3074,5381,502826.9336482475,1.2499877278263205,1.2499940903891429,224.99877278263205,0.04114533385065311,60.93384366556086,0
univ3-conc-c5,525,10000,163.41591308323967,-4675.130348483567,4675.130348483567,-4511.714435400328,86802.32700498626,25364.549528848256,0.7738677378504234,4687,7123,1060584.89259112,-0.09429568276831589,1.2499941216033568,90.57043172316841,10961.082264324481,103.88130537616819,0
univ3-conc-c5,526,10000,107.30116336103904,-1789.1739284147693,1789.1739284147693,-1681.8727650537303,122719.85756895368,15687.967754917778,0.8866540405630372,10838,8090,725796.8456318384,-0.11547419964875488,0.5731743154413587,88.45258003512451,11182.041499380844,104.74560557098565,0
univ3-conc-c5,527,10000,117.76088905310566,-857.5943062509757,857.5943062509757,-739.8334171978701,97607.92519860514,4129.021415658882,0.9594147303111614,6594,7218,474220.76147100126,0.5421681045518616,0.8692008190653104,154.21681045518616,5108.691836563704,81.35558103079696,0
univ3-conc-c5,528,10000,193.55632622186897,-2236.326108402557,2236.326108402557,-2042.7697821806883,152326.86749398918,5243.543254962287,0.9667225386413663,9514,8320,805659.3406068735,0.30041742009491346,1.2033310806938327,130.04174200949134,7166.094348581415,89.07469559322297,0
univ3-conc-c5,529,10000,104.15611781947975,-234.03779536529504,234.03779536529504,-129.8816775458153,75810.38372098471,964.7039814321508,0.9874346743155622,4079,4485,192469.8654299807,-0.008038082896316183,0.14056956981087482,99.19619171036838,10080.510665264102,100.28336618752037,0
univ3-conc-c5,530,10000,303.1841911188157,-4500.554311077032,4500.554311077032,-4197.3701199582165,144957.5958004756,5367.906854878809,0.9642914425027028,5349,8838,1130854.3142209887,-0.0419127614797533,1.2499940851704434,95.80872385202467,10422.67132915852,101.69769729782128,0
univ3-conc-c5,531,10000,364.2452399727593,-719.108320880302,719.108320880302,-354.8630809075427,228906.62584971578,4395.673290562357,0.9811588942468186,10698,6472,392002.9064639314,-0.23739240786020757,0.32699105423547875,76.26075921397924,12492.251032878816,110.13111417837389,0
univ3-conc-c5,532,10000,174.99817193675682,-3838.007777119326,3838.007777119326,-3663.009605182569,154041.77541786214,17119.948791442297,0.8999779368282874,9464,8631,1117380.2125444494,-0.5256250815800246,0.8082212096335576,47.43749184199754,15873.714526581509,124.74795167451322,0
univ3-conc-c5,533,10000,104.78486913243916,-4431.770192347121,4431.770192347121,-4326.9853232146825,86251.56629988067,24508.484026661736,0.7787245134468077,5962,7724,1094517.7078060508,-0.8154831205728402,1.2499940263221163,18.451687942715985,19744.018633112388,142.7729189741036,0
univ3-conc-c5,534,10000,158.29056592987783,-1548.3965875132446,1548.3965875132446,-1390.1060215833668,29334.61631260864,107496.2057603653,0.21438602697982803,1785,2276,330562.7469869056,1.2499937247238324,1.2499937247238324,224.99937247238324,0.0026280733822685587,33.98897758375087,0
univ3-conc-c5,535,10000,19.920337390535227,-905.815113432222,905.815113432222,-885.8947760416868,16163.521747125558,73846.26611364035,0.17957515656106804,979,1708,224095.6138566343,1.2499940454273857,1.2499940454273857,224.99940454273857,0.0005310502479545509,17.266303552170353,0
univ3-conc-c5,536,10000,181.8390021807904,-333.0567790258567,333.0567790258567,-151.2177768450663,133909.23538329883,1822.3419992904496,0.9865739274940143,9455,5000,227805.17677147314,0.39185978578893044,0.5448765683197258,139.18597857889304,6366.1865104975095,85.9329445092417,0
univ3-conc-c5,537,10000,164.31974490443565,-360.8344177791269,360.8344177791269,-196.51467287469126,124681.61425236272,4105.950611477249,0.9681184234221817,7634,5393,254983.6438426046,0.3735838409255047,0.5845896812522102,137.35838409255047,6523.8816237127285,86.57890930611123,0
univ3-conc-c5,538,10000,177.29857985153615,-5124.02871301524,5124.02871301524,-4946.730133163704,88666.46611766568,13947.260920057919,0.8640799693891781,3880,8664,1213844.8526781758,1.2344602987566915,1.2499941158959715,223.44602987566915,99.6654630070158,64.3198757310599,0
univ3-conc-c5,539,10000,167.32726132279504,-1421.7831776810724,1421.7831776810724,-1254.4559163582774,103814.1279431109,8677.213351473922,0.9228632777277442,4993,7820,623539.5855199711,-0.1625816099980237,0.8406346198664798,83.74183900019763,11680.458026420196,106.7799829552167,0
univ3-conc-c5,540,10000,380.34800729509914,-1329.6807796439869,1329.6807796439869,-949.3327723488877,224187.58417406122,13166.418559411968,0.9445283483413732,9824,7623,595843.0980089151,0.2533759781096515,0.348521592495716,125.33759781096515,7588.44477361318,90.5869240700577,0
univ3-conc-c5,541,10000,165.8912537991759,-2905.7928011300764,2905.7928011300764,-2739.9015473309005,69762.9390901495,34232.40245316594,0.6708275395306271,2951,6360,756424.6671131278,1.2499918080606323,1.249994160204232,224.99918080606324,0.015059059081068749,42.0996734967568,0
univ3-conc-c5,542,10000,194.60963441944006,-506.37923795535715,506.37923795535715,-311.7696035359171,165269.02011044556,9234.035379913192,0.947083818366588,10377,6214,345668.0171680833,0.021903014948428137,0.5973586305027854,102.19030149484281,9781.925930015772,99.12963906929552,0
univ3-conc-c5,543,10000,122.31775430394657,-1033.332247742373,1033.332247742373,-911.0144934384265,80812.35566888396,2126.261823786734,0.9743634281825999,4676,7504,535900.072256113,0.4933244100546267,0.5007678501124835,149.33244100546267,5509.77556325354,82.93519514019627,0
univ3-conc-c5,544,10000,304.9324302156391,-4647.806139107217,4647.806139107217,-4342.873708891578,160370.00803997405,34666.6939757939,0.8222555364323622,7243,8309,1145043.7899065276,0.46013318877075277,1.2499941284780407,146.01331887707528,5786.422859361073,83.85583403727492,0
univ3-conc-c5,545,10000,429.873766541146,-600.7145459674769,600.7145459674769,-170.84077942633087,251735.02141913367,1818.034209530606,0.9928297680932184,11733,5643,311166.5097892227,0.17611888899734437,0.33663569063645865,117.61188889973444,8298.735761278294,93.23300619833327,0
univ3-conc-c5,546,10000,216.81263146825535,-4347.304253315527,4347.304253315527,-4130.491621847272,147733.63660491325,76986.70307004263,0.6574110595356025,7759,5993,1005442.5632647962,-0.9999990489985813,0.9999990642176553,0.00009510014188273254,22499.927349450285,305.13540527244663,0
univ3-conc-c5,547,10000,136.4918031685412,-710.6904438455449,710.6904438455449,-574.1986406770037,122682.71479225541,7176.03308369913,0.9447397021681286,7872,6919,428992.5121736365,0.04534434463669498,0.35556779777460007,104.5344344636695,9550.632447670065,98.21059136074548,0
univ3-conc-c5,548,10000,115.52661216923602,-1071.8675264009848,1071.8675264009848,-956.3409142317488,83970.19884228028,26496.48051058935,0.7601405177940561,4085,6238,523042.4017078426,-0.9999987797278637,0.999999052830608,0.00012202721363478968,22499.922858757458,159.14265862726558,0
univ3-conc-c5,549,10000,71.10894070535909,-430.9669694475971,430.9669694475971,-359.858028742238,66651.46181074831,5357.747522535602,0.925596356741843,5525,6132,326555.52396128443,-0.050132413743634745,0.5339810088348431,94.98675862563653,10506.402037641583,101.7972663837582,0
univ3-conc-c5,550,10000,158.98055444828452,-1250.7335902143425,1250.7335902143425,-1091.753035766058,108381.44933967115,23710.791149479872,0.8204982286493409,4938,6998,604677.4558375354,-0.6281804252631619,0.9999990736683398,37.18195747368381,17184.408926373686,130.97145669698696,0
univ3-conc-c5,551,10000,332.4609712221876,-3469.8643192228706,3469.8643192228706,-3137.403348000683,153971.1773600972,7696.775601242678,0.9523914575507539,6753,8388,942712.9732993089,1.033992744620614,1.2499940842219732,203.3992744620614,1431.908669716692,68.6646416531645,0
univ3-conc-c5,552,10000,120.63977253946115,-945.483099185657,945.483099185657,-824.8433266461959,63575.809688453766,24093.075542542258,0.725180998035276,3778,5675,404750.23550088564,1.249986772496186,1.2499940626881292,224.9986772496186,0.047292330861786525,55.18647110103805,0
univ3-conc-c5,553,10000,190.10760667900746,-1105.9504654643745,1105.9504654643745,-915.8428587853671,167335.79483523977,14273.20978216366,0.9214069268633838,9381,7532,567393.5473371914,-0.04888915803630965,0.5528521376527314,95.11108419636903,10493.719839748575,101.98080623911477,0
univ3-conc-c5,554,10000,174.3758170579564,-1334.7187382702582,1334.7187382702582,-1160.342921212302,105231.68089531451,53269.900338125844,0.6639156535626595,4963,6110,513752.5331657773,1.2499904396924801,1.249993943911012,224.99904396924802,0.023872626592961535,39.7306217339827,0
univ3-conc-c5,555,10000,211.24593860230658,-2114.391933808179,2114.391933808179,-1903.1459952058726,115696.26605445187,6189.308521152506,0.9492203360184077,6450,8247,768013.9035490615,0.023967613513666493,0.8527181834925429,102.39676135136665,9761.4679718115,99.0478883338801,0
univ3-conc-c5,556,10000,71.15619561797548,-2092.573108560654,2092.573108560654,-2021.4169129426784,68344.89229975319,78487.61135936194,0.4654616014613632,5028,4456,603280.9765139688,-0.9999990337946246,0.9999990723530567,0.00009662053754043275,22499.926784533414,202.7625046711033,0
univ3-conc-c5,557,10000,190.3741590836102,-3029.761534929664,3029.761534929664,-2839.3873758460536,165959.43213152394,23952.00523206616,0.8738780267024705,11068,8204,921419.422607537,-0.1609922653852834,1.2499937496037337,83.90077346147166,11663.484249353678,106.7344285451224,0
univ3-conc-c5,558,10000,198.9984749510134,-446.78735806370526,446.78735806370526,-247.78888311269185,143029.38001347688,3584.3800169193555,0.9755522263655456,8559,5902,311738.0727858517,-0.35898625192243644,0.49444111360062704,64.10137480775636,13867.536534338939,116.09850474915106,0
univ3-conc-c5,559,10000,370.37232987117517,-2142.082019771001,2142.082019771001,-1771.7096898998257,152665.69350725866,124202.17150053917,0.5514027187769116,6167,4838,549918.0503955745,0.9976215969118886,1.2499941422967273,199.76215969118886,1683.1642340573303,69.45967769035484,0
univ3-conc-c5,560,10000,180.73072933697793,-822.2753150225462,822.2753150225462,-641.5445856855683,107569.1673371357,7865.989144003655,0.9318579418628946,5174,7146,455975.67214025167,0.37463579174966866,0.5537737226382253,137.46357917496687,6514.775679993079,85.91916807170469,0
univ3-conc-c5,561,10000,147.65850845436805,-616.7759818041909,616.7759818041909,-469.11747334982283,107355.80373162455,1928.070682613262,0.9823572261420294,7109,6673,378642.6660138386,0.8882810027222715,0.9005728150761498,188.82810027222715,2457.191934192937,72.1248658647297,0
univ3-conc-c5,562,10000,210.17914340074756,-212.7500892892451,212.7500892892451,-2.5709458884975334,147389.35961336506,187.29091475061256,0.9987308905976632,7801,1982,108644.49357446107,0.008748944782364987,0.0573642726282705,100.8748944782365,9912.663852338168,99.63677897888302,0
univ3-conc-c5,563,10000,300.2146082282357,-321.5044207388616,321.5044207388616,-21.289812510625893,179398.78950797676,1277.1188665097266,0.9929314379653614,7844,2896,156650.3518138301,0.09991266428924306,0.12991389821699215,109.9912664289243,9020.44744508003,95.99120198730567,0
univ3-conc-c5,564,10000,472.6802326389378,-480.20290138432034,480.20290138432034,-7.522668745382532,238681.92681259065,5195.180797760192,0.9786975462819549,10590,2898,175957.07194587696,0.0265752346134893,0.13463550005012778,102.65752346134893,9735.653305469647,98.954955671467,0
univ3-conc-c5,565,10000,230.28316490294017,-2886.5060278221194,2886.5060278221194,-2656.222862919179,132153.71018317464,66117.94524251751,0.6665285055467898,5570,6520,816156.6443093101,-0.9999990360481502,0.9999990360481502,0.00009639518498397507,22499.927031150622,218.39122965706557,0
univ3-conc-c5,566,10000,220.30418787875612,-1440.8422153486251,1440.8422153486251,-1220.5380274698691,141654.966589344,3619.658442501625,0.9750840283242297,6753,7841,641818.3528900412,-0.21765524932134525,0.5161850513208617,78.23447506786547,12275.611120466912,109.61850464730547,0
univ3-conc-c5,567,10000,406.27718472150605,-1513.828545240523,1513.828545240523,-1107.551360519017,126926.1648205344,93161.02488081285,0.5767085535181307,6031,4787,439261.1551478602,1.2499895233269855,1.2499941229283171,224.99895233269856,0.029729927356432595,51.24606829775438,0
univ3-conc-c5,568,10000,112.78257198869467,-336.33848367992016,336.33848367992016,-223.5559116912255,119352.75674668525,4887.226955149189,0.9606630103326629,9751,5552,271581.4860696928,-0.28702997592695995,0.4035264963498719,71.297002407304,13045.104517727961,112.53721362883763,0
univ3-conc-c5,569,10000,561.0264178931802,-581.8599993090868,581.8599993090868,-20.833581415906565,253548.51985996176,1468.5696473873877,0.9942412892789874,9176,3470,215546.3196505264,-0.06058946105672561,0.20733868768847813,93.94105389432744,10613.327332958444,102.45326020043706,0
univ3-conc-c5,570,10000,245.54824227909273,-1933.289448540693,1933.289448540693,-1687.7412062616004,111403.92456984671,135936.66813394957,0.4504069605075255,4651,4227,493544.7731954509,1.2499882471023556,1.2499939643323659,224.99882471023557,0.03784186035018777,45.819512705477635,0
univ3-conc-c5,571,10000,461.0855834314741,-1187.6816962696555,1187.6816962696555,-726.5961128381814,160498.75353055503,128181.29283311339,0.5559745315004025,6479,4508,388007.280131928,1.0501626563491715,1.2499941580217515,205.01626563491715,1321.1751205409341,67.94677806911939,0
univ3-conc-c5,572,10000,128.0490482994838,-553.4502053338601,553.4502053338601,-425.40115703437635,80074.03471865342,9182.705961231455,0.8971203083231013,4786,6171,334937.9407138162,1.249992951447358,1.249992951447358,224.9992951447358,0.007789043347517566,61.81167045016577,0
univ3-conc-c5,573,10000,112.62128462600536,-2211.041806434288,2211.041806434288,-2098.4205218082825,71087.14387492124,119528.797303093,0.3729338870379875,4470,3582,482659.88357806194,1.2499939463933467,1.2499939463933467,224.99939463933467,0.001337756715642513,51.63776651458527,0
univ3-conc-c5,574,10000,190.46885731238825,-2128.369876709135,2128.369876709135,-1937.9010193967467,106091.12653369637,67445.944763657,0.6113456089846687,4450,5456,681751.4280314683,-0.9999989943026233,0.9999990402635448,0.00010056973766538841,22499.926191772644,167.5473347110451,0
univ3-conc-c5,575,10000,381.4867950319499,-857.9883816600155,857.9883816600155,-476.50158662806564,240630.87070097195,9431.65705714818,0.9622828052579265,11530,6927,446088.4293990494,0.3255249649093537,0.6327401599640021,132.55249649093537,6943.726143080407,88.1459098851723,0
univ3-conc-c5,576,10000,305.805042801577,-762.7534437270365,762.7534437270365,-456.9484009254595,202159.25071993368,18747.989720809113,0.91513184591232,11156,6863,415054.9175418419,0.47915151440645787,0.535587294324608,147.9151514406458,5627.496141633493,83.24196392931401,0
univ3-conc-c5,577,10000,58.66882842805261,-2841.7494970312387,2841.7494970312387,-2783.080668603186,40579.06388682534,29316.15975393718,0.5805699126937173,2401,5176,693497.2266925701,1.2499940541468113,1.2499940541468113,224.99940541468112,0.0006311123432821697,44.438527779382895,0
univ3-conc-c5,578,10000,210.2551808427403,-5673.694299746758,5673.694299746758,-5463.439118904017,165321.64216885326,43910.02643435695,0.7901368051619924,10527,8161,1299915.721347124,-0.9999989253607235,1.2429002341973565,0.0001074639276502991,22499.92581069131,183.1108844988538,0
univ3-conc-c5,579,10000,93.78060707458876,-1589.343847465779,1589.343847465779,-1495.5632403911902,83081.09804488865,7325.521550528654,0.9189714029424899,5141,7918,706129.087664813,-0.8318118711123661,0.9999986668429723,16.818812888763386,19978.06236909019,143.8945402773289,0
univ3-conc-c5,580,10000,214.6816842355966,-4422.608029717164,4422.608029717164,-4207.926345481567,160197.32815850765,6837.853394764254,0.9590633941234501,9093,8782,1180518.169848965,-0.9999987580478208,0.9999987580478208,0.0001241952179279281,22499.923133644235,157.51798221163267,0
univ3-conc-c5,581,10000,24.89772845016563,-1977.9227031569183,1977.9227031569183,-1953.0249747067526,31696.67449367321,67858.88370007381,0.31838176661103834,2989,3450,470692.3652933402,1.2499928870419048,1.249993848226097,224.9992887041905,0.008065222291015015,27.90702266373063,0
univ3-conc-c5,582,10000,165.78725449052132,-1828.139091871259,1828.139091871259,-1662.3518373807378,116177.93718202553,16888.425057115586,0.873082687668545,6846,7837,688367.5462207292,1.1388061422411382,1.2499937690382443,213.88061422411383,724.4989074879671,66.33948181015751,0
univ3-conc-c5,583,10000,117.40970615833325,-521.4020705759496,521.4020705759496,-403.9923644176163,63126.92343771795,16420.067845250833,0.7935802777651201,4249,5285,300685.1165900013,1.2499915665386454,1.2499941461741617,224.99915665386453,0.01660551347011463,62.790361907341946,0
univ3-conc-c5,584,10000,270.16411112728343,-275.8462609125287,275.8462609125287,-5.682149785245258,212467.1229177697,3787.4873865288364,0.9824859808482264,11736,2721,148472.91719128416,-0.06112115546375307,0.09896934191357473,93.8878844536247,10618.776197442716,102.45791525013938,0
univ3-conc-c5,585,10000,68.64228711955013,-1198.2416902431653,1198.2416902431653,-1129.599403123615,60666.182199610026,6243.092763908327,0.9066931637308532,4808,7245,541049.0161474674,1.2499937019747036,1.249993992802086,224.99937019747037,0.0030202736406277353,62.998818361584135,0
univ3-conc-c5,586,10000,215.40213596582623,-4834.272894056754,4834.272894056754,-4618.870758090928,127389.42064302995,38447.69767455742,0.7681598784119734,5500,7653,1163567.6976679168,-0.703499988696009,0.9999990581087979,29.650001130399083,18186.87180016854,135.47173399506005,0
univ3-conc-c5,587,10000,201.71645030642583,-3039.9741414208556,3039.9741414208556,-2838.2576911144297,112125.73152593365,3088.0279732035333,0.9731974029262829,5383,8541,946070.5871584644,0.6033514124283866,1.2499917987826064,160.33514124283866,4616.145499223751,79.6243781498357,0
univ3-conc-c5,588,10000,134.03029650209123,-2818.7320413491125,2818.7320413491125,-2684.7017448470215,105445.71932722078,16996.763277099242,0.8611857345948688,6064,7934,943138.8871643748,-0.8172247692172347,0.9999990534604964,18.27752307827653,19768.89504232111,142.9535982638559,0
univ3-conc-c5,589,10000,155.31723007442267,-664.4035914065241,664.4035914065241,-509.08636133210143,154261.43881454226,3683.085169589168,0.976681146793293,11136,6815,422297.9162715141,-0.1000655133065672,0.521546621589231,89.99344866934328,11021.09083860568,104.12931698699431,0
univ3-conc-c5,590,10000,297.26773426805033,-342.05096644965454,342.05096644965454,-44.783232181604205,201388.13262627734,3081.006653002864,0.9849316788642878,10277,3673,188546.27307956095,-0.05349965882702648,0.18820941571322336,94.65003411729735,10540.783515101977,102.17605587213778,0
univ3-conc-c5,591,10000,220.03158755017472,-2362.8260539251805,2362.8260539251805,-2142.794466375006,122472.25820099868,57343.84039133035,0.6810972941786613,5589,6056,713192.4184009216,-0.9999986060679552,0.9999990603974505,0.0001393932044709606,22499.92027573594,170.94502230468575,0
univ3-conc-c5,592,10000,413.22917669283817,-936.8679649362078,936.8679649362078,-523.6387882433696,210624.38954326967,10118.526135827977,0.9541614909602008,9121,6993,447009.45206362876,0.3641799501302225,0.7665110938683887,136.41799501302225,6605.442533511284,86.88299440932985,0
univ3-conc-c5,593,10000,98.03313537029854,-2252.6392970073784,2252.6392970073784,-2154.60616163708,79633.1720870445,8417.94175057062,0.904397100914645,5059,8348,841872.9509494475,-0.5723496099301505,0.6138279335485791,42.76503900698495,16463.341061248295,127.52394978198895,0
univ3-conc-c5,594,10000,73.58832320892984,-4345.072669605312,4345.072669605312,-4271.484346396382,82719.03473036177,54523.71762415973,0.6027206049954781,6244,6292,975216.1048032003,1.2499925141885646,1.2499940101359062,224.99925141885646,0.010646544806875546,40.779985185185986,0
univ3-conc-c5,595,10000,126.32844961850107,-2445.6631143705927,2445.6631143705927,-2319.3346647520916,124021.71314403892,12073.873661410225,0.9112838708086102,9655,8382,853070.9737166582,-0.10512143283988436,0.9950904476164942,89.48785671601156,11073.790498107595,104.341102744763,0
univ3-conc-c5,596,10000,248.25308946303917,-911.7502591601068,911.7502591601068,-663.4971696970676,131060.58967899732,3989.245987842234,0.9704609341570508,5429,7155,481185.9970736196,0.3477983059657353,0.4171099698362957,134.77983059657353,6748.20688374153,87.41606387806199,0
univ3-conc-c5,597,10000,255.38757662172583,-1918.8379823925575,1918.8379823925575,-1663.4504057708316,191517.35435090718,5924.491385841335,0.9699937398592772,10627,8172,768710.6553741377,0.10281504698441153,0.7132003250767379,110.28150469844115,8992.565927812228,95.73666565786881,0
univ3-conc-c5,598,10000,483.6720829494806,-2346.798315158316,2346.798315158316,-1863.1262322088355,272488.70470963116,18785.24240752067,0.9355066163882995,11045,8222,818862.7784842628,0.20911283794349458,0.6362309051533418,120.91128379434946,7992.816531220333,92.16854290901698,0
univ3-conc-c5,599,10000,807.0090688179089,-1376.9027129457254,1376.9027129457254,-569.8936441278165,303841.6168182361,5587.887858177412,0.9819413217753072,11288,7197,504920.40329759143,0.40682307098940385,0.7345671584737954,140.68230709894038,6237.868732660368,85.52272691216025,0
univ3-conc-c5,600,10000,120.04233870347991,-1375.977206283416,1375.977206283416,-1255.934867579936,69424.23570884063,27408.0903680926,0.7169530932643621,3613,6562,540475.1350535207,1.2499931550995635,1.249994155347689,224.99931550995635,0.00646363085513918,53.75655396086622,0
univ3-conc-c5,601,10000,172.59298761078438,-972.6190093329795,972.6190093329795,-800.0260217221952,99768.59010159956,6977.634283249727,0.9346334324847551,4192,7321,525754.0165651315,-0.23340755198514032,0.5059685058552177,76.65924480148597,12448.367441415492,110.0934412303796,0
univ3-conc-c5,602,10000,243.5180829664701,-1145.8736299848995,1145.8736299848995,-902.3555470184294,138769.0824642285,3069.170637196531,0.978361474636875,5497,7595,595010.9641828336,-0.548030752136538,0.9947962161956749,45.19692478634621,16154.911702914258,126.13494630676568,0
univ3-conc-c5,603,10000,176.32926524493075,-411.79704106117913,411.79704106117913,-235.46777581624838,149292.06551982014,9059.882568877716,0.9427864154610653,9012,5731,293674.2333078466,0.020246923672441283,0.1926981202183586,102.02469236724413,9798.348027670738,99.4759488368599,0
univ3-conc-c5,604,10000,250.40994307168856,-1356.4214308136648,1356.4214308136648,-1106.0114877419762,117834.1413193304,157579.7067337745,0.42784392343485134,5493,3913,399647.572571436,1.2499929495391557,1.2499940491305446,224.99929495391558,0.0077603193543121785,40.19395435154546,0
univ3-conc-c5,605,10000,92.96678245890558,-121.7985002568873,121.7985002568873,-28.83171779798171,77019.37418434542,626.8882761088075,0.9919263560634605,4845,2248,92491.2614976742,-0.05910939576808175,0.10473863971724398,94.08906042319182,10598.16560904281,102.41020392610012,0
univ3-conc-c5,606,10000,69.3086103317329,-2120.453985588132,2120.453985588132,-2051.1453752563993,59985.22674360362,7723.197800385525,0.8859344630686559,3775,7658,817781.6879220592,-0.5676410089544174,0.9999990571557735,43.23589910455826,16403.35885342693,127.25552115746517,0
univ3-conc-c5,607,10000,340.40896781354996,-2741.252336583153,2741.252336583153,-2400.843368769603,174634.5918750827,3852.026902712165,0.9784183994907333,7409,8450,870202.5921789035,-0.47734002836377754,1.1579046027116333,52.265997163622245,15277.194933842937,122.22203561688673,0
univ3-conc-c5,608,10000,190.69218766507402,-346.93683647683423,346.93683647683423,-156.24464881176021,172901.17188170223,4826.19216265116,0.9728449685359271,11262,5167,253608.25163562316,-0.1297495634455197,0.27477366483742344,87.02504365544803,11332.062724782554,105.19220550071998,0
univ3-conc-c5,609,10000,121.25903561841973,-4879.322526143712,4879.322526143712,-4758.063490525292,111661.08950222706,23676.02201425298,0.825058908462296,8962,7862,1160829.3858053077,-0.006130642273555225,1.1181873329726215,99.38693577264448,10061.382521905996,100.24624707468026,0
univ3-conc-c5,610,10000,173.61186063110546,-5922.581927033168,5922.581927033168,-5748.970066402062,155120.5710947267,13286.760448402727,0.9211034322160733,11657,9002,1358217.4088271235,-0.48197819525256913,1.1887165059335687,51.80218047474309,15333.942177356734,122.47292879266541,0
univ3-conc-c5,611,10000,357.0207440103057,-2931.8213683885147,2931.8213683885147,-2574.800624378209,168548.76330351163,110635.52446172218,0.6037186571374833,7374,5574,732817.5845967944,1.2499925566860504,1.2499940988206228,224.99925566860503,0.010390873087818636,47.75684995178802,0
univ3-conc-c5,612,10000,267.363791209536,-1214.416213175244,1214.416213175244,-947.0524219657079,136393.55491740536,45798.56274296278,0.7486248948028708,8417,5947,471149.7400405208,1.2499924511919573,1.2499941643306445,224.99924511919573,0.011107295045887255,54.572305331533386,0
univ3-conc-c5,613,10000,219.46228470645875,-1134.9306429034286,1134.9306429034286,-915.4683581969699,160264.15248626846,17797.275033098886,0.9000498014587516,8577,7581,538216.2640059683,1.1795708811629821,1.205997826951589,217.95708811629822,455.84977410487403,65.467761243177,0
univ3-conc-c5,614,10000,337.6281160367135,-2879.9595382849507,2879.9595382849507,-2542.3314222482372,221555.89782561833,3694.980777498305,0.9835961537623624,9885,8575,969846.7135863382,-0.40107218546418993,0.999996864532774,59.89278145358101,14360.49055784962,118.1689678595904,0
univ3-conc-c5,615,10000,35.38174613576008,-736.4946368741256,736.4946368741256,-701.1128907383655,36092.727234037826,26848.604991650067,0.5734344342223424,2847,4583,341559.7629957137,1.249990273323532,1.2499928730101104,224.9990273323532,0.024820286016876025,51.05806734201403,0
univ3-conc-c5,616,10000,72.80132319884358,-102.09333062281357,102.09333062281357,-29.29200742396999,55625.29480115501,648.7004976525012,0.9884724641602576,4330,2109,78582.8947289525,-0.1814848081362861,0.22692612023257042,81.85151918637139,11883.201613243065,107.76120335627509,0
univ3-conc-c5,617,10000,282.1828629157531,-5106.994445147348,5106.994445147348,-4824.811582231595,158764.89727350007,74216.4902613015,0.6814488442763892,7524,6809,1116786.2908021784,-0.11266624091989996,0.9999990849173374,88.73337590801,11152.63526696058,104.6636433113879,0
univ3-conc-c5,618,10000,557.2010089716435,-1083.886198887761,1083.886198887761,-526.6851899161176,286103.942946711,17283.72168251246,0.9430309017222726,11202,7094,480808.98357540474,0.5340511471011479,0.6734216192098128,153.4051147101148,5174.854534926898,81.63107379049231,0
univ3-conc-c5,619,10000,197.04018262006264,-265.07730435164814,265.07730435164814,-68.0371217315855,164976.37176471352,5271.537837288514,0.9690361082869559,11263,3992,177706.45156280577,0.10872510325135096,0.31243490296944143,110.8725103251351,8935.888391392753,96.09177552407807,0
univ3-conc-c5,620,10000,511.9411414948038,-3629.413450323286,3629.413450323286,-3117.472308828482,195747.4238339363,17157.12628187436,0.9194139990312953,7418,8167,970713.0148231596,0.6862396811482909,1.24999391196274,168.6239681148291,3965.773420134872,77.39078559825987,0
univ3-conc-c5,621,10000,159.10884388236934,-2938.464339422528,2938.464339422528,-2779.3554955401587,99221.13559274057,10017.05989023008,0.9083007564712869,4095,8521,988226.2028683833,-0.49400593688820754,0.8224473321834416,50.599406311179244,15481.642658151695,122.78787575107806,0
univ3-conc-c5,622,10000,47.18026210066158,-403.7466281960897,403.7466281960897,-356.5663660954281,55001.69356595163,3138.562232191418,0.9460173989758803,4755,6201,313882.0557208113,0.1873262148767165,0.3190948433671366,118.73262148767165,8194.384893598464,92.90810835553661,0
univ3-conc-c5,623,10000,140.92947064995633,-2103.9780202486604,2103.9780202486604,-1963.048549598704,98034.56362571348,39034.57286107014,0.7152198236483827,6272,6455,657740.0539462324,0.39116300659944303,1.2499941575209428,139.1163006599443,6372.179044991765,86.01573014315113,0
univ3-conc-c5,624,10000,75.94509545416629,-1633.9194442600774,1633.9194442600774,-1557.9743488059112,53745.55024536985,119241.05667053522,0.3106919732317628,2941,3023,398938.971787222,1.2499898754555603,1.249990291335876,224.99898754555602,0.027323816429609238,33.270632516992315,0
univ3-conc-c5,625,10000,272.6798481761651,-580.2552162085813,580.2552162085813,-307.5753680324162,148495.65455298204,2183.365135674469,0.9855098265160877,6213,6143,342370.11852477083,-0.1161693902880728,0.45194030463713775,88.38306097119272,11189.326665610071,104.8000712852069,0
univ3-conc-c5,626,10000,65.70390854522043,-144.21025092907354,144.21025092907354,-78.50634238385311,67271.36551215411,772.5040771108868,0.9886469702300299,4801,3608,139196.25741766352,0.25122248103870176,0.2825003055493988,125.12224810387018,7607.960142599382,90.71281131164903,0
univ3-conc-c5,627,10000,64.44913475200913,-1744.2930601546466,1744.2930601546466,-1679.8439254026375,56471.70619714586,1279.2875845351664,0.9778482152294847,4280,8091,684636.8984580627,1.0102761734198744,1.1633960225585136,201.02761734198745,1595.4001871141247,69.20764041483396,0
univ3-conc-c5,628,10000,414.3242190916712,-1750.2468450647161,1750.2468450647161,-1335.922625973045,218086.6268171574,24704.597447968667,0.8982475683676628,8895,8006,696716.8170067483,-0.4283085184798011,0.6993971241873024,57.169148152019886,14684.347747454482,119.61462933631582,0
univ3-conc-c5,629,10000,55.45954807902481,-601.6691168909095,601.6691168909095,-546.2095688118848,55546.58671985799,2436.071133839193,0.9579862113257048,4116,6767,417011.7090314815,-0.8445181188329154,0.8466305422990706,15.548188116708454,20161.45627658684,144.8054846259827,0
univ3-conc-c5,630,10000,128.92334605367267,-675.3954187509808,675.3954187509808,-546.472072697308,84149.58513919477,13148.825521389694,0.8648608396363429,3888,6551,427912.4068447767,-0.7025615883617501,0.9999990504827712,29.743841163825,18174.165813195614,135.3348578819516,0
univ3-conc-c5,631,10000,243.5455402131407,-3132.187815510166,3132.187815510166,-2888.642275297025,93790.85573559122,106286.34022940739,0.46877334162559403,3751,4224,698289.443909502,-0.9999989544503515,0.9999990753252327,0.00010455496484410191,22499.925430391795,177.22367047747647,0
univ3-conc-c5,632,10000,476.5472381709282,-1766.8847146794762,1766.8847146794762,-1290.337476508548,266682.5247676625,7914.299924420829,0.971178472535888,10613,8009,706725.0348760312,0.34001792121697977,0.5807230313901709,134.00179212169797,6816.319270468476,87.79391393212764,0
univ3-conc-c5,633,10000,501.1120890685467,-609.1417695129744,609.1417695129744,-108.0296804444277,223160.47854209345,1388.9764452269212,0.9938143851415477,8707,4914,268463.0541231597,0.07468569334759508,0.17718452346814786,107.46856933475951,9264.135227533465,97.13453000383612,0
univ3-conc-c5,634,10000,222.69424890466146,-748.3086445995729,748.3086445995729,-525.6143956949114,119077.32899733154,5147.503976156128,0.9585630034434844,4530,6820,431518.65055521193,-0.42347915583839557,0.43505194240640827,57.65208441616044,14626.642067821134,119.34191686874206,0
univ3-conc-c5,635,10000,76.06121673573081,-505.72468261076085,505.72468261076085,-429.66346587503006,26860.122730588166,183967.07011030818,0.1274035022173754,1107,1160,127742.41774633632,1.249993400203377,1.2499941144700208,224.9993400203377,0.004647012551039609,41.45820561370026,0
univ3-conc-c5,636,10000,110.13506663373597,-2487.4585993116043,2487.4585993116043,-2377.323532677868,93945.54760596891,36438.49990923827,0.7205294619728053,7232,6493,727649.3461609323,0.8713133047515592,1.2499940356217678,187.13133047515592,2579.891105149462,72.4763268572966,0
univ3-conc-c5,637,10000,146.24500224573222,-1347.0621989497215,1347.0621989497215,-1200.8171967039893,112428.72468888402,10993.515372617518,0.910927598080059,7461,7709,624318.454009159,-0.5988447537331334,0.6728938008626792,40.115524626686664,16803.25130638144,129.0679058391502,0
univ3-conc-c5,638,10000,108.38833515653303,-118.96533326719667,118.96533326719667,-10.576998110663638,98319.18343115532,1086.218881496189,0.9890728385356785,7653,1760,76293.0046384722,0.02533353278956483,0.079843022324755,102.53335327895648,9747.94221266443,99.23445976650498,0
univ3-conc-c5,639,10000,226.17615177082604,-2722.168180523099,2722.168180523099,-2495.992028752273,143701.0966311389,3459.209965330132,0.9764935936507954,6043,8415,954593.0192544446,-0.9224983379959221,0.9999968528207295,7.750166200407789,21312.00634788493,150.36570794272964,0
univ3-conc-c5,640,10000,104.54523350088927,-106.80101333363557,106.80101333363557,-2.255779832746299,94257.15974311657,160.32008649301665,0.9983020084121887,6447,1384,66030.32250977139,-0.005796054020055408,0.04391817457528972,99.42039459799446,10058.028192289235,100.16493752469623,0
univ3-conc-c5,641,10000,203.87081122208713,-2643.332329293542,2643.332329293542,-2439.461518071455,75744.40901073703,42613.70135940774,0.6399596003506589,2983,5609,695144.5986134158,1.249993482395322,1.2499940263450844,224.9993482395322,0.004321114270182891,59.86077133900214,0
univ3-conc-c5,642,10000,257.0001956882622,-706.5511725046495,706.5511725046495,-449.5509768163873,185770.05399481315,4396.537227713222,0.9768806013745678,9954,6693,409101.00119230786,0.33556596808715794,0.3655621711495399,133.5565968087158,6855.3824337086735,87.8002578843329,0
univ3-conc-c5,643,10000,146.05939285503385,-1985.6812179922354,1985.6812179922354,-1839.6218251372015,129406.3039769689,58104.06009560764,0.6901288076369034,8772,6508,713459.4870538611,-0.9999989894965907,0.9999990289636739,0.00010105034092350234,22499.926535274022,176.0255444871919,0
univ3-conc-c5,644,10000,143.6107267287255,-3931.919562313797,3931.919562313797,-3788.3088355850714,85543.49657193215,22863.57816162442,0.7890951469927712,6087,7081,945084.4791796483,1.2499923319426909,1.2499941222264832,224.9992331942691,0.011836001012007102,43.50502343556149,0
univ3-conc-c5,645,10000,234.54639743516705,-415.16677132451167,415.16677132451167,-180.62037388934462,143029.27354257993,2478.010365999002,0.9829698534710061,6634,5253,268586.3222954132,-0.27687220626684506,0.4288735524013262,72.3127793733155,12931.02339845412,112.08563231943062,0
univ3-conc-c5,646,10000,139.44613629219063,-266.8211984176739,266.8211984176739,-127.37506212548325,107308.40853614354,6296.711815422753,0.944573697066323,5592,4528,203521.97713662285,0.001900115443935988,0.21465207705335915,100.1900115443936,9981.006555943775,99.87357187932876,0
univ3-conc-c5,647,10000,395.9038022355801,-4925.989209700006,4925.989209700006,-4530.085407464426,167812.70007274218,48376.92883741283,0.7762291878602673,7103,7086,1122592.0711235914,-0.9999989391930936,0.999999074493065,0.0001060806906362698,22499.92566026848,207.24050857232703,0
univ3-conc-c5,648,10000,202.2974446846554,-971.0922807416683,971.0922807416683,-768.794836057013,174650.72219232525,8012.937420006954,0.9561328321297577,11072,7387,522276.2213295459,-0.3604590086735087,0.4160038569203957,63.95409913264913,13884.636212271858,116.09301442264407,0
univ3-conc-c5,649,10000,265.04194161513715,-1723.098302977136,1723.098302977136,-1458.0563613619988,116226.18697078609,26902.765261718272,0.8120382714881029,4538,6677,659583.4036245631,-0.6478008788596693,0.99999906912871,35.21991211403307,17442.204592282993,131.9835907771027,0
univ3-conc-c5,650,10000,23.4400714103368,-700.6974481162783,700.6974481162783,-677.2573767059415,18336.768270453478,103470.52079451004,0.15053917061296654,1639,1511,177000.33137784823,1.1747011790454562,1.2499940578654127,217.47011790454562,487.755270485337,65.57003906431606,0
univ3-conc-c5,651,10000,213.6664354809137,-3595.5187220266434,3595.5187220266434,-3381.85228654573,109009.55294389738,46861.405496107356,0.6993576868641347,4894,6990,874822.8403810033,0.9865062515370088,1.2499941375374257,198.65062515370087,1760.5593136902426,69.76828640236748,0
univ3-conc-c5,652,10000,141.79073768062466,-1581.5878070470496,1581.5878070470496,-1439.797069366425,117401.59864194145,12188.468528596946,0.9059459664253656,7723,7915,645163.0335452721,1.094553329282141,1.249993953013763,209.4553329282141,1020.2035455237826,67.28073571738732,0
univ3-conc-c5,653,10000,57.10723277497066,-2175.4137139946124,2175.4137139946124,-2118.3064812196417,59543.748484879114,1932.9766680324897,0.9685575856029321,4846,8373,822962.3125953717,0.21702343301527094,0.569171116894728,121.7023433015271,7920.044408659394,91.85372398830214,0
univ3-conc-c5,654,10000,143.2147389846865,-2156.4682961661274,2156.4682961661274,-2013.253557181441,96495.90485729514,8123.1586429770405,0.9223548904836458,6076,8260,781795.2841856795,-0.08139164265321625,0.9682438131523818,91.86083573467837,10827.385337846263,103.18343145795929,0
univ3-conc-c5,655,10000,395.0636664482341,-477.4398190366974,477.4398190366974,-82.3761525884633,269017.3038651675,21721.396984335013,0.9252889384149141,11447,4865,267492.3965420089,-0.03452071807771304,0.18231569708365428,96.5479281922287,10347.607876304133,101.30606533075216,0
univ3-conc-c5,656,10000,311.3969674218843,-3915.2339814714246,3915.2339814714246,-3603.8370140495404,203281.34627713775,26488.19828356416,0.8847184106396384,10016,7865,1083993.7798231393,-0.5628768748634986,0.9999990709744128,43.71231251365015,16342.799312040945,126.97958699102001,0
univ3-conc-c5,657,10000,424.3996067390061,-2467.8370205084916,2467.8370205084916,-2043.4374137694854,153560.35811868074,122593.66672317569,0.5560677893672535,5787,5190,639462.2413079223,1.249984228100758,1.2499940828848761,224.9984228100758,0.06362840185141477,59.091139205076885,0
univ3-conc-c5,658,10000,189.92204789994645,-505.7403210012677,505.7403210012677,-315.81827310132127,100482.3931128409,3323.455048746014,0.9679839324315078,4169,6064,329463.83302869607,-0.5763589946762323,0.5991253604091051,42.36410053237677,16514.51637242578,127.85032111518267,0
univ3-conc-c5,659,10000,101.86248405752887,-3380.479088217476,3380.479088217476,-3278.616604159947,108136.55551752378,14556.832743520794,0.8813560131492219,8548,8110,966185.6137893642,1.2499931527748873,1.2499940110017014,224.99931527748873,0.006691884224101399,51.036525213575416,0
univ3-conc-c5,660,10000,281.6212131044747,-551.7116725382976,551.7116725382976,-270.09045943382296,111269.1381881864,1647.416492519901,0.9854103191761536,4546,5867,302102.3917403426,0.0397826841310156,0.5358228297789739,103.97826841310156,9605.313927998373,98.47884106501276,0
univ3-conc-c5,661,10000,122.81303510708644,-757.35724726695,757.35724726695,-634.5442121598636,136267.66656664002,3300.109689920678,0.9763547877709663,10061,7141,471687.015055747,-0.32237534563331494,0.6819801527087034,67.7624654366685,13445.9265206083,114.15948571921379,0
univ3-conc-c5,662,10000,303.8990768492062,-489.60459985881414,489.60459985881414,-185.70552300960793,201900.79638353593,2384.591206508412,0.9883271572448746,11286,5636,294689.4251676257,-0.03340443173190479,0.2686693732838947,96.65955682680952,10336.291835532851,101.29361979293853,0
univ3-conc-c5,663,10000,529.2929459241593,-1072.0678234932589,1072.0678234932589,-542.7748775690995,244017.79874097928,5333.1701176013485,0.9786117930801943,9684,7121,461833.1926019237,0.23383638732149634,1.2376229346016014,123.38363873214963,7766.1079979669075,91.26406102827708,0
univ3-conc-c5,664,10000,345.0196604648952,-854.0993702488297,854.0993702488297,-509.0797097839345,159115.8688155977,12205.759187776895,0.9287552930121791,6264,6855,429505.4066186451,0.3021200945830404,0.4432564591413632,130.21200945830404,7150.947610426514,88.90739423377586,0
univ3-conc-c5,665,10000,214.40058396828496,-1159.7811510035704,1159.7811510035704,-945.3805670352854,71038.37890428596,171052.80453693314,0.29343645602663765,2887,2757,294094.19033495174,1.2499876798453793,1.2499936912689642,224.99876798453792,0.0413641467251864,46.72329681313615,0
univ3-conc-c5,666,10000,452.37568471003806,-5129.795316358098,5129.795316358098,-4677.419631648059,235950.37273440568,51693.18411895661,0.8202873560442403,9663,7810,1158876.6940621983,1.249991359372616,1.249991359372616,224.9991359372616,0.018197641538669984,34.299933565995524,0
univ3-conc-c5,667,10000,81.05586196335064,-1661.762043589877,1661.762043589877,-1580.7061816265264,65507.46034399814,63878.070631840696,0.5062966457681489,5261,4757,490228.693903892,1.2499938385166414,1.249994150414812,224.99938385166413,0.002093491175021764,44.06651226738637,0
univ3-conc-c5,668,10000,108.7225943097174,-1768.7837848680715,1768.7837848680715,-1660.0611905583542,86561.69709906018,58965.79715039256,0.5948133549986256,6335,5353,545299.5551789181,1.249992485564464,1.2499940510210201,224.9992485564464,0.01080259581311438,55.263872548945464,0
univ3-conc-c5,669,10000,341.1547930217904,-348.8619473813742,348.8619473813742,-7.707154359583797,230129.59036913697,7208.957004881744,0.9696258484572199,10319,2922,171275.5219671435,-0.07748257228063707,0.11669586792050084,92.25174277193629,10787.022258631327,103.17282136309223,0
univ3-conc-c5,670,10000,235.0844506198035,-1859.6227031032972,1859.6227031032972,-1624.5382524834938,114146.98748516032,3294.319344102546,0.9719492278054104,4640,8042,690768.9824389435,0.9707525911398193,1.2499941025756036,197.07525911398193,1870.744127487322,70.1268352414169,0
univ3-conc-c5,671,10000,67.87877135320757,-2392.3950176747044,2392.3950176747044,-2324.516246321497,67931.06464822672,21727.490015327425,0.7576640612057561,4695,6591,774158.8868470598,-0.9999989573682284,0.9999990645923222,0.00010426317715967956,22499.925727283353,196.57284604550597,0
univ3-conc-c5,672,10000,109.48904502710563,-1191.3989106522345,1191.3989106522345,-1081.9098656251288,104301.13647218217,4745.505936985203,0.956481870214958,7106,7703,595470.5876756893,0.42093930470824176,0.490434039580266,142.09393047082418,6117.4638783831215,85.07281675444192,0
univ3-conc-c5,673,10000,232.27828665224922,-1990.9080679161816,1990.9080679161816,-1758.6297812639323,141385.56266563537,109572.64937301657,0.5633828895938242,6268,5208,644426.0692763532,-0.9999990270600324,0.9999990917497438,0.00009729399675807006,22499.92682807324,208.3391821168631,0
univ3-conc-c5,674,10000,140.89480233773511,-2734.982335199511,2734.982335199511,-2594.087532861776,105782.98811547016,10486.46723909942,0.9098089243892954,6162,8367,940180.381151664,-0.28207780546436595,0.9999990025287637,71.7922194535634,12989.425768193132,112.31457047343919,0
univ3-conc-c5,675,10000,361.3161316559762,-363.51429146230026,363.51429146230026,-2.1981598063240426,233053.65532339903,4721.029928025556,0.9801449430033584,11249,2786,165298.08644789326,-0.02155005896046674,0.08850848062821172,97.84499410395333,10216.434105839588,100.94105821059277,0
univ3-conc-c5,676,10000,304.3674590541406,-1393.7405297122257,1393.7405297122257,-1089.373070658085,184944.82396063695,9506.935491836986,0.9511090281795029,9151,7783,606972.6879794938,0.4767445509602476,0.7745805538716891,147.67445509602476,5647.54890692767,83.65176315775184,0
univ3-conc-c5,677,10000,105.432996610314,-4176.887773395788,4176.887773395788,-4071.4547767854738,67088.63598120134,16282.357118143156,0.804699974021646,4077,8186,1129785.8342842038,-0.9538282130195717,0.9999989739361205,4.617178698042834,21786.746867370748,152.7301053883448,0
univ3-conc-c5,678,10000,434.9856877379244,-1379.6869498266165,1379.6869498266165,-944.701262088692,195335.48166767726,12577.989820645096,0.9395037284952863,8149,7658,563170.1859351132,0.8050882353907716,1.1704214940783932,180.50882353907716,3065.6500136395525,74.18050330198702,0
univ3-conc-c5,679,10000,169.81081552395335,-2662.4616887897214,2662.4616887897214,-2492.650873265768,88799.82704865916,35357.20906810746,0.7152218660015782,3881,6936,780511.0487823355,1.2499934083164086,1.2499940337441,224.99934083164086,0.004869495533071699,61.28312041766061,0
univ3-conc-c5,680,10000,664.3029012815762,-685.9136165369125,685.9136165369125,-21.610715255336345,273024.55394053814,4785.412009944701,0.982774512809243,9823,3617,229718.7307050844,0.034999129705890655,0.15585809836191955,103.49991297058907,9652.442159838276,98.66863183944704,0
univ3-conc-c5,681,10000,100.29496006246694,-213.34030226538158,213.34030226538158,-113.04534220291464,79669.44126660789,1478.0082358668742,0.9817861406004905,4585,4200,180087.31259325272,-0.30594710375591516,0.3575374691297327,69.40528962440848,13258.876491373254,113.9275243100176,0
univ3-conc-c5,682,10000,221.09630388151783,-3251.2139675264407,3251.2139675264407,-3030.1176636449227,154468.0514750964,6284.367152825993,0.9609065468099004,7367,8523,1009947.2233493766,-0.839438800749612,0.9999990390819532,16.056119925038804,20088.010542968506,144.58013305454293,0
univ3-conc-c5,683,10000,272.6073818320605,-303.78695441185937,303.78695441185937,-31.179572579798844,164350.14390693285,944.0039773283513,0.9942889449541229,8073,3067,153235.2916527516,0.1708674423157649,0.27079054454027374,117.08674423157649,8347.786924889826,93.46698194069094,0
univ3-conc-c5,684,10000,65.87551279050761,-1447.4271255352674,1447.4271255352674,-1381.5516127447597,56979.35349911899,77563.47434083397,0.42350346290401647,4291,3950,434512.1834783026,1.2499927942537297,1.2499932551622528,224.99927942537298,0.008716798339953868,35.005667386685694,0
univ3-conc-c5,685,10000,116.30607646009992,-4159.738092879749,4159.738092879749,-4043.4320164196492,111854.13788315092,9390.466005309501,0.922549410826165,8962,8498,1133611.7358040228,0.7924556709852356,0.9999990184739203,179.24556709852357,3159.5709764175285,74.53254446695522,0
univ3-conc-c5,686,10000,125.16027594080293,-400.7940279692204,400.7940279692204,-275.63375202841746,107780.6702437941,5475.641828898703,0.9516526564507575,7682,5803,293605.1608639862,0.6641452339759374,0.6865983945581289,166.41452339759374,4137.273892190609,77.92447921593649,0
univ3-conc-c5,687,10000,85.37376000505881,-412.00436770215344,412.00436770215344,-326.63060769709466,78522.7215417039,4111.846249903382,0.9502406031786494,5741,6107,307664.2506551492,0.4043073671512198,0.4673077246472425,140.43073671512198,6259.392218836753,85.59749766811757,0
univ3-conc-c5,688,10000,26.247348203554107,-1638.4324763453294,1638.4324763453294,-1612.1851281417753,19235.304914820215,59396.3702034079,0.24462539919057574,1050,2444,391418.28754017723,-0.9999990892617652,0.9999990892617652,0.00009107382347678817,22499.927185044136,296.8381024912803,0
univ3-conc-c5,689,10000,250.47298466196997,-347.5790470934058,347.5790470934058,-97.10606243143582,187378.49989087993,4490.902010063498,0.9765939646156712,10083,4565,222009.20918067693,0.2780670198363056,0.32357004183872845,127.80670198363056,7365.823256199317,89.76886576258029,0
univ3-conc-c5,690,10000,91.3980814619773,-3611.4724626499874,3611.4724626499874,-3520.07438118801,74061.12962423074,7657.178742961425,0.9062978799248421,4391,8627,1065675.0361253372,0.7503669585956456,0.884944570619277,175.03669585956456,3475.4707664356056,75.62694109864069,0
univ3-conc-c5,691,10000,517.7776376370998,-795.3881467610041,795.3881467610041,-277.6105091239043,251824.7827014953,4916.39874805157,0.980850759039536,9477,6239,391484.2241520381,-0.628810860347238,0.6496382737298585,37.11891396527621,17192.65655171615,130.8393435159028,0
univ3-conc-c5,692,10000,343.60804639321736,-1770.2044815348172,1770.2044815348172,-1426.5964351415998,191131.55331956068,41036.8668946362,0.8232452679965006,8306,7514,660588.013245507,-0.2753581568296461,1.2499938468501472,72.46418431703539,12914.061497535007,112.0643809274625,0
univ3-conc-c5,693,10000,182.97992880628544,-1839.493122754477,1839.493122754477,-1656.5131939481917,118696.51154742252,2337.426037151665,0.9806878460388982,7384,8079,708485.9098081149,-0.22062971136481707,1.1334188842681254,77.9370288635183,12308.14507157934,109.43152602398868,0
univ3-conc-c5,694,10000,281.27882060064763,-2160.1886924769105,2160.1886924769105,-1878.909871876263,189766.9147274558,3292.0565095376087,0.982947922655734,9487,8224,807602.5441042352,0.7723391297992069,0.8881608484910533,177.2339129799207,3309.982464956661,74.99713505576915,0
univ3-conc-c5,695,10000,465.0776710775801,-2981.331765163779,2981.331765163779,-2516.254094086199,177660.78818417244,84438.0466454383,0.6778389087447447,7567,6052,740096.1153303733,1.2499938359323404,1.2499941250077153,224.99938359323403,0.002223707319263468,59.362736808104785,0
univ3-conc-c5,696,10000,532.2466044671179,-2040.1221146090577,2040.1221146090577,-1507.8755101419397,251664.92314207368,7028.848193816071,0.9728294649016123,9541,8118,741452.6494686686,-0.2875012051942572,0.6882919891937149,71.24987948057428,13050.40893172945,112.57374544884273,0
univ3-conc-c5,697,10000,182.3061162483456,-2349.322548540898,2349.322548540898,-2167.0164322925525,130212.04772286616,10883.252589412798,0.9228659454615039,7891,8346,849458.5411621947,-0.7791420577417775,0.9603793076145628,22.08579422582226,19229.633571518058,140.3254392306608,0
univ3-conc-c5,698,10000,541.5336747839065,-565.0894387572014,565.0894387572014,-23.555763973294916,205403.47674402216,2660.7158021464434,0.9872120436986963,7629,2989,178202.29018356316,-0.11909881387310747,0.22411921873903778,88.09011861268925,11220.049406870423,104.90806521623315,0
univ3-conc-c5,699,10000,386.88574399901563,-3668.8884883612127,3668.8884883612127,-3282.002744362197,190043.57335820916,16826.715344443317,0.9186605507732946,6850,8333,1050121.449239358,0.4441319066062621,0.9999988325024723,144.4131906606262,5920.997804481845,84.27511345553144,0
univ3-conc-c5,700,10000,135.9916618457807,-1537.772637560965,1537.772637560965,-1401.7809757151842,97457.81013550797,35167.33829949487,0.7348365772670201,6125,6456,559971.4818920878,0.7024161696242168,1.2499940534685305,170.2416169624217,3841.051551231822,76.88228090323615,0
univ3-conc-c5,701,10000,178.91561281698864,-4533.268554688554,4533.268554688554,-4354.352941871565,115112.69123440384,13579.874289368321,0.8944781756887127,6446,8127,1109339.7131189697,1.2499914532450627,1.2499914532450627,224.99914532450626,0.017502400017129105,52.70554282196386,0
univ3-conc-c5,702,10000,171.7579302296674,-2080.4737303178727,2080.4737303178727,-1908.7158000882052,111397.7832292912,8152.139436418762,0.9318097473035254,5964,8345,799052.2896408818,0.6195578073327949,0.700861471760048,161.95578073327948,4487.475241457764,79.17456840546116,0
univ3-conc-c5,703,10000,62.77824455399078,-6099.4048792943495,6099.4048792943495,-6036.626634740359,66352.08984042835,7448.928499194356,0.8990674022285796,5350,8997,1376548.0212081065,-0.7185031292259545,1.2499909495415442,28.149687077404554,18390.768034461504,136.3622804204815,0
univ3-conc-c5,704,10000,558.4082093651115,-880.3291627133955,880.3291627133955,-321.920953348284,262735.3249689653,7564.579864788876,0.9720141230924909,10686,6483,392623.3666393155,0.5278286467725403,0.6806365044593841,152.78286467725403,5225.706569451394,81.81499073906875,0
univ3-conc-c5,705,10000,65.91786264201312,-594.4459742044364,594.4459742044364,-528.5281115624233,63913.27950639328,1225.7824653027271,0.981182067592018,4721,6770,395610.50447598123,-0.03594589553644127,0.24402967219525679,96.40541044635587,10362.062393289574,101.45358702177614,0
univ3-conc-c5,706,10000,178.867251861354,-669.8766522650344,669.8766522650344,-491.0094004036804,108242.33884509825,10704.912796740096,0.910002857157443,4190,6712,406006.6685722559,0.3210407925532172,0.3934459534722635,132.10407925532172,6983.286538200597,88.297718567935,0
univ3-conc-c5,707,10000,284.58570793847133,-908.2926104982363,908.2926104982363,-623.706902559765,148883.83029978393,2780.254093086742,0.9816683422168376,6548,7102,465378.0138799436,0.6546437984737554,0.7485374391680734,165.46437984737554,4211.437624428767,78.18641879933519,0
univ3-conc-c5,708,10000,140.787527704807,-2003.3148851013864,2003.3148851013864,-1862.5273573965794,79823.4384893868,23686.832532989076,0.7711644235974545,5625,7426,695890.3391266938,-0.5639121641929009,1.249994120103118,43.608783580709904,16355.948166653861,127.36521796475098,0
univ3-conc-c5,709,10000,126.32249564120534,-4808.337215265654,4808.337215265654,-4682.014719624449,94801.98318297241,32304.1838714389,0.7458488079684583,5311,6968,1094923.9870044293,-0.999999045712761,0.999999045712761,0.00009542872389904566,22499.9271887698,229.0286881279344,0
univ3-conc-c5,710,10000,106.78921305034521,-718.2957344198728,718.2957344198728,-611.5065213695276,85335.96743901532,4175.239297811551,0.9533551222241118,4658,6979,447714.64062581566,-0.5012971902068595,0.6538538725365507,49.87028097931405,15571.563869090149,123.37871282870498,0
univ3-conc-c5,711,10000,106.70093283790726,-3823.1966944982223,3823.1966944982223,-3716.495761660315,82243.74389599208,12656.248400978197,0.8666359385849787,4836,8721,1116201.1187879562,-0.7078672791867953,0.8164211598686123,29.213272081320465,18246.077232524247,135.7026919679984,0
univ3-conc-c5,712,10000,329.9757859096972,-372.9356804091879,372.9356804091879,-42.9598944994907,139569.16142450625,662.035998624276,0.9952789677989651,5404,3198,157667.01727989147,0.42192906526199153,0.49199773437522,142.19290652619915,6109.044951720667,85.02737598750716,0
univ3-conc-c5,713,10000,190.34453933593127,-4520.7123426959215,4520.7123426959215,-4330.36780335999,128990.79948373142,9030.900314604894,0.934568982067313,8141,8339,1178850.156447118,0.6591657707032482,0.9999989975945353,165.91657707032482,4176.1103075102765,78.07764903590488,0
univ3-conc-c5,714,10000,266.6918056942605,-1000.0662853260033,1000.0662853260033,-733.3744796317428,168527.81954724784,23561.274545281005,0.8773419456393937,7351,7301,510037.9768082219,-0.2733078952328751,0.27371240995665347,72.6692104767125,12891.109336368372,111.89803474042124,0
univ3-conc-c5,715,10000,183.38407008079105,-2704.121265679795,2704.121265679795,-2520.7371955990043,79994.62498571878,9465.739894508995,0.8941906853701971,6613,8287,851202.05797044,0.10160139846623693,1.249993727522995,110.1601398466237,9004.220865834084,95.94146580123405,0
univ3-conc-c5,716,10000,139.35670578356346,-204.94606337429457,204.94606337429457,-65.58935759073111,108071.47607840333,1578.4718471486729,0.9856044450817214,6237,3676,155822.1703213336,-0.23310856407241431,0.2622273185568133,76.68914359275857,12445.07770397611,110.00443498299455,0
univ3-conc-c5,717,10000,99.31586464706069,-110.17597627540741,110.17597627540741,-10.860111628346715,85180.03334648213,4124.384298842526,0.9538165702482642,5320,1769,76511.08974662946,0.03369074950375719,0.08300911863240344,103.36907495037572,9665.347744862836,98.72515025958354,0
univ3-conc-c5,718,10000,311.2828647065323,-1147.0050078251963,1147.0050078251963,-835.722143118664,193303.43673946807,18069.342288980173,0.9145143363680323,7820,7393,579563.3928525725,-0.9196692158974645,0.9999989902964355,8.033078410253557,21269.495672347653,151.07665137673703,0
univ3-conc-c5,719,10000,127.55478754583092,-181.0335195407602,181.0335195407602,-53.47873199492929,94450.06272163063,6442.555229092274,0.9361444339541383,4481,3261,138949.70976984213,-0.17303693022606084,0.2701043592663477,82.69630697739392,11792.398751578092,107.2573289111001,0
univ3-conc-c5,720,10000,295.15475202842975,-376.98469734472206,376.98469734472206,-81.82994531629231,186414.48602359561,5663.790688822366,0.9705131117075656,8968,4320,215911.81741154456,0.0975270306989745,0.19408858226651104,109.75270306989745,9043.389062254255,96.13148050933626,0
univ3-conc-c5,721,10000,198.71745340575177,-400.04533398298094,400.04533398298094,-201.32788057722917,151946.9036329954,2784.8983786598687,0.9820017711779115,8788,5495,269390.33984269266,0.5164466145376465,0.6539995030121734,151.64466145376466,5319.020579196417,82.15250460101505,0
univ3-conc-c5,722,10000,240.62132995682956,-2520.4608333903043,2520.4608333903043,-2279.839503433475,171232.3351445448,4313.971376394909,0.9754254506295732,9463,8349,859279.0799038139,1.2499894028673273,1.2499940849805444,224.99894028673273,0.030731302337931865,62.40020232591469,0
univ3-conc-c5,723,10000,169.48687696482654,-4124.128966773956,4124.128966773956,-3954.642089809129,167032.54125685783,18561.285309460396,0.8999897482967846,11049,8780,1147659.5800341119,-0.5962421066548305,1.0128365920921707,40.37578933451696,16769.68071796649,128.91160817583662,0
univ3-conc-c5,724,10000,123.08238356762926,-163.9138192888724,163.9138192888724,-40.831435721243125,110692.05709486824,637.219548232049,0.994276262565912,7319,3007,125869.81458480115,-0.174836116713076,0.20894200650966568,82.5163883286924,11811.710997278948,107.33569419556993,0
univ3-conc-c5,725,10000,313.24684899180016,-1476.5859585358287,1476.5859585358287,-1163.3391095440286,139654.56348384384,154765.32844110232,0.47433807060646815,5498,4266,433641.76769591804,1.2499938414573046,1.2499940424346117,224.99938414573046,0.0020612145189904396,45.70873996978709,0
univ3-conc-c5,726,10000,249.07391609522702,-1422.5241357395053,1422.5241357395053,-1173.4502196442781,52256.59946914172,183019.3610917071,0.22210768726466099,1866,1992,282698.22504487133,1.2499941229992257,1.2499941229992257,224.99941229992257,0.00007323121363989049,54.16903366905275,0
univ3-conc-c5,727,10000,260.39680091539674,-337.123518531556,337.123518531556,-76.72671761615925,187583.53424932848,3654.7495407624715,0.9808890277180377,10646,4281,204882.07221596173,0.18891586377144634,0.2656531595873652,118.89158637714463,8179.620493162177,92.85888436652552,0
univ3-conc-c5,728,10000,303.2355926402444,-841.95520766079,841.95520766079,-538.7196150205457,214397.79896042772,4231.445368116598,0.980645565596166,11799,6969,449747.8446621091,0.003974334677033511,0.37876105940603993,100.39743346770335,9960.289135836912,99.66198221640279,0
univ3-conc-c5,729,10000,82.40266471582308,-2277.440389690158,2277.440389690158,-2195.037724974335,78417.39175657675,94101.40451043044,0.45454404652354646,5358,4403,621357.057281288,-0.9999990107184891,0.9999990775957286,0.00009892815109343491,22499.926433831377,208.9385814085783,0
univ3-conc-c5,730,10000,58.57794982305474,-1035.6745381920007,1035.6745381920007,-977.096588368946,33776.92818728396,161481.23162178101,0.1729860007915318,1895,1687,234541.12451348614,1.2499938214343924,1.2499939595855252,224.99938214343925,0.001994493403032996,59.683498641207,0
univ3-conc-c5,731,10000,548.0196631878117,-3028.6492253299357,3028.6492253299357,-2480.629562142124,269873.86998937867,13024.37415924754,0.9539609225980034,10024,8539,949987.5667070393,-0.5171050943429207,0.6305890174048977,48.28949056570792,15767.523932031167,124.39984901616288,0
univ3-conc-c5,732,10000,93.59746874817469,-4866.773327170354,4866.773327170354,-4773.175858422179,95926.4500571296,12466.92665502994,0.8849844240194115,7844,8756,1245103.6554266803,0.6159975213523802,0.9999990108518944,161.59975213523802,4515.678484374791,79.2662698882511,0
univ3-conc-c5,733,10000,80.99408546187075,-339.4309611932295,339.4309611932295,-258.4368757313588,70434.42410215751,3943.373294307176,0.9469818489879802,5226,5649,273795.88779904833,-0.0026527375222050865,0.2721987526883056,99.73472624777949,10026.541976134715,100.2393723827712,0
univ3-conc-c5,734,10000,266.59968397431817,-3615.5289340861555,3615.5289340861555,-3348.929250111837,118684.68747984488,26683.36230748635,0.8164427303900462,4549,7757,1041847.5490307435,-0.5853942535243769,0.9999990658086776,41.46057464756231,16630.18278028032,128.31237941132758,0
univ3-conc-c5,735,10000,243.6694071527686,-5528.061962602655,5528.061962602655,-5284.392555449886,132917.40786610244,23381.500093376446,0.8504052242038813,6583,7810,1262265.9459431407,-0.4200913682723141,0.99999907337927,57.99086317276859,14586.234734606347,118.99688162807234,0
univ3-conc-c5,736,10000,360.3385724893169,-1067.8450987560143,1067.8450987560143,-707.5065262666974,168366.11114079357,9936.50227427655,0.9442716958323802,6898,7256,496627.8505389183,0.03528932270384161,0.6904968792863844,103.52893227038416,9649.580623917176,98.53037177512664,0
univ3-conc-c5,737,10000,155.55416540073523,-809.500443475406,809.500443475406,-653.9462780746708,139085.80367822252,6897.524539796812,0.9527512858900183,10863,7170,481616.38796424307,-0.5585436459231855,0.9062311448332595,44.14563540768145,16287.829677432235,126.62826571614187,0
univ3-conc-c5,738,10000,171.58678456843663,-307.89679325738985,307.89679325738985,-136.31000868895322,134464.13929713686,8559.654106129326,0.9401522368939358,9024,4920,224449.77184656376,0.21973405424221654,0.24920951659811125,121.97340542422165,7895.159396107419,91.82415555038274,0
univ3-conc-c5,739,10000,149.81237342974725,-328.8235082496916,328.8235082496916,-179.01113481994435,145078.7974297253,12165.495446937346,0.9226331511027904,9763,5327,257763.47384575344,-0.46691492147333574,0.48084479697164345,53.30850785266642,15150.069859247169,121.64777944769699,0
univ3-conc-c5,740,10000,78.1060259293534,-5473.175832845297,5473.175832845297,-5395.069806915943,84831.61680016843,14485.729817607214,0.8541470316020848,7200,8641,1308149.174391762,0.43833115238714354,0.9999990696619414,143.83311523871436,5969.979275446886,84.62575815646454,0
univ3-conc-c5,741,10000,114.97729576993424,-358.96661921979046,358.96661921979046,-243.98932344985622,104448.28712992009,5147.962830401532,0.9530279290371221,7765,5742,276239.52066645963,0.11129944927024368,0.2633717064127625,111.12994492702437,8911.241343476888,95.66194468520477,0
univ3-conc-c5,742,10000,160.08093301231926,-813.4370550289403,813.4370550289403,-653.356122016621,112100.79848325708,2691.7408120992914,0.9765512564786675,5717,7126,467917.1075764401,-0.6538581946606624,0.67618346447617,34.61418053393377,17522.26276424359,132.35171059481505,0
univ3-conc-c5,743,10000,270.7081602855142,-1258.9804157266967,1258.9804157266967,-988.2722554411826,131389.9598224128,1509.9688975902443,0.9886383016745518,5807,7609,555557.7396692041,0.4511761732116071,1.1460964143407952,145.1176173211607,5861.656258604146,84.1320090263956,0
univ3-conc-c5,744,10000,88.06313057985689,-2902.8692784662744,2902.8692784662744,-2814.8061478864174,77109.70052392692,48503.76187482623,0.6138649397239473,6054,5815,745680.4172906646,1.2499887858367251,1.2499940037322517,224.9988785836725,0.034489283050969155,51.98239017487564,0
univ3-conc-c5,745,10000,222.3392296986744,-4498.118794386518,4498.118794386518,-4275.779564687844,105414.96319394783,28315.793883251208,0.7882626667034773,4362,7814,1053425.5640166763,-0.15841219345897145,1.2499939425507263,84.15878065410286,11635.952552336083,106.59549972683105,0
univ3-conc-c5,746,10000,220.4328853565489,-226.41342058051353,226.41342058051353,-5.980535223964637,162870.29386793243,1246.519540842375,0.9924046810625211,8909,2243,118301.70873210042,-0.02724006087854491,0.08864999316340047,97.27599391214551,10273.893302572787,101.02848243158687,0
univ3-conc-c5,747,10000,93.74860563515628,-2348.257386266175,2348.257386266175,-2254.508780631019,57816.015799166955,33197.64970825139,0.6352454378892639,3771,5957,658865.4658954077,1.2499939327852472,1.249994057614464,224.9993932785247,0.0014770177989590072,59.147130478079994,0
univ3-conc-c5,748,10000,439.1266435112466,-1743.6959767510511,1743.6959767510511,-1304.5693332398046,207675.27805336265,68964.97430697217,0.7507052075084771,9060,6321,586023.7239979119,1.1620043957805735,1.249994186343939,216.20043957805734,571.1811837413984,65.84911581145109,0
univ3-conc-c5,749,10000,221.158006576357,-4695.863465464669,4695.863465464669,-4474.705458888312,181810.53141332974,23416.269295042785,0.885900529491188,10740,8793,1207693.3018051705,0.7402660301238572,0.9597707493681525,174.02660301238572,3551.9735618057316,75.92248779143098,0
univ3-conc-c5,750,10000,52.93529792559798,-1959.734164104626,1959.734164104626,-1906.798866179028,50428.275683535,69201.40669745054,0.4215364839215714,3691,4172,527253.852874235,1.2499854427094081,1.2499932582335866,224.9985442709408,0.05575361270447843,30.054351490408308,0
univ3-conc-c5,751,10000,500.0708447729026,-1049.402314494517,1049.402314494517,-549.3314697216144,259996.21971219516,9549.039384997383,0.9645735212818037,10435,7116,489495.06014439184,-0.033670576930957735,0.35747877215527835,96.63294230690423,10338.989387531095,101.2866927732182,0
univ3-conc-c5,752,10000,138.32970360845388,-4325.665428213159,4325.665428213159,-4187.335724604705,87138.11957665549,12785.435475756669,0.8720478322748784,4066,8756,1167672.080167987,0.6837312442304995,1.2499936682164638,168.37312442304994,3985.1770957709764,77.42692162612333,0
univ3-conc-c5,753,10000,170.11825658439042,-2385.956238660674,2385.956238660674,-2215.8379820762834,149873.88511316062,14294.938495745726,0.9129253765635791,10251,8332,834751.9411947917,-0.37555495327916993,0.9328829518673163,62.444504672083006,14060.535643298796,116.90083946461168,0
univ3-conc-c5,754,10000,635.5616917426668,-650.4214573116893,650.4214573116893,-14.859765569022557,236318.70592541757,1804.7034913549676,0.9924211420633731,8756,3085,194624.88545214274,-0.008304513305845092,0.2881817810411002,99.16954866941549,10083.18387280087,100.34288258639835,0
univ3-conc-c5,755,10000,118.19119634607806,-2383.878467162209,2383.878467162209,-2265.687270816131,90589.5132309196,34602.88300448958,0.7236023588890891,7821,6748,722857.415559793,0.762767073710111,1.2499941068254627,176.2767073710111,3381.921376139421,75.26623008941496,0
univ3-conc-c5,756,10000,94.05933779658363,-2680.68834494891,2680.68834494891,-2586.6290071523263,80944.47470053125,80798.37486997819,0.5004516423166187,5331,4977,673908.6049427126,1.249989269114871,1.2499940702833292,224.9989269114871,0.03134291345904733,29.392458375787093,0
univ3-conc-c5,757,10000,324.46170428463455,-3793.0536912577954,3793.0536912577954,-3468.591986973161,176939.62961847318,133557.83204561163,0.5698585381992505,7701,5855,852031.9099639044,-0.9999988753962985,1.2499936161182352,0.00011246037014799222,22499.924625825093,158.94831824420146,0
univ3-conc-c5,758,10000,188.93834722473608,-271.1738105010924,271.1738105010924,-82.23546327635634,135271.9095849264,2592.5825323238446,0.9811947043614471,7555,4108,185475.63018233897,-0.16538757796048514,0.2231201200950005,83.46124220395149,11710.45282914911,106.84769461779557,0
univ3-conc-c5,759,10000,40.51624945118627,-2206.362652516793,2206.362652516793,-2165.8464030656064,37105.49174576906,50540.96126264572,0.42335417432359335,3131,3973,531122.5700918371,0.9040247858625665,1.2499939980154862,190.40247858625665,2343.9738546836675,71.69126603690364,0
univ3-conc-c5,760,10000,104.77131722351656,-161.11177793391522,161.11177793391522,-56.34046071039866,82808.92517592611,1176.7591183450618,0.9859885749787798,4533,3164,130101.2533251497,-0.07723566968821245,0.18277192490930402,92.27643303117875,10784.47472572295,103.10818805891064,0
univ3-conc-c5,761,10000,267.20019130760056,-699.0799742234137,699.0799742234137,-431.87978291581317,210507.4565164439,4893.83507818029,0.9772803819236595,11508,6693,415399.39083273156,-0.22924872768501758,0.38634683845307805,77.07512723149824,12402.646884990883,109.84123302701997,0
univ3-conc-c5,762,10000,245.40611830196897,-461.9930630736488,461.9930630736488,-216.5869447716798,131506.7310227889,3778.315688542234,0.9720714463247048,5481,5515,285465.7730883622,0.1073169092339306,0.3914852775965144,110.73169092339306,8949.380841802813,95.76820015918756,0
univ3-conc-c5,763,10000,225.08533913744867,-948.4016978962927,948.4016978962927,-723.316358758844,173138.48807378797,16896.818421676726,0.9110858990717076,9738,7319,508826.59659653984,0.4801935815567066,0.5596171902915992,148.01935815567066,5618.819935267578,83.24321816981625,0
univ3-conc-c5,764,10000,240.1122715376009,-332.27463394206603,332.27463394206603,-92.16236240446514,164716.4626911603,11646.907560065358,0.9339607337766647,8315,4335,210017.85257921353,-0.2776615596087039,0.3939689095379505,72.23384403912961,12939.870996481362,112.10210031335453,0
univ3-conc-c5,765,10000,269.1326141764121,-2620.7147829601445,2620.7147829601445,-2351.5821687837324,130334.71948566216,19551.2801481395,0.8695589968649055,7412,7543,787029.2639630899,1.2499930797292538,1.249994175954327,224.99930797292538,0.007100953310146263,59.15366382988853,0
univ3-conc-c5,766,10000,290.8833189611183,-919.7698461296475,919.7698461296475,-628.8865271685293,196226.04320679628,5221.759756034533,0.9740788448459873,10010,7189,499820.2295228021,-0.6006692865760724,0.7016414830797367,39.93307134239276,16826.80930081759,129.17125411408526,0
univ3-conc-c5,767,10000,329.4217406953231,-4875.686838296016,4875.686838296016,-4546.265097600693,196007.29973178694,81596.17387890034,0.7060693340122562,8629,6771,1099829.767317562,-0.795767306854451,0.9999990102819494,20.423269314554904,19463.850120707153,141.39502169550477,0
univ3-conc-c5,768,10000,257.7321511778207,-1173.0702595461578,1173.0702595461578,-915.3381083683371,152603.93136801038,4659.044060204136,0.970374183449614,6991,7441,566038.2383780634,-0.273628575352854,0.674823794130624,72.6371424647146,12894.697927028314,111.92007962805289,0
univ3-conc-c5,769,10000,75.68579474961133,-1283.6602905019242,1283.6602905019242,-1207.9744957523128,31245.191945816987,82535.89316823073,0.27460796242625546,1930,2447,311458.59924154263,1.249994134342555,1.249994134342555,224.9994134342555,0.000014759690209587006,37.26992806776026,0
univ3-conc-c5,770,10000,176.9841706113911,-1438.5563711664581,1438.5563711664581,-1261.572200555067,111954.87373082558,51347.394325211324,0.6855683945088163,7472,5839,518329.85198587104,1.2499922689891423,1.2499941477682173,224.99922689891423,0.012241064854435435,57.98356107023355,0
univ3-conc-c5,771,10000,240.61017172114651,-1041.9617326544742,1041.9617326544742,-801.3515609333276,141387.7614566598,14707.70570659502,0.9057774964649503,6015,7355,538819.5124076114,-0.3797761701485114,0.6462257270295615,62.02238298514886,14109.926989571555,117.1002968466999,0
univ3-conc-c5,772,10000,210.08891623065284,-1082.158129440348,1082.158129440348,-872.0692132096951,116537.66462450074,2954.5432807390525,0.9752741761782319,4776,7490,555093.8110804403,-0.15433958453828125,0.7669369313512019,84.56604154617187,11592.55436582368,106.47163313139586,0
univ3-conc-c5,773,10000,84.06307827408332,-1739.228176390628,1739.228176390628,-1655.1650981165446,46094.7999599925,20065.419727521155,0.6967147354967432,2989,5969,562755.3201754878,1.2499894654355719,1.2499940181419753,224.9989465435572,0.030041483034747074,60.991476141526256,0
univ3-conc-c5,774,10000,345.2745348516084,-2590.3544656831996,2590.3544656831996,-2245.0799308315914,202836.13810160497,9403.381270036514,0.9556944847129495,8976,8419,869500.53509506,-0.12393989310224257,0.8945064245305033,87.60601068977574,11270.90232764232,105.14823605591745,0
univ3-conc-c5,775,10000,322.30689128977303,-580.2204185030024,580.2204185030024,-257.9135272132294,207658.466855186,11498.925839381496,0.9475311980216558,9392,6041,343930.27177090937,-0.0808575789521477,0.33730106893246414,91.91424210478523,10821.86714727428,103.46699775840948,0
univ3-conc-c5,776,10000,346.95269461162076,-4287.76231866455,4287.76231866455,-3940.809624052929,190394.12060522768,24162.480193439864,0.887384121003515,9960,8081,1064593.5756590068,0.5971116134583135,1.249994075790318,159.71116134583136,4665.885073318568,79.8028225848472,0
univ3-conc-c5,777,10000,179.97511793758898,-1287.47370577304,1287.47370577304,-1107.498587835451,145024.04277410006,5115.527589217329,0.965928185508734,10597,7742,611493.3100115784,-0.4693891428102463,0.5882273206715505,53.06108571897537,15180.18807101825,121.75783026085003,0
univ3-conc-c5,778,10000,106.90414742731237,-616.1832413304195,616.1832413304195,-509.27909390310714,96000.01989763013,12048.712500642305,0.8884881642458311,6261,6731,381878.5878710438,0.9525699845112194,1.0192861807897946,195.25699845112194,1998.6425681926994,70.4965545879545,0
univ3-conc-c5,779,10000,268.0810870140673,-3003.753717799773,3003.753717799773,-2735.6726307857057,123126.14428353228,1808.2252740018694,0.9855265986421041,5392,8511,925978.4871213029,-0.4277926535124297,1.1524049694193013,57.22073464875703,14678.177770128988,119.5149394147438,0
univ3-conc-c5,780,10000,56.73510112524905,-2261.5805246779487,2261.5805246779487,-2204.8454235526997,45127.00893355299,36844.958084410995,0.5505175802803841,2724,5071,616306.501696081,1.249992236436733,1.2499927708747163,224.9992236436733,0.01227081046368994,43.201264710126864,0
univ3-conc-c5,781,10000,375.84114871556585,-460.8560399292913,460.8560399292913,-85.01489121372543,227857.6398685947,11986.314279049195,0.9500245302340595,9825,4669,243194.41041518172,0.3194638221884739,0.35971078921070754,131.9463822188474,6997.215063878252,88.30946982733876,0
univ3-conc-c5,782,10000,59.022182045789336,-1259.903464369914,1259.903464369914,-1200.8812823241246,46278.84790000641,119083.36255547154,0.27986350552846845,3483,2642,329974.85174367373,1.2499879251186772,1.249991622065028,224.99879251186772,0.03981020502740762,30.849314336764525,0
univ3-conc-c5,783,10000,72.89634717962684,-2032.761769807984,2032.761769807984,-1959.865422628357,56861.874447562266,127494.75504319397,0.30843411817969557,3352,3106,478373.40362563333,-0.9999988937713501,0.9999990766784882,0.00011062286499400123,22499.924364813003,187.45760283221549,0
univ3-conc-c5,784,10000,332.75215503431826,-1715.577648716404,1715.577648716404,-1382.8254936820856,191706.26819467326,14552.49885827268,0.929445428835822,8515,7958,687014.5309843404,0.24744187178694702,0.7953260961846916,124.7441871786947,7642.260552110347,90.7681798913549,0
univ3-conc-c5,785,10000,257.83782925094675,-2043.6741747789592,2043.6741747789592,-1785.8363455280125,192397.47140757943,16524.723287237164,0.9209048932719873,11298,8139,811980.8299383407,-0.18691774062157776,0.9999988249330706,81.30822593784222,11941.76718611851,107.79334861455105,0
univ3-conc-c5,786,10000,233.73905378337744,-1200.5218560822957,1200.5218560822957,-966.7828022989182,188011.94776244945,10656.811646825421,0.9463588956889217,11667,7572,554601.9678657912,1.0029524040153381,1.1560270313332617,200.29524040153382,1646.1483187549052,69.39788457473159,0
univ3-conc-c5,787,10000,143.09971801184136,-256.637549216438,256.637549216438,-113.53783120459664,83796.31539937003,4775.9871403391535,0.9460780966126745,4498,4289,185703.4256964283,-0.05376754382470608,0.22095001776776782,94.62324561752939,10543.520503733702,102.25641890206818,0
univ3-conc-c5,788,10000,189.4076173948457,-491.27893214689226,491.27893214689226,-301.8713147520466,149350.74467053715,2443.9738091033037,0.9838994806039243,9953,6075,314236.6842603439,0.7175361032424163,0.8938104940297029,171.75361032424163,3725.1141297173835,76.4701005624904,0
univ3-conc-c5,789,10000,157.85801620880136,-3852.7759637115723,3852.7759637115723,-3694.917947502771,103301.37191044923,61884.19474643088,0.6253656054891564,5663,5745,864816.1746446815,1.2499867056518976,1.2499937267941383,224.99867056518977,0.04778793875792786,45.19913850165597,0
univ3-conc-c5,790,10000,395.47591194059214,-1898.8529637945146,1898.8529637945146,-1503.3770518539225,232988.5739891474,15181.028864900703,0.9388280083849396,10866,8077,764745.1932973145,-0.16596148276064981,0.9999975689949023,83.40385172393502,11716.592364551801,107.42707785417099,0
univ3-conc-c5,791,10000,312.39314269637146,-1313.4579088091577,1313.4579088091577,-1001.0647661127863,120493.9828330941,6142.631812999224,0.9514940301415525,4444,7582,568108.8320011371,0.6108494261368813,1.2499939200811605,161.08494261368813,4556.522734222062,79.51436980792685,0
univ3-conc-c5,792,10000,144.02837058926968,-228.29964257975317,228.29964257975317,-84.27127199048348,129071.80710692726,4474.009933830337,0.9664983147134822,8262,4084,179368.38451606984,-0.18326131571419935,0.238698145762679,81.67386842858006,11902.337435784651,107.75392412089055,0
univ3-conc-c5,793,10000,372.3423452888248,-1429.357758316465,1429.357758316465,-1057.01541302764,198659.84343420842,15832.30822787992,0.926187004488527,9042,7738,601446.4282153615,0.26875195440362815,0.7449190088668268,126.87519544036282,7449.565508129689,90.0232238598749,0
univ3-conc-c5,794,10000,273.5876587024868,-2241.9569141054335,2241.9569141054335,-1968.3692554029467,172918.457617645,11826.493985943302,0.9359847515004378,8816,8191,766605.180364753,0.7525694751101131,1.1754329783266941,175.2569475110113,3458.825148845143,75.5775003864907,0
univ3-conc-c5,795,10000,110.89646635339383,-2772.7487686803192,2772.7487686803192,-2661.8523023269254,87781.36765702868,20789.82418298939,0.8085143597426505,4745,7701,918660.459630457,-0.030539699775122955,0.9999990616673802,96.9460300224877,10307.274389719134,101.23265814628994,0
univ3-conc-c5,796,10000,154.05722391858794,-1619.0174334854053,1619.0174334854053,-1464.9602095668174,119185.67342064764,65388.14954076892,0.6457344357306957,7561,5489,540768.1746304877,1.2499935682554633,1.249994158962703,224.99935682554633,0.003916136024752603,44.766029147773274,0
univ3-conc-c5,797,10000,27.048055397013492,-1399.7959155809033,1399.7959155809033,-1372.7478601838898,29437.183673340343,36167.984658542926,0.44870220474740025,2562,4398,449893.3484744078,1.2499938247171667,1.249994146755052,224.99938247171667,0.002077816347550776,48.03513720874063,0
univ3-conc-c5,798,10000,281.4690654661797,-310.10978809122844,310.10978809122844,-28.64072262504874,175423.8000920818,1551.3172515144443,0.991234263467092,9197,3117,157058.91392926,0.1315684646174738,0.1442409449573195,113.15684646174738,8718.048196579222,94.88059338914263,0
univ3-conc-c5,799,10000,155.32104219888336,-930.1521329931561,930.1521329931561,-774.8310907942728,146594.3698751252,4769.618975627697,0.9684890771454853,9751,7329,519111.07368417707,-0.6175198706456463,0.6680387748984706,38.248012935435376,17045.30664365453,129.93298697183545,0
univ3-conc-c5,800,10000,111.08949547186981,-425.74098693789534,425.74098693789534,-314.6514914660255,77986.69618960452,1547.3039465096163,0.9805453775258183,5011,5978,297728.1535362659,0.6781915279310019,0.7213300317534131,167.8191527931002,4028.0897265867725,77.59413458054722,0
univ3-conc-c5,801,10000,438.0161623241247,-454.1610064175593,454.1610064175593,-16.144844093434585,239188.51415756773,4240.528823582855,0.9825800209718147,9921,3245,193237.74798792638,-0.11684122076023627,0.19958382465904492,88.31587792397637,11196.369397690427,104.84914144142202,0
univ3-conc-c5,802,10000,283.54650808792735,-933.296388585006,933.296388585006,-649.7498804970786,175849.47299909272,14613.860033677323,0.9232720555658714,8924,7159,478677.0974549587,0.335047106598102,0.5925617731813193,133.5047106598102,6859.939363016501,87.95038740837605,0
univ3-conc-c5,803,10000,278.53436445924564,-1048.2856343218073,1048.2856343218073,-769.7512698625617,207167.15689994892,6021.624964840971,0.9717544942460432,11437,7370,528659.2562367964,0.2738488166718351,0.366652254848679,127.3848816671835,7403.70830993221,89.95941612798795,0
univ3-conc-c5,804,10000,96.98365899463222,-115.20398913367863,115.20398913367863,-18.22033013904641,89272.8847036518,3262.4074453526746,0.9647441817106991,7415,2079,84428.12599468252,0.07094804293530245,0.11489232297849199,107.09480429353025,9300.446240270046,97.2363674029311,0
univ3-conc-c5,805,10000,121.52459167601556,-5976.986341039529,5976.986341039529,-5855.461749363513,124966.04697869254,4168.565674280095,0.9677192226883244,9948,8954,1410135.9096720817,-0.4230690244648383,0.9999987383764913,57.69309755351617,14621.747552687148,119.2981378612403,0
univ3-conc-c5,806,10000,92.75542648729423,-2389.1331555822817,2389.1331555822817,-2296.3777290949874,74945.71808235231,14481.783655526098,0.8380611850482667,5962,7916,782889.3406870294,0.7548884837792837,1.2499940706940222,175.48884837792838,3441.3126313137122,75.48629317156421,0
univ3-conc-c5,807,10000,123.74663429873452,-627.8239093002393,627.8239093002393,-504.07727500150474,103605.18271692851,3577.820012358698,0.9666195206212386,6686,6712,400108.776417957,0.0222111601238835,0.4493077590921314,102.22111601238835,9778.871330324937,99.07495247045713,0
univ3-conc-c5,808,10000,195.7136351805225,-199.31002779119427,199.31002779119427,-3.596392610671785,102753.97828192853,1894.2279741289942,0.981899087983466,4457,1512,84889.57456799858,0.0030443041003654515,0.08438737152549891,100.30443041003655,9969.575779403109,99.8784555894213,0
univ3-conc-c5,809,10000,529.0491862259628,-3614.5523851037387,3614.5523851037387,-3085.503198877776,211468.47339034115,2875.4875794180903,0.9865847044796201,7381,8570,1035742.6848408432,0.03554220993385897,1.2499916501949653,103.5542209933859,9647.087303050217,98.84999152418169,0
univ3-conc-c5,810,10000,254.67109878633215,-4787.223078562129,4787.223078562129,-4532.551979775796,155606.23207284842,25991.30940358552,0.8568741118835111,7190,8517,1176738.7103803754,-0.25721631653269184,1.2499926372521626,74.27836834673082,12711.657888417136,110.90749740308672,0
univ3-conc-c5,811,10000,246.12671860538077,-1699.6451334335131,1699.6451334335131,-1453.5184148281323,57651.22736376113,192538.03705445127,0.2304304603070108,2458,2114,355586.98479220807,-0.9999989579975679,0.9999990923697532,0.00010420024321477312,22499.925224530423,186.54067034309261,0
univ3-conc-c5,812,10000,110.7357981861625,-113.63483643948992,113.63483643948992,-2.8990382533274186,76483.88649663549,80.2091916162724,0.998952391576035,4194,1187,59823.25672652642,0.020786198763940292,0.0559876877195407,102.07861987639403,9792.998810891851,99.1449253962304,0
univ3-conc-c5,813,10000,54.191546055809276,-3746.676309068101,3746.676309068101,-3692.4847630122918,41133.0666591495,22491.77871575823,0.6464937779695021,2679,6174,883669.7482030557,-0.9999990620479694,1.2499940309289514,0.00009379520305130302,22499.92717028025,176.8947872540809,0
univ3-conc-c5,814,10000,76.43030277156501,-3192.0254476408963,3192.0254476408963,-3115.5951448693313,59759.308843821644,4139.540165483724,0.9352172968736745,4296,8222,970806.6453069639,1.2499911259761964,1.2499941528022278,224.99911259761964,0.019523447085269652,62.71693477351568,0
univ3-conc-c5,815,10000,82.46658593862037,-3208.4863936729,3208.4863936729,-3126.0198077342793,55871.95982745051,30780.92949665322,0.6447789596314007,3272,6209,771956.271024402,0.6730360294859864,1.249994130585171,167.30360294859864,4068.1013855246947,77.68030596446827,0
univ3-conc-c5,816,10000,323.99326746231304,-2673.81386395564,2673.81386395564,-2349.820596493327,126898.58994662415,27606.86533208384,0.8213210965121938,5406,7130,771588.3379847225,1.2194170962941393,1.2499941081875068,221.94170962941394,196.65726401842736,64.61531201975052,0
univ3-conc-c5,817,10000,72.80513313993538,-399.0225665924214,399.0225665924214,-326.21743345248603,92019.7572488123,4010.4865601995034,0.9582372552528796,7195,6063,322340.7556314196,-0.6104294782190812,0.6924129375166579,38.95705217809188,16953.162601547592,129.80734167473219,0
univ3-conc-c5,818,10000,156.87025394306295,-327.18615182291467,327.18615182291467,-170.31589787985172,144404.07046441265,4668.846941884881,0.9686807837190176,9718,5264,248638.34385314464,0.0371605539417422,0.19724850681577835,103.71605539417422,9631.136565855473,98.4871648904089,0
univ3-conc-c5,819,10000,312.25741106443854,-527.9272007408879,527.9272007408879,-215.66978967644934,208707.62832693083,10088.810436722084,0.9538895125819659,9576,5774,309130.0820191859,0.6543515922060453,0.6675040771329185,165.43515922060453,4213.722461455991,78.1946351444569,0
univ3-conc-c5,820,10000,262.6509182887291,-494.8840768757591,494.8840768757591,-232.23315858703,175855.70018288874,2266.7082465836806,0.9872744352236783,9699,5813,306917.3563125883,-0.01309856135798583,0.23007994566269432,98.69014386420142,10131.330415172431,100.49189058316097,0
univ3-conc-c5,821,10000,436.21794658644484,-3078.112809817175,3078.112809817175,-2641.89486323073,212719.22652457462,23331.867188975604,0.9011575552482337,8329,8327,904717.0735556232,0.08697909987666236,1.2499940857784597,108.69790998766624,9145.081545049086,96.39702422755052,0
univ3-conc-c5,822,10000,125.33162339868,-248.45843628914582,248.45843628914582,-123.12681289046583,89241.88319557752,2508.133011327317,0.9726634052502918,6269,4473,189358.3763318244,0.4246594881519636,0.4712930067283554,142.46594881519636,6085.836657441334,84.97408078309397,0
univ3-conc-c5,823,10000,319.253650248668,-575.2356134513021,575.2356134513021,-255.98196320263412,202443.34044823988,2814.111247173974,0.986289846122859,10975,5909,324353.9972777821,0.05967180179806746,0.21325609888136726,105.96718017980675,9410.320117376745,97.60021019536488,0
univ3-conc-c5,824,10000,99.25289820008221,-272.6009512272606,272.6009512272606,-173.34805302717842,73532.40092542258,1774.2344887377853,0.9764398651064397,4937,5000,217901.88399915176,0.36640316754349245,0.5558444128804294,136.64031675434924,6586.13430071398,86.78164772720766,0
univ3-conc-c5,825,10000,221.3586457764374,-230.65642318250354,230.65642318250354,-9.297777406066132,137760.5456515335,2292.980082918637,0.9836278303534735,6673,2182,113465.14530490097,-0.06441867830940723,0.12024671517686826,93.55813216905928,10652.594930639745,102.54219046099887,0
univ3-conc-c5,826,10000,355.1057104120901,-699.474731484417,699.474731484417,-344.3690210723269,178229.8526076312,3271.597928281346,0.9819748111179198,7791,6387,371235.5448953166,0.41040530150293647,0.49508368049208656,141.04053015029365,6207.254350262903,85.45788929678895,0
univ3-conc-c5,827,10000,210.27541306866954,-3222.5295932616723,3222.5295932616723,-3012.254180193003,97526.95092343524,45526.378835315336,0.6817524002265982,3786,6213,883549.0231106689,-0.9999989225884207,0.999999063665365,0.00010774115794020091,22499.925085963772,160.70313852432446,0
univ3-conc-c5,828,10000,193.8008340556016,-4839.237698147481,4839.237698147481,-4645.436864091879,136406.41557465505,5500.974654920686,0.9612354603518443,8266,8905,1202654.3007639854,0.76617751614088,1.2499923882193482,176.617751614088,3356.262814619336,75.19124874910781,0
univ3-conc-c5,829,10000,175.31388144795673,-289.08557152180236,289.08557152180236,-113.77169007384563,132631.01209905534,1025.2921512934963,0.9923288904549311,7089,4571,215289.53141149267,-0.48839468366163635,0.585450475825842,51.160531633836364,15412.63824319109,122.83687938068753,0
univ3-conc-c5,830,10000,91.79387541426998,-1017.2250696809531,1017.2250696809531,-925.4311942666831,97234.11364670772,36188.24698922562,0.728769249646454,7453,6213,517730.6088690286,-0.29473238611998537,0.9999990730989551,70.52676138800146,13131.937797302511,112.94110362518128,0
univ3-conc-c5,831,10000,276.16349122863795,-2394.2231097409112,2394.2231097409112,-2118.059618512273,108089.51704593145,48828.11280049973,0.6888296563726727,3892,6178,671457.6710930852,1.2499930631939105,1.2499941178035283,224.99930631939105,0.0070562562219405045,51.688097046321765,0
univ3-conc-c5,832,10000,400.9419230183238,-876.3276185130641,876.3276185130641,-475.3856954947403,262181.79171126377,24097.125022788656,0.9158264069960331,10587,6941,458961.81251731317,0.21497723890760212,0.3263972195835729,121.49772389076021,7938.846967292215,91.85844630659516,0
univ3-conc-c5,833,10000,326.66410986469845,-3151.5259728364435,3151.5259728364435,-2824.8618629717453,167465.3053110283,24724.289385040618,0.8713546931396576,6756,8528,960411.1581851708,-0.10779472234450452,0.8275211848955892,89.22052776554955,11101.699015984555,104.45568928617625,0
univ3-conc-c5,834,10000,351.32224490295994,-1521.4436114242155,1521.4436114242155,-1170.1213665212556,179754.06097681122,34078.138983559635,0.8406313970025316,8546,6827,571272.330397157,1.2499897803567392,1.2499933437548643,224.99897803567393,0.02823478065151952,46.10246177590722,0
univ3-conc-c5,835,10000,148.69726713455643,-2279.280561572553,2279.280561572553,-2130.5832944379963,53574.76314433272,87639.81325760712,0.37938550331973214,2387,3496,489136.53318853,1.2499931800783488,1.2499941282066498,224.9993180078349,0.006172875314355147,34.93327604732511,0
univ3-conc-c5,836,10000,479.1841640044596,-664.6986680773766,664.6986680773766,-185.51450407291702,264929.72359169566,12861.582405306777,0.9537005581972909,11256,5744,328878.4689262563,0.24467322173523656,0.4212807374931191,124.46732217352366,7667.410848538781,90.85752508151614,0
univ3-conc-c5,837,10000,168.04475689206458,-644.752093223669,644.752093223669,-476.70733633160444,115055.16007732006,3137.1621712344513,0.9734571407723329,6294,6664,394092.08510198846,0.22913530368624024,0.41894504789672626,122.91353036862402,7809.050452851565,91.23673533614378,0
univ3-conc-c5,838,10000,67.07706892060757,-3885.718897652576,3885.718897652576,-3818.6418287319684,51409.711595763816,16901.18892609043,0.7525843050380613,3760,6896,905539.6467716856,1.2499901969106362,1.24999410790575,224.9990196910636,0.02541627579982375,60.250967028008056,0
univ3-conc-c5,839,10000,157.355292937782,-1290.606266696893,1290.606266696893,-1133.250973759111,81571.38143686112,2323.1292341330222,0.9723089244391263,4140,7762,594531.5129552676,-0.19523413446107882,0.5952825385332702,80.47658655389212,12031.67074801831,108.29122919939262,0
univ3-conc-c5,840,10000,75.83385743013392,-2024.2332991577782,2024.2332991577782,-1948.3994417276442,66742.8076534701,19340.455462729435,0.7753285044896276,5337,6650,661952.3893098502,0.8941512097768498,1.2499941140698296,189.41512097768498,2414.9068957164764,71.96154163648174,0
univ3-conc-c5,841,10000,191.90749252958872,-2669.028657595462,2669.028657595462,-2477.1211650658734,131037.71331365398,16230.567581270552,0.8897891149225065,5721,8381,898992.049971968,-0.020647967686452943,0.5790941543386612,97.9352032313547,10207.336571292923,100.83021057413497,0
univ3-conc-c5,842,10000,581.3312814973108,-2413.521619051234,2413.521619051234,-1832.1903375539234,273608.3155012331,27477.663067318117,0.9087381511488687,11512,8271,848414.6970622361,-0.1183243776375555,0.8158904627326992,88.16756223624445,11211.924280970006,104.82636872516866,0
univ3-conc-c5,843,10000,149.8698519278834,-1235.5670949555147,1235.5670949555147,-1085.6972430276312,100261.46164829945,10309.082531625227,0.9067646577297305,5664,7708,588553.4748342027,0.2410879721907696,0.3813218916145604,124.10879721907696,7700.018391654188,90.99599602018608,0
univ3-conc-c5,844,10000,317.30063616330256,-1785.7926955771068,1785.7926955771068,-1468.4920594138043,206367.54908204466,16299.379283154414,0.9267992808684118,9178,8006,721379.8052115953,-0.6183100606566369,0.8161849586064878,38.168993934336314,17055.594107519235,130.21283471593298,0
univ3-conc-c5,845,10000,400.5955665587725,-5035.043861551041,5035.043861551041,-4634.4482949922685,220827.52526289117,8531.609696519667,0.9628023985265314,9362,8719,1247918.1919384212,0.36486639978882407,0.9999990639693555,136.4866399788824,6599.479319444151,86.84440521727163,0
univ3-conc-c5,846,10000,715.6244011837058,-1639.835722892635,1639.835722892635,-924.2113217089292,294123.91608053556,9529.631910634726,0.9686167608655379,11450,7749,607938.8524900723,0.3841610566284894,0.6258199649472539,138.41610566284893,6432.485210016094,86.26568770451667,0
univ3-conc-c5,847,10000,99.75665353212247,-1823.612516647429,1823.612516647429,-1723.8558631153064,100937.5120977083,16829.90645236253,0.8570919982829801,8398,7442,686433.4401586392,-0.03966993711239582,1.2499933844536983,96.03300628876042,10399.87268328415,101.68714168473659,0
univ3-conc-c5,848,10000,313.62298310978684,-438.4585369251464,438.4585369251464,-124.83555381535956,192703.84556429484,7068.704074923943,0.964616239379786,9256,5048,252108.8690882482,0.3655213856456788,0.45215429823235637,136.55213856456788,6593.790580881367,86.78353724731187,0
univ3-conc-c5,849,10000,190.76868688264798,-2894.90274953121,2894.90274953121,-2704.1340626485617,71443.17426838606,65612.3924819467,0.5212715978077016,3545,4816,675064.9862659232,1.249990932057884,1.2499940014145923,224.9990932057884,0.020639422228924786,48.957746823523024,0
univ3-conc-c5,850,10000,60.88138480343081,-1019.5373993994995,1019.5373993994995,-958.6560145960686,63981.86271729892,2581.0399675564336,0.9612240472778587,5426,7531,522389.86735319544,1.110952809389496,1.160644823764378,211.0952809389496,910.1199499059691,67.06723239911757,0
univ3-conc-c5,851,10000,357.0314612803488,-2518.598019647386,2518.598019647386,-2161.566558367037,173395.68980443408,2945.6182736611513,0.9832959259190895,7946,8396,832166.7215932595,0.5122951296689717,1.0733628663440018,151.22951296689718,5353.151994303702,82.33778507966863,0
univ3-conc-c5,852,10000,195.50256677983202,-2566.937226673093,2566.937226673093,-2371.4346598932607,91534.5695039831,78531.21040993962,0.5382303809167989,3677,5304,706256.3945240388,0.30970053073823295,0.9999991025667838,130.9700530738233,7083.631857350185,88.6748237802902,0
univ3-conc-c5,853,10000,81.82726205320763,-2818.2264835726264,2818.2264835726264,-2736.399221519419,96724.93465572153,8503.798733455598,0.9191874836884598,8386,8458,939706.8885809575,-0.8941992050794713,0.9307582047676631,10.580079492052873,20889.418201808636,148.30004310935598,0
univ3-conc-c5,854,10000,244.83596117711846,-444.4486774518774,444.4486774518774,-199.61271627475895,165955.81964481468,2400.1371082859514,0.985743675753595,9697,5514,276787.17466913565,0.23105086830189692,0.42569635908015613,123.10508683018969,7791.543277715561,91.36150052574122,0
univ3-conc-c5,855,10000,249.8453833956796,-983.135679579852,983.135679579852,-733.2902961841723,161898.37873527533,111133.23052752853,0.592965697899988,6865,5102,446520.68212226534,-0.9999989542462877,0.9999989986237126,0.00010457537122103902,22499.925724125576,198.6265803228232,0
univ3-conc-c5,856,10000,228.57303541847241,-1173.6807815188295,1173.6807815188295,-945.1077461003571,88087.21503707975,42661.836844253834,0.6737120749221703,3612,5835,442976.732406849,1.1124845055593207,1.2499941154814775,211.24845055593207,899.8682989235722,67.00186336323387,0
univ3-conc-c5,857,10000,210.78616533346002,-2888.2785554035913,2888.2785554035913,-2677.4923900701315,54961.31031293174,64670.615308546985,0.4594200923157587,2642,4503,615083.0532061922,1.2499895654695468,1.249994106666839,224.99895654695467,0.029345359920444736,60.32203024469303,0
univ3-conc-c5,858,10000,152.27111214925196,-259.86959237286544,259.86959237286544,-107.59848022361348,119475.55010452434,5634.772928478605,0.9549615667846033,7906,4406,190011.08246168325,0.6762050711655667,0.6991571125603562,167.62050711655667,4043.4980153724337,77.63671165355022,0
univ3-conc-c5,859,10000,488.74714426121943,-767.6469953278739,767.6469953278739,-278.8998510666545,265957.8320362052,16289.14925667324,0.9422876050540625,10252,6414,389777.1826090981,0.5883039339004975,0.6288437887644102,158.83039339004975,4736.282833285242,80.30670692604882,0
univ3-conc-c5,860,10000,137.28629554800597,-4228.421624147567,4228.421624147567,-4091.135328599561,111965.18127434517,32296.03972610186,0.7761280578236491,7583,7526,1086794.5182200114,-0.9999989501389799,0.9999990527431325,0.00010498610201887051,22499.925909410897,197.45107031287412,0
univ3-conc-c5,861,10000,179.4266270505757,-338.6128356710008,338.6128356710008,-159.18620862042513,110502.57532394088,1133.9462451139643,0.9898425154315423,5394,5001,235313.6139454784,-0.0344719847855508,0.32945452272725817,96.55280152144492,10347.113442173204,101.3932377875106,0
univ3-conc-c5,862,10000,369.2252207378142,-4500.466839375394,4500.466839375394,-4131.241618637579,196949.04224118407,29742.337685975814,0.868798109149397,8877,8025,1133458.259417252,1.2499937528931784,1.2499937528931784,224.99937528931784,0.002856795724093142,57.60465136755883,0
univ3-conc-c5,863,10000,172.95984220614525,-1664.7454786807193,1664.7454786807193,-1491.785636474574,114602.19968245439,27141.174956426363,0.8085189164885211,5922,6997,674618.909212793,-0.8489195259925252,0.9999990447434055,15.108047400747475,20225.24542352737,145.07392197208722,0
univ3-conc-c5,864,10000,60.52905980177144,-1623.3041269267642,1623.3041269267642,-1562.7750671249928,69335.95514591635,44671.90242610045,0.6081682142138143,5756,5484,568788.3600413823,1.249991714448301,1.2499935082211835,224.9991714448301,0.015720142670248904,46.03179362892335,0
univ3-conc-c5,865,10000,133.38072548411958,-1876.3791161786164,1876.3791161786164,-1742.9983906944967,101914.78669610393,6395.411683484961,0.9409528208869925,5600,8155,767764.8496751727,-0.4786166100822212,0.6188768294029984,52.13833899177788,15292.801877188804,122.21216496178592,0
univ3-conc-c5,866,10000,75.24276338133255,-1789.216888494263,1789.216888494263,-1713.9741251129306,74637.0978111292,3597.0136907123397,0.954022438273263,5467,8157,747517.051672656,-0.19923947176053403,0.7085438178088177,80.0760528239466,12075.081480643164,108.47222454667182,0
univ3-conc-c5,867,10000,341.8030491789358,-947.0254200495864,947.0254200495864,-605.2223708706506,186466.78094232568,3433.2902202853697,0.9819205427398422,7730,7115,473219.71686050144,0.14118417276212114,0.4839516496594925,114.11841727621211,8626.92941672602,94.5777182947253,0
univ3-conc-c5,868,10000,106.39437172950998,-118.44827060196104,118.44827060196104,-12.053898872451057,89839.53930549939,2395.9545292882945,0.9740235084166196,5259,1826,81000.43871661426,0.023193689850007502,0.10190143105778034,102.31936898500075,9769.13435112054,99.10295489690044,0
univ3-conc-c5,869,10000,114.5223903157988,-2779.277610108945,2779.277610108945,-2664.755219793146,79075.18243018183,5414.415901936106,0.9359161836626004,4957,8166,857683.4859563538,0.5809839231398279,1.2499940138486902,158.0983923139828,4794.958990688552,80.18677816515901,0
univ3-conc-c5,870,10000,115.8991636462597,-306.1186693830977,306.1186693830977,-190.21950573683802,76338.11221882717,1435.5421256817822,0.981542051253978,4074,5133,241843.0201572896,-0.11801916397752521,0.3110189093150477,88.19808360224748,11208.722018365725,105.06790297340291,0
univ3-conc-c5,871,10000,90.28648589532334,-5030.801937113433,5030.801937113433,-4940.51545121811,69273.4230890545,11701.44941615275,0.8554928330958438,4233,8525,1289697.0913682268,-0.9999968587515723,0.9999990737776103,0.00031412484277816143,22499.893051797146,162.52717894192187,0
univ3-conc-c5,872,10000,227.64524741821194,-2028.797908697623,2028.797908697623,-1801.152661279411,96274.04165236308,66386.33108914665,0.5918715175044883,4624,5265,555366.7473833059,1.249987685791715,1.2499941554752148,224.9987685791715,0.041464891339131185,46.93697407140254,0
univ3-conc-c5,873,10000,396.1740175381333,-401.33176959553566,401.33176959553566,-5.1577520574023765,200891.76198492813,2044.8991931877283,0.9899234609394064,8078,2533,157862.8786131269,0.03524008957729336,0.11493284992673011,103.52400895772934,9650.065922301219,98.61261982968234,0
univ3-conc-c5,874,10000,178.63515682162864,-2944.5482338268853,2944.5482338268853,-2765.9130770052566,108138.41169145687,3697.068444545951,0.9669419003696327,5266,8466,944004.2452811275,-0.08110571113751604,0.7158887020833617,91.8894288862484,10824.430756111049,103.32487417824419,0
univ3-conc-c5,875,10000,394.25641895810253,-1792.1562261660677,1792.1562261660677,-1397.899807207965,187927.17339687486,21805.60583116456,0.8960314839128907,8029,7685,650362.4774536225,0.37397506200118896,1.249994168163407,137.3975062001189,6520.494832497644,86.56645037972162,0
univ3-conc-c5,876,10000,396.0840242433214,-769.0820366988545,769.0820366988545,-372.9980124555331,234007.77880491494,7694.627486474422,0.9681648701618717,10752,6551,403049.5880502755,0.4086373579655785,0.41699565452921206,140.86373579655785,6222.358489368022,85.52460096449374,0
univ3-conc-c5,877,10000,285.86235008799474,-1903.7568628150957,1903.7568628150957,-1617.8945127271008,135671.85482693926,9620.364988813133,0.9337860967296604,5550,7962,695619.168979427,0.9697760107588167,1.2499932661194808,196.97760107588167,1877.5937326305777,70.11026216843064,0
univ3-conc-c5,878,10000,265.1638166768372,-2148.382727328304,2148.382727328304,-1883.218910651467,140605.633654381,4509.410549975236,0.9689252718441451,5785,8211,784934.1381509417,0.011086256547243635,0.48290178342649026,101.10862565472436,9889.38338485197,99.63650055586174,0
univ3-conc-c5,879,10000,448.18546419096714,-5411.12134450725,5411.12134450725,-4962.935880316283,252076.7870160564,42561.4522632308,0.8555467465209536,9896,8187,1259635.1576926832,-0.16536359241856075,1.1957101901009113,83.46364075814392,11710.196636829332,106.96298308753185,0
univ3-conc-c5,880,10000,161.36066697120845,-366.00857453787927,366.00857453787927,-204.64790756667082,129054.34607558794,3096.3679602682982,0.9765694193719742,7351,5475,268773.8691573225,-0.1212576881046374,0.24151814869659716,87.87423118953626,11242.714692793517,105.03268926818903,0
univ3-conc-c5,881,10000,515.3662068794557,-967.5550647441166,967.5550647441166,-452.1888578646609,227762.3054724158,3502.8570124482403,0.9848535033343921,8501,6875,429039.1660567867,0.5934542703343243,1.0382123393731348,159.34542703343243,4695.090373815781,79.91864952698177,0
univ3-conc-c5,882,10000,131.21114328916474,-2058.6136057923427,2058.6136057923427,-1927.402462503178,118759.34240927295,5005.1600086323515,0.9595590018878609,7844,8213,773031.222253097,0.185816894252402,0.8211285154245371,118.5816894252402,8208.412029447083,92.96718688283305,0
univ3-conc-c5,883,10000,126.54961184262281,-793.7512870014698,793.7512870014698,-667.201675158847,99740.4593521295,14597.91196845757,0.8723270954461361,7596,6487,416164.03639917704,1.2499933011089572,1.249993808422768,224.99933011089573,0.005654992471013642,57.866316955603345,0
univ3-conc-c5,884,10000,182.4067645802079,-1797.950264255166,1797.950264255166,-1615.5434996749582,121187.86760258021,7784.951845066651,0.9396388178655988,6226,7778,728800.1264503918,-0.9999990110519099,0.9999990110519099,0.00009889480901955648,22499.92676922101,171.72152903121366,0
univ3-conc-c5,885,10000,135.35201188020335,-186.87717915866506,186.87717915866506,-51.52516727846171,102356.48030633063,5609.490656283664,0.9480439011822893,5732,3202,135976.96842118757,0.10591765548391877,0.14255453550451677,110.59176554839188,8962.795112826572,95.93368572207761,0
univ3-conc-c5,886,10000,478.1853904831339,-764.8825981980875,764.8825981980875,-286.6972077149536,261886.76579964356,7218.407205504008,0.9731762599548174,10807,6250,376342.3726490858,0.03546816266967241,0.4697745177565358,103.54681626696724,9647.817413510515,98.39244390078188,0
univ3-conc-c5,887,10000,80.08584541483499,-3420.679553325798,3420.679553325798,-3340.593707910963,75416.20856407087,2343.6721493540126,0.9698601370288704,5364,8567,1047523.503336943,-0.9285012196544503,0.9999990324233948,7.14987803455498,21402.40198361463,150.83631635609953,0
univ3-conc-c5,888,10000,161.14925091884987,-262.8920409753478,262.8920409753478,-101.74279005649794,151420.84487911538,1880.9415839181502,0.9877304653304109,11042,4491,201550.7313470357,-0.029643993369660393,0.15843411332520305,97.03560066303396,10298.208681383649,101.32791616145774,0
univ3-conc-c5,889,10000,231.0082922116668,-330.0008444374417,330.0008444374417,-98.99255222577489,160228.87646763466,11250.053711221462,0.934393959074229,7739,4433,215329.90158449428,0.08412384411248297,0.194926989932398,108.4123844112483,9172.681324055102,96.7181977662013,0
univ3-conc-c5,890,10000,170.29675542455107,-240.18780243522718,240.18780243522718,-69.89104701067612,95113.72459330814,2946.8657951188,0.969948520772249,4492,3560,155272.5652597098,-0.045872622527539306,0.16452138544376055,95.41273774724607,10462.974100265306,101.83985582112363,0
univ3-conc-c5,891,10000,111.62678035929714,-4561.637008457499,4561.637008457499,-4450.010228098202,107636.8379877867,3058.780181055994,0.9723676489489361,8221,8772,1212843.8622777334,0.07072631191879196,0.8749631576853101,107.0726311918792,9302.602397577259,97.39477003811395,0
univ3-conc-c5,892,10000,100.60642602211617,-3092.5580431099934,3092.5580431099934,-2991.9516170878774,84035.6116718682,7095.821516332807,0.9221363993949397,4869,8576,1003911.3375623031,0.31940966795021014,0.9999989212337672,131.940966795021,6997.693476026802,87.98773448184434,0
univ3-conc-c5,893,10000,472.1056089645907,-879.9677968994432,879.9677968994432,-407.8621879348525,266055.82711836614,16365.913236438808,0.9420515105675703,10545,6608,448560.870726684,-0.9999982438589622,0.9999989733903978,0.00017561410377730523,22499.91501422988,162.11446641430615,0
univ3-conc-c5,894,10000,471.32404390421357,-669.1390329264611,669.1390329264611,-197.81498902224757,225030.73974178193,11886.657231757537,0.9498278413337239,8996,5640,319991.7623799264,-0.0924052301315696,0.2435823315629409,90.75947698684304,10941.45171454909,103.80107120402114,0
univ3-conc-c5,895,10000,253.63917853788269,-2877.7742246515463,2877.7742246515463,-2624.1350461136635,181808.1368419075,43905.01498894469,0.8054831336463424,9588,7487,935616.7074043177,-0.9482229966611491,0.9999990606665389,5.177700333885104,21701.27231076276,152.32987369519603,0
univ3-conc-c5,896,10000,108.00641489114348,-1088.8450155497899,1088.8450155497899,-980.8386006586464,100511.17845210279,7155.70894297731,0.933538443284613,7362,7561,539744.2204933059,0.7830467865282611,0.8584111343683637,178.3046786528261,3229.7909002214305,74.75278526739645,0
univ3-conc-c5,897,10000,188.07742330290623,-1308.1203868792916,1308.1203868792916,-1120.0429635763853,103705.23430127297,32251.69499287313,0.7627800571819637,6498,6380,502949.4912492953,1.2499919766421062,1.2499940656159092,224.9991976642106,0.01409743539113606,61.66054881566218,0
univ3-conc-c5,898,10000,115.25175849967161,-3084.4535271688105,3084.4535271688105,-2969.201768669139,93291.57833696854,55957.60241566559,0.6250726326705281,6930,5985,780680.3894350508,1.2499846567474373,1.2499941461392419,224.99846567474373,0.06094500423808924,61.72752126679433,0
univ3-conc-c5,899,10000,51.112442060044835,-628.2546416288999,628.2546416288999,-577.1421995688551,35340.14734651682,162390.57893104228,0.17872865796744736,1702,1723,192829.09022659282,1.249987975111811,1.249987975111811,224.9987975111811,0.039402630775562386,48.27563102318908,0
univ3-conc-c5,900,10000,209.597680358658,-255.54191076962167,255.54191076962167,-45.944230410963655,170909.44556838082,4574.37111795056,0.9739328035808167,11504,3609,166085.0460198274,0.1272946927199378,0.15987862662704289,112.72946927199378,8758.656488603527,95.15456377734994,0
univ3-conc-c5,901,10000,110.25182251630933,-2128.995207859283,2128.995207859283,-2018.7433853429734,80786.62083140152,112594.01772084496,0.4177596135591157,4701,4117,527854.6877932936,1.2499935916546492,1.2499941255806504,224.9993591654649,0.003632359610039826,51.95977984924389,0
univ3-conc-c5,902,10000,277.3168264328998,-1955.8948071630139,1955.8948071630139,-1678.5779807301142,157934.87323131433,70588.19281892263,0.691111299883378,7272,6271,632421.9577084526,1.249991702468889,1.249991702468889,224.9991702468889,0.01587284710920045,42.07959173122799,0
univ3-conc-c5,903,10000,175.66443680978261,-4002.5485077737694,4002.5485077737694,-3826.8840709639867,138385.12549852012,114790.51351082485,0.5465973189206098,7077,5352,889953.821397609,0.6128640361157173,1.1243237201447913,161.28640361157173,4540.530132910983,79.3553036882172,0
univ3-conc-c5,904,10000,325.60777715533914,-352.5833724092528,352.5833724092528,-26.97559525391364,213570.0682243474,1105.8790823534434,0.9948486120768179,10064,3442,183645.72702680598,-0.08776257988579744,0.18861906240044546,91.22374201142026,10893.305943417254,103.56459739764196,0
univ3-conc-c5,905,10000,319.8135220995377,-339.5213201484486,339.5213201484486,-19.707798048910888,195462.97657585397,8127.428667134453,0.9600795103411959,8505,3017,163502.30079935372,0.12232712275702369,0.18432292285778062,112.23271227570237,8805.941910388712,95.28967750177506,0
univ3-conc-c5,906,10000,40.23250182650589,-2109.320345257883,2109.320345257883,-2069.087843431377,45593.17442370573,56680.394792003375,0.4457962577559351,3402,4118,565778.7715170106,-0.9999990597674416,0.9999990742611439,0.00009402325584116808,22499.927041432948,176.99047483532598,0
univ3-conc-c5,907,10000,104.18763397425802,-4904.751481849533,4904.751481849533,-4800.563847875274,91542.981946311,10380.779080225007,0.8981515303627546,5436,8819,1197882.2223350878,-0.3658261905689478,1.157460570170074,63.41738094310522,13947.043614916516,116.46277568617353,0
univ3-conc-c5,908,10000,231.57860148352836,-2241.547753074104,2241.547753074104,-2009.9691515905756,157331.8674009393,5091.958405544959,0.9686501756730467,8430,8345,833625.803282219,0.5698913705429995,0.9283648580141016,156.98913705429996,4884.169577591985,80.53688170807973,0
univ3-conc-c5,909,10000,281.46500297031963,-1115.3246529457601,1115.3246529457601,-833.8596499754406,154175.87930856587,5446.637880341972,0.9658780103442671,6738,7483,529785.6711787495,1.2499926105901522,1.2499941672696275,224.99926105901523,0.0100800422206202,63.95569969304597,0
univ3-conc-c5,910,10000,170.47399527155372,-1483.834811373618,1483.834811373618,-1313.3608161020643,100986.83064945025,152209.57197613144,0.3988478098513357,4767,3825,457518.63966768933,-0.9999989791260602,0.9999989791260602,0.00010208739397976753,22499.925857967686,185.42967231080868,0
univ3-conc-c5,911,10000,195.36673632486378,-3439.3812591647866,3439.3812591647866,-3244.014522839923,163479.46624756078,19679.4823662569,0.8925551685287831,11330,8283,990635.4872547599,1.249993111401777,1.249993607323745,224.9993111401777,0.007051856055769967,52.93232788898077,0
univ3-conc-c5,912,10000,327.1072372336349,-3207.4222735164008,3207.4222735164008,-2880.315036282766,205611.37939091405,8043.257241688718,0.9623539307713701,8836,8332,1010699.8226189105,-0.6766626228556873,0.9999990061076356,32.333737714431265,17825.675704490695,134.0828478532055,0
univ3-conc-c5,913,10000,191.69120293295293,-1533.3480490309034,1533.3480490309034,-1341.6568460979506,161257.1168744112,12829.51440725602,0.926303850486381,9660,7950,678682.4186155635,0.8094962160108352,0.957328897049498,180.94962160108352,3032.9736394931438,74.17759602197118,0
univ3-conc-c5,914,10000,138.19263620164742,-2020.9098806692234,2020.9098806692234,-1882.717244467576,111225.13055074651,10700.48881328613,0.9122375685348152,7184,8195,750372.4341807982,0.5652458161201566,1.1050724218442145,156.52458161201565,4921.6364634164565,80.71806694001118,0
univ3-conc-c5,915,10000,290.8491421949972,-1459.8157013061057,1459.8157013061057,-1168.9665591111084,173246.60118126584,10603.774847364642,0.9423238881724487,8794,7878,625683.6691178752,0.2183454633236042,1.0110692482092734,121.83454633236042,7907.904351462149,91.80961420802007,0
univ3-conc-c5,916,10000,95.20067566963615,-1394.922080573821,1394.922080573821,-1299.7214049041847,35298.78456740852,64515.22945930836,0.35364557684214776,2753,3133,362099.98838166,1.249992643968813,1.2499941044855842,224.9992643968813,0.00960309968656381,31.36505247600264,0
univ3-conc-c5,917,10000,386.9264747479456,-2394.2453252140454,2394.2453252140454,-2007.3188504660998,233974.07607899242,36159.74638941112,0.8661413589050272,10250,7521,817087.535149388,-0.9999988388977725,0.9999990161923745,0.00011611022274800106,22499.92438014887,177.4678224861306,0
univ3-conc-c5,918,10000,157.1120421556249,-1933.6141461550758,1933.6141461550758,-1776.5021039994508,61761.9578490575,44341.62731865335,0.582091149431327,3106,5062,558208.639939944,-0.32768910215767266,1.2499940323306766,67.23108978423274,13506.709206601696,114.53240818853689,0
univ3-conc-c5,919,10000,200.17235157473465,-1012.8421917007745,1012.8421917007745,-812.6698401260398,49812.97570756913,135712.58439352547,0.2684965655429127,2406,2265,274214.4767192091,-0.9999990434976941,0.999999080629862,0.00009565023059053654,22499.92656706622,224.58719251823345,0
univ3-conc-c5,920,10000,128.96556566455655,-2943.183853651376,2943.183853651376,-2814.2182879868196,94079.4751059195,2164.2173075980095,0.9775131517367465,5974,8517,925790.6817482582,0.7310108472930236,1.1055538271181087,173.10108472930236,3622.3071303201345,76.11630482573209,0
univ3-conc-c5,921,10000,21.813212477497842,-1524.6123989238101,1524.6123989238101,-1502.7991864463122,28695.202055026304,68027.79459768248,0.29667403872998876,2539,2870,416717.7959251721,-0.9982986921016748,0.9999990899661384,0.17013078983252583,22473.37017854952,157.45369450939688,0
univ3-conc-c5,922,10000,255.02141393142486,-455.0484762454862,455.0484762454862,-200.02706231406134,136590.8939009968,3790.254070212486,0.9730002630339665,5420,5425,278484.06120612146,0.1350289388457311,0.21491886744878955,113.50289388457311,8685.217195528761,94.81008829113199,0
univ3-conc-c5,923,10000,272.6163157177832,-435.0169872276573,435.0169872276573,-162.4006715098741,175377.13057261423,2627.0115023372523,0.9852418518371829,8537,5425,278433.4170388865,-0.24055015861975476,0.41177084747121406,75.94498413802452,12527.07780169456,110.38617493415198,0
univ3-conc-c5,924,10000,106.50882075680856,-364.7421468017367,364.7421468017367,-258.2333260449281,72559.30502275268,6371.2124629667205,0.9192807463333882,4424,5619,276032.65999442514,-0.3686599234343336,0.38690448099308755,63.13400765656664,13980.051303526765,116.5546764444914,0
univ3-conc-c5,925,10000,221.57709057536968,-3860.1944008758337,3860.1944008758337,-3638.617310300464,80787.40199599645,40202.45590564636,0.6677204469623524,3363,6049,935551.0211311658,0.23603923033735127,0.9999990641327426,123.60392303373513,7746.012049578845,91.18801028239726,0
univ3-conc-c5,926,10000,139.6635045167059,-3066.2616675853733,3066.2616675853733,-2926.5981630686674,105354.02546058402,4264.25773309644,0.9610990282929164,5857,8612,980009.1115010752,-0.07289972548976963,1.0165834655265045,92.71002745102304,10739.783784153098,103.07168258716703,0
univ3-conc-c5,927,10000,241.20291733558287,-2930.970658930957,2930.970658930957,-2689.7677415953744,140620.09002997234,6208.140073379795,0.9577183483788513,5592,8503,951125.0568147302,-0.11712633433010097,0.871121926683241,88.2873665669899,11199.358829425497,104.82748780615688,0
univ3-conc-c5,928,10000,201.91452190079795,-393.6717136458322,393.6717136458322,-191.75719174503425,104963.79087661662,1673.1874601718068,0.9843095004540787,4512,5317,254477.58444880004,0.47922191407935455,0.5170716124537784,147.92219140793546,5626.909550917061,83.2080907777807,0
univ3-conc-c5,929,10000,139.2495620747209,-3749.73930682766,3749.73930682766,-3610.4897447529393,96453.93822100696,22119.521635917605,0.813453013325175,4698,7908,1082544.8414082215,-0.5788256090784294,0.9999990533428809,42.117439092157056,16546.046372744266,127.89647149898721,0
univ3-conc-c5,930,10000,153.35739801006514,-623.8309396119726,623.8309396119726,-470.4735416019074,145093.4828345611,8414.74352732152,0.9451837616344776,9837,6687,406187.1948651847,-0.25170030232398916,0.5248486967261252,74.82996976760109,12650.423856328845,110.88951471751186,0
univ3-conc-c5,931,10000,187.66231937854963,-805.4277268251242,805.4277268251242,-617.7654074465745,91610.20787270866,5928.346194516855,0.9392204831083417,4084,6985,442609.58491396694,-0.17460201090632352,0.5415480541366281,82.53979890936765,11809.197366620478,107.36776649630849,0
univ3-conc-c5,932,10000,226.12125999212836,-231.64932932952973,231.64932932952973,-5.5280693374013765,181662.62620540342,458.3523887090315,0.9974832532075806,11002,2480,128582.800463188,-0.023918347522320006,0.13088055764708798,97.608165247768,10240.333802580868,101.02862854195298,0
univ3-conc-c5,933,10000,310.7391599090522,-4399.027757332947,4399.027757332947,-4088.2885974238943,158135.55749490528,84644.03105404162,0.651354417560616,6824,6047,999129.5329090091,-0.40778456497198845,0.9999989860299003,59.221543502801154,14439.947976869633,118.56551349852177,0
univ3-conc-c5,934,10000,199.1820674941832,-4514.737155698369,4514.737155698369,-4315.555088204186,139955.06660465884,16571.994117611262,0.8941269704986324,7868,8528,1121810.5693067266,0.8158243405875092,1.2499936485524805,181.58243405875092,2986.1497075791394,73.91346420600289,0
univ3-conc-c5,935,10000,182.99871146860994,-542.0710206002645,542.0710206002645,-359.0723091316546,67861.00162484784,62662.982081687725,0.5199121241765311,3482,3823,240647.7089057319,1.2499904271846682,1.2499939699161726,224.99904271846682,0.02383587612968674,60.009998089698215,0
univ3-conc-c5,936,10000,46.07060361947866,-402.89324174592923,402.89324174592923,-356.82263812645056,52306.71884590034,6082.274997473303,0.8958318238230173,4221,6066,315120.4052338742,-0.12333882261513608,0.2761152331489333,87.66611773848639,11264.58256548104,105.05855312620623,0
univ3-conc-c5,937,10000,386.85336407423966,-4451.397261545298,4451.397261545298,-4064.543897471058,192574.3477037019,30865.12503891957,0.8618635970624899,7286,7834,1146800.9438210505,-0.9203691698193452,0.9999990030904002,7.963083018065476,21280.007793606637,150.2718954070977,0
univ3-conc-c5,938,10000,174.6180269726769,-2765.3254707727356,2765.3254707727356,-2590.7074438000586,151633.56064363118,3808.783975768472,0.9754971273426537,9627,8477,946164.7089728363,-0.5483557090324126,0.7131494023629124,45.16442909675874,16159.011159846164,126.17586885449033,0
univ3-conc-c5,939,10000,198.47960972384425,-222.97667714420385,222.97667714420385,-24.4970674203596,155458.43680804953,3435.0265184889986,0.9783815743796221,9588,2877,135231.46742171212,-0.026979018910670904,0.10138952030266893,97.30209810893291,10271.2544142756,101.06099073645629,0
univ3-conc-c5,940,10000,190.21000332430648,-2276.8667559287414,2276.8667559287414,-2086.656752604435,114451.51735785877,6010.640373165494,0.9501034973440668,5852,8317,824004.945087135,-0.45116111592182295,0.9048203375785079,54.88388840781771,14959.071541390425,120.78313631376483,0
univ3-conc-c5,941,10000,384.7251802947023,-2286.7172180499338,2286.7172180499338,-1901.9920377552314,203420.38815733485,24966.490900889814,0.8906833395865754,7847,7787,829689.5313672532,-0.9999988880117092,0.9999990193399789,0.00011119882907599106,22499.924970307427,169.26597924815883,0
univ3-conc-c5,942,10000,153.41900905377526,-943.4984806989424,943.4984806989424,-790.0794716451671,48793.70306124274,127580.09529431678,0.27664938622502994,2687,2424,250339.00874176313,1.2499931137605298,1.249994068136869,224.999311376053,0.006568763623731919,25.402786763145137,0
univ3-conc-c5,943,10000,364.0744876738498,-1085.6048099446384,1085.6048099446384,-721.5303222707887,219589.19530829173,7919.456648518883,0.9651905253694603,11506,7393,502220.3038438279,0.6539664988930909,1.0121139763219296,165.3966498893091,4216.734032812356,78.19488420272818,0
univ3-conc-c5,944,10000,172.29709780175924,-2568.243312788219,2568.243312788219,-2395.94621498646,124151.08909930964,2971.6102144748747,0.9766240787010046,6228,8446,875000.2280283524,0.6183142813036517,0.9136442576335827,161.83142813036517,4497.321912878197,79.20098667178127,0
univ3-conc-c5,945,10000,46.42376692673714,-1980.3591512096998,1980.3591512096998,-1933.9353842829626,38335.09174672382,30080.673833623714,0.5603254077702756,2464,4956,622213.9460594004,-0.9999984433601239,0.9999990668103872,0.00015566398761201333,22499.91739147754,173.7740876760304,0
univ3-conc-c5,946,10000,94.98042436777699,-2175.779299036969,2175.779299036969,-2080.798874669192,47007.20825212291,37174.897470944314,0.558399054625242,2403,4877,604851.9176760194,1.249990831703748,1.249993829061292,224.9990831703748,0.021246902173405857,52.164583536131765,0
univ3-conc-c5,947,10000,196.13827860358936,-5298.693258537066,5298.693258537066,-5102.554979933477,112496.6023034239,8029.9891714348505,0.9333757880881427,5365,8441,1203789.9402359077,-0.5834896362513606,1.249993952533236,41.65103637486394,16605.76126900069,128.16906905538224,0
univ3-conc-c5,948,10000,140.2546931333141,-1681.50004723457,1681.50004723457,-1541.245354101256,85353.27697735986,3028.8334041370895,0.9657302434727653,3976,8012,677445.0380608143,0.45813184366146487,1.2325043686891977,145.8131843661465,5803.211364970736,83.92570193792658,0
univ3-conc-c5,949,10000,489.6538343541367,-2846.6865598006966,2846.6865598006966,-2357.03272544656,148922.3009074989,104711.69934554624,0.5871543277278376,5730,5383,644176.4826407782,0.9582290290055642,1.2499941159379757,195.82290290055641,1958.752512320257,70.36953262042883,0
univ3-conc-c5,950,10000,72.99891854468049,-77.77130396945714,77.77130396945714,-4.772385424776644,72702.69109766188,1022.532921870326,0.986130487421789,5935,1313,55025.35451952632,0.037675573948306604,0.05140750723457117,103.76755739483066,9626.062225604184,98.44005129273961,0
univ3-conc-c5,951,10000,210.769252496619,-3164.2656806028385,3164.2656806028385,-2953.4964281062194,146393.4218305238,5508.018894154211,0.9637395217064629,8506,8403,999655.0867641659,-0.9033391235457257,0.9999989824308841,9.666087645427437,21025.2654772474,148.9629282748829,0
univ3-conc-c5,952,10000,225.12658356869798,-232.02537367865355,232.02537367865355,-6.89879010995557,188011.53075102033,2131.0705949996536,0.9887922507638278,11822,2589,130608.42305833913,0.035286224019477716,0.07076934630227655,103.52862240194777,9649.611198651211,98.64640832164508,0
univ3-conc-c5,953,10000,159.59600444196633,-828.5588290907787,828.5588290907787,-668.9628246488123,149481.5837103994,9926.484048010425,0.9377290987363671,10565,7095,466732.0519520197,-0.4273210117447856,0.6593548023548925,57.26789882552144,14672.538307589835,119.56303624451994,0
univ3-conc-c5,954,10000,111.71984309407458,-1172.216222389294,1172.216222389294,-1060.4963792952194,94469.65297805515,32334.9795952439,0.7450015907222257,6741,6262,495186.4355747,0.8347902311533386,1.2499939625779906,183.47902311533386,2846.4229934521336,73.36659174298256,0
univ3-conc-c5,955,10000,115.85477783650693,-2374.7474634975706,2374.7474634975706,-2258.8926856610638,91439.90873180424,73095.29692025027,0.5557467678083061,5558,5335,657322.0034750643,1.2499900628666056,1.2499910186563017,224.99900628666057,0.026282096873430305,44.53245722914996,0
univ3-conc-c5,956,10000,592.9207171681146,-746.6211894418826,746.6211894418826,-153.700472273768,303461.2872198381,13580.41090855703,0.9571652215190406,11848,5724,347476.7438358998,-0.17754156508342148,0.46725936107621746,82.24584349165785,11840.77823282415,107.41825791751016,0
univ3-conc-c5,957,10000,300.36301490012085,-2082.2055272173984,2082.2055272173984,-1781.8425123172776,184404.9814826123,5139.968816949763,0.9728825863795031,11109,8139,740127.701510886,0.6105573994442929,1.096405108659591,161.0557399444293,4558.842182427951,79.42004567793134,0
univ3-conc-c5,958,10000,263.6250546479665,-526.7337089014484,526.7337089014484,-263.10865425348186,142938.94682957826,3315.0875203488254,0.9773333601696267,6466,5981,319047.93423798593,-0.07912381614708693,0.2710898512027815,92.08761838529131,10803.961020959392,103.19117791931505,0
univ3-conc-c5,959,10000,221.2623533784283,-3979.0651301508587,3979.0651301508587,-3757.8027767724307,142084.11173212522,27685.6119654395,0.836922559791875,8993,7590,1006692.193041111,1.2471627746067078,1.249994129152135,224.71627746067077,18.129498054021123,63.97954373227681,0
univ3-conc-c5,960,10000,241.63579343346498,-876.1556088975872,876.1556088975872,-634.5198154641222,180960.27035757608,5913.585615654417,0.9683552009731017,10037,7169,480960.60287723585,0.5619613632396624,0.5946278418467918,156.19613632396624,4948.163790060972,80.69917607259077,0
univ3-conc-c5,961,10000,42.728770706108946,-2017.2128749119183,2017.2128749119183,-1974.4841042058094,60313.82588516738,4722.72619517711,0.927383509055911,5245,8135,796500.1668564675,-0.18943173787412307,0.7262160215466463,81.0568262125877,11968.91152544395,108.08405333850828,0
univ3-conc-c5,962,10000,184.50114817375263,-239.90291957607317,239.90291957607317,-55.40177140232055,159497.71698354528,2206.98673792463,0.9863517468129679,10221,3679,167571.29939423347,-0.30177298018092175,0.331712725173751,69.82270198190783,13211.559228100243,113.53587072471963,0
univ3-conc-c5,963,10000,198.4049985902689,-3668.70493653378,3668.70493653378,-3470.299937943511,141458.00107245092,43546.99047192429,0.7646172132524375,8829,7530,923379.3030474556,0.34011119411363294,1.2499941356145328,134.0111194113633,6815.501458351997,87.66726353746705,0
univ3-conc-c5,964,10000,183.02669018661493,-4588.316395797816,4588.316395797816,-4405.289705611201,136649.76889456713,24046.99914995637,0.8503579166987741,8423,7764,1123072.6881965527,1.2499915247944116,1.2499941225959288,224.99915247944116,0.017097530407501768,61.096299341296785,0
univ3-conc-c5,965,10000,159.2951591485364,-160.9115829417597,160.9115829417597,-1.6164237932232766,142639.70388871932,248.8597265595019,0.9982583649785328,9126,1946,97211.68529912543,0.00014720520715442832,0.056136662182047985,100.01472052071544,9998.528540154566,100.07319535446113,0
univ3-conc-c5,966,10000,291.7499569045532,-397.83149111143734,397.83149111143734,-106.08153420688416,188169.02818697438,2718.609505986866,0.9857580640692947,9139,4642,233710.06637323304,-0.09197662640209572,0.15919983161076473,90.80233735979043,10937.003100372354,103.84998603647017,0
univ3-conc-c5,967,10000,338.5501326305974,-2183.557788554163,2183.557788554163,-1845.0076559235656,151750.21766078137,3662.480272696032,0.9764338414981785,5699,8161,761169.3979407155,0.45909171379687225,1.1382888818769654,145.90917137968722,5795.157854438342,83.88825720589213,0
univ3-conc-c5,968,10000,492.7642697372889,-2092.332637269989,2092.332637269989,-1599.5683675327,233333.78061328936,7177.964249222069,0.9701554522698035,8789,8135,754493.8721215514,0.1913821504948102,0.8374955215738936,119.13821504948102,8156.7317067801205,92.76347330671241,0
univ3-conc-c5,969,10000,183.87565500285845,-2081.416436734828,2081.416436734828,-1897.5407817319697,82787.15932034331,99542.35229140348,0.45405243829441405,4086,4208,496030.5114904706,1.2499885087238147,1.2499941460759734,224.99885087238147,0.036149567368128244,62.133199381701424,0
univ3-conc-c5,970,10000,91.65393212323467,-601.9433484602891,601.9433484602891,-510.2894163370545,58505.330541392024,139293.28398870054,0.2957823070721821,2452,2531,245933.12207844655,-0.999999085910993,0.999999085910993,0.00009140890070519449,22499.927249036,181.17236352138633,0
univ3-conc-c5,971,10000,309.6481341362686,-406.26800577185736,406.26800577185736,-96.61987163558877,178454.06480938135,5580.784235608375,0.9696753942822857,7823,4636,231963.18679088666,-0.19753495221434222,0.25444728760401575,80.24650477856578,12056.598645091772,108.39538477256826,0
univ3-conc-c5,972,10000,107.8235107646549,-278.23287335518694,278.23287335518694,-170.40936259053206,80701.78234416444,4892.407304449389,0.9428418292814738,4477,4964,225442.45765167227,-0.2558607316939961,0.38436989818548845,74.41392683060039,12696.595788971885,110.90080125537601,0
univ3-conc-c5,973,10000,332.98561234568695,-4943.210026373439,4943.210026373439,-4610.224414027753,217820.33893151578,15707.85452807652,0.9327367959501024,11229,8549,1216293.2509038758,-0.9645047396411336,1.024110456415959,3.549526035886641,21950.212527236446,153.51238374577542,0
univ3-conc-c5,974,10000,110.10841143248737,-880.0789433207926,880.0789433207926,-769.9705318883052,99352.32419204168,3594.4794728176503,0.9650841080552691,6695,7266,510577.5339412521,-0.38797735451841825,0.6864064066207232,61.202264548158176,14206.146010764845,117.57216251344016,0
univ3-conc-c5,975,10000,251.81619002573103,-2413.6945389346506,2413.6945389346506,-2161.8783489089196,116076.47163842201,3020.160696172632,0.9746410907095368,4457,8380,810537.8719918438,1.2422041798325443,1.2499875726125445,224.22041798325444,49.91867614137355,64.16033880879931,0
univ3-conc-c5,976,10000,140.48377902982298,-147.7956100946382,147.7956100946382,-7.311831064815209,106817.45210979275,384.75598994590564,0.9964109322301652,6384,1753,85275.83944864439,-0.06594144291736001,0.10687526884016123,93.405855708264,10668.2274506424,102.75298993868925,0
univ3-conc-c5,977,10000,221.97677713615465,-1922.1653487812148,1922.1653487812148,-1700.1885716450602,136285.27438020305,2887.186353194849,0.9792546144691254,6918,8096,747284.8784950144,0.21603939807341987,0.5400705032106412,121.60393980734199,7929.08489472579,91.86459830000013,0
univ3-conc-c5,978,10000,26.95750448780299,-606.3791084574748,606.3791084574748,-579.4216039696718,22974.386171626593,92825.27954675135,0.19839768991647833,1954,1840,187079.39595818793,1.2499931788725247,1.2499931788725247,224.99931788725246,0.006111212224275908,23.8162423587413,0
univ3-conc-c5,979,10000,275.5994236984166,-1515.1679011735578,1515.1679011735578,-1239.5684774751412,179972.6929900296,11781.25177474475,0.9385605767370425,8925,7874,656671.3673267511,-0.5475530088756444,0.6554651776332957,45.24469911243556,16148.88660327207,126.11982565019574,0
univ3-conc-c5,980,10000,146.81077486739946,-1445.8442652607996,1445.8442652607996,-1299.0334903934001,121327.10652096274,7267.565238902778,0.9434847094405743,9625,7879,658691.0705648428,-0.3030795463061229,0.5026932579893444,69.69204536938771,13226.361530461387,113.32141015727349,0
univ3-conc-c5,981,10000,276.4386100241716,-3989.2843864250262,3989.2843864250262,-3712.8457764008544,159290.96697153477,22560.17108427812,0.8759415457859051,7725,7811,1047479.6359499348,-0.6792435697881117,1.2499936087020753,32.07564302118882,17860.21681688491,133.91110719652707,0
univ3-conc-c5,982,10000,276.5919812393631,-1009.8580128880874,1009.8580128880874,-733.2660316487243,191459.81551068305,8064.593861568238,0.9595809160045067,10100,7405,541156.1785392324,-0.7365324543384696,0.91159069674743,26.346754566153045,18637.689275422857,137.53453606259666,0
univ3-conc-c5,983,10000,353.9918693968533,-646.1790160212721,646.1790160212721,-292.1871466244188,191487.75793330467,10617.660882671667,0.9474647392193903,8164,6163,343476.26933679543,0.5121476340194954,0.6735379572892267,151.21476340194954,5354.365480784066,82.94149992009324,0
univ3-conc-c5,984,10000,375.9699684734923,-757.1166003613674,757.1166003613674,-381.1466318878751,210902.6217116726,8531.225923633014,0.9611216500299821,8064,6583,420674.7142116902,-0.6547479112962472,0.8238717710665455,34.52520887037528,17534.040845545813,132.2300375431944,0
univ3-conc-c5,985,10000,282.4932562961479,-345.6286405026909,345.6286405026909,-63.13538420654305,201543.57827681044,5156.408770071777,0.9750536570236831,10605,4044,203131.36689250806,-0.19734892588995165,0.2844753460418539,80.26510741100483,12054.58240221506,108.3868371185161,0
univ3-conc-c5,986,10000,341.28885250591514,-374.48933195410945,374.48933195410945,-33.2004794481943,194143.9717612295,1450.4555466997972,0.9925843718215126,8764,3262,175583.22593719835,-0.11543452882512667,0.1728056962000332,88.45654711748733,11181.625451346208,105.05371503082581,0
univ3-conc-c5,987,10000,285.25414611838744,-887.3619811244587,887.3619811244587,-602.1078350060712,139348.69861073114,7731.224121117752,0.9474352176862844,5610,7005,456458.44382532063,0.1417454181949418,0.6728220486068716,114.17454181949418,8621.621451035451,94.71457169401732,0
univ3-conc-c5,988,10000,403.2443909908202,-477.8151398372725,477.8151398372725,-74.57074884645232,250937.54846490317,4872.083401075222,0.980954261317151,11743,4582,249263.02070117937,0.12318893404518491,0.1331554133393351,112.31889340451849,8797.732102772154,95.34830776808288,0
univ3-conc-c5,989,10000,291.1577786147193,-498.5603075289518,498.5603075289518,-207.4025289142325,177260.9610325938,19764.608691202957,0.8996850575338508,8417,5645,292050.9887568009,0.33139025458891636,0.6352429136919775,133.13902545889164,6892.081033504418,87.92640818545736,0
univ3-conc-c5,990,10000,167.5889041974765,-2387.864444917255,2387.864444917255,-2220.2755407197783,102558.45169087539,19519.678217151304,0.840105035751634,5631,7623,773959.1802530559,1.249986705830332,1.2499941632144482,224.9986705830332,0.04783856773100936,63.800433732442364,0
univ3-conc-c5,991,10000,427.3561827560532,-2531.3086878882455,2531.3086878882455,-2103.952505132192,249482.93526965944,31275.657833687343,0.8886030255103365,9935,8050,877780.5300081711,-0.6394989850121603,0.9999990406876591,36.050101498783974,17332.842242339208,131.43011031994297,0
univ3-conc-c5,992,10000,228.5374199390417,-2653.3358544661437,2653.3358544661437,-2424.798434527102,146698.72834880312,104162.80847266411,0.58477967650021,7148,5702,718808.1883618631,-0.13688043520348145,1.2499938677085993,86.31195647965185,11407.331511818193,105.72201433928285,0
univ3-conc-c5,993,10000,136.0070095788203,-3299.7689551637714,3299.7689551637714,-3163.7619455849513,82085.58855936574,27373.585204808845,0.7499196799732462,3705,7219,898357.56105125,1.2383112901010234,1.2499941422116811,223.83112901010233,74.91115755180775,64.12596545006191,0
univ3-conc-c5,994,10000,359.6922320813673,-809.5684284728317,809.5684284728317,-449.87619639146436,230931.51650595327,17910.443754735006,0.9280248245272947,10269,6834,434357.77026014664,-0.11800732895174945,0.48828832156289736,88.19926710482505,11208.59829837692,104.93080575184041,0
univ3-conc-c5,995,10000,671.9699631945739,-5006.656492651013,5006.656492651013,-4334.686529456439,281713.4874588501,14693.94967090728,0.9504265148904656,10578,8594,1153543.0413739767,0.7539637159557029,1.2499939958393156,175.3963715955703,3448.294684458385,75.38367126263556,0
univ3-conc-c5,996,10000,350.5459796777982,-3910.6219302938125,3910.6219302938125,-3560.0759506160143,152473.964599187,54929.889541915196,0.7351549238591055,6453,7291,921995.2597501647,0.34672103813354993,1.2499939664349278,134.672103813355,6757.625891923289,87.21507112732313,0
univ3-conc-c5,997,10000,140.64581808637672,-428.0630583442368,428.0630583442368,-287.4172402578601,111807.75094472991,7240.419682028181,0.9391807564626216,7269,5923,304800.1843155364,-0.16785389641853685,0.26900363513559583,83.21461035814632,11736.845798573933,107.08728473357351,0
univ3-conc-c5,998,10000,368.6597934332681,-474.7220902298876,474.7220902298876,-106.06229679661953,233221.09942723255,18873.64167071372,0.9251327433943545,9740,4906,261621.9482784817,0.09629353291753943,0.26601221830751626,109.62935329175394,9055.259514456942,96.25685765340556,0
univ3-conc-c5,999,10000,254.32287289524027,-393.101860865553,393.101860865553,-138.77898797031276,130571.44367995203,2883.6052250867574,0.9783926854117103,5305,4838,232199.34651421275,0.26582870421933935,0.36777446166674055,126.58287042193393,7475.9062139275475,90.08787327790438,0
univ3-conc-c10,0,10000,143.7590915559482,-375.6394573079356,375.6394573079356,-231.88036575198737,153869.18942852766,2264.492274339251,0.9854964524653385,6672,5626,384619.3445684113,0.6482043554800899,0.7975910305369024,164.820435548009,3912.4956421215734,88.19719749066152,0
univ3-conc-c10,1,10000,18.2714335363507,-1952.1009336242923,1952.1009336242923,-1933.8295000879416,13718.986207435371,44575.8566457607,0.23533790530980417,955,2167,527659.4561150518,1.111091131599441,1.1110935338969035,211.1091131599441,0.019915222572234853,51.02014315808477,0
univ3-conc-c10,2,10000,75.55424937469034,-136.6472156945223,136.6472156945223,-61.092966319831945,123624.61460252137,1214.2529382579723,0.9902734383755818,7603,3390,184441.15504775746,0.3929264304130263,0.4431057719543696,139.29264304130263,6219.269986993142,92.60684722629529,0
univ3-conc-c10,3,10000,49.979723441114935,-2350.381999818948,2350.381999818948,-2300.402276377833,80421.7131365267,1539.0830668554852,0.9812217165016758,5761,8430,1209698.9524268932,0.24660310056295742,0.996236075403933,124.66031005629574,7593.310945722673,95.23520454777344,0
univ3-conc-c10,4,10000,97.87944785002195,-294.4168759642204,294.4168759642204,-196.53742811419846,101216.59240943847,1067.6944549308407,0.9895615007186136,4397,5234,340039.5762409134,0.01017143652838513,0.34657327719816267,101.01714365283851,9898.38942476112,99.79690512669549,0
univ3-conc-c10,5,10000,92.94176149635895,-1485.7470902698037,1485.7470902698037,-1392.8053287734447,114507.4528977233,31836.444095526535,0.7824545830087127,6902,6472,813089.2479377453,0.5607840499015728,1.1110935681716196,156.07840499015728,4689.899773881374,89.6630303027163,0
univ3-conc-c10,6,10000,64.32864884301273,-2686.3084130625125,2686.3084130625125,-2621.9797642195,127342.25598680032,2357.7681619297596,0.9818213745340089,9044,8520,1290701.2692773917,-0.5873308066452021,0.6991694611945266,41.26691933547979,16239.73583454575,112.87745809577848,0
univ3-conc-c10,7,10000,165.79561872008728,-168.76697268342457,168.76697268342457,-2.971353963337293,156817.56401504116,156.67902181575042,0.9990018806984854,5831,1583,119084.05348813166,0.02247629931795032,0.09833086725093125,102.24762993179503,9775.741348945841,99.57023518258744,0
univ3-conc-c10,8,10000,377.62117750312495,-10730.234954353133,10730.234954353133,-10352.613776850008,265078.0386582363,14959.931779281414,0.9465789165808167,9464,8892,2509529.2588496115,-0.8055240649262229,1.1110933093667605,19.447593507377714,18760.848855529537,118.34002263650147,0
univ3-conc-c10,9,10000,144.20066524358944,-7792.916082102319,7792.916082102319,-7648.715416858729,140222.52221156046,64924.63432127904,0.6835216465167723,6480,6536,1831714.496405607,-0.9999974125676273,1.1110935285378087,0.00025874323727414936,21110.904604456482,153.7840946317001,0
univ3-conc-c10,10,10000,127.85266753569286,-142.94836360719947,142.94836360719947,-15.095696071506609,154798.61223456933,437.2566026195255,0.9971832759664707,7565,2137,132312.5800394163,-0.07477348219840436,0.15482250496387068,92.52265178015956,10753.367691881107,101.48687291166948,0
univ3-conc-c10,11,10000,108.46462897793162,-4600.196269399584,4600.196269399584,-4491.731640421653,82035.68620287815,64656.85134951578,0.5592355792030498,3547,5259,1305512.9018990656,0.24711419334826815,0.9999979921228046,124.71141933482681,7588.443028579238,95.23554058680836,0
univ3-conc-c10,12,10000,335.85118893641237,-369.8758811739782,369.8758811739782,-34.02469223756583,302046.0368307861,742.5776506891498,0.9975475377369759,11694,3549,259889.87354814747,-0.07326272068346512,0.18821116936289173,92.67372793165349,10738.034231969114,101.37104955938125,0
univ3-conc-c10,13,10000,280.14302550146846,-357.58918238692877,357.58918238692877,-77.44615688546031,284017.8757930042,3141.170403379989,0.9890612173114971,10603,4290,306206.1218219209,-0.02253822391120906,0.21298761639796837,97.7461776088791,10225.892014180941,100.44654210855664,0
univ3-conc-c10,14,10000,64.88942684042512,-3004.2849762919436,3004.2849762919436,-2939.3955494515185,40101.244503751666,94391.64571749185,0.29816627806707335,2077,2824,729827.7449479041,1.1110933896695485,1.1110933916288566,211.10933896695485,0.00169998146803986,62.80895993167865,0
univ3-conc-c10,15,10000,211.77432912414253,-631.4647874903256,631.4647874903256,-419.6904583661831,201325.07023224447,4413.752119071985,0.9785468193672503,7340,6578,541314.6104513555,0.3763941519777953,0.4699390712817251,137.63941519777953,6372.5739374762325,92.84026173414608,0
univ3-conc-c10,16,10000,683.8377170838124,-6437.821159934896,6437.821159934896,-5753.983442851084,145013.17487136458,111727.12652853274,0.564824353950932,5401,5285,1463633.491725799,1.111092374023455,1.1110936004371046,211.1092374023455,0.010161729218650412,33.40793782367383,0
univ3-conc-c10,17,10000,67.07749653160478,-4146.483442732977,4146.483442732977,-4079.405946201372,103304.84597558061,18479.92160261846,0.848257528670387,7550,7666,1486227.8510004375,-0.9999978665267677,1.1108663681596798,0.00021334732321969142,21110.910339466238,139.045628647001,0
univ3-conc-c10,18,10000,271.33506636653095,-414.48751489031315,414.48751489031315,-143.1524485237822,273529.7530829513,1224.6065180380047,0.9955429041423894,10358,5095,365395.23000469425,0.32736482880035284,0.34656322536803513,132.73648288003528,6830.108794264242,93.76140412178559,0
univ3-conc-c10,19,10000,102.09587988357153,-1119.2569164348229,1119.2569164348229,-1017.1610365512513,116553.78931998363,19148.695295297483,0.858892080350744,9165,6858,767665.8315214339,-0.5658310753649373,0.9999979734394628,43.41689246350627,15997.627798951187,112.35294496405139,0
univ3-conc-c10,20,10000,139.32026225988074,-1777.7607860841092,1777.7607860841092,-1638.4405238242284,143896.05209653283,42540.73161062573,0.7718222189595073,6449,6559,894044.5177101804,0.20156625999953476,1.1110935795292969,120.15662599995348,8024.1586665625155,96.08783510341532,0
univ3-conc-c10,21,10000,136.18167246130167,-4064.0285584494354,4064.0285584494354,-3927.8468859881336,82394.10480895566,159164.49559592025,0.34109365044695183,3041,3124,925759.5476061726,1.1110919012279112,1.1110934954007106,211.10919012279112,0.01380789670589877,66.664639588171,0
univ3-conc-c10,22,10000,453.5450635868172,-4533.895577736651,4533.895577736651,-4080.3505141498335,50871.90125303178,100089.69292724799,0.33698571831640883,2358,2917,902410.5184292832,1.1110934755532187,1.1110934755532187,211.10934755532188,0.0010163361849553354,57.98358028671422,0
univ3-conc-c10,23,10000,115.72328572184367,-3097.741858610607,3097.741858610607,-2982.018572888763,49978.05396379594,152222.2421653309,0.24717102259770934,1881,2189,683324.5914847188,-0.9999978711863866,0.999998005527933,0.0002128813613331612,21110.90971866722,163.8063401131231,0
univ3-conc-c10,24,10000,10.577556317516054,-956.2006710035358,956.2006710035358,-945.6231146860198,14932.840571421899,194849.57125815348,0.07118251926454708,827,712,217592.30523614,-0.9999980043790135,0.9999980043790135,0.0001995620986364665,21110.91120618586,179.83882562108087,0
univ3-conc-c10,25,10000,155.52766119242878,-5345.170908322783,5345.170908322783,-5189.643247130354,164404.99273657647,18680.767229623296,0.8979671208013554,8244,8239,1719543.704370946,0.4763190970398813,1.1110935916034363,147.63190970398813,5453.344912751381,91.09577641654727,0
univ3-conc-c10,26,10000,119.18951222785594,-1939.5459405226918,1939.5459405226918,-1820.356428294836,31900.24706292748,144959.85732100203,0.1803699436571525,1824,1623,425389.62390344177,1.1110932709388917,1.1110935703730227,211.10932709388916,0.0026006007522488828,48.704627688688795,0
univ3-conc-c10,27,10000,68.59971524134498,-9949.037903179853,9949.037903179853,-9880.438187938507,83355.08080098983,14383.828431068092,0.8528341625245981,4256,7988,2319615.3984289845,0.882939102287495,1.1110935038866598,188.2939102287495,1886.8495604585048,84.40924722637783,0
univ3-conc-c10,28,10000,5.9580341696530645,-710.4528303272284,710.4528303272284,-704.4947961575754,9941.333878474174,96199.37893515047,0.09366183451142288,497,971,223222.57371819892,-0.9999979553968475,0.9999979553968475,0.00020446031524594768,21110.910595779973,205.51212060341794,0
univ3-conc-c10,29,10000,185.3727622518989,-481.4295756007685,481.4295756007685,-296.0568133488696,172437.78923541916,5936.765699385003,0.9667174182912194,7764,5903,433942.29645534034,0.7524619779082334,1.1110936344871127,175.24619779082335,3001.887404961362,86.58439095986556,0
univ3-conc-c10,30,10000,83.48172143613522,-2822.790942401726,2822.790942401726,-2739.309220965591,64265.81960595435,67540.22750742972,0.4875786886368779,3547,4373,901967.8827259606,1.1110915517548683,1.1110935574506926,211.10915517548682,0.016706502758487646,52.14392420479111,0
univ3-conc-c10,31,10000,206.4924054600723,-2914.0832707301197,2914.0832707301197,-2707.5908652700473,223430.901362554,5573.766557773248,0.9756609041711218,10229,8437,1297553.5721418248,-0.49460126905402063,1.1110931917193991,50.53987309459794,15203.334704682973,110.67588266666739,0
univ3-conc-c10,32,10000,57.45593411757293,-1156.1912487704767,1156.1912487704767,-1098.7353146529038,21646.290722280683,104206.76089223052,0.17199655029886304,1281,1507,348942.40740569757,-0.9999979393530927,0.9999979892248791,0.0002060646907307014,21110.910483729596,150.5462407016785,0
univ3-conc-c10,33,10000,21.03420037423023,-158.8578982300412,158.8578982300412,-137.82369785581096,10268.120542698813,106972.46056947252,0.08758162442810365,577,645,81357.70172563747,1.1110935598968497,1.1110935697151272,211.10935598968496,0.00016973558164487534,65.08150843612081,0
univ3-conc-c10,34,10000,134.10656528837825,-1061.207928166681,1061.207928166681,-927.1013628783028,174503.84493882055,2678.720467797745,0.9848815798459046,8727,7538,769735.885494799,-0.05661743711622563,1.035904719155816,94.33825628837744,10569.398508361475,101.14182694135982,0
univ3-conc-c10,35,10000,63.729065489404576,-4285.83349320342,4285.83349320342,-4222.104427714015,73503.23284713159,86357.3077874652,0.45979597313600057,5372,4270,1077237.406497966,1.1110921896468744,1.11109352251702,211.10921896468744,0.011611879581240103,48.53289564999783,0
univ3-conc-c10,36,10000,144.1021123934642,-423.2003459911981,423.2003459911981,-279.0982335977339,212520.94953940946,3090.5223665634458,0.9856662433624533,11667,6016,441340.08033191366,0.3379420391172326,0.48312049263764506,133.79420391172326,6731.036769655934,93.57010798548743,0
univ3-conc-c10,37,10000,73.27696631498938,-5005.890567952289,5005.890567952289,-4932.613601637299,97976.25273683989,6463.91537536121,0.9381089144895194,5556,8566,1742625.3416897354,-0.8933560815657619,0.9999979591541189,10.664391843423813,19809.801701362234,120.57881934574904,0
univ3-conc-c10,38,10000,101.56194907616035,-1343.8199352334693,1343.8199352334693,-1242.257986157309,58782.40682241699,29964.634327723667,0.6623590607710511,2821,5307,683337.1775279071,1.1110894980706028,1.111093569068045,211.10894980706027,0.033346724800431105,71.98237568592819,0
univ3-conc-c10,39,10000,77.0160276412188,-2235.0308881887154,2235.0308881887154,-2158.0148605474965,98422.41769183052,64710.94134367823,0.60332490101186,5329,5271,898986.7648100836,1.1110869181233138,1.1110935843583183,211.1086918123314,0.054349542558455255,63.832420655588194,0
univ3-conc-c10,40,10000,123.98278816771966,-246.22905601936318,246.22905601936318,-122.24626785164352,132121.41901249049,2902.6759528631505,0.9785025335396029,5754,4464,275184.6551251458,-0.1855886552458577,0.277841369290902,81.44113447541423,11890.976441576591,103.824823994845,0
univ3-conc-c10,41,10000,52.77439060761327,-1225.6797089633346,1225.6797089633346,-1172.9053183557214,60395.80739382974,168386.6584571479,0.2639879204430371,2939,2293,444006.9718959902,-0.9897655554504872,0.9999979659865608,1.023444454951285,20984.732378686724,123.15711283826744,0
univ3-conc-c10,42,10000,139.5414178986142,-792.7448525359966,792.7448525359966,-653.2034346373824,131527.81116810368,14125.676567650871,0.9030186177671368,5505,6511,630438.4429252738,-0.9999978149958727,0.9999979157032652,0.00021850041273003512,21110.909493733667,131.86361333046014,0
univ3-conc-c10,43,10000,305.3954841639694,-3367.898630635899,3367.898630635899,-3062.5031464719295,236259.4629396872,31993.096510969845,0.8807351677222124,8418,7783,1350001.562471233,-0.22389908024972754,1.0429369301031972,77.61009197502725,12290.263128001829,104.65399671555824,0
univ3-conc-c10,44,10000,78.03859630983655,-4609.499554748953,4609.499554748953,-4531.460958439116,84305.88061777291,25283.700281093406,0.7692873713567148,3252,6993,1502260.2128818796,-0.99999754444027,0.9999978371574252,0.00024555597299870553,21110.90605901701,202.93007228776162,0
univ3-conc-c10,45,10000,154.29231404766344,-203.31854712872325,203.31854712872325,-49.026233081059814,205941.82808821945,912.9450777840116,0.9955865409155854,11051,3413,212000.16969942846,-0.10806265508223546,0.3169357591340713,89.19373449177645,11092.430687850092,102.2127090536692,0
univ3-conc-c10,46,10000,301.18432676494746,-893.0855098189189,893.0855098189189,-591.9011830539714,293324.67299981345,2950.944670503985,0.990039866615728,11121,7078,666942.6824010381,-0.13580471066846728,0.6152603645587266,86.41952893315327,11376.742165545138,102.77217781739873,0
univ3-conc-c10,47,10000,283.87766833669735,-643.4243898493798,643.4243898493798,-359.5467215126825,184928.87650449944,52391.00239772601,0.7792388794395482,6679,5318,448099.4018916381,1.1110891382965014,1.1110936274339196,211.10891382965013,0.036411943855849324,79.6674381363814,0
univ3-conc-c10,48,10000,142.841051668908,-1663.2711043500383,1663.2711043500383,-1520.4300526811303,99461.8457159834,42749.47548362112,0.6993947097670308,4582,5857,800807.0680663021,1.1110932606519146,1.111093563376849,211.10932606519145,0.0029596498740502852,70.09697829734397,0
univ3-conc-c10,49,10000,97.33103724688021,-1042.7512465586617,1042.7512465586617,-945.4202093117815,161354.13484169616,5525.723930649698,0.9668880117031512,10696,7571,780217.3435371224,-0.9999977051485744,0.9999978470221711,0.00022948514255218862,21110.90852684348,126.28308410483056,0
univ3-conc-c10,50,10000,136.57903926200473,-9514.564375080241,9514.564375080241,-9377.985335818235,113765.49366606287,9548.171819634841,0.9225700429710909,4083,8605,2378988.3179588867,0.13476298492064387,0.999997917022758,113.47629849206439,8670.287832530656,97.35866611043825,0
univ3-conc-c10,51,10000,120.87031387591763,-2091.8335153659145,2091.8335153659145,-1970.963201489997,108901.3789714369,37717.71670693885,0.7427503113941135,4442,6345,986190.329554432,-0.7595715133228579,0.999997928304351,24.042848667714207,18219.99437642157,117.11257224741712,0
univ3-conc-c10,52,10000,122.5322522290715,-3406.9981297771196,3406.9981297771196,-3284.465877548048,91929.4378209187,48381.767498875466,0.655182439716024,3885,5731,1159162.810579336,-0.9999977038827262,1.1110935306186278,0.00022961172738228657,21110.90799550329,125.65909739566708,0
univ3-conc-c10,53,10000,13.18670750327541,-699.2510624149306,699.2510624149306,-686.0643549116552,15992.681298717258,119869.45739480229,0.11771256843522726,763,1044,224196.31541664657,1.1110868376340586,1.1110935765114862,211.10868376340585,0.054647961870870176,41.85639581894704,0
univ3-conc-c10,54,10000,25.896670286309828,-1654.326039751135,1654.326039751135,-1628.4293694648252,35147.065361198,41415.77124840024,0.45906169256001433,2666,4173,682345.0532341996,1.1110924644802236,1.1110934268942196,211.10924644802236,0.009268283812664535,50.51369382026857,0
univ3-conc-c10,55,10000,137.4958106331983,-670.5092456178793,670.5092456178793,-533.013434984681,47437.07055465127,201699.93167520425,0.19040556051519597,2013,1632,249648.82933366837,1.1110896335077098,1.1110932506537514,211.10896335077098,0.032073457002184114,60.546112460192404,0
univ3-conc-c10,56,10000,90.70954755191325,-7548.452497132268,7548.452497132268,-7457.742949580354,79712.1511412701,26926.582343060774,0.7474971667117813,3872,6771,1865062.6797666133,-0.9999976324814468,1.111093508724651,0.00023675185532351552,21110.907173581047,146.04832612510074,0
univ3-conc-c10,57,10000,156.0269069882052,-3574.278576379408,3574.278576379408,-3418.251669391203,87448.4873929928,73579.45920121338,0.5430640410100045,4732,4758,1033006.9663872143,1.1110874074613522,1.1110936014017094,211.10874074613523,0.050348446383637224,77.67038526056504,0
univ3-conc-c10,58,10000,172.81874317751385,-1410.3065587050626,1410.3065587050626,-1237.4878155275487,80330.54976098874,135068.91090387202,0.37293756220668883,2930,3213,531472.0333415044,1.1110935580533112,1.1110935580533112,211.10935580533112,0.00038449597885917286,72.28276224227757,0
univ3-conc-c10,59,10000,164.78147773729177,-197.18320826598926,197.18320826598926,-32.4017305286975,158558.86606888328,316.83678478664524,0.998005756833199,5923,2671,171265.4789394224,0.11621984701828296,0.19110884713626602,111.6219847018283,8851.151939758278,97.70721160064947,0
univ3-conc-c10,60,10000,59.134512627924764,-7938.309425121721,7938.309425121721,-7879.174912493796,110108.39812380534,49796.128219797734,0.6885883760863921,7895,6705,1899222.9648625376,0.39612702298302166,1.1110936348016203,139.61270229830217,6189.6473994515045,92.56558696223887,0
univ3-conc-c10,61,10000,70.87666598757583,-1522.0743601265008,1522.0743601265008,-1451.197694138925,109807.36810856427,1770.6669500281014,0.9841306853172466,6240,7944,946833.0463141623,-0.19072963003909735,0.7467048576260806,80.92703699609027,11944.376766211966,103.92595555353815,0
univ3-conc-c10,62,10000,82.07624788494427,-656.4005176041402,656.4005176041402,-574.324269719196,91955.64258086796,18483.92630378445,0.8326331179082217,5577,5958,554713.0690185732,-0.9999977769388976,0.9999979505646762,0.00022230611024737272,21110.908991091877,137.42372466016568,0
univ3-conc-c10,63,10000,255.0308206375861,-765.1685341526629,765.1685341526629,-510.1377135150768,273740.9750757539,2805.3190363693425,0.9898558791200727,11428,6916,622576.080229521,0.04987327991488684,0.6424696186514658,104.98732799148868,9503.742745752654,98.96920325179053,0
univ3-conc-c10,64,10000,185.33297756776471,-6659.888281284595,6659.888281284595,-6474.55530371683,138706.47579991914,75757.23151114632,0.6467596664210161,5879,5921,1583271.6110681558,1.1110877117496236,1.1110935071601793,211.10877117496236,0.04796732255441327,74.15403615226887,0
univ3-conc-c10,65,10000,32.325989806264474,-73.71236945392498,73.71236945392498,-41.386379647660505,53358.37024517319,354.99293578116203,0.9933909754526964,4300,2318,113099.93639833038,-0.13397525552556927,0.22074685595196414,86.60247444744307,11357.94337317362,102.73393851923394,0
univ3-conc-c10,66,10000,125.95564198563187,-370.11650533059833,370.11650533059833,-244.16086334496646,111098.7089399949,1474.3489071913157,0.9869031814948769,4077,5614,380157.8346125501,0.2477548323683375,0.6521379653833247,124.77548323683375,7582.342259471882,94.85584061218105,0
univ3-conc-c10,67,10000,32.33976886554712,-3119.534931566949,3119.534931566949,-3087.195162701402,37792.253766724774,70622.54331890988,0.3485894433476035,2126,3242,809630.7888357545,1.1110928351849123,1.1110935616595845,211.10928351849122,0.006208805538553186,72.42108641022617,0
univ3-conc-c10,68,10000,59.18766152183772,-5084.388235406207,5084.388235406207,-5025.200573884369,78905.94417373781,62643.67928561862,0.5574436882652274,6174,4916,1262432.375391307,1.111091924772171,1.111093506570257,211.10919247721708,0.01381881701523291,58.40932061697143,0
univ3-conc-c10,69,10000,206.40881691398155,-2724.7991902139656,2724.7991902139656,-2518.3903732999843,75357.58081833902,52969.050073597566,0.5872325977434675,3140,4947,960873.3782773089,-0.9999979743729058,0.9999979743729058,0.00020256270942548354,21110.911232478993,134.91793217780622,0
univ3-conc-c10,70,10000,137.63617633223203,-230.57396788608096,230.57396788608096,-92.93779155384894,150019.1998380357,2207.7909904172034,0.9854967179052682,8047,4120,243013.09639368326,0.26793216477766435,0.371994136930937,126.79321647776644,7390.583653345796,94.92072900346442,0
univ3-conc-c10,71,10000,37.18720088371437,-1085.6214446100778,1085.6214446100778,-1048.4342437263633,56062.604852349745,72641.48230417751,0.43559304207773575,3400,3720,529108.6863046475,1.1110903702660138,1.1110918209268374,211.10903702660138,0.026241958193450543,68.45710391780875,0
univ3-conc-c10,72,10000,43.96409101202231,-712.341785085036,712.341785085036,-668.3776940730137,82783.24615843198,2788.5831149664264,0.9674123699511317,6642,7060,615289.7243622745,0.1866002298154892,1.027299013145119,118.66002298154892,8168.175393918844,96.37060832147118,0
univ3-conc-c10,73,10000,31.00174145197591,-2289.175169472098,2289.175169472098,-2258.173428020122,44881.47678018047,14561.641032036488,0.7550323474277164,3348,6484,1007195.4944939812,-0.03374575057421069,1.1110935803896183,96.62542494257893,10338.600462102766,100.67828776070691,0
univ3-conc-c10,74,10000,197.02600735292808,-298.27773464709674,298.27773464709674,-101.25172729416866,218774.5745096505,2853.8576903120743,0.9871232329625595,9208,4518,293867.0152341139,0.2142345676622021,0.4913566622214233,121.42345676622021,7902.582532961994,95.90659946873016,0
univ3-conc-c10,75,10000,42.492320672520066,-3082.278001159065,3082.278001159065,-3039.7856804865446,44264.356493259365,105051.4169510993,0.2964479604008757,3441,2850,741871.7733495964,0.47010621257726426,1.1110935582694466,147.01062125772643,5509.9865172331665,91.22287163918266,0
univ3-conc-c10,76,10000,69.4606718982457,-2679.634109401005,2679.634109401005,-2610.173437502759,79939.10134741465,3361.5439270201387,0.9596456436088159,4304,8145,1272978.1642092422,-0.999996054603006,0.9999979370783797,0.00039453969940042577,21110.887791390964,125.84233488930936,0
univ3-conc-c10,77,10000,87.91433432716282,-580.4673310199986,580.4673310199986,-492.5529966928358,93714.43955349596,1478.4110559208036,0.9844693057676481,4286,6671,544740.7701589332,0.22815176232917167,0.37749279831025556,122.81517623291717,7769.367928193446,95.62363522688833,0
univ3-conc-c10,78,10000,94.61274175998449,-5057.925345481823,5057.925345481823,-4963.312603721838,130039.76232053629,5293.142081722296,0.9608879887334041,9299,8851,1754742.060703662,0.8651713488131767,1.1110917787185095,186.51713488131767,2037.1154393184847,84.69556416044391,0
univ3-conc-c10,79,10000,76.24398218078565,-82.71040088993914,82.71040088993914,-6.466418709153487,142477.00489591886,304.2654850601942,0.9978690098200672,11382,1546,89808.2445970217,-0.0947493453062576,0.1445144249934647,90.52506546937424,10956.556124985384,102.00281131785363,0
univ3-conc-c10,80,10000,39.657817332023356,-3479.216177415585,3479.216177415585,-3439.5583600835616,49105.93261714704,42695.15551161771,0.5349166727552143,2857,5019,1108137.975657105,-0.6027307458744322,1.111092971387391,39.726925412556774,16413.834488664455,113.19352804042104,0
univ3-conc-c10,81,10000,50.474403183238195,-2998.372785112491,2998.372785112491,-2947.8983819292525,59903.99902362032,23162.45181045968,0.7211575602679208,4060,6472,1148516.4812135808,1.1110891420245863,1.1110935622760187,211.10891420245864,0.036334492516878925,74.05978472305385,0
univ3-conc-c10,82,10000,64.23433107821326,-1459.2711615922733,1459.2711615922733,-1395.03683051406,52185.29797900679,114257.84745073775,0.31353227460504907,2144,2621,517330.23126451444,-0.9999978653943448,0.9999978653943448,0.000213460565511774,21110.909687096577,143.70313277411483,0
univ3-conc-c10,83,10000,93.4621440192368,-2149.8982507726205,2149.8982507726205,-2056.4361067533837,110296.28977998819,3181.0962572129715,0.9719671348776917,5566,8290,1140425.3705930205,0.47182684988865303,0.8927497070660706,147.1826849888653,5494.293290574951,91.19295798900148,0
univ3-conc-c10,84,10000,112.20822115407941,-2216.3764580937122,2216.3764580937122,-2104.168236939633,118485.54269907798,103225.49620386252,0.5344142686145094,5215,4642,871899.6566831564,-0.9999978855453681,0.9999979864608384,0.00021144546319870627,21110.910249696743,140.58364303972618,0
univ3-conc-c10,85,10000,104.67580811946671,-2469.8979475343954,2469.8979475343954,-2365.2221394149287,137623.58629637733,2600.429216548415,0.9814551793639891,7344,8425,1236206.0243661015,0.09527607034472738,0.9689983930749727,109.52760703447274,9056.230661024692,98.12149974691745,0
univ3-conc-c10,86,10000,122.14773705321933,-151.86920389205724,151.86920389205724,-29.721466838837912,155611.2412446992,141.68406547517725,0.9990903280616205,8679,2543,151958.96213898415,0.03400183630300532,0.1307497128386855,103.40018363030053,9661.134225048578,99.3576510960261,0
univ3-conc-c10,87,10000,190.65182702854509,-4908.75508115331,4908.75508115331,-4718.103254124765,162709.4089058092,135163.4499666018,0.5462377791710897,5922,4987,1270225.9323131067,1.1110905313506994,1.1110934151613763,211.10905313506993,0.025101729589302124,60.98923060627165,0
univ3-conc-c10,88,10000,174.3370336505852,-3463.5094971057474,3463.5094971057474,-3289.1724634551624,119999.44206755802,68967.71788197469,0.6350280233856833,4763,5841,1153261.8562780865,-0.9999978574504205,1.11109356675776,0.00021425495795621125,21110.90994548274,144.27266168576583,0
univ3-conc-c10,89,10000,35.80663795780849,-531.9843265618468,531.9843265618468,-496.17768860403834,62404.837860037675,21099.265371995443,0.7473266036596209,4610,5451,457021.84603987035,0.993585075302625,1.1110936040792012,199.3585075302625,962.0221286018908,82.74322143651109,0
univ3-conc-c10,90,10000,377.3288456467474,-517.7329310249092,517.7329310249092,-140.40408537816182,315026.5556844132,2906.401122602501,0.9908584465360516,11258,5258,388685.4962213271,0.5928485122853033,0.8239342938465475,159.28485122853033,4403.269826941721,89.13127481907044,0
univ3-conc-c10,91,10000,15.234986158710146,-2738.3541371216916,2738.3541371216916,-2723.1191509629816,32544.989638615236,38515.71475900148,0.4579885594225372,2348,4443,913134.4861969078,0.512575896154822,1.1110934860519388,151.2575896154822,5124.131143747386,90.47500892590769,0
univ3-conc-c10,92,10000,66.03675440711308,-5252.620752862254,5252.620752862254,-5186.583998455141,91362.12403295866,35709.05427161325,0.7189838423782959,6711,6617,1516558.5244263788,1.1110911031686306,1.1110936031301637,211.10911031686305,0.020564909166343404,46.34894965051198,0
univ3-conc-c10,93,10000,284.33610847301645,-729.5870297167164,729.5870297167164,-445.25092124369996,274770.53828742146,8395.648715911057,0.970350807754415,10716,6665,588862.2831705121,-0.4107701808561288,0.6752409194149649,58.922981914387115,14283.636722285863,108.74972911151411,0
univ3-conc-c10,94,10000,107.0002937920937,-893.4764919407522,893.4764919407522,-786.4761981486586,155199.42755126313,2302.129739071421,0.9853834477659943,8725,7368,710906.651441958,0.7264372008407182,0.7264372008407182,172.64372008407182,3227.5358349401163,86.87945885007937,0
univ3-conc-c10,95,10000,254.77475306589778,-1631.8126508616097,1631.8126508616097,-1377.0378977957118,195999.88087681722,54246.32307666396,0.7832281880018132,7427,6498,836978.2241926068,0.9837449362589578,1.1110935986516515,198.37449362589578,1043.5157163812241,82.82845130071455,0
univ3-conc-c10,96,10000,67.1389842254999,-5121.3959684307465,5121.3959684307465,-5054.256984205246,80249.10718955364,45580.65603514295,0.6377593435207479,4606,5975,1435483.9316218416,-0.09316801584253966,1.1110934981903962,90.68319841574603,10940.441354091407,101.89845176990846,0
univ3-conc-c10,97,10000,74.42721466973808,-254.08267944694092,254.08267944694092,-179.65546477720284,67220.70123792018,29964.511133303982,0.6916762293130898,3125,3772,256731.87984617855,1.111092190584482,1.1110935502328636,211.1092190584482,0.01148334512890159,76.02099851722808,0
univ3-conc-c10,98,10000,143.53710500922242,-1841.8293716207775,1841.8293716207775,-1698.292266611555,186279.27455014997,4390.738799171829,0.9769720538534411,9172,8205,1067545.8398555736,-0.7144591245202837,0.9196685923754099,28.55408754797163,17694.23577388823,115.97815055388776,0
univ3-conc-c10,99,10000,28.769969512359413,-1172.4492410855464,1172.4492410855464,-1143.679271573187,25835.322595475187,104515.31923743208,0.19819866041467402,1015,1951,395154.44486594026,1.111091233743285,1.1110934547300955,211.1091233743285,0.019083638336582,56.70140573344945,0
univ3-conc-c10,100,10000,276.0373882663169,-2036.5020716839856,2036.5020716839856,-1760.4646834176688,257555.0656781136,16422.232457941274,0.9400598787940958,10487,7891,1045760.3783845152,-0.19516932122259675,1.1110934095649623,80.48306787774033,11990.537811973238,104.02738870828291,0
univ3-conc-c10,101,10000,209.92117862939517,-452.4532380879982,452.4532380879982,-242.53205945860304,214070.3469816579,1445.3310083032698,0.9932936154725106,8671,5729,414346.55202238564,0.5356096998918198,0.8733604119214892,153.56096998918198,4916.160373156992,90.23761949204535,0
univ3-conc-c10,102,10000,100.48072047352737,-2170.8433064186083,2170.8433064186083,-2070.362585945081,93768.51006639864,127155.90333290122,0.4244370670656528,4035,3880,760395.3270380726,1.1110925003590526,1.1110925003590526,211.10925003590526,0.00902138179262768,62.261355572996756,0
univ3-conc-c10,103,10000,49.09236138539353,-2020.412720443129,2020.412720443129,-1971.3203590577355,42728.57837370869,96007.22674642864,0.3079852265729684,2891,2745,594668.5892430489,1.1110924247757215,1.1110935693893487,211.10924247757214,0.009547168904862957,48.18442667012048,0
univ3-conc-c10,104,10000,58.89414002910951,-479.0809440117957,479.0809440117957,-420.1868039826862,90959.47134397006,1472.7044089286985,0.9840671887583203,5506,6540,490619.7666198202,0.22879072209462664,0.8993159965399562,122.87907220946266,7763.260606096829,95.58534366048933,0
univ3-conc-c10,105,10000,195.46779125064188,-4295.152760767321,4295.152760767321,-4099.684969516678,130889.91827147116,115357.77184344143,0.5315376489842029,5075,4781,1160169.9362108724,-0.999996437447238,1.1110935559970756,0.0003562552762070015,21110.892376129137,126.3446173667896,0
univ3-conc-c10,106,10000,184.65161968862358,-2686.5137458066943,2686.5137458066943,-2501.8621261180706,130855.84663262463,70706.60440396254,0.6492074588280927,7016,5760,1018911.9352218864,-0.993928931453851,1.1110931037477143,0.6071068546148908,21036.037952935054,123.2856935857355,0
univ3-conc-c10,107,10000,134.3207014848934,-515.4280111437814,515.4280111437814,-381.107309658888,107216.5494720948,1253.5917251005353,0.9884429787657274,4292,6314,486813.6312583026,-0.5758504925930036,0.7256620569300689,42.41495074069964,16110.318474568383,112.59229413037767,0
univ3-conc-c10,108,10000,99.12256614892516,-758.2679135753439,758.2679135753439,-659.1453474264188,141400.76965232438,3397.2895591700353,0.976537741060411,8576,7076,642314.6436771073,0.05150828795652046,0.4333938945189611,105.15082879565205,9487.557018192303,98.97826851090687,0
univ3-conc-c10,109,10000,85.41289562287255,-1166.1749857994605,1166.1749857994605,-1080.762090176588,86756.23431606876,83814.66111664227,0.5086227289596041,5555,4364,575911.1916938248,1.1110909940220908,1.1110935924885361,211.10909940220907,0.021306077567412984,78.35886006302351,0
univ3-conc-c10,110,10000,86.41866040758863,-5365.62142057261,5365.62142057261,-5279.202760165022,66412.61568591677,31167.727029857084,0.6805942040945627,3792,6281,1506448.7747049034,0.15067690690330338,1.1110935463415186,115.06769069033034,8515.594804426431,97.06464735191683,0
univ3-conc-c10,111,10000,363.83589114455435,-635.7571795760012,635.7571795760012,-271.9212884314469,320680.2719572276,2043.7352023935716,0.99366723529377,11734,6113,491839.3437309912,0.7896350972607127,0.9963464662975383,178.96350972607127,2681.4649674803377,85.90060301799143,0
univ3-conc-c10,112,10000,24.993348686877344,-2388.5947139454533,2388.5947139454533,-2363.601365258576,41142.19863164928,123348.55960800152,0.2501186028439856,2976,2425,620775.8872862647,-0.999997806620842,1.111093561840174,0.0002193379157962016,21110.909005756435,231.81134331243595,0
univ3-conc-c10,113,10000,355.07167568054433,-2807.036542651261,2807.036542651261,-2451.9648669707167,276104.5455671846,38797.827493324825,0.8767941088653858,10053,7485,1189265.078630949,-0.7151781824915525,1.1110935801819328,28.48218175084474,17702.575942361298,116.02591753715777,0
univ3-conc-c10,114,10000,193.61081452918262,-363.4447523780184,363.4447523780184,-169.83393784883577,184969.56909397064,799.6900097586541,0.9956952511216501,7738,5225,354492.1850081155,0.27388025172139263,0.2808685804613927,127.38802517213927,7334.1987492352255,94.79567510274329,0
univ3-conc-c10,115,10000,54.65876037882516,-1183.5412289692272,1183.5412289692272,-1128.882468590402,75633.1999478318,57615.541345157995,0.5676091137065836,4439,4749,647210.5827656116,-0.9999979318124865,0.999997956262415,0.0002068187513515644,21110.910771958217,151.57175636232085,0
univ3-conc-c10,116,10000,374.2928697985151,-6217.550141061579,6217.550141061579,-5843.257271263064,220607.85743499373,93462.11200321816,0.7024162731304838,7808,6396,1588174.631340887,0.6086170367872709,1.1110935969315276,160.86170367872708,4262.947496505048,88.85658903404455,0
univ3-conc-c10,117,10000,39.53920082483724,-2228.424715409236,2228.424715409236,-2188.8855145843986,42451.26633039131,173704.21263572466,0.19639227528924152,2058,1873,542054.9112003681,-0.9999979727701352,0.9999979727701352,0.0002027229864676343,21110.91096516204,223.81651361137108,0
univ3-conc-c10,118,10000,256.3813630087938,-268.027127082422,268.027127082422,-11.645764073628186,227178.63506427017,657.5028655855134,0.9971141414546452,8187,2359,181890.9742384571,0.15346580507814067,0.23516263838136425,115.34658050781407,8488.534986674538,97.05795474736756,0
univ3-conc-c10,119,10000,14.883575056565606,-549.0217423613573,549.0217423613573,-534.1381673047916,22541.251782159376,158410.7687948495,0.12457032372604182,1439,1104,213771.96709355142,-0.9999979156918424,0.9999979156918424,0.00020843081575891998,21110.910170622094,228.41773225218557,0
univ3-conc-c10,120,10000,36.15343761580101,-1964.5491186679847,1964.5491186679847,-1928.3956810521836,68934.32055171294,1431.93887757594,0.9796502060903933,4574,8217,1108027.3605186488,-0.4022959609847242,0.9389000750337663,59.77040390152758,14191.5611223944,108.22252911637716,0
univ3-conc-c10,121,10000,115.27008226501229,-7751.764672712602,7751.764672712602,-7636.49459044759,120260.5564590335,46459.05870906632,0.7213341773718549,8131,6739,1864233.661203567,1.0918702317181799,1.1110936154958861,209.187023171818,155.98443271658027,81.2835534671967,0
univ3-conc-c10,122,10000,18.645753689150748,-1574.2050253769585,1574.2050253769585,-1555.5592716878077,28669.902029850207,115440.44787751422,0.19894408727950147,1352,1842,460103.54054028814,-0.9999979913840826,0.9999979913840826,0.00020086159172960237,21110.911146620023,162.68022996178323,0
univ3-conc-c10,123,10000,7.224490274755707,-429.5106813836467,429.5106813836467,-422.28619110889105,11500.568736886204,159575.29194998756,0.06722496494076452,618,715,148495.48622278072,-0.9999979719406474,0.9999979719406474,0.0002028059352608783,21110.91079265774,201.07660064900926,0
univ3-conc-c10,124,10000,51.679543429911526,-2046.2460166479425,2046.2460166479425,-1994.566473218031,40824.359135432576,195718.09551297824,0.17258787305692166,1707,1696,470728.7933433186,-0.18243195956154096,1.1110933470391933,81.7568040438459,11858.214726583046,103.73932183511346,0
univ3-conc-c10,125,10000,38.45135887584145,-7961.146658205833,7961.146658205833,-7922.695299329991,44008.00917251604,22611.45531628881,0.6605878553693781,2885,6217,1845098.316952952,-0.9999978756964301,1.1110934832515673,0.00021243035699155564,21110.910078744804,133.76052009310555,0
univ3-conc-c10,126,10000,93.56751991444116,-212.94611092556374,212.94611092556374,-119.37859101112258,158221.7162716612,2113.4300625867013,0.9868186725686402,10571,4490,267872.38380614854,0.3956954641409291,0.5833719736133353,139.5695464140929,6193.640582750538,92.61125780319949,0
univ3-conc-c10,127,10000,95.30711497088845,-2190.721391020464,2190.721391020464,-2095.4142760495756,41817.92843807504,112500.15490282637,0.27098527620833507,2043,2520,596766.8633523664,1.1110920051342876,1.1110923639055679,211.10920051342876,0.012898440420250346,73.49070188611262,0
univ3-conc-c10,128,10000,154.5948040518945,-4947.877685291021,4947.877685291021,-4793.282881239127,174552.83190066254,40012.59223253228,0.8135179869069034,8445,7385,1596495.1962400905,-0.12264881245683895,1.1110819598231165,87.7351187543161,11241.716261576195,102.4981197144621,0
univ3-conc-c10,129,10000,128.84441893251767,-4963.249190800048,4963.249190800048,-4834.404771867531,113261.60814563536,120320.16144473138,0.4848906160110983,5075,4588,1214177.3831475503,-0.8111679642960224,1.1110935678568756,18.88320357039775,18827.64906010868,118.09338011502805,0
univ3-conc-c10,130,10000,321.2739706973778,-2945.504379347727,2945.504379347727,-2624.230408650349,127556.18900606156,131909.03697240184,0.49161188565842423,4484,4466,902047.5697144644,1.1110933572296202,1.1110936027213338,211.10933572296202,0.002125634949906474,65.91285074284076,0
univ3-conc-c10,131,10000,54.550158730668436,-3394.9296043644467,3394.9296043644467,-3340.3794456337782,81269.57768212905,24365.972301721893,0.7693392773034566,6285,6848,1292011.4545170288,1.1110911180961636,1.1110931423224917,211.10911180961637,0.020427222811399304,67.88717777144794,0
univ3-conc-c10,132,10000,54.29998738794539,-4607.326476437026,4607.326476437026,-4553.026489049081,62081.184699644466,67955.96359927488,0.47741115144217894,2788,4591,1207667.9764284014,1.111092350707984,1.1110935430113178,211.1092350707984,0.010214141139664956,38.91995134673968,0
univ3-conc-c10,133,10000,404.78194549036533,-2080.074882446819,2080.074882446819,-1675.2929369564538,252047.128920969,3329.702539977247,0.9869616107266707,10834,8118,1071922.7780987793,-0.11458193765787755,0.900661196432486,88.54180623421225,11159.099626118954,102.33135517634553,0
univ3-conc-c10,134,10000,100.02015916215866,-679.4025715602288,679.4025715602288,-579.3824123980702,126982.9836650763,2696.8073158293,0.9792041050079547,6929,6911,595275.7643649392,0.02390592442501088,0.5413754357856524,102.39059244250109,9761.511474598556,99.52369914270692,0
univ3-conc-c10,135,10000,57.707160790964444,-5002.75312784278,5002.75312784278,-4945.045967051815,84264.17782465504,75253.93176328065,0.5282420788606683,6098,5087,1277158.743753142,1.1110928548075356,1.1110936001459033,211.10928548075356,0.00628016745308968,71.09016119825175,0
univ3-conc-c10,136,10000,74.98358558804301,-818.3978150587694,818.3978150587694,-743.4142294707265,126601.74491890571,2280.39512463408,0.982306352735424,8668,7221,678038.5045649196,0.514652500869854,0.6600258537396791,151.4652500869854,5105.344617305839,90.45156927075406,0
univ3-conc-c10,137,10000,112.00795963852653,-584.3998325317588,584.3998325317588,-472.39187289323223,163788.85659395807,2817.7888007241686,0.9830871764205504,8079,6686,559701.3827495261,-0.19686750569373174,0.696814547156658,80.31324943062683,12008.205206023442,104.0445110828318,0
univ3-conc-c10,138,10000,100.73608485300507,-242.01647298546905,242.01647298546905,-141.280388132464,146007.3306451693,3666.500524959949,0.9755033963098576,8355,4756,293500.48704570637,0.2373299759479542,0.3548563883807745,123.73299759479542,7681.712948178771,95.4695741911343,0
univ3-conc-c10,139,10000,166.4496801571935,-8489.797227238581,8489.797227238581,-8323.347547081388,149412.9468084135,35929.84573363621,0.8061438201030418,6731,7533,2094090.811646194,-0.8752771814915389,0.9999979892045847,12.472281850846118,19592.240229881012,120.10161621218924,0
univ3-conc-c10,140,10000,69.1931109269058,-524.5789911147438,524.5789911147438,-455.385880187838,28562.65591952743,104539.73778394553,0.21459160218530435,1536,1788,237990.3427510943,1.1110929057611554,1.1110935439557028,211.10929057611554,0.005551580319882621,72.86601294850834,0
univ3-conc-c10,141,10000,60.633308821698066,-760.6962015670188,760.6962015670188,-700.0628927453207,111045.94483009652,2561.8592077996277,0.9774499715975051,8417,7150,645992.9803210795,0.6996005220865916,1.111093094022967,169.96005220865916,3461.37319175185,87.3522119895297,0
univ3-conc-c10,142,10000,274.2586307344221,-694.9426609069088,694.9426609069088,-420.6840301724867,237110.02391801236,2390.75816437022,0.9900177438103402,8970,6525,550307.8369782837,-0.600361060672184,0.8758393877164208,39.9638939327816,16387.00803322188,113.27656322645666,0
univ3-conc-c10,143,10000,45.570380310110714,-4107.62678637411,4107.62678637411,-4062.056406064,69774.18146707547,68824.12878022196,0.5034273602800725,5032,4611,1113137.321299623,-0.999997826607311,1.1110935864163185,0.0002173392688977763,21110.909515509044,143.38365960936963,0
univ3-conc-c10,144,10000,47.889101309718214,-2704.6578977357512,2704.6578977357512,-2656.768796426033,58770.76338164708,100924.9590887584,0.36801714205299624,2859,3401,798431.3819278883,1.111084288874082,1.1110926361519122,211.1084288874082,0.0754728361175836,55.61645980707202,0
univ3-conc-c10,145,10000,179.1048131789634,-3982.563291118026,3982.563291118026,-3803.4584779390625,121546.05016035061,34165.99426671084,0.7805821997108588,6765,7028,1393847.8402325877,-0.6856358656613663,0.9999979616283577,31.436413433863382,17360.98310582483,115.22724517525236,0
univ3-conc-c10,146,10000,208.9665043801979,-8695.301176169796,8695.301176169796,-8486.334671789598,190421.42400618055,43160.60010834516,0.8152229381864444,7841,7751,2092620.7451114599,-0.39460763202809557,1.11109334573296,60.53923679719044,14108.165445189485,108.39662639911074,0
univ3-conc-c10,147,10000,165.2795898487654,-792.2126445196471,792.2126445196471,-626.9330546708818,167473.91362345286,2238.056986674059,0.9868126156415008,6389,7074,650807.5433918756,0.26688175341713377,0.7142546295551085,126.68817534171338,7400.54788680386,94.86693306153195,0
univ3-conc-c10,148,10000,104.47897534660449,-1311.922434451053,1311.922434451053,-1207.4434591044485,28665.23773212989,177884.68046205645,0.1387811623589242,1059,1195,329140.6812235178,-0.9999979029119124,0.9999979869415728,0.00020970880877375345,21110.910000215626,253.78965492734454,0
univ3-conc-c10,149,10000,72.57613029342164,-639.4410105980307,639.4410105980307,-566.8648803046091,114464.35559611912,31616.502757421997,0.7835684762961581,7296,5735,530550.2533266002,-0.9999978604912169,0.9999979516968394,0.00021395087832252335,21110.910129746928,137.6635502152757,0
univ3-conc-c10,150,10000,26.355682678473144,-812.7725749930787,812.7725749930787,-786.4168923146055,10044.329718812125,87875.25034436911,0.1025773365483304,522,859,202360.87986503757,1.1110871908421467,1.1110935360847611,211.10871908421467,0.0517660380172307,74.1146224176046,0
univ3-conc-c10,151,10000,175.07970607997828,-460.24224676098356,460.24224676098356,-285.1625406810053,156296.5339502651,1795.8622725970538,0.9886404260071722,6702,6012,433950.8567881362,0.7064606988043883,0.7064606988043883,170.64606988043883,3401.486417506856,87.19231511011469,0
univ3-conc-c10,152,10000,159.82904322245855,-2086.247203970897,2086.247203970897,-1926.4181607484384,99055.11649992564,56383.2687141986,0.6372629023614225,5717,5621,869647.3172084825,0.48755003614641595,1.1110935885475568,148.7550036146416,5351.123946484708,90.90929103459119,0
univ3-conc-c10,153,10000,36.84331731646975,-204.17213833593885,204.17213833593885,-167.3288210194691,85758.67794770718,1024.237840893247,0.988197701914185,7184,4857,288843.9800087246,-0.1398971068726037,0.19822569358694309,86.01028931273963,11418.817683053761,102.91618631381526,0
univ3-conc-c10,154,10000,71.02622258576798,-3413.366662521267,3413.366662521267,-3342.3404399354986,52370.40299727797,32999.710963290745,0.6134512485419329,3899,5387,1070965.754807696,-0.1229853075166021,1.111093598112659,87.70146924833979,11245.165068349066,102.51644130375507,0
univ3-conc-c10,155,10000,209.59673218927244,-1437.0196300419805,1437.0196300419805,-1227.422897852708,137259.37174228855,29649.238928996547,0.8223624364869427,5586,6621,785998.4497036821,1.1110929600958261,1.111093552967077,211.1092960095826,0.005470596617417556,80.22522366676966,0
univ3-conc-c10,156,10000,186.78596671962984,-11583.877426599327,11583.877426599327,-11397.091459879697,175816.8058312333,6695.970853492902,0.9633123172244562,6916,9066,2671411.0330918743,-0.8261316546543698,1.1110934648179274,17.38683453456302,19005.156199522753,118.8185059000919,0
univ3-conc-c10,157,10000,239.62979596716892,-506.7149758141227,506.7149758141227,-267.0851798469538,229684.9401313049,4155.553950729691,0.982229108918698,9824,5988,454226.30958233716,-0.4215926661974592,0.49308730308441684,57.84073338025408,14401.463581490463,109.00829646753655,0
univ3-conc-c10,158,10000,100.64920502421062,-4888.636100155598,4888.636100155598,-4787.986895131387,75768.91213419237,104281.53730496444,0.42082045543461105,3172,4031,1148175.132540269,-0.9999973351818707,1.1110932469193713,0.00026648181292423514,21110.903292886167,174.38100864889887,0
univ3-conc-c10,159,10000,128.2916199763105,-6179.6957110663325,6179.6957110663325,-6051.404091090022,201537.7508326587,7394.43714331656,0.9646084348469713,11375,8941,1972162.1192628336,0.5650330528386672,1.1110934704852033,156.50330528386672,4651.817485294665,89.59126963684643,0
univ3-conc-c10,160,10000,71.44297991348132,-721.5858418169805,721.5858418169805,-650.1428619034992,59582.03912490557,31217.58173110234,0.6561925981980928,3570,5007,492313.5116422304,1.1110930588519352,1.1110936146117556,211.10930588519352,0.004521477368641155,79.25054805216993,0
univ3-conc-c10,161,10000,46.91454830394821,-147.400043854409,147.400043854409,-100.4854955504608,91351.76098321874,721.1006743878665,0.992168151815793,7162,3947,214230.33993883565,0.4525872753669134,0.48549285214548377,145.25872753669134,5670.0671757854125,91.58311333071114,0
univ3-conc-c10,162,10000,189.25439249656233,-565.715449879706,565.715449879706,-376.4610573831436,158657.66690417533,2411.867737634932,0.9850259222329134,6056,6366,499339.69001639134,0.28314185101857275,0.5563320787597001,128.31418510185728,7246.533177180252,94.62081937808479,0
univ3-conc-c10,163,10000,44.59987568558229,-757.2108304906943,757.2108304906943,-712.610954805112,34637.20928907007,184999.59724858604,0.15770220772688034,1804,1406,259007.88037373242,1.1110916286777959,1.1110934891933548,211.1091628677796,0.015894096724012208,44.00890757798017,0
univ3-conc-c10,164,10000,52.30252396946108,-2112.783010320173,2112.783010320173,-2060.480486350712,80680.15605776718,13416.116579594822,0.8574213812772452,4229,7464,1036569.7999902631,0.7714102898553427,1.111093574048869,177.14102898553426,2838.2814977731337,86.19144714022153,0
univ3-conc-c10,165,10000,339.8696418090438,-1423.2852280631103,1423.2852280631103,-1083.4155862540665,294593.6548123099,7509.096621208185,0.9751438986054364,10835,7809,873114.3342634792,0.16753688084586002,0.9728374333361433,116.753688084586,8352.234331704967,96.73209893265582,0
univ3-conc-c10,166,10000,253.91129381845226,-1007.4074386691778,1007.4074386691778,-753.4961448507256,73870.72788025117,227770.64669444278,0.24489587340067942,2821,2112,348623.50420265115,0.8952494859208434,1.1110933505961753,189.52494859208434,1783.0251284731607,84.24358471801214,0
univ3-conc-c10,167,10000,60.87672480083648,-552.5649818472119,552.5649818472119,-491.68825704637544,57619.058732865284,9749.854117797644,0.8552766594377114,4340,5832,470261.3131593665,0.9286146126822311,1.111093611470903,192.8614612682231,1502.8042575935708,83.73482049058491,0
univ3-conc-c10,168,10000,78.77622943700152,-181.53861406468215,181.53861406468215,-102.76238462768063,107282.15726102784,2096.034402249964,0.9808368160930779,5474,4070,238379.93032530267,-0.07290540807645854,0.30278749235747054,92.70945919235415,10734.40800814764,101.40934073146617,0
univ3-conc-c10,169,10000,135.22582241521877,-1513.549282803352,1513.549282803352,-1378.3234603881333,156143.64457660122,27688.38964438047,0.8493821288454183,8423,6846,881803.2160313918,-0.9171264177870517,0.9999979279570507,8.287358221294818,20097.171760704063,121.41388861505814,0
univ3-conc-c10,170,10000,178.90590568655847,-8082.548079315022,8082.548079315022,-7903.642173628464,172010.64874435848,8906.006489195239,0.9507728767276951,6851,8767,2195137.973670835,0.6002631585295662,1.111092989683086,160.02631585295663,4337.235747227314,88.99655015191802,0
univ3-conc-c10,171,10000,195.66982021602936,-1905.6120658198524,1905.6120658198524,-1709.942245603823,130440.80322647956,71906.63797436949,0.6446377698297884,5505,5520,839181.436710855,0.6070951633344197,1.1110935016135608,160.70951633344197,4276.472129465701,88.88289485925085,0
univ3-conc-c10,172,10000,54.316224913884135,-106.41111264738544,106.41111264738544,-52.0948877335013,94160.35528802956,1423.6615867554633,0.9851056522491572,6897,2928,152102.98595837844,-0.007626730001463926,0.1999437109059582,99.23732699985361,10076.32597844764,100.12704678278762,0
univ3-conc-c10,173,10000,223.36611063914074,-226.39662119036183,226.39662119036183,-3.0305105512210844,181565.2738982491,111.14121073012748,0.9993882463463215,8380,1898,130753.60393851875,0.01092828681677048,0.301209673521125,101.09282868167705,9890.836916213559,99.82540720581034,0
univ3-conc-c10,174,10000,176.72841931177956,-209.1372949599011,209.1372949599011,-32.40887564812155,215908.75584060562,569.0961393369288,0.997371111482621,10188,3069,196219.40705167048,-0.07616405763718462,0.19756453847007266,92.38359423628154,10767.485887410943,101.54059972097969,0
univ3-conc-c10,175,10000,112.97307758739692,-1949.065522588186,1949.065522588186,-1836.0924450007892,78965.74324591323,56639.82643818573,0.5823193208794337,3420,5076,802501.4001333562,1.111093492904424,1.1110935503360495,211.1093492904424,0.0010026590372465283,71.18943770981471,0
univ3-conc-c10,176,10000,165.24295697290216,-1671.654423481666,1671.654423481666,-1506.4114665087639,194840.79619743954,11918.856898133572,0.9423540486759079,10396,7803,967020.9066140131,-0.6163958094211466,1.111092518129619,38.360419057885345,16568.799588211143,113.5668795006855,0
univ3-conc-c10,177,10000,172.56190920809385,-175.95439186248655,175.95439186248655,-3.392482654392694,193594.38468810325,424.016409118129,0.9978145556982213,10993,1912,126879.25322607115,-0.05250611713458056,0.18282291182577665,94.74938828654194,10527.832871911438,100.99498380035627,0
univ3-conc-c10,178,10000,31.653751665980472,-1483.5736022223482,1483.5736022223482,-1451.9198505563677,59532.04024776603,1677.9964209053414,0.9725862536239228,4012,7949,938636.4808710096,0.00009434290826561665,0.7070293788530418,100.00943429082656,9999.057165917435,99.99833791850422,0
univ3-conc-c10,179,10000,9.349895145345275,-899.6954785791012,899.6954785791012,-890.3455834337559,13369.895611124573,112435.61525199209,0.10627432390995778,1146,1041,245773.55424748443,1.1110900987987073,1.111093556481467,211.10900987987074,0.028245039089011215,63.44613090760936,0
univ3-conc-c10,180,10000,38.60099956180386,-909.8039839467259,909.8039839467259,-871.202984384922,42620.61508555064,204403.50641546163,0.1725362479848997,2046,1556,308191.80584377196,1.111092801370552,1.111093200424582,211.1092801370552,0.006409360017750387,32.75481328719678,0
univ3-conc-c10,181,10000,199.24256815399548,-2273.920050731621,2273.920050731621,-2074.6774825776256,89148.52207469415,23984.477358374137,0.7879975119676392,3350,6642,979300.7326455149,1.11109302602634,1.1110934399654693,211.10930260263402,0.004845977029527326,71.87378761762875,0
univ3-conc-c10,182,10000,192.3241294769467,-2731.065338101412,2731.065338101412,-2538.7412086244653,100099.20498764211,60806.33635792359,0.6220991778814253,3792,5405,961098.0607459742,0.344269204986214,1.1110935938015454,134.4269204986214,6671.869409275808,93.43126881151193,0
univ3-conc-c10,183,10000,104.75303550951612,-4899.700850845015,4899.700850845015,-4794.947815335499,148160.89183315783,17643.28499076904,0.893589622838603,9139,8004,1674758.4556356946,0.2914685542663247,0.9999979624840166,129.14685542663247,7167.851776355032,94.42813841375441,0
univ3-conc-c10,184,10000,67.18939260947461,-6148.846995128911,6148.846995128911,-6081.657602519436,93120.96280842467,78994.49154472949,0.5410377769875035,5275,5075,1487711.5950315576,-0.999997840086818,0.9999979580956228,0.00021599131820570586,21110.909718828047,271.3474029751538,0
univ3-conc-c10,185,10000,89.0340991931287,-1625.7020921009107,1625.7020921009107,-1536.667992907782,57002.7047240303,45319.69254632686,0.5570892223470609,2473,4440,698869.9265073215,-0.4626559113991644,1.1110935269188673,53.73440886008356,14850.960129245652,109.93580381075877,0
univ3-conc-c10,186,10000,85.75620857785336,-293.9806281570308,293.9806281570308,-208.22441957917746,131886.50464919762,1474.9583864743822,0.9889401454295695,7418,5418,355133.269044072,-0.15944748036937767,0.2567029446917303,84.05525196306223,11620.30715417518,103.26098876111455,0
univ3-conc-c10,187,10000,102.30228962341023,-421.872453772189,421.872453772189,-319.57016414877876,108200.89350391134,2837.0028304974844,0.974450138879132,4601,5987,436587.9638886472,-0.1066776245968471,0.41987777953232663,89.33223754031529,11078.27793951191,102.17040937157365,0
univ3-conc-c10,188,10000,56.992423833623725,-10537.979376746163,10537.979376746163,-10480.986952912539,106364.338362356,16558.30124512178,0.8652949424288601,8006,8239,2422998.6283118976,0.0012268838266987813,1.1110936344296691,100.12268838266988,9987.733479000068,99.984134307965,0
univ3-conc-c10,189,10000,104.77057753626758,-2781.7267816023636,2781.7267816023636,-2676.9562040660962,87230.93738718738,93847.46043703277,0.48173022533513826,4228,4336,898286.9911598029,1.110585968347282,1.1110935074870738,211.0585968347282,4.1122750491533075,80.90954839688911,0
univ3-conc-c10,190,10000,82.48388746770988,-1367.002481602932,1367.002481602932,-1284.5185941352222,50247.3630948474,44045.90306934601,0.5328838965801798,2745,4491,638418.5705031502,1.1110907863793313,1.1110935516683684,211.10907863793312,0.022876557869697223,59.70296125969308,0
univ3-conc-c10,191,10000,76.04057626916256,-2050.931220103465,2050.931220103465,-1974.8906438343024,62381.92473171296,167545.55977062372,0.271311300024591,2427,2434,565308.7988633586,1.1110891523139912,1.111093452976258,211.10891523139912,0.03602016203292774,41.520139820593194,0
univ3-conc-c10,192,10000,141.17188757531588,-2143.1369504548284,2143.1369504548284,-2001.9650628795125,130962.681257448,1759.448233910897,0.9867433694693283,5165,8289,1144811.620721783,0.5468382719777491,0.9948210008687112,154.68382719777492,4815.107403119028,89.90022131856176,0
univ3-conc-c10,193,10000,96.4455299519794,-391.41374454645614,391.41374454645614,-294.96821459447676,131825.4680106735,974.905180114463,0.9926588671651256,6654,5821,428771.9696652226,-0.664852786024147,0.7610781086756634,33.5147213975853,17121.96721580886,114.77862858144684,0
univ3-conc-c10,194,10000,73.19166827098528,-2220.1147692781506,2220.1147692781506,-2146.9231010071653,81868.32218832642,27175.217309188105,0.7507856271502676,6112,6693,998276.2759500849,1.054919436452792,1.1110935765752818,205.4919436452792,457.3372551111974,81.8583582561802,0
univ3-conc-c10,195,10000,120.67404367963648,-1325.4481817393985,1325.4481817393985,-1204.774138059762,151539.18439872676,67224.88609321103,0.6927060008435503,7550,5768,741966.3431560297,1.1110925820840272,1.1110934769388776,211.1092582084027,0.008577522492066336,65.52057441264236,0
univ3-conc-c10,196,10000,205.80613336111622,-402.4129016974686,402.4129016974686,-196.6067683363524,177545.11639767344,2076.964824523932,0.988437029510004,6400,5395,378420.0468953422,-0.5310994744745018,0.718249124815336,46.89005255254982,15608.838130598384,111.53046569883209,0
univ3-conc-c10,197,10000,327.65077501255723,-5417.266153257506,5417.266153257506,-5089.615378244948,286899.9748332185,7002.082231434735,0.9761754568805402,10318,8881,1864997.1441552364,-0.43643527375245933,0.9999979207370641,56.35647262475407,14563.492351197247,109.37046831301399,0
univ3-conc-c10,198,10000,120.48554708957614,-3603.832737516009,3603.832737516009,-3483.3471904264325,133759.42993689486,39670.8966416724,0.7712574413927501,7374,7074,1285945.694614564,0.40336859323720803,1.1110935741956929,140.3368593237208,6122.691013621886,92.39607552260667,0
univ3-conc-c10,199,10000,89.28027628822304,-1519.6286637929331,1519.6286637929331,-1430.34838750471,24107.51273872821,70277.12921749298,0.25541774847130416,1772,2066,444406.43629832566,1.1110928032109435,1.1110935845074545,211.10928032109436,0.006406529038063935,65.97886838948915,0
univ3-conc-c10,200,10000,5.080496462793428,-1164.6193589749114,1164.6193589749114,-1159.538862512118,9274.250750305415,77030.34776901563,0.10745952022740926,651,968,272812.15511842223,1.111092858327377,1.111092858327377,211.1092858327377,0.005869187484080343,31.11320204960449,0
univ3-conc-c10,201,10000,44.40420733387887,-6819.4692189684265,6819.4692189684265,-6775.065011634548,64357.267732182045,22654.56198084183,0.739638138221441,4387,7070,1772032.4628820133,-0.9999979194850199,1.1110934821285294,0.00020805149800606337,21110.91076332482,172.37792516449392,0
univ3-conc-c10,202,10000,54.255659837438344,-5036.784740537244,5036.784740537244,-4982.5290806998055,66031.21767455593,72439.97034944172,0.4768588947407055,4619,4554,1219706.1224655798,1.1110930446740244,1.1110934861139514,211.10930446740244,0.004662125310615828,72.30082144211484,0
univ3-conc-c10,203,10000,40.647824509849265,-635.35598210247,635.35598210247,-594.7081575926208,29146.73626375959,118349.37669412953,0.1976101992062742,1224,1719,269803.4275171218,1.1110901520661498,1.1110929721837806,211.10901520661497,0.02784437426547015,57.902198364854954,0
univ3-conc-c10,204,10000,214.06233116124668,-5334.712760128215,5334.712760128215,-5120.650428966968,243043.31517511117,21766.036841008663,0.9178048785841836,10991,8369,1779903.6620880717,-0.9999976306752765,0.9999976306752765,0.00023693247234914501,21110.907693835685,131.48932780081054,0
univ3-conc-c10,205,10000,51.18858014706544,-1535.4305255891047,1535.4305255891047,-1484.2419454420392,100878.613446808,1576.4356896227698,0.9846133918932237,6676,8018,965497.5888080356,-0.3375087281583298,0.7078365029204937,66.24912718416702,13492.961789835612,107.1066617850174,0
univ3-conc-c10,206,10000,236.49622781790578,-374.71917219607286,374.71917219607286,-138.22294437816709,171390.77709656124,37587.152937157945,0.8201381699441029,6738,4370,292221.96644310036,1.1110902700401701,1.1110935291370196,211.109027004017,0.027207306890504768,79.35603674676747,0
univ3-conc-c10,207,10000,105.1064848214622,-504.23710181637466,504.23710181637466,-399.13061699491243,134118.09583128762,3236.369628838947,0.9764378273542301,7215,6402,489508.24983073655,0.49501746280168846,0.7102412539586385,149.50174628016885,5283.278778733252,90.7594439157596,0
univ3-conc-c10,208,10000,82.42000114777196,-425.1142555133735,425.1142555133735,-342.6942543656015,104873.22354080397,1413.3411355105768,0.9867025419457787,5490,6167,440548.54354876,0.7461455785495843,0.8102405064136096,174.61455785495843,3056.553347767717,86.60562109209545,0
univ3-conc-c10,209,10000,160.53548097540966,-185.09804607027274,185.09804607027274,-24.56256509486309,191277.56921842348,1101.5177257901205,0.9942742335287746,9359,2693,169679.89396616,0.10144548108476342,0.1615188742385716,110.14454810847634,8995.73217129334,98.00199013650169,0
univ3-conc-c10,210,10000,68.39104819500707,-125.04600554518888,125.04600554518888,-56.6549573501818,113459.21376247388,697.4489664171233,0.9938904226021964,6702,3133,172450.2573251908,-0.11326970038891475,0.23817995293682118,88.67302996110853,11145.672639496604,102.27583272581126,0
univ3-conc-c10,211,10000,62.5957779498418,-4281.675934699375,4281.675934699375,-4219.080156749533,66090.55949609887,24148.820139790885,0.7323915541393362,3771,6591,1411971.0277880582,-0.9999977986433903,1.111093282621454,0.00022013566097361936,21110.909204270945,129.21013403521889,0
univ3-conc-c10,212,10000,41.11515804659641,-733.0390227933631,733.0390227933631,-691.9238647467666,18436.4192018877,276521.5281683369,0.06250524648093893,675,557,164631.77543277096,-0.9999979533065609,0.9999979533065609,0.00020466934390383088,21110.91055594716,284.2480316052466,0
univ3-conc-c10,213,10000,89.72968247425042,-7140.2799919552335,7140.2799919552335,-7050.550309480983,109134.09907966053,73136.70837374667,0.5987469996124192,7035,5624,1651976.4355118752,1.1110930202191722,1.111093495760346,211.10930202191722,0.005008233799244977,69.24468368883747,0
univ3-conc-c10,214,10000,212.36248237124286,-1272.833544601659,1272.833544601659,-1060.4710622304162,229293.7524913686,5016.579727879314,0.9785900191410031,9219,7732,850161.8612193965,-0.4535325879611081,0.6928460855890046,54.646741203889185,14750.758525443483,109.72608520405835,0
univ3-conc-c10,215,10000,49.73118683208047,-1672.3119423441851,1672.3119423441851,-1622.5807555121046,75613.16222093755,1429.9376543414157,0.9814397699903527,4042,8091,1010295.4288714506,0.15843719711046703,0.8947763695143908,115.8437197110467,8440.335977095006,96.90540235547302,0
univ3-conc-c10,216,10000,35.55605214974474,-613.8563099771565,613.8563099771565,-578.3002578274118,66099.04070070061,1960.2940468500942,0.9711972787550552,5098,6912,580005.0850189079,-0.6654296114793588,0.6810458760047037,33.45703885206412,17128.586613275722,114.76331468946934,0
univ3-conc-c10,217,10000,70.85977085937411,-3014.5146437084577,3014.5146437084577,-2943.6548728490834,71402.29774912495,133388.47323819876,0.3486597438199237,2928,3281,838360.794024918,-0.9999979775496207,1.0412851535352923,0.00020224503793046583,21110.911161738895,328.77473811409266,0
univ3-conc-c10,218,10000,111.34505537917276,-549.0387786407919,549.0387786407919,-437.6937232616191,178157.49688910085,3144.0083431177163,0.9826586749012881,10305,6587,536412.7326000058,-0.5833534814894614,0.7239600274454372,41.664651851053854,16194.863895421138,112.78941581322782,0
univ3-conc-c10,219,10000,79.39548889767772,-1176.8218040388326,1176.8218040388326,-1097.4263151411549,120981.07676233033,2962.3157544874093,0.9760994459298388,8881,7628,810524.2230726939,-0.47821355237492097,0.884878173391538,52.1786447625079,15022.274227852331,110.29641023208549,0
univ3-conc-c10,220,10000,138.89273104506208,-444.50214970905745,444.50214970905745,-305.60941866399537,184836.3579144422,3759.6933431102516,0.9800648353025382,9244,6166,455167.6310600721,0.06570687425860001,0.3929261228552062,106.57068742586,9347.220601289138,98.7563300744678,0
univ3-conc-c10,221,10000,29.629159525550705,-5776.4369124455825,5776.4369124455825,-5746.807752920032,54438.00971879315,3778.496381676868,0.935095789239637,4443,8537,1859939.5690547435,-0.52603141979467,1.1110934708330062,47.396858020532996,15552.344137388718,111.41168931313693,0
univ3-conc-c10,222,10000,36.79549405549082,-3194.098784010436,3194.098784010436,-3157.303289954945,63842.49425263847,20543.869581368508,0.7565498897217621,4899,6845,1257763.6029575865,-0.9999972508855217,0.9999979903196187,0.00027491144782733345,21110.90253052685,128.64247561923003,0
univ3-conc-c10,223,10000,115.34199789223788,-5772.21039319349,5772.21039319349,-5656.868395301252,129414.41000398912,5244.33806730373,0.961054605494125,5544,8672,1885215.6005373849,-0.7807178924997367,0.9999979334960506,21.928210750026334,18468.214431514407,117.63821917798023,0
univ3-conc-c10,224,10000,194.8624690750318,-6046.89971191126,6046.89971191126,-5852.037242836228,171451.66089499937,78116.4630724197,0.6869934275636188,6847,6276,1592554.1637752354,0.6903529258126084,1.1110934170695077,169.03529258126085,3542.2225840803717,87.56235304753778,0
univ3-conc-c10,225,10000,35.48697022008363,-5460.781569242997,5460.781569242997,-5425.294599022913,54080.7333099859,17639.26397676548,0.7540537556598049,3701,7026,1614497.35688745,-0.9999979595233883,1.1110934553635798,0.00020404766116661848,21110.911214834112,138.8464263594924,0
univ3-conc-c10,226,10000,39.4491149340829,-2183.203651506899,2183.203651506899,-2143.754536572816,62705.65260660567,50019.8899544943,0.5562683592551146,5072,5019,901257.108280324,-0.9999979369678107,0.9999979776574216,0.0002063032189269484,21110.910896221143,174.5364242223458,0
univ3-conc-c10,227,10000,32.32728817188363,-5764.47110392844,5764.47110392844,-5732.143815756556,46973.44654754523,33995.774010805115,0.5801395422065831,3004,5465,1442651.7886545418,1.1110914361011093,1.111093164238146,211.10914361011092,0.017673093493613123,60.317391349748426,0
univ3-conc-c10,228,10000,198.35071667219682,-8440.521504814007,8440.521504814007,-8242.17078814181,145665.68535510646,50583.26085586782,0.7422495160738897,7482,6999,1907364.3449541102,1.11109347262685,1.1110936221971115,211.109347262685,0.0014161546092279764,73.84290400801531,0
univ3-conc-c10,229,10000,182.80448718925027,-4778.863639127291,4778.863639127291,-4596.059151938041,195831.87426241027,59355.17284207774,0.7674052287701955,9100,6953,1523035.5228483262,-0.7676808254742205,0.9999979882229358,23.231917452577957,18315.04879812973,117.3265333682859,0
univ3-conc-c10,230,10000,95.83947662286441,-5079.057637415357,5079.057637415357,-4983.218160792492,92531.16499313536,103268.95316346762,0.47257971989132286,4149,4478,1236904.535965207,-0.2580196538993381,1.1110927426676327,74.19803461006619,12648.52440984015,105.4279823870154,0
univ3-conc-c10,231,10000,106.83966101845151,-487.4496975341245,487.4496975341245,-380.61003651567296,134014.67353591425,1126.5056089113737,0.9916642313169095,5851,6230,480428.46268358553,-0.13276262855390242,0.5164070312172021,86.72373714460976,11345.487390827848,102.69018879406573,0
univ3-conc-c10,232,10000,103.79537544446194,-254.75923753663028,254.75923753663028,-150.96386209216834,113484.18836139819,827.859819233834,0.9927578953189109,4279,4761,297282.4875060728,0.2092564655599813,0.29366873143850086,120.92564655599813,7950.320542373161,95.87193177792206,0
univ3-conc-c10,233,10000,152.2340472375944,-3051.6318354937407,3051.6318354937407,-2899.397788256146,173590.61392853528,6781.508483995783,0.9624026795643857,7791,8507,1362672.3996703064,1.1110918059761203,1.111092500879461,211.10918059761204,0.014975007764839177,79.76077115787699,0
univ3-conc-c10,234,10000,47.647857340736294,-462.08215012487426,462.08215012487426,-414.43429278413794,76824.8423638222,32319.571021956443,0.7038824982482554,5027,5011,428967.284809393,-0.9999979547571135,0.9999979547571135,0.00020452428865458156,21110.91109910276,132.19781396251048,0
univ3-conc-c10,235,10000,123.08865993602383,-1406.3645144713303,1406.3645144713303,-1283.2758545353065,31084.066573551885,191412.56060317406,0.13970578775948028,1297,1292,324848.6014319304,1.111091536198194,1.1110935872414862,211.10915361981938,0.01661865587591023,70.6910179816114,0
univ3-conc-c10,236,10000,14.946458676004355,-2100.4288704318024,2100.4288704318024,-2085.482411755798,24216.23668674157,62238.41088882591,0.2801033532127335,1510,2600,626960.723609351,1.1110862814468003,1.1110928531527873,211.10862814468004,0.05924326295780702,67.21480809917236,0
univ3-conc-c10,237,10000,137.79541512733957,-1291.8749676823559,1291.8749676823559,-1154.0795525550163,135952.0678421167,2554.602156131143,0.9815561073256366,5662,7779,865815.6006842362,0.40003011696055923,0.9834278828289277,140.00301169605592,6153.547298713787,92.4113136470382,0
univ3-conc-c10,238,10000,43.00515787739166,-4322.9765726535725,4322.9765726535725,-4279.971414776181,58702.43198704851,88481.72091689987,0.39883663308071904,4223,3885,1049691.8665303655,1.1110919333500575,1.1110935417137437,211.10919333500576,0.013627608031192118,42.80061201675412,0
univ3-conc-c10,239,10000,179.5986897242824,-2570.415968970454,2570.415968970454,-2390.8172792461714,136384.883633673,24994.22201553144,0.8451210773849356,6692,7170,1127758.9244624097,1.1110930994536108,1.1110933602932036,211.10930994536108,0.004410269607348319,74.2257792015887,0
univ3-conc-c10,240,10000,392.5896987761045,-582.0977038678267,582.0977038678267,-189.50800509172217,302361.3342299021,2576.31580251983,0.9915513358148922,11834,5700,424669.0976312527,0.27771307011969726,0.4100161552908796,127.77130701196972,7297.900318139237,94.64523357043299,0
univ3-conc-c10,241,10000,68.14395561841201,-652.9307531751618,652.9307531751618,-584.7867975567499,55746.46142982495,40238.660712222714,0.5807823148604861,2984,4419,468987.89958737727,-0.9999979558733237,0.9999979797448545,0.00020441266762297346,21110.91095243782,152.4143206434038,0
univ3-conc-c10,242,10000,84.73308168872926,-90.72199042436986,90.72199042436986,-5.9889087356406066,135689.0581465288,98.99236625873849,0.9992709788093659,7983,1614,96998.70351764638,0.05030897318899889,0.1153782607968246,105.03089731889989,9499.42870095814,98.9583810440994,0
univ3-conc-c10,243,10000,23.24001649852575,-1090.419468173106,1090.419468173106,-1067.1794516745802,14126.976945607035,131085.59311933568,0.09728480763951149,835,809,245991.61830711615,-0.9999979852440688,0.9999979936569687,0.00020147559311650473,21110.910975494076,207.80799920429928,0
univ3-conc-c10,244,10000,34.50167620159711,-3921.84189377557,3921.84189377557,-3887.340217573973,47380.52332346336,54062.48993284058,0.4670654173467093,3162,4113,1068158.3912928968,-0.999997976684642,0.9999980018776198,0.00020233153580060463,21110.911218070833,165.48230014142715,0
univ3-conc-c10,245,10000,156.74258994056368,-4998.555987253712,4998.555987253712,-4841.813397313149,113308.59578814621,22329.902056723364,0.8353719451961037,5372,7545,1597095.36439108,1.1110905344777626,1.1110935765668755,211.10905344777626,0.025149882966284842,65.46384509427882,0
univ3-conc-c10,246,10000,33.92704281332192,-2516.493774575234,2516.493774575234,-2482.5667317619123,55195.30862047175,2400.2040692347787,0.9583265439068877,4049,8401,1246762.467836568,-0.018152831607701217,0.999997754860755,98.18471683922988,10181.859002079571,100.37268906431748,0
univ3-conc-c10,247,10000,132.18503472542423,-357.03590264533733,357.03590264533733,-224.8508679199131,152482.05384509475,1135.2617708684127,0.9926098059563382,9057,5416,369884.47495166725,-0.7355297795973839,0.7355297795973839,26.447022040261615,17939.16481751021,116.00465957405977,0
univ3-conc-c10,248,10000,64.91062342325253,-2061.5927153447965,2061.5927153447965,-1996.682091921544,44089.98381455337,159491.55769653132,0.21657161787505544,1745,2087,547470.4965794873,-0.9999978752388335,0.9999978752388335,0.0002124761166444429,21110.909750544957,182.14330186882077,0
univ3-conc-c10,249,10000,141.88053186794897,-6488.690650338711,6488.690650338711,-6346.810118470762,87840.58711864392,57849.83241567651,0.6029263104562015,3538,5619,1543733.021496089,1.111093191042532,1.1110935101337092,211.1093191042532,0.0034805265483148773,73.0803811305613,0
univ3-conc-c10,250,10000,157.10765239256554,-5572.8233899721,5572.8233899721,-5415.715737579534,110621.17847987326,70189.24635646351,0.6118075248150302,4404,5640,1465139.238607429,0.5105130189148287,0.9999979925341412,151.05130189148286,5142.801378641532,90.4898072281145,0
univ3-conc-c10,251,10000,166.81735007651193,-4239.217746690647,4239.217746690647,-4072.400396614135,144800.0772139378,15885.566060358784,0.9011388588509958,5806,8035,1547430.5105575304,-0.26563040138147614,1.092030835439733,73.43695986185239,12728.779086833018,105.52670585095511,0
univ3-conc-c10,252,10000,21.19873280684318,-1091.3596391910803,1091.3596391910803,-1070.160906384237,36206.935980045244,138303.65751170786,0.2074770090204082,2453,1892,377174.1161303856,-0.9999978621812278,0.9999978621812278,0.0002137818772141403,21110.90962031882,146.94629569126272,0
univ3-conc-c10,253,10000,54.95343771079264,-2949.8714155185744,2949.8714155185744,-2894.917977807782,101649.75983092996,9180.692856232634,0.9171645280368323,7941,8110,1303983.8882384053,0.5782820910552866,1.111093638613002,157.82820910552866,4533.266354225859,89.36704191664047,0
univ3-conc-c10,254,10000,98.3413083867129,-1609.4396769593018,1609.4396769593018,-1511.098368572589,65944.4129568642,60271.632596957126,0.522472500762544,2777,4311,677282.5449071014,1.1110916111418374,1.1110935498732433,211.10916111418373,0.016188689865458628,78.18074559021296,0
univ3-conc-c10,255,10000,127.1653121408986,-1890.0796396870205,1890.0796396870205,-1762.914327546122,175446.41602547714,3419.1177536399405,0.9808844237265842,9955,8185,1079230.133670108,-0.07624548597942095,0.9105698516309323,92.3754514020579,10768.312963211743,101.52218870979752,0
univ3-conc-c10,256,10000,254.89076546530026,-2424.9065981607987,2424.9065981607987,-2170.0158326954984,233258.08360367926,4893.134817290677,0.9794536645676896,10648,8370,1202927.7540110033,-0.07140993068032785,1.0487321875971867,92.85900693196722,10719.235586269322,101.36543166143167,0
univ3-conc-c10,257,10000,107.41521150732454,-234.45692753925704,234.45692753925704,-127.0417160319325,172157.54179059426,1477.236049300966,0.991492280131443,11189,4599,284004.57522556145,-0.19010210435713673,0.3405752059161085,80.98978956428633,11937.85563683626,103.93354410602677,0
univ3-conc-c10,258,10000,228.93522106468532,-6885.572356778027,6885.572356778027,-6656.637135713341,163113.11869271204,54947.84795583745,0.7480161222783291,5957,7124,1788317.986286508,1.1110934325210533,1.111093535162009,211.10934325210533,0.0016820990923012147,78.2283451972868,0
univ3-conc-c10,259,10000,22.62533176279879,-749.7794732179415,749.7794732179415,-727.1541414551427,17457.98553730877,108653.77000296902,0.13843265810167085,1094,1231,258172.75633323233,-0.390696788503775,0.9999980097320064,60.9303211496225,14065.794736299385,108.29608654382311,0
univ3-conc-c10,260,10000,99.803419303193,-3669.974379040507,3669.974379040507,-3570.1709597373138,140018.51880440357,16495.454227628215,0.8946071465181432,8781,8001,1456192.6348447632,-0.4432852341044085,0.9999979299675493,55.67147658955915,14638.43916803214,109.49047363123745,0
univ3-conc-c10,261,10000,45.891913964728374,-873.3729480445548,873.3729480445548,-827.4810340798265,44349.11584556445,82967.21997935194,0.3483379847386805,1854,3020,431355.86059466546,1.111086929022893,1.1110934669473276,211.1086929022893,0.054027638596213734,50.65810344203464,0
univ3-conc-c10,262,10000,113.45882744680694,-508.4768026945573,508.4768026945573,-395.01797524775037,158073.28960520605,3574.2618118824885,0.9778885496220103,9997,6451,493003.00271826313,-0.30806359176206755,0.588930633636038,69.19364082379325,13178.542152654822,106.52284600287264,0
univ3-conc-c10,263,10000,71.67856223413067,-2879.6427717379647,2879.6427717379647,-2807.964209503834,65342.19060184106,45933.745993889606,0.5872086328891709,2594,5244,1025203.8697976836,-0.9999978090131999,0.9999979858184718,0.0002190986800101135,21110.90918062231,139.7420681636363,0
univ3-conc-c10,264,10000,26.492680360643167,-3435.842756715653,3435.842756715653,-3409.35007635501,37457.55042548096,84282.36581838869,0.30768503528822805,2681,2838,806864.1038483536,-0.9999979713861176,1.0818922952120509,0.0002028613882425396,21110.911040301642,277.5065921963876,0
univ3-conc-c10,265,10000,92.51946538830498,-1648.8042688334256,1648.8042688334256,-1556.2848034451206,145939.1063423385,2748.826118601796,0.9815127826911985,9463,8101,969776.5226732033,0.7124446437324496,1.1110910975699182,171.24446437324497,3349.3117902580507,87.13095896679536,0
univ3-conc-c10,266,10000,113.06166448423679,-354.8982783139489,354.8982783139489,-241.8366138297121,120647.46587264561,1224.783272539025,0.9899502693916812,4884,5609,384548.0781240643,-0.23091231293213896,0.32478402036834825,76.9087687067861,12363.696548827626,104.78263269803747,0
univ3-conc-c10,267,10000,294.9676729351697,-302.60299624619495,302.60299624619495,-7.6353233110252745,271609.6252582847,274.1697038090436,0.9989915923313957,10600,2625,199159.7084469129,-0.08433355696748038,0.16032510072601114,91.56664430325196,10850.507838946509,101.65458535084109,0
univ3-conc-c10,268,10000,90.30821517595751,-4017.7495946408953,4017.7495946408953,-3927.4413794649377,42076.713847801184,91573.11562827317,0.31482803990658026,2158,2901,894885.180558388,-0.8462434769332228,0.9999979560786367,15.375652306677718,19244.646060350722,119.34976369164225,0
univ3-conc-c10,269,10000,42.53630532531713,-2907.021331655518,2907.021331655518,-2864.485026330201,54325.522503548746,27022.669499594685,0.6678147499756297,3658,6027,1101139.057057134,0.9836311787593581,1.1110935672895454,198.3631178759358,1044.4585067972807,82.89332654495395,0
univ3-conc-c10,270,10000,63.85730049397134,-1746.6110256494005,1746.6110256494005,-1682.7537251554293,69128.4161070725,116752.92986036872,0.3718953924466469,3045,3349,644319.0424353916,1.1110882920337122,1.1110931600875207,211.10882920337122,0.04305304049116404,61.016651922615246,0
univ3-conc-c10,271,10000,291.2755035023036,-5958.651318929995,5958.651318929995,-5667.375815427691,255669.2050444546,43968.25566805465,0.8532618199223078,9213,7867,1817102.6073473108,1.1110922710775066,1.1110922710775066,211.10922710775066,0.011254861012515605,72.2700787258984,0
univ3-conc-c10,272,10000,12.260390381889668,-4040.0647273497984,4040.0647273497984,-4027.804336967909,21331.44964248518,37280.259951410495,0.36394518757915256,1620,3505,961302.0373533955,1.1110918678531043,1.111093323876577,211.10918678531044,0.014031698355791988,30.13487132994103,0
univ3-conc-c10,273,10000,22.448303492282186,-1554.0459898973425,1554.0459898973425,-1531.5976864050604,21075.44106847172,134139.94635563696,0.13578190550712238,789,1239,353717.1567002644,1.1110872097398723,1.1110911069727907,211.10872097398723,0.05164056541426376,18.907137590054095,0
univ3-conc-c10,274,10000,117.3696538168426,-238.7283744924673,238.7283744924673,-121.35872067562471,105362.16593095234,623.633487250177,0.9941158769318763,6358,4359,253778.2480324419,0.7263585730357963,0.7463912285829687,172.63585730357963,3228.2190022190694,86.94610444573428,0
univ3-conc-c10,275,10000,61.04254271061167,-3852.097304925441,3852.097304925441,-3791.0547622148297,97149.48389910726,32247.34071009497,0.7507872329364591,7094,6858,1339454.6754315083,1.111092038010737,1.111093612311407,211.1092038010737,0.013010577296714843,66.29636097997468,0
univ3-conc-c10,276,10000,174.9038087068632,-5878.564873249407,5878.564873249407,-5703.661064542544,181596.15748870999,69762.98731633385,0.7224569355913326,7743,6694,1632458.0072365873,-0.9999978297808368,1.111093540931297,0.0002170219163132528,21110.909841640547,138.11822407017874,0
univ3-conc-c10,277,10000,127.55435485703197,-965.2200110551953,965.2200110551953,-837.6656561981633,66854.05995758783,121916.21320237972,0.35415565617651257,3908,2920,435462.9763745137,-0.9999979489122593,0.9999979794253797,0.00020510877406516604,21110.910843283575,142.15299267750655,0
univ3-conc-c10,278,10000,168.5403402879499,-3069.1675348065,3069.1675348065,-2900.62719451855,150200.55874147572,93971.5593733685,0.6151421378538815,7062,5453,1074181.533498627,-0.9999976813963357,0.9999979444487557,0.000231860366420479,21110.90788760824,149.28264857405574,0
univ3-conc-c10,279,10000,151.30207454495968,-1596.172516912277,1596.172516912277,-1444.8704423673173,83733.7124132622,179207.31799505258,0.3184505373057759,3559,2863,530476.3985335728,1.1110893446350587,1.11109354321022,211.10893446350588,0.034524422064510674,61.750290027930994,0
univ3-conc-c10,280,10000,55.31985735515369,-2782.9337554804392,2782.9337554804392,-2727.6138981252857,59655.91587544036,62981.206155615946,0.4864425623126842,3386,4357,930221.8698501872,-0.9999979717335568,0.9999979723713821,0.00020282664432327537,21110.911184100383,169.94488864631452,0
univ3-conc-c10,281,10000,83.8336302944805,-919.2309241189733,919.2309241189733,-835.3972938244929,121171.72535514727,2071.7951058105537,0.9831894196298386,6280,7344,732376.7826364161,-0.7482040645252056,0.9898614917896457,25.179593547479435,18087.03030655862,116.82539784415584,0
univ3-conc-c10,282,10000,58.10019694516922,-1633.3396165847644,1633.3396165847644,-1575.239419639595,89242.83766968276,30528.855858475632,0.7451079219206476,5750,6436,856455.1242596972,1.111093408982218,1.1110936019353048,211.1093408982218,0.00183219611776253,71.85428895294675,0
univ3-conc-c10,283,10000,21.75969991305133,-469.4289201454151,469.4289201454151,-447.6692202323637,16779.481575459984,79148.69366533455,0.1749171349641635,915,1421,209203.6829383743,1.111089412515223,1.1110934815655624,211.1089412515223,0.03380900474876408,59.544311072851286,0
univ3-conc-c10,284,10000,395.1055035903517,-576.868887419935,576.868887419935,-181.76338382958335,301579.269208697,3078.658826980902,0.989894703063101,10853,5553,421932.8136296209,-0.19920640794253713,0.47254559621927994,80.07935920574629,12032.54882468814,104.0632719251634,0
univ3-conc-c10,285,10000,79.7436009790934,-760.0723459955647,760.0723459955647,-680.3287450164712,149342.81748891383,2963.1880616108488,0.9805445093849049,10848,7152,663863.0264251443,-0.03925970833549073,0.8899073869897519,96.07402916645093,10394.145154168224,100.77628519878832,0
univ3-conc-c10,286,10000,51.198009249602464,-905.9810501453852,905.9810501453852,-854.7830408957827,31534.8269834489,106573.83085898269,0.22833345480358688,2219,1978,323463.5318790938,1.1110851929586838,1.1110935791782395,211.10851929586838,0.06806198027170751,77.88995752428121,0
univ3-conc-c10,287,10000,123.0226140343918,-2609.087407545869,2609.087407545869,-2486.0647935114775,174833.17285292942,4260.781564876212,0.976209238448461,9758,8429,1278528.7113688905,-0.7114495949951903,0.9685093145181101,28.855040500480964,17659.343166264058,115.90317231086996,0
univ3-conc-c10,288,10000,217.03493171838568,-8367.59550839353,8367.59550839353,-8150.560576675144,177971.0630517548,85516.2291724077,0.6754445785580637,6431,6412,1874000.979079312,0.23230833852595764,1.1110935003394227,123.23083385259577,7729.651835976225,95.42736206669963,0
univ3-conc-c10,289,10000,29.359846619372853,-1444.8149567588257,1444.8149567588257,-1415.455110139453,35790.88243057845,60562.76043713783,0.37145333964918875,2656,3378,563063.2350506354,1.1110845898142463,1.111093553930575,211.10845898142463,0.07302331009205432,57.840803254481386,0
univ3-conc-c10,290,10000,152.16563264895893,-6806.749787377716,6806.749787377716,-6654.584154728756,140956.97453822754,53123.246822141184,0.7262820165301554,6353,6825,1735037.808408912,0.7467118627247871,1.1110936202099941,174.6711862724787,3051.6498352706885,86.58954499298352,0
univ3-conc-c10,291,10000,117.80511365403235,-1807.1850353548193,1807.1850353548193,-1689.379921700787,100673.55181594912,130424.7686652404,0.43563082417184223,4811,3652,688800.2307686337,-0.9999979012700121,0.9999979793462112,0.00020987299878930492,21110.91035905251,153.01921293116803,0
univ3-conc-c10,292,10000,33.89375238225325,-1600.5715698308884,1600.5715698308884,-1566.677817448635,38003.48468674139,239770.30156815294,0.13681451082597168,1586,1302,374311.2317057449,-0.9999979577366932,0.9999979577366932,0.00020422633067894403,21110.910714355392,493.09013499152775,0
univ3-conc-c10,293,10000,47.864436321800795,-161.18573187999476,161.18573187999476,-113.32129555819397,69082.23573349725,2331.0133396187293,0.9673588112867945,4414,4116,233289.0259945514,-0.19456926778377465,0.31738434212921407,80.54307322162254,11984.295904204468,103.97254062375309,0
univ3-conc-c10,294,10000,100.95997848610492,-6355.440672182321,6355.440672182321,-6254.480693696216,139699.5959135459,45711.16490986493,0.7534600219164128,8673,7218,1786210.1963648559,1.1110904461704316,1.1110935034623648,211.10904461704317,0.025988217902135347,61.9183229772161,0
univ3-conc-c10,295,10000,90.94148046079057,-2434.911522842998,2434.911522842998,-2343.9700423822073,110239.22639076947,2235.1536683853888,0.9801274417586491,4732,8373,1227871.1942212868,-0.26636719534513403,0.9999957349024585,73.3632804654866,12736.555110843641,105.5472614564718,0
univ3-conc-c10,296,10000,113.3208279292229,-116.58747116008306,116.58747116008306,-3.2666432308601543,159870.863250845,127.35029090620104,0.9992040517947847,10030,1650,103345.16348004136,-0.04111979754671893,0.13493555567139937,95.88802024532811,10412.89613547181,100.7854773452055,0
univ3-conc-c10,297,10000,21.383444772256244,-3977.6893946040573,3977.6893946040573,-3956.305949831801,44806.57943077391,52833.95875662181,0.4588932042219932,3208,4359,1096420.5254352307,1.111093034792956,1.111093034792956,211.1093034792956,0.004680064560289576,65.1742623323321,0
univ3-conc-c10,298,10000,369.7009395877868,-975.4066068206037,975.4066068206037,-605.7056672328168,79147.72002558316,69785.38180918108,0.5314313544170631,3605,4145,465431.9652953898,-0.9999974938541364,0.9999979639840839,0.0002506145863622189,21110.90528097323,126.87282753788942,0
univ3-conc-c10,299,10000,157.66334701931177,-1151.4320240833338,1151.4320240833338,-993.768677064022,132709.47568990686,118687.85228614813,0.5278873755672818,6164,4323,570356.8055433622,1.1110918780435668,1.1110935813619236,211.10918780435668,0.014166047829633044,75.61270530574372,0
univ3-conc-c10,300,10000,101.70171287365636,-208.76878081382515,208.76878081382515,-107.06706794016878,175868.2963449983,1204.5798379649405,0.9931972650812975,10850,4347,262118.3772881654,-0.1398994320465178,0.16780504761810192,86.01005679534822,11418.841766603438,102.79312941173237,0
univ3-conc-c10,301,10000,45.400844434093344,-2146.9277242806684,2146.9277242806684,-2101.526879846575,55393.09818011147,102096.90344642483,0.3517245387517857,2496,3209,707969.2169727111,1.1110914101505358,1.1110927064584302,211.10914101505358,0.01776512188919277,63.168482125548095,0
univ3-conc-c10,302,10000,182.9629255945467,-405.4043642163249,405.4043642163249,-222.4414386217782,183791.0926025821,2125.3147694420013,0.9885684389049688,7726,5600,394117.14741985407,-0.09755765103252187,0.5908802205111879,90.24423489674781,10985.187051260695,101.9797741604915,0
univ3-conc-c10,303,10000,187.36590759482897,-1621.8712981400258,1621.8712981400258,-1434.5053905451969,214926.75372414125,2154.414948983877,0.9900755327504804,9465,7930,989207.014271048,-0.0015526306335557649,0.999996967757874,99.84473693664442,10015.529568589503,99.98327419905475,0
univ3-conc-c10,304,10000,50.67424017905766,-5307.741249285743,5307.741249285743,-5257.067009106685,76616.40205403561,34998.248898027545,0.6864367840646766,6000,6341,1505596.9454596755,1.111092647242124,1.1110935312429668,211.1092647242124,0.008012200792915536,80.1618422792759,0
univ3-conc-c10,305,10000,39.39508679761692,-1015.2908974908968,1015.2908974908968,-975.8958106932798,55195.31452779599,14257.483863359503,0.7947169272710669,3327,6114,701119.0734696513,-0.9080472920511725,0.999997982900858,9.195270794882749,19987.232550796187,120.98806606627531,0
univ3-conc-c10,306,10000,207.2503943629502,-404.05414372656463,404.05414372656463,-196.80374936361443,212487.18793987142,5754.826411400834,0.9736309874681686,8763,5453,381441.72864135227,0.6396583532978457,1.0157443698039907,163.96583532978457,3987.9296008667275,88.33883802758481,0
univ3-conc-c10,307,10000,159.67815446185332,-4957.3352303262,4957.3352303262,-4797.657075864347,55338.28999564918,64169.090308853454,0.46305332653638814,2061,4120,1135511.3023911219,1.111089854748079,1.111093579973245,211.1089854748079,0.030383070709406546,35.262454488288526,0
univ3-conc-c10,308,10000,114.66922344004226,-4121.158038631015,4121.158038631015,-4006.488815190973,126262.77918920279,22380.85786867999,0.8494327889732357,6572,7771,1490922.7202831474,1.1110885430405961,1.111093520174529,211.1088543040596,0.041335104778539744,71.39019780118406,0
univ3-conc-c10,309,10000,89.64487839810516,-2979.0934512202093,2979.0934512202093,-2889.4485728221043,73660.21787436791,10644.405335032516,0.8737387710209752,4618,7530,1234761.6465257646,1.1110923823835475,1.1110934886817176,211.10923823835475,0.010148292998419906,74.06469152766799,0
univ3-conc-c10,310,10000,159.53986629518215,-2087.566893312051,2087.566893312051,-1928.027027016869,202554.41397396137,5162.976980184308,0.9751442238106868,10560,8247,1118946.9609201169,0.973897196245884,1.0235395201980966,197.3897196245884,1125.2185863784266,83.06030370845933,0
univ3-conc-c10,311,10000,229.66378577194877,-1309.80311659512,1309.80311659512,-1080.1393308231711,118484.08663596705,116057.31866986594,0.5051734318785561,5862,4298,608024.5683080985,-0.8857322179640583,0.9999979901460493,11.426778203594164,19717.950662831292,120.39333735672653,0
univ3-conc-c10,312,10000,113.96629034469751,-544.3333297037971,544.3333297037971,-430.3670393590995,105730.00165641826,42750.275767938714,0.712081116027563,7015,4995,446154.21262940846,-0.9999979066480188,0.9999979564627555,0.0002093351981148417,21110.91063061541,128.03620268275165,0
univ3-conc-c10,313,10000,188.61354432189594,-509.6035978622573,509.6035978622573,-320.9900535403614,191234.4716881223,3287.3330998399183,0.9831004390308672,7541,6124,470318.46817885863,-0.4276586463057434,0.4380338479041482,57.23413536942566,14467.62172239916,109.12406973599073,0
univ3-conc-c10,314,10000,82.79031675649135,-4922.116280776924,4922.116280776924,-4839.325964020433,69926.70920067022,79186.99736027625,0.46894890358110325,3753,4342,1196035.2252124862,1.1110890024750515,1.1110935732441687,211.10890024750515,0.03736257774499219,45.73847996385439,0
univ3-conc-c10,315,10000,114.90038569658118,-3363.913027089236,3363.913027089236,-3249.012641392655,92839.51830113798,157978.29539409865,0.37014722731753535,4409,3516,894327.8119019431,-0.9999979341811965,1.1110935478673192,0.00020658188034206157,21110.91073470041,216.21833919433251,0
univ3-conc-c10,316,10000,39.11525037740366,-2568.056957555733,2568.056957555733,-2528.941707178329,32203.507544545064,106290.93674622568,0.23252562735970414,1318,2124,607682.7388762118,1.1110921994676193,1.1110934215132289,211.10921994676193,0.01127979308818361,30.169280603748007,0
univ3-conc-c10,317,10000,77.5002862128453,-1966.3139263618039,1966.3139263618039,-1888.8136401489585,117356.62053016262,28900.092328593095,0.8024016008311171,8557,6864,993643.6041521986,0.28117897871154385,0.9999979447709532,128.11789787115438,7265.099684607125,94.60567878562699,0
univ3-conc-c10,318,10000,287.2297732761293,-2153.122820519413,2153.122820519413,-1865.8930472432835,83401.32945221882,113154.72930261419,0.4243131958412252,3967,3648,690097.5892541968,1.1110890065450942,1.111093533867228,211.10890065450943,0.03731447306853397,73.23341597513519,0
univ3-conc-c10,319,10000,114.87471676920404,-2654.776092756245,2654.776092756245,-2539.901375987041,141400.56179231594,2453.6519004674856,0.9829434825892028,7576,8443,1256989.6409135188,1.1110872910462473,1.1110872910462473,211.10872910462473,0.051548075751110645,80.54127455886922,0
univ3-conc-c10,320,10000,88.62387744673593,-489.05257767582054,489.05257767582054,-400.4287002290846,83140.43003349588,14908.25582398087,0.8479504779324482,3608,5603,460163.39702485537,-0.846231635590769,0.9999978555347588,15.376836440923094,19244.504969679598,119.30523616592417,0
univ3-conc-c10,321,10000,98.95389748083164,-1765.3187180397294,1765.3187180397294,-1666.364820558898,96262.95606337654,64341.73713439956,0.5993782257958916,6122,5092,769498.9358431102,1.111092899328773,1.1110935608319195,211.1092899328773,0.005925175164127605,79.383797537046,0
univ3-conc-c10,322,10000,38.23812181175341,-855.3164458647526,855.3164458647526,-817.0783240529992,43163.56389231957,33356.38589196666,0.5640824910889243,2741,4526,519227.6423232024,0.5702497144424459,1.1110935735756402,157.02497144424458,4605.1033238335,89.50265190011257,0
univ3-conc-c10,323,10000,77.08795149097618,-2960.1818234226876,2960.1818234226876,-2883.0938719317114,80727.45089862641,78588.97733153128,0.5067114031831224,4082,4583,953033.2024748377,1.1110891286644127,1.1110925060646586,211.10891286644127,0.036366337831879036,64.41284481911472,0
univ3-conc-c10,324,10000,44.65839873412379,-620.9996671344315,620.9996671344315,-576.3412684003077,70271.29563514132,2290.50287633029,0.9684337637253001,4592,6905,582311.9766192494,-0.4886578007345136,0.5092658368334617,51.13421992654864,15137.595541622477,110.53762081098655,0
univ3-conc-c10,325,10000,93.47453235136419,-2723.2710785419004,2723.2710785419004,-2629.796546190536,107509.57879332518,44891.76363181924,0.705437216513569,4914,6222,1085810.4804917835,0.6280373227836279,1.1110935191305997,162.8037322783628,4090.7006333350537,88.53201256206908,0
univ3-conc-c10,326,10000,20.60413329500592,-1137.913674963805,1137.913674963805,-1117.309541668799,30054.552135643047,45137.3142160563,0.3997048297094678,1886,3469,543661.2791273508,-0.3671829862312833,0.9999979726929467,63.281701376871666,13811.772036817327,107.76756774471322,0
univ3-conc-c10,327,10000,163.92086362013947,-298.45701866839283,298.45701866839283,-134.53615504825336,143473.08315753346,1878.849370946708,0.9870737916017831,5349,4634,294954.3413259318,0.48948780274712334,0.5661139859803771,148.94878027471233,5333.509022277286,90.85897714735844,0
univ3-conc-c10,328,10000,46.55520589801411,-2948.8925957865335,2948.8925957865335,-2902.3373898885193,39167.99320412639,81811.48310910848,0.3237573380026403,1731,2972,748265.4816203327,1.1110933499585018,1.1110935653773313,211.1093349958502,0.0020103394135726482,40.753389784457795,0
univ3-conc-c10,329,10000,210.07712711276767,-1918.3186350336462,1918.3186350336462,-1708.2415079208786,206467.07533233214,5711.8243226427385,0.9730801491951803,10019,8136,1049518.4156816155,0.3366984863967858,0.957432935329313,133.66984863967858,6742.674099908288,93.56275568572572,0
univ3-conc-c10,330,10000,6.739671795727085,-226.94216262908108,226.94216262908108,-220.202490833354,5236.410828770696,131554.50154681774,0.038280399902538995,226,316,64789.22846963645,1.1110848716454476,1.1110934479320564,211.10848716454475,0.07052007741468946,45.87125524823195,0
univ3-conc-c10,331,10000,179.53686276571295,-4121.708499172661,4121.708499172661,-3942.1716364069475,193095.34308157768,53024.44072197407,0.7845583971246408,9319,7173,1455928.8694906977,-0.5439156252612459,0.9999979570760986,45.608437473875405,15751.971388055195,111.84763406821621,0
univ3-conc-c10,332,10000,91.3859703831371,-474.5877085140453,474.5877085140453,-383.2017381309082,136481.1735616896,3354.9470522023043,0.976008008249415,9251,6244,475688.6725098467,0.1966612836025567,0.2910327122743564,119.66612836025567,8071.312339867558,96.18037729242826,0
univ3-conc-c10,333,10000,218.12171477431735,-6323.531495223545,6323.531495223545,-6105.409780449228,161281.0592665526,19026.184068741815,0.8944790918168426,8051,8175,1922067.7165377536,-0.31007176735730835,0.9999979394765134,68.99282326426916,13199.925049454485,106.66347682725883,0
univ3-conc-c10,334,10000,50.12381812684942,-1911.6010031525448,1911.6010031525448,-1861.4771850256952,17612.901755451858,75806.01427180538,0.18853678146204206,1107,1587,421051.69081998133,1.1110854813693902,1.1110935618377835,211.10854813693902,0.06566958767974285,43.53506572387395,0
univ3-conc-c10,335,10000,55.93904367304927,-1643.995377739813,1643.995377739813,-1588.0563340667636,43706.01974220554,128816.71867964299,0.2533348365670884,1770,2515,527737.2274551726,1.111091094364781,1.1110935735983423,211.1091094364781,0.020262696540772174,71.3855580917928,0
univ3-conc-c10,336,10000,104.30201718180143,-1489.3290472730403,1489.3290472730403,-1385.0270300912389,155565.01726493792,12904.794886180875,0.9233999568147844,10706,7500,892292.1496161174,1.1110926849357148,1.1110926849357148,211.10926849357148,0.007939159412328756,74.95867785187997,0
univ3-conc-c10,337,10000,121.14165941430286,-798.5554534289106,798.5554534289106,-677.4137940146077,151348.955658378,2437.335109650802,0.984151154843007,8134,7099,643901.2200477946,0.4630525272638576,1.025825967007627,146.30525272638576,5574.3759655694985,91.34596491098851,0
univ3-conc-c10,338,10000,233.67989810156638,-1757.576117753808,1757.576117753808,-1523.8962196522416,164630.5322086963,16528.97709251176,0.9087600912793954,6262,7501,927561.4273429131,0.6762723957597501,1.1110936253967674,167.627239575975,3665.5942031328123,87.77483026771564,0
univ3-conc-c10,339,10000,78.1638477539195,-303.8591301235622,303.8591301235622,-225.69528236964268,117344.94776182868,3887.3161839660806,0.9679349699705009,7645,5431,355359.4842875489,0.5024998979690395,0.6016272165247969,150.24998979690395,5215.393878408845,90.66365827772091,0
univ3-conc-c10,340,10000,192.18873205067894,-1191.3200838787022,1191.3200838787022,-999.1313518280233,202807.49848487542,1900.304039355195,0.9907169926308488,9087,7638,833411.6886615669,-0.5915755123212191,0.9874747675862993,40.84244876787809,16287.666085729772,113.06145681175519,0
univ3-conc-c10,341,10000,2.9475779052519346,-242.1142406587767,242.1142406587767,-239.16666275352478,5520.598397460477,61342.57026187466,0.08256561135455126,385,688,105994.24608049532,1.111092179640089,1.1110935005809524,211.1092179640089,0.011344917480070826,75.43729239482286,0
univ3-conc-c10,342,10000,155.4739461227235,-1164.136752859652,1164.136752859652,-1008.6628067369285,167208.6664726587,3455.000063209874,0.9797555031288178,7201,7605,809646.3743138483,0.9360491307203443,0.9856859675142369,193.60491307203444,1440.5976613668176,83.65751360198476,0
univ3-conc-c10,343,10000,70.18808999875336,-3224.858158710763,3224.858158710763,-3154.6700687120097,44437.144912623764,134947.11024896486,0.24772043049483333,2325,2472,730500.7941323877,1.1110934525586234,1.1110934525586234,211.10934525586234,0.0011863908800775758,63.41902642153338,0
univ3-conc-c10,344,10000,83.28838261586355,-492.8650703100798,492.8650703100798,-409.5766876942162,74494.83916846049,213993.8675759891,0.25822445533179866,3047,2208,268073.667684603,1.1110890129126307,1.1110930335112568,211.10890129126307,0.03716148897850788,59.25613573620295,0
univ3-conc-c10,345,10000,82.31304130599757,-1652.512161041314,1652.512161041314,-1570.1991197353163,39739.72523135431,78522.9744694253,0.3360292411039247,2083,2941,584243.0515144605,-0.9999979336972065,0.9999979717915027,0.00020663027934696073,21110.91054789952,139.56768586631839,0
univ3-conc-c10,346,10000,108.10912138004414,-1459.6955670409543,1459.6955670409543,-1351.5864456609102,91079.87301382633,161456.00918310133,0.36066111564614084,4352,3149,567144.2361349256,0.524292103001612,0.9999979852604776,152.4292103001612,5018.232367536147,90.28591474858376,0
univ3-conc-c10,347,10000,126.45438627568181,-786.293911927355,786.293911927355,-659.8395256516732,129469.46645681799,1885.6410844277325,0.9856447067820667,7153,7155,656123.6666020197,-0.9813065538421338,0.9999978710801618,1.8693446157866127,20880.638860260093,122.91590736336742,0
univ3-conc-c10,348,10000,120.09802496486738,-627.3579698258706,627.3579698258706,-507.2599448610032,145902.47645211557,2595.0368965461557,0.9825247114377383,7963,6792,559608.1185927856,0.13191752939694226,1.0158481177104062,113.19175293969423,8697.998658020642,97.38786993123438,0
univ3-conc-c10,349,10000,25.087444346849683,-1695.8693729966196,1695.8693729966196,-1670.78192864977,31391.956790670058,62051.53951123063,0.3359458713878574,1596,3120,622121.9471895531,-0.9999979113486563,0.9999979113486563,0.00020886513436156875,21110.910248495595,169.6359167203853,0
univ3-conc-c10,350,10000,62.70592968164651,-655.5697735591847,655.5697735591847,-592.8638438775382,36593.504014462895,207592.0634754758,0.1498594056586521,1601,1279,225652.22767813588,1.111091234971998,1.1110935179488388,211.1091234971998,0.01907171459659275,37.16394604801527,0
univ3-conc-c10,351,10000,75.5042853188962,-1166.1161939824817,1166.1161939824817,-1090.6119086635856,84089.816025042,56397.045019601544,0.5985600034035934,4244,5049,659128.3554976137,-0.9999978386255118,0.9999979678038879,0.00021613744881909098,21110.909627608296,141.52990195223055,0
univ3-conc-c10,352,10000,261.47184881728,-4293.53331427186,4293.53331427186,-4032.0614654545802,127859.44407210487,166908.89798470604,0.4337624698091304,5043,3990,1065547.1413170993,1.1110917216789078,1.1110934798288508,211.1091721678908,0.015375128522647274,75.13661845490097,0
univ3-conc-c10,353,10000,93.27587710773828,-1135.4816796305802,1135.4816796305802,-1042.2058025228419,96219.96423071907,122959.30996015672,0.4390011992964461,3810,3838,570932.8550727643,-0.9999977075841504,0.9999979225277685,0.0002292415849601188,21110.90791475606,144.46897762998216,0
univ3-conc-c10,354,10000,264.55066717715226,-1011.0670276582717,1011.0670276582717,-746.5163604811195,272997.53021563473,3346.4809542131497,0.9878901629166977,11747,7379,731251.1821089212,0.4792336133759275,0.5585004096463484,147.92336133759275,5426.79690196356,91.15506987045693,0
univ3-conc-c10,355,10000,162.46573770541778,-3460.7525864652116,3460.7525864652116,-3298.286848759794,73763.34231979234,161014.88595364653,0.31418306059402784,2549,2868,798088.9294430853,-0.9999979527360735,1.111093530888633,0.00020472639265597207,21110.910807122047,154.18981019057375,0
univ3-conc-c10,356,10000,138.3041524507119,-141.87126712640057,141.87126712640057,-3.567114675688657,128512.05650442849,254.44501504109212,0.9980239812991843,4862,1439,101625.14142816735,0.11201455896192072,0.18017003831502493,111.20145589619207,8892.261241280052,97.80831608080179,0
univ3-conc-c10,357,10000,118.5961914058804,-188.41996751165445,188.41996751165445,-69.82377610577404,109967.86174814112,584.2266304979349,0.9947153722822768,4423,3424,197515.18816891272,0.06503878380133528,0.2833411901137481,106.50387838013353,9353.814644046339,98.8813785647594,0
univ3-conc-c10,358,10000,66.3464178379973,-3237.110871983504,3237.110871983504,-3170.7644541455065,66014.1969938241,65233.50721565824,0.502974108320096,3688,4600,997119.5747940167,-0.9999979222380724,1.1110934264480974,0.00020777619276331595,21110.910603477634,144.43542147189282,0
univ3-conc-c10,359,10000,199.8018594587018,-418.63542905671534,418.63542905671534,-218.83356959801353,194363.5877207311,3474.288881795026,0.9824387071805508,7439,5531,400140.83123121934,-0.2959675238201321,0.6758138507477185,70.40324761798679,13049.931111473154,106.20999279808248,0
univ3-conc-c10,360,10000,112.89343821703339,-167.22996827084006,167.22996827084006,-54.33653005380667,125845.34550168535,732.4531738977903,0.9942134151362905,5058,3177,185186.6462330201,0.1644243652328042,0.2632856372546783,116.44243652328042,8382.351047253362,96.80170645181772,0
univ3-conc-c10,361,10000,6.092704516755096,-304.7559899623384,304.7559899623384,-298.6632854455833,5740.650832668108,170121.05764618082,0.03264298341192643,296,305,78752.29697278547,1.1110931654759006,1.1110931654759006,211.10931654759005,0.003340097466612235,35.89070504569022,0
univ3-conc-c10,362,10000,212.04817752394067,-328.71656285051836,328.71656285051836,-116.66838532657769,236865.8061940729,1660.2643038580684,0.9930394849485752,11681,4620,306523.80215951777,0.13343135669244233,0.3462530702837174,113.34313566924423,8683.25424494076,97.38404598995342,0
univ3-conc-c10,363,10000,170.5287909025173,-548.3935432552626,548.3935432552626,-377.86475235274526,165365.23702958602,2025.373594194266,0.987900315396146,6587,6446,508540.5394154623,-0.2532481680119298,0.43880925291028317,74.67518319880702,12598.273784074312,105.30057743395567,0
univ3-conc-c10,364,10000,45.2016918165899,-2061.2432918202126,2061.2432918202126,-2016.0416000036228,47046.50586639936,69748.3000588397,0.4028133399743313,1965,3839,753433.7563878602,1.1110922952171718,1.1110933310365005,211.10922952171717,0.010598663420646304,78.58188494603716,0
univ3-conc-c10,365,10000,230.3157969095168,-1775.4024567080521,1775.4024567080521,-1545.0866597985353,233505.9337445321,4320.646874564471,0.9818327839414871,9185,8136,1024608.6413737909,0.24617055704476912,0.974017829027172,124.61705570447691,7597.431031817347,95.25272921915307,0
univ3-conc-c10,366,10000,110.8696571229556,-918.1909922368208,918.1909922368208,-807.3213351138652,160576.77200007785,3371.4203906920625,0.9794360624443098,10786,7250,698359.9012395832,0.5875769910161872,0.9394593568720466,158.75769910161873,4450.273753171435,89.16800316112867,0
univ3-conc-c10,367,10000,132.19688018471544,-542.5982356333575,542.5982356333575,-410.40135544864205,157357.23090915388,2372.5584368146315,0.9851464248057339,7840,6507,515677.68334871356,-0.10701266734987741,0.38584544395808995,89.29873326501226,11081.701313055459,102.15133618218331,0
univ3-conc-c10,368,10000,47.394917786730346,-5250.295047897561,5250.295047897561,-5202.90013011083,83675.41404124706,51596.50603302633,0.6185719400989032,6797,5810,1431263.2362711276,1.1110853646218164,1.111093539213478,211.10853646218163,0.0670179204722956,46.64121858200154,0
univ3-conc-c10,369,10000,82.13270005441161,-2462.4397897299377,2462.4397897299377,-2380.307089675526,53092.39508720339,150151.95057627963,0.2612244631646966,2555,2366,633399.1425727546,-0.9999978513171235,0.9999979790511976,0.00021486828765924018,21110.909525209187,159.14475917761348,0
univ3-conc-c10,370,10000,181.16777361412093,-817.807033439151,817.807033439151,-636.6392598250301,182381.01151442179,2367.746002934786,0.9871839679208,6884,7143,656512.1717874188,0.03901776274926604,0.5187303619247701,103.9017762749266,9611.339305621832,99.22440146244203,0
univ3-conc-c10,371,10000,130.02168219918903,-7390.059409986475,7390.059409986475,-7260.037727787286,103079.32252133824,43485.677946656804,0.7033010759198773,3877,6607,1799291.64528248,1.1110919273878606,1.1110919971047042,211.10919273878605,0.013769013709541866,58.151763025720285,0
univ3-conc-c10,372,10000,65.72265604341094,-6038.686174423075,6038.686174423075,-5972.963518379664,84655.69263980338,37779.52875135876,0.6914325116409205,5250,6295,1610148.288622549,-0.7789278736102869,1.1110906344941671,22.1072126389713,18447.15862422167,117.61770074891827,0
univ3-conc-c10,373,10000,79.46623880555917,-3121.2613274933306,3121.2613274933306,-3041.7950886877716,92309.694177503,3543.8531554644724,0.9630284610839268,4720,8404,1380371.6131335916,0.10958297976485809,0.9999979811798547,110.95829797648581,8916.047427362031,97.85218742429431,0
univ3-conc-c10,374,10000,72.0641638288459,-1542.7303010305468,1542.7303010305468,-1470.6661372017008,67641.21021644662,16110.322322395084,0.8076414623825116,3757,6726,845423.18824269,0.27201430677389,1.1110935536310527,127.201430677389,7351.879857416055,94.7746136680901,0
univ3-conc-c10,375,10000,310.7978908807568,-3723.8609460178673,3723.8609460178673,-3413.0630551371105,140929.52853368415,133904.1582294629,0.512781130266385,5807,4612,1044481.0277103733,-0.9999977828144897,1.1110935885321231,0.00022171855103195236,21110.909017073955,155.8141834348393,0
univ3-conc-c10,376,10000,102.74031645356277,-1144.842620899011,1144.842620899011,-1042.1023044454482,21966.83203083377,176587.388849572,0.11063392122026433,866,996,269897.4561220641,-0.9999979205555024,0.9999979205555024,0.00020794444975563405,21110.91019146372,217.7149092138442,0
univ3-conc-c10,377,10000,112.99120567278065,-945.3961109213116,945.3961109213116,-832.4049052485309,158594.4776465518,33397.046803234975,0.8260493691117621,8280,6423,671381.4194352783,1.111093543457138,1.111093543457138,211.1093543457138,0.0008395849358360796,67.52459434563514,0
univ3-conc-c10,378,10000,186.19330762295746,-6028.106216476014,6028.106216476014,-5841.912908853057,175243.82491403905,26017.33428300349,0.8707284883640588,7322,8045,1825464.9295292974,-0.24144133962396197,1.1110934174985123,75.8558660376038,12474.14170353015,104.99722800548626,0
univ3-conc-c10,379,10000,120.44788154938507,-1941.802165839264,1941.802165839264,-1821.354284289879,142900.2074924181,5503.56052392807,0.9629149542663779,7251,7983,1047159.1031879557,-0.3419115039326591,1.1110931485273838,65.80884960673409,13540.1400821937,107.09477794308499,0
univ3-conc-c10,380,10000,50.149606350157086,-4221.739835318645,4221.739835318645,-4171.590228968488,55444.88853069818,55979.553589115734,0.4976007730070453,3442,4669,1150525.9013582515,1.1110903878171237,1.1110934327561637,211.10903878171237,0.02614405644806944,37.25852570816146,0
univ3-conc-c10,381,10000,83.77245638608402,-666.920875742749,666.920875742749,-583.1484193566649,109023.14327782913,1515.7136160076836,0.9862879564833623,6462,6943,600338.1696439614,-0.04029314096427569,0.4460048059377424,95.97068590357243,10404.561941564665,100.82310097088454,0
univ3-conc-c10,382,10000,4.794039876070927,-1280.0420052267038,1280.0420052267038,-1275.247965350633,8064.766911881336,61663.97869440292,0.11565914232012951,620,1020,298193.2614532447,1.1110894274120668,1.1110894274120668,211.10894274120668,0.03366071029641571,66.42757372228675,0
univ3-conc-c10,383,10000,72.78726708707435,-884.1943046711338,884.1943046711338,-811.4070375840594,56160.84336415522,63935.45424732118,0.46763176285284996,2141,3813,487518.58561759605,1.1110870887713267,1.1110934601011138,211.10870887713267,0.052777714103790174,73.20381602030669,0
univ3-conc-c10,384,10000,106.80211530396078,-1748.6290528708153,1748.6290528708153,-1641.8269375668544,130017.58578740894,2421.901890221724,0.9817131436198481,5985,8090,1003489.5544444926,0.8773685126840095,1.1110919982713898,187.73685126840095,1933.9084579974399,84.48340316634926,0
univ3-conc-c10,385,10000,32.722657301606354,-3649.1220847980753,3649.1220847980753,-3616.399427496469,33396.42202606141,31474.179183769967,0.5148159783202388,2315,4737,1106581.4997665638,-0.22339798157949417,0.9999979692060355,77.66020184205058,12285.019801567509,104.61406622725117,0
univ3-conc-c10,386,10000,107.57602922761738,-326.6703450616116,326.6703450616116,-219.09431583399424,163362.57679301282,4062.5301652202347,0.975735239242023,9196,5383,364135.761396689,0.3278715911512418,0.40969122803708447,132.78715911512418,6825.357500313174,93.76261887180742,0
univ3-conc-c10,387,10000,99.96358471333771,-3768.055187367823,3768.055187367823,-3668.091602654485,117015.65724022075,78286.06111072264,0.5991532395529253,6989,5504,1224532.1718124407,-0.9999978953729578,0.9999979344717477,0.00021046270421534323,21110.91053393074,150.68622293412932,0
univ3-conc-c10,388,10000,157.21484076251843,-4084.662685513317,4084.662685513317,-3927.447844750798,95873.6369241511,140081.48831201144,0.4063214851900046,4156,3927,1052238.4586544763,-0.14353377921651145,0.9999979074309393,85.64662207834886,11456.237153163614,102.91410981530791,0
univ3-conc-c10,389,10000,70.19500995687088,-662.6230272310104,662.6230272310104,-592.4280172741395,35546.54406612944,99996.93707941263,0.26225196347112223,1319,2240,310468.42079030455,1.1110935037450167,1.1110935037450167,211.10935037450167,0.0007178575370047069,50.707941737509806,0
univ3-conc-c10,390,10000,110.86546389005407,-189.56996029465415,189.56996029465415,-78.70449640460008,173015.35039215998,1422.805498201455,0.9918434961035949,10181,3923,228332.1807290673,0.8833360380186648,0.9189967330526372,188.33360380186647,1883.4982668228042,84.43827250739176,0
univ3-conc-c10,391,10000,98.20577287119548,-5317.300193497289,5317.300193497289,-5219.094420626094,133953.7089862503,38860.05374934217,0.7751333393000729,7064,6981,1598876.1319431814,-0.9999979419285596,1.1038984517493438,0.0002058071440469881,21110.911193629516,148.86748956424333,0
univ3-conc-c10,392,10000,80.51082972430595,-2330.4384607039783,2330.4384607039783,-2249.9276309796724,74606.4385551307,18922.095837362278,0.7976863856547178,4112,6774,1041213.5285781089,-0.5188761003883569,1.1110935399031112,48.11238996116431,15472.685821645771,111.24275701570009,0
univ3-conc-c10,393,10000,106.32808283498224,-1837.5038668646137,1837.5038668646137,-1731.1757840296314,105165.6106369177,138700.08831024138,0.4312439637511507,4551,3723,693433.478023816,1.1110898183889133,1.1110932302095646,211.10898183889134,0.03076147213614533,59.912073026557394,0
univ3-conc-c10,394,10000,285.3320458489974,-1145.6396795892574,1145.6396795892574,-860.30763374026,196537.67131785612,53736.39913263287,0.7852897863693659,7785,6188,664624.800731784,0.6582586005205687,1.1110935886953852,165.82586005205687,3823.90374132434,88.08142200921634,0
univ3-conc-c10,395,10000,68.64898915742285,-3767.6149287063286,3767.6149287063286,-3698.9659395489057,41487.23378987196,42077.57075936572,0.49646778944390446,2279,4462,1054820.938091725,-0.9999978655883506,1.1110935766880419,0.00021344116493909058,21110.90980612699,155.1184015835788,0
univ3-conc-c10,396,10000,205.32862520581153,-218.3386197947986,218.3386197947986,-13.00999458898707,179994.96708661516,935.4835153031967,0.9948295960564347,6681,2210,155677.88107094896,-0.1675980814182202,0.2076589596113766,83.24019185817798,11704.545050931594,103.43715369072217,0
univ3-conc-c10,397,10000,128.58038652096832,-3843.0520025362366,3843.0520025362366,-3714.4716160152684,137490.25353266168,29947.19727389248,0.8211439726916803,6762,7453,1400094.889055524,1.1110904777012258,1.1110936108995872,211.10904777012257,0.025666775437452438,79.41108286165839,0
univ3-conc-c10,398,10000,6.710184365505241,-574.4384314900207,574.4384314900207,-567.7282471245154,6790.111798471211,110850.19564007143,0.05771926260919103,335,531,145813.01613899946,-0.9999979741477438,0.9999979741477438,0.00020258522561883806,21110.91079120223,198.38121121080906,0
univ3-conc-c10,399,10000,40.66947138456428,-87.24359216729528,87.24359216729528,-46.57412078273099,82778.74256777456,1132.2655369983377,0.9865063528305539,6655,2680,134930.8975989846,0.224272638775783,0.25422720283666433,122.4272638775783,7806.462121843937,95.64050066528185,0
univ3-conc-c10,400,10000,192.44438727642518,-2859.1793158026126,2859.1793158026126,-2666.7349285261876,169677.53119213873,17395.354375054532,0.9070129574239852,6734,7740,1259190.0761914358,-0.23030313090009444,1.1110934523375082,76.96968690999056,12357.314010408649,104.7825873962232,0
univ3-conc-c10,401,10000,41.75471455937715,-745.3744030575971,745.3744030575971,-703.61968849822,64383.93533558922,1735.80786874096,0.9737475104315396,4003,7202,638792.836241902,0.9851289615300601,1.056997227799134,198.512896153006,1032.044641098148,82.87062419917793,0
univ3-conc-c10,402,10000,249.08955751155185,-256.97288490189135,256.97288490189135,-7.8833273903395025,251835.03881475545,464.30749887569675,0.9981596959894675,10287,2492,184738.77466802287,0.012949390488635401,0.10946104997252334,101.29493904886354,9870.674165695777,99.80422989275071,0
univ3-conc-c10,403,10000,130.7479574270192,-4502.133077649968,4502.133077649968,-4371.385120222949,184177.74747007753,5720.6944805279545,0.9698749793744176,9670,8728,1634094.3236840242,1.1110936247166847,1.1110936247166847,211.10936247166848,0.0003399551101908038,79.5186281759675,0
univ3-conc-c10,404,10000,110.58579271558291,-2462.366622500026,2462.366622500026,-2351.780829784443,130323.55758283948,27352.833271330208,0.8265254986929017,5017,7179,1143564.9303349673,-0.887664598959816,0.9999979539593489,11.233540104018399,19741.217186920312,120.4283501745212,0
univ3-conc-c10,405,10000,22.513377651331346,-7221.4454937500095,7221.4454937500095,-7198.932116098678,33153.03086989777,24033.05319402174,0.5797394840472221,2535,5540,1635437.1986212465,1.111093049567201,1.1110931791438687,211.10930495672008,0.00458294915934232,70.0721854917118,0
univ3-conc-c10,406,10000,127.15118355717779,-3168.8564372168776,3168.8564372168776,-3041.7052536597,120537.43304399165,22080.461891404666,0.8451774799971156,8012,7360,1252373.6494091714,-0.691075231050636,1.1110935212997757,30.892476894936404,17423.714799691475,115.35967467289188,0
univ3-conc-c10,407,10000,61.93211739893232,-1656.6689920949716,1656.6689920949716,-1594.7368746960392,82320.90142810848,1941.7444805601997,0.9769560466607607,5130,8052,1007971.3796344528,-0.23706998633825777,0.7572017366251984,76.29300136617422,12428.259076382601,104.9332958814478,0
univ3-conc-c10,408,10000,18.80546762043328,-624.8096715961326,624.8096715961326,-606.0042039756993,17792.89167715149,127228.85467607144,0.12269119717958812,1011,1088,204440.63584268172,1.1110934104341574,1.1110935222966483,211.10934104341575,0.0014186417699563747,70.17455432988118,0
univ3-conc-c10,409,10000,29.328484106699154,-1070.2331478469694,1070.2331478469694,-1040.9046637402703,22120.396782306558,148077.422239629,0.12996874407336337,777,1189,303232.2257382984,-0.8496190297232951,0.9999979952935522,15.038097027670489,19284.944941359503,119.38920600185742,0
univ3-conc-c10,410,10000,117.48317863394126,-4919.7778799682665,4919.7778799682665,-4802.2947013343255,90749.28932767967,45861.649155767314,0.6642900658989007,3299,6264,1411680.389052955,1.1110931508408317,1.1110936003121117,211.10931508408316,0.003819898098047503,38.63694140995803,0
univ3-conc-c10,411,10000,100.97667370134303,-6982.629169036151,6982.629169036151,-6881.652495334808,92480.19907539626,37642.64892559353,0.7107145324293301,4305,6652,1817674.804990523,-0.6773110016100276,0.9999979804815837,32.26889983899725,17265.114931480253,115.05567820961065,0
univ3-conc-c10,412,10000,26.25651371157301,-2544.503858574157,2544.503858574157,-2518.247344862584,45049.028436795415,77647.54596372064,0.3671579965202838,3398,3396,782792.1725156078,-0.999997980326539,0.999997980326539,0.00020196734609978978,21110.911234912855,149.97496318984773,0
univ3-conc-c10,413,10000,104.29947394126219,-1943.8585484103126,1943.8585484103126,-1839.5590744690503,108238.26536667558,65922.39173559596,0.6214851687377094,5441,5457,849377.8510607015,-0.5132820354376374,1.1110935986643928,48.67179645623626,15410.492324813806,111.05521381129603,0
univ3-conc-c10,414,10000,262.34589292424744,-1967.286941566775,1967.286941566775,-1704.9410486425277,218526.9162782856,49475.33027194013,0.8153921061901693,9616,7005,964765.0175353698,1.1110932962456557,1.1110935888152997,211.10932962456556,0.0029289404004478603,70.54611788601315,0
univ3-conc-c10,415,10000,123.79827068594274,-238.32381821584937,238.32381821584937,-114.52554752990663,139785.4338448434,1627.4267658650272,0.9884916636376861,5747,4301,266926.5011894682,-0.09404075351077623,0.4094453338265527,90.59592464892238,10949.334364873921,101.89334590755318,0
univ3-conc-c10,416,10000,47.60800459773853,-1028.81317758269,1028.81317758269,-981.2051729849516,90099.6251035931,1956.283711040798,0.9787489609713156,6259,7578,787905.2434732852,-0.5317214664915305,0.9999959006893959,46.82785335084695,15615.775824505004,111.54540870840175,0
univ3-conc-c10,417,10000,141.79355623981397,-831.2383186849495,831.2383186849495,-689.4447624451356,155077.5728943788,3983.1392292180635,0.9749583717057484,7216,7214,673835.7622284902,-0.3360775113621618,0.5448755331226451,66.39224886378382,13477.634721845097,107.07520351566187,0
univ3-conc-c10,418,10000,63.37363279040592,-1307.6832257011397,1307.6832257011397,-1244.3095929107337,39192.37947595763,61952.008521027536,0.3874894124340922,2096,3297,551244.4341505346,-0.9999979677490345,0.999997984594695,0.00020322509655707377,21110.910982025303,154.00157860553227,0
univ3-conc-c10,419,10000,82.24602398148089,-847.2692319932086,847.2692319932086,-765.0232080117277,121179.26587930224,3095.791161275249,0.9750891994339264,7699,7303,697712.883209648,-0.1802563822608849,0.6310285353322347,81.97436177391151,11835.64860775601,103.70456875739303,0
univ3-conc-c10,420,10000,39.81606015647713,-1339.0864828511044,1339.0864828511044,-1299.2704226946273,18979.592993720194,138722.0242934185,0.12035128948083443,1283,1211,315543.4837860151,1.111093182710178,1.1110933393125075,211.1093182710178,0.0032778580163848325,65.58705845503661,0
univ3-conc-c10,421,10000,52.09795650945102,-5194.690522812574,5194.690522812574,-5142.592566303123,69155.04151381123,6644.079251785835,0.9123462226912613,3847,8280,1746696.413141452,-0.630161018950545,0.9999979546167741,36.983898104945496,16725.35637209535,113.96973346125885,0
univ3-conc-c10,422,10000,42.08552751078042,-2558.377010819872,2558.377010819872,-2516.2914833090913,51231.87211221365,27547.21045820922,0.6503232893886015,3196,5706,1003605.4461687037,-0.9999978738810235,1.1110930819654181,0.00021261189764638667,21110.910038333855,143.2724004731088,0
univ3-conc-c10,423,10000,42.105816577705085,-1156.8387913152358,1156.8387913152358,-1114.7329747375306,52697.35720632507,11839.339986945493,0.8165487156634347,3749,6573,761420.0921539603,-0.999997917821041,0.999997917821041,0.00020821789590758782,21110.91066764183,129.30019002215653,0
univ3-conc-c10,424,10000,115.04047320371075,-1460.9319379019516,1460.9319379019516,-1345.891464698241,51714.89596181156,72321.44957438558,0.4169334055937642,2756,3484,569589.8794954012,1.1110911765151585,1.1110935400109856,211.10911765151585,0.01967917608372005,64.94421331010906,0
univ3-conc-c10,425,10000,105.24287122383906,-4164.57812956478,4164.57812956478,-4059.3352583409414,79266.75410054583,59929.45752536751,0.5694605706193603,3285,5172,1216904.2977259103,-0.7943064238356626,1.1110926002938222,20.569357616433738,18628.320372678885,118.38385301113112,0
univ3-conc-c10,426,10000,123.06295010722145,-260.01668675624853,260.01668675624853,-136.95373664902706,167602.99181019605,1643.9364227199121,0.9902867576984468,9674,4761,294628.69799545343,0.24060375546393772,0.5106448394968097,124.06037554639377,7650.485312100376,95.29531009585322,0
univ3-conc-c10,427,10000,50.15330882830167,-4250.422660952094,4250.422660952094,-4200.2693521237925,57401.420219395746,76437.03002369987,0.42888587035441206,3201,3959,1051691.1260327308,1.1110919830760226,1.111093606383064,211.10919830760227,0.013183805494336481,76.86609659728674,0
univ3-conc-c10,428,10000,43.42098504592664,-934.5939959655169,934.5939959655169,-891.1730109195903,64959.39069648443,91806.73933158262,0.414371335727011,4249,3460,496843.6401227137,-0.9999979086540252,0.9999979776478349,0.00020913459748581227,21110.910400643534,194.90843545565022,0
univ3-conc-c10,429,10000,451.0541781224012,-931.2925215858306,931.2925215858306,-480.23834346342943,120170.31427059585,160363.91886098278,0.4283623888933102,4602,3312,377498.6499307942,-0.999995805088286,0.9999979849232186,0.00041949117140566096,21110.884441858554,131.93445052589976,0
univ3-conc-c10,430,10000,120.9477874917135,-4030.551623557646,4030.551623557646,-3909.6038360659327,150788.8304108852,13632.920973928874,0.9170856601446711,7850,8224,1547178.1647891253,0.6948073483926955,0.999998003242922,169.48073483926956,3503.261323972125,87.42609396551642,0
univ3-conc-c10,431,10000,127.57766041235651,-194.12671121702817,194.12671121702817,-66.54905080467167,188901.3050258375,950.2532807484752,0.9949947564864654,10610,3725,226271.89391349003,-0.701251257277268,0.7381512060019074,29.8748742722732,17541.270763896468,115.61020348028701,0
univ3-conc-c10,432,10000,162.1344873041754,-1377.534686824971,1377.534686824971,-1215.4001995207957,15649.003047330565,105915.94687871973,0.1287295643756698,771,1235,313702.50605339184,1.111092793933186,1.1110932436123744,211.10927939331862,0.0064089824433359865,55.8637384565773,0
univ3-conc-c10,433,10000,31.23473298614174,-783.655042090939,783.655042090939,-752.4203091047973,16162.363593276154,179222.993472172,0.08272044454110372,671,772,197597.4400800584,1.1110876635764755,1.1110933714211477,211.10876635764754,0.04794151899067156,29.59092273044651,0
univ3-conc-c10,434,10000,69.15138411529502,-1154.7647362597522,1154.7647362597522,-1085.6133521444572,37969.63055130419,65375.42789173006,0.36740634843449016,2595,3131,484892.65270095796,1.1110912899026115,1.1110935653498977,211.10912899026115,0.018739922824636324,75.05302836475634,0
univ3-conc-c10,435,10000,205.18691283130872,-515.6340753726938,515.6340753726938,-310.44716254138507,213277.13418709964,53572.996325304244,0.7992393849595136,8895,5291,440610.4979835398,-0.9999977807451985,0.9999979325627635,0.00022192548015229307,21110.909204609958,133.83458281712393,0
univ3-conc-c10,436,10000,114.68981074584612,-586.5658224073833,586.5658224073833,-471.8760116615372,135279.08592582738,10306.65678422301,0.929205589830662,8067,6421,514713.7477126631,0.40723672549363643,1.1110936360447445,140.72367254936364,6086.963993489179,92.19011207615675,0
univ3-conc-c10,437,10000,61.28078242297381,-289.7680255351262,289.7680255351262,-228.48724311215238,44671.43456685291,76309.6293336621,0.36924319498121677,2271,2517,217767.75250330815,1.1110932853258038,1.1110935867798757,211.10932853258038,0.002532695650875924,59.333780437215594,0
univ3-conc-c10,438,10000,50.256912343660716,-7415.58411392157,7415.58411392157,-7365.327201577909,80925.38953791306,7997.296020887608,0.9100646143261233,4903,8415,2117662.661320814,-0.16700379299114287,0.9999979880513719,83.29962070088571,11698.398472772938,103.42552155893274,0
univ3-conc-c10,439,10000,113.36315996315231,-2391.1698722933165,2391.1698722933165,-2277.8067123301644,71186.09452768954,212462.99518095222,0.2509653551182215,2830,2405,620862.6625703431,1.1110930344457761,1.1110935581254555,211.10930344457762,0.00458694261324144,65.04314524380018,0
univ3-conc-c10,440,10000,54.139030581746646,-2311.1350421542784,2311.1350421542784,-2256.9960115725316,82470.26960929944,45158.86212053628,0.6461712031691308,6772,5595,962293.8125044144,-0.6452446867719814,0.9999979486381919,35.47553132280185,16897.437822172105,114.23074103393479,0
univ3-conc-c10,441,10000,23.202524823090037,-1353.2897246295627,1353.2897246295627,-1330.0871998064727,45593.15928626174,18381.509989909227,0.712675185383789,3307,5847,744519.1580467083,1.1110855244963656,1.1110929214038185,211.10855244963656,0.06557599167545461,67.50017776197232,0
univ3-conc-c10,442,10000,187.85126697467624,-1245.7773243923134,1245.7773243923134,-1057.9260574176371,45880.77432273394,224419.25832249937,0.16974017307260963,1733,1558,340146.4831365895,1.1110924916307872,1.1110934658990832,211.10924916307872,0.008908437710730688,49.24764939711783,0
univ3-conc-c10,443,10000,206.35086751057023,-473.86419917822894,473.86419917822894,-267.5133316676587,221370.24601231268,3328.8688433094126,0.9851852160367951,9326,5996,441929.90265441604,0.2935597852845657,0.7972860648165707,129.35597852845657,7148.110975982556,94.36663547381654,0
univ3-conc-c10,444,10000,214.00581020528978,-3269.2474371488947,3269.2474371488947,-3055.241626943605,172533.94685612,61699.66066023169,0.736589205475459,8593,6635,1217346.660554891,0.9556690174303057,1.1110935870324044,195.56690174303057,1276.837701093793,83.27319595062855,0
univ3-conc-c10,445,10000,36.33606131434388,-2193.670587154656,2193.670587154656,-2157.334525840312,78830.14792564954,2950.925784347348,0.9639167639836621,6064,8129,1144844.1845750846,-0.46230796397270624,1.1110933751904415,53.76920360272938,14847.135473890155,109.9092269867585,0
univ3-conc-c10,446,10000,31.672426399765595,-1686.8323446702348,1686.8323446702348,-1655.1599182704692,24800.59056638944,101512.84524568023,0.1963416671151911,942,1758,461190.55284688564,-0.863810673516399,0.9999979955836291,13.618932648360095,19454.697755412722,119.80019033788815,0
univ3-conc-c10,447,10000,93.66077380599489,-1585.8244589431445,1585.8244589431445,-1492.1636851371495,133252.69958937188,4508.08565852632,0.9672759874995335,8302,7966,967974.1845813589,0.14086065552743648,0.8064984020333429,114.08606555274365,8610.957598428738,97.24092416885661,0
univ3-conc-c10,448,10000,70.50406575093608,-3400.022441689471,3400.022441689471,-3329.518375938535,71966.25165499006,107198.25151993222,0.4016769526312241,3781,3623,905996.4277667971,1.1110891369044333,1.1110935071580297,211.10891369044333,0.03624957280142738,78.63750169079104,0
univ3-conc-c10,449,10000,23.162950685287967,-291.1043309738987,291.1043309738987,-267.94138028861073,26587.88947400941,124465.12005858742,0.17601694634407014,1906,1410,168241.3858775047,1.111086620875986,1.1110935207961106,211.1086620875986,0.05645995019664696,55.34013984938232,0
univ3-conc-c10,450,10000,73.92636506339916,-1234.0771164692983,1234.0771164692983,-1160.1507514058992,145512.3304762213,4911.430668846824,0.9673493693319485,11054,7739,851754.4693317967,-0.02280535850031697,0.7694186900983979,97.7194641499683,10228.575721180354,100.43729998502583,0
univ3-conc-c10,451,10000,74.61114977406044,-1294.6652779506853,1294.6652779506853,-1220.054128176625,103662.57891832167,4441.470893046826,0.9589148519338844,5204,7625,875621.2965259112,-0.7009562165544844,0.9999975854936187,29.90437834455156,17537.858679898283,115.67576703159847,0
univ3-conc-c10,452,10000,45.830017029639755,-2431.789068908941,2431.789068908941,-2385.959051879301,68640.57683508625,77230.18462021444,0.4705574725893225,4084,4335,840916.5609132966,1.1110923321101958,1.111093580252874,211.10923321101959,0.010406140707347022,66.93526093106411,0
univ3-conc-c10,453,10000,189.46014129493642,-1646.7283273361052,1646.7283273361052,-1457.2681860411687,92772.49850615035,146166.3449752329,0.3882688019848002,3916,3340,600535.0757267887,1.1110851954545087,1.1110935988958301,211.10851954545086,0.0681690771671104,69.62910628954926,0
univ3-conc-c10,454,10000,13.65727670844882,-3523.386838323089,3523.386838323089,-3509.72956161464,20183.090521195958,43981.52901905008,0.314551705687844,1671,2901,824555.1515508282,1.1110935065776786,1.1110935065776786,211.10935065776786,0.0007387366255846572,48.609308582368236,0
univ3-conc-c10,455,10000,168.31695828065023,-2549.5462595169492,2549.5462595169492,-2381.229301236299,95069.68907627654,67568.38202968042,0.584547568904329,4083,5187,910567.0398613557,1.1110924446653723,1.1110935933612,211.10924446653723,0.009528177519077197,68.55504131725361,0
univ3-conc-c10,456,10000,134.05205535840224,-153.57009285706334,153.57009285706334,-19.5180374986611,130841.29029645308,497.5302073562739,0.9962118571992061,5214,2126,134483.98105683792,-0.2742726968016767,0.30968895531834223,72.57273031983233,12820.062974919694,105.73620594054768,0
univ3-conc-c10,457,10000,273.54011038949034,-1126.1959010071866,1126.1959010071866,-852.6557906176963,295119.7724018606,4792.058666269393,0.9840217751690469,11833,7526,784899.0436149725,0.8406156903484049,0.9541416405231067,184.0615690348405,2245.598544488455,85.0943379522687,0
univ3-conc-c10,458,10000,60.41164010311957,-3496.312891333001,3496.312891333001,-3435.9012512298814,102896.9298487375,57416.97468055853,0.6418465706443695,7179,5989,1209180.4716560324,1.1110930414167932,1.1110935885423925,211.10930414167933,0.0048518485305137915,58.4527547431518,0
univ3-conc-c10,459,10000,13.18292787285113,-1299.3593389502666,1299.3593389502666,-1286.1764110774154,18245.727347690838,80928.50326339323,0.1839764950558803,887,1773,385583.1079326957,1.1110900913503692,1.1110920029945017,211.10900913503693,0.028324979732585936,54.759180549935586,0
univ3-conc-c10,460,10000,114.40939096027677,-4263.8477773205195,4263.8477773205195,-4149.4383863602425,143266.9693782514,8381.707365052793,0.9447294394843911,8721,8390,1586378.2613184096,1.1110935275448028,1.1110935275448028,211.10935275448028,0.0010710387684582656,80.3890781604229,0
univ3-conc-c10,461,10000,48.68547192374764,-121.27024696066218,121.27024696066218,-72.58477503691454,92320.31666194696,986.8914313139777,0.9894232026498148,6686,3452,184136.5812056219,-0.3361370826698797,0.37266026589802564,66.38629173301203,13478.272352099722,107.07658468719652,0
univ3-conc-c10,462,10000,288.20070046304977,-392.97579735245125,392.97579735245125,-104.77509688940148,277206.8088949294,1450.4333602688707,0.994794919563079,11582,4610,322541.93038803956,-0.20015778046536056,0.3752308487520064,79.98422195346394,12042.454116560208,104.15971191181474,0
univ3-conc-c10,463,10000,38.97133820708611,-78.93930221583133,78.93930221583133,-39.96796400874522,82270.32154684166,496.71871864845895,0.993998592712085,6532,2501,124447.17200313538,0.0212995745884011,0.09047554020086636,102.12995745884011,9787.457331829504,99.54678831296937,0
univ3-conc-c10,464,10000,63.25155926359903,-613.447328337306,613.447328337306,-550.195769073707,116452.62880261165,2365.8091207693237,0.9800888720461475,8344,6813,561140.7618830593,0.21060230838318958,0.8592855087523913,121.06023083831896,7937.410092568614,95.88776045030315,0
univ3-conc-c10,465,10000,178.9293100741719,-2257.201357038356,2257.201357038356,-2078.272046964184,141187.2439636747,44670.59781438262,0.7596517995311376,5497,6543,1034777.2111668324,0.11946629759037819,0.9999979945404267,111.94662975903782,8819.439331530744,97.65309966561432,0
univ3-conc-c10,466,10000,167.8765169404114,-1170.1523757012098,1170.1523757012098,-1002.2758587607984,104985.02302557293,26996.501204502187,0.795452421374973,4410,6324,701541.4840216046,1.111086381667626,1.1110935606409138,211.1086381667626,0.05869092626691952,75.03875251009258,0
univ3-conc-c10,467,10000,57.59060683748854,-65.63061988467888,65.63061988467888,-8.040013047190342,79086.05584344295,228.8833061494834,0.997114247219962,4274,1250,69856.90682299322,-0.08622132778450435,0.1497931784774336,91.37786722154956,10869.711250116696,101.77994543370228,0
univ3-conc-c10,468,10000,104.13896317270293,-259.46864855451366,259.46864855451366,-155.32968538181075,114638.00265025409,706.1412383380922,0.9938779619447335,5520,4799,300098.09630383993,-0.18822043626555243,0.4626303221435127,81.17795637344476,11918.30617509058,103.89632848176089,0
univ3-conc-c10,469,10000,53.576041947755876,-4026.0977231256056,4026.0977231256056,-3972.5216811778496,81089.62205152653,2330.475948438371,0.972063375561614,5828,8730,1557491.4823150549,0.46931672514324957,1.0349279443168085,146.93167251432496,5517.189361781423,91.26349732777008,0
univ3-conc-c10,470,10000,54.99299362903329,-2473.085903404497,2473.085903404497,-2418.092909775464,85552.01571077752,14696.99460819023,0.8533951152093372,5924,7321,1166664.7481219966,-0.9999977476768617,0.9999979362283606,0.00022523231384293202,21110.908742901993,132.9398925875566,0
univ3-conc-c10,471,10000,12.993133797750488,-1008.6196296546806,1008.6196296546806,-995.6264958569301,11462.700203896547,75490.17512579465,0.13182658032220884,838,1220,273077.3409159801,1.1110932086713419,1.111093366393805,211.1093208671342,0.003048484729390566,65.47061976477148,0
univ3-conc-c10,472,10000,149.58042925259582,-1217.2594239681791,1217.2594239681791,-1067.6789947155833,32576.75020426451,127394.00006498465,0.2036419167218638,1564,1810,357181.75323537504,1.1110914137603223,1.111093536701217,211.10914137603223,0.017642554332610416,79.49324905523362,0
univ3-conc-c10,473,10000,168.0030073356015,-2975.1572229169487,2975.1572229169487,-2807.154215581347,168049.97137239386,48872.1823968343,0.7747017464669523,7862,6781,1163063.1175920607,1.1110836969565667,1.1110935664047221,211.10836969565668,0.08060730771492786,57.854180223578204,0
univ3-conc-c10,474,10000,291.0739586045861,-1507.620476379608,1507.620476379608,-1216.5465177750218,296333.6859892556,4626.509924388563,0.9846275022836706,11120,7908,945138.7776585177,-0.7232979403921989,0.9999977525318527,27.670205960780113,17796.84444228119,116.09748451979789,0
univ3-conc-c10,475,10000,38.82828302841215,-2087.6092015750573,2087.6092015750573,-2048.7809185466454,26428.16969947211,89663.71145140231,0.2276487333780537,1722,2137,545246.4976275294,1.1110898501187865,1.111093448189701,211.10898501187864,0.03032725920023721,49.48173493297955,0
univ3-conc-c10,476,10000,158.07780925977815,-2445.6311053906325,2445.6311053906325,-2287.5532961308545,205606.7871724301,18765.313342469282,0.916365210739634,10831,7923,1183445.062345954,-0.4021937900191032,0.9999979664351565,59.78062099808968,14190.452326413799,108.59601315210521,0
univ3-conc-c10,477,10000,94.01281881495608,-1874.9354551125202,1874.9354551125202,-1780.9226362975642,146128.0777287206,4140.701648876024,0.9724446976542531,8625,8177,1085301.0289211837,-0.43901062097322197,0.999997615952291,56.098937902677804,14591.657063362558,109.38881867964473,0
univ3-conc-c10,478,10000,25.725859435703097,-803.2307320362925,803.2307320362925,-777.5048726005894,21133.50830033939,71609.48281244781,0.2278717566337533,933,1811,312692.13386945514,1.1110876265778011,1.1110935660362962,211.10876265778012,0.04829053473000178,50.407565765424664,0
univ3-conc-c10,479,10000,218.14929700897272,-1669.0614394347779,1669.0614394347779,-1450.912142425805,31782.03847699708,90461.38669685842,0.2599897575824338,2210,2333,472087.47219966765,1.11108432062972,1.1110935269976003,211.108432062972,0.07514597917511431,72.52114921339496,0
univ3-conc-c10,480,10000,148.03098820777012,-433.83814868564696,433.83814868564696,-285.80716047787683,202349.42298122135,2857.7905476686287,0.986073635041751,10180,6046,446640.09716021916,-0.08428087319451393,0.45356311724604415,91.5719126805486,10849.972151915008,101.69001240386267,0
univ3-conc-c10,481,10000,42.19092477494435,-693.7960323609224,693.7960323609224,-651.605107585978,63219.45018168696,115198.68339170887,0.3543330989710213,4196,2939,389363.2649449702,-0.9999979073224413,0.9999979073224413,0.00020926775586648349,21110.910344731004,146.35858597611372,0
univ3-conc-c10,482,10000,87.6666018128776,-3239.211143056025,3239.211143056025,-3151.5445412431473,91863.7389914496,100428.45777419777,0.4777299367140044,4344,4208,979206.2828365391,-0.9999979210428517,0.9999979976296564,0.00020789571483980238,21110.910605800185,159.33411335403972,0
univ3-conc-c10,483,10000,222.11919455293722,-3256.794387908116,3256.794387908116,-3034.6751933551786,66090.08543591545,25405.131746763826,0.7223337729660779,2895,6464,1193240.2001801198,0.4115440763769328,1.1110932449339228,141.15440763769328,6047.211246458177,92.25154665532128,0
univ3-conc-c10,484,10000,28.605924112291188,-2928.158625670205,2928.158625670205,-2899.5527015579137,46287.168348141844,111829.23638630468,0.2927410879717399,3467,2805,719660.8748748585,-0.38818544643862074,1.1110935983077281,61.181455356137924,14038.605298467377,108.23916588867387,0
univ3-conc-c10,485,10000,109.21727626921614,-1278.5058474550312,1278.5058474550312,-1169.288571185815,121171.52376377527,33456.52997507002,0.7836322118392858,5941,6404,796285.9295790715,-0.8548055082577853,0.9999979776360177,14.519449174221462,19346.92232505793,119.5297720697439,0
univ3-conc-c10,486,10000,243.72809871960814,-668.7112027048973,668.7112027048973,-424.9831039852892,54051.70791132729,53209.93702856365,0.5039239137309304,2267,3625,347816.4615174179,1.1110914939910483,1.1110935282803376,211.10914939910484,0.0170876411512257,77.7629685280421,0
univ3-conc-c10,487,10000,48.00637070925209,-2430.133989185526,2430.133989185526,-2382.1276184762737,34247.49717052642,89871.18537470725,0.2759254003364506,1235,2409,642604.3120714963,-0.9999979725199212,0.9999979798288692,0.00020274800787912215,21110.91094469178,172.84417558901163,0
univ3-conc-c10,488,10000,106.43038234169104,-2874.0709669904686,2874.0709669904686,-2767.6405846487773,116150.1054705198,48720.6558659862,0.704491836690522,5727,6176,1138170.6232865572,-0.9713405683686958,0.9999979631465773,2.8659431631304235,20758.250404415525,122.67048292464139,0
univ3-conc-c10,489,10000,287.76310578303077,-610.3374995382095,610.3374995382095,-322.57439375517873,171326.47771976274,23175.520222921867,0.8808468783454287,6076,5572,454122.224650211,-0.8406986125281024,0.9999979559212904,15.930138747189758,19178.51349097636,119.25194359041714,0
univ3-conc-c10,490,10000,94.94583012377966,-566.2428280593529,566.2428280593529,-471.2969979355732,125128.40588838085,1908.5986328947586,0.9849760419014357,6675,6582,537078.244073771,0.1351336871008472,0.38605144500443417,113.51336871008472,8666.678864508927,97.31936629640732,0
univ3-conc-c10,491,10000,297.81519788767883,-541.3579874130215,541.3579874130215,-243.5427895253427,266681.7366978716,11006.06584697613,0.9603653248500226,10774,5807,439529.9765959939,1.1110927390625647,1.1110936238887412,211.10927390625648,0.007431366168238376,79.77451593859573,0
univ3-conc-c10,492,10000,95.39428766472324,-761.7186680341542,761.7186680341542,-666.324380369431,99978.09252909022,20246.961738120255,0.8315911615800177,5111,6154,592218.0855221528,-0.9340568887556455,0.9999979675082648,6.594311124435452,20302.77013935421,121.66367939265241,0
univ3-conc-c10,493,10000,58.26949831333497,-1040.9877970961752,1040.9877970961752,-982.7182987828402,25086.249362357114,149265.9635464816,0.14388259801138079,1427,1295,287322.9556641613,1.1110905301653426,1.1110935105078987,211.10905301653426,0.0247735911915464,40.56523644849904,0
univ3-conc-c10,494,10000,29.16998670866964,-1502.1044657663758,1502.1044657663758,-1472.934479057706,36293.631431166556,62189.23789341065,0.3685273558749692,3106,3419,588325.1811489572,1.111089926923167,1.1110934541238153,211.10899269231672,0.029812861871373997,62.51250639959682,0
univ3-conc-c10,495,10000,156.16337625028427,-1824.0660036447819,1824.0660036447819,-1667.9026273944976,150139.12284086892,3293.225934924155,0.9785362998011817,8014,8081,1006154.6789282489,0.34940571664778813,1.1110925385359474,134.94057166477882,6623.890056009618,93.3622555485158,0
univ3-conc-c10,496,10000,35.03619785951242,-715.7546998289206,715.7546998289206,-680.7185019694082,33937.983037714024,116252.32440898218,0.22596653282542148,1684,1901,291019.61422461295,1.1110927033530167,1.11109338947088,211.10927033530166,0.007201602456686551,63.81967609577817,0
univ3-conc-c10,497,10000,121.40321566425892,-2144.899518578197,2144.899518578197,-2023.496302913938,92837.53037154864,49786.28414607111,0.6509258687656224,5050,5484,906213.1234832766,-0.9999979080349318,0.9999979549988829,0.00020919650681738963,21110.910565943504,142.06103934942544,0
univ3-conc-c10,498,10000,59.95520479775901,-312.5008310575773,312.5008310575773,-252.54562625981828,129244.43363169298,3060.1975149707882,0.9768700650275918,10570,5591,377502.34807178326,0.24097202618959188,0.3404771516236424,124.09720261895919,7646.973804338184,95.30359048196318,0
univ3-conc-c10,499,10000,41.56902884293575,-249.95593991385283,249.95593991385283,-208.38691107091708,84678.21989302224,1534.1832043044815,0.9822046115270384,6405,5243,324918.99908451043,0.691603619955502,0.7434862887533853,169.1603619955502,3531.2798110002987,87.47165406845828,0
univ3-conc-c10,500,10000,205.13345793240754,-773.7909075240955,773.7909075240955,-568.657449591688,198805.8306479076,2593.895883829766,0.9871206583618622,7317,6991,627089.3638171124,-0.41201702432952386,0.8016459106534626,58.79829756704761,14297.197684419201,108.87813137566569,0
univ3-conc-c10,501,10000,212.88793464368587,-1264.5265339680293,1264.5265339680293,-1051.6385993243434,151757.73123715294,1951.9761222621587,0.9873008923392332,5414,7632,836537.4705063527,0.006150816564062609,0.6180235356545847,100.61508165640626,9938.530272062477,99.87699805983084,0
univ3-conc-c10,502,10000,82.90719800713005,-1509.8322798068828,1509.8322798068828,-1426.9250817997527,53858.10326671005,135619.821305197,0.2842447392665569,2433,2453,480369.29062034964,1.1110899949115631,1.1110935386862186,211.1089994911563,0.029197169353917474,75.81893143355069,0
univ3-conc-c10,503,10000,65.93450435917973,-1938.0792176698956,1938.0792176698956,-1872.1447133107158,121469.43003209532,3033.7470916981333,0.975633175298959,8308,8188,1081360.8992758186,0.10433262955552522,0.8064076674628429,110.43326295555252,8967.445892942886,97.94582952960913,0
univ3-conc-c10,504,10000,239.12519992187543,-3906.93272178081,3906.93272178081,-3667.8075218589347,210511.43975150102,103931.15250882658,0.6694749532443054,7610,6106,1288134.9730968932,1.111092615328776,1.111093532824638,211.10926153287758,0.008328932413615903,67.85407064680061,0
univ3-conc-c10,505,10000,26.80114458502586,-4888.069917213572,4888.069917213572,-4861.268772628546,48203.91721642638,10684.582080163065,0.8185625001861464,3729,7632,1613544.285997387,1.1110715337167016,1.1110930904070657,211.10715337167017,0.17899209047388354,80.97984172022159,0
univ3-conc-c10,506,10000,21.24297833227582,-1373.5258330176648,1373.5258330176648,-1352.2828546853889,31336.864137948454,116437.73128604068,0.2120585344729785,2167,1949,438409.0850796815,-0.9999977149400435,0.9999979592914802,0.00022850599564671703,21110.90779020486,125.3239000523486,0
univ3-conc-c10,507,10000,61.95268839272492,-4146.360001817112,4146.360001817112,-4084.4073134243868,97565.19615395453,1793.8961243073009,0.9819453249503994,5682,8780,1610172.6015577407,-0.7457053447811071,0.978109863427288,25.429465521889295,18057.84680521844,116.76323549341127,0
univ3-conc-c10,508,10000,163.9971021077997,-294.4861248697982,294.4861248697982,-130.48902276199848,207899.71278831517,968.5846574532071,0.9953627014281347,10499,4836,310113.7304571525,0.257536550631884,0.372923279966877,125.7536550631884,7489.286095335726,95.07703668238047,0
univ3-conc-c10,509,10000,251.4157820508153,-1199.184200427187,1199.184200427187,-947.7684183763718,246755.64830492213,18265.94242740129,0.931077530789368,10640,7369,770785.9439572041,0.33231281838472143,1.1110935734056273,133.23128183847214,6783.738005802967,93.67146644680534,0
univ3-conc-c10,510,10000,188.92001585761182,-1890.8355446400042,1890.8355446400042,-1701.9155287823924,154903.62526616975,37285.51125426701,0.8059957397732406,6215,6782,945130.655901,0.6908153293329378,1.1110933834078727,169.08153293329377,3538.176568919295,87.51734843932982,0
univ3-conc-c10,511,10000,174.34267393020082,-260.76068251775746,260.76068251775746,-86.41800858755664,219605.60355568695,2892.0285795016407,0.9870019804177311,11054,4244,271862.00826903933,-0.18508285621238343,0.44043322039053123,81.49171437876166,11885.725913613864,103.86260754960776,0
univ3-conc-c10,512,10000,85.81562358506342,-2713.8106164070896,2713.8106164070896,-2627.9949928220262,148754.22206317814,3482.2592177719685,0.977125987224143,10684,8439,1286284.0022916608,0.49911341545739474,1.0186049226527891,149.91134154573948,5246.106262142455,90.71353089466925,0
univ3-conc-c10,513,10000,97.24974221411773,-2083.9891639283614,2083.9891639283614,-1986.7394217142437,84794.92025698892,183386.4450534959,0.31618498234886033,3193,2859,617847.9365837519,1.111086121804635,1.111093528355926,211.1086121804635,0.06061613416579803,46.23435740383001,0
univ3-conc-c10,514,10000,53.536882810161714,-3809.0362019858817,3809.0362019858817,-3755.49931917572,62476.21874727534,88806.0227929168,0.41297787573220796,3966,3784,997529.600074854,-0.9999979145303923,1.1110934566358055,0.00020854696075868994,21110.910481175317,201.20910727615166,0
univ3-conc-c10,515,10000,107.35581554707706,-232.67738379463117,232.67738379463117,-125.32156824755411,147353.98727224386,1780.8562014967158,0.9880587516638238,8537,4522,271078.9408118208,0.8227895259228518,0.9052748159658282,182.27895259228518,2397.5390029786,85.3506831389895,0
univ3-conc-c10,516,10000,94.6541861970498,-2065.7078617525617,2065.7078617525617,-1971.053675555512,42604.39694214756,111403.48542597011,0.27663776871051515,1940,2497,554626.8243305333,1.1110933231961297,1.1110935403763376,211.10933231961297,0.002218187901434021,36.74187400178701,0
univ3-conc-c10,517,10000,125.63603314928523,-1412.4313775507383,1412.4313775507383,-1286.7953444014531,25647.415050524294,216673.0637211226,0.10584088963728645,1147,1025,287007.66007778957,1.1110934357469366,1.1110934662419325,211.10934357469367,0.0012154154904986392,33.76847659356618,0
univ3-conc-c10,518,10000,122.0244938859512,-775.7388335005771,775.7388335005771,-653.7143396146259,48592.77252322451,69374.58022866903,0.41191712274347464,1737,3294,400427.1007575049,1.1110928461560399,1.1110935555720074,211.109284615604,0.006105510065200437,72.43327741346008,0
univ3-conc-c10,519,10000,339.9868671297566,-397.659004205401,397.659004205401,-57.6721370756444,312508.6876345303,1601.67864059333,0.9949009048647874,11713,4149,301943.176006922,-0.23991402352267457,0.4663636258198707,76.00859764773254,12458.106054348144,105.0759677992,0
univ3-conc-c10,520,10000,115.4057286879881,-2865.0751109593134,2865.0751109593134,-2749.6693822713255,60674.62990934392,156990.53981873547,0.27875213101454116,2810,2574,701887.3102565844,-0.9999979558445831,0.9999979884111275,0.00020441554168622309,21110.910848278174,138.28744481730243,0
univ3-conc-c10,521,10000,12.527355923567072,-4501.340657831682,4501.340657831682,-4488.813301908114,29187.201300688757,34958.79834873939,0.45501202662992496,2249,4021,1125000.9371629632,-0.5094215054998052,0.9999979901103978,49.057849450019475,15367.614362428472,111.02052442371586,0
univ3-conc-c10,522,10000,65.50991988724812,-275.3400212487654,275.3400212487654,-209.8301013615173,104091.03126570662,1520.7125340535151,0.9856009144500371,6726,5327,343843.66185794317,0.27004804713596653,0.5266830113290867,127.00480471359666,7370.518629255713,94.86528978636358,0
univ3-conc-c10,523,10000,50.63476576201969,-1423.543094609271,1423.543094609271,-1372.9083288472514,104494.01885353075,2272.862107260183,0.9787119180891416,7498,7863,932749.3748206273,-0.557900841819078,0.9843544998853226,44.209915818092206,15908.603896159513,112.16467383836296,0
univ3-conc-c10,524,10000,68.77637622224164,-1028.9033607106066,1028.9033607106066,-960.126984488365,26758.36239074595,87528.83694293367,0.23413262855992,1086,1940,356558.976309326,1.1110841577612454,1.111093463445291,211.10841577612453,0.07640288946520002,60.93384366556086,0
univ3-conc-c10,525,10000,58.76465423889567,-4956.039440765272,4956.039440765272,-4897.274786526376,45091.0384101282,67075.83812370618,0.40199959028480925,2442,3759,1115160.5195908002,-0.18862206726287142,1.1110932648872502,81.13779327371286,11922.478016865216,103.88130537616819,0
univ3-conc-c10,526,10000,70.76456595223597,-3448.711795856267,3448.711795856267,-3377.9472299040312,132718.69567862453,5689.129645247108,0.958895896009242,10774,8582,1444353.6175758864,-0.23005704347776912,1.1110882888730984,76.99429565222309,12354.736086534655,104.74560557098565,0
univ3-conc-c10,527,10000,67.55654200972766,-1291.3382994226226,1291.3382994226226,-1223.7817574128949,80498.75333291679,21238.19328134718,0.7912440466503101,5348,6423,771836.3365800718,1.0873753314091728,1.1110932093242496,208.73753314091726,192.53524961874498,81.35558103079696,0
univ3-conc-c10,528,10000,98.693201017518,-3279.6015836524866,3279.6015836524866,-3180.908382634969,119447.20006509396,38123.21068385758,0.758056030300021,7286,6690,1228963.908444046,0.5998674564119233,1.1110935785565603,159.98674564119233,4340.757416058746,89.07469559322297,0
univ3-conc-c10,529,10000,53.1314827623536,-310.49266632550564,310.49266632550564,-257.36118356315205,76007.17507201228,767.9126304046266,0.9899978931527753,4074,5609,373709.1496117731,-0.01227141637894917,0.2771276735706688,98.77285836210508,10122.865377137021,100.28336618752037,0
univ3-conc-c10,530,10000,133.94894591336453,-5031.588250811111,5031.588250811111,-4897.639304897746,84933.67328221138,65391.82937314345,0.5649984319489378,3053,5151,1295424.2052549315,-0.08383468512743818,1.1110935927640588,91.61653148725618,10845.433926332242,101.69769729782128,0
univ3-conc-c10,531,10000,197.40253266763952,-899.9445000671666,899.9445000671666,-702.541967399527,230665.11239452174,2637.186745756364,0.9886962676515644,10685,7248,693623.6388003556,-0.47384378826979384,0.6532802506037139,52.615621173020614,14974.099962881739,110.13111417837389,0
univ3-conc-c10,532,10000,123.1992836323708,-6167.747912874429,6167.747912874429,-6044.548629242058,143243.5977575951,27918.126451709533,0.8368903644744199,8022,7715,1841897.811260042,-0.9999961648704324,1.0231527634679063,0.00038351295676276154,21110.889366683015,124.74795167451322,0
univ3-conc-c10,533,10000,26.20919050959157,-3713.266258875268,3713.266258875268,-3687.057068365676,39458.83318000127,71301.21714654154,0.35625510338491834,2679,3517,935847.2802271355,-0.9999978371648862,1.1110935399726825,0.00021628351138211661,21110.90942529483,142.7729189741036,0
univ3-conc-c10,534,10000,27.43273077718746,-2496.2974069773586,2496.2974069773586,-2468.8646762001713,26726.53720220219,110104.28487077187,0.19532541570165018,1553,2092,585498.9110516547,1.1110850711939084,1.1110899151917641,211.10850711939085,0.06902797880229564,33.98897758375087,0
univ3-conc-c10,535,10000,6.891881822876492,-1221.979513132331,1221.979513132331,-1215.0876313094545,10586.311600100822,79423.47626066502,0.11761289357193637,644,1185,307234.40995721694,1.1110909778768598,1.1110932727235494,211.10909778768598,0.02111006191866993,17.266303552170353,0
univ3-conc-c10,536,10000,94.6407482894603,-394.9210175159869,394.9210175159869,-300.28026922652657,134371.02101669306,1360.5563658963058,0.9899761249951344,9462,5960,415337.6863112033,0.7874139297994344,0.9849627296906049,178.74139297994344,2700.5487178453136,85.9329445092417,0
univ3-conc-c10,537,10000,86.17826854222146,-478.91810517344345,478.91810517344345,-392.739836631222,126212.16206807774,2575.402795762036,0.9800027060183576,7593,6390,473686.01180457487,0.747155365498215,1.1110931905253516,174.7155365498215,3047.809821174378,86.57890930611123,0
univ3-conc-c10,538,10000,108.25713000439872,-8464.217885276394,8464.217885276394,-8355.960755271995,82398.71697426715,20215.010063456346,0.802998968588045,3174,7483,2044912.1337508915,1.1110900096470262,1.1110935816030731,211.10900096470263,0.02931120576293969,64.3198757310599,0
univ3-conc-c10,539,10000,95.14453509576886,-2446.894996554544,2446.894996554544,-2351.750461458775,103983.03670125244,8508.30459333243,0.9243648044781381,4715,7910,1157523.7707226956,-0.3232300342169937,1.1110936026329707,67.67699657830063,13340.252647758132,106.7799829552167,0
univ3-conc-c10,540,10000,218.8135824902532,-2114.474901223485,2114.474901223485,-1895.661318733232,233025.4161428099,4328.5865906631325,0.9817631616032878,9788,8223,1123037.7351604984,0.5067860927163761,0.6986564403187074,150.6786092716376,5176.550898384613,90.5869240700577,0
univ3-conc-c10,541,10000,32.09101254370397,-2432.744642583664,2432.744642583664,-2400.65363003996,31058.944256637027,72936.39728667839,0.2986570724776222,1216,2649,659817.6032758846,1.1110904180192267,1.111093280457729,211.10904180192267,0.02572617879158301,42.0996734967568,0
univ3-conc-c10,542,10000,122.47866159154677,-678.2735774690096,678.2735774690096,-555.7949158774629,154438.35635265982,20064.699137699077,0.8850180641174639,9347,6292,571680.3958593288,0.04380333938634294,0.9999979701628348,104.3803339386343,9563.877458765552,99.12963906929552,0
univ3-conc-c10,543,10000,63.76484041753316,-1884.831574276404,1884.831574276404,-1821.0667338588707,81368.88293231318,1569.73456035756,0.9810735383852247,4672,8200,1063025.050860631,0.9824605731991443,1.0016587616368609,198.24605731991443,1054.16319416009,82.93519514019627,0
univ3-conc-c10,544,10000,158.63822151544352,-5961.407641971178,5961.407641971178,-5802.769420455735,120130.30120989031,74906.40080587726,0.615936897867451,4867,5768,1515288.534127929,0.920394745020335,1.111093586779888,192.0394745020335,1571.6809032125254,83.85583403727492,0
univ3-conc-c10,545,10000,216.600404494729,-559.3011774538151,559.3011774538151,-342.70077295908607,252202.36793881893,1350.6876898453288,0.9946729583420069,11749,6386,499066.6931177746,0.3566016501097127,0.6479448297555822,135.66016501097127,6556.753647575037,93.23300619833327,0
univ3-conc-c10,546,10000,115.75905764830006,-1769.2063487451098,1769.2063487451098,-1653.4472910968097,33234.821295415146,191485.51837954103,0.1478941396381263,1747,1340,387011.6866017631,-0.9999979805793876,0.9999979809692907,0.0002019420612360382,21110.911009433377,305.13540527244663,0
univ3-conc-c10,547,10000,76.72790915960493,-1226.7365907303495,1226.7365907303495,-1150.0086815707446,126862.36277781156,2996.385098143011,0.9769258124912366,7881,7678,837061.7322474297,0.09266593824194218,0.707550529794538,109.26659382419422,9081.848301663611,98.21059136074548,0
univ3-conc-c10,548,10000,31.122951572767295,-814.4439527471513,814.4439527471513,-783.321001174384,37232.10624320145,73234.57310966811,0.33704377158173604,1742,2971,422218.9852413631,-0.9999979205935567,0.9999979205935567,0.0002079406443297472,21110.91036647147,159.14265862726558,0
univ3-conc-c10,549,10000,46.41115866953619,-760.4964965918359,760.4964965918359,-714.0853379222997,69329.7982115345,2679.4111217493883,0.9627907159853938,5484,7074,658095.9739255466,-0.0939023314988502,0.9999977188238508,90.60976685011498,10947.923887275449,101.7972663837582,0
univ3-conc-c10,550,10000,31.23289564367316,-390.86050120918236,390.86050120918236,-359.6276055655092,21470.22785687254,110622.01263227827,0.16253965999339656,937,1388,197061.1397897405,-0.9999980008095898,0.9999980008095898,0.00019991904101802557,21110.91121060059,130.97145669698696,0
univ3-conc-c10,551,10000,128.07050755004568,-2238.9029122478146,2238.9029122478146,-2110.832404697769,53057.702790932635,108610.25017040735,0.32818936480021144,2352,2981,633035.0817463065,1.1110842706984079,1.111093591254779,211.1084270698408,0.07558138205022402,68.6646416531645,0
univ3-conc-c10,552,10000,9.53790780531945,-474.5103244768907,474.5103244768907,-464.97241667157124,15842.120861846277,71826.76436914958,0.18070402994294263,936,1587,228275.96779409162,1.111093564199091,1.111093564199091,211.10935641990912,0.0001863297865863367,55.18647110103805,0
univ3-conc-c10,553,10000,112.44684742130819,-1858.9079826021987,1858.9079826021987,-1746.4611351808906,170202.50486803643,11406.499749367187,0.9371919923607461,9015,7839,1049970.2360590955,-0.09706341089859975,0.9999979414269596,90.29365891014002,10980.14724340362,101.98080623911477,0
univ3-conc-c10,554,10000,64.56472061849433,-1392.8630859009122,1392.8630859009122,-1328.2983652824178,63500.695032353055,95000.88620108724,0.4006313030961475,2765,3660,576026.3017494326,1.1110926176821763,1.111093194004672,211.10926176821764,0.008012119685959718,39.7306217339827,0
univ3-conc-c10,555,10000,130.42036047648125,-3432.755399777427,3432.755399777427,-3302.335039300946,104336.5309479059,17549.043627698393,0.8560203396603515,5604,7512,1308564.7258439169,0.04794671105753423,1.1110936068522035,104.79467110575342,9522.821128456399,99.0478883338801,0
univ3-conc-c10,556,10000,10.421157741005315,-1022.1543944129054,1022.1543944129054,-1011.7332366719,20426.601373364858,126405.90228574973,0.1391149838375509,1437,1348,307136.31141660636,-0.9999979652962775,0.9999979652962775,0.00020347037225726394,21110.910797151515,202.7625046711033,0
univ3-conc-c10,557,10000,91.97025890960454,-4654.786820357295,4654.786820357295,-4562.816561447691,139614.2788914567,50297.158472133255,0.7351546638244955,8684,6721,1456686.357487432,-0.3213312299129258,1.1110935964431823,67.86687700870742,13319.979236749637,106.7344285451224,0
univ3-conc-c10,558,10000,108.74926171687305,-612.9401788871293,612.9401788871293,-504.1909171702562,144800.64853116104,1813.111499235241,0.9876334151797257,8549,6738,580300.6248615626,-0.7183447446574318,0.9890106963944315,28.165525534256815,17739.319204847572,116.09850474915106,0
univ3-conc-c10,559,10000,141.20758463428135,-985.348496281059,985.348496281059,-844.1409116467777,36793.5045118031,240074.36049599518,0.13289192846835715,1363,1076,251794.99488652224,1.1110892269039179,1.11109354562814,211.10892269039178,0.03531875982465493,69.45967769035484,0
univ3-conc-c10,560,10000,106.17863742105209,-1388.1927044148265,1388.1927044148265,-1282.0140669937743,112926.79647236915,2508.3600087702807,0.9782703979859021,5164,7855,888435.4052573224,0.7568167990006504,1.1076824308956075,175.68167990006503,2964.2354481032976,85.91916807170469,0
univ3-conc-c10,561,10000,86.26972035248015,-944.3117484301246,944.3117484301246,-858.0420280776444,99493.47455008098,9790.399864157025,0.9104131335328876,6555,6925,682726.4694852633,1.1110926252571076,1.1110936080240814,211.10926252571076,0.00822899649500114,72.1248658647297,0
univ3-conc-c10,562,10000,105.10497750562475,-109.73427666583387,109.73427666583387,-4.629299160209129,147538.85628926262,37.7942388530476,0.9997439009577884,7814,1644,106185.28152436572,0.0169138471614977,0.08572063093405305,101.69138471614977,9831.147543513905,99.63677897888302,0
univ3-conc-c10,563,10000,153.95117825174015,-196.86391702494666,196.86391702494666,-42.91273877320651,180070.6818219493,605.2265525370385,0.9966502088851681,7844,3105,194255.53416354602,0.20336919173519077,0.23583579211601133,120.33691917351908,8006.837632429302,95.99120198730567,0
univ3-conc-c10,564,10000,293.54749951975714,-308.2896758964417,308.2896758964417,-14.74217637668454,243146.04856234623,731.059048004572,0.9970023465705006,10605,2631,186888.08077821482,0.05291442430479421,0.16931706063506383,105.29144243047942,9473.641203259587,98.954955671467,0
univ3-conc-c10,565,10000,98.8477371815833,-3604.82163990358,3604.82163990358,-3505.9739027219966,93913.04943035087,104358.60599534199,0.47365847240604236,3683,4521,1050201.4924428998,-0.9999979541118493,1.1110934986835017,0.00020458881506884332,21110.910996841467,218.39122965706557,0
univ3-conc-c10,566,10000,119.57713937452374,-2575.8566622585004,2575.8566622585004,-2456.279522883977,143190.14063938215,2084.48439246365,0.985651421285674,6777,8413,1252887.6168508364,-0.4421116768494145,1.0288582271713427,55.78883231505855,14625.59129110113,109.61850464730547,0
univ3-conc-c10,567,10000,88.33705761725199,-872.4157445069577,872.4157445069577,-784.0786868897058,38339.86577793375,181747.32392341323,0.17420307756194273,1853,1580,296334.3928159546,1.1110926952106328,1.1110933155794083,211.10926952106328,0.007264094411199906,51.24606829775438,0
univ3-conc-c10,568,10000,64.29360747214413,-513.6631324013015,513.6631324013015,-449.36952492915736,121703.00441864271,2536.9792831917616,0.9795800095299408,9678,6542,523880.36144183396,-0.5710780609573137,0.7947173933429306,42.89219390426862,16056.612148051709,112.53721362883763,0
univ3-conc-c10,569,10000,291.67327745498807,-335.6677125005367,335.6677125005367,-43.99443504554864,254374.83831552026,642.2511918290398,0.9974815366567403,9170,3535,250882.82405991654,-0.12118194324380312,0.32218574081264817,87.88180567561969,11226.683139440967,102.45326020043706,0
univ3-conc-c10,570,10000,27.4179423086056,-953.4126303168099,953.4126303168099,-925.9946880082043,28791.50454947163,218549.0881543244,0.1164042838045231,1104,1119,266940.9456651895,1.1110916785014575,1.111093299511218,211.10916785014575,0.01544993566856323,45.819512705477635,0
univ3-conc-c10,571,10000,121.02392613885284,-1196.0577650285288,1196.0577650285288,-1075.033838889676,106482.65499540533,182197.39136826247,0.36886046104226633,4263,3244,518303.815505567,1.1110921480736033,1.111093581843306,211.10921480736033,0.011858988556550543,67.94677806911939,0
univ3-conc-c10,572,10000,26.02972529658538,-279.4205340559394,279.4205340559394,-253.39080875935403,22490.910347204986,66765.83033268015,0.25197996449217785,1356,2023,197571.60886193955,1.1110932073840303,1.1110935535390645,211.10932073840303,0.003107608645297688,61.81167045016577,0
univ3-conc-c10,573,10000,24.50178588747537,-1186.536883405923,1186.536883405923,-1162.0350975184476,19080.321761788335,171535.6194162257,0.10009824804720525,1150,956,257025.2421377802,1.1110882407586604,1.1110935497067027,211.10882407586604,0.04329178863116567,51.63776651458527,0
univ3-conc-c10,574,10000,53.18717499725171,-551.1787021884023,551.1787021884023,-497.9915271911506,17688.223170830075,155848.84812652375,0.10192763447368258,626,778,170884.8656140716,-0.9999979721338892,0.9999979721338892,0.0002027866110799006,21110.910799666122,167.5473347110451,0
univ3-conc-c10,575,10000,212.25837499860444,-1140.624451916812,1140.624451916812,-928.3660769182075,241622.9750619691,8439.552696151257,0.9662502304051144,11311,7400,781786.6460067378,0.651829184203753,1.1110935686887362,165.1829184203753,3880.536831703035,88.1459098851723,0
univ3-conc-c10,576,10000,200.2406762253026,-1119.5790246786723,1119.5790246786723,-919.3383484533697,214152.59498946925,6754.645451273292,0.9694231595225363,11109,7576,772090.8852652537,0.9607941906161517,1.0658510032905817,196.07941906161517,1234.1564611809574,83.24196392931401,0
univ3-conc-c10,577,10000,35.47075207176949,-4269.770324298312,4269.770324298312,-4234.299572226542,32822.53216481632,37072.69147594627,0.4695962106582969,1885,4109,1061781.6924587977,1.1110927808000586,1.1110935139914937,211.10927808000585,0.0066713381438816555,44.438527779382895,0
univ3-conc-c10,578,10000,109.15240995799523,-6117.230816340353,6117.230816340353,-6008.078406382358,105784.28748756924,103447.3811156404,0.5055844948987158,6030,4845,1418847.3612246984,-0.99999788551132,1.1110933439128061,0.00021144886799823884,21110.910315450612,183.1108844988538,0
univ3-conc-c10,579,10000,43.320578164017576,-2139.911141231386,2139.911141231386,-2096.5905630673683,65455.92764011414,24950.69195530317,0.7240169794318034,3765,6244,990278.9130187399,-0.9999979617802217,0.9999979617802217,0.00020382197783072484,21110.911196218847,143.8945402773289,0
univ3-conc-c10,580,10000,106.73006052126328,-7089.113520916733,7089.113520916733,-6982.38346039547,138121.02902278208,28914.15253049016,0.8268978291781686,7758,7781,1936427.4210229164,-0.9999979000221475,1.111091789917137,0.00020999778525336625,21110.91078283198,157.51798221163267,0
univ3-conc-c10,581,10000,8.904331457612471,-2005.4787673854908,2005.4787673854908,-1996.5744359278783,17423.820306160127,82131.73788758692,0.17501604754454075,1448,1726,482735.5005144161,1.1110932199955774,1.1110932911467224,211.10932199955775,0.0030027138929362707,27.90702266373063,0
univ3-conc-c10,582,10000,96.8177671793296,-1837.9219671322792,1837.9219671322792,-1741.1041999529496,63921.96116717838,69144.40107196258,0.48037655867003165,3484,4244,709541.9639028942,1.1110926121922293,1.1110935678511158,211.10926121922293,0.008108538459733694,66.33948181015751,0
univ3-conc-c10,583,10000,48.489787438395595,-656.1176512087292,656.1176512087292,-607.6278637703335,46849.1741527718,32697.81713019701,0.5889496685816489,3061,4337,447840.98682265216,1.111093544429239,1.111093544429239,211.1093544429239,0.0005394331130715857,62.790361907341946,0
univ3-conc-c10,584,10000,153.71358216726273,-163.58270258490228,163.58270258490228,-9.86912041763955,215916.62339021268,337.9869140858112,0.9984370880527809,11775,2281,150694.70214970817,-0.12225618322769748,0.1574255140166268,87.77438167723025,11237.691935101711,102.45791525013938,0
univ3-conc-c10,585,10000,15.631446369203884,-1205.8893656107753,1205.8893656107753,-1190.2579192415715,30114.798175115946,36794.47678840251,0.450084060715584,2378,3873,568335.1099199195,1.1110851664970276,1.1110933547957689,211.10851664970275,0.06836211563049802,62.998818361584135,0
univ3-conc-c10,586,10000,119.21785903350747,-6827.181423492383,6827.181423492383,-6707.963564458876,101391.40532815497,64445.71298943239,0.6113915048498657,4043,5872,1661494.9029389536,-0.9999972820982351,1.111093224129185,0.00027179017648194803,21110.902805871865,135.47173399506005,0
univ3-conc-c10,587,10000,95.55399142271116,-4900.601595752192,4900.601595752192,-4805.047604329481,94733.93924659635,20479.820252540947,0.8222450136027868,4474,7407,1576987.2365561582,1.111092743904896,1.1110933100206697,211.10927439048962,0.007212706017779791,79.6243781498357,0
univ3-conc-c10,588,10000,49.99484667969218,-2605.9119263039192,2605.9119263039192,-2555.917079624227,56922.65997706105,65519.82262725867,0.4648930564484719,3067,4214,891908.7152083552,-0.9999979353309304,0.9999979484758829,0.00020646690696129723,21110.910709461416,142.9535982638559,0
univ3-conc-c10,589,10000,80.9285750901604,-1094.5559063949431,1094.5559063949431,-1013.6273313047827,154564.471664258,3380.0523198734486,0.9785997498703213,11122,7595,810347.6524618734,-0.2019402310682885,0.9999977723953988,79.80597689317115,12061.0175739117,104.12931698699431,0
univ3-conc-c10,590,10000,158.57171370625508,-249.66725750434725,249.66725750434725,-91.09554379809217,202642.79127870523,1826.3480005752403,0.9910678549975179,10259,4195,267187.98486249155,-0.10703850323435446,0.35350976101265064,89.29614967656455,11081.965296224826,102.17605587213778,0
univ3-conc-c10,591,10000,87.17515395022082,-3095.859591909678,3095.859591909678,-3008.6844379594572,87632.76952228181,92183.32907004705,0.4873466291856268,4034,4519,986213.7112227305,-0.9999978850447967,1.1110932864897938,0.0002114955203394675,21110.910163495526,170.94502230468575,0
univ3-conc-c10,592,10000,270.8618275522797,-1210.5220864872497,1210.5220864872497,-939.66025893497,200728.8718449095,20014.04383418866,0.9093332450891254,8332,6969,738189.5964874835,0.7284405712893053,1.1110935927731846,172.84405712893053,3210.126652665584,86.88299440932985,0
univ3-conc-c10,593,10000,62.48476283737727,-4032.0260820977505,4032.0260820977505,-3969.5413192603733,79401.76577768932,8649.348059925884,0.9017690102605957,4731,8161,1544792.0886972896,-0.9999973777086864,1.1110929706348447,0.0002622291313654308,21110.90416359275,127.52394978198895,0
univ3-conc-c10,594,10000,39.37240372093554,-4649.988793689125,4649.988793689125,-4610.616389968189,48182.66780664674,89060.08454787487,0.35107622792482795,3285,3426,1033624.5361439438,1.11109057992581,1.1110935029877882,211.109057992581,0.024530457757069968,40.779985185185986,0
univ3-conc-c10,595,10000,76.45347990214951,-4264.711953898736,4264.711953898736,-4188.258473996587,117477.84604622734,18617.740759221553,0.8632009957395903,8583,7868,1528388.310564401,-0.21026880209686624,1.1110933556220863,78.97311979031338,12147.844916886363,104.341102744763,0
univ3-conc-c10,596,10000,129.6689060992329,-1454.4983233665955,1454.4983233665955,-1324.8294172673627,132943.42834761835,2106.407319221045,0.9844027405970531,5450,7867,920162.4637138692,0.695691303590319,0.8343313239266533,169.5691303590319,3495.5333808392734,87.41606387806199,0
univ3-conc-c10,597,10000,138.20581386195266,-3214.703249144515,3214.703249144515,-3076.4974352825625,183221.4940082661,14220.351728482048,0.9279770117858286,10095,8177,1392187.3446286612,0.21294987625710363,0.9999979225433241,121.29498762571036,7914.898040333903,95.73666565786881,0
univ3-conc-c10,598,10000,295.06903085687213,-3911.283339839246,3911.283339839246,-3616.214308982374,279268.11000746937,12005.83710968215,0.9587816307345423,10831,8505,1514542.4159211784,0.41726235178269006,1.1110935557386188,141.726235178269,5994.488580846991,92.16854290901698,0
univ3-conc-c10,599,10000,400.4888766010106,-1429.5849005344362,1429.5849005344362,-1029.0960239334256,287209.03269547265,22220.471980941424,0.9281889036270847,10787,7374,805749.353376144,0.8135849661677881,1.1110935472350039,181.3584966167788,2476.190081723959,85.52272691216025,0
univ3-conc-c10,600,10000,37.719223642428545,-1459.8206391482672,1459.8206391482672,-1422.1014155058388,42114.1018320688,54718.22424486421,0.4349177959291122,2019,3900,617214.9873523057,1.1110873714063068,1.1110935001998121,211.10873714063067,0.05048642886858168,53.75655396086622,0
univ3-conc-c10,601,10000,97.99293350480735,-1701.4610478194977,1701.4610478194977,-1603.4681143146904,104680.7804587875,2065.4439260617723,0.9806508947931003,4173,8065,1034117.0041742381,-0.46685491132243173,0.9999943650885242,53.31450886775683,14897.14278273153,110.0934412303796,0
univ3-conc-c10,602,10000,44.06618434496626,-473.8182425294321,473.8182425294321,-429.75205818446585,38882.33795638944,102955.91514503545,0.2741315343794151,1508,2145,276327.3903402288,-0.9999958677004086,0.9999979419421383,0.00041322995914291893,21110.884953981662,126.13494630676568,0
univ3-conc-c10,603,10000,114.1874251748803,-590.4323376312867,590.4323376312867,-476.2449124564064,155036.28038391419,3315.6677047832745,0.979061402497391,8972,6669,550180.7753039591,0.03204158251154638,0.3705565442975712,103.20415825115464,9680.608170796339,99.4759488368599,0
univ3-conc-c10,604,10000,60.79522162107744,-1031.6122176678948,1031.6122176678948,-970.8169960468174,51362.71197815541,224051.13607495007,0.18649284464538476,2201,1663,335526.1522066575,1.1110928823339763,1.1110935930272567,211.10928823339762,0.005764126270134895,40.19395435154546,0
univ3-conc-c10,605,10000,47.155386078916685,-103.53736696909539,103.53736696909539,-56.3819808901787,77187.06975055844,459.1927098957998,0.9940860938396144,4843,2895,151803.09633154786,-0.11799831669788816,0.19866469855695498,88.20016833021118,11194.071376412021,102.41020392610012,0
univ3-conc-c10,606,10000,21.703680769486436,-1163.7095477949474,1163.7095477949474,-1142.005867025461,18315.120494935618,49393.30404905356,0.2704998767625519,1166,2379,447186.30517247337,-0.9999973989916126,0.9999979811515405,0.0002601008387459572,21110.903852950083,127.25552115746517,0
univ3-conc-c10,607,10000,238.04030392705315,-3258.317870003976,3258.317870003976,-3020.277566076923,113245.96595899783,65240.65281879676,0.6344787454345944,4668,5401,1064556.7410521896,-0.9547871416363329,1.1110935714720125,4.521285836366703,20555.560119285405,122.22203561688673,0
univ3-conc-c10,608,10000,104.90641795656356,-412.82648704132924,412.82648704132924,-307.9200690847657,175450.8260791452,2276.5379652080205,0.987190841559773,11230,6021,444201.003344437,-0.25355134124892986,0.5153240927713919,74.64486587510702,12601.465415086184,105.19220550071998,0
univ3-conc-c10,609,10000,68.20885500008791,-4455.7675350114805,4455.7675350114805,-4387.558680011392,54522.91374887305,80814.197767607,0.4028674259257689,4306,3943,1068141.5989047359,-0.01226601994963147,1.1110935692532236,98.77339800503685,10122.811232036083,100.24624707468026,0
univ3-conc-c10,610,10000,84.32455869487788,-7084.182143705105,7084.182143705105,-6999.857585010227,99632.59965829564,68774.73188483331,0.5916167588747753,7095,5696,1657706.636638681,-0.9640651238687482,1.1110936043629929,3.593487613125177,20669.074056377853,122.47292879266541,0
univ3-conc-c10,611,10000,122.3719824683885,-4589.211761238774,4589.211761238774,-4466.839778770385,139194.5688785298,139989.71888670456,0.4985759406187582,6037,4769,1223296.3887783135,1.1110846008566901,1.1110929712493873,211.108460085669,0.07312937180104484,47.75684995178802,0
univ3-conc-c10,612,10000,85.36910640248787,-1412.072990555542,1412.072990555542,-1326.703884153054,91515.39180840357,90676.72585196438,0.5023015978056816,5554,4196,636334.874321808,1.1110903964880285,1.111093508643956,211.10903964880285,0.026134543457040138,54.572305331533386,0
univ3-conc-c10,613,10000,112.75930255315552,-1253.0406918162682,1253.0406918162682,-1140.2813892631127,106919.00344849672,71142.42407087015,0.6004613404375165,5327,5058,649088.3851606675,1.1110933816640176,1.1110935683981478,211.10933816640176,0.0019834985567606517,65.467761243177,0
univ3-conc-c10,614,10000,177.44625776139043,-4315.889409112007,4315.889409112007,-4138.443151350617,189074.81865651443,36176.05994660247,0.8393965867261133,8300,7502,1538688.9470623056,-0.8015999766006955,0.9999977769555817,19.840002339930447,18714.451840404792,118.1689678595904,0
univ3-conc-c10,615,10000,9.151040574253226,-764.5090837225728,764.5090837225728,-755.3580431483196,17427.28343127652,45514.0487944113,0.2768813880327122,1430,2555,369081.09830255876,1.1110851050342054,1.1110935406969562,211.10851050342055,0.06876753614104558,51.05806734201403,0
univ3-conc-c10,616,10000,36.48861987685364,-94.33257191408737,94.33257191408737,-57.84395203723373,55724.21102993295,549.7842688745689,0.9902302250630103,4307,2827,142378.53565093013,-0.3647339755424467,0.4158472156369825,63.52660244575533,13785.386398637274,107.76120335627509,0
univ3-conc-c10,617,10000,112.07388658090122,-5044.031770621845,5044.031770621845,-4931.957884040943,97273.28681125732,135708.100723544,0.4175152695265292,4086,3850,1129243.1422280795,-0.22535858556510988,1.1110932150795256,77.46414144348901,12305.536117161533,104.6636433113879,0
univ3-conc-c10,618,10000,312.2224067127201,-1340.8524703038208,1340.8524703038208,-1028.6300635911007,287828.46866582916,15559.19596339507,0.9487151332193738,10900,7580,822796.4422348791,1.0697855907835603,1.1110935697620858,206.97855907835603,335.854435501802,81.63107379049231,0
univ3-conc-c10,619,10000,110.73889470485649,-247.4751948214846,247.4751948214846,-136.73630011662812,167716.3657391415,2531.543862860561,0.9851302499468059,11225,4692,287086.55022871436,0.21092327997014507,0.6079666802957644,121.09232799701451,7934.331531943786,96.09177552407807,0
univ3-conc-c10,620,10000,283.98247595894236,-4969.360504037599,4969.360504037599,-4685.378028078656,147376.4999823247,65528.05013348567,0.6922186486956649,5426,6191,1416983.1665734358,1.1110933806958305,1.1110935298783753,211.10933806958306,0.0020429892898539137,77.39078559825987,0
univ3-conc-c10,621,10000,71.0799452138244,-3362.49002328236,3362.49002328236,-3291.4100780685358,67017.48576832522,42220.70971464521,0.6134986528477838,2616,5484,1157320.5795628412,-0.9819083730379015,0.9999979656886948,1.809162696209846,20888.03786495192,122.78787575107806,0
univ3-conc-c10,622,10000,24.402237530740237,-735.9000999221911,735.9000999221911,-711.4978623914509,55964.67299949275,2175.5827986502713,0.9625804398555853,4743,7168,635498.0888267899,0.37469824253158035,0.6380460441868894,137.46982425315804,6388.327635938848,92.90810835553661,0
univ3-conc-c10,623,10000,47.71943575888157,-1807.1803887626563,1807.1803887626563,-1759.4609530037746,41829.13191688648,95240.00456989715,0.30516812893849155,2770,2989,589077.107784048,0.7823869756616074,1.1110935225734608,178.23869756616074,2743.768004316417,86.01573014315113,0
univ3-conc-c10,624,10000,31.244387427407638,-2088.449115057188,2088.449115057188,-2057.2047276297803,35104.97593419669,137881.63098170861,0.20293464656060003,1886,2037,520324.47372709325,1.1110920706603964,1.1110931831815227,211.10920706603963,0.01234309461223404,33.270632516992315,0
univ3-conc-c10,625,10000,139.44342575900055,-766.5850410134959,766.5850410134959,-627.1416152544954,149102.88098603906,1576.1387026175064,0.9895397600417483,6217,7045,632722.7400399861,-0.23173080238945631,0.9002970247568973,76.82691976105437,12372.27376064574,104.8000712852069,0
univ3-conc-c10,626,10000,32.887109497432675,-189.8826212159308,189.8826212159308,-156.99551171849814,67354.6686695953,689.2009196696896,0.9898712268448292,4796,4710,271447.44052906375,0.4980317895933814,0.5644856209706939,149.80317895933814,5255.9192754083815,90.71281131164903,0
univ3-conc-c10,627,10000,45.544847341096556,-1644.984398646186,1644.984398646186,-1599.4395513050895,27795.995288097976,29954.998493583003,0.4813076532185159,2076,4060,650094.5471839877,1.111087273843882,1.111093499763078,211.1087273843882,0.05128745241523802,69.20764041483396,0
univ3-conc-c10,628,10000,293.1225965159454,-2876.1975845726793,2876.1975845726793,-2583.0749880567337,230122.47973952838,12668.744525597447,0.947820418287593,8693,8301,1291844.6979412297,-0.8567069870676485,1.11109350759515,14.32930129323514,19369.662290595323,119.61462933631582,0
univ3-conc-c10,629,10000,18.27519585021136,-575.987134826446,575.987134826446,-557.7119389762346,29757.744430386854,28224.91342331028,0.5132180126249494,2159,3976,423236.22298703366,-0.9999978835903194,0.9999979683335458,0.00021164096806509494,21110.909981311775,144.8054846259827,0
univ3-conc-c10,630,10000,49.227061210192495,-560.8143047102496,560.8143047102496,-511.5872435000571,45322.67192500796,51975.73873557654,0.4658110201112271,2040,3683,401134.1407283763,-0.9999979477946667,0.9999979872765025,0.0002052205333328046,21110.910750175353,135.3348578819516,0
univ3-conc-c10,631,10000,81.2167837540098,-2593.158105400316,2593.158105400316,-2511.9413216463063,45532.65490303971,154544.5410619591,0.22757543498862867,1835,2087,606810.0374790085,-0.9999979882445453,0.9999979882445453,0.00020117554547694833,21110.91115232038,177.22367047747647,0
univ3-conc-c10,632,10000,251.62393554572924,-2825.647541170102,2825.647541170102,-2574.023605624373,270159.27649054764,4437.548201535469,0.9838397686990318,10645,8476,1318506.6936736156,0.676396542250624,1.1110929966138474,167.6396542250624,3664.5052740365263,87.79391393212764,0
univ3-conc-c10,633,10000,255.71337365927718,-474.61928283961373,474.61928283961373,-218.90590918033655,223648.00073952533,901.4542477950845,0.9959854979481203,8706,5664,415334.8949682802,0.14791658039171793,0.3417641460682805,114.79165803917179,8542.39225856696,97.13453000383612,0
univ3-conc-c10,634,10000,129.40098325972468,-1178.506199182679,1178.506199182679,-1049.1052159229544,123032.17947486039,1192.6534986272927,0.9903992344358247,4526,7625,828808.9827235324,-0.8480750814690872,0.8691425055840004,15.19249185309128,19266.509398196264,119.34191686874206,0
univ3-conc-c10,635,10000,8.247900439104512,-322.2064149426062,322.2064149426062,-313.9585145035017,8167.308403363218,202659.8844375324,0.03873934995438097,311,348,86326.26240126962,1.1110854519783495,1.1110854519783495,211.10854519783496,0.06582338121283016,41.45820561370026,0
univ3-conc-c10,636,10000,42.832727711119766,-3368.9109491368413,3368.9109491368413,-3326.0782214257215,65210.378398889916,65173.66911631751,0.5001407736731295,4764,4516,1002271.7856777596,1.1110865541285562,1.1110928546247398,211.10865541285563,0.05724746009431669,72.4763268572966,0
univ3-conc-c10,637,10000,83.18373545908503,-2440.8537179714544,2440.8537179714544,-2357.6699825123696,117669.74332336387,5752.496738137689,0.9533917328410891,7306,8229,1216384.0292242412,-0.9999979309890261,0.9999979309890261,0.00020690109737962151,21110.911153147805,129.0679058391502,0
univ3-conc-c10,638,10000,57.63020567560506,-78.0245027043557,78.0245027043557,-20.394297028750636,98863.03372205852,542.3685905930432,0.9945438720836602,7623,1911,98561.44047386371,0.04490750013907657,0.13115791344027714,104.49075001390766,9552.932843954728,99.23445976650498,0
univ3-conc-c10,639,10000,136.8108046437246,-1772.15193212119,1772.15193212119,-1635.3411274774653,52342.11135182463,94818.19524464506,0.35568090718479306,2208,3142,613558.367131139,-0.9999979148695453,0.9999980130343801,0.00020851304547180846,21110.910330598523,150.36570794272964,0
univ3-conc-c10,640,10000,53.367577115595886,-57.53883831541394,57.53883831541394,-4.171261199818055,94362.33035336142,55.149476248166174,0.9994158976034132,6460,1162,66297.18787313982,-0.008230771747804653,0.06398250954750707,99.17692282521953,10082.375889533274,100.16493752469623,0
univ3-conc-c10,641,10000,122.427862410429,-3248.643013970324,3248.643013970324,-3126.215151559895,45494.54154339631,72863.56882674847,0.38438043156586316,1842,3594,884725.5188874551,1.1110868778414384,1.1110935640539348,211.10868778414385,0.0544699358395917,59.86077133900214,0
univ3-conc-c10,642,10000,135.05695490386103,-1024.5912908469593,1024.5912908469593,-889.5343359430983,187557.2043580257,2609.386864500608,0.9862784159524256,9978,7503,760453.3601255615,0.6717163451695999,0.7083007780710727,167.17163451695998,3705.5835419493505,87.8002578843329,0
univ3-conc-c10,643,10000,59.94155305586944,-2247.519129123349,2247.519129123349,-2187.5775760674796,85224.23753473388,102286.12653784275,0.4545041441109223,5447,4256,835497.4078699044,-0.9999979512116326,0.9999979942650961,0.00020487883673735995,21110.911051364437,176.0255444871919,0
univ3-conc-c10,644,10000,54.951948832885094,-4400.6890601667355,4400.6890601667355,-4345.73711133385,47472.7116199302,60934.36311362674,0.4379115637665595,3392,4024,1081114.360340553,1.1110922821522313,1.1110934199585574,211.10922821522314,0.010770208613491539,43.50502343556149,0
univ3-conc-c10,645,10000,121.30628241910348,-484.8053741496889,484.8053741496889,-363.4990917305854,143880.96568889573,1626.3182196831583,0.988823114719776,6630,6247,487909.89033083135,-0.5541935824409859,0.78501466861059,44.580641755901404,15867.03776765096,112.08563231943062,0
univ3-conc-c10,646,10000,79.5705102825372,-332.25977261714536,332.25977261714536,-252.68926233460815,111013.32835840089,2591.7919931654988,0.977185957946747,5566,5593,378698.13170690974,0.0050584277515646646,0.4268119974486552,100.50584277515647,9949.441832573551,99.87357187932876,0
univ3-conc-c10,647,10000,163.1016388307954,-4998.446440631144,4998.446440631144,-4835.344801800348,94651.1572553021,121538.47165485215,0.43781543884622676,4035,4196,1177131.4194839648,-0.9999979509163974,1.0013514943283064,0.00020490836026109733,21110.910963573184,207.24050857232703,0
univ3-conc-c10,648,10000,111.49798269280504,-1655.48346808553,1655.48346808553,-1543.985485392725,179466.8303069835,3196.8293053484003,0.9824988215382685,11020,8070,1008766.3750255575,-0.7200601885848822,0.8327441048501634,27.993981141511785,17759.2351700832,116.09301442264407,0
univ3-conc-c10,649,10000,192.6970101398614,-1958.2895291265559,1958.2895291265559,-1765.5925189866944,74571.6753223623,68557.27691014193,0.5210104186414023,2913,4607,790008.9253314722,-0.9999978240603002,0.9999978327555517,0.0002175939699830748,21110.90934068431,131.9835907771027,0
univ3-conc-c10,650,10000,1.663147192252473,-370.1780981721861,370.1780981721861,-368.5149509799336,4400.6989601326295,117406.59010483095,0.03612837124866642,374,356,92529.48552644813,1.1110933052449008,1.1110933052449008,211.10933052449008,0.0022139425248384192,65.57003906431606,0
univ3-conc-c10,651,10000,80.29091836590446,-3691.633944477469,3691.633944477469,-3611.3430261115645,61648.1232502044,94222.83518979985,0.3955074368387435,2427,3636,915014.2317145854,1.1110913184544144,1.1110935625353695,211.10913184544145,0.01852394511885691,69.76828640236748,0
univ3-conc-c10,652,10000,73.19270231173684,-1960.0154777407402,1960.0154777407402,-1886.8227754290033,78677.11269164682,50912.954478891486,0.6071230180636382,4898,5313,825222.5617223181,1.1110893789752614,1.1110935244948263,211.10893789752615,0.03440278770189131,67.28073571738732,0
univ3-conc-c10,653,10000,30.08136628633388,-4195.3962923162935,4195.3962923162935,-4165.31492602996,59319.582213867674,2157.1429390439325,0.964911225611344,4779,8702,1619206.3554867678,0.43409548383657126,0.9999978840365908,143.40954838365712,5839.620345696879,91.85372398830214,0
univ3-conc-c10,654,10000,108.54901507968216,-3344.9104364933746,3344.9104364933746,-3236.3614214136924,78410.89587787174,26208.16762240049,0.7494895600711213,4779,6832,1242246.3655605058,-0.15915640673414244,1.1110933257360707,84.08435932658575,11617.301380894596,103.18343145795929,0
univ3-conc-c10,655,10000,261.57419022133985,-426.3564431450992,426.3564431450992,-164.78225292375936,284443.7564364983,6294.944413005748,0.9783484469229152,11407,5429,395760.2422454631,-0.06685707546683702,0.3461414231629709,93.3142924533163,10673.070895558196,101.30606533075216,0
univ3-conc-c10,656,10000,205.48906664522383,-3011.318653931789,3011.318653931789,-2805.829587286565,87395.19908003602,142374.34548066597,0.3803602398530559,4343,3513,826203.5101357631,-0.9999977635667874,1.0929090606366527,0.00022364332126404264,21110.90862219755,126.97958699102001,0
univ3-conc-c10,657,10000,193.05248253537306,-3359.629984486923,3359.629984486923,-3166.57750195155,123090.1736624041,153063.85117945186,0.4457301454610109,4311,4056,954277.6767707469,1.1110935782542795,1.1110935782542795,211.10935782542794,0.0003108367279230362,59.091139205076885,0
univ3-conc-c10,658,10000,102.93823487514857,-678.045616644484,678.045616644484,-575.1073817693355,94470.67649928405,9335.171662302788,0.9100708502687496,3863,6416,575067.816767439,-0.999997054737739,0.9999979365549254,0.0002945262261006415,21110.899997436507,127.85032111518267,0
univ3-conc-c10,659,10000,65.0131594670846,-5031.139376030515,5031.139376030515,-4966.126216563431,83104.59801319153,39588.79024785309,0.6773355858131224,6293,6289,1451799.6947627387,1.111090572263521,1.1110935933031376,211.1090572263521,0.024830515735313363,51.036525213575416,0
univ3-conc-c10,660,10000,154.06354528444086,-697.2323845623827,697.2323845623827,-543.1688392779417,111758.2573051885,1158.297375517815,0.9897420056891293,4547,6837,569037.9580386882,0.07826392859145813,1.055811256148815,107.82639285914581,9223.438074093761,98.47884106501276,0
univ3-conc-c10,661,10000,70.06869284269708,-1101.3176621608563,1101.3176621608563,-1031.2489693181592,113837.26389113766,25730.51236542302,0.8156414535248891,8333,6451,744515.3737463752,-0.6409147942012301,0.9999979507955183,35.90852057987699,16847.983789785438,114.15948571921379,0
univ3-conc-c10,662,10000,156.31513019343083,-538.6441922320774,538.6441922320774,-382.3290620386466,202463.0534841949,1822.334105849392,0.9910794691321417,11315,6475,508878.69708554045,-0.06543933120283497,0.4851563884256842,93.4560668797165,10658.704099383152,101.29361979293853,0
univ3-conc-c10,663,10000,440.48114780842076,-918.2150530086665,918.2150530086665,-477.7339052002457,116497.69007167807,132853.27878690077,0.46720367923555395,4509,3562,373228.4316380775,0.4677258748222468,1.1110935522170238,146.77258748222468,5531.7056383279405,91.26406102827708,0
univ3-conc-c10,664,10000,216.0218067393892,-1232.002656067487,1232.002656067487,-1015.9808493280977,167724.84491039457,3596.783092979784,0.9790056682574314,6253,7558,800838.8683153761,0.6049464893876899,0.8866131318675889,160.494648938769,4295.573976858958,88.90739423377586,0
univ3-conc-c10,665,10000,58.78899306417386,-306.1255264588506,306.1255264588506,-247.3365333946767,11636.963563341851,230454.2198778777,0.048068514507333716,444,382,71702.04104576766,1.1110905820788681,1.1110935773778845,211.10905820788682,0.02427552417596318,46.72329681313615,0
univ3-conc-c10,666,10000,241.55763231838188,-7503.36977946831,7503.36977946831,-7261.812147149928,192047.56679659078,95595.99005677139,0.6676581561480784,7407,6185,1758760.5701614253,1.1110931144308833,1.1110936368910032,211.10931144308833,0.004283752332249174,34.299933565995524,0
univ3-conc-c10,667,10000,33.27817852209887,-1109.9039026874443,1109.9039026874443,-1076.6257241653454,22138.172330909892,107247.35864492907,0.171102380335278,1557,1526,332214.2431456156,1.1110921577284878,1.1110935106911402,211.10921577284878,0.011604821412770305,44.06651226738637,0
univ3-conc-c10,668,10000,37.29185447370642,-1678.354308561043,1678.354308561043,-1641.0624540873364,41976.793728893055,103550.70052055974,0.28844579469594556,2936,2658,531908.2263343206,1.1110881572995535,1.1110934946437414,211.10881572995535,0.04411066506364136,55.263872548945464,0
univ3-conc-c10,669,10000,207.6355106976802,-223.16098731333693,223.16098731333693,-15.525476615656743,236285.5287880919,1053.018585926965,0.9955632214084991,10340,2684,185621.75747936504,-0.15498788623432488,0.20966511015272843,84.50121137656751,11574.275407292245,103.17282136309223,0
univ3-conc-c10,670,10000,125.43077946478276,-1758.0244989965443,1758.0244989965443,-1632.5937195317615,61188.64819754936,56252.65863171341,0.5210147081086722,2421,4276,688855.4103391212,1.1110896489624276,1.111093567137629,211.10896489624275,0.03206746927932258,70.1268352414169,0
univ3-conc-c10,671,10000,30.590928281245887,-3578.7484400595245,3578.7484400595245,-3548.1575117782786,54904.358293131074,34754.19637042302,0.612371663798965,3731,5406,1176961.504468381,-0.999997876136521,0.999997876136521,0.00021238634789791751,21110.910087998946,196.57284604550597,0
univ3-conc-c10,672,10000,57.6729258952833,-2208.65648606277,2208.65648606277,-2150.9835601674868,106972.07854411182,2074.563865055575,0.9809754448259732,7098,8357,1179547.7573778108,0.8420023575288098,0.9780257950064534,184.20023575288099,2233.8001038080665,85.07281675444192,0
univ3-conc-c10,673,10000,43.976932200792255,-490.3261995228086,490.3261995228086,-446.3492673220164,22263.880505115412,228694.33153353506,0.08871548902207878,894,815,167770.07724702696,-0.9999979999520515,0.9999979999520515,0.00020000479485205767,21110.91116138698,208.3391821168631,0
univ3-conc-c10,674,10000,56.237132879833986,-3308.7184880416935,3308.7184880416935,-3252.4813551618595,75318.83387395492,40950.621480614725,0.6477955336099777,4121,5878,1189726.2450200412,-0.5642180855938124,0.9999978743246579,43.57819144061876,15979.508120129165,112.31457047343919,0
univ3-conc-c10,675,10000,200.12159886272664,-205.18469306743702,205.18469306743702,-5.0630942047103815,237101.15666511288,673.5285863115396,0.9971673663005827,11303,2300,165386.69996508583,-0.04597574170546366,0.12154380746365902,95.40242582945363,10461.88133128179,100.94105821059277,0
univ3-conc-c10,676,10000,190.36864185893234,-2063.9330063149523,2063.9330063149523,-1873.56436445602,165136.38020008712,29315.379252387458,0.849240863981216,7947,7270,1001394.4296401697,0.9436590865950447,1.1110935937405149,194.36590865950447,1377.010481054521,83.65176315775184,0
univ3-conc-c10,677,10000,56.80064258359181,-5423.045411087653,5423.045411087653,-5366.244768504061,52887.87830002238,30483.114799322113,0.6343678578591648,2802,5914,1491327.4515254465,-0.9999977883268126,0.9999980065605156,0.00022116731874766333,21110.90897955262,152.7301053883448,0
univ3-conc-c10,678,10000,138.92120500084147,-1169.2960011183227,1169.2960011183227,-1030.3747961174813,105598.36728509824,102315.10420322415,0.5078957439803473,4345,4413,577733.8435363845,1.1110914037417328,1.1110935269880682,211.10914037417328,0.01793570097265902,74.18050330198702,0
univ3-conc-c10,679,10000,60.95943033708243,-3586.6893349505744,3586.6893349505744,-3525.729904613492,64507.10032884373,59649.935787922965,0.5195605689892304,2660,5033,1100065.6200271235,1.1110918348831043,1.111093254226674,211.10918348831044,0.014404024226937207,61.28312041766061,0
univ3-conc-c10,680,10000,366.914170073567,-410.39244414579656,410.39244414579656,-43.47827407222957,276091.2834565803,1718.6824939027927,0.9938134599022659,9853,3649,265151.01245699095,0.06500228841614415,0.16116113137453725,106.50022884161442,9354.175186930932,98.66863183944704,0
univ3-conc-c10,681,10000,53.20883637263399,-280.5181298464555,280.5181298464555,-227.30929347382153,80187.73731487522,959.7121875995057,0.988173230415945,4596,5321,348792.19198847126,-0.6216063312779848,0.715187778845456,37.83936687220152,16628.006361404998,113.9275243100176,0
univ3-conc-c10,682,10000,116.3481985266544,-5160.470004461571,5160.470004461571,-5044.121805934917,135519.10235729002,25233.316270632273,0.8430299432754581,6385,7636,1661833.6781611892,-0.9999976080953688,0.9999979238953212,0.00023919046312668416,21110.9070709288,144.58013305454293,0
univ3-conc-c10,683,10000,137.79330198840375,-199.47480644634473,199.47480644634473,-61.681504457940974,164593.12534316842,701.0225410928356,0.9957589391393113,8074,3485,208102.34058515896,0.3460166883742326,0.5349544939313009,134.60166883742326,6655.541081709104,93.46698194069094,0
univ3-conc-c10,684,10000,35.67405775459843,-2630.779560719355,2630.779560719355,-2595.1055029647564,57104.56646154292,77438.2613784101,0.4244341179558997,3966,3846,809201.4648092063,1.1110871418845818,1.1110934542756816,211.10871418845818,0.05242576547631472,35.005667386685694,0
univ3-conc-c10,685,10000,52.53633595020137,-4799.790283525634,4799.790283525634,-4747.253947575432,68576.37790591306,52668.225982547265,0.5656035461091555,5583,5521,1325679.743813947,1.1110916181749784,1.1110936081704283,211.10916181749784,0.016301287564772338,74.53254446695522,0
univ3-conc-c10,686,10000,84.3324190564246,-598.2320813191823,598.2320813191823,-513.8996622627577,104550.78476574723,8705.527306945527,0.9231342858722262,7164,6345,533302.8482507144,1.1110919547846876,1.1110935901395833,211.10919547846876,0.013653832658842902,77.92447921593649,0
univ3-conc-c10,687,10000,47.14094194206742,-701.8676026183305,701.8676026183305,-654.726660676263,80265.33226283436,2369.2355287728496,0.971328759959782,5724,7015,609609.3215393719,0.8087073093517239,0.9347625745113811,180.8707309351724,2517.922599191301,85.59749766811757,0
univ3-conc-c10,688,10000,10.051655488721515,-1417.360489448151,1417.360489448151,-1407.3088339594294,10142.909000207052,68488.76611802114,0.12899266084509178,476,1157,330408.9485628681,-0.9999978930320877,1.0457096428526744,0.00021069679122602197,21110.909836336974,296.8381024912803,0
univ3-conc-c10,689,10000,135.25975464178424,-326.91165648837676,326.91165648837676,-191.65190184659252,189848.682873506,2020.7190274369796,0.9894682580577375,10088,5354,357901.8752813293,0.5539774766247197,0.6320370839654202,155.39774766247197,4750.969130998512,89.76886576258029,0
univ3-conc-c10,690,10000,60.10049110041499,-5431.299645934984,5431.299645934984,-5371.1991548345695,63739.430646304405,17978.877720887634,0.7799895998813194,3496,7068,1624880.665177028,1.1110926948805555,1.111093465655963,211.10926948805556,0.0075483257801122194,75.62694109864069,0
univ3-conc-c10,691,10000,365.1371660865239,-725.0155375876823,725.0155375876823,-359.87837150115837,180093.56363641002,76647.6178131379,0.7014595890679116,6772,4812,438016.7178467217,-0.9999974248618838,0.9999979455004235,0.00025751381161887786,21110.90465339528,130.8393435159028,0
univ3-conc-c10,692,10000,165.55450010233443,-2271.7393326868346,2271.7393326868346,-2106.1848325845003,146404.8289533654,85763.59126083211,0.6305975154514684,5749,5635,933840.9881255428,-0.5536246121630256,1.1110935347784903,44.63753878369744,15860.661262175403,112.0643809274625,0
univ3-conc-c10,693,10000,102.04792979178936,-1978.5263416817913,1978.5263416817913,-1876.478411890002,64623.03419896174,56410.90338561282,0.5339249097287715,3995,4638,793240.7709246215,-0.44099514920410665,1.1110935423301758,55.90048507958934,14613.370438252172,109.43152602398868,0
univ3-conc-c10,694,10000,165.53817510162895,-3626.736498685186,3626.736498685186,-3461.198323583557,176005.57948045377,17053.391756539866,0.9116674472713023,8781,8056,1447834.6630689932,1.1110905124379176,1.111093423994866,211.10905124379175,0.025485187039620882,74.99713505576915,0
univ3-conc-c10,695,10000,271.2145601053928,-3860.1413631951496,3860.1413631951496,-3588.9268030897565,123698.70360263898,138400.13122697207,0.4719544201066548,5254,4346,1015449.0452942392,1.1110839972200426,1.111093524518631,211.10839972200426,0.07797065477382997,59.362736808104785,0
univ3-conc-c10,696,10000,297.5030205362603,-3053.011753588032,3053.011753588032,-2755.5087330517717,235926.74022546204,22767.031110427564,0.9119923491282412,8892,7963,1276207.195338901,-0.5750806719720586,1.1110936091085513,42.491932802794146,16101.65197757898,112.57374544884273,0
univ3-conc-c10,697,10000,103.07696727416891,-3093.596120691566,3093.596120691566,-2990.519153417397,104626.40459327785,36468.89571900132,0.7415300464417558,5829,6360,1163113.4676557938,-0.9999979402245995,1.1110934266526364,0.00020597754004445792,21110.911066382872,140.3254392306608,0
univ3-conc-c10,698,10000,289.4181614933667,-332.8300693380558,332.8300693380558,-43.4119078446891,206982.63318310134,1081.559363067282,0.9948017996281253,7641,3156,214509.93638874727,-0.23675415487627519,0.3347681906653915,76.32458451237248,12424.94552519021,104.90806521623315,0
univ3-conc-c10,699,10000,196.11005638038077,-5263.877884645628,5263.877884645628,-5067.767828265247,154724.2564152211,52146.0322874316,0.7479288465518397,5503,6933,1578583.701403891,0.8907997341625534,1.0370920148347773,189.07997341625534,1820.5269690257771,84.27511345553144,0
univ3-conc-c10,700,10000,45.763123660967906,-1193.2029121798769,1193.2029121798769,-1147.439788518909,42546.752834751744,90078.39560025132,0.32080456336381075,2485,2725,457139.8023294922,1.1110869820381117,1.1110935860607396,211.10869820381117,0.053612280745586105,76.88228090323615,0
univ3-conc-c10,701,10000,95.79922922277062,-7078.94134111263,7078.94134111263,-6983.142111889859,92646.37303902423,36046.19248474787,0.7199046243421932,5177,6734,1767603.019425543,1.1110891622722479,1.1110935842457073,211.1089162272248,0.03622921248528144,52.70554282196386,0
univ3-conc-c10,702,10000,106.68513216577219,-3816.362623298764,3816.362623298764,-3709.6774911329917,114882.0859217812,4667.8367439286785,0.9609549162404641,5865,8610,1538085.819828645,1.1110933684605029,1.1110934941324655,211.1093368460503,0.002252991382819064,79.17456840546116,0
univ3-conc-c10,703,10000,43.13095987923899,-9248.878390866557,9248.878390866557,-9205.747430987318,55005.59297014834,18795.42536947436,0.7453229536348637,4124,7143,2113017.0449805185,-0.9999977091301168,1.1110934695134924,0.0002290869883281982,21110.908163893648,136.3622804204815,0
univ3-conc-c10,704,10000,299.30221267849026,-859.1145847559911,859.1145847559911,-559.8123720775009,234015.76764339712,36284.137190356785,0.8657634111537217,9598,6419,576092.5954230581,1.0557823344986366,1.1110935923356324,205.57823344986366,450.277032109478,81.81499073906875,0
univ3-conc-c10,705,10000,33.59207181359313,-1086.7391569448719,1086.7391569448719,-1053.1470851312788,64115.75578205465,1023.306189641376,0.98429043712533,4728,7634,795259.9320132091,-0.07190536280854971,0.4812586675672449,92.80946371914503,10724.261319814528,101.45358702177614,0
univ3-conc-c10,706,10000,107.33948225125357,-1093.3576254012823,1093.3576254012823,-986.0181431500288,115900.38030847584,3046.871333362247,0.9743846848808523,4182,7569,788273.8668134222,0.6421106364099842,0.787007803294349,164.21106364099842,3966.2712758346497,88.297718567935,0
univ3-conc-c10,707,10000,204.08954849349692,-1235.9954169952978,1235.9954169952978,-1031.9058685018008,121990.70051882842,29673.383874041803,0.8043479839486852,5332,6369,727393.7249379355,1.1110765271617435,1.1110935584867565,211.10765271617436,0.1385572957181651,78.18641879933519,0
univ3-conc-c10,708,10000,42.74159969685172,-1773.0332437152597,1773.0332437152597,-1730.291644018408,37572.730768198606,65937.54025417741,0.36298553174569925,2409,3390,649981.1436070949,-0.9999976463113165,1.1110928434129723,0.00023536886834737926,21110.90704255741,127.36521796475098,0
univ3-conc-c10,709,10000,68.52158399269224,-8692.616089133211,8692.616089133211,-8624.09450514052,90050.93296631204,37055.234088099154,0.7084702107944403,4978,6713,2011950.3004446267,-0.9999977626008838,1.111083467894607,0.00022373991161127636,21110.90884195375,229.0286881279344,0
univ3-conc-c10,710,10000,65.97779063554472,-1020.1951824728543,1020.1951824728543,-954.2173918373096,72583.26612484039,16927.94061198634,0.8108846788117108,3931,6316,697358.3338137114,-0.9999937641923808,0.9999979651344667,0.0006235807619107137,21110.85938072896,123.37871282870498,0
univ3-conc-c10,711,10000,64.82981201614153,-6051.515665510489,6051.515665510489,-5986.685853494348,76645.3529733366,18254.63932363357,0.807643405633697,4054,7561,1805586.8004723822,-0.9999978668443305,0.9999979794504383,0.00021331556694826177,21110.910127710486,135.7026919679984,0
univ3-conc-c10,712,10000,166.77367513756346,-253.59057960075592,253.59057960075592,-86.81690446319246,139798.9390326013,432.2583905292457,0.9969175304891323,5414,3885,234815.70279933763,0.8430789740659697,0.9640088848758981,184.30789740659696,2224.6416733922274,85.02737598750716,0
univ3-conc-c10,713,10000,174.08495653140696,-5518.600203430098,5518.600203430098,-5344.515246898692,84960.65581855472,53061.0439797819,0.6155601325203983,5370,5605,1443845.4054303523,1.1110930484786257,1.1110935483750368,211.10930484786257,0.004709632332529523,78.07764903590488,0
univ3-conc-c10,714,10000,191.54514023559054,-1649.1080973202857,1649.1080973202857,-1457.5629570846952,185367.41156444597,6721.682528082675,0.9650074744751262,7308,7979,974350.33163121,-0.5466634692314765,0.5466634692314765,45.33365307685236,15782.710226132993,111.89803474042124,0
univ3-conc-c10,715,10000,106.57128149792689,-3961.3907006010227,3961.3907006010227,-3854.8194191030957,64532.05822050582,24928.306659721926,0.7213480328065206,4910,6513,1300497.3447830766,0.20436875313822697,1.111093308364883,120.4368753138227,7997.23741963039,95.94146580123405,0
univ3-conc-c10,716,10000,71.45620334096567,-202.45280988327775,202.45280988327775,-130.99660654231207,108571.06869598638,1078.8792295656845,0.9901606954679248,6213,4502,267164.654048446,-0.46685488535034286,0.5160547017545253,53.31451146496571,14897.142397638429,110.00443498299455,0
univ3-conc-c10,717,10000,60.66132967520325,-83.11911922298603,83.11911922298603,-22.45778954778278,88311.97200378064,992.4456415439042,0.988886936752833,5322,1994,104532.3687017439,0.06279267791819734,0.1513920720923268,106.27926779181973,9375.991332768635,98.72515025958354,0
univ3-conc-c10,718,10000,102.5659242695586,-573.1294281076222,573.1294281076222,-470.5635038380636,66218.07913779981,145154.69989064895,0.313276285821494,2539,2519,314025.13067696843,-0.999997954031396,0.9999979894964465,0.00020459686040440476,21110.910793945273,151.07665137673703,0
univ3-conc-c10,719,10000,78.66391507371908,-185.94977636735786,185.94977636735786,-107.28586129363877,98866.59072894962,2026.027221773189,0.9799189746195037,4466,4149,243046.9100213145,-0.34459204371271196,0.5252120356125115,65.5407956287288,13568.884301134058,107.2573289111001,0
univ3-conc-c10,720,10000,151.1471924094891,-314.68843951451396,314.68843951451396,-163.54124710502487,188969.69566692924,3108.581045488521,0.9838160717667063,8970,5145,339253.31547275407,0.19685382671006935,0.3707095479407141,119.68538267100693,8069.4604103803595,96.13148050933626,0
univ3-conc-c10,721,10000,115.61319223181712,-473.7576759875522,473.7576759875522,-358.1444837557351,138133.01918508176,16598.782826573293,0.8927254603722445,8001,5768,435332.7435795308,1.0330448007244835,1.1110936229399127,203.30448007244834,636.6873522922158,82.15250460101505,0
univ3-conc-c10,722,10000,131.93616920717156,-3798.3400136917207,3798.3400136917207,-3666.403844484549,136874.6819906326,38671.624530306515,0.7797069884481234,7389,6881,1352491.0756737194,1.1110863449942356,1.1110936231239696,211.10863449942357,0.05913744405925858,62.40020232591469,0
univ3-conc-c10,723,10000,97.85017726271352,-6765.776079238143,6765.776079238143,-6667.92590197543,153109.17219138696,32484.654374931837,0.8249691006649728,9333,7732,1923116.675615091,-0.9999978300563869,1.111093064668426,0.00021699436130331482,21110.91000551603,128.91160817583662,0
univ3-conc-c10,724,10000,62.3705003422655,-145.08115265583496,145.08115265583496,-82.71065231356945,110796.19249810635,533.0841449939123,0.9952116445820188,7306,3726,206855.9717222523,-0.3497063361455109,0.4056586493621937,65.02936638544891,13623.771496957723,107.33569419556993,0
univ3-conc-c10,725,10000,80.81183572606962,-1177.396053057471,1177.396053057471,-1096.5842173314013,64632.17603530288,229787.71588964353,0.21952380870983723,2359,1922,390630.25718542625,1.1110903887803505,1.1110935318683315,211.10903887803505,0.025979660706148877,45.70873996978709,0
univ3-conc-c10,726,10000,42.459957118716,-1680.884428242945,1680.884428242945,-1638.424471124229,33163.15519950455,202112.80536134384,0.1409542867042199,1205,1353,376901.3170694087,1.1110919796125436,1.1110928670220759,211.10919796125435,0.013025949813048499,54.16903366905275,0
univ3-conc-c10,727,10000,138.90012429642152,-291.45818129231384,291.45818129231384,-152.55805699589231,189560.9365424902,1677.3472476005984,0.9912290195542557,10642,5034,321579.2301818457,0.37767004399603965,0.5141939942725383,137.76700439960396,6360.725285733764,92.85888436652552,0
univ3-conc-c10,728,10000,159.0745999860362,-1238.2761553199862,1238.2761553199862,-1079.20155533395,215899.86365711477,2729.38067142985,0.9875159396913604,11795,7689,834329.9091485628,0.012452930179938307,0.7538976092680884,101.24529301799383,9875.62651298734,99.66198221640279,0
univ3-conc-c10,729,10000,23.72515305821926,-1716.3506384865748,1716.3506384865748,-1692.6254854283554,34445.17071276465,138073.62555424302,0.1996603932910232,2237,1947,481073.57729432767,-0.9999979172734524,0.999997956984066,0.0002082726547606998,21110.910293431767,208.9385814085783,0
univ3-conc-c10,730,10000,31.689915092874582,-1133.5223233894794,1133.5223233894794,-1101.8324082966049,21334.263984457764,173923.89582460676,0.10926183062116186,1063,994,263317.8032087781,1.1110924080290487,1.1110934309488132,211.10924080290488,0.009531834553314411,59.683498641207,0
univ3-conc-c10,731,10000,319.88052936881223,-5197.603160683055,5197.603160683055,-4877.722631314243,272528.2042019436,10370.039946682546,0.9633435690706005,9908,8774,1782968.001507976,-0.9999977762476593,1.098742043839955,0.00022237523407051918,21110.90943335853,124.39984901616288,0
univ3-conc-c10,732,10000,51.29655608158689,-7382.679262420531,7382.679262420531,-7331.382706338944,83000.86683639382,25392.509875765772,0.7657374403678188,6285,7273,1909789.8363474624,1.1110910863207533,1.1110935380774642,211.10910863207533,0.020706073041844186,79.2662698882511,0
univ3-conc-c10,733,10000,44.50086522066193,-563.8754340913995,563.8754340913995,-519.3745688707376,71847.35099851478,2530.446397950019,0.9659784709076329,5211,6693,549706.2151576339,-0.01066776899867648,0.5456809931682386,98.93322310013235,10106.792168901664,100.2393723827712,0
univ3-conc-c10,734,10000,87.63377849982332,-2480.467288407521,2480.467288407521,-2392.833509907698,50459.823590363885,94908.22619696756,0.34711770340308556,1804,3157,736293.7755778417,-0.9999977864483437,0.9999979752981613,0.0002213551656423643,21110.908724224275,128.31237941132758,0
univ3-conc-c10,735,10000,109.84823802558954,-7001.410277692063,7001.410277692063,-6891.5620396664735,89986.09457538043,66312.81338409842,0.5757307952446457,4455,5439,1629435.9987435867,-0.8366474320737141,0.999997972829894,16.335256792628602,19130.246045698823,118.99688162807234,0
univ3-conc-c10,736,10000,210.62929532082765,-1514.3929019228622,1514.3929019228622,-1303.7636066020345,160501.74125619963,17800.8721588705,0.9001648275483662,6307,7324,866043.426325288,0.07287861840940323,1.1110933772398783,107.28786184094032,9276.48659765089,98.53037177512664,0
univ3-conc-c10,737,10000,69.42766426215012,-905.568104102341,905.568104102341,-836.1404398401909,97515.44785846991,48467.88035954913,0.6679903044328137,7336,5309,602293.6054852472,-0.9999979517746231,0.9999979517746231,0.00020482253767602752,21110.911230053374,126.62826571614187,0
univ3-conc-c10,738,10000,104.17336200398877,-382.85971863362425,382.85971863362425,-278.6863566296355,139883.49576361678,3140.2976396496415,0.9780435299265532,8996,5910,412739.58100001916,0.4394701157482658,0.49547098416186514,143.94701157482658,5790.277960514587,91.82415555038274,0
univ3-conc-c10,739,10000,94.03549649086979,-456.7973010182716,456.7973010182716,-362.7618045274018,151463.43119449614,5780.861682166545,0.9632364292756821,9691,6264,478401.16087142925,-0.9337021387735359,0.9618219886201942,6.629786122646401,20298.4545608376,121.64777944769699,0
univ3-conc-c10,740,10000,45.52059607152395,-8032.582124314886,8032.582124314886,-7987.061528243362,71994.8932346683,27322.453383107346,0.7248974694394703,5493,6841,1921052.8793047294,0.8755975024164411,1.111093549009822,187.5597502416441,1948.8795077255872,84.62575815646454,0
univ3-conc-c10,741,10000,65.59808238478027,-554.8892493494131,554.8892493494131,-489.2911669646329,107266.33151360355,2329.918446718101,0.9787408926166576,7718,6713,537283.6491299316,0.22344330016006736,0.527278059757382,122.34433001600674,7814.396592496456,95.66194468520477,0
univ3-conc-c10,742,10000,86.64777254817756,-1310.554055400042,1310.554055400042,-1223.9062828518645,107355.5216613871,7437.017633969325,0.9352134060312561,5396,7409,854734.9388225003,-0.9999976615341316,0.9999976615341316,0.00023384658683094734,21110.90764091769,132.35171059481505,0
univ3-conc-c10,743,10000,185.11623566746118,-1464.2726318426355,1464.2726318426355,-1279.1563961751745,87600.78852915694,45299.14019084586,0.6591484989711069,3887,5385,699234.1338318466,0.9024543214503641,1.1110935953087597,190.2454321450364,1722.369440935846,84.1320090263956,0
univ3-conc-c10,744,10000,32.57721224062474,-3441.3323151767922,3441.3323151767922,-3408.7551029361675,50592.554466296,75020.90793245731,0.4027637921936473,3719,3715,913009.8276893967,1.1110858325385145,1.111093454612706,211.10858325385144,0.06301552444325431,51.98239017487564,0
univ3-conc-c10,745,10000,97.83508046884288,-5169.118416047111,5169.118416047111,-5071.283335578269,60169.18081677774,73561.57626042134,0.4499277662957051,2410,4477,1233160.5889294287,-0.3156158294274297,1.1110931803934603,68.43841705725703,13259.003344022914,106.59549972683105,0
univ3-conc-c10,746,10000,120.61330338412924,-131.71089076045138,131.71089076045138,-11.097587376322139,163838.02517271103,278.788236063645,0.9983012816891025,8922,1995,123749.63593785262,-0.051335684664125976,0.1376341121194804,94.8664315335874,10516.005957901132,101.02848243158687,0
univ3-conc-c10,747,10000,23.518987520367627,-1711.2752421162904,1711.2752421162904,-1687.7562545959229,21374.503896345337,69639.16161107313,0.2348493907720167,1267,2198,487216.39471133985,1.11109305245825,1.1110935578809589,211.109305245825,0.004370245644343448,59.147130478079994,0
univ3-conc-c10,748,10000,159.09838223041763,-2112.4649307802233,2112.4649307802233,-1953.3665485498057,154558.51027644693,122081.74208388857,0.5586985587156276,6565,4878,834139.3846520362,1.1110906821633975,1.1110936003817558,211.10906821633975,0.023896157380199637,65.84911581145109,0
univ3-conc-c10,749,10000,113.76192625238134,-6653.220472872342,6653.220472872342,-6539.4585466199605,149481.01223449848,55745.788473873574,0.7283698411637352,8116,6886,1759989.0383263878,1.1110897916948081,1.1110935261349724,211.10897916948082,0.0312584973790635,75.92248779143098,0
univ3-conc-c10,750,10000,19.94962525216559,-2168.204247017605,2168.204247017605,-2148.2546217654394,32541.90310991762,87087.7792710679,0.27202198035000363,2223,2581,605854.8734087412,1.1110916141157048,1.1110932965981284,211.10916141157048,0.016075285667454864,30.054351490408308,0
univ3-conc-c10,751,10000,277.35345365498785,-1382.2213760429818,1382.2213760429818,-1104.867922387994,264851.0804511746,4694.178646018271,0.9825848220749984,10484,7756,871154.3193098407,-0.06554233561569874,0.7144318641587045,93.44576643843013,10659.747790276459,101.2866927732182,0
univ3-conc-c10,752,10000,75.07885970090503,-4565.57635641709,4565.57635641709,-4490.497496716185,51201.275700414684,48722.279351997575,0.5124044643283399,2250,5075,1267399.1656330198,1.1110927266052841,1.1110936061715762,211.1092726605284,0.007161372490297899,77.42692162612333,0
univ3-conc-c10,753,10000,106.63930538781261,-3910.6656544299976,3910.6656544299976,-3804.026349042185,137347.1145562524,26821.70905265406,0.836621177742307,8741,7520,1421933.176975812,-0.751195018002911,1.1110935117153085,24.880498199708892,18121.98375590299,116.90083946461168,0
univ3-conc-c10,754,10000,338.3926084517204,-368.0398692553424,368.0398692553424,-29.647260803622032,237280.66239230667,842.7470244657939,0.9964608812441839,8764,3094,218786.90799492376,-0.018985953565240833,0.31262330345604594,98.10140464347592,10190.221219071222,100.34288258639835,0
univ3-conc-c10,755,10000,28.494288949022998,-2518.330112299031,2518.330112299031,-2489.835823350008,45816.726969044445,79375.66926636487,0.3659705249421984,3831,3551,774533.0386949537,1.1110928902905794,1.1110933593874492,211.10928902905795,0.00584331466277449,75.26623008941496,0
univ3-conc-c10,756,10000,45.89310393306508,-3545.3216200068987,3545.3216200068987,-3499.4285160738336,59454.12063058312,102288.72893992605,0.36758422884509073,3642,3540,907762.0995357615,1.1110921618145257,1.1110935442276457,211.10921618145258,0.01173826731081462,29.392458375787093,0
univ3-conc-c10,757,10000,100.3167019167646,-2925.491969729883,2925.491969729883,-2825.1752678131184,79203.97439464313,231293.48726944058,0.2550873490886413,3119,2474,686104.6257848899,-0.9999979732908322,1.111093391481152,0.00020267091677801086,21110.911074336767,158.94831824420146,0
univ3-conc-c10,758,10000,99.04018403915113,-267.834793182469,267.834793182469,-168.79460914331787,136094.6466144168,1769.8455028334588,0.987162426846441,7520,5064,318996.3997778357,-0.32872033404664563,0.4446864494456301,67.12796659533544,13398.917422968249,106.84769461779557,0
univ3-conc-c10,759,10000,12.320359292643225,-2741.017210703832,2741.017210703832,-2728.6968514111886,23980.22875699586,63666.22425141887,0.27360181654691235,1881,2463,675073.9529982477,1.1110931020684034,1.1110934045763567,211.10931020684035,0.00400651602207347,71.69126603690364,0
univ3-conc-c10,760,10000,54.15403238751449,-165.49348648104632,165.49348648104632,-111.33945409353183,83341.6509423346,644.0333519365901,0.9923316294038873,4528,4139,234710.6132228476,-0.1518980163932811,0.3618415574601312,84.81019836067189,11542.406094817312,103.10818805891064,0
univ3-conc-c10,761,10000,138.5250677346172,-1009.3594316329688,1009.3594316329688,-870.8343638983516,212409.7247404408,2991.5668541835944,0.9861116577712375,11513,7493,766082.2072513994,-0.4585573340883248,0.7704808020185786,54.14426659116752,14805.922099899204,109.84123302701997,0
univ3-conc-c10,762,10000,132.5242924333252,-561.5900790811787,561.5900790811787,-429.06578664785354,132989.23478551427,2295.8119258168244,0.9830298175472743,5480,6471,521974.66597952414,0.21858133864042442,0.768305534060755,121.85813386404244,7860.9364690912125,95.76820015918756,0
univ3-conc-c10,763,10000,138.49530305757398,-1588.9928595577258,1588.9928595577258,-1450.4975565001519,183855.74145248308,6179.565042981632,0.9674820160687924,9708,7994,978168.0717811945,0.9605049811679259,1.111068446352673,196.0504981167926,1236.5638296122443,83.24321816981625,0
univ3-conc-c10,764,10000,147.06687746171514,-332.2940612264743,332.2940612264743,-185.22718376475916,172431.11502693265,3932.2552242931106,0.977703673848534,8297,5234,355203.2122939322,-0.5565920515457653,0.7838569950834525,44.340794845423474,15893.925833471383,112.10210031335453,0
univ3-conc-c10,765,10000,185.37752651693233,-2823.169159047064,2823.169159047064,-2637.7916325301317,68282.24643027238,81603.75320352918,0.4555612038288978,3798,4118,865494.066667086,1.1110933804104965,1.1110935349189663,211.10933804104965,0.0018933947706609722,59.15366382988853,0
univ3-conc-c10,766,10000,161.66428222957398,-1195.5853569972376,1195.5853569972376,-1033.9210747676636,167834.78493993712,33613.01802289298,0.8331427916883508,8502,6604,774149.3608134317,-0.9999977095730547,0.9999979348780851,0.0002290426945279974,21110.908386154897,129.17125411408526,0
univ3-conc-c10,767,10000,152.52835606190965,-5946.746730736586,5946.746730736586,-5794.218374674676,138890.00566667103,138713.46794401619,0.5003179674237478,5740,4676,1378596.3730619024,-0.999997865544537,1.0042744743441907,0.00021344554630577648,21110.910044316563,141.39502169550477,0
univ3-conc-c10,768,10000,148.94004496481756,-1821.9278124036096,1821.9278124036096,-1672.987767438792,144732.69863054118,12530.276797673328,0.9203227793219964,6533,7558,1001719.6775595903,-0.5474453097702806,0.9999979136516634,45.255469022971944,15791.459530066952,111.92007962805289,0
univ3-conc-c10,769,10000,32.00701673601726,-1618.8854826675897,1618.8854826675897,-1586.8784659315725,19109.464258919626,94671.62085512816,0.16794939369549314,1185,1578,410708.6147696687,1.1110933726914451,1.1110933726914451,211.1093372691445,0.0017499252784067831,37.26992806776026,0
univ3-conc-c10,770,10000,59.22564932396929,-1470.4450146078425,1470.4450146078425,-1411.2193652838732,61057.24786045554,102245.02019558137,0.37389099727325187,3906,3232,565468.2008625581,1.1110876485009566,1.1110935831218376,211.10876485009567,0.048291953876786656,57.98356107023355,0
univ3-conc-c10,771,10000,165.03415954319374,-1552.9167854077061,1552.9167854077061,-1387.8826258645124,135332.1734803246,20763.293682930816,0.866983365627042,5320,7132,909701.5353382233,-0.7593586191228152,0.9999979831647979,24.064138087718483,18217.5012526655,117.1002968466999,0
univ3-conc-c10,772,10000,110.4427873050331,-1340.7143996742889,1340.7143996742889,-1230.2716123692558,88188.18792278499,31304.01998245505,0.7380245914672542,3574,6005,765345.6886231414,-0.30871578200635413,0.999997968096924,69.12842179936459,13185.485295290482,106.47163313139586,0
univ3-conc-c10,773,10000,9.645697952935173,-783.1956690927326,783.1956690927326,-773.5499711397974,9851.74030006489,56308.47938744869,0.14890730935593022,581,1300,260812.03813769072,1.1110864966819338,1.1110935770599846,211.10864966819338,0.057411033791183286,60.991476141526256,0
univ3-conc-c10,774,10000,190.25240083888482,-4007.8179064724186,4007.8179064724186,-3817.5655056335336,178489.40249192933,33750.11687971215,0.8409809964721316,7665,7543,1438002.536748999,-0.24791198402744513,1.1110934809234976,75.20880159725549,12542.134221890872,105.14823605591745,0
univ3-conc-c10,775,10000,188.43996059648043,-701.7155618628874,701.7155618628874,-513.275601266407,215470.64928902767,3686.7434055397584,0.9831776452520685,9361,6818,604255.3216037668,-0.16723401170842167,0.6655183832857623,83.27659882915783,11700.779707465937,103.46699775840948,0
univ3-conc-c10,776,10000,186.18269455331566,-5840.735693085927,5840.735693085927,-5654.552998532611,142316.82011079835,72239.7806878692,0.6633066499983541,7271,6099,1520977.2494359233,1.1110873330455717,1.1110935668950435,211.10873330455718,0.05110504331686627,79.8028225848472,0
univ3-conc-c10,777,10000,95.19704312812013,-2244.0469999451093,2244.0469999451093,-2148.849956816989,143506.40779760288,6633.1625657143,0.9558200243302751,10449,8166,1161975.6034901766,-0.9366876991840991,0.9999978971933126,6.331230081590089,20334.78731260849,121.75783026085003,0
univ3-conc-c10,778,10000,68.58896988253305,-727.0344728207014,727.0344728207014,-658.4455029381683,69191.92459746022,38856.80780081228,0.6403770137942542,4104,4887,490277.93638713803,1.11109330941579,1.1110935882996822,211.109330941579,0.0025067610281813146,70.4965545879545,0
univ3-conc-c10,779,10000,260.5704515470827,-3311.1403063561133,3311.1403063561133,-3050.5698548090304,74257.99807676552,50676.371480768525,0.5943760579235057,3183,5148,1023752.760057935,-0.8529044534639766,1.1110936018197406,14.709554653602334,19324.196933145737,119.5149394147438,0
univ3-conc-c10,780,10000,26.274268855621678,-2999.252784888628,2999.252784888628,-2972.978516033006,29948.7308370887,52023.23618087527,0.36535332658938763,1822,3511,830988.9871129411,1.1110862391646532,1.111093582819388,211.10862391646532,0.059635580906139296,43.201264710126864,0
univ3-conc-c10,781,10000,222.33421014458798,-392.6890491868832,392.6890491868832,-170.35483904229523,236096.1140360986,3747.840111545299,0.9843738395455314,9825,5367,369517.34431715385,0.6406900492413533,0.7007716775915531,164.06900492413533,3978.8166323470045,88.30946982733876,0
univ3-conc-c10,782,10000,29.83002938806883,-1725.5490048034521,1725.5490048034521,-1695.7189754153833,34815.182880903776,130547.027574574,0.2105389301764168,2312,1819,459511.6561620626,1.111088271493787,1.111088271493787,211.1088271493787,0.04312259259581808,30.849314336764525,0
univ3-conc-c10,783,10000,29.545066473783308,-2603.4903234465387,2603.4903234465387,-2573.9452569727555,43817.38455811512,140539.24493264145,0.23767729253431633,2289,2220,628262.7628447126,-0.9999979156302965,0.9999979205632832,0.00020843697035962866,21110.910294913258,187.45760283221549,0
univ3-conc-c10,784,10000,194.28534023406178,-2701.9800964436163,2701.9800964436163,-2507.6947562095547,181065.06358560192,25193.703467343512,0.8778539025161707,7679,7639,1197405.5802344584,0.49480610814727444,1.1110936010414856,149.48061081472744,5285.1978014559245,90.7681798913549,0
univ3-conc-c10,785,10000,103.44788959942962,-1729.3013336806332,1729.3013336806332,-1625.8534440812036,98643.00228928684,110279.19240552967,0.4721518574576521,5396,4143,721357.1904778971,-0.3710817101354856,0.9999979902462579,62.89182898645144,13853.804931665989,107.79334861455105,0
univ3-conc-c10,786,10000,99.69323538791242,-1133.9037932155118,1133.9037932155118,-1034.2105578275994,101889.57411590863,96779.18529336462,0.5128615813521445,5978,4216,565595.3620955722,1.1110884232418163,1.1110936163836898,211.10884232418164,0.04213696388366728,69.39788457473159,0
univ3-conc-c10,787,10000,86.71623994265819,-318.5288906922801,318.5288906922801,-231.81265074962187,86485.75106118171,2086.5514785274904,0.9764423931782508,4492,5456,359629.69825091766,-0.11096199762866277,0.4419645230002021,88.90380023713372,11122.069389016238,102.25641890206818,0
univ3-conc-c10,788,10000,224.03824381054196,-520.7797969399194,520.7797969399194,-296.7415531293774,76218.87844938596,75575.84003025446,0.5021181185537023,4914,3392,290614.3958430481,1.1110914228948525,1.1110935920726177,211.10914228948525,0.01776335997708145,76.4701005624904,0
univ3-conc-c10,789,10000,85.80761930128764,-5643.740243721091,5643.740243721091,-5557.932624419804,82273.52441934723,82912.0422375335,0.49806727115719324,4515,4675,1302733.2657321282,1.1110864640032212,1.1110935874028098,211.10864640032213,0.057972276003035006,45.19913850165597,0
univ3-conc-c10,790,10000,323.53337340547387,-2162.0348527327947,2162.0348527327947,-1838.5014793273208,151321.44318336088,96848.15967068814,0.6097501121938552,6888,5414,887309.90744002,-0.3419397035604534,0.999997979717352,65.80602964395466,13540.442250359607,107.42707785417099,0
univ3-conc-c10,791,10000,208.01798289034085,-1529.5954694373956,1529.5954694373956,-1321.5774865470548,82259.93556409793,44376.67908199565,0.6495746573294506,2877,5240,728331.3242869268,1.111093047611162,1.111093613547763,211.1093047611162,0.004594807270528634,79.51436980792685,0
univ3-conc-c10,792,10000,79.47491748294102,-246.19880023285555,246.19880023285555,-166.72388274991454,131328.7862400679,2217.0308006895575,0.983398725247883,8226,4972,312318.83551424165,-0.36656768227446507,0.447811396159713,63.343231772553494,13805.141871923857,107.75392412089055,0
univ3-conc-c10,793,10000,213.6640492768603,-2191.0121363268127,2191.0121363268127,-1977.3480870499523,196742.2708962167,17749.88076587125,0.9172469452689602,8563,7870,1072401.115599404,0.5385941641641918,1.111093575666597,153.85941641641918,4889.280409972739,90.0232238598749,0
univ3-conc-c10,794,10000,115.08978719499744,-1766.0253567260452,1766.0253567260452,-1650.9355695310478,77604.70845190948,107140.24315167838,0.4200640276137448,3700,3631,626196.8649954299,1.1110927721929613,1.1110935623028788,211.10927721929613,0.0067946498201304495,75.5775003864907,0
univ3-conc-c10,795,10000,39.58570206156031,-1928.1169641861165,1928.1169641861165,-1888.5312621245562,39954.6420346531,68616.54980536489,0.3680040843019125,1923,3242,659492.749912502,-0.061087091914677816,0.9999980041423455,93.89129080853222,10614.625209008113,101.23265814628994,0
univ3-conc-c10,796,10000,65.86670658903567,-1826.786566208084,1826.786566208084,-1760.9198596190483,69234.31089755788,115339.51206385877,0.3751036294677097,4365,3347,632280.5797408932,1.1110915773497907,1.1110936062648045,211.10915773497908,0.016493035003058765,44.766029147773274,0
univ3-conc-c10,797,10000,9.227802831132399,-1769.9640471395053,1769.9640471395053,-1760.736244308373,19385.492878956164,46219.675452927186,0.2954872820520611,1563,2823,575768.9925563957,1.1110934280073668,1.1110934280073668,211.10934280073667,0.001366861379054285,48.03513720874063,0
univ3-conc-c10,798,10000,148.74926011007057,-208.76720401670843,208.76720401670843,-60.01794390663787,176375.02996143425,600.0873821619587,0.996609199128277,9216,3542,214689.70794388355,0.26721776990822077,0.2764782180691745,126.72177699082208,7397.360184780642,94.88059338914263,0
univ3-conc-c10,799,10000,83.55108640608995,-1501.1330925272086,1501.1330925272086,-1417.5820061211186,136125.30747454608,15238.681376206496,0.8993242613919743,9007,7468,929327.8442717833,-0.9999977489999915,0.9999978534695215,0.0002251000008478411,21110.908957363896,129.93298697183545,0
univ3-conc-c10,800,10000,73.65670708292866,-576.9249171822096,576.9249171822096,-503.2682100992809,64957.49400474214,14576.506131372164,0.8167261032209374,4135,5594,470869.29087124235,1.1110909515917955,1.111093585066221,211.10909515917956,0.021631882967938054,77.59413458054722,0
univ3-conc-c10,801,10000,251.95680217555542,-285.3048660609759,285.3048660609759,-33.34806388542046,242506.6094697187,922.4335114318742,0.9962106677981587,9935,3204,222139.19510155715,-0.233710764099075,0.34690439252959576,76.6289235900925,12393.027998344582,104.84914144142202,0
univ3-conc-c10,802,10000,181.80453454482247,-1467.439028664402,1467.439028664402,-1285.6344941195796,185462.9574919417,5000.375540828614,0.9737462562415188,8885,7827,903197.1290902961,0.6666589684761794,1.1110933393040139,166.66589684761794,3750.012903443924,87.95038740837605,0
univ3-conc-c10,803,10000,148.1547885712643,-1694.2845657384062,1694.2845657384062,-1546.1297771671418,209583.65062727733,3605.1312375122466,0.983089489015427,11443,8089,1002275.2259007897,0.543376274675343,0.7329913811236043,154.3376274675343,4846.241402742092,89.95941612798795,0
univ3-conc-c10,804,10000,57.3150659990132,-94.94274866429461,94.94274866429461,-37.62768266528141,91222.69509439371,1312.5970546106653,0.9858151736042821,7376,2515,129048.7003319336,0.14191780748183305,0.22333041959535493,114.1917807481833,8600.67844415005,97.2363674029311,0
univ3-conc-c10,805,10000,81.58815114532507,-7791.028464486368,7791.028464486368,-7709.440313341042,86907.98981480126,42226.62283817135,0.6730030626904946,7012,6504,1861596.7973609539,-0.845408644078585,0.9999980015055008,15.45913559214151,19234.68449351732,119.2981378612403,0
univ3-conc-c10,806,10000,26.542457871689642,-2091.081772775734,2091.081772775734,-2064.539314904044,35066.896535757005,54360.605202121165,0.39212653662787017,2594,3692,712122.02891146,1.1110929051157088,1.1110935950234095,211.1092905115709,0.005675921790188498,75.48629317156421,0
univ3-conc-c10,807,10000,67.27123140131066,-1067.4661014467563,1067.4661014467563,-1000.1948700454457,105013.88854471996,2169.114184567273,0.9797625171031473,6696,7523,781065.6861554516,0.04408466765277794,0.8914532264446404,104.4084667652778,9561.088667418195,99.07495247045713,0
univ3-conc-c10,808,10000,116.32090580151129,-123.73980461963279,123.73980461963279,-7.418898818121505,104329.13357313082,319.07268292673115,0.9969509971136437,4458,1409,91146.65142241993,0.006086341373961374,0.10531905201414701,100.60863413739614,9939.173892617122,99.8784555894213,0
univ3-conc-c10,809,10000,322.31880996391885,-4455.36688289214,4455.36688289214,-4133.048072928221,147258.18583681228,67085.77513294714,0.6870181234431331,5063,6054,1364727.1963879215,0.06460244649722142,1.1110935902615213,106.46024464972214,9358.12218714872,98.84999152418169,0
univ3-conc-c10,810,10000,111.9137066714892,-5358.209389068299,5358.209389068299,-5246.29568239681,98575.67350816692,83021.86796826746,0.5428249342294038,4192,5233,1360461.5060948047,-0.5095392602076708,1.1110933645002885,49.04607397923292,15368.921884758149,110.90749740308672,0
univ3-conc-c10,811,10000,8.721549907827288,-414.3697375153898,414.3697375153898,-405.6481876075625,10087.563115346815,240101.70130286572,0.04031972810186051,423,383,104702.04396787268,-0.9999977479729951,0.9999978928101627,0.00022520270048574745,21110.907996303602,186.54067034309261,0
univ3-conc-c10,812,10000,55.14043596833133,-60.66420491798635,60.66420491798635,-5.523768949655022,76492.39848088502,71.6972073667001,0.9990635661961106,4196,1092,63236.12603626178,0.04484384947467945,0.0746373867816159,104.48438494746794,9553.563472679189,99.1449253962304,0
univ3-conc-c10,813,10000,27.774717955270923,-5249.047127869346,5249.047127869346,-5221.272409914075,32744.171595412376,30880.673779495446,0.5146444192118371,1909,4503,1261634.4850482675,-0.9999978000578017,1.111093463520582,0.00021999421983752126,21110.908978119714,176.8947872540809,0
univ3-conc-c10,814,10000,40.65182644832919,-4595.128376563668,4595.128376563668,-4554.476550115339,44256.046204271544,19642.802805033683,0.6925953579825325,3222,6348,1429896.091756382,1.1110929914065435,1.1110931115643614,211.10929914065434,0.005113233917406604,62.71693477351568,0
univ3-conc-c10,815,10000,15.039171861162963,-801.440801551627,801.440801551627,-786.4016296904641,8406.285528699867,78246.60379540396,0.09701102403242692,450,824,196066.06805286853,1.111091872944391,1.1110933666619058,211.1091872944391,0.013837848244079964,77.68030596446827,0
univ3-conc-c10,816,10000,109.00811635486852,-2976.4235722872436,2976.4235722872436,-2867.415455932375,75955.82827581596,78549.62700289229,0.49160612574359447,3140,4257,919159.9730208778,1.1110900902991718,1.111093542492926,211.1090090299172,0.02852688308005824,64.61531201975052,0
univ3-conc-c10,817,10000,33.39543407219806,-418.9256212956253,418.9256212956253,-385.5301872234273,56911.411931176495,39118.83187783528,0.5926405023438642,4378,4334,380756.87089552847,-0.9999978805727702,0.9999979694365939,0.00021194272299024063,21110.910112505782,129.80734167473219,0
univ3-conc-c10,818,10000,85.01384799221657,-429.0169326357405,429.0169326357405,-344.00308464352395,147095.13013411508,1977.787272182353,0.9867327526247313,9696,6198,456258.72425042937,0.07458596899839932,0.39144378688983095,107.45859689983993,9259.662181500245,98.4871648904089,0
univ3-conc-c10,819,10000,179.35178773982827,-594.5218788544227,594.5218788544227,-415.17009111459436,205375.58845521222,13420.850308440715,0.938660563287604,9203,6370,512154.2561442268,1.1110925069826354,1.1110935631438077,211.10925069826354,0.009268213025549699,78.1946351444569,0
univ3-conc-c10,820,10000,136.58908514746383,-602.3518941126601,602.3518941126601,-465.7628089651963,176512.7497192775,1609.6587101946157,0.9909631880436203,9702,6682,550105.1948753429,-0.026199554324957006,0.4522283086390758,97.3800445675043,10262.684476875927,100.49189058316097,0
univ3-conc-c10,821,10000,180.62157486708367,-3420.8672366899855,3420.8672366899855,-3240.2456618229016,136183.30378228903,99867.78993126118,0.5769229942545765,5164,5327,1082942.4811740157,0.17953843006118275,1.11109359403403,117.95384300611828,8236.277317200387,96.39702422755052,0
univ3-conc-c10,822,10000,71.2949587061796,-320.2817412150527,320.2817412150527,-248.9867825088731,90397.8577830485,1352.1584238563591,0.9852625810898265,6246,5569,363804.2121665731,0.8495220766559214,0.8915266434130887,184.95220766559214,2169.8719381369847,84.97408078309397,0
univ3-conc-c10,823,10000,168.73889351944467,-665.5481162486808,665.5481162486808,-496.8092227292361,203352.88507614002,1904.5666192738672,0.9907210841626345,10981,6724,571169.348826662,0.12060579254074995,0.40718574205686486,112.060579254075,8808.313323318891,97.60021019536488,0
univ3-conc-c10,824,10000,50.6017687764495,-394.03733720529743,394.03733720529743,-343.43556842884794,73911.5128066221,1395.1226075382906,0.9814741078277419,4931,6094,427365.8895355276,0.7328052608264138,1.1110853619690204,173.2805260826414,3172.220112944967,86.78164772720766,0
univ3-conc-c10,825,10000,121.29673035431837,-140.90554838031753,140.90554838031753,-19.608818025999156,139337.7870504513,715.7386840006855,0.9948895346957722,6669,2226,133440.89684212848,-0.12659649768892564,0.207363849933174,87.34035023110744,11282.195251317748,102.54219046099887,0
univ3-conc-c10,826,10000,187.50390433224288,-869.0622564424662,869.0622564424662,-681.5583521102233,179195.524394986,2305.926140926482,0.9872952743125861,7803,7151,667965.9708087528,0.8192249451091501,0.9848086282575701,181.92249451091502,2427.981740285674,85.45788929678895,0
univ3-conc-c10,827,10000,24.687578484116422,-1680.44201268929,1680.44201268929,-1655.7544342051738,29697.023615517825,113356.30614323253,0.20759407464055413,1152,1960,480758.84999577876,-0.9999979273665751,0.9999979896613496,0.00020726334249120522,21110.910346748133,160.70313852432446,0
univ3-conc-c10,828,10000,165.1556681612241,-7669.828712756908,7669.828712756908,-7504.673044595685,110395.65990579683,31511.730323779182,0.7779415837836219,6667,7387,1927319.7921802027,1.1110853035844184,1.1110934417729106,211.10853035844184,0.06756937069616242,75.19124874910781,0
univ3-conc-c10,829,10000,127.59162048282485,-322.62413267456344,322.62413267456344,-195.0325121917386,116713.06988510182,16943.234365247223,0.8732328081321836,6267,4865,327595.3525202305,-0.979370393800166,0.9999979426921592,2.0629606199833983,20856.84029034001,122.83687938068753,0
univ3-conc-c10,830,10000,39.90972709824015,-901.8954865459767,901.8954865459767,-861.9857594477365,51804.16698037972,81618.19365555358,0.38827200128572625,3690,3346,480470.88339765347,-0.5899939541104907,0.9999979939623056,41.00060458895093,16269.801885550582,112.94110362518128,0
univ3-conc-c10,831,10000,117.27314255259303,-2293.0929058234933,2293.0929058234933,-2175.8197632709002,56850.499605213045,100067.13024121763,0.362295171427522,1967,3232,678704.5257630587,1.1110924395365906,1.1110934095288996,211.10924395365907,0.00940718821029135,51.688097046321765,0
univ3-conc-c10,832,10000,252.1592330686862,-1205.824693603524,1205.824693603524,-953.6654605348378,278838.4515460297,7440.465188023053,0.9740097340282481,10564,7606,820121.4155735519,0.43190435340284156,0.6446240136416372,143.19043534028415,5859.7510743721705,91.85844630659516,0
univ3-conc-c10,833,10000,221.5207463476436,-5310.98825290578,5310.98825290578,-5089.467506558137,170585.57588395476,21604.01881211449,0.8875900703871127,6183,8178,1702033.1581701133,-0.21563858671595298,1.111093512138485,78.4361413284047,12203.904535037467,104.45568928617625,0
univ3-conc-c10,834,10000,155.2902404946516,-1565.9403573839227,1565.9403573839227,-1410.650116889271,105827.39905014225,108004.80091022926,0.4949086202627796,4950,4273,657231.4490600914,1.1110854158985723,1.1110935568125742,211.10854158985723,0.06646276943817181,46.10246177590722,0
univ3-conc-c10,835,10000,43.17345945858516,-2260.1646676252226,2260.1646676252226,-2216.9912081666375,26574.253173726887,114640.32322821308,0.18818349954248645,1169,1837,512307.03594639536,1.1110847736423641,1.1110927322081294,211.10847736423642,0.0714145476821455,34.93327604732511,0
univ3-conc-c10,836,10000,287.62996367277407,-655.0182655592638,655.0182655592638,-367.3883018864897,273656.97457035916,4134.331426643359,0.985117131683423,11197,6471,530425.3289489411,0.49167259259481144,0.7761624096780193,149.16725925948114,5313.656822565875,90.85752508151614,0
univ3-conc-c10,837,10000,86.340122696529,-1034.8195187695992,1034.8195187695992,-948.4793960730702,116062.5293462951,2129.7929022595445,0.981980277045571,6295,7516,761513.3665009263,0.46380721994927626,0.8380012929033726,146.38072199492763,5567.482601036652,91.23673533614378,0
univ3-conc-c10,838,10000,63.52487156935323,-2723.28164688092,2723.28164688092,-2659.756775311567,17626.939228974712,50683.96129287965,0.25803991887554484,1263,2407,628082.8029707734,1.1110896816332982,1.111093570167037,211.10896816332982,0.03168287288843885,60.250967028008056,0
univ3-conc-c10,839,10000,84.13033602529494,-2334.9778710459323,2334.9778710459323,-2250.847535020637,81868.14406437302,2026.3666066211156,0.9758462551314252,4119,8341,1170157.3397601396,-0.3904858586039174,1.1110935876367316,60.95141413960826,14063.511038415249,108.29122919939262,0
univ3-conc-c10,840,10000,17.900651332062203,-2237.1171045688584,2237.1171045688584,-2219.216453236796,36193.359371856524,49889.903744343086,0.4204459503701767,2882,3797,756699.9862323327,1.1110929102995502,1.1110935623476583,211.10929102995502,0.005651146659592099,71.96154163648174,0
univ3-conc-c10,841,10000,124.99490078195133,-4987.871243589322,4987.871243589322,-4862.876342807371,141411.84109391828,5856.439801006419,0.9602328501058216,5640,8752,1749213.13209407,-0.04123171335514968,1.1030749968907307,95.87682866448503,10414.024706626267,100.83021057413497,0
univ3-conc-c10,842,10000,254.26618087827853,-2799.924188804638,2799.924188804638,-2545.6580079263595,209773.7926971387,91312.18587141264,0.6967238849662252,8343,6304,1126974.6417596184,-0.23295193464380673,0.9999979350337318,76.70480653561933,12385.072937402492,104.82636872516866,0
univ3-conc-c10,843,10000,87.09829503493371,-2248.440111256404,2248.440111256404,-2161.3418162214703,107185.76646481636,3384.7777151083587,0.9693880703924138,5662,8305,1159527.7589537909,0.4824108147056688,0.7624333909274325,148.24108147056688,5397.872576532414,90.99599602018608,0
univ3-conc-c10,844,10000,169.78888823666,-2619.7867154893493,2619.7867154893493,-2449.997827252689,185186.62705250183,37480.301312697746,0.8316754913364336,7833,7274,1159054.218022299,-0.9999978034321627,0.9999978034321627,0.00021965678372801032,21110.909558555977,130.21283471593298,0
univ3-conc-c10,845,10000,257.6630676362107,-6925.77889437212,6925.77889437212,-6668.115826735909,169449.95704270803,59909.177916702334,0.7387975066818052,7012,6612,1749813.0791509529,0.7297467119205138,1.1110934622929403,172.97467119205137,3198.779820660304,86.84440521727163,0
univ3-conc-c10,846,10000,401.27796790716314,-2190.1159223612863,2190.1159223612863,-1788.837954454123,294612.7548688482,9040.793122322086,0.9702266178606122,11329,8108,1072229.5499855534,0.7676866940369564,1.1110935192474205,176.76866940369564,2870.387104430612,86.26568770451667,0
univ3-conc-c10,847,10000,47.07579232027004,-2954.9846381102325,2954.9846381102325,-2907.9088457899625,86104.74910903595,31662.669441035,0.7311423666166798,6804,6513,1147769.9277780657,-0.0813184810673846,1.1110935548371628,91.86815189326154,10819.851440983592,101.68714168473659,0
univ3-conc-c10,848,10000,177.57925925620037,-432.4908961053997,432.4908961053997,-254.91163684919934,196294.7892832472,3477.760355971376,0.9825914002586839,9258,5888,416626.3586139421,0.7311310678301848,0.8895671998910172,173.11310678301848,3186.7566439824245,86.78353724731187,0
univ3-conc-c10,849,10000,42.92576716815749,-3814.77567183626,3814.77567183626,-3771.849904668102,45312.225787414536,91743.34096291816,0.33061207845689017,2331,3311,929219.8368926223,1.111092886455568,1.111092886455568,211.1092886455568,0.005805926206820633,48.957746823523024,0
univ3-conc-c10,850,10000,28.236316499990146,-1565.484215187421,1565.484215187421,-1537.2478986874307,51456.34746230909,15106.55522254638,0.7730484306841466,4279,6484,840705.8856988857,1.1110879548565828,1.1110935909967317,211.10879548565828,0.04595331853359852,67.06723239911757,0
univ3-conc-c10,851,10000,312.0903776895189,-3022.492189620597,3022.492189620597,-2710.401811931078,115211.69185920431,61129.61621889127,0.653344886203186,5120,5581,1034070.8704083494,1.0226717322047805,1.1110935590909619,202.26717322047804,721.9847771137725,82.33778507966863,0
univ3-conc-c10,852,10000,67.41006277017765,-2658.2748537962666,2658.2748537962666,-2590.864791026089,58394.629849151286,111671.1500647713,0.3433649607740443,2197,3291,774059.3430268595,0.619492024652939,1.1110931892069098,161.9492024652939,4166.414636473189,88.6748237802902,0
univ3-conc-c10,853,10000,40.366501031168596,-3197.1512862788745,3197.1512862788745,-3156.7847852477057,62501.760996351644,42726.97239282544,0.5939609741874935,5117,5356,1077349.455828065,-0.9999979056706563,1.1110933729411343,0.00020943293437400144,21110.91053344466,148.30004310935598,0
univ3-conc-c10,854,10000,124.88957865561001,-520.5184883308691,520.5184883308691,-395.6289096752591,166540.81906998163,1815.1376831191083,0.9892184528654305,9694,6426,493235.1401989921,0.4621510537139551,0.8307209580522686,146.2151053713955,5582.611309954619,91.36150052574122,0
univ3-conc-c10,855,10000,64.12934748162931,-547.1297431715582,547.1297431715582,-483.00039568992884,64628.598052080524,208403.01121072343,0.23670738427166094,2491,2004,286810.02613717475,-0.9999979424155698,0.9999979424155698,0.00020575844301380886,21110.91062149874,198.6265803228232,0
univ3-conc-c10,856,10000,23.119504245804297,-434.9253203803504,434.9253203803504,-411.8058161345461,17195.240803036904,113553.81107829681,0.13151331161195035,670,1172,180428.08399040595,1.1110926420548242,1.1110932465964307,211.10926420548242,0.007628783817020146,67.00186336323387,0
univ3-conc-c10,857,10000,37.21663746520243,-2845.8980147581806,2845.8980147581806,-2808.681377292978,28010.54484165622,91621.38077982212,0.23413937956898767,1302,2309,646155.9037771606,1.1110925214487128,1.1110935710122345,211.10925214487128,0.008679667708333713,60.32203024469303,0
univ3-conc-c10,858,10000,87.52800957878965,-283.0030475191025,283.0030475191025,-195.47503794031286,109483.173681274,15627.149351729262,0.8750930460981472,6970,4749,308197.8399592411,1.111089254458111,1.1110936005246672,211.1089254458111,0.03545675962047587,77.63671165355022,0
univ3-conc-c10,859,10000,307.7308308793615,-858.8953157824441,858.8953157824441,-551.1644849030826,273209.8737509886,9037.107541889143,0.9679815617495954,10060,6919,643487.682888549,1.1110909864969323,1.1110936218903638,211.10909864969324,0.021645505679109875,80.30670692604882,0
univ3-conc-c10,860,10000,68.59018218093362,-5457.653888416548,5457.653888416548,-5389.0637062356145,83190.47939720812,61070.74160323908,0.576665571109718,5346,5433,1430616.1384464225,-0.9999978458841788,0.9999979509076853,0.00021541158211649491,21110.909826576815,197.45107031287412,0
univ3-conc-c10,861,10000,89.81644585076255,-411.22899254805577,411.22899254805577,-321.41254669729324,110727.42794192582,909.0936271289908,0.9918566646976128,5377,6002,434737.9232548536,-0.06895770361099963,0.6493514618852282,93.10422963890004,10694.365089370933,101.3932377875106,0
univ3-conc-c10,862,10000,135.36523711255848,-5545.212872316343,5545.212872316343,-5409.847635203785,134844.26998104926,91847.10994611043,0.5948363366281387,6168,5734,1453162.11116764,1.111092500034201,1.1110936023928835,211.1092500034201,0.009188577213032012,57.60465136755883,0
univ3-conc-c10,863,10000,99.53221297078807,-2316.910456030718,2316.910456030718,-2217.37824305993,92679.70605415035,49063.66858473023,0.6538556478584648,4569,5715,991390.9268327308,-0.9999978128934294,0.9999979800199783,0.00021871065706500746,21110.90937117335,145.07392197208722,0
univ3-conc-c10,864,10000,32.75927887884602,-2396.251039561157,2396.251039561157,-2363.491760682311,53859.20338459866,60148.654187418055,0.47241659067732916,4252,4310,856571.9478190561,1.1110850435307684,1.1110903630519113,211.10850435307685,0.06945027699606499,46.03179362892335,0
univ3-conc-c10,865,10000,88.49565796227654,-3249.181553541796,3249.181553541796,-3160.685895579519,98955.66041932839,9354.537960260663,0.9136319746412401,5236,8046,1386269.740495375,-0.9568024390502088,0.9999979515903304,4.319756094979129,20580.197167643466,122.21216496178592,0
univ3-conc-c10,866,10000,38.58421729260753,-3142.7106357173443,3142.7106357173443,-3104.1264184247366,69814.95580311734,8419.155698724253,0.8923851049484205,5032,7931,1353034.3478360942,-0.3985016874639423,0.9999979643683301,60.14983125360577,14150.387695162954,108.47222454667182,0
univ3-conc-c10,867,10000,175.8673622040484,-1374.1980404959381,1374.1980404959381,-1198.3306782918899,187601.22128433126,2298.849878279803,0.9878944232921781,7741,7835,878910.1660706697,0.28256585953311314,0.9417590774494642,128.25658595331132,7251.980760157376,94.5777182947253,0
univ3-conc-c10,868,10000,61.94463759294368,-86.67146654771537,86.67146654771537,-24.72682895477169,91619.1757398268,616.3180949608046,0.9933179943063485,5248,2057,109040.61678725327,0.04639823172869811,0.18722688287352568,104.63982317286981,9538.160587460308,99.10295489690044,0
univ3-conc-c10,869,10000,46.19398165239659,-2948.0261824258037,2948.0261824258037,-2901.832200773407,41118.96679715293,43370.6315349651,0.4866748997375916,2570,4405,924826.5917502159,1.1095258620537631,1.111093583154016,210.95258620537632,12.700947559781648,80.18677816515901,0
univ3-conc-c10,870,10000,58.30955611568894,-443.16445771156435,443.16445771156435,-384.8549015958754,76651.3970766372,1122.2572678717215,0.9855702129811139,4069,6256,474836.2948991646,-0.2396499873909791,0.6207568712099062,76.03500126090209,12455.334097261883,105.06790297340291,0
univ3-conc-c10,871,10000,21.717151006663187,-4064.943276179216,4064.943276179216,-4043.2261251725527,31023.87185161307,49951.00065359436,0.3831296165315722,1797,3821,1043099.8048571678,-0.9999977794790215,0.9999979609768576,0.00022205209784822543,21110.908678340715,162.52717894192187,0
univ3-conc-c10,872,10000,25.13622955280859,-1203.5295766750567,1203.5295766750567,-1178.393347122248,27541.497051422106,135118.87569008805,0.16931903319310201,1363,1635,350199.0491576991,1.111088175261027,1.1110934556717573,211.1088175261027,0.043856552331796195,46.93697407140254,0
univ3-conc-c10,873,10000,216.09846832709798,-225.26075574143442,225.26075574143442,-9.162287414336447,202736.60871215924,200.05246595657275,0.9990142122926671,8091,2199,160437.2589046883,0.0691077025335052,0.18387845568685704,106.91077025335052,9313.66590342101,98.61261982968234,0
univ3-conc-c10,874,10000,107.24485784818631,-5316.733833875604,5316.733833875604,-5209.488976027418,105426.65986885417,6408.820267148607,0.9426942124328088,5084,8448,1760572.1710500983,-0.16224348650078085,1.1110934804880208,83.77565134992192,11649.18874964475,103.32487417824419,0
univ3-conc-c10,875,10000,123.0413376136168,-1514.4070912885616,1514.4070912885616,-1391.3657536749447,92221.68230706986,117511.09692096949,0.43971039074821294,3706,3775,616174.4939278266,0.748061234828918,1.111093600688352,174.8061234828918,3039.9671159205946,86.56645037972162,0
univ3-conc-c10,876,10000,220.25037452745934,-976.7945951849209,976.7945951849209,-756.5442206574616,237979.68958925645,3722.7167021332566,0.9845979328081441,10766,7232,711582.4026070358,0.8153498355726803,0.8292986208402356,181.53498355726802,2461.0992972049935,85.52460096449374,0
univ3-conc-c10,877,10000,114.22305224662819,-1676.8284191802366,1676.8284191802366,-1562.6053669336084,66525.26905820075,78766.9507575519,0.4578722050125085,2559,3897,664327.1763518862,1.1110935419295402,1.1110935419295402,211.10935419295402,0.000524657779499671,70.11026216843064,0
univ3-conc-c10,878,10000,142.30958776559555,-3897.508477021933,3897.508477021933,-3755.198889256337,142889.56526606219,2225.4789382940703,0.9846640370714419,5785,8708,1537424.7678138902,0.018223501673986533,0.968933527284369,101.82235016739865,9818.09714140766,99.63650055586174,0
univ3-conc-c10,879,10000,221.88887865744658,-6485.807772833226,6485.807772833226,-6263.91889417578,178724.84029986514,115913.39897942104,0.606590783114383,6667,5625,1556282.7885808477,-0.33089257128789784,1.1110935437261193,66.91074287121022,13422.14655082624,106.96298308753185,0
univ3-conc-c10,880,10000,82.74687377373863,-496.5038054975574,496.5038054975574,-413.75693172381875,130081.08321908982,2069.630816766415,0.984338860127499,7367,6456,502127.086161252,-0.24355433324841796,0.4802086382304468,75.6445666751582,12496.334696279333,105.03268926818903,0
univ3-conc-c10,881,10000,420.38760323535973,-768.0536573679257,768.0536573679257,-347.66605413256593,94803.08413228861,136462.07835257528,0.40993240449042295,3594,3145,298768.49283409474,1.1110871017969735,1.1110935895892393,211.10871017969734,0.05270409263231812,79.91864952698177,0
univ3-conc-c10,882,10000,71.24370557196856,-3659.5846608165034,3659.5846608165034,-3588.340955244535,113373.21670947065,10391.285708434752,0.916039853872257,7360,8116,1432139.2924133064,0.37096072735958957,1.111093493587623,137.09607273595896,6423.064862847913,92.96718688283305,0
univ3-conc-c10,883,10000,65.16977658659171,-995.6251293771356,995.6251293771356,-930.4553527905439,71271.57395732567,43066.79736326155,0.6233390692394168,5436,5027,574423.013766326,1.1110935043758803,1.1110935043758803,211.10935043758803,0.000991001338874753,57.866316955603345,0
univ3-conc-c10,884,10000,111.84134750029392,-2606.1286902619563,2606.1286902619563,-2494.2873427616623,100429.1843469513,28543.635100695537,0.7786848793184514,5125,6688,1119647.017930858,-0.9999977488206062,0.9999978587643961,0.00022511793937687446,21110.908680263787,171.72152903121366,0
univ3-conc-c10,885,10000,86.28789993612185,-189.68363472881197,189.68363472881197,-103.39573479269012,106418.95228893506,1547.0186736791752,0.9856712382625182,5723,4029,233710.02090432975,0.21126245922463838,0.2715145241370584,121.12624592246384,7931.07820916142,95.93368572207761,0
univ3-conc-c10,886,10000,266.3466742000514,-830.343957888735,830.343957888735,-563.9972836886836,265880.69672447705,3224.4762806711265,0.988017784107742,10849,6947,630556.1814683801,0.07675711342657607,0.8828030616844947,107.6757113426576,9238.27567952807,98.39244390078188,0
univ3-conc-c10,887,10000,67.14314815085125,-4920.012196160219,4920.012196160219,-4852.869048009367,58688.02203284317,19071.858680581776,0.7547339514206702,4146,6853,1534098.2567508903,-0.9999977118701249,0.9999979781637286,0.00022881298751780847,21110.90816762931,150.83631635609953,0
univ3-conc-c10,888,10000,84.76523416747773,-292.8028234585304,292.8028234585304,-208.03758929105265,152025.89437132227,1275.8920917112116,0.9916772522933458,11006,5360,351563.3613963354,-0.060051826019227546,0.30599965173435834,93.99481739807725,10604.146556633103,101.32791616145774,0
univ3-conc-c10,889,10000,145.31265666897525,-342.84030145972764,342.84030145972764,-197.5276447907524,168279.16549189866,3199.7646869574382,0.9813401874876405,7714,5329,364616.3540560968,0.17072059288258273,0.38491683363154844,117.07205928825827,8321.44697893643,96.7181977662013,0
univ3-conc-c10,890,10000,94.41025594505496,-234.64663398251608,234.64663398251608,-140.23637803746112,97020.89232295577,1039.6980654711608,0.9893973913337374,4468,4539,275496.63354705257,-0.09125439380397936,0.3129119169799938,90.87456061960206,10920.947225573946,101.83985582112363,0
univ3-conc-c10,891,10000,62.619454645636914,-7821.537114002433,7821.537114002433,-7758.917659356795,98455.30601243483,12240.31215640798,0.8894236975330138,7512,8243,2119951.6927377107,0.137167781175216,0.9999979608843701,113.7167781175216,8646.880761193765,97.39477003811395,0
univ3-conc-c10,892,10000,53.66799961827189,-4328.156664010838,4328.156664010838,-4274.488664392566,66998.05703963293,24133.37614856824,0.7351805485300675,3705,6761,1445808.1909531136,0.649890405563665,1.1110930712911449,164.9890405563665,3897.6274353655854,87.98773448184434,0
univ3-conc-c10,893,10000,139.78130058363885,-449.7724561468726,449.7724561468726,-309.99115556323375,121398.46484314687,161023.27551165625,0.4298481579025588,4513,3062,311407.05116573075,-0.9999978280367137,0.9999978280367137,0.00021719632863956729,21110.909394202226,162.11446641430615,0
univ3-conc-c10,894,10000,280.1842383369378,-675.2498479233453,675.2498479233453,-395.0656095864075,232707.26307842825,4210.133895110766,0.9822295283128533,8976,6467,539115.767981281,-0.1848225057440804,0.4173064571389201,81.51774942559196,11883.023392286506,103.80107120402114,0
univ3-conc-c10,895,10000,30.21802522771483,-951.2658299788894,951.2658299788894,-921.0478047511746,37666.408145391106,188046.74368546106,0.16687733009735314,1882,1495,321925.60293735686,-0.9999979758697513,0.9999979758697513,0.0002024130248819642,21110.910965652183,152.32987369519603,0
univ3-conc-c10,896,10000,61.28133852649674,-1732.8301801530597,1732.8301801530597,-1671.548841626563,89776.34729217162,17890.54010290817,0.8338343335099911,6227,6977,913911.1184554545,1.1110929792762139,1.1110936231125152,211.10929792762138,0.005354939271310144,74.75278526739645,0
univ3-conc-c10,897,10000,91.88088863261316,-648.8984247995992,648.8984247995992,-557.017536166986,24670.017508283585,111286.9117858622,0.18145465359039895,1501,1595,239473.60385352734,1.1110869480000432,1.111093580253016,211.10869480000432,0.05380398327312008,61.66054881566218,0
univ3-conc-c10,898,10000,38.25320080578402,-3905.794149709429,3905.794149709429,-3867.5409489036447,60242.758378401064,89006.42237423314,0.4036387876610693,4244,3897,1019766.5770094886,1.1110921445264959,1.1110931932619752,211.10921445264958,0.011917415259426273,61.72752126679433,0
univ3-conc-c10,899,10000,23.215658228327552,-973.5110429850811,973.5110429850811,-950.2953847567535,30808.612462510417,166922.11381504888,0.1558109507940796,1400,1455,313958.6307615631,1.1110932713938158,1.1110932713938158,211.10932713938158,0.0025713031997490754,48.27563102318908,0
univ3-conc-c10,900,10000,114.3543572207547,-210.4344061937513,210.4344061937513,-96.08004897299661,172933.06937510835,2550.7473112233724,0.9854644869288277,11504,4276,254302.95527293748,0.25148653581972197,0.304566272145243,125.1486535819722,7546.820784642327,95.15456377734994,0
univ3-conc-c10,901,10000,42.43258293276637,-1953.2321724027322,1953.2321724027322,-1910.799589469966,41823.35763881266,151557.28091343417,0.2162747933398358,2143,1951,498069.3323176132,1.111091408269904,1.111093530590817,211.1091408269904,0.017721531843604726,51.95977984924389,0
univ3-conc-c10,902,10000,137.87891875983905,-1918.0110195886593,1918.0110195886593,-1780.1321008288203,86842.36806580458,141680.69798443175,0.38001576631530914,3678,3309,648465.8681705577,1.1110920781739042,1.1110936030354837,211.10920781739043,0.012405798378064825,42.07959173122799,0
univ3-conc-c10,903,10000,45.367829221388256,-2685.612552485038,2685.612552485038,-2640.24472326365,52502.53165713588,200673.10735220974,0.20737592235403748,2555,1957,594872.556061531,1.1110929917581072,1.1110929917581072,211.10929917581072,0.004905471122816696,79.3553036882172,0
univ3-conc-c10,904,10000,164.83335223334174,-220.38202343195496,220.38202343195496,-55.54867119861322,214085.5024102973,590.4448964035442,0.9972495992037711,10060,3615,229902.31813141407,-0.17562518850395123,0.35206504071631445,82.43748114960488,11787.643629135897,103.56459739764196,0
univ3-conc-c10,905,10000,193.00749744278224,-231.57536111082396,231.57536111082396,-38.567863668041724,202276.67277894306,1313.732464045272,0.9935471788934389,8531,3135,202321.67904074254,0.24399021662140938,0.3323896019321617,124.39902166214094,7618.203636524304,95.28967750177506,0
univ3-conc-c10,906,10000,19.59233090101502,-3226.7678917904113,3226.7678917904113,-3207.1755608893964,36960.0561470028,65313.51306870626,0.3613842406247595,2725,3435,873774.3659064753,-0.9999979702151112,0.9999979702151112,0.00020297848888141618,21110.91107332782,176.99047483532598,0
univ3-conc-c10,907,10000,55.9366180831502,-7010.541691348078,7010.541691348078,-6954.605073264927,69961.14833908163,31962.612687454442,0.6864066595900743,3818,6418,1729208.1152383492,-0.7315526400309029,1.1110934917102602,26.84473599690971,17892.848333121037,116.46277568617353,0
univ3-conc-c10,908,10000,156.41611617985984,-2985.9229380159177,2985.9229380159177,-2829.506821836058,112843.80223390122,49580.02357258274,0.6947490719024578,6100,6323,1158387.4347226522,1.1110927755691415,1.11109357867759,211.10927755691415,0.006974253571329747,80.53688170807973,0
univ3-conc-c10,909,10000,152.9412476381791,-1497.3717378012655,1497.3717378012655,-1344.4304901630862,127445.73804270882,32176.77914619905,0.7984195481135101,5475,6455,813583.8613228347,1.1110933936066514,1.111093582024254,211.10933936066513,0.0019475997382892851,63.95569969304597,0
univ3-conc-c10,910,10000,105.47083796426884,-2084.468789602041,2084.468789602041,-1978.997951637772,88795.46529561115,164400.93732997024,0.35069797348945353,3798,3160,680987.5047947585,-0.9999978693367646,0.9999978693367646,0.000213066323535664,21110.90987000077,185.42967231080868,0
univ3-conc-c10,911,10000,104.00354470863138,-5785.138370041471,5785.138370041471,-5681.13482533284,147016.88917523852,36142.059438579236,0.8026737993851281,9727,7443,1711931.3600090258,1.111087748970414,1.1110935552697154,211.1087748970414,0.04788679837945342,52.93232788898077,0
univ3-conc-c10,912,10000,213.6717356546657,-3366.0345635731387,3366.0345635731387,-3152.362827918473,123721.60636215698,89933.03027044547,0.5790728828174553,5229,5097,1081229.4568168318,-0.9999976520868242,0.9999980019934349,0.0002347913175767108,21110.907394773883,134.0828478532055,0
univ3-conc-c10,913,10000,91.29513366539867,-1845.4945721607064,1845.4945721607064,-1754.1994384953077,116952.91533755446,57133.71594411362,0.671808710849987,6567,5805,874465.0913346303,1.1110926523848104,1.1110926523848104,211.10926523848104,0.007968834795448743,74.17759602197118,0
univ3-conc-c10,914,10000,74.08630912969643,-3172.1601291949946,3172.1601291949946,-3098.073820065298,98553.58687818886,23372.03248584382,0.8083090936281236,6007,7156,1227308.1288256003,1.1110867779305729,1.1110936260198372,211.1086777930573,0.05558922309202785,80.71806694001118,0
univ3-conc-c10,915,10000,126.5302983892568,-1897.3621820922012,1897.3621820922012,-1770.8318837029444,132767.1640919142,51083.21193671613,0.7221479061388423,6570,6237,910631.5716335911,0.43666571281959704,1.1110936173211465,143.6665712819597,5816.0176929829095,91.80961420802007,0
univ3-conc-c10,916,10000,10.537080336635817,-1207.0030738865585,1207.0030738865585,-1196.4659935499226,15761.755442015106,84052.25858470166,0.1579112471901614,1225,1436,333439.6312625859,1.1110865156974474,1.1110935022691786,211.10865156974475,0.05728801687595819,31.36505247600264,0
univ3-conc-c10,917,10000,291.72102295141576,-2349.815512152561,2349.815512152561,-2058.0944892011453,133023.53375570013,137110.28871270333,0.49243568443288654,5956,4511,819850.5397643087,-0.9999979463513968,1.111093550303495,0.0002053648603261345,21110.911033198823,177.4678224861306,0
univ3-conc-c10,918,10000,37.38011552018058,-2436.244088686842,2436.244088686842,-2398.8639731666617,39244.85192581708,66858.73324189369,0.36987300536344175,1993,3365,742638.8020745367,-0.655738821695061,1.111093407966586,34.42611783049389,17017.487002469556,114.53240818853689,0
univ3-conc-c10,919,10000,36.707876461597145,-1064.929690450384,1064.929690450384,-1028.2218139887868,32009.051043581105,153516.50905751387,0.17253175802913093,1573,1560,340881.0444099398,-0.9999979788197971,0.9999979788197971,0.0002021180202834037,21110.910989597385,224.58719251823345,0
univ3-conc-c10,920,10000,77.16642175244885,-4642.747545343664,4642.747545343664,-4565.581123591215,77257.82308812812,18985.869325389096,0.8027312871183798,4844,7174,1494768.6153694587,1.1110908233621635,1.111093024339751,211.10908233621635,0.02276929013589779,76.11630482573209,0
univ3-conc-c10,921,10000,2.2264185887369776,-445.0249227269346,445.0249227269346,-442.79850413819764,4952.915676022347,91770.08097668657,0.051207219042294125,410,493,125689.56038596146,-0.9999979517336773,0.9999979517336773,0.00020482663227429035,21110.91051604609,157.45369450939688,0
univ3-conc-c10,922,10000,135.47260625339075,-535.830794412059,535.830794412059,-400.3581881586683,138479.70524694302,1901.4427242661495,0.9864551419350402,5401,6381,504562.1666616712,0.27009970667999766,0.4272970652746628,127.00997066799977,7370.028840057436,94.81008829113199,0
univ3-conc-c10,923,10000,140.6858684539199,-474.31692455616565,474.31692455616565,-333.63105610224574,176234.8668234734,1769.2752514781682,0.9900604826895928,8541,6267,480110.42529519065,-0.4808252550380974,0.8224860640580222,51.91747449619026,15051.087868147113,110.38617493415198,0
univ3-conc-c10,924,10000,67.86149142080309,-578.4257981345412,578.4257981345412,-510.5643067137381,76220.44201073215,2710.075474987319,0.9656650486869336,4406,6698,550931.6487578723,-0.7374663505385416,0.7688645976687769,26.25336494614583,17961.731591954387,116.5546764444914,0
univ3-conc-c10,925,10000,211.6474492967409,-3959.189857381316,3959.189857381316,-3747.542408084575,45219.09687267458,75770.76102896841,0.37374287115400046,1867,3432,958107.6781747435,0.4721419240421574,0.9999979969232672,147.21419240421574,5491.419751041352,91.18801028239726,0
univ3-conc-c10,926,10000,66.74976376392631,-4185.760982129699,4185.760982129699,-4119.011218365773,78496.96849102307,31121.31470265709,0.7160937592165161,4368,6514,1378854.0329400569,-0.14803233036968436,1.1110929810900116,85.19676696303156,11502.563496664365,103.07168258716703,0
univ3-conc-c10,927,10000,125.24576806356269,-4544.972849714762,4544.972849714762,-4419.727081651199,124579.28422664714,22248.945876705195,0.8484695629645322,4758,7430,1540076.5988411647,-0.23362176821586175,1.1110933507880816,76.63782317841383,12392.094911213559,104.82748780615688,0
univ3-conc-c10,928,10000,110.37490664604441,-499.22839197202944,499.22839197202944,-388.85348532598505,105526.93031761261,1110.048019175871,0.9895904025368195,4512,6354,479680.47136172146,0.9628266050264861,1.0002069127513635,196.2826605026486,1217.2416530286216,83.2080907777807,0
univ3-conc-c10,929,10000,33.89140196872918,-2265.152573544354,2265.152573544354,-2231.2611715756248,35530.14522283194,83043.3146340924,0.299646693836075,1633,2771,665143.1414641954,-0.9999979266006198,0.9999979878735944,0.00020733993801337546,21110.910424474176,127.89647149898721,0
univ3-conc-c10,930,10000,87.38971218357317,-1029.1212295947553,1029.1212295947553,-941.7315174111822,149534.6171487878,3973.6092130952297,0.9741146822729372,9786,7501,782384.3542067669,-0.5036091034978472,0.9999979534245859,49.63908965021529,15303.124146214443,110.88951471751186,0
univ3-conc-c10,931,10000,103.57197384216646,-1328.022393194117,1328.022393194117,-1224.4504193519506,95424.75316476365,2113.8009024619296,0.9783285602018967,4077,7828,869591.5856892217,-0.3492653050111603,1.0831876656510642,65.07346949888397,13619.036067307487,107.36776649630849,0
univ3-conc-c10,932,10000,114.5749343601282,-125.58001565460174,125.58001565460174,-11.005081294473541,181908.72706823773,212.25152587465766,0.9988345575149379,11019,2184,133342.82546664195,-0.050235549042992884,0.163622052119392,94.97644509570071,10504.89213794642,101.02862854195298,0
univ3-conc-c10,933,10000,128.00693894976195,-3745.4474398750835,3745.4474398750835,-3617.4405009253214,77826.14683072812,164953.44171821923,0.3205629735839074,3434,3045,868803.9164888131,-0.8159983650133233,0.9999979901463611,18.400163498667673,18884.886284754353,118.56551349852177,0
univ3-conc-c10,934,10000,80.16257777335817,-5575.241693850005,5575.241693850005,-5495.079116076647,91879.7184108827,64647.34231138791,0.5869893549838445,4978,5562,1411333.6352129425,1.1110905479147732,1.1110936032804073,211.10905479147732,0.024945388363222895,73.91346420600289,0
univ3-conc-c10,935,10000,98.23992580397173,-525.5764071052126,525.5764071052126,-427.3364813012409,39743.84349056978,90780.1402159656,0.3044945638491096,2021,2490,283728.622864428,1.1110906451764457,1.1110935222780345,211.10906451764458,0.02391421748621181,60.009998089698215,0
univ3-conc-c10,936,10000,30.783005485167227,-744.0286951650387,744.0286951650387,-713.2456896798715,55808.77676804377,2580.217075329808,0.9558098726234067,4188,7029,642855.7235726778,-0.24536268136327238,0.5523032339276024,75.46373186367276,12515.335545673644,105.05855312620623,0
univ3-conc-c10,937,10000,169.81051373434232,-4930.695034564753,4930.695034564753,-4760.88452083041,120046.59785053994,103392.8748920813,0.5372667433243588,4501,4985,1312595.131452608,-0.9999979513901078,0.9999979513901078,0.00020486098921738434,21110.911043444587,150.2718954070977,0
univ3-conc-c10,938,10000,99.02649527985349,-4431.4780443703685,4431.4780443703685,-4332.451549090515,130513.06828233729,24929.27633706191,0.8396236469663316,8232,7577,1554923.635305006,-0.9999978808761812,0.999997949069125,0.00021191238186930194,21110.910564541307,126.17586885449033,0
univ3-conc-c10,939,10000,107.94194361533316,-159.13458588670406,159.13458588670406,-51.1926422713709,157574.45608361062,1319.0072429276279,0.9916987948068263,9570,3265,186372.76298135935,-0.054420320851844936,0.18004847914417696,94.5579679148155,10547.181193514341,101.06099073645629,0
univ3-conc-c10,940,10000,87.86154850867273,-2978.186940593143,2978.186940593143,-2890.3253920844704,84859.37780904594,35602.77992197834,0.7044484293443046,4153,6107,1125901.3985983052,-0.9024378026339498,1.111093094033122,9.756219736605017,19919.41712312144,120.78313631376483,0
univ3-conc-c10,941,10000,138.45657131053295,-1107.929112358142,1107.929112358142,-969.4725410476091,65386.53014271331,163000.34891551035,0.28629722693502035,2436,2393,415696.5650493857,-0.9999979176428294,0.9999979872976594,0.00020823571705057647,21110.91033593577,169.26597924815883,0
univ3-conc-c10,942,10000,27.260569769671086,-404.09872118179203,404.09872118179203,-376.83815141212096,9357.40659264776,167016.39176291242,0.053054403091006334,527,516,113802.32137212945,1.11108363954402,1.1110934335424383,211.108363954402,0.0805194474438764,25.402786763145137,0
univ3-conc-c10,943,10000,138.34963345190712,-846.4959157750237,846.4959157750237,-708.1462823231166,104712.6343271461,122796.01762966433,0.46025781185246717,5558,3806,450599.4108222738,1.1110931815973233,1.1110936110121716,211.10931815973234,0.003557912378428618,78.19488420272818,0
univ3-conc-c10,944,10000,123.43324363658145,-4035.3942412365745,4035.3942412365745,-3911.960997599993,104219.94862939084,22902.750684393664,0.8198374420302275,5181,7283,1406485.3555018748,1.1110923625329496,1.1110936154978217,211.10923625329497,0.010325794105914096,79.20098667178127,0
univ3-conc-c10,945,10000,8.670873524200168,-1478.4255989985704,1478.4255989985704,-1469.7547254743702,15896.066851965394,52519.69872838209,0.23234508474946536,1053,2181,477456.25263216393,-0.9999978866934172,0.9999979837610673,0.00021133065829488158,21110.90986084226,173.7740876760304,0
univ3-conc-c10,946,10000,32.713891284676144,-3736.71521296681,3736.71521296681,-3704.001321682134,40747.24073546788,43434.8649875993,0.48403684352484083,2092,4421,1074106.789687103,1.111091750925174,1.1110930954702811,211.1091750925174,0.015037573450010555,52.164583536131765,0
univ3-conc-c10,947,10000,108.83880358830712,-6534.521613371054,6534.521613371054,-6425.6828097827465,70729.14794830963,49797.44352654924,0.5868343830420469,3349,5396,1499673.3167936006,-0.9999974644101356,1.1110935517678293,0.0002535589864461873,21110.904978603332,128.16906905538224,0
univ3-conc-c10,948,10000,80.03754760239764,-2448.022845191624,2448.022845191624,-2367.9852975892263,66470.62165818083,21911.48872331636,0.7520823090924571,3075,6580,1038372.3953915791,0.9161199934758435,1.1110935561805755,191.61199934758434,1607.5412179636903,83.92570193792658,0
univ3-conc-c10,949,10000,128.65014851375662,-1014.3271148752075,1014.3271148752075,-885.6769663614509,27318.348003466082,226315.6522495783,0.107707752021461,1000,992,230205.27629989467,1.1110917992111078,1.1110935231647914,211.10917992111078,0.014465751694929807,70.36953262042883,0
univ3-conc-c10,950,10000,41.62915915028239,-50.4052617188299,50.4052617188299,-8.776102568547508,73551.154163275,174.0698562571731,0.9976389375743224,5938,1253,63104.037740909385,0.07731634652855561,0.09176821788012958,107.73163465285556,9232.768002573473,98.44005129273961,0
univ3-conc-c10,951,10000,115.98465563740915,-4425.345573981419,4425.345573981419,-4309.360918344009,110808.23729394501,41093.203430733614,0.7294745643313875,6382,6590,1422547.0215078832,-0.999997844672979,0.9999979231454306,0.00021553270209762358,21110.90994120209,148.9629282748829,0
univ3-conc-c10,952,10000,126.27108383751286,-140.3205028440686,140.3205028440686,-14.049419006555752,189715.52941974864,427.0719262711928,0.9977539387636019,11823,2322,139516.3034554421,0.06935329830068668,0.09988518452905765,106.93532983006867,9311.243780740044,98.64640832164508,0
univ3-conc-c10,953,10000,85.83729865303728,-1242.2199155833932,1242.2199155833932,-1156.3826169303559,137028.58097682372,22379.48678158592,0.8596088197022557,9347,6882,789941.2642250025,-0.8533764048080522,1.1110934927389626,14.662359519194773,19329.838209737765,119.56303624451994,0
univ3-conc-c10,954,10000,28.393104265321476,-1156.0252615811864,1156.0252615811864,-1127.632157315865,48117.681373870684,78686.9511994282,0.3794631189523495,3357,3450,523100.376063009,1.1110906892433803,1.1110934766356113,211.10906892433803,0.023650385931974327,73.36659174298256,0
univ3-conc-c10,955,10000,58.975627533510895,-4146.271863069709,4146.271863069709,-4087.2962355361983,86832.34618135953,77702.85947069491,0.5277432622230737,4913,4953,1178773.8686789793,1.1110896238680397,1.1110923482026553,211.10896238680397,0.032399896681386764,44.53245722914996,0
univ3-conc-c10,956,10000,340.18999356855403,-652.2606251715459,652.2606251715459,-312.0706316029919,312411.7073640229,4629.990764372226,0.9853962718730545,11837,6315,534227.3594713152,-0.3535603384226023,0.8397482019876742,64.64396615773977,13665.171836263331,107.41825791751016,0
univ3-conc-c10,957,10000,205.00617480749952,-2433.269961218352,2433.269961218352,-2228.2637864108524,121004.27196520372,68540.6783343583,0.6383935408142779,7100,5430,901453.0244138237,1.1110853666111427,1.1110936228908335,211.10853666111427,0.06699535578943028,79.42004567793134,0
univ3-conc-c10,958,10000,138.0682186627555,-661.7278686586765,661.7278686586765,-523.659649995921,143933.07773159712,2320.956618329786,0.9841306489175085,6474,6799,580315.0740838337,-0.1570636624479063,0.5321630195255921,84.29363375520937,11595.696302478318,103.19117791931505,0
univ3-conc-c10,959,10000,72.32681095985922,-5593.777280393542,5593.777280393542,-5521.450469433683,100070.18283084362,69699.54086672103,0.5894465788794774,6319,5551,1470600.729871699,1.1110931132172575,1.1110936234363311,211.10931132172576,0.004221729652101658,63.97954373227681,0
univ3-conc-c10,960,10000,130.1227003829067,-1405.844002392863,1405.844002392863,-1275.7213020099564,183472.79281374384,3401.0631594869305,0.9818002195022181,10022,7867,912171.1297980304,1.1074960095262267,1.1110922833511683,210.74960095262267,29.151347194829253,80.69917607259077,0
univ3-conc-c10,961,10000,22.362417121607386,-3182.7233297264975,3182.7233297264975,-3160.36091260489,53585.85902601543,11450.693054329078,0.8239345000918379,4410,7193,1293255.0570109033,-0.3801081680066554,0.9999979403899124,61.989183199334455,13951.25123224184,108.08405333850828,0
univ3-conc-c10,962,10000,96.47952368151215,-206.751553666961,206.751553666961,-110.27202998544885,160264.16272020622,1440.5410012636007,0.9910915330963725,10204,4303,262211.5392977595,-0.6088595043298625,0.6590043582006334,39.11404956701376,16483.28041149612,113.53587072471963,0
univ3-conc-c10,963,10000,71.83010292508838,-3154.62442832488,3154.62442832488,-3082.7943253997914,67089.75330790896,117915.23823646699,0.36263753073828053,3653,3292,809378.5392778161,0.6803618313844296,1.1110934747925223,168.03618313844296,3629.7293463947744,87.66726353746705,0
univ3-conc-c10,964,10000,66.77593416851772,-3499.0076770587198,3499.0076770587198,-3432.231742890202,56090.527844329554,104606.24020019428,0.3490457743916088,3467,3229,853241.7963404912,1.1110872263467917,1.111093546824311,211.10872263467917,0.05169640476792245,61.096299341296785,0
univ3-conc-c10,965,10000,79.6213836207502,-83.57259871090547,83.57259871090547,-3.951215090155273,142854.61904801067,33.944567268252754,0.999762440279268,9127,1596,94261.65458810423,-0.0026016569016022117,0.06839049796075884,99.73983430983978,10026.023864601497,100.07319535446113,0
univ3-conc-c10,966,10000,153.80685920105142,-361.16978323481624,361.16978323481624,-207.3629240337648,189373.4222140727,1514.2154788883872,0.9920675037043312,9125,5479,376705.44380739727,-0.1871397852208861,0.29519708906606396,81.28602147791139,11907.08261009993,103.84998603647017,0
univ3-conc-c10,967,10000,256.86543431326595,-2584.53429355534,2584.53429355534,-2327.668859242074,97051.97253609826,58360.72539737974,0.6244790408158274,3576,5423,946766.5420842201,0.9182935332805687,1.111093420712577,191.82935332805687,1589.3041273472134,83.88825720589213,0
univ3-conc-c10,968,10000,361.7468917197074,-2903.8608972738616,2903.8608972738616,-2542.114005554154,188146.78344310797,52364.96141940317,0.7822769052324755,7047,6923,1138154.547649132,0.3827702521742151,1.1110935766085965,138.2770252174215,6313.39054629267,92.76347330671241,0
univ3-conc-c10,969,10000,14.771355221036139,-438.06276951733605,438.06276951733605,-423.29141429629993,10466.360002118647,171863.15160962782,0.05740354323114612,420,436,108139.68435978467,1.1110863043239858,1.1110934342125967,211.10863043239857,0.058927804950059226,62.133199381701424,0
univ3-conc-c10,970,10000,30.86878120368536,-523.7553936798907,523.7553936798907,-492.8866124762054,32138.804925933422,165659.8096041594,0.16248245723199373,1291,1400,234733.3394988121,-0.9999978547643509,0.999997893747642,0.00021452356490928026,21110.90942899863,181.17236352138633,0
univ3-conc-c10,971,10000,174.99439046716492,-371.31398590218305,371.31398590218305,-196.31959543501813,181837.2938546865,2197.5551903033916,0.9880590268543857,7798,5445,378262.10880668793,-0.39512004325129846,0.47702949734900135,60.487995674870156,14113.71930284145,108.39538477256826,0
univ3-conc-c10,972,10000,58.807216951796754,-399.05728283679827,399.05728283679827,-340.2500658850015,83239.27029347027,2354.9193551436024,0.9724873923707771,4455,6082,444048.91834397195,-0.5080164957507389,0.7686305046367585,49.19835042492611,15352.018222310144,110.90080125537601,0
univ3-conc-c10,973,10000,156.70442306487823,-6925.528901595955,6925.528901595955,-6768.824478531077,166880.12800296705,66648.06545662585,0.7146037723785249,8527,6687,1766431.7109554838,-0.999997934662902,1.1110935027077466,0.00020653370979897712,21110.91118738401,153.51238374577542,0
univ3-conc-c10,974,10000,71.60412203765978,-1241.7840748881658,1241.7840748881658,-1170.179952850506,79948.77532761736,22998.028337242045,0.776602793690307,5336,6267,772102.9098817911,-0.7776333746363712,0.9999979547235499,22.236662536362882,18431.936763681784,117.57216251344016,0
univ3-conc-c10,975,10000,159.50790584557714,-2768.412133463724,2768.412133463724,-2608.9042276181467,73620.00176583082,45476.63056876389,0.6181535138541947,2815,5416,969468.635648139,1.1110931647549886,1.1110935634550716,211.10931647549887,0.0036523801663099764,64.16033880879931,0
univ3-conc-c10,976,10000,71.83289341612797,-87.3439259658632,87.3439259658632,-15.511032549735233,106941.10348688475,261.1046128538939,0.997564372810204,6381,1795,101073.09262983385,-0.13560341403381032,0.17269868907128752,86.43965859661897,11374.67293297189,102.75298993868925,0
univ3-conc-c10,977,10000,118.79007318270924,-3487.9353456083136,3487.9353456083136,-3369.145272425604,136711.6038770535,2460.856856344244,0.9823179324172595,6922,8582,1455705.833938486,0.4321326682020688,0.9999977279024652,143.21326682020688,5857.6529788162525,91.86459830000013,0
univ3-conc-c10,978,10000,36.93774386053512,-533.7108365202671,533.7108365202671,-496.77309265973196,9608.381022666359,106191.2846957117,0.0829741689067886,786,756,155836.66786573254,1.1110846392410678,1.1110935341112633,211.1084639241068,0.07244354623741633,23.8162423587413,0
univ3-conc-c10,979,10000,158.7588013572295,-2598.6814475190727,2598.6814475190727,-2439.922646161843,186124.12524959625,5629.819515178308,0.9706403979220118,8800,8357,1250627.2813769144,-0.9999976099271707,1.1110935332989071,0.00023900728292516882,21110.90729407292,126.11982565019574,0
univ3-conc-c10,980,10000,80.99254735664229,-2678.990802571668,2678.990802571668,-2597.998255215026,125249.62190584149,3345.0498540240287,0.9739876481020109,9582,8475,1303243.0904269654,-0.60621732787647,0.9997260909352285,39.378267212353,16453.330751068097,113.32141015727349,0
univ3-conc-c10,981,10000,92.56142387356208,-2914.730333937981,2914.730333937981,-2822.168910064419,63130.70563538273,118720.43242043201,0.347155955746652,2997,3105,787722.238406496,-0.9999979430861101,1.1110935505576376,0.00020569138898074332,21110.91073054111,133.91110719652707,0
univ3-conc-c10,982,10000,84.42101263581536,-815.5630465378365,815.5630465378365,-731.1420339020211,102509.50276977141,97014.90660247985,0.513769233009081,5409,4308,511507.5572087547,-0.9999979670798621,0.9999979670798621,0.00020329201379349056,21110.911245498697,137.53453606259666,0
univ3-conc-c10,983,10000,221.45986241732822,-727.409647109981,727.409647109981,-505.9497846926528,178110.4156745053,23995.003141471174,0.8812748154797403,7229,6103,528707.4796000214,1.0029706716981592,1.1110935293857234,200.29706716981593,884.4290463139554,82.94149992009324,0
univ3-conc-c10,984,10000,171.50108439268695,-561.5292599731079,561.5292599731079,-390.0281755804209,120916.86114202277,98516.98649328199,0.5510401537641745,4410,4057,395011.63789566595,-0.9999978954210889,0.9999979449452944,0.0002104578911185584,21110.910277067906,132.2300375431944,0
univ3-conc-c10,985,10000,150.25304517347232,-273.60262928425334,273.60262928425334,-123.34958411078102,204290.02590966533,2409.9611372172058,0.9883407775121409,10575,4640,301078.41960737284,-0.39474725523663756,0.5434299981340577,60.52527447633624,14109.67872342983,108.3868371185161,0
univ3-conc-c10,986,10000,173.27428880010382,-240.08244889268374,240.08244889268374,-66.80816009257993,194802.9287226709,791.4985852584442,0.9959533684259196,8773,3710,234484.82190544874,-0.2385739418089753,0.2953479139771132,76.14260581910247,12444.04018370777,105.05371503082581,0
univ3-conc-c10,987,10000,152.1567538012829,-1304.471715564119,1304.471715564119,-1152.314961762836,139679.3004376137,7400.622294235266,0.949682987611247,5385,7444,836365.9021562582,0.2790578509063941,1.1110933192230654,127.90578509063941,7285.170782249926,94.71457169401732,0
univ3-conc-c10,988,10000,217.2459589420346,-372.65122245705584,372.65122245705584,-155.40526351502123,253465.73509572953,2343.8967702487666,0.9908373396531184,11759,5214,363327.2126490489,0.24299441857275866,0.24625179638984918,124.29944185727587,7627.694143019912,95.34830776808288,0
univ3-conc-c10,989,10000,202.73368507132358,-593.0601477857234,593.0601477857234,-390.32646271439984,179554.40554090543,17471.16418289115,0.9113253969655646,7908,6120,489763.23655673617,0.6632625852109573,1.1110936122126587,166.32625852109572,3779.873884236379,87.92640818545736,0
univ3-conc-c10,990,10000,74.00657901150134,-3398.1258612315783,3398.1258612315783,-3324.119282220077,78673.95078003088,43404.17912799554,0.6444557337117122,4031,5798,1145409.644737274,1.1110933538533792,1.11109355943864,211.1093353853379,0.002183580870548818,63.800433732442364,0
univ3-conc-c10,991,10000,172.0189891732924,-2352.532680096615,2352.532680096615,-2180.5136909233224,144978.94403131044,135779.6490720371,0.5163829268012592,5487,4621,873441.5707101657,-0.9999979470462624,0.9999979470462624,0.00020529537375457707,21110.91102541916,131.43011031994297,0
univ3-conc-c10,992,10000,93.76962568719111,-2145.4759859721153,2145.4759859721153,-2051.7063602849244,69560.54893642932,181300.98788503793,0.2772866251948941,3102,2548,589459.7818945704,-0.27413803585483054,1.111093574714567,72.58619641451695,12818.639295035846,105.72201433928285,0
univ3-conc-c10,993,10000,45.320970890145766,-2453.501374572902,2453.501374572902,-2408.180403682756,34169.12185872425,75290.0519054504,0.3121631626083734,1317,2614,664626.1371113365,1.1110911047216072,1.111093172593768,211.10911047216072,0.020168442718829033,64.12596545006191,0
univ3-conc-c10,994,10000,219.2630355708142,-1123.821277595781,1123.821277595781,-904.558242024967,242793.83991821448,6048.120342473621,0.9756949336995353,10249,7510,782924.5671057557,-0.2369156535142207,0.9420560861038249,76.30843464857793,12426.640172236434,104.93080575184041,0
univ3-conc-c10,995,10000,399.6410063382901,-4791.248173519369,4791.248173519369,-4391.607167181079,144607.63526262724,151799.8018671301,0.4878677696582991,5354,4491,1136762.6016812224,1.1110929995099097,1.1110935977623302,211.10929995099096,0.005061152236351063,75.38367126263556,0
univ3-conc-c10,996,10000,139.25521481729686,-2357.919141225092,2357.919141225092,-2218.6639264077953,50776.958295080716,156626.8958460209,0.2448216717348752,1849,2261,553762.2471213136,0.7013821185885374,1.111093574453817,170.13821185885374,3445.812686670329,87.21507112732313,0
univ3-conc-c10,997,10000,84.23944181714491,-655.1533903498179,655.1533903498179,-570.913948532673,115783.13691557104,3265.0337111869626,0.9725738438986723,7242,6902,589396.9320571879,-0.33618682622415635,0.5321236233684862,66.38131737758437,13478.80521313987,107.08728473357351,0
univ3-conc-c10,998,10000,237.4865801458505,-445.3723776713724,445.3723776713724,-207.88579752552192,246282.87611514688,5811.864982799493,0.9769457111342859,9699,5587,408842.4715317436,0.19261340428631016,0.5269378980462883,119.26134042863102,8110.260436391262,96.25685765340556,0
univ3-conc-c10,999,10000,139.97820644027448,-414.0113651671993,414.0113651671993,-274.03315872692485,132180.7376261845,1274.3112788543021,0.9904513820248116,5306,5813,409283.4313848445,0.5358574253554201,0.7356378732880927,153.585742535542,4913.928461712407,90.08787327790438,0
univ3-conc-c20,0,10000,113.78973651359172,-372.1764317847826,372.1764317847826,-258.3866952711909,96501.64943605012,59632.03226681673,0.6180706711297528,4138,3961,420227.1880574014,1.0526310677072956,1.0526359578617204,205.26310677072956,0.044307911757339724,88.19719749066152,0
univ3-conc-c20,1,10000,3.466390179909409,-1622.2303494322641,1622.2303494322641,-1618.7639592523547,6117.309684592312,52177.53316860378,0.10493740758505059,363,852,429941.18567494967,1.0526354790392372,1.0526354790392372,205.26354790392372,0.004194340112940509,51.02014315808477,0
univ3-conc-c20,2,10000,38.63730824636619,-164.53269035822314,164.53269035822314,-125.89538211185695,123856.09465975102,982.7728810284997,0.9921276690474025,7590,4311,342876.166630584,0.784559444790853,0.8809936059887267,178.4559444790853,2450.5779282434837,92.60684722629529,0
univ3-conc-c20,3,10000,43.372991177709665,-3545.6812386214083,3545.6812386214083,-3502.3082474436987,63164.93521596135,18795.860987421012,0.7706725427510508,4664,6947,1849552.555338809,0.49362040329875273,1.0526358321181741,149.36204032987527,5182.701713640157,95.23520454777344,0
univ3-conc-c20,4,10000,49.07145827964332,-440.44966882119985,440.44966882119985,-391.37821054155654,101497.22061810369,787.0662462656824,0.9923051108787674,4391,6311,668683.9965341184,0.02034988074954285,0.6710360882854931,102.03498807495428,9796.708565511653,99.79690512669549,0
univ3-conc-c20,5,10000,37.39534294268137,-1310.4459473995491,1310.4459473995491,-1273.0506044568679,53285.57526549316,93058.32172775688,0.3641120426631177,3335,3286,747325.0231811812,1.0526355476165767,1.0526359523917284,205.26355476165767,0.0038164519759291693,89.6630303027163,0
univ3-conc-c20,6,10000,36.115465339096716,-5153.370721765975,5153.370721765975,-5117.255256426878,125624.54531864719,4075.4788300829123,0.9685776555800062,8910,8768,2518861.1750814235,-0.9999953653051448,1.0526357014849663,0.0004634694855268647,20526.30899976729,112.87745809577848,0
univ3-conc-c20,7,10000,82.80438584799742,-88.06649388406525,88.06649388406525,-5.262108036067829,156890.04654648303,84.19649037383603,0.9994636286262959,5835,1367,119480.36986895134,0.04506362433590823,0.11153695072871116,104.50636243359082,9550.37727555367,99.57023518258744,0
univ3-conc-c20,8,10000,216.40845604374348,-14805.514424239387,14805.514424239387,-14589.105968195643,191182.92628152794,88855.0441559898,0.6827035847418584,7004,6637,3530729.4185249913,-0.9999955222249304,1.0526359412986366,0.0004477775069629741,20526.31051400635,118.34002263650147,0
univ3-conc-c20,9,10000,59.13917994936595,-7762.124937520596,7762.124937520596,-7702.98575757123,75393.07757660374,129754.07895623613,0.3675072998856547,3366,3408,1846955.5856674695,-0.9999956327195335,1.0526358714654445,0.0004367280466576747,20526.311363796372,153.7840946317001,0
univ3-conc-c20,10,10000,63.30520133163391,-94.14332713988468,94.14332713988468,-30.838125808250766,154864.3228688301,371.5459683587722,0.997606571399111,7558,2362,175957.19708947244,-0.15004309543873476,0.2964323290587558,84.99569045612652,11511.77389220542,101.48687291166948,0
univ3-conc-c20,11,10000,87.03308082064424,-6158.066983625995,6158.066983625995,-6071.03390280535,56276.14775897461,90416.38979341924,0.38363333744141265,2476,3750,1763427.9277731571,0.4941340424157454,1.0526280214027803,149.41340424157454,5177.809673824476,95.23554058680836,0
univ3-conc-c20,12,10000,167.1748589155941,-235.83218384966693,235.83218384966693,-68.65732493407285,302221.56356636167,567.0509151136961,0.9981272383174487,11697,3899,341399.58456043876,-0.14280126796474832,0.3262035836152595,85.71987320352517,11438.28369231307,101.37104955938125,0
univ3-conc-c20,13,10000,143.06866061481094,-296.3134746725491,296.3134746725491,-153.24481405773815,284998.5289749282,2160.517221456153,0.9924762348598323,10569,4972,465570.210909256,-0.042609477768608454,0.4140020477257083,95.73905222313915,10427.00533001193,100.44654210855664,0
univ3-conc-c20,14,10000,17.42606753038395,-2321.5734352356158,2321.5734352356158,-2304.1473677052318,14900.937314435427,119591.95290680765,0.1107934946592577,788,1092,560695.7089186556,1.0526349995276774,1.0526358582005095,205.26349995276775,0.008551559728368907,62.80895993167865,0
univ3-conc-c20,15,10000,107.46490821870415,-943.8849930147161,943.8849930147161,-836.4200847960119,202497.09355157337,3241.72879974331,0.9842434754768461,7343,7372,1020670.4177583968,0.7547076184214546,0.9261778892579042,175.47076184214546,2727.3811409814057,92.84026173414608,0
univ3-conc-c20,16,10000,787.0201470305406,-8310.781823089499,8310.781823089499,-7523.761676058959,98418.22004946208,158322.08135043518,0.3833376353958797,3652,3625,1878949.3223917566,1.0526336284051354,1.0526359110743229,205.26336284051354,0.02117311027992519,33.40793782367383,0
univ3-conc-c20,17,10000,50.46705636799051,-3533.926418162309,3533.926418162309,-3483.4593617943183,49782.97709452774,72001.79048367133,0.40877835614837177,3728,3723,1283064.007295985,-0.99999574490227,1.052635920500821,0.00042550977301194365,20526.31264323694,139.045628647001,0
univ3-conc-c20,18,10000,137.28217582130335,-421.06643154762213,421.06643154762213,-283.78425572631875,273727.1623817664,1027.197219222566,0.9962613979238972,10356,5990,615265.3475985365,0.6546124838665378,0.6929747536486537,165.46124838665378,3661.359900287704,93.76140412178559,0
univ3-conc-c20,19,10000,112.78377971505166,-414.17823052281153,414.17823052281153,-301.3944508077599,17245.51201833094,118456.97259695016,0.12708324440206284,1476,1166,228878.5188252509,-0.9999945333724145,0.9999957814094664,0.0005466627585579004,20526.298950545744,112.35294496405139,0
univ3-conc-c20,20,10000,47.92960205540274,-1549.868476697819,1549.868476697819,-1501.9388746424163,68491.39676753515,117945.38693962352,0.36737061971159324,3092,3225,819446.3639999845,0.4030552261636262,1.0526359449191667,140.30552261636262,6049.076333691618,96.08783510341532,0
univ3-conc-c20,21,10000,35.143378429065535,-3135.3046874751267,3135.3046874751267,-3100.161309046061,33643.889943411166,207914.71046146448,0.13927837753249417,1298,1314,728059.3801947371,1.0526344393031428,1.0526358199891388,205.26344393031428,0.013643238994360707,66.664639588171,0
univ3-conc-c20,22,10000,530.3067896242994,-5928.834116559003,5928.834116559003,-5398.5273269347035,35756.82776697231,115204.7664133076,0.23686042772091512,1621,1988,1189408.2680371166,1.05263593810968,1.05263593810968,205.263593810968,0.0001593503198191737,57.98358028671422,0
univ3-conc-c20,23,10000,108.15206789176518,-1808.4282778677461,1808.4282778677461,-1700.276209975981,17397.831901813883,184802.46422731274,0.08604256390753996,653,719,388547.61959255463,-0.9999956602644814,0.9999957942805736,0.00043397355185987045,20526.311366946353,163.8063401131231,0
univ3-conc-c20,24,10000,0.72152480896817,-422.44013147939984,422.44013147939984,-421.71860667043165,3024.0944087921293,206758.3174207833,0.01441538583915636,192,159,96490.11539780932,-0.9999957331026923,0.9999957331026923,0.000426689730777155,20526.3121176838,179.83882562108087,0
univ3-conc-c20,25,10000,86.40418272956063,-6093.38072592583,6093.38072592583,-6006.97654319627,100692.29144149677,82393.4685247034,0.5499733647230991,5011,5111,1994654.0189373016,0.9534972254663401,1.0526359363924525,195.349722546634,898.9534945953966,91.09577641654727,0
univ3-conc-c20,26,10000,46.194514946951294,-999.009239742593,999.009239742593,-952.8147247956417,7779.848489812128,169080.25589411712,0.0439887136610729,444,419,217503.10902371156,1.0526274858264406,1.0526359257784654,205.26274858264406,0.0763168784323972,48.704627688688795,0
univ3-conc-c20,27,10000,39.37059972478088,-12347.612974993412,12347.612974993412,-12308.24237526863,54967.045280119564,42771.86395193833,0.562386522542556,2819,5277,2894307.0146561195,1.052634581140311,1.052635924320032,205.2634581140311,0.012606236423103212,84.40924722637783,0
univ3-conc-c20,28,10000,2.9069375097430097,-706.7075375524624,706.7075375524624,-703.8006000427195,5311.277986835981,100829.43482678857,0.050039969075412215,284,532,226152.09569505736,-0.9999957499818092,0.9999957499818092,0.0004250018190800552,20526.31233013851,205.51212060341794,0
univ3-conc-c20,29,10000,120.16383948616235,-461.89516979472296,461.89516979472296,-341.7313303085606,99435.10548024312,78939.44945456115,0.5574511763552069,4436,3914,479718.10162870004,1.0526278014226471,1.0526359272062578,205.26278014226472,0.07379620003663945,86.58439095986556,0
univ3-conc-c20,30,10000,39.44750136044108,-4122.1822097872355,4122.1822097872355,-4082.7347084267944,49368.7384543368,82437.30865904724,0.37455594440115586,2693,3390,1344617.4058841902,1.0526350909400426,1.052635811402701,205.26350909400426,0.007915844560786645,52.14392420479111,0
univ3-conc-c20,31,10000,135.70019730078053,-3517.5911029857803,3517.5911029857803,-3381.890905685,149392.47322902267,79612.19469130565,0.6523555811578344,6632,5605,1606906.6326745283,-0.9889889582238992,1.052635917117516,1.1011041776100874,20404.42370800053,110.67588266666739,0
univ3-conc-c20,32,10000,21.224240357065938,-642.0797615333839,642.0797615333839,-620.855521176318,6837.495417600858,119015.55619691031,0.05432919845713521,439,530,206687.6088421512,-0.9999957276528596,0.9999958049749967,0.0004272347140445396,20526.312092073254,150.5462407016785,0
univ3-conc-c20,33,10000,4.055041031217451,-204.72969298350597,204.72969298350597,-200.6746519522885,6793.7503413313625,110446.83077083994,0.05794708860092873,422,495,117699.05858939195,1.0526355102786502,1.052635745252485,205.26355102786502,0.003899828619843504,65.08150843612081,0
univ3-conc-c20,34,10000,117.39892532369055,-1504.6805717859474,1504.6805717859474,-1387.281646462257,137129.1227876139,40053.44261900439,0.7739425291247742,6847,6327,1138154.1545490848,-0.11321289325241408,1.0526359369185323,88.67871067475859,11138.575157896066,101.14182694135982,0
univ3-conc-c20,35,10000,23.713215161605188,-4501.934997720494,4501.934997720494,-4478.221782558889,36932.92837875857,122927.61225583791,0.23103217487033612,2705,2208,1134392.4567493778,1.0526301738591386,1.0526358642518991,205.26301738591386,0.052240028817976736,48.53289564999783,0
univ3-conc-c20,36,10000,73.32246021225887,-630.6224164105816,630.6224164105816,-557.2999561983228,213010.09359396607,2601.378312007107,0.987934879860467,11657,6949,834547.208470724,0.6759846335671474,0.9544808456182895,167.59846335671475,3461.17906860608,93.57010798548743,0
univ3-conc-c20,37,10000,31.997215771909378,-7518.46785592741,7518.46785592741,-7486.4706401555,77178.4730182493,27261.695093952167,0.7389730829936566,4386,6900,2636909.2858653874,-0.9999956232403533,1.0526354722314546,0.00043767596467109496,20526.31150533169,120.57881934574904,0
univ3-conc-c20,38,10000,128.27704755964183,-1332.2376978060724,1332.2376978060724,-1203.9606502464305,28132.135816989845,60614.905333150666,0.31699238027999654,1334,2675,662336.3456354104,1.0526353465098208,1.0526359217322625,205.26353465098208,0.005513721499097457,71.98237568592819,0
univ3-conc-c20,39,10000,48.40721251217863,-2817.879488409015,2817.879488409015,-2769.472275896836,62735.469581963895,100397.88945354497,0.38456554780011865,3468,3526,1152574.0473915038,1.0526355041934627,1.0526359383869903,205.26355041934627,0.004231377217943866,63.832420655588194,0
univ3-conc-c20,40,10000,65.85497718565475,-307.23828871539433,307.23828871539433,-241.3833115297396,133037.37141657676,1986.7235487768346,0.9852861554133236,5740,5554,518652.3939301905,-0.3714620484368853,0.5555840833129931,62.85379515631147,13784.924354194765,103.824823994845,0
univ3-conc-c20,41,10000,17.183738880059504,-1435.8062507747616,1435.8062507747616,-1418.622511894702,37842.90056501399,190939.56528596318,0.16540996891634105,1761,1456,539562.4561684993,-0.9999957966259345,0.9999957966259345,0.00042033740655231656,20526.312979489387,123.15711283826744,0
univ3-conc-c20,42,10000,45.60032315370454,-448.1143179314001,448.1143179314001,-402.51399477769553,46392.42778544794,99261.0599503069,0.31851230277172127,1879,2382,389129.64110435545,-0.9999956202014766,0.9999957687338853,0.00043797985233921935,20526.311073026915,131.86361333046014,0
univ3-conc-c20,43,10000,226.0802809355587,-4161.562896827302,4161.562896827302,-3935.4826158917435,165351.83682476907,102900.72262588759,0.6164035756579034,5817,5485,1720999.927751496,-0.4486640901431445,1.052635959972079,55.13359098568555,14589.60922473685,104.65399671555824,0
univ3-conc-c20,44,10000,54.26420218147965,-6439.556865631883,6439.556865631883,-6385.292663450403,63326.837548609,46262.74335025717,0.5778545462916739,2446,5258,2102566.452409377,-0.9999956926036588,1.052635936341476,0.0004307396341053856,20526.312067633953,202.93007228776162,0
univ3-conc-c20,45,10000,75.81217264621283,-172.87947895902505,172.87947895902505,-97.06730631281222,206093.64033679018,761.132829213344,0.9963204483147096,11026,4061,332171.10788398393,-0.2138465416453839,0.6299224405987439,78.61534583546161,12161.5803024538,102.2127090536692,0
univ3-conc-c20,46,10000,168.14273661168085,-1342.193291150821,1342.193291150821,-1174.0505545391402,290813.31345517683,5462.304215140455,0.9815634365794532,11023,7659,1221219.2244367835,-0.2715657860986458,1.0526359267174155,72.84342139013542,12753.043352294852,102.77217781739873,0
univ3-conc-c20,47,10000,101.14359106903714,-672.1414606686453,672.1414606686453,-570.9978695996082,141939.25248236052,95380.62641986454,0.5980925539779117,5106,4624,659916.6994875149,1.052635980742684,1.052635980742684,205.2635980742684,0.00003822124269525773,79.6674381363814,0
univ3-conc-c20,48,10000,141.08286457602506,-809.0712193691518,809.0712193691518,-667.9883547931267,23052.145285313738,119159.17591429109,0.16209782098120185,1082,1421,353960.93665118195,1.0526346991868132,1.0526358247037484,205.26346991868132,0.011290124338793062,70.09697829734397,0
univ3-conc-c20,49,10000,44.112465166406665,-1497.0330547409555,1497.0330547409555,-1452.9205895745488,127201.429168496,39678.42960385013,0.7622335619424356,8393,6443,1189182.537321743,-0.9999956480777281,0.9999957415255399,0.0004351922271880887,20526.311967289977,126.28308410483056,0
univ3-conc-c20,50,10000,75.02546320007617,-13583.670378221153,13583.670378221153,-13508.644915021077,84828.65441002666,38485.01107567102,0.6879096009019808,3076,6650,3433664.902432638,0.26945763862118055,1.0526359610146931,126.94576386211806,7341.247963954029,97.35866611043825,0
univ3-conc-c20,51,10000,58.18505765764068,-1621.7247834272903,1621.7247834272903,-1563.5397257696495,45562.00239175709,101057.09328661843,0.31075080760082,1862,2809,781273.705952057,-0.9999957448273702,0.9999957496088443,0.00042551726297557587,20526.312485107595,117.11257224741712,0
univ3-conc-c20,52,10000,65.89199626954749,-3962.729644243953,3962.729644243953,-3896.837647974405,54376.530604827305,85934.67471496685,0.38754232408519,2345,3530,1360378.429276877,-0.9999953436248604,1.0526354752950748,0.0004656375139548514,20526.308110457,125.65909739566708,0
univ3-conc-c20,53,10000,8.092186025224605,-793.2286721468492,793.2286721468492,-785.1364861216247,9372.644646078097,126489.49404744124,0.06898643533958423,494,686,265693.0158022117,1.052628568477298,1.0526349848292573,205.2628568477298,0.06656051633580518,41.85639581894704,0
univ3-conc-c20,54,10000,12.813018000506197,-1862.2731224862528,1862.2731224862528,-1849.4601044857466,20613.87910988811,55948.957499710144,0.26924131893127723,1577,2532,778001.1118981248,1.0526358393533255,1.0526358989929399,205.26358393533255,0.0010704689423826075,50.51369382026857,0
univ3-conc-c20,55,10000,103.65939042384174,-622.4894092386379,622.4894092386379,-518.8300188147962,23240.36224445218,225896.63998540334,0.09328346265887257,1010,829,242836.53928140856,1.0526334293804667,1.0526350288418116,205.26334293804666,0.022720169745873042,60.546112460192404,0
univ3-conc-c20,56,10000,70.70825269342735,-9670.839081236956,9670.839081236956,-9600.130828543528,51308.05407666666,55330.679407664305,0.4811390045644685,2476,4508,2383278.037033806,-0.9999956559245343,1.0526359129087026,0.00043440754656859024,20526.311632170735,146.04832612510074,0
univ3-conc-c20,57,10000,89.91399997170782,-3927.4001359005315,3927.4001359005315,-3837.486135928824,46487.38171292229,114540.56488128404,0.2886913898869457,2563,2701,1164705.533838319,1.0526292941084692,1.0526359100684715,205.2629294108469,0.06019653309392192,77.67038526056504,0
univ3-conc-c20,58,10000,43.764286168426366,-1512.5901435073517,1512.5901435073517,-1468.8258573389253,47552.53303875497,167846.9276261057,0.22076440160053049,1758,1993,620519.1389291222,1.0526344404683599,1.052635747276578,205.26344404683599,0.013681955215496089,72.28276224227757,0
univ3-conc-c20,59,10000,82.75007273674463,-144.61319253125214,144.61319253125214,-61.86311979450751,158600.06867221885,275.6341814510385,0.9982650954393893,5921,3251,256483.14227976208,0.23344668470093424,0.2873875885285648,123.34466847009342,7692.469968708356,97.70721160064947,0
univ3-conc-c20,60,10000,24.42366424710503,-11770.015380927181,11770.015380927181,-11745.591716680077,82143.30309260216,77761.22325100073,0.5137021757351171,5926,5153,2837406.91855582,0.7876097588916405,1.0526355974735322,178.76097588916406,2422.33843446628,92.56558696223887,0
univ3-conc-c20,61,10000,36.58601337596038,-2770.914695441933,2770.914695441933,-2734.3286820659728,104574.00459136009,7004.0304672322745,0.9372275155808732,5944,8041,1781364.9930488835,-0.38136697819983917,1.0191242597386543,61.863302180016085,13887.810442434371,103.92595555353815,0
univ3-conc-c20,62,10000,22.55133739269048,-458.82717837886406,458.82717837886406,-436.2758409861736,36821.630916378504,73617.937968274,0.33340976688198126,2302,2630,422590.71857349714,-0.9999956189634136,0.9999957876064258,0.0004381036586413486,20526.311099553313,137.42372466016568,0
univ3-conc-c20,63,10000,150.75582748059736,-1098.718633036744,1098.718633036744,-947.9628055561466,260441.01674976177,16105.277362361685,0.9417628161893505,10821,7230,1083662.70308116,0.09997077913691456,0.9999956921243357,109.99707791369146,9005.265708547788,98.96920325179053,0
univ3-conc-c20,64,10000,177.68614171225846,-7026.625891872241,7026.625891872241,-6848.939750159982,74724.87123943762,139738.83607162788,0.348426650720227,3034,3145,1660602.4425116808,1.0526330215464008,1.0526358695587683,205.2633021546401,0.026595236302412673,74.15403615226887,0
univ3-conc-c20,65,10000,15.98252501852446,-98.70218905907734,98.70218905907734,-82.71966404055289,53380.749753822165,332.6134271321734,0.9938076223972118,4300,3345,238572.98155952813,-0.2678736080719325,0.38660640788968026,73.21263919280675,12715.104556200158,102.73393851923394,0
univ3-conc-c20,66,10000,86.09698263815528,-506.86098196674413,506.86098196674413,-420.76399932858885,102264.31598691375,10308.741860272346,0.9084262073233713,3724,5908,652129.797855158,0.5152311550231423,1.0526358602007868,151.52311550231423,4977.096891510742,94.85584061218105,0
univ3-conc-c20,67,10000,9.89881021329698,-3813.9678774453014,3813.9678774453014,-3804.0690672320043,22435.99285734947,85978.80422828492,0.20694585481378328,1281,2003,997887.8044891909,1.0526346149699197,1.0526359273797845,205.26346149699197,0.01208656299496269,72.42108641022617,0
univ3-conc-c20,68,10000,23.539532609211395,-3668.5111609287437,3668.5111609287437,-3644.971628319532,27754.906827020637,113794.71663233568,0.19607898734531082,2253,1803,907413.5605864888,1.0526354519774273,1.0526359202075548,205.26354519774273,0.0045645014615303126,58.40932061697143,0
univ3-conc-c20,69,10000,110.5484652053326,-4068.344562022514,4068.344562022514,-3957.796096817181,59129.858850625824,69196.77204131093,0.4607762117624579,2454,4013,1490243.2272141455,-0.9999956463036108,0.9999956945358177,0.0004353696389195771,20526.311493075285,134.91793217780622,0
univ3-conc-c20,70,10000,81.33021523363324,-267.15062611410787,267.15062611410787,-185.82041088047464,151156.7878000723,1070.203028380442,0.9929696893924254,8046,5066,442896.55739211745,0.5313797812827218,0.7182791583822375,153.13797812827218,4823.741580267904,94.92072900346442,0
univ3-conc-c20,71,10000,30.561777702418517,-896.3535048917747,896.3535048917747,-865.7917271893562,26121.63140188117,102582.45575464645,0.20295883354591926,1612,1705,428837.70847964793,1.0526354163325524,1.0526359432437757,205.26354163325524,0.004854759618368121,68.45710391780875,0
univ3-conc-c20,72,10000,25.931634576282494,-908.7898386714427,908.7898386714427,-882.8582040951602,56460.51075797361,29111.318515424682,0.6598025452697139,4468,5161,820949.7285612412,0.373105186344643,1.0526359106286387,137.3105186344643,6337.282911891474,96.37060832147118,0
univ3-conc-c20,73,10000,16.42618565109187,-3042.7321702208123,3042.7321702208123,-3026.3059845697203,30263.18488703598,29179.93292518086,0.5091116684464395,2214,4447,1350762.1872142577,-0.0674647658242914,1.0526358306185701,93.25352341757086,10676.93162077706,100.67828776070691,0
univ3-conc-c20,74,10000,100.22135966566373,-301.3807014375731,301.3807014375731,-201.1593417719094,219355.0859108914,2273.3462890712544,0.9897425331826553,9209,5355,495470.86336166377,0.422307616586684,0.9655305972270876,142.2307616586684,5864.259144080992,95.90659946873016,0
univ3-conc-c20,75,10000,6.405012600319273,-1610.3614288451695,1610.3614288451695,-1603.9564162448503,12800.822172450391,136514.9512719084,0.08572987218406973,968,792,399766.9757075781,0.9399889591330671,1.0526353976188525,193.9988959133067,1022.1000306710573,91.22287163918266,0
univ3-conc-c20,76,10000,34.225008272613636,-3464.1414095985565,3464.1414095985565,-3429.916401325943,57024.72770162785,26275.917572806775,0.6845652577331116,3023,5888,1688596.4931688688,-0.999995519486353,0.9999957725151386,0.000448051364700618,20526.31022447277,125.84233488930936,0
univ3-conc-c20,77,10000,43.77559299669159,-1029.6422917227426,1029.6422917227426,-985.866698726051,94007.3479277128,1185.5026817039932,0.987546305482875,4286,7497,1088719.8978366293,0.4502471371555242,0.7548181333543039,145.02471371555242,5596.666404263774,95.62363522688833,0
univ3-conc-c20,78,10000,82.12932675659572,-7626.830606677751,7626.830606677751,-7544.701279921155,103084.97523768128,32247.929164577698,0.761714053895385,7362,7151,2672682.9609696916,1.0526337360885172,1.0526359602452715,205.2633736088517,0.02052692508107301,84.69556416044391,0
univ3-conc-c20,79,10000,38.086534151148754,-50.42806735803738,50.42806735803738,-12.341533206888627,142535.13714216315,246.13323881576542,0.9982761517798587,11383,1460,103226.81053512402,-0.1937963025325891,0.23291927812392146,80.62036974674109,11956.927427247494,102.00281131785363,0
univ3-conc-c20,80,10000,11.530023736861933,-2970.406945022954,2970.406945022954,-2958.876921286092,22038.81465703718,69762.27347172752,0.24007138810952286,1310,2297,951333.570372004,-0.9999956586677281,1.0526358602516603,0.0004341332271831158,20526.311471083143,113.19352804042104,0
univ3-conc-c20,81,10000,13.988585795683553,-3801.255102077663,3801.255102077663,-3787.2665162819794,37333.74155470492,45732.70927937512,0.44944428442328294,2615,4328,1486689.3564762054,1.0526359215523484,1.0526359215523484,205.26359215523485,0.0004547607971348705,74.05978472305385,0
univ3-conc-c20,82,10000,26.661468608822116,-2173.081817832487,2173.081817832487,-2146.420349223665,41645.492666182225,124797.65276356236,0.25020851750101497,1705,2154,794053.0039400458,-0.9999956907922116,1.0526355992896912,0.00043092077883462424,20526.311840436014,143.70313277411483,0
univ3-conc-c20,83,10000,54.030552934051016,-3488.9887691423774,3488.9887691423774,-3434.958216208326,96069.88938910834,17407.496648092892,0.8465994216470036,4804,7551,1914889.5065501102,0.9434130270884631,1.052635864802382,194.3413027088463,990.8702651326836,91.19295798900148,0
univ3-conc-c20,84,10000,28.895507499984095,-1319.2394812462392,1319.2394812462392,-1290.343973746255,42230.990986437406,179480.04791650313,0.19047761985782344,1852,1608,535202.5081704936,-0.9999957679633275,0.9999958059554882,0.00042320366725150804,20526.312679845123,140.58364303972618,0
univ3-conc-c20,85,10000,65.93336280524562,-4252.999171898911,4252.999171898911,-4187.065809093666,123123.98485618012,17100.03065674561,0.878052054106457,6566,7911,2177123.892031638,0.1905154893315374,1.0526355381480375,119.05154893315374,8112.824047862993,98.12149974691745,0
univ3-conc-c20,86,10000,61.16538969112234,-117.30653462057165,117.30653462057165,-56.14114492944931,155613.256660532,139.6686496422324,0.999103267888137,8681,3017,229315.3951305505,0.064537427281995,0.23144805023292492,106.4537427281995,9356.702290814503,99.3576510960261,0
univ3-conc-c20,87,10000,111.31718761106626,-5962.735482758166,5962.735482758166,-5851.418295147099,103637.0370469229,194235.8218254877,0.3479237330961874,3825,3285,1566161.838695939,1.052626152285991,1.052635936061408,205.2626152285991,0.08863789569354374,60.98923060627165,0
univ3-conc-c20,88,10000,63.404400735786005,-2801.027846425439,2801.027846425439,-2737.6234456896527,51603.299440075025,137363.8605094574,0.27308078003530745,1996,2558,969105.889399442,-0.9999957595563703,1.0526359503481288,0.0004240443629701048,20526.31264698185,144.27266168576583,0
univ3-conc-c20,89,10000,8.014107581487107,-282.4573508523873,282.4573508523873,-274.4432432709002,16086.6547583288,67417.4484737041,0.19264508132766603,1210,1614,254035.99718016907,1.0526325552394784,1.0526357874844936,205.26325552394783,0.030651629714825934,82.74322143651109,0
univ3-conc-c20,90,10000,348.1765028186449,-516.067823939364,516.067823939364,-167.89132112071906,204222.3696851574,113710.58712185836,0.6423441336065066,7232,3939,390193.55315272,1.0526296353514837,1.0526359591695253,205.26296353514837,0.057371179749530654,89.13127481907044,0
univ3-conc-c20,91,10000,11.737995017385835,-3744.751370886705,3744.751370886705,-3733.013375869319,23734.950057743124,47325.75433987358,0.33400949595060825,1682,3252,1273596.503218237,1.025631524948902,1.0526359340186289,202.5631524948902,244.0260667429007,90.47500892590769,0
univ3-conc-c20,92,10000,52.5061811021379,-6428.711233058407,6428.711233058407,-6376.205051956269,58758.50988522805,68312.66841934418,0.46240627236801046,4247,4174,1863892.5203439095,1.05263117800906,1.052635940517907,205.263117800906,0.043339024784052854,46.34894965051198,0
univ3-conc-c20,93,10000,135.7348861119923,-964.1127877428464,964.1127877428464,-828.3779016308541,261230.2569167262,21935.93008660562,0.9225333705314628,10156,7067,1019021.553985798,-0.8213774065411497,0.9999957342701207,17.862259345885043,18565.58138376403,108.74972911151411,0
univ3-conc-c20,94,10000,60.93678571408226,-1540.196574363646,1540.196574363646,-1479.2597886495637,148027.39753280033,9474.159757534117,0.9398471994783537,8359,7673,1318541.1047392727,1.0526322455644774,1.0526360004004098,205.26322455644774,0.03403237560966943,86.87945885007937,0
univ3-conc-c20,95,10000,129.81093833144826,-2115.5594875702154,2115.5594875702154,-1985.7485492387673,139719.9801852934,110526.22376818782,0.558330068460364,5260,4879,1171362.9564631255,1.0526294716910223,1.0526358650693595,205.26294716910223,0.05881326996809763,82.82845130071455,0
univ3-conc-c20,96,10000,24.68278792917825,-4238.235806841432,4238.235806841432,-4213.553018912254,34561.37328673163,91268.38993796488,0.27466771295607345,2004,2659,1207963.355539471,-0.18668922692969148,1.0526357986711539,81.33107730703085,11884.484534315798,101.89845176990846,0
univ3-conc-c20,97,10000,21.40679568548885,-217.64504170353723,217.64504170353723,-196.2382460180484,34829.983058657606,62355.22931256637,0.358387682743497,1599,2372,279904.5352724254,1.0526289838852665,1.0526358416007482,205.26289838852665,0.06293131522932072,76.02099851722808,0
univ3-conc-c20,98,10000,104.13456613713025,-2549.8409818849204,2549.8409818849204,-2445.7064157477903,141944.33378579997,48725.679563521924,0.744450222100458,6963,6460,1516835.338961665,-0.9999956739042867,0.9999957806818561,0.00043260957133497155,20526.312181359597,115.97815055388776,0
univ3-conc-c20,99,10000,17.80757418804314,-2049.545354645789,2049.545354645789,-2031.7377804577457,23475.25626033682,106875.38557257042,0.18009313901521926,924,1780,702928.232085736,1.0526286464675116,1.0526357142046665,205.26286464675115,0.0659229312880843,56.70140573344945,0
univ3-conc-c20,100,10000,207.7549974273682,-2027.665550763039,2027.665550763039,-1819.9105533356708,135430.98296124348,138546.31517481248,0.49431461614746286,5582,4377,1054245.9472788747,-0.39063140664330015,1.052635903577625,60.936859335669986,13984.137150076544,104.02738870828291,0
univ3-conc-c20,101,10000,388.1613534035797,-648.6454208901437,648.6454208901437,-260.48406748656396,132116.3877500257,83399.29023993484,0.6130244861173401,5160,3897,424664.5248499378,1.0523513431047635,1.0526359798688063,205.23513431047635,2.568880859771654,90.23761949204535,0
univ3-conc-c20,102,10000,79.23647591228485,-1928.1958496790376,1928.1958496790376,-1848.9593737667528,44364.81818627531,176559.59521302552,0.2008144663762892,1899,1906,684114.7044551298,1.0526349690334313,1.0526359519843569,205.26349690334314,0.008911242790812679,62.261355572996756,0
univ3-conc-c20,103,10000,6.736555407934773,-2178.552838611592,2178.552838611592,-2171.8162832036573,21779.465178457936,116956.3399416794,0.15698517884116617,1455,1471,662120.2130094592,1.0526354101283957,1.0526354101283957,205.26354101283957,0.004894115123985188,48.18442667012048,0
univ3-conc-c20,104,10000,59.103887260967724,-597.4965333538912,597.4965333538912,-538.3926460929235,62790.67624985178,29641.499503047078,0.6793162201191888,3763,4881,635212.6699246918,0.4570651347513325,1.0526358908940472,145.70651347513325,5531.477392054684,95.58534366048933,0
univ3-conc-c20,105,10000,80.48879178641657,-3928.9430904638357,3928.9430904638357,-3848.454298677419,60034.560395921115,186213.12971899126,0.2437974560001183,2368,2221,1057789.5248217073,-0.9999957562270668,1.0526358625012793,0.00042437729331364283,20526.31260672198,126.3446173667896,0
univ3-conc-c20,106,10000,127.4568764337167,-2199.307873158434,2199.307873158434,-2071.8509967247173,58395.56067164976,143166.8903649381,0.2897144799109916,3022,2533,840799.8486639129,-0.9999956392383592,1.0526359284287734,0.0004360761640750965,20526.311364218607,123.2856935857355,0
univ3-conc-c20,107,10000,139.29539636583942,-780.5680734880317,780.5680734880317,-641.2726771221922,94616.69293762592,13853.448259569263,0.8722833020528281,3780,6173,813383.5426032533,-0.9999940277919335,0.9999956871466524,0.0005972208066538367,20526.293734026473,112.59229413037767,0
univ3-conc-c20,108,10000,50.26262449791322,-1365.9413824661706,1365.9413824661706,-1315.6787579682573,142050.3468192734,2747.712392221028,0.9810238313470233,8587,7862,1273739.3296508142,0.10293526538725928,0.8661814475555122,110.29352653872593,8975.919269301505,98.97826851090687,0
univ3-conc-c20,109,10000,24.64911309452117,-1200.1008652078401,1200.1008652078401,-1175.451752113319,45862.48911642114,124708.40631629,0.26887640473525876,2867,2401,627263.7171233572,1.0526345436711388,1.052635696353692,205.2634543671139,0.012817835939141098,78.35886006302351,0
univ3-conc-c20,110,10000,60.132775532465125,-6811.216169714504,6811.216169714504,-6751.083394182038,42748.28361748443,54832.059098289355,0.4380829419916989,2481,4218,1938208.486467059,0.3007068143060698,1.0526358801482534,130.07068143060698,7037.478214691562,97.06464735191683,0
univ3-conc-c20,111,10000,206.43234664608823,-670.7987635846196,670.7987635846196,-464.3664169385313,282961.02216929884,39762.984990322606,0.8767895040090539,10393,6084,739315.0659309871,1.0526355346844796,1.0526359699156216,205.26355346844795,0.004365148985840506,85.90060301799143,0
univ3-conc-c20,112,10000,10.139605403320056,-2741.0064103428167,2741.0064103428167,-2730.8668049394964,23159.63407504419,141331.12416460578,0.14079595913408363,1707,1387,703578.9782540655,-0.9999957190858563,1.0526359188111984,0.0004280914143803202,20526.312111854742,231.81134331243595,0
univ3-conc-c20,113,10000,462.47383643504753,-2444.884046044798,2444.884046044798,-1982.4102096097506,129182.22355890425,185720.14950160575,0.41022943810614365,4650,3452,952620.9298624754,-0.9999955399425899,1.0526359171735944,0.00044600574100614595,20526.310408245005,116.02591753715777,0
univ3-conc-c20,114,10000,96.10602848247954,-442.3806067631258,442.3806067631258,-346.27457828064627,185035.11279028864,734.146313440586,0.9960480742778295,7735,6225,652615.0258062338,0.5416311746487824,0.5594002785887824,154.16311746487824,4726.514357517372,94.79567510274329,0
univ3-conc-c20,115,10000,28.22881548212047,-1568.4568545568043,1568.4568545568043,-1540.2280390746837,53934.18165328597,79314.55963970361,0.4047631604616405,3090,3503,877047.4647728897,-0.9999957539184088,0.9999957676532821,0.0004246081591199564,20526.312687940735,151.57175636232085,0
univ3-conc-c20,116,10000,308.93187008980357,-7805.48104632939,7805.48104632939,-7496.549176239586,146462.82433488453,167607.1451033261,0.46633820035983825,5175,4281,2028658.7737957572,1.0526284136891642,1.05263590186299,205.2628413689164,0.06833706252486138,88.85658903404455,0
univ3-conc-c20,117,10000,22.422195929313197,-2864.8104183264263,2864.8104183264263,-2842.388222397113,30003.940897698147,186151.53806841795,0.13880721895743145,1417,1313,712751.4243149023,-0.9999956858978445,0.9999957381216588,0.00043141021555592675,20526.311727746408,223.81651361137108,0
univ3-conc-c20,118,10000,131.3903816737868,-153.0861747698551,153.0861747698551,-21.695793096068286,227491.627535968,344.5103938877787,0.9984879027663563,8175,2344,206801.28044584705,0.3031541399767127,0.4061141284039169,130.31541399767127,7013.727710105093,97.05795474736756,0
univ3-conc-c20,119,10000,10.952123195626761,-616.275486802451,616.275486802451,-605.3233636068243,13557.584776866055,167394.43580014305,0.07492364403356443,888,703,242515.28165642108,-0.9999957454293487,0.9999957454293487,0.00042545706512835135,20526.31232042825,228.41773225218557,0
univ3-conc-c20,120,10000,23.19970910253501,-2964.012975397339,2964.012975397339,-2940.8132662948037,55408.224901966205,14958.034527322607,0.7874260384360211,3717,6849,1697436.4891425087,-0.7895717256735917,0.9999957817531415,21.04282743264083,18220.26788202387,108.22252911637716,0
univ3-conc-c20,121,10000,79.83599708497991,-9276.356914715214,9276.356914715214,-9196.520917630234,72556.84511673849,94162.77005136153,0.4352028106805602,5050,4185,2208463.5028513838,1.0526355167915133,1.0526359571362804,205.26355167915133,0.004218570193131654,81.2835534671967,0
univ3-conc-c20,122,10000,10.478767156745164,-1537.1002057837932,1537.1002057837932,-1526.621438627048,16271.808458565562,127838.5414487988,0.11291214315297443,775,1019,461625.14437104797,-0.9999956510796543,0.999995785721991,0.0004348920345828303,20526.311288044537,162.68022996178323,0
univ3-conc-c20,123,10000,5.736244262030076,-441.07069245523934,441.07069245523934,-435.33444819320925,6786.595828909222,164289.2648579647,0.03967009607118659,339,396,151271.02034981162,-0.9999956997814289,0.999995712828505,0.0004300218571166266,20526.311770083168,201.07660064900926,0
univ3-conc-c20,124,10000,26.22110958903607,-2645.2266371886153,2645.2266371886153,-2619.005527599579,28132.71177437066,208409.74287404,0.11893303388681851,1153,1167,621363.0850914381,-0.3642629346574632,1.0526358715725523,63.57370653425368,13710.209370102695,103.73932183511346,0
univ3-conc-c20,125,10000,19.548568131602966,-6006.966008183429,6006.966008183429,-5987.417440051826,18038.30609744396,48581.158391360754,0.27076630284945125,1180,2526,1371581.8271526254,-0.9999957890113845,1.0526358596757905,0.0004210988615487805,20526.312923599544,133.76052009310555,0
univ3-conc-c20,126,10000,52.50239903879837,-284.19897907302834,284.19897907302834,-231.69658003422995,152455.9874228153,7879.158911432484,0.9508581924077523,10240,5345,486514.5565881725,0.7838436406500326,1.052635968889019,178.38436406500327,2457.2061319155973,92.61125780319949,0
univ3-conc-c20,127,10000,71.65666801900902,-3013.7434863147228,3013.7434863147228,-2942.086818295714,28728.27931201689,125589.80402888436,0.18616275351576117,1426,1776,829567.2792038523,1.0526342150567536,1.0526357882945985,205.26342150567535,0.015691489657712054,73.49070188611262,0
univ3-conc-c20,128,10000,106.11508328545919,-6556.793951692764,6556.793951692764,-6450.678868407304,125168.38260060498,89397.04153259005,0.5833576546932587,5840,5271,2132595.058365087,-0.24523710742141902,1.0526358761442263,75.4762892578581,12482.817982957862,102.4981197144621,0
univ3-conc-c20,129,10000,45.27392928007036,-6102.681412583016,6102.681412583016,-6057.407483302945,71791.31315963666,161790.4564307303,0.307349812810894,3241,2984,1521629.4030256022,-0.9999956572555122,1.0526359330805375,0.00043427444877445473,20526.311598948472,118.09338011502805,0
univ3-conc-c20,130,10000,231.94846642262075,-3267.093763237469,3267.093763237469,-3035.1452968148483,77120.7465096172,182344.4794688467,0.2972296045406037,2671,2679,1032574.4278985851,1.0526312721639457,1.0526359511414165,205.26312721639457,0.04234630311505211,65.91285074284076,0
univ3-conc-c20,131,10000,35.81572009379174,-1734.4588508292713,1734.4588508292713,-1698.6431307354796,26043.425627843953,79592.1243560071,0.24654035153719858,1861,2002,675832.5414413296,1.0526342887821953,1.052635828228436,205.26342887821954,0.015057170128812913,67.88717777144794,0
univ3-conc-c20,132,10000,28.284826547332642,-5687.95384943562,5687.95384943562,-5659.669022888287,41227.54924770603,88809.59905121292,0.31704439682832364,1817,2981,1487216.6354026813,1.0526355300994867,1.0526355300994867,205.26355300994868,0.0038934623842790117,38.91995134673968,0
univ3-conc-c20,133,10000,271.82202468521643,-3037.920343942167,3037.920343942167,-2766.0983192569506,215742.239432408,39634.59202853798,0.8447995779343077,9211,7262,1724953.740421279,-0.22912894578370482,1.052635883889541,77.08710542162952,12317.84667297342,102.33135517634553,0
univ3-conc-c20,134,10000,50.42814755842755,-1217.3962936733508,1217.3962936733508,-1166.9681461149232,127399.94493899333,2279.846041912293,0.9824194192119883,6932,7701,1184034.028799775,0.04779627232404124,1.0526346352202756,104.77962723240412,9523.17759928715,99.52369914270692,0
univ3-conc-c20,135,10000,26.013230682776417,-4886.106019734568,4886.106019734568,-4860.092789051791,40942.53522226535,118575.57436567007,0.25666386924987666,2947,2481,1237098.2173855912,1.0526335460945564,1.0526357495395493,205.26335460945563,0.021828568976774043,71.09016119825175,0
univ3-conc-c20,136,10000,46.416801476674955,-1447.7399950617191,1447.7399950617191,-1401.3231935850442,120287.85421049064,8594.28583304912,0.9333167044701016,8260,7564,1276569.9635977605,1.0290674263487873,1.0290674263487873,202.90674263487873,212.9431701026662,90.45156927075406,0
univ3-conc-c20,137,10000,105.4066299690699,-861.1608755336331,861.1608755336331,-755.7542455645632,138944.01954673504,27662.625847947125,0.8339644509232159,6780,6248,881768.143847398,-0.39559301406054104,0.999995751008931,60.440698593945896,14035.763053532979,104.0445110828318,0
univ3-conc-c20,138,10000,51.683079588322755,-338.51444105957535,338.51444105957535,-286.8313614712526,146869.22692651485,2804.6042436142166,0.9812618931333005,8354,5812,562148.0088775177,0.46457577788253557,0.706689412647182,146.45757778825356,5459.716474277475,95.4695741911343,0
univ3-conc-c20,139,10000,91.34923049695271,-8099.685467106412,8099.685467106412,-8008.336236609459,79782.88467221039,105559.90786983943,0.43046122041195406,3496,3919,2003963.4433989436,-0.9999946990232738,1.0526357120599914,0.0005300976726283352,20526.301050237234,120.10161621218924,0
univ3-conc-c20,140,10000,9.914499638737864,-232.8487295698343,232.8487295698343,-222.93422993109644,6403.609317150867,126698.78438632206,0.04811039936229024,345,427,114414.46279125071,1.0526266020843529,1.0526357801072925,205.26266020843528,0.08428682111262731,72.86601294850834,0
univ3-conc-c20,141,10000,30.56147286321025,-1174.58419667409,1174.58419667409,-1144.0227238108798,90997.19573840215,22610.608299494048,0.8009766275215405,6778,6418,1059372.428445241,1.0526341164101745,1.0526359948100643,205.26341164101746,0.01702493183549357,87.3522119895297,0
univ3-conc-c20,142,10000,150.11147326290236,-888.8972773674891,888.8972773674891,-738.7858041045868,215301.20357702012,24199.578505362646,0.8989582485077708,8101,6553,910664.6678443159,-0.9999955690404916,0.9999957360503444,0.0004430959508389925,20526.311073783138,113.27656322645666,0
univ3-conc-c20,143,10000,5.886308233302011,-2352.7308452424254,2352.7308452424254,-2346.8445370091235,20225.600526511334,118372.70972078592,0.1459296328391258,1500,1369,646519.1454695093,-0.9999957289600252,1.0526346151340442,0.0004271039974776919,20526.3122156199,143.38365960936963,0
univ3-conc-c20,144,10000,21.56802345607083,-3783.993998591546,3783.993998591546,-3762.4259751354753,43285.35102040434,116410.37145000124,0.2710489069513172,2099,2516,1117098.0674078204,1.0526291347738128,1.0526359254997133,205.2629134773813,0.061604157024049755,55.61645980707202,0
univ3-conc-c20,145,10000,52.81832817546058,-4555.865262409591,4555.865262409591,-4503.04693423413,74439.96438122766,81272.08004583386,0.4780616981501181,4094,4412,1632796.2724864508,-0.9999956418657383,1.0526357392364423,0.00043581342617211914,20526.311555006458,115.22724517525236,0
univ3-conc-c20,146,10000,80.65566961932525,-11125.978308430655,11125.978308430655,-11045.322638811329,123296.84898049467,110285.17513403107,0.5278524725859982,5174,5197,2719596.628472857,-0.7896135826471722,1.0526357897390504,21.038641735282784,18220.721574113868,108.39662639911074,0
univ3-conc-c20,147,10000,110.82008933595296,-1219.893019128961,1219.893019128961,-1109.072929793008,153184.62780736602,16527.342802760377,0.9026153385448097,5894,6996,1113765.0405653215,0.5337723004534141,0.9999957574290873,153.3772300453414,4801.0415279978815,94.86693306153195,0
univ3-conc-c20,148,10000,64.89525965785006,-1134.1883332603272,1134.1883332603272,-1069.293073602477,13353.855134632195,193196.06305955394,0.0646519507312401,512,609,297712.3673773165,-0.999995647805445,0.9999957377009416,0.00043521945550389874,20526.311215001624,253.78965492734454,0
univ3-conc-c20,149,10000,38.83823002226959,-949.5581077830053,949.5581077830053,-910.7198777607357,92367.31137885174,53713.54697468953,0.6323026330753525,5898,5077,841042.7917858803,-0.9999956794416669,1.0526357725855624,0.0004320558333142573,20526.312101533764,137.6635502152757,0
univ3-conc-c20,150,10000,3.2411163083613603,-341.4675613040218,341.4675613040218,-338.2264449956604,1787.1743712943226,96132.40569188698,0.018251450528496672,97,161,80097.91805222053,1.0526359266562744,1.0526359266562744,205.26359266562744,0.00011076520458842831,74.1146224176046,0
univ3-conc-c20,151,10000,91.65190437358301,-639.2679479527553,639.2679479527553,-547.6160435791724,149400.57343760962,8691.822785252449,0.9450206145714963,6397,6648,794786.3265989148,1.052632715467508,1.0526358484063174,205.2632715467508,0.02964625614290206,87.19231511011469,0
univ3-conc-c20,152,10000,48.444305895729414,-1945.9198378611568,1945.9198378611568,-1897.4755319654273,44870.96360450086,110567.42160962304,0.28867363452527467,2678,2813,848051.4005832047,0.9754308887251654,1.052635944562871,197.54308887251653,699.3348661899535,90.90929103459119,0
univ3-conc-c20,153,10000,18.09335649352587,-352.0039976397238,352.0039976397238,-333.910641146198,85818.00225625871,964.9135323416899,0.9888812962370132,7164,5963,591651.080665948,-0.2850949811102818,0.39559287524294495,71.49050188897182,12892.18100517642,102.91618631381526,0
univ3-conc-c20,154,10000,27.574437647348233,-1874.1608985008834,1874.1608985008834,-1846.586460853535,13806.063263753767,71564.05069681491,0.16172009879394803,1044,1444,583233.2822158206,-0.24645143631057992,1.052635891399899,75.35485636894201,12495.264992878374,102.51644130375507,0
univ3-conc-c20,155,10000,93.73604919723583,-1210.3712487287316,1210.3712487287316,-1116.6351995314958,61487.33867149672,105421.27199978857,0.3683892545998821,2555,3240,705172.4715274153,1.0526333851117868,1.052635892419898,205.2633385111787,0.023299924374292402,80.22522366676966,0
univ3-conc-c20,156,10000,161.3823069988975,-13730.641471392351,13730.641471392351,-13569.259164393454,111832.57923661584,70680.19744811038,0.6127383587495147,4371,5664,3143401.6562764146,-0.9999951744399698,1.0526359340262585,0.0004825560030251308,20526.30647054417,118.8185059000919,0
univ3-conc-c20,157,10000,120.46932535907165,-666.4675895285345,666.4675895285345,-545.9982641694629,230457.4989174811,3382.9951645536435,0.9855328942156322,9819,6856,836923.5608435936,-0.843661664125087,0.9849813730356689,15.6338335874913,18808.203918764935,109.00829646753655,0
univ3-conc-c20,158,10000,32.400471648361794,-5353.003779683365,5353.003779683365,-5320.6033080350035,44352.78817080307,135697.66126835372,0.24633533717332318,1895,2414,1289457.0286145494,-0.9999957185476684,1.052635609750995,0.0004281452331516652,20526.312174132036,174.38100864889887,0
univ3-conc-c20,159,10000,62.41532569477137,-8071.796542456734,8071.796542456734,-8009.381216761963,133572.71033980415,75359.4776361707,0.6393113078161211,7758,6247,2590814.072344229,1.05263415189158,1.0526359845033162,205.263415189158,0.016745525290648544,89.59126963684643,0
univ3-conc-c20,160,10000,13.224636471515261,-441.31866854594887,441.31866854594887,-428.0940320744336,17897.15404779457,72902.4668082132,0.19710604382562688,1078,1672,321443.44948974164,1.0526355873752078,1.0526355873752078,205.26355873752078,0.0032832783223192274,79.25054805216993,0
univ3-conc-c20,161,10000,23.3297289952058,-225.9720133999407,225.9720133999407,-202.64228440473488,91393.21668539083,679.6449722157726,0.9926184006885419,7153,5108,438177.1904716771,0.9046154448434837,0.9567201119644676,190.46154448434837,1345.3341375978682,91.58311333071114,0
univ3-conc-c20,162,10000,96.13870432784348,-840.1501909067848,840.1501909067848,-744.0114865789413,158559.07284132423,2510.4618004860868,0.984413801119691,6017,7144,950695.775480655,0.5636920483951556,1.052634778300656,156.36920483951556,4517.611249935999,94.62081937808479,0
univ3-conc-c20,163,10000,24.457877432530793,-783.4473337299307,783.4473337299307,-758.9894562973999,17216.992563698997,202419.81397395636,0.07838846701109384,900,740,271216.0099110833,1.0526287423130716,1.052635455898358,205.26287423130717,0.06501169088523953,44.00890757798017,0
univ3-conc-c20,164,10000,25.11126045446596,-1591.1901771427226,1591.1901771427226,-1566.0789166882566,33863.91788963031,60232.35474773152,0.35988585881758206,1713,3052,793933.4343594756,1.052633869826563,1.0526359070378675,205.2633869826563,0.018875646571658647,86.19144714022153,0
univ3-conc-c20,165,10000,164.53992018762364,-1918.3412945823593,1918.3412945823593,-1753.8013743947356,240176.7734679919,61925.97796552553,0.7950168355909418,8822,6804,1347365.5963302266,0.3349733262507425,1.052635860043658,133.49733262507425,6705.451135739101,96.73209893265582,0
univ3-conc-c20,166,10000,44.96687766930838,-1113.6187435382722,1113.6187435382722,-1068.6518658689638,48009.352408096274,253632.02216659786,0.15916036875176062,1875,1444,469750.2524731863,1.0526311256761276,1.0526336603852335,205.26311256761275,0.04357506800327826,84.24358471801214,0
univ3-conc-c20,167,10000,37.869708985497645,-476.1922917673446,476.1922917673446,-438.32258278184696,24183.93802071826,43184.97482994476,0.3589777094121573,1806,2774,419502.05975456577,1.0526354770628281,1.052635910639516,205.26354770628282,0.004360151293526182,83.73482049058491,0
univ3-conc-c20,168,10000,39.69242054869375,-248.7096073033764,248.7096073033764,-209.01718675468265,107788.7605742583,1589.4310890194474,0.9854684826577447,5464,5189,466243.18118110957,-0.1401076148446137,0.596791320541686,85.98923851553863,11410.961761151157,101.40934073146617,0
univ3-conc-c20,169,10000,102.41727629286744,-1628.99681936341,1628.99681936341,-1526.5795430705425,94992.38059238804,88839.65362859427,0.5167346430938082,5180,4412,991283.1576373257,-0.9999957216386054,0.9999957844309678,0.0004278361394658139,20526.312497534134,121.41388861505814,0
univ3-conc-c20,170,10000,104.64166437499061,-11363.723440050924,11363.723440050924,-11259.081775675933,130913.45618966829,50003.199043885135,0.7236119638662688,5166,6668,3123444.6846527,1.0526341707729685,1.0526359077976435,205.26341707729685,0.016486373761907203,88.99655015191802,0
univ3-conc-c20,171,10000,91.9186571459058,-2696.017628675056,2696.017628675056,-2604.0989715291503,102365.24328469057,99982.19791615847,0.5058884988967236,4370,4524,1268386.1743390062,1.0526347100510487,1.0526358765744155,205.26347100510486,0.011478644910326574,88.88289485925085,0
univ3-conc-c20,172,10000,27.38276353904197,-131.98349904374598,131.98349904374598,-104.600735504704,94361.83609529021,1222.1807794948056,0.9872135444872978,6887,3890,294120.54343684856,-0.013965046731097459,0.3986282519553356,98.60349532689025,10139.74857436626,100.12704678278762,0
univ3-conc-c20,173,10000,113.60046136732055,-121.6041677267354,121.6041677267354,-8.00370635941485,181601.45823348322,74.95687549594167,0.9995874154856536,8383,1689,137922.19424409635,0.0164626196831577,0.33576300511115503,101.64626196831577,9835.509701599252,99.82540720581034,0
univ3-conc-c20,174,10000,88.26905232177594,-152.69138747806792,152.69138747806792,-64.42233515629198,215978.70467715088,499.1473027917285,0.9976942338524405,10182,3495,279360.05596999876,-0.15659357312528185,0.3885794241901212,84.34064268747181,11578.294921020793,101.54059972097969,0
univ3-conc-c20,175,10000,57.46907156764346,-1740.2955920567792,1740.2955920567792,-1682.8265204891359,36759.022276521326,98846.54740757753,0.27107310092169246,1614,2465,734607.1700245864,1.0526355938654384,1.0526358952274493,205.26355938654385,0.0032847391436294227,71.18943770981471,0
univ3-conc-c20,176,10000,100.19944740662116,-1331.6023943521636,1331.6023943521636,-1231.4029469455425,93338.25100241082,113421.402093162,0.45143358293054414,4941,3795,804893.9755874224,-0.9999957387962709,1.052635940761855,0.00042612037290570143,20526.312642790206,113.5668795006855,0
univ3-conc-c20,177,10000,92.71829615745841,-100.27904128200524,100.27904128200524,-7.560745124546827,193951.77604834546,66.62504887590833,0.9996566044844246,10993,1663,131938.17968907548,-0.10343177895785076,0.2183505108920855,89.65682210421492,11039.695719545985,100.99498380035627,0
univ3-conc-c20,178,10000,20.06373822807064,-2643.2167280884514,2643.2167280884514,-2623.152989860381,55511.38655062291,5698.650118048541,0.9069000701813787,3742,7830,1709605.7331690635,0.00017139173684910247,1.0526359148075004,100.01713917368491,9998.28666786646,99.99833791850422,0
univ3-conc-c20,179,10000,2.4102495151783883,-1259.087997896319,1259.087997896319,-1256.6777483811406,8412.81311539336,117392.69774772333,0.06687157865879947,665,652,332998.7853803774,1.0526353437416518,1.0526353437416518,205.26353437416518,0.005419645954385377,63.44613090760936,0
univ3-conc-c20,180,10000,20.13851826111903,-1256.1031933620527,1256.1031933620527,-1235.9646751009336,30188.657073659917,216835.46442735186,0.12220934899078781,1453,1161,439162.600865007,1.052630939559329,1.052635579484926,205.2630939559329,0.04522507231158812,32.75481328719678,0
univ3-conc-c20,181,10000,410.7272852033845,-1605.92254562494,1605.92254562494,-1195.1952604215555,34228.19602085049,78904.80341221795,0.30254829441785036,1144,2127,568430.6159643825,1.052631186053761,1.0526359022169112,205.2631186053761,0.043030504423965554,71.87378761762875,0
univ3-conc-c20,182,10000,51.0634764137483,-2290.1067248408954,2290.1067248408954,-2239.043248427147,43594.93677643007,117310.60456913542,0.27093496228824276,1579,2353,830840.2237861659,0.6897569805853127,1.052635945603432,168.97569805853126,3332.3996692254705,93.43126881151193,0
univ3-conc-c20,183,10000,83.45150403850799,-7191.62850172808,7191.62850172808,-7108.176997689572,114319.7094980983,51484.46732582881,0.6894863066055215,7049,6302,2463914.533734253,0.5821841806942359,1.052635857730798,158.2184180694236,4342.847044526674,94.42813841375441,0
univ3-conc-c20,184,10000,27.660946882346053,-5906.9291671400615,5906.9291671400615,-5879.268220257715,48623.50395912767,123491.95039402675,0.2825051599338647,2766,2711,1449469.9216214765,-0.9999957688482444,0.9999957905357434,0.000423115175563211,20526.312795588445,271.3474029751538,0
univ3-conc-c20,185,10000,26.963125398755928,-1679.7999891941772,1679.7999891941772,-1652.8368637954213,30592.689661260407,71729.70760909693,0.298983316237481,1274,2437,743846.100934663,-0.9250997690334251,1.0526352877394956,7.490023096657495,19699.69233917605,109.93580381075877,0
univ3-conc-c20,186,10000,43.30039924023424,-456.5037091222805,456.5037091222805,-413.20330988204626,132126.924483188,1234.538552484128,0.9907429138494536,7409,6431,692208.4971591663,-0.31710274029258056,0.506145405713024,68.28972597074194,13222.119243188847,103.26098876111455,0
univ3-conc-c20,187,10000,51.43788471572373,-677.9051355777,677.9051355777,-626.4672508619763,109044.59526743824,1993.3010669705218,0.9820484615363445,4592,6967,859762.8169262568,-0.21343508703859954,0.8353687951461495,78.65649129614005,12157.37623229032,102.17040937157365,0
univ3-conc-c20,188,10000,33.6024765975647,-13748.388055033756,13748.388055033756,-13714.785578436191,72612.24013686061,50310.399470616816,0.5907149437136199,5457,5642,3168883.775420496,0.0020133372870790823,1.052635919520187,100.20133372870791,9979.869211261985,99.984134307965,0
univ3-conc-c20,189,10000,38.389082118319614,-2316.2022667580204,2316.2022667580204,-2277.813184639701,39548.67114948286,141529.72667473738,0.218406345675061,1884,2027,770337.4151549478,1.0526357075717896,1.0526359158394791,205.26357075717897,0.0022509843795015527,80.90954839688911,0
univ3-conc-c20,190,10000,87.27495776273952,-1918.6258600183705,1918.6258600183705,-1831.350902255631,35747.93511606361,58545.33104812959,0.3791144009564331,1958,3320,911442.9353266256,1.0526342208636064,1.052635935005114,205.26342208636063,0.01572959817615427,59.70296125969308,0
univ3-conc-c20,191,10000,42.431592459474466,-2006.144515632774,2006.144515632774,-1963.7129231732997,32801.15782939278,197126.32667294375,0.14265870781124235,1239,1256,566480.5255354948,1.0526359275111838,1.0526359275111838,205.26359275111838,0.00020758854382826875,41.520139820593194,0
univ3-conc-c20,192,10000,95.98460975571166,-2828.9175589795364,2828.9175589795364,-2732.932949223825,96466.50226839122,36255.62722296764,0.7268305793320763,3810,6222,1556693.973075517,1.0526355565121228,1.0526355565121228,205.26355565121227,0.0038859261608023,89.90022131856176,0
univ3-conc-c20,193,10000,110.90975452001716,-526.3841391924656,526.3841391924656,-415.4743846724484,101124.8497124129,31675.523478375006,0.7614801621613796,5126,5069,601883.1207873375,-0.999995180340019,0.9999957691514468,0.0004819659981028702,20526.306517607623,114.77862858144684,0
univ3-conc-c20,194,10000,24.303279997670153,-2003.8663626637594,2003.8663626637594,-1979.5630826660893,37473.01575298928,71570.52374452553,0.34365186535276876,2790,3189,925586.1603893985,1.0526357131987476,1.0526359598166104,205.26357131987476,0.0022929155432045434,81.8583582561802,0
univ3-conc-c20,195,10000,81.303245573379,-1599.049262962873,1599.049262962873,-1517.746017389494,100604.38502169441,118159.68547024416,0.4598761798290898,5018,3999,933660.7521691545,1.052628435801185,1.0526355550490205,205.2628435801185,0.06811187631295468,65.52057441264236,0
univ3-conc-c20,196,10000,134.53042890524532,-421.33500999573704,421.33500999573704,-286.80458109049175,138571.6050202952,41050.476201902566,0.7714619721440489,5032,4949,524523.6343481306,-0.999992054012846,0.9999957517029672,0.0007945987153984702,20526.27186797384,111.53046569883209,0
univ3-conc-c20,197,10000,223.78468045192892,-7273.381520990264,7273.381520990264,-7049.5968405383355,212299.19603384487,81602.86103080926,0.7223467510033187,7562,6660,2559225.436217857,-0.8742889768863443,0.999995745112984,12.571102311365557,19142.585021475632,109.37046831301399,0
univ3-conc-c20,198,10000,28.170343841858283,-1995.884526029617,1995.884526029617,-1967.7141821877588,38298.44805980965,135131.87851875776,0.22082901425235849,2159,2106,731902.9577087653,0.8066434919999932,1.052635841172676,180.66434919999932,2246.3129508674638,92.39607552260667,0
univ3-conc-c20,199,10000,77.6960472428817,-2304.5098000396665,2304.5098000396665,-2226.8137527967847,17470.47246506591,76914.16949115517,0.18509867816386197,1335,1600,683682.3402787639,1.0526358822023765,1.0526358822023765,205.26358822023764,0.0006320173488231218,65.97886838948915,0
univ3-conc-c20,200,10000,1.51357148630539,-1485.8736109573658,1485.8736109573658,-1484.3600394710604,5736.654680168017,80567.9438391529,0.06646986114979445,413,630,353446.7861824876,1.052634318151043,1.0526357406107614,205.2634318151043,0.014663909034203698,31.11320204960449,0
univ3-conc-c20,201,10000,16.055583824002085,-6102.282247173027,6102.282247173027,-6086.226663349024,31501.8298974932,55509.99981553073,0.3620407707939281,2075,3309,1604457.0648744158,-0.999995584854963,1.0526359487757881,0.0004415145037012191,20526.31075292625,172.37792516449392,0
univ3-conc-c20,202,10000,45.351178567146135,-5641.498424166448,5641.498424166448,-5596.147245599302,37130.58683831395,101340.60118568377,0.2681466619025399,2596,2605,1368807.7820137753,1.0526348301547577,1.0526359499850153,205.26348301547577,0.010231120215141942,72.30082144211484,0
univ3-conc-c20,203,10000,36.09455607330543,-732.7351377839839,732.7351377839839,-696.6405817106785,18935.448031910713,128560.66492597871,0.12837930201805955,798,1108,316926.4082579527,1.0526296315769241,1.0526358757896628,205.2629631576924,0.05699782715041124,57.902198364854954,0
univ3-conc-c20,204,10000,206.45222873025875,-6787.67672508188,6787.67672508188,-6581.224496351621,165263.6374661576,99545.71454996278,0.6240853512458167,7565,5900,2256179.5119457655,-0.9999951372250142,1.0526359595792818,0.00048627749858148206,20526.306241343296,131.48932780081054,0
univ3-conc-c20,205,10000,32.85961435300604,-2783.0792222708797,2783.0792222708797,-2750.2196079178734,96070.58942514808,6384.459711282624,0.937685260364465,6347,7966,1787457.6768191843,-0.6748682855840431,0.9999957871599996,32.51317144159569,16984.37892042935,107.1066617850174,0
univ3-conc-c20,206,10000,151.8687539218956,-305.575801340088,305.575801340088,-153.7070474181924,93546.34224181548,115431.5877919033,0.44763742385007693,3644,2724,282508.17761776916,1.0526264747927967,1.0526358827454956,205.26264747927968,0.08568294118247344,79.35603674676747,0
univ3-conc-c20,207,10000,56.93780784645396,-805.8514609413483,805.8514609413483,-748.9136530948942,126879.2121254302,10475.253334696394,0.9237356186447587,6803,6853,901020.1889693369,0.9870913985829017,1.052635786242818,198.70913985829017,593.3827291091785,90.7594439157596,0
univ3-conc-c20,208,10000,78.50147289289806,-511.54321460849553,511.54321460849553,-433.0417417155975,71364.62617146592,34921.938504848426,0.6714360031185514,3694,4610,556348.0011887939,1.052635116088706,1.0526359680860526,205.2635116088706,0.007781207306003068,86.60562109209545,0
univ3-conc-c20,209,10000,81.3368114942426,-131.4382258619232,131.4382258619232,-50.101414367680604,191721.11024746601,657.9766967474555,0.9965797909367443,9374,3094,239332.65988805145,0.20283676458086092,0.3124905663322741,120.28367645808609,7991.999373522215,98.00199013650169,0
univ3-conc-c20,210,10000,34.29937304684766,-146.40214340209923,146.40214340209923,-112.10277035525156,113540.01676587432,616.6459630167112,0.9945982481593635,6698,4086,319690.3488103438,-0.22184067310994038,0.4604769277376795,77.81593268900596,12243.291880510236,102.27583272581126,0
univ3-conc-c20,211,10000,73.85756113218363,-4692.190630291728,4692.190630291728,-4618.333069159544,37380.64910278675,52858.73053310279,0.4142387642026731,2095,3773,1534590.8888514065,-0.9999957031968247,1.052635003062975,0.0004296803175226112,20526.312087934402,129.21013403521889,0
univ3-conc-c20,212,10000,11.265775474321433,-526.7818197762617,526.7818197762617,-515.5160443019403,7378.656404029401,287579.29096619616,0.02501596064732527,279,238,123703.96136154344,-0.9999956830148815,0.9999956830148815,0.0004316985118463147,20526.31157132834,284.2480316052466,0
univ3-conc-c20,213,10000,59.96851869176517,-6320.421143858031,6320.421143858031,-6260.452625166266,53481.69476675474,128789.11268665279,0.2934188722482389,3341,2671,1465935.4849817823,1.0526342763685497,1.052635619894276,205.26342763685497,0.015265375890556904,69.24468368883747,0
univ3-conc-c20,214,10000,110.87645342041289,-2091.62141706682,2091.62141706682,-1980.744963646407,217689.01701253952,16621.31520670829,0.9290628157568592,8688,7873,1541078.4743031014,-0.9068931562856184,0.9999957227138604,9.31068437143816,19499.728238160475,109.72608520405835,0
univ3-conc-c20,215,10000,35.84274631118342,-2765.6468876378235,2765.6468876378235,-2729.80414132664,66092.10965638787,10950.990218891247,0.8578589096671965,3571,7392,1706533.7537182327,0.3167915963657393,1.0526358627775527,131.67915963657393,6881.4844306552195,96.90540235547302,0
univ3-conc-c20,216,10000,20.3988576810143,-1107.0470849870642,1107.0470849870642,-1086.6482273060499,63565.79080290185,4493.543944648792,0.9339760818803697,4906,7294,1107001.9862196078,-0.9999952601103914,1.0526356496372176,0.0004739889608575276,20526.307509993152,114.76331468946934,0
univ3-conc-c20,217,10000,24.211372277633863,-2556.826429005994,2556.826429005994,-2532.6150567283603,33363.98779039497,171426.78319692894,0.16291743826903277,1341,1522,725138.4412049942,-0.9999957072814122,1.0526358656621142,0.0004292718587723065,20526.311968043094,328.77473811409266,0
univ3-conc-c20,218,10000,118.06687227296726,-738.5261275604951,738.5261275604951,-620.4592552875279,139062.4530429357,42239.052189282476,0.7670231577218235,8019,5601,750976.1582844573,-0.9999952096587108,0.9999957411353009,0.0004790341289095755,20526.307034383863,112.78941581322782,0
univ3-conc-c20,219,10000,69.90288018260239,-1662.3385680710014,1662.3385680710014,-1592.4356878883991,94319.78681914655,29623.605697671548,0.7609908435122762,6873,6306,1195787.2569351569,-0.956271571224913,1.0526359349614833,4.372842877508695,20042.943234169947,110.29641023208549,0
univ3-conc-c20,220,10000,69.42646312612085,-685.1692240104345,685.1692240104345,-615.7427608843136,185811.98453136452,2784.0667261878043,0.985237937339495,9242,7080,870299.8526792079,0.12844077716771082,0.7833388909241867,112.84407771677108,8723.7895477352,98.7563300744678,0
univ3-conc-c20,221,10000,16.676540437039343,-6151.4384592097085,6151.4384592097085,-6134.76191877267,31734.15757770269,26482.34852276743,0.5451058420258997,2607,5037,2017963.5524884108,-0.9999814766130912,1.0526359226998974,0.0018523386908819717,20526.15455047681,111.41168931313693,0
univ3-conc-c20,222,10000,20.43019465450458,-4006.4115853534763,4006.4115853534763,-3985.9813906989716,42536.2841909036,41850.079643103265,0.5040658497215862,3320,4663,1599798.5706580123,-0.9999957672681405,1.052635947006891,0.0004232731859473705,20526.312919550317,128.64247561923003,0
univ3-conc-c20,223,10000,129.11833677300555,-7401.957952358876,7401.957952358876,-7272.839615585871,92815.02723318436,41843.72083810894,0.6892610288047879,3897,6151,2451993.788020132,-0.9999952818021564,1.0526351104532492,0.00047181978437230154,20526.30765632223,117.63821917798023,0
univ3-conc-c20,224,10000,96.96349542526461,-8275.439704242935,8275.439704242935,-8178.476208817671,121312.15164075865,128255.97232666034,0.48608832615416825,4888,4523,2219335.4074092936,1.052635541321493,1.0526358911995244,205.2635541321493,0.0040033480595885185,87.56235304753778,0
univ3-conc-c20,225,10000,11.55877226235772,-5332.801975049758,5332.801975049758,-5321.2432027874,27271.53476114692,44448.46252560455,0.38025008077049494,1906,3648,1604377.8674915317,-0.9999953708618392,1.0526358050381064,0.0004629138160826893,20526.3083893341,138.8464263594924,0
univ3-conc-c20,226,10000,5.530223284481885,-299.53471747627145,299.53471747627145,-294.00449419178955,5140.877771742561,107584.66478935759,0.04560526083922881,380,383,122323.25299501294,-0.9999958037245424,0.9999958092125624,0.0004196275457533266,20526.312921997433,174.5364242223458,0
univ3-conc-c20,227,10000,20.981535087041767,-8227.47404521471,8227.47404521471,-8206.49251012767,33820.90377916149,47148.31677918867,0.4177007453688971,2136,3997,2065729.6062521844,1.0526354858715519,1.052635868758834,205.26354858715519,0.0043577397676350105,60.317391349748426,0
univ3-conc-c20,228,10000,134.22223269946866,-6244.340335048825,6244.340335048825,-6110.118102349356,61498.15479648548,134750.79141448974,0.3133680765366892,2990,2759,1443699.8024238546,1.0526300031716638,1.052635936189564,205.2630003171664,0.05381590000008747,73.84290400801531,0
univ3-conc-c20,229,10000,88.09382695686985,-6396.002904917526,6396.002904917526,-6307.909077960657,141641.69765492016,113545.34944956792,0.5550504982994846,6656,5170,2085143.692490724,-0.9999957175741047,1.0526359669978536,0.0004282425895318093,20526.312575737786,117.3265333682859,0
univ3-conc-c20,230,10000,54.2097774783284,-5362.762152474274,5362.762152474274,-5308.552374995946,54388.988463696354,141411.12969290712,0.277778118704685,2333,2517,1311061.4049775572,-0.5187687424401881,1.0526358942845058,48.12312575598119,15325.84257441322,105.4279823870154,0
univ3-conc-c20,231,10000,52.91340336266349,-816.7841950668136,816.7841950668136,-763.8707917041501,134206.13625016942,935.04289465615,0.9930809920368231,5852,7216,948730.3983681281,-0.2655808904592881,1.0326150573945292,73.44191095407119,12691.553622319496,102.69018879406573,0
univ3-conc-c20,232,10000,53.06980160447085,-353.39206205162486,353.39206205162486,-300.322260447154,113599.12198285593,712.9261977760895,0.9937633328321652,4274,5880,576864.1749510383,0.4243999405123461,0.5804467010359093,142.4399940512346,5844.194190522587,95.87193177792206,0
univ3-conc-c20,233,10000,93.89904361126482,-4210.386863660066,4210.386863660066,-4116.487820048802,126956.72752835683,53415.394884174115,0.7038600301990836,5763,6461,1923782.460141182,1.0526270981592987,1.0526359501388272,205.26270981592987,0.08032795724439967,79.76077115787699,0
univ3-conc-c20,234,10000,19.795847343799284,-693.4051861405522,693.4051861405522,-673.6093387967529,63911.40793085655,45233.00545492212,0.5855673776444896,4188,4672,708639.0959010884,-0.9999957160156034,0.9999957160156034,0.0004283984396490989,20526.312388463943,132.19781396251048,0
univ3-conc-c20,235,10000,40.94840122453732,-1536.0119941174335,1536.0119941174335,-1495.0635928928962,18045.71046024721,204450.9167164786,0.08110554613447586,716,707,377182.29266200354,1.0526352084152897,1.052635737643119,205.26352084152896,0.006645872792191199,70.6910179816114,0
univ3-conc-c20,236,10000,9.973183890456685,-1968.3657007229353,1968.3657007229353,-1958.3925168324786,12616.807850951636,73837.83972461575,0.1459355651172329,791,1350,595042.71561753,1.0526313262062734,1.0526359108203804,205.26313262062735,0.041713901872743264,67.21480809917236,0
univ3-conc-c20,237,10000,92.2640792796474,-1352.347332676708,1352.347332676708,-1260.0832533970606,78457.7939522612,60048.87604598642,0.5664549869927119,3196,4642,926434.9414813875,0.8049158990886812,1.0526359554511913,180.49158990886812,2262.276704112479,92.4113136470382,0
univ3-conc-c20,238,10000,12.985386874618841,-3442.9193412042678,3442.9193412042678,-3429.9339543296487,23229.01689551847,123955.13600842946,0.15782281201616644,1713,1635,853676.1590197816,1.0526341374792054,1.052635434829329,205.26341374792054,0.01640020507756157,42.80061201675412,0
univ3-conc-c20,239,10000,144.99992827668973,-4495.185376726785,4495.185376726785,-4350.1854484500955,122930.82152375662,38448.28412544782,0.7617517833502918,6054,6854,2037401.9896493165,1.0526346761963108,1.0526358888216478,205.2634676196311,0.01196341646623944,74.2257792015887,0
univ3-conc-c20,240,10000,213.3766484722771,-587.6438506283605,587.6438506283605,-374.2672021560834,303204.20239083073,1733.447641590626,0.9943154030294182,11834,6522,720542.3202152965,0.556481421505392,0.7866529637860993,155.6481421505392,4585.842417952122,94.64523357043299,0
univ3-conc-c20,241,10000,38.667590677696374,-381.99729702752813,381.99729702752813,-343.3297063498318,18088.874657731634,77896.24748431626,0.18845498400222901,951,1500,277237.546507515,-0.9999957647963106,0.9999957647963106,0.0004235203689429539,20526.312581944017,152.4143206434038,0
univ3-conc-c20,242,10000,42.876650289509804,-55.47131007117456,55.47131007117456,-12.594659781664753,135707.11393837826,80.93657440932067,0.9994039492127351,7978,1572,113350.5334527765,0.10350363917805523,0.21061552349514173,110.35036391780552,8970.293411258466,98.9583810440994,0
univ3-conc-c20,243,10000,30.855576321345417,-784.2762620009756,784.2762620009756,-753.4206856796302,6569.355466081852,138643.21459886074,0.04523957852370409,356,340,172597.0046514369,-0.9999957682330011,0.9999957682330011,0.00042317669989566203,20526.31252619748,207.80799920429928,0
univ3-conc-c20,244,10000,20.589098940019916,-4108.808777348218,4108.808777348218,-4088.2196784081984,28068.086174044274,73374.92708225946,0.27668821413188954,1862,2419,1142654.367646917,-0.9999957186115691,1.0526357269986157,0.0004281388430895499,20526.312177092048,165.48230014142715,0
univ3-conc-c20,245,10000,128.96405388791698,-7990.736600764546,7990.736600764546,-7861.772546876629,95391.81124655179,40246.68659831774,0.7032797676339052,4485,6448,2594669.5610310202,1.0526280721950498,1.052635972397963,205.262807219505,0.07147650555501173,65.46384509427882,0
univ3-conc-c20,246,10000,18.841081507949227,-3762.2081888420676,3762.2081888420676,-3743.3671073341184,43886.51730713672,13708.995382569707,0.7619780649158141,3220,6875,1888226.4112099325,-0.036724858535560685,1.0298067045005797,96.32751414644393,10367.924740212835,100.37268906431748,0
univ3-conc-c20,247,10000,105.81303256007153,-498.3514904534432,498.3514904534432,-392.5384578933717,136649.72575536097,16967.589860602417,0.8895463718229483,8093,5753,632254.9109272906,-0.9999956594851951,0.9999957182786124,0.00043405148049777684,20526.31203114976,116.00465957405977,0
univ3-conc-c20,248,10000,43.39490682691892,-2726.3142404668733,2726.3142404668733,-2682.9193336399544,31725.93377494631,171855.60773613848,0.1558389505230211,1228,1497,731641.2682902802,-0.9999957707983262,0.9999957707983262,0.00042292016738374914,20526.3126681301,182.14330186882077,0
univ3-conc-c20,249,10000,87.93382052991642,-8961.537295301796,8961.537295301796,-8873.603474771879,65590.72941998194,80099.6901143387,0.4502061949552597,2563,4158,2181470.149162492,1.0526335300866254,1.0526358947000216,205.26335300866253,0.022029136523617154,73.0803811305613,0
univ3-conc-c20,250,10000,118.15138818525804,-5562.89766565469,5562.89766565469,-5444.746277469432,62165.21751247973,118645.20732385766,0.3438143434967828,2440,3112,1476732.3584069752,1.022664284793804,1.0526357606068475,202.26642847938038,270.8778412296295,90.4898072281145,0
univ3-conc-c20,251,10000,137.89870262330672,-6414.964285218573,6414.964285218573,-6277.065582595266,118718.40064204985,41967.24263224617,0.738823943588995,4764,6626,2384103.269152419,-0.5309322997077329,1.0526358741882624,46.906770029226706,15454.123485730834,105.52670585095511,0
univ3-conc-c20,252,10000,10.669290238392483,-1947.1309929013014,1947.1309929013014,-1936.461702662909,33912.18792084725,140598.40557090554,0.1943273886261232,2263,1797,679580.8951604409,-0.9999957448680568,1.033945437945249,0.0004255131943338194,20526.312450705504,146.94629569126272,0
univ3-conc-c20,253,10000,26.335010266646645,-3313.2158662728034,3313.2158662728034,-3286.8808560061566,59938.6786412067,50891.77404595567,0.540814164229697,4636,4841,1470622.232855158,1.0526351594976904,1.052635944761289,205.26351594976904,0.0074506725237504234,89.36704191664047,0
univ3-conc-c20,254,10000,18.837378222750306,-855.7984612312979,855.7984612312979,-836.9610830085476,16878.288258615157,109337.75729520587,0.13372537686912336,752,1168,373753.41415040195,1.0526313576287003,1.0526355179843738,205.26313576287004,0.04141993784457121,78.18074559021296,0
univ3-conc-c20,255,10000,98.90814862610411,-2637.240437597643,2637.240437597643,-2538.3322889715387,135296.7545663059,43568.779212810936,0.7564160165892299,7569,6445,1542010.0488667125,-0.15275937361445102,0.9999957639269097,84.7240626385549,11539.352891140607,101.52218870979752,0
univ3-conc-c20,256,10000,140.3137592535159,-3886.0507973636395,3886.0507973636395,-3745.7370381101236,206502.42750040223,31648.790920568004,0.8671063237450092,9378,7739,2037101.8363459818,-0.13896718546785095,1.052635893219489,86.1032814532149,11399.396989027036,101.36543166143167,0
univ3-conc-c20,257,10000,54.23415445786633,-305.567947445189,305.567947445189,-251.33379298732268,172355.49979274286,1279.2780471522485,0.9926323628073414,11185,5563,527932.8415070807,-0.3809537708135913,0.6692628350327041,61.904622918640875,13883.516369886069,103.93354410602677,0
univ3-conc-c20,258,10000,78.52233261903795,-7588.689611362628,7588.689611362628,-7510.16727874359,91004.8523618832,127056.11428666612,0.417336737338033,3313,4123,2006702.8120641285,1.0526336139654762,1.0526359653501578,205.26336139654762,0.021306903152512824,78.2283451972868,0
univ3-conc-c20,259,10000,8.133048655769105,-687.5488411659037,687.5488411659037,-679.4157925101346,8111.0717905590245,118000.68374971878,0.06431654016558747,500,610,241046.32159169577,-0.7813156116093828,0.9999958024391598,21.868438839061724,18130.817910915117,108.29608654382311,0
univ3-conc-c20,260,10000,87.17549235883426,-3774.2578518429477,3774.2578518429477,-3687.0823594841136,80855.02222682626,75658.95080520565,0.5165993850931034,4976,4605,1508641.4134299718,-0.8863774444395873,1.0526352392616383,11.362255556041264,19274.858555300583,109.49047363123745,0
univ3-conc-c20,261,10000,22.314427708908568,-1433.5454388157966,1433.5454388157966,-1411.231011106888,38516.00697143587,88800.32885348069,0.30252211330054674,1573,2717,732675.5582178474,1.0526342929366543,1.0526358008307233,205.26342929366544,0.0150350535766961,50.65810344203464,0
univ3-conc-c20,262,10000,61.41520985228851,-827.416187785957,827.416187785957,-766.0009779336685,154555.61322258317,7091.938194505588,0.9561271535984687,9794,7190,937563.6146378453,-0.6189852790179812,1.0526358501721065,38.10147209820188,16387.559463063884,106.52284600287264,0
univ3-conc-c20,263,10000,30.799801883039184,-3791.1289227085776,3791.1289227085776,-3760.3291208255387,44967.56522667432,66308.3713690564,0.4041086204472313,1753,3670,1367249.7935670468,-0.9999956925775456,1.052635833042622,0.0004307422454473723,20526.311949492672,139.7420681636363,0
univ3-conc-c20,264,10000,14.494845438649554,-3506.8532126782457,3506.8532126782457,-3492.358367239596,19365.987516030746,102373.92872783894,0.1590767277779028,1367,1509,806479.1948807301,-0.9999957826911191,1.0526358341891642,0.0004217308880875742,20526.312807792092,277.5065921963876,0
univ3-conc-c20,265,10000,140.81054991755852,-1827.0814185920494,1827.0814185920494,-1686.2708686744909,81996.70692094986,66691.22553999077,0.5514684720126153,5346,4744,1032977.9707302166,1.0526355317399767,1.0526359842612103,205.26355317399768,0.004117620845989656,87.13095896679536,0
univ3-conc-c20,266,10000,56.759313500144216,-537.6868371012234,537.6868371012234,-480.9275236010792,121027.08477882692,845.1643663576116,0.9930651614925825,4888,6622,750512.3270021926,-0.4617211973918456,0.6425783310790376,53.82788026081544,14726.333548354287,104.78263269803747,0
univ3-conc-c20,267,10000,146.7258381736131,-162.38825989638752,162.38825989638752,-15.662421722774411,271788.2558123116,95.53914978225023,0.9996486030004268,10610,2387,210785.6113968942,-0.16570878379991627,0.24247343480161831,83.42912162000837,11670.93399283837,101.65458535084109,0
univ3-conc-c20,268,10000,44.99780446279529,-3028.4129139535203,3028.4129139535203,-2983.415109490725,19429.773166309016,114220.05630976523,0.1453782114236614,921,1246,686317.5061219464,-0.9999955924247371,0.9999957752856448,0.0004407575262978178,20526.31065907456,119.34976369164225,0
univ3-conc-c20,269,10000,10.784637798700683,-2084.5360111246,2084.5360111246,-2073.7513733258993,21505.10866622241,59843.08333692084,0.2643587784396175,1408,2340,809928.5429697726,1.0526346182614412,1.0526357079145974,205.26346182614412,0.012075282155882397,82.89332654495395,0
univ3-conc-c20,270,10000,35.797896250953976,-3015.5753999979697,3015.5753999979697,-2979.7775037470155,61784.70232945975,124096.6436379812,0.33238785746839805,2746,3084,1127110.8833088728,1.0526346674645393,1.052635835845369,205.26346674645393,0.011733313721484784,61.016651922615246,0
univ3-conc-c20,271,10000,126.38901882737146,-5963.52993871228,5963.52993871228,-5837.140919884909,139765.14762843732,159872.31308407118,0.46644751058859424,5074,4434,1846467.1224423666,1.0526331525601451,1.0526356828590016,205.26331525601452,0.025565737351769258,72.2700787258984,0
univ3-conc-c20,272,10000,5.871345184972934,-5752.313700168839,5752.313700168839,-5746.442354983867,15636.515635624008,42975.193958271724,0.2667814288981687,1180,2579,1376719.3056261856,1.0526294002147247,1.052635775123295,205.26294002147247,0.05916731460250557,30.13487132994103,0
univ3-conc-c20,273,10000,9.671986178712167,-1885.2230026499603,1885.2230026499603,-1875.5510164712482,13277.759688065404,141937.62773604316,0.0855440939743005,495,784,433731.28456680756,1.052634421815654,1.052635841941553,205.2634421815654,0.013737287798922693,18.907137590054095,0
univ3-conc-c20,274,10000,92.07308510289633,-309.1171790461695,309.1171790461695,-217.04409394327317,96260.47383915404,9725.32557904837,0.9082393525129357,5732,5025,453329.6492943316,1.0526344170831654,1.0526359589674792,205.26344170831655,0.014189960361659662,86.94610444573428,0
univ3-conc-c20,275,10000,27.78514947609817,-5215.128657848906,5215.128657848906,-5187.343508372808,68769.49036979835,60627.33423940364,0.5314619626678834,4958,4899,1837621.558248208,1.0526302037211515,1.0526359037675468,205.26302037211514,0.052192560016269485,66.29636097997468,0
univ3-conc-c20,276,10000,79.03700871705337,-7165.503652182332,7165.503652182332,-7086.466643465279,118011.74102713788,133347.40377790676,0.4694945199573636,5022,4415,2023538.2442413594,-0.9999956561347143,1.0526358292613796,0.00043438652857161355,20526.311768428794,138.11822407017874,0
univ3-conc-c20,277,10000,37.437024644761856,-619.0472244862497,619.0472244862497,-581.6101998414878,24794.28023451056,163975.99292545818,0.13134631750783798,1458,1147,302125.42482232465,-0.9999957696855216,0.9999957739990039,0.00042303144783844697,20526.312646499926,142.15299267750655,0
univ3-conc-c20,278,10000,68.46781768541794,-4186.058761486406,4186.058761486406,-4117.5909438009885,107397.4853655501,136774.63274929416,0.4398433621116258,5169,4141,1517985.0706535291,-0.9999957462325995,1.052290427429063,0.0004253767400562797,20526.312758886896,149.28264857405574,0
univ3-conc-c20,279,10000,41.86225073525292,-1300.2187723657578,1300.2187723657578,-1258.3565216305049,36478.51652994181,226462.51387837293,0.1387326902663126,1545,1233,452895.2019730387,1.0526331480954045,1.0526358974690664,205.26331480954045,0.025302940779624694,61.750290027930994,0
univ3-conc-c20,280,10000,14.72352578834665,-1510.7218726826225,1510.7218726826225,-1495.9983468942758,18032.53128282586,104604.5907482304,0.1470397460750861,1057,1347,502246.84551510366,-0.9999957824275054,1.0526358380547003,0.0004217572494519866,20526.312777746367,169.94488864631452,0
univ3-conc-c20,281,10000,49.31036965048625,-1157.3852881500848,1157.3852881500848,-1108.0749184995984,84690.3840344237,38553.136426533994,0.6871792019382695,4436,5551,978798.8721670812,-0.9999956981041354,0.9999957747770545,0.0004301895864690709,20526.312248360384,116.82539784415584,0
univ3-conc-c20,282,10000,48.10383712837729,-1959.1386466855718,1959.1386466855718,-1911.0348095571944,55652.32591980663,64119.36760835188,0.46465341083886974,3579,4179,1040260.3327023519,1.0526341399787755,1.0526358972199399,205.26341399787756,0.01657278010849872,71.85428895294675,0
univ3-conc-c20,283,10000,3.0847625939546544,-517.1234246957252,517.1234246957252,-514.0386621017706,8649.715673135031,87278.45956765942,0.09016866683248084,463,807,238398.09358536982,1.0526352512381263,1.0526352512381263,205.26352512381263,0.006250348645259862,59.544311072851286,0
univ3-conc-c20,284,10000,213.40768029642234,-588.2731065982864,588.2731065982864,-374.8654263018641,302829.6051491286,1828.3228865493322,0.9939987680664091,10852,6393,717069.5288238887,-0.39435095588139163,0.9368090521317651,60.56490441186084,14022.837142715936,104.0632719251634,0
univ3-conc-c20,285,10000,57.236859368293985,-1013.7708331666237,1013.7708331666237,-956.5339737983297,110120.89627021251,42185.10928031267,0.7230239928633779,8146,5789,933727.9320459828,-0.07783017521944459,0.9999957811067434,92.21698247805554,10781.34328460061,100.77628519878832,0
univ3-conc-c20,286,10000,8.41080978360932,-444.9715182241461,444.9715182241461,-436.5607084405368,7238.951341628929,130869.70650080254,0.05241489892608954,488,467,161019.41971927052,1.0526357023177615,1.0526357023177615,205.26357023177616,0.002167202312455402,77.88995752428121,0
univ3-conc-c20,287,10000,74.30191132163641,-4092.0011628741063,4092.0011628741063,-4017.69925155247,147661.35573823642,31432.59867956946,0.8244910120961383,8214,7327,2050049.0828775158,-0.9999954268442096,1.0526300159883706,0.0004573155790354701,20526.30955470558,115.90317231086996,0
univ3-conc-c20,288,10000,99.78183944553933,-8855.563635293407,8855.563635293407,-8755.781795847868,99043.81695267992,164443.47527148205,0.37589599147885405,3581,3575,1987488.2368194652,0.469014629345113,1.0526359217151728,146.9014629345113,5417.329489666949,95.42736206669963,0
univ3-conc-c20,289,10000,16.06741224748012,-439.9387852746965,439.9387852746965,-423.87137302721635,6176.104798213571,90177.53806950265,0.06409830095051763,446,531,163565.1528421933,1.0526271716197084,1.0526359413693032,205.26271716197084,0.07915598900358134,57.840803254481386,0
univ3-conc-c20,290,10000,146.54712460581393,-5764.784010183694,5764.784010183694,-5618.23688557788,63692.459932015794,130387.7614283526,0.3281759443882309,2823,2988,1450515.737715965,1.0526274834626026,1.0526359451665488,205.26274834626025,0.07656006975313545,86.58954499298352,0
univ3-conc-c20,291,10000,31.32266302763656,-720.6165614305135,720.6165614305135,-689.293898402877,22251.521683370476,208846.79879781866,0.09628595152504235,1082,799,270791.2950841313,-0.9999956888094345,0.9999957928024213,0.0004311190565594482,20526.311711122995,153.01921293116803,0
univ3-conc-c20,292,10000,19.030217829735985,-2744.792478418956,2744.792478418956,-2725.7622605892197,34714.6632387371,243059.1230161573,0.12497458347952883,1410,1162,648340.0891197373,-0.9999957623197356,0.9999957623197356,0.00042376802643036163,20526.312568521294,493.09013499152775,0
univ3-conc-c20,293,10000,24.212855277655457,-256.75475710230046,256.75475710230046,-232.541901824645,69662.99760847236,1750.251464643565,0.9754912220440835,4398,5382,486195.88470451074,-0.389280136924429,0.6305434990534973,61.071986307557104,13970.081617886079,103.97254062375309,0
univ3-conc-c20,294,10000,50.511748784629766,-7909.616777562924,7909.616777562924,-7859.105028778294,89167.39084192719,96243.3699814833,0.4809181001465837,5610,4756,2233692.206817532,1.0526354987946118,1.0526357757956994,205.26354987946118,0.004433774251294764,61.9183229772161,0
univ3-conc-c20,295,10000,88.59083547011323,-3258.7623664208077,3258.7623664208077,-3170.1715309506944,80355.10215908245,32119.27790007245,0.7144302739594599,3448,6192,1656681.0277985837,-0.5326289850275078,1.0526359345422707,46.73710149724923,15472.029893655175,105.5472614564718,0
univ3-conc-c20,296,10000,56.08528177297558,-62.764705150286325,62.764705150286325,-6.679423377310748,159905.10885169567,93.10469005550672,0.999418089189907,10037,1354,103850.95214764382,-0.07808310972909852,0.1656547291457379,92.19168902709015,10783.892347913341,100.7854773452055,0
univ3-conc-c20,297,10000,14.594722676580732,-5442.994377904997,5442.994377904997,-5428.399655228416,31124.852355557738,66515.6858318381,0.31876977465877554,2266,3055,1487040.504641915,1.052632702296549,1.052635891823774,205.2632702296549,0.029440554441411138,65.1742623323321,0
univ3-conc-c20,298,10000,161.1548580764125,-778.5516723805824,778.5516723805824,-617.39681430417,44878.51505080814,104054.58678395636,0.3013333805442333,2091,2467,474274.7928269694,-0.9999955572692052,0.9999957906773217,0.0004442730794855665,20526.310395735803,126.87282753788942,0
univ3-conc-c20,299,10000,55.5936667346879,-953.3023904907278,953.3023904907278,-897.70872375604,55594.83744648249,195802.49052957306,0.22114331084607886,2477,1894,495166.4779584365,1.052634957732597,1.0526358353473637,205.2634957732597,0.00903872138759082,75.61270530574372,0
univ3-conc-c20,300,10000,50.3526128001834,-263.3227755893287,263.3227755893287,-212.97016278914532,175947.7487003384,1125.1274826246793,0.9936459637021872,10820,5352,481766.27153596684,-0.2780116338000229,0.3269811117493302,72.1988366199977,12819.31027255337,102.79312941173237,0
univ3-conc-c20,301,10000,22.581543955234267,-1876.140280695724,1876.140280695724,-1853.5587367404896,26567.160900725466,130922.84072581083,0.1686910954749081,1195,1557,627653.829470779,1.052635258665789,1.052635925832094,205.2635258665789,0.006252936369094186,63.168482125548095,0
univ3-conc-c20,302,10000,94.54205815187684,-530.5188580399002,530.5188580399002,-435.9767998880234,182122.02886234171,3794.3785096822717,0.9795909432453176,7654,6460,722536.4802225173,-0.1950710213778298,1.0526355381579433,80.49289786221702,11969.926192382776,101.9797741604915,0
univ3-conc-c20,303,10000,320.1876061399182,-1801.2839032536313,1801.2839032536313,-1481.096297113713,131352.73656452275,85728.43210860305,0.6050858182098222,5622,4790,1019487.4144485547,-0.0007686439796809453,0.9999957896241025,99.9231356020319,10007.68725371562,99.98327419905475,0
univ3-conc-c20,304,10000,61.04242760961095,-5430.421621187338,5430.421621187338,-5369.379193577727,40309.43147048761,71305.2194815752,0.36114821062156116,3178,3390,1522738.5384643795,1.0526356215598554,1.0526359211733196,205.26356215598554,0.003147003953560379,80.1618422792759,0
univ3-conc-c20,305,10000,19.410869228501095,-370.4832967862305,370.4832967862305,-351.0724275577294,12208.326604351329,57244.471786804155,0.17577875747488966,724,1321,258922.09502066707,-0.9999955376281546,0.9999957860876971,0.0004462371845326031,20526.310041025674,120.98806606627531,0
univ3-conc-c20,306,10000,125.96367024136572,-306.94912688054063,306.94912688054063,-180.9854566391749,102461.72442483791,115780.28992643424,0.46948670598283754,3995,2940,324690.88855984516,1.0526310174822688,1.0526359324858405,205.2631017482269,0.04470989188031638,88.33883802758481,0
univ3-conc-c20,307,10000,133.08578132095047,-4353.680727038273,4353.680727038273,-4220.594945717323,28852.07366052154,90655.30664398121,0.2414250365710214,1000,1938,1003531.6722989718,1.0526268608958866,1.052635928381466,205.26268608958867,0.08205232849147137,35.262454488288526,0
univ3-conc-c20,308,10000,75.59037076270094,-5373.776966841387,5373.776966841387,-5298.186596078685,86050.37250428536,62593.26455359717,0.5789038414794502,4328,5293,1936359.1699442815,1.0526308724076787,1.0526357510331592,205.26308724076787,0.04614490229337498,71.39019780118406,0
univ3-conc-c20,309,10000,28.041355491671812,-3993.3947898821284,3993.3947898821284,-3965.3534343904566,48115.691162549694,36188.93204685077,0.5707360916973354,3042,5254,1687712.9087285001,1.0526355016716582,1.052635571864963,205.26355016716582,0.004308127275722384,74.06469152766799,0
univ3-conc-c20,310,10000,110.82346692141063,-3117.2593338068027,3117.2593338068027,-3006.435866885392,165694.5686181182,42022.82233602721,0.797692325409075,8717,7050,1735368.4816021838,1.0526331648621667,1.0526358596334577,205.26331648621667,0.025729895746025022,83.06030370845933,0
univ3-conc-c20,311,10000,53.04773955242274,-399.2554722287557,399.2554722287557,-346.20773267633297,22886.607789560458,211654.7975162735,0.09758024498794618,1065,815,198676.54998069615,-0.9999957610633591,0.9999958049882199,0.00042389366409310023,20526.312511115724,120.39333735672653,0
univ3-conc-c20,312,10000,63.69029718232937,-425.52417204091284,425.52417204091284,-361.8338748585835,47261.416399328606,101218.86102502872,0.31830097046663824,3143,2448,371719.7896018329,-0.9999957064279579,0.9999957808698042,0.0004293572042076699,20526.312101967327,128.03620268275165,0
univ3-conc-c20,313,10000,96.30796785978687,-732.2038833778611,732.2038833778611,-635.8959155180742,192023.372493103,2498.432294859335,0.9871560296410844,7541,7017,885995.2478686552,-0.8547191832043918,0.8758528421818049,14.528081679560822,18928.803583516958,109.12406973599073,0
univ3-conc-c20,314,10000,41.10461265152413,-4108.196804818308,4108.196804818308,-4067.0921921667837,30031.464851471657,119082.24170947475,0.20139976092135475,1603,1918,1010709.5378202952,1.0526331802264535,1.0526343031507137,205.26331802264534,0.025043832664152887,45.73847996385439,0
univ3-conc-c20,315,10000,109.79814541404058,-3307.489046929213,3307.489046929213,-3197.6909015151728,47844.14520899105,202973.6684862452,0.19075258054487917,2186,1800,867145.1128270867,-0.9999957091569339,1.0526356678533155,0.0004290843065984147,20526.312054072987,216.21833919433251,0
univ3-conc-c20,316,10000,24.325392142581066,-2614.617801194299,2614.617801194299,-2590.2924090517176,16545.0879713978,121949.35631937282,0.11946391103358055,676,1111,615168.4535138553,1.0526357742135146,1.0526357742135146,205.26357742135147,0.001556863060844682,30.169280603748007,0
univ3-conc-c20,317,10000,27.74254481940446,-2747.5071077370394,2747.5071077370394,-2719.764562917635,86404.7180328851,59851.994825870854,0.590774374344981,6265,5281,1427227.5509385744,0.5622574587799588,0.9999957352659462,156.22574587799588,4531.182243024211,94.60567878562699,0
univ3-conc-c20,318,10000,203.15600536723582,-2546.8715322628086,2546.8715322628086,-2343.715526895573,55894.04828151212,140662.01047332076,0.2843669568651127,2628,2483,883550.7001814138,1.052634671724669,1.0526359573823862,205.2634671724669,0.011655962796089658,73.23341597513519,0
univ3-conc-c20,319,10000,101.98671523679994,-3994.820494090398,3994.820494090398,-3892.833778853598,111553.55976478744,32300.653927996012,0.7754625804915412,5996,6925,1929673.2644962757,1.0526319753573643,1.0526359760915776,205.26319753573642,0.036338309525312695,80.54127455886922,0
univ3-conc-c20,320,10000,64.70969601637485,-464.78398361980067,464.78398361980067,-400.07428760342583,46393.674695320406,51655.01116215603,0.47316977570467644,1994,3360,469067.77832331357,-0.9999957866330031,0.9999957866330031,0.00042133669968987794,20526.312976994872,119.30523616592417,0
univ3-conc-c20,321,10000,40.48665920852335,-1628.3594721713819,1628.3594721713819,-1587.8728129628585,44207.11096487271,116397.5822329036,0.2752541665170018,2839,2524,727142.9198156195,1.0526358273509484,1.0526358947219538,205.26358273509484,0.0012402974489491014,79.383797537046,0
univ3-conc-c20,322,10000,7.676667588063461,-1032.9470172775918,1032.9470172775918,-1025.2703496895283,24908.648510647738,51611.30127363865,0.32551835934114537,1578,2890,650152.715826495,1.0526319592021258,1.0526355532709875,205.26319592021258,0.036106149611844884,89.50265190011257,0
univ3-conc-c20,323,10000,113.9653690786979,-4332.7542097366195,4332.7542097366195,-4218.788840657921,61817.00108645134,97499.42714370637,0.38801397805094484,3042,3519,1394515.0009971524,1.0526355931319957,1.0526359639418588,205.26355931319958,0.0034068126540763854,64.41284481911472,0
univ3-conc-c20,324,10000,22.740799016958004,-1165.170734631618,1165.170734631618,-1142.42993561466,70643.36196360693,1918.436547864675,0.9735613423699608,4589,7723,1174372.98994185,-0.9770966733137715,0.9999948943712614,2.290332668622848,20272.88704158058,110.53762081098655,0
univ3-conc-c20,325,10000,75.6796126558672,-3978.728211906261,3978.728211906261,-3903.048599250394,79531.85428341573,72869.48814172827,0.5218579640955586,3685,4827,1613430.3984594105,1.0526356866891036,1.0526358532371212,205.26356866891035,0.002652041635853114,88.53201256206908,0
univ3-conc-c20,326,10000,3.535734688022891,-828.1407393588927,828.1407393588927,-824.6050046708698,10017.52930261542,65174.33704908396,0.13322623561117414,704,1341,394330.0991239336,-0.7342030046245965,0.999995790850815,26.57969953754035,17621.851477912085,107.76756774471322,0
univ3-conc-c20,327,10000,81.9752048690124,-343.1586826446014,343.1586826446014,-261.18347777558904,143626.20694122027,1725.7255872600467,0.9881272607990823,5334,5677,545750.732349717,0.9808265460927705,1.0526350860693718,198.08265460927706,650.2931503518822,90.85897714735844,0
univ3-conc-c20,328,10000,13.51300464500287,-2077.0751520915483,2077.0751520915483,-2063.562147446545,14801.272839265508,106178.20347396929,0.12234532079592324,628,1078,534277.3803290986,1.0526350995617717,1.0526356420362049,205.26350995617716,0.00764130065597346,40.753389784457795,0
univ3-conc-c20,329,10000,144.21362281179543,-2797.3547163602802,2797.3547163602802,-2653.1410935484846,163437.8581502521,48741.04150472214,0.7702832770648715,8019,6769,1603907.491752879,0.6749173978101226,1.0526359670171497,167.49173978101226,3471.1652744429857,93.56275568572572,0
univ3-conc-c20,330,10000,1.3248121606828847,-268.9121789032887,268.9121789032887,-267.5873667426058,2772.338395052268,134018.57398053602,0.02026697787818118,117,190,79249.16559894316,1.0526311691561292,1.0526311691561292,205.26311691561293,0.04304860653377318,45.87125524823195,0
univ3-conc-c20,331,10000,164.64025708245234,-3700.7078087176706,3700.7078087176706,-3536.067551635218,93600.05415592896,152519.7296476232,0.38030284566899597,4525,3587,1300923.1457645283,-0.9999957653771172,0.9999957653771172,0.0004234622882821818,20526.31290368518,111.84763406821621,0
univ3-conc-c20,332,10000,46.03386317574035,-813.6472296480613,813.6472296480613,-767.6133664723209,137040.35112817434,2795.7694857174906,0.9800068145952288,9235,7207,948538.6105337151,0.3932226127295357,0.5819545334720835,139.32226127295357,6143.601777974133,96.18037729242826,0
univ3-conc-c20,333,10000,302.56579882634543,-5936.226807020534,5936.226807020534,-5633.661008194188,87435.83831728442,92871.4050180106,0.4849269319407809,4195,4250,1786588.2236098908,-0.6273899867474383,1.0205267872652322,37.26100132525617,16477.09965856347,106.66347682725883,0
univ3-conc-c20,334,10000,28.158997802776053,-716.8829971058364,716.8829971058364,-688.7239993030603,3511.480367031841,89907.43566022546,0.03758853684415776,212,309,161053.2559393868,1.0526359299521575,1.0526359299521575,205.26359299521576,0.000093261768857128,43.53506572387395,0
univ3-conc-c20,335,10000,18.56406707755221,-1701.7069294997357,1701.7069294997357,-1683.1428624221835,22163.44377262098,150359.29464922764,0.12846679791522575,941,1353,548151.1689905323,1.0526325019295146,1.0526357866710745,205.26325019295146,0.031107544573615087,71.3855580917928,0
univ3-conc-c20,336,10000,73.79995072435987,-2316.910123985208,2316.910123985208,-2243.110173260848,127575.01114772087,40894.80100339773,0.7572573953681696,8816,6595,1454464.6874751973,1.0526358916844045,1.0526359664932938,205.26358916844046,0.0011031187698135048,74.95867785187997,0
univ3-conc-c20,337,10000,92.1185861170184,-1054.0500392899073,1054.0500392899073,-961.931453172889,111005.75564457892,42780.5351234497,0.7218182784057138,5938,5664,910612.2095124271,0.9258602226998767,1.0526359830323613,192.58602226998767,1151.0739784130833,91.34596491098851,0
univ3-conc-c20,338,10000,271.1703142214702,-1209.6995673436677,1209.6995673436677,-938.5292531221975,59294.86263888821,121864.64666232026,0.32730748094653106,2033,2460,565528.3523730478,1.0526335855027085,1.0526359337831213,205.26335855027085,0.021429249531125905,87.77483026771564,0
univ3-conc-c20,339,10000,44.216783647424464,-486.4725467363676,486.4725467363676,-442.2557630889431,117338.78702984077,3893.4769159536922,0.9678841523763464,7559,6434,697272.6106767133,1.0046245382772037,1.0526359372146163,200.46245382772037,434.2904048922255,90.66365827772091,0
univ3-conc-c20,340,10000,332.73779884872823,-1541.4075820855826,1541.4075820855826,-1208.6697832368543,135958.660700628,68749.14182360336,0.6641596413235618,6039,5289,982199.7820990873,-0.9964185589798851,0.9999957748404753,0.35814410201149705,20486.683592104477,113.06145681175519,0
univ3-conc-c20,341,10000,1.0954272955014737,-160.43480142836728,160.43480142836728,-159.3393741328658,2065.860010444912,64797.30864889021,0.030896830824311917,128,241,72548.53603676947,1.052635819993929,1.052635819993929,205.2635819993929,0.001079280585840614,75.43729239482286,0
univ3-conc-c20,342,10000,77.9602375379653,-1963.7685374272264,1963.7685374272264,-1885.8082998892612,158569.31001897747,12094.356516890743,0.9291333840272974,6749,7668,1486780.4225247863,1.0526314177495508,1.052635882758154,205.26314177495507,0.041436434880672834,83.65751360198476,0
univ3-conc-c20,343,10000,22.90105797186169,-4348.515539177998,4348.515539177998,-4325.614481206137,31755.90906258645,147628.34609900252,0.1770272928021514,1649,1799,1009885.7321810239,1.0526322776123755,1.0526322776123755,205.26322776123754,0.03319026062422631,63.41902642153338,0
univ3-conc-c20,344,10000,12.257584919509116,-183.77430251937383,183.77430251937383,-171.5167175998647,17178.22053300108,271310.4862114484,0.059545556312601104,656,510,113465.32234510832,1.0526327620867184,1.0526347359350885,205.26327620867184,0.028710299746904866,59.25613573620295,0
univ3-conc-c20,345,10000,24.19437358657002,-1729.3032827787724,1729.3032827787724,-1705.1089091922024,24093.97529283293,94168.72440794665,0.2037326676441,1265,1761,637635.9447205082,-0.9999957441570253,1.052635816326276,0.00042558429747527327,20526.31238514903,139.56768586631839,0
univ3-conc-c20,346,10000,27.1988626338201,-1057.3454170770856,1057.3454170770856,-1030.1465544432656,36550.44975813869,215985.4324387887,0.14473368869472839,1754,1314,427350.5561662743,1.048355696269632,1.0526336259133844,204.8355696269632,38.63685257600781,90.28591474858376,0
univ3-conc-c20,347,10000,127.62281812089978,-857.7787206515839,857.7787206515839,-730.1559025306841,80507.29090844467,50847.8166328009,0.6128980624766748,4314,4564,719958.3799932693,-0.9999956749973075,0.9999957833427812,0.00043250026924912234,20526.31193396179,122.91590736336742,0
univ3-conc-c20,348,10000,85.60225280614999,-908.1471136426558,908.1471136426558,-822.5448608365058,118962.27392142736,29535.239427234395,0.8011061683040596,6339,6074,887190.7698017454,0.2650829789765055,1.0526358896434735,126.50829789765055,7383.848399489832,97.38786993123438,0
univ3-conc-c20,349,10000,19.518891992215405,-2304.0898324329614,2304.0898324329614,-2284.570940440746,22209.282790652436,71234.21351124813,0.23767606810106823,1134,2294,855918.7016698454,-0.9999957402070031,0.999995765086727,0.00042597929969560925,20526.312360616208,169.6359167203853,0
univ3-conc-c20,350,10000,46.72379122894402,-423.9628439654194,423.9628439654194,-377.23905273647534,11723.111606979033,232462.45588295982,0.048009027427315325,477,412,138946.27190255924,1.0526350845272723,1.0526357223766507,205.26350845272722,0.0077391508348032545,37.16394604801527,0
univ3-conc-c20,351,10000,33.55072830520378,-1506.9698908829962,1506.9698908829962,-1473.4191625777923,57953.480079391156,82533.38096525232,0.41251886225128825,2893,3618,877135.2985495024,-0.9999956671601009,0.9999957327735355,0.00043328398990909644,20526.31172502143,141.52990195223055,0
univ3-conc-c20,352,10000,102.76155982509695,-4215.848087909686,4215.848087909686,-4113.086528084589,72921.95125918604,221846.3907976251,0.24738732372125527,2920,2348,1112414.3121804039,1.0526304362033536,1.0526358990057878,205.26304362033537,0.049886253338256026,75.13661845490097,0
univ3-conc-c20,353,10000,41.38462922563944,-1032.4503740311197,1032.4503740311197,-991.0657448054803,47221.212207405384,171958.061983471,0.21544560899623155,1927,1978,532075.4754780532,-0.9999956331118096,0.9999958056249865,0.00043668881902989633,20526.311205318834,144.46897762998216,0
univ3-conc-c20,354,10000,135.8353415867028,-1645.1143801091825,1645.1143801091825,-1509.2790385224798,273481.4554914117,2862.5556784362097,0.9896413326769119,11736,7999,1387887.0574624054,0.9530979548773655,1.0526339410211123,195.30979548773655,902.5915618676711,91.15506987045693,0
univ3-conc-c20,355,10000,119.65623191101007,-4004.8656329502687,4004.8656329502687,-3885.209401039259,42170.44090899229,192607.7873644459,0.17961819210884333,1484,1744,941718.9616051014,-0.9999957803516675,1.0526357589379873,0.0004219648332506625,20526.31280205908,154.18981019057375,0
univ3-conc-c20,356,10000,68.39230730855525,-76.02414150206039,76.02414150206039,-7.631834193505142,128592.7025058573,173.79901361223455,0.9986502777386869,4869,1325,108564.78578904812,0.2237628977440903,0.27699472757902527,122.37628977440903,7787.13116907425,97.80831608080179,0
univ3-conc-c20,357,10000,59.861580115959754,-199.45653645754868,199.45653645754868,-139.59495634158893,110008.95995430296,543.1284243360998,0.9950871265093076,4421,4454,367738.9018924037,0.12067762913499948,0.5643064560361972,112.06776291349995,8800.462560195154,98.8813785647594,0
univ3-conc-c20,358,10000,37.15088981465759,-4012.785973656253,4012.785973656253,-3975.6350838415956,42573.4089005824,88674.29530889992,0.3243745035923194,2336,2991,1250289.933688188,-0.9999956181601856,1.0526359052080319,0.0004381839814465939,20526.311113363914,144.43542147189282,0
univ3-conc-c20,359,10000,128.1495121655433,-504.6405772715839,504.6405772715839,-376.49106510604054,173868.57945678782,23969.297145738637,0.878843740352637,6566,5673,639942.7778805691,-0.5886949428921177,0.9999957390263886,41.130505710788235,16065.50055728826,106.20999279808248,0
univ3-conc-c20,360,10000,57.884476395308326,-169.39546609407532,169.39546609407532,-111.51098969876699,125943.0777263366,634.7209492465054,0.9949855270364333,5055,4140,331774.0601544625,0.3287801232806589,0.5223669006125724,132.8780123280659,6765.377366324932,96.80170645181772,0
univ3-conc-c20,361,10000,1.6538388229630336,-276.4014199297446,276.4014199297446,-274.7475811067815,3449.0060063043156,172412.7024725447,0.019612035139071386,154,150,75673.725862077,1.0526357235323978,1.0526357235323978,205.26357235323977,0.001945910391172534,35.89070504569022,0
univ3-conc-c20,362,10000,108.50544466687303,-338.55133056528524,338.55133056528524,-230.04588589841222,237067.714006837,1458.356491093704,0.9938859660579268,11687,5563,529543.2267490234,0.2668321823848021,0.6542153192069873,126.68321823848021,7366.812725385192,97.38404598995342,0
univ3-conc-c20,363,10000,86.16343160522086,-844.9242553016354,844.9242553016354,-758.7608236964145,165807.24191989907,1583.368703881124,0.9905408750348618,6597,7345,977270.5828866676,-0.508108878327041,0.875975602302974,49.189112167295896,15213.552517251634,105.30057743395567,0
univ3-conc-c20,364,10000,17.017642438552645,-2366.983082427978,2366.983082427978,-2349.9654399894252,27820.732609077873,88974.07331616114,0.23820179663542634,1155,2357,875075.0507428286,1.052631270558126,1.0526353548600194,205.2631270558126,0.04227825379421546,78.58188494603716,0
univ3-conc-c20,365,10000,117.08491945394668,-2707.1997667642127,2707.1997667642127,-2590.1148473102658,200815.8145925237,37010.76602657286,0.8443791861690625,7896,7323,1670569.7504192458,0.49227106576503926,1.0526353605622594,149.22710657650393,5195.553870575285,95.25272921915307,0
univ3-conc-c20,366,10000,69.53211587737748,-1278.6585507168493,1278.6585507168493,-1209.1264348394718,123836.95968485935,40111.23270591031,0.7553420253008621,8099,5984,1040454.4466631332,1.051661593530178,1.052635952868699,205.1661593530178,8.79441797184035,89.16800316112867,0
univ3-conc-c20,367,10000,67.13082834493477,-894.8357281806867,894.8357281806867,-827.7048998357519,157836.82616502588,1892.9631809428442,0.9881489658961313,7843,7369,1008099.9568824619,-0.21305095332106191,0.7715369421933964,78.69490466789381,12153.45183884088,102.15133618218331,0
univ3-conc-c20,368,10000,17.756567969371062,-4017.280617057735,4017.280617057735,-3999.524049088364,34087.489158906574,101184.43091536644,0.25199235096382416,2794,2378,1104416.2578385535,1.0526352846821456,1.0526357118263483,205.26352846821456,0.0061287215851892896,46.64121858200154,0
univ3-conc-c20,369,10000,35.803405389673486,-2715.192694513019,2715.192694513019,-2679.3892891233454,31284.095008893008,171960.25065459026,0.1539235687308658,1488,1399,711350.3301012625,-0.9999956375611013,0.9999956964639674,0.0004362438898651149,20526.31119883494,159.14475917761348,0
univ3-conc-c20,370,10000,90.8714107894962,-1370.277373390964,1370.277373390964,-1279.4059626014678,182673.4647309018,2075.2927864549843,0.9887669459089055,6885,7917,1271345.3351797445,0.07800925169622673,1.017012787132915,107.80092516962267,9222.93934054696,99.22440146244203,0
univ3-conc-c20,371,10000,75.23856170685826,-8775.512076397701,8775.512076397701,-8700.273514690844,65657.71890153903,80907.2815664559,0.44797679317632555,2494,4175,2148237.5261778166,1.0526359457731358,1.0526359466470225,205.26359457731357,0.00022808835079957124,58.151763025720285,0
univ3-conc-c20,372,10000,46.0678926201656,-6055.474045496531,6055.474045496531,-6009.406152876366,41007.01877357931,81428.20261758268,0.3349282854038226,2588,3171,1564371.4274434003,-0.9999957555939806,1.0526357730675977,0.000424440601941354,20526.312668029248,117.61770074891827,0
univ3-conc-c20,373,10000,36.214080983498405,-4186.142583438357,4186.142583438357,-4149.928502454859,63956.2165035321,31897.3308294352,0.6672284780590001,3294,6094,1878281.1245208834,0.21860068642270206,1.0526359041869893,121.8600686422702,7837.630229516532,97.85218742429431,0
univ3-conc-c20,374,10000,26.58422861795994,-1907.0045963174205,1907.0045963174205,-1880.4203676994605,42219.62377987812,41531.908758963655,0.5041056861890588,2379,4555,1085349.0447159195,0.5439059833106299,1.0526358912294254,154.390598331063,4704.95223559725,94.7746136680901,0
univ3-conc-c20,375,10000,189.9478044933215,-5118.462802569262,5118.462802569262,-4928.514998075941,102314.33404400006,172519.3527191468,0.3722772679324973,4168,3436,1495823.6806646949,-0.9999957702895478,1.0526358922314907,0.0004229710452250586,20526.312930081847,155.8141834348393,0
univ3-conc-c20,376,10000,15.185968399191978,-1183.0910120695125,1183.0910120695125,-1167.9050436703205,13906.156492963415,184648.06438744254,0.07003707315463936,531,611,301589.1240957763,-0.9999957970540138,1.0526350238457924,0.0004202945986312263,20526.31286892248,217.7149092138442,0
univ3-conc-c20,377,10000,56.8918133810232,-1668.6931544438771,1668.6931544438771,-1611.801341062854,153157.54640347013,38833.978046316486,0.79773076880551,7958,6693,1279584.8689838073,1.0526358985364541,1.0526358985364541,205.2635898536454,0.001002716315294444,67.52459434563514,0
univ3-conc-c20,378,10000,113.85325721134836,-7075.834861913002,7075.834861913002,-6961.981604701654,112090.55164779785,89170.60754924385,0.556940803158434,4565,5077,2148883.982497896,-0.482215965911606,1.052635944402076,51.7784034088394,14941.30841115514,104.99722800548626,0
univ3-conc-c20,379,10000,58.66285721156241,-2422.378022006077,2422.378022006077,-2363.7151647945147,90645.54234967177,57758.22566667456,0.6108035096500203,4763,5584,1350606.9157396653,-0.6787282126731191,1.0526359610493388,32.12717873268809,17025.72945325955,107.09477794308499,0
univ3-conc-c20,380,10000,62.62063779681051,-5296.149353574125,5296.149353574125,-5233.528715777315,35773.31698413136,75651.12513568232,0.32105448592387514,2206,3036,1435324.1603628055,1.0526359166561725,1.0526359166561725,205.26359166561724,0.0004311638850076349,37.25852570816146,0
univ3-conc-c20,381,10000,41.859415651584655,-1213.4498104510044,1213.4498104510044,-1171.5903947994198,109109.77544645545,1429.08144738142,0.9870716824152258,6465,7781,1205463.2683578169,-0.08116784192953802,0.8920835259339559,91.8832158070462,10814.986917177515,100.82310097088454,0
univ3-conc-c20,382,10000,4.094240338782321,-1315.8524358687516,1315.8524358687516,-1311.7581955299693,4817.29839081389,64911.44721547043,0.06908626204197385,345,540,297610.6148945395,1.0526332606359912,1.0526358346631175,205.26332606359912,0.02420085803581884,66.42757372228675,0
univ3-conc-c20,383,10000,43.2815740010097,-918.4110515491197,918.4110515491197,-875.12947754811,32385.375110371344,87710.92250110523,0.26966172775068586,1248,2187,512570.5396021811,1.0526355437823336,1.0526355949083246,205.26355437823335,0.0037082712123925887,73.20381602030669,0
univ3-conc-c20,384,10000,70.66242042872706,-2848.2495270691834,2848.2495270691834,-2777.587106640456,111801.57230021608,20637.915377414738,0.8441709814851504,5214,7475,1704568.3401169782,1.0526359615269067,1.0526359615269067,205.26359615269067,0.00035426005205091426,84.48340316634926,0
univ3-conc-c20,385,10000,15.545645303485927,-4556.801500165256,4556.801500165256,-4541.25585486177,21757.621469817394,43112.97974001415,0.3354003364241966,1596,3238,1403793.234717006,-0.4463527947541138,1.0526358687497004,55.36472052458862,14565.425737101397,104.61406622725117,0
univ3-conc-c20,386,10000,54.34769975995376,-488.0413732141176,488.0413732141176,-433.69367345416384,164386.28704510146,3038.8199131317774,0.9818496761427195,9185,6427,704029.5081505491,0.6566063504420083,0.8192070804920578,165.66063504420083,3642.666917282676,93.76261887180742,0
univ3-conc-c20,387,10000,51.92126309249234,-3467.5900664381534,3467.5900664381534,-3415.668803345661,60679.66922758911,134622.04912335362,0.3106970575576414,3695,2958,1151226.010230275,-0.9999956799196351,0.999995793366533,0.000432008036481089,20526.311881992122,150.68622293412932,0
univ3-conc-c20,388,10000,64.18805681941345,-3647.9890643839144,3647.9890643839144,-3583.801007564501,47293.42874129973,188661.69649486247,0.20043399648117327,2084,1935,957257.1316128077,-0.28613330683064786,1.0526359390844484,71.38666931693521,12902.86688535053,102.91410981530791,0
univ3-conc-c20,389,10000,59.48679368070541,-652.6772734619924,652.6772734619924,-593.190479781287,20370.451279839774,115173.02986570216,0.15028720752690924,698,1167,306218.2926730885,1.0526343073641728,1.052635925479638,205.2634307364173,0.014797692356182265,50.707941737509806,0
univ3-conc-c20,390,10000,87.16502950801954,-203.9590614115689,203.9590614115689,-116.79403190354937,128837.14150097308,45601.014389388474,0.7385834873303191,7554,3588,298417.05356866797,1.052635889050089,1.0526359372720162,205.2635889050089,0.0009332239906593154,84.43827250739176,0
univ3-conc-c20,391,10000,60.70343455257312,-8244.980196835435,8244.980196835435,-8184.2767622828615,106928.57304328169,65885.18969231052,0.6187503318638117,5637,5737,2490640.563105617,-0.999995717320413,1.0526358648217609,0.0004282679587004944,20526.312549868646,148.86748956424333,0
univ3-conc-c20,392,10000,67.80831800536806,-2954.2190371306856,2954.2190371306856,-2886.4107191253174,50228.99389313669,43299.540499356335,0.5370445952071743,2695,4593,1340522.2164635523,-0.999983900298523,1.0526359455559964,0.0016099701477026995,20526.18138718804,111.24275701570009,0
univ3-conc-c20,393,10000,57.49898257447209,-2088.382664354935,2088.382664354935,-2030.883681780463,64088.67476367468,179777.02418348342,0.26280315370453844,2693,2235,783575.4356504475,1.0526267563234604,1.0526352780602213,205.26267563234603,0.08308185134525559,59.912073026557394,0
univ3-conc-c20,394,10000,216.34531263949233,-839.4787857681645,839.4787857681645,-623.1334731286721,79554.0951544866,170719.97529600287,0.3178679078151822,3172,2549,467180.3969680331,1.0526273938563417,1.0526359389237436,205.26273938563418,0.07736818012642743,88.08142200921634,0
univ3-conc-c20,395,10000,22.829485299661847,-4464.637216356242,4464.637216356242,-4441.80773105658,23369.71900451547,60195.08554472225,0.2796598296444966,1354,2740,1267220.8562365645,-0.9999955960469442,1.0526359350050958,0.0004403953055691451,20526.310802033513,155.1184015835788,0
univ3-conc-c20,396,10000,105.99858358159443,-132.47267162627693,132.47267162627693,-26.474088044682503,180397.94772448816,532.5028774301351,0.9970568642499998,6667,2364,193496.31598707745,-0.3350829538275403,0.3844347461151425,66.49170461724597,13407.931459724263,103.43715369072217,0
univ3-conc-c20,397,10000,53.83629026875863,-6684.564801773756,6684.564801773756,-6630.728511504997,122009.2469324731,45428.20387408085,0.7286855261158655,5912,6808,2480847.3654175154,1.0526317141089898,1.0526358676951073,205.263171410899,0.03869508623172635,79.41108286165839,0
univ3-conc-c20,398,10000,0.8928278970605847,-98.9160486555073,98.9160486555073,-98.02322075844671,426.5783221747308,117213.72911636792,0.003626123830028094,34,56,25532.845377061865,-0.9999958078143207,0.9999958078143207,0.00041921856792248666,20526.312930709963,198.38121121080906,0
univ3-conc-c20,399,10000,20.908316724456334,-115.08535457164962,115.08535457164962,-94.17703784719328,82834.08582880808,1076.9222759648053,0.9871658999183975,6638,3677,269102.83145944146,0.44957328830290494,0.5045892850053844,144.9573288302905,5603.1115611817095,95.64050066528185,0
univ3-conc-c20,400,10000,134.49546804317708,-2829.520524542297,2829.520524542297,-2695.02505649912,92921.06361776659,94151.82194942616,0.49671048445121274,3644,4251,1257718.8990482974,-0.4604671850593525,1.0526355340328768,53.95328149406475,14713.194359738316,104.7825873962232,0
univ3-conc-c20,401,10000,39.900459589010794,-998.3790666700222,998.3790666700222,-958.4786070810114,44130.10081106513,21989.64239326508,0.6674269843228162,2748,5395,883655.2816270979,1.052635598545399,1.0526359694952145,205.2635598545399,0.0034194260393050624,82.87062419917793,0
univ3-conc-c20,402,10000,126.76077910525974,-142.32024191893504,142.32024191893504,-15.559462813675296,252102.93236566297,196.41394796796635,0.9992215043326993,10291,2255,196520.74291373743,0.022748669784911045,0.19589269746944396,102.2748669784911,9772.772398003555,99.80422989275071,0
univ3-conc-c20,403,10000,108.57198658385698,-5808.549469365344,5808.549469365344,-5699.977482781486,126798.07390754111,63100.36804306475,0.6677151882084548,6568,5998,2122817.9997856095,1.0526273848706227,1.0526359645239223,205.26273848706228,0.07775523195554968,79.5186281759675,0
univ3-conc-c20,404,10000,67.41441817317346,-3365.5476474634906,3365.5476474634906,-3298.133229290317,98841.09707654023,58835.29377762935,0.6268604737912574,3752,5544,1610015.1226136398,-0.9999957630977967,0.9999957789136856,0.0004236902203296647,20526.312939994456,120.4283501745212,0
univ3-conc-c20,405,10000,8.083793126357712,-9064.765644008985,9064.765644008985,-9056.681850882627,20206.348214719186,36979.73584920039,0.3533437993784222,1656,3672,2054521.7689196756,1.0526348044667555,1.0526359136878805,205.26348044667554,0.010465330967866393,70.0721854917118,0
univ3-conc-c20,406,10000,85.67298991221124,-1963.1078322201759,1963.1078322201759,-1877.4348423079646,40866.899914533096,101750.99502086353,0.28654819181733876,2699,2560,784975.0638214798,-0.9999957326019694,1.0526358728430218,0.0004267398030623324,20526.31238437504,115.35967467289188,0
univ3-conc-c20,407,10000,40.480185170279974,-2836.0130929337383,2836.0130929337383,-2795.5329077634583,73234.762186877,11027.883721791559,0.8691248820533767,4558,7564,1765551.4585678566,-0.47488009045911406,0.9999957678131272,52.511990954088596,14864.308771624608,104.9332958814478,0
univ3-conc-c20,408,10000,3.4129481709343636,-446.1863939533521,446.1863939533521,-442.7734457824177,5984.669579840505,139037.07677338237,0.041267394237991854,327,370,144908.3821744685,1.0526349339762537,1.0526359340115652,205.26349339762538,0.009091561693985284,70.17455432988118,0
univ3-conc-c20,409,10000,21.0969384670278,-1200.4556321086452,1200.4556321086452,-1179.3586936416175,11886.754651903433,158311.06437003176,0.06984081652874448,451,694,338916.66395386774,-0.9999956989664109,0.9999956989664109,0.00043010335891281704,20526.31178210004,119.38920600185742,0
univ3-conc-c20,410,10000,51.57694231535174,-5219.047191794075,5219.047191794075,-5167.470249478723,48025.95486582757,88584.98361761954,0.35155277753725983,1799,3508,1519578.1348199141,1.0526342187776172,1.0526359040221838,205.26342187776171,0.015752806091681393,38.63694140995803,0
univ3-conc-c20,411,10000,101.40115176980913,-5181.336012014561,5181.336012014561,-5079.934860244752,35475.86009626499,94646.98790472449,0.2726335969528981,1754,2701,1339612.1108775628,-0.9999944051857952,0.9999957879036543,0.0005594814204779577,20526.297633297025,115.05567820961065,0
univ3-conc-c20,412,10000,14.009296887222856,-3651.1144442391874,3651.1144442391874,-3637.1051473519647,35244.45686274982,87452.11753776626,0.28724890678448783,2604,2686,1151824.2255096612,-0.9999956783893341,0.9999957770471924,0.00043216106657955456,20526.31178196305,149.97496318984773,0
univ3-conc-c20,413,10000,34.74767563381765,-1751.5184539136424,1751.5184539136424,-1716.7707782798248,48424.37069133148,125736.28641093994,0.2780442580834746,2454,2637,798884.9889382077,-0.9999938682385252,1.0526359440249227,0.0006131761474884589,20526.29171320431,111.05521381129603,0
univ3-conc-c20,414,10000,122.01388614028757,-2654.9560973111525,2654.9560973111525,-2532.942211170865,162954.54397940374,105047.70257082152,0.6080342462683986,7103,5478,1406951.0963827155,1.0526357266504933,1.0526358162295641,205.26357266504934,0.0024747071878152838,70.54611788601315,0
univ3-conc-c20,415,10000,61.658125826459184,-289.17655424210477,289.17655424210477,-227.5184284156456,140069.36917681643,1343.4914338918497,0.990499510241927,5757,5345,499543.46869343787,-0.18870653344231628,0.8022869150733777,81.12934665576837,11905.041977122442,101.89334590755318,0
univ3-conc-c20,416,10000,54.79435281347476,-1099.9212197041088,1099.9212197041088,-1045.1268668906341,51913.16777674199,40142.74103789208,0.5639308594658009,3618,4642,849578.0634213389,-0.9999549203934807,0.9999957662484991,0.004507960651941811,20525.860328028743,111.54540870840175,0
univ3-conc-c20,417,10000,71.6868570655651,-1455.846327651695,1455.846327651695,-1384.1594705861298,155865.45650252243,3195.255621074806,0.9799117231501393,7200,7950,1322298.7465672705,-0.6720226430419401,1.0526349222966311,32.79773569580598,16953.904655163093,107.07520351566187,0
univ3-conc-c20,418,10000,28.061533562450983,-1607.4448730962856,1607.4448730962856,-1579.3833395338347,27366.45391151666,73777.93408546828,0.2705681892339142,1388,2250,703727.7026815074,-0.9999957946939121,1.051226678779784,0.0004205306087928195,20526.312980085837,154.00157860553227,0
univ3-conc-c20,419,10000,50.72522803837469,-1504.1720364311013,1504.1720364311013,-1453.4468083927266,116570.92088099424,7704.136159583199,0.9380073818266871,7385,7651,1319961.158707215,-0.36044932286696046,0.9999957882476579,63.955067713303954,13670.653420724564,103.70456875739303,0
univ3-conc-c20,420,10000,5.715132685999393,-648.425158336195,648.425158336195,-642.7100256501956,5301.091730200783,152400.52555693843,0.03361469477227165,343,348,158629.05336388524,1.0526349107218138,1.0526358179237973,205.26349107218138,0.009298572621457613,65.58705845503661,0
univ3-conc-c20,421,10000,33.16555374892193,-7109.030424933221,7109.030424933221,-7075.864871184299,49749.83630190223,26049.28446369486,0.6563379073452545,2835,6107,2406324.212850542,-0.999994002675304,1.0526357816657355,0.0005997324695932902,20526.293415009233,113.96973346125885,0
univ3-conc-c20,422,10000,18.509329907944032,-2112.258108102158,2112.258108102158,-2093.748778194214,22259.276679335482,56519.80589108749,0.28255313406877075,1370,2522,835963.9750336703,-0.9999957135871373,1.0526359485412364,0.00042864128625996967,20526.312094621982,143.2724004731088,0
univ3-conc-c20,423,10000,21.163086429926242,-1585.1769281926245,1585.1769281926245,-1564.0138417626981,39113.15039433786,25423.546798932603,0.6060606150513753,2704,5084,1076475.4149147065,-0.9999956695554738,1.0526330617347899,0.0004330444526213822,20526.31181351569,129.30019002215653,0
univ3-conc-c20,424,10000,20.162516607194462,-1467.3061104737637,1467.3061104737637,-1447.1435938665693,25840.258482775134,98196.08705342193,0.20832811843230473,1427,1879,606247.812431373,1.0526299798881757,1.0526359153071703,205.26299798881757,0.053915366829606765,64.94421331010906,0
univ3-conc-c20,425,10000,45.28315807960217,-5133.342554258035,5133.342554258035,-5088.059396178433,50713.86180863481,88482.3498172784,0.3643336353501287,2121,3438,1524939.887155351,-0.9999957065514627,1.0526359204828781,0.00042934485372121613,20526.312111402156,118.38385301113112,0
univ3-conc-c20,426,10000,61.28953763783747,-332.75936246801473,332.75936246801473,-271.46982483017723,167857.75252282544,1389.175710090547,0.9917920181796223,9668,5726,546559.5712519946,0.4844178166812304,1.0179845169650006,148.44178166812304,5270.387020880059,95.29531009585322,0
univ3-conc-c20,427,10000,40.34391790644594,-5643.445457448278,5643.445457448278,-5603.101539541832,36481.356733289584,97357.09350980562,0.27257754903039666,2046,2669,1399294.1406837977,1.0526359362609334,1.0526359362609334,205.26359362609335,0.00022851621131758648,76.86609659728674,0
univ3-conc-c20,428,10000,41.107375295438494,-563.637450312504,563.637450312504,-522.5300750170655,22617.953942215136,134148.17608585162,0.14427832043927927,1486,1184,291545.80011209915,-0.9999957762278473,0.999995798305832,0.00042237721526758613,20526.312724701686,194.90843545565022,0
univ3-conc-c20,429,10000,326.76726521297184,-429.80915245909284,429.80915245909284,-103.04188724612101,21437.744848436818,259096.48828314137,0.0764175716066065,694,472,83316.78792539565,-0.9999957835982514,0.9999958024994493,0.00042164017486405947,20526.312720186794,131.93445052589976,0
univ3-conc-c20,430,10000,68.95565088861886,-5176.5287168301575,5176.5287168301575,-5107.5730659415385,105764.1974802646,58657.55390454986,0.6432494277033513,5483,5799,2005246.8697227256,1.052635345705994,1.052635926386817,205.2635345705994,0.005851115076680458,87.42609396551642,0
univ3-conc-c20,431,10000,113.5962019947643,-200.95232320551293,200.95232320551293,-87.35612121074863,130519.75618149841,59331.8021250874,0.6874831965862814,7283,3089,256963.7894395616,-0.9999956297467628,0.9999957615733048,0.000437025323718313,20526.311513653374,115.61020348028701,0
univ3-conc-c20,432,10000,13.900928843511743,-1523.253931981022,1523.253931981022,-1509.3530031375103,10775.155652634101,110789.79427341597,0.08863702620853134,525,807,385644.30584264884,1.0526345678320055,1.052635932430145,205.26345678320055,0.012423451677368913,55.8637384565773,0
univ3-conc-c20,433,10000,5.937294158608826,-1065.0991888490296,1065.0991888490296,-1059.1618946904207,11835.752702915166,183549.60436253285,0.06057645711367489,452,547,280692.962432915,1.052633833227675,1.052633833227675,205.2633833227675,0.019038544187518824,29.59092273044651,0
univ3-conc-c20,434,10000,9.521457916364723,-1486.9359433187371,1486.9359433187371,-1477.4144854023725,25334.011858908558,78011.04658412552,0.24514004095196468,1771,2232,666184.7380310842,1.0526350864894867,1.0526359468231141,205.26350864894866,0.007863606829281888,75.05302836475634,0
univ3-conc-c20,435,10000,144.03318772435568,-433.7709575078146,433.7709575078146,-289.73776978345893,112801.86382478398,154048.2666876202,0.4227161650930522,4649,3056,391669.12031765527,-0.9999956106800011,0.9999957681978167,0.00043893199990054424,20526.311161472928,133.83458281712393,0
univ3-conc-c20,436,10000,57.26909559188236,-376.9975967804094,376.9975967804094,-319.72850118852705,43225.720660230865,102360.02204981956,0.29690902320235785,2527,2348,343408.63196569495,0.824499285794839,1.0526359354188688,182.4499285794839,2081.474005307217,92.19011207615675,0
univ3-conc-c20,437,10000,34.26640437487844,-129.60770825950334,129.60770825950334,-95.34130388462489,11217.245912822154,109763.81798769304,0.09271902189623897,468,555,87662.31732039548,1.0526294695860887,1.05263574050026,205.26294695860886,0.05842029662019854,59.333780437215594,0
univ3-conc-c20,438,10000,28.868469328118998,-8887.17633287354,8887.17633287354,-8858.30786354542,50891.717672301114,38030.967886499646,0.5723142227710678,3133,5488,2552391.022295245,-0.33400546407500115,0.9999957828108071,66.59945359249988,13396.786807365987,103.42552155893274,0
univ3-conc-c20,439,10000,21.82428734853596,-2211.709897532031,2211.709897532031,-2189.885610183495,34464.77833397591,249184.31137466567,0.12150498480138756,1445,1233,597234.3828088571,1.0526338407090006,1.0526357984647037,205.26338407090006,0.019047854606172976,65.04314524380018,0
univ3-conc-c20,440,10000,25.31279521939393,-3095.751788501603,3095.751788501603,-3070.438993282209,56789.57889796627,70839.55283186933,0.4449578096180897,4592,4025,1305479.5771364004,-0.99999534656921,0.9999957636574885,0.000465343078993069,20526.30829157814,114.23074103393479,0
univ3-conc-c20,441,10000,8.694469484677315,-1645.572311565135,1645.572311565135,-1636.8778420804576,26902.157848488892,37072.51142768207,0.42051265216167844,1960,3672,908490.4215740535,1.0526316055574112,1.0526354043628763,205.2631605557411,0.03934939450394381,67.50017776197232,0
univ3-conc-c20,442,10000,120.99089967963671,-1549.8184495606754,1549.8184495606754,-1428.8275498810387,30541.779173379124,239758.25347185438,0.11299214015806261,1102,1040,450856.2250829704,1.0526350766697252,1.0526356405364807,205.26350766697252,0.00786775578986787,49.24764939711783,0
univ3-conc-c20,443,10000,147.2084934874,-597.6736910901551,597.6736910901551,-450.4651976027551,194568.73099612398,30130.383859498048,0.8659078658193291,8139,5899,688740.2814008535,0.5876134110567094,1.0526359902049958,158.76134110567094,4291.596480451616,94.36663547381654,0
univ3-conc-c20,444,10000,141.19564059556654,-2525.946558169915,2525.946558169915,-2384.7509175743485,70302.36427141535,163931.24324493654,0.3001378197469273,3466,2737,935475.5645849084,1.0526323656403418,1.052635809638994,205.26323656403417,0.03251984257133245,83.27319595062855,0
univ3-conc-c20,445,10000,18.987120509421906,-2702.0963267758802,2702.0963267758802,-2683.1092062664584,50476.33395736351,31304.73975263309,0.6172129035179625,4021,5548,1449826.952011708,-0.9237279202812938,1.0526358628407513,7.627207971870617,19684.61222738243,109.9092269867585,0
univ3-conc-c20,446,10000,8.658082026240479,-1395.2803065067837,1395.2803065067837,-1386.6222244805433,11885.558499872273,114427.87731219752,0.09409575809144886,409,799,389938.1403836933,-0.9999956946111682,0.9999957844060446,0.0004305388831761644,20526.311738592427,119.80019033788815,0
univ3-conc-c20,447,10000,53.167254580878385,-2587.4956425554897,2587.4956425554897,-2534.3283879746114,117506.12249159478,20254.662756303238,0.8529722176027428,7274,7376,1641761.804614218,0.2817095992364193,1.0526359772964449,128.17095992364193,7222.036747453759,97.24092416885661,0
univ3-conc-c20,448,10000,38.94003283865453,-4050.229106155992,4050.229106155992,-4011.2890733173376,43575.922452355655,135588.58072256658,0.24321738782046312,2333,2251,1077450.151732954,1.0526339535578109,1.0526359032160608,205.26339535578109,0.018114885786178744,78.63750169079104,0
univ3-conc-c20,449,10000,9.164101435029504,-325.29724478279905,325.29724478279905,-316.13314334776953,15968.398197806924,135084.61133479027,0.1057138699004931,1105,888,200329.19449569774,1.052633343897488,1.05263564364432,205.2633343897488,0.023497589780804518,55.34013984938232,0
univ3-conc-c20,450,10000,40.97440393127145,-2144.16285946012,2144.16285946012,-2103.188455528849,135752.71776859375,14671.043376474221,0.9024685776715452,10287,7716,1549957.472987714,-0.045105200962176045,1.0526358490263759,95.4894799037824,10452.072527819892,100.43729998502583,0
univ3-conc-c20,451,10000,28.30126117800331,-1515.5856424777726,1515.5856424777726,-1487.2843812997692,65240.526230149546,42863.52358121886,0.603497522470141,3306,5174,1064673.3321439612,-0.999995763035557,0.999995763035557,0.00042369644429731676,20526.31289435234,115.67576703159847,0
univ3-conc-c20,452,10000,20.70316919221841,-3237.563790483545,3237.563790483545,-3216.8606212913264,46142.540380585946,99728.22107471486,0.3163248064261693,2681,2902,1119584.5213288465,1.052628201341202,1.0526357596099007,205.2628201341202,0.0700729606578534,66.93526093106411,0
univ3-conc-c20,453,10000,96.82593395521704,-1905.2408025963862,1905.2408025963862,-1808.414868641169,59265.52161887614,179673.32186250782,0.24803636259122347,2501,2186,739866.1815441072,1.0526353233417032,1.0526356536791064,205.26353233417032,0.005759033344258396,69.62910628954926,0
univ3-conc-c20,454,10000,6.466277024174611,-5006.452285379386,5006.452285379386,-4999.986008355211,14615.88417750865,49548.7353627374,0.22778728031483317,1181,2137,1183543.772015757,1.0526333095668152,1.0526358116045509,205.26333095668153,0.023867151139389725,48.609308582368236,0
univ3-conc-c20,455,10000,73.40467298851628,-1655.2293972524035,1655.2293972524035,-1581.8247242638872,32143.07129094188,130494.99981501474,0.19763559093123453,1358,1782,593832.4859284755,1.0526291995591641,1.0526357808036182,205.2629199559164,0.0609501616750201,68.55504131725361,0
univ3-conc-c20,456,10000,67.9474276198934,-108.49434541130562,108.49434541130562,-40.54691779141221,130968.28587112554,370.53463268384763,0.9971787881811145,5213,2580,197587.83192360782,-0.5502059006718522,0.5878594724661278,44.97940993281478,15657.717101246197,105.73620594054768,0
univ3-conc-c20,457,10000,168.10116454242822,-1598.367347533645,1598.367347533645,-1430.2661829912167,249848.77193765127,50063.05913047938,0.833074077297382,10113,6888,1247228.6849941327,1.0526287824183624,1.052635883186512,205.26287824183623,0.06534446173461703,85.0943379522687,0
univ3-conc-c20,458,10000,30.532901142532072,-5589.670659301629,5589.670659301629,-5559.137758159097,84451.37470847582,75862.52982082048,0.5267875856210769,5840,5047,1952931.5944450488,1.052635336054638,1.0526358479525149,205.2635336054638,0.00592412704484957,58.4527547431518,0
univ3-conc-c20,459,10000,13.164344576989068,-1123.875158749507,1123.875158749507,-1110.7108141725178,7850.561169625854,91323.66944145836,0.07915928483894319,411,846,348606.822602988,1.0526272550768376,1.0526356435153814,205.26272550768377,0.0784171167879899,54.759180549935586,0
univ3-conc-c20,460,10000,96.48915087678549,-5810.300947147564,5810.300947147564,-5713.811796270779,101961.96788549579,49686.70885780772,0.6723564628136343,6170,6075,2182544.1758454842,1.0526337513383583,1.0526359137595682,205.26337513383584,0.020288080483298943,80.3890781604229,0
univ3-conc-c20,461,10000,24.132291443315776,-169.8181185495032,169.8181185495032,-145.68582710618742,92463.70790915228,843.5001841086781,0.9909599676022286,6686,4573,367375.2790232175,-0.6721435213078668,0.7451731148010555,32.78564786921332,16955.198751488446,107.07658468719652,0
univ3-conc-c20,462,10000,147.18618443686626,-349.55223795907193,349.55223795907193,-202.36605352220568,277482.5737729852,1174.668482213115,0.9957845399146765,11581,5392,523293.4167707917,-0.40284499562499876,0.7435234601200126,59.715500437500125,14111.267489552925,104.15971191181474,0
univ3-conc-c20,463,10000,20.493312490731014,-98.07431039421186,98.07431039421186,-77.58099790348085,82340.95163879471,426.08862669540923,0.99485195283861,6528,3280,236334.87707885168,0.04542265771953027,0.159335733560749,104.54226577195303,9546.803243498187,99.54678831296937,0
univ3-conc-c20,464,10000,66.96511443711313,-749.6105903623472,749.6105903623472,-682.6454759252341,78080.85447482449,40737.583448556325,0.6571442600951743,5494,4947,702937.9567088505,0.4243217247357896,1.0526359516617356,142.43217247357896,5844.944215341595,95.88776045030315,0
univ3-conc-c20,465,10000,119.44389781381489,-2791.879288139345,2791.879288139345,-2672.43539032553,94103.47190704766,91754.36987100971,0.5063196204517514,3612,4480,1309205.4202889944,0.23900166781593768,1.052634825279382,123.90016678159377,7638.209532007432,97.65309966561432,0
univ3-conc-c20,466,10000,59.82018363646373,-1387.841196028095,1387.841196028095,-1328.0210123916313,69114.27480492939,62867.24942514574,0.5236662874452548,2978,4524,929158.4429325993,1.0526333185381023,1.0526357731058664,205.26333185381023,0.023969216026437867,75.03875251009258,0
univ3-conc-c20,467,10000,28.203362316774054,-43.7220217038765,43.7220217038765,-15.518659387102446,79121.9831256266,192.95602396585628,0.9975672171467983,4282,1426,95700.08058086698,-0.17510516863688863,0.23785177070403749,82.48948313631114,11766.519518498519,101.77994543370228,0
univ3-conc-c20,468,10000,52.99022254014662,-358.3036706025196,358.3036706025196,-305.313448062373,114690.56912328917,653.5747653030527,0.9943336978951066,5518,5882,583043.068516603,-0.3810698076229923,0.9247816900202395,61.89301923770077,13884.72196517967,103.89632848176089,0
univ3-conc-c20,469,10000,30.749176010024236,-5474.5657550541055,5474.5657550541055,-5443.816579044082,56448.78125001069,26971.31674995454,0.6766808311593474,3989,6269,2147969.113061957,0.9369651179507508,1.052635929684386,193.69651179507508,1049.6887722183421,91.26349732777008,0
univ3-conc-c20,470,10000,21.4168220739745,-2464.7496587890178,2464.7496587890178,-2443.3328367150434,45941.969277026525,54307.041041941055,0.45827853193613116,3214,4056,1175364.8162483214,-0.9999957239225707,0.999995762978359,0.0004276077429275584,20526.31239592748,132.9398925875566,0
univ3-conc-c20,471,10000,4.3420997844237785,-187.31048660664902,187.31048660664902,-182.96838682222526,1279.2383524097108,85673.6369772815,0.014711857975476264,92,136,54928.61612775616,1.0526319497366494,1.0526358380307108,205.26319497366495,0.03600133697965191,65.47061976477148,0
univ3-conc-c20,472,10000,15.530006939945023,-727.675916807582,727.675916807582,-712.145909867637,11806.459777163374,148164.29049208635,0.07380386575228098,568,672,248080.8035577351,1.052627230031749,1.0526359298395758,205.2627230031749,0.07864347162568208,79.49324905523362,0
univ3-conc-c20,473,10000,80.30400382004663,-4308.773461761787,4308.773461761787,-4228.46945794174,129355.27884015185,87566.87492907666,0.5963211990683339,6002,5367,1751911.3251279222,1.0526355116330555,1.052635899689949,205.26355116330555,0.0043627714889993285,57.854180223578204,0
univ3-conc-c20,474,10000,349.4356715445044,-1620.9831282938014,1620.9831282938014,-1271.547456749297,172596.99694533864,128363.19896830578,0.5734877877168266,6294,4691,954852.6432444527,-0.9999955019711437,0.9999957773949143,0.00044980288562945265,20526.310140572707,116.09748451979789,0
univ3-conc-c20,475,10000,27.11908971611601,-2564.1663439077806,2564.1663439077806,-2537.0472541916647,16319.351310675736,99772.52984019864,0.14057271834080212,1055,1308,657574.0620488289,1.0526329376303247,1.0526349106375101,205.26329376303246,0.02718107010483012,49.48173493297955,0
univ3-conc-c20,476,10000,73.67750683819075,-3767.9656913773956,3767.9656913773956,-3694.288184539205,169521.17356074846,54850.92695415123,0.7555358851288696,8873,6804,1892493.4312847015,-0.8059950942308559,1.0526303640886558,19.400490576914407,18398.43318386922,108.59601315210521,0
univ3-conc-c20,477,10000,74.36105165094696,-2494.552815579297,2494.552815579297,-2420.19176392835,104545.53317436845,45723.24620322894,0.6957235801567606,6193,6046,1465321.4330072934,-0.8776560757703975,0.9999958042078938,12.23439242296026,19179.411393718834,109.38881867964473,0
univ3-conc-c20,478,10000,14.299847524703798,-1053.7671907682104,1053.7671907682104,-1039.4673432435065,13808.810741496989,78934.18037129015,0.14889330800969897,604,1234,420569.83037353767,1.0526273615444748,1.0526353845382457,205.26273615444748,0.07748208611023327,50.407565765424664,0
univ3-conc-c20,479,10000,173.67286486936018,-1450.5924031466955,1450.5924031466955,-1276.9195382773353,14079.56289888314,108163.8622749722,0.11517644305907741,999,1092,420135.09913846647,1.0526345533463906,1.0526354125795885,205.26345533463905,0.012589060336420932,72.52114921339496,0
univ3-conc-c20,480,10000,74.51277828113919,-646.6195704663115,646.6195704663115,-572.1067921851724,203245.8595232941,1961.3540055958308,0.9904420806078549,10190,6927,845826.9179318523,-0.16507752964192235,0.9069456295105462,83.49224703580776,11664.515931370725,101.69001240386267,0
univ3-conc-c20,481,10000,20.1261539489809,-1057.0144868669804,1057.0144868669804,-1036.8883329179996,51129.8029349887,127288.3306384073,0.286572905516666,3387,2531,619497.0038079789,-0.9999956665700819,0.9999956665700819,0.0004333429918158677,20526.31168680271,146.35858597611372,0
univ3-conc-c20,482,10000,47.58286592312446,-4503.252094822853,4503.252094822853,-4455.669228899728,69842.97965713798,122449.21710850911,0.3632127607458661,3284,3197,1380660.134596965,-0.9999957512914608,1.052635742974379,0.000424870853926165,20526.312658450875,159.33411335403972,0
univ3-conc-c20,483,10000,285.1317623292015,-5162.167600439405,5162.167600439405,-4877.035838110203,53117.47963520707,38377.737547472265,0.5805492491389219,2380,5439,1903117.0821408108,0.8228664207426709,1.0526358766223303,182.2866420742671,2096.5364857357345,92.25154665532128,0
univ3-conc-c20,484,10000,9.879415966958744,-1986.6016183027436,1986.6016183027436,-1976.722202335785,15405.882908498583,142710.52182594806,0.09743380476157712,1137,928,486239.77484134375,-0.7762614338196461,1.052635233466618,22.373856618035386,18076.09724707848,108.23916588867387,0
univ3-conc-c20,485,10000,30.390851652469753,-508.749757015828,508.749757015828,-478.35890536335825,26373.58055253126,128254.47318631441,0.17056142087304618,1328,1529,326966.11774249974,-0.9999957090788767,0.9999957926081572,0.0004290921123243309,20526.31198721895,119.5297720697439,0
univ3-conc-c20,486,10000,131.7821530689725,-686.8842147512565,686.8842147512565,-555.1020616822841,33095.72038183609,74165.92455805534,0.3085513036871909,1414,2469,446233.82338648394,1.0526355611428746,1.0526359003705408,205.26355611428747,0.003569944948089321,77.7629685280421,0
univ3-conc-c20,487,10000,13.202780335058204,-1393.9602738695178,1393.9602738695178,-1380.7574935344596,10334.479758361787,113784.20278687193,0.08326288634747228,376,750,369049.26398320374,-0.9999957191861714,0.9999957831915429,0.0004280813828670127,20526.312004490264,172.84417558901163,0
univ3-conc-c20,488,10000,77.67432426410107,-2598.1446812115573,2598.1446812115573,-2520.4703569474564,56002.33301435574,108868.42832215052,0.33967413360852544,2832,3072,1029614.1401187677,-0.9999956952985198,1.0230794247168185,0.0004304701480181056,20526.312006313638,122.67048292464139,0
univ3-conc-c20,489,10000,356.36060417307885,-637.5256791299278,637.5256791299278,-281.1650749568489,78646.09198059677,115855.90596208767,0.4043459337819866,2691,2820,372407.92072380503,-0.9999954856732539,0.999995781585411,0.0004514326746069648,20526.309655523284,119.25194359041714,0
univ3-conc-c20,490,10000,47.32102505867632,-994.5997697893495,994.5997697893495,-947.2787447306731,125281.29531541096,1755.7092058647092,0.986179544987849,6658,7440,1065380.0708162186,0.2719262856462173,0.7714974033820549,127.19262856462173,7317.216656261101,97.31936629640732,0
univ3-conc-c20,491,10000,202.79514740760123,-377.6378088362246,377.6378088362246,-174.8426614286234,98681.16714744495,179006.63539740318,0.3553673090538696,3850,2295,274371.23295203625,1.0526283028094854,1.0526359644027514,205.26283028094855,0.06917766844582474,79.77451593859573,0
univ3-conc-c20,492,10000,125.94697294362264,-780.4993866151552,780.4993866151552,-654.5524136715326,54788.88206791207,65436.17219929848,0.45571933738652387,2795,3543,581705.2013390855,-0.9999950947124053,1.0526359503223655,0.0004905287594687059,20526.30537072778,121.66367939265241,0
univ3-conc-c20,493,10000,7.935628517199499,-1248.222605759728,1248.222605759728,-1240.2869772425283,14708.461210350475,159643.75169848802,0.08436062247194372,861,798,362227.88626932836,1.0526357335111554,1.0526357630386816,205.26357335111553,0.0019179951690917463,40.56523644849904,0
univ3-conc-c20,494,10000,4.988822086973688,-830.5298697221808,830.5298697221808,-825.5410476352072,9889.652677549584,88593.21664702738,0.1004200298526595,838,1005,333406.97585239663,1.0526351187754022,1.0526359282075046,205.26351187754022,0.007473911646494358,62.51250639959682,0
univ3-conc-c20,495,10000,174.59700560580546,-1691.475824583194,1691.475824583194,-1516.8788189773886,77968.19874178452,75464.15003400842,0.5081601068084907,3968,4141,917963.35441602,0.6986342250222881,1.052635966466597,169.86342250222881,3249.4837783893763,93.3622555485158,0
univ3-conc-c20,496,10000,0.8902929330835276,-206.12312194647834,206.12312194647834,-205.23282901339482,3784.494232901001,146405.81321379502,0.025197992448641564,215,269,84406.46498896349,1.052635821346133,1.052635821346133,205.2635821346133,0.0010712084338033723,63.81967609577817,0
univ3-conc-c20,497,10000,87.60742671528315,-2974.1555082471236,2974.1555082471236,-2886.5480815318406,67570.99417290965,75052.8203447105,0.47377076823703757,3718,4238,1293239.8185296485,-0.9999957243723101,1.0526351042178876,0.00042756276898858227,20526.312440876936,142.06103934942544,0
univ3-conc-c20,498,10000,30.425202091792826,-531.9667654288305,531.9667654288305,-501.5415633370377,129591.61204456296,2713.019102100787,0.9794941486281511,10563,6636,754683.5850241695,0.4897437991728157,0.6807936764167641,148.97437991728157,5219.629866697263,95.30359048196318,0
univ3-conc-c20,499,10000,23.137380781020596,-423.1708963573258,423.1708963573258,-400.03351557630515,81081.23540161227,5131.167695714398,0.9404822564808717,6091,6071,635563.408196377,1.0526341842383318,1.0526359203359315,205.26341842383317,0.016359608779058732,87.47165406845828,0
univ3-conc-c20,500,10000,130.82044747883305,-979.4053935592505,979.4053935592505,-848.5849460804175,156427.3407230752,44972.38580866217,0.7767008596132565,5717,5990,901063.09395802,-0.8282977818441981,1.0526356376241197,17.170221815580195,18640.867121769166,108.87813137566569,0
univ3-conc-c20,501,10000,117.20411494756208,-2156.7043069511083,2156.7043069511083,-2039.500192003546,149616.4341520127,4093.273207402314,0.9733701060413111,5302,8065,1586613.7239251933,0.012309856720143415,0.9999957388863673,101.23098567201434,9876.977818662761,99.87699805983084,0
univ3-conc-c20,502,10000,16.870988650760005,-1045.985426477291,1045.985426477291,-1029.114437826531,19605.53423025486,169872.3903416521,0.10347133722596033,901,926,348731.4495409964,1.052629712007579,1.0526357630473095,205.2629712007579,0.05627017041361526,75.81893143355069,0
univ3-conc-c20,503,10000,41.88333737161264,-3439.4043268854452,3439.4043268854452,-3397.520989513833,111603.52358899197,12899.653534801657,0.8963909690274368,7659,7894,1950366.2337649872,0.2086228319376488,1.0526358463210626,120.86228319376488,7935.311202138575,97.94582952960913,0
univ3-conc-c20,504,10000,131.58462272708655,-4855.7044058736155,4855.7044058736155,-4724.119783146529,139324.58961854278,175118.0026417854,0.44308434368584343,5078,4163,1645004.528799308,1.0526284823326129,1.0526358646469582,205.26284823326128,0.06770048468894174,67.85407064680061,0
univ3-conc-c20,505,10000,13.64436641000782,-7149.831646395501,7149.831646395501,-7136.187279985493,35496.76712792381,23391.73216866561,0.6027792786694369,2784,5908,2374194.791205066,1.0526353949134744,1.0526353949134744,205.26353949134744,0.0052887745796315055,80.97984172022159,0
univ3-conc-c20,506,10000,12.66681052477445,-1338.7520985857316,1338.7520985857316,-1326.085288060957,17985.59931636723,129788.99610762228,0.12170968402764763,1173,1057,434590.32056188484,-0.9999956318728236,0.9999957980352773,0.0004368127176377609,20526.31109733534,125.3239000523486,0
univ3-conc-c20,507,10000,36.61350243737037,-6758.300409930749,6758.300409930749,-6721.686907493378,83403.51463247747,15955.57764578438,0.8394150220183202,4856,7698,2673619.747688944,-0.9999956335921208,1.0526352603955036,0.0004366407879163581,20526.311680364743,116.76323549341127,0
univ3-conc-c20,508,10000,82.7639947917778,-340.55258125299196,340.55258125299196,-257.78858646121415,207951.552019039,916.7454267294893,0.9956108924238849,10501,5713,549080.7870827517,0.5092128775250134,0.7447508297577536,150.92128775250134,5034.311567800634,95.07703668238047,0
univ3-conc-c20,509,10000,74.13776270247003,-768.7088468230677,768.7088468230677,-694.5710841205977,94416.74766765925,170604.84306466376,0.3562605877006527,4026,2928,546667.8067388316,0.6644993631558819,1.0526358979289085,166.4499363155882,3568.703149177617,93.67146644680534,0
univ3-conc-c20,510,10000,86.43902920399881,-2598.5063185566964,2598.5063185566964,-2512.0672893526976,119056.42620786132,73132.71031257631,0.6194753166769169,4706,5376,1382922.3582073683,1.0526353298323672,1.0526359482379988,205.26353298323673,0.00593908855736025,87.51734843932982,0
univ3-conc-c20,511,10000,87.38564896500125,-264.0929745834445,264.0929745834445,-176.70732561844326,220101.35485639554,2396.277278792759,0.9892300998630997,11042,5132,465897.98472756095,-0.3727294990027605,0.8806686269390016,62.727050099723954,13798.084262855044,103.86260754960776,0
univ3-conc-c20,512,10000,50.02322185983983,-4568.595719729916,4568.595719729916,-4518.572497870076,131749.20226701477,20487.27901393522,0.8654246417051228,9481,7784,2210986.0684660873,0.9949493209053437,1.0526360197368054,199.49493209053438,522.0487653806346,90.71353089466925,0
univ3-conc-c20,513,10000,37.01099740818759,-1789.8877323178524,1789.8877323178524,-1752.8767349096647,40746.99428068104,227434.37102980286,0.15193820134932445,1490,1333,542548.104185984,1.0526319592557127,1.0526358776754532,205.26319592557127,0.036033340035000805,46.23435740383001,0
univ3-conc-c20,514,10000,22.195867407230413,-5483.895506543245,5483.895506543245,-5461.699639136014,44781.395349422346,106500.84619076976,0.2960122410502821,2857,2801,1426525.4326786497,-0.9999957747325102,1.0526358151975814,0.00042252674898417356,20526.31287371866,201.20910727615166,0
univ3-conc-c20,515,10000,107.52940561312612,-254.90993673331707,254.90993673331707,-147.38053112019094,84648.70673999288,64486.13673374742,0.5675984549841154,4890,3224,298513.55911293055,1.052635264522466,1.052635971955568,205.2635264522466,0.006434787727667174,85.3506831389895,0
univ3-conc-c20,516,10000,39.33454213876124,-1286.9282968196271,1286.9282968196271,-1247.593754680866,14760.122734706283,139247.75963341197,0.09584004732579733,587,777,341505.2022649195,1.0526306590450565,1.0526359283740474,205.26306590450565,0.04770331672546746,36.74187400178701,0
univ3-conc-c20,517,10000,84.52164748491894,-1143.8623580988287,1143.8623580988287,-1059.3407106139098,9995.152695993695,232325.3260756534,0.041247659903365895,461,410,226860.4956331599,1.0526356822935756,1.052635720772851,205.26356822935756,0.002344821482242132,33.76847659356618,0
univ3-conc-c20,518,10000,47.23650728181986,-345.2890684433886,345.2890684433886,-298.05256116156875,14303.842264068042,103663.51048782578,0.1212525493739912,471,839,180798.98464189534,1.0526357370832782,1.0526358247421095,205.2635737083278,0.00186918438321719,72.43327741346008,0
univ3-conc-c20,519,10000,170.32119703073892,-290.0136580570036,290.0136580570036,-119.69246102626471,312959.61866929336,1150.747605830143,0.9963364863774594,11720,4729,437177.82949158776,-0.4843512725076796,0.8966073505754832,51.56487274923204,14963.732513179417,105.0759677992,0
univ3-conc-c20,520,10000,21.040376744195793,-2769.877544834838,2769.877544834838,-2748.837168090642,31379.394892042732,186285.77483603643,0.14416360197290093,1497,1377,710105.4528559695,-0.9999955690604765,1.0526275189665077,0.00044309395235120255,20526.31043737655,138.28744481730243,0
univ3-conc-c20,521,10000,10.20435939370493,-5267.676106679974,5267.676106679974,-5257.4717472862685,19478.63683578835,44667.36281363986,0.3036609756219144,1445,2528,1311364.212225235,-0.9997613885408925,1.0526355339153128,0.02386114591075561,20523.715712591387,111.02052442371586,0
univ3-conc-c20,522,10000,33.54748636536883,-447.4286713129781,447.4286713129781,-413.88118494760926,103343.36276378394,2268.381035976191,0.9785215076054702,6693,6316,679053.7288117398,0.534099328305,0.9999956778655296,153.4099328305,4797.939115139329,94.86528978636358,0
univ3-conc-c20,523,10000,57.6073536054252,-1360.5248533374088,1360.5248533374088,-1302.9174997319835,55698.50740618223,51068.37355460874,0.521683380697774,4057,4455,908962.4486831289,-0.9999944985002194,0.9999957637185147,0.0005501499780723451,20526.298882845374,112.16467383836296,0
univ3-conc-c20,524,10000,14.485950060737565,-890.1179240797362,890.1179240797362,-875.6319740189987,12922.972034295712,101364.22729938402,0.11307453599037834,549,962,333320.33530698705,1.0526325822454194,1.0526357651561995,205.26325822454194,0.030349852233811203,60.93384366556086,0
univ3-conc-c20,525,10000,59.8485043539809,-4255.361112274445,4255.361112274445,-4195.512607920464,21467.553647643515,90699.32288619092,0.19138942182425808,1184,1804,975188.3160236028,-0.3771390088569303,1.0526359241290977,62.28609911430697,13843.879795782854,103.88130537616819,0
univ3-conc-c20,526,10000,40.12100124727499,-5053.627233722647,5053.627233722647,-5013.506232475373,100862.95789916243,37544.86742470914,0.7287373937358318,8186,6728,2140946.716512734,-0.459253899837397,1.052635910638282,54.0746100162603,14700.484027866594,104.74560557098565,0
univ3-conc-c20,527,10000,25.357965561069854,-2009.4963156718336,2009.4963156718336,-1984.1383501107637,64356.873563488654,37380.073050775085,0.6325811389592626,4299,5476,1243115.337667746,1.0526319896207335,1.0526359654240387,205.26319896207335,0.036065003009241536,81.35558103079696,0
univ3-conc-c20,528,10000,38.69601474808178,-3891.677553798427,3891.677553798427,-3852.9815390503454,70102.46019561416,87467.95055333729,0.44489609351405884,4398,4213,1493997.612999869,1.0526318461618263,1.0526358888143943,205.26318461618263,0.03731539427377584,89.07469559322297,0
univ3-conc-c20,529,10000,26.54084004182325,-540.8928147078705,540.8928147078705,-514.3519746660472,76117.11524399635,657.9724584205469,0.9914298703119574,4075,6707,763962.5083885036,-0.02455287094012263,0.5541310766167469,97.54471290598774,10245.831044454935,100.28336618752037,0
univ3-conc-c20,530,10000,51.15733003345255,-6132.36684873895,6132.36684873895,-6081.209518705497,54151.513789143275,96173.98886621134,0.36022838994454803,1840,3288,1626335.5182171483,-0.16764093034536573,1.0526359178598808,83.23590696546343,11690.581210649723,101.69769729782128,0
univ3-conc-c20,531,10000,110.94122507965322,-1447.4571798578775,1447.4571798578775,-1336.5159547782243,225141.14806679467,8161.151073483253,0.9650189856527038,10429,7679,1279148.1359497283,-0.9420291579174345,0.9999957032713127,5.797084208256548,19885.97288531446,110.13111417837389,0
univ3-conc-c20,532,10000,39.945252126884185,-5045.286659977793,5045.286659977793,-5005.341407850909,63953.452500630854,107208.27170867362,0.37364342288598124,3508,3404,1502318.5979076717,-0.9999956967167227,1.0526356820958314,0.00043032832772241236,20526.312076310882,124.74795167451322,0
univ3-conc-c20,533,10000,12.354065535323864,-3184.7232186431,3184.7232186431,-3172.369153107776,17827.991067360166,92932.05925918248,0.16096048182354292,1214,1592,799230.0102348049,-0.9999956340065466,1.0526357053156408,0.0004365993453552364,20526.31115451152,142.7729189741036,0
univ3-conc-c20,534,10000,6.090869590880614,-3690.3403588972,3690.3403588972,-3684.2494893063194,18940.082944876332,117890.73912809763,0.1384197117136028,1166,1579,870653.4769654961,1.052630629012109,1.0526349986190342,205.2630629012109,0.048034189690029816,33.98897758375087,0
univ3-conc-c20,535,10000,12.779112330069214,-1049.4212078613155,1049.4212078613155,-1036.6420955312462,4770.224350848506,85239.5635099173,0.05299672918046938,305,528,262458.8458564923,1.052635003457039,1.0526359238367047,205.2635003457039,0.008468494588145248,17.266303552170353,0
univ3-conc-c20,536,10000,98.11420343886454,-545.915067203297,545.915067203297,-447.80086376443245,103879.44077211803,31852.136610470872,0.7653299458777473,7362,5319,615519.5660330112,1.052635957518172,1.0526359701137644,205.2635957518172,0.0003836005106158391,85.9329445092417,0
univ3-conc-c20,537,10000,66.33263306141575,-348.51875992541954,348.51875992541954,-282.18612686400377,47173.4122999429,81614.15256389683,0.36628856481459876,2774,2611,337725.2923058652,1.0526359635696725,1.0526359635696725,205.26359635696724,0.00000725015223314307,86.57890930611123,0
univ3-conc-c20,538,10000,58.01840452035112,-10631.822394433682,10631.822394433682,-10573.803989913331,55142.130235856326,47471.59680186758,0.5373757666514191,2026,4925,2579464.9736547037,1.0526348764271898,1.052635946677525,205.26348764271899,0.009891951943780342,64.3198757310599,0
univ3-conc-c20,539,10000,57.43490649786072,-3011.8898662648908,3011.8898662648908,-2954.4549597670302,63385.90191499378,49105.439379591146,0.5634736077064185,2873,5158,1456873.2855524018,-0.6458088641449282,1.0526359613027847,35.41911358550718,16673.59948877281,106.7799829552167,0
univ3-conc-c20,540,10000,141.5146782365225,-3634.014811514141,3634.014811514141,-3492.5001332776183,224314.49618298438,13039.506550488524,0.9450630433853239,9378,8291,2044682.468602736,1.013381726455109,1.052635901988271,201.3381726455109,354.9289579416274,90.5869240700577,0
univ3-conc-c20,541,10000,26.124239763723647,-3345.224722940503,3345.224722940503,-3319.100483176779,22145.410790649516,81849.93075266595,0.21294618068469587,887,1941,920790.5035805516,1.0526353293292845,1.0526356815004476,205.26353293292846,0.0056174408115680086,42.0996734967568,0
univ3-conc-c20,542,10000,57.11506336720354,-798.158901238033,798.158901238033,-741.0438378708294,104472.69113766805,70030.36435269078,0.5986868874249602,6329,4779,751354.3974468239,0.0875990686918125,0.9999957660910366,108.75990686918125,9127.830223503992,99.12963906929552,0
univ3-conc-c20,543,10000,41.90036247140431,-3326.2323632260527,3326.2323632260527,-3284.3320007546486,75510.02378949826,7428.593703172551,0.9104326316528123,4316,7930,1918401.0378198077,1.052630262175639,1.052635930645333,205.2630262175639,0.05176432971706646,82.93519514019627,0
univ3-conc-c20,544,10000,68.62802918078343,-6603.1856127304545,6603.1856127304545,-6534.557583549671,68899.13139829221,126137.57061747537,0.3532623895205228,2792,3356,1683713.8444532803,1.0526290894419303,1.0526359093293627,205.26290894419304,0.062079874238708754,83.85583403727492,0
univ3-conc-c20,545,10000,155.75653224553204,-795.5610738046734,795.5610738046734,-639.8045415591413,241000.1681256749,12552.887502989137,0.9504920677375972,11289,6886,867906.1526538832,0.7130472717616467,1.0526359989506604,171.30472717616468,3115.0134998411872,93.23300619833327,0
univ3-conc-c20,546,10000,89.2898302236106,-1447.8686259254926,1447.8686259254926,-1358.578795701882,14279.013266899767,210441.32640805576,0.06354125882665317,770,599,316810.17899577925,-0.9999957656364642,0.9999957998790255,0.0004234363535826337,20526.312534810466,305.13540527244663,0
univ3-conc-c20,547,10000,40.84329797932547,-2242.2962533939817,2242.2962533939817,-2201.452955414656,122197.66621596727,7661.081659987308,0.9410045007725977,7589,7971,1605084.1908935641,0.18528522923006294,1.0526359267852285,118.52852292300629,8164.15752330238,98.21059136074548,0
univ3-conc-c20,548,10000,10.30283777648646,-1056.247781602778,1056.247781602778,-1045.9449438262916,25323.07720886423,85143.60214400523,0.22923724472583637,1187,2199,570888.3474059916,-0.9999955735140854,0.9999956387666873,0.0004426485914631974,20526.310514926598,159.14265862726558,0
univ3-conc-c20,549,10000,20.29183883702112,-868.7874213333251,868.7874213333251,-848.495582496304,43089.58169519257,28919.627638091333,0.5983898739362469,3345,4824,793128.7668459652,-0.18138941477216647,0.9999957866950218,81.86105852278335,11830.497501181655,101.7972663837582,0
univ3-conc-c20,550,10000,7.207229170280909,-520.0958967748102,520.0958967748102,-512.8886676045292,14938.914291673142,117153.32619747767,0.11309456358944965,650,1036,274398.80497194646,-0.9999957246070004,0.9999957246070004,0.0004275392999649917,20526.312095880392,130.97145669698696,0
univ3-conc-c20,551,10000,70.76217275855561,-1650.2928936071196,1650.2928936071196,-1579.530720848564,19472.907660329423,142195.04530101034,0.12045001686256304,920,1156,469027.97871157894,1.0526312195351903,1.0526359023453329,205.26312195351903,0.042673825194071924,68.6646416531645,0
univ3-conc-c20,552,10000,12.187742429083439,-510.55023868458534,510.55023868458534,-498.3624962555019,9336.49887424045,78332.38635675526,0.10649729205110835,538,926,249860.51997948813,1.0526271725774392,1.0526356113841764,205.26271725774393,0.07916939161559355,55.18647110103805,0
univ3-conc-c20,553,10000,56.87011337987101,-2074.5402283843187,2074.5402283843187,-2017.6701150044476,106573.93930918185,75035.06530822143,0.5868318012848635,5623,5031,1209030.68096357,-0.19463088608400042,0.9999957727236548,80.53691139159996,11965.437644862433,101.98080623911477,0
univ3-conc-c20,554,10000,26.725007592403376,-1184.875718108948,1184.875718108948,-1158.1507105165445,29802.48059243902,128699.10064100123,0.18802639292630205,1232,1608,492744.3939486923,1.0526345325625053,1.0526359392332145,205.26345325625053,0.012809120884413522,39.7306217339827,0
univ3-conc-c20,555,10000,151.8972967138634,-4128.328874600338,4128.328874600338,-3976.4315778864748,64430.94740497446,57454.62717063017,0.52861831787164,3362,4661,1572367.57211854,0.09587097494997451,1.0526359266536949,109.58709749499745,9045.864702742912,99.0478883338801,0
univ3-conc-c20,556,10000,3.842609857158059,-1459.7853190594205,1459.7853190594205,-1455.9427092022624,14490.572335842633,132341.93132327186,0.09868776990606838,1047,1005,436042.9824871643,-0.9999957857130783,1.0526358866008423,0.00042142869217056246,20526.31279338899,202.7625046711033,0
univ3-conc-c20,557,10000,45.71117227560614,-5549.532365808453,5549.532365808453,-5503.821193532846,88131.57912552313,101779.85823806735,0.46406672683327066,5433,4237,1743351.506885751,-0.6418504967907194,1.0526359321290113,35.81495032092807,16631.33861071577,106.7344285451224,0
univ3-conc-c20,558,10000,132.01168385082613,-368.3285815872652,368.3285815872652,-236.31689773643907,47047.397165459566,99566.3628649369,0.3208934629035197,2703,2119,280573.07966568094,-0.9999948974837898,0.9999957903532115,0.0005102516210176988,20526.30310208101,116.09850474915106,0
univ3-conc-c20,559,10000,106.5242589701457,-1388.0706570348048,1388.0706570348048,-1281.5463980646591,25700.61417852423,251167.25082927363,0.09282628078849232,988,814,375124.7371683341,1.0526326635015741,1.052635941623182,205.2632663501574,0.02962951976739564,69.45967769035484,0
univ3-conc-c20,560,10000,58.680350658382466,-1824.4010251708587,1824.4010251708587,-1765.7206745124763,80882.84515154044,34552.31132959911,0.7006777451265943,3599,5783,1216422.0695945164,1.052631817056846,1.0526359542330348,205.26318170568462,0.03760240757893896,85.91916807170469,0
univ3-conc-c20,561,10000,107.54196689022186,-1206.4684594017672,1206.4684594017672,-1098.9264925115453,63652.506942868196,45631.36747137003,0.5824510458111569,4168,4795,872237.232931206,1.0526304403060878,1.0526359238445437,205.26304403060877,0.05001204319523822,72.1248658647297,0
univ3-conc-c20,562,10000,53.03056034783511,-62.3715660379039,62.3715660379039,-9.341005690068783,147548.08988470933,28.56064340628367,0.9998064690904416,7815,1487,114250.96386630842,0.03573288508460934,0.14229859253526783,103.57328850846093,9643.308937905791,99.63677897888302,0
univ3-conc-c20,563,10000,77.33313330774376,-162.95771798691334,162.95771798691334,-85.62458467916957,180182.85254950065,493.05582498566866,0.9972710483128514,7850,3836,306961.5921627716,0.4101900720768259,0.4514866109339258,141.0190072076826,5980.543379231025,95.99120198730567,0
univ3-conc-c20,564,10000,148.94642827509267,-178.99511619574815,178.99511619574815,-30.04868792065548,243419.32092854287,457.78668180794506,0.9981228796491249,10595,2678,224292.2978846191,0.1048423243275505,0.2716002006240451,110.48423243275505,8957.045125320456,98.954955671467,0
univ3-conc-c20,565,10000,92.19701510820128,-4327.081232066843,4327.081232066843,-4234.884216958641,58285.16385980155,139986.49156589076,0.2939661936783773,2253,2782,1260478.4767195375,-0.9999955780126552,1.0526357080158646,0.00044219873448857324,20526.310659742405,218.39122965706557,0
univ3-conc-c20,566,10000,94.01766999018761,-4095.783204089107,4095.783204089107,-4001.7655340989195,123738.42108184028,21536.20395000575,0.8517552260397524,5849,7461,2033807.6274369375,-0.8908027764055723,1.0526358632701422,10.919722359442773,19323.32323540686,109.61850464730547,0
univ3-conc-c20,567,10000,20.303155651469883,-1129.711327845038,1129.711327845038,-1109.4081721935681,28577.020803243173,191510.16889810323,0.1298440897083632,1333,1132,415724.25553129724,1.052635766529947,1.0526359299250712,205.26357665299471,0.0016542450229319883,51.24606829775438,0
univ3-conc-c20,568,10000,32.34134256345269,-724.1572187161163,724.1572187161163,-691.8158761526636,97341.49506909013,26898.48863274458,0.7834957166663943,7700,5786,805825.531812319,-0.9999955218835236,0.9999957714488202,0.0004478116476489284,20526.310493781315,112.53721362883763,0
univ3-conc-c20,569,10000,146.84803022260613,-233.70954207548047,233.70954207548047,-86.86151185287434,254554.55158680872,462.53792054049813,0.9981862473552888,9191,4110,357418.1438261958,-0.24232540698405472,0.5569214742016483,75.76745930159453,12452.978011942885,102.45326020043706,0
univ3-conc-c20,570,10000,14.252503451514698,-1555.5728580488142,1555.5728580488142,-1541.3203545972995,24370.131063985646,222970.46163981015,0.09852863534280538,930,947,436796.3548169459,1.0526355399405454,1.052635881867507,205.26355399405455,0.003675060008686337,45.819512705477635,0
univ3-conc-c20,571,10000,108.91363881229948,-1821.0115863116298,1821.0115863116298,-1712.0979474993303,83816.12062492076,204863.92573874767,0.2903426186904942,3286,2598,793124.1844124687,1.0526356614362846,1.0526358813253114,205.26356614362845,0.0027627958014752596,67.94677806911939,0
univ3-conc-c20,572,10000,4.675535014056226,-249.83431391131845,249.83431391131845,-245.1587788972622,10238.168607645057,79018.57207223987,0.11470471058722348,585,983,187710.1377231466,1.0526354914292284,1.0526354914292284,205.26354914292284,0.0040965797324967745,61.81167045016577,0
univ3-conc-c20,573,10000,1.8866189719781055,-602.4414148992184,602.4414148992184,-600.5547959272403,4812.061931254544,185803.87924675914,0.02524480324948596,288,249,136976.7367324545,1.0526350534197828,1.0526358344805802,205.2635053419783,0.008004738279483892,51.63776651458527,0
univ3-conc-c20,574,10000,7.544205292943534,-379.999094930156,379.999094930156,-372.45488963721243,5194.264483534274,168342.8068138199,0.029931728389226708,232,285,120126.12519169315,-0.9999957912591401,0.9999957912591401,0.00042087408598287957,20526.312771253826,167.5473347110451,0
univ3-conc-c20,575,10000,110.44393523535155,-1561.1758808993907,1561.1758808993907,-1450.7319456640391,187347.22632642297,62715.301431696986,0.7492015217395541,8707,6210,1180624.0758146239,1.0526353752676885,1.0526358938666183,205.26353752676886,0.005743953299710114,88.1459098851723,0
univ3-conc-c20,576,10000,123.7204715210163,-1200.5421743657514,1200.5421743657514,-1076.8217028447352,133109.46594499823,87797.77449574383,0.6025581854149529,6715,4925,879703.5537959766,1.0526356188312413,1.0526359627521709,205.26356188312414,0.003400897362813904,83.24196392931401,0
univ3-conc-c20,577,10000,23.986074577047066,-4892.860935984714,4892.860935984714,-4868.874861407667,19121.854079287386,50773.369561475076,0.27357883819883283,1075,2354,1207529.7868410882,1.0526266302608607,1.0526359276693216,205.26266302608607,0.08415296164576169,44.438527779382895,0
univ3-conc-c20,578,10000,41.15342312130801,-7336.6037189785875,7336.6037189785875,-7295.450295857279,68217.8978746728,141013.7707285371,0.32604002219206235,3795,3138,1731938.404358691,-0.9999957489145653,1.0526357192236435,0.0004251085434730665,20526.312656655038,183.1108844988538,0
univ3-conc-c20,579,10000,29.830202538396144,-2759.1014585151042,2759.1014585151042,-2729.2712559767083,46354.396340145795,44052.22325527147,0.5127323258804327,2706,4518,1299397.307815124,-0.999995515415683,1.0526354079530589,0.0004484584317095616,20526.310082137443,143.8945402773289,0
univ3-conc-c20,580,10000,48.065460792245744,-8135.3725188476865,8135.3725188476865,-8087.30705805544,82816.79597250979,84218.38558076172,0.4958045077832752,4670,4727,2245301.5009060213,-0.9999957585333139,1.0526358535911,0.0004241466686121767,20526.312906825016,157.51798221163267,0
univ3-conc-c20,581,10000,3.0936685730156044,-2133.3106029843557,2133.3106029843557,-2130.21693441134,10271.472041073408,89284.08615267373,0.1031732655356508,826,1003,524921.4888367796,1.0526345046914356,1.0526353721602342,205.26345046914355,0.013016822035632522,27.90702266373063,0
univ3-conc-c20,582,10000,15.51894470390776,-1636.9381859071605,1636.9381859071605,-1621.4192412032528,29296.87742486816,103769.48481427286,0.22016741821060004,1556,1967,658053.7767823883,1.0526322029280646,1.0526357382068698,205.26322029280647,0.03386287796636367,66.33948181015751,0
univ3-conc-c20,583,10000,39.339317333810335,-905.2751054619087,905.2751054619087,-865.9357881280984,34490.845910762444,45056.145372206556,0.4335908292001853,2294,3394,640433.2067048714,1.0526354445381714,1.0526359391046463,205.26354445381713,0.004703830055460045,62.790361907341946,0
univ3-conc-c20,584,10000,76.9422963341004,-95.6456146907296,95.6456146907296,-18.703318356629197,215976.51036483957,278.099939458899,0.9987140161355748,11777,2172,170792.14492651683,-0.2444439181691797,0.27347567384920185,75.55560818308203,12474.688382675276,102.45791525013938,0
univ3-conc-c20,585,10000,7.686985111717928,-1297.4084254315371,1297.4084254315371,-1289.7214403198193,16803.22609495122,50106.04886856694,0.25113448179064957,1301,2151,619225.6886086336,1.0526279912655485,1.0526358888318286,205.26279912655485,0.07186815999523247,62.998818361584135,0
univ3-conc-c20,586,10000,46.00262096267774,-5705.77855282049,5705.77855282049,-5659.775931857813,46698.96771121628,119138.15060637124,0.28159538820365354,1776,2663,1400411.0344893972,-0.9999955481503855,1.0526358891500454,0.00044518496145247406,20526.310299769422,135.47173399506005,0
univ3-conc-c20,587,10000,71.21438933355229,-6413.408908992705,6413.408908992705,-6342.194519659152,65292.40195888201,49921.35754025554,0.5667066350644583,3061,5054,2075040.6401904388,1.0526349988363934,1.0526358716963637,205.26349988363935,0.008839354138238775,79.6243781498357,0
univ3-conc-c20,588,10000,17.799594416865684,-2531.744351557716,2531.744351557716,-2513.9447571408505,28073.796451605816,94368.68615271448,0.22928150307379713,1597,2242,880187.7323768085,-0.9999956238628163,0.9999957793772832,0.0004376137183812351,20526.31110232526,142.9535982638559,0
univ3-conc-c20,589,10000,44.93076023823657,-1473.2600360612814,1473.2600360612814,-1428.3292758230448,111020.81654021775,46923.707443912324,0.7029101974524479,7979,5826,1124109.8636777052,-0.4006611958350843,0.9999957405566146,59.93388041649157,14088.524766981353,104.12931698699431,0
univ3-conc-c20,590,10000,79.90295594934521,-262.4875981261297,262.4875981261297,-182.58464217678448,202891.3424738428,1577.7968054376415,0.9922834477075654,10241,5128,463971.6866492305,-0.2140446525611982,0.6831953052600807,78.59553474388018,12163.604503152317,102.17605587213778,0
univ3-conc-c20,591,10000,68.59051246492629,-3228.4984359477194,3228.4984359477194,-3159.907923482793,50459.243921985704,129356.85467034297,0.2806158309350529,2323,2565,1029581.3183549125,-0.9999957380699656,1.0526356925880933,0.000426193003445479,20526.312424247186,170.94502230468575,0
univ3-conc-c20,592,10000,192.37224099789782,-987.6936096158361,987.6936096158361,-795.3213686179382,87802.088673563,132940.82700553566,0.397757220898558,3686,3215,605633.9685444831,1.0526265473484617,1.052635896946963,205.26265473484617,0.08505480098645535,86.88299440932985,0
univ3-conc-c20,593,10000,51.604986091403944,-3730.2920183843707,3730.2920183843707,-3678.6870322929667,38753.44692240811,49297.666915206864,0.44012443719766825,2355,4119,1426356.5763215118,-0.9999956486260211,1.0526353403141695,0.00043513739788030666,20526.311518739873,127.52394978198895,0
univ3-conc-c20,594,10000,7.543145586817666,-2820.93492021197,2820.93492021197,-2813.3917746251527,16155.075532571562,121087.67682195024,0.11771168426322581,1120,1112,633323.3129107857,1.0526341880316634,1.0526358885993572,205.26341880316633,0.015891315588164034,40.779985185185986,0
univ3-conc-c20,595,10000,48.538345964174084,-6599.5650269382195,6599.5650269382195,-6551.026680974045,92624.22308520607,43471.36372024273,0.6805821206944361,6711,6376,2388605.703720334,-0.4204316602261568,1.05263596934956,57.95683397738432,14294.603738030848,104.341102744763,0
univ3-conc-c20,596,10000,80.46093337338368,-2505.8448303687396,2505.8448303687396,-2425.383896995356,124583.34452060956,10466.49114622979,0.9224990456704438,5058,7764,1669359.1881773681,1.0526277577789458,1.0526359285884235,205.26277577789457,0.0743942780229574,87.41606387806199,0
univ3-conc-c20,597,10000,119.55079874227816,-3821.677587841467,3821.677587841467,-3702.126789099189,116605.49556619146,80836.35017055646,0.5905814703619783,6341,5288,1663261.9199811688,0.4331059723754473,1.0526322667091872,143.31059723754473,5760.750288712616,95.73666565786881,0
univ3-conc-c20,598,10000,166.683797947927,-3801.719867626001,3801.719867626001,-3635.036069678074,149029.04461650256,142244.90250064913,0.5116456383809789,5728,4641,1510505.5786216157,0.8333187684112198,1.0526359308097468,183.33187684112198,2000.159886194644,92.16854290901698,0
univ3-conc-c20,599,10000,960.9718487394601,-1235.806689638542,1235.806689638542,-274.83484089908177,52357.957838730734,257071.5468376824,0.1692080330008744,1626,1213,215387.18457187817,1.0526341616481736,1.0526359424564629,205.26341616481736,0.016156696476983257,85.52272691216025,0
univ3-conc-c20,600,10000,9.161080605783145,-1117.6293124911404,1117.6293124911404,-1108.4682318853572,18664.57367904495,78167.75239788822,0.19275147500036266,849,1622,494773.29730595124,1.0526344099422307,1.052635875893158,205.26344099422306,0.01389840794002431,53.75655396086622,0
univ3-conc-c20,601,10000,60.385830429228506,-1160.3442076417805,1160.3442076417805,-1099.958377212552,44158.604488942554,62587.619895906966,0.4136783735763678,1669,3170,713187.401818019,-0.938771856436,0.9999957884815815,6.122814356399992,19850.10526816927,110.0934412303796,0
univ3-conc-c20,602,10000,43.60739608218539,-363.34728979452,363.34728979452,-319.7398937123346,15632.98639819161,126205.26670323314,0.110216997575491,596,883,206210.20869065382,-0.9999957776424441,0.9999957776424441,0.0004222357555999658,20526.312670053834,126.13494630676568,0
univ3-conc-c20,603,10000,57.25981210270206,-1012.6827857829171,1012.6827857829171,-955.422973680215,155917.2271610402,2434.720927657298,0.9846246228288045,8961,7513,1083107.1822278341,0.055658430623729487,0.6847993146630551,105.56584306237295,9444.961256199962,99.4759488368599,0
univ3-conc-c20,604,10000,22.220759061731872,-1240.3445536851698,1240.3445536851698,-1218.123794623438,31165.62049000094,244248.22756310433,0.11315923549345851,1294,1047,411398.42447766877,1.052631019602702,1.0526356053991444,205.2631019602702,0.0444941230282474,40.19395435154546,0
univ3-conc-c20,605,10000,23.767230451678465,-134.7250642029092,134.7250642029092,-110.95783375123074,77211.32876281564,434.93369763859795,0.9943985237169644,4839,3971,302971.36058151483,-0.23594644565910713,0.3972695708448284,76.40535543408929,12387.634790125623,102.41020392610012,0
univ3-conc-c20,606,10000,4.82052776363196,-781.4647178415404,781.4647178415404,-776.6441900779084,5999.906522888768,61708.518021100375,0.08861388465759855,426,858,298556.0543727977,-0.9999956529254348,0.9999957789522926,0.0004347074565153601,20526.311282694693,127.25552115746517,0
univ3-conc-c20,607,10000,109.97730771678151,-2566.3836260193966,2566.3836260193966,-2456.406318302615,48185.47007724546,130301.14870054941,0.2699668490960293,1959,2293,849690.5137724638,-0.9999954206512595,1.052635931224993,0.0004579348740547262,20526.308869135584,122.22203561688673,0
univ3-conc-c20,608,10000,53.30361733998995,-660.913891160569,660.913891160569,-607.6102738205791,175425.95897471378,2301.4050696392633,0.9870509244200295,11214,6929,857231.3376328534,-0.5066919979714225,0.9999952470255394,49.33080020285775,15198.636640366534,105.19220550071998,0
univ3-conc-c20,609,10000,34.287939962280646,-3905.1116234007786,3905.1116234007786,-3870.823683438498,24417.765063641327,110919.34645283832,0.18042179850031778,1849,1724,933275.128227158,-0.02462697628151119,1.0526358017501176,97.53730237184888,10246.573585813207,100.24624707468026,0
univ3-conc-c20,610,10000,34.7342731073988,-5180.735432903309,5180.735432903309,-5146.00115979591,40053.34198745141,128353.98955567775,0.2378360943103818,2814,2243,1211020.8061538483,-0.9999956062230169,1.0526358359416828,0.0004393776983175774,20526.31097005598,122.47292879266541,0
univ3-conc-c20,611,10000,110.083419526945,-5599.106356116685,5599.106356116685,-5489.022936589739,94851.69921582231,184332.58854941232,0.33974583589597585,4013,3210,1503091.8128109695,1.0526358313317485,1.052635897017667,205.26358313317485,0.001283747810798097,47.75684995178802,0
univ3-conc-c20,612,10000,127.92347409093934,-1349.4552193848474,1349.4552193848474,-1221.531745293908,46158.03820680923,136034.07945355875,0.2533481623659174,2811,2111,575680.3413681991,1.052634940005763,1.052635922954856,205.26349400057632,0.009226250538574732,54.572305331533386,0
univ3-conc-c20,613,10000,32.648665523772834,-1413.1377152951802,1413.1377152951802,-1380.4890497714073,63003.56980627558,115057.85771309111,0.353830533002006,3131,3179,778565.3875960131,1.0526347178816484,1.052635872398087,205.26347178816485,0.011295781771065522,65.467761243177,0
univ3-conc-c20,614,10000,279.50896693356935,-4494.928990320834,4494.928990320834,-4215.420023387264,114863.83223362942,110387.04636948735,0.5099373327462797,4898,4379,1573220.2757121911,-0.9999943785013464,1.0526014453158827,0.0005621498653538788,20526.297602486193,118.1689678595904,0
univ3-conc-c20,615,10000,5.712641620865088,-1143.420789990375,1143.420789990375,-1137.70814836951,13414.658576629834,49526.6736490581,0.2131295621218989,1090,2033,559935.2604391924,1.0526351289261606,1.0526359364663527,205.26351289261606,0.007439268538186994,51.05806734201403,0
univ3-conc-c20,616,10000,18.307973491737265,-133.1834767148472,133.1834767148472,-114.87550322310992,55734.4274247575,539.5678740500225,0.9904117724148608,4301,3977,301868.52544993086,-0.7336240938602292,0.8028630997318359,26.63759061397708,17615.61318853228,107.76120335627509,0
univ3-conc-c20,617,10000,49.06768192494273,-5970.633502081181,5970.633502081181,-5921.565820156238,59849.49143304532,173131.89610175564,0.25688529056470427,2543,2393,1358994.7856979663,-0.45059427189791423,1.0526358165048832,54.94057281020858,14609.80881681685,104.6636433113879,0
univ3-conc-c20,618,10000,280.9217989189556,-1301.9080273371983,1301.9080273371983,-1020.9862284182427,150096.92383230946,153290.74079691418,0.49473640932549456,5591,4142,781289.5046009562,1.0526336121165187,1.0526359177547753,205.26336121165187,0.02142708740410626,81.63107379049231,0
univ3-conc-c20,619,10000,63.16686283005378,-322.9533822008872,322.9533822008872,-259.7865193708334,163306.8014375744,6941.108164427926,0.9592294073938733,10873,5600,524086.2116474004,0.40919684585783245,1.0526359142940558,140.91968458578324,5990.081091303413,96.09177552407807,0
univ3-conc-c20,620,10000,195.4748269766296,-6815.746217575843,6815.746217575843,-6620.271390599213,108763.36626527365,104141.18385053714,0.5108550578468667,3927,4593,2004025.5403625628,1.0526334724068227,1.0526359690901768,205.26334724068226,0.022634688389258195,77.39078559825987,0
univ3-conc-c20,621,10000,65.27077199394331,-2208.2826698927875,2208.2826698927875,-2143.011897898844,26474.83033100985,82763.36515196062,0.24235873005735528,955,1947,747512.7857438569,-0.9999955607900972,0.9999958036772163,0.0004439209902818565,20526.310347674065,122.78787575107806,0
univ3-conc-c20,622,10000,14.410753643012942,-1349.917075674351,1349.917075674351,-1335.5063220313382,53571.827820256876,4568.427977886132,0.9214240131012281,4525,7451,1210733.1610314145,0.7492024400125865,1.052635830128307,174.92024400125865,2778.515146874045,92.90810835553661,0
univ3-conc-c20,623,10000,10.19652064171502,-1546.516059366576,1546.516059366576,-1536.3195387248609,18694.568285681118,118374.56820110248,0.1363878752346534,1178,1289,507831.3911176015,1.0526332352650032,1.0526358942057317,205.26332352650033,0.024498253216198584,86.01573014315113,0
univ3-conc-c20,624,10000,25.938396409296423,-2316.066061549051,2316.066061549051,-2290.1276651397548,20963.34484087597,152023.26207502888,0.1211847854271575,1138,1205,585388.3124551891,1.0526306640495005,1.0526358936463611,205.26306640495005,0.04770163257981963,33.270632516992315,0
univ3-conc-c20,625,10000,96.67116189736757,-1209.2691089238165,1209.2691089238165,-1112.597947026449,130514.57823927671,20164.441449379632,0.8661761837112769,5499,6874,1092855.241383312,-0.4633466409263755,1.0526358906114868,53.66533590736245,14743.366828872826,104.8000712852069,0
univ3-conc-c20,626,10000,18.503757579840364,-324.88808717208013,324.88808717208013,-306.3843295922398,66440.45819676833,1603.411392496621,0.9764356230447307,4711,5809,552132.3424519554,0.995835494672958,1.0526357810773865,199.5835494672958,514.0071121494881,90.71281131164903,0
univ3-conc-c20,627,10000,34.55035993397826,-930.0523078091846,930.0523078091846,-895.5019478752064,8971.918550944514,48779.0752307366,0.15535522358042,597,1146,363712.3291505309,1.052633040436057,1.0526358796486475,205.2633040436057,0.026224383615321756,69.20764041483396,0
univ3-conc-c20,628,10000,136.01551281838957,-4477.060512627793,4477.060512627793,-4341.044999809404,194519.11126304607,48272.11300207953,0.8011785098568189,7328,7324,2127975.592140406,-0.9999957165654669,1.0526359598764867,0.00042834345331299047,20526.312722382263,119.61462933631582,0
univ3-conc-c20,629,10000,23.43875163562701,-712.0914812331794,712.0914812331794,-688.6527295975524,20568.743704472145,37413.91414922507,0.35473958017536095,1482,2750,528221.7620601511,-0.9999956697297607,0.9999957711169101,0.0004330270239304955,20526.311622158384,144.8054846259827,0
univ3-conc-c20,630,10000,34.211534914908505,-236.3153546637546,236.3153546637546,-202.1038197488461,11001.53584107144,86296.87481951297,0.11307004673950098,489,882,160718.9948618199,-0.9999957367767267,0.9999957938725269,0.000426322327333982,20526.312212320965,135.3348578819516,0
univ3-conc-c20,631,10000,94.46942948380678,-3406.7626422932544,3406.7626422932544,-3312.2932128094476,32623.68789114034,167453.50807385828,0.16305550332106566,1353,1525,814530.7156714444,-0.9999957876066418,0.9999957876066418,0.0004212393358210259,20526.312861224284,177.22367047747647,0
univ3-conc-c20,632,10000,273.3582336280721,-2921.7283326459738,2921.7283326459738,-2648.370099017902,158453.80219552983,116143.02249655315,0.577041640496793,6241,4969,1330736.701020664,1.0526270340277781,1.0526359307518507,205.26270340277782,0.08086480098592025,87.79391393212764,0
univ3-conc-c20,633,10000,127.90722951970851,-564.5242585748529,564.5242585748529,-436.61702905514437,223772.08653668707,777.3684506334839,0.9965380969164348,8704,6560,746821.4862704126,0.29429593628182543,0.6884446555868661,129.42959362818254,7099.721735155147,97.13453000383612,0
univ3-conc-c20,634,10000,102.24609591022984,-1675.0944548728544,1675.0944548728544,-1572.8483589626246,96338.95699720409,27885.875976283824,0.7755209219541859,3642,6399,1229220.8950059514,-0.9999955404403873,0.9999957641361358,0.00044595596126794463,20526.310512437474,119.34191686874206,0
univ3-conc-c20,635,10000,6.405398284464735,-399.64146761635953,399.64146761635953,-393.2360693318948,5246.117735155105,205581.0751057404,0.024883496594835283,201,219,106584.94690887682,1.052632699056817,1.0526353668092419,205.26326990568168,0.02924766635475734,41.45820561370026,0
univ3-conc-c20,636,10000,20.556195672885185,-3463.247445025515,3463.247445025515,-3442.6912493526297,32906.83955109362,97477.2079641133,0.2523839394328945,2532,2473,1040680.8769054558,1.0526357553585515,1.0526359179367912,205.26357553585515,0.001871227120810115,72.4763268572966,0
univ3-conc-c20,637,10000,49.63693985266614,-3810.857830891822,3810.857830891822,-3761.2208910391555,98002.00513531534,25420.234926186407,0.7940384576270905,6068,7130,1953594.4420274065,-0.9999956660322397,0.9999957300879154,0.00043339677603226754,20526.3120794323,129.0679058391502,0
univ3-conc-c20,638,10000,28.45728538113876,-70.09854804099415,70.09854804099415,-41.641262659855386,98907.92410294524,497.4782097063513,0.9949954610299581,7609,2446,165889.76314729842,0.0840606933910955,0.2421801318163142,108.40606933910955,9162.912137598834,99.23445976650498,0
univ3-conc-c20,639,10000,71.05655318080748,-1631.1660464021195,1631.1660464021195,-1560.109493221312,26014.053284383932,121146.25331208562,0.1767735735677519,1114,1651,598809.2133676751,-0.9999956079279084,0.9999958023742473,0.00043920720915838554,20526.31086413151,150.36570794272964,0
univ3-conc-c20,640,10000,26.726232911382098,-34.547066945667744,34.547066945667744,-7.820834034285646,94372.59543222295,44.88439738665588,0.9995246177141387,6458,1088,75288.41476738088,-0.016775819702047272,0.10356186665157593,98.32241802979527,10167.899414695408,100.16493752469623,0
univ3-conc-c20,641,10000,38.9622024738552,-4021.9192540227054,4021.9192540227054,-3982.9570515488504,28836.150936405826,89521.95943373903,0.2436347694824264,1199,2346,1112319.6366426435,1.0526335194209022,1.052635594123501,205.26335194209022,0.02198365078125164,59.86077133900214,0
univ3-conc-c20,642,10000,82.24310635599709,-1724.3968820058953,1724.3968820058953,-1642.1537756498983,175792.68757349037,14373.903649036125,0.9244141488963418,9439,7710,1390670.9022240634,1.0526349278221554,1.0526359901343738,205.26349278221554,0.009881016435947743,87.8002578843329,0
univ3-conc-c20,643,10000,22.368535693096806,-2924.687327110623,2924.687327110623,-2902.318791417526,59341.721530679984,128168.64254189671,0.31647168850736973,3749,3032,1107304.7030968345,-0.9999957476663223,0.9999957963316061,0.0004252333677722324,20526.31263457788,176.0255444871919,0
univ3-conc-c20,644,10000,92.19740031185661,-4323.365417551431,4323.365417551431,-4231.1680172395745,24067.333849703995,84339.74088385279,0.22200888557187579,1662,2006,1041454.5696188968,1.0526333509951808,1.0526357811261453,205.2633350995181,0.023509519386472277,43.50502343556149,0
univ3-conc-c20,645,10000,178.96066232923036,-519.6758834104271,519.6758834104271,-340.7152210811968,84841.08966060338,60666.194247975654,0.5830710833274044,3817,3815,465606.3284939888,-0.9999915653313775,0.9999957863548182,0.0008434668622512298,20526.26632891854,112.08563231943062,0
univ3-conc-c20,646,10000,40.16185135447235,-539.323803032526,539.323803032526,-499.1619516780537,111779.01789479434,1826.1024567720985,0.9839258789469966,5555,6638,751089.4423362274,0.011376040429126703,0.8500700495618676,101.13760404291267,9886.30486610037,99.87357187932876,0
univ3-conc-c20,647,10000,75.81300480048091,-5544.601951647251,5544.601951647251,-5468.78894684677,55238.16132414519,160951.46758600933,0.2555079149846796,2353,2451,1327100.46350789,-0.9999957723307219,1.0526357678861402,0.00042276692781654374,20526.312798059294,207.24050857232703,0
univ3-conc-c20,648,10000,75.85904197145926,-2792.373582148731,2792.373582148731,-2716.514540177272,162493.65415969084,20170.005452640708,0.8895784443635496,10019,7731,1764235.0288492357,-0.9999956096196173,0.999995756494117,0.000439038038269964,20526.311709696176,116.09301442264407,0
univ3-conc-c20,649,10000,83.60381026893195,-2144.097965488348,2144.097965488348,-2060.4941552194164,46961.28908901292,96167.66314349153,0.328104749993049,1952,2982,918760.7580790815,-0.9999954766398944,1.0526350983933261,0.0004523360105526404,20526.309529034057,131.9835907771027,0
univ3-conc-c20,650,10000,1.7794948956862122,-384.578263172878,384.578263172878,-382.7987682771918,2179.6916181971187,119627.59744676658,0.017894590996394476,195,201,96725.78006175022,1.0526357032982505,1.0526359111655943,205.26357032982506,0.0021331049130536295,65.57003906431606,0
univ3-conc-c20,651,10000,27.482067164825633,-2640.0431621407747,2640.0431621407747,-2612.561094975949,22991.694688803887,132879.2637512007,0.1475046725760238,891,1351,656924.1030435518,1.0526356645297767,1.0526359114024202,205.26356645297767,0.0025660059354751796,69.76828640236748,0
univ3-conc-c20,652,10000,14.977225450691886,-1424.3646492489609,1424.3646492489609,-1409.387423798269,29209.526054961967,100380.54111557666,0.22539942059388438,1834,2037,611976.0754275834,1.0526352354000101,1.0526358375274194,205.26352354000102,0.006512417413353649,67.28073571738732,0
univ3-conc-c20,653,10000,31.162378256297785,-5059.5290754606895,5059.5290754606895,-5028.366697204392,37430.72703613855,24045.998116773066,0.6088601327256252,3006,5557,1938045.4868873495,0.8680150688651735,1.052635828167722,186.80150688651736,1680.931944485279,91.85372398830214,0
univ3-conc-c20,654,10000,21.917814854335006,-4472.147606181916,4472.147606181916,-4450.229791327581,53032.531576715024,51586.53192355708,0.506910784730711,3340,4906,1720121.5639172378,-0.31460760905053775,1.052635910367143,68.53923909494623,13196.360429092918,103.18343145795929,0
univ3-conc-c20,655,10000,134.4995335599213,-465.94044958547033,465.94044958547033,-331.44091602554903,286696.6553564868,4042.045493017039,0.9860973256012815,11411,6297,674875.8094985468,-0.1315227839765049,0.6873084624159648,86.84772160234951,11323.935782197763,101.30606533075216,0
univ3-conc-c20,656,10000,55.085932714958304,-3000.93280114231,3000.93280114231,-2945.8468684273516,48738.59741928433,181030.94714141794,0.21211948481887768,2433,1959,866208.8858374459,-0.9999953681738741,1.0526359185624148,0.0004631826125970351,20526.308298151747,126.97958699102001,0
univ3-conc-c20,657,10000,190.0646933885758,-3601.3757364043367,3601.3757364043367,-3411.311043015761,66334.74890993442,209819.2759319216,0.24020924173718658,2295,2245,1004830.0777150099,1.05263423268585,1.0526358435291974,205.263423268585,0.015591909352002276,59.091139205076885,0
univ3-conc-c20,658,10000,62.8411515012231,-935.4677673982105,935.4677673982105,-872.6266158969875,72581.53844988048,31224.30971170648,0.6992047147179812,3042,5539,867143.2984306338,-0.9999956494754882,0.9999957717822398,0.0004350524511802278,20526.311629961747,127.85032111518267,0
univ3-conc-c20,659,10000,23.21971142306287,-5730.425471728397,5730.425471728397,-5707.205760305334,48685.07543955134,74008.31282149367,0.3968027628022462,3672,3717,1670628.4986028878,1.0526355457853538,1.0526359432863297,205.26355457853538,0.003871163322353155,51.036525213575416,0
univ3-conc-c20,660,10000,118.52730948564822,-882.860493907388,882.860493907388,-764.3331844217398,79724.71943146826,33191.835249238,0.7060498760071591,3315,5451,795576.1570498272,0.1551776835894067,1.0526358947458028,115.51776835894067,8460.17187317704,98.47884106501276,0
univ3-conc-c20,661,10000,88.63886619691853,-946.7695832271071,946.7695832271071,-858.1307170301885,55739.9251657131,83827.85109084791,0.3993753190080851,3923,3161,624298.1142371419,-0.9999952361620512,0.9999957893692261,0.0004763837948746656,20526.30698348373,114.15948571921379,0
univ3-conc-c20,662,10000,77.03459861759542,-846.5214477461407,846.5214477461407,-769.4868491285453,202632.8544251677,1652.5331648768124,0.9919106638787446,11299,7301,971730.8295217406,-0.12949568022718352,0.9705011620242041,87.05043197728165,11303.397602762905,101.29361979293853,0
univ3-conc-c20,663,10000,440.05446681190136,-578.4481370709725,578.4481370709725,-138.39367025907114,24157.895651645627,225193.07320693487,0.09688310321082726,722,604,110801.78090393348,0.9352647398875237,1.0526359018645126,193.52647398875237,1065.205452291425,91.26406102827708,0
univ3-conc-c20,664,10000,147.32115482269066,-1608.7978715724025,1608.7978715724025,-1461.4767167497118,130358.41201910321,40963.21598427199,0.7608987466342255,4752,6093,1128814.5138809395,1.0526347492373305,1.0526359532354292,205.26347492373304,0.011209307174750716,88.90739423377586,0
univ3-conc-c20,665,10000,17.921950428765054,-242.05821300982237,242.05821300982237,-224.1362625810573,4872.641934620812,237218.54150659914,0.020127300240175398,161,146,62519.28695746398,1.0526351498137496,1.0526356110969133,205.26351498137495,0.007123602704488585,46.72329681313615,0
univ3-conc-c20,666,10000,137.48491596441505,-7512.250390571448,7512.250390571448,-7374.765474607033,101267.45641054276,186376.1004428193,0.35205883809234056,3973,3345,1781168.1988314865,1.0526323118194392,1.052635902783885,205.26323118194392,0.0330575914445852,34.299933565995524,0
univ3-conc-c20,667,10000,6.28744887269344,-1684.1800258341434,1684.1800258341434,-1677.89257696145,16789.824177905964,112595.70679793306,0.12976585597535814,1175,1191,517020.16398361116,1.0526353674395623,1.0526353674395623,205.26353674395622,0.005253738730324642,44.06651226738637,0
univ3-conc-c20,668,10000,14.081097304516256,-852.7711918146612,852.7711918146612,-838.690094510145,11305.726324388092,134221.76792506475,0.07768790621110142,786,724,269299.8346845036,1.052635269099618,1.052635935823267,205.2635269099618,0.006103837303915505,55.263872548945464,0
univ3-conc-c20,669,10000,106.15577526927478,-136.02503604797272,136.02503604797272,-29.869260778697935,236810.86730731206,527.6800667066489,0.9977766777771877,10341,2696,221243.07206827472,-0.3133507615564261,0.35606369675880034,68.66492384435739,13183.388046376254,103.17282136309223,0
univ3-conc-c20,670,10000,132.25730278966756,-1230.2863013964839,1230.2863013964839,-1098.0289986068162,24057.620985918555,93383.68584334422,0.20484803546075775,826,1505,466034.57842445327,1.0526346057140479,1.0526358279046804,205.26346057140478,0.012126108932412782,70.1268352414169,0
univ3-conc-c20,671,10000,36.99444791785625,-4800.793805205822,4800.793805205822,-4763.799357287965,38919.277589503086,50739.27707405087,0.4340832588206299,2688,3933,1591729.8268343406,-0.9999957632433961,1.0526340598724226,0.0004236756603916682,20526.31279802439,196.57284604550597,0
univ3-conc-c20,672,10000,39.572617100661695,-2668.9853459558203,2668.9853459558203,-2629.4127288551585,72255.07874652637,36791.56366264098,0.6626070931685286,4813,5747,1462587.1736803676,1.0526358895337204,1.0526358895337204,205.26358895337205,0.0009042850445331041,85.07281675444192,0
univ3-conc-c20,673,10000,9.661454024259411,-459.9486202315441,459.9486202315441,-450.2871662072847,11753.331294854243,239204.88074379627,0.04683381826550506,526,478,169085.3269909628,-0.9999957623060766,0.9999957623060766,0.0004237693923378051,20526.31247793712,208.3391821168631,0
univ3-conc-c20,674,10000,45.143614715796836,-3775.155807987313,3775.155807987313,-3730.012193271516,47325.10947508889,68944.34587948034,0.4070295963008403,2563,3687,1366965.4141991753,-0.9999944068426349,0.999995768769447,0.0005593157365126021,20526.297745602038,112.31457047343919,0
univ3-conc-c20,675,10000,101.15642447144988,-111.81300694465378,111.81300694465378,-10.656582473203898,237546.79417899906,227.89107242534493,0.9990415671366177,11323,2025,171337.99450577248,-0.0904106989473,0.18710471650153054,90.95893010527,10908.2135847267,100.94105821059277,0
univ3-conc-c20,676,10000,99.5458272500387,-2329.7403646007865,2329.7403646007865,-2230.194537350748,101331.64499998638,93120.11445248734,0.5211145699340047,4784,4506,1181102.7765201805,1.0526351640675773,1.0526359077062781,205.26351640675773,0.007401036919354453,83.65176315775184,0
univ3-conc-c20,677,10000,21.526144790051568,-6267.846185795456,6267.846185795456,-6246.320041005405,32534.154237904117,50836.83886144044,0.3902334976283243,1737,3730,1749663.044857508,-0.9999957561960879,1.0526358848559942,0.000424380391215425,20526.31265375013,152.7301053883448,0
univ3-conc-c20,678,10000,89.15460987394073,-560.3036987016105,560.3036987016105,-471.1490888276698,29349.41101598164,178564.06047234114,0.14116166117513948,1115,1157,268836.0763633014,1.0526334966415007,1.0526357881066246,205.26334966415007,0.022130072942141865,74.18050330198702,0
univ3-conc-c20,679,10000,29.29467354394737,-4631.434129111427,4631.434129111427,-4602.13945556748,45002.42149239914,79154.61462436739,0.3624637225559694,1850,3481,1437652.7609315955,1.0526294112402714,1.052635801275426,205.26294112402715,0.05914378146675858,61.28312041766061,0
univ3-conc-c20,680,10000,193.38893217054527,-282.5736155082893,282.5736155082893,-89.18468333774405,276979.74214078544,830.2238096976172,0.9970115405800611,9871,4176,373214.5890595237,0.1329442584436869,0.2647539682130956,113.29442584436869,8679.337513079417,98.66863183944704,0
univ3-conc-c20,681,10000,66.76363792167754,-430.87377133904664,430.87377133904664,-364.11013341736907,67951.25145184138,13196.198050633027,0.8373800023101079,3867,5341,578191.6146931712,-0.9951750881859885,0.999995708051244,0.4824911814011461,20472.911372407754,113.9275243100176,0
univ3-conc-c20,682,10000,62.10274783599024,-7700.23254877515,7700.23254877515,-7638.129800939159,104875.876661208,55876.54196671446,0.6524062129600282,5026,6149,2505031.0466747824,-0.9999957235989194,1.052635656978756,0.00042764010806336486,20526.312602981256,144.58013305454293,0
univ3-conc-c20,683,10000,67.62723872672653,-188.78401733643727,188.78401733643727,-121.15677860971074,164539.39687396606,754.7510102951663,0.9954338915203238,8056,4349,352723.4835854158,0.6862676196498418,1.0526339812403083,168.62676196498418,3365.011199893666,93.46698194069094,0
univ3-conc-c20,684,10000,16.270406622611915,-1853.8597777336304,1853.8597777336304,-1837.5893711110184,22160.36332099764,112382.46451895559,0.16470861863672673,1472,1473,576648.3654536807,1.0526311777235924,1.052635910925551,205.26311777235924,0.04309138734860993,35.005667386685694,0
univ3-conc-c20,685,10000,20.881619641320967,-5786.176173066604,5786.176173066604,-5765.294553425283,42957.7133409513,78286.89054750897,0.3543061873538761,3376,3398,1607524.7324973315,1.0526277480010027,1.0526359122990845,205.26277480010026,0.0742180750155157,74.53254446695522,0
univ3-conc-c20,686,10000,47.32009542180511,-924.3802262717618,924.3802262717618,-877.0601308499566,89589.0713844398,23667.24068825312,0.7910293893989552,6023,6063,915457.2249295996,1.0526338931457928,1.0526359701422763,205.26338931457929,0.018986126708688822,77.92447921593649,0
univ3-conc-c20,687,10000,26.3906342099487,-1040.1559181483965,1040.1559181483965,-1013.7652839384477,61379.879850859994,21254.68794074748,0.7427869654458803,4459,6080,954623.0351175155,1.052635655770693,1.0526359473389177,205.2635655770693,0.003013021648184594,85.59749766811757,0
univ3-conc-c20,688,10000,4.615518128113182,-1885.3757545685808,1885.3757545685808,-1880.7602364404677,7333.03042065165,71298.64469757648,0.09325797027248796,345,863,459528.59399330727,-0.9999957651786118,1.05263573778586,0.0004234821388213648,20526.312521100826,296.8381024912803,0
univ3-conc-c20,689,10000,83.06326605183922,-439.7136497093458,439.7136497093458,-356.6503836575066,180187.57744743096,11681.824453512256,0.9391157509338396,9573,5949,622827.482184019,1.052633398216086,1.0526359229226767,205.2633398216086,0.02360867469472218,89.76886576258029,0
univ3-conc-c20,690,10000,25.142494574523727,-5312.083617294439,5312.083617294439,-5286.941122719915,32967.02899913744,48751.279368054646,0.40342280277026515,1795,3625,1589866.6580644771,1.0526338223665783,1.0526359377773467,205.26338223665783,0.01933373639644742,75.62694109864069,0
univ3-conc-c20,691,10000,379.71950272668056,-692.9115326124505,692.9115326124505,-313.19202988576995,86431.0823866298,170310.0990629182,0.33664674244561854,3194,2473,360624.43479220755,-0.9999957810934993,0.9999957864808522,0.00042189065007757203,20526.312940989406,130.8393435159028,0
univ3-conc-c20,692,10000,98.35780106497337,-2037.9196233692405,2037.9196233692405,-1939.5618223042673,70955.37795264,161213.04226155696,0.3056202815489594,2726,2710,842649.5912394308,-0.9999937528930802,1.0526359547466075,0.0006247106919842552,20526.290456247585,112.0643809274625,0
univ3-conc-c20,693,10000,65.8554986702499,-2007.3702545491774,2007.3702545491774,-1941.5147558789274,33287.583880089005,87746.35370448534,0.275026860601216,2123,2471,808220.2410189556,-0.8814814237534593,1.052635856544548,11.851857624654077,19221.26514525723,109.43152602398868,0
univ3-conc-c20,694,10000,185.74814462373527,-4129.124512263888,4129.124512263888,-3943.376367640153,108456.22133730771,84602.749899686,0.561777681929994,5322,5014,1644459.9626091474,1.052634774917358,1.0526359751492698,205.26347749173578,0.01096053043850484,74.99713505576915,0
univ3-conc-c20,695,10000,165.54863009984714,-3960.396768625456,3960.396768625456,-3794.8481385256086,65603.38072215677,196495.45410745448,0.25030016163484703,2797,2333,1063113.468494382,1.0526313195045858,1.0526359580232025,205.2631319504586,0.04191229207001612,59.362736808104785,0
univ3-conc-c20,696,10000,267.15983802671144,-3090.115009534877,3090.115009534877,-2822.9551715081657,125443.1882144219,133250.5831214679,0.48490996735884134,4705,4357,1299745.2906249345,-0.9999941650967513,1.0526359598746342,0.0005834903248709972,20526.29522713247,112.57374544884273,0
univ3-conc-c20,697,10000,37.88413468320769,-3110.7825590109687,3110.7825590109687,-3072.898424327761,54809.34372099216,86285.95659128738,0.388456196625155,3023,3453,1200878.312945959,-0.999995616757873,1.0526359395963463,0.00043832421271019324,20526.311168462376,140.3254392306608,0
univ3-conc-c20,698,10000,158.79921294003333,-242.30641147358114,242.30641147358114,-83.50719853354781,207529.38623067166,534.8063154969255,0.9974296090598181,7630,3798,320807.99989906314,-0.47340408370648135,0.6640346383612286,52.659591629351866,14848.82306400858,104.90806521623315,0
univ3-conc-c20,699,10000,128.79484202575938,-7632.675272048174,7632.675272048174,-7503.880430022415,121717.84290016934,85152.44580248336,0.5883775947889831,4262,5488,2336805.0653086314,1.0526356255014166,1.052635802862897,205.26356255014167,0.0032614985401264174,84.27511345553144,0
univ3-conc-c20,700,10000,15.353772180710276,-744.2569127809971,744.2569127809971,-728.9031406002869,13735.268576814686,118889.879858188,0.10356458589410066,754,894,289274.66603879485,1.052633895830511,1.0526358915305443,205.2633895830511,0.01850093812121667,76.88228090323615,0
univ3-conc-c20,701,10000,66.52566566604466,-7965.717110642762,7965.717110642762,-7899.191444976717,52257.13098202151,76435.43454175063,0.4060617703076916,2957,3919,2003040.3408771083,1.0526346596335445,1.0526358397918463,205.26346596335446,0.01184618882306665,52.70554282196386,0
univ3-conc-c20,702,10000,62.847690737948604,-4506.8760224023235,4506.8760224023235,-4444.0283316643745,73040.95863798988,46508.96402771992,0.6109661722009632,3689,5516,1846903.5661127984,1.05263189682557,1.052635867100716,205.263189682557,0.036881439932010096,79.17456840546116,0
univ3-conc-c20,703,10000,15.993202657610299,-11595.032519990711,11595.032519990711,-11579.039317333101,36716.348621695055,37084.66971792765,0.49750463405167644,2716,4629,2653413.863918213,-0.9999957117392105,1.0526358101793798,0.00042882607894248324,20526.31226699367,136.3622804204815,0
univ3-conc-c20,704,10000,169.99863250435723,-426.722756610836,426.722756610836,-256.7241241064787,52955.394140283955,217344.51069346975,0.19591347682069604,2030,1505,245102.72238975795,1.0526334841594747,1.0526359188633672,205.26334841594746,0.022302386749516345,81.81499073906875,0
univ3-conc-c20,705,10000,16.61369084178595,-2119.785574225283,2119.785574225283,-2103.171883383497,64234.18936399154,904.8726077044732,0.9861086024220359,4727,8271,1606176.4246682345,-0.1437781813661539,0.9553680160604191,85.62218186338461,11448.194214481737,101.45358702177614,0
univ3-conc-c20,706,10000,58.23265662361926,-1734.8038916504722,1734.8038916504722,-1676.571235026853,103660.26476123725,15286.986880601045,0.871480957570742,3663,7063,1329446.5852571123,1.0526348126436775,1.0526358690456796,205.26348126436775,0.010624227288694499,88.297718567935,0
univ3-conc-c20,707,10000,157.06433180873012,-1935.501150911432,1935.501150911432,-1778.436819102702,102251.05463243682,49413.02976043332,0.6741942566149414,4451,5692,1228713.4171940063,1.0526300763056795,1.052635906194058,205.26300763056796,0.053350076141863184,78.18641879933519,0
univ3-conc-c20,708,10000,22.842201904746354,-2339.9648124271894,2339.9648124271894,-2317.122610522443,26921.168724246836,76589.10229812932,0.2600821006296776,1649,2368,873023.9015767726,-0.9999955970201053,1.05263494846522,0.0004402979894712686,20526.310811730782,127.36521796475098,0
univ3-conc-c20,709,10000,43.898500085456945,-10702.73662713981,10702.73662713981,-10658.838127054352,58741.24603383742,68364.92102057365,0.4621431626420748,3266,4435,2476176.500959678,-0.9999955153316865,1.0526358501602129,0.00044846683133918994,20526.310109468395,229.0286881279344,0
univ3-conc-c20,710,10000,15.079390950132955,-1199.6147355261835,1199.6147355261835,-1184.5353445760506,44215.85022111345,45295.35651571326,0.4939699936245207,2411,4277,864938.1686709642,-0.9999956241529213,0.9999956241529213,0.000437584707872776,20526.311260390958,123.37871282870498,0
univ3-conc-c20,711,10000,24.752130937852595,-7609.714705959212,7609.714705959212,-7584.962575021359,50284.208837705104,44615.783459265025,0.5298652573158378,2703,5083,2282411.3959621387,-0.9999957156102187,1.0526356386935822,0.00042843897813889714,20526.31233544219,135.7026919679984,0
univ3-conc-c20,712,10000,350.72013884879266,-450.75360679269704,450.75360679269704,-100.03346794390438,89763.50254755103,50467.69487557939,0.6401107898743864,3351,2964,252254.85143762632,1.0526294513252876,1.0526358932988387,205.26294513252876,0.05881378957077142,85.02737598750716,0
univ3-conc-c20,713,10000,178.23953027310614,-4393.78552663557,4393.78552663557,-4215.5459963624635,39959.29559132577,98062.40420701036,0.28951458828365684,2499,2487,1142248.3749377034,1.0526299497251146,1.0526359402328551,205.26299497251145,0.05426371353521375,78.07764903590488,0
univ3-conc-c20,714,10000,100.84180812787115,-2989.953991130583,2989.953991130583,-2889.112183002712,187573.37735928778,4515.716733240823,0.976491550680823,7301,8536,1904884.8565282978,-0.9999941237333198,1.0385822706010441,0.0005876266680188702,20526.29513391135,111.89803474042124,0
univ3-conc-c20,715,10000,69.1541876874916,-4374.913911051299,4374.913911051299,-4305.759723363807,39479.626296760995,49980.738583466904,0.44130857670452667,2808,3864,1473655.3428089244,0.4135985199523972,1.0526359053313015,141.35985199523972,5947.820493872626,95.94146580123405,0
univ3-conc-c20,716,10000,35.441346434872706,-296.3261011532277,296.3261011532277,-260.884754718355,108250.95399355196,1398.9939320001115,0.987241271350626,6190,5556,523215.1663958046,-0.9341069360421033,0.9999954872040412,6.589306395789679,19798.760461368554,110.00443498299455,0
univ3-conc-c20,717,10000,30.785222428058887,-76.3511391903997,76.3511391903997,-45.56591676234082,88532.63885200773,771.7787933168845,0.991357887844003,5325,2609,180049.7784921015,0.1297368628609351,0.28439247048229377,112.97368628609351,8710.993988121965,98.72515025958354,0
univ3-conc-c20,718,10000,17.057267724623305,-424.4432698738174,424.4432698738174,-407.3860021491941,27971.754525433647,183401.02450301513,0.13233375959762972,1041,1133,263623.4887647808,-0.999995735034642,0.999995749478942,0.000426496535795833,20526.312238017457,151.07665137673703,0
univ3-conc-c20,719,10000,38.833484467738145,-256.301206450161,256.301206450161,-217.46772198242283,99059.954833753,1832.6631169699044,0.9818355083434845,4472,5314,478856.6574591681,-0.6875474935841559,0.9999930384656066,31.245250641584406,17120.270892211458,107.2573289111001,0
univ3-conc-c20,720,10000,77.01565890437651,-404.5369573928481,404.5369573928481,-327.5212984884716,189545.36452324918,2532.912189168642,0.9868131251877017,8975,6132,625421.5645328861,0.3940396494320984,0.7345490588142696,139.40396494320984,6135.74372554427,96.13148050933626,0
univ3-conc-c20,721,10000,47.268312544212186,-408.7393530037188,408.7393530037188,-361.47104045950664,65214.08676620131,89517.71524545386,0.42146530912429403,3773,3144,427107.72540641215,1.0526358484898546,1.0526358484898546,205.26358484898546,0.0011113246874630694,82.15250460101505,0
univ3-conc-c20,722,10000,96.64183059769842,-3223.6998164123747,3223.6998164123747,-3127.057985814676,64606.35617358366,110939.95034735503,0.36803027904137414,3440,3232,1146259.1077772996,1.0526330351129445,1.052635932608125,205.26330351129445,0.026500563342473527,62.40020232591469,0
univ3-conc-c20,723,10000,66.6839119993657,-5606.230291667713,5606.230291667713,-5539.546379668347,68772.37851418878,116821.44805213045,0.37055315786386883,4191,3522,1590138.813987021,-0.9999955793036466,1.0526358851690696,0.00044206963533918785,20526.310824704127,128.91160817583662,0
univ3-conc-c20,724,10000,31.32034108513104,-201.26961559348348,201.26961559348348,-169.94927450835243,110842.15489603007,487.12174707018823,0.9956244955347029,7294,4879,410618.6189335329,-0.695472699516955,0.8050831415559138,30.4527300483045,17205.30185039745,107.33569419556993,0
univ3-conc-c20,725,10000,44.60786142513161,-1886.2560047506447,1886.2560047506447,-1841.648143325513,53430.044979899234,240989.84694504685,0.18147566263464185,1975,1691,647747.2446723537,1.0526327642894358,1.0526357713063532,205.26327642894358,0.028803374926013703,45.70873996978709,0
univ3-conc-c20,726,10000,53.95858669347281,-1166.7285148568906,1166.7285148568906,-1112.7699281634177,14148.966689196535,221126.99387165194,0.06013774911583984,473,509,263895.63997476286,1.0526299345987584,1.0526354218626977,205.26299345987584,0.05422072114534204,54.16903366905275,0
univ3-conc-c20,727,10000,70.04503493518187,-374.9660909140968,374.9660909140968,-304.9210559789149,189826.56830038235,1411.7154897085184,0.9926180288709447,10629,6017,593576.211985694,0.7549377750554427,1.026830931130075,175.49377750554427,2725.2440450889585,92.85888436652552,0
univ3-conc-c20,728,10000,126.68236332824414,-1897.8884959813988,1897.8884959813988,-1771.2061326531548,186128.36341250018,32500.880916044163,0.8513424815794378,10204,7121,1350818.8760837596,0.029307710727149612,1.0526359611879121,102.93077107271496,9707.352625959938,99.66198221640279,0
univ3-conc-c20,729,10000,8.357217612238435,-2331.2776107207324,2331.2776107207324,-2322.920393108494,25393.73713645647,147125.05913055138,0.14719403152543742,1622,1437,667048.6370173829,-0.9999957776771456,1.052635906175149,0.0004222322854336156,20526.312759446748,208.9385814085783,0
univ3-conc-c20,730,10000,23.13727236994451,-1346.4458273738294,1346.4458273738294,-1323.308555003885,11343.91638881757,183914.24342024693,0.05809701576574496,560,536,305572.86063713976,1.0526351258167406,1.052635465496828,205.26351258167406,0.007375710537788627,59.683498641207,0
univ3-conc-c20,731,10000,213.329932134471,-6788.41952137355,6788.41952137355,-6575.089589239079,194561.56138744333,88336.68276118171,0.6877439694720315,7148,6478,2393832.4536469798,-0.9999954979529053,1.052635938941642,0.00045020470945980655,20526.310238032493,124.39984901616288,0
univ3-conc-c20,732,10000,20.504154586425507,-8297.14142165129,8297.14142165129,-8276.637267064863,48380.454510361255,60012.92220179859,0.4463414276578563,3698,4372,2177405.291787986,1.0526358172952732,1.0526359325545553,205.26358172952732,0.0014545514082948685,79.2662698882511,0
univ3-conc-c20,733,10000,24.806458249708264,-1059.3093898839209,1059.3093898839209,-1034.5029316342127,71929.5736029626,2448.2237935021467,0.967083943337928,5175,7536,1110918.7397172563,-0.022610512878189867,0.9999955450930154,97.73894871218101,10226.361677498398,100.2393723827712,0
univ3-conc-c20,734,10000,24.569543401474856,-1795.5286151861437,1795.5286151861437,-1770.9590717846688,19809.326274743897,125558.72351258746,0.13627015223581995,698,1285,553413.6254291462,-0.9999957998740315,0.9999957998740315,0.0004200125968451848,20526.31294562038,128.31237941132758,0
univ3-conc-c20,735,10000,117.14992330428962,-8325.807627639195,8325.807627639195,-8208.657704334904,58087.04071167985,98211.86724779915,0.3716407329393441,2824,3476,1945334.2292921543,-0.9999942040801372,0.9999958025138567,0.0005795919862810528,20526.295502146106,118.99688162807234,0
univ3-conc-c20,736,10000,130.8621149580048,-1539.6061307038078,1539.6061307038078,-1408.744015745803,87867.9987794955,90434.61463557517,0.49280264095146814,3471,4259,928856.4189204718,0.1471651560307407,1.0526359062108577,114.71651560307407,8539.099350250543,98.53037177512664,0
univ3-conc-c20,737,10000,27.933210897036066,-1433.8835592214043,1433.8835592214043,-1405.9503483243682,81783.19547177058,64200.132746248346,0.5602228451020886,6233,4828,1000734.2218125436,-0.9999957440767956,0.9999957440767956,0.00042559232043293374,20526.31282945294,126.62826571614187,0
univ3-conc-c20,738,10000,53.536602507732404,-617.2184362822221,617.2184362822221,-563.6818337744897,140507.7677569035,2516.025646362825,0.9824083420912442,8992,6890,810857.8410494287,0.871990482732111,0.9897880348870476,187.1990482732111,1644.42372615746,91.82415555038274,0
univ3-conc-c20,739,10000,50.6821548661369,-599.0271974050296,599.0271974050296,-548.3450425388927,117094.33738007395,40149.95549658803,0.7446651019119623,7460,5493,711778.3307331323,-0.9999954477370464,0.9999957366917844,0.0004552262953525432,20526.30964062059,121.64777944769699,0
univ3-conc-c20,740,10000,27.237045786625092,-11945.49348096373,11945.49348096373,-11918.256435177105,55158.299504196,44159.04711357959,0.5553742763232853,4191,5272,2870923.911187572,1.052635556185866,1.0526358860406861,205.2635556185866,0.003872048688181362,84.62575815646454,0
univ3-conc-c20,741,10000,32.97638233899396,-1019.1359568639148,1019.1359568639148,-986.1595745249208,107778.54437387914,1817.7055864423905,0.983414527530819,7715,7581,1082774.8999667435,0.4476204871615036,1.0521475409779035,144.76204871615036,5621.792344592205,95.66194468520477,0
univ3-conc-c20,742,10000,55.69453444718841,-2299.9258863054883,2299.9258863054883,-2244.2313518583,98603.00224507073,16189.537050285673,0.8589669925444312,5006,7319,1557235.733042762,-0.9999956835600001,1.0526358809583511,0.0004316439999822149,20526.312219010746,132.35171059481505,0
univ3-conc-c20,743,10000,208.2319364514422,-1077.9392845730495,1077.9392845730495,-869.7073481216073,29234.223755838633,103665.70496416462,0.21997170380301703,1297,1913,476764.65352023096,1.0526320442012527,1.0526359407445798,205.26320442012528,0.03528361802218627,84.1320090263956,0
univ3-conc-c20,744,10000,17.030269285886675,-3685.761024201798,3685.761024201798,-3668.7307549159113,27181.73193609535,98431.73046265836,0.21639186928713333,2027,2076,994403.486236075,1.0526357765765966,1.0526359420876275,205.26357765765965,0.0016399172951555296,51.98239017487564,0
univ3-conc-c20,745,10000,24.953735842221832,-6092.126051724991,6092.126051724991,-6067.172315882769,37398.77931515139,96331.97776204773,0.2796572765497925,1525,2835,1485022.3113768906,-0.6298439831344437,1.0526358280587098,37.015601686555634,16503.258066877755,106.59549972683105,0
univ3-conc-c20,746,10000,60.91133005523888,-81.29003324790693,81.29003324790693,-20.378703192668056,163954.15194462275,162.6614641519303,0.9990088677645308,8930,2036,150996.61738669232,-0.10517526517146238,0.23357142644570972,89.48247348285376,11057.313788048894,101.02848243158687,0
univ3-conc-c20,747,10000,10.776216582460663,-1290.7819322205746,1290.7819322205746,-1280.005715638114,9158.850766745822,81854.81474067272,0.10063159983375554,460,777,357624.50585728267,1.0526333467673976,1.0526358547243941,205.26333467673976,0.023437786799362925,59.147130478079994,0
univ3-conc-c20,748,10000,78.59296835615346,-3541.953132819666,3541.953132819666,-3463.3601644635123,135542.2751440651,141097.9772162698,0.48995861588325884,5785,4465,1459875.81769936,1.0526330851881776,1.0526359737093387,205.26330851881775,0.026204440725479117,65.84911581145109,0
univ3-conc-c20,749,10000,48.680172261971585,-8160.691319693366,8160.691319693366,-8112.011147431394,91886.61021350314,113340.1904948692,0.44773202084884706,4971,4326,2148610.0214664736,1.0526318998647113,1.0526357911739261,205.26318998647113,0.03686090225899363,75.92248779143098,0
univ3-conc-c20,750,10000,8.791665921952998,-2537.5719773443516,2537.5719773443516,-2528.7803114223984,19350.1408492557,100279.54153172969,0.16175033205915557,1306,1575,716420.2601670244,1.052634562869188,1.0526358150616877,205.2634562869188,0.012537239045210313,30.054351490408308,0
univ3-conc-c20,751,10000,180.64930909610842,-2179.623454151781,2179.623454151781,-1998.9741450556726,244496.8667189821,25048.392378210607,0.9070716640978699,9605,7601,1511023.553118117,-0.12924213747465715,1.0526359656970874,87.07578625253429,11300.82898691261,101.2866927732182,0
univ3-conc-c20,752,10000,19.710687435272373,-3468.3883145624104,3468.3883145624104,-3448.677627127138,21297.27383153513,78626.28122087709,0.21313566976639509,926,2088,973460.4253074186,1.0526336173298632,1.0526350946062417,205.2633617329863,0.021077337996642243,77.42692162612333,0
univ3-conc-c20,753,10000,44.862409200447885,-5198.908024118609,5198.908024118609,-5154.045614918162,91421.32366954902,72747.49993935801,0.5568738427908728,5857,5273,1929659.3716492744,-0.9999940304935181,1.052635916968347,0.0005969506481806608,20526.29384983711,116.90083946461168,0
univ3-conc-c20,754,10000,178.8467404870129,-238.40151634424717,238.40151634424717,-59.55477585723426,237764.8101089106,358.5993078618422,0.9984940610889952,8778,3460,294404.4752999029,-0.03787648628176484,0.3564316227661473,96.21235137182352,10379.484193141912,100.34288258639835,0
univ3-conc-c20,755,10000,10.691054479086302,-1804.5306546106049,1804.5306546106049,-1793.8396001315186,17927.638111655615,107264.75812375364,0.14320069469670385,1468,1399,563991.305758239,1.0526332513636458,1.0526359030459957,205.26332513636459,0.02437047757156563,75.26623008941496,0
univ3-conc-c20,756,10000,23.04000883286487,-3463.481480388981,3463.481480388981,-3440.441471556116,29888.483439001713,131854.36613150733,0.18479013766832603,1889,1861,907476.7556037894,1.0526358716583832,1.0526358716583832,205.26358716583832,0.0007667800320376728,29.392458375787093,0
univ3-conc-c20,757,10000,38.18886645457894,-2906.0197192577393,2906.0197192577393,-2867.8308528031603,41823.205433759846,268674.25623032404,0.1346974149470081,1671,1338,690391.530465956,-0.9999956670220339,1.0526357444550467,0.0004332977965997113,20526.31153307263,158.94831824420146,0
univ3-conc-c20,758,10000,50.59607042150391,-391.2906615011292,391.2906615011292,-340.6945910796253,136628.9848445993,1235.5072726509677,0.9910382488363996,7524,6122,619428.3143282861,-0.6543619592400227,0.8891886895190473,34.56380407599773,16764.974792766654,106.84769461779557,0
univ3-conc-c20,759,10000,9.92291045888291,-3919.857876481923,3919.857876481923,-3909.93496602304,17800.52961133573,69845.9233970789,0.20309469465497662,1401,1835,974208.2756943526,1.0526359253288908,1.0526359253288908,205.26359253288908,0.000258863641559845,71.69126603690364,0
univ3-conc-c20,760,10000,27.166096886252905,-250.5487204943698,250.5487204943698,-223.3826236081169,83386.82889549801,598.8553987731967,0.9928695538554533,4514,5256,471966.5739365256,-0.3037336529324773,0.7209630927459643,69.62663470675227,13084.179135037048,103.10818805891064,0
univ3-conc-c20,761,10000,105.58015414673102,-1625.49788667957,1625.49788667957,-1519.917732532839,188281.11283530254,27120.178759321265,0.8740946325876248,10285,7206,1302430.048565293,-0.916899138544349,0.9999957221809437,8.310086145565093,19609.577626798695,109.84123302701997,0
univ3-conc-c20,762,10000,133.1332912358481,-697.8675347883645,697.8675347883645,-564.7342435525164,94901.94856442761,40383.09814690397,0.7014962175895716,3905,5086,688993.2455194871,0.4370691082235561,0.9999957637680784,143.7069108223556,5722.7885501570645,95.76820015918756,0
univ3-conc-c20,763,10000,76.39356653036059,-2068.4963803235028,2068.4963803235028,-1992.102813793142,132397.48361545868,57637.82288000608,0.6966993979017178,6939,5980,1328763.6960931513,1.0526306229181868,1.0526357754283753,205.26306229181867,0.048542667409329,83.24321816981625,0
univ3-conc-c20,764,10000,105.37755870380033,-320.0560974637622,320.0560974637622,-214.6785387599619,108082.84255977698,68280.52769144814,0.6128417845826813,5176,3765,391070.77063402545,-0.9999956416248236,0.9999957642692,0.00043583751764232197,20526.31156686815,112.10210031335453,0
univ3-conc-c20,765,10000,150.74859071877898,-3507.0836524070555,3507.0836524070555,-3356.3350616882767,47927.90032243914,101958.09931136254,0.31976235565386746,2661,2866,1107275.0448625747,1.0526336956798366,1.052635850680136,205.26336956798366,0.02048212804599439,59.15366382988853,0
univ3-conc-c20,766,10000,152.29230459989355,-606.6609036560076,606.6609036560076,-454.368599056114,46574.00069180211,154873.8022710277,0.23119636951511316,2225,1731,331957.6728433381,-0.9999956695305241,0.9999957923295871,0.0004330469475980771,20526.311610864857,129.17125411408526,0
univ3-conc-c20,767,10000,79.80662846178231,-7314.8660128221745,7314.8660128221745,-7235.059384360392,91322.15401764096,186281.31959304633,0.32896617909656156,3787,3134,1711765.4140897857,-0.999995660312399,1.052635895097051,0.0004339687601037312,20526.311673628647,141.39502169550477,0
univ3-conc-c20,768,10000,76.00632880951898,-2746.13929515308,2746.13929515308,-2670.1329663435613,119969.58036702334,37293.39506119126,0.7628596625515682,5387,6646,1594666.1555314623,-0.9999949077815272,1.052635924768689,0.0005092218472749453,20526.303612060277,111.92007962805289,0
univ3-conc-c20,769,10000,7.194330690390968,-2555.0980233875352,2555.0980233875352,-2547.9036926971444,15466.884635188653,98314.20047885923,0.13593546431452558,973,1333,669522.6201928618,1.052635926287432,1.052635926287432,205.2635926287432,0.00020521394322514652,37.26992806776026,0
univ3-conc-c20,770,10000,40.454043516937816,-2313.0337329389145,2313.0337329389145,-2272.5796894219766,51317.365028486005,111984.90302755054,0.31424771767944243,3199,2746,909595.1095591735,1.0526288362904725,1.0526359140929231,205.26288362904725,0.06435610813382431,57.98356107023355,0
univ3-conc-c20,771,10000,66.6489515597484,-1584.3268589847125,1584.3268589847125,-1517.6779074249641,77394.03260943101,78701.43455382461,0.49581217197349425,3042,4221,968441.9863202457,-0.9999947582930417,0.9999957560744049,0.0005241706958284273,20526.301690045504,117.1002968466999,0
univ3-conc-c20,772,10000,61.405277933406346,-1744.5264835919463,1744.5264835919463,-1683.12120565854,66712.90444330192,52779.30346193815,0.5583033874159118,2727,4560,1041838.2861460699,-0.6173038314461117,1.052635907882108,38.26961685538883,16369.654772624033,106.47163313139586,0
univ3-conc-c20,773,10000,4.013654621619293,-1332.2377060571,1332.2377060571,-1328.2240514354808,8492.303008209401,57667.916679304224,0.1283596555198886,495,1142,445423.64596366487,1.0526282844458286,1.0526350375703069,205.26282844458285,0.0691457623266416,60.991476141526256,0
univ3-conc-c20,774,10000,141.5903499577708,-3263.386634620356,3263.386634620356,-3121.796284662585,77572.62280110858,134666.8965705331,0.3654956580695754,3325,3330,1182334.8056674635,-0.4957264937091905,1.052635950195951,50.427350629080955,15083.270788851356,105.14823605591745,0
univ3-conc-c20,775,10000,112.37804132794116,-1052.6950829745585,1052.6950829745585,-940.3170416466173,201831.2582931008,17326.134401466585,0.920942049052329,8772,7126,1060900.0625383009,-0.33451878927053047,0.9999957048330954,66.54812107294696,13402.096422894969,103.46699775840948,0
univ3-conc-c20,776,10000,173.36185993781342,-7409.3614096571155,7409.3614096571155,-7235.999549719302,93612.37107818322,120944.22972048388,0.43630618088522943,4772,4090,1952488.9090301248,1.0526329100249994,1.0526359268181409,205.26329100249993,0.027726770200923845,79.8028225848472,0
univ3-conc-c20,777,10000,98.0287798928783,-2975.9289404516517,2975.9289404516517,-2877.900160558773,98828.14669458682,51311.42366873092,0.6582418376144002,7190,5936,1543722.8853895338,-0.9999955366844666,1.05263541196856,0.0004463315533360873,20526.31064740559,121.75783026085003,0
univ3-conc-c20,778,10000,7.1899777547588,-332.03079009034275,332.03079009034275,-324.84081233558396,15433.511514485095,92615.22088378758,0.14283843199193166,892,1222,237929.24192998814,1.052633060861052,1.0526357847690861,205.2633060861052,0.026055535580937317,70.4965545879545,0
univ3-conc-c20,779,10000,215.79100816576076,-2448.6717886371093,2448.6717886371093,-2232.8807804713488,29167.910775892044,95766.45878164194,0.23346586595180138,1189,1900,738669.078989625,-0.9999957653302936,1.052635899104954,0.00042346697063801647,20526.31262570449,119.5149394147438,0
univ3-conc-c20,780,10000,5.736171270948136,-3247.39356556897,3247.39356556897,-3241.657394298022,16019.727279362012,65952.23973860186,0.19542933837187715,950,1910,911676.591233747,1.0526286277082308,1.05263585101882,205.2628627708231,0.06610243616134354,43.201264710126864,0
univ3-conc-c20,781,10000,151.65456536873825,-415.8526754889464,415.8526754889464,-264.1981101202081,198948.58345771616,40895.3706899278,0.8294917591929238,8283,5210,518832.8174702956,1.052630548862124,1.0526359837396821,205.2630548862124,0.049233793031409595,88.30946982733876,0
univ3-conc-c20,782,10000,30.517114373534298,-2034.1531137654097,2034.1531137654097,-2003.6359993918754,20257.887973836005,145104.32248164195,0.12250615130287115,1352,1112,543069.8411246636,1.052631411152018,1.0526356159912877,205.26314111520182,0.04096204039052051,30.849314336764525,0
univ3-conc-c20,783,10000,14.533139108782759,-3508.449385264517,3508.449385264517,-3493.916246155734,31096.45031768723,153260.17917306928,0.1686755198529293,1643,1602,851680.3258143138,-0.9999957307556455,1.0526347891079877,0.00042692443545160746,20526.31225265896,187.45760283221549,0
univ3-conc-c20,784,10000,84.1390593773397,-3258.2014476319177,3258.2014476319177,-3174.062388254578,113720.70559022854,92538.06146271636,0.5513496818345539,4908,5092,1485596.302759781,0.9905336357566474,1.0526358737043473,199.05336357566475,562.1274059042167,90.7681798913549,0
univ3-conc-c20,785,10000,39.740261307833094,-1559.6878651603747,1559.6878651603747,-1519.9476038525415,48777.13030399429,160145.0643908219,0.23347031355498465,2539,2065,663791.4070713278,-0.7392809725529653,1.0526354571567043,26.07190274470347,17676.590139057465,107.79334861455105,0
univ3-conc-c20,786,10000,28.919660829761444,-1613.250534493834,1613.250534493834,-1584.3308736640727,73655.58019915078,125013.17921012295,0.3707456593485557,4346,3247,850663.8728517453,1.0526356111845336,1.0526358617669116,205.26356111845337,0.0032890844123558693,69.39788457473159,0
univ3-conc-c20,787,10000,44.57306276320726,-511.95744213482385,511.95744213482385,-467.3843793716166,86888.32739084325,1683.97514886603,0.9809875649545065,4475,6547,726332.9697794373,-0.22187692695632819,0.8837279359425864,77.81230730436718,12243.66260788239,102.25641890206818,0
univ3-conc-c20,788,10000,91.48103482684166,-517.1343021239261,517.1343021239261,-425.6532672970844,51755.162383667615,100039.55609597288,0.3409549614244931,3397,2606,407548.62173306657,1.0526297264733204,1.0526359403916763,205.26297264733205,0.05632378291710438,76.4701005624904,0
univ3-conc-c20,789,10000,118.98856917877839,-5834.139421227616,5834.139421227616,-5715.150852048838,42115.444974647166,123070.12168223374,0.2549583830294826,2359,2511,1345205.3651673004,1.0526320200527828,1.0526359479907539,205.2632020052783,0.035576353916924014,45.19913850165597,0
univ3-conc-c20,790,10000,236.09896502434893,-1816.0370120374746,1816.0370120374746,-1579.9380470131257,65426.58627191686,182743.01658213083,0.2636365836890799,3114,2545,751509.3317372657,-0.6937109015111139,0.9999957858735664,30.628909848888608,17186.392873051438,107.42707785417099,0
univ3-conc-c20,791,10000,137.49566277808887,-1951.4709032519092,1951.4709032519092,-1813.9752404738203,54238.755388080644,72397.85925801283,0.4283023163534466,1903,3691,980520.7427033043,1.0526351681682473,1.052635905861141,205.26351681682473,0.007193720318413144,79.51436980792685,0
univ3-conc-c20,792,10000,39.352746250517065,-370.432699113102,370.432699113102,-331.07995286258495,131575.21529410893,1970.6017466484827,0.9852440024681037,8220,6035,608917.112932276,-0.7329616447986129,0.8763676945541886,26.70383552013871,17608.475123431424,107.75392412089055,0
univ3-conc-c20,793,10000,163.21023883217276,-2422.5500870036635,2422.5500870036635,-2259.3398481714908,111406.99057739713,103085.1610846914,0.5193989137323215,4828,4619,1192679.730957776,1.0515967393560697,1.0526359243909083,205.15967393560697,9.379572038384241,90.0232238598749,0
univ3-conc-c20,794,10000,27.431013300326686,-1012.3711864600083,1012.3711864600083,-984.9401731596816,20487.19952881948,164257.75207476906,0.11089450266970939,1046,1032,365525.2208352496,1.0526262418338346,1.0526359434075516,205.26262418338345,0.08759635302064814,75.5775003864907,0
univ3-conc-c20,795,10000,13.003833151056503,-2875.5786314339466,2875.5786314339466,-2862.5747982828902,30934.32633302278,77636.86550699524,0.2849220480015101,1472,2546,990987.428683884,-0.12214759942013345,0.9999957502907633,87.78524005798666,11228.982650215044,101.23265814628994,0
univ3-conc-c20,796,10000,33.805635569976744,-2510.457663549212,2510.457663549212,-2476.6520279792353,46555.35425198367,138018.46870943296,0.2522316193326917,2879,2342,879786.2735184174,1.0526261425909502,1.0526359634090086,205.26261425909502,0.08863791148104383,44.766029147773274,0
univ3-conc-c20,797,10000,3.591324309055649,-2447.0326418568393,2447.0326418568393,-2443.4413175477835,12962.028991824867,52643.1393400585,0.19757633920322507,1082,2017,799302.2411004567,1.0526357219250402,1.0526358969391578,205.26357219250403,0.0020887744690629706,48.03513720874063,0
univ3-conc-c20,798,10000,73.61831981252173,-193.68308946463503,193.68308946463503,-120.0647696521133,176433.19470289387,541.9226407022517,0.9969378596899015,9211,4393,362757.89958081616,0.5340737797989127,0.5408277874757249,153.40737797989127,4798.181519573101,94.88059338914263,0
univ3-conc-c20,799,10000,57.71751848486608,-1567.8694820103872,1567.8694820103872,-1510.151963525521,76916.41895576035,74447.56989499238,0.5081553382660994,5178,4451,979245.5156027313,-0.9999957006509552,0.9999957817065525,0.0004299349044784728,20526.31226361149,129.93298697183545,0
univ3-conc-c20,800,10000,67.38787728617724,-464.22890544267824,464.22890544267824,-396.841028156501,28724.698414914415,50809.301721199925,0.36116250114108456,1707,2508,386502.649970575,1.052635735319165,1.0526358804711686,205.2635735319165,0.002012848221936342,77.59413458054722,0
univ3-conc-c20,801,10000,125.54392061416308,-193.53473126864446,193.53473126864446,-67.99081065448138,242720.61032455167,708.4326565988757,0.997089777588068,9937,3684,309712.70527914073,-0.47222417453924115,0.5924493776756341,52.777582546075884,14836.445736501546,104.84914144142202,0
univ3-conc-c20,802,10000,123.89643302042364,-2103.7106557797583,2103.7106557797583,-1979.8142227593346,148132.24141952256,42331.0916132475,0.7777467665864891,6972,6551,1364371.8043571976,1.052631504571054,1.0526359702519137,205.26315045710538,0.04061532637120635,87.95038740837605,0
univ3-conc-c20,803,10000,100.65036874543775,-2974.4279579189993,2974.4279579189993,-2873.7775891735614,196062.80041395305,17125.98145083706,0.9196675298717228,10697,7969,1821434.4889331886,1.0526303406680881,1.0526359401941139,205.2630340668088,0.05135287637282954,89.95941612798795,0
univ3-conc-c20,804,10000,29.178228861868188,-104.33413596373312,104.33413596373312,-75.15590710186493,91293.10580612344,1242.1863428809002,0.9865760801740305,7337,3389,242094.6249318496,0.28376200453352285,0.44770333543900276,128.37620045335228,7202.080745513641,97.2363674029311,0
univ3-conc-c20,805,10000,19.544051545970802,-6475.2337818837805,6475.2337818837805,-6455.68973033781,40279.09111127523,88855.52154169753,0.31191552972337805,3149,2923,1559702.586950974,-0.9999957526224605,1.0526359079112995,0.00042473775394308115,20526.31265148183,119.2981378612403,0
univ3-conc-c20,806,10000,8.258490696427481,-2051.046962289907,2051.046962289907,-2042.7884715934792,17201.474175918585,72226.02756196004,0.19235105355327836,1253,1859,703285.1436950903,1.0526347833136132,1.0526359054092982,205.2634783313613,0.010556309323741964,75.48629317156421,0
univ3-conc-c20,807,10000,67.88858488215902,-1403.673941586006,1403.673941586006,-1335.7853567038471,73119.70283565915,34063.29989362804,0.6821949467149941,4702,5667,1045144.7586591734,0.09314408171336482,1.0526357438458498,109.31440817133648,9072.877824879088,99.07495247045713,0
univ3-conc-c20,808,10000,58.432888266880994,-74.08382694990041,74.08382694990041,-15.650938683019419,104405.07762680722,243.12862925030868,0.9976767052398834,4461,1583,116589.0665082875,0.01562324367257844,0.15037302187988233,101.56232436725784,9843.88981783199,99.8784555894213,0
univ3-conc-c20,809,10000,342.5719745809546,-4640.6709376227245,4640.6709376227245,-4298.09896304177,84630.63283130722,129713.32813845266,0.39483562983725534,2835,3411,1403635.5792901474,0.1225804778026398,1.0526359354133605,112.25804778026398,8781.6633371264,98.84999152418169,0
univ3-conc-c20,810,10000,45.19439482900613,-4439.162626378487,4439.162626378487,-4393.968231549481,42889.81329414746,138707.72818228664,0.2361805834233349,1798,2282,1132133.5994238139,-0.9999930161482752,1.0526358497639086,0.0006983851724869264,20526.282217518317,110.90749740308672,0
univ3-conc-c20,811,10000,9.028831948503056,-663.8109549154267,663.8109549154267,-654.7821229669237,8776.738629993799,241412.52578821886,0.03508039663653486,349,314,167563.12337177325,-0.9999958009550486,0.9999958009550486,0.0004199044951428357,20526.312887262706,186.54067034309261,0
univ3-conc-c20,812,10000,27.462802607018155,-38.1804549058764,38.1804549058764,-10.717652298858248,76492.45982107207,71.6358671796853,0.9990643673573659,4192,1160,79793.27969939754,0.08554804974021976,0.1315981958760885,108.55480497402198,9148.163691739674,99.1449253962304,0
univ3-conc-c20,813,10000,9.747573604956349,-6494.893012791222,6494.893012791222,-6485.145439186265,21782.688624404782,41842.156750502974,0.34236136050391713,1304,3010,1588574.288269776,-0.999995645189451,1.052635820859113,0.00043548105489965404,20526.311364374735,176.8947872540809,0
univ3-conc-c20,814,10000,42.99382957332081,-5517.200667924459,5517.200667924459,-5474.206838351138,29824.08544323687,34074.76356606856,0.466739008693156,2164,4221,1750164.8640002476,1.0526350888049045,1.0526358526647335,205.26350888049046,0.007948785571874062,62.71693477351568,0
univ3-conc-c20,815,10000,1.6531523269988047,-212.6144648963194,212.6144648963194,-210.9613125693206,1220.8233310337234,85432.06599306995,0.014088662715763997,50,97,49655.625007064176,1.0526339511849927,1.0526354706706775,205.26339511849926,0.017934606893087957,77.68030596446827,0
univ3-conc-c20,816,10000,51.61837870829574,-4424.061949065059,4424.061949065059,-4372.443570356763,59974.19595175295,94531.25932695507,0.3881687921217228,2441,3391,1404788.6145183784,1.0526359218402936,1.0526359218402936,205.26359218402936,0.00040663283002162487,64.61531201975052,0
univ3-conc-c20,817,10000,15.308889908084305,-520.1851200304905,520.1851200304905,-504.8762301224061,39780.17448505063,56250.0693239611,0.41424631352771335,3001,3221,504393.69877038687,-0.9999957506589212,0.9999957760607866,0.000424934107883486,20526.312632862304,129.80734167473219,0
univ3-conc-c20,818,10000,43.31049919653978,-728.5456278463569,728.5456278463569,-685.235128649817,147345.38618657412,1727.5312197234766,0.9884115019026889,9687,7123,899850.2121824296,0.15520558525598177,0.7612206795645949,115.52055852559818,8459.897532604447,98.4871648904089,0
univ3-conc-c20,819,10000,82.16973283803834,-406.0941784736991,406.0941784736991,-323.9244456356608,83255.00942967333,135541.42933397926,0.38051354903270035,3565,2743,377597.3563267404,1.052635171217163,1.052635814221696,205.26351712171632,0.00719440897048873,78.1946351444569,0
univ3-conc-c20,820,10000,68.37860909181092,-1001.5068508045917,1001.5068508045917,-933.1282417127809,176755.142723721,1367.2657057513013,0.9923240106744196,9707,7523,1071014.1215742882,-0.052377338871632304,0.8965320315053059,94.76226611283677,10525.149644768284,100.49189058316097,0
univ3-conc-c20,821,10000,72.98951521940239,-2959.6182132101467,2959.6182132101467,-2886.6286979907445,61723.49609899104,174327.5976145593,0.2614836268197636,2378,2497,965358.5853509322,0.3646948270200536,1.0526359291969465,136.46948270200537,6418.367253866008,96.39702422755052,0
univ3-conc-c20,822,10000,43.99400463186686,-365.9650513866017,365.9650513866017,-321.97104675473486,61002.49060619901,30747.52560070592,0.6648771643661909,4346,4380,473905.06958387553,1.0526303848064427,1.0526359591084764,205.26303848064427,0.05049796085646818,84.97408078309397,0
univ3-conc-c20,823,10000,84.96313211834202,-1062.466747226168,1062.466747226168,-977.503615107826,203508.016919319,1749.4347760949709,0.9914768756912612,10974,7562,1101441.5997778655,0.24241396019145825,0.8086772071477826,124.24139601914582,7604.8939381257505,97.60021019536488,0
univ3-conc-c20,824,10000,76.44266954064318,-365.90644000421736,365.90644000421736,-289.4637704635742,35800.71061419919,39505.92479996121,0.4753991519778793,2308,3121,373762.5103793999,1.0526353326296722,1.0526359027132302,205.26353326296723,0.005700427508580297,86.78164772720766,0
univ3-conc-c20,825,10000,61.809683438571916,-101.53604336571635,101.53604336571635,-39.726359927144436,139502.3961229539,551.12961149803,0.9960648644251698,6684,2679,196527.1105373524,-0.25087485419221095,0.36726519710292665,74.9125145807789,12540.62039696092,102.54219046099887,0
univ3-conc-c20,826,10000,169.02943622420676,-1342.6133285661401,1342.6133285661401,-1173.5838923419333,158825.1400600773,22676.310475835293,0.8750626487618706,6828,6811,1124724.2849934613,1.0526335771406476,1.0526358086632301,205.26335771406477,0.021909813407469683,85.45788929678895,0
univ3-conc-c20,827,10000,26.194924790632186,-2025.2873391754442,2025.2873391754442,-1999.092414384812,20215.744573994103,122837.58518475627,0.1413161413864785,791,1333,594785.669660201,-0.9999957813357742,1.0526355165546946,0.00042186642258276177,20526.312750937293,160.70313852432446,0
univ3-conc-c20,828,10000,50.472623582301665,-7085.689874814964,7085.689874814964,-7035.217251232662,50755.79072392191,91151.5995056537,0.35766841065718963,3209,3543,1793368.907733642,1.0526289128452724,1.052635913296868,205.26289128452723,0.0637063385264014,75.19124874910781,0
univ3-conc-c20,829,10000,152.2097225484568,-283.8520261153198,283.8520261153198,-131.642303566863,42923.076930810385,90733.22731953865,0.32114517284880184,2260,2039,219945.07648186805,-0.9999955638444459,0.9999957870516244,0.0004436155554132619,20526.31045120836,122.83687938068753,0
univ3-conc-c20,830,10000,2.9373897206122477,-156.70317194417453,156.70317194417453,-153.76578222356227,5187.19464257871,128235.16599335479,0.038878000792782315,383,384,90950.46038078984,-0.9999957991081005,0.9999957991081005,0.0004200891899480385,20526.31287141621,112.94110362518128,0
univ3-conc-c20,831,10000,65.77005146017848,-1555.4922662851216,1555.4922662851216,-1489.722214824943,22841.558797520953,134076.07104891006,0.14556400590472254,674,1166,470244.61504128156,1.0526312056571943,1.052635889511273,205.26312056571942,0.0427907558246442,51.688097046321765,0
univ3-conc-c20,832,10000,135.74034624258553,-2026.339707645703,2026.339707645703,-1890.5993614031174,278345.44987946283,7933.466854590384,0.9722876314291757,10452,8161,1553255.5353390803,0.8655189165018169,1.0526355273222399,186.5518916501817,1703.86313405404,91.85844630659516,0
univ3-conc-c20,833,10000,99.55231718005045,-6445.679915316389,6445.679915316389,-6346.127598136339,106961.13993561397,85228.45476045656,0.5565397029155652,3884,5279,2101774.7401218205,-0.43113374726515624,1.0526358871832684,56.88662527348438,14406.33131777161,104.45568928617625,0
univ3-conc-c20,834,10000,117.13529191961348,-1352.1624929939758,1352.1624929939758,-1235.0272010743622,44899.21139302287,168932.98856734848,0.20997404226933014,2055,1907,574272.8168135242,1.0526354645003537,1.0526359430424947,205.26354645003536,0.004448034818499175,46.10246177590722,0
univ3-conc-c20,835,10000,18.384923340617988,-2198.4371362060306,2198.4371362060306,-2180.0522128654125,12767.882027416446,128446.69437452352,0.09041475995420714,580,921,503809.86207683315,1.0526308539874933,1.05263593213204,205.26308539874933,0.045948498787240055,34.93327604732511,0
univ3-conc-c20,836,10000,166.96421045078574,-819.3360229188733,819.3360229188733,-652.3718124680875,242078.90082722827,35712.40516977408,0.8714416023870831,9862,6418,853804.200241481,0.98257457729209,1.0526358026961475,198.257457729209,634.4106932189711,90.85752508151614,0
univ3-conc-c20,837,10000,59.840606427802676,-1721.5208096644528,1721.5208096644528,-1661.6802032366502,104819.75155170607,13372.570696848588,0.8868575348851636,5667,7271,1336638.0979922537,0.9328866976277496,1.0526359303192965,193.28866976277496,1086.9114271706592,91.23673533614378,0
univ3-conc-c20,838,10000,7.5370069682122205,-491.1418632625483,491.1418632625483,-483.6048562943361,1878.3675941286695,66432.53292772558,0.027497333218843106,103,217,108268.53315523513,1.052633658290737,1.05263570085275,205.2633658290737,0.020585263604095516,60.250967028008056,0
univ3-conc-c20,839,10000,86.98257501085709,-3353.739135838174,3353.739135838174,-3266.756560827317,62811.77190290305,21082.7387680911,0.7486994250342498,3184,6587,1709222.418603187,-0.7808139417987013,1.0526359441318456,21.918605820129876,18125.385596121443,108.29122919939262,0
univ3-conc-c20,840,10000,10.31007690369232,-3645.891588824976,3645.891588824976,-3635.581511921284,29636.068267230858,56447.19484896874,0.3442721290342651,2374,3218,1242335.838974921,1.0526296507127078,1.05263589339736,205.26296507127077,0.05698940251381046,71.96154163648174,0
univ3-conc-c20,841,10000,64.56202376139713,-7944.482364019097,7944.482364019097,-7879.9203402576995,117873.53751353081,29394.74338139383,0.8004000372465346,4693,7493,2825187.178121269,-0.08254265007556995,1.0526359174435342,91.745734992443,10828.848146830882,100.83021057413497,0
univ3-conc-c20,842,10000,104.45211009154933,-2759.033240505432,2759.033240505432,-2654.5811304138824,121395.35461964403,179690.6239489072,0.40319165707015725,4744,3587,1164923.1351372178,-0.4658074436610649,0.9999957844251361,53.419255633893506,14769.159096719024,104.82636872516866,0
univ3-conc-c20,843,10000,49.54633780901829,-4140.424492840344,4140.424492840344,-4090.8781550313256,104204.87227847423,6365.671901450374,0.9424288634132802,5459,8384,2197482.2598821726,0.9653368848346432,1.052635872099146,196.53368848346432,791.1489596062211,90.99599602018608,0
univ3-conc-c20,844,10000,87.06052189548328,-3741.861002323321,3741.861002323321,-3654.8004804278376,139794.30364756667,82872.62471763205,0.6278179910861678,6028,5860,1724774.3062781682,-0.9999956146231763,1.0526356408386437,0.00043853768236796456,20526.311442816394,130.21283471593298,0
univ3-conc-c20,845,10000,175.6955767976803,-10148.707021993521,10148.707021993521,-9973.011445195842,131939.80760044427,97419.32735896643,0.5752542083130608,5469,5266,2616579.712104067,1.0526341926110896,1.052635881783794,205.26341926110896,0.016233475581639567,86.84440521727163,0
univ3-conc-c20,846,10000,255.09666075026075,-1663.6166757880667,1663.6166757880667,-1408.520015037806,117080.70076811431,186572.8472230574,0.38557330069964557,4511,3389,807007.2207725924,1.0526334711002607,1.0526359520726567,205.26334711002607,0.022617275498799216,86.26568770451667,0
univ3-conc-c20,847,10000,27.871306140688848,-4410.135949065657,4410.135949065657,-4382.264642924968,65124.07383777301,52643.34471229791,0.5529888880945824,5150,5125,1740263.5435451989,-0.16462619585427404,1.052635906529794,83.5373804145726,11659.926924639287,101.68714168473659,0
univ3-conc-c20,848,10000,226.6208314092761,-388.196512355893,388.196512355893,-161.5756809466169,62774.45553336307,136998.09410585582,0.3142296358870685,2922,2114,245386.8523039075,1.052606244048237,1.0526359200839237,205.26062440482372,0.2682070807421155,86.78353724731187,0
univ3-conc-c20,849,10000,37.26729703546757,-4072.3862759820686,4072.3862759820686,-4035.118978946601,24289.852256759004,112765.71449357388,0.17722630924584468,1295,1839,970241.2992935114,1.0526319475372472,1.0526358881649154,205.26319475372472,0.036152602975944026,48.957746823523024,0
univ3-conc-c20,850,10000,17.253780761199128,-1727.8387568641226,1727.8387568641226,-1710.5849761029235,31512.863178074516,35050.03950678111,0.4734298221228912,2558,3964,952670.0598104483,1.0526290440497619,1.0526359440312896,205.26290440497618,0.06250837050293967,67.06723239911757,0
univ3-conc-c20,851,10000,298.10249838261257,-2658.111616560294,2658.111616560294,-2360.0091181776816,54227.997488592075,122113.31058950418,0.3075172690937289,2322,2518,896467.7992779763,1.0526353267583712,1.0526358900186101,205.26353267583713,0.0057303514759521335,82.33778507966863,0
univ3-conc-c20,852,10000,56.42292055100204,-3552.0542469188927,3552.0542469188927,-3495.631326367891,40214.82543168716,129850.95448223563,0.23646629822908244,1525,2305,1031348.7773421245,1.052629019328536,1.0526358406525076,205.2629019328536,0.06260889530161684,88.6748237802902,0
univ3-conc-c20,853,10000,11.518157754202734,-3523.262108388664,3523.262108388664,-3511.7439506344613,34254.951567742,70973.78182143508,0.32552849839077475,2827,3111,1209215.3175638122,-0.9999957802203976,1.052635926575272,0.0004219779602392472,20526.312945631424,148.30004310935598,0
univ3-conc-c20,854,10000,144.07390331562098,-688.8289876281447,688.8289876281447,-544.7550843125236,121023.33579462887,47332.620958472406,0.7188538981849806,6833,5133,665096.7419333938,0.924119767428609,1.0526359671502221,192.4119767428609,1166.973710779996,91.36150052574122,0
univ3-conc-c20,855,10000,39.79949842354588,-678.6059742555292,678.6059742555292,-638.8064758319833,44360.58223382793,228671.02702897653,0.16247416316961674,1690,1427,366027.6892822087,-0.9999957315487181,0.9999957315487181,0.00042684512818424655,20526.312252713324,198.6265803228232,0
univ3-conc-c20,856,10000,6.513020173141176,-228.06803403793606,228.06803403793606,-221.5550138647949,5308.880721327345,125440.17116000646,0.040603588668051055,229,387,103675.87419777503,1.052635633019325,1.052635757408542,205.2635633019325,0.002776497610587736,67.00186336323387,0
univ3-conc-c20,857,10000,19.956580770262477,-3363.33595182574,3363.33595182574,-3343.3793710554773,16980.920409343467,102651.00521213497,0.14194305007738464,782,1355,755341.6313878689,1.0526358884745588,1.0526358925442194,205.26358884745588,0.0005410702812789214,60.32203024469303,0
univ3-conc-c20,858,10000,47.91187435715726,-315.770251863151,315.770251863151,-267.8583775059937,74097.667782544,51012.655250459095,0.5922586241184721,4724,3889,420115.39235367224,1.0526340921109607,1.0526359062103594,205.26340921109608,0.01703648752820161,77.63671165355022,0
univ3-conc-c20,859,10000,162.55650111228866,-1105.115414865942,1105.115414865942,-942.5589137536534,235150.2276057078,47096.75368717084,0.8331363776808651,8520,6388,1015220.3318324968,1.0526358924283585,1.0526358987589453,205.26358924283585,0.0010713030165626358,80.30670692604882,0
univ3-conc-c20,860,10000,38.00969793844811,-8187.772450391968,8187.772450391968,-8149.76275245352,65392.45393592328,78868.767064524,0.4532919760586286,4110,4287,2156904.1871320806,-0.9999957683674086,1.052624884523372,0.00042316325913847847,20526.31295502504,197.45107031287412,0
univ3-conc-c20,861,10000,49.0315910165146,-676.7814133302495,676.7814133302495,-627.749822313735,108326.05776506267,3310.4638039921833,0.9703460502220643,5284,6826,842178.9451690336,-0.13787709237711396,1.0526359578627653,86.2122907622886,11388.343304582828,101.3932377875106,0
univ3-conc-c20,862,10000,90.71662824393876,-5756.209141714998,5756.209141714998,-5665.492513471059,74414.53267980108,152276.84724735873,0.3282636185977246,3315,3180,1532082.0472241198,1.0526359004680435,1.0526359336975428,205.26359004680435,0.0006302096659273615,57.60465136755883,0
univ3-conc-c20,863,10000,54.56469790703742,-1678.2862304003106,1678.2862304003106,-1623.7215324932731,37845.178834474704,103898.19580440586,0.26699786801953057,1775,2248,706396.8462639296,-0.9999957343780791,0.999995805769295,0.0004265621920851244,20526.312335078965,145.07392197208722,0
univ3-conc-c20,864,10000,24.96126702376303,-2517.6818418533126,2517.6818418533126,-2492.7205748295496,30483.53239048087,83524.32518153597,0.2673809774139904,2422,2484,901190.9019989916,1.052635195659443,1.052635865123923,205.2635195659443,0.006916309629737327,46.03179362892335,0
univ3-conc-c20,865,10000,32.835000465185935,-2410.494928009719,2410.494928009719,-2377.659927544533,41586.92813098642,66723.27024860255,0.38396133284918316,2163,3411,1048967.63980678,-0.999995500368502,1.052631995893106,0.00044996314979070713,20526.309823150008,122.21216496178592,0
univ3-conc-c20,866,10000,17.563101165825937,-4433.49301093155,4433.49301093155,-4415.929909765724,51692.31292310311,26541.798578738424,0.6607387996204998,3708,6055,1931137.49004113,-0.796874963716095,1.0526359247860435,20.312503628390502,18299.45765410032,108.47222454667182,0
univ3-conc-c20,867,10000,137.34740904449149,-2223.6849475698,2223.6849475698,-2086.3375385253084,165452.4348792887,24447.636283322616,0.8712605206851759,6787,7352,1504340.7381336184,0.5651354028929754,1.0526359186258216,156.51354028929754,4503.959229590054,94.5777182947253,0
univ3-conc-c20,868,10000,30.459389298536287,-79.83311610252912,79.83311610252912,-49.37372680399283,91768.2735569043,467.22027788333685,0.9949344849964135,5237,2646,185234.85299515916,0.09278061935957269,0.33238617843445495,109.27806193595727,9076.478766014208,99.10295489690044,0
univ3-conc-c20,869,10000,51.66983504805904,-3811.066700477283,3811.066700477283,-3759.396865429224,26485.19723978755,58004.4010923306,0.31347287432563614,1633,2911,1188751.4035455098,1.0526341377824318,1.0526358708258403,205.26341377824318,0.016450166088004536,80.18677816515901,0
univ3-conc-c20,870,10000,43.20589459389761,-743.7413226420063,743.7413226420063,-700.5354280481087,71499.06187718752,6274.592467321373,0.9193223911078265,3785,6678,874530.3559176862,-0.4879959996714828,0.9999957614394307,51.20040003285172,15002.018360493883,105.06790297340291,0
univ3-conc-c20,871,10000,7.386212395864442,-4890.03583569418,4890.03583569418,-4882.649623298315,19470.008811738833,61504.863693468404,0.2404450690612298,1108,2439,1252979.345037201,-0.9999955655330329,0.9999957184784872,0.000443446696712267,20526.31043640714,162.52717894192187,0
univ3-conc-c20,872,10000,24.96782585287654,-447.7145233178109,447.7145233178109,-422.74669746493436,5878.42087781286,156781.9518636974,0.03613923157027606,324,363,129165.49355939149,1.0526280007365634,1.0526358680782024,205.26280007365634,0.07166064248910331,46.93697407140254,0
univ3-conc-c20,873,10000,107.45377045748472,-125.33870598878728,125.33870598878728,-17.88493553130256,202836.44773141784,100.21344669798175,0.9995061836234213,8095,2122,180203.7242006096,0.1417829501325481,0.2778630933285845,114.17829501325481,8592.152219687205,98.61261982968234,0
univ3-conc-c20,874,10000,95.38734745103905,-5628.816120585734,5628.816120585734,-5533.428773134695,60081.08621454689,51754.3939214563,0.5372274178237734,2862,4708,1859404.9990144758,-0.32440553747039774,1.052635943166568,67.55944625296023,13297.54709202576,103.32487417824419,0
univ3-conc-c20,875,10000,70.98162313280454,-1962.9624454331138,1962.9624454331138,-1891.9808223003092,65177.15963765156,144555.6195903879,0.31076286633662237,2569,2691,827189.0349918855,1.0526320572759433,1.052635936966248,205.26320572759434,0.03525684095551185,86.56645037972162,0
univ3-conc-c20,876,10000,131.07753260101262,-1541.4098469752546,1541.4098469752546,-1410.332314374242,223863.99625634888,17838.41003504059,0.9261968041247587,10084,7373,1265987.6133290331,1.0526281423859003,1.0526358238788638,205.26281423859004,0.07113151010963747,85.52460096449374,0
univ3-conc-c20,877,10000,54.04671863172941,-2532.4724545240397,2532.4724545240397,-2478.42573589231,53656.21495983275,91636.00485591953,0.36929861095022964,2063,3256,1056260.82749445,1.0526331017152588,1.0526358408133478,205.2633101715259,0.025834278794309995,70.11026216843064,0
univ3-conc-c20,878,10000,120.37938622672718,-6694.415520619242,6694.415520619242,-6574.036134392514,127889.84351578516,17225.20068857111,0.8812996903042393,5212,8024,2682469.0857128496,0.03645155817270208,1.0526359111286947,103.64515581727021,9636.148274368046,99.63650055586174,0
univ3-conc-c20,879,10000,119.10050131925993,-6453.208185225668,6453.208185225668,-6334.107683906408,94559.48981446377,200078.74946482238,0.32093420747342744,3456,2967,1536679.5782790005,-0.6617689240898921,1.0526359371251803,33.8231075910108,16844.1703527572,106.96298308753185,0
univ3-conc-c20,880,10000,42.272002174177544,-871.9352218152244,871.9352218152244,-829.6632196410469,130412.41528694067,1738.2987489155262,0.9868460888645378,7359,7361,998371.08580851,-0.48243560896339743,0.9606036804886903,51.756439103660256,14943.61500509654,105.03268926818903,0
univ3-conc-c20,881,10000,122.33319475329944,-239.659640358529,239.659640358529,-117.32644560522957,16337.675464363696,214927.48702050015,0.07064477541200347,632,626,96114.60792659705,1.0526339898630577,1.0526358907726654,205.26339898630576,0.01763445780497519,79.91864952698177,0
univ3-conc-c20,882,10000,59.80479253253727,-3516.4026870403604,3516.4026870403604,-3456.597894507823,58770.67376831139,64993.82864959364,0.4748588861923064,3822,4235,1387409.631908029,0.7411163259392319,1.0526359255801818,174.1116325939232,2853.671015567521,92.96718688283305,0
univ3-conc-c20,883,10000,23.11355417257287,-359.99873630369854,359.99873630369854,-336.88518213112565,13181.528647124498,101156.84267346267,0.11528525808860372,963,935,208317.13358477934,1.0526358715036426,1.0526358715036426,205.26358715036426,0.000682491225401094,57.866316955603345,0
univ3-conc-c20,884,10000,98.38594141897151,-3527.665463005175,3527.665463005175,-3429.2795215862034,74631.37061718636,54341.44883046076,0.5786596814492442,3768,4976,1532225.367603905,-0.9999955862810391,1.0526359232270979,0.0004413718960899562,20526.310952837615,171.72152903121366,0
univ3-conc-c20,885,10000,43.35293570046304,-249.1054115358188,249.1054115358188,-205.75247583535577,106801.77215921936,1164.1988033948603,0.989216983897658,5719,5147,454260.09930938255,0.41984966882094343,0.5321999759929622,141.98496688209434,5887.835163966857,95.93368572207761,0
univ3-conc-c20,886,10000,269.4543022762374,-1073.6266716901475,1073.6266716901475,-804.1723694139101,199225.65962552192,69879.51337962523,0.740326383921692,8137,5726,853670.0162444573,0.15809167411722969,1.052635946024867,115.80916741172297,8431.48338577345,98.39244390078188,0
univ3-conc-c20,887,10000,49.55382761769058,-6440.719502311168,6440.719502311168,-6391.165674693478,40285.835177566245,37474.04553585879,0.5180799508429673,2825,4774,2014127.9431418907,-0.9999957580071086,1.0526354841134813,0.00042419928914693187,20526.31279332689,150.83631635609953,0
univ3-conc-c20,888,10000,41.78549751186137,-464.1139625658766,464.1139625658766,-422.3284650540152,152066.58879558847,1235.1976674449586,0.9919427053269022,10999,6461,694165.6927610922,-0.12874780234524635,0.6012854313238961,87.12521976547536,11295.821245566538,101.32791616145774,0
univ3-conc-c20,889,10000,73.06977667455031,-469.41414641149265,469.41414641149265,-396.3443697369423,168870.52121990122,2608.408958954985,0.9847887495202217,7701,6297,687061.1721818523,0.3364577130686848,0.7636286756709592,133.64577130686848,6691.093277033721,96.7181977662013,0
univ3-conc-c20,890,10000,46.39475008859341,-330.1973462933647,330.1973462933647,-283.8025962047713,97178.66668555968,881.9237028672765,0.99100633904636,4462,5699,548919.8701880499,-0.1819846044069432,0.6156342657581019,81.80153955930568,11836.559125550226,101.83985582112363,0
univ3-conc-c20,891,10000,44.601205521329994,-8948.062469390261,8948.062469390261,-8903.46126386893,59946.474144164305,50749.14402467872,0.5415433341970998,4670,5126,2422993.5643008435,0.2699625907589025,1.052635873134117,126.99625907589025,7336.3319397860405,97.39477003811395,0
univ3-conc-c20,892,10000,26.375610227540612,-5836.1430761548,5836.1430761548,-5809.76746592726,46342.50658146847,44788.926606732726,0.5085238425446869,2555,4777,1951956.0008816721,1.0526246262544676,1.0526359427871486,205.26246262544677,0.102416024344258,87.98773448184434,0
univ3-conc-c20,893,10000,68.73260781519008,-546.249148126883,546.249148126883,-477.51654031169295,95051.86513268731,187369.87522211642,0.3365600148673914,3568,2612,451030.8151646361,-0.9999957531965709,0.9999957533473598,0.0004246803429204719,20526.3126568121,162.11446641430615,0
univ3-conc-c20,894,10000,152.83096738655843,-946.6686120489298,946.6686120489298,-793.8376446623714,234382.22632165396,2535.170651884992,0.9892993478559612,8974,7313,1012905.9622773683,-0.3695665970596036,0.837272450993331,63.04334029403964,13765.247747842015,103.80107120402114,0
univ3-conc-c20,895,10000,10.740225225245862,-1001.7220723606791,1001.7220723606791,-990.9818471354333,20785.53858940476,204927.61324144716,0.09208829180224871,1082,842,337872.44298876665,-0.9999957785666534,0.9999957785666534,0.00042214333466511494,20526.31270776413,152.32987369519603,0
univ3-conc-c20,896,10000,28.814193192776273,-1786.7063992988071,1786.7063992988071,-1757.892206106031,48118.917614067745,59547.96978101206,0.4469240151570194,3260,3891,971863.5933928984,1.0526260831780734,1.052635956862509,205.26260831780735,0.08925425911872509,74.75278526739645,0
univ3-conc-c20,897,10000,6.370364403588955,-590.2977160810987,590.2977160810987,-583.9273516775097,11311.04492842901,124645.88436571701,0.08319579580940151,711,788,245404.43720225836,1.052635186400935,1.0526358364122574,205.26351864009348,0.006847156978974311,61.66054881566218,0
univ3-conc-c20,898,10000,16.696136312006523,-4296.496235419809,4296.496235419809,-4279.800099107802,35988.48991503089,113260.69083760318,0.24113023424013494,2499,2276,1135788.9020417486,1.052635930325681,1.0526359523991686,205.26359303256808,0.0002801938131353765,61.72752126679433,0
univ3-conc-c20,899,10000,13.900385399350577,-1553.008077269944,1553.008077269944,-1539.1076918705933,25925.461953258004,171805.26432430133,0.13111498875933839,1192,1283,514147.9738212862,1.0526307345610555,1.0526357314391745,205.26307345610556,0.04706965036012889,48.27563102318908,0
univ3-conc-c20,900,10000,57.563726292162656,-254.5719564064371,254.5719564064371,-197.00823011427445,173191.18949856012,2292.627187771767,0.9869353924990717,11498,5190,464725.6000647133,0.5028552349644266,0.5871314337882941,150.28552349644266,5094.788703989856,95.15456377734994,0
univ3-conc-c20,901,10000,15.062386737334577,-2041.0149642148,2041.0149642148,-2025.9525774774656,20980.837132692166,172399.80141955503,0.10849502457829358,1078,1019,519900.3036316405,1.0526341386890514,1.0526354720775286,205.26341386890513,0.01633078560341783,51.95977984924389,0
univ3-conc-c20,902,10000,30.522089308899243,-2234.5805806589506,2234.5805806589506,-2204.058491350051,50823.423519694144,177699.64253054233,0.22239953453329556,2142,2001,774854.9042317817,1.0526301772981494,1.0526351314949256,205.26301772981495,0.05217485711505532,42.07959173122799,0
univ3-conc-c20,903,10000,19.736574393177982,-3202.3590007088596,3202.3590007088596,-3182.622426315682,32907.06593510939,220268.57307423672,0.12997722080952115,1591,1273,722361.8064728047,1.0526327537643547,1.0526350554230346,205.26327537643547,0.028862873692315105,79.3553036882172,0
univ3-conc-c20,904,10000,82.4959429812547,-195.00097771632193,195.00097771632193,-112.50503473506723,214199.64655010073,476.30075659997806,0.9977813035760382,10055,4392,368781.98965445143,-0.351261027527474,0.6827855692991469,64.8738972472526,13575.411052467152,103.56459739764196,0
univ3-conc-c20,905,10000,98.06945320499914,-174.21216956440077,174.21216956440077,-76.14271635940163,202557.82942580082,1032.5758171874406,0.9949281705296719,8529,3676,299666.7961217547,0.4871482148114626,0.6179053058645994,148.71482148114626,5244.3625592034805,95.28967750177506,0
univ3-conc-c20,906,10000,9.128783181613347,-4846.060979886,4846.060979886,-4836.932196704386,29178.504059533654,73095.06515617545,0.28529857990965535,2135,2714,1320339.8993039,-0.9999957414431587,1.0526317762743027,0.00042585568413388083,20526.312460380035,176.99047483532598,0
univ3-conc-c20,907,10000,21.20271777971604,-7780.158912708427,7780.158912708427,-7758.956194928711,40832.59103696654,61091.16998956962,0.40061895897204625,2214,3688,1922307.163220621,-0.9999955362596417,1.0526357728277014,0.00044637403582737235,20526.310244411383,116.46277568617353,0
univ3-conc-c20,908,10000,67.3613572068829,-3888.71172097755,3888.71172097755,-3821.350363770667,78187.15936942583,84236.66643705865,0.48137740249130584,4236,4611,1564550.447803185,1.0526346711713053,1.0526354831833837,205.26346711713052,0.01182903891178455,80.53688170807973,0
univ3-conc-c20,909,10000,130.54637973032138,-1605.058979101338,1605.058979101338,-1474.5125993710167,74628.4181295019,84994.09905940606,0.46753064319353915,3075,3719,884031.0080794299,1.0526320706747372,1.0526358854765834,205.26320706747373,0.03520391188027161,63.95569969304597,0
univ3-conc-c20,910,10000,48.75693690749516,-3070.27670523864,3070.27670523864,-3021.519768331145,67090.90437430047,186105.49825128037,0.2649757408817236,2942,2523,1019034.3942692189,-0.999995719458831,1.0526144943282185,0.0004280541168985826,20526.312249602288,185.42967231080868,0
univ3-conc-c20,911,10000,75.0165296847802,-6872.355661766283,6872.355661766283,-6797.3391320815035,89650.88024801185,93508.06836580612,0.48947038038002993,5987,4761,2063528.5442943755,1.0526358731057692,1.0526359303277166,205.26358731057692,0.0010664602355605624,52.93232788898077,0
univ3-conc-c20,912,10000,113.26379932916804,-3953.88891476222,3953.88891476222,-3840.6251154330516,76060.5073174876,137594.1293151151,0.35599745700010293,3258,3285,1305255.6327518339,-0.9999957199362142,0.9999957769748309,0.00042800637858696005,20526.31231298096,134.0828478532055,0
univ3-conc-c20,913,10000,37.59844714952581,-2418.800669491983,2418.800669491983,-2381.2022223424574,82312.84250935024,91773.78877231774,0.47282690177495623,4562,4163,1179991.0998141377,1.052635842504342,1.0526359082414571,205.2635842504342,0.0012510902217242048,74.17759602197118,0
univ3-conc-c20,914,10000,39.71299915698778,-3073.4663324430758,3073.4663324430758,-3033.753333286088,50850.8567239717,71074.76264006086,0.4170645758390336,3052,3783,1214194.4942633684,1.0526354423536255,1.0526359482792393,205.26354423536256,0.004783308125107633,80.71806694001118,0
univ3-conc-c20,915,10000,70.46437938458229,-2921.963400204506,2921.963400204506,-2851.4990208199238,105783.127153668,78067.24887496253,0.5753761805588837,5277,5251,1454677.534569482,0.8730404021424161,1.0526357946458151,187.3040402142416,1634.783795893108,91.80961420802007,0
univ3-conc-c20,916,10000,5.383869557899471,-908.0110576052821,908.0110576052821,-902.6271880473826,5692.83316888608,94121.18085783109,0.05703440768710376,468,539,248745.31625570057,1.0526338020002002,1.052635933198025,205.26338020002,0.019320426428263815,31.36505247600264,0
univ3-conc-c20,917,10000,283.216092958081,-1446.4271132003032,1446.4271132003032,-1163.2110202422223,39222.891465658635,230910.93100274552,0.14519800263162638,1743,1385,454752.34610379545,-0.9999955888959917,1.0526359138087118,0.0004411104008354963,20526.310672223954,177.4678224861306,0
univ3-conc-c20,918,10000,40.1931866146859,-1696.4044400234345,1696.4044400234345,-1656.2112534087487,15546.80691442667,90556.77825328421,0.14652480300126397,767,1236,508159.9907470895,-0.9999950909133036,1.052635744448319,0.0004909086696328391,20526.305090817474,114.53240818853689,0
univ3-conc-c20,919,10000,59.65467327403059,-1086.1468681718607,1086.1468681718607,-1026.4921948978301,19478.262446847675,166047.29765424732,0.10498964367084378,954,928,345413.937086937,-0.999995682179738,0.9999957644585825,0.0004317820261909266,20526.311639927557,224.58719251823345,0
univ3-conc-c20,920,10000,48.6916182461823,-6881.480640025221,6881.480640025221,-6832.789021779039,58401.736729489385,37841.95568402791,0.606811057067122,3668,5563,2230599.883158766,1.052633586165577,1.052635931612686,205.2633586165577,0.021638544410350846,76.11630482573209,0
univ3-conc-c20,921,10000,1.036556985076647,-458.23338242837855,458.23338242837855,-457.1968254433019,2842.861472442686,93880.13518026611,0.02939178448585701,219,266,125707.64010026169,-0.9999957820410595,0.9999957820410595,0.00042179589403912196,20526.312667269198,157.45369450939688,0
univ3-conc-c20,922,10000,67.04624959955585,-859.8907743187142,859.8907743187142,-792.8445247191584,138849.8623008877,1531.285670321344,0.9890919422411661,5399,7283,981387.546165471,0.5400717227006209,0.8587411215269583,154.00717227006209,4741.298346224215,94.81008829113199,0
univ3-conc-c20,923,10000,97.72659233385477,-679.9113005695826,679.9113005695826,-582.1847082357278,156980.13147787808,21024.010597073233,0.881890329337276,7710,6339,800044.1968110612,-0.9610608884107521,0.9999957436127762,3.8939111589248014,20095.780769344237,110.38617493415198,0
univ3-conc-c20,924,10000,32.4602288126628,-982.3944137651998,982.3944137651998,-949.9341849525371,70515.54006122648,8414.977424493041,0.8933875300384858,4128,7088,1039197.7210883659,-0.9999952465981687,0.9999956493765306,0.00047534018313396403,20526.307307332834,116.5546764444914,0
univ3-conc-c20,925,10000,199.07268940244188,-3870.27825954773,3870.27825954773,-3671.205570145288,23797.223770947854,97192.63413069496,0.19668775700433924,1026,1836,943640.4260084031,0.9440455326448333,0.9999957912576154,194.40455326448333,985.1019960584025,91.18801028239726,0
univ3-conc-c20,926,10000,45.654184081308,-3639.634473899072,3639.634473899072,-3593.980289817764,37264.384896157724,72353.89829752281,0.3399468027638842,2118,3125,1203534.8375389343,-0.29789173119316925,1.0526359064251045,70.21082688068307,13023.961784112424,103.07168258716703,0
univ3-conc-c20,927,10000,95.15989895826982,-4892.198517512528,4892.198517512528,-4797.038618554258,71883.46991936231,74944.76018398987,0.4895752667505673,2786,4384,1682892.3240575877,-0.46653551686022765,1.0526359249157753,53.346448313977234,14776.791445261342,104.82748780615688,0
univ3-conc-c20,928,10000,106.68586508818703,-666.2791831238167,666.2791831238167,-559.5933180356296,81271.87816733296,25365.100169455574,0.762135981672833,3503,5334,687061.937779546,1.0526356117461668,1.0526359725331724,205.26356117461668,0.003329283087423196,83.2080907777807,0
univ3-conc-c20,929,10000,13.062277776504748,-3053.0367303492158,3053.0367303492158,-3039.974452572711,25171.78340926962,93401.67644765486,0.2122885124516305,1165,2049,921665.6937711047,-0.9999956301368784,1.0526358513466567,0.00043698631215563385,20526.311138223664,127.89647149898721,0
univ3-conc-c20,930,10000,50.670378982928845,-1197.7844815656847,1197.7844815656847,-1147.1141025827558,95299.16397111288,58209.06239076964,0.6208081887836633,6383,5194,951622.4195362743,-0.9998299607532166,0.9999957520582571,0.01700392467834151,20524.47591229193,110.88951471751186,0
univ3-conc-c20,931,10000,69.8791119020356,-2167.7054227891217,2167.7054227891217,-2097.826310887086,84182.84433279844,13355.709734427084,0.8630725064345114,3596,7299,1492423.3883681467,-0.6983638066278018,1.0526359540165062,30.163619337219814,17236.33834172534,107.36776649630849,0
univ3-conc-c20,932,10000,58.01885292452235,-79.99729109164588,79.99729109164588,-21.978438167123528,181938.8676389004,182.11095521194608,0.9990000550369443,11020,2207,162326.17850673737,-0.09991776916539905,0.22758807851332136,90.0082230834601,11004.195591369686,101.02862854195298,0
univ3-conc-c20,933,10000,95.24404814538623,-1674.2446911337745,1674.2446911337745,-1579.0006429883883,20249.193149761722,222530.39539918493,0.08340566548772815,882,737,370750.06427928025,-0.9999951858432035,1.0526355973410721,0.00048141567965886815,20526.306123989372,118.56551349852177,0
univ3-conc-c20,934,10000,36.59393864134885,-4716.282792018373,4716.282792018373,-4679.688853377023,37557.40850547495,118969.65221679558,0.23994195209551594,2063,2416,1191935.1840181996,1.0526359017469893,1.052635933406425,205.26359017469892,0.0005247823968881349,73.91346420600289,0
univ3-conc-c20,935,10000,84.62314843552917,-617.8000958222797,617.8000958222797,-533.1769473867505,28945.364960742896,101578.61874579245,0.2217628066411338,1453,1795,356537.8955030118,1.0526357418828223,1.0526359251663135,205.26357418828223,0.0019158530729967982,60.009998089698215,0
univ3-conc-c20,936,10000,15.814622650849314,-1434.6289267518412,1434.6289267518412,-1418.8143041009919,56152.85486451776,2236.138978855805,0.9617027314282179,4171,7800,1303150.9055932572,-0.4892775366253525,1.0410696222967337,51.07224633746475,15015.483795923856,105.05855312620623,0
univ3-conc-c20,937,10000,102.58127294914259,-4799.323165001935,4799.323165001935,-4696.7418920527925,62402.84368020128,161036.62906241958,0.27928298842739796,2354,2613,1279927.110611059,-0.999995610005409,1.0526349928360506,0.00043899945909295487,20526.311007357024,150.2718954070977,0
univ3-conc-c20,938,10000,66.39427609585051,-3295.1361391030314,3295.1361391030314,-3228.7418630071807,55007.74092476264,100434.60369463642,0.3538787391521224,3350,3080,1152872.177542475,-0.9999957506003524,1.0526342656879777,0.0004249399647623278,20526.312646480572,126.17586885449033,0
univ3-conc-c20,939,10000,54.2975475669927,-156.67734332588938,156.67734332588938,-102.37979575889668,157774.26451847414,1119.1988080641177,0.9929562942072444,9557,4073,319542.3474166823,-0.10925942269323954,0.3372626035705156,89.07405773067605,11098.596965907378,101.06099073645629,0
univ3-conc-c20,940,10000,54.797217890816995,-4375.858114307867,4375.858114307867,-4321.060896417051,65306.568906158354,55155.58882486584,0.5421334810553464,3203,4827,1683487.782323762,-0.9999956043290452,1.0526359487225385,0.00043956709548497217,20526.311110326144,120.78313631376483,0
univ3-conc-c20,941,10000,32.5925297878491,-859.7351117411217,859.7351117411217,-827.1425819532726,28099.061630204873,200287.81742801928,0.12303273176670275,1077,1115,355625.6466511325,-0.9999957776045892,0.9999957887628413,0.00042223954108704554,20526.31271303158,169.26597924815883,0
univ3-conc-c20,942,10000,5.819941822896327,-462.8089566507538,462.8089566507538,-456.9890148278575,5864.399474767242,170509.39888079299,0.033249833759008376,355,350,139227.46489486232,1.0526328005208583,1.0526358665162578,205.26328005208583,0.028344102120961168,25.402786763145137,0
univ3-conc-c20,943,10000,41.69191859624786,-474.35557751085383,474.35557751085383,-432.663658914606,29821.95845310111,197686.69350370922,0.13108054659284973,1508,1113,262766.2411283983,1.0526352387364684,1.0526358315230941,205.26352387364685,0.006426400348727768,78.19488420272818,0
univ3-conc-c20,944,10000,77.91469905487548,-2655.095427927841,2655.095427927841,-2577.180728872965,36477.77258461798,90644.92672916656,0.2869493236182605,1837,2551,922289.1415342045,1.0526325551928255,1.0526359483842396,205.26325551928255,0.030723839589501978,79.20098667178127,0
univ3-conc-c20,945,10000,4.95176895586078,-1884.9618688468302,1884.9618688468302,-1880.0100998909693,11279.88975493708,57135.8758254105,0.16487266727564365,715,1458,599455.4819897704,-0.9999956947638631,1.0526354077806124,0.0004305236136932341,20526.311791976193,173.7740876760304,0
univ3-conc-c20,946,10000,39.4622200715153,-4385.283547243872,4385.283547243872,-4345.821327172356,26930.12918204622,57251.976541021024,0.319903249636424,1360,2809,1261978.928495537,1.0526353509239008,1.0526358542929597,205.26353509239007,0.005482288418946268,52.164583536131765,0
univ3-conc-c20,947,10000,82.70461281217463,-6771.48161906382,6771.48161906382,-6688.777006251646,36761.73312417414,83764.85835068494,0.3050093151588242,1669,2804,1528819.4984305778,-0.9999955861929934,1.0526359427146175,0.0004413807006478514,20526.310715826836,128.16906905538224,0
univ3-conc-c20,948,10000,97.09500137404422,-2901.895511311179,2901.895511311179,-2804.8005099371344,39264.706293240706,49117.40408825634,0.4442607912818163,1856,4020,1219317.7636964107,1.0526337905849132,1.052635917949917,205.26337905849132,0.01963635274679021,83.92570193792658,0
univ3-conc-c20,949,10000,33.738510143065376,-331.0911236477994,331.0911236477994,-297.35261350473405,4422.540266997997,249211.45998604628,0.017436701162248512,169,158,77306.13623052434,1.0526282704919168,1.0526359316082243,205.26282704919169,0.06921130089489225,70.36953262042883,0
univ3-conc-c20,950,10000,21.002388348831587,-39.45700286703192,39.45700286703192,-18.45461451820033,73581.83956909244,143.38445043977976,0.9980551506984665,5936,1509,96439.46843963028,0.1522428994248186,0.1752712816781579,115.22428994248186,8489.073659850274,98.44005129273961,0
univ3-conc-c20,951,10000,124.52201903864388,-4594.371622890161,4594.371622890161,-4469.849603851518,65011.60839040799,86889.83233427066,0.42798546268064386,3727,3828,1483144.1366444028,-0.9999957358163595,1.05263588846728,0.00042641836406082215,20526.312549026454,148.9629282748829,0
univ3-conc-c20,952,10000,63.87650370866155,-93.98875186975448,93.98875186975448,-30.11224816109293,189819.9397721157,322.6615739041033,0.9983030548040261,11825,2487,183442.9078782241,0.136654066212554,0.15713854539072386,113.6654066212554,8642.73455466654,98.64640832164508,0
univ3-conc-c20,953,10000,71.6650305651705,-1405.7164487451498,1405.7164487451498,-1334.0514181799792,78735.29556224882,80672.77219616117,0.4939229028330966,5410,4258,906591.9935634601,-0.9999957036371763,1.0526358587763867,0.00042963628238185304,20526.312298623794,119.56303624451994,0
univ3-conc-c20,954,10000,7.8102832379503795,-1561.7036981826604,1561.7036981826604,-1553.89341494471,30346.94096259664,96457.69161070237,0.23932044395187763,2172,2410,719809.0581834444,1.0526322147029306,1.0526349623954538,205.26322147029305,0.03380661425955722,73.36659174298256,0
univ3-conc-c20,955,10000,27.364045658830726,-5544.200187675764,5544.200187675764,-5516.836142016933,60734.412351674524,103800.79330038013,0.36912715495132753,3426,3506,1596098.7374968473,1.0526354629417518,1.0526356419507141,205.26354629417517,0.004598009910374401,44.53245722914996,0
univ3-conc-c20,956,10000,204.73179021718778,-353.79609548787687,353.79609548787687,-149.0643052706891,92010.25388475513,225031.44424364032,0.2902149919960776,3431,2064,245248.5048527953,-0.7049301469009095,0.9999957987526035,29.506985309909048,17306.863427687367,107.41825791751016,0
univ3-conc-c20,957,10000,184.33078668687713,-1677.4901460560448,1677.4901460560448,-1493.1593593691675,46120.32903812769,143424.62126143428,0.2433213280820084,2470,1977,609544.2194059067,1.0526328416519035,1.0526359562045753,205.26328416519036,0.028143023392128597,79.42004567793134,0
univ3-conc-c20,958,10000,69.28977657866318,-1112.093427374169,1112.093427374169,-1042.803650795506,143806.83626360263,2447.1980863243552,0.9832674832034431,6468,7601,1131451.5402070207,-0.3128582450194287,0.9999947707285584,68.71417549805713,13178.305008400617,103.19117791931505,0
univ3-conc-c20,959,10000,56.98230310956665,-7429.71234589644,7429.71234589644,-7372.730042786873,70428.68843085968,99341.03526670483,0.4148483421951286,4418,3916,1946442.6819159559,1.0526349518420324,1.0526355950866904,205.26349518420324,0.009279200593820036,63.97954373227681,0
univ3-conc-c20,960,10000,85.59494985671192,-1988.5506128216678,1988.5506128216678,-1902.9556629649558,141060.54464980197,45813.311323427704,0.7548436559794077,7718,6484,1344192.004760366,1.052634920925162,1.0526359867210524,205.2634920925162,0.009810696735002844,80.69917607259077,0
univ3-conc-c20,961,10000,8.197458408257495,-2912.6541415902448,2912.6541415902448,-2904.456683181987,25123.695049014797,39912.857031329644,0.3863011528959538,2122,3670,1204067.6078253365,-0.7612138576484475,1.0526355097850155,23.878614235155258,17913.350161034858,108.08405333850828,0
univ3-conc-c20,962,10000,73.23569306782444,-257.02096777012224,257.02096777012224,-183.78527470229778,140099.3483583533,21605.355363116123,0.8663900624663919,8868,4564,415530.29261686787,-0.9999954744675251,0.9999957534193087,0.00045255324748713876,20526.30995032083,113.53587072471963,0
univ3-conc-c20,963,10000,39.34378090351048,-2090.8130575022324,2090.8130575022324,-2051.469276598722,23541.76343240474,161463.22811197067,0.12724934195496015,1323,1205,543626.1432688085,1.0526326119972047,1.052635887853138,205.26326119972046,0.030129020864224504,87.66726353746705,0
univ3-conc-c20,964,10000,28.34836471741034,-2192.6156823005113,2192.6156823005113,-2164.267317583101,18938.84775750176,141757.92028702184,0.11785456539022894,1151,1112,545033.7489241308,1.0526303089991718,1.0526357789750147,205.26303089991717,0.050900307728497296,61.096299341296785,0
univ3-conc-c20,965,10000,40.85530460228058,-48.968767442415896,48.968767442415896,-8.113462840135313,142856.24790606473,32.31570921415867,0.9997738397783802,9127,1415,102065.69272097312,-0.0019303724376281651,0.1204567077439107,99.80696275623718,10019.30610791332,100.07319535446113,0
univ3-conc-c20,966,10000,77.48647587175692,-486.64746979884785,486.64746979884785,-409.16099392709094,189733.1937142165,1154.4439787445565,0.9939522328805731,9135,6410,698145.2519635598,-0.37420243887631705,0.5751756316010259,62.579756112368294,13813.379575320188,103.84998603647017,0
univ3-conc-c20,967,10000,235.55195312768126,-3338.061497030526,3338.061497030526,-3102.5095439028446,62791.796052838356,92620.90188063968,0.40403259764343963,2343,3711,1253489.200258544,1.0526343613088534,1.0526359616874803,205.26343613088534,0.014498118170431729,83.88825720589213,0
univ3-conc-c20,968,10000,316.7342137802688,-3018.439652604169,3018.439652604169,-2701.7054388239003,104439.43276196897,136072.31210054274,0.43423838957083644,3876,3920,1198914.7123554468,0.7653749229490506,1.052635891492842,176.53749229490506,2628.3761441023994,92.76347330671241,0
univ3-conc-c20,969,10000,1.5770360282701137,-456.40464030583547,456.40464030583547,-454.82760427756534,4388.089454490017,177941.42215725622,0.02406680858024808,185,218,114142.25370066469,1.0526263967783558,1.0526263967783558,205.26263967783558,0.08612493725969522,62.133199381701424,0
univ3-conc-c20,970,10000,18.39847872836473,-465.6919627761137,465.6919627761137,-447.29348404774896,16461.670730279973,181336.94379981325,0.08322439856005909,654,726,212101.74954141022,-0.9999956923541893,0.9999956923541893,0.0004307645810676632,20526.311721018697,181.17236352138633,0
univ3-conc-c20,971,10000,89.03980356072225,-489.1451362546637,489.1451362546637,-400.1053326939415,182331.853933041,1702.9951119489215,0.9907463443973451,7798,6438,707201.7238954022,-0.7900544940724256,0.9344827953239028,20.99455059275745,18225.500920733248,108.39538477256826,0
univ3-conc-c20,972,10000,43.069936729993934,-558.1249841473723,558.1249841473723,-515.0550474173783,65038.02484871982,20556.164799893962,0.7598415863940962,3451,5431,681378.7887300702,-0.9999952369191888,0.9999956827993363,0.0004763080811201571,20526.307075211655,110.90080125537601,0
univ3-conc-c20,973,10000,81.99377772905909,-7450.468218486343,7450.468218486343,-7368.474440757284,90432.59607602695,143095.5973835661,0.38724487496056587,4716,3873,1913963.3300618688,-0.9999956388358064,1.052635942491232,0.00043611641935323406,20526.311532210555,153.51238374577542,0
univ3-conc-c20,974,10000,42.58038789312533,-755.6237780652567,755.6237780652567,-713.0433901721314,26147.63130937345,76799.17235548579,0.2539916770461025,1690,2117,469487.58442657185,-0.9999957549204006,0.999995758810157,0.00042450795992982185,20526.31254634345,117.57216251344016,0
univ3-conc-c20,975,10000,140.58871595075647,-1637.2429827031146,1637.2429827031146,-1496.6542667523581,23104.256878109463,95992.37545648504,0.19399588741686252,790,1608,559236.9877650021,1.0526333230028686,1.052635920864761,205.26333230028686,0.023703793933834094,64.16033880879931,0
univ3-conc-c20,976,10000,36.575312176279226,-68.10457345120464,68.10457345120464,-31.529261274925418,106985.58827658772,216.61982315093243,0.9979793343160488,6373,2172,152792.32282316158,-0.2680177044151863,0.31382634433216483,73.19822955848137,12716.584973951985,102.75298993868925,0
univ3-conc-c20,977,10000,84.71132901672715,-5594.399544963811,5594.399544963811,-5509.688215947084,117259.67590176125,21912.784831636232,0.8425494187847051,5914,7598,2390212.2294811024,0.8661179806264846,1.0526358644790355,186.61179806264846,1698.3591484132521,91.86459830000013,0
univ3-conc-c20,978,10000,1.6997266264779214,-474.67292986988866,474.67292986988866,-472.97320324341075,4560.466868719909,111239.19884965796,0.039382383709214326,352,361,147550.71256339597,1.0526328107104777,1.0526351768300024,205.26328107104777,0.028253244511478925,23.8162423587413,0
univ3-conc-c20,979,10000,96.58852269108708,-3382.2385523471135,3382.2385523471135,-3285.650029656026,132718.47455987186,59035.47020490275,0.6921290444516184,6285,6142,1678796.129624196,-0.9999954114411678,1.052635690733591,0.0004588558832194245,20526.309219064417,126.11982565019574,0
univ3-conc-c20,980,10000,65.81287405747233,-3846.261032691472,3846.261032691472,-3780.4481586339994,95448.86371365825,33145.80804620713,0.7422458676351472,7379,6728,1897492.1206728613,-0.99999517892157,1.0526357368612569,0.00048210784300550813,20526.30673194285,113.32141015727349,0
univ3-conc-c20,981,10000,68.53020219893207,-3405.172819136881,3405.172819136881,-3336.6426169379492,40237.77583182682,141613.36222398738,0.2212676602522935,1917,1987,936792.5713290143,-0.9999957389808387,1.0526359242739654,0.000426101916131675,20526.312377829865,133.91110719652707,0
univ3-conc-c20,982,10000,44.53624380782861,-1045.8642868755906,1045.8642868755906,-1001.3280430677619,73705.55038832655,125818.85898392464,0.36940618253285823,3835,3281,695441.6957708809,-0.9999957520946299,0.9999957793169316,0.00042479053701344644,20526.31269870695,137.53453606259666,0
univ3-conc-c20,983,10000,84.9653130271675,-336.39036357795663,336.39036357795663,-251.42505055078914,45281.707578372036,156823.71123760458,0.22404994306264725,1803,1616,250797.9720307132,1.0526329727334376,1.052635887104752,205.26329727334377,0.02691084654192366,82.94149992009324,0
univ3-conc-c20,984,10000,70.32759399586085,-669.7125304385627,669.7125304385627,-599.3849364427018,95996.23038301541,123437.61725228964,0.4374723016412643,3455,3468,584508.212537372,-0.9999957369528539,0.9999957369528539,0.0004263047146018867,20526.31251461782,132.2300375431944,0
univ3-conc-c20,985,10000,79.5169904744251,-311.3388752324584,311.3388752324584,-231.82188475803332,200893.36036082817,5806.626686054333,0.9719079484763716,10389,5429,518207.0567282644,-0.7893082196731325,0.9999957384159862,21.069178032686743,18217.412054860306,108.3868371185161,0
univ3-conc-c20,986,10000,86.9355516758126,-220.417731079425,220.417731079425,-133.4821794036124,194937.651127131,656.7761807984389,0.996642152898536,8763,4593,393168.4273829144,-0.48059210233581234,0.5652589060213198,51.94078976641877,14924.259000471127,105.05371503082581,0
univ3-conc-c20,987,10000,86.49327586986007,-2129.03666293274,2129.03666293274,-2042.54338706288,125920.2793415341,21159.64339031498,0.856135065906361,4762,7126,1468576.6335486434,0.5535059111607603,1.0526359213225418,155.35059111607603,4614.011994767177,94.71457169401732,0
univ3-conc-c20,988,10000,110.05012545839057,-425.42364406643514,425.42364406643514,-315.3735186080446,253788.15697538244,2021.474890595993,0.9920977373844349,11752,6055,633354.9185239858,0.48369172877521405,0.48369172877521405,148.3691728775214,5277.308879833449,95.34830776808288,0
univ3-conc-c20,989,10000,85.03927963270787,-553.2224616879396,553.2224616879396,-468.1831820552317,110961.89643746575,86063.67328633051,0.5631852586089188,4759,4130,565826.3205493031,1.0526335518819316,1.0526357973044598,205.26335518819317,0.02192588930415429,87.92640818545736,0
univ3-conc-c20,990,10000,37.42008992651165,-2750.916950306707,2750.916950306707,-2713.4968603801954,35693.021378329955,86385.10852969669,0.292378507151289,1838,2585,932294.3541648391,1.0526347252547927,1.0526358689020532,205.26347252547927,0.011140150202345822,63.800433732442364,0
univ3-conc-c20,991,10000,69.59462067862225,-3462.2248449203757,3462.2248449203757,-3392.6302242417537,115368.82643846431,165389.76666488286,0.410918238203299,4373,3829,1345124.3651994749,-0.9999957576960229,0.9999957576960229,0.0004242303977095429,20526.312820913172,131.43011031994297,0
univ3-conc-c20,992,10000,24.207662933660302,-2115.3502063454107,2115.3502063454107,-2091.1425434117505,37514.65060783307,213346.8862136344,0.14954325435122964,1683,1393,609148.6535557769,-0.5483913289457597,1.0526358045788,45.16086710542403,15638.531708106886,105.72201433928285,0
univ3-conc-c20,993,10000,39.831591841195376,-2280.32434676882,2280.32434676882,-2240.4927549276244,16572.18805950786,92886.98570466686,0.1514006317571148,672,1324,612778.9903298253,1.0526350926350099,1.0526350926350099,205.263509263501,0.007717155079811855,64.12596545006191,0
univ3-conc-c20,994,10000,114.1160437419646,-1650.6597320745752,1650.6597320745752,-1536.5436883326106,210386.14973440542,38455.81052628303,0.845460908256805,8801,6977,1288628.5338748812,-0.47465854591626866,1.0526359137590675,52.534145408373135,14861.984460526226,104.93080575184041,0
univ3-conc-c20,995,10000,291.9591062416686,-3852.6336217630883,3852.6336217630883,-3560.67451552142,60679.25450260521,235728.18262715297,0.20471569502502623,2256,1900,914989.1298880227,1.0526295272963253,1.0526358580885204,205.26295272963253,0.05804334020456636,75.38367126263556,0
univ3-conc-c20,996,10000,13.191213408147336,-967.9122769315098,967.9122769315098,-954.7210635233625,11495.845447298461,195908.00869380322,0.05542734726365099,360,447,226861.83494705762,1.0526310882923287,1.0526358672154843,205.26310882923286,0.04380230576800162,87.21507112732313,0
univ3-conc-c20,997,10000,41.8582274110624,-1176.5784674008025,1176.5784674008025,-1134.72023998974,115933.16157164302,3115.0090551150383,0.9738340451708303,7214,7712,1172210.364486603,-0.6726494384174082,1.0194267220655786,32.735056158259184,16960.616290052425,107.08728473357351,0
univ3-conc-c20,998,10000,123.63019448397182,-537.7250259191443,537.7250259191443,-414.09483143517247,248466.3266701803,3628.41442776591,0.9856069412159766,9704,6455,727557.1700698166,0.38512342429531654,1.0414211993387292,138.51234242953166,6221.531105023345,96.25685765340556,0
univ3-conc-c20,999,10000,99.86370899913662,-593.6040006330877,593.6040006330877,-493.7402916339511,123430.41967893159,10024.629226106847,0.9248838518410795,4906,6225,720391.0286028393,1.0526357045747619,1.0526358497953336,205.2635704574762,0.0025934527681648334,90.08787327790438,0
univ3-conc-c50,0,10000,40.0550864114743,-253.48789769338748,253.48789769338748,-213.4328112819132,30883.859875378326,125249.82182748847,0.19780395580597687,1352,1472,339046.98246192647,1.0204026812136828,1.0204042147460606,202.04026812136829,0.01635458509242227,88.19719749066152,0
univ3-conc-c50,1,10000,2.329545231191627,-1727.2799660100586,1727.2799660100586,-1724.950420778867,3301.9933849048366,54992.849468291206,0.05664297600424534,186,443,475439.19037411484,1.0204039656751203,1.0204041098326846,202.04039656751203,0.003915279416824902,51.02014315808477,0
univ3-conc-c50,2,10000,32.71975516254571,-263.7424899419131,263.7424899419131,-231.0227347793674,95636.65036660721,29202.217174172016,0.7660807267045019,5739,4409,657081.9476046842,1.0203962084606895,1.0204043889971173,202.03962084606894,0.07885955644526632,92.60684722629529,0
univ3-conc-c50,3,10000,21.080717105531146,-3556.1537223553164,3556.1537223553164,-3535.073005249785,28813.789550819463,53147.00665256302,0.3515557545258489,2113,3102,1872194.4601253404,1.0203978707901709,1.020404288241579,202.0397870790171,0.06266965853898299,95.23520454777344,0
univ3-conc-c50,4,10000,34.25790181308794,-921.8715777361941,921.8715777361941,-887.6136759231061,92124.62998594694,10159.656878422476,0.9006723594612891,4053,6891,1548010.6120868968,0.050841266608019,0.9999891339434046,105.0841266608019,9492.104213546147,99.79690512669549,0
univ3-conc-c50,5,10000,29.934302771302377,-482.61645642986275,482.61645642986275,-452.68215365856037,8745.012636772793,137598.8843564767,0.05975659263178007,616,570,267752.2497545626,1.0204014047537842,1.020404359615938,202.04014047537842,0.02853616775290746,89.6630303027163,0
univ3-conc-c50,6,10000,83.65133871168827,-7625.967466153881,7625.967466153881,-7542.316127442193,82335.69933883245,47364.32480989733,0.6348163763209199,5917,5785,3720545.780473665,-0.9999889986289809,1.0204043368138604,0.0011001371018993494,20203.929760740568,112.87745809577848,0
univ3-conc-c50,7,10000,33.4369845062983,-46.79057518484119,46.79057518484119,-13.353590678542886,156948.40772825837,25.83530859850521,0.9998354168932515,5838,1417,156157.41824099628,0.10776793338609934,0.20262537593586372,110.77679333860993,8924.638388966216,99.57023518258744,0
univ3-conc-c50,8,10000,122.02168888168949,-14684.803980443405,14684.803980443405,-14562.782291561714,84322.39756015757,195715.5728773604,0.30111058664086254,3124,2954,3471820.659790449,-0.9999890625753488,1.0204043798344664,0.001093742465109898,20203.93013733647,118.34002263650147,0
univ3-conc-c50,9,10000,52.82887021345215,-7788.359218597248,7788.359218597248,-7735.530348383796,33795.79654905763,171351.3599837833,0.16473928822721676,1492,1500,1856865.6472604487,-0.9999889648928715,1.0204043663716647,0.0011035107128456335,20203.928960322963,153.7840946317001,0
univ3-conc-c50,10,10000,26.0744525038573,-101.38220297989128,101.38220297989128,-75.30775047603397,154869.7846827206,366.0841544682595,0.9976417553674259,7563,3366,381559.72924927366,-0.3631211816871722,0.7334435834526084,63.68788183128278,13657.771796889654,101.48687291166948,0
univ3-conc-c50,11,10000,132.45210771732567,-8401.894975439956,8401.894975439956,-8269.442867722631,33730.06286527838,112962.47468711554,0.2299371421891933,1471,2224,2405229.8027148168,1.0204040237621947,1.0204043163290926,202.04040237621948,0.003503921968885493,95.23554058680836,0
univ3-conc-c50,12,10000,68.07140965096796,-243.1332564010986,243.1332564010986,-175.06184675013066,302283.3401740695,505.27430740597106,0.9983312638479777,11703,5001,696214.9222271513,-0.3434379578407078,0.8099961689952153,65.65620421592922,13458.129133263528,101.37104955938125,0
univ3-conc-c50,13,10000,57.506815179821416,-436.61230686291856,436.61230686291856,-379.10549168309717,285053.05736157147,2105.9888348129193,0.9926661240079037,10560,6245,1047165.4546067652,-0.11033812927095539,0.9999688083875514,88.96618707290446,11105.821962388542,100.44654210855664,0
univ3-conc-c50,14,10000,38.56479542152786,-1751.3883886686817,1751.3883886686817,-1712.823593247154,5810.440781347737,128682.44943989516,0.04320258693072527,246,326,411629.87170529505,1.0204023545687793,1.020404236735555,202.04023545687792,0.019385955188436527,62.80895993167865,0
univ3-conc-c50,15,10000,137.53901322407384,-1360.4476069186328,1360.4476069186328,-1222.908593694559,129821.91028276781,75916.9120685487,0.6310034674014313,4687,5131,1496260.8132036827,1.020394596923727,1.0204044162539716,202.0394596923727,0.09433101792359366,92.84026173414608,0
univ3-conc-c50,16,10000,650.0650175667997,-9496.987093234175,9496.987093234175,-8846.922075667375,50326.980941974085,206413.32045792314,0.19602290979469197,1948,1959,2234459.0721895257,1.0203997353845278,1.0204043673816534,202.03997353845278,0.04470481384441738,33.40793782367383,0
univ3-conc-c50,17,10000,36.470463407269015,-2254.0996834344737,2254.0996834344737,-2217.6292200272046,14174.929991946143,107609.83758625323,0.1163932918198843,1009,994,780512.4866212059,-0.9999891799218446,1.0204042653001446,0.0010820078155417286,20203.931143928177,139.045628647001,0
univ3-conc-c50,18,10000,135.15518752523738,-749.9530475812453,749.9530475812453,-614.797860056008,251729.56974696755,23024.789854021277,0.9161986368934821,9462,6447,1277841.870991053,1.020402962426474,1.0204044151954212,202.0402962426474,0.014268981794261393,93.76140412178559,0
univ3-conc-c50,19,10000,70.14153365248775,-253.41552178708048,253.41552178708048,-183.27398813459274,5886.5637687656745,129815.92084651538,0.04337845239498884,550,414,151151.28505143506,-0.9999890365661024,0.9999891821163645,0.0010963433897625621,20203.929597926213,112.35294496405139,0
univ3-conc-c50,20,10000,15.357010111740491,-2318.5368904720813,2318.5368904720813,-2303.1798803603406,40988.44776393082,145448.33594322772,0.21985172104402165,1924,2110,1264455.0183101268,1.007909704333498,1.020404204492385,200.7909704333498,120.02924794352577,96.08783510341532,0
univ3-conc-c50,21,10000,22.43084426522494,-2874.7446232143434,2874.7446232143434,-2852.3137789491184,13231.186741832144,228327.41366304358,0.05477423167569023,524,534,659283.46227583,1.0204043127644593,1.0204043127644593,202.04043127644593,0.0006013860588280906,66.664639588171,0
univ3-conc-c50,22,10000,506.91609731500785,-6691.260451264555,6691.260451264555,-6184.344353949547,21277.555242774342,129684.03893750548,0.14094681073230106,921,1136,1402669.7317222774,1.0204042260294222,1.0204042260294222,202.04042260294221,0.0014832006054528168,57.98358028671422,0
univ3-conc-c50,23,10000,73.4721648286839,-940.9829458549261,940.9829458549261,-867.5107810262423,5557.436200015953,196642.8599291105,0.027484807423164885,174,170,202081.62989128838,-0.9999890739850492,1.0196412534911172,0.0010926014950742465,20203.92995539342,163.8063401131231,0
univ3-conc-c50,24,10000,0.3447350098976475,-126.97697429781047,126.97697429781047,-126.63223928791282,841.0145351152685,208941.3972944603,0.004008984965805891,42,30,31145.910224422314,-0.9999891530704939,0.9999891624029771,0.0010846929506196498,20203.930764867382,179.83882562108087,0
univ3-conc-c50,25,10000,47.366898257243996,-5618.609603522722,5618.609603522722,-5571.2427052654775,38561.501482279644,144524.25848392062,0.21061988376047672,1899,2031,1832658.7073708728,1.020404270922291,1.0204043465631198,202.0404270922291,0.0011417637066434422,91.09577641654727,0
univ3-conc-c50,26,10000,21.413527525536914,-1172.9160568707607,1172.9160568707607,-1151.5025293452238,3341.769663210815,173518.33472071856,0.01889498864004102,192,206,257648.65507319628,1.020395922414928,1.0204043083499734,202.03959224149278,0.08115174024105443,48.704627688688795,0
univ3-conc-c50,27,10000,32.71021294052899,-14896.084242494724,14896.084242494724,-14863.374029554196,29571.807266650474,68167.10196540756,0.30255921105523265,1495,2819,3543368.368033372,1.020402533427372,1.0204043227583526,202.0402533427372,0.017848548319150837,84.40924722637783,0
univ3-conc-c50,28,10000,1.5982241805811568,-642.0148507185866,642.0148507185866,-640.4166265380054,2537.4931645924858,103603.21964903206,0.02390687887171194,122,230,219277.8560442871,-0.9999889428013701,0.9999892003472344,0.0011057198629912033,20203.928589759842,205.51212060341794,0
univ3-conc-c50,29,10000,65.1414008100149,-596.2354104747949,596.2354104747949,-531.09400966478,67979.09505551598,110395.45987928817,0.3811030955640636,3029,2916,746394.3180607905,1.0204012791298487,1.020404399387648,202.04012791298487,0.029970094990687812,86.58439095986556,0
univ3-conc-c50,30,10000,56.76055261859199,-5919.199160363161,5919.199160363161,-5862.43860774457,30588.92511740369,101217.12199598025,0.23207527869408057,1640,2102,1924738.1402461864,1.0203991372502634,1.0204042019639217,202.03991372502634,0.05043728894466426,52.14392420479111,0
univ3-conc-c50,31,10000,100.56979548858335,-3721.2683017081363,3721.2683017081363,-3620.698506219553,67696.66636938596,161308.00155094237,0.2956126046868962,3012,2631,1714357.863723551,-0.9999883196772469,1.020404367788347,0.0011680322753212424,20203.92237568145,110.67588266666739,0
univ3-conc-c50,32,10000,0.6496921606373922,-529.185834294777,529.185834294777,-528.5361421341396,2514.7097036540536,123338.3419108571,0.019981316872288712,149,191,186318.04574663148,-0.9999890894870468,0.9999890995901359,0.0010910512953216747,20203.930117278738,150.5462407016785,0
univ3-conc-c50,33,10000,2.0276597624385113,-326.5941767736511,326.5941767736511,-324.56651701121257,5290.372453812998,111950.2086583584,0.04512407225917251,301,346,196015.13204065882,1.0203985920766965,1.0204029892604851,202.03985920766965,0.055524681884037363,65.08150843612081,0
univ3-conc-c50,34,10000,94.26299706861093,-1645.0989094249649,1645.0989094249649,-1550.835912356354,63868.14055274207,113314.42485387607,0.36046515302547066,3218,3137,1273847.0680131598,-0.28300323353707413,1.0204043384512547,71.69967664629259,12846.139050159056,101.14182694135982,0
univ3-conc-c50,35,10000,9.941331380849935,-6799.372933857706,6799.372933857706,-6789.431602476856,24037.53794714097,135823.00268745562,0.15036567405389362,1809,1479,1730130.5995601406,1.020402232371395,1.0204043591424503,202.04022323713951,0.02068896812138199,48.53289564999783,0
univ3-conc-c50,36,10000,111.17910716168711,-843.0494670447752,843.0494670447752,-731.870359883088,123742.51401404706,91868.95789192665,0.5739143326659821,6704,4475,1095030.6465848268,1.0204040637250018,1.0204044004622679,202.04040637250017,0.0034804141509960085,93.57010798548743,0
univ3-conc-c50,37,10000,42.35924134782022,-7856.3512012466845,7856.3512012466845,-7813.9919598988645,34929.632365144455,69510.53574705686,0.334446343744096,2137,3197,2762873.837879433,-0.9999890549020379,1.0204043661295017,0.0010945097962070333,20203.93001669294,120.57881934574904,0
univ3-conc-c50,38,10000,136.4499472435761,-1473.2547369030756,1473.2547369030756,-1336.8047896594994,14595.6177421023,74151.4234080384,0.16446314776184692,643,1290,730187.4716966297,1.0204037068852363,1.0204043721044715,202.04037068852364,0.006460904381937027,71.98237568592819,0
univ3-conc-c50,39,10000,62.35944934926666,-3696.8611480721042,3696.8611480721042,-3634.501698722838,35358.371981217286,127774.98705429163,0.21674519663094108,1992,2046,1504597.2858016174,1.020403334759107,1.0204043415590123,202.0403334759107,0.010138868197515194,63.832420655588194,0
univ3-conc-c50,40,10000,27.339851493212848,-609.9783840994482,609.9783840994482,-582.6385326062355,130417.69509609697,4606.399869256778,0.9658846084438577,5629,6764,1281049.616604734,-0.9293987734299943,0.9999887816918089,7.060122657000556,19469.98411400345,103.824823994845,0
univ3-conc-c50,41,10000,8.257688735855874,-2212.339151158139,2212.339151158139,-2204.081462422283,25528.361789202507,203254.1040617748,0.11158355905574946,1216,1028,853874.8857472711,-0.999989036922447,1.0204032788051303,0.0010963077553071594,20203.929669499405,123.15711283826744,0
univ3-conc-c50,42,10000,28.76593877448208,-709.2434093809243,709.2434093809243,-680.4774706064422,34716.434657397724,110937.05307835725,0.23834949095335353,1386,1865,654865.1379967532,-0.9999891723256709,1.0204042376491196,0.0010827674329250711,20203.931127080614,131.86361333046014,0
univ3-conc-c50,43,10000,236.79864222496175,-3651.831484226599,3651.831484226599,-3415.032842001637,68556.05632394025,199696.5031267169,0.25556533911301066,2461,2224,1501960.7590291041,-0.998966045934685,1.0204043670041891,0.10339540653150119,20193.278380491676,104.65399671555824,0
univ3-conc-c50,44,10000,46.3038979994637,-6620.5114331836785,6620.5114331836785,-6574.207535184215,29367.21533323459,80222.36556563171,0.26797451995309524,1082,2270,2133450.6649758923,-0.9999890903501957,1.020404287598262,0.0010909649804279904,20203.93028113898,202.93007228776162,0
univ3-conc-c50,45,10000,117.60666226758798,-296.4249833176027,296.4249833176027,-178.81832105001473,165963.81371169168,40890.959454313146,0.8023204452647684,8992,4403,597829.7743516301,-0.5434897485056988,0.9999891619727355,45.651025149430126,15494.612576405656,102.2127090536692,0
univ3-conc-c50,46,10000,180.1288659974544,-2368.0316736178042,2368.0316736178042,-2187.90280762035,226132.51058886142,70143.10708145493,0.7632504907659753,8590,6484,2235122.810772152,-0.6790982169477101,1.0204043987390552,32.090178305228996,16884.470528322003,102.77217781739873,0
univ3-conc-c50,47,10000,127.33816150457872,-289.9128903710471,289.9128903710471,-162.5747288664684,25634.83983646343,211685.03906576175,0.10801808915057166,812,743,198499.38459961474,1.0204008286459212,1.0204042437601595,202.0400828645921,0.03408635956140671,79.6674381363814,0
univ3-conc-c50,48,10000,80.01791886195048,-687.1462361269923,687.1462361269923,-607.1283172650419,9193.522814609587,133017.79838499503,0.06464691233481873,444,536,316823.3294812165,1.0204038046378228,1.0204041989337254,202.04038046378227,0.005478808213299269,70.09697829734397,0
univ3-conc-c50,49,10000,26.147569051275344,-2799.2486655403304,2799.2486655403304,-2773.101096489055,100249.70334980352,66630.15542254278,0.6007297949991789,6643,5435,2293478.2829299634,-0.9999890629884461,1.0204043518448298,0.0010937011553880374,20203.93044534759,126.28308410483056,0
univ3-conc-c50,50,10000,116.78668693577819,-14935.066847289087,14935.066847289087,-14818.280160353308,45475.6491787728,77838.01630692472,0.36878028886463743,1628,3304,3799419.379230401,0.6738208994464548,1.0204043476231233,167.3820899446455,3351.37458352808,97.35866611043825,0
univ3-conc-c50,51,10000,25.73940935570858,-1451.462982581852,1451.462982581852,-1425.7235732261433,18028.10367910516,128590.99199927047,0.12295877010898837,755,1114,697103.5341221187,-0.999989093409323,1.0204043274662156,0.0010906590677059549,20203.93023756728,117.11257224741712,0
univ3-conc-c50,52,10000,56.06287900983822,-4478.403477396443,4478.403477396443,-4422.340598386605,28609.14436672781,111702.06095306634,0.20389778778909703,1214,1760,1522429.0303710417,-0.9999890799123434,1.0204043602198138,0.001092008765658875,20203.93015331897,125.65909739566708,0
univ3-conc-c50,53,10000,1.9965206751981972,-804.964536295091,804.964536295091,-802.9680156198928,4192.989081793112,131669.14961172614,0.030862086539442363,208,302,273735.5778946292,1.0203968571116,1.020402754065124,202.03968571116,0.07218159573923799,41.85639581894704,0
univ3-conc-c50,54,10000,20.049747091910262,-731.6651218391321,731.6651218391321,-711.6153747472218,3817.9886482007,72744.84796139736,0.049867387590000416,311,450,286662.0835255378,1.0204033473926788,1.020404364972738,202.04033473926788,0.009859983697790398,50.51369382026857,0
univ3-conc-c50,55,10000,5.5960228645050245,-903.6025973301847,903.6025973301847,-898.0065744656797,14974.007582050386,234162.99464780555,0.06010350709861732,691,598,419492.5598059723,1.0204039527565327,1.0204039527565327,202.04039527565328,0.004071166587293007,60.546112460192404,0
univ3-conc-c50,56,10000,69.35767944262271,-11245.615088879207,11245.615088879207,-11176.257409436585,27576.177519536435,79062.55596479458,0.2585943832837095,1366,2365,2778697.0088112047,-0.9999889824762249,1.0204043688527735,0.0011017523775139423,20203.92917889569,146.04832612510074,0
univ3-conc-c50,57,10000,105.3860327313756,-4407.899347314355,4407.899347314355,-4302.513314582979,21924.217541319296,139103.72905288756,0.13615163085056717,1190,1283,1282924.3234613703,1.0203961756531015,1.020404356503394,202.03961756531015,0.07882055499217877,77.67038526056504,0
univ3-conc-c50,58,10000,21.544825673921544,-1117.9552709806585,1117.9552709806585,-1096.4104453067368,17362.440299101723,198037.0203657585,0.08060577424618497,590,681,475849.1735765526,1.020400786913074,1.0204039676363994,202.0400786913074,0.03447488471956117,72.28276224227757,0
univ3-conc-c50,59,10000,32.86692585133492,-183.57629044063356,183.57629044063356,-150.70936458929864,158575.54960629967,300.1532473702461,0.9981107668323161,5918,4537,589400.0224273076,0.5797050853037067,0.6989624998727973,157.97050853037067,4269.378948193956,97.70721160064947,0
univ3-conc-c50,60,10000,36.28979098534588,-15479.733096654203,15479.733096654203,-15443.443305668858,47522.73320825069,112381.79313535249,0.29719442153959885,3424,3000,3711054.897036667,1.0203991713420977,1.020404370510372,202.03991713420976,0.0502410198014108,92.56558696223887,0
univ3-conc-c50,61,10000,87.44168828687076,-2829.4802644359397,2829.4802644359397,-2742.038576149069,51645.483581842374,59932.551476749795,0.46286425060920056,2893,3785,1811036.9552496867,-0.9536082616133738,1.0204043740828044,4.639173838662623,19721.45844602873,103.92595555353815,0
univ3-conc-c50,62,10000,35.519139171152986,-342.09289325627657,342.09289325627657,-306.5737540851236,12016.487896602053,98423.08098805055,0.10880600148985137,763,884,306251.70777552354,-0.9999890573150833,0.9999891948513876,0.0010942684916648402,20203.92984933411,137.42372466016568,0
univ3-conc-c50,63,10000,225.8880892742376,-1476.9322329278684,1476.9322329278684,-1251.0441436536307,155304.75532154992,121241.53879057331,0.5615868251649144,6402,4551,1423055.8675180061,0.2597579318164409,1.02040391522189,125.9757931816441,7415.843879959366,98.96920325179053,0
univ3-conc-c50,64,10000,180.2028555723412,-7286.115095863109,7286.115095863109,-7105.912240290768,35684.73048961231,178778.97682145287,0.16639053263149092,1390,1440,1718131.9460892463,1.0204042367522712,1.0204043069927058,202.04042367522712,0.0014168479235170395,74.15403615226887,0
univ3-conc-c50,65,10000,6.392672700582497,-212.05894379051327,212.05894379051327,-205.66627108993077,53388.81243304519,324.55074790914404,0.9939577280458911,4298,5074,681945.3038064075,-0.6698974063285167,0.9521465467533261,33.01025936714833,16789.92905873069,102.73393851923394,0
univ3-conc-c50,66,10000,142.92359501799274,-446.0634250139443,446.0634250139443,-303.1398299959516,33086.15555131701,79486.90229586902,0.2939082955020224,1132,2056,491396.7740225929,1.0082564388894242,1.0204043560048675,200.8256438889424,116.69753018616493,94.85584061218105,0
univ3-conc-c50,67,10000,13.013424962579908,-5113.516496501834,5113.516496501834,-5100.503071539254,12978.151270065464,95436.64581556892,0.11970830199326314,754,1177,1340460.8636956585,1.020397936219372,1.0204041301437723,202.0397936219372,0.06188576207996732,72.42108641022617,0
univ3-conc-c50,68,10000,3.755949758174317,-2388.921384411124,2388.921384411124,-2385.16543465295,7219.377024475992,134330.24643488007,0.05100244598353829,614,497,595114.8734558636,1.0203968753716677,1.0204043141371597,202.03968753716677,0.07203500398726836,58.40932061697143,0
univ3-conc-c50,69,10000,49.49705409272066,-5797.175929579192,5797.175929579192,-5747.678875486471,35614.28774787972,92712.3431440568,0.2775284249289644,1631,2550,2134027.0456593838,-0.9999890635140511,1.0204041411612201,0.001093648594882915,20203.930047252892,134.91793217780622,0
univ3-conc-c50,70,10000,164.8782196797661,-335.90654222765744,335.90654222765744,-171.02832254789135,72448.76783991518,79778.22298853814,0.47592590148194336,3730,2840,424209.1471040756,1.0204043724166971,1.0204043724166971,202.0404372416697,0.00028824257267512365,94.92072900346442,0
univ3-conc-c50,71,10000,0.7128936246360948,-193.85583717569696,193.85583717569696,-193.14294355106088,1635.5283785580089,127068.55877797015,0.012707664649133492,129,164,97521.52756425271,1.02040366563116,1.02040366563116,202.04036656311598,0.006780313068550647,68.45710391780875,0
univ3-conc-c50,72,10000,7.498727887121277,-1580.0754074141646,1580.0754074141646,-1572.5766795270433,38734.70317855122,46837.126094847044,0.4526571829473872,3125,4026,1487995.7642103077,0.933010124908466,1.0204043061020658,193.3010124908466,840.7808519459755,96.37060832147118,0
univ3-conc-c50,73,10000,14.453478062355776,-3462.7570997167954,3462.7570997167954,-3448.3036216544397,14248.633425625048,45194.484386591874,0.23970198653840846,1086,2149,1523828.8775717313,-0.16878700723280318,1.0204043262753215,83.12129927671968,11693.586299893279,100.67828776070691,0
univ3-conc-c50,74,10000,199.26235517258692,-360.43529121381766,360.43529121381766,-161.17293604123074,98151.35177084421,123477.08042911768,0.4428644411574784,4049,2682,407934.44806196354,1.020374107596404,1.0204043822476643,202.03741075964038,0.2909619189427559,95.90659946873016,0
univ3-conc-c50,75,10000,3.1828847835254113,-1481.6394164251608,1481.6394164251608,-1478.4565316416354,5765.876564014384,143549.8968803443,0.038615321281934026,431,344,396836.136608732,1.0204042942345535,1.0204042942345535,202.04042942345535,0.000766301365610289,91.22287163918266,0
univ3-conc-c50,76,10000,59.20564145885041,-3319.7079202150494,3319.7079202150494,-3260.502278756199,27220.5833028164,56080.06197161823,0.32677517938952305,1368,2547,1609264.676951749,-0.9999891425851921,1.0204043245650516,0.0010857414807863598,20203.930855508963,125.84233488930936,0
univ3-conc-c50,77,10000,38.88237703152767,-2033.7721311695477,2033.7721311695477,-1994.88975413802,81557.97372341933,13634.876885997402,0.8567657466006317,3696,6917,2233352.3302786313,1.020394508804416,1.0204043355597898,202.0394508804416,0.09520872974050576,95.62363522688833,0
univ3-conc-c50,78,10000,19.76879914381201,-7462.672918678086,7462.672918678086,-7442.904119534273,43530.5999902911,91802.30441196743,0.32165569920011733,3122,3067,2631642.812202216,1.0204000934958897,1.020404356652104,202.04000934958896,0.04136949951396929,84.69556416044391,0
univ3-conc-c50,79,10000,15.529212490676773,-45.93902109813857,45.93902109813857,-30.409808607461795,142562.23461313418,219.0357678447945,0.9984659348718474,11374,1942,197467.17859381126,-0.4898986037950211,0.5775678742678235,51.01013962049789,14947.452876150246,102.00281131785363,0
univ3-conc-c50,80,10000,7.568894496197241,-2975.544761911595,2975.544761911595,-2967.9758674153977,8532.810171181143,83268.27795758349,0.09294890011774819,565,1003,952118.7732254466,-0.9999886070173395,1.0204043142543668,0.0011392982660548764,20203.925156640867,113.19352804042104,0
univ3-conc-c50,81,10000,17.773612938989753,-4496.505734480008,4496.505734480008,-4478.732121541018,18636.216036034206,64430.234798045945,0.22435310343593273,1259,2144,1757515.4656345318,1.020404216000367,1.020404375524912,202.0404216000367,0.001640165000405036,74.05978472305385,0
univ3-conc-c50,82,10000,42.2924512908828,-2658.829376725497,2658.829376725497,-2616.536925434614,23882.724407322636,142560.4210224223,0.14348878318574826,981,1174,959501.2355168201,-0.9999890929854067,1.0204043694540126,0.0010907014593394295,20203.930246569777,143.70313277411483,0
univ3-conc-c50,83,10000,71.37271081483351,-3884.320336163137,3884.320336163137,-3812.9476253483035,46192.707742604674,67284.67829459658,0.4070653136781044,2301,3647,2111719.3247260465,1.0204040580864555,1.020404310596384,202.04040580864554,0.003284611234700696,91.19295798900148,0
univ3-conc-c50,84,10000,19.471840070379518,-1254.7678828377689,1254.7678828377689,-1235.2960427673893,17874.615624952963,203836.42327798778,0.08062122532734149,740,649,496110.81829594803,-0.9999890665458194,0.9999891948629341,0.0010933454180511277,20203.92993429978,140.58364303972618,0
univ3-conc-c50,85,10000,81.99093417416076,-4919.201996966053,4919.201996966053,-4837.211062791893,63920.393907418045,76303.62160550753,0.45584483994131514,3402,4044,2507538.780455356,0.47640479637072075,1.0204043657557846,147.64047963707208,5280.908179828355,98.12149974691745,0
univ3-conc-c50,86,10000,24.89990313053239,-161.15435944336525,161.15435944336525,-136.25445631283287,155617.70978296504,135.21552720929577,0.9991318588274344,8683,4357,547480.826879531,0.16138496127448732,0.5751371883543228,116.13849612744873,8391.34232899545,99.3576510960261,0
univ3-conc-c50,87,10000,82.38620858872808,-6977.275956883557,6977.275956883557,-6894.88974829483,57276.13626347683,240596.72260893436,0.19228383707160812,2086,1751,1873337.8303487513,1.0204024284954116,1.020404370343654,202.04024284954116,0.018835362656468513,60.98923060627165,0
univ3-conc-c50,88,10000,68.8470972634789,-2125.5292376277334,2125.5292376277334,-2056.6821403642543,18491.981617695074,170475.1783318377,0.09785817611183713,685,860,723973.457870498,-0.9999891106834411,1.0204042870319976,0.0010889316558880939,20203.93040012341,144.27266168576583,0
univ3-conc-c50,89,10000,2.8780587298681577,-60.777444764399355,60.777444764399355,-57.8993860345312,2061.33562903133,81442.76760300211,0.024685441184889828,168,210,64251.34289511933,1.0204016751796998,1.0204042550594223,202.04016751797,0.025900514700063937,82.74322143651109,0
univ3-conc-c50,90,10000,72.70821340947744,-415.37865194647316,415.37865194647316,-342.67043853699573,147840.67107669814,170092.28573031796,0.4650058067633321,5315,3427,704963.7025083932,1.020404345016844,1.0204043915810639,202.04043450168442,0.0006493457235769995,89.13127481907044,0
univ3-conc-c50,91,10000,7.430555811184566,-3789.160230958944,3789.160230958944,-3781.7296751477593,11524.449318858356,59536.25507875832,0.1621775271797739,805,1404,1280794.6521780887,1.0204034854870792,1.0204043199182768,202.04034854870793,0.008603179837240127,90.47500892590769,0
univ3-conc-c50,92,10000,31.783169881200735,-7683.879234195012,7683.879234195012,-7652.096064313811,31166.744487208212,95904.43381736329,0.24526997312093832,2182,2133,2200884.7057314124,1.0204026832819264,1.020404351867295,202.04026832819264,0.01641008370663677,46.34894965051198,0
univ3-conc-c50,93,10000,113.95961184780748,-635.6799071037362,635.6799071037362,-521.7202952559287,75817.03897213326,207349.14803119868,0.2677475011211036,3003,2228,653556.6579331327,-0.9999888786570721,0.9999891660676821,0.001112134292791547,20203.928175433768,108.74972911151411,0
univ3-conc-c50,94,10000,99.61053824134738,-2213.6549493242583,2213.6549493242583,-2114.0444110829108,91696.17418694145,65805.38310339331,0.5821921748869493,5191,4967,1904263.7144669066,1.0204035913285807,1.0204044167470763,202.04035913285807,0.007963801883674862,86.87945885007937,0
univ3-conc-c50,95,10000,93.28017725247449,-1576.729730071541,1576.729730071541,-1483.4495528190666,49891.24653448292,200354.95741899774,0.19936864474378765,1804,1701,875781.5649904128,1.0204008212440638,1.0204043338447966,202.04008212440638,0.03425111304723316,82.82845130071455,0
univ3-conc-c50,96,10000,21.796774917924125,-4292.104263938743,4292.104263938743,-4270.307489020819,15970.940603068266,109858.82262162858,0.12692498335666913,883,1164,1232924.5986653168,-0.467601709792975,1.0204039037064794,53.2398290207025,14720.152186813391,101.89845176990846,0
univ3-conc-c50,97,10000,37.35051652976108,-309.5104707278604,309.5104707278604,-272.15995419809934,20998.63090939721,76186.58146182676,0.21606816919005667,946,1531,394646.2855219945,1.0204027095323616,1.0204043604144226,202.04027095323616,0.016066200775837924,76.02099851722808,0
univ3-conc-c50,98,10000,58.454168480923585,-3193.9464660283675,3193.9464660283675,-3135.4922975474437,78048.37099153246,112621.642357789,0.4093374181945544,3843,3650,1929837.3793795817,-0.9999889808259995,1.0204042971310259,0.001101917400044583,20203.92935369405,115.97815055388776,0
univ3-conc-c50,99,10000,14.239499346153574,-3056.4189018587776,3056.4189018587776,-3042.179402512624,16292.127926005487,114058.51390690192,0.12498694058514785,637,1241,1089923.1591422367,1.0203999549756124,1.0204042942325975,202.03999549756125,0.04249370039643452,56.70140573344945,0
univ3-conc-c50,100,10000,91.31918199415222,-2480.951278976336,2480.951278976336,-2389.632096982184,69511.46966294314,204465.82847311112,0.25371251609476225,2896,2417,1380891.5758579345,-0.9771629756536145,1.020404363508569,2.283702434638537,19966.369905729913,104.02738870828291,0
univ3-conc-c50,101,10000,368.11954935622117,-611.711499572258,611.711499572258,-243.59195021603688,50678.46547735443,164837.21251260623,0.23514978562123534,1881,1717,389332.1002091878,1.0204038361046905,1.0204043684567625,202.04038361046906,0.005300059752197606,90.23761949204535,0
univ3-conc-c50,102,10000,33.86848697850227,-2092.088090906093,2092.088090906093,-2058.2196039275905,19260.72804296195,201663.68535633886,0.08718243378630108,876,890,746162.5900525389,1.0203986927560846,1.0204042558067883,202.03986927560845,0.054610687622162146,62.261355572996756,0
univ3-conc-c50,103,10000,13.593076728025466,-3094.7976809126117,3094.7976809126117,-3081.204604184586,14419.149632076547,124316.6554880606,0.1039324320033347,942,933,945593.9839431988,1.0203989316795534,1.0204043673607956,202.03989316795534,0.0523237514337751,48.18442667012048,0
univ3-conc-c50,104,10000,99.31889853295436,-379.5600540633987,379.5600540633987,-280.2411555304443,17061.402271268336,75370.77348163059,0.18458293480918353,971,1257,339914.7592497099,1.020399394565751,1.0204043729014471,202.0399394565751,0.04789220067525779,95.58534366048933,0
univ3-conc-c50,105,10000,75.28235317340047,-3527.8925066509714,3527.8925066509714,-3452.6101534775707,25192.68223674953,221055.00787816342,0.10230626823339221,1008,888,929502.8637482552,-0.9999890867579017,1.020404366412866,0.0010913242098331264,20203.93017169728,126.3446173667896,0
univ3-conc-c50,106,10000,83.49881730873165,-1822.0633789131966,1822.0633789131966,-1738.5645616044649,23468.831762638893,178093.61927394802,0.11643454245542445,1202,997,717160.1362958846,-0.9999891348248839,1.020404294003042,0.0010865175116092094,20203.930684310286,123.2856935857355,0
univ3-conc-c50,107,10000,321.44197077538996,-840.8473771429657,840.8473771429657,-519.4054063675758,40035.53015075714,68434.61104643781,0.3690926342390754,1509,2434,664693.1124966592,-0.999988621013381,1.0204043180221303,0.001137898661900727,20203.925422586017,112.59229413037767,0
univ3-conc-c50,108,10000,42.6981703143709,-2716.0537055993273,2716.0537055993273,-2673.355535284956,119632.38941411517,25165.669797379036,0.8262016084026259,7300,7195,2604897.87045414,0.25747774604274115,1.0204043512943755,125.74777460427411,7438.411887257041,98.97826851090687,0
univ3-conc-c50,109,10000,27.00701003312865,-1113.3021599555952,1113.3021599555952,-1086.2951499224666,18859.0704320089,151711.82500070168,0.11056441008981344,1087,938,559916.2066325094,1.0204011941645796,1.0204042484113192,202.04011941645797,0.030600472807705614,78.35886006302351,0
univ3-conc-c50,110,10000,50.04538532902347,-7125.416558847012,7125.416558847012,-7075.371173517989,20165.94762221142,77414.39509356252,0.20665993847705127,1158,1901,1997177.5080774871,0.7511072567201126,1.0204043679346197,175.11072567201126,2600.0701554661864,97.06464735191683,0
univ3-conc-c50,111,10000,265.49790805454535,-1031.32635942786,1031.32635942786,-765.8284513733147,210693.67058548305,112030.33657413733,0.6528602332372293,7536,4901,1173082.6372204225,1.0204022155335946,1.0204044080778618,202.04022155335946,0.021287437680439558,85.90060301799143,0
univ3-conc-c50,112,10000,11.69839890654534,-3012.8208878911155,3012.8208878911155,-3001.1224889845703,10440.994223074593,154049.76401657538,0.0634746555661376,814,702,792375.2227510171,-0.9999889813142674,1.0204043017388877,0.0011018685732544428,20203.929051950927,231.81134331243595,0
univ3-conc-c50,113,10000,252.47811671839372,-2225.1850409803833,2225.1850409803833,-1972.7069242619896,54475.55895484093,260426.81410566927,0.17299189722007322,1903,1452,912871.4866396728,-0.9999885381575143,1.0204043391768758,0.001146184248564941,20203.924536650793,116.02591753715777,0
univ3-conc-c50,114,10000,45.393259700804514,-875.7880158570787,875.7880158570787,-830.3947561562742,181879.87011354914,3889.3889901799002,0.9790633336810147,7606,7223,1549654.6709610345,1.0204031157762665,1.0204044166775794,202.04031157762665,0.012744404757297545,94.79567510274329,0
univ3-conc-c50,115,10000,17.52130931587985,-2571.7930070481275,2571.7930070481275,-2554.2716977322475,37168.58940830441,96080.15188468531,0.2789413922235667,2117,2485,1458230.450806313,-0.9999890881843271,1.020403562093694,0.0010911815672863376,20203.93032302185,151.57175636232085,0
univ3-conc-c50,116,10000,314.71876413801556,-8924.929689061424,8924.929689061424,-8610.210924923409,75158.58602493152,238911.3834132795,0.2393052292117281,2692,2231,2321539.098341162,1.0204003587569297,1.0204043529637175,202.04003587569298,0.03876620429605282,88.85658903404455,0
univ3-conc-c50,117,10000,12.355816123431588,-3743.997187563631,3743.997187563631,-3731.6413714401997,19666.642455403064,196488.8365107129,0.09098377958990327,905,805,950755.8215168236,-0.9999890564958916,1.0204014292169523,0.0010943504108395922,20203.929844650018,223.81651361137108,0
univ3-conc-c50,118,10000,52.88105489716804,-104.5961657757407,104.5961657757407,-51.71511087857266,227542.89985692975,293.23807292589845,0.9987129431020457,8186,2917,342366.58028733154,0.7575650896073401,0.9592059822063778,175.756508960734,2537.3971886876793,97.05795474736756,0
univ3-conc-c50,119,10000,8.10404824934685,-197.82456327431973,197.82456327431973,-189.72051502497288,1583.2379609436293,179368.78261606573,0.00874949036708787,109,93,72265.20809175701,-0.9999891548946366,0.9999891984392855,0.0010845105363451123,20203.930789844664,228.41773225218557,0
univ3-conc-c50,120,10000,31.717882817665217,-2822.172345690211,2822.172345690211,-2790.4544628725457,24147.884533771638,46218.37489551718,0.3431741964064168,1599,2878,1603013.1053818422,-0.9999891073982556,1.0204041588214585,0.001089260174444608,20203.930515073655,108.22252911637716,0
univ3-conc-c50,121,10000,91.3000216691561,-9596.908074260162,9596.908074260162,-9505.608052591006,34143.55011848556,132576.0650496141,0.204796238787256,2387,1995,2255153.82258479,1.02040423823949,1.0204042930693873,202.040423823949,0.0014837387325883356,81.2835534671967,0
univ3-conc-c50,122,10000,1.9938574240781666,-631.1590783861334,631.1590783861334,-629.1652209620552,2783.598058085852,141326.75184927875,0.019315740055278283,146,215,196016.3703495994,-0.9999891560231119,1.0204041145621725,0.0010843976888091213,20203.930811480946,162.68022996178323,0
univ3-conc-c50,123,10000,0.6049316046114164,-616.0007387844203,616.0007387844203,-615.3958071798088,3881.1201576147155,167194.7405292594,0.022686544682761874,174,217,206825.03559465177,-0.9999891307999361,0.9999891307999361,0.0010869200063896092,20203.930549285327,201.07660064900926,0
univ3-conc-c50,124,10000,30.791985469655987,-3927.871679533465,3927.871679533465,-3897.079694063809,17611.690900026253,218930.7637483843,0.07445467210612881,665,665,891519.9387323614,-0.9100093738332349,1.0204043142404147,8.99906261667651,19268.756180319113,103.73932183511346,0
univ3-conc-c50,125,10000,6.319677444607176,-4060.527441880384,4060.527441880384,-4054.2077644357764,6306.097212996079,60313.36727580866,0.09465847949071708,356,745,942192.8376214324,-0.999989117553982,1.020404348162673,0.0010882446017995535,20203.930446924318,133.76052009310555,0
univ3-conc-c50,126,10000,46.40013468586519,-387.76085061078356,387.76085061078356,-341.3607159249184,91537.34112466467,68797.80520958429,0.5709125118072227,6016,3935,732120.7026634509,1.0204039584105251,1.0204043723380978,202.04039584105251,0.004422853566225626,92.61125780319949,0
univ3-conc-c50,127,10000,20.60383735615914,-4211.477850783718,4211.477850783718,-4190.8740134275595,19041.552789597252,135276.53055130428,0.12339158430015536,902,1101,1181321.3898234037,1.020403655930503,1.0204042863514204,202.0403655930503,0.006954595262323338,73.49070188611262,0
univ3-conc-c50,128,10000,68.30306089949006,-6512.740819236926,6512.740819236926,-6444.437758337435,55972.93515557632,158592.48897761796,0.26086651836705244,2627,2388,2175862.0340470267,-0.6130959079913593,1.0204043683105937,38.690409200864075,16207.055881219683,102.4981197144621,0
univ3-conc-c50,129,10000,46.64512852192226,-5387.336214431003,5387.336214431003,-5340.691085909081,28398.44154975338,205183.3280406135,0.1215781591155672,1282,1164,1307781.3371883384,-0.9999891387700514,1.0204043542815873,0.001086122994870001,20203.930741184013,118.09338011502805,0
univ3-conc-c50,130,10000,191.88246238126536,-3601.5667650575892,3601.5667650575892,-3409.684302676324,40517.9418403582,218947.2841381058,0.15615943018014003,1377,1379,1191921.6233606448,1.0204037934732357,1.0204042629263916,202.04037934732358,0.005671268092875881,65.91285074284076,0
univ3-conc-c50,131,10000,10.649244559889844,-1717.8136779788417,1717.8136779788417,-1707.1644334189518,11211.757045178505,94423.79293867256,0.10613621121764873,846,881,682001.8058965723,1.0204032205150317,1.0204032205150317,202.04032205150318,0.011123567607135953,67.88717777144794,0
univ3-conc-c50,132,10000,17.7632686955997,-3753.221814128118,3753.221814128118,-3735.458545432518,11038.99171810028,118998.15658081908,0.08489106276557756,511,854,932166.0684598649,1.0204034152035169,1.0204043467605843,202.0403415203517,0.009238604324144362,38.91995134673968,0
univ3-conc-c50,133,10000,256.2966382181922,-4093.014905664388,4093.014905664388,-3836.718267446196,130502.90609912228,124873.9253618238,0.5110209307263633,5486,4427,2355559.6013807687,-0.5729689355047103,1.0204043590440017,42.703106449528974,15796.097437528586,102.33135517634553,0
univ3-conc-c50,134,10000,68.92098066953601,-1532.86537417815,1532.86537417815,-1463.944393508614,72617.15991101811,57062.63106988769,0.5599728327886521,3818,4482,1504999.6121516435,0.11953268971293682,1.0204043982726736,111.95326897129368,8807.523787475708,99.52369914270692,0
univ3-conc-c50,135,10000,9.540595593450128,-4745.975517279052,4745.975517279052,-4736.434921685602,16472.780197038657,143045.32939089608,0.10326589400783989,1235,1042,1226504.5987207482,1.020403748928961,1.020404339574537,202.0403748928961,0.006074858649614587,71.09016119825175,0
univ3-conc-c50,136,10000,57.24634253005814,-2159.2828059909575,2159.2828059909575,-2102.0364634608995,77439.02321398468,51443.11682955485,0.6008514693178115,5355,5120,1918003.8044207615,1.0204018247234987,1.020404408074481,202.04018247234987,0.02494602155937997,90.45156927075406,0
univ3-conc-c50,137,10000,204.6133381342231,-622.1361120362608,622.1361120362608,-417.52277390203767,40471.386122599935,126135.25927208211,0.24291579742647978,1852,1706,490232.34762338013,-0.9816343530183633,0.9999891859587942,1.8365646981636747,20012.887794487484,104.0445110828318,0
univ3-conc-c50,138,10000,39.62614657759934,-617.8004556570278,617.8004556570278,-578.1743090794284,121995.42212305736,27678.409047071647,0.8150751615650796,6938,5902,1155366.5275070406,1.0204038270931306,1.0204043874170168,202.04038270931306,0.005822937230924197,95.4695741911343,0
univ3-conc-c50,139,10000,78.28998822342561,-8938.507718331968,8938.507718331968,-8860.217730108543,36680.01109095471,148662.78145109495,0.1979036281253447,1649,1877,2206013.763870825,-0.9999885123560364,1.0204041991188597,0.0011487643963598853,20203.924273473134,120.10161621218924,0
univ3-conc-c50,140,10000,5.098756004752045,-394.5341604896876,394.5341604896876,-389.4354044849356,4543.733368216584,128558.6603352565,0.03413712737833371,246,301,195519.3236046456,1.0204042340805817,1.0204042593643063,202.04042340805816,0.0013337093117634369,72.86601294850834,0
univ3-conc-c50,141,10000,32.721966685826864,-1997.1000163667443,1997.1000163667443,-1964.3780496809175,68481.21473798036,45126.589299915664,0.602786184610497,5065,4988,1839883.705328469,1.020402727476729,1.0204043597482657,202.0402727476729,0.016256494470721056,87.3522119895297,0
univ3-conc-c50,142,10000,120.51501922485494,-1562.7228332193595,1562.7228332193595,-1442.2078139945045,180090.90154239582,59409.88053998637,0.751942853699948,6797,5994,1772822.3362528542,-0.9999890895974468,1.0204042745225488,0.0010910402553110717,20203.93076064636,113.27656322645666,0
univ3-conc-c50,143,10000,2.051536947628401,-2823.597248010061,2823.597248010061,-2821.5457110624325,8808.280913420243,129790.02933387701,0.06355258514843265,713,677,764138.4839912881,-0.9999891660446759,1.0204043666808258,0.0010833955323990788,20203.93096837973,143.38365960936963,0
univ3-conc-c50,144,10000,17.577423812592283,-4090.226265159575,4090.226265159575,-4072.648841346983,20463.07890135588,139232.6435690495,0.12813792745856464,1001,1190,1201699.3224655187,1.0203968685178675,1.0204043397761362,202.03968685178674,0.07215275867373497,55.61645980707202,0
univ3-conc-c50,145,10000,52.4456773982369,-5699.115915789106,5699.115915789106,-5646.67023839087,39064.91747558353,116647.12695147801,0.25087922786783695,2132,2368,2053559.1734778762,-0.9999891567790352,1.020404342322232,0.0010843220964801524,20203.93103438165,115.22724517525236,0
univ3-conc-c50,146,10000,69.93509866510831,-14578.201848420473,14578.201848420473,-14508.266749755365,68084.21120013573,165497.81291439026,0.2914788133129364,2933,2953,3577095.8729775194,-0.9999890370025413,1.0204043727807943,0.0010962997458721971,20203.929858091764,108.39662639911074,0
univ3-conc-c50,147,10000,180.4838275457383,-1048.1043095385025,1048.1043095385025,-867.6204819927642,64930.85530845805,104781.11530166816,0.38259443382235886,2492,2760,874438.1053212177,1.020403583942971,1.0204043949951447,202.0403583942971,0.007801609021781175,94.86693306153195,0
univ3-conc-c50,148,10000,57.428053118697996,-586.2103839122095,586.2103839122095,-528.7823307935115,3431.762899743487,203118.15529444264,0.0166146901908581,127,150,157399.34934608094,-0.9999890943208583,1.0204042813393246,0.001090567914173315,20203.930163119952,253.78965492734454,0
univ3-conc-c50,149,10000,44.239138809904446,-481.1822586367545,481.1822586367545,-436.9431198268501,22581.633781517205,123499.22457202406,0.15458311264071092,1411,1248,408129.7496009428,-0.9999891371192383,1.0204043483312264,0.001086288076160109,20203.930731429242,137.6635502152757,0
univ3-conc-c50,150,10000,3.4011430397374016,-164.70259804748818,164.70259804748818,-161.30145500775077,420.3579945157103,97499.22206866556,0.004292890086379864,26,40,41226.43569105283,1.0204021473597331,1.0204037586477912,202.0402147359733,0.021350943808769784,74.1146224176046,0
univ3-conc-c50,151,10000,82.0466882037967,-986.5245984132537,986.5245984132537,-904.4779102094569,105398.31679977589,52694.07942308585,0.6666880844237228,4302,5116,1325669.25209921,1.0204014907012884,1.0204043741874873,202.04014907012885,0.02809524467190272,87.19231511011469,0
univ3-conc-c50,152,10000,22.209671457843196,-1693.1395278059,1693.1395278059,-1670.9298563480568,16633.10424752933,138805.2809665943,0.1070077009910805,1027,1080,743947.3549516152,1.0204010634319203,1.0204043675213628,202.04010634319204,0.03186025788022562,90.90929103459119,0
univ3-conc-c50,153,10000,7.410176630432349,-835.7683954649488,835.7683954649488,-828.3582188345164,85875.53937497521,907.3764136251631,0.9895442967618707,7169,7302,1547227.1677211672,-0.7110603876833538,0.9889553137460334,28.893961231664623,17213.165831840965,102.91618631381526,0
univ3-conc-c50,154,10000,2.5658186161072316,-2036.0895873676945,2036.0895873676945,-2033.5237687515873,5423.586429382218,79946.52753118631,0.0635302704631191,445,629,635281.6585662919,-0.617197359510776,1.0204043466866355,38.2802640489224,16249.098136068247,102.51644130375507,0
univ3-conc-c50,155,10000,139.35538599072905,-368.7751580358396,368.7751580358396,-229.41977204511053,12801.54547583407,154107.06519545102,0.07669793322434289,382,414,155977.32585825407,1.0203987125879974,1.0204043594930783,202.03987125879974,0.05437395415442481,80.22522366676966,0
univ3-conc-c50,156,10000,89.22646053001665,-12943.623085626976,12943.623085626976,-12854.396625096959,43342.619852497715,139170.15683222865,0.2374771818159778,1778,2330,2952098.9496985814,-0.9999889639309103,1.0204043710886341,0.0011036069089728812,20203.929009421667,118.8185059000919,0
univ3-conc-c50,157,10000,168.9364538737993,-981.8277638024775,981.8277638024775,-812.8913099286782,147911.51302368095,85928.98105835299,0.6325316477127862,6165,4843,1226052.9834846864,-0.99998906980865,0.9999891667428151,0.0010930191350014377,20203.93045912132,109.00829646753655,0
univ3-conc-c50,158,10000,23.11031021474794,-5785.1833590493325,5785.1833590493325,-5762.073048834584,21805.54827360352,158244.90116555287,0.12110799135201362,937,1169,1417426.1785294807,-0.9999890715391402,1.0204043280161097,0.0010928460859860503,20203.930022443517,174.38100864889887,0
univ3-conc-c50,159,10000,44.658514353061996,-6121.150116010502,6121.150116010502,-6076.49160165744,43472.487770688684,165459.7002052863,0.20806984405719028,2659,2111,1961490.8157418235,1.0203985120033596,1.0204043847687183,202.03985120033596,0.05649099643951061,89.59126963684643,0
univ3-conc-c50,160,10000,8.655041884521053,-591.0017456673105,591.0017456673105,-582.3467037827894,10955.496956284203,79844.1238997236,0.12065575663204245,638,1007,440695.64604162186,1.0204035440950792,1.020404305395093,202.04035440950793,0.00801077654588056,79.25054805216993,0
univ3-conc-c50,161,10000,51.21982518445044,-361.71484302032985,361.71484302032985,-310.4950178358794,60818.904087826566,31253.957569780116,0.660551904142994,4706,4313,726218.7964895455,1.0204039419249364,1.020404409506226,202.04039419249364,0.004532748415279286,91.58311333071114,0
univ3-conc-c50,162,10000,119.79435523856245,-910.0832749830979,910.0832749830979,-790.2889197445354,81686.90714801651,79382.6274937942,0.5071530586443508,2911,3708,1022049.3663527152,1.0204021094652662,1.0204043151370221,202.04021094652663,0.02202355887337859,94.62081937808479,0
univ3-conc-c50,163,10000,3.7716528722468046,-1160.687202991863,1160.687202991863,-1156.9155501196162,9996.708183966846,209640.09835368837,0.04551472197012198,516,456,400313.2472194722,1.0204036512814494,1.0204038136285984,202.04036512814494,0.006950830574453448,44.00890757798017,0
univ3-conc-c50,164,10000,11.128963009849247,-1038.7381915361327,1038.7381915361327,-1027.6092285262835,8970.843492941685,85125.42914442038,0.09533686342193859,439,841,518401.2939874691,1.020401731604814,1.0204043236470612,202.0401731604814,0.025402748548401632,86.19144714022153,0
univ3-conc-c50,165,10000,191.70035952189536,-2496.457215235562,2496.457215235562,-2304.756855713667,132655.1694984774,169447.5819350402,0.4391061281931762,4834,3885,1742231.75520869,0.8376682384723417,1.0204043109095209,183.76682384723418,1761.3185414141954,96.73209893265582,0
univ3-conc-c50,166,10000,37.01134168741847,-1679.681652343405,1679.681652343405,-1642.6703106559864,33404.36293915789,268237.01163553545,0.11074197956516141,1275,977,702723.1246344241,1.0204032244080565,1.02040420201069,202.04032244080565,0.011113048677800164,84.24358471801214,0
univ3-conc-c50,167,10000,26.068726469603114,-174.28813643679655,174.28813643679655,-148.21940996719343,4334.247822501152,63034.66502816179,0.06433602145412237,340,449,137115.26792108244,1.0204007523714762,1.020404370438677,202.04007523714762,0.03478325787042133,83.73482049058491,0
univ3-conc-c50,168,10000,50.27372206334395,-395.44331633403283,395.44331633403283,-345.1695942706889,78960.58426264988,30417.607400627818,0.7219042759980083,4031,4671,806478.3610568603,-0.3493746362985034,0.999989149848779,65.06253637014966,13518.326587957486,101.40934073146617,0
univ3-conc-c50,169,10000,45.3753785011399,-1436.2932270655492,1436.2932270655492,-1390.9178485644093,39595.66653023722,144236.36769074452,0.21539046063451522,2120,1844,914958.4840540107,-0.9999890364609522,1.020403865338677,0.0010963539047823075,20203.929754672445,121.41388861505814,0
univ3-conc-c50,170,10000,50.889381415262505,-9798.266729499046,9798.266729499046,-9747.377348083784,52744.23123261561,128172.42400093752,0.2915388368446553,1995,2545,2708779.511577813,1.020403253676959,1.0204043037811248,202.04032536769589,0.010944679418934011,88.99655015191802,0
univ3-conc-c50,171,10000,53.42893352589713,-3928.466848942334,3928.466848942334,-3875.0379154164366,62030.97305036729,140316.46815048138,0.3065567455770087,2626,2844,1883682.285093269,1.0204042763173247,1.0204042923733037,202.04042763173246,0.0011648596330804395,88.88289485925085,0
univ3-conc-c50,172,10000,11.172639464547192,-270.2875129220321,270.2875129220321,-259.11487345748486,94332.05346414154,1251.9634106434548,0.9869019585954049,6863,5492,790862.8634442352,-0.033007591498624006,0.9875890676356579,96.6992408501376,10330.294520497626,100.12704678278762,0
univ3-conc-c50,173,10000,45.54557596590054,-68.48900026538897,68.48900026538897,-22.943424299488427,181638.3939098876,38.02119909157966,0.9997907202260197,8383,1921,206802.4530667741,0.04367656012482101,0.43953633848212204,104.3676560124821,9563.616026651547,99.82540720581034,0
univ3-conc-c50,174,10000,35.272790401255506,-194.67348660223493,194.67348660223493,-159.40069620097944,215995.3393657651,482.5126141774137,0.9977710763028906,10173,4710,620438.2555826474,-0.387623276007386,0.9660981944435014,61.2376723992614,13906.51308019431,101.54059972097969,0
univ3-conc-c50,175,10000,65.83127368494996,-1125.2572555786176,1125.2572555786176,-1059.4259818936675,13429.082060863333,122176.4876232356,0.09903046085899835,547,766,464274.2162769869,1.0203957364605898,1.0204043539831735,202.03957364605898,0.08298276928132964,71.18943770981471,0
univ3-conc-c50,176,10000,71.32867083129514,-964.6781654929977,964.6781654929977,-893.3494946617025,26766.351921035177,179993.30117453838,0.12945635920883738,1355,1123,584382.1253199492,-0.9999891598992208,1.0204043224958559,0.001084010077915108,20203.93096175991,113.5668795006855,0
univ3-conc-c50,177,10000,38.03117251402321,-56.710140763570095,56.710140763570095,-18.678968249546884,193952.25729042923,66.14380679211293,0.9996590848784545,11000,1733,183824.53556591886,-0.2484835568514265,0.4314919110394178,75.15164431485735,12497.244424345603,100.99498380035627,0
univ3-conc-c50,178,10000,17.269317810273797,-3414.113992796922,3414.113992796922,-3396.8446749866484,30869.733729895783,30340.302938775385,0.5043247057176766,2069,4506,2246301.6673425115,0.00045256110627974524,1.0204043991754292,100.04525611062797,9995.474757561933,99.99833791850422,0
univ3-conc-c50,179,10000,4.407474332951002,-1644.8090813755553,1644.8090813755553,-1640.4016070426042,5517.738171645332,120287.7726914714,0.043859272410164386,430,384,443725.1638248207,1.0203998150770424,1.020404255338784,202.03998150770423,0.043785878160406355,63.44613090760936,0
univ3-conc-c50,180,10000,25.49397339798227,-1561.5348930568987,1561.5348930568987,-1536.0409196589164,15655.478958146829,231368.64254286457,0.06337631670550331,773,634,533786.4086291528,1.0204022935856356,1.0204043491966814,202.04022935856355,0.020013177641615698,32.75481328719678,0
univ3-conc-c50,181,10000,487.58017483404785,-716.9029174981399,716.9029174981399,-229.32274266409206,8084.070915242686,105048.92851782555,0.07145634744728381,159,229,109062.50784262642,1.0203952807683283,1.0204042591665567,202.03952807683282,0.08731401833358632,71.87378761762875,0
univ3-conc-c50,182,10000,29.905362643169678,-1619.7956644965593,1619.7956644965593,-1589.8903018533897,14622.742705958062,146282.7986396077,0.09087780684043568,489,717,577159.238729949,1.0203994809137273,1.0204041350862008,202.03994809137274,0.047014302667185814,93.43126881151193,0
univ3-conc-c50,183,10000,154.53721044259862,-7471.667015928654,7471.667015928654,-7317.129805486055,56463.36588003416,109340.81094389295,0.3405424818700101,3421,3007,2554397.551983592,1.0204037732590998,1.0204042648254483,202.04037732591,0.006043793419564736,94.42813841375441,0
univ3-conc-c50,184,10000,18.439159056151606,-5027.845219840491,5027.845219840491,-5009.406060784339,17390.075055661146,154725.3792974934,0.10103726664765021,1098,1058,1254942.6840084281,-0.999989090508159,1.0204036248297967,0.0010909491841028787,20203.930223489064,271.3474029751538,0
univ3-conc-c50,185,10000,34.036276609738245,-1831.0593061869788,1831.0593061869788,-1797.0230295772405,16134.374126127534,86188.02314422959,0.15768174472590935,670,1207,823279.882016012,-0.999989137879081,1.0204043629542514,0.0010862120919067867,20203.93069857654,109.93580381075877,0
univ3-conc-c50,186,10000,20.38898378874737,-1024.8715228900783,1024.8715228900783,-1004.4825391013309,129316.3648839725,4045.098151699486,0.9696681630538388,7294,7532,1722752.5745569041,-0.7931841849805582,1.020402990603338,20.68158150194418,18059.675445570938,103.26098876111455,0
univ3-conc-c50,187,10000,51.495436279681016,-1025.109652762579,1025.109652762579,-973.6142164828979,75457.33516881357,35580.561165594765,0.6795638035284978,3131,5195,1369199.411108973,-0.5338809589697228,1.0204043594961831,46.611904103027726,15396.42042610805,102.17040937157365,0
univ3-conc-c50,188,10000,42.888011615958504,-14304.614958601444,14304.614958601444,-14261.726946985485,33116.12281622088,89806.51679125661,0.26940621289917693,2648,2722,3319856.7662101295,0.0043499424487445995,1.0204043582397047,100.43499424487446,9956.50462482313,99.984134307965,0
univ3-conc-c50,189,10000,33.19396294076774,-2058.8379326716095,2058.8379326716095,-2025.6439697308417,15103.35801451054,165975.03980970915,0.08340783989690474,665,735,692727.0858993989,1.0204033610016112,1.020404049891612,202.0403361001611,0.009759525416502157,80.90954839688911,0
univ3-conc-c50,190,10000,127.40874229543846,-2722.004606522598,2722.004606522598,-2594.5958642271594,23632.92152929171,70660.34463490138,0.25063212348737235,1242,2092,1312392.6254778742,1.020403143230333,1.0204043710355635,202.0403143230333,0.011942782914102446,59.70296125969308,0
univ3-conc-c50,191,10000,41.88545000330893,-951.2648971458344,951.2648971458344,-909.3794471425255,6931.572590081832,222995.91191225513,0.03014677695050145,252,276,275085.8710282235,1.0204043445507986,1.0204043445507986,202.04043445507986,0.00027181240560797404,41.520139820593194,0
univ3-conc-c50,192,10000,179.1321546339833,-2811.8913017742234,2811.8913017742234,-2632.75914714024,47757.55681720045,84964.57267415847,0.35983115250053144,1779,2788,1531353.971271776,1.0203986651011263,1.0204042484687321,202.03986651011263,0.05500893978153698,89.90022131856176,0
univ3-conc-c50,193,10000,176.01975374694612,-378.3462720757508,378.3462720757508,-202.32651832880467,24061.59074183828,108738.78244894947,0.1811861681086557,1093,1181,292395.0722566543,-0.9999891902602472,0.9999891902602472,0.0010809739752765904,20203.931265807176,114.77862858144684,0
univ3-conc-c50,194,10000,8.447645419712579,-2507.0417067530634,2507.0417067530634,-2498.594061333351,18794.37478307134,90249.16471444318,0.17235660975127948,1452,1733,1178852.9554285319,1.0203980776015542,1.020404316091932,202.0398077601554,0.06058561811261498,81.8583582561802,0
univ3-conc-c50,195,10000,35.580426122174856,-2009.9855240290944,2009.9855240290944,-1974.4050979069195,55382.136982942175,163381.9335089958,0.2531591995815563,2696,2256,1213326.3713418043,1.0204036729661214,1.0204036729661214,202.04036729661215,0.006932250715109944,65.52057441264236,0
univ3-conc-c50,196,10000,65.94375075000016,-642.9282914602229,642.9282914602229,-576.9845407102227,110370.06020095845,69252.02102123895,0.614457083728073,3959,4544,1022909.9524382162,-0.9999890082113186,0.9999891377709147,0.001099178868124114,20203.92968528579,111.53046569883209,0
univ3-conc-c50,197,10000,180.4452571930449,-6395.2504148596045,6395.2504148596045,-6214.805157666559,88646.84873488879,205255.20832976414,0.3016203752374151,3133,2731,2258593.2301112856,-0.9999884937418341,1.0204043345437386,0.0011506258165990787,20203.92420029407,109.37046831301399,0
univ3-conc-c50,198,10000,25.99262867278143,-1688.9319150802253,1688.9319150802253,-1662.939286407444,13265.612946821013,160164.71363174598,0.0764895806202121,767,763,615125.3470652761,1.020399265477775,1.0204042415537067,202.0399265477775,0.049100576639174415,92.39607552260667,0
univ3-conc-c50,199,10000,46.020733304903835,-2638.267857476554,2638.267857476554,-2592.2471241716503,10586.442464949661,83798.1994912714,0.11216276552556112,709,821,798347.1000068428,1.0204039600620192,1.0204043500973403,202.04039600620192,0.004012461034012871,65.97886838948915,0
univ3-conc-c50,200,10000,0.909300507084563,-2163.505604748375,2163.505604748375,-2162.5963042412905,3959.1112560934935,82345.48726322743,0.04587369994203925,278,418,524974.0382827686,1.020400616344055,1.0204043012884056,202.0400616344055,0.03608559355891572,31.11320204960449,0
univ3-conc-c50,201,10000,15.837235817823583,-6304.392614944658,6304.392614944658,-6288.555379126834,12127.423375636008,74884.40633738795,0.1393767194142887,857,1408,1637212.460137719,-0.9999891868172441,1.020404240026541,0.0010813182755770555,20203.931227911704,172.37792516449392,0
univ3-conc-c50,202,10000,44.942812633907295,-6747.176282087279,6747.176282087279,-6702.233469453372,20038.332064598133,118432.8559593994,0.1447112020236688,1348,1383,1652052.9385399823,1.0204000212097015,1.0204043754412404,202.04000212097014,0.04189792495464306,72.30082144211484,0
univ3-conc-c50,203,10000,81.15296842434563,-324.30349958474767,324.30349958474767,-243.15053116040204,4778.150293642701,142717.9626642463,0.032395092981242775,154,204,117263.9792624023,1.0204042947490277,1.0204043439404509,202.04042947490277,0.0007414617125466177,57.902198364854954,0
univ3-conc-c50,204,10000,192.69692626044193,-6157.7875129210115,6157.7875129210115,-5965.09058666057,65646.86206840907,199162.48994771097,0.24790235529299914,2963,2369,2032189.0680767219,-0.9999890624139277,1.020404380930594,0.001093758607228202,20203.930096162752,131.48932780081054,0
univ3-conc-c50,205,10000,60.4715987465514,-3366.6463512140176,3366.6463512140176,-3306.174752467466,52723.13734412713,49731.911792303814,0.5145977459238741,3401,4328,2156919.917518248,-0.9999889005057304,1.020404290265874,0.0011099494269663087,20203.92853481102,107.1066617850174,0
univ3-conc-c50,206,10000,111.29367303992686,-334.5855141100019,334.5855141100019,-223.29184107007504,55517.676786117554,153460.25324760145,0.26566287060628685,2088,1868,400422.090468853,1.020401704978532,1.0204042562742615,202.0401704978532,0.025782928641025937,79.35603674676747,0
univ3-conc-c50,207,10000,71.64898088920694,-362.4348893970796,362.4348893970796,-290.78590850787265,27038.45668819191,110316.00877193482,0.19685167568171294,1396,1415,357701.87808031845,1.0204022491180134,1.0204043812759878,202.04022491180135,0.020504957635138016,90.7594439157596,0
univ3-conc-c50,208,10000,105.24239067450571,-173.98530586663833,173.98530586663833,-68.74291519213261,8895.671540509302,97390.8931358053,0.08369516474260134,326,396,91024.48966642532,1.0204027642973543,1.0204043444632933,202.04027642973543,0.015455916128345848,86.60562109209545,0
univ3-conc-c50,209,10000,32.166106688966416,-156.11959374408207,156.11959374408207,-123.95348705511566,191854.3761816176,524.7107625959993,0.997272516618461,9372,4217,526176.1277184121,0.5005381981326553,0.7819912433686185,150.05381981326553,5044.220772101229,98.00199013650169,0
univ3-conc-c50,210,10000,18.56120385107242,-278.7907074945973,278.7907074945973,-260.2295036435249,108444.17732092456,5712.485407966473,0.9499592466054042,6474,5387,786908.200581272,-0.560612017480004,0.9999891445529409,43.9387982519996,15669.678978881573,102.27583272581126,0
univ3-conc-c50,211,10000,55.055813298839944,-4868.416810605335,4868.416810605335,-4813.360997306495,18362.417455236984,71876.96218065267,0.20348563486726315,1079,1805,1607329.769536445,-0.9999890782357725,1.0204043711256388,0.0010921764227384658,20203.9301313633,129.21013403521889,0
univ3-conc-c50,212,10000,18.131850762659333,-721.6408648207761,721.6408648207761,-703.5090140581167,4501.213990898348,290456.7333793271,0.015260527919420704,166,149,180084.02652583056,-0.9999891865360457,0.9999891865360457,0.0010813463954166046,20203.931126025378,284.2480316052466,0
univ3-conc-c50,213,10000,39.87708628542791,-5211.428524569189,5211.428524569189,-5171.551438283761,20908.414842202095,161362.39261120628,0.1147107160730972,1327,1029,1231152.5033420792,1.0204016651750798,1.0204043509037146,202.04016651750797,0.026092459064837925,69.24468368883747,0
univ3-conc-c50,214,10000,83.78713264104532,-3565.6671105037276,3565.6671105037276,-3481.879977862682,166780.26104671697,67530.07117253086,0.7117921752193928,6562,6189,2694216.672098098,-0.9999891342944943,1.0204043827320342,0.0010865705505632979,20203.931224390504,109.72608520405835,0
univ3-conc-c50,215,10000,50.381069312627986,-3589.196382345308,3589.196382345308,-3538.81531303268,37125.039494947276,39918.06038033172,0.48187364676456473,2021,4214,2230093.4927051617,0.792209732355297,1.0204042157040256,179.2209732355297,2201.4423431832965,96.90540235547302,0
univ3-conc-c50,216,10000,28.063911299977686,-969.1439223464787,969.1439223464787,-941.080011046501,24775.802851217406,43283.531896333225,0.3640323982465764,1814,2896,974627.316261161,-0.9999891035938852,1.0204043629201813,0.0010896406114826185,20203.930484089044,114.76331468946934,0
univ3-conc-c50,217,10000,13.182185383375375,-2568.087660395644,2568.087660395644,-2554.9054750122687,14114.153576820841,190676.61741050283,0.06891987128509074,580,652,731864.7212299166,-0.9999891117396079,1.0204037612058117,0.0010888260392054427,20203.930394160194,328.77473811409266,0
univ3-conc-c50,218,10000,37.815864169509204,-1113.47615661937,1113.47615661937,-1075.6602924498607,91004.81834830611,90296.68688391184,0.5019529111561629,5245,4186,1286315.6896415653,-0.9999891459336168,1.0204036498240487,0.00108540663832411,20203.931169956766,112.78941581322782,0
univ3-conc-c50,219,10000,132.59643895632587,-1689.7056267658772,1689.7056267658772,-1557.1091878095513,41396.55443157269,82546.83808524505,0.3339956539107612,2853,2804,1201296.5974311414,-0.9999891481396044,1.020404372216772,0.001085186039566377,20203.930999585195,110.29641023208549,0
univ3-conc-c50,220,10000,63.70276377927614,-1277.1595297012086,1277.1595297012086,-1213.4567659219324,153441.86957138224,35154.18168617032,0.8136006483075158,7627,6555,1718235.6856422806,0.3168720620565827,1.0204043430784322,131.68720620565827,6851.23157460359,98.7563300744678,0
univ3-conc-c50,221,10000,9.417846321288575,-4666.002311209936,4666.002311209936,-4656.584464888648,11091.353695462121,47125.152405007866,0.1905190544468724,869,1639,1534960.434603039,-0.9999890140203358,1.020404329998638,0.0010985979664127413,20203.929444398567,111.41168931313693,0
univ3-conc-c50,222,10000,14.396218129125355,-2897.7997779848374,2897.7997779848374,-2883.403559855712,13956.309036516392,70430.05479749056,0.1653858325258485,1134,1530,1142722.478119794,-0.9999890354709096,1.0204040002505343,0.0010964529090355878,20203.92967396323,128.64247561923003,0
univ3-conc-c50,223,10000,120.73557177894912,-10218.747096685767,10218.747096685767,-10098.011524906819,59395.51634787876,75263.23172341462,0.44108175071130584,2440,3775,3428333.6171956505,-0.9999887595920148,1.0204043787889046,0.0011240407985084891,20203.9269884186,117.63821917798023,0
univ3-conc-c50,224,10000,77.95899929385793,-11297.36740603464,11297.36740603464,-11219.408406740782,72001.25683732089,177566.86713009854,0.288503418195829,2927,2705,3035997.594702052,1.0204017162642607,1.0204043696169691,202.04017162642606,0.025759682422708416,87.56235304753778,0
univ3-conc-c50,225,10000,6.325366791958234,-5688.726510471415,5688.726510471415,-5682.401143679457,12883.802057827275,58836.19522892414,0.17964030319626428,865,1687,1711280.7573286896,-0.9999887690668716,1.0204043037680008,0.001123093312846538,20203.92689377349,138.8464263594924,0
univ3-conc-c50,226,10000,2.434926338241384,-139.06563566870832,139.06563566870832,-136.63070933046694,1127.767292481947,111597.77526861818,0.010004540824194021,69,82,55546.504746611,-0.999989184288062,0.999989184288062,0.0010815711937932132,20203.931093195253,174.5364242223458,0
univ3-conc-c50,227,10000,14.254395560975013,-8725.41247960059,8725.41247960059,-8711.158084039616,15754.022280543875,65215.19827780622,0.19456803674170003,979,1854,2186338.534378124,1.0203984675423063,1.0204043647884424,202.03984675423064,0.05682729678186149,60.317391349748426,0
univ3-conc-c50,228,10000,115.57249744521093,-4819.33480023597,4819.33480023597,-4703.762302790759,22144.570515240554,174104.37569573455,0.1128391817779969,1024,981,1128080.8727152469,1.0204029276988056,1.0204043201688924,202.04029276988055,0.013951195792612614,73.84290400801531,0
univ3-conc-c50,229,10000,119.65630740402605,-5860.5140411627535,5860.5140411627535,-5740.857733758728,58281.22759819365,196905.81950629406,0.22838630823738512,2709,2085,1862400.0082175168,-0.9999890048843091,1.0204043877642897,0.0010995115690881718,20203.929469841045,117.3265333682859,0
univ3-conc-c50,230,10000,37.66114228007447,-4330.275213089707,4330.275213089707,-4292.614070809633,17351.42192656357,178448.6962300404,0.0886180360355331,829,926,1062132.1501281904,-0.998360556087188,1.0204043026592986,0.16394439128120086,20186.974063209884,105.4279823870154,0
univ3-conc-c50,231,10000,112.86339782601688,-1340.4527362936497,1340.4527362936497,-1227.5893384676328,97852.73273053764,37288.44641428844,0.7240778373383311,4138,5597,1556373.8999835365,-0.6642941241330359,1.0204043895815136,33.5705875866964,16732.37092630918,102.69018879406573,0
univ3-conc-c50,232,10000,41.95069923399831,-716.2781069176784,716.2781069176784,-674.3274076836801,106487.52490319278,7824.523277439349,0.9315511934046069,4015,6573,1327418.0331521176,1.0144153794997899,1.0204043872217603,201.441537949979,57.52593889663449,95.87193177792206,0
univ3-conc-c50,233,10000,62.35721609337726,-4508.693229137253,4508.693229137253,-4446.336013043876,59711.23547192802,120660.88694060291,0.33104470177138484,2686,3015,2046575.8467892334,1.0204022697372312,1.0204043504367777,202.04022697372312,0.020447789137499228,79.76077115787699,0
univ3-conc-c50,234,10000,12.527608720284574,-985.0948345505358,985.0948345505358,-972.5672258302512,40874.70019082953,68269.71319494907,0.3745010754362207,2594,3051,1029927.8679916705,-0.9999891204396402,0.9999891602098795,0.0010879560359885008,20203.930712195746,132.19781396251048,0
univ3-conc-c50,235,10000,15.94925752705948,-1512.4563991776274,1512.4563991776274,-1496.507141650568,9357.700017995126,213138.92715873022,0.042057716275233525,357,349,391669.33339776675,1.0203966051774735,1.0204043093294886,202.03966051774736,0.0746089666414207,70.6910179816114,0
univ3-conc-c50,236,10000,4.384979695636727,-2879.1785401424418,2879.1785401424418,-2874.7935604468053,7952.634776847238,78502.01279872008,0.0919862031696571,491,854,874236.9676105531,1.0203963848444162,1.0204038075081128,202.0396384844416,0.07675620404337541,67.21480809917236,0
univ3-conc-c50,237,10000,147.66566155714042,-1588.6426174792637,1588.6426174792637,-1440.9769559221231,38766.0540326387,99740.61596560912,0.27988582812025664,1570,2344,1062283.905092202,1.0204038187352154,1.0204042913847484,202.04038187352154,0.005482373423275927,92.4113136470382,0
univ3-conc-c50,238,10000,6.939593640454605,-3792.3318369801564,3792.3318369801564,-3785.392243339702,11096.671359187883,136087.48154476052,0.07539311223559177,896,843,985580.5214185482,1.020403956708026,1.0204043121052282,202.0403956708026,0.004054250551126515,42.80061201675412,0
univ3-conc-c50,239,10000,98.46505510562476,-5509.677828412406,5509.677828412406,-5411.212773306781,65770.60519889486,95608.50045030999,0.40755341240930293,3172,3644,2493581.1913241106,1.0203948549312256,1.0204043420675284,202.03948549312256,0.09171422384049777,74.2257792015887,0
univ3-conc-c50,240,10000,205.10006185450123,-907.5342469202976,907.5342469202976,-702.4341850657963,242737.52136968466,62200.12866273826,0.7960234537908824,9524,6003,1292102.5898379867,1.0203936619141998,1.0204044230308242,202.03936619142,0.10358458879693444,94.64523357043299,0
univ3-conc-c50,241,10000,11.384328804463173,-665.939245170596,665.939245170596,-654.5549163661328,11881.507872841328,84103.61426920648,0.12378489090484208,687,1227,530968.6788738,-0.999989063717938,0.9999891731630706,0.0010936282061861254,20203.929926561315,152.4143206434038,0
univ3-conc-c50,242,10000,17.158885898355802,-49.8144947678004,49.8144947678004,-32.65560886944459,135719.321409321,68.72910346655406,0.9994938501347724,7978,2087,213702.7069531321,0.2628448185649303,0.5049575781803344,126.28448185649303,7385.295029156721,98.9583810440994,0
univ3-conc-c50,243,10000,34.147538194415205,-269.3996185620234,269.3996185620234,-235.25208036760822,1205.1979430641652,144007.37212187832,0.008299542818677284,55,54,52621.666134208834,-0.9999891972770253,0.9999891972770253,0.001080272297477866,20203.931226512683,207.80799920429928,0
univ3-conc-c50,244,10000,28.426241642558313,-4778.701709430663,4778.701709430663,-4750.275467788105,13328.942815835626,88114.0704404683,0.13139340392185492,962,1209,1300139.628190031,-0.999989088200462,1.0204042697383064,0.0010911799538101028,20203.930200873667,165.48230014142715,0
univ3-conc-c50,245,10000,133.88517822717702,-9454.070282906108,9454.070282906108,-9320.18510467893,52850.98223803991,82787.51560682926,0.38964588282661466,2488,3424,3099304.8129892005,1.0204037261689385,1.0204043838818437,202.04037261689385,0.006469794647882721,65.46384509427882,0
univ3-conc-c50,246,10000,7.789513943342842,-5809.198822395331,5809.198822395331,-5801.409308451988,29668.17566003671,27927.33702966972,0.5151126237884684,2068,4543,2942743.959366826,-0.09249551001248008,1.0204042588252045,90.75044899875199,10926.66937316051,100.37268906431748,0
univ3-conc-c50,247,10000,152.23695564098077,-785.0245866617025,785.0245866617025,-632.7876310207217,100317.18533712206,53300.13027884144,0.6530330577310086,5912,4758,1043025.9876335099,-0.9999889791413739,0.999989165627072,0.0011020858626195444,20203.92949395742,116.00465957405977,0
univ3-conc-c50,248,10000,31.025340113671287,-3102.0567639798173,3102.0567639798173,-3071.0314238661463,17367.456951088854,186214.08455999623,0.085309585644056,647,796,839957.7787373733,-0.9999891469774633,1.020403953760831,0.0010853022536669275,20203.930770940064,182.14330186882077,0
univ3-conc-c50,249,10000,101.22989949730925,-11235.146798686823,11235.146798686823,-11133.916899189513,37545.403314128365,108145.01622019232,0.25770674169335955,1445,2344,2747800.374485548,1.0204038209062363,1.0204043782342345,202.04038209062364,0.00545886563748077,73.0803811305613,0
univ3-conc-c50,250,10000,45.29620428979693,-6595.5914196549975,6595.5914196549975,-6550.2952153652,32573.377639875373,148237.04719646147,0.18015209946749272,1187,1608,1768186.982690185,1.0204032050002498,1.020404312474935,202.040320500025,0.011325423720455419,90.4898072281145,0
univ3-conc-c50,251,10000,209.77768097894034,-8455.316359527214,8455.316359527214,-8245.538678548273,72018.44244990294,88667.20082439287,0.4481946301012408,2764,3774,3128358.2611781163,-0.999988517165242,1.0204043652807215,0.0011482834758031885,20203.924482546074,105.52670585095511,0
univ3-conc-c50,252,10000,13.219898142574696,-2610.0060314955163,2610.0060314955163,-2596.7861333529418,19431.041218384158,155079.55227336893,0.11134591218556836,1370,1087,921361.3255425915,-0.9999890648144171,1.0204043107393788,0.0010935185582881966,20203.929968743723,146.94629569126272,0
univ3-conc-c50,253,10000,18.108686270691784,-3841.3909432696955,3841.3909432696955,-3823.282256999004,26995.6894235623,83834.76326360051,0.24357646088266077,2216,2439,1683233.6753525434,1.0204035270063598,1.0204043759184998,202.040352700636,0.0083213110797562,89.36704191664047,0
univ3-conc-c50,254,10000,6.218598253600287,-485.3827396619941,485.3827396619941,-479.1641414083938,5372.710785818936,120843.33476800229,0.0425675734194025,209,293,207527.13390171356,1.020396714485171,1.020403211182425,202.0396714485171,0.07354888417252425,78.18074559021296,0
univ3-conc-c50,255,10000,96.29815214125385,-2394.6109372388596,2394.6109372388596,-2298.3127850976057,57685.08114143092,121180.4526376856,0.3225052916716029,3165,2728,1403936.723716153,-0.3824346489885708,1.0204043315531561,61.756535101142916,13853.818088885,101.52218870979752,0
univ3-conc-c50,256,10000,145.57906193661108,-5635.422969307327,5635.422969307327,-5489.843907370716,131020.80236316069,107130.41605780949,0.5501580182200058,5818,4885,2941917.72389412,-0.341742136870039,1.0204043218028906,65.8257863129961,13440.935876795065,101.36543166143167,0
univ3-conc-c50,257,10000,88.76278765870372,-588.7743945376851,588.7743945376851,-500.0116068789814,142401.92086583452,31232.85697405975,0.8201232646903316,9303,5825,1077234.3056436346,-0.9539195350432776,0.9999891289263547,4.608046495672236,19724.69381833991,103.93354410602677,0
univ3-conc-c50,258,10000,123.39441047859061,-6607.456608358743,6607.456608358743,-6484.062197880153,35824.33214009858,182236.63450845095,0.16428585404666632,1314,1626,1764133.6024704701,1.0203987759273867,1.0204043293229674,202.03987759273866,0.05386819673871912,78.2283451972868,0
univ3-conc-c50,259,10000,13.02881369601451,-528.9150062918119,528.9150062918119,-515.8861925957974,2723.2989754084565,123388.45656486941,0.021594330867424037,190,208,165399.48181356548,-0.9999888973738078,0.9999891993990743,0.0011102626192239576,20203.928118664462,108.29608654382311,0
univ3-conc-c50,260,10000,89.63733642138513,-4095.014876847248,4095.014876847248,-4005.377540425863,40084.24803425131,116429.7249977805,0.2561065140557626,2334,2221,1650155.692655681,-0.9999891112605783,1.0204043722970422,0.001088873942161358,20203.93056311816,109.49047363123745,0
univ3-conc-c50,261,10000,17.103238916607957,-2132.283422382781,2132.283422382781,-2115.180183466173,24443.984950672904,102872.35087424364,0.19199409716195331,976,1733,1105359.1138889804,1.020400794435716,1.020404335068115,202.0400794435716,0.034469873423909225,50.65810344203464,0
univ3-conc-c50,262,10000,140.6067341150261,-573.15440644286,573.15440644286,-432.54767232783394,43381.06564324271,118266.48577384655,0.2683682200128674,2523,1977,543710.6019194186,-0.9999887633843404,1.0204043239019558,0.0011236615659588464,20203.926935907777,106.52284600287264,0
univ3-conc-c50,263,10000,41.86147875700127,-3451.0045405672727,3451.0045405672727,-3409.1430618102713,20615.33079500428,90660.6058007261,0.18526315235521715,783,1538,1274324.933868894,-0.9999891770217734,1.0204043702769428,0.0010822978226681505,20203.931131280468,139.7420681636363,0
univ3-conc-c50,264,10000,8.770441202337107,-2841.028933109935,2841.028933109935,-2832.258491907598,6673.351978053717,115066.56426581592,0.054816465987093714,489,517,633131.1060702548,-0.9999891764007716,1.0204043693514635,0.0010823599228503128,20203.93105561555,277.5065921963876,0
univ3-conc-c50,265,10000,111.37958246902807,-1224.392241494051,1224.392241494051,-1113.012659025023,24534.54211297367,124153.39034796649,0.1650069491646124,1398,1309,660424.7308310491,1.0203993000754097,1.0204043383880075,202.03993000754096,0.04882354397480526,87.13095896679536,0
univ3-conc-c50,266,10000,47.66917996978466,-1039.5238376122882,1039.5238376122882,-991.8546576425035,104904.83310831153,16967.4160368729,0.8607770336899264,4349,6606,1574388.3017063136,-0.9999872865853888,1.0204043727052607,0.0012713414611240925,20203.911888456136,104.78263269803747,0
univ3-conc-c50,267,10000,59.518759259678,-98.63879067517576,98.63879067517576,-39.120031415497756,271823.0743190557,60.720643038150136,0.999776666928433,10609,2667,311944.1398632622,-0.4086499311572434,0.5002796837153183,59.13500688427566,14120.167956529425,101.65458535084109,0
univ3-conc-c50,268,10000,40.36324053848097,-3375.6131602860187,3375.6131602860187,-3335.2499197475377,10648.96696112505,123000.86251494908,0.07967811857950345,440,568,733163.5113378348,-0.9999891680000075,1.0204043272044645,0.0010831999992580025,20203.930970942685,119.34976369164225,0
univ3-conc-c50,269,10000,12.82068425513339,-1771.0577809556296,1771.0577809556296,-1758.2370967004963,8598.03363131453,72750.15837182867,0.10569421912883219,535,877,674366.1095253116,1.0204042704171463,1.0204043737617021,202.04042704171462,0.0010244439937625721,82.89332654495395,0
univ3-conc-c50,270,10000,39.312438853374566,-4322.757347405928,4322.757347405928,-4283.444908552554,40021.32344771763,145860.02251972377,0.21530575453616355,1785,1937,1616435.8394205947,1.0203960074422156,1.0204043014089388,202.03960074422156,0.08049803050020188,61.016651922615246,0
univ3-conc-c50,271,10000,77.56368317203516,-4210.371433435032,4210.371433435032,-4132.807750262997,46522.57762166949,253114.88309083972,0.1552628883953403,1612,1388,1288753.4360192535,1.020404120642607,1.0204043580850564,202.04041206426072,0.002541628962148934,72.2700787258984,0
univ3-conc-c50,272,10000,11.77100012397743,-7706.205189687967,7706.205189687967,-7694.434189563989,9441.016226302645,49170.6933675931,0.16107730505929319,676,1462,1811449.2902601326,1.0204023774526498,1.0204043607741977,202.040237745265,0.019242094459409387,30.13487132994103,0
univ3-conc-c50,273,10000,2.8563588899202013,-1322.5991498570465,1322.5991498570465,-1319.7427909671264,4052.0896836545144,151163.29774045397,0.026106236958212382,156,247,294729.96688595624,1.0204020626320034,1.020404236099732,202.04020626320033,0.022180176553178013,18.907137590054095,0
univ3-conc-c50,274,10000,149.2487812148023,-480.0502146698606,480.0502146698606,-330.8014334550583,66404.78094154729,39581.01847665528,0.6265441342714689,3793,4073,728133.6201214172,1.0204018065041265,1.0204043981148314,202.04018065041265,0.024989756849436162,86.94610444573428,0
univ3-conc-c50,275,10000,19.208791610617926,-6036.957837427319,6036.957837427319,-6017.749045816701,35597.59213277835,93799.2324764238,0.2751040625632694,2586,2545,2157912.128569008,1.0204042445332246,1.020404395908659,202.04042445332246,0.0014551088191945283,66.29636097997468,0
univ3-conc-c50,276,10000,58.0258752143137,-7783.953709009046,7783.953709009046,-7725.927833794733,55764.0132788168,195595.13152622723,0.22184994829636204,2403,2142,2231332.9085921915,-0.9999890378600711,1.0204043492063286,0.001096213992888517,20203.929796450528,138.11822407017874,0
univ3-conc-c50,277,10000,17.290492565238715,-389.087054167249,389.087054167249,-371.7965616020103,7585.261200566019,181185.01195940276,0.04018249840714101,437,344,187835.37912001793,-0.9999890579107503,0.9999891945839495,0.0010942089249642122,20203.929810244386,142.15299267750655,0
univ3-conc-c50,278,10000,85.40472044814314,-6841.298742300495,6841.298742300495,-6755.894021852352,78522.26703120364,165649.85108364018,0.3215857225527753,3768,3066,2509297.6585302064,-0.9999891186976241,1.020404234261198,0.0010881302375951795,20203.930760929812,149.28264857405574,0
univ3-conc-c50,279,10000,16.517023491069818,-1358.718469212264,1358.718469212264,-1342.2014457211942,15832.268530564419,247108.7618777503,0.06021224038705133,735,596,482584.94252863596,1.0204011484380868,1.0204043181519131,202.04011484380868,0.031004350219831167,61.750290027930994,0
univ3-conc-c50,280,10000,3.7258136642881396,-905.7844609138965,905.7844609138965,-902.0586472496084,3467.7579759265136,119169.36405512979,0.02827657660661955,240,320,289824.1363610636,-0.99998912476084,1.0204042639814823,0.0010875239159969959,20203.93049524608,169.94488864631452,0
univ3-conc-c50,281,10000,55.95321435912964,-631.5015604429129,631.5015604429129,-575.5483460837833,20773.002757376835,102470.51770358105,0.1685524941163741,1131,1416,509809.85332111106,-0.9999890784346198,0.9999891773282573,0.0010921565380269834,20203.930111962476,116.82539784415584,0
univ3-conc-c50,282,10000,21.417628472125223,-1868.2406448113027,1868.2406448113027,-1846.8230163391775,20384.290814098247,99387.40271406001,0.17019289127197582,1358,1621,976552.7997445472,1.020401983714667,1.0204043317774918,202.0401983714667,0.023065706672042552,71.85428895294675,0
univ3-conc-c50,283,10000,2.890333696642194,-1026.673113925088,1026.673113925088,-1023.7827802284459,7237.625401054406,88690.54983974011,0.07544837982049435,393,696,483444.704976249,1.0204037754901263,1.0204037754901263,202.04037754901262,0.0057643424429278944,59.544311072851286,0
univ3-conc-c50,284,10000,285.7713702697566,-882.6831318152691,882.6831318152691,-596.9117615455125,215239.45841384653,89418.46962183109,0.7064955105604225,7585,5087,1084799.272847293,-0.9900173628117007,1.0204043888278238,0.9982637188299333,20100.12379720733,104.0632719251634,0
univ3-conc-c50,285,10000,44.456530792302374,-1000.5211058971556,1000.5211058971556,-956.0645751048532,50601.06008312694,101704.94546739818,0.3322328617326966,3782,2770,946764.8248012781,-0.1936383647748184,0.9999891927908021,80.63616352251816,11943.910920928403,100.77628519878832,0
univ3-conc-c50,286,10000,10.588533881901538,-664.2924493135289,664.2924493135289,-653.7039154316274,4559.9337370860485,133548.7241053453,0.03301700131130442,306,291,242352.73598571794,1.020402148777182,1.0204024648392607,202.0402148777182,0.02136265113422553,77.88995752428121,0
univ3-conc-c50,287,10000,74.47110447538446,-5301.124446457998,5301.124446457998,-5226.653341982613,83535.41859829365,95558.535819512,0.46643349224069897,4654,4232,2679962.2368385,-0.9999890632858864,1.0204043638633145,0.0010936714113516646,20203.930286413717,115.90317231086996,0
univ3-conc-c50,288,10000,74.12042203125839,-8405.250404084147,8405.250404084147,-8331.129982052887,40412.47040047462,223074.8218236877,0.1533754059231579,1485,1501,1903348.5168645293,1.0158591601986664,1.0204043291032006,201.58591601986663,43.656554654347765,95.42736206669963,0
univ3-conc-c50,289,10000,6.199287135318845,-59.82151490201431,59.82151490201431,-53.62222776669546,540.5919942326213,95813.05087348359,0.005610498764170229,33,28,17411.69493996531,1.0204040550695237,1.0204040550695237,202.04040550695237,0.0030289295004247707,57.840803254481386,0
univ3-conc-c50,290,10000,90.71721435085429,-7394.586243268767,7394.586243268767,-7303.869028917913,33235.48486845409,160844.7364919146,0.17124611995749092,1491,1575,1868433.0276890933,1.0204018683329645,1.0204041956010377,202.04018683329645,0.024173146710137983,86.58954499298352,0
univ3-conc-c50,291,10000,31.02950526537489,-144.82464681571952,144.82464681571952,-113.79514155034462,1732.7278766830339,229365.592604506,0.007497795194163147,72,43,40107.83283430434,-0.999989165548414,0.999989165548414,0.0010834451586009342,20203.93089640234,153.01921293116803,0
univ3-conc-c50,292,10000,37.9747783458433,-4443.092576722135,4443.092576722135,-4405.117798376292,25199.802254252914,252573.98400064162,0.09072059172325474,1045,861,1035869.4150999094,-0.9999890389036651,1.020404190838517,0.0010961096335007062,20203.92967271766,493.09013499152775,0
univ3-conc-c50,293,10000,34.26642191966304,-427.9827479037905,427.9827479037905,-393.7163259841274,52060.888450136525,19352.360622979366,0.729008820153728,3261,4728,864699.7898077546,-0.9644488544028015,0.9999891748691664,3.555114559719858,19834.144988163513,103.97254062375309,0
univ3-conc-c50,294,10000,28.581566375294347,-7318.238816994308,7318.238816994308,-7289.657250619013,36532.73846170689,148878.0223617041,0.1970367755326856,2314,1980,2082100.946626452,1.0204015482106619,1.0204042639871125,202.04015482106618,0.027310968992161122,61.9183229772161,0
univ3-conc-c50,295,10000,96.98799683915345,-2974.888257059658,2974.888257059658,-2877.9002602205046,30369.80215497936,82104.57790417557,0.2700152882728193,1381,2403,1486799.4037081026,-0.9999840588120411,1.0204042677847314,0.001594118795888111,20203.8779161979,105.5472614564718,0
univ3-conc-c50,296,10000,22.130462997684067,-38.0428637211232,38.0428637211232,-15.91240072343913,159912.15682888913,86.05671286211175,0.999462139539204,10038,1439,147066.89029975148,-0.2003728260350762,0.30812826949932215,79.96271739649238,12011.789521431574,100.7854773452055,0
univ3-conc-c50,297,10000,8.745548745036789,-5489.347758817111,5489.347758817111,-5480.602210072074,14059.549953177744,83580.98823421831,0.14399295839801735,1054,1361,1505926.1094809044,1.020402883370866,1.020404199910004,202.0402883370866,0.014395036595610478,65.1742623323321,0
univ3-conc-c50,298,10000,111.42528375445936,-833.5699237628016,833.5699237628016,-722.1446400083423,22560.621252572855,126372.4805821915,0.15148157779996424,1031,1303,564392.5017224316,-0.999989157391935,0.9999891768058502,0.001084260806507769,20203.930925423854,126.87282753788942,0
univ3-conc-c50,299,10000,17.212979247575266,-1140.9011655250642,1140.9011655250642,-1123.688186277489,28266.125395348427,223131.20258070744,0.11243606136514153,1303,1030,626626.9229365848,1.0204043368525,1.0204043368525,202.04043368525,0.0004321257225782943,75.61270530574372,0
univ3-conc-c50,300,10000,20.137477111585145,-552.6745564773249,552.6745564773249,-532.5370793657398,175932.18379358767,1140.6923893755527,0.9935580625674317,10810,6729,1221419.4250753236,-0.6844244553171248,0.8177425904493326,31.55755446828752,16939.215492669817,102.79312941173237,0
univ3-conc-c50,301,10000,12.72785394277439,-2572.3521286640057,2572.3521286640057,-2559.6242747212314,13319.310055284752,144170.6915712516,0.08457241677391987,642,875,859511.4064688168,1.0204017156802994,1.020404148753284,202.04017156802993,0.025567268744069338,63.168482125548095,0
univ3-conc-c50,302,10000,55.06582729702963,-992.9930298400818,992.9930298400818,-937.9272025430522,159131.99381021436,26784.413561809208,0.8559330295781109,6580,6522,1542967.4520215888,-0.48784372442995044,1.0204042591035134,51.21562755700496,14926.496344329074,101.9797741604915,0
univ3-conc-c50,303,10000,234.49970748224567,-2342.7685038474906,2342.7685038474906,-2108.2687963652447,78082.75230633563,138998.41636679025,0.35969380846622506,3295,2931,1434792.487698961,0.0017810322508347554,1.0204042183292195,100.17810322508348,9982.190622698952,99.98327419905475,0
univ3-conc-c50,304,10000,39.2676594380929,-4656.354209394648,4656.354209394648,-4617.086549956555,14012.702171318471,97601.94878074432,0.12554536570057245,1160,1213,1281125.9699406952,1.0203982574527977,1.020404378734339,202.03982574527976,0.05882310265808144,80.1618422792759,0
univ3-conc-c50,305,10000,1.2148315124601554,-280.5547049112134,280.5547049112134,-279.33987339875324,3808.5332381429,65644.26515301253,0.054836281998219716,211,421,201698.08943502014,-0.9999891467767674,0.9999891467767674,0.0010853223232680353,20203.93072763199,120.98806606627531,0
univ3-conc-c50,306,10000,76.11146719391199,-443.10251034773705,443.10251034773705,-366.99104315382505,78852.09691367144,139389.91743760067,0.36130576024997096,3160,2748,630565.7835784911,1.0204021932867937,1.0204043783219128,202.04021932867937,0.021185158361698875,88.33883802758481,0
univ3-conc-c50,307,10000,145.6275423578192,-3583.7688865091563,3583.7688865091563,-3438.1413441513373,12317.83674716939,107189.54355733353,0.10307176607656979,411,736,824527.2838576795,1.0204041162139827,1.0204043699450653,202.04041162139828,0.0024955077782641832,35.262454488288526,0
univ3-conc-c50,308,10000,47.460126513973,-5995.273150127905,5995.273150127905,-5947.813023613932,41877.073125348725,106766.56393253418,0.2817279902068158,2105,2544,2182529.567735979,1.0204024723117706,1.0204041990601092,202.04024723117706,0.01845337180040474,71.39019780118406,0
univ3-conc-c50,309,10000,36.17092119350189,-6500.445451995781,6500.445451995781,-6464.274530802279,34838.47039598893,49466.15281341155,0.4132450756520815,2195,3769,2796226.1080618636,1.0204019250562248,1.0204043807812213,202.04019250562249,0.023768910492877382,74.06469152766799,0
univ3-conc-c50,310,10000,41.08556929487984,-3143.716393081662,3143.716393081662,-3102.630823786782,72241.36439240321,135476.02656174242,0.34778678887003134,3896,3298,1823802.6198254093,1.0204029348431076,1.0204039604469595,202.04029348431075,0.014132232619683549,83.06030370845933,0
univ3-conc-c50,311,10000,25.281975070293505,-349.85036773668844,349.85036773668844,-324.5683926663949,10265.404148247742,224276.0011575864,0.04376798260785553,462,362,187410.91818322276,-0.9999891907316844,0.9999891907316844,0.0010809268315620363,20203.93119584577,120.39333735672653,0
univ3-conc-c50,312,10000,32.56967449488789,-457.2895556295456,457.2895556295456,-424.7198811346577,25229.336768804453,123250.94065555278,0.1699170907170311,1732,1398,443601.2477076666,-0.9999891570349085,1.0204037565737594,0.0010842965091456829,20203.930962856644,128.03620268275165,0
univ3-conc-c50,313,10000,81.68748227204581,-1426.600226277688,1426.600226277688,-1344.9127440056423,171687.94271293655,22833.862075025783,0.8826154111621792,6752,7008,1878283.732873346,-0.9999890917857138,1.0204043196583548,0.001090821428624181,20203.93082803153,109.12406973599073,0
univ3-conc-c50,314,10000,45.038845030220216,-3303.0171920361245,3303.0171920361245,-3257.978347005904,11477.050621581138,137636.65593936507,0.07696844834911405,647,738,824990.4558035472,1.0204040586997924,1.020404283235323,202.04040586997925,0.0030568403235657904,45.73847996385439,0
univ3-conc-c50,315,10000,131.1134195199125,-3185.6790590868623,3185.6790590868623,-3054.56563956695,22706.588166742757,228111.225528494,0.09053020530006309,1010,818,855423.0326468283,-0.9999891756794824,1.0204042216561104,0.0010824320517542928,20203.931093036943,216.21833919433251,0
univ3-conc-c50,316,10000,7.4573090973282445,-2031.1239949854762,2031.1239949854762,-2023.6666858881479,6088.965669032087,132405.47862173844,0.04396541464326352,244,420,507032.16863657115,1.0204042119093182,1.0204042119093182,202.04042119093182,0.001552748594865691,30.169280603748007,0
univ3-conc-c50,317,10000,26.659983363653264,-4177.44172204433,4177.44172204433,-4150.781738680677,54465.08709542715,91791.62576332837,0.3723937591023649,4092,3516,2162562.6076335805,1.0204036698507652,1.0204043634307467,202.04036698507653,0.007085219433485612,94.60567878562699,0
univ3-conc-c50,318,10000,205.78151856986983,-3404.077377153903,3404.077377153903,-3198.2958585840333,34374.03137861595,162182.0273762171,0.17488156608538397,1645,1543,1229698.2170279499,1.0204043582004025,1.0204043730440435,202.04043582004024,0.00027183312861112086,73.23341597513519,0
univ3-conc-c50,319,10000,67.92446754084122,-3589.6405314372046,3589.6405314372046,-3521.7160638963633,48127.543446445205,95726.67024633843,0.33455775963036316,2678,2909,1757070.7375060234,1.0204039288494817,1.020404383490661,202.04039288494818,0.0045061321861883386,80.54127455886922,0
univ3-conc-c50,320,10000,26.446685128723768,-529.094423096484,529.094423096484,-502.64773796776024,24031.26180887222,74017.4240486043,0.24509519529720203,982,1895,596228.471116176,-0.999989146382936,0.9999891858230854,0.0010853617063951242,20203.930835764346,119.30523616592417,0
univ3-conc-c50,321,10000,25.20434650497966,-1439.1819619259593,1439.1819619259593,-1413.9776154209796,18201.854385204035,142402.83881257218,0.11333326581427736,1171,1005,632477.9229718545,1.0204041108142974,1.0204043686678435,202.04041108142974,0.0025955300186224495,79.383797537046,0
univ3-conc-c50,322,10000,10.87714951615274,-1073.0313594215206,1073.0313594215206,-1062.154209905368,12381.07929627641,64138.87048800994,0.16180197884576905,740,1296,674913.2688528182,1.0204024607155453,1.020404370230147,202.04024607155452,0.018436086216901515,89.50265190011257,0
univ3-conc-c50,323,10000,128.4207061132744,-5555.247865705105,5555.247865705105,-5426.82715959183,33753.747177595316,125562.68105256278,0.21186608030675042,1663,1954,1797294.9752613532,1.0204041261285248,1.020404288317371,202.0404126128525,0.0025169534360049983,64.41284481911472,0
univ3-conc-c50,324,10000,18.65059285849688,-2273.906477935548,2273.906477935548,-2255.255885077051,57040.81148781692,15520.987023654683,0.7860997474972882,3721,6772,2346130.155751881,-0.999989146023506,1.0204043819679873,0.0010853976493990925,20203.931226360415,110.53762081098655,0
univ3-conc-c50,325,10000,120.01209917416737,-4625.862696503149,4625.862696503149,-4505.850597328981,42583.78431089436,109817.55811424993,0.2794186956181863,1985,2481,1873263.6848793665,1.0204043907670646,1.0204043907670646,202.04043907670646,0.000020237145680113144,88.53201256206908,0
univ3-conc-c50,326,10000,2.6054336088975214,-277.4815830580007,277.4815830580007,-274.8761494491032,1465.362932536888,73726.5034191624,0.019488317069865785,115,208,132712.88589844338,-0.9999890460662643,0.9999890710083795,0.0010953933735727967,20203.92966332085,107.76756774471322,0
univ3-conc-c50,327,10000,66.6116107699846,-601.5815967292534,601.5815967292534,-534.9699859592688,122085.48611731724,23266.446411163222,0.8399302575037704,4581,5860,1137081.6070079557,1.0204042070225423,1.0204043038537416,202.04042070225424,0.00205203623208694,90.85897714735844,0
univ3-conc-c50,328,10000,13.853226079865307,-2084.960296417584,2084.960296417584,-2071.1070703377186,6288.278781195426,114691.1975320393,0.051978062501395625,266,488,561448.1879781048,1.0203986566309962,1.0204042460794989,202.03986566309962,0.054910132033172465,40.753389784457795,0
univ3-conc-c50,329,10000,98.45363341044656,-1937.479897818183,1937.479897818183,-1839.0262644077363,50204.64575847201,161974.25389650214,0.23661469561822687,2495,2119,1082987.5335184236,1.0204033168208622,1.0204043102214067,202.04033168208622,0.010334574684179643,93.56275568572572,0
univ3-conc-c50,330,10000,1.3405970129093274,-440.76254303059136,440.76254303059136,-439.42194601768205,2035.3084209213198,134755.60395466702,0.014878973943334413,80,130,130624.57910635756,1.020394720071784,1.0204036712144324,202.0394720071784,0.0926906994792489,45.87125524823195,0
univ3-conc-c50,331,10000,79.61543246691137,-2247.242675780553,2247.242675780553,-2167.6272433136414,28717.536021113996,217402.247782438,0.11668113622282299,1357,1050,823595.1766104202,-0.9999890310157389,0.9999891971872035,0.001096898426118847,20203.92961485009,111.84763406821621,0
univ3-conc-c50,332,10000,23.175656056201113,-1835.3044877462648,1835.3044877462648,-1812.1288316900636,131404.86371986513,8431.256894026734,0.9397061584874291,8882,7857,2284341.319888018,0.9833471503068708,1.0204043902260187,198.33471503068708,356.1596260391901,96.18037729242826,0
univ3-conc-c50,333,10000,341.3030453561658,-5324.1871176743225,5324.1871176743225,-4982.8840723181565,39121.92289521615,141185.32044007911,0.21697366213106542,1856,1849,1633107.615396012,-0.9972323416605862,1.0204038097033492,0.276765833941379,20175.227969520707,106.66347682725883,0
univ3-conc-c50,334,10000,2.914672828977924,-405.21074581087703,405.21074581087703,-402.2960729818991,1150.3396835855801,92268.57634367171,0.012313776829201699,68,88,97835.50300515759,1.020398619225204,1.0204039735531145,202.0398619225204,0.055239541751731736,43.53506572387395,0
univ3-conc-c50,335,10000,7.063762442079646,-1054.7603245839402,1054.7603245839402,-1047.6965621418606,5823.7919127740115,166698.946509075,0.033756662837879356,235,375,338067.3308330244,1.0204032375911893,1.020404253427272,202.04032375911893,0.010906963592957286,71.3855580917928,0
univ3-conc-c50,336,10000,102.39252204099887,-2822.65354368791,2822.65354368791,-2720.261021646911,67426.49155070008,101043.32060041878,0.4002289234478278,4691,3628,1776403.3464559538,1.0204039081392051,1.0204043768529751,202.0403908139205,0.004839055705360029,74.95867785187997,0
univ3-conc-c50,337,10000,98.76853391410995,-1052.563302063149,1052.563302063149,-953.794768149039,48296.503890431915,105489.78687759706,0.3140494750815097,2472,2551,908593.817884245,1.0204029941712838,1.0204043438891715,202.04029941712838,0.013455234920999537,91.34596491098851,0
univ3-conc-c50,338,10000,141.96792003716445,-780.3066243870378,780.3066243870378,-638.3387043498733,18999.406043392315,162160.10325781614,0.10487666982914254,630,762,377896.282738806,1.020397620112635,1.020404350265371,202.0397620112635,0.06489338443299175,87.77483026771564,0
univ3-conc-c50,339,10000,30.69516214185866,-727.484281677834,727.484281677834,-696.7891195359754,78628.41699605739,42603.84694973774,0.6485766613350833,4948,4863,1130732.416726833,1.0204014769978735,1.0204044172911475,202.04014769978735,0.028248126128215034,90.66365827772091,0
univ3-conc-c50,340,10000,548.8651802911826,-1411.089528448518,1411.089528448518,-862.2243481573354,52445.013265883426,152262.78925834718,0.25619450074295863,2312,1957,701498.4454170092,-0.9999889756847167,0.999989185428098,0.0011024315283420538,20203.92913449183,113.06145681175519,0
univ3-conc-c50,341,10000,2.2616243793951796,-207.84350866290933,207.84350866290933,-205.58188428351414,1453.3535445752539,65409.81511475989,0.02173623496636878,80,140,95538.91852070305,1.0204031593609235,1.0204042759471892,202.04031593609236,0.01163966376198361,75.43729239482286,0
univ3-conc-c50,342,10000,79.38597310999899,-3000.8702841069503,3000.8702841069503,-2921.4843109969515,105541.75633732972,65121.910198538855,0.6184195996700205,4490,5325,2314991.1182533926,1.020404190395427,1.020404190395427,202.0404190395427,0.0021956064025090427,83.65751360198476,0
univ3-conc-c50,343,10000,19.44895156566253,-5186.7933817703515,5186.7933817703515,-5167.344430204689,16981.185510320556,162403.06965126868,0.09466374568394485,925,1000,1206574.4481824576,1.020403096697904,1.0204041587503423,202.04030966979042,0.012325053294764743,63.41902642153338,0
univ3-conc-c50,344,10000,4.222705476619822,-179.78261929015582,179.78261929015582,-175.559913813536,6632.825528823607,281855.8812156252,0.02299162973717077,249,209,110242.81554898067,1.0204031330946721,1.0204040697392358,202.04031330946722,0.01190204265818906,59.25613573620295,0
univ3-conc-c50,345,10000,41.00394940832975,-2246.69573475317,2246.69573475317,-2205.6917853448404,11939.77409436032,106322.92560641922,0.10095976266878354,641,945,808710.6094937435,-0.9999891896553575,1.0204041193955071,0.0010810344642531804,20203.931225520086,139.56768586631839,0
univ3-conc-c50,346,10000,26.74216341019232,-934.72789681586,934.72789681586,-907.9857334056677,14303.242764323055,238232.63943260472,0.05663845723582905,703,539,369952.93703950744,1.0203968657331686,1.0204043312296747,202.03968657331686,0.07213170938666735,90.28591474858376,0
univ3-conc-c50,347,10000,141.5717488386086,-978.0865044383952,978.0865044383952,-836.5147555997866,39670.90941410391,91684.19812714148,0.3020126903070539,2088,2344,824140.0617992847,-0.9999889633167892,0.9999891759782443,0.001103668321072742,20203.92901544494,122.91590736336742,0
univ3-conc-c50,348,10000,98.48305132098945,-823.6216205747263,823.6216205747263,-725.1385692537368,48669.98744311733,99827.52590554461,0.3277495113931204,2557,2547,797424.0141659938,0.664892989625296,1.0204043670494938,166.4892989625296,3438.3108785686964,97.38786993123438,0
univ3-conc-c50,349,10000,13.003614583325732,-3058.8064787048734,3058.8064787048734,-3045.802864121548,12942.529809884916,80500.96649201559,0.13850648062300386,686,1384,1144727.76361016,-0.9999889184752232,1.020404234135235,0.0011081524776886398,20203.92842758712,169.6359167203853,0
univ3-conc-c50,350,10000,39.88076544428834,-117.80227954699129,117.80227954699129,-77.92151410270294,1950.3116091276095,242235.25588081102,0.00798700606745716,67,58,30573.925027534875,1.0204040932898673,1.020404353105686,202.04040932898673,0.0026649274163716152,37.16394604801527,0
univ3-conc-c50,351,10000,19.682070020398733,-2412.9805006480256,2412.9805006480256,-2393.2984306276267,41116.77894396298,99370.08210068049,0.292673483044774,1945,2509,1419119.2166319755,-0.999989119699573,1.0204042933544872,0.0010880300426879261,20203.930646962253,141.52990195223055,0
univ3-conc-c50,352,10000,123.18143608685824,-3808.9506997699395,3808.9506997699395,-3685.769263683081,30414.616019351415,264353.7260374593,0.10318141971124432,1208,954,1013533.7509474651,1.0204014398924002,1.0204043240967717,202.04014398924002,0.028248610129530505,75.13661845490097,0
univ3-conc-c50,353,10000,30.259198821103567,-329.1931388078954,329.1931388078954,-298.93393998679187,8504.09883535901,210675.1753555174,0.038799739924100005,325,331,173337.4644368069,-0.9999888872678264,0.9999890886675656,0.0011112732173648603,20203.92802769276,144.46897762998216,0
univ3-conc-c50,354,10000,162.2754710454042,-2925.9933233815145,2925.9933233815145,-2763.7178523361104,214183.17782393144,62160.83334591668,0.7750599584815643,9140,6550,2520108.6098575382,1.020398866015929,1.0204044115256723,202.0398866015929,0.05360841543036088,91.15506987045693,0
univ3-conc-c50,355,10000,175.48988229859836,-4250.484533441204,4250.484533441204,-4074.9946511426056,21933.221957418107,212845.00631602068,0.09342102169658242,745,831,982201.703978176,-0.9999890814662784,1.020404339131947,0.0010918533721531321,20203.93009667304,154.18981019057375,0
univ3-conc-c50,356,10000,27.951520860526347,-47.751616984395,47.751616984395,-19.800096123868652,128600.79698841154,165.7045310579827,0.9987131394492927,4868,1622,171927.3156235908,0.5533163411927191,0.5815125334333103,155.3316341192719,4527.3875877786,97.80831608080179,0
univ3-conc-c50,357,10000,33.333225347699624,-358.3357163045147,358.3357163045147,-325.00249095681505,106442.89068664031,4109.197691998683,0.962830211963751,4275,5730,896284.6422759537,0.2913469298409421,1.0204041936971924,129.13469298409422,7103.406369978551,98.8813785647594,0
univ3-conc-c50,358,10000,51.109615628271804,-4505.165385280848,4505.165385280848,-4454.055769652576,21281.141650729398,109966.56255875298,0.16214486782003368,1129,1483,1416163.731190725,-0.9999890768346773,1.020404324516092,0.0010923165322696356,20203.930102381782,144.43542147189282,0
univ3-conc-c50,359,10000,129.56576877985532,-587.368502727559,587.368502727559,-457.80273394770364,94070.83417055565,103767.0424319706,0.4754945604251114,3387,3282,757782.6734278664,-0.9999869596092403,1.0204043724372147,0.001304039075963992,20203.90826133376,106.20999279808248,0
univ3-conc-c50,360,10000,27.91270696348463,-299.6927377796627,299.6927377796627,-271.78003081617805,122313.82786677434,4263.970808808771,0.9663134384274035,4924,5474,810759.3749028343,0.8221721548696934,1.020404319542415,182.21721548696934,1911.2614314514642,96.80170645181772,0
univ3-conc-c50,361,10000,4.407805669357227,-536.5224912422224,536.5224912422224,-532.1146855728651,2744.2986320078126,173117.4098468412,0.01560486734574099,124,126,146548.8745451953,1.0204031953737098,1.0204032839293986,202.04031953737098,0.011293789079207611,35.89070504569022,0
univ3-conc-c50,362,10000,116.09661658777979,-589.7968750697302,589.7968750697302,-473.70025848195036,205377.42930968135,33148.64118824979,0.861027177787942,10117,5923,1071477.6062932166,0.6672606299229119,1.0204043976026398,166.7260629922912,3415.2533174215,97.38404598995342,0
univ3-conc-c50,363,10000,105.08438626413377,-1526.8221900387912,1526.8221900387912,-1421.7378037746573,130377.29883191072,37013.31179186971,0.7788805975798777,5259,6373,1832550.4631207997,-0.9982559142493279,1.0204043143987431,0.17440857506721125,20185.88508711302,105.30057743395567,0
univ3-conc-c50,364,10000,13.275940326619137,-3401.5913240158534,3401.5913240158534,-3388.3153836892343,17645.33391616404,99149.47200907505,0.1510797828411899,728,1495,1280667.0348419934,1.0203998135671204,1.0204040549240176,202.03998135671205,0.04387065144891267,78.58188494603716,0
univ3-conc-c50,365,10000,125.30211929559847,-3262.077806414352,3262.077806414352,-3136.7756871187535,108603.3610981611,129223.21952093509,0.4566493821483335,4217,4010,2036706.9817975897,1.0204030876430252,1.0204043763171946,202.04030876430252,0.012711772777967312,95.25272921915307,0
univ3-conc-c50,366,10000,55.941448169530645,-2078.940307103885,2078.940307103885,-2022.9988589343543,88512.0283422387,75436.16404853138,0.5398780373940966,5832,4553,1756732.064621056,1.020403881037378,1.0204043863005468,202.0403881037378,0.005192824115585193,89.16800316112867,0
univ3-conc-c50,367,10000,50.271552382078646,-1881.7358667909693,1881.7358667909693,-1831.4643144088907,143035.76231009146,16694.027035877494,0.895485825754651,7125,7427,2236523.4169495525,-0.5276210659219154,1.0204041912122819,47.237893407808464,15332.47162692544,102.15133618218331,0
univ3-conc-c50,368,10000,3.8933422852900943,-3509.6550219849055,3509.6550219849055,-3505.7616796996153,11914.445710183083,123357.4743640898,0.08807774520862346,1004,857,955158.3295296885,1.0203975861689678,1.0204043353822334,202.0397586168968,0.06524529364335052,46.64121858200154,0
univ3-conc-c50,369,10000,85.89685257139605,-3614.1985830196777,3614.1985830196777,-3528.3017304482814,17658.621334461102,185585.72432902182,0.08688370284947043,835,808,921185.4953054547,-0.9999891567297197,1.0202358644852958,0.0010843270280421703,20203.930885366965,159.14475917761348,0
univ3-conc-c50,370,10000,143.19106897246854,-2280.7030312978964,2280.7030312978964,-2137.5119623254277,133911.55031221703,50837.20720514032,0.7248305867477127,5103,6093,2130743.475791858,0.19511333390263402,1.0204043956700195,119.5113333902634,8056.450083638695,99.22440146244203,0
univ3-conc-c50,371,10000,105.26874007327106,-8921.158151563795,8921.158151563795,-8815.889411490525,30837.91137841379,115727.08908958116,0.2104043344587427,1126,1904,2214142.539701697,1.0204043142583539,1.02040434844601,202.04043142583538,0.0006829589876651831,58.151763025720285,0
univ3-conc-c50,372,10000,21.49493571427768,-7360.624564691245,7360.624564691245,-7339.129628976967,20659.724357353836,101775.49703380816,0.16874004165312156,1311,1630,1857997.50600021,-0.9999891196130706,1.0204042319738005,0.0010880386929391069,20203.930565526858,117.61770074891827,0
univ3-conc-c50,373,10000,63.854597635268796,-5020.129219209117,5020.129219209117,-4956.274621573848,34523.33400376581,61330.21332920156,0.36016751559378163,1762,3215,2258986.0203428585,0.5461765546963028,1.020404298377139,154.61765546963028,4597.24115328734,97.85218742429431,0
univ3-conc-c50,374,10000,20.71706464706967,-2190.7971100680693,2190.7971100680693,-2170.080045421,21278.83442013918,62472.6981187025,0.25407098562967356,1152,2214,1250745.5908806415,1.020403790823301,1.020404254413137,202.0403790823301,0.005724967482634291,94.7746136680901,0
univ3-conc-c50,375,10000,304.1835739863114,-6367.216483324672,6367.216483324672,-6063.03290933836,58758.28856552762,216075.39819761948,0.21379580231795153,2504,1975,1844486.2617865384,-0.9999890804526741,1.020404340743856,0.0010919547325934915,20203.93023929267,155.8141834348393,0
univ3-conc-c50,376,10000,7.225739986885317,-824.1851117126835,824.1851117126835,-816.9593717257982,5837.634828032358,192716.58605237363,0.02940070879454387,169,180,202838.20871540622,-0.9999891979945451,1.0204037165556563,0.0010802005454877684,20203.931246701944,217.7149092138442,0
univ3-conc-c50,377,10000,60.93445883090352,-2795.2329566705316,2795.2329566705316,-2734.298497839628,112576.89444820044,79414.63000158599,0.586363876066018,5859,5142,2180831.589913165,1.0204044088246804,1.0204044088246804,202.04044088246803,0.0001564629662910988,67.52459434563514,0
univ3-conc-c50,378,10000,88.45039056883807,-8442.530194549156,8442.530194549156,-8354.079803980318,56022.94440740771,145238.21478963352,0.27835944417153746,2209,2493,2529153.776283495,-0.999988373603952,1.0204043309293973,0.0011626396047948208,20203.92289065801,104.99722800548626,0
univ3-conc-c50,379,10000,35.71871878957931,-2422.566022021427,2422.566022021427,-2386.847303231848,37674.58287387665,110729.18514246977,0.2538654063670867,2067,2488,1369616.614530737,-0.9999889795155701,1.0204043764273616,0.0011020484429813474,20203.929188454484,107.09477794308499,0
univ3-conc-c50,380,10000,32.00445872269664,-4695.8073684153605,4695.8073684153605,-4663.802909692664,14162.33769821057,97262.10442160325,0.1271026125756315,894,1198,1259565.9943190163,1.02040437126134,1.0204043727896135,202.040437126134,0.00009053243448908788,37.25852570816146,0
univ3-conc-c50,381,10000,103.43641783580573,-1810.6402097029209,1810.6402097029209,-1707.2037918671151,71863.86398882646,38674.992905010455,0.6501230970557759,4270,5319,1782042.4007086079,-0.20395409481689528,1.020404193496625,79.60459051831047,12047.893426794593,100.82310097088454,0
univ3-conc-c50,382,10000,7.825491496479831,-1957.384534729897,1957.384534729897,-1949.5590432334172,2892.73331951253,66836.01228677179,0.041485520703986714,208,325,427792.08286534966,1.0204040503753444,1.0204040503753444,202.04040503753444,0.0030975086673210583,66.42757372228675,0
univ3-conc-c50,383,10000,59.46003401748165,-607.0862880318996,607.0862880318996,-547.6262540144179,8460.357338358719,111635.94027311778,0.07044644594897354,340,598,326099.89237101946,1.0204041088449778,1.0204042417715786,202.0404108844978,0.0025543826905067846,73.20381602030669,0
univ3-conc-c50,384,10000,54.6191139609246,-3577.6375597788633,3577.6375597788633,-3523.0184458179388,60725.126290730484,71714.36138690014,0.45851224099069904,2813,4094,2169299.2722722376,1.020401703963462,1.0204043271537548,202.0401703963462,0.025936745459056,84.48340316634926,0
univ3-conc-c50,385,10000,3.3763778875373345,-3939.5786887799436,3939.5786887799436,-3936.2023108924063,7482.742282401975,57387.85892742958,0.11534874261760221,614,1215,1220835.204735661,-0.9999852637627478,1.0204041734836558,0.0014736237252241935,20203.890358301407,104.61406622725117,0
univ3-conc-c50,386,10000,50.34351163971689,-853.0931043200893,853.0931043200893,-802.7495926803724,126984.28439187279,40440.822566360366,0.7584542527636015,7044,5729,1324291.6552906116,1.0203952477424332,1.020404409556537,202.03952477424332,0.08821152983212244,93.76261887180742,0
univ3-conc-c50,387,10000,36.6268773004488,-2341.8401530640044,2341.8401530640044,-2305.2132757635554,16745.683209936196,178556.0351410062,0.08574263120330294,1059,860,754085.8179906384,-0.9999891165530613,1.020404011024675,0.001088344693866422,20203.930483143457,150.68622293412932,0
univ3-conc-c50,388,10000,46.77857904537883,-3213.377545385172,3213.377545385172,-3166.598966339793,16621.020019764765,219334.10521639657,0.07044144518212613,741,729,813056.9888067739,-0.7140420604189229,1.0204043701092949,28.59579395810771,17243.850107967974,102.91410981530791,0
univ3-conc-c50,389,10000,88.93420414646538,-506.94361820540337,506.94361820540337,-418.009414058938,9160.07519731015,126383.4059482317,0.06758034484501975,264,386,220825.61547987434,1.0204033887998372,1.0204043472916344,202.04033887998372,0.009456330955672762,50.707941737509806,0
univ3-conc-c50,390,10000,35.55098250741567,-219.42391573468055,219.42391573468055,-183.87293322726487,79561.2857846426,94876.87010571876,0.4561002458352565,4652,2955,480107.7081627099,1.020403543750513,1.020404082228143,202.0403543750513,0.008295906772098488,84.43827250739176,0
univ3-conc-c50,391,10000,38.81768069624207,-9021.55252086917,9021.55252086917,-8982.734840172929,49664.65225526948,123149.11048032295,0.28738829285985235,2691,2704,2688757.8981970116,-0.9999890352658553,1.0204043648690415,0.0010964734144716208,20203.92981305247,148.86748956424333,0
univ3-conc-c50,392,10000,75.94181362865233,-2688.9782461915556,2688.9782461915556,-2613.0364325629034,21205.215031740438,72323.31936075239,0.22672455170475225,1066,1802,1208940.57472511,-0.9999890854098515,1.0204043753608871,0.0010914590148402637,20203.9302065103,111.24275701570009,0
univ3-conc-c50,393,10000,62.192808741246694,-2071.4861782494654,2071.4861782494654,-2009.2933695082188,28733.104737030095,215132.59421012824,0.11782347768086926,1192,993,775332.825798532,1.0204028765086437,1.0204042792905028,202.04028765086437,0.014450386074550181,59.912073026557394,0
univ3-conc-c50,394,10000,208.12468510171232,-597.9165997528142,597.9165997528142,-389.79191465110193,18538.849936853083,231735.22051363642,0.07407419355702105,704,633,280403.3320245891,1.0204040180527059,1.0204043660550246,202.0404018052706,0.0034459784532610005,88.08142200921634,0
univ3-conc-c50,395,10000,9.960242706662168,-5869.526152947072,5869.526152947072,-5859.56591024041,13056.865212362072,70507.93933687553,0.15624837852242898,771,1550,1678411.475025859,-0.9999889005221513,1.020404185973501,0.0011099477848719643,20203.928253395603,155.1184015835788,0
univ3-conc-c50,396,10000,42.35598877247112,-110.03670349993752,110.03670349993752,-67.6807147274664,180390.565047489,539.8855544292667,0.9970160603003354,6662,3220,377444.6591407136,-0.8379279890327108,0.9155358624392962,16.207201096728923,18522.072022123142,103.43715369072217,0
univ3-conc-c50,397,10000,73.22954756795937,-8771.784212301416,8771.784212301416,-8698.554664733456,70946.56277692337,96490.88802963033,0.42371979766277257,3404,3943,3276259.5000057262,1.0203968189048573,1.0204043739004658,202.03968189048572,0.07287479072745384,79.41108286165839,0
univ3-conc-c50,398,10000,0.3690449950339571,-67.3531534004125,67.3531534004125,-66.98410840537854,141.25164446145286,117499.05579408121,0.0012007078826723157,12,22,16724.488502901695,-0.9999891481577111,0.9999891481577111,0.0010851842288826655,20203.930711153393,198.38121121080906,0
univ3-conc-c50,399,10000,13.99163006172732,-229.40428542940722,229.40428542940722,-215.41265536767992,77431.01861697207,6479.989487801031,0.9227754542084637,6192,4830,671741.6001418642,1.0191676556003875,1.0204043738845792,201.91676556003875,11.878296108538482,95.64050066528185,0
univ3-conc-c50,400,10000,82.86525272634512,-2656.5126264686705,2656.5126264686705,-2573.6473737423253,41073.95213061505,145998.93343657767,0.21956122612895781,1566,1817,1200362.183647165,-0.9999879327983817,1.0204043718560711,0.001206720161835123,20203.918229558774,104.7825873962232,0
univ3-conc-c50,401,10000,30.371610316302675,-935.4423205020992,935.4423205020992,-905.0707101857965,18263.279793208956,47856.46341112113,0.27621522571208235,1170,2339,849447.7730989438,1.0204037540761721,1.0204043228490045,202.0403754076172,0.006083458456998869,82.87062419917793,0
univ3-conc-c50,402,10000,52.67146472373321,-89.63538786808392,89.63538786808392,-36.963923144350716,252118.29198592107,181.05432770993065,0.9992823828901846,10296,2527,292225.03604706074,0.0565340721966858,0.4589984023520858,105.65340721966858,9435.298283576854,99.80422989275071,0
univ3-conc-c50,403,10000,71.92777786292875,-6633.753256642481,6633.753256642481,-6561.825478779552,59382.38431060855,130516.05763999729,0.3127060111744066,3112,2869,2396683.621377658,1.0204035259549438,1.0204043660063544,202.04035259549437,0.008399133577697171,79.5186281759675,0
univ3-conc-c50,404,10000,46.8878909216479,-3611.0338510969864,3611.0338510969864,-3564.1459601753386,45207.5247841596,112468.8660700101,0.28671080394001863,1729,2586,1737296.6518314611,-0.9999891755363512,1.020404170141025,0.0010824463648746662,20203.931219953636,120.4283501745212,0
univ3-conc-c50,405,10000,2.9572683368634487,-10508.219646322477,10508.219646322477,-10505.262377985613,9735.521754283662,47450.56230963593,0.17024284690313485,829,1841,2408317.444620756,1.0204035052174243,1.0204043140376415,202.04035052174243,0.008438358577661731,70.0721854917118,0
univ3-conc-c50,406,10000,13.73865034081339,-1656.1924534036903,1656.1924534036903,-1642.453803062877,15189.828126234941,127428.06680916132,0.10650716821416907,906,895,672586.784609956,-0.9999891842941269,1.0204041508592223,0.0010815705873232413,20203.931179864525,115.35967467289188,0
univ3-conc-c50,407,10000,53.36660458926271,-2920.2690395267637,2920.2690395267637,-2866.902434937501,35933.976374622915,48328.66953404576,0.42645202968788026,2184,3530,1823076.551987134,-0.9991181857071549,1.0204039649459926,0.08818142928450766,20194.862494330093,104.9332958814478,0
univ3-conc-c50,408,10000,2.6732729843075145,-422.4066576741215,422.4066576741215,-419.733384689814,2603.5333690010157,142418.21298422187,0.017952710089835133,162,179,144429.0493808722,1.0203994415569326,1.0204043419511055,202.03994415569326,0.04735179450842786,70.17455432988118,0
univ3-conc-c50,409,10000,2.6072131043877884,-566.5039784378807,566.5039784378807,-563.8967653334929,1935.286543676964,168262.53247825766,0.011370806951571746,98,158,160708.99185663945,-0.9999891767016947,0.9999891767016947,0.0010823298305278736,20203.931020566677,119.38920600185742,0
univ3-conc-c50,410,10000,41.10438693641556,-4946.9406013378875,4946.9406013378875,-4905.836214401472,19101.32286860888,117509.61561483823,0.13982279223506947,764,1471,1465852.2040727152,1.0204043663409543,1.0204043663409543,202.04043663409544,0.00014538906143807262,38.63694140995803,0
univ3-conc-c50,411,10000,80.79528294169873,-3062.7312801004728,3062.7312801004728,-2981.935997158774,10377.87002750485,119744.97797348489,0.07975440275812219,471,706,789348.6307374942,-0.9999889652734639,1.020400148701982,0.001103472653616891,20203.928866725244,115.05567820961065,0
univ3-conc-c50,412,10000,7.314839278269381,-5932.259686115108,5932.259686115108,-5924.944846836838,22896.331619745288,99800.24278077109,0.1866093795333289,1690,1806,1861109.5801528336,-0.9999891617121343,1.0204043629593949,0.0010838287865766363,20203.931031282704,149.97496318984773,0
univ3-conc-c50,413,10000,42.66520583238811,-1120.1452979469777,1120.1452979469777,-1077.4800921145895,13498.723341374482,160661.9337608972,0.07750730598959372,694,756,501943.29135956767,-0.9999891250628038,1.0204043593226604,0.0010874937196172912,20203.93054472337,111.05521381129603,0
univ3-conc-c50,414,10000,101.6936228505757,-3826.7763347255172,3826.7763347255172,-3725.0827118749417,106266.56506863917,161735.68148158668,0.39651371000251645,4700,3690,2083135.3398279287,1.020404102525653,1.0204043453325513,202.0404102525653,0.0029713152829984324,70.54611788601315,0
univ3-conc-c50,415,10000,93.31824888890162,-365.14819814278826,365.14819814278826,-271.82994925388664,79252.0759388302,62160.78467187813,0.56043047001928,3202,3490,619445.3123993933,-0.4728557845320869,0.9999891729519079,52.714421546791314,14773.695339527592,101.89334590755318,0
univ3-conc-c50,416,10000,63.799647342577146,-1755.148894818219,1755.148894818219,-1691.349247475642,34833.84115546952,57222.06765916445,0.37839875358367053,2419,3352,1397125.8439853142,-0.9999885433742288,1.0204043917658334,0.0011456625771208734,20203.92471167574,111.54540870840175,0
univ3-conc-c50,417,10000,108.44205076055147,-1466.1311497104095,1466.1311497104095,-1357.6890989498581,78993.02439353167,80067.68773006524,0.496621845450753,3576,3833,1310164.3219144405,-0.9999888184087241,1.0204042957967914,0.0011181591275806562,20203.927657877084,107.07520351566187,0
univ3-conc-c50,418,10000,28.443074347064076,-2366.724611433062,2366.724611433062,-2338.281537085998,17664.554689878536,83479.83330710641,0.17464690863921292,877,1416,1031380.2788233586,-0.9999891696708343,1.020404377516605,0.001083032916570145,20203.93105320455,154.00157860553227,0
univ3-conc-c50,419,10000,82.5761019537463,-1576.297229237058,1576.297229237058,-1493.7211272833117,51555.124313937646,72719.93272664044,0.4148469173271347,3285,3561,1349934.5030998231,-0.9013261969046623,1.020398782314338,9.86738030953377,19178.692091519573,103.70456875739303,0
univ3-conc-c50,420,10000,8.186879308229358,-87.94106901981385,87.94106901981385,-79.7541897115845,630.3731310606977,157071.24415607887,0.003997252164592125,21,23,21054.04037194781,1.0204043076283997,1.020404353179382,202.04043076283997,0.0006026421963028217,65.58705845503661,0
univ3-conc-c50,421,10000,23.570545839711556,-9120.167263588408,9120.167263588408,-9096.596717748696,25821.72941343965,49977.391352157545,0.3406600123145401,1549,3302,3048457.109515782,-0.999988911417414,1.0204043606743454,0.0011088582585984524,20203.928499707832,113.96973346125885,0
univ3-conc-c50,422,10000,7.570214224256123,-1487.9251819411645,1487.9251819411645,-1480.3549677169083,5992.522367735645,72786.56020268737,0.07606743023922306,369,736,605645.1803086245,-0.999989195824736,1.020404301478009,0.0010804175263913762,20203.931264459894,143.2724004731088,0
univ3-conc-c50,423,10000,17.516925227106125,-2020.083369462464,2020.083369462464,-2002.5664442353577,22689.414028108007,41847.28316516241,0.3515738334138666,1486,2882,1388519.6212730587,-0.9999891255423553,1.020404356771399,0.0010874457644625987,20203.930696358013,129.30019002215653,0
univ3-conc-c50,424,10000,20.97554317420727,-2864.6009978922493,2864.6009978922493,-2843.625454718042,20563.386280776358,103472.95925542073,0.16578516717727237,1176,1567,1193384.4491069762,1.0203994851888072,1.020404140789441,202.03994851888072,0.04704386859092913,64.94421331010906,0
univ3-conc-c50,425,10000,53.1332509276231,-6956.9413114023455,6956.9413114023455,-6903.808060474722,29450.86261876521,109745.3490071481,0.21157804709451244,1250,2067,2080342.5849138638,-0.9999890871551946,1.020404300709999,0.0010912844805310584,20203.930248972883,118.38385301113112,0
univ3-conc-c50,426,10000,123.23371351874505,-427.33336908604684,427.33336908604684,-304.0996555673018,80722.71408050277,88524.21415241293,0.47695231413247924,4546,3247,623337.8354155462,1.0204037923963052,1.0204043551436914,202.0403792396305,0.005920430398846932,95.29531009585322,0
univ3-conc-c50,427,10000,26.345917851487712,-7943.856465847325,7943.856465847325,-7917.510547995837,21095.522684448075,112742.92755864719,0.15761929883476364,1260,1622,1978992.0622646248,1.020403539282649,1.0204042282305656,202.0403539282649,0.008119448940664853,76.86609659728674,0
univ3-conc-c50,428,10000,7.678046415955238,-550.7903630663329,550.7903630663329,-543.1123166503777,9453.408919356782,147312.72110870993,0.06030262351736491,603,516,298909.9777040981,-0.9999891237381031,0.9999891889773465,0.0010876261896814157,20203.93051470702,194.90843545565022,0
univ3-conc-c50,429,10000,193.868093905926,-288.6963639579509,288.6963639579509,-94.82827005202489,8416.022174266624,272118.2109573114,0.0299999828196343,236,179,72953.34736345684,-0.999989130886702,0.9999891944473235,0.0010869113297999878,20203.93055121823,131.93445052589976,0
univ3-conc-c50,430,10000,41.95487953442189,-3970.257343847661,3970.257343847661,-3928.3024643132394,36839.019124631566,127582.73226018231,0.22405198104485127,1853,1938,1533612.2897066947,1.0204026288106696,1.0204041484334665,202.04026288106695,0.016906154593357314,87.42609396551642,0
univ3-conc-c50,431,10000,159.66493416920628,-221.62991076863503,221.62991076863503,-61.96497659942875,51399.29112006868,138452.26718651748,0.27073410183478896,3077,1565,192479.40928531397,-0.9999891663803244,0.9999891809045839,0.0010833619675638412,20203.93114128949,115.61020348028701,0
univ3-conc-c50,432,10000,3.5626600663121244,-1576.3812612756856,1576.3812612756856,-1572.8186012093734,4424.000451903069,117140.94947414701,0.03639207234152821,218,331,395283.0663632549,1.020404256123406,1.0204043446391864,202.04042561234058,0.0011222839390203632,55.8637384565773,0
univ3-conc-c50,433,10000,2.1797398820882727,-1926.3436010355301,1926.3436010355301,-1924.1638611534418,8994.328441515245,186391.0286239325,0.046033789719986215,343,427,510372.248052439,1.0204018327958564,1.0204021104983214,202.04018327958565,0.02440499370762339,29.59092273044651,0
univ3-conc-c50,434,10000,19.265232902807405,-1712.365711132832,1712.365711132832,-1693.1004782300247,13057.618872693514,90287.43957034062,0.1263497168555102,909,1127,764250.2106390193,1.0204036685870381,1.0204043517061832,202.0403668587038,0.006836711976689003,75.05302836475634,0
univ3-conc-c50,435,10000,20.236895169641897,-568.5294404614435,568.5294404614435,-548.2925452918016,82977.45027959059,183872.68023281364,0.31095150720090603,3416,2560,725106.3286216687,-0.9999889327129081,0.9999890586124661,0.0011067287091833106,20203.928774019838,133.83458281712393,0
univ3-conc-c50,436,10000,46.30232112908924,-380.3999528348883,380.3999528348883,-334.0976317057991,18428.261456119068,127157.4812539312,0.12658012462677024,1082,1136,370532.83883613156,1.0203984862615476,1.0204038946639609,202.03984862615476,0.05661418923154571,92.19011207615675,0
univ3-conc-c50,437,10000,23.509225445104974,-161.95930132282203,161.95930132282203,-138.45007587771704,5110.387614764886,115870.67628575044,0.04224121899743947,245,325,125526.13386751937,1.0204025044910228,1.0204025044910228,202.04025044910227,0.01794530236370906,59.333780437215594,0
univ3-conc-c50,438,10000,15.959209881667546,-9426.749228843999,9426.749228843999,-9410.79001896233,22920.472182169742,66002.21337663096,0.25775730948896536,1493,2579,2715702.348922901,-0.8351194780703736,1.0204043421023044,16.48805219296264,18493.022929103983,103.42552155893274,0
univ3-conc-c50,439,10000,16.25120019447232,-1342.831659319439,1342.831659319439,-1326.5804591249666,8868.13843047626,274780.95127816574,0.031264469910992534,346,308,337513.00997938914,1.0204009962337524,1.020403440653173,202.04009962337523,0.03243406320730813,65.04314524380018,0
univ3-conc-c50,440,10000,22.35009805413448,-4794.635359451061,4794.635359451061,-4772.285261396926,39252.49761601616,88376.63411381945,0.3075512391567903,3187,2799,2048412.9100967404,-0.9999890580269719,1.0204043862035812,0.0010941973028015305,20203.930081440427,114.23074103393479,0
univ3-conc-c50,441,10000,3.8585217559056812,-1439.1387588052116,1439.1387588052116,-1435.280237049306,10041.9635376678,53932.70573850311,0.15696780696618937,723,1333,783128.0118498408,1.020400535099921,1.0204043512272936,202.0400535099921,0.036930808496653145,67.50017776197232,0
univ3-conc-c50,442,10000,108.39674818379592,-2399.124544722268,2399.124544722268,-2290.7277965384724,21715.8853865436,248584.14725869003,0.08033992883399133,817,749,708604.093612596,1.0204028804328258,1.020403808737297,202.04028804328257,0.014382699523427078,49.24764939711783,0
univ3-conc-c50,443,10000,237.72322199850308,-601.4142584581358,601.4142584581358,-363.69103645963276,68419.96126692809,156279.15358869446,0.3044959091667559,2855,2293,555443.2586784539,1.020402727527405,1.0204043732919532,202.0402727527405,0.016020455680953588,94.36663547381654,0
univ3-conc-c50,444,10000,27.313450226865786,-2342.2692947798346,2342.2692947798346,-2314.9558445529688,27087.340145541923,207146.26737081,0.11564241541919192,1391,1105,883615.6059875292,1.02040113621077,1.0204042992961377,202.040113621077,0.031181785956382768,83.27319595062855,0
univ3-conc-c50,445,10000,17.617681148064367,-2947.993698282943,2947.993698282943,-2930.3760171348786,23712.47327334706,58068.60043664952,0.28995062301864283,1910,2674,1597124.5241274706,-0.9999891357591575,1.0204042296090676,0.001086424084256438,20203.93081638224,109.9092269867585,0
univ3-conc-c50,446,10000,10.976213634048833,-389.8480658949061,389.8480658949061,-378.8718522608573,1665.73434553223,124647.70146653746,0.013187309289967579,64,116,111171.38393598009,-0.9999891981202335,0.9999891981202335,0.0010801879766547907,20203.93123917596,119.80019033788815,0
univ3-conc-c50,447,10000,37.17167138436797,-2856.6604072997757,2856.6604072997757,-2819.4887359154077,57282.419782418605,80478.36546547875,0.4158107815612419,3421,3663,1837356.5263290547,0.7045055610935796,1.0204042284036112,170.45055610935796,3052.813535964891,97.24092416885661,0
univ3-conc-c50,448,10000,39.49534411256512,-4368.140375397616,4368.140375397616,-4328.64503128505,21004.923881483883,158159.57929343847,0.1172382001415554,1170,1102,1188895.1890080294,1.020396471421516,1.0204042886098188,202.03964714215158,0.07597085556510885,78.63750169079104,0
univ3-conc-c50,449,10000,3.1042133775314276,-696.1844811546599,696.1844811546599,-693.0802677771285,13309.900260297993,137743.10927229907,0.08811410180758915,923,806,436155.51205677434,1.020403969416337,1.020403969416337,202.0403969416337,0.003933066080300307,55.34013984938232,0
univ3-conc-c50,450,10000,51.21987707174532,-1866.9682054394748,1866.9682054394748,-1815.7483283677295,51843.545223681365,98580.21592138665,0.34464997304304656,3931,3063,1343759.0293175045,-0.11216181869481659,1.020404323291083,88.78381813051834,11124.139787199914,100.43729998502583,0
univ3-conc-c50,451,10000,14.142780881588923,-2357.2519745196814,2357.2519745196814,-2343.1091936380926,42928.28905129167,65175.760760076584,0.39710158061791057,2270,3682,1709656.6690795606,-0.9999890962208337,1.0204039390637305,0.0010903779166455084,20203.93047534812,115.67576703159847,0
univ3-conc-c50,452,10000,29.893717906790485,-4206.895979382857,4206.895979382857,-4177.002261476066,25879.34108586734,119991.42036943363,0.17741280588157843,1534,1647,1448620.522896203,1.0204030070193288,1.0204043267688767,202.0403007019329,0.013243749564850305,66.93526093106411,0
univ3-conc-c50,453,10000,146.9267815574839,-2426.9845647199127,2426.9845647199127,-2280.0577831624287,34491.21149991862,204447.63198146556,0.14435162988727634,1410,1269,947433.9959818233,1.0204031772902815,1.0204041366665968,202.04031772902815,0.011585586641530199,69.62910628954926,0
univ3-conc-c50,454,10000,13.41460352835856,-7295.233310279904,7295.233310279904,-7281.8187067515455,10403.141231222115,53761.478309023914,0.16213204887308563,823,1394,1731646.703551587,1.0204037115068838,1.0204042204332189,202.04037115068837,0.00643040381478599,48.609308582368236,0
univ3-conc-c50,455,10000,13.316385733285903,-1024.7904122656253,1024.7904122656253,-1011.4740265323394,9355.304533960161,153282.76657199624,0.057522230006437504,410,554,410186.64981799235,1.0204043149315416,1.02040437230636,202.04043149315416,0.0005773808662724034,68.55504131725361,0
univ3-conc-c50,456,10000,123.43399009934943,-175.5582287845333,175.5582287845333,-52.12423868518387,86942.6818373438,44396.138666465704,0.6619724579818502,3449,2441,253768.4094960136,-0.9999890404634075,0.9999891755195436,0.0010959536592504496,20203.929885407164,105.73620594054768,0
univ3-conc-c50,457,10000,134.0940741091916,-1596.9000560818085,1596.9000560818085,-1462.805981972617,118711.98290053521,181199.84816759598,0.39582294062139656,4875,3382,1268213.985954579,1.020397729262154,1.0204043940583125,202.0397729262154,0.06417520129066467,85.0943379522687,0
univ3-conc-c50,458,10000,22.8368662657808,-7730.989304515604,7730.989304515604,-7708.152438249824,52073.18140280705,108240.72312648933,0.32482011810329897,3583,3128,2763535.141127834,1.0203995197242892,1.0204043917081131,202.03995197242892,0.04690398329336354,58.4527547431518,0
univ3-conc-c50,459,10000,3.5223876866043886,-1186.7189577336992,1186.7189577336992,-1183.1965700470948,3560.554468756901,95613.67614232737,0.03590201251693858,194,373,362279.4493363895,1.020398789035052,1.0204042705191632,202.0398789035052,0.053629523407735746,54.759180549935586,0
univ3-conc-c50,460,10000,64.707194190294,-4909.602453303534,4909.602453303534,-4844.89525911324,41263.88356780423,110384.79317549926,0.2721018373121173,2571,2455,1868212.2593514496,1.0204038302454765,1.0204043761791215,202.04038302454765,0.005427566523478866,80.3890781604229,0
univ3-conc-c50,461,10000,31.95379009295749,-301.3253698040982,301.3253698040982,-269.3715797111407,73493.47595976554,19813.732133495578,0.7876505734295294,5350,4734,729428.3393814242,-0.9999890053901058,0.9999891409824684,0.0010994609894253392,20203.9297333229,107.07658468719652,0
univ3-conc-c50,462,10000,358.0312960748536,-564.8423068191973,564.8423068191973,-206.81101074434372,152289.0296990445,126368.21255615237,0.546510216158591,6279,3453,534131.066548629,-0.999370544275803,0.999989181854569,0.06294557241970655,20197.490232129378,104.15971191181474,0
univ3-conc-c50,463,10000,8.327472623148429,-198.32725093182808,198.32725093182808,-189.99977830867965,82346.88188005853,420.15838543165256,0.9949236026311449,6530,4857,646404.6372387295,0.11359742109470516,0.39738403481760287,111.35974210947052,8866.600889812416,99.54678831296937,0
univ3-conc-c50,464,10000,22.330456152830262,-357.124964222034,357.124964222034,-334.79450806920374,16923.19522745413,101895.24269592673,0.14242903309641994,1208,1176,359080.96604716906,1.020338761758206,1.0204043565008225,202.0338761758206,0.6302226287759072,95.88776045030315,0
univ3-conc-c50,465,10000,122.1569244917576,-3443.6879654040313,3443.6879654040313,-3321.5310409122735,52025.31842269206,133832.5233553653,0.27991995347077275,2047,2491,1626862.9926088192,0.5973535058380515,1.0204041652685856,159.73535058380514,4096.976161678558,97.65309966561432,0
univ3-conc-c50,466,10000,111.4662398883479,-1019.2327769319146,1019.2327769319146,-907.7665370435667,24682.61633238771,107298.90789768755,0.18701569387363667,1004,1431,624493.6107466045,1.020397304399454,1.020404345124888,202.0397304399454,0.06797468757754072,75.03875251009258,0
univ3-conc-c50,467,10000,10.99884965997775,-48.489175071926155,48.489175071926155,-37.490325411948405,79116.128619789,198.8105298034305,0.9974934037403916,4275,2140,215278.63902064887,-0.44414703671984457,0.5750017980330101,55.585296328015545,14481.270282274307,101.77994543370228,0
univ3-conc-c50,468,10000,94.40152856331272,-681.9351044652465,681.9351044652465,-587.5335759019338,95918.26990168332,19425.873986909148,0.83158335280834,4652,5883,1172413.8465239925,-0.9458103902489234,0.9999891490650125,5.4189609751076455,19640.43161226008,103.89632848176089,0
univ3-conc-c50,469,10000,55.03514497299899,-5635.994515655511,5635.994515655511,-5580.959370682513,23949.419615275463,59470.67838468983,0.28709411987606903,1799,2807,2227291.2148304293,1.0204030039870657,1.0204043408007046,202.04030039870656,0.013346129223425568,91.26349732777008,0
univ3-conc-c50,470,10000,10.607795901451018,-2679.079900640631,2679.079900640631,-2668.47210473918,21415.003109890407,78834.00720907727,0.21361809998675435,1456,1938,1289094.949503999,-0.9999891131039363,1.020404333906498,0.0010886896063609648,20203.93052098722,132.9398925875566,0
univ3-conc-c50,471,10000,0.06389998069542291,-69.03353824771129,69.03353824771129,-68.96963826701587,100.01051928866436,86852.86481040255,0.0011501692026797696,17,31,23841.80400352652,1.020401910837812,1.0204031454608284,202.0401910837812,0.023622038394263356,65.47061976477148,0
univ3-conc-c50,472,10000,1.1868091854306586,-777.7814064355283,777.7814064355283,-776.5945972500976,5461.176827369985,154509.57344187994,0.03413859607570866,269,322,285625.22467215295,1.0204027214443103,1.0204036905377658,202.04027214443104,0.015862660475656654,79.49324905523362,0
univ3-conc-c50,473,10000,105.62616105991621,-3356.726872769294,3356.726872769294,-3251.1007117093777,50932.235250599435,165989.91851862922,0.2347949915008837,2255,1954,1385504.2154013985,1.0203956028118089,1.020404370635449,202.03956028118088,0.0844029257305855,57.854180223578204,0
univ3-conc-c50,474,10000,240.89185809493137,-1757.592587454152,1757.592587454152,-1516.7007293592205,88447.32531262294,212512.8706010222,0.2938837976368185,3235,2532,1127010.1276755454,-0.9999890577820905,1.020404360942419,0.0010942217909503675,20203.93006711876,116.09748451979789,0
univ3-conc-c50,475,10000,22.662757241998452,-3026.3617203455965,3026.3617203455965,-3003.698963103598,8021.209210597626,108070.67194027692,0.06909362766008724,593,699,774863.317611341,1.0204029844670666,1.0204040977608957,202.04029844670666,0.013370616015476067,49.48173493297955,0
univ3-conc-c50,476,10000,91.72276857714486,-5632.731143854277,5632.731143854277,-5541.0083752771325,108003.17183075838,116368.92868414086,0.48135740398609195,5718,4500,2838155.002044761,-0.9999886839433866,1.0204043934467046,0.0011316056613440426,20203.926414257043,108.59601315210521,0
univ3-conc-c50,477,10000,61.376394583602526,-815.7156140383175,815.7156140383175,-754.339219454715,15979.428800140255,134289.35057745708,0.10633898050097912,1009,888,448970.3179055881,-0.9999891360452849,0.9999891968077114,0.0010863954715040094,20203.9306809836,109.38881867964473,0
univ3-conc-c50,478,10000,9.649923170064179,-960.3146820554047,960.3146820554047,-950.6647588853405,5697.6069782641,87045.38413452305,0.061434367275636954,246,491,381669.1251102287,1.0204040739089506,1.0204043035297214,202.04040739089507,0.0028817123798661193,50.407565765424664,0
univ3-conc-c50,479,10000,159.87423380839664,-1624.5371131080033,1624.5371131080033,-1464.6628792996066,6572.053110353474,115671.37206350183,0.05376201706559402,459,473,464192.0765764262,1.0203959567193113,1.020404236928558,202.03959567193112,0.08084661136704424,72.52114921339496,0
univ3-conc-c50,480,10000,92.80336552099483,-814.6440165007529,814.6440165007529,-721.840650979758,118403.80374835449,86803.40978053621,0.5769963039417455,5945,4457,1085638.7247939075,-0.4173097382429571,0.9999891854517986,58.26902617570429,14208.214075324175,101.69001240386267,0
univ3-conc-c50,481,10000,19.10368406315854,-1561.2948414138684,1561.2948414138684,-1542.19115735071,33823.78805622506,144594.34551717073,0.1895759549704682,2269,1661,914364.4977411045,-0.9999891804398032,1.0204043737784279,0.0010819560196727585,20203.931248926972,146.35858597611372,0
univ3-conc-c50,482,10000,28.54032333614341,-5445.774478255179,5445.774478255179,-5417.234154919036,34864.778048874556,157427.41871677278,0.18131145535440202,1681,1648,1665777.054174524,-0.999989180305451,1.0204041647876396,0.001081969454905281,20203.931218313508,159.33411335403972,0
univ3-conc-c50,483,10000,275.42052386661925,-4482.607944209114,4482.607944209114,-4207.187420342495,21164.691188006094,70330.52599467317,0.23132019180574973,974,2082,1643799.1610799953,1.02040209584628,1.0204043343320677,202.040209584628,0.021986589504631837,92.25154665532128,0
univ3-conc-c50,484,10000,2.6800512971766226,-2256.9209855000545,2256.9209855000545,-2254.2409342028777,7459.840689865996,150656.56404458085,0.04717942266898011,551,456,547229.8840260459,-0.9999890139373988,1.0204042147998047,0.0010986062601147934,20203.929363842624,108.23916588867387,0
univ3-conc-c50,485,10000,7.312213455705609,-752.6622741156037,752.6622741156037,-745.3500606598981,15996.48843886903,138631.56529997638,0.10345139870857999,836,1035,513871.39722385805,-0.9999890891767861,1.0204040411551947,0.0010910823213900278,20203.930192685817,119.5297720697439,0
univ3-conc-c50,486,10000,97.53456936371387,-587.8350350518955,587.8350350518955,-490.3004656881816,15191.978915716134,92069.66602417546,0.1416347747065559,599,1012,400079.76924037864,1.0204039572664434,1.0204043577081325,202.04039572664433,0.00404050959190605,77.7629685280421,0
univ3-conc-c50,487,10000,21.382523487033588,-1553.8629644004095,1553.8629644004095,-1532.480440913376,4639.215924064669,119479.46662116906,0.03737725722615494,181,364,411767.32732483116,-0.9999890908513422,1.020403732489354,0.0010909148657700144,20203.930143215366,172.84417558901163,0
univ3-conc-c50,488,10000,12.6526116265334,-1590.5502458636468,1590.5502458636468,-1577.8976342371134,15546.677380687579,149324.08395581867,0.09429614599132187,742,834,656329.889152949,-0.9999890934392184,1.020403860916387,0.0010906560781605,20203.930225097563,122.67048292464139,0
univ3-conc-c50,489,10000,245.13241382671262,-794.5654506887797,794.5654506887797,-549.4330368620671,58457.355045243,136044.64289744155,0.30054886666238306,2046,2441,708284.7844315572,-0.9999891271549173,0.9999891274801329,0.0010872845082733596,20203.93071927899,119.25194359041714,0
univ3-conc-c50,490,10000,77.25818648366327,-1944.2581625754722,1944.2581625754722,-1866.999976091809,105591.70272217154,21445.301799103963,0.8311885432129155,5605,6714,2118506.1737627205,0.6824504964831104,1.0204043682819304,168.24504964831104,3267.3725963614415,97.31936629640732,0
univ3-conc-c50,491,10000,162.30452390458117,-359.10114969923615,359.10114969923615,-196.79662579465497,44786.08802049275,232901.71452435435,0.16128215791278663,1755,1211,299661.2291430955,1.0203948396925997,1.0204043647739744,202.03948396925998,0.09167319104375338,79.77451593859573,0
univ3-conc-c50,492,10000,80.78820529252121,-725.1027859836337,725.1027859836337,-644.3145806911125,23667.594932917247,96557.4593342932,0.19686075483329787,1109,1518,573930.0772699583,-0.999989126126521,1.0204043764452666,0.0010873873478898872,20203.93061590274,121.66367939265241,0
univ3-conc-c50,493,10000,8.503984669155093,-1912.1224484324416,1912.1224484324416,-1903.6184637632866,10334.378764924388,164017.8341439143,0.05927300028206577,554,496,540785.1270939299,1.0204042950458727,1.0204042950458727,202.04042950458728,0.0007724569611902016,40.56523644849904,0
univ3-conc-c50,494,10000,4.770309963559909,-947.9453030047226,947.9453030047226,-943.1749930411627,5002.91739090724,93479.95193366954,0.05079987438646594,408,520,390786.7095508992,1.0203950168852252,1.020404313168186,202.0395016885225,0.08987470597527669,62.51250639959682,0
univ3-conc-c50,495,10000,151.0158666605576,-681.0116019356839,681.0116019356839,-529.9957352751262,12793.936531022715,140638.41224477044,0.08338487048593757,620,656,325042.53125091695,1.020382391025237,1.0204043644074994,202.0382391025237,0.21115071819789932,93.3622555485158,0
univ3-conc-c50,496,10000,0.998998416370861,-311.1311688813297,311.1311688813297,-310.13217046495885,2107.466869416677,148082.84057727928,0.014031976531938576,129,177,132294.4427465097,1.020403024186801,1.0204039632728839,202.04030241868008,0.01294114024922699,63.81967609577817,0
univ3-conc-c50,497,10000,35.949849984040114,-4136.174189279566,4136.174189279566,-4100.224339295526,40818.7068492286,101805.10766839127,0.28619839531907776,2305,2598,1826626.0856777534,-0.9999891158018193,1.0204043472439008,0.001088419818075373,20203.930629658826,142.06103934942544,0
univ3-conc-c50,498,10000,26.44828662031395,-1100.3607963524719,1100.3607963524719,-1073.912509732158,113816.68359408571,18487.94755257829,0.8602622796167747,9304,6797,1660074.1204527759,1.0204010498707552,1.020404438898081,202.04010498707552,0.032647105702910295,95.30359048196318,0
univ3-conc-c50,499,10000,22.707766011059263,-411.9498534690069,411.9498534690069,-389.2420874579476,35445.28431695899,50767.118780367935,0.41113903618884273,2612,2906,641623.5250773844,1.0203991786779847,1.020404385092736,202.03991786779847,0.05012017448258632,87.47165406845828,0
univ3-conc-c50,500,10000,91.86619723717136,-724.1369711379153,724.1369711379153,-632.270773900744,58992.11685320834,142407.609678529,0.29291061050131134,2053,2217,679474.8897209425,-0.9999890408377198,1.0204043586921605,0.0010959162280205089,20203.929810086913,108.87813137566569,0
univ3-conc-c50,501,10000,121.76682807844143,-3021.4504928169713,3021.4504928169713,-2899.68366473853,95178.41724222612,58531.29011718893,0.6192088897786601,3399,5162,2244686.225185226,0.030744388445139777,1.0204043080984595,103.07443884451398,9692.745436290537,99.87699805983084,0
univ3-conc-c50,502,10000,10.735954485119827,-1035.6777741331132,1035.6777741331132,-1024.9418196479933,9868.914582516372,179609.00998939067,0.05208477243358822,431,443,365590.5190586491,1.020404246521232,1.020404246521232,202.0404246521232,0.0012298918062256803,75.81893143355069,0
univ3-conc-c50,503,10000,47.9173056931115,-4999.013018426778,4999.013018426778,-4951.095712733667,69437.33282623556,55065.84429755747,0.5577153485584893,4817,5002,2814000.8847106807,0.5216707905759429,1.0204043962833609,152.1670790575943,4837.14894466888,97.94582952960913,0
univ3-conc-c50,504,10000,105.85727472531364,-6830.11942532768,6830.11942532768,-6724.262150602366,86707.34817745861,227735.24408287,0.27574937464474647,3143,2597,2309003.427030689,1.0204043963792566,1.0204043963792566,202.04043963792566,0.000024874342849978692,67.85407064680061,0
univ3-conc-c50,505,10000,9.980474090818449,-10698.07258287631,10698.07258287631,-10688.092108785491,23167.401350077027,35721.09794651234,0.39341130486948594,1813,3836,3587501.6913440498,1.020399154737832,1.020404352321962,202.0399154737832,0.05036086502692694,80.97984172022159,0
univ3-conc-c50,506,10000,4.4404444137752455,-1753.742993524381,1753.742993524381,-1749.302549110606,9446.085757979688,138328.50966601,0.0639222576172671,646,594,565556.7027921999,-0.9999891040049956,1.0204043312427953,0.001089599500433432,20203.930313567307,125.3239000523486,0
univ3-conc-c50,507,10000,42.94378634313026,-8703.148675837454,8703.148675837454,-8660.204889494324,48575.26210139977,50783.830176861964,0.48888592868140873,2798,4329,3431676.314409568,-0.9999888101295713,1.0204043307161226,0.0011189870428755452,20203.92756165746,116.76323549341127,0
univ3-conc-c50,508,10000,260.45525425215,-594.2756196213704,594.2756196213704,-333.82036536922044,140856.82891824923,68011.46852751978,0.674381084352074,7125,4544,741726.4852612047,1.0204029417401548,1.0204044184916887,202.0402941740155,0.014273134155827094,95.07703668238047,0
univ3-conc-c50,509,10000,26.862361884915728,-1036.4683296082483,1036.4683296082483,-1009.6059677233326,53715.75807515231,211305.83265717066,0.20268446026122564,2231,1769,776736.5857996361,1.020396310764592,1.0204042878942403,202.0396310764592,0.07759324411776447,93.67146644680534,0
univ3-conc-c50,510,10000,61.4734471253897,-3581.3470106201135,3581.3470106201135,-3519.873563494724,68321.03223974796,123868.10428068934,0.3554885227994285,2746,3272,1924193.5995285409,1.0203989009548409,1.0204042324026943,202.03989009548408,0.052817509486963427,87.51734843932982,0
univ3-conc-c50,511,10000,130.77633213736243,-356.58105497827717,356.58105497827717,-225.80472284091474,129713.76465487167,92783.86748031649,0.5829894161572848,6520,3694,593951.9271490265,-0.9360689873734962,0.999989167646699,6.39310126265037,19539.24569358737,103.86260754960776,0
univ3-conc-c50,512,10000,40.3020205787493,-4555.207249523736,4555.207249523736,-4514.905228944987,57149.150445032836,95087.33083591724,0.37539721073534904,4272,3574,2248057.419741315,1.0203985074737199,1.0204043202995652,202.039850747372,0.05668110496697637,90.71353089466925,0
univ3-conc-c50,513,10000,13.076201660588508,-1429.7621646572156,1429.7621646572156,-1416.685962996627,13431.482016176664,254749.88329430696,0.05008357683848218,496,435,424026.1772809835,1.0204028329891284,1.0204035422416924,202.04028329891284,0.01480872325047855,46.23435740383001,0
univ3-conc-c50,514,10000,22.639754874864778,-6564.225739717773,6564.225739717773,-6541.585984842908,23954.231507129694,127328.01003306247,0.15834133116520233,1490,1477,1702089.7275217117,-0.9999890748964668,1.020404237997818,0.0010925103533155724,20203.930100837915,201.20910727615166,0
univ3-conc-c50,515,10000,56.404193590209154,-197.32265752617747,197.32265752617747,-140.9184639359683,31820.53378082095,117314.30969291907,0.21336753396884062,1815,1490,290468.4133142443,1.0204025851292777,1.0204041978027618,202.04025851292778,0.017301480762796473,85.3506831389895,0
univ3-conc-c50,516,10000,44.5156515091961,-818.2887222010254,818.2887222010254,-773.7730706918293,5645.268323461564,148362.61404465637,0.0366557103224622,168,218,209785.81355933033,1.020396364831559,1.020404276600745,202.0396364831559,0.07690244918336475,36.74187400178701,0
univ3-conc-c50,517,10000,3.0587892581886225,-875.5554291349074,875.5554291349074,-872.4966398767187,3867.852524547697,238452.6262470994,0.0159617236816068,154,146,187025.41206558587,1.020402858246122,1.0204040471818119,202.0402858246122,0.014535218586772647,33.76847659356618,0
univ3-conc-c50,518,10000,8.842968863883845,-207.41563656280908,207.41563656280908,-198.57266769892524,3848.8688255540587,114118.48392633957,0.03262655926211141,108,224,121338.42995294662,1.0204020318946385,1.0204043282477364,202.04020318946385,0.022472621467282655,72.43327741346008,0
univ3-conc-c50,519,10000,581.6726747326009,-680.5102208891811,680.5102208891811,-98.83754615658029,121644.52034325388,192465.84593187194,0.38726681257219886,4361,2220,325034.7040501435,-0.9962733095916922,0.9999891711734946,0.3726690408307684,20165.24375249962,105.0759677992,0
univ3-conc-c50,520,10000,18.970781767669678,-3771.7798420835106,3771.7798420835106,-3752.8090603158407,19025.592337548424,198639.5773905306,0.08740761032790127,927,865,995371.6765610566,-0.9999891819982064,1.0204043493289807,0.00108180017936998,20203.931154881782,138.28744481730243,0
univ3-conc-c50,521,10000,9.787196149082177,-6772.252782334922,6772.252782334922,-6762.46558618584,10884.551539810622,53261.44810961766,0.16968402705230323,786,1393,1684584.1708582223,-0.9999880790387556,1.0204042155821513,0.0011920961244414295,20203.919690756626,111.02052442371586,0
univ3-conc-c50,522,10000,44.17031576376273,-684.9258092731349,684.9258092731349,-640.7554935093722,68404.17068501611,37207.57311474422,0.6476947375730325,4420,4836,1086840.3479432017,1.020403801067378,1.0204039531290023,202.04038010673779,0.005897585249656778,94.86528978636358,0
univ3-conc-c50,523,10000,30.417084439331187,-2416.9796667603378,2416.9796667603378,-2386.5625823210066,41082.2541928956,65684.62676789536,0.38478462443782196,2997,3466,1678006.230946011,-0.9999891308564043,1.0204038798254464,0.0010869143595704234,20203.930863659454,112.16467383836296,0
univ3-conc-c50,524,10000,5.198046871666767,-722.8155800476981,722.8155800476981,-717.6175331760313,6483.177693374621,107804.02164030503,0.05672706769588389,219,347,284351.00382853276,1.0204017630752151,1.0204035210150817,202.0401763075215,0.025066058763043797,60.93384366556086,0
univ3-conc-c50,525,10000,43.147817331260235,-3468.763561510836,3468.763561510836,-3425.615744179576,8219.99053973335,103946.88599410116,0.07328358240637854,469,697,836761.9861217542,-0.9432108161452326,1.0204042801801623,5.678918385476729,19613.42491584339,103.88130537616819,0
univ3-conc-c50,526,10000,30.664693040499223,-5619.567142980136,5619.567142980136,-5588.902449939636,46444.83604334042,91962.98928053102,0.3355651021512726,3919,3266,2381210.937350328,-0.9999686176759555,1.02040435857693,0.003138232404454342,20203.71731820406,104.74560557098565,0
univ3-conc-c50,527,10000,47.367203652386884,-2445.418861584344,2445.418861584344,-2398.0516579319574,34792.00358403069,66944.94303023281,0.3419800253682162,2250,2862,1498653.5512286,1.0204043669236713,1.0204043669236713,202.04043669236714,0.0002766936553832977,81.35558103079696,0
univ3-conc-c50,528,10000,25.434555069292188,-5927.070186344741,5927.070186344741,-5901.635631275449,45347.55003109093,112222.86071786053,0.2877922943498622,2808,2747,2274618.5869636103,1.0204030700465951,1.0204043674855308,202.04030700465952,0.012751290136554919,89.07469559322297,0
univ3-conc-c50,529,10000,15.881989312168432,-1217.1715557829998,1217.1715557829998,-1201.2895664708315,73450.71787916147,3324.369823255396,0.956699888951729,3935,7418,1842345.068256949,-0.07069477420306469,1.0204027331510672,92.93052257969353,10707.949082627067,100.28336618752037,0
univ3-conc-c50,530,10000,66.83696278349903,-6377.319563622684,6377.319563622684,-6310.482600839185,28220.013001308624,122105.48965404603,0.1877260511545239,920,1582,1729212.6480004762,-0.41913079997487485,1.0204043566425682,58.086920002512514,14226.732749804167,101.69769729782128,0
univ3-conc-c50,531,10000,140.71595408594249,-2388.5449290886254,2388.5449290886254,-2247.828975002683,165793.9370150629,67508.3621252146,0.7106399620835974,7714,5977,2139042.5827641967,-0.9999887250469911,1.0204040352604402,0.001127495300891807,20203.927012844953,110.13111417837389,0
univ3-conc-c50,532,10000,18.57362846460208,-5514.257814363056,5514.257814363056,-5495.684185898454,31888.023866011827,139273.70034329288,0.1863034741752054,1775,1712,1671017.0341794437,-0.9999889739786469,1.0204035841115482,0.001102602135308137,20203.92907565247,124.74795167451322,0
univ3-conc-c50,533,10000,6.857174009456285,-2404.5190242442477,2404.5190242442477,-2397.6618502347915,5511.850846893256,105248.19947964909,0.04976388897118807,412,542,618097.2889142936,-0.9999890715468547,1.0204041049369328,0.0010928453145333356,20203.92996054636,142.7729189741036,0
univ3-conc-c50,534,10000,6.731381607110562,-4950.207813064725,4950.207813064725,-4943.476431457614,10734.48227804628,126096.33979492771,0.07845076215592284,652,877,1142231.883337605,1.0204001957183424,1.0204043445970816,202.04001957183425,0.04016755231617708,33.98897758375087,0
univ3-conc-c50,535,10000,0.8544646616512294,-1383.7363088330874,1383.7363088330874,-1382.8818441714361,2607.6714777334014,87402.1163830323,0.02897097682051151,154,264,335019.4586791194,1.0204040409715567,1.020404340475917,202.04040409715566,0.003181753509768015,17.266303552170353,0
univ3-conc-c50,536,10000,198.066143577437,-438.48765924791,438.48765924791,-240.421515670473,29842.11600842694,105889.46137416185,0.21986126282398152,1971,1564,347825.8006001364,1.0204041671658401,1.0204043852743407,202.04041671658402,0.0021189425085673674,85.9329445092417,0
univ3-conc-c50,537,10000,26.759590878755688,-160.0129806500537,160.0129806500537,-133.253389771298,9654.963957402766,119132.60090643709,0.07496813817087417,536,525,153891.0473057996,1.0203982507612204,1.0204043588015856,202.03982507612204,0.058822317482900455,86.57890930611123,0
univ3-conc-c50,538,10000,54.59358364081145,-11604.12218063509,11604.12218063509,-11549.528596994278,25603.074290290362,77010.65274743343,0.2495092521186559,927,2281,2803274.704445743,1.0203987686526934,1.0204043415504744,202.03987686526935,0.05395104905788628,64.3198757310599,0
univ3-conc-c50,539,10000,37.64180305065405,-4184.342671343503,4184.342671343503,-4146.700868292849,36907.574434054506,75583.76686053026,0.3280925803649494,1770,3135,2055292.0072846448,-0.9999887322110043,1.020404348512969,0.001126778899581913,20203.92663538218,106.7799829552167,0
univ3-conc-c50,540,10000,141.1721008860508,-4246.559491686896,4246.559491686896,-4105.387390800845,117682.63515552561,119671.3675779482,0.4958106195818915,4866,4366,2400719.6733840522,1.0203983201095883,1.0204043667182559,202.03983201095883,0.058548562204432886,90.5869240700577,0
univ3-conc-c50,541,10000,17.43785055048123,-4208.424009509204,4208.424009509204,-4190.986158958723,11016.446045797074,92978.89549751817,0.10593211082641235,485,1017,1139850.108110931,1.0203993205625153,1.0204042898725074,202.03993205625153,0.04856923539154906,42.0996734967568,0
univ3-conc-c50,542,10000,49.50420796802228,-1091.4676193644293,1091.4676193644293,-1041.963411396407,61422.07479284698,113080.98069751178,0.35198280408471433,3765,3108,1059725.2496761014,0.21909182808740824,1.0204042639287028,121.90918280874082,7818.638689014417,99.12963906929552,0
univ3-conc-c50,543,10000,70.01877096738554,-3664.636456070411,3664.636456070411,-3594.6176851030255,37257.09281273884,45681.52467993197,0.4492128508897705,2029,3775,2096693.6152618045,1.020403986665193,1.0204043902919937,202.0403986665193,0.003961298459911666,82.93519514019627,0
univ3-conc-c50,544,10000,57.27989740643713,-6861.685606829373,6861.685606829373,-6804.405709422936,31759.706025715168,163276.99599005264,0.16283963837302554,1310,1559,1767763.583746716,1.0204006819598426,1.020404373757332,202.04006819598425,0.03555977273245503,83.85583403727492,0
univ3-conc-c50,545,10000,628.8566409275395,-1019.9779709487497,1019.9779709487497,-391.12133002121016,83116.7222163201,170436.33341234433,0.327808008506302,3495,2279,537224.1730796401,1.0204043875693471,1.0204043952338602,202.04043875693472,0.00010860590530131775,93.23300619833327,0
univ3-conc-c50,546,10000,17.580826886452385,-1367.1062186372044,1367.1062186372044,-1349.525391750752,5474.551172765265,219245.78850219058,0.0243616184484407,305,239,302050.220614852,-0.9999891768016405,1.0204038998526048,0.0010823198359605703,20203.931035492384,305.13540527244663,0
univ3-conc-c50,547,10000,56.95298611582082,-3471.2910893300536,3471.2910893300536,-3414.338103214233,82887.5655216434,46971.18235431131,0.6382901951343338,5182,5562,2507675.0351255527,0.45352283949640565,1.0204043665087708,145.35228394964057,5505.531587336936,98.21059136074548,0
univ3-conc-c50,548,10000,9.95007537388941,-1623.9608921752463,1623.9608921752463,-1614.010816801357,16511.67666020354,93955.0026926658,0.14947201053685563,776,1446,867337.7468189801,-0.9999890521387235,1.020404262585479,0.0010947861276556499,20203.9298264022,159.14265862726558,0
univ3-conc-c50,549,10000,22.330466877925836,-1010.4453835318964,1010.4453835318964,-988.1149166539706,22541.367162587023,49467.84217069692,0.3130345044931357,1764,2646,945187.5263032702,-0.4440065022638669,0.9999891864910885,55.59934977361331,14479.839555988276,101.7972663837582,0
univ3-conc-c50,550,10000,5.782698672523045,-896.8312702253594,896.8312702253594,-891.0485715528364,10546.278604252206,121545.9618848986,0.0798402583315892,470,771,474431.7394848316,-0.9999889381599922,1.0204042551950645,0.0011061840007773598,20203.928587270922,130.97145669698696,0
univ3-conc-c50,551,10000,21.75132432550109,-1227.0807531516743,1227.0807531516743,-1205.3294288261732,5632.51088184565,156035.44207949413,0.03483999629284953,282,368,354389.2899244873,1.0204023984478519,1.0204043241635432,202.0402398447852,0.01896803954656434,68.6646416531645,0
univ3-conc-c50,552,10000,5.316563360681725,-607.5866882753686,607.5866882753686,-602.2701249146869,4765.388839088098,82903.49639190777,0.05435667199978569,276,452,301202.7736180956,1.0204034074142365,1.0204039658424193,202.04034074142365,0.009281741534501009,55.18647110103805,0
univ3-conc-c50,553,10000,18.740614427036252,-2299.275836766223,2299.275836766223,-2280.535222339187,47811.27867420132,133797.72594320177,0.2632649123039117,2528,2397,1348299.6457724792,-0.4875212506470357,1.0204013999459542,51.24787493529643,14923.207375531321,101.98080623911477,0
univ3-conc-c50,554,10000,24.46113111758669,-1020.5900711496113,1020.5900711496113,-996.1289400320246,13361.516590042873,145140.06464339723,0.08429894822540676,509,642,429399.51247962355,1.0204018595761684,1.0204043564576535,202.04018595761684,0.02416562754003959,39.7306217339827,0
univ3-conc-c50,555,10000,187.401660087607,-4167.323963756382,4167.323963756382,-3979.922303668775,30746.732342360898,91138.84223324349,0.25225899331744966,1547,2060,1570247.9952733535,0.23976477814254607,1.0204043837158319,123.97647781425461,7613.792880554909,99.0478883338801,0
univ3-conc-c50,556,10000,5.947646896267351,-1047.3068403023103,1047.3068403023103,-1041.359193406043,4698.310746911473,142134.19291220346,0.0319977568305927,333,303,292549.3928831951,-0.9999891480362804,1.0204040098206753,0.0010851963719582232,20203.930739595013,202.7625046711033,0
univ3-conc-c50,557,10000,32.57484779593451,-6118.921129944395,6118.921129944395,-6086.346282148461,40756.32631914102,149155.11104444883,0.21460701306321056,2475,1992,1894229.8333044879,-0.9999884178253354,1.0204043712307413,0.0011582174664578153,20203.923338028024,106.7344285451224,0
univ3-conc-c50,558,10000,58.26650824274133,-304.6510920268395,304.6510920268395,-246.38458378409814,16618.922932848716,129994.83709754805,0.11335172721443873,1031,940,286326.32591369975,-0.999989147340541,0.9999891565995113,0.0010852659459012661,20203.930803508898,116.09850474915106,0
univ3-conc-c50,559,10000,16.42592617647585,-2515.6482593896135,2515.6482593896135,-2499.2223332131375,20408.3446396644,256459.5203681337,0.07371149641757664,762,634,721354.5754566651,1.0204033276793063,1.0204033276793063,202.04033276793064,0.010081445640817865,69.45967769035484,0
univ3-conc-c50,560,10000,65.9523603917896,-2157.32880103304,2157.32880103304,-2091.37644064125,39920.588709002644,75514.56777213684,0.3458269553740772,1730,2917,1440794.0548626217,1.0204042404457723,1.0204043176655926,202.04042404457724,0.0014649594416902278,85.91916807170469,0
univ3-conc-c50,561,10000,167.32660508543006,-1300.3958742897983,1300.3958742897983,-1133.069269204368,27758.21893955064,81525.65547468736,0.2540010508259778,1825,2193,908804.4822572167,1.020403725422488,1.020404364388056,202.0403725422488,0.006383473248205651,72.1248658647297,0
univ3-conc-c50,562,10000,21.287622800642044,-44.132989139153835,44.132989139153835,-22.84536633851179,147547.89147668012,28.75905143551947,0.9998051246499186,7818,1766,182218.76426137623,0.09001358714405427,0.3118842754168453,109.00135871440543,9101.481879495761,99.63677897888302,0
univ3-conc-c50,563,10000,32.223527724036984,-242.7947355801203,242.7947355801203,-210.5712078560833,178955.54854283493,1720.3598316512198,0.9904782001810367,7802,5199,722147.973372931,1.016869029933747,1.020403978717941,201.6869029933747,33.956615493637564,95.99120198730567,0
univ3-conc-c50,564,10000,58.947659236823704,-134.6109730270416,134.6109730270416,-75.6633137902179,243469.0659524689,408.0416578818925,0.9983268554319012,10600,3460,413113.33927131747,0.257785518110949,0.6785723303249427,125.7785518110949,7435.365605210847,98.954955671467,0
univ3-conc-c50,565,10000,17.603724279608972,-5086.67280794733,5086.67280794733,-5069.06908366772,29430.80688772536,168840.8485379666,0.1484367839898094,1118,1427,1504856.3130483767,-0.9999891585227075,1.0204043698667256,0.0010841477292483095,20203.930949758964,218.39122965706557,0
univ3-conc-c50,566,10000,84.80450519501272,-3927.012032867742,3927.012032867742,-3842.2075276727296,55134.04648710994,90140.57854473648,0.37951601303409815,2545,3205,1971932.8850115626,-0.999988080161018,1.0204043529172082,0.0011919838981966865,20203.919887911212,109.61850464730547,0
univ3-conc-c50,567,10000,38.46166251131392,-1902.011994939298,1902.011994939298,-1863.550332427984,22439.22061353361,197647.96908781285,0.10195605043611645,971,840,706902.2225325231,1.020397856681268,1.0204043035240133,202.0397856681268,0.06264174256236288,51.24606829775438,0
univ3-conc-c50,568,10000,57.593286771020914,-575.0697363167651,575.0697363167651,-517.4764495457442,35402.41423795823,88837.56946387637,0.28495185835601056,2810,2201,618534.4116986649,-0.9999889692186613,0.9999891892392472,0.001103078133861811,20203.92910449623,112.53721362883763,0
univ3-conc-c50,569,10000,97.96701330944163,-299.2055709369214,299.2055709369214,-201.23855762747976,243215.57290614487,11801.516601204965,0.9537226441412083,8787,5122,722477.2227973468,-0.6059864859276732,0.9999891456153829,39.40135140723268,16134.196810785808,102.45326020043706,0
univ3-conc-c50,570,10000,16.30408107524382,-2303.325651853816,2303.325651853816,-2287.0215707785724,16171.49252823166,231169.10017556438,0.06538147398877592,616,637,650510.4062487746,1.0203998797344906,1.0204041035774025,202.03998797344906,0.04318814360534162,45.819512705477635,0
univ3-conc-c50,571,10000,138.0827809903779,-2414.426684930501,2414.426684930501,-2276.343903940123,50268.41008741509,238411.63627625318,0.17413191774290085,1882,1524,1059090.0237344005,1.0204040930643172,1.0204043088893653,202.0404093064317,0.0028256066192843265,67.94677806911939,0
univ3-conc-c50,572,10000,6.259993540383218,-315.2319357703605,315.2319357703605,-308.9719422299773,6131.176181518682,83125.56449836622,0.06869146391428135,300,537,234422.85681499884,1.020398986043236,1.0204042831595934,202.0398986043236,0.051749808232630645,61.81167045016577,0
univ3-conc-c50,573,10000,2.2861157722955068,-286.7333073852783,286.7333073852783,-284.4471916129828,1013.8714105542601,189602.06976745944,0.0053189224588903565,65,59,63443.34118685769,1.0204033561199395,1.020404361495239,202.04033561199395,0.009744926502487594,51.63776651458527,0
univ3-conc-c50,574,10000,0.9935082585729312,-230.7419608685375,230.7419608685375,-229.74845260996454,1641.4197148395715,171895.65158251429,0.009458611365101448,73,92,80918.26745858169,-0.9999891847731335,0.9999891847731335,0.0010815226866467897,20203.931098656223,167.5473347110451,0
univ3-conc-c50,575,10000,175.604813932278,-1829.4729123064653,1829.4729123064653,-1653.8680983741874,97471.4210952387,152591.10666288063,0.3897881940532926,4622,3368,1337033.526227787,1.0204011473337797,1.020404354892994,202.04011473337798,0.03133413593544532,88.1459098851723,0
univ3-conc-c50,576,10000,100.715187600568,-952.1435492211001,952.1435492211001,-851.4283616205321,42116.91231059115,178790.32813015173,0.1906542865075931,2120,1643,675466.03279198,1.0204025548513038,1.0204043876410613,202.0402554851304,0.017616478274124603,83.24196392931401,0
univ3-conc-c50,577,10000,31.890942245710804,-3505.7706320119487,3505.7706320119487,-3473.879689766238,6729.941894960181,63165.28174580235,0.09628614867232951,401,817,886464.7236797109,1.0204032796173315,1.0204043338350248,202.04032796173314,0.010531992258846046,44.438527779382895,0
univ3-conc-c50,578,10000,66.2750297437678,-9558.97869525659,9558.97869525659,-9492.703665512823,38929.70678388626,170301.96181932287,0.18606029882461667,2264,1848,2281130.018561422,-0.9999891282010944,1.0204042576158876,0.0010871798905621145,20203.93071589102,183.1108844988538,0
univ3-conc-c50,579,10000,10.521675564336388,-2825.071089853553,2825.071089853553,-2814.5494142892167,19226.60998301406,71180.00961240302,0.21266816599333063,1166,1984,1345167.4278675865,-0.9999891525159619,1.0204038008800351,0.0010847484038094264,20203.930918202364,143.8945402773289,0
univ3-conc-c50,580,10000,64.20766626215509,-11038.741790784963,11038.741790784963,-10974.534124522808,49225.08559660314,117810.0959566683,0.2946989079716964,2738,2749,3060011.18250795,-0.9999890547852901,1.020404339799752,0.0010945214709922853,20203.930028129886,157.51798221163267,0
univ3-conc-c50,581,10000,2.004174027954349,-1881.2515880144879,1881.2515880144879,-1879.2474139865335,3649.498126840794,95906.0600669065,0.03665790432050438,308,403,460811.4590678519,1.020403900163618,1.0204041811745557,202.0403900163618,0.004547792451791821,27.90702266373063,0
univ3-conc-c50,582,10000,12.478857976332707,-2288.847256414085,2288.847256414085,-2276.3683984377526,18780.770445065016,114285.59179407601,0.1411383773407215,958,1230,929089.0779195102,1.0204020449871842,1.020404341856289,202.04020449871842,0.02243416318117042,66.33948181015751,0
univ3-conc-c50,583,10000,82.41188319312332,-442.39651022424533,442.39651022424533,-359.98462703112205,6825.792668958806,72721.19861401006,0.08580830725171901,442,605,265097.7824878347,1.0204038119917376,1.0204043738653643,202.04038119917377,0.005410383216287326,62.790361907341946,0
univ3-conc-c50,584,10000,31.060662697847604,-76.72004824534048,76.72004824534048,-45.659385547492874,216003.1791718623,251.431132436099,0.9988373374695583,11774,2670,295171.3996430323,-0.6034726938956146,0.6548183008972279,39.65273061043854,16108.43975754819,102.45791525013938,0
univ3-conc-c50,585,10000,8.527912246898236,-2191.5876510549538,2191.5876510549538,-2183.0597388080555,11835.15824669372,55074.1167168245,0.17688367200431854,877,1543,1059790.1272698396,1.0204038239869127,1.0204043772559392,202.04038239869126,0.005361454616825689,62.998818361584135,0
univ3-conc-c50,586,10000,72.59505828876837,-5872.256464319721,5872.256464319721,-5799.661406030953,23381.61270897264,142455.5056086151,0.1409914315092927,851,1208,1408759.2540254334,-0.9999890763768007,1.020404315156933,0.001092362319930992,20203.93007000654,135.47173399506005,0
univ3-conc-c50,587,10000,74.54775864280822,-7738.615913789752,7738.615913789752,-7664.068155146944,35439.79057266772,79773.9689264697,0.30760033113000756,1651,2676,2501767.598428788,1.0204000832473241,1.020404375163263,202.0400083247324,0.04137689699903653,79.6243781498357,0
univ3-conc-c50,588,10000,4.910350842876826,-2715.547018738167,2715.547018738167,-2710.63666789529,14062.151153528808,108380.33145079136,0.11484699472299535,772,1073,955915.9023398345,-0.9999891340200117,1.020404291915109,0.0010865979988304714,20203.930660733284,142.9535982638559,0
univ3-conc-c50,589,10000,86.63624854464939,-1205.112354113121,1205.112354113121,-1118.4761055684717,44878.34798811988,113066.17599601089,0.2841399426587842,3234,2300,888934.963389704,-0.9970699294514064,0.9999891844832142,0.2930070548593653,20173.5371895662,104.12931698699431,0
univ3-conc-c50,590,10000,122.21470475971472,-401.5542325261492,401.5542325261492,-279.33952776643446,143166.3028401669,61302.836439114486,0.7001853841846429,7081,4369,711624.3117367018,-0.5353621197210969,0.999989154835454,46.4637880278903,15411.554035692649,102.17605587213778,0
univ3-conc-c50,591,10000,81.04108397041382,-2490.362008775602,2490.362008775602,-2409.3209248051885,17243.05176280802,162573.04682952154,0.09589270314389725,750,857,785219.5473790288,-0.9999891647191909,1.0204042751477544,0.0010835280809170875,20203.93096611037,170.94502230468575,0
univ3-conc-c50,592,10000,44.06193989695297,-476.92043686943003,476.92043686943003,-432.85849697247704,20490.441625825413,200252.4740532727,0.09282491156188724,927,815,330231.651282564,1.020404299349233,1.0204043368457212,202.0404299349233,0.0007626762615409177,86.88299440932985,0
univ3-conc-c50,593,10000,14.617238810374301,-4572.8645854877705,4572.8645854877705,-4558.247346677396,19163.42059765401,68887.69323996097,0.21763972949843025,1215,2195,1787932.137191245,-0.9999890773432684,1.0204043576313118,0.0010922656731681666,20203.93014842762,127.52394978198895,0
univ3-conc-c50,594,10000,2.711604836402954,-1910.5707944645055,1910.5707944645055,-1907.8591896281025,4928.805895946476,132313.9464585755,0.035913050499122245,340,334,442554.9613618919,1.0204035627076309,1.0204043394556697,202.04035627076308,0.007786710145259085,40.779985185185986,0
univ3-conc-c50,595,10000,84.05676169758743,-8746.652947700142,8746.652947700142,-8662.596186002555,53322.928883382585,82772.65792206673,0.39180498159435917,3938,3754,3211853.0934118847,-0.9999632679062175,1.0204043501532087,0.0036732093782424983,20203.661641701412,104.341102744763,0
univ3-conc-c50,596,10000,128.79274649334272,-2169.629567051521,2169.629567051521,-2040.8368205581783,49801.64402547184,85248.19164136749,0.3687649361405357,2025,2946,1373344.532311028,1.0203987927678062,1.0204043863565182,202.03987927678062,0.053803897232722164,87.41606387806199,0
univ3-conc-c50,597,10000,107.68817272952127,-3735.0669574719022,3735.0669574719022,-3627.378784742381,48939.955688170565,148501.89004857693,0.24787022986719354,2661,2247,1607704.5458382315,1.0131008839700113,1.0204043258673439,201.31008839700112,70.1534797171634,95.73666565786881,0
univ3-conc-c50,598,10000,143.32639577423097,-4562.983686052715,4562.983686052715,-4419.657290278484,77859.49292402837,213414.45419312408,0.26730675261084275,2972,2430,1792171.8510137028,1.0204037249718052,1.0204043536779503,202.04037249718053,0.006460464171133107,92.16854290901698,0
univ3-conc-c50,599,10000,685.5052401615009,-1089.1505029405641,1089.1505029405641,-403.6452627790633,24159.703055681766,285269.8016207319,0.07807821390835631,785,670,299350.0377362616,1.0204030923186922,1.020404375336974,202.04030923186923,0.012341888434094811,85.52272691216025,0
univ3-conc-c50,600,10000,4.853446118802071,-1336.1410673033035,1336.1410673033035,-1331.2876211845014,9305.400840073431,87526.92523685991,0.09609808229413269,424,791,590631.0027861757,1.0204042602366625,1.0204042602366625,202.04042602366624,0.001112420245937898,53.75655396086622,0
univ3-conc-c50,601,10000,37.84054927251588,-863.4606194579537,863.4606194579537,-825.6200701854378,15860.237271373639,90885.98711347597,0.14857890630579218,625,1126,548775.9670080136,-0.9999890635519931,1.0204041799360917,0.0010936448006876366,20203.929920001632,110.0934412303796,0
univ3-conc-c50,602,10000,15.115245222421477,-249.54737150088195,249.54737150088195,-234.4321262784605,6299.934796106169,135538.31830531868,0.044416330985134526,258,351,163940.8211437062,-0.9999891565673201,0.9999891565673201,0.0010843432679865338,20203.930828884542,126.13494630676568,0
univ3-conc-c50,603,10000,56.40533556535135,-2061.3767172369476,2061.3767172369476,-2004.9713816715962,137494.59487257476,20857.35321612319,0.8682848334493471,7928,7228,2295486.07363658,0.13823125579993728,1.0204044014899756,113.82312557999373,8621.49853278627,99.4759488368599,0
univ3-conc-c50,604,10000,27.622776792071615,-1382.8415372433974,1382.8415372433974,-1355.2187604513258,14921.441792403524,260492.4062607014,0.05417825537053747,578,475,432154.879628075,1.02039571345019,1.0204042383515444,202.039571345019,0.08319220531100768,40.19395435154546,0
univ3-conc-c50,605,10000,9.839223298532312,-282.58659413078374,282.58659413078374,-272.7473708322514,77232.56867176508,413.69378868916357,0.99467207080444,4842,5591,817984.1092089724,-0.5900000746210379,0.993397405289495,40.99999253789621,15970.439613118227,102.41020392610012,0
univ3-conc-c50,606,10000,2.432658077494867,-833.2126195138886,833.2126195138886,-830.7799614363937,2528.3793258771198,65180.04521811209,0.037342167431978386,180,371,312868.6079082911,-0.9999891220982857,0.9999891220982857,0.0010877901714308929,20203.930467493592,127.25552115746517,0
univ3-conc-c50,607,10000,143.84623539350972,-2052.5047106364755,2052.5047106364755,-1908.6584752429658,16582.18550869938,161904.4332690959,0.09290436236759668,651,775,655088.7045008193,-0.9999891921443788,1.0204043497060493,0.0010807855621179916,20203.931241806466,122.22203561688673,0
univ3-conc-c50,608,10000,107.29480748788552,-675.3924634361995,675.3924634361995,-568.097655948314,78187.17168112504,99540.19236322805,0.43992759416390653,5053,3378,817140.7289585109,-0.9999888675735974,0.9999891708560894,0.0011132426402650705,20203.928224454754,105.19220550071998,0
univ3-conc-c50,609,10000,8.040903337675351,-4562.8511547889175,4562.8511547889175,-4554.810251451242,12068.625248303213,123268.48626817645,0.08917454431435569,963,893,1097911.3110936948,-0.061581026855248806,1.0204042630052867,93.84189731447512,10616.56960246281,100.24624707468026,0
univ3-conc-c50,610,10000,16.74772811058775,-4008.2514872624724,4008.2514872624724,-3991.503759151885,14055.566892296056,154351.76465083307,0.08346172796340773,971,780,935737.6046384285,-0.9999889375666952,1.0204042409346414,0.0011062433304861198,20203.92860879669,122.47292879266541,0
univ3-conc-c50,611,10000,97.81201938689756,-4727.402043727463,4727.402043727463,-4629.590024340566,39310.74405130472,239873.54371392913,0.14080571785028653,1521,1225,1265019.6285001717,1.0204040789787248,1.0204042266475266,202.04040789787248,0.00292903750692064,47.75684995178802,0
univ3-conc-c50,612,10000,154.06821818483616,-884.0091480651053,884.0091480651053,-729.9409298802691,12214.648936406678,169977.4687239616,0.06704268600234672,743,534,337842.13601358945,1.0204023064853533,1.020404320216023,202.04023064853533,0.01988129577908454,54.572305331533386,0
univ3-conc-c50,613,10000,25.03959640735864,-678.5752127325413,678.5752127325413,-653.5356163251827,14426.924251271861,163634.50326809572,0.08102217561803304,639,691,370701.2976442682,1.0204033273807218,1.0204043551283115,202.04033273807218,0.010080587684935624,65.467761243177,0
univ3-conc-c50,614,10000,339.4995427906847,-3500.8269077148448,3500.8269077148448,-3161.32736492416,42171.706365688784,183079.17223742782,0.18722105159906482,1714,1516,1166863.7187742123,-0.9999881808020832,1.0204041257451717,0.0011819197916723492,20203.92080810414,118.1689678595904,0
univ3-conc-c50,615,10000,1.8448790252753917,-807.1898445331581,807.1898445331581,-805.3449655078826,4138.937747901161,58802.39447778693,0.065758661304788,306,570,389035.41431448294,1.0204011948996958,1.0204035462850802,202.04011948996958,0.030537314423096262,51.05806734201403,0
univ3-conc-c50,616,10000,18.389407772556652,-234.9444451514392,234.9444451514392,-216.55503737888256,43836.658659480345,12437.336639327144,0.7789860738821452,3386,4475,647225.93039922,-0.9999889889185347,0.9999891278099916,0.001101108146535107,20203.929444044814,107.76120335627509,0
univ3-conc-c50,617,10000,39.64156134205447,-7656.202015626039,7656.202015626039,-7616.560454283985,33619.70246406171,199361.68507073968,0.14430209563002022,1456,1386,1769756.0414723156,-0.9999846250605134,1.0204043292371419,0.0015374939486607897,20203.883761904555,104.6636433113879,0
univ3-conc-c50,618,10000,76.99423530235308,-1199.4894935743173,1199.4894935743173,-1122.4952582719643,63985.29814661597,239402.3664826077,0.21090276766793972,2393,1881,836454.0403322185,1.020398223427325,1.020404299194242,202.0398223427325,0.05924010582006778,81.63107379049231,0
univ3-conc-c50,619,10000,96.71731299894046,-312.38351285378843,312.38351285378843,-215.66619985484797,65918.89657436774,104329.01302763476,0.3871935739385571,4418,2697,463248.02221927664,1.013408870878652,1.0204043942058352,201.34088708786518,67.19482247413151,96.09177552407807,0
univ3-conc-c50,620,10000,108.0449505313682,-9465.553490169592,9465.553490169592,-9357.508539638224,63882.310647132734,149022.2394686776,0.3000514108899207,2342,2771,2819237.3155965176,1.0204032559794394,1.0204043647773922,202.04032559794393,0.010945882763742532,77.39078559825987,0
univ3-conc-c50,621,10000,42.356176510880346,-1594.1259150891372,1594.1259150891372,-1551.7697385782567,8768.750518736295,100469.44496423425,0.08027183605484658,326,652,546754.4886413492,-0.9999891225923924,1.0203375861348698,0.0010877407607696636,20203.930492932537,122.78787575107806,0
univ3-conc-c50,622,10000,18.897335223273043,-1092.8256390484764,1092.8256390484764,-1073.9283038252033,16853.83851844592,41286.41727969702,0.28988242805399295,1510,2586,976770.9406725861,1.0204016613073918,1.0204043423616471,202.04016613073918,0.026210855434555924,92.90810835553661,0
univ3-conc-c50,623,10000,8.74516497980208,-2519.2945076376004,2519.2945076376004,-2510.549342657798,12550.827671265479,124518.30881551806,0.09156567257192616,823,901,837763.8833395863,1.0204030519690164,1.0204042975396264,202.04030519690164,0.012740033977237886,86.01573014315113,0
univ3-conc-c50,624,10000,10.795315732052558,-2954.3741047422245,2954.3741047422245,-2943.578789010172,10866.889961540255,162119.71695436476,0.06281925609895937,630,634,732823.0331556876,1.020403314048901,1.0204043642879888,202.0403314048901,0.010204605483085771,33.270632516992315,0
univ3-conc-c50,625,10000,133.0561001810282,-1666.849710501083,1666.849710501083,-1533.793610320055,80946.04458349112,69732.97510516575,0.5372084630677003,3323,4360,1519170.0911681391,-0.9999819447035317,1.0204043632504383,0.001805529646827786,20203.85610240789,104.8000712852069,0
univ3-conc-c50,626,10000,18.970790242276657,-386.4163542153927,386.4163542153927,-367.445563973116,32320.646618360992,35723.222970904244,0.4749971865718227,2328,3401,691959.2722439208,1.0204025498371865,1.0204043566850165,202.04025498371865,0.017743654351163693,90.71281131164903,0
univ3-conc-c50,627,10000,31.993381156611434,-511.8956399863746,511.8956399863746,-479.9022588297631,3103.9390779125056,54647.05470376856,0.05374693792537112,137,281,196573.10891971597,1.020398524461539,1.0204041023564019,202.0398524461539,0.05616311680777031,69.20764041483396,0
univ3-conc-c50,628,10000,108.65584059913338,-7444.108675805555,7444.108675805555,-7335.452835206422,136989.3916998624,105801.83256526402,0.5642271137043688,5153,5298,3572951.445348573,-0.9999890572277943,1.020404288363973,0.0010942772205673505,20203.93030720207,119.61462933631582,0
univ3-conc-c50,629,10000,8.77340100129068,-457.4659409706059,457.4659409706059,-448.69253996931525,6096.5350064785125,51886.12284721874,0.10514411087986661,440,801,341341.9936134081,-0.999989091936027,1.0203953975356215,0.0010908063972980336,20203.93018819435,144.8054846259827,0
univ3-conc-c50,630,10000,0.703530890499871,-218.02868483382272,218.02868483382272,-217.32515394332285,3622.9558666081252,93675.45479397629,0.03723550921346945,177,393,171592.21580594138,-0.9999890806663795,0.9999891563523924,0.0010919333620507312,20203.93003673356,135.3348578819516,0
univ3-conc-c50,631,10000,111.99803940125322,-2335.929385680046,2335.929385680046,-2223.9313462787927,10781.014228231856,189296.18173676604,0.05388427289893606,490,503,556777.8754434348,-0.9999891741802692,0.9999891956676873,0.0010825819730741328,20203.931033327157,177.22367047747647,0
univ3-conc-c50,632,10000,173.92920702673138,-1882.1382873232383,1882.1382873232383,-1708.209080296507,47613.11581038203,226983.70888170094,0.17339281276749152,1788,1457,864233.9205099723,1.0204041865431006,1.0204043791096753,202.04041865431006,0.0019187874091037282,87.79391393212764,0
univ3-conc-c50,633,10000,183.98068427747415,-1032.6433385878854,1032.6433385878854,-848.6626543104112,193855.54146422233,30693.91352309808,0.8633088932465622,7542,6412,1437979.6080687097,0.7338056227890456,1.0204043918704409,173.38056227890456,2768.061854217685,97.13453000383612,0
univ3-conc-c50,634,10000,100.36811102176762,-1062.9791302634737,1062.9791302634737,-962.6110192417061,30726.5504068782,93498.28256660944,0.2473462807024738,1089,1917,775430.0230070449,-0.9999889494431595,1.0204042442735106,0.0011050556840438881,20203.928796720935,119.34191686874206,0
univ3-conc-c50,635,10000,3.4386538147420764,-535.8329301622921,535.8329301622921,-532.39427634755,3480.2652217970867,207346.92761909857,0.016507667606348714,127,135,147206.57422499728,1.0204042807563576,1.0204042807563576,202.04042807563576,0.0008714856591940795,41.45820561370026,0
univ3-conc-c50,636,10000,22.355673327035728,-3283.0179051744785,3283.0179051744785,-3260.662231847443,13028.755763792658,117355.29175141436,0.0999259956420135,1000,994,971042.9696938968,1.0204041637065513,1.0204043707043702,202.04041637065512,0.002081021049624321,72.4763268572966,0
univ3-conc-c50,637,10000,37.37999685789994,-4776.795866134215,4776.795866134215,-4739.415869276316,54534.9672291641,68887.27283233752,0.44185689063809885,3471,4013,2476060.0209384044,-0.9999891200862924,1.0204043013051567,0.0010879913707631623,20203.930810307116,129.0679058391502,0
univ3-conc-c50,638,10000,11.313846389943585,-113.99852835789854,113.99852835789854,-102.68468196795496,98941.01877958541,464.3835330661455,0.9953283873686708,7605,3813,439029.4953836635,0.20154770743090608,0.5938605709084331,120.15477074309061,7992.613682283717,99.23445976650498,0
univ3-conc-c50,639,10000,40.02101354130782,-1658.4476173471046,1658.4476173471046,-1618.4266038057967,11358.28610494454,135802.0204915249,0.07718308263715619,482,753,629605.5432947943,-0.9999889694943377,0.9999891922410434,0.0011030505662230827,20203.928911085983,150.36570794272964,0
univ3-conc-c50,640,10000,10.74051560890743,-30.515613493782865,30.515613493782865,-19.775097884875436,94375.65832756466,41.82150204492551,0.9995570576325443,6460,1454,140707.81574597477,-0.04288367985025289,0.24546855751501495,95.71163201497471,10429.205240094163,100.16493752469623,0
univ3-conc-c50,641,10000,61.948704418213296,-3406.183974648874,3406.183974648874,-3344.2352702306607,12962.465363419278,105395.64500672588,0.10951902934983787,496,899,938935.7233570488,1.020404039598965,1.0204042832963995,202.0404039598965,0.003241719999095949,59.86077133900214,0
univ3-conc-c50,642,10000,124.75664299711676,-2221.0210136512337,2221.0210136512337,-2096.264370654117,102094.20816867352,88072.38305385312,0.5368672147528073,5510,4653,1815337.306773767,1.0204038651599883,1.0204044008210351,202.04038651599882,0.005339211312360925,87.8002578843329,0
univ3-conc-c50,643,10000,18.995835594239328,-2665.515564492068,2665.515564492068,-2646.5197288978284,25789.385515883845,161720.9785566922,0.1375357871200231,1563,1273,1014994.3358364044,-0.9999890901116255,1.0204040928574776,0.001090988837449219,20203.930249979385,176.0255444871919,0
univ3-conc-c50,644,10000,91.65588776611747,-3333.8817127366,3333.8817127366,-3242.225824970483,8708.07352315014,99699.0012104065,0.08032753899644354,574,671,785311.3120156426,1.0204043345603084,1.0204043345603084,202.04043345603085,0.0004018186527096068,43.50502343556149,0
univ3-conc-c50,645,10000,92.36285682787877,-249.24158580444262,249.24158580444262,-156.87872897656385,18896.43070312185,126610.8532054576,0.12986587472139374,754,847,214981.46640309243,-0.9999891627575049,0.9999891752738935,0.001083724249511698,20203.93094536738,112.08563231943062,0
univ3-conc-c50,646,10000,34.86329329220576,-893.874154671711,893.874154671711,-859.0108613795053,80143.3577799541,33461.7625716125,0.7054555070399953,4095,5560,1329940.2585902056,0.03035645488531088,1.0204043931169022,103.03564548853109,9696.620080327299,99.87357187932876,0
univ3-conc-c50,647,10000,40.642196049055244,-6865.945634436986,6865.945634436986,-6825.303438387931,32237.711556019847,183951.91735413505,0.14911775240345757,1395,1415,1679379.2795279855,-0.999989038811368,1.0204043729632988,0.00109611886319535,20203.92971772596,207.24050857232703,0
univ3-conc-c50,648,10000,76.60044147973124,-3317.788384563529,3317.788384563529,-3241.1879430837976,84977.84508563232,97685.81452669937,0.46521483948138,5137,4119,2104225.4196719173,-0.9999890148810622,1.0204043619495053,0.0010985118937824195,20203.92980336949,116.09301442264407,0
univ3-conc-c50,649,10000,86.95352562749761,-2355.160459476575,2355.160459476575,-2268.2069338490774,22667.40309749293,120461.54913501132,0.15837049558408783,952,1465,1010886.9395555912,-0.9999891144758217,1.0204041329592008,0.0010885524178291409,20203.930485827983,131.9835907771027,0
univ3-conc-c50,650,10000,1.1999476719486282,-406.97908936069007,406.97908936069007,-405.77914168874145,867.3188524417907,120939.97021252196,0.007120418318966294,70,82,103105.61238719182,1.0204000245235005,1.020404270630565,202.04000245235005,0.04174326574674225,65.57003906431606,0
univ3-conc-c50,651,10000,26.394431467365056,-1552.9546031837178,1552.9546031837178,-1526.5601717163527,5946.924994216352,149924.03344578826,0.03815287372153645,221,323,369665.17753336206,1.0204028313899043,1.020404174711887,202.04028313899042,0.014804193134613897,69.76828640236748,0
univ3-conc-c50,652,10000,12.304824001622276,-1217.0401625555073,1217.0401625555073,-1204.735338553885,12550.896306950368,117039.17086358814,0.09685075855724024,699,778,535437.1234966884,1.0204042493634953,1.0204042493634953,202.04042493634952,0.0012316164699086585,67.28073571738732,0
univ3-conc-c50,653,10000,23.273035551577482,-5161.792502595811,5161.792502595811,-5138.519467044233,17261.53744873187,44215.18770417971,0.2807816682784761,1386,2530,2022894.616386652,1.0203982094806374,1.0204043652109047,202.03982094806375,0.059355668292852215,91.85372398830214,0
univ3-conc-c50,654,10000,18.60102368792135,-6589.271043163862,6589.271043163862,-6570.6700194759405,33530.75131257059,71088.31218770136,0.32050326384811717,2108,3129,2552865.9653551485,-0.78103242226856,1.0204042773567799,21.896757773144003,17934.239886670468,103.18343145795929,0
univ3-conc-c50,655,10000,109.65786272804498,-763.9256883426851,763.9256883426851,-654.2678256146402,238250.38924751055,52488.31160199285,0.8194656870632346,9472,6040,1264121.9558117872,-0.32562491173834474,0.9999891805627042,67.43750882616553,13277.591303181187,101.30606533075216,0
univ3-conc-c50,656,10000,38.012120627435785,-3408.460992211316,3408.460992211316,-3370.44887158388,23136.021191403037,206633.52336929907,0.10069228816045636,1211,977,992948.3481077694,-0.9999891389707427,1.0204043763983994,0.0010861029257214167,20203.930729695338,126.97958699102001,0
univ3-conc-c50,657,10000,170.60100911983787,-3638.434582668217,3638.434582668217,-3467.8335735483793,30270.370126650578,245883.6547152051,0.10961408273511647,1013,995,1015156.3978294738,1.0203955355321939,1.0204041485858235,202.03955355321938,0.08494603225002703,59.091139205076885,0
univ3-conc-c50,658,10000,54.920733975152494,-853.1024294215285,853.1024294215285,-798.181695446376,30555.005319525044,73250.84284206208,0.29434762935477643,1211,2286,786712.9636410868,-0.9999891529036563,1.020404236621897,0.0010847096343683832,20203.930936924604,127.85032111518267,0
univ3-conc-c50,659,10000,12.478922193724415,-7637.276603861401,7637.276603861401,-7624.797681667676,27784.209817190836,94909.17844385418,0.22645238028700107,2143,2171,2270657.677280815,1.0204031028725506,1.0204042860445697,202.04031028725507,0.012377156825635893,51.036525213575416,0
univ3-conc-c50,660,10000,305.30940438764776,-817.9182364149368,817.9182364149368,-512.608832027289,28498.647752322642,84417.90692838376,0.252386798666574,1043,1777,539908.2291898641,0.3860775906704279,1.0204043706222368,138.6077590670428,6168.801639285751,98.47884106501276,0
univ3-conc-c50,661,10000,24.687508028297813,-1176.8102139157477,1176.8102139157477,-1152.12270588745,27138.822733090044,112428.95352347079,0.1944490588085464,1957,1755,831792.8942949383,-0.9999890076287505,0.9999891736051006,0.001099237124941918,20203.92944255478,114.15948571921379,0
univ3-conc-c50,662,10000,212.11874701598737,-1409.5785130382442,1409.5785130382442,-1197.4597660222569,144546.26728404625,59739.1203059976,0.7075702721044298,8106,5657,1527765.662678766,-0.3217039330395897,1.0204044052207186,67.82960669604103,13237.86892732672,101.29361979293853,0
univ3-conc-c50,663,10000,280.47629793083587,-428.145493633608,428.145493633608,-147.66919570277213,10616.948528473356,238734.02033010742,0.04257833276956205,364,294,115080.14713882774,1.02040174515352,1.0204043692066163,202.040174515352,0.0252428673134375,91.26406102827708,0
univ3-conc-c50,664,10000,130.44640067249048,-1001.3052399046437,1001.3052399046437,-870.8588392321533,30058.67759981393,141262.9504035607,0.1754517392236189,1085,1570,669142.5704807234,1.020404371377374,1.020404371377374,202.0404371377374,0.00011720760421943255,88.90739423377586,0
univ3-conc-c50,665,10000,12.252225511300141,-444.2308003281535,444.2308003281535,-431.9785748168534,3953.461146482154,238137.72229473785,0.016330463134945426,127,108,116782.00232479915,1.0203999693624377,1.0204032745797105,202.03999693624377,0.04227728643868997,46.72329681313615,0
univ3-conc-c50,666,10000,116.0114220277334,-7316.056281083122,7316.056281083122,-7200.044859055388,45205.98900236131,242437.56785100076,0.15715974832492735,1740,1417,1706290.6781256837,1.0204007697104274,1.0204041229230887,202.04007697104274,0.03473044134202041,34.299933565995524,0
univ3-conc-c50,667,10000,4.202130821109322,-2594.9924856037082,2594.9924856037082,-2590.790354782599,10563.79340851558,118821.73756732352,0.08164586355864024,764,783,804265.4023363957,1.020403531287397,1.0204042982249473,202.0403531287397,0.00813325600484327,44.06651226738637,0
univ3-conc-c50,668,10000,1.3178411125331102,-792.4085843502812,792.4085843502812,-791.0907432377481,3644.309387251978,141883.1848622009,0.025042067865232137,238,251,246711.7496805645,1.0203987085042152,1.0204040416392601,202.03987085042152,0.05439850515835687,55.263872548945464,0
univ3-conc-c50,669,10000,42.9767898330354,-117.44431896338764,117.44431896338764,-74.46752913035225,236831.4900791752,507.05729484363525,0.9978635695699082,10327,3486,411374.5496923053,-0.7749496202716041,0.8331795548760492,22.50503797283959,17871.47459143327,103.17282136309223,0
univ3-conc-c50,670,10000,102.70858252222817,-1466.9434162675539,1466.9434162675539,-1364.2348337453257,13630.089436720431,103811.21739254234,0.11605873439858752,439,825,600899.0602485385,1.020398907246777,1.02040426848233,202.0398907246777,0.05252723749326549,70.1268352414169,0
univ3-conc-c50,671,10000,27.82041217055039,-6016.782776532439,6016.782776532439,-5988.962364361889,20397.25090740672,69261.30375614739,0.22749921615341553,1453,2120,2014391.1089299796,-0.999989122846415,1.0204043638796794,0.001087715358514346,20203.930633367763,196.57284604550597,0
univ3-conc-c50,672,10000,31.49734795082026,-3454.786087525978,3454.786087525978,-3423.2887395751577,38973.20086888862,70073.44154027896,0.3573993660680756,2626,3206,1880236.2155534758,1.0204037117340683,1.0204043774549931,202.04037117340684,0.006602992563861765,85.07281675444192,0
univ3-conc-c50,673,10000,7.167408738251922,-572.6616313942698,572.6616313942698,-565.4942226560179,5253.119794219928,245705.09224443065,0.020932249044756837,212,229,210015.51003884384,-0.9999891665739772,0.9999891665739772,0.0010833426022830764,20203.930924010885,208.3391821168631,0
univ3-conc-c50,674,10000,27.569648261327046,-3805.4888155901867,3805.4888155901867,-3777.9191673288597,20273.046327162498,95996.40902740686,0.17436261540349404,1112,1640,1404039.4694839995,-0.9999891412502682,1.020404309175687,0.0010858749731922912,20203.930782664032,112.31457047343919,0
univ3-conc-c50,675,10000,41.039328477475074,-68.27627468017599,68.27627468017599,-27.236946202700913,237649.14228706982,125.54296435448006,0.9994720087034424,11324,2189,243261.43633702182,-0.23636334059624176,0.3844536363765016,76.36366594037582,12374.858621081705,100.94105821059277,0
univ3-conc-c50,676,10000,31.393861507621963,-2454.8489633754116,2454.8489633754116,-2423.45510186779,49057.454436539054,145394.30501593486,0.2522859889500214,2277,2117,1287445.6620974555,1.020404190643649,1.0204042280108068,202.0404190643649,0.0019370778217133733,83.65176315775184,0
univ3-conc-c50,677,10000,25.511866142684536,-6644.032456643841,6644.032456643841,-6618.520590501157,13131.778748682611,70239.21435066182,0.15751016343340007,760,1687,1864458.8407340252,-0.9999891785359454,1.0204043466112325,0.0010821464054707572,20203.931153991878,152.7301053883448,0
univ3-conc-c50,678,10000,37.78036082230818,-552.6088982315894,552.6088982315894,-514.8285374092811,10633.292889031325,197280.17859929084,0.05114287599025811,426,483,289603.2029484125,1.020404303680248,1.020404303680248,202.0404303680248,0.0006803103166935776,74.18050330198702,0
univ3-conc-c50,679,10000,18.912083903891475,-3672.130868489334,3672.130868489334,-3653.2187845854423,16671.53519414713,107485.50092261935,0.1342778123220337,683,1253,1177616.0560925493,1.020403077156721,1.0204043318958416,202.0403077156721,0.012511498309045521,61.28312041766061,0
univ3-conc-c50,680,10000,77.97618958734516,-302.22754519390605,302.22754519390605,-224.25135560656088,277016.13646873395,793.8294817491172,0.9971425449802237,9868,5435,797014.2306050287,0.3362699154989468,0.6621951663518376,133.62699154989468,6659.761926578904,98.66863183944704,0
univ3-conc-c50,681,10000,45.02363932839529,-723.166218323957,723.166218323957,-678.1425789955617,52214.85697289153,28932.592529582897,0.6434565385976715,2994,4803,1112037.8660757947,-0.9999891287390387,0.9999891521084353,0.0010871260961362456,20203.9309026772,113.9275243100176,0
univ3-conc-c50,682,10000,69.33846521388172,-10073.402166645406,10073.402166645406,-10004.063701431525,55835.78851536953,104916.63011255242,0.34734027016170266,2823,3522,3286629.192053214,-0.9999888301916231,1.0204043571447008,0.0011169808376961152,20203.92773197194,144.58013305454293,0
univ3-conc-c50,683,10000,346.3050239377709,-404.53576554595423,404.53576554595423,-58.23074160818334,47453.06608729417,117841.0817969669,0.2870825537061409,1899,1404,185088.78684680475,1.0204016960468376,1.0204043762983335,202.04016960468377,0.0258386654624424,93.46698194069094,0
univ3-conc-c50,684,10000,9.602813459664135,-827.7943998705965,827.7943998705965,-818.1915864109324,3947.5036806110716,130595.32415934186,0.029340127184682586,261,249,253466.79748628242,1.0203977605919283,1.0204041187038009,202.03977605919283,0.06350316005428525,35.005667386685694,0
univ3-conc-c50,685,10000,46.03059600157664,-6396.356109268192,6396.356109268192,-6350.325513266615,20992.750509916877,100251.85337854359,0.1731437922732566,1636,1633,1787035.7427956804,1.0204016694598803,1.0204043835639203,202.04016694598803,0.026094742077939437,74.53254446695522,0
univ3-conc-c50,686,10000,54.59902524410073,-1253.6943322433606,1253.6943322433606,-1199.09530699926,52667.05086835099,60589.261204341936,0.46502530326563113,3629,3882,1275268.454848381,1.0204010338844816,1.0204043930707387,202.04010338844816,0.03240034943377168,77.92447921593649,0
univ3-conc-c50,687,10000,18.512406138959925,-1212.0784351460643,1212.0784351460643,-1193.5660290071044,29704.89776742217,52929.670024185245,0.35947302153662475,2135,3181,1157350.85476058,1.0203967445202944,1.020404388370285,202.03967445202943,0.07348867901740874,85.59749766811757,0
univ3-conc-c50,688,10000,1.9038637754283554,-2141.3705621201116,2141.3705621201116,-2139.466698344683,3673.7608112558396,74957.91430697238,0.04672113122011052,188,439,511251.016885369,-0.9999891740268301,1.0204043605673203,0.0010825973169994191,20203.93101213374,296.8381024912803,0
univ3-conc-c50,689,10000,48.32489387582013,-628.8960058956663,628.8960058956663,-580.5711120198462,118636.16311155794,73233.23878938492,0.61831726130468,6254,4541,1005247.1302700698,1.0204015152092714,1.0204044087544215,202.04015152092714,0.02792812117954213,89.76886576258029,0
univ3-conc-c50,690,10000,14.311047594400558,-6820.680146560617,6820.680146560617,-6806.369098966216,18974.08683488809,62744.221532303905,0.2321889331045642,1012,2060,2064238.526973319,1.0204032009247141,1.0204043502656126,202.0403200924714,0.011378564705114086,75.62694109864069,0
univ3-conc-c50,691,10000,251.0558969382463,-821.6590327254602,821.6590327254602,-570.6031357872139,61918.48381918125,194822.6976303661,0.24117082997590303,2292,1967,638652.5299145988,-0.9999891627986258,0.9999891673251156,0.0010837201374096354,20203.931082022395,130.8393435159028,0
univ3-conc-c50,692,10000,41.42129698638702,-2078.9686493902695,2078.9686493902695,-2037.5473524038825,28825.24831458572,203343.1718996108,0.12415662857158523,1120,1122,844231.3287985778,-0.9999880420433915,1.0204043222819905,0.0011957956608446285,20203.919308388482,112.0643809274625,0
univ3-conc-c50,693,10000,22.499437413565218,-2014.0270449890872,2014.0270449890872,-1991.527607575522,14678.404100417682,106355.53348415643,0.12127511005052567,912,1102,815736.7308357892,-0.999989111986143,1.0204043684372845,0.0010888013856965434,20203.93043772191,109.43152602398868,0
univ3-conc-c50,694,10000,198.0341510733164,-4791.983552350392,4791.983552350392,-4593.949401277076,53259.81072005144,139799.16051694166,0.27587327529406225,2710,2560,1884948.9037922614,1.0204043852168523,1.0204043852168523,202.04043852168522,0.00010744664607342802,74.99713505576915,0
univ3-conc-c50,695,10000,74.3980205642196,-4390.71603361094,4390.71603361094,-4316.318013046721,30760.917153158833,231337.91767645252,0.11736380733304783,1316,1121,1188968.4096483954,1.0203973789546514,1.02040423044982,202.03973789546515,0.06726206278613453,59.362736808104785,0
univ3-conc-c50,696,10000,204.90005433906722,-3648.811145215356,3648.811145215356,-3443.911090876289,64867.79574291651,193825.9755929738,0.250751285614417,2387,2277,1566002.3774440098,-0.9999889364771513,1.020404377275225,0.0011063522848828813,20203.928749290222,112.57374544884273,0
univ3-conc-c50,697,10000,58.89868677714889,-4579.250994245775,4579.250994245775,-4520.352307468625,35145.93545777016,105949.36485450891,0.24909359404589268,1958,2256,1799041.6942586007,-0.999989178467327,1.0204043799393814,0.0010821532672885229,20203.931248559493,140.3254392306608,0
univ3-conc-c50,698,10000,175.60889977496583,-330.7768983379986,330.7768983379986,-155.16799856303277,167668.89825880376,40395.29428736521,0.8058517720275121,6195,4138,559316.0879624594,-0.999988712088733,0.9999891449917778,0.001128791126708495,20203.92668622691,104.90806521623315,0
univ3-conc-c50,699,10000,143.1559607093796,-9661.896785265408,9661.896785265408,-9518.740824556027,67909.03729286915,138961.2514097839,0.3282686833317028,2378,3051,2954258.002300021,1.0203989960864188,1.0204043529700118,202.0398996086419,0.05187723012491574,84.27511345553144,0
univ3-conc-c50,700,10000,2.4338015608706716,-369.16599035910235,369.16599035910235,-366.7321887982317,2863.2838700793454,129761.86456492318,0.02158929813739357,176,198,147553.06132473226,1.0204015705135046,1.0204043119869883,202.04015705135046,0.02690567058422033,76.88228090323615,0
univ3-conc-c50,701,10000,102.34211070374725,-8541.679440592015,8541.679440592015,-8439.337329888269,25556.820396323696,103135.74512744888,0.19858816468774756,1476,1866,2155199.7566452697,1.0204031171725791,1.0204043815923614,202.0403117172579,0.012195658160338074,52.70554282196386,0
univ3-conc-c50,702,10000,46.71330766990583,-4483.618286295291,4483.618286295291,-4436.904978625385,30851.57761570424,88698.34505000564,0.2580643878956962,1612,2403,1839349.9471373963,1.020396980066197,1.02040435757917,202.0396980066197,0.07116880392703706,79.17456840546116,0
univ3-conc-c50,703,10000,11.473502807689485,-11377.219391737337,11377.219391737337,-11365.745888929647,15810.736073658027,57990.282265964604,0.21423466002730596,1253,2060,2613874.670126873,-0.9999891554046144,1.0204043542452523,0.0010844595385622398,20203.9309578035,136.3622804204815,0
univ3-conc-c50,704,10000,73.87179905134089,-553.4958038411348,553.4958038411348,-479.62400478979396,37519.65524765554,232780.2495860986,0.13880750446705378,1492,1226,447139.98101034405,1.0203996455377151,1.020404340091471,202.0399645537715,0.045506011742208335,81.81499073906875,0
univ3-conc-c50,705,10000,46.573443827798364,-3470.5523166616376,3470.5523166616376,-3423.9788728338394,46875.806523356216,18263.25544833962,0.7196266741410039,3547,6105,2628347.1049285615,-0.3595907228893006,1.0204043683157067,64.04092771106994,13621.951370731013,101.45358702177614,0
univ3-conc-c50,706,10000,45.289119547190026,-2246.6663418464727,2246.6663418464727,-2201.3772222992825,59665.73829228778,59281.51334955071,0.5016151064334551,2007,4012,1733379.1582574144,1.0204029704110167,1.0204042220067162,202.04029704110167,0.013729433368574795,88.297718567935,0
univ3-conc-c50,707,10000,145.56881420899424,-3482.742354146988,3482.742354146988,-3337.1735399379936,83684.03274762852,67980.05164524165,0.5517722477449154,3676,4792,2317311.8509354177,1.0204043380631125,1.0204043380631125,202.04043380631126,0.0007138721517920277,78.18641879933519,0
univ3-conc-c50,708,10000,12.97113709597132,-2255.6076389231735,2255.6076389231735,-2242.636501827202,11345.547123974937,92164.72389840113,0.10960793563686393,646,971,839927.8306015031,-0.9999890881445631,1.0204041558278454,0.0010911855436917166,20203.930166169815,127.36521796475098,0
univ3-conc-c50,709,10000,56.95123080470119,-13459.612550645215,13459.612550645215,-13402.661319840514,31473.265183549087,95632.90187086214,0.2476139900440559,1782,2408,3141414.554611917,-0.9999891169052006,1.0204043612267608,0.0010883094799402394,20203.930605437654,229.0286881279344,0
univ3-conc-c50,710,10000,20.828127604525047,-1754.670702595441,1754.670702595441,-1733.842574990916,29314.552931155173,60196.653805671594,0.32749589688074837,1573,2803,1268522.814435809,-0.9999891110306847,1.0204042895986891,0.0010888969315338659,20203.930549551184,123.37871282870498,0
univ3-conc-c50,711,10000,14.280004647391207,-9046.943959012086,9046.943959012086,-9032.663954364694,27487.43075771128,67412.56153925882,0.28964629071512454,1351,2512,2673420.6162552116,-0.9999890185993162,1.020404339731879,0.0010981400683851119,20203.929563265447,135.7026919679984,0
univ3-conc-c50,712,10000,518.6358455054376,-675.7995128500786,675.7995128500786,-157.163667344641,57362.240149385616,82868.95727374486,0.40905476957671605,2079,2395,391431.86319923477,1.02040318488844,1.0204043840089192,202.040318488844,0.011591784121605997,85.02737598750716,0
univ3-conc-c50,713,10000,152.0289426217141,-3347.145668589851,3347.145668589851,-3195.116725968137,16170.0298025038,121851.66999583256,0.11715570686442671,938,906,893668.2268275579,1.0204036496573143,1.0204043130905913,202.04036496573144,0.007007946249230734,78.07764903590488,0
univ3-conc-c50,714,10000,72.74131552310506,-5173.527486260415,5173.527486260415,-5100.7861707373095,141599.5022075297,50489.591884999165,0.7371553438599776,5408,6561,3353195.1027594977,-0.9999887713228329,1.0204043715359525,0.0011228677167091148,20203.927408238284,111.89803474042124,0
univ3-conc-c50,715,10000,40.02603927218666,-4409.766906972129,4409.766906972129,-4369.740867699942,18623.965710089495,70836.39917013832,0.20818119549393535,1180,1671,1499908.6201667031,1.015442722876435,1.0204043747006324,201.5442722876435,47.656783758953374,95.94146580123405,0
univ3-conc-c50,716,10000,31.491311361434185,-547.2138223801921,547.2138223801921,-515.7225110187579,89606.4543416302,20043.493583922118,0.8172047140639702,5070,5638,1084124.0867300772,-0.9999890658630665,0.9999891349628879,0.0010934136933528193,20203.93038937632,110.00443498299455,0
univ3-conc-c50,717,10000,12.563384647640998,-125.91469527300086,125.91469527300086,-113.35131062535986,88635.27614824683,669.1414970778086,0.9925071848098789,5314,3938,468162.0270998111,0.3244169001225953,0.6836623507002512,132.44169001225953,6776.741225980584,98.72515025958354,0
univ3-conc-c50,718,10000,11.895567526230575,-603.7538215970768,603.7538215970768,-591.8582540708462,16416.980093528957,194955.79893491944,0.07766837418227546,606,701,373068.7628910462,-0.999989191323816,0.999989191323816,0.0010808676183959413,20203.93122802386,151.07665137673703,0
univ3-conc-c50,719,10000,44.96642465179939,-317.76235831069687,317.76235831069687,-272.79593365889747,52474.65441020667,48417.963540516306,0.5201040024140898,2374,3462,623023.988972947,-0.9999891279829882,1.0204040344780128,0.0010872017011887415,20203.93078945045,107.2573289111001,0
univ3-conc-c50,720,10000,60.83431715832994,-742.0267172639033,742.0267172639033,-681.1924001055734,165282.42247542972,26795.854236988856,0.8604951340900051,7713,6256,1299656.2766767896,0.9892408389745233,1.0204043824914428,198.92408389745233,299.4803235175066,96.13148050933626,0
univ3-conc-c50,721,10000,42.140924744163684,-366.0862410401037,366.0862410401037,-323.94531629594,26352.90743471707,128378.89457693831,0.17031345264583686,1482,1363,390853.6677887049,1.0204027708565362,1.0204043691084201,202.04027708565363,0.015497157251527713,82.15250460101505,0
univ3-conc-c50,722,10000,39.303686845564116,-2568.1500883117237,2568.1500883117237,-2528.8464014661595,21265.088884712477,154281.21763622668,0.12113663514860666,1194,1117,897931.9905061063,1.0203998924713742,1.020404264115315,202.0399892471374,0.0431166629873303,62.40020232591469,0
univ3-conc-c50,723,10000,16.58034226196684,-5335.309760548565,5335.309760548565,-5318.729418286598,25739.93522190618,159853.8913444127,0.13868960890629864,1664,1432,1494747.3217604572,-0.9999891720416889,1.0204041991032282,0.0010827958311067979,20203.931120085872,128.91160817583662,0
univ3-conc-c50,724,10000,90.6795287043281,-340.79936706698265,340.79936706698265,-250.11983836265455,69233.19560169501,42096.081041405705,0.6218777098825741,4564,3853,634329.950819458,-0.9999886823765283,0.9999891598092835,0.0011317623471677172,20203.92628753365,107.33569419556993,0
univ3-conc-c50,725,10000,36.486287983139015,-2710.924665242169,2710.924665242169,-2674.43837725903,33918.63998917852,260501.25193576753,0.11520498756865623,1257,1054,932555.736940512,1.0203985904262176,1.0204042953072063,202.03985904262177,0.05561959164048025,45.70873996978709,0
univ3-conc-c50,726,10000,40.39856049454564,-1173.1757253393787,1173.1757253393787,-1132.7771648448331,5386.921064611213,229889.03949623712,0.02289618136833839,199,238,284586.5752594061,1.0204035393327027,1.0204038425824802,202.04035393327027,0.007999961179766313,54.16903366905275,0
univ3-conc-c50,727,10000,129.15886864346456,-373.7572208867077,373.7572208867077,-244.59835224324317,78218.3544977385,113019.92929235203,0.4090099165687638,4253,2711,490398.4525989225,1.0204014299713031,1.0204043862223247,202.04014299713032,0.028569533471657138,92.85888436652552,0
univ3-conc-c50,728,10000,167.33751998735,-2566.031940076186,2566.031940076186,-2398.694420088836,105749.72348426703,112879.52084427718,0.4836943191614021,5805,4300,1849571.6108230164,0.08009466325164397,1.0204043598954242,108.0094663251644,9200.334617799172,99.66198221640279,0
univ3-conc-c50,729,10000,8.508994099018206,-3601.7162385876845,3601.7162385876845,-3593.207244488666,15833.899889635917,156684.89637737186,0.09178072321539822,1040,924,1013549.670008799,-0.9999890953009745,1.0204041910904251,0.0010904699025545625,20203.93025957681,208.9385814085783,0
univ3-conc-c50,730,10000,5.000293728071414,-1879.2582494267806,1879.2582494267806,-1874.257955698709,6715.4230615313445,188542.73674753297,0.03439253482721596,338,350,438858.8187070729,1.020400595287788,1.0204043516896641,202.04005952877878,0.03628658997849499,59.683498641207,0
univ3-conc-c50,731,10000,216.77030929391034,-6281.666773527512,6281.666773527512,-6064.896464233602,79278.62623383387,203619.61791479186,0.280237250932471,3024,2729,2216346.7435276043,-0.9999887834539813,1.0204042953334902,0.0011216546018544586,20203.92720781499,124.39984901616288,0
univ3-conc-c50,732,10000,17.27932294467419,-7518.320109501781,7518.320109501781,-7501.040786557107,19173.602608772213,89219.7741033874,0.17688906084813677,1491,1708,1945705.002207362,1.0204043429158722,1.0204043840787314,202.04043429158722,0.0004152726620410413,79.2662698882511,0
univ3-conc-c50,733,10000,27.244639883777822,-1754.5249251340083,1754.5249251340083,-1727.2802852502305,50913.92578247251,23463.8716139919,0.6845312386851178,3695,5650,1867784.5134438179,-0.05846456431929042,1.0204039956848072,94.15354356807096,10585.33040161092,100.2393723827712,0
univ3-conc-c50,734,10000,13.912083537554942,-1286.85577944206,1286.85577944206,-1272.9436959045051,7363.391386001233,138004.65840133023,0.050653437235854956,225,451,416287.9179229196,-0.9999891036865496,1.0204043300845056,0.0010896313450341052,20203.930281453304,128.31237941132758,0
univ3-conc-c50,735,10000,154.78409755121342,-8565.2125047654,8565.2125047654,-8410.428407214187,28739.56707054417,127559.3408889349,0.18387567415375025,1408,1666,2042472.4740280963,-0.999989032855092,1.0204042621582368,0.0010967144908025366,20203.92967162731,118.99688162807234,0
univ3-conc-c50,736,10000,51.11494865325338,-1078.425602459266,1078.425602459266,-1027.3106538060126,27001.00912641812,151301.60428865228,0.15143361395136992,1028,1363,667429.0565787391,0.3701724324977354,1.020404341627756,137.01724324977354,6325.474995554615,98.53037177512664,0
univ3-conc-c50,737,10000,32.91406057705054,-2187.219850519943,2187.219850519943,-2154.3057899428927,54796.178853071375,91187.14936494832,0.3753591558841273,4177,3315,1529913.3378293673,-0.9999891446105592,1.0204041405080142,0.0010855389440828631,20203.931058396316,126.62826571614187,0
univ3-conc-c50,738,10000,69.39111350694009,-629.721696852639,629.721696852639,-560.3305833456989,65109.57790683213,77914.2154964337,0.45523598806564314,4003,3400,821125.5682718076,1.0204016649967034,1.0204043722689673,202.04016649967033,0.026337186493165632,91.82415555038274,0
univ3-conc-c50,739,10000,17.01420755334037,-1019.3968491807528,1019.3968491807528,-1002.3826416274125,89120.84317286435,68123.44970379783,0.566766790339209,5683,4684,1324565.4156741768,-0.9999890751820947,1.0204041074503851,0.0010924817905410892,20203.930484965324,121.64777944769699,0
univ3-conc-c50,740,10000,19.49305779077742,-16300.735018594705,16300.735018594705,-16281.241960803927,31737.568219028108,67579.77839874757,0.31955714988209083,2472,3115,3894708.42600844,1.0204040252711888,1.0204043450194817,202.04040252711889,0.0035847829120840835,84.62575815646454,0
univ3-conc-c50,741,10000,41.65452629582644,-1778.0719301629442,1778.0719301629442,-1736.4174038671179,80668.20826248825,28928.041697833403,0.7360489824395767,5748,6110,1924856.4445928866,1.020400488674433,1.0204043971897598,202.0400488674433,0.03783840248169135,95.66194468520477,0
univ3-conc-c50,742,10000,107.09876904458392,-2596.3696037166233,2596.3696037166233,-2489.270834672039,51019.893556580115,63772.64573877607,0.4444530443333792,2567,3784,1750830.2111212506,-0.999989009748034,1.0204041159851238,0.0010990251966078758,20203.929596907627,132.35171059481505,0
univ3-conc-c50,743,10000,133.70204147567443,-938.67907390042,938.67907390042,-804.9770324247456,14104.184722005934,118795.7439979971,0.10612635279677983,661,890,457655.371665897,1.0203974441780017,1.0204043622660643,202.03974441780016,0.06659164123085759,84.1320090263956,0
univ3-conc-c50,744,10000,3.0209875322217057,-4563.884042786848,4563.884042786848,-4560.8630552546265,13499.563263825466,112113.8991349281,0.10746908019278847,1073,1104,1261471.379743554,1.0204025986078389,1.0204043493706294,202.0402598607839,0.01711671882860344,51.98239017487564,0
univ3-conc-c50,745,10000,15.787649191575976,-6767.762279228734,6767.762279228734,-6751.974630037158,17692.529340848854,116038.22773635022,0.13229962745694654,716,1323,1636670.2149581197,-0.9999878297742291,1.020404368707849,0.00121702257709623,20203.917087397345,106.59549972683105,0
univ3-conc-c50,746,10000,23.551217399128003,-73.1313728977865,73.1313728977865,-49.5801554986585,163983.17257215802,133.64083661661468,0.9991856968592013,8927,2639,286981.1809501166,-0.2593598070585814,0.5213811843796595,74.06401929414186,12607.11981004418,101.02848243158687,0
univ3-conc-c50,747,10000,1.8423753843866737,-1363.4033950863698,1363.4033950863698,-1361.561019701983,4556.224872342144,86457.4406350763,0.050060887526508537,212,336,375890.28362653067,1.0204003883106787,1.0204043499141822,202.04003883106787,0.03826835835063136,59.147130478079994,0
univ3-conc-c50,748,10000,124.81879766049465,-5603.461200054417,5603.461200054417,-5478.642402393922,96400.97958979958,180239.2727705348,0.34847054529227967,4131,3186,2328610.6107309232,1.0203961210201917,1.0204042895956882,202.03961210201916,0.07957693540324584,65.84911581145109,0
univ3-conc-c50,749,10000,29.714438135366095,-8316.788389331843,8316.788389331843,-8287.073951196477,41398.87419513472,163827.92651323776,0.20172255305954198,2287,1931,2177105.6256240034,1.0204003736799152,1.020404317242447,202.04003736799152,0.038589502371536355,75.92248779143098,0
univ3-conc-c50,750,10000,7.807186700235256,-2200.1463089160256,2200.1463089160256,-2192.33912221579,7443.163620482041,112186.5187605031,0.062218368153630695,496,584,619341.9975223088,1.020397498315074,1.0204042611616218,202.0397498315074,0.0660492666921689,30.054351490408308,0
univ3-conc-c50,751,10000,290.2679249409296,-2362.3678966264174,2362.3678966264174,-2072.0999716854876,118942.31203834327,150602.9470588495,0.4412702803110886,4588,3754,1587031.9278324845,-0.3204544005085955,1.0204043703513819,67.95455994914045,13225.211321775114,101.2866927732182,0
univ3-conc-c50,752,10000,6.71739355181808,-4115.5588238115315,4115.5588238115315,-4108.841430259713,9901.892025670897,90021.66302674134,0.09909467312764367,459,1059,1167382.4832256353,1.020403907145927,1.0204040427657812,202.0403907145927,0.004519049384055673,77.42692162612333,0
univ3-conc-c50,753,10000,60.996542761140276,-5845.982241067375,5845.982241067375,-5784.985698306235,46283.07236063518,117885.75124827187,0.28192364020889576,2906,2592,2168729.2324818117,-0.9999891172085283,1.020404356817576,0.00108827914717324,20203.930674816085,116.90083946461168,0
univ3-conc-c50,754,10000,72.83669289430918,-217.41929419188466,217.41929419188466,-144.58260129757548,237792.3149793304,331.09443744211364,0.9986095678780468,8779,4607,609483.8235867878,-0.08526507708019963,0.694359184646963,91.47349229198004,10854.107665604339,100.34288258639835,0
univ3-conc-c50,755,10000,4.915589145514826,-1591.853912019156,1591.853912019156,-1586.9383228736413,6936.413699023952,118255.98253638533,0.05540603029900361,590,550,504511.95105923654,1.0204043280633817,1.0204043280633817,202.04043280633817,0.0004590115039420084,75.26623008941496,0
univ3-conc-c50,756,10000,17.023865556583534,-3365.7667853682838,3365.7667853682838,-3348.7429198117,13508.723689461487,148234.12588104786,0.08351975821702438,823,840,894777.0819244899,1.0204040146782167,1.0204042332672179,202.04040146782168,0.003495332236525428,29.392458375787093,0
univ3-conc-c50,757,10000,28.801179749570544,-2851.4500904617985,2851.4500904617985,-2822.648910712228,17882.150572601593,292615.3110914827,0.057591938036349,680,555,659232.5287059403,-0.9999891419277941,1.0204039248010872,0.001085807220585413,20203.930709208777,158.94831824420146,0
univ3-conc-c50,758,10000,90.34213155575496,-573.7620052134712,573.7620052134712,-483.4198736577162,86077.2349521885,51787.25716506149,0.6243611653026812,4786,4413,890621.1958124378,-0.9999888649220321,1.0204042519022503,0.0011135077967833994,20203.928228940425,106.84769461779557,0
univ3-conc-c50,759,10000,10.002009961651256,-5298.515272049493,5298.515272049493,-5288.513262087842,11243.49936317587,76402.95364523884,0.128282423044506,852,1097,1324342.051855802,1.0204039856466827,1.0204043650051497,202.04039856466827,0.003786904337319874,71.69126603690364,0
univ3-conc-c50,760,10000,54.09290066321289,-459.2122213485585,459.2122213485585,-405.1193206853456,65523.91342931153,18461.770864959635,0.7801795505973039,3526,5028,902734.4037969402,-0.7595249087438276,0.9999891633413387,24.04750912561724,17712.383106301655,103.10818805891064,0
univ3-conc-c50,761,10000,85.61508470388584,-2448.8236241626873,2448.8236241626873,-2363.2085394588016,123464.97372126908,91936.31787335535,0.5731858560700955,6779,5003,2026470.284134215,-0.9999888777340865,1.020404341126653,0.001112226591344558,20203.92850613978,109.84123302701997,0
univ3-conc-c50,762,10000,63.792648187117166,-817.6299883447068,817.6299883447068,-753.8373401575897,54687.29743533256,80597.74927599855,0.4042375618350738,2213,3167,928633.2369045613,1.0204036820752136,1.0204038634977808,202.04036820752137,0.0068611956690194376,95.76820015918756,0
univ3-conc-c50,763,10000,69.43693379741885,-1630.9981555459376,1630.9981555459376,-1561.5612217485188,46805.0383481701,143230.2681472953,0.24629653937115606,2366,2086,1028951.1758478474,1.020402406006401,1.0204043766369866,202.0402406006401,0.019079052149046954,83.24321816981625,0
univ3-conc-c50,764,10000,55.106727766690156,-215.1121511989885,215.1121511989885,-160.00542343229836,32279.034550676133,144084.3357005497,0.18302572980259643,1520,1338,289046.50429903076,-0.9999891098088711,0.9999891402954799,0.001089019112881692,20203.930455555426,112.10210031335453,0
univ3-conc-c50,765,10000,171.24037035822914,-3052.4664301280372,3052.4664301280372,-2881.226059769808,19529.93343151513,130356.06620228659,0.1302985834516249,1038,1141,971918.0025382023,1.0204037204986975,1.0204043434402736,202.04037204986975,0.006342528207852582,59.15366382988853,0
univ3-conc-c50,766,10000,93.97933393845449,-665.5881778419382,665.5881778419382,-571.6088439034837,22428.94226204342,179018.86070078646,0.11133872860446084,1064,928,424975.91633588035,-0.9999890865868835,1.0204028335148358,0.0010913413116567985,20203.930173033856,129.17125411408526,0
univ3-conc-c50,767,10000,95.6670986456612,-8835.690635160176,8835.690635160176,-8740.023536514514,46151.44673196548,231452.0268787224,0.16624952898351855,2009,1659,2049317.6261147338,-0.9999891142299098,1.0204043458980037,0.0010885770090326202,20203.93054842717,141.39502169550477,0
univ3-conc-c50,768,10000,103.63925013054893,-3401.188563135806,3401.188563135806,-3297.549313005257,68520.59865205982,88742.37677615491,0.43570712346935836,3083,3815,2003866.4612743303,-0.9999891621197392,1.0204042823230635,0.0010837880260849673,20203.931214733027,111.92007962805289,0
univ3-conc-c50,769,10000,19.764640435987125,-3268.6058739463683,3268.6058739463683,-3248.8412335103812,8737.918872631193,105043.16624141684,0.07679588275918421,543,751,851012.3121037103,1.0204030140279614,1.0204042166842058,202.04030140279613,0.013086643555162425,37.26992806776026,0
univ3-conc-c50,770,10000,27.62031207166771,-2600.2160440767966,2600.2160440767966,-2572.595732005129,25711.57349952001,137590.69455651654,0.15744774279985616,1600,1371,1028855.0705400745,1.020398019883204,1.0204043782783754,202.03980198832042,0.06113421315335679,57.98356107023355,0
univ3-conc-c50,771,10000,16.934179777145193,-1386.211324442304,1386.211324442304,-1369.2771446651589,32826.67603801975,123268.79112523617,0.21029871420729498,1137,1641,865711.0340418098,-0.9999890475151675,0.9999891336161332,0.001095248483247903,20203.929802500803,117.1002968466999,0
univ3-conc-c50,772,10000,39.67367581508311,-1084.0131367514145,1084.0131367514145,-1044.3394609363315,19898.783666405114,99593.42423883473,0.16652787671465005,774,1279,645816.3590597488,-0.9999887755655572,1.020404369274589,0.0011224434442788434,20203.926935700103,106.47163313139586,0
univ3-conc-c50,773,10000,4.87061316398803,-1657.5078435727578,1657.5078435727578,-1652.6372304087697,4381.471533506785,61778.74815400687,0.06622516603181254,249,560,536799.7704302771,1.0204043319949307,1.0204043319949307,202.04043319949307,0.0004056496494460049,60.991476141526256,0
univ3-conc-c50,774,10000,80.36845414565494,-2390.457085942869,2390.457085942869,-2310.088631797214,26787.249515125524,185452.26985651595,0.12621235476989456,1128,1170,896619.3133266681,-0.9999764412710015,1.0204040137375734,0.0023558728998541723,20203.798522329584,105.14823605591745,0
univ3-conc-c50,775,10000,124.26883643576326,-1025.4604486597323,1025.4604486597323,-901.1916122239691,86409.05697630269,132748.33571826483,0.39427854070489043,3778,3198,1005233.8043185082,-0.8415871732043727,1.0204040780544161,15.841282679562728,18559.92429396605,103.46699775840948,0
univ3-conc-c50,776,10000,231.71990169137237,-7172.8156183607925,7172.8156183607925,-6941.09571666942,41681.952003856684,172874.64879481058,0.1942701918687164,2044,1745,1851985.542762226,1.0204029740046374,1.0204043555617037,202.04029740046374,0.01359175762018107,79.8028225848472,0
univ3-conc-c50,777,10000,133.6357090377654,-4325.449930962706,4325.449930962706,-4191.814221924941,63841.01567603063,86298.55468728703,0.42521112536517797,4539,3868,2247764.6261659716,-0.9999889923749207,1.0204044002606667,0.0011007625079269103,20203.929524483985,121.75783026085003,0
univ3-conc-c50,778,10000,5.450610146738237,-362.10124128124187,362.10124128124187,-356.6506311345036,6865.4905103808405,101183.24188789168,0.06354068537402485,413,591,260452.75895609302,1.0203988192787028,1.0204043160051142,202.03988192787028,0.053359937564835036,70.4965545879545,0
univ3-conc-c50,779,10000,230.68351546720365,-2482.5917043753516,2482.5917043753516,-2251.908188908148,14103.598263204118,110830.77129432991,0.1128880572508049,516,785,740440.3185181473,-0.9999887647778489,1.020404314854872,0.0011235222151121198,20203.9267860875,119.5149394147438,0
univ3-conc-c50,780,10000,13.237639344915594,-4597.783295367299,4597.783295367299,-4584.545656022383,9741.645041068277,72230.32197689558,0.11884117699570919,563,1152,1276167.9457728474,1.0203983494965272,1.0204043693273086,202.03983494965271,0.05790702097685069,43.201264710126864,0
univ3-conc-c50,781,10000,96.64784234099872,-206.91400747981066,206.91400747981066,-110.26616513881194,33442.0523429671,206401.9018046773,0.13943254255381676,1368,1036,213859.71970433957,1.0204008980723993,1.0204043692565314,202.04008980723992,0.033460345717220286,88.30946982733876,0
univ3-conc-c50,782,10000,5.3443728582356185,-3115.730948843963,3115.730948843963,-3110.386575985727,11972.492049052153,153389.71840642538,0.07240162075769815,842,713,813451.679238852,1.020398437462003,1.0204042674460987,202.0398437462003,0.057053981305983825,30.849314336764525,0
univ3-conc-c50,783,10000,14.772990272381977,-4378.722472478017,4378.722472478017,-4363.949482205635,16071.072586882465,168285.55690387404,0.08717382516308293,838,836,1060679.873253735,-0.9999891651949688,1.0204041967083697,0.0010834805031151816,20203.9309749626,187.45760283221549,0
univ3-conc-c50,784,10000,97.99167049378823,-3729.4489002582277,3729.4489002582277,-3631.4572297644395,57529.27455495993,148729.4924979855,0.278917960079692,2565,2601,1713715.7693136507,1.0203982697696627,1.0204043367329627,202.03982697696628,0.05883381021213552,90.7681798913549,0
univ3-conc-c50,785,10000,33.31408551433952,-2381.5015019108473,2381.5015019108473,-2348.1874163965076,28073.013836266484,180849.18085854984,0.13437066309433623,1626,1365,1020478.7759168061,-0.9999891495654318,1.0204043084548855,0.001085043456805508,20203.930882760123,107.79334861455105,0
univ3-conc-c50,786,10000,41.06233254107046,-2435.835214445307,2435.835214445307,-2394.7728819042363,49378.35772551669,149290.40168375804,0.24854616232737944,2830,2151,1288299.6412633483,1.0204038188332274,1.0204043704420895,202.04038188332274,0.005532174452784755,69.39788457473159,0
univ3-conc-c50,787,10000,57.46372499763788,-920.5551202575263,920.5551202575263,-863.0913952598884,70081.7508012758,18490.55173843326,0.7912377661160664,3530,5853,1387487.5518435175,-0.5548241506757295,1.020404364514431,44.51758493242704,15610.487305105293,102.25641890206818,0
univ3-conc-c50,788,10000,86.38864993402665,-735.0982848019943,735.0982848019943,-648.7096348679677,33705.659332200885,118089.05914743974,0.22204764216958997,2180,1833,627694.8666613905,1.0203996514547224,1.0204043773302671,202.03996514547225,0.045511472721662116,76.4701005624904,0
univ3-conc-c50,789,10000,92.35374203644176,-5761.678132229569,5761.678132229569,-5669.324390193127,18786.07383692405,146399.4928199571,0.11372709018788524,1064,1108,1373618.4785045893,1.020402659434055,1.0204043548440511,202.0402659434055,0.01653506750668221,45.19913850165597,0
univ3-conc-c50,790,10000,161.7991002488664,-2641.3122695668894,2641.3122695668894,-2479.513169318023,43019.45747357674,205150.14538047128,0.1733470053497127,2058,1724,1168894.0663180265,-0.9999877613445269,1.0204041507806831,0.0012238655473007232,20203.916470935517,107.42707785417099,0
univ3-conc-c50,791,10000,134.9575714353498,-2554.5049815603325,2554.5049815603325,-2419.547410124983,31881.858381546434,94754.75626454687,0.25175861239378117,1151,2174,1300234.0323579991,1.0204039028876335,1.0204043527703357,202.04039028876335,0.004646470563505423,79.51436980792685,0
univ3-conc-c50,792,10000,21.165530674107973,-694.9456938678184,694.9456938678184,-673.7801631937103,109881.69706819423,23664.119972563218,0.8228014886805398,6766,5990,1268293.4709444086,-0.9999889359746317,0.9999891113578404,0.0011064025368287896,20203.92914774919,107.75392412089055,0
univ3-conc-c50,793,10000,85.82708737129069,-2508.4919649937706,2508.4919649937706,-2422.6648776224797,50115.08368079879,164377.06798128996,0.23364530260179478,2191,2131,1283672.33531054,1.0204004920122591,1.0204043418657318,202.0400492012259,0.03745442244450087,90.0232238598749,0
univ3-conc-c50,794,10000,11.743408946396357,-879.7876861988398,879.7876861988398,-868.0442772524434,8705.268841095301,176039.68276249286,0.04712046941220031,428,401,325396.74889245455,1.0204041153941994,1.0204042302950356,202.04041153941995,0.0024867361820942596,75.5775003864907,0
univ3-conc-c50,795,10000,8.029562804067652,-4539.963410082544,4539.963410082544,-4531.933847278477,21412.676420936576,87158.51541908154,0.19722244969446956,1037,1740,1568987.3906063908,-0.30546010111006267,1.0204043759824608,69.45398988899373,13073.37359081012,101.23265814628994,0
univ3-conc-c50,796,10000,45.919033735346986,-3544.120476034503,3544.120476034503,-3498.201442299156,29118.85873917679,155454.96422223983,0.1577626679231963,1811,1458,1249808.7915963782,1.0204026403698703,1.0204043747912603,202.04026403698703,0.016770300062109555,44.766029147773274,0
univ3-conc-c50,797,10000,2.4954913650190065,-2835.319179732652,2835.319179732652,-2832.823688367633,6489.157149629886,59116.01118225332,0.09891228564192624,527,956,919848.0731813222,1.0204018123830034,1.0204041439937959,202.04018123830033,0.024635960404218338,48.03513720874063,0
univ3-conc-c50,798,10000,37.76544456950686,-333.0274007136468,333.0274007136468,-295.2619561441399,171087.37005548645,5887.747288109808,0.9667312141023826,8931,5693,870279.1400594052,1.020403098108121,1.0204043612732494,202.0403098108121,0.012903639795830202,94.88059338914263,0
univ3-conc-c50,799,10000,31.693599220026908,-1264.0779876346724,1264.0779876346724,-1232.3843884146454,28609.233864357502,122754.75498639517,0.18900951330350224,1931,1633,806818.3313606812,-0.9999891567511834,1.0204043086642027,0.0010843248816614175,20203.9309855992,129.93298697183545,0
univ3-conc-c50,800,10000,28.120342617054252,-615.289317346672,615.289317346672,-587.1689747296177,18882.80420462105,60651.19593149313,0.23741801207414556,1075,1670,587771.0009931546,1.0204043691662532,1.0204043691662532,202.0404369166253,0.00013801432410506798,77.59413458054722,0
univ3-conc-c50,801,10000,176.78639047138068,-285.73676392582513,285.73676392582513,-108.95037345444445,180503.0429983083,62925.99998284244,0.7415016745240421,7379,3603,445735.13187722204,-0.999988662725161,0.9999891361089491,0.001133727483906971,20203.92621678597,104.84914144142202,0
univ3-conc-c50,802,10000,58.18657344303461,-2668.627540423492,2668.627540423492,-2610.4409669804572,81509.64855344832,108953.6844793221,0.4279545425125164,3862,3783,1812489.3098376289,1.0203987793226232,1.020404344266549,202.03987793226233,0.05406301481782705,87.95038740837605,0
univ3-conc-c50,803,10000,129.78483660319634,-4480.507564981639,4480.507564981639,-4350.722728378442,131936.14329404925,81252.63857074143,0.6188700087311642,7064,5427,2765900.028191831,1.0203983856652314,1.02040437363984,202.03983856652314,0.05808108789975108,89.95941612798795,0
univ3-conc-c50,804,10000,12.091201392714982,-197.68637183685217,197.68637183685217,-185.59517044413718,90161.37308461603,2373.9190643883053,0.9743457981354214,7242,4925,645760.5207604589,0.7010313295410612,1.0204039584610831,170.10313295410612,3086.5998269684537,97.2363674029311,0
univ3-conc-c50,805,10000,27.19534152546603,-7068.634230924999,7068.634230924999,-7041.438889399534,19767.276414986838,109367.33623798605,0.15307496579641278,1489,1352,1661721.5873041432,-0.9999890782554246,1.020404364296241,0.0010921744575355138,20203.93012918078,119.2981378612403,0
univ3-conc-c50,806,10000,9.793438281896213,-2032.0506998723858,2032.0506998723858,-2022.2572615904896,6711.996198750059,82715.50553912857,0.07505516835775669,527,768,696392.5739157972,1.0204038914524685,1.0204043593830578,202.04038914524685,0.004659034302601062,75.48629317156421,0
univ3-conc-c50,807,10000,89.86616848513935,-1882.8393506544944,1882.8393506544944,-1792.9731821693551,39680.490673970395,67502.51205531693,0.3702125305650526,2635,3364,1427338.3686287554,0.23293911118865013,1.020404346480433,123.29391111886501,7681.409029801257,99.07495247045713,0
univ3-conc-c50,808,10000,22.520162224380794,-60.759645617852144,60.759645617852144,-38.239483393471346,104404.78260161229,243.4236544452047,0.9976738860305968,4458,2254,234705.07978300334,0.03042398520330579,0.33553127318759207,103.04239852033058,9695.945446058979,99.8784555894213,0
univ3-conc-c50,809,10000,433.75938903936117,-5067.651620981531,5067.651620981531,-4633.89223194217,42353.72154361273,171990.23942614614,0.19759699014607782,1412,1677,1497230.7658480033,0.29663715793950274,1.0204043389847852,129.66371579395027,7051.120334016389,98.84999152418169,0
univ3-conc-c50,810,10000,17.216128837474727,-4783.032128567693,4783.032128567693,-4765.815999730218,19339.59373084985,162257.94774558395,0.10649700196166796,812,1049,1221756.8116336851,-0.9999889244987407,1.0204043056690424,0.0011075501259385058,20203.928477957677,110.90749740308672,0
univ3-conc-c50,811,10000,8.130926682435195,-1243.2329004934386,1243.2329004934386,-1235.1019738110033,7719.947853635117,242469.3165645776,0.03085643131645555,303,268,318047.14854251227,-0.9999891397264381,0.9999891397264381,0.001086027356196482,20203.93065099256,186.54067034309261,0
univ3-conc-c50,812,10000,10.887717658454694,-36.56216787069319,36.56216787069319,-25.674450212238494,76493.30960115248,70.78608709929841,0.9990754662944427,4191,1659,163670.01756029326,0.21470093123772913,0.3264684075628182,121.47009312377291,7862.169178911834,99.1449253962304,0
univ3-conc-c50,813,10000,11.000820091668409,-6323.620751069805,6323.620751069805,-6312.619930978137,11062.116155198264,52562.72921970952,0.17386472359995572,603,1296,1549509.7547940714,-0.9999891744457107,1.0204043128722347,0.0010825554289316652,20203.93108231165,176.8947872540809,0
univ3-conc-c50,814,10000,49.88552859477563,-6609.363369487351,6609.363369487351,-6559.477840892575,15795.517261263347,48103.33174804204,0.24719564602741273,1089,2158,2062172.4239183168,1.0203999262998675,1.0204043657392248,202.03999262998676,0.042834405669902154,62.71693477351568,0
univ3-conc-c50,815,10000,0.28165839535909987,-251.913083816586,251.913083816586,-251.6314254212269,514.8674013108299,86138.02192279288,0.005941722259082392,24,43,57755.82668832637,1.0204010375709092,1.0204010375709092,202.04010375709092,0.03200994048346928,77.68030596446827,0
univ3-conc-c50,816,10000,100.10490404466208,-4651.667753605609,4651.667753605609,-4551.562849560946,30979.27273656036,123526.18254214773,0.20050601242964344,1226,1572,1452013.3670963596,1.0204040337373943,1.020404357271422,202.04040337373942,0.0033654189118337285,64.61531201975052,0
univ3-conc-c50,817,10000,10.344968319468222,-247.4012848117341,247.4012848117341,-237.05631649226586,9736.33446948372,86293.90933952824,0.10138820941502195,733,768,249324.608293397,-0.9999890186540403,0.9999891662938621,0.0010981345959699533,20203.929438255178,129.80734167473219,0
univ3-conc-c50,818,10000,44.455445305970166,-1415.091573868421,1415.091573868421,-1370.6361285624507,122280.4679087872,26792.44949751044,0.820272857312588,8098,6648,1832379.0250083562,0.3876623591984867,1.0204043506106695,138.76623591984867,6153.196908642113,98.4871648904089,0
univ3-conc-c50,819,10000,12.580623625731462,-501.42575657145403,501.42575657145403,-488.8451329457226,48522.79629500189,170273.6424686503,0.2217714171637733,2016,1784,563872.1175276651,1.020399609755113,1.020404360366214,202.0399609755113,0.04590112756459064,78.1946351444569,0
univ3-conc-c50,820,10000,134.58841176439887,-1938.2476741004707,1938.2476741004707,-1803.6592623360718,147275.12569004748,30847.282739424692,0.8268197527115814,8143,6838,2084880.2515539937,-0.12254250240440925,1.0204043725174317,87.74574975955908,11228.435933351086,100.49189058316097,0
univ3-conc-c50,821,10000,76.62922269220206,-1946.364291256723,1946.364291256723,-1869.7350685645208,20851.518743569384,215199.57496998113,0.08833476861103992,699,696,618552.2011937266,0.9204490596100194,1.020404179309518,192.04490596100194,961.862077023589,96.39702422755052,0
univ3-conc-c50,822,10000,15.189124787088858,-175.9387407032979,175.9387407032979,-160.74961591620905,13100.224707379622,78649.79149952499,0.14278171545863738,957,1092,253903.44441959652,1.0203981908646904,1.020404237106077,202.03981908646904,0.059443876409936536,84.97408078309397,0
univ3-conc-c50,823,10000,201.02908395522752,-1804.9621048911033,1804.9621048911033,-1603.933020935876,152888.5255733863,52368.926122027835,0.7448622415923823,8304,6121,1838878.913418345,0.6104586468972883,1.0204044251187452,161.04586468972883,3969.033933260761,97.60021019536488,0
univ3-conc-c50,824,10000,62.21986337485385,-203.4095616892747,203.4095616892747,-141.18969831442087,8149.125379676709,67157.5100344838,0.10821258093472548,475,724,190979.50029150088,1.0204020921088663,1.020404346847593,202.04020921088664,0.021935246465970476,86.78164772720766,0
univ3-conc-c50,825,10000,25.066131922022283,-126.20319514210468,126.20319514210468,-101.1370632200824,139598.38826605567,455.13746839632466,0.9967502605449626,6682,3912,461163.1395512024,-0.6239395621307761,0.8587137238742933,37.6060437869224,16318.22559306914,102.54219046099887,0
univ3-conc-c50,826,10000,332.8365564731586,-2073.7654641844633,2073.7654641844633,-1740.9289077113046,105613.31333180523,75888.13720410696,0.5818868831073524,4316,4562,1665455.1379392229,1.0203945361092377,1.0204043684122217,202.03945361092377,0.09487015095141937,85.45788929678895,0
univ3-conc-c50,827,10000,36.741239603614204,-2107.140556635762,2107.140556635762,-2070.399317032148,8772.625850006587,134280.7039087439,0.06132416396599095,366,595,613063.1583815998,-0.9999890889164925,1.0204042402973166,0.00109110835075057,20203.93014370105,160.70313852432446,0
univ3-conc-c50,828,10000,36.13266962460679,-8678.912204323895,8678.912204323895,-8642.779534699288,25597.14888962536,116310.24133995053,0.18037925190657536,1637,1785,2165226.843238865,1.0204041218844093,1.0204042042430106,202.04041218844094,0.0025491393151247377,75.19124874910781,0
univ3-conc-c50,829,10000,80.64755600963065,-258.87117578716516,258.87117578716516,-178.2236197775345,25289.31843960539,108366.98581074372,0.18921156455318744,1317,1324,296019.23474206624,-0.9999891278609493,0.9999891765234876,0.0010872139050672502,20203.93063380929,122.83687938068753,0
univ3-conc-c50,830,10000,1.0146137924854448,-113.02922394472041,113.02922394472041,-112.01461015223497,2066.6895322051164,131355.67110372835,0.01548982885893051,110,120,64997.21859874807,-0.9999891810532966,0.9999891810532966,0.0010818946703343396,20203.93106460307,112.94110362518128,0
univ3-conc-c50,831,10000,28.676565676693865,-1158.70416574677,1158.70416574677,-1130.0276000700762,8863.053403824399,148054.57644260663,0.056482202876109666,232,406,363805.366917719,1.0204034292000252,1.0204042811529375,202.04034292000253,0.00906806777948077,51.688097046321765,0
univ3-conc-c50,832,10000,108.39921675145095,-3539.808859212196,3539.808859212196,-3431.4096424607446,216619.22358953243,69659.69314452034,0.7566719409895184,8127,6658,2813775.2855994655,1.0204013999757695,1.0204044321965393,202.04013999757694,0.029235485364385416,91.85844630659516,0
univ3-conc-c50,833,10000,58.99894575897589,-8774.59159520495,8774.59159520495,-8715.592649445975,60150.689276914505,132038.90541915502,0.3129757850420434,2199,3054,2864220.842541229,-0.999986101837674,1.020404370558561,0.0013898162326038688,20203.899264805346,104.45568928617625,0
univ3-conc-c50,834,10000,61.78674670761252,-1909.0049261063714,1909.0049261063714,-1847.2181793987588,27083.658526648313,186748.54143372286,0.1266584664595306,1319,1254,851642.3034991085,1.0203952715197389,1.0204043479280964,202.03952715197389,0.08751080912733755,46.10246177590722,0
univ3-conc-c50,835,10000,15.189092973484165,-1883.610295359768,1883.610295359768,-1868.421202386284,5028.940737978406,136185.63566396164,0.03561205129181917,234,355,422404.54604709224,1.0204033143590496,1.020404306204018,202.04033143590496,0.010168276019637768,34.93327604732511,0
univ3-conc-c50,836,10000,200.63243172673947,-760.6548669133039,760.6548669133039,-560.0224351865644,94551.15071449468,183240.15528250684,0.3403675661307963,3837,2732,719930.4679581875,1.0204043515114223,1.0204043728243672,202.04043515114222,0.0004927617762567893,90.85752508151614,0
univ3-conc-c50,837,10000,77.03592343343988,-2020.9120926044027,2020.9120926044027,-1943.8761691709628,51474.55548863472,66717.76675991953,0.4355152222187966,2903,3819,1572153.7381752094,1.0203945593538082,1.0204043658925195,202.03945593538083,0.0945420548271727,91.23673533614378,0
univ3-conc-c50,838,10000,19.884912955729575,-327.0407097108514,327.0407097108514,-307.1557967551218,505.228649409169,67805.6718724451,0.007396017993461152,21,56,72008.34725413824,1.020404360478632,1.020404360478632,202.04043604786318,0.00009636247167010836,60.250967028008056,0
univ3-conc-c50,839,10000,140.77804823524946,-1805.243613388706,1805.243613388706,-1664.4655651534567,15945.113937864497,67949.39673312966,0.19006146898449447,745,1418,851258.8804817125,-0.9999888287600812,1.020404335929303,0.0011171239918785587,20203.92749659982,108.29122919939262,0
univ3-conc-c50,840,10000,22.125465423516115,-4556.4088212126935,4556.4088212126935,-4534.283355789177,16394.7246657986,69688.53845040104,0.19045194236733512,1350,1837,1582286.2950924241,1.0204027087429088,1.020404347655092,202.04027087429088,0.016108083097218895,71.96154163648174,0
univ3-conc-c50,841,10000,52.131425127359336,-10020.365126872106,10020.365126872106,-9968.233701744746,64614.96770686407,82653.31318806027,0.4387568545936021,2579,4124,3600673.73248335,-0.2064028085804111,1.0204043971643861,79.35971914195889,12072.582598239884,100.83021057413497,0
univ3-conc-c50,842,10000,104.12506112138675,-3068.145498255523,3068.145498255523,-2964.020437134136,61557.77545239274,239528.20311615884,0.2044524814641184,2424,1860,1311847.1683151387,-0.9999877818193346,1.0204038054530544,0.0012218180665382466,20203.916707172168,104.82636872516866,0
univ3-conc-c50,843,10000,39.04195732161404,-5388.916420218113,5388.916420218113,-5349.874462896499,58409.19320748933,52161.3509724354,0.528252742542748,3071,4782,2905191.6542909853,1.0204038957606825,1.0204043867528285,202.04038957606824,0.004935022858341298,90.99599602018608,0
univ3-conc-c50,844,10000,54.95436387603883,-4196.865184246299,4196.865184246299,-4141.91082037026,71102.17710775253,151564.75125744537,0.3193207793801208,2967,2917,1951486.6990967817,-0.999989102526277,1.020404359195541,0.0010897473722965073,20203.930541636804,130.21283471593298,0
univ3-conc-c50,845,10000,198.45491079576718,-12583.486531543329,12583.486531543329,-12385.031620747563,74012.28861146247,155346.84634794784,0.3226916975622551,2944,2812,3218978.9055510964,1.0203997164275942,1.0204043906471196,202.0399716427594,0.04497381977686388,86.84440521727163,0
univ3-conc-c50,846,10000,232.2079263192325,-2149.088997734824,2149.088997734824,-1916.8810714155914,62182.66162121196,241470.88636995904,0.20478160730405817,2366,1915,1091018.881199973,1.0203984447806347,1.0204043879151388,202.03984447806346,0.05711480876431893,86.26568770451667,0
univ3-conc-c50,847,10000,29.944535437728852,-5056.790507741708,5056.790507741708,-5026.84597230398,33585.08649451422,84182.33205555656,0.2851814781032579,2709,2656,2009340.2849061743,-0.41458549276842677,1.020404369817507,58.541450723157325,14180.51248520726,101.68714168473659,0
univ3-conc-c50,848,10000,132.61941920270226,-461.5832862520239,461.5832862520239,-328.96386704932166,44582.588710281125,155189.96092893768,0.22316674032941708,2213,1897,483423.7950899416,1.0204027137022007,1.0204042529100632,202.04027137022007,0.016102498642589558,86.78353724731187,0
univ3-conc-c50,849,10000,28.214379768412584,-3141.164489930026,3141.164489930026,-3112.9501101616133,8840.65240940952,128214.91434092337,0.06450414688747437,475,680,782983.4716068272,1.0204005010972603,1.0204043667490692,202.04005010972602,0.037214218672206756,48.957746823523024,0
univ3-conc-c50,850,10000,14.124877140155618,-1437.086766326865,1437.086766326865,-1422.9618891867094,11271.685907761803,55291.216777093585,0.16933885772872662,851,1378,794560.4482715311,1.0203986037566952,1.0204043483491936,202.03986037566952,0.05548786358212965,67.06723239911757,0
univ3-conc-c50,851,10000,341.1948620736965,-3226.2139765766783,3226.2139765766783,-2885.0191145029817,30292.155325027816,146049.15275306825,0.17178139175202423,1272,1336,1079758.2333568889,1.020403326149559,1.020404252227488,202.0403326149559,0.010152055944472008,82.33778507966863,0
univ3-conc-c50,852,10000,9.90376155941729,-3820.83244878485,3820.83244878485,-3810.9286872254324,17955.20021764435,152110.57969627826,0.10557797239828158,696,1068,1123050.451015588,1.0204043508891354,1.0204043508891354,202.04043508891354,0.0002685121063160656,88.6748237802902,0
univ3-conc-c50,853,10000,9.255660089269696,-3576.050074931294,3576.050074931294,-3566.7944148420243,16441.72780958397,88787.00557959305,0.15624751225291314,1310,1435,1250038.096724114,-0.9999891585248156,1.0204043537941547,0.0010841475184343759,20203.930961871072,148.30004310935598,0
univ3-conc-c50,854,10000,187.84304415252677,-491.3180800325821,491.3180800325821,-303.4750358800553,38482.86977422159,129873.08697887938,0.2285803871534992,2060,1591,383904.37719039764,1.020403189618544,1.0204043655419652,202.04031896185438,0.011515258737002987,91.36150052574122,0
univ3-conc-c50,855,10000,16.640173888017635,-578.0243053731018,578.0243053731018,-561.3841314850841,15710.059569708535,257321.5496930958,0.05753934356584679,610,533,312751.73115811334,-0.9999891103095726,0.9999891554763143,0.0010889690427396393,20203.930375990294,198.6265803228232,0
univ3-conc-c50,856,10000,3.310048338197618,-171.5632786242993,171.5632786242993,-168.25323028610168,1899.7114912220377,128849.34039011177,0.014529447547705293,70,130,79897.8059161595,1.020402295809365,1.0204036400269423,202.0402295809365,0.01993138726121868,67.00186336323387,0
univ3-conc-c50,857,10000,4.8765252338676,-3208.0863993014027,3208.0863993014027,-3203.209874067535,6706.734438897751,112925.19118258063,0.05606141006304794,332,547,716976.7401956691,1.0204033675633948,1.0204041551811367,202.04033675633949,0.009671156865231012,60.32203024469303,0
univ3-conc-c50,858,10000,24.998270736999398,-263.89476847674115,263.89476847674115,-238.89649773974176,31257.46488781581,93852.85814518709,0.249839214942882,1919,1704,386618.2926180002,1.020403931474286,1.02040437247422,202.0403931474286,0.004382997147291068,77.63671165355022,0
univ3-conc-c50,859,10000,158.19583131019525,-1224.0561396347098,1224.0561396347098,-1065.8603083245146,121918.15325196355,160328.82804091423,0.43195556137924945,4246,3376,1120543.099235335,1.0204000444653278,1.0204029801579977,202.04000444653278,0.04190840197588841,80.30670692604882,0
univ3-conc-c50,860,10000,36.62559204739656,-9448.595750108627,9448.595750108627,-9411.97015806123,33402.11598435406,110859.1050160935,0.23153911877849997,2155,2212,2497679.4979265104,-0.9999891571463525,1.020404362147619,0.001084285364750668,20203.931027580977,197.45107031287412,0
univ3-conc-c50,861,10000,175.16744984621016,-856.879801766862,856.879801766862,-681.7123519206518,57371.461870321196,54265.05969873343,0.5139130193592885,2711,3726,943581.9483420763,-0.3447365797177768,1.0204043761245503,65.52634202822232,13471.295406891031,101.3932377875106,0
univ3-conc-c50,862,10000,38.25364694802658,-6697.04478089965,6697.04478089965,-6658.791133951623,38483.327288918954,188208.05263824054,0.16976087622425,1696,1598,1797989.7106600616,1.0204000794195023,1.0204043746162756,202.04000794195022,0.04136659007463478,57.60465136755883,0
univ3-conc-c50,863,10000,29.695284173229343,-1360.9468329944525,1360.9468329944525,-1331.2515488212232,14463.143929102156,127280.23070977829,0.10203753061439311,652,860,583571.3162552082,-0.9999890848623609,0.9999891905073044,0.001091513763917149,20203.930130187917,145.07392197208722,0
univ3-conc-c50,864,10000,12.53793604050682,-2470.8575481574603,2470.8575481574603,-2458.3196121169535,12491.890042477564,101515.9675295391,0.10957043056954795,1034,1053,880544.526913567,1.0204030041298808,1.0204043727550711,202.04030041298807,0.01321866840812902,46.03179362892335,0
univ3-conc-c50,865,10000,33.56122479478154,-2705.895591949626,2705.895591949626,-2672.3343671548446,22202.25811725443,86107.94026233425,0.20498769690591298,1151,1767,1185348.301940945,-0.9999890204739633,1.0204042800567075,0.0010979526036739731,20203.929533356946,122.21216496178592,0
univ3-conc-c50,866,10000,20.331827348813462,-4800.783582337138,4800.783582337138,-4780.451754988325,24362.54206526337,53871.56943657821,0.3114056208676939,1778,2912,2103294.711027145,-0.9999888374057556,1.020404356995747,0.0011162594244419682,20203.92772105544,108.47222454667182,0
univ3-conc-c50,867,10000,225.27863887509983,-3036.138577577146,3036.138577577146,-2810.8599387020463,102881.29149800293,87018.77966460856,0.5417654183494521,4082,4526,2027426.8467401445,1.0204007682471847,1.0204044006513957,202.04007682471848,0.035005370445027495,94.5777182947253,0
univ3-conc-c50,868,10000,12.60794253509646,-138.80722221985542,138.80722221985542,-126.19927968475896,91746.58185672313,488.9119780644788,0.9946993076337811,5235,4110,498644.2497945047,0.23199231339172458,0.8312660869960601,123.19923133917246,7690.78974255488,99.10295489690044,0
univ3-conc-c50,869,10000,14.202057626315542,-4655.724069976759,4655.724069976759,-4641.522012350443,14602.50206120542,69887.09627091269,0.17283195031659163,885,1556,1483505.190706333,1.0204031857603746,1.0204042758144434,202.04031857603746,0.01149056659978065,80.18677816515901,0
univ3-conc-c50,870,10000,75.98440445674464,-980.5023765901228,980.5023765901228,-904.5179721333782,41781.03262566698,35992.621718841845,0.537213185850729,2184,4060,1152520.7046160037,-0.9959173232306233,0.9999891950174045,0.4082676769376714,20161.53770689161,105.06790297340291,0
univ3-conc-c50,871,10000,4.425956790516671,-6527.614336667124,6527.614336667124,-6523.1883798766075,11898.001072596968,69076.87143261035,0.1469344835563876,706,1496,1725588.7715358653,-0.9999891466662671,1.0204043341775377,0.0010853333732765468,20203.93080882151,162.52717894192187,0
univ3-conc-c50,872,10000,1.99999246486853,-216.90997240950006,216.90997240950006,-214.90997994463152,1012.7216390468018,161647.65110246342,0.006225988677993234,52,69,63204.10769942661,1.0204034013812113,1.0204043563361476,202.04034013812114,0.009309670414509696,46.93697407140254,0
univ3-conc-c50,873,10000,42.86099835938441,-86.69458318791024,86.69458318791024,-43.83358482852583,202842.9803758259,93.68080228993878,0.9995383741816481,8090,2614,297183.3099128141,0.35336322297629236,0.6118804270682844,135.33632229762924,6491.161663064589,98.61261982968234,0
univ3-conc-c50,874,10000,47.15503003844873,-5154.251326077998,5154.251326077998,-5107.096296039549,24807.288657341298,87028.19147866176,0.22181948543676094,1285,2044,1758525.2740342196,-0.8110961842698423,1.0204043662786029,18.890381573015773,18244.68225743408,103.32487417824419,0
univ3-conc-c50,875,10000,59.305185054101315,-2209.8015867356394,2209.8015867356394,-2150.496401681538,30457.78813848999,179274.99108954947,0.14522187829005817,1203,1263,932178.0817559875,1.020400952307666,1.0204043519428285,202.0400952307666,0.03294316919509488,86.56645037972162,0
univ3-conc-c50,876,10000,200.2689229271718,-1427.6569531177656,1427.6569531177656,-1227.3880301905938,93800.92031087028,147901.4859805197,0.388084346159907,4093,3124,1118484.6625874334,1.0204042850341426,1.0204043919985324,202.04042850341426,0.0011662560503152841,85.52460096449374,0
univ3-conc-c50,877,10000,82.53068185520782,-3878.9970650897103,3878.9970650897103,-3796.4663832345027,36197.88955086033,109094.3302648918,0.2491385264590463,1329,2149,1624053.5551739994,1.0203996555672676,1.0204042706819,202.03996555672677,0.04544903484097951,70.11026216843064,0
univ3-conc-c50,878,10000,110.07402074496636,-8796.32680178741,8796.32680178741,-8686.252781042444,74612.20453470344,70502.8396696526,0.5141589898124688,3041,4526,3507925.159339386,0.09112991645024024,1.0204043781278196,109.11299164502402,9090.358819546957,99.63650055586174,0
univ3-conc-c50,879,10000,120.0657837304747,-6480.23835752423,6480.23835752423,-6360.172573793756,39627.80601288834,255010.43326639791,0.13449647985211222,1491,1292,1520331.3018428932,-0.9999889152892427,1.0204043571058943,0.0011084710757220883,20203.92843274434,106.96298308753185,0
univ3-conc-c50,880,10000,93.40975578540169,-1183.802136479401,1183.802136479401,-1090.3923806939993,78985.41545155097,53165.298584304976,0.5976919309729961,4400,4679,1334800.4556548446,-0.9999885029799548,1.0204043852724396,0.001149702004528269,20203.92445574991,105.03268926818903,0
univ3-conc-c50,881,10000,55.82115101888356,-120.5869663428268,120.5869663428268,-64.76581532394323,3428.729127338505,227836.43335752544,0.014825964665399665,131,140,52377.03499404615,1.0204040601919606,1.0204043220693988,202.04040601919607,0.0029896464952247626,79.91864952698177,0
univ3-conc-c50,882,10000,26.921567814336022,-3891.771677009168,3891.771677009168,-3864.850109194832,26405.489569273253,97359.0128486319,0.21335269041935842,1721,2004,1558029.2799372212,1.0204016395977502,1.020404376309858,202.04016395977501,0.02640410163118645,92.96718688283305,0
univ3-conc-c50,883,10000,40.31659359983068,-515.8005980320763,515.8005980320763,-475.4840044322456,8640.664903299397,105697.70641728779,0.0755709986376516,628,600,290162.6197091836,1.0204042937100593,1.0204043739245379,202.04042937100593,0.0007938686123252769,57.866316955603345,0
univ3-conc-c50,884,10000,82.45740420377403,-4302.181419034389,4302.181419034389,-4219.7240148306155,38111.34690481496,90861.47254283204,0.29549905994173625,1953,2591,1880727.6467297932,-0.9999889242862006,1.0204042573557268,0.0011075713799405488,20203.928613673503,171.72152903121366,0
univ3-conc-c50,885,10000,34.69230487735497,-463.0832252116044,463.0832252116044,-428.3909203342494,94531.92783390703,13434.043128707153,0.875571506383627,5091,5743,994938.509288917,1.0203998879638143,1.020404370801298,202.03998879638144,0.04354768128527198,95.93368572207761,0
univ3-conc-c50,886,10000,274.6498098973319,-1558.169843356629,1558.169843356629,-1283.5200334592969,125588.35474774548,143516.8182574018,0.4666887423429177,5121,3978,1340683.618812732,0.40225312867640356,1.020404372721432,140.22531286764035,6009.566602898672,98.39244390078188,0
univ3-conc-c50,887,10000,24.47078475601119,-8577.617985122577,8577.617985122577,-8553.147200366566,23151.396099025606,54608.48461439947,0.2977293160254111,1670,2797,2711907.6563022765,-0.9999891538680238,1.0204043269445962,0.001084613197618858,20203.931002530313,150.83631635609953,0
univ3-conc-c50,888,10000,31.25681338349859,-1026.0692480336145,1026.0692480336145,-994.8124346501158,146583.82737929674,6717.95908373682,0.9561782074512436,10593,7263,1666465.2703670291,-0.32601850325654086,1.0204043769174402,67.39814967434592,13281.579135899372,101.32791616145774,0
univ3-conc-c50,889,10000,70.30336233004914,-842.41634244428,842.41634244428,-772.1129801142308,140175.72531386634,31303.20486499016,0.8174515969259886,6383,5929,1334464.1106530116,0.846152110798727,1.0204043705135726,184.6152110798727,1679.2659721350617,96.7181977662013,0
univ3-conc-c50,890,10000,36.825742939652116,-691.8126396739451,691.8126396739451,-654.9868967342929,90954.51716175915,7106.073226667832,0.927533852299685,4206,6586,1311803.9513271216,-0.4542982475864586,1.0204043194273005,54.57017524135414,14584.631215092371,101.83985582112363,0
univ3-conc-c50,891,10000,76.65171966978095,-6221.553871390639,6221.553871390639,-6144.9021517208585,19315.198355584933,91380.41981325787,0.17448927676724904,1510,1671,1684315.991950619,0.6686699843224144,1.0204042730462028,166.86699843224145,3401.528241649243,97.39477003811395,0
univ3-conc-c50,892,10000,21.289983024353155,-6619.733556755464,6619.733556755464,-6598.4435737311105,22622.640524941547,68508.7926632597,0.24824190439562288,1285,2323,2174854.7330781077,1.020401370979025,1.0204043518681447,202.0401370979025,0.028975162105453478,87.98773448184434,0
univ3-conc-c50,893,10000,74.01757530346894,-591.5664461643744,591.5664461643744,-517.5488708609055,50357.66486729987,232064.07548750355,0.1783066162117551,2007,1482,499157.72401614365,-0.9999889004530048,0.9999891783542952,0.0011099546995208195,20203.928311089814,162.11446641430615,0
univ3-conc-c50,894,10000,169.47200955744054,-1533.8266916999978,1533.8266916999978,-1364.3546821425573,178911.74207457967,58005.65489895974,0.7551650674878966,6814,5992,1734772.89159927,-0.9241781865770966,0.9999891510983745,7.582181342290335,19415.788134004364,103.80107120402114,0
univ3-conc-c50,895,10000,3.632183252746993,-1216.8411014097044,1216.8411014097044,-1213.2089181569575,10594.669332821735,215118.48249803044,0.04693864423443657,569,436,412403.34593376314,-0.9999891222933784,1.0204034565397637,0.0010877706621541675,20203.930492049378,152.32987369519603,0
univ3-conc-c50,896,10000,23.75401427659882,-2258.0522624979,2258.0522624979,-2234.298248221301,24795.361840306017,82871.52555477367,0.23029700625894708,1664,2111,1250855.7699052482,1.020404151742765,1.020404156942571,202.04041517427652,0.002274530317822876,74.75278526739645,0
univ3-conc-c50,897,10000,4.150418543239345,-414.1503834148172,414.1503834148172,-409.99996487157784,4496.592709127743,131460.33658501835,0.03307365599144458,233,252,176378.20547906024,1.020402099546285,1.0204041990520658,202.0402099546285,0.021830910007250015,61.66054881566218,0
univ3-conc-c50,898,10000,10.90289087061688,-4715.814463832689,4715.814463832689,-4704.911572962073,18790.949590955974,130458.23116167792,0.12590320091672838,1240,1144,1257183.219985577,1.0204002356188235,1.0204043622865573,202.04002356188235,0.0398254329541361,61.72752126679433,0
univ3-conc-c50,899,10000,11.162552579941531,-1170.6106772898672,1170.6106772898672,-1159.4481247099257,8307.508329557308,189423.21794800233,0.042014250824608045,407,460,402247.2630268463,1.0203988514062843,1.02040417419625,202.03988514062843,0.053042762235236296,48.27563102318908,0
univ3-conc-c50,900,10000,37.56868817112765,-496.8095556768775,496.8095556768775,-459.24086750574986,161000.96489787177,14482.85178845963,0.9174690175884024,10607,6111,1083084.8508074458,1.0204013063017963,1.0204043290721085,202.04013063017962,0.030213874607451896,95.15456377734994,0
univ3-conc-c50,901,10000,7.891061213999309,-2410.1215419229184,2410.1215419229184,-2402.230480708919,10248.961190587988,183131.67736165918,0.052998900341405926,525,480,587722.4442180935,1.0204037449660133,1.0204043383216646,202.04037449660132,0.006054330401126684,51.95977984924389,0
univ3-conc-c50,902,10000,30.411021322785366,-2841.03985898957,2841.03985898957,-2810.6288376667844,31664.714111212434,196858.35193902475,0.13856244211361773,1321,1178,1007117.2108306476,1.0203977537529167,1.0204042748266835,202.03977537529167,0.06366559708906733,42.07959173122799,0
univ3-conc-c50,903,10000,16.338195480072407,-2016.4588131786131,2016.4588131786131,-2000.1206176985406,10638.990787774996,242536.6482215722,0.042022174129408264,504,388,450880.7962393246,1.0204035121159096,1.0204043048488827,202.04035121159097,0.008283254909249749,79.3553036882172,0
univ3-conc-c50,904,10000,241.4096862812307,-393.1306727910583,393.1306727910583,-151.7209865098276,147611.9966583926,67063.95064830736,0.6876037977720184,6801,3770,497164.1948646404,-0.8681735450015939,0.9999891734788833,13.1826454998406,18835.116317545595,103.56459739764196,0
univ3-conc-c50,905,10000,120.2485393702319,-251.88554417665853,251.88554417665853,-131.63700480642663,154085.3027854208,49505.102457567526,0.7568397076547767,6396,3730,487951.85107683414,1.0204019610655783,1.0204044063325963,202.04019610655783,0.023612519991512926,95.28967750177506,0
univ3-conc-c50,906,10000,15.835737986509,-7178.695499677888,7178.695499677888,-7162.8597616913785,19213.254551256483,83060.31466445257,0.1878613868528738,1410,1756,1963220.990400539,-0.9999890901516179,1.0204043445762823,0.001090984838217178,20203.93027175974,176.99047483532598,0
univ3-conc-c50,907,10000,9.317358493333009,-9571.825169402298,9571.825169402298,-9562.507810908965,20451.222034114606,81472.53899242126,0.2006521524337208,1140,1921,2352548.1195441834,-0.9999890941855987,1.0204043774061942,0.0010905814401314254,20203.930304412224,116.46277568617353,0
univ3-conc-c50,908,10000,51.27415132258066,-4859.092125170397,4859.092125170397,-4807.817973847816,42387.999741548876,120035.8260649355,0.26097156332255683,2274,2573,1987968.6459893954,1.0204036507406713,1.0204043693652753,202.04036507406713,0.007140532728563825,80.53688170807973,0
univ3-conc-c50,909,10000,160.09264910149867,-2077.7823335037447,2077.7823335037447,-1917.689684402246,41833.10164715015,117789.41554175765,0.26207519079305147,1713,2109,1138246.8480448031,1.0203981472290105,1.0204041984979455,202.03981472290104,0.05994849216095588,63.95569969304597,0
univ3-conc-c50,910,10000,87.17883723986446,-2501.9445922561986,2501.9445922561986,-2414.765755016334,22854.71666528796,230341.6859602932,0.09026477638817323,974,847,798064.5176542383,-0.999989045989673,1.0204041202321321,0.0010954010327015385,20203.92974043928,185.42967231080868,0
univ3-conc-c50,911,10000,45.23575548062972,-6319.045060995014,6319.045060995014,-6273.8093055143845,37484.80424292997,145674.14437088853,0.2046572363874222,2517,1989,1885296.4043247416,1.0204042858801137,1.0204043674628733,202.04042858801137,0.0010268336015989282,52.93232788898077,0
univ3-conc-c50,912,10000,114.3052183729968,-4306.412202208351,4306.412202208351,-4192.106983835354,41348.91232336245,172305.72430923994,0.19353154686956536,1796,1767,1456793.8919947278,-0.9999890853488363,1.0204041873159495,0.0010914651163541143,20203.930241438535,134.0828478532055,0
univ3-conc-c50,913,10000,46.48652724346129,-2654.3170218263263,2654.3170218263263,-2607.830494582865,36664.25564986965,137422.3756317989,0.21060925459892235,2092,1972,1283744.123961439,1.0204034000177131,1.020404339784809,202.0403400017713,0.009511313427130297,74.17759602197118,0
univ3-conc-c50,914,10000,19.232341413830103,-1869.060830124646,1869.060830124646,-1849.828488710816,11889.154578392572,110036.46478564004,0.09751153728319553,770,949,709615.6790164098,1.0204032045432592,1.0204043429801042,202.04032045432592,0.011279809752047676,80.71806694001118,0
univ3-conc-c50,915,10000,76.37379703680398,-3094.412516228676,3094.412516228676,-3018.038719191872,50149.58070097476,133700.7953276549,0.2727738815892622,2592,2508,1513741.9849234503,1.0204029653985256,1.0204043381443224,202.04029653985256,0.013736065105817374,91.80961420802007,0
univ3-conc-c50,916,10000,1.9046711635572302,-755.3090617769783,755.3090617769783,-753.404390613421,2432.8406040199434,97381.17342269706,0.02437373777362315,174,201,208438.65620166674,1.0203996974405118,1.0204043133817509,202.03996974405118,0.04489464644536145,31.36505247600264,0
univ3-conc-c50,917,10000,76.8501790417009,-1310.7740236244774,1310.7740236244774,-1233.9238445827766,14751.012448526151,255382.8100198778,0.054606314432364335,683,571,467700.3157258775,-0.999988966247214,1.0204042123556525,0.0011033752786050416,20203.92888074499,177.4678224861306,0
univ3-conc-c50,918,10000,35.44488751238239,-1063.3416595850704,1063.3416595850704,-1027.896772072688,4960.4058324031,101143.17933530781,0.04675059588761789,206,289,297494.5886380117,-0.9999889486491551,1.0204041660597858,0.0011051350844901154,20203.928658495955,114.53240818853689,0
univ3-conc-c50,919,10000,67.86074764717762,-1082.693635647934,1082.693635647934,-1014.8328880007563,8765.0708498245,176760.48925127057,0.04724454595392845,407,420,347536.3597628994,-0.9999890158615692,1.020404346269364,0.0010984138430875433,20203.929376027652,224.58719251823345,0
univ3-conc-c50,920,10000,58.7493451970883,-7763.309546160725,7763.309546160725,-7704.560200963637,29724.211880155537,66519.48053336181,0.3088432201088411,1852,2734,2536974.9453903893,1.020403534777443,1.0204043436115986,202.0403534777443,0.008243102434693839,76.11630482573209,0
univ3-conc-c50,921,10000,0.7091572083020614,-719.9444215550733,719.9444215550733,-719.2352643467713,2029.4638304577268,94693.53282225104,0.020982226571667026,135,175,199410.21433554738,-0.9999891662238974,1.0203962760606473,0.0010833776102543982,20203.930914217843,157.45369450939688,0
univ3-conc-c50,922,10000,82.31674923536065,-1499.9633817426184,1499.9633817426184,-1417.6466325072577,107971.32272771279,32409.825243496132,0.7691297890643898,4273,6215,1783422.8583773237,1.0204039810828085,1.0204041974263691,202.04039810828084,0.004232700890483443,94.81008829113199,0
univ3-conc-c50,923,10000,180.63186063768418,-733.7389877254536,733.7389877254536,-553.1071270877694,68799.83072004798,109204.3113549036,0.3865069088733827,3264,2902,772023.3034151291,-0.9999891167216569,0.999989171313389,0.0010883278343106493,20203.93069731008,110.38617493415198,0
univ3-conc-c50,924,10000,24.377929582745974,-1107.644254179976,1107.644254179976,-1083.26632459723,36936.270923935306,41994.24656178432,0.46795931536389507,2092,3800,1223299.7883060104,-0.9999889375081906,1.0204020855035265,0.0011062491809314475,20203.92881951309,116.5546764444914,0
univ3-conc-c50,925,10000,113.7292400038587,-4575.7197202354955,4575.7197202354955,-4461.990480231637,11910.235034004254,109079.62286763852,0.09843994563318302,545,986,1167866.2486682695,1.0204037336655574,1.0204040113013326,202.04037336655574,0.006187610736091975,91.18801028239726,0
univ3-conc-c50,926,10000,17.030963145153166,-2186.1718698642185,2186.1718698642185,-2169.1409067190652,9100.7012003984,100517.58199328205,0.08302174541740187,511,774,714155.2272862295,-0.7484760334887531,1.020404320301163,25.152396651124697,17598.48536449298,103.07168258716703,0
univ3-conc-c50,927,10000,75.86319469388802,-4997.716118850196,4997.716118850196,-4921.852924156308,31154.000302778222,115674.22980057394,0.21217990764343458,1223,1990,1751004.993513432,-0.9999869574013522,1.0204043594468095,0.0013042598647843504,20203.90807010795,104.82748780615688,0
univ3-conc-c50,928,10000,147.6958460128021,-1100.4530771801444,1100.4530771801444,-952.7572311673423,54635.82111432894,52001.15722245936,0.5123534252984391,2323,4023,1178472.11065388,1.0203947731593512,1.0204043480701366,202.03947731593513,0.09246798592623359,83.2080907777807,0
univ3-conc-c50,929,10000,7.732641164930422,-3586.762738136852,3586.762738136852,-3579.0300969719215,13827.668227867818,104745.79162905672,0.11661689086708639,606,1003,1052845.779239104,-0.9999891127838153,1.0204042616554079,0.0010887216184690435,20203.930424918974,127.89647149898721,0
univ3-conc-c50,930,10000,34.37566203942004,-662.762292388457,662.762292388457,-628.386630349037,24071.78799459013,129436.43836729207,0.1568110619547059,1763,1396,531456.7131292556,-0.9999890592327533,0.9999891948842269,0.0010940767246696043,20203.929947052253,110.88951471751186,0
univ3-conc-c50,931,10000,61.72664177350601,-2384.9846564866957,2384.9846564866957,-2323.25801471319,42039.62433117821,55498.92973604762,0.4310052033599301,1701,3508,1637563.2866363092,-0.9999863008112488,1.020404350736509,0.0013699188751164298,20203.901334353548,107.36776649630849,0
univ3-conc-c50,932,10000,22.76602829613052,-77.26904140341787,77.26904140341787,-54.50301310728735,181935.89509597022,185.08349814212062,0.9989837332328716,11018,2825,309368.61272888386,-0.25868129066878437,0.5708002005869259,74.13187093312156,12600.263932591062,101.02862854195298,0
univ3-conc-c50,933,10000,60.45371179180845,-1215.8277312410637,1215.8277312410637,-1155.3740194492552,6605.354781108628,236174.23376783833,0.027207208071270448,279,243,279863.8215149646,-0.9999888290355475,1.0204033734529963,0.0011170964452350061,20203.927412454974,118.56551349852177,0
univ3-conc-c50,934,10000,13.958331573167229,-4933.365239676652,4933.365239676652,-4919.406908103485,16354.207769369985,140172.8529529001,0.10448166402605404,927,1112,1283563.206014327,1.0204029117605067,1.020404292925103,202.04029117605066,0.014105594355949602,73.91346420600289,0
univ3-conc-c50,935,10000,68.45918935602813,-202.86938132976525,202.86938132976525,-134.4101919737371,4740.912790518716,125783.07091601651,0.03632215824164538,221,231,93699.08367946131,1.0203944773757132,1.0204043685049686,202.03944773757132,0.09503348456922822,60.009998089698215,0
univ3-conc-c50,936,10000,11.772050517136009,-1900.405957620344,1900.405957620344,-1888.633907103208,30798.80855404368,27590.185289329835,0.5274762678161647,2342,4598,1746323.7469744377,-0.9999881925309488,1.0204040559994616,0.001180746905114563,20203.921115851772,105.05855312620623,0
univ3-conc-c50,937,10000,100.28276793012371,-6350.9991413551825,6350.9991413551825,-6250.716373425059,33282.17757553604,190157.2951670851,0.14895388521558867,1288,1457,1692033.8834860313,-0.9999890613190849,1.0204042722130398,0.0010938680914981554,20203.929948829773,150.2718954070977,0
univ3-conc-c50,938,10000,36.43112258472986,-4042.198602848416,4042.198602848416,-4005.767480263686,29310.959884727974,126131.38473467098,0.18856483383917005,1768,1663,1407671.433880924,-0.9999891640541557,1.020404375035315,0.001083594584430991,20203.93105744484,126.17586885449033,0
univ3-conc-c50,939,10000,21.481504529933733,-278.3143938905919,278.3143938905919,-256.83288936065816,157829.30417788678,1064.1591486514371,0.9933026876853674,9545,5572,806345.9397932478,-0.2631898253149596,0.8265439627928405,73.68101746850404,12645.823536539263,101.06099073645629,0
univ3-conc-c50,940,10000,55.63950407929163,-4496.646110802578,4496.646110802578,-4441.0066067232865,28252.040078864662,92210.1176521597,0.2345304169459394,1426,2086,1700413.9396776042,-0.9999891589711702,1.0204042805770712,0.0010841028829757459,20203.9310050558,120.78313631376483,0
univ3-conc-c50,941,10000,44.071528372494996,-301.1376378710755,301.1376378710755,-257.06610949858054,4885.569056662889,223501.31000156177,0.021391636318202713,187,184,115789.70097102693,-0.9999891258840071,0.9999891883570696,0.001087411599288092,20203.930496840396,169.26597924815883,0
univ3-conc-c50,942,10000,2.493171701236988,-374.7228101380435,374.7228101380435,-372.2296384368065,2811.7277512417445,173562.07060431843,0.015941867655270718,146,136,115851.02302506185,1.0204043696659335,1.0204043696659335,202.04043696659335,0.000018459323995578814,25.402786763145137,0
univ3-conc-c50,943,10000,12.416657154904922,-679.6772262309503,679.6772262309503,-667.2605690760454,18321.647692630355,209187.00426417997,0.08053165246703889,956,738,398938.44006982964,1.020404175093035,1.0204043706532113,202.0404175093035,0.001955366685052695,78.19488420272818,0
univ3-conc-c50,944,10000,38.476377752131754,-2021.287849030367,2021.287849030367,-1982.811471278235,12663.833267531054,114458.86604625349,0.09961897706618202,667,894,739574.3842607433,1.0204035807086174,1.0204043148472988,202.04035807086174,0.007656968659436103,79.20098667178127,0
univ3-conc-c50,945,10000,7.981855856408866,-2638.9333705568647,2638.9333705568647,-2630.951514700456,7082.655128582974,61333.11045176456,0.10352372831763605,458,881,843960.6311176188,-0.9999891721175156,1.0204042327018867,0.001082788248435054,20203.931029696043,173.7740876760304,0
univ3-conc-c50,946,10000,29.718073494019055,-5268.113919542876,5268.113919542876,-5238.395846048857,15001.61195230563,69180.49377076169,0.1782042849065361,726,1482,1528885.425743738,1.0203989192922303,1.0204042572971639,202.03989192922302,0.05245681772146327,52.164583536131765,0
univ3-conc-c50,947,10000,30.190803743316437,-6060.226934377509,6060.226934377509,-6030.036130634192,14283.689596141163,106242.90187871762,0.11851069063975535,666,1097,1370419.154664726,-0.9999888952040803,1.020404354860364,0.0011104795919755607,20203.928167422862,128.16906905538224,0
univ3-conc-c50,948,10000,79.86127992445441,-2827.829263665075,2827.829263665075,-2747.9679837406206,17063.292401640643,71318.81797985626,0.1930627400498563,774,1672,1203283.9130167915,1.020401869313294,1.0204043662052604,202.0401869313294,0.024134690621419708,83.92570193792658,0
univ3-conc-c50,949,10000,0.3751987575249329,-312.030232632712,312.030232632712,-311.6550338751871,1750.5019723175083,251883.4982807268,0.006901684989280128,71,74,89407.91827237749,1.020404171363216,1.020404171363216,202.0404171363216,0.0019164495641867951,70.36953262042883,0
univ3-conc-c50,950,10000,8.7371923439261,-53.832196528332005,53.832196528332005,-45.09500418440591,73596.93029902628,128.2937205059409,0.9982598395296574,5931,2362,239874.87882370225,0.3876553063247206,0.42229605038361995,138.76553063247206,6153.266036128285,98.44005129273961,0
univ3-conc-c50,951,10000,130.3730235217246,-4336.2961927271435,4336.2961927271435,-4205.923169205419,29119.71789731391,122781.72282736479,0.19170139373525355,1555,1604,1402085.5239928178,-0.9999890791926846,1.0204043581722402,0.0010920807315452938,20203.93015835566,148.9629282748829,0
univ3-conc-c50,952,10000,25.13348412175453,-100.64849790325282,100.64849790325282,-75.51501378149828,189825.1882093518,317.4131366680589,0.9983306574411989,11816,3344,380749.7780765937,0.338414276840677,0.37380911838259434,133.8414276840677,6638.604703290239,98.64640832164508,0
univ3-conc-c50,953,10000,29.198640688268387,-657.9887746670063,657.9887746670063,-628.7901339787379,18131.179100155707,141276.8886582539,0.11374066165606095,1257,959,427439.18659272196,-0.999988827688065,1.0204042323453664,0.001117231193506097,20203.927486871245,119.56303624451994,0
univ3-conc-c50,954,10000,12.799127450728221,-2210.65166184349,2210.65166184349,-2197.8525343927618,17527.360555612486,109277.27201768672,0.13822334562959146,1321,1488,1016517.5386956488,1.0204043157602463,1.0204043157602463,202.04043157602462,0.0006575626546929669,73.36659174298256,0
univ3-conc-c50,955,10000,19.438209071268535,-6009.195539277163,6009.195539277163,-5989.7573302058945,30531.100680915868,134004.10497113914,0.18555968347273002,1664,1668,1736150.796524133,1.0204035414310946,1.0204043801247156,202.04035414310945,0.008120313396672074,44.53245722914996,0
univ3-conc-c50,956,10000,76.75668626999027,-163.20537348470845,163.20537348470845,-86.44868721471818,22028.292627111983,295013.40550128394,0.0694807426188808,784,540,130662.6946423541,-0.9999890205282692,0.9999891621964477,0.0010979471730776906,20203.929447871356,107.41825791751016,0
univ3-conc-c50,957,10000,124.34246198298258,-2150.27771406024,2150.27771406024,-2025.9352520772577,25342.45389207188,164202.49640749002,0.1337015512785753,1352,1104,834516.722753639,1.020404334625718,1.0204043650732453,202.0404334625718,0.00046023544315572373,79.42004567793134,0
univ3-conc-c50,958,10000,133.31674090904323,-1548.8761753214524,1548.8761753214524,-1415.5594344124092,94730.67413116521,51523.360218762085,0.6477132378072571,4180,5051,1569071.999307134,-0.7805582636730172,1.020404284855126,21.94417363269828,17929.346900828936,103.19117791931505,0
univ3-conc-c50,959,10000,76.20543915801446,-6998.617392293739,6998.617392293739,-6922.411953135725,33636.19992753289,136133.52377003175,0.19812837763377597,2014,1732,1859267.3230060001,1.0203995550200855,1.0204043891163743,202.03995550200855,0.04642805371637754,63.97954373227681,0
univ3-conc-c50,960,10000,94.51152290696498,-1534.1487976645342,1534.1487976645342,-1439.6372747575692,48546.574930251954,138327.28104297843,0.2597825933297285,2597,2208,1002564.1235262238,1.0204043714133157,1.0204043714133157,202.04043714133158,0.000219197936024762,80.69917607259077,0
univ3-conc-c50,961,10000,6.328813997131427,-3889.4031207720573,3889.4031207720573,-3883.074306774926,15561.141469801241,49475.410610543215,0.23926762677359364,1278,2170,1652313.1139572684,-0.9999887342654828,1.02040421234404,0.00112657345171006,20203.92657964783,108.08405333850828,0
univ3-conc-c50,962,10000,136.63124091283495,-242.0448122554075,242.0448122554075,-105.41357134257254,45549.719291612826,116154.98442985663,0.2816845660227088,2951,1718,252903.82647448557,-0.9999891552707083,0.9999891789731201,0.0010844729291708893,20203.931021120887,113.53587072471963,0
univ3-conc-c50,963,10000,3.9617516775475634,-1374.7762248945526,1374.7762248945526,-1370.8144732170051,5690.542471950187,179314.44907242464,0.03075885912291868,332,294,351314.026150541,1.020403536118855,1.0204043072013902,202.0403536118855,0.008040919438478511,87.66726353746705,0
univ3-conc-c50,964,10000,26.461382344170193,-1831.111295219793,1831.111295219793,-1804.6499128756227,6937.4814013303885,153759.2866431928,0.04317125655824183,431,414,441359.73633725545,1.0204038091894987,1.020404273663642,202.04038091894986,0.005428104781827869,61.096299341296785,0
univ3-conc-c50,965,10000,16.372444538822414,-37.52860498720031,37.52860498720031,-21.156160448377896,142861.2452361039,27.318379175075137,0.9998088133963707,9123,1680,166682.31076062788,-0.015583791189048526,0.2767875472237574,98.44162088109515,10155.887016848566,100.07319535446113,0
univ3-conc-c50,966,10000,49.22987503379433,-981.2977987738459,981.2977987738459,-932.0679237400516,179675.3711159213,11212.266577040258,0.9412624792650275,8701,7139,1604572.7797575658,-0.9357555123043751,1.0204039984203468,6.424448769562492,19535.990521288008,103.84998603647017,0
univ3-conc-c50,967,10000,235.48929917151133,-4474.952500302523,4474.952500302523,-4239.463201131011,36130.29012691766,119282.4078065604,0.2324796532544764,1385,2259,1724240.350737012,1.0204042496161836,1.0204042496161836,202.04042496161836,0.001334616801720756,83.88825720589213,0
univ3-conc-c50,968,10000,254.6016526216004,-2978.9226946780855,2978.9226946780855,-2724.321042056485,48698.490791643315,191813.25407086802,0.20247863911794342,1762,1722,1196192.7886549153,1.0204041352909727,1.0204043572085897,202.04041352909726,0.0024238203949780157,92.76347330671241,0
univ3-conc-c50,969,10000,1.8300602672834996,-891.742730629005,891.742730629005,-889.9126703617216,3701.447322786993,178628.06428895926,0.02030086786317336,155,193,229122.4466603806,1.0203975492268924,1.0204040703389774,202.03975492268924,0.06552552746576623,62.133199381701424,0
univ3-conc-c50,970,10000,15.221016847316212,-269.7125127999031,269.7125127999031,-254.4914959525869,4197.888052638311,193600.72647745514,0.021223040730649994,185,193,122794.6894422436,-0.9999891228586102,0.9999891228586102,0.00108771413898057,20203.930465743382,181.17236352138633,0
univ3-conc-c50,971,10000,72.01677555090161,-837.5784983702304,837.5784983702304,-765.5617228193288,151798.48995898644,32236.359086003096,0.824835571886048,6559,6131,1347011.5408448768,-0.9999889271396347,0.9999891618255182,0.0011072860365342765,20203.929057882797,108.39538477256826,0
univ3-conc-c50,972,10000,22.702109980148638,-784.3684457612951,784.3684457612951,-761.6663357811465,41151.852956800605,44442.336691813136,0.480778580015064,2162,3794,1038733.7010664403,-0.9999891533047269,0.9999891609328182,0.0010846695272956933,20203.931069676233,110.90080125537601,0
univ3-conc-c50,973,10000,84.54472968856612,-7368.703574073435,7368.703574073435,-7284.15884438487,41943.03161086456,191585.16184872796,0.1796058582456425,2144,1706,1894294.4032033402,-0.9999891355296667,1.0204043495259016,0.0010864470333325372,20203.930778172937,153.51238374577542,0
univ3-conc-c50,974,10000,13.533738465192023,-215.0646552365529,215.0646552365529,-201.5309167713609,3433.5212250120076,99513.28243984735,0.03335238300539905,253,317,146883.0890082813,-0.9999891002601903,0.9999891939775568,0.0010899739809647512,20203.93023953959,117.57216251344016,0
univ3-conc-c50,975,10000,92.8976799362329,-1300.9278263828262,1300.9278263828262,-1208.0301464465933,8868.500135841046,110228.13219875364,0.07446474314173333,276,545,443721.86078316625,1.0204042049627615,1.0204043559685352,202.04042049627614,0.0016255825001647017,64.16033880879931,0
univ3-conc-c50,976,10000,14.189052469912168,-93.82805658204435,93.82805658204435,-79.63900411213218,106993.9795980162,208.22850172245333,0.9980576099558629,6373,3327,375274.04819136113,-0.6701255641030169,0.7847025036595308,32.9874435896983,16792.273047922296,102.75298993868925,0
univ3-conc-c50,977,10000,129.95877115674924,-8377.608787341658,8377.608787341658,-8247.650016184909,79097.27599539224,60075.18473800538,0.5683399975726019,3988,5046,3582874.9890182223,1.0204035424147202,1.0204043927725792,202.04035424147202,0.008383034801804981,91.86459830000013,0
univ3-conc-c50,978,10000,1.1050246599594298,-554.3479659013086,554.3479659013086,-553.2429412413492,2269.1979626351,113530.46775574284,0.019595893896220185,172,170,168914.48417057685,1.0204029026067942,1.0204041421322558,202.04029026067943,0.014110895220115438,23.8162423587413,0
univ3-conc-c50,979,10000,75.63388682239838,-4345.5808174642725,4345.5808174642725,-4269.946930641874,71805.30734475562,119948.637420019,0.37446586787478864,3477,3488,2181875.7979548876,-0.9999888675709212,1.0204043207603026,0.00111324290787854,20203.928153659104,126.11982565019574,0
univ3-conc-c50,980,10000,69.77242670756208,-2547.217192353505,2547.217192353505,-2477.4447656459433,29776.314374129437,98818.3573857357,0.2315516962454951,2256,2094,1261131.8227703725,-0.9999891008474205,1.0204042806402907,0.0010899152579431342,20203.930445854916,113.32141015727349,0
univ3-conc-c50,981,10000,79.49438976208255,-2586.738056240162,2586.738056240162,-2507.24366647808,16167.795602770422,165683.34245304263,0.08890676063741908,698,689,701139.460068553,-0.9999890719039045,1.0204043627696233,0.0010928096095479017,20203.929988829623,133.91110719652707,0
univ3-conc-c50,982,10000,45.40194687053321,-1660.7296559926413,1660.7296559926413,-1615.327709122108,46870.42631475522,152653.98305749643,0.23491073830124368,2443,2230,1102247.9856276,-0.999989158604169,1.0204042947234937,0.0010841395831024672,20203.931060710132,137.53453606259666,0
univ3-conc-c50,983,10000,14.888044466250921,-407.4701700690671,407.4701700690671,-392.5821256028162,26380.954946593458,175724.46386938347,0.13053066613030356,1143,1092,385381.33562693116,1.0203979342538076,1.0204043422520648,202.03979342538076,0.061917698091405626,82.94149992009324,0
univ3-conc-c50,984,10000,62.67483245812558,-795.3712508791144,795.3712508791144,-732.6964184209888,55889.9775775866,163543.87005771897,0.2547008047294261,1972,1996,710188.5037655925,-0.9999890188474687,0.9999891895415288,0.001098115253123541,20203.929567245854,132.2300375431944,0
univ3-conc-c50,985,10000,106.54032520995793,-291.97529756752647,291.97529756752647,-185.43497235756854,76585.69373864646,130114.29330823752,0.37051619999025537,3911,2384,418732.17608587106,-0.9999886088899431,0.9999891535153224,0.0011391110056797138,20203.925420249343,108.3868371185161,0
univ3-conc-c50,986,10000,64.9599342850486,-360.1001180803764,360.1001180803764,-295.14018379532774,180331.01020117188,15263.417106757797,0.9219639469445202,8138,5484,850784.0385899061,-0.9969132234774563,0.9999891155518553,0.3086776522543778,20171.906126445003,105.05371503082581,0
univ3-conc-c50,987,10000,108.1420581889672,-3495.111733198812,3495.111733198812,-3386.969675009845,93932.74667747215,53147.17605437676,0.6386510472182334,3552,5300,2452289.0233508637,1.020400071910355,1.020404371387272,202.0400071910355,0.041707442402067585,94.71457169401732,0
univ3-conc-c50,988,10000,48.76968143502092,-825.1309961927535,825.1309961927535,-776.3613147577325,249517.8842783341,6291.747587644286,0.9754045711971447,11562,7095,1495946.2057803895,1.0203957980037228,1.0204044576219249,202.03957980037228,0.08321402176603954,95.34830776808288,0
univ3-conc-c50,989,10000,44.91055329273057,-576.2617209488153,576.2617209488153,-531.3511676560847,52148.29970025617,144877.27002354024,0.26467782721481853,2247,2157,638732.1742522977,1.0203950885329427,1.0204043439392156,202.03950885329428,0.08935381965190531,87.92640818545736,0
univ3-conc-c50,990,10000,9.606171381243978,-1292.2812888542137,1292.2812888542137,-1282.6751174729698,7402.187856730294,114675.94205129634,0.060634839854665896,400,543,446770.92332311557,1.020395401556372,1.0204042181530264,202.0395401556372,0.08618143011144497,63.800433732442364,0
univ3-conc-c50,991,10000,99.8192490099569,-4528.847632803319,4528.847632803319,-4429.028383793362,66323.81698628851,214434.77611705824,0.23623076413506186,2565,2265,1778797.6830085528,-0.9999889585698739,1.0204042697809206,0.0011041430126095828,20203.92898575169,131.43011031994297,0
univ3-conc-c50,992,10000,19.138001819328256,-2137.1499352206915,2137.1499352206915,-2118.0119334013634,17100.6232320861,233760.9135893815,0.06816757741644636,785,612,614693.0437343183,-0.9999833628873763,1.0204043707806516,0.0016637112623623662,20203.870546863,105.72201433928285,0
univ3-conc-c50,993,10000,3.0631297701602582,-2328.8055732869143,2328.8055732869143,-2325.742443516754,5212.69444071064,104246.47932346402,0.047622271039074154,241,560,633063.4037085236,1.0203961072800507,1.0204040874356546,202.03961072800507,0.07939559080493552,64.12596545006191,0
univ3-conc-c50,994,10000,130.2564840216127,-1923.0279585423807,1923.0279585423807,-1792.771474520768,102277.57250326761,146564.3877574206,0.41101417299606974,4380,3607,1478740.2177690323,-0.9999890129555976,1.0204043742858808,0.0010987044402338063,20203.929711784418,104.93080575184041,0
univ3-conc-c50,995,10000,299.27216809763854,-2668.434703197464,2668.434703197464,-2369.1625350998256,20140.096972923093,276267.3401568347,0.06794734021503784,685,572,590068.6346786983,1.0204021178183351,1.0204043697623237,202.0402117818335,0.021693848571317176,75.38367126263556,0
univ3-conc-c50,996,10000,3.083472559710469,-1323.5841441421585,1323.5841441421585,-1320.500671582448,5559.942577216904,201843.91156388485,0.026807325255558387,189,256,319120.28251370345,1.0204036110250294,1.0204041128373005,202.04036110250294,0.007310788070264529,87.21507112732313,0
univ3-conc-c50,997,10000,61.27745916340669,-1739.7181505613887,1739.7181505613887,-1678.440691397982,72358.86260056561,46689.3080261925,0.6078116296925417,4473,5194,1757693.7411507722,-0.9999886074619545,1.020404337432184,0.0011392538045552354,20203.925576816877,107.08728473357351,0
univ3-conc-c50,998,10000,104.43033085036048,-797.8507901291034,797.8507901291034,-693.4204592787429,179244.34236501966,72850.39873292732,0.7110197602074428,6989,5320,1204961.1640858138,0.9630747732237404,1.0204044283770708,196.30747732237404,551.2174010784651,96.25685765340556,0
univ3-conc-c50,999,10000,163.84079176700217,-544.5870811196204,544.5870811196204,-380.7462893526182,44233.88022852703,89221.16867651157,0.33145153061988786,1755,2340,563565.7961718143,1.0204021676290356,1.0204043603555775,202.04021676290355,0.02134772951361888,90.08787327790438,0
univ3-conc-c100,0,10000,50.54786950566434,-200.4749291245822,200.4749291245822,-149.92705961891784,15358.076526692244,140775.60517617484,0.09836491626399804,618,662,244776.50189627113,1.0100971066257278,1.0100999918744114,201.0097106625728,0.03002294458596566,88.19719749066152,0
univ3-conc-c100,1,10000,10.986325495080694,-1478.808292039927,1478.808292039927,-1467.8219665448462,2089.2146061812728,56205.628247014756,0.03583875526420998,100,216,412905.2771784408,1.0100964167593325,1.0100995716411938,201.00964167593324,0.036735117054917055,51.02014315808477,0
univ3-conc-c100,2,10000,90.93321113787802,-279.61188794044654,279.61188794044654,-188.67867680256853,49772.72472201459,75066.14281876493,0.3986957403771383,2872,2425,570267.9591054991,1.0100982423065425,1.010100171814435,201.00982423065426,0.019080031454294044,92.60684722629529,0
univ3-conc-c100,3,10000,24.97243662829065,-3340.5593869255777,3340.5593869255777,-3315.586950297287,15850.517075093807,66110.27912828853,0.19339144822070056,1123,1601,1763922.862234681,1.0100989500092725,1.0101001584204354,201.00989500092726,0.012023089391974828,95.23520454777344,0
univ3-conc-c100,4,10000,49.23092396870845,-1407.8979445579353,1407.8979445579353,-1358.667020589227,72073.38415940793,30210.902704961503,0.704637890812871,3296,5861,2407250.969693592,0.10173628314974593,0.9999781523680941,110.1736283149746,8983.67150589292,99.79690512669549,0
univ3-conc-c100,5,10000,19.66571941181917,-297.26690578701056,297.26690578701056,-277.6011863751914,2689.1163664790083,143654.7806267704,0.01837532293268815,199,188,164749.9742967919,1.0100994579875515,1.0101000801012714,201.00994579875515,0.006931692128395284,89.6630303027163,0
univ3-conc-c100,6,10000,99.73746691915693,-8250.503198018374,8250.503198018374,-8150.765731099217,48910.00393366871,80790.0202150614,0.3771009624299101,3544,3388,3997853.898640122,-0.9999780608854317,1.010100186501253,0.002193911456825957,20100.77813645199,112.87745809577848,0
univ3-conc-c100,7,10000,15.953110956589958,-42.05006760948439,42.05006760948439,-26.096956652894427,156943.55104690566,30.69198995123223,0.9998044775412993,5836,1772,253673.8544368662,0.21559110459131048,0.3835288043917356,121.55911045913105,7848.7268899580595,99.57023518258744,0
univ3-conc-c100,8,10000,128.41093194178518,-13864.239322476957,13864.239322476957,-13735.828390535171,48086.76526279665,231951.20517472146,0.1717151612964062,1809,1622,3257178.7775969654,-0.999978109343258,1.0101001687585422,0.002189065674202958,20100.77845786191,118.34002263650147,0
univ3-conc-c100,9,10000,41.326565154954686,-8866.712545579854,8866.712545579854,-8825.385980424899,22725.526694245855,182421.62983859528,0.11077670818512086,965,964,2158512.080040714,-0.9999778218768447,1.0101001578160504,0.002217812315539238,20100.775448470653,153.7840946317001,0
univ3-conc-c100,10,10000,43.22030714415286,-164.32899099568263,164.32899099568263,-121.10868385152978,138420.42403933362,16815.444797855558,0.8916780965390702,6812,3909,653301.5320207009,-0.7353080065080089,1.0101001801305793,26.46919934919912,17407.544330796532,101.48687291166948,0
univ3-conc-c100,11,10000,157.94038752264998,-9819.555928518219,9819.555928518219,-9661.615540995568,24244.424017015248,122448.11353537884,0.16527373799335826,1014,1453,2789289.753096776,1.010100107216467,1.0101001077634748,201.0100107216467,0.0006704380936084497,95.23554058680836,0
univ3-conc-c100,12,10000,66.12084783761219,-386.6118561533349,386.6118561533349,-320.4910083157227,287963.0808143036,14825.533667171314,0.9510366871206171,11126,5769,1275135.870230283,-0.6826977872552124,1.0101001972953068,31.730221274478765,16873.902793149126,101.37104955938125,0
univ3-conc-c100,13,10000,142.07117028099157,-657.5807243056934,657.5807243056934,-515.5095540247019,220817.52381271528,66341.52238366773,0.7689728975548347,8226,5391,1451959.5264930055,-0.22162301914348517,1.0100995263016534,77.83769808565148,12221.153041120302,100.44654210855664,0
univ3-conc-c100,14,10000,41.661669982963154,-2363.573058946118,2363.573058946118,-2321.911388963155,4507.132968699501,129985.75725254347,0.03351205376942376,171,231,550096.7899853679,1.0100994533408891,1.0101000027612699,201.0099453340889,0.006977945922702178,62.80895993167865,0
univ3-conc-c100,15,10000,148.43089423478264,-1491.5111682877823,1491.5111682877823,-1343.0802740529996,78708.34933906459,127030.47301225166,0.3825644010184111,2752,3051,1646135.4122360577,1.0100996281398864,1.010100187698522,201.00996281398864,0.005525182513937604,92.84026173414608,0
univ3-conc-c100,16,10000,666.6082567173153,-9644.417492671833,9644.417492671833,-8977.809235954519,29203.93672507909,227536.36467481803,0.11374893838576289,1173,1135,2242558.098263635,1.0100924413294228,1.0101000686052892,201.00924413294229,0.07579839084867868,33.40793782367383,0
univ3-conc-c100,17,10000,40.39182240928999,-1666.7378243618816,1666.7378243618816,-1626.3460019525917,6977.056912317166,114807.71066588213,0.05729006222257741,480,410,558821.7298890834,-0.9999781077509869,1.0101001543362969,0.0021892249013054127,20100.77831373851,139.045628647001,0
univ3-conc-c100,18,10000,330.7149418814544,-1100.3562709985022,1100.3562709985022,-769.6413291170477,189148.96750283326,85605.39209815537,0.6884293584186413,7083,5076,1635629.6432545327,1.01009112686263,1.0101002182425742,201.009112686263,0.08915685117194982,93.76140412178559,0
univ3-conc-c100,19,10000,62.01610682732658,-141.979112584137,141.979112584137,-79.96300575681042,1608.9697636118974,134093.51485166932,0.01185659767522572,142,92,60856.10871803871,-0.9999780337904278,0.9999781746338438,0.0021966209572252416,20100.77752328517,112.35294496405139,0
univ3-conc-c100,20,10000,20.18643939638303,-2512.8180333173877,2512.8180333173877,-2492.631593921005,26591.117687812544,159845.66601934595,0.142628064907942,1215,1294,1400158.9233301296,1.0100925750057266,1.0101001165945749,201.00925750057266,0.07449579680544892,96.08783510341532,0
univ3-conc-c100,21,10000,23.81884312929347,-2928.069233583384,2928.069233583384,-2904.250390454091,6889.486982582339,234669.1134222935,0.028520975742676456,306,318,658109.6554362196,1.0100993540480419,1.0100995444512122,201.0099354048042,0.007961927693810544,66.664639588171,0
univ3-conc-c100,22,10000,515.6380375606951,-6301.857011626637,6301.857011626637,-5786.218974065942,12662.95729133986,138298.63688894012,0.0838819791225682,555,631,1331542.9950441006,1.0101000107074456,1.0101000107074456,201.01000107074455,0.0015530529154905992,57.98358028671422,0
univ3-conc-c100,23,10000,67.58905403406587,-1269.4802506767169,1269.4802506767169,-1201.891196642651,4383.477135277455,197816.8189938491,0.021678885833471457,140,123,282291.2112807952,-0.9999780109010951,1.0100976353978848,0.0021989098904890854,20100.77729168689,163.8063401131231,0
univ3-conc-c100,24,10000,0.03537661845076486,-78.70294876504417,78.70294876504417,-78.6675721465934,162.95107670745318,209619.46075286818,0.0007767623381117022,8,9,17551.327062206998,-0.9999780548809349,0.9999780548809349,0.0021945119065150693,20100.777727586672,179.83882562108087,0
univ3-conc-c100,25,10000,68.58644374523637,-5530.163097894917,5530.163097894917,-5461.5766541496805,23414.845487813476,159670.9144783864,0.12789004176040877,1132,1161,1819293.4846957123,1.0100996757906862,1.0101001412411563,201.00996757906861,0.004890621862276789,91.09577641654727,0
univ3-conc-c100,26,10000,15.080309323668981,-1117.802701453967,1117.802701453967,-1102.7223921302982,1985.8924796107676,174874.2119043186,0.011228606284771696,111,115,245071.1145458171,1.0100988988352504,1.0101000366753317,201.00988988352503,0.012404188806223404,48.704627688688795,0
univ3-conc-c100,27,10000,44.014499634425675,-15356.678361775617,15356.678361775617,-15312.663862141191,17828.377357231635,79910.5318748263,0.18240818827742766,901,1594,3611518.7226873473,1.0100974908072522,1.0101001646912164,201.00974908072521,0.026316825911845143,84.40924722637783,0
univ3-conc-c100,28,10000,1.577799428262437,-826.8737247713872,826.8737247713872,-825.2959253431247,1814.0927695747505,104326.62004404979,0.017091394258489358,83,165,289468.6390436459,-0.9999779779694127,1.0097178908112985,0.002202203058727665,20100.776954496883,205.51212060341794,0
univ3-conc-c100,29,10000,74.91763866281538,-750.1149778117535,750.1149778117535,-675.1973391489381,45160.509617445976,133214.04531735877,0.2531779806483721,1904,1998,959971.9847309478,1.010099727181176,1.0101000655203092,201.0099727181176,0.004461540019525534,86.58439095986556,0
univ3-conc-c100,30,10000,67.99713796860296,-6437.195443780945,6437.195443780945,-6369.198305812342,19972.05876394626,111833.98834943774,0.15152611887955053,1060,1289,2125662.3343734997,1.0100989908691722,1.0101001449838798,201.00989908691722,0.01160790436900383,52.14392420479111,0
univ3-conc-c100,31,10000,129.59056113481623,-3567.030692989104,3567.030692989104,-3437.4401318542878,37091.80588503696,191912.8620352908,0.16196964988478507,1640,1396,1593763.1430085048,-0.9999781636536386,1.0101001264430358,0.0021836346361335532,20100.778988909864,110.67588266666739,0
univ3-conc-c100,32,10000,1.8113046364888201,-771.2643072255235,771.2643072255235,-769.4530025890347,2086.5284052015254,123766.52320930961,0.016579084721700495,124,162,267084.1481486688,-0.9999780713799339,1.0100996757922807,0.0021928620066044443,20100.777909642984,150.5462407016785,0
univ3-conc-c100,33,10000,2.4800784584248508,-439.8100458363547,439.8100458363547,-437.32996737792985,4528.118991504457,112712.4621206669,0.03862245434600946,258,282,280028.12769164937,1.0100976107580613,1.0100980711978502,201.00976107580613,0.025044923661887708,65.08150843612081,0
univ3-conc-c100,34,10000,107.24150523879885,-1384.1459217220288,1384.1459217220288,-1276.9044164832299,33702.77478346594,143479.79062315216,0.19021496108333846,1731,1582,1056701.4993595246,-0.5661587042735013,1.0101001429821368,43.38412957264987,15693.82059627597,101.14182694135982,0
univ3-conc-c100,35,10000,15.636620422729115,-8171.3212912937615,8171.3212912937615,-8155.684670871033,16001.64881855739,143858.89181603916,0.10009755224795205,1216,975,2040915.3008793427,1.0100979684224978,1.0101001288464226,201.00979684224978,0.02162015398975825,48.53289564999783,0
univ3-conc-c100,36,10000,144.46670162129405,-808.2106487920347,808.2106487920347,-663.7439471707406,64847.422436014014,150764.04946995954,0.30076053867993374,3422,2312,990031.7454208151,1.010099602012094,1.0101001680390587,201.0099602012094,0.005784798043190875,93.57010798548743,0
univ3-conc-c100,37,10000,15.751012705037716,-6816.345770615482,6816.345770615482,-6800.594757910445,16887.213822719477,87552.95428948176,0.1616927100747038,1089,1639,2478920.1831859318,-0.9999775056651928,1.01010011899639,0.002249433480706878,20100.772259486635,120.57881934574904,0
univ3-conc-c100,38,10000,142.4428105234588,-1434.3840021954395,1434.3840021954395,-1291.9411916719807,8812.803596015581,79934.23755412518,0.09930250610954147,366,694,713549.6965180204,1.0100983914876147,1.010100036513292,201.00983914876147,0.01741736768963144,71.98237568592819,0
univ3-conc-c100,39,10000,57.512059159013006,-3791.6339450772493,3791.6339450772493,-3734.1218859182363,21417.92992584882,141715.42910966004,0.1312909269598674,1193,1183,1605265.0242140905,1.0100961782388853,1.0101000453419673,201.00961782388853,0.03917356926179494,63.832420655588194,0
univ3-conc-c100,40,10000,46.968859561491044,-860.368379882695,860.368379882695,-813.3995203212039,99687.85616039662,35336.23880495682,0.738296792035348,4359,5594,1840758.8320388133,-0.9999749418785728,1.0101001273697185,0.0025058121427119495,20100.74646047717,103.824823994845,0
univ3-conc-c100,41,10000,13.766979668767512,-3096.6205045112342,3096.6205045112342,-3082.853524842467,19219.456813113888,209563.00903786308,0.08400756037673338,932,788,1199443.5230265777,-0.999978177546477,1.0101000718842041,0.002182245352301262,20100.779065778555,123.15711283826744,0
univ3-conc-c100,42,10000,44.12602248266232,-867.6169556395521,867.6169556395521,-823.4909331568898,24933.270913282442,120720.21682247256,0.17118210693668012,923,1259,814514.0796445064,-0.9999779974391749,1.0101001078636533,0.0022002560825039267,20100.77725054237,131.86361333046014,0
univ3-conc-c100,43,10000,265.20879660445405,-3260.120454344915,3260.120454344915,-2994.9116577404607,37221.64325933505,231030.9161913227,0.13875596689761158,1258,1128,1320848.4049137,-0.9999764425343004,1.0101000991309044,0.0023557465699567126,20100.76139952886,104.65399671555824,0
univ3-conc-c100,44,10000,27.485714753946038,-7013.717790914091,7013.717790914091,-6986.232076160145,19397.17507909188,90192.40581977446,0.1769983507555556,661,1414,2349281.856698644,-0.999978135835427,1.010100147077305,0.002186416457293799,20100.778658811985,202.93007228776162,0
univ3-conc-c100,45,10000,236.12348167387378,-423.89562498745875,423.89562498745875,-187.77214331358496,101446.86724193367,105407.90592407115,0.4904255564870174,5555,3088,654041.9172167799,-0.9987102082339908,0.9999781575352655,0.12897917660091918,20087.842458280255,102.2127090536692,0
univ3-conc-c100,46,10000,298.39483848541374,-2813.010759672422,2813.010759672422,-2514.615921187008,154465.26084371083,141810.35682660597,0.5213566410165866,5773,4311,2542049.00733266,-0.9999779894187358,1.0101001822346893,0.002201058126415396,20100.77757025359,102.77217781739873,0
univ3-conc-c100,47,10000,76.31680304940808,-187.56056393870335,187.56056393870335,-111.24376088929527,9377.232855826138,227942.64604639934,0.03951305259046381,253,261,131408.05194636193,1.0101001254562443,1.0101001318913652,201.01001254562442,0.00039713793689344357,79.6674381363814,0
univ3-conc-c100,48,10000,63.98933603047139,-728.860415876706,728.860415876706,-664.8710798462347,5424.910723468877,136786.41047613582,0.038146827395370245,248,307,337767.813453609,1.0100995209690964,1.0101001335641353,201.00995209690964,0.006323481085456661,70.09697829734397,0
univ3-conc-c100,49,10000,45.31540737176601,-2935.239307941357,2935.239307941357,-2889.923900569591,62783.0816816588,104096.77709068684,0.3762172508026046,4239,3287,2417491.170213148,-0.9999781286833822,1.010100170576694,0.0021871316617827602,20100.778861695093,126.28308410483056,0
univ3-conc-c100,50,10000,99.41507531136708,-15213.831598371386,15213.831598371386,-15114.41652306002,25577.610788753598,97736.05469694397,0.20741911034767024,940,1936,3976628.3218943467,1.010097271233421,1.0101000851774733,201.00972712334212,0.028485984084341,97.35866611043825,0
univ3-conc-c100,51,10000,24.94573578343016,-1441.8957250490132,1441.8957250490132,-1416.949989265583,10088.610201316344,136530.4854770594,0.06880829645441792,415,575,673516.9320074883,-0.9999781790361157,1.010100051833378,0.002182096388417751,20100.779042403596,117.11257224741712,0
univ3-conc-c100,52,10000,80.2481761933285,-3935.102322184716,3935.102322184716,-3854.854145991387,15843.423252024639,124467.7820677694,0.11291630783097242,678,885,1348463.7715026515,-0.9999778338274611,1.0101001356104147,0.002216617253900183,20100.77555005753,125.65909739566708,0
univ3-conc-c100,53,10000,5.841963074181366,-895.2808457832134,895.2808457832134,-889.438882709032,2871.0129622825343,132991.12573123683,0.02113181045058495,130,181,306229.6766958636,1.0100952989919418,1.0100999398674193,201.00952989919418,0.04768991941137557,41.85639581894704,0
univ3-conc-c100,54,10000,8.213345692904593,-223.740111613851,223.740111613851,-215.52676592094642,689.2624491041113,75873.57416049416,0.009002572000025692,55,74,80521.9101831533,1.0100995461051048,1.0101000823431463,201.00995461051048,0.0060555027351734125,50.51369382026857,0
univ3-conc-c100,55,10000,8.639368076912652,-1153.4157910636598,1153.4157910636598,-1144.776422986747,11317.193142832828,237819.8090870231,0.04542558127271471,520,441,554464.3783068121,1.0100988509069184,1.0100999782629385,201.00988509069185,0.01290940820432418,60.546112460192404,0
univ3-conc-c100,56,10000,75.94091169385649,-12037.580947772196,12037.580947772196,-11961.64003607834,17857.91288431839,88780.82060001255,0.16746178710892473,846,1402,3002091.397829525,-0.9999781225960791,1.0101001264731482,0.0021877403920935313,20100.7785329274,146.04832612510074,0
univ3-conc-c100,57,10000,84.24623148421614,-4880.613741611047,4880.613741611047,-4796.367510126831,13061.587208712235,147966.35938549493,0.0811137910218009,756,792,1424153.9293114678,1.0100903792003615,1.0101001213375493,201.00903792003615,0.09597001813719147,77.67038526056504,0
univ3-conc-c100,58,10000,27.890498180229624,-904.6337252533166,904.6337252533166,-876.7432270730869,10055.846199523174,205343.61446533704,0.04668463963876425,301,320,393635.81867694575,1.0101000421396769,1.0101001594233545,201.01000421396768,0.0012190449640333556,72.28276224227757,0
univ3-conc-c100,59,10000,28.59687849809006,-300.9279453263374,300.9279453263374,-272.33106682824734,149913.1604150592,8962.542438610497,0.9435877086450072,5628,5363,1119089.1141026635,1.0099400926612376,1.0101001743650573,200.99400926612375,1.569379161015735,97.70721160064947,0
univ3-conc-c100,60,10000,42.42637745594246,-15082.26702453625,15082.26702453625,-15039.840647080307,25626.740314948256,134277.786028655,0.160262757414893,1932,1690,3599629.569580535,1.0100919876623933,1.0101001328355548,201.00919876623934,0.08030740208069195,92.56558696223887,0
univ3-conc-c100,61,10000,80.87255686066725,-2695.61211323051,2695.61211323051,-2614.739556369843,24494.570494478154,87083.46456411398,0.2195286059806978,1433,1887,1711554.7147276509,-0.9999759500814714,1.0101001711288222,0.002404991852862942,20100.756421102258,103.92595555353815,0
univ3-conc-c100,62,10000,36.58517936689034,-381.78217022382296,381.78217022382296,-345.19699085693264,7983.1525376520685,102456.4163470005,0.07228525625620638,490,570,352122.66035432427,-0.9999780926763401,1.0100996198937526,0.0021907323659823056,20100.77816594939,137.42372466016568,0
univ3-conc-c100,63,10000,227.57304406498764,-1703.1528201665856,1703.1528201665856,-1475.5797761015979,103375.61420557865,173170.67990654297,0.37380943591190025,4317,3097,1688303.2366633862,0.5194686746361907,1.0101001216180634,151.94686746361907,4832.156725587557,98.96920325179053,0
univ3-conc-c100,64,10000,184.65563954113966,-6338.611828524167,6338.611828524167,-6153.9561889830275,19190.26090581177,195273.44640525375,0.08948022556551985,688,724,1500498.5807388846,1.0100950074468096,1.0101001512810353,201.00950074468096,0.050600903500523486,74.15403615226887,0
univ3-conc-c100,65,10000,42.29937399652304,-253.90007913741033,253.90007913741033,-211.6007051408873,32494.47576384806,21218.887417106227,0.6049607367607539,2761,3600,769050.5526979694,-0.9999769306123519,0.9999781711707081,0.0023069387648104577,20100.76656629982,102.73393851923394,0
univ3-conc-c100,66,10000,159.0699698644808,-535.7222081622613,535.7222081622613,-376.65223829778046,23470.31433937182,89102.74350781419,0.20848962254567122,789,1478,625733.6053904442,1.002744832335882,1.0101001407701364,200.2744832335882,72.09507926456739,94.85584061218105,0
univ3-conc-c100,67,10000,11.87988338959446,-5194.718511676211,5194.718511676211,-5182.838628286617,7179.616790932236,101235.18029470198,0.06622358740625812,424,651,1343409.9291505325,1.0100983510752723,1.0101001075163938,201.00983510752724,0.017817098671436327,72.42108641022617,0
univ3-conc-c100,68,10000,3.137641331988746,-1378.0962619256034,1378.0962619256034,-1374.9586205936146,3357.7630789038026,138191.86038045192,0.023721455393824795,261,202,362176.46402948047,1.010100027010531,1.0101001551738176,201.01000270105308,0.001358458584197253,58.40932061697143,0
univ3-conc-c100,69,10000,79.41702710232762,-5443.636091454394,5443.636091454394,-5364.219064352066,21170.825706913234,107155.8051850235,0.16497608921675103,958,1400,2014143.3859433108,-0.9999780286565586,1.01010016110156,0.0021971343441438925,20100.77757869904,134.91793217780622,0
univ3-conc-c100,70,10000,143.40543923231166,-259.85556493940743,259.85556493940743,-116.45012570709576,27336.481407911724,124890.50942054158,0.17957709903572608,1395,1131,290795.65611401206,1.0100978910810465,1.0101001628673096,201.00978910810466,0.022393531639210096,94.92072900346442,0
univ3-conc-c100,71,10000,0.9393393112655941,-165.89019038919722,165.89019038919722,-164.95085107793162,673.9394322670541,128030.14772426101,0.0052363483332694685,56,78,89373.92154012904,1.0101000496316166,1.0101000496316166,201.01000496316166,0.0011212968791873834,68.45710391780875,0
univ3-conc-c100,72,10000,18.70104607347069,-1888.1356138481524,1888.1356138481524,-1869.4345677746817,24668.682511336585,60903.14676206176,0.28828041565549795,2006,2564,1757373.1180253425,1.0100914064200384,1.0101001796195295,201.00914064200384,0.08605007311207657,96.37060832147118,0
univ3-conc-c100,73,10000,20.685126034063664,-3339.2912968948494,3339.2912968948494,-3318.606170860786,8227.293326032532,51215.824486184545,0.13840615413247406,629,1158,1487938.4444642104,-0.3374909041490953,1.0101001340205285,66.25090958509047,13386.33676073537,100.67828776070691,0
univ3-conc-c100,74,10000,168.03169463795177,-266.5980093660002,266.5980093660002,-98.56631472804844,32206.48467587249,189421.9475240893,0.14531747734791783,1206,882,245209.1308389262,1.0100911917604407,1.010100170872214,201.00911917604407,0.08803235163134815,95.90659946873016,0
univ3-conc-c100,75,10000,3.7766759834578245,-1629.7635004750184,1629.7635004750184,-1625.9868244915606,3352.1264552001676,145963.64698915847,0.02244991522244843,220,194,435339.4087519999,1.0100994837959953,1.0100994837959953,201.00994837959954,0.006679432400424901,91.22287163918266,0
univ3-conc-c100,76,10000,55.525163666279255,-2938.5846830790506,2938.5846830790506,-2883.0595194127714,14336.103672904053,68964.54160153067,0.17210075174896464,734,1251,1416787.4657330236,-0.9999780276160014,1.010100058374595,0.002197238399865341,20100.77754907575,125.84233488930936,0
univ3-conc-c100,77,10000,61.30165836844322,-3035.7696505753124,3035.7696505753124,-2974.467992206869,65556.00040673147,29636.850202685324,0.6886651674684323,2917,5631,3365997.6069709184,1.0100985741582422,1.010100187623674,201.00985741582423,0.01599004700194584,95.62363522688833,0
univ3-conc-c100,78,10000,14.04343438614461,-7755.340988091371,7755.340988091371,-7741.297553705227,21896.02420330262,113436.88019895597,0.16179379508637215,1666,1691,2787439.360043879,1.010092207365171,1.0101001712733617,201.0092207365171,0.07814370093066714,84.69556416044391,0
univ3-conc-c100,79,10000,9.408611048460582,-68.53452807686907,68.53452807686907,-59.12591702840848,140377.11815929748,2404.1522216815233,0.9831619916585236,11209,2786,410413.7874602808,-0.9744493951557677,0.9999780734566188,2.5550604844232327,19840.376177997332,102.00281131785363,0
univ3-conc-c100,80,10000,10.607977532991299,-3089.0360043970327,3089.0360043970327,-3078.4280268640414,5139.8391533027425,86661.24897546183,0.055988869610056904,330,555,985155.7999589464,-0.999977868810953,1.010100140854853,0.002213118904707337,20100.77587325761,113.19352804042104,0
univ3-conc-c100,81,10000,16.250931654491545,-4598.024909366105,4598.024909366105,-4581.773977711613,11216.510769410235,71849.94006466989,0.1350305768066881,743,1217,1796127.643985202,1.0100936053771097,1.0101001617098893,201.00936053771096,0.06437170281295779,74.05978472305385,0
univ3-conc-c100,82,10000,39.27111575059706,-2269.1370364145955,2269.1370364145955,-2229.8659206639986,12043.553761263061,154399.59166848232,0.07235836435419067,500,557,790575.4286151527,-0.9999781435867368,1.0101001211860603,0.0021856413263235536,20100.778685029993,143.70313277411483,0
univ3-conc-c100,83,10000,92.55384958500238,-3632.9848722910147,3632.9848722910147,-3540.4310227060123,25503.72451688683,87973.66152031449,0.22474719772383492,1262,1849,1964071.4749099687,1.0101000797211392,1.0101001707038428,201.01000797211393,0.0009714404053413617,91.19295798900148,0
univ3-conc-c100,84,10000,9.939148956523002,-1235.0559706396202,1235.0559706396202,-1225.1168216830972,9902.77838814312,211808.2605147979,0.04466524732888146,416,349,496932.94514183444,-0.9999780427447154,0.9999781811678428,0.0021957255284659207,20100.7776425681,140.58364303972618,0
univ3-conc-c100,85,10000,52.14846715328853,-5872.948347100203,5872.948347100203,-5820.799879946914,41829.45052667183,98394.56498625372,0.29830446927128595,2265,2643,3038523.675865155,0.9527492931201306,1.0101001407353045,195.27492931201306,562.4163630433619,98.12149974691745,0
univ3-conc-c100,86,10000,12.950063079501646,-279.74340107959245,279.74340107959245,-266.7933380000908,154611.72793066766,1141.19737950674,0.9926730276350566,8633,5523,1139113.6597644864,0.3227637814221933,0.9999780810180035,132.27637814221933,6782.746134359932,99.3576510960261,0
univ3-conc-c100,87,10000,106.56623397328953,-7154.37474888617,7154.37474888617,-7047.80851491288,33933.75023925413,263939.1086331568,0.11392024895356144,1324,1049,1924524.9690021682,1.0100963105860925,1.0101001177360205,201.00963105860924,0.03787585764634116,60.98923060627165,0
univ3-conc-c100,88,10000,60.95820588133315,-1921.0199540855517,1921.0199540855517,-1860.0617482042185,8283.295014848503,180683.86493468395,0.04383457430942354,320,397,649603.9206849328,-0.999978066621484,1.0101001412207047,0.0021933378515901626,20100.777883942705,144.27266168576583,0
univ3-conc-c100,89,10000,0.38332246949345905,-49.53270553677597,49.53270553677597,-49.149383067282514,815.2597425896402,82688.84348944384,0.009763109967473956,66,94,54408.443636707896,1.010099778147531,1.0100999541332873,201.00997781475309,0.003782645600968415,82.74322143651109,0
univ3-conc-c100,90,10000,109.86850144970735,-603.6320396052106,603.6320396052106,-493.7635381555032,118579.0686779322,199353.88812908364,0.37296878520810056,4175,2894,1024851.7979526256,1.0101001950683275,1.0101001950683275,201.01001950683275,0.00003239793165210614,89.13127481907044,0
univ3-conc-c100,91,10000,8.067972986235237,-3759.1040509297113,3759.1040509297113,-3751.036077943476,6256.054230558685,64804.65016705803,0.08803816798034027,440,770,1267109.35756963,1.010099400501443,1.0101001493146067,201.0099400501443,0.00753742687374892,90.47500892590769,0
univ3-conc-c100,92,10000,38.74861013430975,-8509.009296018896,8509.009296018896,-8470.260685884587,19386.452315382543,107684.72598918903,0.15256372510307545,1367,1325,2482150.2882421776,1.010099630416429,1.0101001450467328,201.0099630416429,0.005354138378232121,46.34894965051198,0
univ3-conc-c100,93,10000,63.23958170394552,-610.5171896192446,610.5171896192446,-547.2776079152991,42876.435948773775,240289.75105455847,0.15141792317268873,1761,1338,688607.8325363253,-0.9999778606851968,0.9999781610999454,0.002213931480327727,20100.775900936842,108.74972911151411,0
univ3-conc-c100,94,10000,93.77453032469231,-2619.478437645876,2619.478437645876,-2525.7039073211836,58814.19497885392,98687.36231148063,0.3734197679737049,3378,3249,2261217.905676007,1.010100125355308,1.0101001659286115,201.0100125355308,0.0006991568908234214,86.87945885007937,0
univ3-conc-c100,95,10000,94.45240304595802,-1095.296663847269,1095.296663847269,-1000.844260801311,21572.94072478624,228673.26322869415,0.08620686501520937,770,696,609367.6285511198,1.0100988864343727,1.010100119878482,201.00988864343728,0.01258591734681147,82.82845130071455,0
univ3-conc-c100,96,10000,14.520939388577496,-4788.579064645517,4788.579064645517,-4774.05812525694,10176.048083181704,115653.71514151513,0.08087155075552453,596,756,1420133.8858923744,-0.9354837219287246,1.0101000684096535,6.45162780712754,19443.16926638674,101.89845176990846,0
univ3-conc-c100,97,10000,42.603255442162386,-350.3083025676626,350.3083025676626,-307.70504712550024,13164.330577782564,84020.88179344128,0.1354561075351467,586,996,454378.3331753178,1.0100969587194573,1.010100039913551,201.00969587194572,0.03148471867792746,76.02099851722808,0
univ3-conc-c100,98,10000,80.30372586310098,-3070.5999769660275,3070.5999769660275,-2990.2962511029264,43151.554255571595,147518.45909375045,0.22631536809364275,2026,1898,1828916.2158097655,-0.9999781128044212,1.01010013011694,0.0021887195578820075,20100.778518128092,115.97815055388776,0
univ3-conc-c100,99,10000,31.08687104570594,-2563.8422999543336,2563.8422999543336,-2532.755428908628,9142.560054079271,121208.08177882804,0.07013820511753868,342,616,905810.8535816005,1.0100999450715806,1.010100126210182,201.00999450715807,0.0021856778807515242,56.70140573344945,0
univ3-conc-c100,100,10000,61.932052217413755,-2997.910276457558,2997.910276457558,-2935.9782242401443,45868.273621474546,228109.02451457965,0.16741632950441337,2036,1658,1700850.0626997733,-0.9999759497215378,1.0101001634063287,0.0024050278462288705,20100.756435570118,104.02738870828291,0
univ3-conc-c100,101,10000,349.35808981060427,-496.0357803784369,496.0357803784369,-146.67769056783266,27467.55434928545,188048.1236406752,0.12745037672185022,929,766,245562.14485740347,1.0100977634313084,1.0101001612851206,201.00977634313085,0.023603592436899135,90.23761949204535,0
univ3-conc-c100,102,10000,42.0936445631614,-2073.9467521174165,2073.9467521174165,-2031.853107554255,11202.299829529673,209722.113569771,0.0507064821726268,506,488,731063.8281985249,1.0100997076599818,1.0100998941465749,201.0099707659982,0.004515279521886129,62.261355572996756,0
univ3-conc-c100,103,10000,20.62480624066196,-2857.5300790124916,2857.5300790124916,-2836.9052727718295,7974.352294229217,130761.45282590779,0.05747868971044569,558,543,897138.9124493839,1.0100998377852903,1.0101000875502473,201.00998377852903,0.003245618140278045,48.18442667012048,0
univ3-conc-c100,104,10000,90.59662346014576,-214.48015636212978,214.48015636212978,-123.88353290198401,7615.992830056044,84816.1829228429,0.08239547287533351,385,403,164915.73250521734,1.010098144172256,1.010100150904357,201.0098144172256,0.019828200816732533,95.58534366048933,0
univ3-conc-c100,105,10000,70.4324554108494,-3217.397046562503,3217.397046562503,-3146.9645911516536,13594.740878047789,232652.94923686545,0.05520758741616502,550,463,842789.8857832755,-0.9999781534632705,1.010100118015038,0.002184653672951346,20100.77878336944,126.3446173667896,0
univ3-conc-c100,106,10000,76.43492114405797,-1686.3050881192544,1686.3050881192544,-1609.8701669751963,12955.353083831571,188607.09795275517,0.06427463556433917,638,497,633290.2753188978,-0.9999781218743281,1.0101001665479854,0.002187812567189071,20100.778468000233,123.2856935857355,0
univ3-conc-c100,107,10000,334.4430402450126,-860.2841182579353,860.2841182579353,-525.8410780129227,24551.60493014935,83918.53626704581,0.22634436222882146,910,1425,684655.6448595672,-0.9999761027979962,1.0101001149254676,0.002389720200378956,20100.757926978564,112.59229413037767,0
univ3-conc-c100,108,10000,67.03580665165892,-3284.2219029613216,3284.2219029613216,-3217.186096309663,79910.9422766008,64887.11693489342,0.5518785452771966,4941,4842,3146642.009578824,0.5148878035131886,1.010100169174336,151.48878035131887,4877.495412620815,98.97826851090687,0
univ3-conc-c100,109,10000,27.035900214610535,-1035.7804895072948,1035.7804895072948,-1008.7445892926842,9484.303020230946,161086.5924124794,0.05560329032787702,568,489,517575.6569316255,1.0100985290704814,1.010100136348693,201.00985290704813,0.01606735219544042,78.35886006302351,0
univ3-conc-c100,110,10000,31.715156606654645,-6701.768606628238,6701.768606628238,-6670.053450021583,10456.16399145474,87124.17872431893,0.10715440938664095,635,1009,1852386.367239208,1.0100991293291708,1.010100102336141,201.00991293291708,0.01021565876127628,97.06464735191683,0
univ3-conc-c100,111,10000,404.64551972909857,-1306.0156353623458,1306.0156353623458,-901.3701156332472,144674.2303974581,178049.77676216242,0.44829088381361626,5010,3398,1396519.9964904126,1.010096120577049,1.0101001782516672,201.00961205770489,0.0400282472634359,85.90060301799143,0
univ3-conc-c100,112,10000,8.73610178269642,-2553.3898123662284,2553.3898123662284,-2544.653710583532,4867.3694923631665,159623.38874728716,0.029590534717286582,417,335,667849.1219596777,-0.9999780197596913,1.0100997704630545,0.0021980240308798536,20100.777408068545,231.81134331243595,0
univ3-conc-c100,113,10000,252.0515020465228,-2291.0551790728805,2291.0551790728805,-2039.0036770263578,34814.30832024139,280088.0647402685,0.1105558779436434,1208,872,942614.3045263282,-0.9999781503788345,1.0101001618026053,0.00218496211654452,20100.778808920444,116.02591753715777,0
univ3-conc-c100,114,10000,193.780347002059,-1407.7621585598324,1407.7621585598324,-1213.9818115577734,150303.59314206993,35465.66596165907,0.8090875415406813,6156,6165,2300290.4054442775,1.010095937489878,1.0101002172254057,201.00959374898778,0.042016673879964286,94.79567510274329,0
univ3-conc-c100,115,10000,25.743706699385296,-3166.441760775547,3166.441760775547,-3140.698054076162,26971.06965805566,106277.67163493394,0.202411440410917,1538,1756,1819103.634819869,-0.9999781060505434,1.010100146402796,0.0021893949456599647,20100.778416417033,151.57175636232085,0
univ3-conc-c100,116,10000,358.9221223755617,-8563.402371578779,8563.402371578779,-8204.480249203218,44136.809714449344,269933.15972376184,0.14053177320136187,1559,1239,2191226.0672054854,1.0100950623264238,1.0101001165308856,201.00950623264237,0.05013537016782266,88.85658903404455,0
univ3-conc-c100,117,10000,13.49216337521549,-3812.748401159897,3812.748401159897,-3799.2562377846816,12369.676047202673,203785.80291891328,0.05722582701288694,545,478,990333.1558537417,-0.9999781569997356,1.0100995559468167,0.0021843000264362487,20100.778820976975,223.81651361137108,0
univ3-conc-c100,118,10000,244.3964201405843,-289.29470003578064,289.29470003578064,-44.89827989519634,143201.7391408081,84634.39878904796,0.6285295232001151,4999,2481,322470.4108119467,1.0100986795466624,1.010100185301342,201.00986795466625,0.014903145289746234,97.05795474736756,0
univ3-conc-c100,119,10000,0.25238739628186696,-237.3979842522845,237.3979842522845,-237.1455968560026,753.5763444739542,180198.44423253558,0.00416450914486057,60,49,77654.80521762605,-0.9999781127969983,0.9999781127969983,0.0021887203001672234,20100.778323504674,228.41773225218557,0
univ3-conc-c100,120,10000,32.07298889284537,-2577.3755780637375,2577.3755780637375,-2545.302589170892,13492.801509712732,56873.457919576176,0.19175101276019446,928,1509,1482872.7699246337,-0.9999780374301089,1.0101001302175499,0.002196256989101719,20100.77767260327,108.22252911637716,0
univ3-conc-c100,121,10000,79.70036624822187,-8310.73719288999,8310.73719288999,-8231.036826641768,18416.927744307406,148302.68742379235,0.11046647226085556,1322,1095,2020867.1536794805,1.0100999298142965,1.010100093563755,201.00999298142966,0.002409018190147716,81.2835534671967,0
univ3-conc-c100,122,10000,4.096193764097136,-552.9108833351443,552.9108833351443,-548.8146895710471,1074.5311209254742,143035.81878643928,0.0074563077642666965,69,88,162797.38949635418,-0.9999780831749047,1.010099556599412,0.002191682509535274,20100.778023230218,162.68022996178323,0
univ3-conc-c100,123,10000,3.403077458908374,-1038.0325071968753,1038.0325071968753,-1034.6294297379668,3510.6930312225727,167565.16765565163,0.020521264760130654,162,193,346063.42862157885,-0.9999781385288098,1.0101000860910159,0.002186147119021789,20100.778599673933,201.07660064900926,0
univ3-conc-c100,124,10000,46.20181342696269,-5290.689217645664,5290.689217645664,-5244.487404218701,12283.476008184507,224258.97864022577,0.051929265832817637,514,509,1176062.4538247061,-0.9999770372494039,1.0101000761121952,0.0022962750596131985,20100.76739715289,103.73932183511346,0
univ3-conc-c100,125,10000,12.42241783449344,-3478.3913263730024,3478.3913263730024,-3465.968908538509,3561.5223375278797,63057.94215127684,0.05346068697574696,208,382,786873.6153785835,-0.9999781145600585,1.0100999028801048,0.00218854399415786,20100.77836512543,133.76052009310555,0
univ3-conc-c100,126,10000,37.5598272125358,-510.8269884895635,510.8269884895635,-473.2671612770277,63903.15900645524,96431.98732779341,0.39855989449273416,4286,3046,1020603.8688296587,1.0100981009776264,1.0101001878070894,201.00981009776265,0.020568510334749657,92.61125780319949,0
univ3-conc-c100,127,10000,17.126083789159857,-4087.8837642690296,4087.8837642690296,-4070.7576804798696,11709.336916491275,142608.7464244101,0.07587793123780823,566,655,1190128.9563312202,1.0100989413828785,1.0101000584583448,201.00989413828785,0.012035752401663657,73.49070188611262,0
univ3-conc-c100,128,10000,60.234994822214425,-6386.897638697387,6386.897638697387,-6326.662643875173,33150.2977619881,181415.1263712059,0.15449971912254448,1553,1379,2168776.355675376,-0.9999231126817196,1.0101001644900964,0.007688731828038975,20100.217300683307,102.4981197144621,0
univ3-conc-c100,129,10000,45.072843392069544,-4522.749741917167,4522.749741917167,-4477.676898525097,14798.353627483697,218783.41596288257,0.06335406077895402,617,532,1076373.9208100266,-0.9999781672206706,1.010100123206638,0.002183277932937167,20100.778932449448,118.09338011502805,0
univ3-conc-c100,130,10000,192.81928644306345,-3615.137480415221,3615.137480415221,-3422.3181939721576,24251.206889826943,235214.01908863703,0.09346611592506747,845,812,1220197.4440408056,1.0100987169627738,1.0101001688572777,201.00987169627737,0.014256170699986803,65.91285074284076,0
univ3-conc-c100,131,10000,18.00970613582333,-1485.6538117950724,1485.6538117950724,-1467.6441056592491,5950.705083696061,99684.84490015505,0.056332409729544335,451,437,579366.1161591478,1.0100963390429982,1.010099964708051,201.00963390429982,0.03752677012011674,67.88717777144794,0
univ3-conc-c100,132,10000,14.213405305714204,-3232.1505803233545,3232.1505803233545,-3217.93717501764,5319.573107826519,124717.57519109294,0.040908103395179744,238,403,824702.8780081916,1.0100911519925193,1.0100999972364881,201.00911519925194,0.08835215087447068,38.91995134673968,0
univ3-conc-c100,133,10000,253.80082717299462,-5013.417894891965,5013.417894891965,-4759.61706771897,91824.20247366793,163552.6289872784,0.359563559264029,3841,3076,2943368.2736611473,-0.9999535715840904,1.0101001555053184,0.004642841590971614,20100.52827658402,102.33135517634553,0
univ3-conc-c100,134,10000,78.37599875369384,-1343.6877740610685,1343.6877740610685,-1265.3117753073745,39169.194718186074,90510.59626271935,0.3020454800390101,1986,2243,1317593.3363523663,0.23903882656256314,1.0101001809033863,123.90388265625631,7615.311802732866,99.52369914270692,0
univ3-conc-c100,135,10000,6.007578167353729,-4126.0852571480555,4126.0852571480555,-4120.077678980701,7660.401721601285,151857.7078663337,0.048022144579004424,629,519,1054445.5080051355,1.0100993718819171,1.010100154089869,201.0099371881917,0.007812215567249092,71.09016119825175,0
univ3-conc-c100,136,10000,80.26226374288873,-2081.5665940491094,2081.5665940491094,-2001.3043303062207,44408.79643673341,84473.34360680611,0.3445690490686378,3038,2777,1822122.0677915418,1.010096100009621,1.0101001613299894,201.00961000096208,0.04010869481117929,90.45156927075406,0
univ3-conc-c100,137,10000,166.9605451966205,-588.206754455536,588.206754455536,-421.24620925891554,22765.549435247754,143841.09595943446,0.13664250535335723,1043,972,492246.8632874624,-0.99997730690373,0.9999781795446802,0.002269309626996646,20100.770197236707,104.0445110828318,0
univ3-conc-c100,138,10000,39.77081560828229,-799.0936961454447,799.0936961454447,-759.3228805371624,83361.5660681388,66312.26510199021,0.556954849197283,4695,4354,1553016.6393730203,1.010097969193806,1.0101001793752793,201.0097969193806,0.021944397926610293,95.4695741911343,0
univ3-conc-c100,139,10000,67.3100189090455,-9167.88427799594,9167.88427799594,-9100.574259086894,22758.178248043114,162584.61429400614,0.1227896587501772,987,1104,2290152.8300383864,-0.9999777756625461,1.0101001655021227,0.0022224337453868185,20100.774983343767,120.10161621218924,0
univ3-conc-c100,140,10000,5.454975181798256,-406.2186249415279,406.2186249415279,-400.7636497597296,2601.2751381524954,130501.11856532055,0.019543413651505356,156,188,204672.61725366378,1.0100967170573225,1.0101000760531886,201.00967170573225,0.03379400688763162,72.86601294850834,0
univ3-conc-c100,141,10000,51.79460807809232,-2061.380859480501,2061.380859480501,-2009.5862514024086,41406.09437935714,72201.70965853892,0.3644652295677271,3062,2862,1906088.0029057076,1.0100973009723966,1.0101001030583274,201.00973009723967,0.028347167518472105,87.3522119895297,0
univ3-conc-c100,142,10000,244.13264828877973,-1691.181631947311,1691.181631947311,-1447.0489836585311,115824.61676312024,123676.16531926113,0.4836085116552142,4283,3706,1812371.7581406282,-0.9999780342943719,1.0101001697083487,0.0021965705627969277,20100.777919901677,113.27656322645666,0
univ3-conc-c100,143,10000,1.5373567407837898,-3001.9547837260498,3001.9547837260498,-3000.417426985266,5179.1302192255835,133419.18002807142,0.037367917473052945,405,394,825997.5934183679,-0.9999780871550051,1.0101001044234916,0.0021912844994943486,20100.778096171904,143.38365960936963,0
univ3-conc-c100,144,10000,27.245482480718554,-4326.610863584847,4326.610863584847,-4299.365381104129,12488.879187531726,147206.8432828734,0.07820421858729605,605,691,1284944.4649702846,1.010099639681058,1.0101000748526354,201.0099639681058,0.005196067549277927,55.61645980707202,0
univ3-conc-c100,145,10000,50.82611449744591,-6544.040935324022,6544.040935324022,-6493.214820826576,26569.22786077686,129142.81656628479,0.17063052481609647,1438,1533,2372305.177008069,-0.9999781020550447,1.0101001687175875,0.002189794495542008,20100.778359292915,115.22724517525236,0
univ3-conc-c100,146,10000,67.195436459538,-15689.083780181827,15689.083780181827,-15621.888343722288,41002.57820667264,192579.44590785322,0.17553824341623553,1765,1773,3787107.825625333,-0.999978048460395,1.0101001340651123,0.00219515396049871,20100.777840829443,108.39662639911074,0
univ3-conc-c100,147,10000,210.5439962972168,-735.8170187255851,735.8170187255851,-525.2730224283682,27564.085389851367,142147.8852202747,0.16241686011161502,965,982,518830.1147420102,1.0100987216539306,1.0101000106397962,201.00987216539306,0.01422361495451982,94.86693306153195,0
univ3-conc-c100,148,10000,39.77593560862837,-527.9796493245531,527.9796493245531,-488.20371371592466,2260.4336557631723,204289.48453842304,0.010943764468781073,80,82,135855.36731991946,-0.9999780902111591,1.0101001170877586,0.002190978884087855,20100.77809560214,253.78965492734454,0
univ3-conc-c100,149,10000,10.830271096342445,-266.8461240543333,266.8461240543333,-256.01585295799083,7927.450293046629,138153.40806049493,0.054267550056837664,428,387,236330.03133489322,-0.9999781704935092,1.010100119812006,0.0021829506490767966,20100.778949577765,137.6635502152757,0
univ3-conc-c100,150,10000,0.17190116812303913,-253.4497784716158,253.4497784716158,-253.27787730349274,215.55687805392276,97704.02318512733,0.0022013664469847367,15,26,62063.207852181455,1.010099713294427,1.010099713294427,201.0099713294427,0.004412744683332193,74.1146224176046,0
univ3-conc-c100,151,10000,130.26543269354954,-1454.1917568565586,1454.1917568565586,-1323.9263241630092,84342.81150821061,73749.58471465117,0.533503277344934,3444,4184,1937151.2747636992,1.0100999479928547,1.0101001828326215,201.00999479928547,0.0024794771723358755,87.19231511011469,0
univ3-conc-c100,152,10000,30.569815466542927,-1955.5302398274603,1955.5302398274603,-1924.9604243609174,10014.77342491051,145423.61178921335,0.064429216831574,578,632,835026.3141359886,1.0100991606083405,1.0101001310699544,201.00991606083406,0.009888760289391701,90.90929103459119,0
univ3-conc-c100,153,10000,26.141896840411633,-1362.6024559160844,1362.6024559160844,-1336.4605590756728,73257.07285098685,13525.842937613561,0.8441416399218257,6277,6717,2548381.084452536,-0.9995972926539956,1.0101001151995468,0.04027073460043713,20096.893469527568,102.91618631381526,0
univ3-conc-c100,154,10000,7.2548281303473034,-2551.48072046593,2551.48072046593,-2544.2258923355826,3713.9568475530327,81656.15711301561,0.04350418050593749,285,412,778928.1459481176,-0.9999692082534952,1.0100998520697255,0.0030791746504742227,20100.687501154414,102.51644130375507,0
univ3-conc-c100,155,10000,127.05989249409421,-161.03926656657137,161.03926656657137,-33.97937407247716,4618.114316052058,162290.49635523275,0.02766852050040199,94,79,30133.065619540914,1.0101001152341575,1.0101001152341575,201.01001152341576,0.0004805040040219699,80.22522366676966,0
univ3-conc-c100,156,10000,88.90385045156755,-11782.28456910019,11782.28456910019,-11693.380718648621,23390.82843862171,159121.9482461047,0.12815995057171892,972,1227,2656497.2154304306,-0.9999780625042638,1.0101001359221646,0.0021937495736231724,20100.77791762982,118.8185059000919,0
univ3-conc-c100,157,10000,199.76120850503764,-1337.3684799739165,1337.3684799739165,-1137.607271468879,111671.76662630691,122168.72745572745,0.47755529710406347,4625,3810,1710235.1102984662,-0.999978102462008,1.0100991540496298,0.002189753799197419,20100.778640641453,109.00829646753655,0
univ3-conc-c100,158,10000,20.095740600877843,-6333.47717659145,6333.47717659145,-6313.381435990573,13308.655092466302,166741.79434668997,0.07391625588229171,567,677,1527000.0552880913,-0.999978036306236,1.0101001066230617,0.0021963693763933823,20100.777600874873,174.38100864889887,0
univ3-conc-c100,159,10000,34.20863924085728,-5589.717936781888,5589.717936781888,-5555.509297541031,21905.141163468455,187027.04681250665,0.10484330526413338,1413,1084,1839138.4896918694,1.0100969546202225,1.0100998221637525,201.00969546202225,0.03157031324075987,89.59126963684643,0
univ3-conc-c100,160,10000,11.626078742009936,-642.8891486049716,642.8891486049716,-631.2630698629617,6983.028139269692,83816.59271673826,0.07690591737539887,400,597,471241.684520108,1.0100970570427839,1.0100998162259085,201.0097057042784,0.030495683791613715,79.25054805216993,0
univ3-conc-c100,161,10000,46.76044261954177,-374.4761138218138,374.4761138218138,-327.715671202272,35953.73531440678,56119.12634319974,0.39049221091996433,2838,2716,792826.2474003609,1.0100952507212013,1.0101001845133246,201.00952507212014,0.048415994845629945,91.58311333071114,0
univ3-conc-c100,162,10000,121.0643485642306,-787.7989472063163,787.7989472063163,-666.7345986420856,42970.525876419735,118099.00876539093,0.26678245499360487,1412,1773,860027.5937948772,1.0100997200290982,1.0101001762310566,201.00997200290982,0.00449908894851303,94.62081937808479,0
univ3-conc-c100,163,10000,8.131871203403715,-1241.8825841097305,1241.8825841097305,-1233.7507129063267,6468.258905565158,213168.5476320903,0.02944979490245963,337,271,433096.6007429739,1.0100985379208691,1.010099654441446,201.00985379208691,0.015960046759269986,44.00890757798017,0
univ3-conc-c100,164,10000,5.033962773963731,-1089.559410004798,1089.559410004798,-1084.5254472308343,5103.927969632187,88992.34466772979,0.054241553109146384,251,455,548595.557869172,1.0100969103542556,1.0100998770752192,201.00969103542556,0.0319160843559132,86.19144714022153,0
univ3-conc-c100,165,10000,170.54615719342416,-2781.42165920923,2781.42165920923,-2610.8755020158055,84391.1806353031,217711.57079821467,0.2793459517824836,3009,2384,1967831.6024088913,1.0101000596729701,1.01010013080964,201.01000596729702,0.0012779131388164222,96.73209893265582,0
univ3-conc-c100,166,10000,28.47442027755423,-1351.5708861789672,1351.5708861789672,-1323.096465901413,18614.540526704404,283026.83404798916,0.06171083311415889,652,488,586772.9451852083,1.010095853425907,1.0101001393472115,201.0095853425907,0.04229740421101269,84.24358471801214,0
univ3-conc-c100,167,10000,13.253523355830783,-114.76066861867982,114.76066861867982,-101.50714526284904,1442.3828314268924,65926.5300192361,0.021410213856712067,89,126,86440.18350711535,1.0100926240313257,1.0101000486215972,201.00926240313257,0.07390298005722684,83.73482049058491,0
univ3-conc-c100,168,10000,54.85644872681311,-348.79809584751547,348.79809584751547,-293.9416471207023,34132.087734234185,75246.10392904327,0.3120556960688322,1690,2200,696856.1333105152,-0.6980234875102398,0.9999781564611456,30.19765124897602,17029.297139046743,101.40934073146617,0
univ3-conc-c100,169,10000,53.795131713900076,-1587.6417679982512,1587.6417679982512,-1533.8466362843512,25434.292719150646,158397.74150183104,0.1383561511840557,1351,1125,1013627.3750812752,-0.9999781001228473,1.0101001615704652,0.002189987715265124,20100.778313237908,121.41388861505814,0
univ3-conc-c100,170,10000,50.931857543257735,-9091.075537254068,9091.075537254068,-9040.14367971081,29701.74627221338,151214.90896133977,0.1641736424646482,1025,1299,2476569.980399651,1.010098621304494,1.0101001213224532,201.0098621304494,0.015229925422734936,88.99655015191802,0
univ3-conc-c100,171,10000,74.37990947682106,-4612.683711708942,4612.683711708942,-4538.303802232121,41665.36040526073,160682.08079558768,0.20590999400829604,1799,1871,2213822.160084962,1.0101000960236348,1.0101001615616152,201.01000960236348,0.0008410927145270364,88.88289485925085,0
univ3-conc-c100,172,10000,23.94392280839424,-408.97987267630185,408.97987267630185,-385.0359498679076,74110.36063516974,21473.656239615462,0.775342604948839,5415,5075,1246592.8974639128,-0.0647402345164994,1.0101002089830338,93.52597654835006,10647.822218433983,100.12704678278762,0
univ3-conc-c100,173,10000,23.777970539453523,-70.33583595420068,70.33583595420068,-46.557865414747155,181642.8080386038,33.6070703753696,0.9998150168784692,8384,2601,384007.16544541164,0.08733216060282388,0.6230146462553441,108.73321606028239,9127.440888987892,99.82540720581034,0
univ3-conc-c100,174,10000,54.81216331390111,-327.3743004770762,327.3743004770762,-272.56213716317507,195216.83645644036,21261.01552350209,0.9017866477838481,9258,5302,1109104.5385172341,-0.7615649549063874,1.0101001559378904,23.843504509361246,17674.088584840516,101.54059972097969,0
univ3-conc-c100,175,10000,71.09294662598995,-568.8019016699018,568.8019016699018,-497.7089550439118,4840.3196590443295,130765.25002505476,0.03569410659400001,188,228,235510.34364987552,1.0100939812428484,1.0100999757768627,201.00939812428484,0.06061103285513525,71.18943770981471,0
univ3-conc-c100,176,10000,91.81742135267805,-1560.2344445428798,1560.2344445428798,-1468.4170231902017,21183.8088157604,185575.84427981346,0.10245620215839821,1091,935,943528.9124832742,-0.9999779733088752,1.010100149092314,0.002202669112483144,20100.77699846593,113.5668795006855,0
univ3-conc-c100,177,10000,18.332049209720388,-55.09487018309157,55.09487018309157,-36.762820973371184,193952.43137924976,65.9697179715709,0.999659982158401,10994,2216,320218.189495966,-0.4959973100526215,0.8557448279600491,50.40026899473785,14984.695656358565,100.99498380035627,0
univ3-conc-c100,178,10000,19.2375010819115,-3788.7832889085307,3788.7832889085307,-3769.5457878266193,18840.653235753864,42369.38343291737,0.3078033319558026,1273,2714,2547641.8373249243,0.000797159507138332,1.0101001425279876,100.07971595071383,9992.028668796873,99.99833791850422,0
univ3-conc-c100,179,10000,0.9388014047956392,-1377.664117367898,1377.664117367898,-1376.7253159631023,2565.6773951907094,123239.83346792603,0.02039399846309043,188,175,377146.4122399095,1.0100927632968746,1.0100998914484012,201.00927632968745,0.072545721430199,63.44613090760936,0
univ3-conc-c100,180,10000,27.633196491703526,-2100.9768816876476,2100.9768816876476,-2073.343685195944,10360.301812168356,236663.819688843,0.0419404459338435,507,435,710005.1741910296,1.0100997226840938,1.0101001273015697,201.00997226840937,0.004364160177669163,32.75481328719678,0
univ3-conc-c100,181,10000,456.707495161234,-601.5958263501714,601.5958263501714,-144.88833118893734,5198.790975770039,107934.2084572982,0.04595291384319523,61,76,55937.38128769918,1.0100911134434225,1.0101001425912473,201.00911134434224,0.08870438812241524,71.87378761762875,0
univ3-conc-c100,182,10000,27.89566358662803,-1843.066701897217,1843.066701897217,-1815.171038310589,8579.239955978626,152326.3013895875,0.05331848663653892,293,420,669508.7443125753,1.0100956921500932,1.0101000847747619,201.00956921500932,0.04385718438192043,93.43126881151193,0
univ3-conc-c100,183,10000,190.00371727552175,-7116.449099699632,7116.449099699632,-6926.44538242411,34435.91218420852,131368.26463971872,0.20769025753058754,2042,1639,2416740.3303098716,1.0100995667768629,1.010100149955943,201.0099566776863,0.006028041483571708,94.42813841375441,0
univ3-conc-c100,184,10000,7.082922149636979,-4642.3422473815735,4642.3422473815735,-4635.259325231937,10100.328124455535,162015.12622869888,0.05868344688984881,647,607,1263043.1649268563,-0.9999781403570174,1.0100986367813447,0.0021859642982573046,20100.778661422723,271.3474029751538,0
univ3-conc-c100,185,10000,38.12845620611253,-2078.340541977295,2078.340541977295,-2040.2120857711823,10566.190201559208,91756.20706879786,0.10326370846884221,435,769,965321.4355610888,-0.9999780276005353,1.0101000834897749,0.002197239946468345,20100.77751052203,109.93580381075877,0
univ3-conc-c100,186,10000,100.48196066344059,-1184.4355508167687,1184.4355508167687,-1083.9535901533282,87184.51739966833,46176.94563600303,0.6537459579035086,4941,4925,1898884.2831953617,-0.9998501348080265,1.0101001459624348,0.014986519197353556,20099.473056740288,103.26098876111455,0
univ3-conc-c100,187,10000,65.01539847732563,-1076.099932472248,1076.099932472248,-1011.0845339949223,44649.875074547985,66388.02125986047,0.4021138417471249,1864,3089,1455107.2886561656,-0.9998528125627009,1.0101000924193835,0.014718743729915083,20099.500128787397,102.17040937157365,0
univ3-conc-c100,188,10000,40.314341619371376,-12144.562558538812,12144.562558538812,-12104.24821691944,17880.934896386072,105041.70471109162,0.14546494407770863,1409,1364,2830400.3552382165,0.008261257303146436,1.0101001607067963,100.82612573031464,9917.394388778635,99.984134307965,0
univ3-conc-c100,189,10000,13.698246501665222,-2276.3015336405506,2276.3015336405506,-2262.603287138885,8765.7843077261,172312.6135164935,0.048408779915511596,455,470,771682.0760629429,1.010098299146998,1.0101000998218839,201.0098299146998,0.01831563680602155,80.90954839688911,0
univ3-conc-c100,190,10000,151.11940538497137,-3104.718711915056,3104.718711915056,-2953.5993065300845,16503.62786238422,77789.63830180895,0.17502445862514082,825,1343,1517425.9248630265,1.0100963192859311,1.0101001439683654,201.0096319285931,0.037780759674723274,59.70296125969308,0
univ3-conc-c100,191,10000,54.8017130807811,-1029.9727547945017,1029.9727547945017,-975.1710417137206,3951.9992102997917,225975.4852920374,0.017188024384529897,136,147,286515.21861069865,1.010093253559998,1.0100996156859714,201.0093253559998,0.06773687432888154,41.520139820593194,0
univ3-conc-c100,192,10000,261.17148113218184,-2185.5662222826663,2185.5662222826663,-1924.3947411504846,25986.324609742842,106735.804881616,0.1957949643313607,873,1217,1117628.8003454092,1.010099974248523,1.0101001493055588,201.00999742485232,0.0019561219012059483,89.90022131856176,0
univ3-conc-c100,193,10000,143.84366556695215,-433.1998456001201,433.1998456001201,-289.35618003316796,17584.311746548825,115216.06144423904,0.13241161394393294,771,916,422920.4632513217,-0.9999780851393926,1.0101001315675147,0.0021914860607363893,20100.778122080985,114.77862858144684,0
univ3-conc-c100,194,10000,9.74882326946256,-2198.9455102108554,2198.9455102108554,-2189.1966869413927,9504.285522703918,99539.25397481043,0.08716046421916238,727,839,1021317.3641612562,1.0100978569038772,1.0101000117705325,201.00978569038773,0.02268272104783975,81.8583582561802,0
univ3-conc-c100,195,10000,44.22635737051294,-2416.9645330806134,2416.9645330806134,-2372.7381757101,36771.40013749636,181992.6703544414,0.16808701746501614,1819,1526,1447100.3638761514,1.0100930737333982,1.0101001090214679,201.00930737333982,0.06964803933761843,65.52057441264236,0
univ3-conc-c100,196,10000,77.14988566312714,-961.3974278106962,961.3974278106962,-884.247542147569,89997.14402726751,89624.9371949301,0.5010360831747545,3202,3869,1572334.6627337702,-0.9999778026451209,1.0101001317779075,0.0022197354879189006,20100.775504305766,111.53046569883209,0
univ3-conc-c100,197,10000,166.32179584960662,-6288.533909907884,6288.533909907884,-6122.212114058277,49240.31165808711,244661.74540656572,0.16753986736219126,1653,1442,2207349.0129387802,-0.9999774802958485,1.010100117480653,0.0022519704151450406,20100.772024487815,109.37046831301399,0
univ3-conc-c100,198,10000,26.666872498073822,-949.418599736699,949.418599736699,-922.7517272386251,4820.598006230463,168609.72857233672,0.027795588587827758,278,263,339746.72803653,1.0100922700639972,1.0101001045379905,201.00922700639973,0.07738925830352272,92.39607552260667,0
univ3-conc-c100,199,10000,49.83001939330587,-2409.4301729288427,2409.4301729288427,-2359.6001535355367,6677.1626256079935,87707.47933061319,0.0707441643811616,429,448,709223.2669276859,1.0100999780264905,1.0101000614597524,201.00999780264905,0.0018586066838636728,65.97886838948915,0
univ3-conc-c100,200,10000,1.095943548673186,-2277.143175796591,2277.143175796591,-2276.0472322479177,1876.6784401175682,84427.92007920334,0.021744825563349772,153,244,543666.635961234,1.0100997004127419,1.0100999673172009,201.0099700412742,0.004557626629444922,31.11320204960449,0
univ3-conc-c100,201,10000,12.549775612173029,-6836.213796036722,6836.213796036722,-6823.664020424549,7437.515944636114,79574.31376838782,0.08547706638472016,542,838,1770997.1556775966,-0.9999777566165661,1.0101000486701983,0.00222433834340148,20100.774754879672,172.37792516449392,0
univ3-conc-c100,202,10000,57.647513970647736,-6617.137189975806,6617.137189975806,-6559.489676005158,11344.582865644325,127126.60515835324,0.08192738884913926,779,785,1646942.8753026198,1.0100990489782762,1.0101001535973708,201.00990489782762,0.01099638852819046,72.30082144211484,0
univ3-conc-c100,203,10000,81.00833607150145,-379.00631065816356,379.00631065816356,-297.9979745866621,2836.0140417000057,144660.09891618896,0.01922772054684387,80,111,143952.29522244466,1.010091314863202,1.0100997979220434,201.0091314863202,0.08673385320191229,57.902198364854954,0
univ3-conc-c100,204,10000,131.21862938435396,-6473.6210448805805,6473.6210448805805,-6342.402415496226,37611.57035678693,227197.7816593333,0.14203263619820092,1773,1357,2132554.574174405,-0.9999780518112159,1.0101001158976277,0.002194818878403351,20100.777856273322,131.48932780081054,0
univ3-conc-c100,205,10000,64.48991583781272,-3444.125585795311,3444.125585795311,-3379.6356699574985,30673.354115805836,71781.69502062506,0.29938352842875193,2031,2494,2213192.833146643,-0.9999779307952036,1.0101001662543176,0.0022069204796392023,20100.776692450174,107.1066617850174,0
univ3-conc-c100,206,10000,58.54761760037117,-414.8149786889903,414.8149786889903,-356.26736108861917,45455.416375907094,163522.5136578117,0.21751299942808705,1762,1710,657964.6322584812,1.0101000365680284,1.0101001706662942,201.01000365680284,0.0014110694601706664,79.35603674676747,0
univ3-conc-c100,207,10000,43.30510534566735,-160.64831903099017,160.64831903099017,-117.34321368532281,6589.071980163989,130765.39347996263,0.047971297897677505,313,321,138870.40547095053,1.0100926813325062,1.0101001543791563,201.00926813325063,0.07336357775338342,90.7594439157596,0
univ3-conc-c100,208,10000,53.12058448200813,-122.60229759693595,122.60229759693595,-69.48171311492783,3807.14848361576,102479.41619269882,0.035819658817744855,149,192,92194.59866589084,1.0100972666916908,1.010100133960735,201.00972666916908,0.028406164352460905,86.60562109209545,0
univ3-conc-c100,209,10000,52.48689796383336,-249.97246178834297,249.97246178834297,-197.4855638245096,166832.43698885822,25546.649955355475,0.8672067200175271,8157,4640,886614.6810807536,1.010080700814496,1.0101002164961586,201.0080700814496,0.19136358635446982,98.00199013650169,0
univ3-conc-c100,210,10000,104.76091813503822,-397.2987279790977,397.2987279790977,-292.53780984405944,74268.56110197684,39888.10162691397,0.6505845504467513,4397,3972,936011.0946569046,-0.9999777600552412,0.9999781631865199,0.0022239944758790653,20100.775137480545,102.27583272581126,0
univ3-conc-c100,211,10000,62.166216909548666,-4155.219967644332,4155.219967644332,-4093.0537507347835,10063.66001255152,80175.71962333821,0.11152182177180028,575,905,1409009.8706257327,-0.9999781510771174,1.0101001504784943,0.00218489228825071,20100.7787851084,129.21013403521889,0
univ3-conc-c100,212,10000,21.00704969736138,-698.5118659869632,698.5118659869632,-677.5048162896019,2813.1066950610248,292144.8406751643,0.009537314454965574,105,89,160760.9005778745,-0.9999781299758239,0.9999781299758239,0.002187002417610379,20100.77850245275,284.2480316052466,0
univ3-conc-c100,213,10000,30.59581750851548,-5502.418992592559,5502.418992592559,-5471.823175084044,12079.33072310202,170191.4767303064,0.0662713403855947,766,606,1307540.5523500044,1.0100965922265543,1.0100999571723939,201.00965922265544,0.035067164042175136,69.24468368883747,0
univ3-conc-c100,214,10000,95.39419724085622,-4299.352163639028,4299.352163639028,-4203.957966398171,108989.31324838121,125321.0189708659,0.4651494119619042,4335,4058,3237197.5049576457,-0.9999779692959392,1.0101001673709913,0.0022030704060881437,20100.77728285814,109.72608520405835,0
univ3-conc-c100,215,10000,56.11633176767672,-3281.362403457349,3281.362403457349,-3225.246071689672,20984.452332355173,56058.647542923856,0.2723728973305304,1118,2116,2026609.8672454841,1.010091661362804,1.0101001536220957,201.00916613628038,0.08348602374219039,96.90540235547302,0
univ3-conc-c100,216,10000,25.05013552434715,-1013.6159573335374,1013.6159573335374,-988.5658218091902,12659.430988762433,55399.90375878822,0.186005799729302,963,1552,1001967.5653985651,-0.9999781518424841,1.0101001186415317,0.0021848157515835078,20100.778843024542,114.76331468946934,0
univ3-conc-c100,217,10000,24.374099761084402,-2894.7502409626777,2894.7502409626777,-2870.3761412015933,9482.377601085167,195308.3933862386,0.04630275844643464,393,438,840558.4030607073,-0.999978076409849,1.0100997860173095,0.002192359015102219,20100.77798882461,328.77473811409266,0
univ3-conc-c100,218,10000,74.18406361348295,-1225.8068024916772,1225.8068024916772,-1151.6227388781942,61517.508277115194,119783.99695510209,0.33931052143401363,3689,2833,1411611.8567870194,-0.9999781274406633,1.0101001676451262,0.0021872559336728915,20100.778799985354,112.78941581322782,0
univ3-conc-c100,219,10000,111.7109118793355,-2003.3206691033222,2003.3206691033222,-1891.6097572239867,28705.25652831194,95238.13598850595,0.23159973230857725,1897,1791,1452670.6868815634,-0.9999779644117096,1.0101001601453061,0.002203558829040104,20100.776991206683,110.29641023208549,0
univ3-conc-c100,220,10000,84.9960746760064,-1465.3067030914399,1465.3067030914399,-1380.3106284154335,98078.83086427696,90517.22039327507,0.5200471070857033,4846,4270,1979249.0199631501,0.6305860762632136,1.0101002013253892,163.05860762632136,3733.651133819102,98.7563300744678,0
univ3-conc-c100,221,10000,9.866205333302053,-4403.006512577657,4403.006512577657,-4393.140307244355,6276.423083639742,51940.08301683028,0.1078117445387034,510,900,1467868.0207921786,-0.9999780250534607,1.0101000447872375,0.0021974946539275904,20100.777494454625,111.41168931313693,0
univ3-conc-c100,222,10000,20.102264242056492,-2396.794452109214,2396.794452109214,-2376.6921878671574,6963.223419364407,77423.14041464259,0.08251597892120914,548,698,954346.3055028508,-0.999978161425253,1.0101001019731095,0.0021838574747120826,20100.77887608719,128.64247561923003,0
univ3-conc-c100,223,10000,159.43059112335334,-10831.953495208058,10831.953495208058,-10672.522904084704,38568.6310922066,96090.11697908671,0.2864175677007404,1534,2260,3597005.1387975803,-0.9999777232384747,1.0101001761946637,0.0022276761525299757,20100.774537633617,117.63821917798023,0
univ3-conc-c100,224,10000,112.0396505734229,-11849.524492651313,11849.524492651313,-11737.48484207789,44802.151893332935,204765.97207408617,0.1795187269155488,1822,1698,3227351.1533269077,1.010092774259334,1.0101001507204816,201.0092774259334,0.07259318360964073,87.56235304753778,0
univ3-conc-c100,225,10000,13.713357527920628,-6554.893777074708,6554.893777074708,-6541.180419546788,8814.771302034982,62905.225984716395,0.12290534907289113,578,1038,1947159.37773188,-0.9999779142843355,1.0100999149481193,0.002208571566451721,20100.77637403177,138.8464263594924,0
univ3-conc-c100,226,10000,1.230732851799844,-220.6092172556988,220.6092172556988,-219.37848440389897,838.4780974893738,111887.06446361072,0.007438226318892166,45,60,86844.31431646891,-0.9999781677326129,0.9999781677326129,0.002183226738715078,20100.77888326427,174.5364242223458,0
univ3-conc-c100,227,10000,10.398367515254165,-8672.800564424893,8672.800564424893,-8662.40219690964,8693.252978281027,72275.9675800693,0.10736490876821829,556,1008,2192675.18884786,1.0101000657587849,1.0101001592962904,201.0100065758785,0.0010351893708645532,60.317391349748426,0
univ3-conc-c100,228,10000,76.65056495323029,-4249.4047957816365,4249.4047957816365,-4172.754230828406,11215.429491856796,185033.51671911826,0.05714899217751612,500,469,992537.2040499521,1.0100996955561257,1.0101001629243869,201.00996955561257,0.004633788186384269,73.84290400801531,0
univ3-conc-c100,229,10000,89.22521432545253,-4907.30550016108,4907.30550016108,-4818.080285835627,31905.59375124992,223281.45335323756,0.1250282650051044,1450,1060,1605798.8305474243,-0.9999781338733099,1.0101001660112265,0.0021866126690072182,20100.77865975004,117.3265333682859,0
univ3-conc-c100,230,10000,36.49763318839675,-3714.8763289532917,3714.8763289532917,-3678.378695764895,8195.626205760404,187604.49195084372,0.04185710551617445,405,461,927398.4935186305,-0.9999770296921341,1.0101001350250507,0.00229703078658805,20100.767311758704,105.4279823870154,0
univ3-conc-c100,231,10000,180.19636275312797,-1422.5395638649716,1422.5395638649716,-1242.3432011118437,63102.06486662879,72039.11427819735,0.4669343960585432,2545,3323,1606221.4049019397,-0.9999762973391504,1.0101001732626194,0.0023702660849713735,20100.760094609566,102.69018879406573,0
univ3-conc-c100,232,10000,154.50431045636947,-1017.195981098098,1017.195981098098,-862.6916706417285,82345.98688061789,31966.06130001418,0.7203613983934355,2975,4940,1744256.4169453024,1.0100964582761822,1.0101001775083405,201.00964582761821,0.03669428626344029,95.87193177792206,0
univ3-conc-c100,233,10000,75.84119816297522,-4463.538727821033,4463.538727821033,-4387.697529658058,32819.52714624533,147552.59526628623,0.1819545432369163,1441,1564,1990195.784464746,1.0100975606591953,1.0101001222445052,201.00975606591953,0.02565853023644138,79.76077115787699,0
univ3-conc-c100,234,10000,19.20548141939663,-1118.886804083067,1118.886804083067,-1099.6813226636705,21667.053998856965,87477.3593869214,0.1985172976492465,1450,1811,1152704.6516713074,-0.9999781698878352,1.0101000801445597,0.0021830112164923986,20100.779067032803,132.19781396251048,0
univ3-conc-c100,235,10000,20.6978847745945,-1263.2183207276328,1263.2183207276328,-1242.5204359530383,5051.2424697022625,217445.3847070231,0.022702557489512616,177,175,306282.9472059685,1.0100922064162703,1.0101001413088315,201.00922064162702,0.07800281836904333,70.6910179816114,0
univ3-conc-c100,236,10000,11.067082715583151,-3020.579505874325,3020.579505874325,-3009.512423158742,5035.542333094508,81419.10524247291,0.058244900353021406,304,503,888887.7304721962,1.0100990116602626,1.0100997150539999,201.00990116602625,0.0113270340053917,67.21480809917236,0
univ3-conc-c100,237,10000,144.78934998004377,-2370.2304115594757,2370.2304115594757,-2225.441061579432,30203.147470674277,108303.52252757351,0.21806276528817253,1237,1892,1650395.6700090708,1.0100990159644554,1.0100993501386364,201.00990159644553,0.011398924048665882,92.4113136470382,0
univ3-conc-c100,238,10000,5.2053166906568515,-3329.7276649334367,3329.7276649334367,-3324.52234824278,5315.008056874285,141869.14484707383,0.03611127931919982,456,416,861421.352944834,1.0101001583198255,1.0101001583198255,201.01001583198254,0.00009395167174686136,42.80061201675412,0
univ3-conc-c100,239,10000,108.9647948807307,-5187.208290730264,5187.208290730264,-5078.243495849533,33933.927545943116,127445.1781032614,0.21027460407239149,1603,1877,2340810.088593113,1.0100918531078784,1.0101001391163416,201.00918531078784,0.08162022432743754,74.2257792015887,0
univ3-conc-c100,240,10000,423.09565805854464,-863.6477440037445,863.6477440037445,-440.55208594519985,122715.59088283524,182222.0591495873,0.4024284665071286,4860,2923,832193.4443754045,1.0100960593957127,1.0101001595379384,201.00960593957126,0.04060492979414432,94.64523357043299,0
univ3-conc-c100,241,10000,4.132592716053169,-1107.0670159329477,1107.0670159329477,-1102.9344232168946,10344.965132089646,85640.15700995816,0.10777675645169461,612,1102,896101.1623820971,-0.9999780151880906,1.010100106691555,0.0021984811909501406,20100.777410191546,152.4143206434038,0
univ3-conc-c100,242,10000,8.70628572003736,-73.6987460080688,73.6987460080688,-64.99246028803144,135719.10868014864,68.94183263884669,0.9994922835081697,7979,2919,442446.10253963823,0.5252949362143507,0.9875242831982465,152.52949362143508,4774.498180682187,98.9583810440994,0
univ3-conc-c100,243,10000,27.55276395863061,-215.9320997374186,215.9320997374186,-188.379335778788,576.3284925982341,144636.2415723442,0.003968860907430305,25,20,38673.72443714703,-0.9999781829223514,0.9999781829223514,0.002181707764864603,20100.77903543606,207.80799920429928,0
univ3-conc-c100,244,10000,35.85152960684178,-4682.032347794356,4682.032347794356,-4646.180818187514,7383.101582908471,94059.9116733955,0.07278077953239094,526,645,1257795.1972091817,-0.999978104047193,1.0101000264307252,0.0021895952807014316,20100.77828757798,165.48230014142715,0
univ3-conc-c100,245,10000,146.51509448014923,-9878.436170272958,9878.436170272958,-9731.921075792809,32030.84738272939,103607.65046214013,0.23614864431308613,1534,2028,3227448.489816225,1.0100975660768723,1.0101000907009998,201.00975660768722,0.025631249138513723,65.46384509427882,0
univ3-conc-c100,246,10000,11.612420261031144,-6646.343111870086,6646.343111870086,-6634.730691609056,18803.756774836158,38791.7559148703,0.3264795449628281,1306,2758,3371504.151487256,-0.18536822044789147,1.0101001618202645,81.46317795521085,11857.1246394692,100.37268906431748,0
univ3-conc-c100,247,10000,161.0688411350725,-941.8889502908803,941.8889502908803,-780.8201091558078,68985.63655466176,84631.67906130163,0.44907461296305196,3956,3324,1314969.7435344155,-0.999978091335676,1.01010015740953,0.002190866432405685,20100.778466453023,116.00465957405977,0
univ3-conc-c100,248,10000,25.13017227226017,-3263.771802987763,3263.771802987763,-3238.6416307155027,10760.119651816925,192821.421859268,0.052854102449317784,374,437,863313.6954950733,-0.9999781309805291,1.010100134638256,0.0021869019470881464,20100.778545439243,182.14330186882077,0
univ3-conc-c100,249,10000,159.56706897666086,-11367.890373924225,11367.890373924225,-11208.323304947564,24651.41791351196,121039.00162080873,0.16920411096561336,871,1331,2755796.713500082,1.0100990983950118,1.0101001525787965,201.00990983950118,0.010545756889730917,73.0803811305613,0
univ3-conc-c100,250,10000,67.3366958007531,-7263.131426971313,7263.131426971313,-7195.79473117056,21654.040568255175,159156.38426808163,0.11976101813739803,755,982,1940656.9398823977,1.0100979587285355,1.0101001396436828,201.00979587285354,0.021692075088576956,90.4898072281145,0
univ3-conc-c100,251,10000,293.8792171384457,-8949.05225385036,8949.05225385036,-8655.173036711913,50790.92819922529,109894.71507507053,0.3160887753520298,1912,2383,3317106.248910403,-0.9999764852950779,1.0101001615090226,0.0023514704922211463,20100.761931917572,105.52670585095511,0
univ3-conc-c100,252,10000,17.016732673790923,-2749.523316289559,2749.523316289559,-2732.506583615768,12067.458327332513,162443.13516442056,0.06915029102747731,808,636,977299.7993033656,-0.9999781138311772,1.0101001466920894,0.0021886168822804375,20100.778403246975,146.94629569126272,0
univ3-conc-c100,253,10000,18.45011383376006,-3353.814104054403,3353.814104054403,-3335.363990220643,14069.45537868677,96760.99730847593,0.1269457539652945,1163,1210,1453971.3274240773,1.0100986913629362,1.010100141970359,201.00986913629362,0.014540959984960633,89.36704191664047,0
univ3-conc-c100,254,10000,2.5353184862390097,-203.57386715652547,203.57386715652547,-201.03854867028645,1208.3234116933352,125007.72214212811,0.009573453251457463,51,74,87378.88181107835,1.010098914251066,1.010098914251066,201.0098914251066,0.012247877040288735,78.18074559021296,0
univ3-conc-c100,255,10000,81.04012406072538,-2571.039837448774,2571.039837448774,-2489.999713388049,33391.226118193874,145474.3076609225,0.18668340072397166,1783,1575,1530452.6132477936,-0.7522790652834307,1.0101000839792786,24.772093471656927,17579.807390113205,101.52218870979752,0
univ3-conc-c100,256,10000,197.361767175423,-6149.629423221576,6149.629423221576,-5952.267656046153,81164.7211472737,156986.4972736961,0.340811698069091,3666,3054,3186929.906818707,-0.6797499621391694,1.0101001694960332,32.02500378608306,16844.018315481422,101.36543166143167,0
univ3-conc-c100,257,10000,88.45619299973137,-775.7214349815645,775.7214349815645,-687.2652419818331,100922.09289077378,72712.68494912078,0.5812320212937536,6757,4550,1501352.5307786372,-0.9999755022608994,1.0101001010017832,0.002449773910059398,20100.752256160747,103.93354410602677,0
univ3-conc-c100,258,10000,87.42867954000467,-6641.621399486791,6641.621399486791,-6554.192719946786,19027.773125769556,199033.1935227802,0.08725895981391633,665,863,1725773.3388182903,1.0100995617741833,1.0100997916764678,201.00995617741833,0.005970549170012163,78.2283451972868,0
univ3-conc-c100,259,10000,7.933630934072337,-457.4954416440428,457.4954416440428,-449.5618107099705,1078.9129928300727,125032.84254744777,0.008555213494633236,82,79,122211.96693642778,-0.9999772807546518,0.999978175564594,0.0022719245348281937,20100.76983651596,108.29608654382311,0
univ3-conc-c100,260,10000,67.20182400970151,-4750.281745535026,4750.281745535026,-4683.079921525325,26586.78067948846,129927.19235254328,0.16986841599150562,1537,1440,1966610.137203101,-0.9999778789624857,1.0101001632478903,0.002212103751436296,20100.776085554353,109.49047363123745,0
univ3-conc-c100,261,10000,18.927785418648597,-2406.490019952082,2406.490019952082,-2387.5622345334336,15112.230091354942,112204.10573356172,0.11869828010238241,637,1087,1276692.9019589336,1.0100965000814057,1.010100131757794,201.00965000814057,0.035988309634170434,50.65810344203464,0
univ3-conc-c100,262,10000,83.45279878794801,-598.670540007374,598.670540007374,-515.217741219426,27205.172296303434,134442.37912078568,0.16829931575089324,1520,1280,657108.793200174,-0.9999781622490167,1.0101001622090626,0.002183775098328951,20100.778963500088,106.52284600287264,0
univ3-conc-c100,263,10000,52.00939843478163,-3187.4804385980615,3187.4804385980615,-3135.4710401632797,10783.960978699542,100491.9756170308,0.09691188686982774,419,797,1167742.8845653005,-0.9999780558514195,1.0101001389494346,0.002194414858053886,20100.77779901329,139.7420681636363,0
univ3-conc-c100,264,10000,8.730388540255932,-2981.0797932432783,2981.0797932432783,-2972.3494047030226,3887.7841306993164,117852.13211317029,0.03193516350800916,281,300,667093.6552136941,-0.9999781767552751,1.010100120463032,0.002182324472488307,20100.778999725393,277.5065921963876,0
univ3-conc-c100,265,10000,87.75483410732804,-1273.0654011908634,1273.0654011908634,-1185.3105670835355,14111.019734220601,134576.91272671949,0.09490359776122065,833,758,711790.6729029857,1.0100998920940527,1.0101001468829998,201.00998920940526,0.0027383316445734884,87.13095896679536,0
univ3-conc-c100,266,10000,155.44255258357265,-1222.2785912574022,1222.2785912574022,-1066.8360386738295,65763.58186922783,56108.667275956715,0.5396108000836571,2705,4106,1718858.622723053,-0.999978129199659,1.0101001213597274,0.002187080034109432,20100.778829452538,104.78263269803747,0
univ3-conc-c100,267,10000,29.70728674995375,-108.98738478104312,108.98738478104312,-79.28009803108937,271824.25069867005,59.54426342388326,0.9997809937019888,10607,3440,563844.3407964832,-0.817228320551661,0.9966460463850487,18.277167944833913,18239.614771019096,101.65458535084109,0
univ3-conc-c100,268,10000,36.661263317902474,-3313.3239098259105,3313.3239098259105,-3276.662646508008,6844.518680051063,126805.31079602306,0.0512123263223195,283,344,741432.388241866,-0.9999775977604684,1.0101000718891147,0.002240223953159663,20100.773095479304,119.34976369164225,0
univ3-conc-c100,269,10000,5.726740412905297,-1180.8369246580542,1180.8369246580542,-1175.110184245149,3265.17210153279,78083.01990161062,0.04013822583059521,207,342,463283.08147129905,1.0100978178847442,1.0100999515821305,201.0097817884744,0.023014560667210304,82.89332654495395,0
univ3-conc-c100,270,10000,42.59359627513185,-4580.730820690777,4580.730820690777,-4538.1372244156455,24856.913617280232,161024.43235016105,0.13372462679301955,1124,1142,1704368.0272024071,1.0100953426799568,1.010100020971364,201.0095342679957,0.04736052633283805,61.016651922615246,0
univ3-conc-c100,271,10000,74.23494334106067,-4418.877259451941,4418.877259451941,-4344.6423161108805,27702.08573073488,271935.3749817747,0.09245201072276456,941,785,1348972.9358454663,1.0100910288742224,1.0101000847870534,201.00910288742224,0.08961245510781168,72.2700787258984,0
univ3-conc-c100,272,10000,12.583163922874581,-7049.735770491598,7049.735770491598,-7037.152606568723,5308.255189601402,53303.45440429436,0.09056646233970696,386,794,1709496.2541641642,1.0100986279107154,1.0101001295700909,201.00986279107153,0.015108313938015455,30.13487132994103,0
univ3-conc-c100,273,10000,4.018052771447334,-1187.1143649586327,1187.1143649586327,-1183.0963121871853,1875.0662300869092,153340.32119402147,0.012080414585208,76,125,274378.04644457565,1.0100929094894118,1.010099903910941,201.00929094894119,0.07110420099319192,18.907137590054095,0
univ3-conc-c100,274,10000,257.61202911797176,-636.4702553749121,636.4702553749121,-378.8582262569403,45539.39867169269,60446.40074650979,0.4296745311322485,2379,2721,848547.9795949636,1.0100932733688683,1.0101001813110915,201.00932733688683,0.06777352544668247,86.94610444573428,0
univ3-conc-c100,275,10000,20.192519218600058,-5907.610050248594,5907.610050248594,-5887.417531029994,18103.491562180254,111293.33304702172,0.13990676832183127,1349,1331,2103116.4759552586,1.0100980748301205,1.0101001228900426,201.00980748301205,0.020601952296374293,66.29636097997468,0
univ3-conc-c100,276,10000,67.34546186826034,-8574.79772038757,8574.79772038757,-8507.45225851931,32891.764256026705,218467.38054901702,0.13085564991692597,1463,1271,2449144.5551355444,-0.9999781540543072,1.0101001645798597,0.0021845945692738613,20100.778877588516,138.11822407017874,0
univ3-conc-c100,277,10000,17.952676920534277,-383.7186548824617,383.7186548824617,-365.76597796192743,3992.4730025539775,184777.80015741463,0.021149903190374984,229,182,187102.93547601995,-0.9999781755152394,0.9999781844654781,0.0021824484760585637,20100.77897938241,142.15299267750655,0
univ3-conc-c100,278,10000,116.9370461566632,-6938.399904507305,6938.399904507305,-6821.462858350642,45240.29371678276,198931.8243980609,0.18528034267821064,2265,1772,2476276.546820762,-0.9999780804426124,1.0101000863915433,0.002191955738772229,20100.77819421217,149.28264857405574,0
univ3-conc-c100,279,10000,9.712893840387244,-1345.8518632559048,1345.8518632559048,-1336.1389694155175,7361.580201550529,255579.4502067643,0.027997076721418893,342,274,441101.6387604709,1.010100155530737,1.010100155530737,201.01001555307369,0.00010670844599867946,61.750290027930994,0
univ3-conc-c100,280,10000,4.899310649208739,-792.8186936855973,792.8186936855973,-787.9193830363886,1705.4268431261369,120931.69518793013,0.013906285591847627,123,161,268528.0174516604,-0.999978138376906,1.0100998351596062,0.0021861623093973794,20100.77859442592,169.94488864631452,0
univ3-conc-c100,281,10000,36.18475876015974,-532.8172487492574,532.8172487492574,-496.6324899890976,10554.9494320803,112688.57102887746,0.08564303739947121,560,695,459191.0521469898,-0.9999778070959937,0.9999781781362634,0.0022192904006353787,20100.77526124893,116.82539784415584,0
univ3-conc-c100,282,10000,18.101034327096553,-1345.6874921439826,1345.6874921439826,-1327.586457816886,9692.743675350353,110078.94985280823,0.08092683162296246,670,740,732434.9806077023,1.0100995235318118,1.0101001675091288,201.00995235318118,0.006340131728400422,71.85428895294675,0
univ3-conc-c100,283,10000,4.580355924706027,-1491.9018965080004,1491.9018965080004,-1487.3215405832943,5170.493869097892,90757.68137169663,0.05389963747479981,303,518,670374.2527319991,1.010099714658313,1.0100997548431656,201.0099714658313,0.0044366608518706385,59.544311072851286,0
univ3-conc-c100,284,10000,373.6480009571368,-953.526789468677,953.526789468677,-579.8787885115402,128849.56233090642,175808.36570477116,0.422931919617786,4473,3074,1051892.7515760458,-0.999975934405473,1.0101001767333349,0.0024065594526887224,20100.756474831243,104.0632719251634,0
univ3-conc-c100,285,10000,41.73537075991208,-708.278022603347,708.278022603347,-666.542651843435,20637.473977218844,131668.53157330627,0.13550006713538743,1598,1140,647540.5706024788,-0.38656120631004803,0.9999781765932313,61.343879368995196,13880.61189680964,100.77628519878832,0
univ3-conc-c100,286,10000,7.452991120709272,-896.4049066622296,896.4049066622296,-888.9519155415203,3788.997412291484,134319.66043013986,0.02743490141374312,261,249,359929.84527582943,1.0100999050353971,1.010100156482038,201.0099905035397,0.0025572759909019277,77.88995752428121,0
univ3-conc-c100,287,10000,102.03267191115052,-5571.456681740123,5571.456681740123,-5469.424009828972,52448.2192097242,126645.73520808134,0.2928530970250875,2881,2509,2820144.9508372573,-0.9999779696226454,1.0101000994524976,0.002203037735460109,20100.777129337377,115.90317231086996,0
univ3-conc-c100,288,10000,78.86248764809187,-8187.653488455814,8187.653488455814,-8108.791000807722,22635.918212237506,240851.37401192458,0.08590895606828726,842,845,1867431.1146821175,1.0100972064851979,1.0101001258779458,201.0097206485198,0.02906159128822594,95.42736206669963,0
univ3-conc-c100,289,10000,0.6221502019807752,-33.446659380570495,33.446659380570495,-32.82450917858972,127.01275227728723,96226.63011543895,0.001318193567955317,6,8,10278.67593969517,1.0100942276698412,1.0100944917315315,201.00942276698413,0.05817588827162723,57.840803254481386,0
univ3-conc-c100,290,10000,35.49049127265873,-8331.971404562446,8331.971404562446,-8296.480913289788,22532.100155850185,171548.12120451796,0.11609683870883775,1048,1032,2133205.80268822,1.010092102117972,1.0101001451030307,201.0092102117972,0.07910901092164124,86.58954499298352,0
univ3-conc-c100,291,10000,25.276790018572157,-78.26769443219848,78.26769443219848,-52.990904413626325,1136.4109501911114,229961.90953099786,0.004917434916120965,44,22,19139.091485132474,-0.9999780662492198,0.9999780662492198,0.002193375078020656,20100.777846108893,153.01921293116803,0
univ3-conc-c100,292,10000,65.4767562688665,-4135.8185467056965,4135.8185467056965,-4070.34179043683,16088.85796417311,261684.92829072138,0.05792072096180248,676,528,1001988.8508132555,-0.9999781480666127,1.0101000995483653,0.0021851933387314992,20100.77874039983,493.09013499152775,0
univ3-conc-c100,293,10000,21.25035367616769,-428.6317360003043,428.6317360003043,-407.38138232413655,27727.63377579698,43685.615297319,0.38827016184921415,1717,2764,915642.2016205508,-0.999977985777617,0.9999781536462065,0.0022014222383043413,20100.7772444698,103.97254062375309,0
univ3-conc-c100,294,10000,28.247002818485317,-7491.381605643305,7491.381605643305,-7463.13460282482,21407.29638068848,164003.4644427225,0.11545875916596463,1406,1156,2141299.879605918,1.0100909244337977,1.010100081216737,201.00909244337976,0.0906776817602084,61.9183229772161,0
univ3-conc-c100,295,10000,56.28843105438473,-2903.292300602262,2903.292300602262,-2847.0038695478775,16655.106772591083,95819.27328656382,0.1480791160069651,790,1305,1485314.3507998483,-0.9999776556682926,1.010100165291735,0.0022344331707432794,20100.773761533568,105.5472614564718,0
univ3-conc-c100,296,10000,10.970708029007625,-42.21209272353332,42.21209272353332,-31.241384694525692,159911.11248024582,87.10106150533156,0.9994556122873047,10034,1906,268112.79113871325,-0.39047520707213906,0.6102617796764895,60.952479292786094,13920.05824803482,100.7854773452055,0
univ3-conc-c100,297,10000,6.286443478262353,-6383.98770414231,6383.98770414231,-6377.701260664047,8394.273867725515,89246.26431967036,0.08597119622195105,614,811,1704827.8757371134,1.0100975820668652,1.0101000207031905,201.0097582066865,0.02536843111180964,65.1742623323321,0
univ3-conc-c100,298,10000,50.05149516053205,-891.5866276319152,891.5866276319152,-841.5351324713832,15937.229151758676,132995.87268300544,0.1070093146212751,770,909,670155.5219841046,-0.9999780952983274,1.010100132896751,0.0021904701672634808,20100.778224301244,126.87282753788942,0
univ3-conc-c100,299,10000,22.212347699870662,-1423.3773691309384,1423.3773691309384,-1401.1650214310678,19392.266466890233,232005.0615091658,0.0771379179843042,919,724,776342.3106324889,1.0100996989468476,1.010100040622329,201.00996989468476,0.004633376140944057,75.61270530574372,0
univ3-conc-c100,300,10000,36.10223839629821,-950.391586477613,950.391586477613,-914.2893480813149,160120.90819057744,16951.96799238557,0.9042655862500946,9978,6784,2160723.788601678,-0.9999778859255204,1.010100207333816,0.002211407447962548,20100.77684300563,102.79312941173237,0
univ3-conc-c100,301,10000,10.389209528376162,-2933.8249883722906,2933.8249883722906,-2923.4357788439142,8246.275843468507,149243.7257830682,0.05236063088641831,426,554,959312.0514618442,1.0100992383506633,1.0101000246280805,201.00992383506633,0.009113207857126326,63.168482125548095,0
univ3-conc-c100,302,10000,162.88163484488447,-1318.5491661946994,1318.5491661946994,-1155.667531349815,112921.03893926005,72995.36843276407,0.6073753281672541,4607,4719,1929471.1831548617,-0.9756021455384574,1.0101001531324436,2.439785446154258,19852.131552333434,101.9797741604915,0
univ3-conc-c100,303,10000,278.7195198252927,-2261.824693682167,2261.824693682167,-1983.1051738568742,49024.194658847635,168056.97401427786,0.22583347490940975,2104,1725,1335590.1628922252,0.005820607768171016,1.0101001434748287,100.5820607768171,9941.79750175785,99.98327419905475,0
univ3-conc-c100,304,10000,9.016681073193228,-4064.620583043276,4064.620583043276,-4055.603901970083,6943.278679854254,104671.37227220857,0.062207592109357675,580,583,1139631.9872796296,1.0100997562462815,1.010100086317077,201.00997562462814,0.0040484406346812385,80.1618422792759,0
univ3-conc-c100,305,10000,5.781351952500638,-294.65064619638866,294.65064619638866,-288.869294243888,2359.6402018494114,67093.15818930595,0.03397473185399979,142,245,205529.8682256066,-0.9999781458339209,1.0100996354217415,0.002185416607921392,20100.778673377547,120.98806606627531,0
univ3-conc-c100,306,10000,71.90633128486382,-604.2110033677835,604.2110033677835,-532.3046720829198,60510.736098752044,157731.27825251973,0.27726437679115673,2527,2268,927844.4148578413,1.0100926866544444,1.0101001293696104,201.00926866544444,0.07350826781372977,88.33883802758481,0
univ3-conc-c100,307,10000,141.510891577155,-3529.0273095920334,3529.0273095920334,-3387.5164180148786,7618.592526850428,111888.78777765245,0.06374997516838188,241,398,796382.6385412295,1.0100995888697357,1.010100067145565,201.00995888697358,0.005661636958031041,35.262454488288526,0
univ3-conc-c100,308,10000,45.16528960606298,-6852.942393939134,6852.942393939134,-6807.77710433307,27069.5936307318,121574.04342715135,0.18211067871133066,1318,1603,2518577.9726289283,1.0100998882934333,1.010100081930515,201.00998882934334,0.002837827973412921,71.39019780118406,0
univ3-conc-c100,309,10000,59.683241460566876,-6812.986781019065,6812.986781019065,-6753.303539558498,21523.49823562586,62781.12497377457,0.25530626217455027,1394,2239,2946721.5341898235,1.0100959922939554,1.0101000726222642,201.00959922939555,0.04106045004816394,74.06469152766799,0
univ3-conc-c100,310,10000,50.94129709863027,-3754.667922167796,3754.667922167796,-3703.7266250691655,48553.569481705155,159163.8214724401,0.23374821558597192,2535,2133,2147616.5652661095,1.010099277502264,1.010100160681841,201.00992775022638,0.008908348279137002,83.06030370845933,0
univ3-conc-c100,311,10000,30.152090619197118,-350.6840560511988,350.6840560511988,-320.5319654320017,5284.485524600752,229256.91978123368,0.02253114121879654,227,193,186073.57920721464,-0.9999781602985098,0.9999781602985098,0.0021839701490247126,20100.77882244124,120.39333735672653,0
univ3-conc-c100,312,10000,26.980720489763637,-420.6959911301554,420.6959911301554,-393.71527064039174,13756.168123972062,134724.109300385,0.0926464333350947,922,747,412276.74439486564,-0.999978107868142,1.0101000160323368,0.002189213185802081,20100.778353365804,128.03620268275165,0
univ3-conc-c100,313,10000,126.57051410639225,-1736.2642963339692,1736.2642963339692,-1609.693782227577,115092.73272800837,79429.07205995433,0.5916700847674352,4564,4851,2271967.741369694,-0.9999777519104285,1.0101001888402505,0.0022248089571498797,20100.775116326622,109.12406973599073,0
univ3-conc-c100,314,10000,38.67228708868761,-2823.454806787885,2823.454806787885,-2784.7825196991976,5734.067327842948,143379.6392331035,0.03845432764089526,314,371,716750.3199793727,1.0100962108145446,1.0101001292382512,201.00962108145447,0.0387724889843116,45.73847996385439,0
univ3-conc-c100,315,10000,156.4819646705033,-2986.823717485006,2986.823717485006,-2830.341752814503,13881.275000752372,236936.53869448433,0.055344055496868376,558,432,801226.4027217916,-0.9999781696532929,1.0101000557439894,0.002183034670714657,20100.778946481914,216.21833919433251,0
univ3-conc-c100,316,10000,10.863193749157283,-1924.7072423181678,1924.7072423181678,-1913.8440485690105,2823.2190402144684,135671.2252505561,0.02038507071292398,112,200,451821.08066768554,1.0101001143789268,1.0101001143789268,201.01001143789267,0.0004950333242745852,30.169280603748007,0
univ3-conc-c100,317,10000,45.06169537994911,-4282.228080892246,4282.228080892246,-4237.166385512297,33604.40157944443,112652.31127931092,0.22976313991069416,2567,2098,2240324.8231861023,1.0100971527690288,1.0101001737153168,201.00971527690288,0.02973570741573192,94.60567878562699,0
univ3-conc-c100,318,10000,223.08997896924137,-3753.1043962023014,3753.1043962023014,-3530.01441723306,23343.455663067045,173212.60309176566,0.11876233076174815,1046,946,1308541.8195863627,1.0100998013683853,1.010100113521459,201.00998013683852,0.0036461555847042693,73.23341597513519,0
univ3-conc-c100,319,10000,59.887030375183286,-3264.977558389493,3264.977558389493,-3205.0905280143097,22901.581252750682,120952.63244003298,0.15919993349419365,1241,1401,1615773.7518109358,1.0100997507113432,1.0101000313105635,201.0099750711343,0.004172336414251632,80.54127455886922,0
univ3-conc-c100,320,10000,37.79360643423415,-576.8308604126621,576.8308604126621,-539.037253978428,15474.390470374117,82574.2953871026,0.1578235377154126,674,1155,640651.6964522209,-0.999978141044356,0.9999781654779737,0.002185895564396958,20100.778698581318,119.30523616592417,0
univ3-conc-c100,321,10000,14.366652154148532,-1575.885595600137,1575.885595600137,-1561.5189434459885,10402.212149673158,150202.4810481032,0.06476904219021404,630,539,678489.5075693859,1.0100983513306818,1.0101001608793498,201.00983513306818,0.017819124906100825,79.383797537046,0
univ3-conc-c100,322,10000,9.45089227793108,-833.1071381884105,833.1071381884105,-823.6562459104795,6034.35115982274,70485.59862446353,0.0788598421305018,340,569,536449.6889043342,1.0100951953790007,1.0101001567121946,201.00951953790008,0.04873553521483842,89.50265190011257,0
univ3-conc-c100,323,10000,140.825310836384,-5821.310217661245,5821.310217661245,-5680.48490682486,20018.23337524149,139298.19485491677,0.12565077938052896,990,1156,1901315.1636105224,1.0101000290352389,1.0101001003298251,201.01000290352388,0.0014228543998432985,64.41284481911472,0
univ3-conc-c100,324,10000,19.05537542343067,-2816.541572219862,2816.541572219862,-2797.486196796431,38181.96292345887,34379.835588012495,0.5261992357786259,2473,4554,2934394.4111532588,-0.999978128002309,1.0101001719447507,0.0021871997690949396,20100.77882907253,110.53762081098655,0
univ3-conc-c100,325,10000,106.0086680160347,-5745.7786337783555,5745.7786337783555,-5639.769965762321,27509.218937609217,124892.12348753505,0.18050509595163872,1321,1639,2307572.864735803,1.0100986130889453,1.0101001339587024,201.00986130889453,0.015341649395089973,88.53201256206908,0
univ3-conc-c100,326,10000,0.11667262922673031,-233.6303890602138,233.6303890602138,-233.51371643098705,388.25924171774284,74803.60710998152,0.005163580325320234,43,93,118426.97022233748,-0.9999781023271872,0.9999781023271872,0.0021897672812868836,20100.778217402636,107.76756774471322,0
univ3-conc-c100,327,10000,85.73588230648696,-759.7793568378414,759.7793568378414,-674.0434745313545,87669.80110997736,57682.131418502875,0.6031553869626008,3295,4410,1468851.728331738,1.010091013185252,1.010100136185302,201.0091013185252,0.09004409056348095,90.85897714735844,0
univ3-conc-c100,328,10000,17.70702956831528,-2255.874778158425,2255.874778158425,-2238.16774859011,3422.7728458512574,117556.7034673835,0.028292177732602876,154,294,613602.4715013817,1.0100992729110216,1.0100999317953434,201.00992729110217,0.008748954435986889,40.753389784457795,0
univ3-conc-c100,329,10000,85.76270176358187,-1240.0839951651753,1240.0839951651753,-1154.3212934015935,20177.43973659909,192001.4599183755,0.09509635392307976,897,769,683922.8244739797,1.0100981173863837,1.0101001514462735,201.00981173863838,0.02013361210509146,93.56275568572572,0
univ3-conc-c100,330,10000,4.623766883823209,-676.0256362683953,676.0256362683953,-671.401869384572,1567.5757016857883,135223.33667390252,0.011459647972678759,67,101,200928.6487146219,1.0101001564235879,1.0101001564235879,201.01001564235878,0.00007535962969518195,45.87125524823195,0
univ3-conc-c100,331,10000,52.818251242812046,-1656.046643571146,1656.046643571146,-1603.228392328334,14913.406725935807,231206.37707761634,0.06059409973250825,595,469,605678.1854517568,-0.9999779411835665,1.0101000867363361,0.002205881643345355,20100.77662193881,111.84763406821621,0
univ3-conc-c100,332,10000,76.64170714332813,-2559.3671103786346,2559.3671103786346,-2482.7254032353067,94833.85406131184,45002.2665525797,0.6781785252979258,6515,5941,3155441.8826439073,1.0100972498798308,1.0101002163153276,201.00972498798308,0.029169081870755065,96.18037729242826,0
univ3-conc-c100,333,10000,275.57179819820055,-4312.562906255277,4312.562906255277,-4036.9911080570764,21246.03064556254,159061.2126897323,0.1178323746320826,988,945,1376017.451488286,-0.9999779889128025,1.0101000581512056,0.0022011087197432557,20100.777151430793,106.66347682725883,0
univ3-conc-c100,334,10000,2.386843018575603,-596.4458306361347,596.4458306361347,-594.0589876175591,696.7036797258594,92722.2123475314,0.007457843757495313,38,53,139065.73781686847,1.0100998676492983,1.0100998676492983,201.00998676492983,0.002902008044279397,43.53506572387395,0
univ3-conc-c100,335,10000,9.782058941595379,-952.5716111782233,952.5716111782233,-942.789552236628,2035.2064291405065,170487.53199270833,0.01179674312938428,87,166,294790.9709154688,1.0100984412123923,1.0100998733892121,201.00984412123924,0.016891301259235547,71.3855580917928,0
univ3-conc-c100,336,10000,90.58248272196798,-2621.927985392812,2621.927985392812,-2531.345502670844,35356.61392113776,133113.19822998054,0.20986913601721532,2481,1892,1651816.5485770814,1.0100999950207394,1.0101001682855681,201.00999950207395,0.001864388848875187,74.95867785187997,0
univ3-conc-c100,337,10000,91.59515690692248,-1082.103674642148,1082.103674642148,-990.5085177352255,27600.461403164816,126185.82936486394,0.17947283379633203,1368,1427,934315.5166708443,1.0100986910544907,1.0101001599986577,201.00986910544907,0.014564921928019059,91.34596491098851,0
univ3-conc-c100,338,10000,131.11895678497072,-403.16805735588696,403.16805735588696,-272.04910057091627,7231.7974097241495,173927.71189148378,0.03991950208752265,192,206,156073.05636595242,1.0100943213922604,1.0101001389939899,201.00943213922605,0.05727586644050778,87.77483026771564,0
univ3-conc-c100,339,10000,25.253436001980482,-861.7982183385903,861.7982183385903,-836.5447823366098,48830.987709507026,72401.2762362876,0.402788714160616,3021,3136,1377751.6248855821,1.010099820191271,1.010100162308248,201.0099820191271,0.003659541572047509,90.66365827772091,0
univ3-conc-c100,340,10000,573.9441350431431,-1144.9554104520726,1144.9554104520726,-571.0112754089295,26449.345698741832,178258.45682548848,0.1292053618503923,1075,856,478419.43915924587,-0.9999780355532741,0.9999781650827877,0.0021964446725960644,20100.7776278273,113.06145681175519,0
univ3-conc-c100,341,10000,0.2461920572472202,-80.9370363355699,80.9370363355699,-80.69084427832269,485.88676186659086,66377.28189746849,0.007266882075872931,28,36,38773.12146385741,1.0100991742228609,1.0100999830387627,201.0099174222861,0.009696961218188083,75.43729239482286,0
univ3-conc-c100,342,10000,53.13063603894238,-4165.676632044709,4165.676632044709,-4112.545996005766,79092.03770877124,91571.62882709675,0.46343805517707337,3429,4019,3262018.638933467,1.0101000008880923,1.0101000008880923,201.01000008880922,0.001954597153590143,83.65751360198476,0
univ3-conc-c100,343,10000,28.458036498830232,-5428.028373831912,5428.028373831912,-5399.570337333082,10327.219324952459,169057.03583663673,0.05757037771040557,560,578,1244219.4393931248,1.0100964499492429,1.010099926502803,201.0096449949243,0.03645045540972047,63.41902642153338,0
univ3-conc-c100,344,10000,2.5345881104130052,-280.30049943317624,280.30049943317624,-277.76591132276326,5526.98857268663,282961.718171762,0.019158422646965486,207,172,175981.79267958787,1.010097045792865,1.0100995305573566,201.0097045792865,0.030573119275636884,59.25613573620295,0
univ3-conc-c100,345,10000,43.257983651319144,-2245.855659497858,2245.855659497858,-2202.597675846539,7548.750023751187,110713.94967702847,0.06383035431163442,377,558,843022.0924632399,-0.9999781722756395,1.0101000583675535,0.0021827724360532668,20100.77897267585,139.56768586631839,0
univ3-conc-c100,346,10000,10.768558766238208,-781.0849723840219,781.0849723840219,-770.3164136177836,4862.808360321294,247673.07383660658,0.019255910558204428,268,216,291489.3122591641,1.0100985884930072,1.0101000049933253,201.0098588493007,0.01545909597891068,90.28591474858376,0
univ3-conc-c100,347,10000,118.20336166381564,-976.7993667914751,976.7993667914751,-858.5960051276595,23460.414494713623,107894.69304653165,0.17860298646816677,1348,1422,852922.2806061944,-0.9999779866648609,0.9999781623763869,0.0022013335139149854,20100.77717343395,122.91590736336742,0
univ3-conc-c100,348,10000,80.96407051842421,-718.3949550236294,718.3949550236294,-637.4308845052052,23021.87901688997,125475.63433177197,0.15503208436114468,1228,1247,710817.4564745169,1.0087856822389722,1.0101001135907834,200.87856822389722,12.883537588088622,97.38786993123438,0
univ3-conc-c100,349,10000,13.795249676263346,-2757.638908620801,2757.638908620801,-2743.8436589445378,8058.863875719989,85384.63242618043,0.08624317576563208,373,699,1049098.763378267,-0.9999780564603107,1.0101001257637208,0.0021943539689249737,20100.777797454273,169.6359167203853,0
univ3-conc-c100,350,10000,27.78693512550764,-119.79046272851593,119.79046272851593,-92.0035276030083,1169.3235825784313,243016.24390736024,0.004788667875002939,40,32,34354.64242606263,1.010092867198125,1.0101000912146347,201.0092867198125,0.07151278128473137,37.16394604801527,0
univ3-conc-c100,351,10000,42.40287645138937,-2467.25215921232,2467.25215921232,-2424.8492827609307,25264.886697640697,115221.9743470029,0.17983807531732152,1226,1459,1472234.898207455,-0.9999780798441377,1.0101001447761915,0.0021920155862341973,20100.77811885575,141.52990195223055,0
univ3-conc-c100,352,10000,120.65986517604648,-3741.1697833443664,3741.1697833443664,-3620.50991816832,17154.668195216378,277613.67386159487,0.05819711871198884,720,553,1033872.8692660149,1.0100986812933208,1.0101001465400157,201.0098681293321,0.014587857540171889,75.13661845490097,0
univ3-conc-c100,353,10000,29.6046765901305,-254.38495332154343,254.38495332154343,-224.78027673141293,4310.141058214103,214869.13313266233,0.019664911630561086,129,133,131246.97557862021,-0.9999778869543654,0.9999781788245001,0.002211304563462385,20100.776027196607,144.46897762998216,0
univ3-conc-c100,354,10000,264.0505633291358,-3277.9632864951923,3277.9632864951923,-3013.9127231660564,144590.72745063776,131753.28371921007,0.5232272877510226,6122,4229,2745044.978577128,1.0100907473654257,1.010100164871579,201.00907473654257,0.09279438036358556,91.15506987045693,0
univ3-conc-c100,355,10000,129.37289124151766,-3870.6486594400103,3870.6486594400103,-3741.2757681984926,12441.821957868075,222336.40631557084,0.052993934102686345,418,462,923977.673697137,-0.9999779604498454,1.0101001500751823,0.0022039550154587463,20100.77680839119,154.18981019057375,0
univ3-conc-c100,356,10000,17.238209889067413,-53.13998930693205,53.13998930693205,-35.90177941786464,119515.95825685802,9250.543262611416,0.9281603277758328,4624,2125,296505.4410165098,1.0100968775594703,1.0101000797566524,201.00968775594703,0.032523298608246876,97.80831608080179,0
univ3-conc-c100,357,10000,137.39323836193185,-453.75856017005964,453.75856017005964,-316.36532180812776,69703.40405763089,40848.68432100806,0.6305028252283933,2791,3700,915655.8604214254,0.5711768970876124,1.0101001677509132,157.11768970876125,4320.667688136559,98.8813785647594,0
univ3-conc-c100,358,10000,71.05802691002567,-4374.709519941173,4374.709519941173,-4303.651493031148,12145.626338028997,119102.0778714534,0.09253972411314376,609,794,1363631.0218253045,-0.9999781683978397,1.010100045392606,0.0021831602160345136,20100.77895616381,144.43542147189282,0
univ3-conc-c100,359,10000,146.57164864296627,-581.8576615455204,581.8576615455204,-435.28601290255415,55159.33222898209,142678.54437354472,0.2788107776742969,1887,1831,732374.0075652299,-0.9999780033576983,1.0101001571097155,0.00219966423017198,20100.777387654656,106.20999279808248,0
univ3-conc-c100,360,10000,203.727713932312,-395.01898069318673,395.01898069318673,-191.29126676087472,68866.60042777583,57711.198247806984,0.5440653981057136,2537,2864,622148.0753686575,1.0101001135430878,1.010100174370902,201.01001135430877,0.0007501480803648874,96.80170645181772,0
univ3-conc-c100,361,10000,2.245418446065085,-920.3306503522989,920.3306503522989,-918.0852319062338,2448.0706734687874,173413.6378053802,0.013920430403206386,114,116,252489.75123325808,1.0100920635117387,1.0100998753854338,201.00920635117387,0.07939688973207382,35.89070504569022,0
univ3-conc-c100,362,10000,217.05508476681294,-845.7496616432525,845.7496616432525,-628.6945768764396,155574.63907980637,82951.43141812542,0.652233270581445,7525,4757,1461479.552690278,1.0100995497920922,1.010100182442394,201.00995497920923,0.006607536944748915,97.38404598995342,0
univ3-conc-c100,363,10000,118.62785545471932,-2124.3218401682116,2124.3218401682116,-2005.6939847134922,97133.67582584312,70256.93479793755,0.5802815072116335,3974,4944,2614645.6300521865,-0.9999775740343269,1.010100137654978,0.0022425965673203846,20100.773269802918,105.30057743395567,0
univ3-conc-c100,364,10000,19.67516268436567,-4062.646424453398,4062.646424453398,-4042.9712617690325,12596.121410811502,104198.68451442759,0.10784830122389466,535,1029,1553397.8466776758,1.0100978951941553,1.0101001393778188,201.00978951941553,0.022305618750117162,78.58188494603716,0
univ3-conc-c100,365,10000,99.96153343118966,-3442.9705684303967,3442.9705684303967,-3343.009034999207,64571.328382262116,173255.25223683353,0.2715059360235259,2644,2443,2226327.932907853,1.0100981355536185,1.0101001237891214,201.00981355536186,0.020126735259545114,95.25272921915307,0
univ3-conc-c100,366,10000,76.24271451990808,-2379.608091127967,2379.608091127967,-2303.365376608059,57382.774530868104,106565.417859902,0.3500055334193402,3685,2880,1998596.5441113599,1.0100997817801818,1.010100131152539,201.00997817801817,0.004059376670807385,89.16800316112867,0
univ3-conc-c100,367,10000,122.90206505804865,-2533.1209908048922,2533.1209908048922,-2410.2189257468435,106605.7127269024,53124.076619066735,0.667412842422262,5295,5480,2938350.8833018388,-0.9999767515991203,1.0101001528776898,0.0023248400879848576,20100.764974850197,102.15133618218331,0
univ3-conc-c100,368,10000,8.18511939943637,-3377.425104319811,3377.425104319811,-3369.239984920375,7401.24187103035,127870.6782032425,0.054713808061322707,608,512,955576.7735653891,1.010100017951177,1.010100030956824,201.0100017951177,0.0014797087909670381,46.64121858200154,0
univ3-conc-c100,369,10000,98.92936168443853,-3819.3275743463823,3819.3275743463823,-3720.398212661944,10881.190438803476,192363.15522467974,0.05353748171090446,506,495,1011119.8091952838,-0.9999781146012938,1.0100998589390588,0.002188539870609101,20100.778387162587,159.14475917761348,0
univ3-conc-c100,370,10000,224.72668231220123,-2619.4703460954884,2619.4703460954884,-2394.743663783287,86416.85871346103,98331.89880389605,0.4677533958805769,3264,3840,2400876.347570685,0.3901581891615786,1.0101001488950834,139.01581891615785,6113.580385861696,99.22440146244203,0
univ3-conc-c100,371,10000,94.95764890772716,-9297.575868256252,9297.575868256252,-9202.618219348526,16658.237488719355,129906.76297927558,0.11365767704109535,649,1071,2303482.712471556,1.0100995478758168,1.0101001176825393,201.00995478758168,0.0061152782567557296,58.151763025720285,0
univ3-conc-c100,372,10000,15.786810703165566,-7345.532700261404,7345.532700261404,-7329.745889558239,11368.35404770089,111066.86734346094,0.09285199077952197,715,878,1846013.437868677,-0.999978128379027,1.0101001360643727,0.0021871620972980887,20100.77855861307,117.61770074891827,0
univ3-conc-c100,373,10000,79.08744013039255,-5326.7258159799285,5326.7258159799285,-5247.638375849536,21106.188798150943,74747.35853481662,0.22019204698636902,1045,1877,2419423.0550762205,1.0100700993832588,1.0101001682513238,201.00700993832587,0.29479864760925834,97.85218742429431,0
univ3-conc-c100,374,10000,18.097867911450148,-2183.98428125466,2183.98428125466,-2165.88641334321,12292.970095239689,71458.56244360203,0.14677904657492136,665,1203,1245457.965380761,1.0100909559447242,1.0101000529237072,201.00909559447243,0.09033305469154129,94.7746136680901,0
univ3-conc-c100,375,10000,378.4728990664745,-6056.515594033661,6056.515594033661,-5678.042694967186,38247.79518364185,236585.89157950535,0.1391670563900122,1514,1162,1790276.1088821234,-0.99997795483632,1.010100172228094,0.002204516367993626,20100.776843443487,155.8141834348393,0
univ3-conc-c100,376,10000,8.494367666127495,-787.8006635552523,787.8006635552523,-779.3062958891248,3227.589761819013,195326.63111858699,0.016255457816548094,87,93,187568.68165695385,-0.9999780877248057,1.010100131145824,0.002191227519425784,20100.778071781675,217.7149092138442,0
univ3-conc-c100,377,10000,112.48845052150553,-2729.3529683794377,2729.3529683794377,-2616.8645178579322,68828.96164214559,123162.56280764085,0.35850000066095183,3614,3064,2142430.940358865,1.0101000474342834,1.010100122589711,201.01000474342834,0.001458835868812347,67.52459434563514,0
univ3-conc-c100,378,10000,110.37285257077224,-9133.327839513275,9133.327839513275,-9022.954986942503,33875.99781486775,167385.16138217426,0.16831860628260575,1443,1542,2703077.350759697,-0.9999779790538653,1.0101001499296596,0.0022020946134593935,20100.77710583551,104.99722800548626,0
univ3-conc-c100,379,10000,34.47463217614203,-2497.8487522529554,2497.8487522529554,-2463.374120076813,21368.04279388004,127035.72522246631,0.14398585076038228,1260,1451,1407801.3217715642,-0.9999780690677434,1.010100149997517,0.0021930932256517656,20100.778010580227,107.09477794308499,0
univ3-conc-c100,380,10000,23.02421338230002,-3699.012648669105,3699.012648669105,-3675.9884352868053,6717.837874208811,104706.604245605,0.0602905228548075,441,535,1030553.5178601454,1.010099367734882,1.0101001535109844,201.0099367734882,0.007845594856183524,37.25852570816146,0
univ3-conc-c100,381,10000,156.08811493288658,-1666.196122555044,1666.196122555044,-1510.1080076221574,41392.02980030666,69146.82709352998,0.37445682869744396,2398,2780,1595571.6390192069,-0.4085129064699578,1.0101000561779372,59.14870935300422,14101.884662015858,100.82310097088454,0
univ3-conc-c100,382,10000,8.942110477337275,-1995.2130653278978,1995.2130653278978,-1986.2709548505604,1974.5825312246006,67754.16307505977,0.028318056119550204,138,211,458946.1483552254,1.0101000939135918,1.0101000939135918,201.01000939135918,0.0006971935853798961,66.42757372228675,0
univ3-conc-c100,383,10000,63.71322107445657,-490.19227247195147,490.19227247195147,-426.4790513974949,4899.436929010879,115196.86068246556,0.04079590317480934,160,267,260079.96190631826,1.0100986668646883,1.010100026970232,201.00986668646883,0.01468835573233708,73.20381602030669,0
univ3-conc-c100,384,10000,49.79938426816985,-4016.4118354601273,4016.4118354601273,-3966.6124511919575,38702.04077599269,93737.44690163813,0.2922243316902343,1790,2558,2502757.648281637,1.0100990795579483,1.0101001682042345,201.00990795579483,0.010834816539226466,84.48340316634926,0
univ3-conc-c100,385,10000,8.309936235448317,-4160.263589443644,4160.263589443644,-4151.953653208196,4799.4585696610575,60071.14264017045,0.07398511005218912,403,744,1333363.9104935662,-0.9999778528975046,1.0101001161106566,0.0022147102495362818,20100.775725928044,104.61406622725117,0
univ3-conc-c100,386,10000,61.70527824143829,-874.2460454679187,874.2460454679187,-812.5407672264805,72485.05814300082,94940.0488152323,0.4329401931401088,4057,3334,1351527.0539038982,1.0101001456521737,1.0101001456521737,201.01001456521738,0.0005281606311143272,93.76261887180742,0
univ3-conc-c100,387,10000,28.905097014139198,-2451.0661664225313,2451.0661664225313,-2422.161069408392,10163.465646898998,185138.25270404373,0.05203981681633749,648,519,806569.7016056924,-0.9999781408208372,1.010100048151462,0.0021859179162790512,20100.77866285647,150.68622293412932,0
univ3-conc-c100,388,10000,36.979948260972265,-3362.0173568724167,3362.0173568724167,-3325.0374086114443,9892.964685022638,226062.1605511386,0.04192731425147486,463,436,843402.5981936917,-0.9999763895300705,1.0101001503494766,0.0023610469929449263,20100.76078054839,102.91410981530791,0
univ3-conc-c100,389,10000,76.86398198159421,-589.5028244585715,589.5028244585715,-512.6388424769773,6043.7184493124,129499.76269622947,0.04458877991205541,170,249,275906.6589340349,1.0100956304288449,1.0101001524624131,201.00956304288448,0.04444828681113222,50.707941737509806,0
univ3-conc-c100,390,10000,42.6045094497086,-276.27885030920913,276.27885030920913,-233.67434085950055,59780.95190769212,114657.20398266948,0.3427057090953531,3487,2382,637690.386133841,1.0100967595997294,1.0101001836036607,201.00967595997295,0.03364489943321303,84.43827250739176,0
univ3-conc-c100,391,10000,39.95699720289483,-9066.259470762621,9066.259470762621,-9026.302473559726,26924.335189860183,145889.42754573244,0.15579971620116148,1525,1528,2704204.5376807037,-0.9999780746390046,1.01010017062069,0.0021925360995485327,20100.778082250057,148.86748956424333,0
univ3-conc-c100,392,10000,95.83022572998642,-2599.7735566144875,2599.7735566144875,-2503.943330884501,12585.672320212137,80942.86207228074,0.13456505441854047,620,982,1169384.2657409518,-0.9999777307589686,1.0101001374567609,0.002226924103137652,20100.77450331592,111.24275701570009,0
univ3-conc-c100,393,10000,61.70407467721272,-1996.8030652956015,1996.8030652956015,-1935.0989906183888,15328.720781446951,228536.97816571168,0.06285722365886484,687,542,739659.9259610685,1.0100967183520928,1.0101001591191419,201.00967183520928,0.0338264476831327,59.912073026557394,0
univ3-conc-c100,394,10000,221.52045061599782,-559.3456841443962,559.3456841443962,-337.82523352839837,11030.622503265631,239243.44794722373,0.04407417230003366,361,327,249581.9034987944,1.0100924049635174,1.0100998935918173,201.00924049635174,0.07607262162407524,88.08142200921634,0
univ3-conc-c100,395,10000,12.075979041912543,-6237.1350242922645,6237.1350242922645,-6225.059045250352,8179.969484150482,75384.83506508709,0.09788773549192863,490,933,1787465.7686934255,-0.9999781146074188,1.0101000896018426,0.0021885392581179096,20100.77840817328,155.1184015835788,0
univ3-conc-c100,396,10000,122.40939704288309,-213.02074312047472,213.02074312047472,-90.61134607759163,133251.36917037785,47679.08143154044,0.736478402209678,4801,3179,525340.2655922928,-0.9999677997037799,0.9999781471189867,0.0032200296220114,20100.673484793344,103.43715369072217,0
univ3-conc-c100,397,10000,93.40727048459347,-8469.640194511621,8469.640194511621,-8376.232924027028,39460.39026094074,127977.06054561304,0.2356724261559063,1957,2226,3218877.415841139,1.010099922524035,1.010100150190642,201.0099922524035,0.002563225953423398,79.41108286165839,0
univ3-conc-c100,398,10000,0.4524476482386758,-43.07031660089285,43.07031660089285,-42.61786895265418,78.95613078563252,117561.35130775702,0.0006711656277069879,6,11,13973.944885721938,-0.9999781596374905,0.9999781596374905,0.0021840362509555973,20100.778796216615,198.38121121080906,0
univ3-conc-c100,399,10000,21.55198220071842,-330.3466502636472,330.3466502636472,-308.79466806292874,55871.53220858325,28039.475896189717,0.6658427001475293,4549,4295,1028925.3616558326,1.0100950736954584,1.0101001655368387,201.00950736954584,0.05030704142839054,95.64050066528185,0
univ3-conc-c100,400,10000,100.43208525360674,-2908.0190715443987,2908.0190715443987,-2807.586986290792,26798.7863106384,160274.0992565544,0.14325318300076587,971,1115,1288238.1421300455,-0.9999781424206615,1.0101001570961936,0.002185757933839953,20100.778725507756,104.7825873962232,0
univ3-conc-c100,401,10000,15.101766131636753,-760.0411431414376,760.0411431414376,-744.9393770098009,8334.792450811276,57784.95075351887,0.1260560317824319,535,1050,702578.0475184484,1.0100937918669195,1.0101000355412606,201.00937918669194,0.06252367620094346,82.87062419917793,0
univ3-conc-c100,402,10000,25.805159513656932,-100.6872013805753,100.6872013805753,-74.88204186691837,252124.45352689427,174.89278673668622,0.9993068044396782,10293,3292,532334.6548427232,0.10298307059100509,0.89691524034613,110.29830705910051,8971.229326619807,99.80422989275071,0
univ3-conc-c100,403,10000,47.2444957098771,-8047.563588380566,8047.563588380566,-8000.319092670689,37281.05905955522,152617.38289105016,0.19632103705860013,1972,1879,2905441.4271512246,1.0100995095895766,1.0101001543809034,201.00995095895766,0.0065973385642412175,79.5186281759675,0
univ3-conc-c100,404,10000,38.62122042914008,-3438.9194231428646,3438.9194231428646,-3400.2982027137245,25917.15270505094,131759.23814911887,0.16436926647452846,975,1388,1640547.7098507485,-0.9999780748063785,1.010100089802438,0.002192519362147515,20100.778049858643,120.4283501745212,0
univ3-conc-c100,405,10000,3.6336869044698554,-10594.669536531497,10594.669536531497,-10591.035849627027,5626.167320661071,51559.916743258524,0.09838350383237358,480,1044,2407443.555498418,1.0101000792360788,1.0101000929037793,201.01000792360787,0.0008999151927271409,70.0721854917118,0
univ3-conc-c100,406,10000,25.368593230636986,-1242.896830524141,1242.896830524141,-1217.528237293504,9250.379081505365,133367.51585389054,0.06486127905404626,519,454,511376.2905350119,-0.9999781119590766,1.0101000803550872,0.002188804092343895,20100.778358811458,115.35967467289188,0
univ3-conc-c100,407,10000,70.56881059580122,-2343.0856589282535,2343.0856589282535,-2272.5168483324524,17991.819070814418,66270.82683785414,0.21352069919944802,1104,1574,1453523.9630005634,-0.9999781087373786,1.0100999800730515,0.002189126262143184,20100.778411763695,104.9332958814478,0
univ3-conc-c100,408,10000,1.2048199781515407,-336.46561544768696,336.46561544768696,-335.2607954695354,1230.0406294817333,143791.7057237411,0.008481766772314131,70,92,138519.16209933034,1.0100957015318983,1.0101000511295615,201.00957015318983,0.04373805659042773,70.17455432988118,0
univ3-conc-c100,409,10000,0.39568353973439924,-662.2526058788166,662.2526058788166,-661.8569223390822,1081.3525091607962,169116.46651277397,0.00635350391312261,61,100,194341.25153698475,-0.9999780683952192,1.0101001482357876,0.0021931604780789904,20100.77787279132,119.38920600185742,0
univ3-conc-c100,410,10000,18.853707582403473,-4349.420514934809,4349.420514934809,-4330.566807352406,8776.11831042125,127834.82017302577,0.06424169548827631,385,740,1266492.3357043457,1.0100999807248963,1.010100158960707,201.00999807248962,0.0018442961326998741,38.63694140995803,0
univ3-conc-c100,411,10000,64.82374895729367,-3065.7181760214025,3065.7181760214025,-3000.8944270641086,5477.722544446925,124645.1254565428,0.04209654667568651,237,347,748498.4551670573,-0.9999777037891243,1.0100992198757397,0.002229621087559769,20100.77417522898,115.05567820961065,0
univ3-conc-c100,412,10000,15.627100006747582,-6512.921759289301,6512.921759289301,-6497.294659282554,14929.043835454186,107767.53056506226,0.12167449587240756,1132,1130,2007885.0889984185,-0.9999780915806256,1.0101000831419211,0.0021908419374415595,20100.77821551692,149.97496318984773,0
univ3-conc-c100,413,10000,14.906606892626835,-1048.7507875081376,1048.7507875081376,-1033.8441806155108,6999.127212151203,167161.5298901203,0.04018776300344997,363,392,488922.94618894765,-0.9999781029380252,1.0100988361322774,0.002189706197475466,20100.778255611887,111.05521381129603,0
univ3-conc-c100,414,10000,120.31032105634876,-3214.356106559479,3214.356106559479,-3094.0457855031304,55836.0840221273,212166.1625280978,0.20834185064065613,2452,1862,1790377.242313644,1.0100910623425117,1.0101000638198738,201.00910623425116,0.08941256451670654,70.54611788601315,0
univ3-conc-c100,415,10000,78.78121912674567,-318.9166895418322,318.9166895418322,-240.13547041508656,39119.18529270693,102293.6753180014,0.2766310300475222,1536,1853,565275.0205850524,-0.9329680626121238,0.9999781710925187,6.703193738787618,19417.53610780898,101.89334590755318,0
univ3-conc-c100,416,10000,77.59549462554692,-2362.9858245881996,2362.9858245881996,-2285.3903299626527,26814.50991588638,65241.39889874764,0.29128504906600533,1825,2510,1928452.636777328,-0.9999776382072839,1.010100043367093,0.00223617927160556,20100.77370072947,111.54540870840175,0
univ3-conc-c100,417,10000,114.43703652914243,-997.0338630036775,997.0338630036775,-882.5968264745351,33417.3251715468,125643.38695205042,0.21009163561131336,1359,1457,888022.4505318237,-0.9999769590229832,1.0100999763918344,0.0023040977016771697,20100.76668639418,107.07520351566187,0
univ3-conc-c100,418,10000,47.52120660243204,-2193.0109067412054,2193.0109067412054,-2145.4897001387735,10429.672817222943,90714.71517976224,0.10311667333964017,535,749,926382.5277861089,-0.9999781683503555,1.010100135528988,0.0021831649644472465,20100.778950249576,154.00157860553227,0
univ3-conc-c100,419,10000,87.83521627131664,-1393.448467802896,1393.448467802896,-1305.6132515315794,29180.609402677073,95094.44763790058,0.23480664662378042,1732,1773,1191060.4616486041,-0.9999779283912402,1.01009984769874,0.0022071608759864545,20100.77661694664,103.70456875739303,0
univ3-conc-c100,420,10000,0.3307038120886169,-86.98045044475911,86.98045044475911,-86.6497466326705,158.01629124755374,157543.60099589202,0.001001995375607602,10,12,23179.09770713724,1.0100999937703299,1.0100999937703299,201.00999937703298,0.001662725650837693,65.58705845503661,0
univ3-conc-c100,421,10000,34.19904403640383,-9795.943032116911,9795.943032116911,-9761.743988080507,15658.749073319283,60140.37169227773,0.20658219930733457,937,1889,3168701.1364001227,-0.9999779298345406,1.010100170511175,0.002207016545937311,20100.776597520427,113.96973346125885,0
univ3-conc-c100,422,10000,4.745817075102406,-2129.166862017134,2129.166862017134,-2124.4210449420316,4320.294507770407,74458.78806265262,0.05484062985765751,261,525,849389.6880983369,-0.9999781160238399,1.0100999540491364,0.0021883976160042423,20100.77839168108,143.2724004731088,0
univ3-conc-c100,423,10000,14.78082166214351,-2203.7322545135494,2203.7322545135494,-2188.951432851406,13931.391770383962,50605.3054228865,0.21586775239927605,910,1727,1531786.642054298,-0.9999781680830075,1.0101001462559516,0.0021831916992405154,20100.779014331023,129.30019002215653,0
univ3-conc-c100,424,10000,23.653395385714177,-3695.4135592132675,3695.4135592132675,-3671.7601638275532,15018.039614086207,109018.30592211093,0.12107773370107507,902,1152,1554391.0685782486,1.0100976773158516,1.0101001327803119,201.00976773158516,0.024466055460763414,64.94421331010906,0
univ3-conc-c100,425,10000,42.92931125278999,-8135.420897875696,8135.420897875696,-8092.491586622906,19397.561768512092,119798.64985740124,0.13935409262891868,841,1356,2465366.2222147016,-0.9999781096262409,1.0101000260644721,0.002189037375915634,20100.778397978847,118.38385301113112,0
univ3-conc-c100,426,10000,149.07212780691498,-388.32257327011564,388.32257327011564,-239.25044546320066,40348.422411224084,128898.50582169117,0.23839973246484655,2280,1635,497973.6245554524,1.0100998611665515,1.0101001691569877,201.00998611665514,0.003150379913101631,95.29531009585322,0
univ3-conc-c100,427,10000,33.23242637520988,-9216.551811382193,9216.551811382193,-9183.319385006982,12802.684506768373,121035.76573632666,0.09565774621205231,817,1062,2326160.9451805106,1.0100943522044543,1.0101000607564117,201.00943522044543,0.0570483980300196,76.86609659728674,0
univ3-conc-c100,428,10000,1.5260734883719902,-924.133570884717,924.133570884717,-922.607497396345,8076.199647708969,148689.93038035772,0.05151750347006106,518,450,507155.9094958038,-0.9999781689696732,1.0100967844984536,0.002183103032676542,20100.778939568063,194.90843545565022,0
univ3-conc-c100,429,10000,163.03828018586793,-220.971809438585,220.971809438585,-57.93352925271708,4569.220845276019,275965.01228630194,0.0162875695927382,134,87,41954.33460381802,-0.999978039888358,0.999978176397113,0.002196011164196534,20100.777586043798,131.93445052589976,0
univ3-conc-c100,430,10000,32.931426932822276,-3989.9178375249326,3989.9178375249326,-3956.98641059211,20617.589754696302,143804.16163011745,0.12539453923248123,1020,1038,1551088.093118294,1.0100971743168734,1.0100999669796638,201.00971743168733,0.029395950488932954,87.42609396551642,0
univ3-conc-c100,431,10000,154.32762887285205,-211.95163701637128,211.95163701637128,-57.624008143519234,22449.498654972394,167402.05965161405,0.11824763965708025,1250,762,178665.71827096734,-0.9999780422730011,0.9999781539077801,0.0021957726998925895,20100.777698922146,115.61020348028701,0
univ3-conc-c100,432,10000,2.2278508043750946,-1908.1466293968376,1908.1466293968376,-1905.9187785924626,3085.7313508905936,118479.21857515942,0.02538339671729142,152,217,474905.24596861174,1.0100999412875102,1.0100999412875102,201.00999412875103,0.0021944341955335567,55.8637384565773,0
univ3-conc-c100,433,10000,5.641526478131327,-1965.105625600534,1965.105625600534,-1959.4640991224028,5881.916927811008,189503.44013763664,0.030104184961213643,218,268,513217.62220506655,1.0100953504049113,1.0101001037942237,201.00953504049113,0.04719584165775359,29.59092273044651,0
univ3-conc-c100,434,10000,29.76264933587544,-1179.4806928882938,1179.4806928882938,-1149.7180435524183,6556.088306789624,96788.97013624458,0.06343881754543171,422,462,513954.5390930504,1.0100965671814908,1.0101001438633384,201.00965671814907,0.035289353332998985,75.05302836475634,0
univ3-conc-c100,435,10000,42.822437366717196,-815.2478112059455,815.2478112059455,-772.4253738392283,65054.42242447322,201795.708087931,0.24378636165384684,2744,2119,1042109.4319733586,-0.9999781074886543,1.0101001514423615,0.0021892511345606115,20100.778513119232,133.83458281712393,0
univ3-conc-c100,436,10000,49.054975857198436,-530.525939065516,530.525939065516,-481.4709632083176,13230.603342247006,132355.13936780332,0.09087842735120827,783,843,521355.81361734297,1.01009495852673,1.0100999215874924,201.009495852673,0.05109151690975955,92.19011207615675,0
univ3-conc-c100,437,10000,29.775220091393443,-183.45558402930268,183.45558402930268,-153.68036393790925,3559.566522981009,117421.49737753434,0.029422509673977547,177,221,140485.38870103116,1.010099601961435,1.0101001465928385,201.0099601961435,0.005522277436991213,59.333780437215594,0
univ3-conc-c100,438,10000,16.574410405851104,-8706.758805367426,8706.758805367426,-8690.184394961576,13493.727617080682,75428.95794171999,0.15174673967935742,844,1318,2536964.006811142,-0.9999773370310204,1.0101001667995175,0.0022662968979582964,20100.77051236255,103.42552155893274,0
univ3-conc-c100,439,10000,6.090623580330677,-1284.5414572555057,1284.5414572555057,-1278.450833675175,3962.1020207095467,279686.98768793273,0.0139683227073964,174,158,318224.1140410577,1.0100975303262836,1.0100975303262836,201.00975303262837,0.02582265822370644,65.04314524380018,0
univ3-conc-c100,440,10000,30.5204768092322,-5157.394811436287,5157.394811436287,-5126.874334627054,24572.509494782986,103056.62223505265,0.19253057011151564,2028,1717,2232472.196787444,-0.9999779966435817,1.0101001238439753,0.0022003356418361084,20100.777324103514,114.23074103393479,0
univ3-conc-c100,441,10000,6.586263312546233,-1247.8672566997084,1247.8672566997084,-1241.2809933871622,4892.825133770915,59081.84414239993,0.0764806631926331,364,645,687824.0412330962,1.0100957303157596,1.0101000026207347,201.00957303157597,0.043496759624201076,67.50017776197232,0
univ3-conc-c100,442,10000,26.257225216084784,-2608.7596853769005,2608.7596853769005,-2582.5024601608156,13670.86754002901,256629.16510520448,0.05057664035864882,494,440,783497.3090304575,1.0100936238004037,1.0100997964348528,201.00936238004036,0.06414023109126532,49.24764939711783,0
univ3-conc-c100,443,10000,200.97179759507057,-705.6587827228219,705.6587827228219,-504.6869851277513,47541.85766896918,177157.2571866536,0.2115800843252833,1993,1717,768359.9920534372,1.0100985671271099,1.0101001505464788,201.00985671271098,0.015825767252120926,94.36663547381654,0
univ3-conc-c100,444,10000,24.033581068391392,-2674.5545252994116,2674.5545252994116,-2650.52094423102,17329.674191420167,216903.93332493174,0.07398457623212919,869,664,981082.3423393538,1.0101000983179316,1.0101000983179316,201.01000983179316,0.0007140307569328819,83.27319595062855,0
univ3-conc-c100,445,10000,13.273878064949782,-3111.8217967838996,3111.8217967838996,-3098.54791871895,13150.889998782402,68630.18371121403,0.16080603252308384,1072,1524,1681960.9878686585,-0.9999780910648061,1.0101001654098254,0.0021908935194041427,20100.778227104744,109.9092269867585,0
univ3-conc-c100,446,10000,2.1130769451394347,-153.05664647275043,153.05664647275043,-150.943569527611,464.0930562334732,125849.34275583619,0.003674138489304933,9,16,32858.49118426724,-0.9999779832340603,0.9999781585765952,0.0022016765939647043,20100.776996919587,119.80019033788815,0
univ3-conc-c100,447,10000,38.68371371079722,-3129.812932801908,3129.812932801908,-3091.129219091111,34423.09080490598,103337.69444299213,0.24987583181209538,2004,2179,2032825.0281317208,1.0100964543910207,1.0101000916365472,201.00964543910206,0.036556932884749926,97.24092416885661,0
univ3-conc-c100,448,10000,37.41419865274111,-4654.837585343043,4654.837585343043,-4617.423386690302,13123.054082897037,166041.44909202558,0.07324583748648406,734,674,1328427.2712043484,1.0100999246822442,1.0101001353890577,201.00999246822443,0.0024104150537465063,78.63750169079104,0
univ3-conc-c100,449,10000,1.7171530193012996,-1199.1123785530478,1199.1123785530478,-1197.3952255337465,11702.252263445402,139350.75726915154,0.07747116260480781,815,729,752801.7981089561,1.0100914892606494,1.0100994457625305,201.00914892606494,0.08508947406669876,55.34013984938232,0
univ3-conc-c100,450,10000,36.15447893769508,-1559.7399220711625,1559.7399220711625,-1523.5854431334674,23892.0708929648,126531.6902521035,0.15883176109340427,1845,1405,1127576.2146203285,-0.22358217439410238,1.010100136264412,77.64178256058976,12240.831592567953,100.43729998502583,0
univ3-conc-c100,451,10000,13.742548211269591,-2230.2298562485007,2230.2298562485007,-2216.4873080372313,21429.42163881945,86674.62817254872,0.19822959154825245,1176,1896,1616276.4087256535,-0.9999779715035689,1.010100016967178,0.0022028496431127243,20100.777032951577,115.67576703159847,0
univ3-conc-c100,452,10000,22.354339825182265,-4580.401589687129,4580.401589687129,-4558.0472498619465,16213.96461964449,129656.79683565661,0.11115294427672473,957,987,1545050.771292672,1.0101000057599296,1.0101001644790701,201.01000057599296,0.0016400947329486826,66.93526093106411,0
univ3-conc-c100,453,10000,156.33521159971093,-3055.9423198238605,3055.9423198238605,-2899.6071082241497,24032.85470421832,214905.98877716577,0.10058161475152004,979,872,1182262.5532203137,1.0100981241303373,1.010100132185155,201.00981241303373,0.02007852311101188,69.62910628954926,0
univ3-conc-c100,454,10000,6.763314166782851,-7997.756907004373,7997.756907004373,-7990.99359283759,6127.746276759016,58036.873263486974,0.09550039134753238,479,786,1805945.7318242874,1.010098913394615,1.0101001675703811,201.0098913394615,0.012312729604365913,48.609308582368236,0
univ3-conc-c100,455,10000,4.235734913425095,-1243.262748365398,1243.262748365398,-1239.0270134519728,5961.457853852504,156676.61325210368,0.036654750104412555,234,325,488462.83371244435,1.0100987886885182,1.0101001042860551,201.0098788688518,0.01350074089228831,68.55504131725361,0
univ3-conc-c100,456,10000,101.6985394742238,-180.33053318573485,180.33053318573485,-78.63199371151106,59634.498607365895,71704.32189644355,0.4540508158868095,2306,2069,380163.42349435337,-0.9999760233649537,0.9999781629733758,0.002397663504628139,20100.757214491106,105.73620594054768,0
univ3-conc-c100,457,10000,131.31957392318006,-1558.9727865270763,1558.9727865270763,-1427.6532126038962,62613.9482918592,237297.882776272,0.20877451906068734,2480,1759,1235007.953056072,1.0101000415132715,1.0101000985672126,201.01000415132714,0.0014030177578885639,85.0943379522687,0
univ3-conc-c100,458,10000,19.741392269796922,-8588.985576286093,8588.985576286093,-8569.244184016297,30157.863993757106,130156.04053553917,0.18811758145561205,2193,1910,3080534.8298791526,1.010099798224889,1.010100172031981,201.0099798224889,0.003779630818081081,58.4527547431518,0
univ3-conc-c100,459,10000,1.1999539790931204,-1306.5283342824596,1306.5283342824596,-1305.3283803033664,2265.387531964933,96908.84307911937,0.022842501706403354,126,234,416455.9111426267,1.0100949090716884,1.0100999781925417,201.00949090716884,0.051515360215927564,54.759180549935586,0
univ3-conc-c100,460,10000,38.47734810277683,-4890.596758919804,4890.596758919804,-4852.1194108170275,21973.273302194844,129675.4034411087,0.14489591188051784,1292,1203,1836635.5698447516,1.0100946514601201,1.010099986775446,201.00946514601202,0.054144280469813566,80.3890781604229,0
univ3-conc-c100,461,10000,56.435046738460414,-339.4275626117716,339.4275626117716,-282.99251587331116,42833.66657717193,50473.54151608925,0.45906063907044986,3105,3014,792415.4022626238,-0.9999780475343474,0.9999781589293203,0.002195246565257733,20100.777957205453,107.07658468719652,0
univ3-conc-c100,462,10000,478.80911923295304,-592.7861286688443,592.7861286688443,-113.97700943589126,61804.220802381795,216853.0214528152,0.22179298231115374,2362,1262,304769.83040531084,-0.9999777051833787,0.9999781716004502,0.0022294816621293533,20100.77434004513,104.15971191181474,0
univ3-conc-c100,463,10000,3.976402144477652,-381.7285724871372,381.7285724871372,-377.75217034265955,82354.7205540519,412.31971143826564,0.9950183103066671,6527,6141,1391970.922831524,0.22714128138144687,0.7947205987936846,122.71412813814469,7733.734994705616,99.54678831296937,0
univ3-conc-c100,464,10000,8.34719400593474,-416.3808300508589,416.3808300508589,-408.03363604492415,9038.25372862767,109780.18419475314,0.07606777101762541,657,698,441726.0442352215,1.0100996989279982,1.0100999970557418,201.00996989279983,0.004618966638313182,95.88776045030315,0
univ3-conc-c100,465,10000,142.44746802691557,-3003.7040287006375,3003.7040287006375,-2861.256560673722,27177.6239274509,158680.21785060587,0.1462280185083889,1108,1251,1413572.7446869456,1.0096848733193162,1.0100999336720848,200.9684873319316,4.0703949981248115,97.65309966561432,0
univ3-conc-c100,466,10000,114.8947355255018,-724.7310839839392,724.7310839839392,-609.8363484584374,9788.523572836486,122193.00065723842,0.07416586245642066,338,517,438495.57640286215,1.0100995230296719,1.0101000926098083,201.00995230296718,0.006316993231688883,75.03875251009258,0
univ3-conc-c100,467,10000,5.869892798825097,-78.22176061018273,78.22176061018273,-72.35186781135764,78045.84477010882,1269.0943794836996,0.9839993021101597,4203,3046,463132.5368212319,-0.8866743741890015,0.9999781478544623,11.332562581099848,18946.059926681566,101.77994543370228,0
univ3-conc-c100,468,10000,151.88556624642996,-912.5105977649775,912.5105977649775,-760.6250315185475,73490.5756477589,41853.5682408338,0.6371418016569714,3495,4510,1555286.9228773003,-0.9999778514117184,1.0101001624150694,0.002214858828171828,20100.776050642962,103.89632848176089,0
univ3-conc-c100,469,10000,54.43424706997701,-6088.580164751687,6088.580164751687,-6034.145917681711,13480.373759149712,69939.72424081553,0.16159623498830375,1036,1621,2404770.396965181,1.0100911893600955,1.0101001710453437,201.00911893600954,0.08808404961789051,91.26349732777008,0
univ3-conc-c100,470,10000,8.147965093836733,-3281.8075978009024,3281.8075978009024,-3273.6596327070656,14578.593037998264,85670.41728096962,0.1454238100866307,993,1319,1607936.9146368238,-0.9999779409829845,1.0101001252005344,0.0022059017015432334,20100.7766823301,132.9398925875566,0
univ3-conc-c100,471,10000,0.04555541474221558,-63.30782868678008,63.30782868678008,-63.26227327203786,53.68190615064542,86899.19342354058,0.0006173678092542043,11,13,22304.944251422272,1.0100965237161723,1.0100965237161723,201.00965237161722,0.0356729139221148,65.47061976477148,0
univ3-conc-c100,472,10000,1.9656177408443645,-1146.7210659151417,1146.7210659151417,-1144.7554481742973,4093.736049422756,155877.01421982722,0.02559052853432585,196,243,412851.4750525868,1.010099713952486,1.010099714643747,201.0099713952486,0.004426588214257787,79.49324905523362,0
univ3-conc-c100,473,10000,102.02190460309984,-2957.387903119343,2957.387903119343,-2855.365998516243,25135.42286028527,191786.73090894354,0.11587300984953995,1108,961,1194020.751137822,1.0100927129795978,1.0101001563018313,201.00927129795977,0.07312109656151952,57.854180223578204,0
univ3-conc-c100,474,10000,187.9627313045448,-1851.6453900367144,1851.6453900367144,-1663.6826587321696,55068.60510275271,245891.59081089147,0.18297637312328766,2115,1599,1229936.77005258,-0.999978152529636,1.0101001209384737,0.002184747036403258,20100.778912568923,116.09748451979789,0
univ3-conc-c100,475,10000,17.838493283670587,-3348.506417787842,3348.506417787842,-3330.6679245041714,4736.24161780681,111355.63953306778,0.04079735439596784,345,397,843031.4569093072,1.0100996801977697,1.0101001452854381,201.00996801977698,0.004771474762122363,49.48173493297955,0
univ3-conc-c100,476,10000,125.09964298411869,-6712.327767038202,6712.327767038202,-6587.228124054083,72620.37906721784,151751.72144768146,0.32366046803753806,3923,3016,3439114.2290250487,-0.999977627974762,1.0100999094171283,0.002237202523796036,20100.773726864434,108.59601315210521,0
univ3-conc-c100,477,10000,9.867949241820286,-498.1021547601766,498.1021547601766,-488.2342055183563,5622.5158976332295,144646.2634799637,0.03741639428310597,308,283,281017.8864927707,-0.9999779552329726,1.0100913575975272,0.0022044767027415892,20100.77673961272,109.38881867964473,0
univ3-conc-c100,478,10000,10.40162132481914,-933.5775331612999,933.5775331612999,-923.1759118364807,2826.0284992501815,89916.96261353686,0.030471612629070572,130,255,374442.2475327649,1.010100100123323,1.010100100123323,201.0100100123323,0.0006378876660653177,50.407565765424664,0
univ3-conc-c100,479,10000,166.53189083882006,-2101.855878401968,2101.855878401968,-1935.3239875631477,4762.05357026819,117481.37160358709,0.03895549853495655,342,333,605558.2575521627,1.0100970811841432,1.0100998124263483,201.00970811841432,0.030241999405999698,72.52114921339496,0
univ3-conc-c100,480,10000,107.1269476433138,-675.4551641911371,675.4551641911371,-568.3282165478233,60867.82461453473,144339.38891435612,0.2966163984579676,3111,2286,898500.553130731,-0.834530738672542,0.9999781769013358,16.5469261327458,18415.5320307904,101.69001240386267,0
univ3-conc-c100,481,10000,28.409100456887924,-1607.5287610193361,1607.5287610193361,-1579.1196605624482,20293.17687678224,158124.95669661363,0.11373943035019048,1348,971,926457.2971566194,-0.9999781657844905,1.0101000761637566,0.0021834215509597362,20100.77897508801,146.35858597611372,0
univ3-conc-c100,482,10000,36.29423819289635,-6163.01412167046,6163.01412167046,-6126.719883477564,23530.763910715774,168761.43285493157,0.12236983250752224,1109,1047,1871426.0947629192,-0.9999779856854302,1.010100116803861,0.0022014314569823584,20100.77713183119,159.33411335403972,0
univ3-conc-c100,483,10000,222.81691470339862,-4602.309144204452,4602.309144204452,-4379.492229501054,11789.650508596465,79705.56667408277,0.12885537486683335,570,1199,1761836.5968742482,1.010099978105223,1.0101001320457654,201.0099978105223,0.001899526060868073,92.25154665532128,0
univ3-conc-c100,484,10000,2.9955925345853855,-2235.036133041469,2235.036133041469,-2232.0405405068836,3857.8814995069306,154258.52323494028,0.02439899582833389,250,216,510038.5592865778,-0.9999780658165442,1.010099989279349,0.0021934183455703097,20100.777862336305,108.23916588867387,0
univ3-conc-c100,485,10000,6.497396346660131,-773.995052231442,773.995052231442,-767.4976558847818,9516.672081196873,145111.38165764848,0.06154557243066504,493,573,530180.2026436941,-0.9999781794042428,1.0101001340334337,0.0021820595757140494,20100.779052536935,119.5297720697439,0
univ3-conc-c100,486,10000,98.66613951958887,-522.6979479667731,522.6979479667731,-424.03180844718423,9590.716000211147,97670.92893968037,0.08941421703522913,329,510,348482.1996029852,1.0101001428257053,1.0101001468230475,201.01001428257052,0.00024064258500755553,77.7629685280421,0
univ3-conc-c100,487,10000,5.927448627311174,-1179.377857188548,1179.377857188548,-1173.4504085612368,2091.56903676983,122027.11350846398,0.01685136350047527,95,158,314947.8431584742,-0.9999780987405466,1.010100085156918,0.0021901259453408744,20100.778187032447,172.84417558901163,0
univ3-conc-c100,488,10000,16.342531630068343,-1418.012983632692,1418.012983632692,-1401.6704520026237,9041.750226532324,155829.01110997383,0.05484144158270636,424,440,581716.8601799818,-0.999978144675877,1.010100145927779,0.002185532412293852,20100.77868871692,122.67048292464139,0
univ3-conc-c100,489,10000,199.57077182189576,-984.5633525634838,984.5633525634838,-784.9925807415881,46456.56026776988,148045.4376749147,0.2388487561010021,1697,2039,1029913.1587833124,-0.9999779461026956,1.0100994176222358,0.002205389730437566,20100.77680483863,119.25194359041714,0
univ3-conc-c100,490,10000,201.20465701844668,-1956.1379284264767,1956.1379284264767,-1754.9332714080301,64795.88053538986,62241.123985885984,0.5100551668355656,3354,3764,2011664.2040425565,1.0092673834395907,1.0101001683282738,200.92673834395907,8.162504238588934,97.31936629640732,0
univ3-conc-c100,491,10000,133.7989744873521,-334.7020678908821,334.7020678908821,-200.90309340353002,24002.236972486546,253685.56557236068,0.08643605067460652,938,686,303897.9192815927,1.0100999108836755,1.0101001435389092,201.00999108836754,0.002553940010594502,79.77451593859573,0
univ3-conc-c100,492,10000,88.8483523013711,-862.6749988126411,862.6749988126411,-773.82664651127,15418.041147394295,104807.01311981597,0.12824316230397706,752,1042,697552.8780109604,-0.9999781351324518,1.0101001505759453,0.002186486754819044,20100.778637247186,121.66367939265241,0
univ3-conc-c100,493,10000,12.466525119108766,-2279.483479431063,2279.483479431063,-2267.0169543119546,6979.795647658082,167372.41726118067,0.04003273334596284,410,353,637160.5351000817,1.010100111305443,1.010100111305443,201.0100111305443,0.0005490271632595523,40.56523644849904,0
univ3-conc-c100,494,10000,3.030618347179322,-939.9313800375718,939.9313800375718,-936.9007616903924,2775.0485316260474,95707.82079295086,0.02817798212682172,238,270,375757.6760279045,1.0100988018996586,1.0100999279371115,201.00988018996586,0.013368322995397364,62.51250639959682,0
univ3-conc-c100,495,10000,117.16988722743173,-514.0040189208062,514.0040189208062,-396.83413169337445,6004.457480701791,147427.89129509145,0.03913423426422254,270,302,253422.89582409887,1.0100835094748066,1.0101000619693599,201.00835094748066,0.16325240635835314,93.3622555485158,0
univ3-conc-c100,496,10000,1.30946353853296,-351.1969868943755,351.1969868943755,-349.8875233558426,1176.7252097675407,149013.5822369283,0.007834894473367883,76,104,146793.74380716303,1.0100961475051253,1.0100993542588415,201.00961475051253,0.03936823010126034,63.81967609577817,0
univ3-conc-c100,497,10000,35.469168433850264,-3784.1768057613904,3784.1768057613904,-3748.70763732754,22944.137602462404,119679.6769151572,0.1608717147277526,1290,1366,1684200.8014652424,-0.9999780310047798,1.0101001444882067,0.002196899522015394,20100.77762050667,142.06103934942544,0
univ3-conc-c100,498,10000,61.59914872321632,-1174.940559901073,1174.940559901073,-1113.3414111778566,69054.55150129116,63250.07964537289,0.5219360116331976,5744,4241,1774780.9176018971,1.010099938578253,1.0101001668022576,201.0099938578253,0.0026881680899227545,95.30359048196318,0
univ3-conc-c100,499,10000,27.086647313438796,-304.63112783356377,304.63112783356377,-277.544480520125,15346.505498544899,70865.89759878203,0.17800809335078988,1122,1227,464114.13183793897,1.0100966389403145,1.0101001540919383,201.00966389403146,0.03465767654075075,87.47165406845828,0
univ3-conc-c100,500,10000,103.50658531780127,-466.3582227809429,466.3582227809429,-362.8516374631416,23711.098506222766,177688.62802551454,0.11773153278083665,719,725,377544.2968688498,-0.9999780621803618,1.0101001632850373,0.0021937819638209307,20100.77787478862,108.87813137566569,0
univ3-conc-c100,501,10000,125.8399887996293,-2877.455670810899,2877.455670810899,-2751.6156820112697,51617.24010368029,102092.46725573506,0.3358098911930465,1875,2658,2094332.3930007867,0.06163089448043351,1.0101001559624045,106.16308944804335,9384.07085646343,99.87699805983084,0
univ3-conc-c100,502,10000,11.12601077144473,-762.793896795205,762.793896795205,-751.6678860237603,5073.617552852592,184404.3070190543,0.026776826716439748,213,196,277430.3768894176,1.0100994481939156,1.0101001526870885,201.00994481939156,0.007028932340904223,75.81893143355069,0
univ3-conc-c100,503,10000,77.34594051965573,-5436.293772059595,5436.293772059595,-5358.947831539939,40104.00525207568,84399.17187171767,0.3221123041077122,2770,2898,3009381.8206411214,1.0100879830805096,1.0101001719454652,201.00879830805096,0.11966120403491232,97.94582952960913,0
univ3-conc-c100,504,10000,65.81435175911315,-7286.464875422393,7286.464875422393,-7220.650523663279,50610.33953570181,263832.2527246265,0.16095255789585053,1831,1531,2478676.805333127,1.0100921128656617,1.0100999791378888,201.00921128656617,0.07906666410821828,67.85407064680061,0
univ3-conc-c100,505,10000,6.9436214464881365,-11446.004768439901,11446.004768439901,-11439.061146993414,12790.155841990281,46098.34345459914,0.21719276250483488,1048,2149,3753302.825811733,1.0100979480561048,1.0101001669047698,201.00979480561048,0.021869799385860325,80.97984172022159,0
univ3-conc-c100,506,10000,6.187404659099397,-1936.5480743607866,1936.5480743607866,-1930.3606697016871,5596.609385817084,142177.98603817265,0.03787260841255892,396,370,637722.423457277,-0.999978173877322,1.0100996269136429,0.002182612267800655,20100.778980305797,125.3239000523486,0
univ3-conc-c100,507,10000,43.4180320144819,-9123.152890606212,9123.152890606212,-9079.73485859173,28458.421939608375,70900.6703386533,0.2864199066946857,1624,2440,3555218.6407868946,-0.9999780242565041,1.0101001637483362,0.0021975743495876443,20100.77762242668,116.76323549341127,0
univ3-conc-c100,508,10000,340.01107666091224,-596.8303291804422,596.8303291804422,-256.8192525195299,67896.3996120682,140971.8978337005,0.3250679995114963,3172,2199,577374.7017727938,1.0100926904751126,1.0101001815023543,201.00926904751125,0.07350451049051543,95.07703668238047,0
univ3-conc-c100,509,10000,27.473590910284443,-1174.8812189600164,1174.8812189600164,-1147.407628049732,30686.15256378127,234335.4381685417,0.11578736841397534,1292,1068,858945.3354625304,1.010096086708377,1.0101001269429661,201.0096086708377,0.040068985714334815,93.67146644680534,0
univ3-conc-c100,510,10000,74.34865004705688,-4099.997948347889,4099.997948347889,-4025.6492983008325,43132.10938338439,149057.02713705262,0.2244253247831092,1762,2007,2173883.439772785,1.0101001340129314,1.0101001631309112,201.01001340129315,0.0004743326699166578,87.51734843932982,0
univ3-conc-c100,511,10000,177.88481745165458,-256.1544503723988,256.1544503723988,-78.26963292074421,36354.967756743914,186142.66437844417,0.16339485237602383,1729,983,214610.71829229526,-0.9999780726249498,0.9999781719275728,0.002192737505020695,20100.778044958046,103.86260754960776,0
univ3-conc-c100,512,10000,49.940784431573164,-5039.052270091896,5039.052270091896,-4989.1114856603235,34085.78993001529,118150.6913509349,0.2239002743837101,2627,2147,2463272.3637621924,1.0100974218909355,1.0100999446863401,201.00974218909354,0.027101759595915098,90.71353089466925,0
univ3-conc-c100,513,10000,12.332695803073655,-1381.5647370354443,1381.5647370354443,-1369.2320412323706,8224.913676398519,259956.45163408518,0.03066922143108722,289,239,403737.22330056515,1.01010003035043,1.0101001386534048,201.01000303504298,0.0013286685356856398,46.23435740383001,0
univ3-conc-c100,514,10000,45.4993663643379,-5899.328357212371,5899.328357212371,-5853.828990848033,12450.487800556639,138831.75373963523,0.08229973111053394,768,734,1503187.5006401774,-0.9999780848239194,1.010100149497064,0.0021915176080668157,20100.77811051173,201.20910727615166,0
univ3-conc-c100,515,10000,79.98136365065535,-257.1612254861021,257.1612254861021,-177.1798618354468,23376.284238288223,125758.55923545182,0.1567459601914181,1295,1097,370120.61720244546,1.0100998396032048,1.0101001561892107,201.00998396032048,0.0032910366334007457,85.3506831389895,0
univ3-conc-c100,516,10000,49.79077614826891,-803.7934160976399,803.7934160976399,-754.002639949371,2838.775274321815,151169.10709379602,0.01843266221618724,100,110,196243.36360917403,1.0100936381975456,1.0100996478357365,201.00936381975455,0.06396295594393564,36.74187400178701,0
univ3-conc-c100,517,10000,4.464390900483905,-676.178317009238,676.178317009238,-671.7139261087541,2556.3048450689107,239764.17392657834,0.01054927283912255,98,85,165663.64020162012,1.0101001453468499,1.0101001550422146,201.01001453468498,0.00018494091946984204,33.76847659356618,0
univ3-conc-c100,518,10000,6.352842373333164,-179.6926691045337,179.6926691045337,-173.33982673120053,2647.4035784700536,115319.9491734235,0.02244183256394688,54,113,114898.39706666593,1.0100948067348483,1.0100991943231452,201.00948067348483,0.052508557547184864,72.43327741346008,0
univ3-conc-c100,519,10000,507.6768176027867,-678.4352899997825,678.4352899997825,-170.75847239699584,100316.71152808469,213793.65474704164,0.3193677200714166,3649,2119,537132.1641424941,-0.9999712227521147,0.9999781569233428,0.0028777247885394264,20100.70830117368,105.0759677992,0
univ3-conc-c100,520,10000,25.917867412045755,-3283.90588940111,3283.90588940111,-3257.9880219890642,9038.058980724449,208627.1107473548,0.041522761735446,457,434,856609.230027518,-0.9999781762890295,1.0101001261787714,0.002182371097042526,20100.779010621372,138.28744481730243,0
univ3-conc-c100,521,10000,6.313652105407305,-7154.988453800383,7154.988453800383,-7148.674801694975,6365.626338786996,57780.373310641226,0.09923652875590874,520,858,1789227.2047427208,-0.9999780778977345,1.010100164665339,0.0021922102265490196,20100.778034247418,111.02052442371586,0
univ3-conc-c100,522,10000,70.55696908068042,-759.8207437548541,759.8207437548541,-689.2637746741736,41245.009626473744,64366.734173286466,0.3905343112663138,2614,2940,1189997.374565896,1.0100903259040772,1.0101000626110272,201.0090325904077,0.09668337717890196,94.86528978636358,0
univ3-conc-c100,523,10000,34.52264295733336,-3399.534109248713,3399.534109248713,-3365.0114662913793,31629.83058862205,75137.05037216852,0.2962513309744236,2345,2657,2359978.579435631,-0.999978125350863,1.0101001468395723,0.0021874649137039884,20100.778698580518,112.16467383836296,0
univ3-conc-c100,524,10000,3.790686078528878,-1050.320042321632,1050.320042321632,-1046.5293562431032,5476.151842284603,108811.04749139505,0.04791570599517543,176,278,419243.78493247216,1.0100996145442878,1.0101000563783273,201.00996145442878,0.005401637256738742,60.93384366556086,0
univ3-conc-c100,525,10000,40.267074427494215,-3528.965377482042,3528.965377482042,-3488.698303054548,4936.58767404552,107230.28885978888,0.04401110048345182,265,409,862828.2512375644,-0.999977989933245,1.0100996573916428,0.0022010066754959076,20100.77709875944,103.88130537616819,0
univ3-conc-c100,526,10000,30.989180932797726,-4758.965701196113,4758.965701196113,-4727.976520263315,22516.67869070824,115891.14663316296,0.16268356675657406,1897,1527,2040099.8733188256,-0.9999776946223914,1.010100073534693,0.00223053776087014,20100.77422727524,104.74560557098565,0
univ3-conc-c100,527,10000,39.148653777748606,-3050.0210352894296,3050.0210352894296,-3010.872381511681,23692.75426436445,78044.19234989915,0.2328824979797723,1529,1918,1886606.7815637062,1.0101000182245008,1.0101001528094562,201.01000182245008,0.0015905268213301516,81.35558103079696,0
univ3-conc-c100,528,10000,46.640682337086545,-6486.481889431464,6486.481889431464,-6439.841207094378,28740.050160407343,128830.36058854384,0.18239496885108322,1783,1677,2485990.378933186,1.0100927498866417,1.0101001535276826,201.00927498866417,0.07282862914034638,89.07469559322297,0
univ3-conc-c100,529,10000,59.445640465635776,-1587.2706671221122,1587.2706671221122,-1527.8250266564764,54995.0438238178,21780.043878599074,0.7163136568072792,2914,5404,2395772.362492326,-0.1413850175091585,1.0101000885130729,85.86149824908415,11415.852221306552,100.28336618752037,0
univ3-conc-c100,530,10000,76.59763445307489,-6409.330664950702,6409.330664950702,-6332.733030497628,15191.01519349961,135134.487461855,0.10105414533904772,515,866,1777983.7018451379,-0.8381182634931374,1.010100082079845,16.188173650686245,18452.014704912115,101.69769729782128,0
univ3-conc-c100,531,10000,231.2875130073787,-2590.394489277814,2590.394489277814,-2359.1069762704356,102997.51746863371,130304.78167164308,0.4414766500295172,4684,3692,2268017.2090989365,-0.9999780606218532,1.0101001700429435,0.002193937814684302,20100.77821134855,110.13111417837389,0
univ3-conc-c100,532,10000,21.65815035912508,-5468.947632831605,5468.947632831605,-5447.28948247248,16886.668202689776,154275.05600661473,0.09865913819634099,979,934,1647525.072895967,-0.9999780620281584,1.0101001589885032,0.0021937971841627106,20100.777896645326,124.74795167451322,0
univ3-conc-c100,533,10000,2.488527694885179,-2109.923413361106,2109.923413361106,-2107.434885666221,2461.9060609395456,108298.14426560274,0.022227383011125087,213,267,544226.5426868785,-0.9999780525825875,1.0101000946969603,0.002194741741251391,20100.77772628907,142.7729189741036,0
univ3-conc-c100,534,10000,7.123110325190473,-5575.459390699401,5575.459390699401,-5568.336280374211,5851.745406781246,130979.07666619265,0.04276628115016677,382,540,1264050.7445229127,1.0100905737307746,1.0101000747856028,201.00905737307747,0.09403496348613061,33.98897758375087,0
univ3-conc-c100,535,10000,5.104838590356573,-1747.671939441281,1747.671939441281,-1742.5671008509244,1922.111544903461,88087.67631586225,0.02135447255888144,114,177,396203.1980211145,1.0100987812394249,1.0101000373502012,201.00987812394249,0.013560108630230161,17.266303552170353,0
univ3-conc-c100,536,10000,189.05564689171928,-477.19203659147166,477.19203659147166,-288.1363896997524,17419.07889810836,118312.49848448049,0.1283347562447382,1161,1012,432520.63037735055,1.0100999702803939,1.0101001592358667,201.00999702803938,0.0019970573289128934,85.9329445092417,0
univ3-conc-c100,537,10000,36.53657103712304,-133.15990829624454,133.15990829624454,-96.6233372591215,5632.183326167183,123155.38153767266,0.043732353602009534,298,266,116334.53456458366,1.010098639683746,1.010100146067567,201.0098639683746,0.014960364670413409,86.57890930611123,0
univ3-conc-c100,538,10000,25.24114033313255,-12615.027915335839,12615.027915335839,-12589.786775002705,13717.564805224407,88896.16223249916,0.13368157654171806,569,1390,3032285.7631065976,1.0100964366084324,1.0101001615645777,201.00964366084324,0.0366208399746597,64.3198757310599,0
univ3-conc-c100,539,10000,28.275735480286308,-4316.848678587537,4316.848678587537,-4288.5729431072505,21844.373673068294,90646.96762151645,0.19418715628844466,1051,1796,2174502.917578163,-0.9999780358672963,1.0101001353932033,0.002196413270364581,20100.777680068484,106.7799829552167,0
univ3-conc-c100,540,10000,133.70712676605828,-4007.103355331215,4007.103355331215,-3873.396228565157,65641.82746306827,171712.17527040513,0.27655664832742666,2837,2498,2292620.119823461,1.010098880807492,1.0101001237570133,201.0098880807492,0.012831597999534428,90.5869240700577,0
univ3-conc-c100,541,10000,9.801837476905206,-4032.915671893852,4032.915671893852,-4023.1138344169467,6099.958130157173,97895.38341315808,0.05865607093195103,272,571,1105772.0795597318,1.0100999046342665,1.0100999621980924,201.00999046342665,0.002577442078367187,42.0996734967568,0
univ3-conc-c100,542,10000,46.21549804905207,-1133.2997864045783,1133.2997864045783,-1087.0842883555263,33257.46485189785,141245.59063846077,0.1905838540101399,2050,1724,1092564.3366401722,0.4380566689851477,1.0101001240178715,143.80566689851477,5638.53759078309,99.12963906929552,0
univ3-conc-c100,543,10000,81.17071943226044,-4364.11452888629,4364.11452888629,-4282.943809454029,25667.653588956273,57270.963903714604,0.3094777121311972,1360,2447,2496724.3511524587,1.0100948377535202,1.0101000243321199,201.009483775352,0.052387370364894825,82.93519514019627,0
univ3-conc-c100,544,10000,61.67832005931759,-7391.205774539915,7391.205774539915,-7329.527454480598,17989.643177080354,177047.0588386875,0.09223721992400165,713,861,1841931.0965719258,1.0100991300013689,1.0101001646499301,201.0099130001369,0.010205059017635465,83.85583403727492,0
univ3-conc-c100,545,10000,598.4766131512947,-951.8079998486022,951.8079998486022,-353.3313866973075,48801.29299776408,204751.76263089993,0.19246974908965414,1903,1255,486605.01769973116,1.010088426062808,1.0101001693425586,201.0088426062808,0.1151937552579767,93.23300619833327,0
univ3-conc-c100,546,10000,13.150390952887633,-1572.3244634967355,1572.3244634967355,-1559.1740725438478,3453.3445683972473,221266.99510655852,0.015367298631678374,185,148,320295.08011520887,-0.9999781327897648,1.010100116231249,0.002186721023525832,20100.77853887555,305.13540527244663,0
univ3-conc-c100,547,10000,56.051397867094245,-3653.345230055102,3653.345230055102,-3597.293832188008,48030.16164188069,81828.58623407407,0.36986466008251245,2987,3196,2660176.7395185377,0.9069481199145178,1.010100188858751,190.6948119914518,1012.0285813295415,98.21059136074548,0
univ3-conc-c100,548,10000,17.76863420530514,-1733.2545304683995,1733.2545304683995,-1715.4858962630944,10368.28540818294,100098.39394468635,0.09385893980811175,496,827,891121.1497495087,-0.9999780045279306,1.010100126839395,0.0021995472069372764,20100.777279065933,159.14265862726558,0
univ3-conc-c100,549,10000,40.55244214895865,-1046.2351833191708,1046.2351833191708,-1005.6827411702121,12700.763179054853,59308.44615422921,0.17637692868243052,955,1427,954060.0795354722,-0.8931558690546231,1.0101000922589716,10.684413094537689,19012.043727034365,101.7972663837582,0
univ3-conc-c100,550,10000,5.927171879512357,-1097.1341533455047,1097.1341533455047,-1091.2069814659924,6565.56991194558,125526.67057720512,0.0497044329601241,302,472,561934.8030053994,-0.9999781781549282,1.010099287497345,0.0021821845071798135,20100.779024125528,130.97145669698696,0
univ3-conc-c100,551,10000,11.99912185801215,-1217.175264300487,1217.175264300487,-1205.1761424424749,2513.050661091252,159154.9023002485,0.01554451958510421,118,168,328106.68964126526,1.0100972288235466,1.0101001459409107,201.00972288235465,0.02877470951614569,68.6646416531645,0
univ3-conc-c100,552,10000,3.3580995941422054,-687.7169374944501,687.7169374944501,-684.3588379003079,2996.035299329638,84672.84993166623,0.0341744427505321,181,306,360751.9127070149,1.010099277962538,1.010100129604657,201.0099277962538,0.008701524934911789,55.18647110103805,0
univ3-conc-c100,553,10000,26.72271837590558,-2261.8048127376,2261.8048127376,-2235.0820943616945,26473.4193433225,155135.58527408063,0.1457715128117916,1426,1304,1292087.5985067836,-0.9754597251239059,1.0101001594906052,2.4540274876094084,19850.67882273681,101.98080623911477,0
univ3-conc-c100,554,10000,20.91046799240559,-965.4082223166345,965.4082223166345,-944.4977543242288,6282.425851799255,152219.15538164118,0.03963636074107378,270,329,424844.08554706146,1.0100968321075927,1.0100997840691652,201.00968321075928,0.032678200735990676,39.7306217339827,0
univ3-conc-c100,555,10000,206.76813906862964,-3821.32720249492,3821.32720249492,-3614.5590634262903,16134.296811651755,105751.27776395257,0.13237248844114707,763,1050,1438096.102903374,0.47948296084575276,1.0101001540112728,147.94829608457528,5228.049271247134,99.0478883338801,0
univ3-conc-c100,556,10000,11.379138324132281,-820.555179404853,820.555179404853,-809.1760410807207,2395.9078434007374,144436.595815714,0.016317285231089294,158,136,228482.22658771797,-0.9999781760643706,1.0101000711108978,0.00218239356294236,20100.77897801637,202.7625046711033,0
univ3-conc-c100,557,10000,31.71628683145377,-5093.016806659114,5093.016806659114,-5061.3005198276605,18582.546402840635,171328.89096074918,0.09784848485593799,1212,960,1581704.1911064184,-0.9999781061840607,1.0101001560869447,0.002189381593943221,20100.77836272774,106.7344285451224,0
univ3-conc-c100,558,10000,37.57414562240012,-215.51007774850922,215.51007774850922,-177.9359321261091,6311.115490756701,140302.64453963994,0.043045860698533694,411,362,197504.26542984677,-0.9999781477657633,0.9999781477657633,0.0021852234236618756,20100.778712370444,116.09850474915106,0
univ3-conc-c100,559,10000,15.897348634858469,-3519.909230347942,3519.909230347942,-3504.0118817130833,16570.301553140136,260297.56345465817,0.05984913255524766,635,515,1016310.324739036,1.0100997599890373,1.0100998777506314,201.00997599890374,0.004009601070956936,69.45967769035484,0
univ3-conc-c100,560,10000,67.79904287173393,-2048.6457920299117,2048.6457920299117,-1980.8467491581778,21726.49461443191,93708.6618667076,0.18821384469627947,926,1552,1384446.4026026188,1.0100994359636795,1.0100998804618748,201.00994359636795,0.0072488131347273055,85.91916807170469,0
univ3-conc-c100,561,10000,186.0623945176033,-1314.6958016394478,1314.6958016394478,-1128.6334071218446,15875.444242601247,93408.43017163682,0.1452679485211673,1037,1234,901756.8575170899,1.0100994716570937,1.010100174252387,201.00994716570938,0.006889537043334143,72.1248658647297,0
univ3-conc-c100,562,10000,10.341244607685907,-55.90403804951572,55.90403804951572,-45.56279344182981,147548.023308266,28.6272198496425,0.9998060179591609,7815,2391,349391.8032431701,0.17529715919707287,0.6088400982541716,117.52971591970729,8250.096179109294,99.63677897888302,0
univ3-conc-c100,563,10000,149.22332282003546,-428.6059063603675,428.6059063603675,-279.382583540332,138288.23320228767,42387.675172198644,0.7653938726333017,5990,4693,1014938.4415171404,1.0100987537733734,1.0101001894803352,201.00987537733735,0.014325675369974533,95.99120198730567,0
univ3-conc-c100,564,10000,34.60783255498373,-179.0105534555942,179.0105534555942,-144.40272090061046,237179.21413160433,6697.893478746482,0.9725357843367246,10305,4462,796216.9296021863,0.5269454461547016,1.0101001677610117,152.69454461547016,4758.165566848702,98.954955671467,0
univ3-conc-c100,565,10000,27.177385538896214,-4337.325935211619,4337.325935211619,-4310.148549672723,15369.078117646977,182902.57730804497,0.07751525594845797,620,764,1334364.9855121411,-0.9999781739977776,1.01009995726896,0.0021826002222393413,20100.779014579603,218.39122965706557,0
univ3-conc-c100,566,10000,104.0990165296878,-3604.640259449545,3604.640259449545,-3500.541242919857,31092.560016506628,114182.06501533966,0.21402609030786135,1429,1650,1788354.3441655692,-0.9999780166554346,1.010100150654269,0.0021983344565302924,20100.77749528825,109.61850464730547,0
univ3-conc-c100,567,10000,47.064331801868704,-2341.039352733639,2341.039352733639,-2293.9750209317704,17642.012742242925,202445.1769591033,0.08015919857117887,714,594,891233.1198958107,1.010099291595924,1.0101000780721652,201.0099291595924,0.008607841483668999,51.24606829775438,0
univ3-conc-c100,568,10000,44.075974543826405,-559.258638743381,559.258638743381,-515.1826641995546,19644.044697687354,104595.93900414712,0.15811370955127788,1511,1177,614402.5154935592,-0.9999780044068954,0.9999781649908017,0.0021995593104495777,20100.777348342865,112.53721362883763,0
univ3-conc-c100,569,10000,214.71422021282314,-534.8150623752322,534.8150623752322,-320.10084216240904,210852.35927960303,44164.730227746346,0.8268165858489513,7556,5160,1173939.3841666293,-0.999948708964032,0.999978144928874,0.005129103596805824,20100.47894372365,102.45326020043706,0
univ3-conc-c100,570,10000,16.735653090170825,-2166.5478863232,2166.5478863232,-2149.8122332330295,9271.311243536298,238069.2814602597,0.03748398571454547,365,345,580441.767698327,1.0100994536819534,1.010100104571534,201.00994536819533,0.006991734620939383,45.819512705477635,0
univ3-conc-c100,571,10000,163.00951855575968,-3058.9902865233325,3058.9902865233325,-2895.980767967573,34617.01370289875,254063.0326607694,0.11991481274493614,1310,1053,1332020.3003886607,1.0100988284312322,1.0101001104684344,201.00988284312322,0.013199043519240838,67.94677806911939,0
univ3-conc-c100,572,10000,5.57863273184058,-468.7205750987444,468.7205750987444,-463.14194236690383,4681.144468597389,84575.59621128751,0.05244583695237196,221,421,351016.67232158873,1.010096609069552,1.010099752864631,201.0096609069552,0.03486747756245734,61.81167045016577,0
univ3-conc-c100,573,10000,0.2808418073485444,-374.9011840236271,374.9011840236271,-374.6203422162785,629.1561562486015,189986.78502176516,0.003300648163843971,30,29,81780.88565801221,1.0100999754905127,1.0100999754905127,201.00999754905126,0.0018433173384551083,51.63776651458527,0
univ3-conc-c100,574,10000,3.2174302545868736,-221.1802878498945,221.1802878498945,-217.96285759530764,968.393022204343,172568.67827514955,0.00558032364476759,51,53,74975.23244919637,-0.9999781038996015,0.9999781861555478,0.0021896100398546506,20100.77823195956,167.5473347110451,0
univ3-conc-c100,575,10000,191.92086178515333,-1443.8516444247057,1443.8516444247057,-1251.9307826395523,47536.18576547234,202526.34199264747,0.19009719765551233,2239,1539,1006075.5393715354,1.010091039135145,1.010100173184214,201.0091039135145,0.08961009915163734,88.1459098851723,0
univ3-conc-c100,576,10000,82.00436463935847,-849.6329622872695,849.6329622872695,-767.628597647911,22238.848044210627,198668.39239653212,0.10067052578195636,1055,846,633542.4155827694,1.0100990804288028,1.010100155249959,201.00990804288028,0.010705080274834466,83.24196392931401,0
univ3-conc-c100,577,10000,33.249824703399035,-2605.985236959658,2605.985236959658,-2572.7354122562588,3354.9189189203857,66540.30472184216,0.04799925866413301,176,353,663073.1566907957,1.0100994290510352,1.0101001428840681,201.00994290510351,0.007223242694332832,44.438527779382895,0
univ3-conc-c100,578,10000,59.38463829676615,-9642.024240128643,9642.024240128643,-9582.639601831877,20076.93339612208,189154.73520708762,0.0959555192106043,1263,1021,2271393.9677935094,-0.9999779331596979,1.010100148851261,0.0022066840302098823,20100.776602130445,183.1108844988538,0
univ3-conc-c100,579,10000,6.666411693245035,-3161.217508612419,3161.217508612419,-3154.5510969191737,10808.665232164758,79597.95436325246,0.11955612631613823,709,1153,1477131.038173899,-0.9999781296221115,1.0101001086630275,0.002187037788840482,20100.77858604411,143.8945402773289,0
univ3-conc-c100,580,10000,49.4133220834701,-13498.509374550698,13498.509374550698,-13449.096052467228,32959.73034834282,134075.45120492874,0.19732208533464646,1905,1883,3784675.0776507463,-0.9999780695425932,1.0101001392841875,0.0021930457406824427,20100.778072006335,157.51798221163267,0
univ3-conc-c100,581,10000,2.486471257428211,-1680.832060764045,1680.832060764045,-1678.3455895066168,1517.1122589372944,98038.44593480992,0.0152388504113935,151,199,418219.8054225176,1.0100995311122523,1.0100997870193857,201.00995311122523,0.00621353556021631,27.90702266373063,0
univ3-conc-c100,582,10000,7.579436032648751,-2161.077499358571,2161.077499358571,-2153.4980633259224,10933.090231553584,122133.2720075873,0.08216268971045534,508,640,899081.7141425948,1.010098656059122,1.0101001579793965,201.0098656059122,0.014829378016806949,66.33948181015751,0
univ3-conc-c100,583,10000,69.82562002877413,-655.9732219124293,655.9732219124293,-586.1476018836552,4668.805478069946,74878.18580489879,0.05869242070340317,308,465,421926.9420408067,1.0100922098687155,1.0101001620042336,201.00922098687155,0.07798996563731464,62.790361907341946,0
univ3-conc-c100,584,10000,31.71358215753406,-112.27155663175343,112.27155663175343,-80.55797447421936,201718.12646080749,14536.483843490763,0.9327806985338437,11098,3377,526883.8272011844,-0.9999735341424748,0.999978098756163,0.0026465857525084235,20100.732330258543,102.45791525013938,0
univ3-conc-c100,585,10000,9.249449118513063,-3161.9383975664955,3161.9383975664955,-3152.6889484479825,9429.714683700568,57479.56027981764,0.14093284808185486,701,1199,1541815.0054108656,1.0100945557291139,1.0101000918154992,201.00945557291138,0.05505342815153824,62.998818361584135,0
univ3-conc-c100,586,10000,38.99019211128975,-6022.309145428533,6022.309145428533,-5983.3189533172435,11523.49878254263,154313.61953504445,0.06948684889998212,490,682,1430826.3106975104,-0.9999778570208216,1.010100004461979,0.002214297917833715,20100.775767377767,135.47173399506005,0
univ3-conc-c100,587,10000,85.19892328578952,-8562.675059353222,8562.675059353222,-8477.476136067433,22658.802277793886,92554.95722134339,0.19666750200928523,1043,1650,2781609.2954947245,1.0100999204891028,1.0101001510281724,201.00999204891028,0.0025138011628538237,79.6243781498357,0
univ3-conc-c100,588,10000,12.32585105888951,-2200.2118086589276,2200.2118086589276,-2187.885957600038,7184.110607141746,115258.37199717856,0.05867334975849517,411,519,768706.2257148762,-0.9999781546882303,1.0101001098653302,0.002184531176984433,20100.778793455596,142.9535982638559,0
univ3-conc-c100,589,10000,77.39575759479754,-1210.1300686082125,1210.1300686082125,-1132.734311013415,25045.046736113072,132899.4772480181,0.15856862969576185,1686,1219,896147.4156234078,-0.9999779631469913,1.0100995776472852,0.0022036853008759994,20100.776937777067,104.12931698699431,0
univ3-conc-c100,590,10000,167.65442177122407,-352.0905340003517,352.0905340003517,-184.43611222912762,62187.40875751714,142281.73052176356,0.3041408056820569,2921,1919,489395.8675378141,-0.9999619176439013,0.9999781666446522,0.003808235609870758,20100.613322649526,102.17605587213778,0
univ3-conc-c100,591,10000,91.38885794933978,-2200.0252260374336,2200.0252260374336,-2108.636368088094,10294.653611774294,169521.44498055548,0.05725101196369424,407,452,711752.3131513555,-0.9999781313284637,1.0101001590131724,0.0021868671536278425,20100.778553152166,170.94502230468575,0
univ3-conc-c100,592,10000,23.871856327010786,-394.349696487806,394.349696487806,-370.4778401607952,8791.78230429123,211951.1333748066,0.03982815157281047,396,346,266225.2756374895,1.0100999925455263,1.010100046603659,201.00999925455264,0.0017091193598357535,86.88299440932985,0
univ3-conc-c100,593,10000,17.3080425770999,-5904.485487230078,5904.485487230078,-5887.177444652979,13097.044696428136,74954.0691411869,0.1487436572418819,883,1544,2305597.1462694034,-0.9999780733793823,1.0100999113861677,0.002192662061779852,20100.77803725083,127.52394978198895,0
univ3-conc-c100,594,10000,1.7018254414915384,-2232.6475236623655,2232.6475236623655,-2230.945698220874,2662.7993039844787,134579.95305053736,0.01940211237607656,178,185,482003.7758772672,1.0100906924759858,1.010099493363973,201.00906924759857,0.0928419470189315,40.779985185185986,0
univ3-conc-c100,595,10000,85.21436078454103,-9464.10918207817,9464.10918207817,-9378.894821293628,30097.24969325825,105998.33711219065,0.22114787407678996,2225,2125,3410561.1324546332,-0.9999772666020147,1.0101001543728674,0.002273339798528,20100.76990581647,104.341102744763,0
univ3-conc-c100,596,10000,136.3223837396574,-1601.0031578754456,1601.0031578754456,-1464.6807741357882,21590.115241845637,113459.72042499373,0.15986776389056317,851,1159,980799.2266546775,1.010097997336206,1.0100999776292536,201.0097997336206,0.021326101784140405,87.41606387806199,0
univ3-conc-c100,597,10000,82.71935924667042,-4338.003759371963,4338.003759371963,-4255.284400125292,31687.716922184576,165754.12881456327,0.16049139332112142,1764,1463,1897167.534480194,1.0100995083603705,1.0100999253794425,201.00995083603706,0.006578227781641743,95.73666565786881,0
univ3-conc-c100,598,10000,155.86453797054247,-4454.633606676813,4454.633606676813,-4298.76906870627,43840.63125333674,247433.31586381458,0.1505133970519646,1690,1386,1773641.9777125048,1.0101001196666792,1.010100155361161,201.01001196666792,0.000580183491501074,92.16854290901698,0
univ3-conc-c100,599,10000,669.7381107850359,-1114.9165148900315,1114.9165148900315,-445.1784041049956,16169.350712104679,293260.1539643089,0.05225536177945863,529,436,317294.6827480061,1.0101001540063013,1.0101001540063013,201.01001540063012,0.00013814485699389922,85.52272691216025,0
univ3-conc-c100,600,10000,1.3237825516471733,-1233.4472543438467,1233.4472543438467,-1232.1234717921996,4304.839986710474,92527.48609022274,0.044456641300656984,212,408,561677.620873996,1.010099264592962,1.010100133542049,201.0099264592962,0.008838228482577648,53.75655396086622,0
univ3-conc-c100,601,10000,46.29336470731439,-778.8315430073235,778.8315430073235,-732.5381783000091,8555.982856414572,98190.2415284349,0.08015255720490781,330,543,486640.70733955794,-0.999978132147745,1.010099997594829,0.0021867852255085408,20100.778558710263,110.0934412303796,0
univ3-conc-c100,602,10000,18.937050843053097,-182.38049043829875,182.38049043829875,-163.44343959524565,3355.785093482997,138482.46800794205,0.0236592387462877,131,143,116072.52199625647,-0.9999780903157397,0.9999781170109255,0.0021909684260370908,20100.778102313416,126.13494630676568,0
univ3-conc-c100,603,10000,55.43370300613371,-2641.9289376356855,2641.9289376356855,-2586.4952346295518,96754.5928202841,61597.35526841307,0.6110098043510602,5668,5240,2991096.1027287035,0.26974894939262883,1.010100146777208,126.97489493926288,7309.767317654505,99.4759488368599,0
univ3-conc-c100,604,10000,22.455218979235177,-1422.478147932223,1422.478147932223,-1400.0229289529877,8279.569175838024,267134.2788772667,0.03006228348489425,358,289,462386.88684792956,1.0100973460520672,1.0101001253876387,201.00973460520672,0.027644910262740297,40.19395435154546,0
univ3-conc-c100,605,10000,70.33304628410663,-428.57658960057915,428.57658960057915,-358.24354331647254,59876.67384582529,17769.588614628818,0.7711468903776403,3761,4856,1153707.8675517084,-0.9999765724733328,1.0101001635336109,0.002342752666714909,20100.763028696827,102.41020392610012,0
univ3-conc-c100,606,10000,1.8944541615600794,-1071.5787963826654,1071.5787963826654,-1069.6843422211052,1705.7590167686444,66002.66552722061,0.025192714617963612,128,254,401790.4014398308,-0.9999781840706664,1.0100997191340164,0.0021815929333526794,20100.77906463253,127.25552115746517,0
univ3-conc-c100,607,10000,118.07459774634816,-2020.7828076068486,2020.7828076068486,-1902.7082098605003,8514.1163706883,169972.5024071065,0.04770170687858604,329,414,641404.9026884425,-0.9999781094726269,1.0101001290993152,0.0021890527373126783,20100.778320390236,122.22203561688673,0
univ3-conc-c100,608,10000,86.37418711909957,-340.3540358596067,340.3540358596067,-253.97984874050712,27576.500291167227,150150.86375318558,0.15516181449855615,1716,1092,387047.21252540767,-0.9999779672542339,0.999978164491979,0.0022032745766052326,20100.77697698242,105.19220550071998,0
univ3-conc-c100,609,10000,3.9403288195965747,-5075.602453072887,5075.602453072887,-5071.662124253291,7368.390242587324,127968.7212738923,0.05444471335336645,597,548,1225137.6148826708,-0.12310717870136927,1.010099766075065,87.68928212986307,11232.5891238662,100.24624707468026,0
univ3-conc-c100,610,10000,10.185050787121932,-4027.4452920521103,4027.4452920521103,-4017.2602412649885,8456.133906839808,159951.19763628946,0.05021238582284753,581,451,952242.1382538164,-0.999978141919064,1.0101000543816925,0.0021858080936032484,20100.77866837701,122.47292879266541,0
univ3-conc-c100,611,10000,91.15739062475146,-4560.60821004504,4560.60821004504,-4469.450819420289,22994.719842282546,256189.56792295148,0.0823639468622919,914,709,1227532.9927142775,1.0100979959347296,1.0101001328147299,201.00979959347296,0.02132211292121866,47.75684995178802,0
univ3-conc-c100,612,10000,108.50136284174386,-643.771649379404,643.771649379404,-535.2702865376602,6205.573446284025,175986.5442140844,0.03406060331244451,361,251,254673.22801869048,1.0100999642603574,1.0100999642603574,201.00999642603574,0.001980790565805801,54.572305331533386,0
univ3-conc-c100,613,10000,19.050722031482927,-396.4735508866971,396.4735508866971,-377.4228288552142,5370.873072097424,172690.55444727011,0.03016303500943931,228,221,209538.3897218476,1.0100986406027905,1.010100155147563,201.00986406027906,0.014946040339943067,65.467761243177,0
univ3-conc-c100,614,10000,311.91106967811925,-3110.379940040591,3110.379940040591,-2798.4688703624715,22256.11794872359,202994.76065439318,0.0988059096006369,916,763,992608.3182462654,-0.999977804212608,1.0101001141211807,0.002219578739204207,20100.775256069934,118.1689678595904,0
univ3-conc-c100,615,10000,4.631075113234617,-1038.2315049832619,1038.2315049832619,-1033.6004298700273,2796.9801390009293,60144.3520866872,0.044437892241807414,209,384,495015.52718514623,1.0100994010847475,1.0101001428342704,201.00994010847475,0.00749906575078052,51.05806734201403,0
univ3-conc-c100,616,10000,25.057658350537682,-356.0625035148072,356.0625035148072,-331.0048451642695,35693.52641403318,20580.468884774386,0.6342810071420238,2794,4203,1051506.911550777,-0.9999780605616029,0.9999781758479709,0.002193943839712697,20100.778128102324,107.76120335627509,0
univ3-conc-c100,617,10000,26.07934523379945,-8375.789101067961,8375.789101067961,-8349.709755834161,20582.189596416632,212399.1979383845,0.08834263463789445,956,874,1984600.5397344106,-0.9999728750774252,1.0101001053043799,0.0027124922574920385,20100.724971699405,104.6636433113879,0
univ3-conc-c100,618,10000,87.49548242057489,-1252.8094161866036,1252.8094161866036,-1165.3139337660286,39878.627539967936,263509.03708925523,0.13144445931479942,1534,1160,870475.3008986888,1.0100992921030618,1.0101001397839064,201.00992921030618,0.008671751132937444,81.63107379049231,0
univ3-conc-c100,619,10000,94.49809932773181,-176.9480948298609,176.9480948298609,-82.4499955021291,18918.393993228874,151329.51560877368,0.11112262134351836,1092,682,180621.93937172173,1.0100984531277857,1.010100167310864,201.00984531277857,0.01684561199510881,96.09177552407807,0
univ3-conc-c100,620,10000,132.60615003719784,-9345.058167202144,9345.058167202144,-9212.452017164946,37912.37687318159,174992.1732426287,0.1780721776615812,1398,1584,2802216.1379109155,1.0100918676402224,1.0101001671714365,201.00918676402225,0.08145325484063193,77.39078559825987,0
univ3-conc-c100,621,10000,13.729789715753279,-1168.9906543970558,1168.9906543970558,-1155.2608646813026,3304.987721639932,105933.20776133054,0.030254872913523714,144,283,413870.052095161,-0.9999779864716575,1.0100984128863917,0.002201352834251667,20100.777050793044,122.78787575107806,0
univ3-conc-c100,622,10000,5.526924136313465,-1023.7290412423172,1023.7290412423172,-1018.2021171060037,8653.071438161467,49487.18435998148,0.14883098327265795,774,1289,921495.2755210923,1.0100974567222047,1.0101001564672503,201.00974567222048,0.026630697616340626,92.90810835553661,0
univ3-conc-c100,623,10000,11.542863626911942,-2824.1619386290504,2824.1619386290504,-2812.6190750021383,7851.960696901834,129217.17578988172,0.05728467325435391,537,568,961899.5468883307,1.0100997832515675,1.010100109061477,201.00997832515674,0.0037769312182165393,86.01573014315113,0
univ3-conc-c100,624,10000,20.049182569658196,-2804.310034746977,2804.310034746977,-2784.260852177319,5941.612438057592,167044.99447784742,0.03434723961575836,336,338,706961.1132186222,1.0100998614610166,1.0101001068775128,201.00998614610165,0.0029908952322079685,33.270632516992315,0
univ3-conc-c100,625,10000,169.72706609534953,-1858.330701784544,1858.330701784544,-1688.6036356891946,52099.72459518774,98579.29509346905,0.34576628320810504,2063,2644,1676964.612414572,-0.9999769983404668,1.0101001709788722,0.0023001659533149477,20100.767189187325,104.8000712852069,0
univ3-conc-c100,626,10000,40.23369695000291,-295.39076138690314,295.39076138690314,-255.1570644369002,14491.66896514189,53552.20062412301,0.21297537974571926,974,1382,484816.27188406774,1.0100911814325095,1.010100171196527,201.00911814325096,0.08814446500961992,90.71281131164903,0
univ3-conc-c100,627,10000,20.037900033535955,-327.33098398577744,327.33098398577744,-307.2930839522415,1641.666646045705,56109.327135635336,0.028426638894765675,45,87,116636.2055521659,1.010097898874277,1.0100998825074625,201.0097898874277,0.022200172142788716,69.20764041483396,0
univ3-conc-c100,628,10000,155.45924055768498,-8989.445330958662,8989.445330958662,-8833.986090400978,93383.02261433743,149408.20165078927,0.38462272636495165,3505,3578,4323980.959707598,-0.9999781312879681,1.010100174954829,0.0021868712031928206,20100.778867218283,119.61462933631582,0
univ3-conc-c100,629,10000,9.607161766873697,-476.8708029190486,476.8708029190486,-467.2636411521749,3607.3322904565985,54375.32556324066,0.062213986457100245,249,437,349054.8438956527,-0.9999781262995391,1.0101000564154003,0.0021873700460905694,20100.778489924334,144.8054846259827,0
univ3-conc-c100,630,10000,0.8212794753485747,-200.3954514492792,200.3954514492792,-199.57417197393062,1969.5939345702477,95328.81672601413,0.02024281713543067,87,191,154671.92541374787,-0.9999779768857918,0.999978097550989,0.002202311420820018,20100.776944740286,135.3348578819516,0
univ3-conc-c100,631,10000,94.18648874503135,-2000.1401417839575,2000.1401417839575,-1905.9536530389262,6255.701013314836,193821.49495168292,0.031266436852749734,291,271,479761.8534661203,-0.9999780867164447,1.0100995000372939,0.0021913283555259097,20100.77807985906,177.22367047747647,0
univ3-conc-c100,632,10000,149.31529812952772,-1508.542376979383,1508.542376979383,-1359.2270788498554,25284.862340643063,249311.96235144022,0.09207995164909871,955,758,735334.3468586162,1.010100056337783,1.0101001475202045,201.01000563377832,0.0011321047548636526,87.79391393212764,0
univ3-conc-c100,633,10000,449.15051865268276,-1454.851080439039,1454.851080439039,-1005.7005617863562,143131.3347484362,81418.12023888448,0.6374156408285123,5452,4644,1742444.028199893,1.010099101562329,1.010100177378157,201.0099101562329,0.010904260988951364,97.13453000383612,0
univ3-conc-c100,634,10000,92.65930523318762,-879.3399386087596,879.3399386087596,-786.6806333755719,17266.738792181575,106958.09418130618,0.13899587046228243,538,908,632401.9037353129,-0.999978097049421,1.0101001465990356,0.0021902950578956033,20100.778231805973,119.34191686874206,0
univ3-conc-c100,635,10000,1.9976062103138448,-403.80227088760677,403.80227088760677,-401.8046646772929,1453.8035720660166,209373.38926882925,0.006895711850430779,68,71,104375.0056459916,1.0100999788874363,1.010100120081484,201.00999788874364,0.0018147500543010953,41.45820561370026,0
univ3-conc-c100,636,10000,10.158314159066078,-3005.019719703457,3005.019719703457,-2994.8614055443913,6841.116168031669,123542.93134717527,0.05246896609214234,554,570,936363.5828294208,1.010091871650157,1.0101000539554874,201.0091871650157,0.08132189931775713,72.4763268572966,0
univ3-conc-c100,637,10000,33.283685148056385,-4528.726101553849,4528.726101553849,-4495.442416405793,29185.125139075844,94237.11492242561,0.23646568985081506,1763,2014,2360625.613995895,-0.9999781230821797,1.0101001207572764,0.0021876917820269877,20100.778614930452,129.0679058391502,0
univ3-conc-c100,638,10000,6.661612980655482,-204.37148400507908,204.37148400507908,-197.7098710244236,96830.0711808453,2575.331131806132,0.9740926441431608,7456,4974,934534.5066847872,0.39098509454114805,1.0100994395233054,139.0985094541148,6105.375785304206,99.23445976650498,0
univ3-conc-c100,639,10000,28.665233822389087,-1980.3581629202426,1980.3581629202426,-1951.6929290978535,7476.185153799993,139684.12144266913,0.050803000664442564,352,511,746749.4729045412,-0.9999781548511928,1.0100996486346776,0.002184514880723018,20100.77879050344,150.36570794272964,0
univ3-conc-c100,640,10000,5.757902281533827,-45.39074902514355,45.39074902514355,-39.63284674360972,94376.53098264623,40.94884696339214,0.9995663001486876,6459,2145,300658.07460237545,-0.0871919024301431,0.4812051722121353,91.28080975698569,10872.680288148667,100.16493752469623,0
univ3-conc-c100,641,10000,64.95640225156089,-2949.487838245497,2949.487838245497,-2884.531435993936,7846.113063174887,110511.99730697024,0.06629130051702825,286,467,826988.8675190035,1.010093934185092,1.0101001239150478,201.0093934185092,0.06108735149706801,59.86077133900214,0
univ3-conc-c100,642,10000,185.0013901405747,-1422.4018775723894,1422.4018775723894,-1237.4004874318148,47237.321979617176,142929.26924290962,0.24839968827301315,2449,1835,1077826.372989666,1.0100999851957055,1.0101001666978322,201.00999851957056,0.0019574588624315936,87.8002578843329,0
univ3-conc-c100,643,10000,18.041490267097757,-2833.0947334828434,2833.0947334828434,-2815.0532432157456,15063.64834257864,172446.7157299975,0.08033501730468741,892,720,1096136.1766594618,-0.9999781570357158,1.0100997542729067,0.002184296428424108,20100.77885111191,176.0255444871919,0
univ3-conc-c100,644,10000,69.98230280954013,-2616.8847358321877,2616.8847358321877,-2546.9024330226475,4334.640306131548,104072.43442742513,0.03998484708479814,263,307,625200.1985855357,1.0100995552081473,1.010100074197849,201.00995552081474,0.005988187057044292,43.50502343556149,0
univ3-conc-c100,645,10000,55.196485730885094,-207.44048972288365,207.44048972288365,-152.24400399199857,10152.192931249461,135355.09097732962,0.06977102904091037,423,462,206857.6847476047,-0.9999772398344124,1.0100990331023942,0.0022760165587554226,20100.769454220987,112.08563231943062,0
univ3-conc-c100,646,10000,40.71237252267039,-941.1049159951729,941.1049159951729,-900.3925434725024,46851.698612364584,66753.42173920205,0.41240833571035856,2367,3223,1404197.4336004073,0.061968772071863756,1.0101001585340326,106.19687720718638,9380.69629827171,99.87357187932876,0
univ3-conc-c100,647,10000,69.14364713732755,-6797.452745664306,6797.452745664306,-6728.309098526979,18745.781157261972,197443.84775289282,0.08670990024712259,888,855,1642229.9879471695,-0.999978030845645,1.0101001145760724,0.0021969154355092496,20100.777567565598,207.24050857232703,0
univ3-conc-c100,648,10000,61.99694267528488,-4101.82209867741,4101.82209867741,-4039.8251560021254,59434.8236381149,123228.8359742164,0.32537847847926593,3561,2842,2645715.988253217,-0.9999781142253004,1.0101001366455318,0.0021885774699680833,20100.778659300606,116.09301442264407,0
univ3-conc-c100,649,10000,82.23256532055153,-2273.018713164481,2273.018713164481,-2190.7861478439295,13279.469212720414,129849.48301978386,0.09277975563706164,546,769,954427.3270045968,-0.9999780420729206,1.010100141876669,0.0021957927079416166,20100.777662555076,131.9835907771027,0
univ3-conc-c100,650,10000,0.021826726151035147,-498.8726886587552,498.8726886587552,-498.8508619326041,508.99489764860095,121298.29416731514,0.004178689974596985,41,53,128911.47855942773,1.0100994864437067,1.0100996302295338,201.00994864437067,0.006638872045658495,65.57003906431606,0
univ3-conc-c100,651,10000,21.8030890673436,-1715.3694631638923,1715.3694631638923,-1693.5663740965488,3155.3606249451345,152715.59781505947,0.02024341581347013,120,175,387655.3847037826,1.0100965334994974,1.010100108810242,201.00965334994973,0.03559119926575971,69.76828640236748,0
univ3-conc-c100,652,10000,17.352647344116345,-1027.0740419121933,1027.0740419121933,-1009.7213945680769,6830.119061798332,122759.94810874009,0.0527055754420592,348,366,443575.99020365893,1.0100950738449583,1.0100999827874415,201.00950738449583,0.04991633632699788,67.28073571738732,0
univ3-conc-c100,653,10000,16.55770192725049,-5569.214924464628,5569.214924464628,-5552.6572225373775,9853.981784766445,51622.74336814521,0.1602880075387318,824,1515,2216456.9706272525,1.0100979707154525,1.010100065437577,201.00979707154525,0.02160230476602429,91.85372398830214,0
univ3-conc-c100,654,10000,19.310224196159506,-7036.13870233063,7036.13870233063,-7016.82847813447,20666.99915256081,83952.0643477112,0.197545250942789,1291,1841,2720580.795783367,-0.9994943104134443,1.0101001653894652,0.05056895865557545,20095.842255971547,103.18343145795929,0
univ3-conc-c100,655,10000,116.22866132203274,-977.0232961320676,977.0232961320676,-860.7946348100348,172140.7465911057,118597.95425839764,0.5920806073912116,6804,4552,1676052.653860638,-0.6490557309166075,1.0101001898816417,35.09442690833924,16532.956886208798,101.30606533075216,0
univ3-conc-c100,656,10000,31.51271113450985,-3585.117243248562,3585.117243248562,-3553.604532114052,14666.677453524797,215102.86710717712,0.06383212136128016,745,600,1039680.6789385483,-0.9999781032002558,1.0101001553899036,0.002189679974416635,20100.778291723323,126.97958699102001,0
univ3-conc-c100,657,10000,207.21264445363042,-3966.8246847814353,3966.8246847814353,-3759.612040327805,20486.71281580353,255667.31202605262,0.07418582013257116,655,633,1134460.3190592185,1.0100998470567026,1.0100998470567026,201.00998470567026,0.003161999894053552,59.091139205076885,0
univ3-conc-c100,658,10000,33.0382130564766,-1169.5597597152034,1169.5597597152034,-1136.5215466587267,21116.17377195006,82689.6743896372,0.20341988573784395,832,1676,1119829.9059534722,-0.9999781652369554,1.010100132393267,0.002183476304469072,20100.778977805126,127.85032111518267,0
univ3-conc-c100,659,10000,18.78377517154681,-8595.786153827798,8595.786153827798,-8577.00237865625,18402.888372555186,104290.49988848939,0.1499908726410007,1419,1422,2622774.251194054,1.0100995036487728,1.0101001746154044,201.00995036487728,0.00660493185367983,51.036525213575416,0
univ3-conc-c100,660,10000,318.0536276623895,-949.867526868291,949.867526868291,-631.8138992059014,17458.56069779804,95457.99398290845,0.15461471302561006,584,1085,645723.259293217,0.7707557380364827,1.0101001615360008,177.07557380364827,2351.38990977406,98.47884106501276,0
univ3-conc-c100,661,10000,25.184423182011887,-1733.9745628104122,1733.9745628104122,-1708.7901396284003,21939.107900764833,117628.66835579596,0.15719321815685605,1626,1440,1237536.1288463902,-0.9999780800062302,1.0101001414154502,0.0021919993769764206,20100.778141575254,114.15948571921379,0
univ3-conc-c100,662,10000,377.94292290449005,-1522.041315671088,1522.041315671088,-1144.098392766598,84259.5139921464,120025.8735978984,0.4124598190118054,4534,3176,1453129.8895755757,-0.6419387110300039,1.0101001812557862,35.80612889699962,16460.858807041004,101.29361979293853,0
univ3-conc-c100,663,10000,204.0967262189448,-436.3648951773112,436.3648951773112,-232.2681689583664,7703.1497416486545,241647.8191169318,0.03089280052494001,253,216,173667.85314591974,1.0100993576545614,1.0101001560934901,201.00993576545613,0.007919195793588685,91.26406102827708,0
univ3-conc-c100,664,10000,73.71468481463992,-894.7584981274543,894.7584981274543,-821.0438133128145,14711.278044197483,156610.34995917729,0.08586935704292802,563,778,626020.3583671021,1.0100999959929344,1.0101001154298836,201.00999959929345,0.0017025240352683824,88.90739423377586,0
univ3-conc-c100,665,10000,1.3812197226311902,-716.734716855095,716.734716855095,-715.3534971324639,3629.2842550406062,238461.89918617942,0.014991393752766712,109,100,196686.18450422297,1.0100991814931586,1.010100018897598,201.00991814931587,0.009632579827778542,46.72329681313615,0
univ3-conc-c100,666,10000,85.922943738754,-7590.186654437479,7590.186654437479,-7504.263710698725,28569.016615373086,259074.5402379889,0.09932089885099461,1120,910,1799335.9732213933,1.010097605584422,1.0101001115965378,201.0097605584422,0.025168793629298136,34.299933565995524,0
univ3-conc-c100,667,10000,10.577585499149333,-3355.955222283543,3355.955222283543,-3345.377636784394,7187.830114037618,122197.7008618015,0.055553585163860726,556,566,1055149.1418182645,1.0100971207748328,1.0101000095939117,201.00971207748327,0.029876163306937542,44.06651226738637,0
univ3-conc-c100,668,10000,2.098088983316464,-691.8495351808293,691.8495351808293,-689.7514461975129,2174.6613498672705,143352.83289958548,0.01494330237102566,151,128,201253.47721608117,1.0100942708835743,1.0101000192363103,201.00942708835743,0.057764902374144125,55.263872548945464,0
univ3-conc-c100,669,10000,71.553452392668,-196.43266365493173,196.43266365493173,-124.87921126226372,207660.60980768365,29677.937566334716,0.8749552573962388,9162,4096,700293.1807051318,-0.999977802317402,0.999978097463783,0.0022197682598126267,20100.77581383464,103.17282136309223,0
univ3-conc-c100,670,10000,110.40814959794619,-1609.3684575422828,1609.3684575422828,-1498.9603079443366,9857.588810793828,107583.718018469,0.08393630041195706,286,483,653525.559301276,1.0100980525699765,1.0100999125502172,201.00980525699765,0.020725980068547756,70.1268352414169,0
univ3-conc-c100,671,10000,13.749053682474324,-6653.432097393197,6653.432097393197,-6639.683043710723,12907.563494023645,76750.99116953062,0.14396354639509376,952,1345,2264819.2542335703,-0.9999781234570492,1.0101001701578225,0.0021876542950807357,20100.778543033834,196.57284604550597,0
univ3-conc-c100,672,10000,37.385214822034,-4077.544867846768,4077.544867846768,-4040.159653024734,24907.63988304049,84139.00252612702,0.2284127170975281,1656,2050,2245653.555136734,1.0100950019816741,1.0101001675381627,201.00950019816742,0.0507682454767604,85.07281675444192,0
univ3-conc-c100,673,10000,10.213559218777783,-730.2256263166245,730.2256263166245,-720.0120670978467,4161.31634868054,246796.8956899702,0.01658171021731556,181,174,264950.94519392186,-0.9999781235424399,0.9999781235424399,0.002187645756015035,20100.77844483333,208.3391821168631,0
univ3-conc-c100,674,10000,23.01880268051023,-3942.147677013899,3942.147677013899,-3919.1288743333885,13066.139009691911,103203.31634487765,0.11237808734758466,680,957,1450054.6325760728,-0.9999781132425138,1.0101001559145815,0.0021886757486162273,20100.778406811187,112.31457047343919,0
univ3-conc-c100,675,10000,20.178137872728733,-76.2218457832233,76.2218457832233,-56.04370791049457,237658.12199203618,116.56325938821284,0.9995097743089641,11322,2861,439607.2722328134,-0.4591171773864432,0.71368859398149,54.08828226135568,14612.346789825455,100.94105821059277,0
univ3-conc-c100,676,10000,61.8861555167105,-2259.5219443901997,2259.5219443901997,-2197.635788873489,28967.33920860768,165484.42024386613,0.14896928312797098,1288,1154,1192218.8295298615,1.0100999647145505,1.0101001582406508,201.00999647145505,0.0020660987317171475,83.65176315775184,0
univ3-conc-c100,677,10000,8.370277094418501,-7208.966980647687,7208.966980647687,-7200.5967035532685,8192.923524459806,75178.06957488475,0.09827067208731878,472,1007,1989370.2360635467,-0.9999781081245844,1.0101001024001712,0.0021891875415650922,20100.77834654567,152.7301053883448,0
univ3-conc-c100,678,10000,10.900635056063791,-831.4440266026228,831.4440266026228,-820.543391546559,8995.440330431364,198918.03115789086,0.04326530775537845,385,429,470515.8931702158,1.0100978333343555,1.0101001065697077,201.00978333343556,0.022874367228755688,74.18050330198702,0
univ3-conc-c100,679,10000,13.691217810866224,-3632.528727379748,3632.528727379748,-3618.8375095688816,8526.377358774984,115630.65875799143,0.06867413741059468,358,667,1183313.6532547947,1.0100986416324735,1.0100998917863924,201.00986416324736,0.014964273297955799,61.28312041766061,0
univ3-conc-c100,680,10000,42.04009893494099,-475.6784980551257,475.6784980551257,-433.6383991201847,270701.293597438,7108.672353045365,0.9744117446300957,9653,6327,1534728.3954947055,0.6724682953824412,1.010100203369997,167.24682953824413,3320.2334094409157,98.66863183944704,0
univ3-conc-c100,681,10000,94.77932319399127,-782.1465780588617,782.1465780588617,-687.3672548648703,32096.486937330184,49050.96256514407,0.3955329111896676,1819,2840,1149587.6184365815,-0.9999781365605755,1.0100998275725226,0.0021863439424434834,20100.778793970927,113.9275243100176,0
univ3-conc-c100,682,10000,69.24973362286411,-10507.805700801657,10507.805700801657,-10438.555967178792,34724.19146543764,126028.22716248482,0.21601038268550254,1763,2142,3493892.2893378274,-0.9999778967143057,1.0101001538138776,0.002210328569437099,20100.776313846563,144.58013305454293,0
univ3-conc-c100,683,10000,261.96054815749125,-335.47640319842156,335.47640319842156,-73.51585504093032,29716.597589190114,135577.5502950708,0.17978009487666616,1195,990,230780.54289098174,1.0100936989300622,1.0101001650680883,201.0093698930062,0.06346304575689588,93.46698194069094,0
univ3-conc-c100,684,10000,1.6432997000206397,-650.6622559015655,650.6622559015655,-649.0189562015448,2150.9982628966964,132391.82957705623,0.015987461371448523,134,124,218101.9847627975,1.0100999831561188,1.0101000992127567,201.00999831561188,0.001777878340836203,35.005667386685694,0
univ3-conc-c100,685,10000,45.69044848563728,-6411.379128966301,6411.379128966301,-6365.688680480664,13687.457958481775,107557.14592997871,0.11289127531872357,1036,978,1855871.2426955723,1.0100977924633967,1.0101001653597796,201.00977924633966,0.023336269620258795,74.53254446695522,0
univ3-conc-c100,686,10000,38.043075072194,-1363.5027310210312,1363.5027310210312,-1325.4596559488373,30685.64578158475,82570.66629110822,0.2709398286065445,2149,2348,1408792.6843186654,1.010099873689713,1.0101001516905945,201.0099873689713,0.0030571906616465583,77.92447921593649,0
univ3-conc-c100,687,10000,15.216029193140605,-1809.1332887903582,1809.1332887903582,-1793.9172595972175,23425.872191594503,59208.69560001291,0.283487562380325,1741,2611,1753649.3726308164,1.010099932921314,1.0101001499896372,201.0099932921314,0.002470696159436514,85.59749766811757,0
univ3-conc-c100,688,10000,1.4722047153926483,-2143.8676108372238,2143.8676108372238,-2142.395406121831,2303.2642968156338,76328.4108214126,0.029291812661405403,105,241,525906.9848446802,-0.9999781432569279,1.0101001117405723,0.002185674307214093,20100.77864619842,296.8381024912803,0
univ3-conc-c100,689,10000,107.19932552311754,-582.2672536737589,582.2672536737589,-475.06792815064136,66637.70038668449,125231.70151425847,0.3473075942618915,3509,2478,855142.6579291524,1.0100982082142875,1.0101001736312356,201.00982082142875,0.019456475788382666,89.76886576258029,0
univ3-conc-c100,690,10000,20.044788656555788,-6572.811629775047,6572.811629775047,-6552.76684111849,11024.83713044597,70693.4712367462,0.13491269399394668,553,1129,1947056.200124612,1.0100999044160281,1.0101001500562572,201.0099904416028,0.002621775727153164,75.62694109864069,0
univ3-conc-c100,691,10000,230.91208493820233,-1160.1728886744954,1160.1728886744954,-929.2608037362932,53563.45361165359,203177.7278378939,0.20862821191846626,1962,1755,1051803.8825011852,-0.9999780939216569,1.010100152462983,0.002190607834306469,20100.778312574137,130.8393435159028,0
univ3-conc-c100,692,10000,31.351928794950453,-2411.6922289721992,2411.6922289721992,-2380.340300177249,19791.63659432134,212376.78361987515,0.08524689350972778,757,726,990388.2478727087,-0.9999779524895089,1.0101001267907939,0.0022047510491079742,20100.776758478056,112.0643809274625,0
univ3-conc-c100,693,10000,25.412705396540176,-2168.966327673313,2168.966327673313,-2143.553622276773,9227.773600217324,111806.16398435677,0.07624120791550133,584,675,876958.363251824,-0.9999781136449308,1.0101000548403234,0.0021886355069118332,20100.778390696072,109.43152602398868,0
univ3-conc-c100,694,10000,195.44924597421164,-5180.4846372081765,5180.4846372081765,-4985.035391233965,34272.882026865525,158786.08921012728,0.17752545663777142,1774,1583,2034910.6456112354,1.010100164365291,1.010100164365291,201.0100164365291,0.00015705463759094207,74.99713505576915,0
univ3-conc-c100,695,10000,65.94846089224315,-4569.593526226899,4569.593526226899,-4503.645065334656,19304.15420609281,242794.6806235184,0.07365219390861588,820,685,1251023.2880697972,1.0100938934085153,1.0101001513673813,201.00938934085153,0.061526597902869185,59.362736808104785,0
univ3-conc-c100,696,10000,205.87161694776302,-3647.567929692962,3647.567929692962,-3441.696312745199,38785.93172569802,219907.83961019223,0.14992990177308146,1371,1280,1554544.5991595376,-0.9999779207864243,1.0101001630539304,0.0022079213575650616,20100.776496641185,112.57374544884273,0
univ3-conc-c100,697,10000,103.02013627400781,-4565.688631316905,4565.688631316905,-4462.668495042897,20477.431085325134,120617.86922695399,0.14513191467046363,1154,1283,1775039.4970298794,-0.999978080546358,1.010100047176782,0.0021919453642065168,20100.77811295811,140.3254392306608,0
univ3-conc-c100,698,10000,221.59327302294724,-386.84450786350243,386.84450786350243,-165.25123484055518,104090.42254587055,103973.77000029867,0.5002803282586599,3886,2976,619552.5101838652,-0.999975698507769,0.9999781432075602,0.002430149223100808,20100.754026380284,104.90806521623315,0
univ3-conc-c100,699,10000,135.46556186179194,-9448.153797967356,9448.153797967356,-9312.688236105563,38149.25809698009,168721.03060567236,0.18441148961615458,1338,1659,2882263.861567671,1.010098840790654,1.010100156339117,201.0098840790654,0.013110529236007293,84.27511345553144,0
univ3-conc-c100,700,10000,1.6392422117029875,-449.1597732884237,449.1597732884237,-447.5205310767207,1775.9879877623816,130849.16044724015,0.013391034873244759,100,117,183794.5910925363,1.010100112662051,1.010100112662051,201.0100112662051,0.0005065832061621478,76.88228090323615,0
univ3-conc-c100,701,10000,109.93942683307326,-9988.225379166102,9988.225379166102,-9878.28595233303,15998.618134904593,112693.94738886801,0.1243165684807897,945,1194,2583698.978797273,1.0100987534713834,1.0101001376742584,201.00987534713835,0.013922661697622463,52.70554282196386,0
univ3-conc-c100,702,10000,53.18961157044305,-4980.939550025655,4980.939550025655,-4927.749938455212,19187.65594401474,100362.26672169511,0.1604991079556614,999,1472,2059276.1501970284,1.010092536043635,1.0101000993030789,201.0092536043635,0.07487444759980147,79.17456840546116,0
univ3-conc-c100,703,10000,11.17022178955909,-9615.740932258981,9615.740932258981,-9604.570710469421,8136.420044840646,65664.59829478202,0.11024807283007806,635,1004,2217315.8525916724,-0.9999780550373157,1.0101001599239774,0.002194496268429085,20100.77781107415,136.3622804204815,0
univ3-conc-c100,704,10000,48.362903620295825,-602.6338056958411,602.6338056958411,-554.2709020755453,25130.333657841187,245169.57117591274,0.09297204034643454,1036,825,518037.4620626768,1.0100996269737246,1.010100133100635,201.00996269737246,0.005346918639575371,81.81499073906875,0
univ3-conc-c100,705,10000,94.95771158582039,-2676.8449809533713,2676.8449809533713,-2581.8872693675507,23944.87849463909,41194.18347705689,0.36759630504110646,1823,2752,2006722.1042962312,-0.719000986603941,1.0101001634026932,28.099901339605914,17242.076374616317,101.45358702177614,0
univ3-conc-c100,706,10000,62.671661494439284,-2442.595812520227,2442.595812520227,-2379.9241510257875,37112.51630883033,81834.7353330083,0.3120081867934167,1250,2429,1904617.5545607514,1.010097160056977,1.0101001611523341,201.0097160056977,0.029615638395739552,88.297718567935,0
univ3-conc-c100,707,10000,163.40226334687733,-4484.027202814707,4484.027202814707,-4320.62493946783,61307.6104434134,90356.47394945713,0.40423288538506064,2694,3423,3025665.0215838486,1.0100978983817646,1.0101001379990426,201.00978983817646,0.022497854087703217,78.18641879933519,0
univ3-conc-c100,708,10000,4.587086149192537,-2401.137908545533,2401.137908545533,-2396.55082239634,5075.68361922178,98434.5874031543,0.04903555530372977,357,551,876332.0369914403,-0.9999780125165387,1.010099606367489,0.0021987483461373856,20100.777340573517,127.36521796475098,0
univ3-conc-c100,709,10000,51.373727013350894,-14577.908430203293,14577.908430203293,-14526.534703189942,19202.35849826729,107903.80855614379,0.15107338175060558,1132,1474,3371217.014440264,-0.9999780767203582,1.0101001431778471,0.0021923279641818394,20100.77808184331,229.0286881279344,0
univ3-conc-c100,710,10000,23.29058378298109,-1519.8164786572488,1519.8164786572488,-1496.5258948742678,15542.484434573844,73968.72230225298,0.17363730197795818,843,1334,1100319.463026646,-0.9999780819332585,1.0101001205946716,0.002191806674151439,20100.77811438843,123.37871282870498,0
univ3-conc-c100,711,10000,29.510338523276676,-9310.694500020161,9310.694500020161,-9281.184161496885,16862.667961942778,78037.32433502746,0.17768882329489014,776,1404,2713301.7940965644,-0.9999781653198618,1.0101000574713657,0.002183468013808873,20100.778966760485,135.7026919679984,0
univ3-conc-c100,712,10000,568.8890604160579,-720.99626939726,720.99626939726,-152.10720898120212,37651.5893753424,102579.60804778826,0.26849652621686804,1263,1460,387729.2445580234,1.0100969035886533,1.0101001566872556,201.00969035886533,0.03208007225692411,85.02737598750716,0
univ3-conc-c100,713,10000,150.56721884424067,-3244.0479931942273,3244.0479931942273,-3093.4807743499864,9032.688370551059,128989.01142778521,0.06544397282274261,527,492,866155.1477075238,1.0100973498016161,1.010100136880519,201.00973498016162,0.0276250381270966,78.07764903590488,0
univ3-conc-c100,714,10000,131.1947355852922,-5871.904024132602,5871.904024132602,-5740.709288547309,88711.33593407157,103377.75815845729,0.46182390704252857,3406,4098,3820991.902769772,-0.9999776623445237,1.0101001727868033,0.0022337655476234067,20100.77410215012,111.89803474042124,0
univ3-conc-c100,715,10000,38.03617101244686,-5215.658651890663,5215.658651890663,-5177.622480878216,12952.567742839232,76507.79713738861,0.14478554564561086,742,1059,1752198.766476863,1.0100927593568971,1.0101000796141397,201.00927593568971,0.07265525441823328,95.94146580123405,0
univ3-conc-c100,716,10000,49.090042894804895,-836.7629132414943,836.7629132414943,-787.6728703466894,72470.22187390948,37179.726051642596,0.6609234499875354,4166,4930,1680714.3322883043,-0.9999779001040174,1.0101001579972297,0.0022099895982628202,20100.776600522906,110.00443498299455,0
univ3-conc-c100,717,10000,12.141259394304406,-215.9879970808455,215.9879970808455,-203.8467376865411,82213.51498605376,7090.902659270974,0.9205985230491877,4996,4754,914675.8203345982,0.6488146785061107,0.9999781486009224,164.88146785061107,3553.6749104891283,98.72515025958354,0
univ3-conc-c100,718,10000,22.66477924221658,-791.4325442784254,791.4325442784254,-768.7677650362089,12040.280858037951,199332.4981704103,0.05696230571116952,434,500,480209.1087850232,-0.9999781795818035,1.010099568984238,0.002182041819645723,20100.77904609273,151.07665137673703,0
univ3-conc-c100,719,10000,39.121463866773716,-356.9693296115067,356.9693296115067,-317.847865744733,33312.660649722,67579.9573010009,0.330179366204892,1558,2399,758042.5003522015,-0.9999780859133881,1.010100148491649,0.0021914086611856754,20100.778241970253,107.2573289111001,0
univ3-conc-c100,720,10000,90.4764267828381,-1065.7221309744452,1065.7221309744452,-975.2457041916072,122498.96647327254,69579.31023914544,0.6377554430930237,5676,4978,1873726.6142750555,1.0100970808683098,1.0101001743249733,201.00970808683098,0.030730521364795038,96.13148050933626,0
univ3-conc-c100,721,10000,32.13706494588802,-396.957329462862,396.957329462862,-364.82026451697396,17076.98986201741,137654.81214963796,0.11036509392381447,977,877,446005.138568551,1.0100985577728852,1.010100126716241,201.00985577728852,0.015827473439898654,82.15250460101505,0
univ3-conc-c100,722,10000,30.089377876529298,-2314.932170951319,2314.932170951319,-2284.84279307479,11560.819717513134,163985.48680342632,0.06585624013760802,606,541,787411.5189794728,1.0100997775442286,1.010100104119929,201.00997775442286,0.003839028593250138,62.40020232591469,0
univ3-conc-c100,723,10000,12.576048128869989,-5426.281179377201,5426.281179377201,-5413.705131248331,14141.89877022568,171451.9277960925,0.07619810977480095,964,800,1516377.2336502022,-0.9999781461838798,1.0101001432139365,0.0021853816120192375,20100.778749974947,128.91160817583662,0
univ3-conc-c100,724,10000,91.69772986304368,-443.4481694590726,443.4481694590726,-351.7504395960289,52174.054240926256,59155.22240217438,0.4686463059324981,3426,3300,935784.8340423176,-0.9999775585156567,0.9999781428944026,0.0022441484343358725,20100.77299754084,107.33569419556993,0
univ3-conc-c100,725,10000,56.64920835073692,-2137.438496015338,2137.438496015338,-2080.789287664601,18331.441760053192,276088.4501648929,0.062262918582709985,654,519,711966.2125736013,1.0100951611178712,1.0101001651846204,201.00951611178712,0.049084574593031505,45.70873996978709,0
univ3-conc-c100,726,10000,39.92270031659703,-872.977672270095,872.977672270095,-833.054971953498,3382.94453322459,231893.0160276238,0.014378623830332525,114,125,220709.39982577102,1.0100995229760914,1.0101001236917002,201.00995229760915,0.006287653367581247,54.16903366905275,0
univ3-conc-c100,727,10000,157.7434791258557,-338.3890825308283,338.3890825308283,-180.6456034049726,32303.90473609501,158934.37905399528,0.16891965403513495,1673,1158,363585.3479809697,1.0100946978669127,1.0101001746759375,201.00946978669128,0.05370724911778876,92.85888436652552,0
univ3-conc-c100,728,10000,156.2408385679837,-3218.330386940773,3218.330386940773,-3062.0895483727895,77276.29649011862,141352.9478384259,0.3534581877527412,4197,3139,2390402.5532280933,0.16482804341894536,1.0101001565934389,116.48280434189454,8354.432062425876,99.66198221640279,0
univ3-conc-c100,729,10000,5.892851408049095,-4255.8812781571705,4255.8812781571705,-4249.988426749122,9865.168008133087,162653.62825887467,0.05718314886028269,681,602,1187879.1561495005,-0.9999780818687323,1.0101001222615043,0.0021918131267722623,20100.778067179614,208.9385814085783,0
univ3-conc-c100,730,10000,15.24193678928998,-1935.0080591161418,1935.0080591161418,-1919.766122326852,3687.8762911949707,191570.2835178696,0.01888718143611106,193,204,426759.9004068787,1.0100955142192887,1.0100996211543518,201.00955142192888,0.045585736570814106,59.683498641207,0
univ3-conc-c100,731,10000,210.6482745754771,-6673.454384375976,6673.454384375976,-6462.806109800498,46337.71754274671,236560.52660587933,0.1637964126719793,1740,1548,2348561.612048215,-0.9999778272410569,1.0101001674875527,0.0022172758943116416,20100.775569850775,124.39984901616288,0
univ3-conc-c100,732,10000,5.681291165540839,-7626.421936074467,7626.421936074467,-7620.740644908927,10119.06264979735,98274.31406236248,0.09335499046836289,849,942,1970460.986516264,1.0100987221517568,1.0101000756878096,201.00987221517568,0.01421122880292608,79.2662698882511,0
univ3-conc-c100,733,10000,37.38805262146069,-1618.29089531067,1618.29089531067,-1580.9028426892094,25735.214398266075,48642.58299819853,0.3460066753669334,1938,2913,1726454.1572980655,-0.11827785787145928,1.0101001502346523,88.17221421285407,11184.179324993853,100.2393723827712,0
univ3-conc-c100,734,10000,22.904262053440824,-1674.3582649086018,1674.3582649086018,-1651.454002855161,4370.371690898703,140997.6780964325,0.03006418327337002,147,268,501984.0219767111,-0.9999781447314916,1.0101001325748136,0.0021855268508408398,20100.778664582773,128.31237941132758,0
univ3-conc-c100,735,10000,162.66932593642818,-8129.16318329004,8129.16318329004,-7966.493857353612,18281.122939965393,138017.78501951334,0.11696257624976411,849,955,1964647.3098658393,-0.9999775859763639,1.0101001355303743,0.0022414023636071617,20100.77303576119,118.99688162807234,0
univ3-conc-c100,736,10000,69.43861223995151,-832.0704602498159,832.0704602498159,-762.6318480098644,12703.80584255981,165598.8075725108,0.07124856780975287,462,542,477011.90214488894,0.7416262119368511,1.0101001310549451,174.1626211936851,2638.329477020731,98.53037177512664,0
univ3-conc-c100,737,10000,48.177486724266195,-2249.749971640393,2249.749971640393,-2201.572484916127,32051.38117312718,113931.94704489244,0.21955507909272945,2328,1823,1537196.998026319,-0.9999780916527778,1.0101001561640437,0.002190834722209014,20100.778314679956,126.62826571614187,0
univ3-conc-c100,738,10000,66.57542481535864,-590.9773492697753,590.9773492697753,-524.4019244544168,33962.573587457,109061.21981580899,0.23746100407012036,2065,1787,770280.0132092126,1.01009611420759,1.0101001477466451,201.009611420759,0.039874930051459756,91.82415555038274,0
univ3-conc-c100,739,10000,41.92144969030752,-991.8361633518646,991.8361633518646,-949.914713661557,51565.15766006169,105679.13521660097,0.32793023337583216,3226,2591,1267104.4155937072,-0.9999781031562367,1.0101000946244258,0.0021896843763302377,20100.778510601784,121.64777944769699,0
univ3-conc-c100,740,10000,32.77427966889184,-16566.934083382817,16566.934083382817,-16534.159803713927,17983.381279136007,81333.96533863962,0.1810698925369536,1370,1734,3851775.5427808524,1.0100904460756488,1.0101001244001608,201.00904460756487,0.09539170021254273,84.62575815646454,0
univ3-conc-c100,741,10000,50.27497599354547,-1941.0451328805186,1941.0451328805186,-1890.7701568869732,49796.22045108054,59800.02950924132,0.45436062337086097,3450,3626,2084608.2446160717,1.0100997831904543,1.0101001649947625,201.00997831904544,0.0040735742114605955,95.66194468520477,0
univ3-conc-c100,742,10000,114.3211683995546,-2611.5402159395826,2611.5402159395826,-2497.219047540028,29919.22352374884,84873.31577160736,0.26063735245692216,1452,2070,1735412.2508418574,-0.9999780086802853,1.0101001547180581,0.002199131971467275,20100.777436746674,132.35171059481505,0
univ3-conc-c100,743,10000,99.42015103978821,-1069.27937401385,1069.27937401385,-969.8592229740618,9339.932547732233,123559.9961722707,0.0702779349672177,387,541,550890.8098498527,1.0100996919017788,1.010100015485453,201.00996919017788,0.004664906377064071,84.1320090263956,0
univ3-conc-c100,744,10000,5.538277157612456,-5468.736841058155,5468.736841058155,-5463.1985639005425,8732.356515561847,116881.1058831918,0.06951768026138327,714,758,1516070.178796299,1.0100956306066389,1.0101001333004485,201.00956306066388,0.044497744510204496,51.98239017487564,0
univ3-conc-c100,745,10000,11.117447323783292,-6803.260089565156,6803.260089565156,-6792.142642241372,9484.08201190996,124246.675065289,0.07091922770193448,379,743,1647625.5175636879,-0.9999776618806319,1.0101000949544245,0.0022338119368167527,20100.77377441073,106.59549972683105,0
univ3-conc-c100,746,10000,12.522849804721373,-110.35551634634813,110.35551634634813,-97.83266654162675,163510.65715074228,606.156258032451,0.9963065560106711,8913,3656,598641.7962677862,-0.5103607765380267,0.9999781599198382,48.963922346197336,15129.78662263868,101.02848243158687,0
univ3-conc-c100,747,10000,1.766569833522149,-1311.6824659457004,1311.6824659457004,-1309.9158961121782,2584.015194416962,88429.65031300145,0.028391507802818274,105,171,357059.85122834035,1.0100956314765748,1.0100999875243817,201.00956314765747,0.04442947205433967,59.147130478079994,0
univ3-conc-c100,748,10000,161.8619850621888,-6116.845008058565,6116.845008058565,-5954.983022996376,61847.155917116805,214793.09644321786,0.22356528158656566,2662,2038,2554854.828017946,1.0100902430078131,1.0101001563350585,201.0090243007813,0.09746129873919784,65.84911581145109,0
univ3-conc-c100,749,10000,24.238902970723256,-8085.291208014581,8085.291208014581,-8061.052305043858,22066.15745553646,183160.64325283578,0.10752083733397239,1282,1075,2179747.7185611348,1.0100987513783712,1.0101001518050345,201.00987513783713,0.013955695363755183,75.92248779143098,0
univ3-conc-c100,750,10000,17.272494724124016,-1859.2648162953587,1859.2648162953587,-1841.9923215712347,4260.443074856148,115369.23930612898,0.03561359513843645,274,298,536064.9751690873,1.0100984789297964,1.0100996545849625,201.00984789297965,0.016535288384176283,30.054351490408308,0
univ3-conc-c100,751,10000,279.3918188918138,-2575.790072968404,2575.790072968404,-2296.39825407659,72484.86218525977,197060.39691193405,0.26891536667362737,2765,2285,1779003.284940187,-0.6390135400274803,1.0101001282647764,36.098645997251964,16431.22866508635,101.2866927732182,0
univ3-conc-c100,752,10000,4.885842123137487,-4055.41685595786,4055.41685595786,-4050.5310138347227,6143.141695654943,93780.41335675724,0.061478414097984456,257,607,1177283.8961303036,1.0100981552813098,1.0100998533781578,201.00981552813099,0.019721952491813965,77.42692162612333,0
univ3-conc-c100,753,10000,30.524257757189098,-6712.638119833597,6712.638119833597,-6682.113862076408,29137.637702566764,135031.18590633993,0.17748581650301812,1886,1629,2479026.4093668396,-0.999977990927073,1.0101001358202615,0.002200907292701609,20100.7772523467,116.90083946461168,0
univ3-conc-c100,754,10000,62.315868504061314,-305.7459228285759,305.7459228285759,-243.43005432451457,216168.368264259,21955.041152513037,0.9077997362532024,8106,5131,1047818.9592899455,-0.17076330752707464,0.9999781097961646,82.92366924729254,11710.554475725306,100.34288258639835,0
univ3-conc-c100,755,10000,4.97778446848871,-1470.644253834443,1470.644253834443,-1465.6664693659543,4084.804843007419,121107.59139240187,0.03262821837299475,345,307,500756.708415993,1.0100977197999834,1.010100153138821,201.00977197999833,0.023979990045564392,75.26623008941496,0
univ3-conc-c100,756,10000,23.534483996619937,-3037.9957613205684,3037.9957613205684,-3014.4612773239483,6709.670445549722,155033.17912496004,0.04148356767156329,442,417,792456.1464717793,1.0100998741364073,1.0101001504541094,201.00998741364074,0.002876530385373721,29.392458375787093,0
univ3-conc-c100,757,10000,21.148721222313156,-1792.6821806402716,1792.6821806402716,-1771.5334594179585,7280.318253134301,303217.14341094973,0.023447271401563382,303,237,422995.7068461359,-0.9999780254929124,1.0100999851331398,0.002197450708763038,20100.77745457529,158.94831824420146,0
univ3-conc-c100,758,10000,122.73197098041305,-534.7553858113608,534.7553858113608,-412.0234148309478,41375.63679137189,96488.85532587813,0.30011815338341824,2339,2230,765357.8885478334,-0.9999781269933886,1.0101001642787626,0.0021873006611375545,20100.77868910216,106.84769461779557,0
univ3-conc-c100,759,10000,4.987090120441902,-5654.611250480039,5654.611250480039,-5649.624160359597,6549.633602111087,81096.81940630339,0.07472787976351183,496,643,1428468.9777122561,1.0100979233720366,1.0101001522260318,201.00979233720366,0.02200950610480845,71.69126603690364,0
univ3-conc-c100,760,10000,84.04698112765331,-512.6405823405594,512.6405823405594,-428.59360121290604,38840.23955901208,45145.44473525918,0.46246261949742085,2116,3208,995415.5426001125,-0.9999777923834263,1.0101001478144607,0.002220761657373136,20100.775312940274,103.10818805891064,0
univ3-conc-c100,761,10000,89.71053898215791,-3133.2558846620586,3133.2558846620586,-3043.5453456799005,88191.21664575468,127210.0749488697,0.40942752010849875,4909,3651,2628374.9758248907,-0.9999778539152974,1.0100999611123411,0.0022146084702684005,20100.77610610387,109.84123302701997,0
univ3-conc-c100,762,10000,47.18264688871582,-1169.6226105253759,1169.6226105253759,-1122.43996363666,40722.972049106495,94562.07466222475,0.3010160622999261,1668,2539,1400993.4474091404,1.0100989702709269,1.0101001800855764,201.00989702709268,0.011898711297014586,95.76820015918756,0
univ3-conc-c100,763,10000,56.58090159802273,-1468.2922601443702,1468.2922601443702,-1411.7113585463474,23046.829168563138,166988.4773269016,0.12127656483198379,1166,1023,910638.6194737788,1.0100991245179882,1.0100999461036742,201.0099124517988,0.010289148442723217,83.24321816981625,0
univ3-conc-c100,764,10000,57.11371013121744,-323.6221942605996,323.6221942605996,-266.50848412938217,26444.190390162155,149919.17986106372,0.14994151196188282,1284,1204,483258.17719304055,-0.9999780129024275,0.9999781640432062,0.002198709757250514,20100.777424193315,112.10210031335453,0
univ3-conc-c100,765,10000,206.66733071311046,-2883.9370378392473,2883.9370378392473,-2677.269707126137,12709.430264982226,137176.56936881974,0.08479397873072612,585,621,905246.4676234112,1.0100994112749033,1.0101001436029755,201.00994112749032,0.00743059536615992,59.15366382988853,0
univ3-conc-c100,766,10000,50.77366930538515,-688.8013917573379,688.8013917573379,-638.0277224519527,16039.092473242998,185408.7104895872,0.07961909853244925,766,665,491771.92770777456,-0.9999781490215718,1.0101000118921044,0.002185097842827016,20100.7787595536,129.17125411408526,0
univ3-conc-c100,767,10000,96.83608493936482,-9246.461264277568,9246.461264277568,-9149.625179338203,27891.63790283507,249711.83570785235,0.10047294271955132,1244,990,2131611.420441738,-0.9999781745351314,1.0101001528596902,0.002182546486866386,20100.77906198285,141.39502169550477,0
univ3-conc-c100,768,10000,112.24639858651523,-4137.481350558064,4137.481350558064,-4025.234951971549,46116.265377136544,111146.71005107815,0.29324299156597783,2115,2508,2476538.4279712886,-0.9999780280054418,1.0101001437830246,0.002197199455824862,20100.777687242848,111.92007962805289,0
univ3-conc-c100,769,10000,30.864708822243994,-3966.4469919165404,3966.4469919165404,-3935.582283094296,5426.882549032686,108354.20256501518,0.04769582346303939,351,477,1014203.6365911973,1.0100993981940871,1.010100021397665,201.00993981940871,0.007539817228328971,37.26992806776026,0
univ3-conc-c100,770,10000,27.438460098577234,-2539.5027018315195,2539.5027018315195,-2512.0642417329423,12862.765350424661,150439.5027056126,0.07876660565431214,817,711,970144.020126021,1.0100994081505927,1.0101001606672912,201.00994081505928,0.007476729558151235,57.98356107023355,0
univ3-conc-c100,771,10000,45.1599652860549,-2035.1361514101307,2035.1361514101307,-1989.9761861240759,24884.58242672342,131210.88473653232,0.15941899453555147,866,1249,1250485.4051183779,-0.9999779732928628,1.01010014300032,0.002202670713724688,20100.777000901428,117.1002968466999,0
univ3-conc-c100,772,10000,37.64954069478896,-792.1310488621639,792.1310488621639,-754.481508167375,10868.421456347576,108623.78644889232,0.09095506432491805,366,541,474895.83776634623,-0.9999780983929842,1.0101001333755553,0.0021901607015787465,20100.77821660815,106.47163313139586,0
univ3-conc-c100,773,10000,3.795220257263609,-1743.742315284843,1743.742315284843,-1739.9470950275795,3052.256656427271,63107.96303108636,0.04613431864107491,160,339,555027.820285316,1.010092495918748,1.0101001547016097,201.0092495918748,0.0751727664970403,60.991476141526256,0
univ3-conc-c100,774,10000,59.40507884471041,-1566.6239360251254,1566.6239360251254,-1507.218857180415,11600.1712328427,200639.3481387988,0.05465603798569788,481,473,604801.5126908413,-0.9999780735456056,1.010100160234368,0.002192645439429367,20100.77796674058,105.14823605591745,0
univ3-conc-c100,775,10000,137.14963503431107,-917.1587610174503,917.1587610174503,-780.0091259831393,42527.19624211297,176630.19645245475,0.19404865023824083,1903,1593,869828.4871522614,-0.9999780883588016,1.0101001685871136,0.0021911641198368876,20100.778246174184,103.46699775840948,0
univ3-conc-c100,776,10000,251.13287714418996,-6531.493812903614,6531.493812903614,-6280.360935759423,23804.583511247423,190752.01728741996,0.11094780315607645,1084,889,1634900.682255414,1.0100974564986145,1.010100148201734,201.00974564986146,0.02662645405418615,79.8028225848472,0
univ3-conc-c100,777,10000,159.9478133768325,-4857.503774160648,4857.503774160648,-4697.555960783816,38916.00104215531,111223.5693211623,0.2591988304481211,2748,2382,2560457.5185358105,-0.999978101444143,1.0101001703241932,0.0021898555856942783,20100.778457262142,121.75783026085003,0
univ3-conc-c100,778,10000,2.0473330659810385,-187.26182580091123,187.26182580091123,-185.2144927349302,2291.7201924544843,105757.01220581797,0.021210060882594174,141,200,142811.97939295362,1.0100988093206609,1.0100997802638256,201.0098809320661,0.013288084594475613,70.4965545879545,0
univ3-conc-c100,779,10000,208.2925922782589,-2915.6487674855757,2915.6487674855757,-2707.356175207317,9829.885264155684,115104.48429337842,0.0786803927451595,352,530,876613.2394194808,-0.9999777262438322,1.010100157173166,0.002227375616788779,20100.77441707104,119.5149394147438,0
univ3-conc-c100,780,10000,10.397482461130831,-5334.181249393233,5334.181249393233,-5323.7837669321025,6533.957946660785,75438.00907130315,0.07970966397852677,366,694,1422172.241953137,1.010099695219322,1.010099695219322,201.0099695219322,0.004641456078357975,43.201264710126864,0
univ3-conc-c100,781,10000,76.92276540714798,-169.5202448302662,169.5202448302662,-92.59747942311822,16551.019574843547,223292.93457280067,0.0690074495880559,673,535,177390.70044068847,1.0101001074276181,1.010100153132703,201.0100107427618,0.0006059874046214775,88.30946982733876,0
univ3-conc-c100,782,10000,6.772052223270833,-3414.447496404491,3414.447496404491,-3407.6754441812204,7025.991221974538,158336.21923350284,0.04248849360819495,514,414,863676.7059110225,1.0100995432700761,1.0101000181372004,201.00995432700762,0.006121616815094877,30.849314336764525,0
univ3-conc-c100,783,10000,15.209781959245792,-5245.997671151918,5245.997671151918,-5230.787889192673,10434.858367082683,173921.77112367377,0.05660148157354917,574,562,1297330.610870807,-0.9999781597381228,1.0101000814499772,0.002184026187718563,20100.77885425845,187.45760283221549,0
univ3-conc-c100,784,10000,80.85587808362925,-4104.689588947335,4104.689588947335,-4023.833710863706,31394.31077206596,174864.4562808793,0.15220837019745806,1465,1495,1854078.9309277392,1.0100993098413136,1.0101000292805526,201.00993098413136,0.008510357058534979,90.7681798913549,0
univ3-conc-c100,785,10000,40.550979634484825,-2452.3682424754256,2452.3682424754256,-2411.8172628409407,17431.63226291073,191490.56243190568,0.08343600012614279,1016,808,1031587.6862125963,-0.9999780972977887,1.0101000666727447,0.0021902702211229136,20100.778252141008,107.79334861455105,0
univ3-conc-c100,786,10000,42.8991220976345,-3200.3683916195705,3200.3683916195705,-3157.469269521936,34177.71129722931,164491.04811204577,0.17203364735781243,2040,1541,1684800.8257294684,1.010100139082283,1.010100177428378,201.0100139082283,0.00041094012339976116,69.39788457473159,0
univ3-conc-c100,787,10000,84.43799787571854,-1019.2898998981391,1019.2898998981391,-934.8519020224205,44776.6065363163,43795.696003392775,0.5055373435306356,2197,3646,1539175.5744116732,-0.9999775564381498,1.0101001600327073,0.0022443561850121196,20100.772932468368,102.25641890206818,0
univ3-conc-c100,788,10000,109.17385364604982,-860.5633433352195,860.5633433352195,-751.3894896891697,21935.21701257922,129859.50146706133,0.1445057985698052,1421,1148,711039.5919732044,1.0100958606774686,1.010100150295818,201.00958606774685,0.042296158406817996,76.4701005624904,0
univ3-conc-c100,789,10000,85.07094057026009,-6162.809897520047,6162.809897520047,-6077.738956949787,11775.195756550831,153410.37090033008,0.07128465273851654,676,702,1526099.8924814395,1.0101000922855488,1.0101000922855488,201.01000922855488,0.0007625068947897384,45.19913850165597,0
univ3-conc-c100,790,10000,173.5902153327065,-3206.810189975862,3206.810189975862,-3033.2199746431556,28363.990662095774,219805.61219195227,0.11429276726842741,1428,1174,1433930.0781058215,-0.9999761463635635,1.0101000162630367,0.0023853636436558267,20100.758387251197,107.42707785417099,0
univ3-conc-c100,791,10000,74.33097017644033,-2523.516919889596,2523.516919889596,-2449.185949713156,19710.785383917904,106925.82926217547,0.15564839157302887,712,1261,1326661.958791709,1.010095370450056,1.0101001351835484,201.0095370450056,0.047073446198767216,79.51436980792685,0
univ3-conc-c100,792,10000,24.932905118642214,-1166.232693205065,1166.232693205065,-1141.299788086423,96270.89256421538,37274.92447654232,0.7208828752369972,6041,5790,2197851.217076531,-0.9999780517812569,1.010100028096927,0.0021948218743090553,20100.778289347953,107.75392412089055,0
univ3-conc-c100,793,10000,44.718035562922815,-2503.711684175703,2503.711684175703,-2458.99364861278,29311.894967734992,185180.25669435365,0.13665719114008892,1245,1189,1306357.42920522,1.010097947575332,1.0101001728261019,201.0097947575332,0.02183454906450777,90.0232238598749,0
univ3-conc-c100,794,10000,9.817390193157944,-879.9904723900378,879.9904723900378,-870.1730821968798,5412.782411782482,179332.16919180582,0.029298675632538095,261,233,307130.09488369036,1.0100989763898462,1.0101001288936977,201.00989763898463,0.011658133270621818,75.5775003864907,0
univ3-conc-c100,795,10000,11.762151153211134,-5816.7256315555915,5816.7256315555915,-5804.96348040238,15109.770568508182,93461.42127151009,0.13916924289430957,740,1217,2002416.7125043673,-0.6107101646824792,1.0101001118001403,38.92898353175208,16144.62447692968,101.23265814628994,0
univ3-conc-c100,796,10000,52.26449802288794,-3802.870054859729,3802.870054859729,-3750.605556836841,18216.820305827358,166357.00265558934,0.09869666247112084,1119,864,1318120.9937538628,1.010091795003254,1.0101001254649065,201.0091795003254,0.08211495805402791,44.766029147773274,0
univ3-conc-c100,797,10000,3.979750293666201,-3086.2543721102984,3086.2543721102984,-3082.274621816632,4414.884508984069,61190.283822899146,0.0672947668794944,362,615,1007883.3926337912,1.0100975231079061,1.0101001569995558,201.00975231079062,0.02592540588005135,48.03513720874063,0
univ3-conc-c100,798,10000,100.00096668118907,-499.2773817568993,499.2773817568993,-399.2764150757102,136340.9905628533,40634.12678074224,0.7703963845841024,7132,5072,1230248.9328299304,1.0100990900677873,1.01010014558549,201.00990900677874,0.011110410721110853,94.88059338914263,0
univ3-conc-c100,799,10000,28.942325779029066,-1326.1838230574588,1326.1838230574588,-1297.2414972784297,16316.901128460942,135047.08772229168,0.10779909575817055,1125,933,841140.3476627608,-0.9999781109297229,1.010099540112342,0.0021889070277190206,20100.77840375714,129.93298697183545,0
univ3-conc-c100,800,10000,35.28642809386018,-580.8381564792656,580.8381564792656,-545.5517283854055,10521.87979208662,69012.12034402763,0.13229411036889263,670,950,562587.507746606,1.010093942713971,1.0101001592825738,201.0093942713971,0.06104675158199768,77.59413458054722,0
univ3-conc-c100,801,10000,169.96412503056573,-338.0514398901827,338.0514398901827,-168.08731485961695,129312.40020348721,114116.64277766326,0.5312118826080268,5191,3102,673514.2668450506,-0.9999777190592734,0.9999781372742388,0.0022280940726655913,20100.77471346363,104.84914144142202,0
univ3-conc-c100,802,10000,57.49980653161329,-3263.6342197359036,3263.6342197359036,-3206.1344132042905,58162.07548282531,132301.25754994497,0.3053715093435764,2683,2617,2287133.304748569,1.0100991399246653,1.0101001263121105,201.00991399246652,0.01029100512338088,87.95038740837605,0
univ3-conc-c100,803,10000,150.3894949527938,-5236.68467999152,5236.68467999152,-5086.295185038726,87097.17552334593,126091.60634144495,0.4085448341207039,4742,3565,3262790.566737802,1.0100959133299972,1.0101001985126916,201.00959133299972,0.04206180466370579,89.95941612798795,0
univ3-conc-c100,804,10000,35.8781660759382,-248.86088683944976,248.86088683944976,-212.98272076351157,59046.69934845306,33488.59280055141,0.6380992373523112,4543,3639,795059.1682780779,1.010099567966999,1.010100191811062,201.0099567966999,0.006227224189181868,97.2363674029311,0
univ3-conc-c100,805,10000,36.44488841360427,-7089.890729617642,7089.890729617642,-7053.445841204038,11337.263978614568,117797.34867435817,0.08779415329243703,859,796,1718035.8907324078,-0.9999781575027633,1.0101001150046007,0.0021842497236750197,20100.778858628753,119.2981378612403,0
univ3-conc-c100,806,10000,9.949424187432292,-1992.436174969202,1992.436174969202,-1982.4867507817698,3126.707364285632,86300.79437359294,0.03496359960328917,256,358,638842.4066820977,1.010098860088994,1.0100999592555584,201.0098860088994,0.012803958918176761,75.48629317156421,0
univ3-conc-c100,807,10000,89.34454308311888,-2159.8842239397422,2159.8842239397422,-2070.5396808566234,25108.272692140574,82074.7300371466,0.23425610453885778,1701,2158,1666131.0824946675,0.46579439700230096,1.0101001619509966,146.5794397002301,5363.65028817097,99.07495247045713,0
univ3-conc-c100,808,10000,11.394917063690091,-86.93249463833916,86.93249463833916,-75.53757757464908,104419.95803142975,228.24822462772846,0.9978188997901289,4452,3229,497802.14261267247,0.06943475288229635,0.668096194103342,106.94347528822964,9306.134579049352,99.8784555894213,0
univ3-conc-c100,809,10000,484.1013646416396,-3940.67677782727,3940.67677782727,-3456.5754131856306,24571.875713654445,189772.08525610462,0.11463759278536984,762,811,1120526.11339192,0.5865071295963272,1.0101001296763021,158.65071295963273,4169.124447228385,98.84999152418169,0
univ3-conc-c100,810,10000,8.495049599010393,-5141.063568063813,5141.063568063813,-5132.568518464803,11388.576713099415,170208.96476333472,0.06271327585443831,473,582,1316320.248007613,-0.9999775998764595,1.0101000097087534,0.0022400123540471956,20100.773137361415,110.90749740308672,0
univ3-conc-c100,811,10000,17.379583229575537,-1719.2280952955566,1719.2280952955566,-1701.8485120659811,5935.869594373061,244253.39482383977,0.023725516792961768,225,198,425579.77892570995,-0.9999781160370911,1.0100996428667957,0.0021883962908967134,20100.77837209121,186.54067034309261,0
univ3-conc-c100,812,10000,5.78624384786491,-57.803226750831385,57.803226750831385,-52.016982902966475,76495.93325398247,68.16243426928831,0.9991097336988499,4187,2576,370786.8735981955,0.4298512782935103,0.6537625389973744,142.98512782935103,5719.884145064932,99.1449253962304,0
univ3-conc-c100,813,10000,9.348462920362033,-6784.878810155307,6784.878810155307,-6775.530347234945,5990.090237175888,57634.75513773179,0.09414703017161684,355,739,1617656.5514535732,-0.9999780298860169,1.0101001554213949,0.0021970113983112048,20100.77752774108,176.8947872540809,0
univ3-conc-c100,814,10000,55.41264334392534,-6433.3236358334525,6433.3236358334525,-6377.910992489527,8845.994715801935,55052.85429350345,0.13843746566567608,652,1154,1947843.9327854957,1.0100962880084936,1.0101001628962418,201.00962880084936,0.038069649554802965,62.71693477351568,0
univ3-conc-c100,815,10000,0.3742584656760908,-410.3708922436181,410.3708922436181,-409.996633777942,413.27705140187425,86239.61227270182,0.004769339541075355,21,35,91564.70181930448,1.010091647362919,1.010100068872398,201.0091647362919,0.08346808968486386,77.68030596446827,0
univ3-conc-c100,816,10000,107.78998429774559,-4732.476029625334,4732.476029625334,-4624.6860453275885,19649.601472731265,134855.8538059767,0.1271773960167679,703,891,1485913.5230465122,1.010092285656367,1.010100151527189,201.0092285656367,0.07728754175990105,64.61531201975052,0
univ3-conc-c100,817,10000,2.382201605607983,-320.53918505420427,320.53918505420427,-318.1569834485963,6177.65138798826,89852.59242102358,0.0643302687044571,470,537,339918.4627677565,-0.9999781260468145,0.9999781260468145,0.002187395318552666,20100.77850473315,129.80734167473219,0
univ3-conc-c100,818,10000,74.74080043985546,-1596.5940679572864,1596.5940679572864,-1521.8532675174308,78299.69896235505,70773.21844394255,0.5252442920195193,5291,4389,2079028.3320806988,0.7749550953809574,1.0101001657428994,177.49550953809575,2310.0383297308013,98.4871648904089,0
univ3-conc-c100,819,10000,17.952547852024054,-720.4223073163895,720.4223073163895,-702.4697594643654,35960.63976049275,182835.79900315934,0.16435660453933662,1565,1419,806069.3437526694,1.010095954090139,1.0101000551262933,201.0095954090139,0.041398664762226645,78.1946351444569,0
univ3-conc-c100,820,10000,226.15082746394015,-2409.915332996412,2409.915332996412,-2183.764505532472,104117.74770935763,74004.66072011457,0.5845291933080009,5803,4898,2568408.6385800256,-0.24508015882703305,1.0101001560646958,75.4919841172967,12456.822815041618,100.49189058316097,0
univ3-conc-c100,821,10000,87.90551539431468,-1758.1470359719883,1758.1470359719883,-1670.2415205776736,10460.61443338333,225590.47928016697,0.044315043276509286,376,365,556676.0546402466,1.0100969734709508,1.0101001206995355,201.00969734709508,0.031300860639638106,96.39702422755052,0
univ3-conc-c100,822,10000,11.736759320727806,-274.1197276759339,274.1197276759339,-262.3829683552061,11041.442500824796,80708.57370607986,0.12034267629910099,806,956,417551.9959405437,1.0100971533406014,1.0101000490468308,201.00971533406013,0.029587371941470764,84.97408078309397,0
univ3-conc-c100,823,10000,292.99489739026865,-2009.8185369062162,2009.8185369062162,-1716.8236395159474,100286.69419588469,104970.75749952873,0.4885897850115697,5484,3874,1978682.2188355387,1.0094847088325625,1.010100170062059,200.94847088325625,6.032571493179593,97.60021019536488,0
univ3-conc-c100,824,10000,55.90391109040579,-192.8234081654094,192.8234081654094,-136.91949707500362,4618.900754156119,70687.73466000432,0.06133457866964528,254,393,189254.17916352098,1.0100911691428,1.0101001407340844,201.00911691428,0.08818458327488088,86.78164772720766,0
univ3-conc-c100,825,10000,53.11821244730818,-217.29317793090752,217.29317793090752,-164.17496548359935,118626.33942314825,21427.186311303634,0.8470071624478016,5738,4292,790748.6399288274,-0.9999772225555172,0.9999781217635725,0.0022777444482722353,20100.769730008913,102.54219046099887,0
univ3-conc-c100,826,10000,388.13058278191573,-2918.9275842184443,2918.9275842184443,-2530.7970014365287,82234.0833521013,99267.36718381081,0.45307672808835403,3357,3555,2410206.666965833,1.0100956417731048,1.0101001538022054,201.0095641773105,0.04465457292685662,85.45788929678895,0
univ3-conc-c100,827,10000,15.795015877278166,-2128.018585849941,2128.018585849941,-2112.2235699726625,4779.697933937689,138273.631824813,0.03341200055949982,211,339,624442.6935871696,-0.9999781699490107,1.010099792920097,0.0021830050989305374,20100.778929560038,160.70313852432446,0
univ3-conc-c100,828,10000,33.80525771774233,-9521.202768967561,9521.202768967561,-9487.39751124982,15646.303826817028,126261.08640275888,0.11025714588581076,1021,1139,2410068.784221161,1.010098910099096,1.0101001418703845,201.0098910099096,0.01238991040616616,75.19124874910781,0
univ3-conc-c100,829,10000,73.09405501660855,-332.4920875510221,332.4920875510221,-259.3980325344136,17728.763429581904,115927.54082076708,0.13264442353855982,899,1005,427832.8461169749,-0.9999780711062469,0.9999781638026211,0.0021928893753154787,20100.777990537343,122.83687938068753,0
univ3-conc-c100,830,10000,4.396226320715965,-164.3430382095527,164.3430382095527,-159.94681188883675,1599.4497486433736,131822.9108872902,0.011987868757679637,82,80,89120.20072898433,-0.9999781016526861,0.9999781016526861,0.0021898347313946214,20100.778211053,112.94110362518128,0
univ3-conc-c100,831,10000,48.10814762587835,-1165.2589497979545,1165.2589497979545,-1117.1508021720763,5470.25399362374,151447.3758528075,0.03486067179944822,118,210,352471.83802369103,1.010099617107258,1.0100998992757122,201.0099617107258,0.005370131553166901,51.688097046321765,0
univ3-conc-c100,832,10000,132.15194274830887,-4065.454042171169,4065.454042171169,-3933.30209942286,139730.097393387,146548.8193406659,0.4880907717112584,5252,4239,3206372.787838219,1.0100997794680808,1.010100203110496,201.00997794680808,0.004227333600489408,91.85844630659516,0
univ3-conc-c100,833,10000,71.12053110803043,-9463.137133833568,9463.137133833568,-9392.016602725538,35248.54061221489,156941.0540838544,0.18340504160986093,1316,1811,3068139.7657981245,-0.9999749255496135,1.0101001752982268,0.0025074450386410874,20100.745960898803,104.45568928617625,0
univ3-conc-c100,834,10000,53.985378150195906,-1757.5385473090578,1757.5385473090578,-1703.553169158862,15033.397218297558,198798.8027420734,0.07030464645214174,747,688,781464.6655079022,1.0100999847494108,1.0101001605477729,201.00999847494109,0.0018221720884072923,46.10246177590722,0
univ3-conc-c100,835,10000,22.132467214832786,-1470.6829605816422,1470.6829605816422,-1448.5504933668094,2942.253946434752,138272.32245550546,0.020835341658074942,131,171,320519.9147708827,1.0100981913592306,1.01010015771666,201.00981913592307,0.01934156952853172,34.93327604732511,0
univ3-conc-c100,836,10000,157.8013393721745,-592.0773480405453,592.0773480405453,-434.27600866837076,44092.336814811824,233698.96918219025,0.15872468238904378,1785,1271,564072.6596313606,1.010099282654041,1.0101001084891021,201.00992826540408,0.008780511863978546,90.85752508151614,0
univ3-conc-c100,837,10000,81.00764995074599,-2028.929933517998,2028.929933517998,-1947.9222835672522,29987.331492597743,88204.99075595653,0.2537164083258762,1648,2152,1598952.0087697082,1.0100968321464248,1.0101001685585587,201.00968321464248,0.032832807923384166,91.23673533614378,0
univ3-conc-c100,838,10000,20.391404071081244,-341.92672793711876,341.92672793711876,-321.5353238660375,371.6649827868223,67939.23553906746,0.00544078587674185,11,27,67815.43058447653,1.010100094197953,1.010100094197953,201.0100094197953,0.0006793560933103793,60.250967028008056,0
univ3-conc-c100,839,10000,128.8087926128265,-1874.1397195179309,1874.1397195179309,-1745.3309269051044,7946.527509661756,75947.98316133233,0.09472047033953569,374,765,889521.8837035806,-0.9999779303226534,1.0101001010451964,0.0022069677346672092,20100.776513541132,108.29122919939262,0
univ3-conc-c100,840,10000,25.60175837380978,-4641.734424158357,4641.734424158357,-4616.1326657845475,9967.523639648909,76115.73947655063,0.1157893332434929,821,1058,1605834.5753331475,1.0100970293909217,1.0101001597455452,201.00970293909216,0.030806551133672144,71.96154163648174,0
univ3-conc-c100,841,10000,55.9296792784049,-10539.1552966885,10539.1552966885,-10483.225617410095,38396.70710088725,108871.57379403731,0.2607262532539724,1537,2378,3783257.7815895732,-0.41266293806964166,1.0101001673557988,58.733706193035836,14143.727785931786,100.83021057413497,0
univ3-conc-c100,842,10000,96.67919841636993,-3281.281069558793,3281.281069558793,-3184.601871142423,36652.79446240053,264433.18410615076,0.12173530842139638,1376,1046,1386004.9408576326,-0.999977848422012,1.010100049517804,0.0022151577987952822,20100.775745102903,104.82636872516866,0
univ3-conc-c100,843,10000,69.02529709568597,-5751.091310636014,5751.091310636014,-5682.066013540328,34028.59976805527,76541.94441186954,0.3077546558211975,1824,2744,3051316.338028233,1.0100962705225627,1.0101001458409709,201.00962705225626,0.03838009685178556,90.99599602018608,0
univ3-conc-c100,844,10000,80.51045407662166,-3360.5851264646935,3360.5851264646935,-3280.074672388072,39046.37253301804,183620.5558321802,0.17535775438091866,1551,1447,1610323.18997938,-0.9999781655888681,1.0101001586330085,0.0021834411131834318,20100.779012496783,130.21283471593298,0
univ3-conc-c100,845,10000,241.94836490952892,-12471.41514619175,12471.41514619175,-12229.46678128222,45785.15261797032,183573.98234143993,0.19962210193229468,1808,1629,3122342.068682478,1.0100996318787372,1.0101001530319664,201.00996318787372,0.0053759384398986,86.84440521727163,0
univ3-conc-c100,846,10000,265.78038856601444,-2623.3576543985446,2623.3576543985446,-2357.57726583253,43953.81666635037,259699.7313248206,0.14474988669530836,1670,1335,1345798.4385899368,1.0100977513378555,1.0101001666064136,201.00977513378555,0.0237869765109906,86.26568770451667,0
univ3-conc-c100,847,10000,24.084908380733992,-4752.431889394327,4752.431889394327,-4728.346981013593,17181.023533951502,100586.3950161195,0.145889446720331,1409,1347,1856029.1294338072,-0.8311934157003259,1.0101001655836557,16.880658429967415,18381.595786103193,101.68714168473659,0
univ3-conc-c100,848,10000,116.24779624977282,-676.916081462053,676.916081462053,-560.6682852122801,37886.13686953691,161886.41276968204,0.18964636001271307,1934,1721,814119.6985275961,1.0100969125760233,1.0101001601714794,201.00969125760233,0.03203882462489105,86.78353724731187,0
univ3-conc-c100,849,10000,17.889223297169956,-3480.6163609521873,3480.6163609521873,-3462.7271376550175,4665.273387065074,132390.29336326802,0.03403928419458917,266,387,865311.9794966339,1.0100952658836442,1.0100998440760953,201.00952658836442,0.0480307665439042,48.957746823523024,0
univ3-conc-c100,850,10000,18.088084301553693,-1654.0308507158238,1654.0308507158238,-1635.9427664142702,7349.782754551608,59213.119930303765,0.11041860342763953,547,813,884905.4883604124,1.010095999104229,1.0101001313618192,201.0095999104229,0.04088078009435492,67.06723239911757,0
univ3-conc-c100,851,10000,377.54528876145037,-3762.5799933149315,3762.5799933149315,-3385.034704553481,21117.770065858458,155223.53801223706,0.11975509479892324,851,860,1253243.9664627053,1.0100904326005304,1.0100991452789756,201.00904326005303,0.09545406544470181,82.33778507966863,0
univ3-conc-c100,852,10000,14.151895812478653,-3953.7087694460906,3953.7087694460906,-3939.5568736336118,10562.118744489215,159503.6611694332,0.062106078893914785,387,609,1150084.0845229174,1.010095881517226,1.0100999754884945,201.0095881517226,0.04201376031565496,88.6748237802902,0
univ3-conc-c100,853,10000,6.006504304508186,-3578.0712768479348,3578.0712768479348,-3572.0647725434264,9056.36816154046,96172.3652276366,0.08606364316908068,698,759,1280871.9400528767,-0.9999780890929116,1.0101000012973944,0.0021910907088393706,20100.778150603423,148.30004310935598,0
univ3-conc-c100,854,10000,154.12694026227322,-434.64334493757417,434.64334493757417,-280.5164046753009,19009.908159629587,149346.048593472,0.11291497209990684,920,717,339790.29287620337,1.0100995516460862,1.010100151705492,201.0099551646086,0.006077188845412418,91.36150052574122,0
univ3-conc-c100,855,10000,16.202937551836992,-538.065821754507,538.065821754507,-521.8628842026701,9421.973110879211,263609.6361519252,0.0345087264303166,376,315,305998.5260669475,-0.9999780491295245,0.9999781763645771,0.002195087047555734,20100.77770347202,198.6265803228232,0
univ3-conc-c100,856,10000,0.5432306468106999,-169.09363937187314,169.09363937187314,-168.55040872506243,964.7001441891986,129784.35173714468,0.007378257282238251,39,61,73063.26255813545,1.010095964474768,1.010098243252959,201.0095964474768,0.041157887550405725,67.00186336323387,0
univ3-conc-c100,857,10000,7.869190004215573,-3150.06275972455,3150.06275972455,-3142.1935697203344,3406.5970882838596,116225.32853319442,0.028475652051798552,178,295,693837.6328391286,1.0100990813571622,1.010100144109839,201.00990813571622,0.010627700363961878,60.32203024469303,0
univ3-conc-c100,858,10000,38.62266230626583,-257.64562850418775,257.64562850418775,-219.02296619792193,15190.270563013699,109920.05246998915,0.12141500553081186,887,890,360677.99979978375,1.010095204825648,1.010100154929594,201.0095204825648,0.04868310553383637,77.63671165355022,0
univ3-conc-c100,859,10000,126.14654300075505,-1364.3938574095919,1364.3938574095919,-1238.247314408837,77221.01106768564,205025.97022519226,0.273593753647824,2638,2177,1311051.574658197,1.0100990622279717,1.0101000677028928,201.00990622279718,0.011025673452216722,80.30670692604882,0
univ3-conc-c100,860,10000,39.70068910338426,-10206.131946757007,10206.131946757007,-10166.431257653623,20697.988762106845,123563.2322383407,0.14347576305376364,1319,1352,2712138.06874783,-0.9999780630283314,1.0101001496568118,0.0021936971668622927,20100.777947672734,197.45107031287412,0
univ3-conc-c100,861,10000,216.4712686739421,-1010.2944482506981,1010.2944482506981,-793.823179576756,37704.835393658395,73931.68617539642,0.33774641903667146,1682,2415,1108094.0885764302,-0.689437739644181,1.0101001773928235,31.056226035581897,16942.236022413654,101.3932377875106,0
univ3-conc-c100,862,10000,54.75838626872347,-7302.797623305583,7302.797623305583,-7248.03923703686,24207.445679781864,202483.93424737817,0.10678591169880454,1049,956,1944419.8725584708,1.010096586803913,1.0101001377856034,201.00965868039128,0.0351529497571228,57.60465136755883,0
univ3-conc-c100,863,10000,34.22451803202749,-1181.9423259092655,1181.9423259092655,-1147.717807877238,5996.735145423889,135746.63949345646,0.0423069872627329,301,399,496668.7369537379,-0.999978108261122,0.999978175140479,0.002189173887797111,20100.778307826833,145.07392197208722,0
univ3-conc-c100,864,10000,15.487539539050003,-2788.598162680184,2788.598162680184,-2773.110623141134,7710.805286120628,106297.05228589605,0.06763398111616871,684,690,1002103.2557889809,1.0100991476543049,1.0101000710014971,201.0099147654305,0.010022475667595288,46.03179362892335,0
univ3-conc-c100,865,10000,39.85993496166344,-2000.0106835085708,2000.0106835085708,-1960.1507485469074,10180.356073689132,98129.8423058999,0.09399259004226523,491,707,865451.8814309929,-0.9999780106052221,1.0101000023850981,0.0021989394777993786,20100.777336741958,122.21216496178592,0
univ3-conc-c100,866,10000,22.574113850138957,-4947.15291520794,4947.15291520794,-4924.578801357801,13428.68338830673,64805.42811353479,0.1716474199108229,970,1573,2150207.990620746,-0.9999779514780454,1.010100159855339,0.0022048521954586313,20100.77680198788,108.47222454667182,0
univ3-conc-c100,867,10000,313.86062548910684,-3082.6338256137687,3082.6338256137687,-2768.773200124662,61637.00455601851,128263.06660659285,0.3245759950413013,2394,2522,1994555.585365072,1.0100955377623426,1.010100180117867,201.00955377623427,0.04557689696122402,94.5777182947253,0
univ3-conc-c100,868,10000,50.13375016679646,-170.2627524866485,170.2627524866485,-120.12900231985205,55981.897542073384,36253.59629271449,0.6069452790305228,3125,2926,525707.091187834,0.45160803078386097,1.0101001780371754,145.1608030783861,5504.221591493899,99.10295489690044,0
univ3-conc-c100,869,10000,11.121503878476624,-4888.04537267257,4888.04537267257,-4876.923868794093,8620.395745360958,75869.2025867571,0.10202907713533278,519,874,1505129.221078441,1.0100970502675337,1.0101001353076864,201.00970502675338,0.030582260206379885,80.18677816515901,0
univ3-conc-c100,870,10000,107.14541414318361,-1247.1204394386662,1247.1204394386662,-1139.9750252954825,27122.64395093794,50651.01039357087,0.3487381964951083,1409,2706,1452300.035181128,-0.999977747935906,1.0100997954836015,0.0022252064094089655,20100.774801843225,105.06790297340291,0
univ3-conc-c100,871,10000,3.541953729862644,-7217.257735983794,7217.257735983794,-7213.715782253931,7690.151714149244,73284.72079105805,0.09496960570891556,415,867,1881291.1309097668,-0.9999781079088963,1.0101001000489027,0.002189209110366096,20100.77833420981,162.52717894192187,0
univ3-conc-c100,872,10000,0.29006490219937126,-269.8063348771887,269.8063348771887,-269.5162699749893,746.2724866330873,161914.10025487718,0.0045879182129935055,27,38,72784.62578034247,1.010099999235375,1.010099999235375,201.0099999235375,0.0016113206490739884,46.93697407140254,0
univ3-conc-c100,873,10000,32.472445825505645,-109.40637164665453,109.40637164665453,-76.93392582114889,188756.8152551552,14179.845922960561,0.930126740823261,7639,3298,517140.3235548115,0.7058781947075267,1.010100171213481,170.58781947075266,2990.6916545665795,98.61261982968234,0
univ3-conc-c100,874,10000,33.53046559271703,-4657.955995523552,4657.955995523552,-4624.425529930835,12359.690381897655,99475.78975410506,0.11051671944240844,644,1053,1656299.4068117412,-0.9999776788370329,1.010100077607888,0.0022321162967124525,20100.77397619208,103.32487417824419,0
univ3-conc-c100,875,10000,47.103641740566765,-3010.6331311822255,3010.6331311822255,-2963.529489441659,20766.884439834528,188965.89478820478,0.0990159216707609,909,939,1268383.697440015,1.010099471263832,1.0101001399803062,201.0099471263832,0.006870657227894483,86.56645037972162,0
univ3-conc-c100,876,10000,196.25267332795767,-1471.5357146846768,1471.5357146846768,-1275.2830413567192,53876.99682077089,187825.40947061853,0.22290633199496715,2268,1778,1177060.002491511,1.0101000002888276,1.0101001613373304,201.01000002888276,0.0017981011771844857,85.52460096449374,0
univ3-conc-c100,877,10000,106.3903837577746,-4404.914892860477,4404.914892860477,-4298.524509102703,24120.64904153744,121171.57077421482,0.16601473273741207,891,1393,1864766.8707646527,1.0100975695433834,1.0101001635292226,201.00975695433834,0.02553337512762255,70.11026216843064,0
univ3-conc-c100,878,10000,96.94828965313621,-10719.208803300224,10719.208803300224,-10622.260513647088,51950.98017514206,93164.06402921394,0.35799858284839786,2096,3012,4329289.01499601,0.18223252534494536,1.0101001653065642,118.22325253449453,8180.9895539651625,99.63650055586174,0
univ3-conc-c100,879,10000,127.34333449831504,-6522.859389242143,6522.859389242143,-6395.516054743828,22759.61212581464,271878.6271534715,0.07724595484105141,864,744,1514627.1249302304,-0.9999779715450621,1.0101000879802453,0.0022028454938050057,20100.77695881414,106.96298308753185,0
univ3-conc-c100,880,10000,126.26102038198218,-1104.1113660085769,1104.1113660085769,-977.8503456265946,43771.28987293546,88379.42416292077,0.3312224999484987,2295,2334,1189795.2665028768,-0.999978021598662,1.0101001694282719,0.0021978401338028962,20100.77762381558,105.03268926818903,0
univ3-conc-c100,881,10000,21.30389492701204,-94.771420367881,94.771420367881,-73.46752544086897,1559.737063597151,229705.42542126687,0.006744366712384679,68,71,55250.75416977288,1.0100972841118576,1.010100043463044,201.00972841118576,0.028226183812218864,79.91864952698177,0
univ3-conc-c100,882,10000,29.632526367910856,-3665.6548522960315,3665.6548522960315,-3636.0223259281206,14500.33139757635,109264.17102032898,0.11716066492647693,964,1096,1485554.3474059948,1.0100987220919402,1.010100171035053,201.00987220919401,0.014227835857354876,92.96718688283305,0
univ3-conc-c100,883,10000,39.12015894368146,-704.919672411564,704.919672411564,-665.7995134678825,5581.982515576236,108756.38880501094,0.048819853310007516,398,382,382124.42426128255,1.0101001455861172,1.0101001455861172,201.01001455861172,0.0002125772251050373,57.866316955603345,0
univ3-conc-c100,884,10000,99.63680209123649,-4670.001891043215,4670.001891043215,-4570.365088951979,25068.835743957028,103903.98370369019,0.19437301480513108,1332,1667,2082340.2182614151,-0.9999781282970878,1.0101001593940069,0.0021871702912269514,20100.77862955721,171.72152903121366,0
univ3-conc-c100,885,10000,103.80990613690162,-327.3802386133441,327.3802386133441,-223.57033247644247,35515.88794239508,72450.08302021924,0.328954462463856,1753,1936,534247.5470821558,1.0100938319524704,1.0101001620921841,201.00938319524704,0.06223079678407828,95.93368572207761,0
univ3-conc-c100,886,10000,312.5287008179739,-2002.1318479094184,2002.1318479094184,-1689.6031470914445,91889.94665908143,177215.22634606622,0.34146480958700737,3764,2962,1789970.4525830352,0.8090747251503433,1.010100167778869,180.90747251503433,1974.1825553309175,98.39244390078188,0
univ3-conc-c100,887,10000,23.75262973234668,-8890.299667270852,8890.299667270852,-8866.547037538505,13098.511210483319,64661.36950294168,0.16844819063903094,1008,1627,2816423.9779353193,-0.9999781380787285,1.010100161124744,0.0021861921271548006,20100.778711345232,150.83631635609953,0
univ3-conc-c100,888,10000,66.69092785607845,-1635.8828779433843,1635.8828779433843,-1569.191950087306,124009.63746786918,29292.148995164414,0.8089249338119895,8917,6489,2666487.733766409,-0.6546874747584818,1.0101002230931406,34.531252524151824,16590.015951309953,101.32791616145774,0
univ3-conc-c100,889,10000,130.4957441268577,-682.8044115401221,682.8044115401221,-552.3086674132644,63634.811482880315,107844.11869597576,0.3710940546252994,2963,2669,977640.8178921678,1.0101001395716744,1.0101001627538801,201.01001395716744,0.0005103664246438877,96.7181977662013,0
univ3-conc-c100,890,10000,47.91739414480524,-1002.8381065623445,1002.8381065623445,-954.9207124175392,71307.28507827097,26753.305310155883,0.7271757675108459,3346,5424,1940825.5106069564,-0.9079907996808204,1.010100188232218,9.200920031917963,19163.101649407876,101.83985582112363,0
univ3-conc-c100,891,10000,49.755420619320596,-5380.208083284927,5380.208083284927,-5330.452662665606,8944.753214222652,101750.86495462,0.08080494388295777,722,752,1433244.3671636593,1.0100958318506046,1.0101000707089258,201.00958318506045,0.04252639439285258,97.39477003811395,0
univ3-conc-c100,892,10000,31.997188867591174,-6387.896891586088,6387.896891586088,-6355.899702718497,12025.453587027947,79105.97960117323,0.1319572530171169,754,1281,2113280.814517289,1.0100998291657763,1.01010011175887,201.00998291657763,0.003374407698622406,87.98773448184434,0
univ3-conc-c100,893,10000,113.08155536707864,-322.68520286056986,322.68520286056986,-209.60364749349122,18349.26028943962,264072.48006536433,0.06497113241490404,645,455,220313.8202370034,-0.9999781590842214,1.010095667747596,0.0021840915778644034,20100.778845448105,162.11446641430615,0
univ3-conc-c100,894,10000,216.87748452124015,-1509.9342777048766,1509.9342777048766,-1293.0567931836365,103889.34216380646,133028.05480973265,0.4385044892900359,3863,3378,1634796.559716869,-0.9999736919299249,1.010100171904524,0.0026308070075000134,20100.733579439064,103.80107120402114,0
univ3-conc-c100,895,10000,6.40392033127574,-1297.650951840389,1297.650951840389,-1291.2470315091134,7161.982171484274,218551.16965936794,0.03173046015879221,383,289,442888.85278500395,-0.9999781386354616,1.0101000615565192,0.0021861364538411643,20100.77861402633,152.32987369519603,0
univ3-conc-c100,896,10000,27.849609165415032,-2590.116877867435,2590.116877867435,-2562.26726870202,16743.27822227825,90923.60917280156,0.1555100052334511,1102,1387,1450064.7059762015,1.0100931846224632,1.0101001715682398,201.0093184622463,0.06851900638083208,74.75278526739645,0
univ3-conc-c100,897,10000,4.31400073747733,-212.46282424755904,212.46282424755904,-208.1488235100817,1555.6714999227445,134401.25779422326,0.011442384790531807,86,67,77433.19593477124,1.010091067766439,1.0101001274272423,201.0091067766439,0.08915379809879909,61.66054881566218,0
univ3-conc-c100,898,10000,14.258441019626954,-5186.766410353527,5186.766410353527,-5172.5079693339,11574.173100560733,137675.00765207378,0.07754932417179401,807,709,1373233.2344234635,1.0100998031775341,1.01010002674175,201.00998031775342,0.003604817053413978,61.72752126679433,0
univ3-conc-c100,899,10000,5.389704077458717,-1304.783126631796,1304.783126631796,-1299.3934225543373,4400.210338902867,193330.51593865658,0.022253548660546487,234,264,421723.52727998496,1.0100998274619917,1.0100998274619917,201.00998274619917,0.003315539601461026,48.27563102318908,0
univ3-conc-c100,900,10000,90.39523334741824,-721.3652039147739,721.3652039147739,-630.9699705673556,120828.08816177065,54655.72852456094,0.6885426271400554,7841,4998,1531088.758364423,1.010095811444688,1.0101001889486219,201.0095811444688,0.04327210021172562,95.15456377734994,0
univ3-conc-c100,901,10000,10.292215458191004,-1948.0439731044853,1948.0439731044853,-1937.7517576462942,5496.933306004447,187883.70524624252,0.028425458448981714,291,262,496661.35202803643,1.010096735195866,1.0100999916511486,201.0096735195866,0.03362793306212808,51.95977984924389,0
univ3-conc-c100,902,10000,43.41313716698058,-2874.4326113480815,2874.4326113480815,-2831.019474181101,18746.78180838823,209776.28424184892,0.08203452777177009,786,675,1018863.2353334931,1.0100961510768824,1.0101001409044679,201.00961510768823,0.03939611767322049,42.07959173122799,0
univ3-conc-c100,903,10000,15.03821681454326,-1775.646543035444,1775.646543035444,-1760.6083262209008,4948.922128826259,248226.7168805209,0.019547386739857488,238,188,378009.4379631594,1.0101000943435798,1.0101000943435798,201.01000943435798,0.0006963828032680031,79.3553036882172,0
univ3-conc-c100,904,10000,319.773494861333,-409.8898121150143,409.8898121150143,-90.1163172536813,62230.83359644879,152445.1137102513,0.2898826551236397,2803,1641,309970.5239914008,-0.9999293371156852,0.9999781693069106,0.007066288431469503,20100.28088346132,103.56459739764196,0
univ3-conc-c100,905,10000,102.33073839102703,-324.44753316866223,324.44753316866223,-222.11679477763522,123962.52127383726,79627.88396915082,0.6088819417883972,5203,3722,833297.7144517959,1.0100907284433112,1.0101001709493902,201.00907284433111,0.0929009902967349,95.28967750177506,0
univ3-conc-c100,906,10000,18.008904939973014,-7735.4752808056355,7735.4752808056355,-7717.4663758656625,10961.533629917789,91312.03558579124,0.10717855760757118,852,1041,2121143.3122346606,-0.9999781527412417,1.0100999912298323,0.002184725875828884,20100.778820162916,176.99047483532598,0
univ3-conc-c100,907,10000,12.723067551709342,-9040.227592783478,9040.227592783478,-9027.504525231769,11878.218029281987,90045.54299725402,0.11654022486659882,654,1038,2231893.7414946165,-0.9999778836951221,1.0101000824112225,0.0022116304877947985,20100.776068377047,116.46277568617353,0
univ3-conc-c100,908,10000,63.52350977729775,-4567.657372715603,4567.657372715603,-4504.133862938305,24736.086172018844,137687.73963446557,0.15229345848243966,1356,1413,1847265.8434687979,1.0100975430211332,1.0101001422269693,201.00975430211332,0.025818066351661714,80.53688170807973,0
univ3-conc-c100,909,10000,187.744164775088,-2628.7461325879126,2628.7461325879126,-2441.0019678128247,29754.93978431422,129867.5774045937,0.18640816037940464,1163,1421,1441463.4368755056,1.010091399795189,1.0101000627599541,201.0091399795189,0.08601878028071042,63.95569969304597,0
univ3-conc-c100,910,10000,80.90304376003365,-2735.20785879057,2735.20785879057,-2654.3048150305362,13677.029065243936,239519.37356033732,0.05401746993012808,598,523,891209.229269844,-0.9999781365524305,1.01010015480554,0.002186344756947454,20100.778619575867,185.42967231080868,0
univ3-conc-c100,911,10000,45.63583417120771,-5497.246029451284,5497.246029451284,-5451.610195280076,18848.32966909237,164310.61894472555,0.10290695492488981,1252,965,1601454.0268805544,1.0100995771223436,1.0101001383492234,201.00995771223435,0.005855555201786711,52.93232788898077,0
univ3-conc-c100,912,10000,121.3427303336685,-3949.6508068410826,3949.6508068410826,-3828.308076507414,25262.076638797997,188392.55999380493,0.118237905045975,1035,1001,1381155.977723324,-0.9999780053314986,1.0101001326526893,0.0021994668501392803,20100.77732425719,134.0828478532055,0
univ3-conc-c100,913,10000,34.39967057265084,-2653.018310843397,2653.018310843397,-2618.6186402707463,22090.939383261757,151995.69189840643,0.12689624252375314,1281,1130,1295277.0632437037,1.0100959363696904,1.0100999936865611,201.00959363696904,0.04154337607462999,74.17759602197118,0
univ3-conc-c100,914,10000,5.070399398566177,-1910.169400671996,1910.169400671996,-1905.0990012734298,5794.484712195666,116131.13465183703,0.04752475109349335,408,480,697259.3606230448,1.0100995602118552,1.0101000833672977,201.00995602118553,0.005955001295509854,80.71806694001118,0
univ3-conc-c100,915,10000,73.91378876862545,-3028.8043341171997,3028.8043341171997,-2954.890545348574,27141.786550969755,156708.5894776603,0.14762975816129473,1410,1328,1497134.5611623123,1.0100943508257503,1.0100998182007508,201.00943508257504,0.05710535860426469,91.80961420802007,0
univ3-conc-c100,916,10000,0.6301187898497519,-793.6555172430254,793.6555172430254,-793.0253984531756,1501.3732573715263,98312.64076934544,0.015041708040813362,113,120,228059.15245007258,1.0100997184547067,1.01009981339451,201.00997184547066,0.00437022020133615,31.36505247600264,0
univ3-conc-c100,917,10000,61.43465472654122,-1442.4228067494107,1442.4228067494107,-1380.9881520228696,9399.467124530329,260734.35534387344,0.03479559515591476,445,363,513088.27643998514,-0.9999781588062819,1.010100012619337,0.0021841193718083753,20100.778826782178,177.4678224861306,0
univ3-conc-c100,918,10000,33.653651296587064,-1009.9571965854254,1009.9571965854254,-976.3035452888383,2496.9882185131137,103606.59694919786,0.023533495259055463,92,139,257543.44346230547,-0.9999780065563562,1.0101000147288792,0.00219934436439198,20100.777245864032,114.53240818853689,0
univ3-conc-c100,919,10000,73.48994900514629,-1289.5270923754633,1289.5270923754633,-1216.0371433703172,6267.4344166292785,179258.12568446575,0.033782053606058814,288,277,413439.7015536025,-0.9999781106297806,1.010100044971714,0.0021889370219475577,20100.778325545947,224.58719251823345,0
univ3-conc-c100,920,10000,77.37350593227063,-7840.32753517147,7840.32753517147,-7762.954029239199,17437.308213868604,78806.38419964892,0.1811787118364914,1110,1515,2511237.033273894,1.0100939111772516,1.0101001344378988,201.00939111772516,0.061409458664879624,76.11630482573209,0
univ3-conc-c100,921,10000,1.3500511017992507,-859.6067535119251,859.6067535119251,-858.2567024101259,1429.5778467942966,95293.41880591448,0.01478012361349084,95,130,243619.82972467874,-0.9999781107028841,1.010099419261963,0.0021889297115935936,20100.778307719065,157.45369450939688,0
univ3-conc-c100,922,10000,83.60262253252627,-1682.5154835590777,1682.5154835590777,-1598.9128610265514,65216.821026673635,75164.3269445358,0.4645696517601413,2639,3904,2037170.3631689036,1.0100992482699382,1.010100165110587,201.00992482699382,0.009283596421541418,94.81008829113199,0
univ3-conc-c100,923,10000,202.18893640721748,-731.083443846887,731.083443846887,-528.8945074396695,41756.74598415781,136247.39609079342,0.23458300181899994,1928,1647,733092.1230708325,-0.9999770283889814,1.010099198955214,0.0022971611018652287,20100.767433504847,110.38617493415198,0
univ3-conc-c100,924,10000,22.285563131315794,-783.0441236042755,783.0441236042755,-760.7585604729596,16683.267328551065,62247.25015716841,0.21136650132275503,926,1556,882403.8383889536,-0.9999780139203149,1.0100993731476544,0.0021986079685084965,20100.777433129828,116.5546764444914,0
univ3-conc-c100,925,10000,127.01910327927918,-5474.8604873989725,5474.8604873989725,-5347.841384119693,8295.54636105516,112694.31154058756,0.06856398135287445,373,621,1332503.3627979585,1.0101000051214855,1.010100151452666,201.01000051214854,0.001600113021139049,91.18801028239726,0
univ3-conc-c100,926,10000,9.724159019886049,-1962.6857380631345,1962.6857380631345,-1952.9615790432485,4482.946241204232,105135.33695247622,0.040895972009372575,229,349,626300.2909471454,-0.9999776672494268,1.0101000075496245,0.0022332750573160476,20100.773801530384,103.07168258716703,0
univ3-conc-c100,927,10000,85.95593983940681,-4496.6713423120445,4496.6713423120445,-4410.715402472638,16359.018221961922,130469.21188139037,0.11141602817419254,662,1005,1558907.8537722623,-0.999977765995816,1.0101001345326655,0.00222340041840843,20100.774869117806,104.82748780615688,0
univ3-conc-c100,928,10000,176.93615326659452,-1358.112208516917,1358.112208516917,-1181.1760552503224,39904.31061759497,66732.66771919347,0.3742070643784218,1614,2753,1459513.6084088967,1.0100987257964165,1.0101001740031976,201.00987257964164,0.0143036502443437,83.2080907777807,0
univ3-conc-c100,929,10000,22.626334666578774,-3183.4005358694826,3183.4005358694826,-3160.774201202904,7684.592568668443,110888.86728825625,0.06480870658527607,350,506,911361.315571599,-0.9999780736384792,1.0101000623537726,0.002192636152068814,20100.777961744894,127.89647149898721,0
univ3-conc-c100,930,10000,10.493405522362137,-653.799420532791,653.799420532791,-643.306015010429,11867.70325479639,141640.5231070862,0.07730988453230701,896,725,535506.7768264759,-0.99997806952744,0.9999781297728508,0.002193047255998848,20100.7779576331,110.88951471751186,0
univ3-conc-c100,931,10000,61.02181550323216,-2091.2834994733644,2091.2834994733644,-2030.2616839701323,23150.51629948094,74388.03776774465,0.2373473394277008,901,1706,1445249.8008119909,-0.9999781215228707,1.0101000327495036,0.002187847712928262,20100.778540953685,107.36776649630849,0
univ3-conc-c100,932,10000,12.46852973784707,-119.00077898689777,119.00077898689777,-106.5322492490507,179548.44476123946,2572.533832873303,0.9858745881296486,10939,3812,630675.0262980446,-0.5095685591370455,0.9999781413096547,49.04314408629545,15121.783144364003,101.02862854195298,0
univ3-conc-c100,933,10000,39.143392678965796,-915.2166745929005,915.2166745929005,-876.0732819139347,3777.168248569184,239002.4203003779,0.015558014045351528,160,130,243780.43345347763,-0.9999776412955476,1.010100133101992,0.0022358704452469136,20100.773521595296,118.56551349852177,0
univ3-conc-c100,934,10000,22.20297153590783,-4761.19397936293,4761.19397936293,-4738.991007827022,8942.07917626283,147584.981546007,0.05712800799427903,527,617,1203123.3681956972,1.010094437800698,1.0101001446099631,201.0094437800698,0.05617340453798647,73.91346420600289,0
univ3-conc-c100,935,10000,65.85327109800366,-153.52338727600517,153.52338727600517,-87.6701161780015,2270.953485072061,128253.03022146308,0.017398744817488723,89,107,68778.08937257495,1.0101001160115035,1.0101001160115035,201.01001160115035,0.0004735359534001615,60.009998089698215,0
univ3-conc-c100,936,10000,19.648418419402457,-1968.6881780002516,1968.6881780002516,-1949.039759580849,16810.3404489952,41578.6533943784,0.2879025539314539,1350,2655,1817779.9810733416,-0.9999778715766433,1.0101001532128457,0.0022128423356591164,20100.77605836005,105.05855312620623,0
univ3-conc-c100,937,10000,119.20190057999447,-8050.860763164623,8050.860763164623,-7931.658862584628,25296.24819015792,198143.22455246295,0.11321297835005445,975,1078,2173492.001420461,-0.9999780909084699,1.0101000651566736,0.00219090915301539,20100.778201114543,150.2718954070977,0
univ3-conc-c100,938,10000,55.33530333375843,-4190.703057306042,4190.703057306042,-4135.367753972284,16539.438464962474,138902.9061544369,0.10640239958718645,1029,932,1417446.9785984685,-0.9999781023881442,1.0101001048333265,0.0021897611855711185,20100.77831083533,126.17586885449033,0
univ3-conc-c100,939,10000,27.34214885301957,-444.56178071195643,444.56178071195643,-417.21963185893685,140175.36252921724,18718.100797321145,0.8821971627690309,8500,5738,1381107.7899570866,-0.5263774026478202,1.0101001804046916,47.36225973521798,15291.626343508517,101.06099073645629,0
univ3-conc-c100,940,10000,51.65669204132246,-5090.085388389206,5090.085388389206,-5038.4286963478835,18084.977255443406,102377.1804755808,0.15012994616803002,868,1256,1928565.2511847503,-0.9999781254977924,1.010100125360254,0.0021874502207627233,20100.778556346377,120.78313631376483,0
univ3-conc-c100,941,10000,25.642793104467124,-314.9311191344541,314.9311191344541,-289.288326029987,2622.3876452787254,225764.4914129461,0.011482216737197827,103,105,131550.75725242888,-0.9999781340736057,0.9999781340736057,0.00218659263943476,20100.778545581565,169.26597924815883,0
univ3-conc-c100,942,10000,9.10906724876522,-410.99881088893767,410.99881088893767,-401.88974364017247,1690.9616457109123,174682.83670984933,0.009587374437001254,79,76,115629.40834251857,1.010097378911483,1.0100997702337724,201.00973789114832,0.027297533101119598,25.402786763145137,0
univ3-conc-c100,943,10000,15.081312055406066,-719.7847062914316,719.7847062914316,-704.7033942360255,9589.388665077988,217919.26329173218,0.04214955599534043,498,377,395494.3136814382,1.010099498407707,1.0101000197872931,201.0099498407707,0.006560437558194465,78.19488420272818,0
univ3-conc-c100,944,10000,39.88351245194346,-2272.0161870985303,2272.0161870985303,-2232.132674646587,7818.327994260812,119304.37131952374,0.06150221822274531,439,558,855542.8822211062,1.0100995428086927,1.0101001473691924,201.00995428086927,0.006129646696606983,79.20098667178127,0
univ3-conc-c100,945,10000,14.467820866542779,-2815.7690489169377,2815.7690489169377,-2801.301228050395,4436.48003088215,63979.2855494654,0.06484587277872295,277,517,880631.242512548,-0.9999781769143135,1.0101001285203983,0.0021823085686485696,20100.779013651456,173.7740876760304,0
univ3-conc-c100,946,10000,33.50452795833944,-4849.089642996902,4849.089642996902,-4815.585115038562,7819.2038151802535,76362.90190788709,0.09288439328071663,401,735,1381502.550797718,1.0100999600692486,1.010100160065704,201.00999600692487,0.0020487376166413718,52.164583536131765,0
univ3-conc-c100,947,10000,23.48125654044209,-6329.118489498632,6329.118489498632,-6305.63723295819,7923.653441151448,112602.93803370735,0.06574195241225485,385,682,1470047.246830785,-0.9999780837420197,1.010100153256466,0.002191625798039984,20100.778075740465,128.16906905538224,0
univ3-conc-c100,948,10000,81.05794327919479,-2623.382256219133,2623.382256219133,-2542.3243129399384,10381.665345432426,78000.44503606454,0.11746342444891263,437,895,1124406.202193396,1.010095241490189,1.0101001635601075,201.0095241490189,0.04830439972356598,83.92570193792658,0
univ3-conc-c100,949,10000,3.083389759617515,-378.56441368903086,378.56441368903086,-375.48102392941337,1577.27513006256,252056.72512298173,0.00621870541208573,65,66,112744.88316551602,1.0100999436985834,1.0101000152379185,201.00999436985833,0.002159525621124203,70.36953262042883,0
univ3-conc-c100,950,10000,4.225346694269792,-95.46187668880573,95.46187668880573,-91.23652999453594,73595.86872823833,129.35529129388433,0.9982454405121968,5930,3531,552798.5157384392,0.7876257295104196,0.8542321285013156,178.76257295104196,2185.288721333722,98.44005129273961,0
univ3-conc-c100,951,10000,111.3458489977666,-3888.4930575461335,3888.4930575461335,-3777.147208548367,17297.19384746753,134604.246877211,0.11387116386090573,920,863,1235307.1644213814,-0.9999780729193801,1.0101001388814492,0.0021927080619860285,20100.778001448758,148.9629282748829,0
univ3-conc-c100,952,10000,12.702146540198163,-163.6882886528736,163.6882886528736,-150.98614211267545,189831.55442234135,311.04692367860656,0.9983641386965535,11812,4517,802598.5380120192,0.6768536549616602,0.7459237208963768,167.685365496166,3276.9655629281906,98.64640832164508,0
univ3-conc-c100,953,10000,15.696898116181591,-643.4675017961081,643.4675017961081,-627.7706036799265,9033.22193393258,150374.84582447726,0.05666728203256838,617,479,418882.7092035272,-0.9999779701768358,1.0101001565252081,0.002202982316412548,20100.776917584877,119.56303624451994,0
univ3-conc-c100,954,10000,8.54153749604008,-2464.881884552404,2464.881884552404,-2456.3403470563635,10207.990625519371,116596.64194777978,0.08050171684081545,775,937,1168245.7397644834,1.010098827090842,1.010100169607405,201.0098827090842,0.013181497690617744,73.36659174298256,0
univ3-conc-c100,955,10000,17.9071754489464,-6554.298760463396,6554.298760463396,-6536.39158501445,18658.905850338273,145876.29980171664,0.11340372886394018,1066,1007,1933264.5536945984,1.0100970893599168,1.0101000850415738,201.00970893599168,0.030229435415260686,44.53245722914996,0
univ3-conc-c100,956,10000,38.66764055412554,-131.90591906804102,131.90591906804102,-93.23827851391547,13135.99500696333,303905.70312143234,0.04143301996081131,449,308,134516.47396595625,-0.9999781681527865,0.9999781733697567,0.0021831847213440187,20100.7789202162,107.41825791751016,0
univ3-conc-c100,957,10000,154.4551912104424,-3144.2043288861055,3144.2043288861055,-2989.749137675663,19596.60441708744,169948.34588247436,0.1033876364741791,1012,838,1215877.6295573246,1.010099883835759,1.0101000893889278,201.00998838357592,0.002829571823332655,79.42004567793134,0
univ3-conc-c100,958,10000,202.70170871930733,-1417.097447760575,1417.097447760575,-1214.3957390412677,53022.52668350263,93231.50766642488,0.3625371903016425,2256,2615,1373988.3520171705,-0.9999777956819723,1.0101001249699346,0.0022204318027704006,20100.77532969653,103.19117791931505,0
univ3-conc-c100,959,10000,72.57826887954286,-6593.694119692812,6593.694119692812,-6521.115850813269,17914.426653697803,151855.29704386703,0.10552191676774678,1119,933,1738552.2026148634,1.0100935538115559,1.0101001362934239,201.0093553811556,0.06488103906130505,63.97954373227681,0
univ3-conc-c100,960,10000,81.94147282448506,-1583.6964550059122,1583.6964550059122,-1501.754982181427,30043.767579816107,156830.08839341404,0.16077030905874765,1593,1287,1052811.8875130757,1.010095269390842,1.0101001372495375,201.0095269390842,0.048103240886377546,80.69917607259077,0
univ3-conc-c100,961,10000,15.364860303943248,-4069.0691911823133,4069.0691911823133,-4053.70433087837,10213.082348855163,54823.469731489255,0.1570360362314133,852,1340,1764527.4967536738,-0.9999780111578876,1.010100123447586,0.0021988842112418,20100.777394407607,108.08405333850828,0
univ3-conc-c100,962,10000,90.44874553643749,-200.34450303524196,200.34450303524196,-109.89575749880447,19401.52288534475,142303.18083612475,0.11998119064466531,1234,865,260124.49501478046,-0.999978100931795,0.999978176266648,0.002189906820505452,20100.778299595135,113.53587072471963,0
univ3-conc-c100,963,10000,3.457665978754178,-1137.9943240819737,1137.9943240819737,-1134.5366581032195,2994.4961594700712,182010.49538490482,0.016186029006421798,167,146,287278.85496447195,1.0100993000283975,1.0101000521457024,201.00993000283975,0.008476857714237784,87.66726353746705,0
univ3-conc-c100,964,10000,15.768054528230945,-1660.0932258480593,1660.0932258480593,-1644.3251713198283,3776.684599203355,156920.08344531967,0.023501932522731122,241,228,442287.87219397724,1.010096593504344,1.0101000824032915,201.0096593504344,0.03501039574231868,61.096299341296785,0
univ3-conc-c100,965,10000,8.74825279962197,-52.500156611221044,52.500156611221044,-43.75190381159908,142861.71240392327,26.85121135563974,0.9998120828520053,9125,2399,341032.8665333322,-0.03232162857244518,0.5388402225932017,96.76783714275548,10323.321341763367,100.07319535446113,0
univ3-conc-c100,966,10000,233.40894684035595,-1231.355279410023,1231.355279410023,-997.9463325696671,118518.51447510794,72369.12321785357,0.6208810371771812,5731,4697,1738228.2593059354,-0.9999774254460442,1.010100179466547,0.0022574553955777565,20100.77182849437,103.84998603647017,0
univ3-conc-c100,967,10000,249.15092263082852,-4582.778796874268,4582.778796874268,-4333.627874243439,22033.876723996316,133378.82120948145,0.1417765537628567,799,1272,1758184.9467464269,1.0100936627106898,1.010100095609979,201.00936627106898,0.06381568793568704,83.88825720589213,0
univ3-conc-c100,968,10000,234.68053402891792,-3058.877907531558,3058.877907531558,-2824.19737350264,28599.308874817627,211912.43598769378,0.11891023821379879,985,931,1226181.3374073084,1.0100962110046903,1.0101000355181613,201.00962110046902,0.038831017127545664,92.76347330671241,0
univ3-conc-c100,969,10000,1.6143142592711444,-1082.378422702515,1082.378422702515,-1080.764108443244,2449.8259292265193,179879.68568251966,0.01343625564271349,109,130,281803.02053151163,1.0100999321704722,1.0101001271136447,201.00999321704722,0.0022770315542128827,62.133199381701424,0
univ3-conc-c100,970,10000,1.0885914980213913,-303.167028095621,303.167028095621,-302.0784365975996,2686.291465700601,195112.32306439287,0.013580941767880297,132,133,149958.13599627686,-0.9999780915572335,0.9999780915572335,0.0021908442766597072,20100.77811420083,181.17236352138633,0
univ3-conc-c100,971,10000,161.27012661244544,-735.0959717236411,735.0959717236411,-573.8258451111957,71959.30902493649,112075.54002005282,0.3910091452697921,3104,2777,1017310.126855826,-0.9999781079525444,0.9999781688216564,0.0021892047455676347,20100.778564896376,108.39538477256826,0
univ3-conc-c100,972,10000,30.47597719461776,-826.9976835473439,826.9976835473439,-796.5217063527261,24771.41509463781,60822.77455397589,0.2894053345949168,1386,2353,1121635.873619332,-0.9999779912921859,1.0101001525546818,0.002200870781413093,20100.777265943983,110.90080125537601,0
univ3-conc-c100,973,10000,91.02840876767407,-7099.6128410753245,7099.6128410753245,-7008.584432307651,23563.282826905808,209964.91063268657,0.10090123371327749,1230,941,1807756.9686614908,-0.9999780953795806,1.0101001529788478,0.002190462041930842,20100.778250289222,153.51238374577542,0
univ3-conc-c100,974,10000,10.630654466743575,-226.83960838175264,226.83960838175264,-216.20895391500906,1956.5994998152344,100990.20416504412,0.019005927626319447,152,168,154828.57787718732,-0.9999781399702411,0.9999781399702411,0.0021860029758844378,20100.77861186403,117.57216251344016,0
univ3-conc-c100,975,10000,69.81998181913927,-1461.7385004821779,1461.7385004821779,-1391.9185186630386,5119.97512661693,113976.65720797777,0.042990091543753085,159,337,510820.9538883273,1.0100992821139252,1.0101001482308354,201.00992821139252,0.00866137012945023,64.16033880879931,0
univ3-conc-c100,976,10000,47.41078094191096,-149.4619551808516,149.4619551808516,-102.05117423894063,79882.06708236897,27320.141017369828,0.7451531875915121,4807,3245,530601.5220538379,-0.999976562655077,0.9999781623979076,0.002343734492299132,20100.76289644931,102.75298993868925,0
univ3-conc-c100,977,10000,171.1960204677183,-8323.045948767307,8323.045948767307,-8151.849928299589,47916.01931754974,91256.4414158478,0.3442923913613839,2366,2833,3543102.8417300987,1.0100984766347652,1.0101001829558687,201.0098476634765,0.01678873943323822,91.86459830000013,0
univ3-conc-c100,978,10000,0.20330410459512288,-739.7647599376907,739.7647599376907,-739.5614558330956,1662.2187103208953,114137.44700805709,0.014354261733046547,116,114,230760.81194760752,1.0100976715805485,1.0100996428134126,201.00976715805484,0.024432946720136073,23.8162423587413,0
univ3-conc-c100,979,10000,81.0734386426372,-4311.904397579175,4311.904397579175,-4230.830958936537,41399.06733089956,150354.87743387453,0.2158968222619049,2020,1961,2144181.599501943,-0.9999781576992146,1.0101001676306225,0.0021842300785359856,20100.778980599163,126.11982565019574,0
univ3-conc-c100,980,10000,80.25842437064874,-2821.848111584506,2821.848111584506,-2741.5896872138574,17495.99622058959,111098.67553927585,0.13605537446575694,1248,1104,1350806.8680876307,-0.999978000326627,1.0101001419917799,0.0021999673373032406,20100.77728979708,113.32141015727349,0
univ3-conc-c100,981,10000,68.20873941286442,-2423.150308606332,2423.150308606332,-2354.941569193468,8742.381978029458,173108.756077783,0.04807438694910069,387,375,626042.4398597472,-0.9999779920587227,1.010099971964836,0.0022007941277341764,20100.77712459257,133.91110719652707,0
univ3-conc-c100,982,10000,32.28654145638611,-1648.5939257595796,1648.5939257595796,-1616.3073843031934,26453.860856810494,173070.54851544087,0.1325845842122289,1426,1251,1079274.891941455,-0.9999781715329342,1.0101001721708622,0.0021828467065686087,20100.779052397702,137.53453606259666,0
univ3-conc-c100,983,10000,21.49377508575454,-328.48920164534275,328.48920164534275,-306.9954265595882,13072.974923146012,189032.44389283043,0.06468394068666403,579,536,308965.1002259655,1.010099341527293,1.0101001262687614,201.0099341527293,0.008108173531461427,82.94149992009324,0
univ3-conc-c100,984,10000,97.48934933247622,-788.12625042101,788.12625042101,-690.6369010885338,31853.892284485664,187579.95535081965,0.14516398735999106,1144,1084,672212.2986949604,-0.9999781014374356,1.0101001088027113,0.00218985625643264,20100.778312950613,132.2300375431944,0
univ3-conc-c100,985,10000,117.42130874278992,-187.9978860259648,187.9978860259648,-70.57657728317487,25516.53540221578,181183.45164466722,0.12344720368283431,1247,788,171771.6209682507,-0.9999779281160748,0.9999781750309121,0.0022071883925151355,20100.77653736351,108.3868371185161,0
univ3-conc-c100,986,10000,135.1402389559242,-614.3720884099733,614.3720884099733,-479.23184945404915,152741.82505092007,42852.6022570097,0.7809109244736014,6834,5338,1418815.484631726,-0.9999777948965363,1.0101001274131027,0.00222051034637194,20100.77568287953,105.05371503082581,0
univ3-conc-c100,987,10000,104.42679753658845,-3851.2462992569326,3851.2462992569326,-3746.8195017203443,60402.28466492755,86677.63806692147,0.4106766140681954,2327,3319,2760337.151793486,1.0100908108057611,1.0101001473301319,201.00908108057612,0.0919385465033713,94.71457169401732,0
univ3-conc-c100,988,10000,135.63594555280332,-1336.405498697628,1336.405498697628,-1200.7695531448246,208766.0319579528,47043.599908025295,0.8160991845190879,9776,6452,2342696.5086828223,1.0100996046418391,1.0101002261781193,201.0099604641839,0.006263710710903564,95.34830776808288,0
univ3-conc-c100,989,10000,46.19336739786907,-601.7570937697244,601.7570937697244,-555.5637263718553,30385.943212750873,166639.62651104562,0.1542233490574239,1246,1227,667261.6738478732,1.010099886273407,1.0101001467549202,201.0099886273407,0.002835560856309177,87.92640818545736,0
univ3-conc-c100,990,10000,12.698385980377266,-1022.5868945691051,1022.5868945691051,-1009.8885085887279,4098.126395056138,117980.00351297048,0.03356970161767433,217,273,358140.53613642236,1.010100058579203,1.010100058579203,201.0100058579203,0.0010489168160960904,63.800433732442364,0
univ3-conc-c100,991,10000,143.27120886344335,-4950.238981541743,4950.238981541743,-4806.967772678299,41920.07971178525,238838.51339156125,0.14931005049008267,1598,1428,1946668.3352195576,-0.9999781498829909,1.0101001686671842,0.0021850117009088676,20100.778850428127,131.43011031994297,0
univ3-conc-c100,992,10000,11.914241258059288,-1742.980190681005,1742.980190681005,-1731.0659494229458,8782.361054710176,242079.1757667576,0.0350087987420741,401,317,503865.44742591,-0.9999772579803428,1.0100999332026237,0.0022742019657139858,20100.76963277293,105.72201433928285,0
univ3-conc-c100,993,10000,8.393911878389813,-2150.6689507686638,2150.6689507686638,-2142.275038890274,2878.569169992228,106580.60459418243,0.026298107970319496,130,298,575844.8618951192,1.0100999165151552,1.0101000945382481,201.00999165151552,0.0024394546860309063,64.12596545006191,0
univ3-conc-c100,994,10000,134.84785494843425,-2008.3029315665365,2008.3029315665365,-1873.4550766181023,59077.863184733455,189764.09707595452,0.23741117905856077,2553,2118,1559305.6561322354,-0.9999779753343587,1.0101000524865997,0.002202466564130523,20100.77715298189,104.93080575184041,0
univ3-conc-c100,995,10000,230.4193965877482,-2429.728695507995,2429.728695507995,-2199.309298920247,10558.835155880854,285848.6019738764,0.035622706562718764,362,288,529492.3429902614,1.0100988404367266,1.0101000868843726,201.00988404367266,0.01299736826388509,75.38367126263556,0
univ3-conc-c100,996,10000,2.262295273432295,-1798.059106116017,1798.059106116017,-1795.7968108425846,4194.357717569514,203209.49642353223,0.02022314259751409,153,199,434059.1745733314,1.0100958236721989,1.010100093214107,201.00958236721988,0.04255028583072118,87.21507112732313,0
univ3-conc-c100,997,10000,83.11942581245344,-2215.214992834579,2215.214992834579,-2132.0955670221256,50098.76849113118,68949.40213562654,0.42082770551932186,3014,3558,2246046.1644575973,-0.9999779201614573,1.0101001731710857,0.002207983854277387,20100.776684433742,107.08728473357351,0
univ3-conc-c100,998,10000,102.7022988253797,-930.0920700479147,930.0920700479147,-827.389771222535,114984.10074190855,137110.64035603814,0.45611463468503544,4464,3617,1444396.8519184638,1.0100968184517902,1.0101001896115773,201.00968184517902,0.03317605676578639,96.25685765340556,0
univ3-conc-c100,999,10000,133.43462212795183,-454.7395527207032,454.7395527207032,-321.30493059275136,21974.387830302032,111480.6610747367,0.16465759827444315,882,1206,494998.70623407833,1.0100989293865539,1.0101001166965713,201.00989293865538,0.012194808141991587,90.08787327790438,0
univ3-conc-c1000,0,10000,31.647693371967772,-233.08189296153574,233.08189296153574,-201.43419958956798,4327.246098352921,151806.4356045142,0.027715007109023155,154,144,335231.7036634113,1.0009911962203437,1.0010004445697953,200.09911962203438,0.09236869308949736,88.19719749066152,0
univ3-conc-c1000,1,10000,7.575530451286453,-1384.2066601207705,1384.2066601207705,-1376.6311296694842,679.4266668228606,57615.41618637321,0.011655004689417572,33,47,359411.4912513735,1.0009938083331078,1.0009999884494007,200.0993808333108,0.06628945492674679,51.02014315808477,0
univ3-conc-c1000,2,10000,84.47568927907206,-256.2403115050612,256.2403115050612,-171.76462222598911,13476.45698313615,111362.41055764342,0.10795081090217325,801,537,552331.0143009798,1.0009970662917576,1.0010004160795574,200.09970662917576,0.03383795170952986,92.60684722629529,0
univ3-conc-c1000,3,10000,29.3255707108118,-3645.729063907401,3645.729063907401,-3616.403493196589,5061.277155479212,76899.51904790303,0.06175241566614198,361,412,1888565.416689034,1.0009929022038122,1.001000413688581,200.09929022038122,0.07536679181904304,95.23520454777344,0
univ3-conc-c1000,4,10000,101.19998351679686,-1772.3527812916502,1772.3527812916502,-1671.1527977748533,28852.964528440665,73431.32233592845,0.28208599202241336,1336,1493,3070605.723255897,1.0010004303149944,1.0010004303149944,200.10004303149944,0.0003415197817400184,99.79690512669549,0
univ3-conc-c1000,5,10000,13.96413883228295,-77.06308167603126,77.06308167603126,-63.09894284374831,512.8983002526528,145830.99869299677,0.0035047467697017242,31,23,53649.305585221715,1.0009992936854346,1.0010003586689182,200.09992936854346,0.011543863105510255,89.6630303027163,0
univ3-conc-c1000,6,10000,103.11487341125692,-8462.031843541452,8462.031843541452,-8358.916970130194,16131.277864138707,113568.74628459149,0.12437374603446931,1326,1003,4380652.908559496,-0.9997797236031464,1.0010004115423445,0.022027639685368274,20007.797446396977,112.87745809577848,0
univ3-conc-c1000,7,10000,65.84138402319574,-172.2949338090213,172.2949338090213,-106.45354978582556,103581.52950393732,53392.71353291957,0.6598632202329959,4064,2989,1479217.9160808974,1.000999868623819,1.0010004541352575,200.0999868623819,0.006150932847812873,99.57023518258744,0
univ3-conc-c1000,8,10000,114.34216425736459,-13327.754212212441,13327.754212212441,-13213.412047955077,16634.632307271364,263403.33813024644,0.05940134575779927,653,559,3315271.474066452,-0.9997794960980657,1.0010004426531214,0.022050390193425688,20007.79510870915,118.34002263650147,0
univ3-conc-c1000,9,10000,58.91326412117258,-9615.244334145924,9615.244334145924,-9556.331070024751,9264.293582715709,195882.86295012548,0.045159259037707525,395,365,2444113.5560807767,-0.9997792490862659,1.0010004482193906,0.02207509137340338,20007.79261167298,153.7840946317001,0
univ3-conc-c1000,10,10000,297.45297092297267,-399.34163782718986,399.34163782718986,-101.88866690421719,46865.31161223351,108370.55722495573,0.3018974413792579,2064,1430,702137.914050254,-0.9997791450956304,1.0010004382895372,0.022085490436969155,20007.791706036474,101.48687291166948,0
univ3-conc-c1000,11,10000,174.52371456466145,-9390.83768091286,9390.83768091286,-9216.3139663482,10276.710474151167,136415.82707824328,0.07005612313769277,367,448,2728651.8632376078,1.000999589774127,1.001000452303066,200.0999589774127,0.008627389339238858,95.23554058680836,0
univ3-conc-c1000,12,10000,387.30328936479657,-876.791147063179,876.791147063179,-489.4878576983824,128543.73351665596,174244.8809648196,0.42453291626168527,5147,2790,2158567.613687271,-0.999774742484822,1.0010004699053183,0.022525751517802783,20007.747819159795,101.37104955938125,0
univ3-conc-c1000,13,10000,282.5312828399343,-716.7444093872513,716.7444093872513,-434.21312654731696,56970.37542507398,230188.67077131008,0.1983931071637309,1986,1173,1229682.6674730673,-0.9997748495372056,1.0010004627208806,0.022515046279443854,20007.74864860346,100.44654210855664,0
univ3-conc-c1000,14,10000,39.29695823552338,-2970.508171063695,2970.508171063695,-2931.2112128281715,1334.3430690606237,133158.54715218252,0.009921290760170343,69,99,779398.6469750107,1.000996744167506,1.001000408506367,200.09967441675062,0.03699421379786827,62.80895993167865,0
univ3-conc-c1000,15,10000,194.39746162218785,-2095.4189918434695,2095.4189918434695,-1901.0215302212816,27504.725315118147,178234.09703619842,0.13368758020861754,901,824,2239005.20289261,1.0009986288572525,1.0010004547472715,200.09986288572526,0.018263393601669398,92.84026173414608,0
univ3-conc-c1000,16,10000,557.3891353643913,-8551.301379653101,8551.301379653101,-7993.91224428871,10414.351082600853,246325.95031729652,0.040563756550162776,415,362,1914665.784814222,1.0009965818452562,1.0010003703379897,200.09965818452562,0.038644954919539676,33.40793782367383,0
univ3-conc-c1000,17,10000,37.15611695948733,-2043.4988135997035,2043.4988135997035,-2006.3426966402162,2628.954396363843,119155.81318183547,0.021586890122984904,148,136,755884.2774332799,-0.9997797528181925,1.0010003997080184,0.022024718180745285,20007.7976355782,139.045628647001,0
univ3-conc-c1000,18,10000,753.0054165602871,-1388.0807318734753,1388.0807318734753,-635.0753153131882,78807.88087651582,195946.47872447412,0.28683031996640196,2678,1555,1373612.6234792615,1.0010002917122893,1.0010004628827025,200.10002917122893,0.0017918913131907133,93.76140412178559,0
univ3-conc-c1000,19,10000,43.820027565040235,-282.05667724603023,282.05667724603023,-238.23664968099,736.0617084807022,134966.4229068005,0.005424084242580005,61,42,199707.22775523443,-0.999779762761802,1.0010003563542318,0.022023723819793242,20007.79772588128,112.35294496405139,0
univ3-conc-c1000,20,10000,34.48818154691932,-3022.83963476344,3022.83963476344,-2988.3514532165204,9313.224141598914,177123.5595655595,0.04995379107283604,409,364,1691251.1759022553,1.0009969724590768,1.001000312303731,200.0996972459077,0.03474630856241134,96.08783510341532,0
univ3-conc-c1000,21,10000,15.732960692806662,-2952.989851070884,2952.989851070884,-2937.2568903780775,1546.7587107529055,240011.84169412288,0.006403244215525288,95,86,584380.1754285512,1.0010003796605977,1.0010003796605977,200.10003796605977,0.0007122022399710382,66.664639588171,0
univ3-conc-c1000,22,10000,487.8577247434633,-5145.721277577219,5145.721277577219,-4657.863552833755,5431.62166488781,145529.97251539218,0.03598015571034119,194,187,1074752.090134731,1.0010003363703468,1.0010004006370459,200.10003363703467,0.0011536221631071042,57.98358028671422,0
univ3-conc-c1000,23,10000,30.27264813164144,-1241.9681867089569,1241.9681867089569,-1211.6955385773153,1727.596815956037,200472.69931317048,0.008543987565937005,60,52,283823.41395845514,-0.9997795798916012,1.0010003763026378,0.022042010839885846,20007.795893223058,163.8063401131231,0
univ3-conc-c1000,24,10000,-0.10212784081187709,-73.329859437103,73.329859437103,-73.43198727791487,28.161675304006604,209754.25015427163,0.0001342423087731719,4,2,9992.163372770405,-0.999779763436457,0.999779763436457,0.022023656354288247,20007.797727487556,179.83882562108087,0
univ3-conc-c1000,25,10000,61.82909653156085,-4274.626355535195,4274.626355535195,-4212.797259003634,6835.562789901328,176250.19717629833,0.03733530554841225,320,286,1529207.2091986989,1.001000316802363,1.0010003703981092,200.1000316802363,0.0013603457267942903,91.09577641654727,0
univ3-conc-c1000,26,10000,6.545903494275216,-1432.5455874771694,1432.5455874771694,-1425.999683982894,751.9709785952709,176108.13340533408,0.0042517840935052615,46,43,274912.46371656825,1.000993392880593,1.0010003268630288,200.0993392880593,0.07043610000735612,48.704627688688795,0
univ3-conc-c1000,27,10000,47.712834139014475,-14331.21552069842,14331.21552069842,-14283.502686559406,5942.808321268568,91796.10091078945,0.06080289178548912,275,430,3458878.366696737,1.001000041764922,1.0010004139573463,200.1000041764922,0.0041104978751311805,84.40924722637783,0
univ3-conc-c1000,28,10000,4.162593364654119,-1462.257034025733,1462.257034025733,-1458.0944406610788,1020.2625283165839,105120.45028530799,0.009612357984707444,41,65,472723.8846499076,-0.9997797549108953,1.0010001767995491,0.022024508910457385,20007.797646452775,205.51212060341794,0
univ3-conc-c1000,29,10000,94.50543185834277,-847.6582615681915,847.6582615681915,-753.1528297098487,15375.160840821794,162999.3940939826,0.08619593106450295,553,483,1104021.283452028,1.0009979477217448,1.001000450147625,200.09979477217448,0.0250269422214231,86.58439095986556,0
univ3-conc-c1000,30,10000,95.73056914212827,-7063.941042083393,7063.941042083393,-6968.210472941265,8582.856044607308,123223.19106877693,0.0651173161821933,461,498,2701636.7481687665,1.0010003449042868,1.0010004241853014,200.10003449042867,0.0010996323844314482,52.14392420479111,0
univ3-conc-c1000,31,10000,147.1972613557829,-2757.620305077888,2757.620305077888,-2610.4230437221054,10569.487482935565,218435.18043739174,0.04615402637387628,419,312,1196028.1360107076,-0.9997796222734441,1.0010004295976682,0.02203777265559473,20007.796349424127,110.67588266666739,0
univ3-conc-c1000,32,10000,2.9417599908596337,-668.7231378773434,668.7231378773434,-665.7813778864838,495.81092560992766,125357.2406889012,0.003939601934553008,41,38,185598.26128777175,-0.9997797784832079,1.0010003333043513,0.02202215167920806,20007.797882063573,150.5462407016785,0
univ3-conc-c1000,33,10000,6.547290912943097,-420.61353029050036,420.61353029050036,-414.0662393775573,2107.62349754727,115132.95761462409,0.017976911045252966,82,72,259555.16699582586,1.0009993621038928,1.0009999305179695,200.09993621038927,0.010865996472975148,65.08150843612081,0
univ3-conc-c1000,34,10000,91.12053183992755,-1158.057937934788,1158.057937934788,-1066.9374060948605,9148.644411568554,168033.92099505005,0.05163399903694366,413,312,896540.3472712215,-0.9997769271481087,1.001000349703098,0.022307285189133746,20007.7693438862,101.14182694135982,0
univ3-conc-c1000,35,10000,19.769631192143056,-7726.424574647305,7726.424574647305,-7706.6549434551625,5079.669937730899,154780.87069686604,0.03177563342126943,401,290,1805919.5138943698,1.0009972417083004,1.0010003971895756,200.09972417083003,0.03205437128624489,48.53289564999783,0
univ3-conc-c1000,36,10000,132.433390393711,-642.3261464010428,642.3261464010428,-509.89275600733185,15539.075394901884,200072.3965110712,0.07206979877990159,837,459,729499.9533981218,1.0009975927448522,1.0010003244987178,200.09975927448522,0.02858286279342037,93.57010798548743,0
univ3-conc-c1000,37,10000,14.615018803835278,-5591.077052176208,5591.077052176208,-5576.462033372372,3512.189587460665,100927.97852474042,0.033628723995230314,243,313,1956632.088902323,-0.9997797097013739,1.0010003816666129,0.02202902986260369,20007.79721604005,120.57881934574904,0
univ3-conc-c1000,38,10000,137.36244524780813,-1623.0673820842846,1623.0673820842846,-1485.7049368364765,4450.269855008458,84296.77129513213,0.05014555750066725,153,201,786583.6708148164,1.000991838285273,1.0010004191562425,200.0991838285273,0.08596313930161159,71.98237568592819,0
univ3-conc-c1000,39,10000,59.88420229814951,-4093.6224512978215,4093.6224512978215,-4033.738248999672,6683.96495822261,156449.3940772867,0.040972398274271474,404,352,1698915.2197016326,1.0009997811512827,1.0010004487148922,200.09997811512827,0.00671344378099592,63.832420655588194,0
univ3-conc-c1000,40,10000,93.86884488472866,-997.8868546705745,997.8868546705745,-904.0180097858458,28909.870025561522,106114.22493979205,0.21410897094314635,1241,1238,2205981.18041403,-0.9997794665777165,1.0010004316475547,0.022053342228350932,20007.794876998218,103.824823994845,0
univ3-conc-c1000,41,10000,21.709426929986925,-2767.3335168998397,2767.3335168998397,-2745.624089969853,5162.750209979501,223619.71564099757,0.02256619706749022,261,206,1073592.0382289325,-0.9997797394684236,1.001000348127319,0.022026053157643114,20007.797511050503,123.15711283826744,0
univ3-conc-c1000,42,10000,96.05324172344228,-895.3683927031916,895.3683927031916,-799.3151509797493,11063.43096986892,134590.056765886,0.07595719911589234,346,323,839267.0835429167,-0.9997796471648357,1.001000448951591,0.02203528351642895,20007.796595082466,131.86361333046014,0
univ3-conc-c1000,43,10000,177.13938967255788,-3266.5541700332715,3266.5541700332715,-3089.4147803607134,13488.67219733845,254763.88725331915,0.050283479959935144,452,321,1335727.9100584616,-0.9997788678403748,1.001000448871023,0.02211321596251581,20007.788792199746,104.65399671555824,0
univ3-conc-c1000,44,10000,49.538945899330706,-6123.869300835018,6123.869300835018,-6074.330354935688,7126.859360622641,102462.72153824384,0.06503227133608243,228,324,2055744.764265386,-0.9997792682191432,1.0010003942767856,0.02207317808567586,20007.7927924259,202.93007228776162,0
univ3-conc-c1000,45,10000,280.9633700614626,-422.12404020630817,422.12404020630817,-141.16067014484554,29794.92066966138,177059.85249634206,0.14403786875998553,1537,833,540628.9652410309,-0.9997796174539534,1.0010000984034537,0.022038254604664714,20007.796383687055,102.2127090536692,0
univ3-conc-c1000,46,10000,515.6710769437088,-2640.3973666237507,2640.3973666237507,-2124.726289680042,55043.23142668472,241232.38624363134,0.18578387198886773,1940,1199,2113656.7599150706,-0.9997796662573257,1.0010004576495013,0.022033374267418,20007.796910308207,102.77217781739873,0
univ3-conc-c1000,47,10000,49.27465239695474,-187.4340267602994,187.4340267602994,-138.15937436334465,2855.1461805034396,234464.7327217222,0.012030792336952702,87,74,187641.61356334263,1.0009971459287805,1.0010003435667363,200.09971459287806,0.03298437089737999,79.6674381363814,0
univ3-conc-c1000,48,10000,62.318661583460774,-791.4224964821216,791.4224964821216,-729.1038348986608,1918.9197782323379,140292.4014213725,0.013493438933310958,88,83,363758.99191948684,1.0009997233928372,1.0010003661516027,200.0999723392837,0.007261751857527088,70.09697829734397,0
univ3-conc-c1000,49,10000,64.4579702721433,-2846.1978297513974,2846.1978297513974,-2781.739859479254,16390.462959569824,150489.39581277646,0.0982171430401875,1073,720,2373985.6876920727,-0.9997797660644947,1.001000449486553,0.022023393550519202,20007.797842896696,126.28308410483056,0
univ3-conc-c1000,50,10000,132.24517958085798,-15666.386021624292,15666.386021624292,-15534.140842043435,10110.260722676989,113203.4047630207,0.08198816151361268,356,591,4137397.224020697,1.000996003936529,1.0010004424877719,200.0996003936529,0.04441922444495816,97.35866611043825,0
univ3-conc-c1000,51,10000,31.0000553224242,-1239.8669840182354,1239.8669840182354,-1208.866928695811,2873.1544500023047,143745.94122837353,0.019596045363046478,121,112,563363.4928917713,-0.9997794853217399,1.0010003816224649,0.02205146782602049,20007.794952428787,117.11257224741712,0
univ3-conc-c1000,52,10000,84.6593675014123,-4898.737304137833,4898.737304137833,-4814.077936636421,7204.238967613323,133106.9663521808,0.051344715849269376,286,298,1516272.8347722075,-0.9997797543528777,1.0010004021922367,0.02202456471222914,20007.797666046627,125.65909739566708,0
univ3-conc-c1000,53,10000,6.240249820313501,-799.056127947485,799.056127947485,-792.8158781271716,706.6398044287404,135155.4988890907,0.005201153251552979,47,64,344287.39004772133,1.0009990900494472,1.0010003796926754,200.09990900494472,0.01357937095032069,41.85639581894704,0
univ3-conc-c1000,54,10000,0.13909729896933043,-25.704264748694108,25.704264748694108,-25.56516744972478,42.63722543596914,76520.19938416235,0.0005568919246472108,5,5,15508.414735284652,1.0009994307810093,1.0009994307810093,200.09994307810092,0.01017353221183459,50.51369382026857,0
univ3-conc-c1000,55,10000,12.215432324767384,-1379.0595908685393,1379.0595908685393,-1366.844158543772,3234.8849971933773,245902.1172326623,0.012984361890205486,184,143,670746.5218828728,1.000998457258053,1.0010004462650883,200.0998457258053,0.01990551477270941,60.546112460192404,0
univ3-conc-c1000,56,10000,72.02798652114772,-14266.1708751321,14266.1708751321,-14194.142888610953,6764.405670358026,99874.32781397295,0.0634329145643122,297,459,3467476.778280447,-0.9997796940758967,1.001000450431107,0.022030592410325456,20007.797069175533,146.04832612510074,0
univ3-conc-c1000,57,10000,85.29563887387224,-4635.522055720526,4635.522055720526,-4550.226416846654,4761.32956520823,156266.6170289989,0.029568343047973233,268,254,1262348.331437279,1.0009964016798392,1.0010004263996537,200.09964016798392,0.04042952419918805,77.67038526056504,0
univ3-conc-c1000,58,10000,24.675706806813356,-1160.4071253343675,1160.4071253343675,-1135.731418527554,2700.0503631472607,212699.41030171327,0.012535084140012134,118,114,611566.4334811461,1.0009987957464686,1.001000377765541,200.09987957464685,0.016522380529307767,72.28276224227757,0
univ3-conc-c1000,59,10000,323.0537287900737,-784.1886482709915,784.1886482709915,-461.1349194809178,67593.92989686466,91281.77295680543,0.42545164982918093,2476,2213,2073190.6866256087,1.0009904988172698,1.0010004513809536,200.09904988172698,0.09954700393932114,97.70721160064947,0
univ3-conc-c1000,60,10000,28.816681528115268,-14160.403083502055,14160.403083502055,-14131.58640197394,7588.680881140804,152315.84546246158,0.04745757393279955,586,498,3505114.0415587476,1.0009944364028456,1.001000371385885,200.09944364028456,0.06007123575263704,92.56558696223887,0
univ3-conc-c1000,61,10000,63.00775854549649,-3017.2334860324668,3017.2334860324668,-2954.2257274869703,7963.934141162563,103614.10091742966,0.07137546504543224,482,493,1936587.8326725955,-0.9997797239018508,1.0010003907248655,0.02202760981492135,20007.797379979074,103.92595555353815,0
univ3-conc-c1000,62,10000,10.627893590938685,-401.8739938547586,401.8739938547586,-391.2461002638199,1981.5793673404146,108457.98951731213,0.01794265757601838,155,144,378558.3894757722,-0.9997797676231286,1.0010004269687025,0.02202323768713824,20007.797784692644,137.42372466016568,0
univ3-conc-c1000,63,10000,247.5888580124654,-2434.4401522600083,2434.4401522600083,-2186.8512942475427,37646.559708182074,238899.73440394053,0.1361311306992915,1680,1018,2497005.3055806914,1.0010003976327277,1.0010004178168248,200.10003976327278,0.0006612136976000826,98.96920325179053,0
univ3-conc-c1000,64,10000,191.81153249743073,-5070.407109735082,5070.407109735082,-4878.595577237651,7128.254592480186,207335.45271858558,0.03323757983042377,202,192,1270607.2261625452,1.0009998072214248,1.0010004219162267,200.09998072214248,0.00643541366962519,74.15403615226887,0
univ3-conc-c1000,65,10000,58.32815628574668,-395.81516220125565,395.81516220125565,-337.487005915509,12353.009361193454,41360.35381976092,0.22998018797626826,1147,1197,1363401.2406338297,-0.9997774622922122,1.0010004333050049,0.022253770778776348,20007.774789093968,102.73393851923394,0
univ3-conc-c1000,66,10000,156.42297866864783,-468.7957244156487,468.7957244156487,-312.37274574700086,8561.720864632312,104011.33698255368,0.07605479524465393,244,269,500424.69074759074,1.001000248308635,1.0010004236296988,200.1000248308635,0.0020392184783871725,94.85584061218105,0
univ3-conc-c1000,67,10000,10.834569899784533,-5290.907628739187,5290.907628739187,-5280.073058839403,2763.3060401082685,105651.49104552585,0.025488273873958394,153,201,1422469.315339615,1.0009966693749432,1.0010003827908158,200.09966693749433,0.03775000356238323,72.42108641022617,0
univ3-conc-c1000,68,10000,1.511451060521864,-1005.2711138163354,1005.2711138163354,-1003.7596627558136,744.5404836295972,140805.08297572602,0.005259925568388274,67,41,275835.77531995904,1.0009992101511518,1.0010004016120908,200.09992101511517,0.012380267250645005,58.40932061697143,0
univ3-conc-c1000,69,10000,78.75094660368258,-4304.911315321504,4304.911315321504,-4226.160368717821,7318.016366339443,121008.61452559737,0.05702648246490556,307,355,1699819.3754070695,-0.9997797286336025,1.0010003895172852,0.022027136639749503,20007.797412831427,134.91793217780622,0
univ3-conc-c1000,70,10000,121.09026244398001,-243.95891743024757,243.95891743024757,-122.86865498626756,5914.0448915368515,146312.94593691613,0.038850172754196284,197,167,283737.17743938795,1.0009928347507235,1.0010003802443146,200.09928347507235,0.07601951711673394,94.92072900346442,0
univ3-conc-c1000,71,10000,0.9026495573049261,-316.11458336033195,316.11458336033195,-315.211933803027,334.8668934770282,128369.22026305107,0.0026018357371181836,25,31,134158.07454966058,1.0010002001879013,1.0010002001879013,200.10002001879013,0.0024969885767429645,68.45710391780875,0
univ3-conc-c1000,72,10000,31.784009121090556,-2385.989527693561,2385.989527693561,-2354.2055185724703,7871.554266966566,77700.27500643194,0.09198768255633838,641,628,2306676.2501446917,1.0009988765601683,1.001000448087614,200.09988765601682,0.015767110514225635,96.37060832147118,0
univ3-conc-c1000,73,10000,17.592262426363533,-2805.5907570537324,2805.5907570537324,-2787.998494627369,1681.2872386787576,57761.830573538275,0.028283967943774503,137,202,1197364.621643662,-0.9997793735333883,1.0010003837210217,0.022062646661163445,20007.793837066794,100.67828776070691,0
univ3-conc-c1000,74,10000,90.2507466846789,-343.6157350856946,343.6157350856946,-253.3649884010157,12935.076723865957,208693.355476096,0.05836379653760045,443,346,628637.4839854842,1.0010004430049153,1.0010004458882849,200.10004430049153,0.0001098684243369813,95.90659946873016,0
univ3-conc-c1000,75,10000,4.45163099430486,-2687.470033389722,2687.470033389722,-2683.0184023954175,1643.744442718097,147672.02900164045,0.011008511725190417,124,101,821197.4434240434,1.0009965941792887,1.0010002206301087,200.09965941792888,0.03849427295655622,91.22287163918266,0
univ3-conc-c1000,76,10000,76.75617953479548,-2521.3581123597696,2521.3581123597696,-2444.601932824974,6342.4807279083425,76958.16454652633,0.07613963501738776,254,270,1164940.8735240204,-0.999779721727242,1.001000406872179,0.022027827275789613,20007.797335296495,125.84233488930936,0
univ3-conc-c1000,77,10000,126.071000259181,-3433.4482128075033,3433.4482128075033,-3307.3772125483224,24765.27607597797,70427.57453343885,0.2601589921662468,1099,1315,3842785.096990464,1.0009982301454428,1.0010004399192207,200.09982301454428,0.022274829274174124,95.62363522688833,0
univ3-conc-c1000,78,10000,18.046737191832342,-9763.567284393399,9763.567284393399,-9745.520547201566,7356.955443132427,127975.94895912602,0.05436191202447623,569,506,3231671.480729546,1.000998879359892,1.0010004440091191,200.09988793598922,0.01572886882803104,84.69556416044391,0
univ3-conc-c1000,79,10000,112.79663187599985,-152.86004202530555,152.86004202530555,-40.063410149305696,36558.39443800521,106222.87594297371,0.25604474830947754,3026,1233,395295.82354367373,-0.9997796871537663,1.0009996528971512,0.02203128462336917,20007.7971763632,102.00281131785363,0
univ3-conc-c1000,80,10000,7.050529994196117,-3141.3264007960347,3141.3264007960347,-3134.2758708018387,1619.739188595348,90181.3489401692,0.01764400860176543,94,145,1012741.9145846351,-0.9997795244431436,1.0010004071779508,0.022047555685643438,20007.795344378537,113.19352804042104,0
univ3-conc-c1000,81,10000,21.11155839534996,-3937.0730545660936,3937.0730545660936,-3915.9614961707434,2871.460118819333,80194.99071526066,0.03456822929096722,178,253,1588160.634622665,1.0009989904477055,1.0010003367665377,200.09989904477055,0.014590109731013712,74.05978472305385,0
univ3-conc-c1000,82,10000,22.32577608514816,-916.3920613589346,916.3920613589346,-894.0662852737864,2847.4794864427486,163595.66594330283,0.017107820686101182,97,95,379871.15794825787,-0.9997796615594369,1.00100033705949,0.022033844056306776,20007.796716418332,143.70313277411483,0
univ3-conc-c1000,83,10000,91.32886297167978,-3221.8413551516073,3221.8413551516073,-3130.5124921799274,7618.746244396052,105858.63979280509,0.06713889445689565,300,371,1780660.800843314,1.001000111128545,1.0010004335733769,200.1000111128545,0.0034158916337675427,91.19295798900148,0
univ3-conc-c1000,84,10000,16.009972180848386,-1262.1808860650838,1262.1808860650838,-1246.1709138842355,2861.0064156295903,218850.03248731155,0.012904212752717551,128,93,460326.2931864435,-0.9997797777714124,1.0010002978982016,0.0220222228587691,20007.797882205523,140.58364303972618,0
univ3-conc-c1000,85,10000,66.14376643136418,-6145.735816413524,6145.735816413524,-6079.59204998216,13566.071147326295,126657.94436559934,0.09674570434816707,749,684,3123508.9425029694,1.0009966143604492,1.001000452805333,200.09966143604493,0.038352792368360866,98.12149974691745,0
univ3-conc-c1000,86,10000,290.0598477887602,-781.1343004417563,781.1343004417563,-491.0744526529961,76461.18408660563,79291.74122356923,0.4909133098741912,4580,2908,2329745.0031786915,1.0009998150260109,1.0010004494262916,200.09998150260108,0.006709487940743664,99.3576510960261,0
univ3-conc-c1000,87,10000,91.58760997554862,-5925.677014981551,5925.677014981551,-5834.089405006002,9990.46046233764,287882.39841007243,0.03353934460546781,442,312,1620847.311370611,1.0009957644490135,1.0010004145385556,200.09957644490134,0.04680155165043942,60.98923060627165,0
univ3-conc-c1000,88,10000,45.17297833599681,-2223.5884530029016,2223.5884530029016,-2178.4154746669046,2970.435941029447,185996.72400850308,0.015719323621219482,134,141,780825.7589289484,-0.9997796988800508,1.0010003242186556,0.02203011199491956,20007.79709400736,144.27266168576583,0
univ3-conc-c1000,89,10000,2.651362886851314,-73.76539377018887,73.76539377018887,-71.11403088333755,461.57275709293066,83042.53047494058,0.0055275458238304145,24,24,67360.62930187445,1.000997527074354,1.000998956961905,200.0997527074354,0.029174735903774535,82.74322143651109,0
univ3-conc-c1000,90,10000,228.12314365252337,-945.2427365794738,945.2427365794738,-717.1195929269504,46801.70741916627,271131.24938785064,0.14720621570406928,1606,983,1525452.2909818124,1.0010003802859557,1.0010004268197596,200.10003802859558,0.0008238206805292192,89.13127481907044,0
univ3-conc-c1000,91,10000,16.785563872343218,-4737.47632172435,4737.47632172435,-4720.690757852007,2534.442034854292,68526.26236276247,0.03566587266955508,172,245,1592920.3911597305,1.0009967790796566,1.0010004032510398,200.09967790796566,0.036657915324980195,90.47500892590769,0
univ3-conc-c1000,92,10000,60.43233676756169,-8573.898619083462,8573.898619083462,-8513.4662823159,8034.294845275791,119036.88345929587,0.0632267281414415,534,457,2690168.2838176354,1.001000067459601,1.0010004102947891,200.1000067459601,0.00386942596548287,46.34894965051198,0
univ3-conc-c1000,93,10000,61.92003112074254,-746.6705820887469,746.6705820887469,-684.7505509680043,13106.172964454925,270060.01403887715,0.0462843855163424,535,342,863255.7521219631,-0.9997795720642868,1.0010003801175467,0.022042793571313,20007.795854364405,108.74972911151411,0
univ3-conc-c1000,94,10000,81.23795558232767,-3146.817102688898,3146.817102688898,-3065.5791471065704,20613.820921973504,136887.7363683612,0.13088010859457389,1280,938,2816662.2000114988,1.0009974240212154,1.0010004506300336,200.09974240212154,0.030312754683059495,86.87945885007937,0
univ3-conc-c1000,95,10000,86.22903460766786,-891.982067198475,891.982067198475,-805.7530325908072,6465.402202108935,243780.8017513718,0.02583616494462715,200,169,542843.5572176528,1.0009998876784274,1.0010003738530668,200.09998876784275,0.0056319155799258586,82.82845130071455,0
univ3-conc-c1000,96,10000,21.052087004855835,-5294.202624571574,5294.202624571574,-5273.150537566718,4181.129358198146,121648.63386649868,0.033228460827124155,230,247,1561693.6223030859,-0.9997781474958144,1.0010003964477427,0.022185250418561175,20007.781559420477,101.89845176990846,0
univ3-conc-c1000,97,10000,33.32609578388394,-444.52922738900725,444.52922738900725,-411.2031316051233,3896.901550158734,93288.31082106536,0.04009768003874406,179,255,653069.098683306,1.0010000966163548,1.0010004365472767,200.10000966163548,0.003550628836360814,76.02099851722808,0
univ3-conc-c1000,98,10000,73.15579959610704,-2181.695548694451,2181.695548694451,-2108.539749098344,10603.499674768582,180066.5136745531,0.05561178440441066,492,354,1249767.5588867562,-0.999779727730175,1.0010004332215214,0.02202722698249998,20007.797410739862,115.97815055388776,0
univ3-conc-c1000,99,10000,22.50894712866438,-4013.970525009762,4013.970525009762,-3991.4615778810976,2525.159594308588,127825.4822385987,0.019372053399978783,105,174,1384384.47719929,1.0010000973543556,1.0010003480148078,200.10000973543555,0.0035342361369495867,56.70140573344945,0
univ3-conc-c1000,100,10000,73.1052515061716,-4026.9421625087584,4026.9421625087584,-3953.836911002587,16599.19881094523,257378.09932510924,0.06058603732453127,819,565,2335375.330774119,-0.9997795834977107,1.001000415173262,0.022041650228929673,20007.79599486494,104.02738870828291,0
univ3-conc-c1000,101,10000,299.4980739927318,-412.66583328186164,412.66583328186164,-113.16775928912983,11729.293880432733,203786.38410952836,0.05442431840610266,282,202,179214.27815718585,1.0010003049542666,1.0010004422585441,200.10003049542667,0.001473698842055421,90.23761949204535,0
univ3-conc-c1000,102,10000,31.409401451469158,-2174.9269985196293,2174.9269985196293,-2143.5175970681603,3602.6362487161105,217321.77715058444,0.016307098854686904,155,138,789932.9447022768,1.0009932038284486,1.0010003675192687,200.09932038284487,0.07233262191087747,62.261355572996756,0
univ3-conc-c1000,103,10000,17.8886399629323,-1704.9933918382285,1704.9933918382285,-1687.1047518752962,2379.884394215833,136355.92072592108,0.01715407491350193,146,117,673016.4095796776,1.000996709554935,1.0010004312919945,200.0996709554935,0.03734503258717936,48.18442667012048,0
univ3-conc-c1000,104,10000,67.67667436329171,-77.07685738283965,77.07685738283965,-9.400183019547939,2074.8496404256966,90357.32611247314,0.022447266046970938,55,39,11832.074809100162,1.0009909884427595,1.001000297828934,200.09909884427594,0.09443225650251463,95.58534366048933,0
univ3-conc-c1000,105,10000,63.61723018498356,-4381.287370403322,4381.287370403322,-4317.670140218338,4698.334941343746,241549.3551735696,0.019079711729077468,216,180,1084770.9145986305,-0.999779535241088,1.0010004150364897,0.022046475891200165,20007.795460563226,126.3446173667896,0
univ3-conc-c1000,106,10000,69.59597643139647,-2485.975347871582,2485.975347871582,-2416.3793714401854,5038.3149605941935,196524.13607599214,0.024996297349448637,263,172,926846.1201424252,-0.9997797474944545,1.0010004478974763,0.022025250554551994,20007.79758983806,123.2856935857355,0
univ3-conc-c1000,107,10000,345.15560300710774,-794.1199263405001,794.1199263405001,-448.9643233333924,10630.244987321534,97839.89620987374,0.09800157785354115,320,304,586121.9067235923,-0.9997796797420562,1.001000449843074,0.022032025794390498,20007.796920569424,112.59229413037767,0
univ3-conc-c1000,108,10000,122.68145248163188,-2829.28236840731,2829.28236840731,-2706.6009159256782,21318.742437941037,123479.31677355299,0.14723085760978738,1206,874,2676212.782471393,1.0009966470894929,1.0010004358787632,200.0996647089493,0.038058607599147365,98.97826851090687,0
univ3-conc-c1000,109,10000,34.86007710006676,-863.8092499017914,863.8092499017914,-828.9491728017247,2931.351974752796,167639.5434579573,0.017185534304175645,141,114,362846.8557964071,1.0009987268794307,1.0010003466854076,200.09987268794308,0.017210788927389586,78.35886006302351,0
univ3-conc-c1000,110,10000,26.877318611711303,-5483.117911032271,5483.117911032271,-5456.24059242056,3067.861917196011,94512.48079857798,0.03143934353798992,171,267,1715377.529972026,1.0010002394847546,1.0010003574790813,200.10002394847547,0.0021245594651020383,97.06464735191683,0
univ3-conc-c1000,111,10000,521.7260140676548,-1095.0094560760108,1095.0094560760108,-573.283442008356,51921.03674803763,270802.9704115827,0.16088371362579582,1616,913,862897.7592100435,1.0009996028011523,1.001000441228273,200.09996028011523,0.008584754098663439,85.90060301799143,0
univ3-conc-c1000,112,10000,4.029149204608581,-2527.1758444453917,2527.1758444453917,-2523.146695240783,1005.0764181491348,163485.6818215014,0.006110230318744198,95,86,634174.1023093652,-0.9997795694273295,1.001000423064786,0.022043057267057412,20007.79579186907,231.81134331243595,0
univ3-conc-c1000,113,10000,263.5725974813542,-2151.1251508312853,2151.1251508312853,-1887.552553349931,14649.924249305783,300252.4488112038,0.04652211447924131,442,285,782796.7462114029,-0.9997797674996459,1.0010004123841874,0.02202325003540552,20007.79780438901,116.02591753715777,0
univ3-conc-c1000,114,10000,540.7528461789329,-2263.345839599526,2263.345839599526,-1722.5929934205928,71405.03889499503,114364.22020873407,0.3843748919465958,2836,2172,3345134.5250017946,1.00100041874484,1.0010004520087932,200.100041874484,0.000562789321688198,94.79567510274329,0
univ3-conc-c1000,115,10000,45.06304406330891,-2874.0624383661716,2874.0624383661716,-2828.9993943028626,9785.847654835277,123462.89363815433,0.07344045099321417,545,445,1766658.103594537,-0.9997796221002608,1.0010003737454778,0.0220377899739237,20007.79636058696,151.57175636232085,0
univ3-conc-c1000,116,10000,337.64667142541066,-8245.947159137293,8245.947159137293,-7908.300487711882,17045.989515042922,297023.9799231681,0.05427449668471563,538,419,2124116.381852983,1.0009995859484437,1.0010004455995505,200.09995859484437,0.008671367029892352,88.85658903404455,0
univ3-conc-c1000,117,10000,25.825463716757852,-4377.822696181391,4377.822696181391,-4351.997232464633,4623.777732653015,211531.70123346287,0.021390980949309312,218,168,1191130.7499966125,-0.9997797746948516,1.0009999383386465,0.022022530514847604,20007.797858568225,223.81651361137108,0
univ3-conc-c1000,118,10000,342.4451566116403,-376.69613267598265,376.69613267598265,-34.25097606434235,41322.79285893333,186513.34507092254,0.18137066943987357,1350,830,296678.3411414268,1.0009976192108916,1.001000447879268,200.09976192108917,0.028362682778798387,97.05795474736756,0
univ3-conc-c1000,119,10000,1.2809700667892299,-65.44934376487612,65.44934376487612,-64.1683736980869,347.468488091278,180604.55208891825,0.0019202244163026762,19,11,12408.383457142601,-0.9997796525617128,0.9997796525617128,0.022034743828729764,20007.796617540203,228.41773225218557,0
univ3-conc-c1000,120,10000,27.755424082163486,-2732.367539127613,2732.367539127613,-2704.612115045449,3704.785944845217,66661.47348444365,0.0526500339067783,259,328,1555014.5565979239,-0.9997796082044431,1.0010003609638876,0.022039179555686423,20007.796201067766,108.22252911637716,0
univ3-conc-c1000,121,10000,82.68732905302508,-7338.066944353396,7338.066944353396,-7255.379615300371,6746.751690496421,159972.8634776039,0.04046765393318474,430,334,1805143.5181348443,1.0009956817102699,1.0010004021313437,200.099568171027,0.04762856209869426,81.2835534671967,0
univ3-conc-c1000,122,10000,0.8811099295542717,-801.8319886514556,801.8319886514556,-800.9508787219013,318.8823397721465,143791.46756759263,0.0022127650094328857,27,31,229360.94872370161,-0.9997797731907733,1.000999361422896,0.022022680922679172,20007.79782781579,162.68022996178323,0
univ3-conc-c1000,123,10000,6.533885934922915,-1372.7734609431031,1372.7734609431031,-1366.2395750081803,1292.4023671124003,169783.45831976182,0.007554557153319993,75,75,481840.02887792763,-0.9997797679466994,1.0010002927188442,0.02202320533006302,20007.79777944475,201.07660064900926,0
univ3-conc-c1000,124,10000,77.23028691462036,-6097.839783139981,6097.839783139981,-6020.60949622536,5460.029939447901,231082.4247089623,0.023082663733931103,210,196,1226346.5528347837,-0.9997775403206812,1.001000425355393,0.02224596793188563,20007.775472109864,103.73932183511346,0
univ3-conc-c1000,125,10000,2.889187867297296,-3075.5731374597503,3075.5731374597503,-3072.6839495924532,1184.2944792255767,65435.170009579066,0.01777700388787419,72,96,720153.1790907113,-0.9997797202276334,1.0010004340882668,0.02202797723666002,20007.797302196293,133.76052009310555,0
univ3-conc-c1000,126,10000,56.69050875955088,-732.9580598765625,732.9580598765625,-676.2675511170116,19726.24827540231,140608.8980588453,0.12303134232515293,1434,854,1467653.0846023534,1.0009953299586394,1.0010004575481353,200.09953299586394,0.05121563391566042,92.61125780319949,0
univ3-conc-c1000,127,10000,23.996224229647122,-2702.48151363354,2702.48151363354,-2678.485289403893,3361.074061885977,150957.00927901527,0.021780169822749093,166,152,838585.7977431461,1.0009998252708368,1.0010003792760367,200.09998252708368,0.00625156108383923,73.49070188611262,0
univ3-conc-c1000,128,10000,57.43108680648395,-6757.771918125275,6757.771918125275,-6700.340831318791,11028.766411708752,203536.65772148475,0.05140048288890451,529,436,2401968.527007604,-0.9997795240732462,1.0010003669727916,0.02204759267537795,20007.795377312254,102.4981197144621,0
univ3-conc-c1000,129,10000,38.88402893028237,-3335.781517744881,3335.781517744881,-3296.8974888145985,3888.084759892567,229693.68483047374,0.016645497491996588,151,121,763879.3807289241,-0.9997797005476475,1.0010004001218489,0.022029945235252337,20007.797111127635,118.09338011502805,0
univ3-conc-c1000,130,10000,138.46989941751417,-3625.538273823297,3625.538273823297,-3487.068374405783,10180.197377028004,249285.02860143565,0.039235305381049364,333,275,1372328.1619880705,1.0009953294463534,1.0010004315367902,200.09953294463534,0.05113420375435332,65.91285074284076,0
univ3-conc-c1000,131,10000,18.88645743403279,-1022.9252812288919,1022.9252812288919,-1004.0388237948591,1606.8457898336264,104028.70419401763,0.015211221885807086,110,80,361803.5278202603,1.0009999302555546,1.0010000292736663,200.09999302555545,0.005197738205625413,67.88717777144794,0
univ3-conc-c1000,132,10000,16.788144743035275,-3320.486449559252,3320.486449559252,-3303.6983048162165,1906.2205213796556,128130.92777753984,0.014659045867399223,83,151,1142768.6225034338,1.0009934616308593,1.0010004492124636,200.09934616308593,0.06975732197886941,38.91995134673968,0
univ3-conc-c1000,133,10000,305.943944388505,-5848.3979292378335,5848.3979292378335,-5542.453984849329,37198.67100313465,218178.16045781143,0.14566188635958277,1588,1061,3547706.9454360446,-0.9997787317778409,1.0010004596611832,0.022126822215909867,20007.787523680054,102.33135517634553,0
univ3-conc-c1000,134,10000,66.90698490741897,-1133.123855056033,1133.123855056033,-1066.2168701486141,10244.354814518034,119435.43616638766,0.07899731127748681,486,405,1180608.8211448453,1.0009993132077866,1.0010004510117907,200.09993132077867,0.011390223096405805,99.52369914270692,0
univ3-conc-c1000,135,10000,3.9139192488091115,-3046.903135785541,3046.903135785541,-3042.989216536732,1468.499560920497,158049.61002701442,0.009205848569255904,140,132,900029.3787130582,1.001000239140594,1.0010003920499952,200.10002391405942,0.002118988506304653,71.09016119825175,0
univ3-conc-c1000,136,10000,75.52195029669755,-1404.9315029774536,1404.9315029774536,-1329.4095526807562,11439.002713893806,117443.13732964596,0.08875553051826585,746,534,1316516.1186010165,1.0009987741110917,1.00100042456243,200.09987741110916,0.01678890459177751,90.45156927075406,0
univ3-conc-c1000,137,10000,158.65821003051062,-481.56002065017634,481.56002065017634,-322.90181061966575,7885.794814109493,158720.85058057262,0.047331814378883105,306,207,383724.93435907934,-0.999779395140529,1.0010003251476993,0.022060485947097058,20007.79406212306,104.0445110828318,0
univ3-conc-c1000,138,10000,76.33294672822313,-1472.814437346821,1472.814437346821,-1396.481490618598,28948.641883918408,120725.18928621065,0.19341151126821554,1728,1398,2971486.1383993947,1.000996604107087,1.0010004275732232,200.0996604107087,0.038538461336180774,95.4695741911343,0
univ3-conc-c1000,139,10000,90.96269603076317,-9952.511488429163,9952.511488429163,-9861.5487923984,10399.563480205868,174943.2290618434,0.05610988880426246,420,388,2367635.717768297,-0.9997794672644607,1.0010003320637886,0.022053273553936544,20007.794799979474,120.10161621218924,0
univ3-conc-c1000,140,10000,4.116775287806903,-508.88327554017553,508.88327554017553,-504.76650025236864,659.7213735939699,132442.67232987916,0.004956495185681664,38,47,271597.9090713282,1.0009922982418389,1.0010003850469824,200.09922982418388,0.08136052330424093,72.86601294850834,0
univ3-conc-c1000,141,10000,71.32684533660539,-1737.7002728937746,1737.7002728937746,-1666.3734275571692,10779.931019466581,102827.87301842937,0.09488724045639275,729,532,1648895.1336949572,1.0009915624167505,1.0010004194670228,200.09915624167505,0.0887621291431202,87.3522119895297,0
univ3-conc-c1000,142,10000,388.00054908562345,-1585.6047967925456,1585.6047967925456,-1197.6042477069223,42427.78238011664,197072.99970226572,0.17715091370984554,1368,958,1547485.2604570736,-0.9997797352592553,1.0010004296277975,0.022026474074462395,20007.79756110387,113.27656322645666,0
univ3-conc-c1000,143,10000,2.1274283542813595,-3680.9363146488745,3680.9363146488745,-3678.8088862945933,1995.1327742900444,136603.1774730071,0.014395072860052796,178,152,1123793.1340403405,-0.9997796594744761,1.0010004458083896,0.02203405255238926,20007.79670213005,143.38365960936963,0
univ3-conc-c1000,144,10000,29.2102488820356,-5249.298005899009,5249.298005899009,-5220.087757016973,4206.145484041507,155489.5769863639,0.026338498107367804,246,273,1594093.745978209,1.0010003926990054,1.0010004102261965,200.10003926990055,0.0005994801276507644,55.61645980707202,0
univ3-conc-c1000,145,10000,57.456123505312505,-7580.310110693031,7580.310110693031,-7522.853987187718,8990.799050918988,146721.2453761423,0.05773990755821373,515,495,2867421.7751072845,-0.9997797580114893,1.0010004398224828,0.022024198851068873,20007.797724097756,115.22724517525236,0
univ3-conc-c1000,146,10000,74.53924269961458,-15898.397979617652,15898.397979617652,-15823.858736918037,12633.942498876524,220948.08161564925,0.05408782009989808,554,586,3971832.4635345777,-0.9997796458501582,1.0010004321916444,0.022035414984174148,20007.79660717995,108.39662639911074,0
univ3-conc-c1000,147,10000,209.90306060583092,-593.689575667577,593.689575667577,-383.78651506174606,10710.720274705433,159001.25033542095,0.06311116556009363,307,217,390193.95402519195,1.0009999812514414,1.0010004482126538,200.09999812514414,0.004706387034045356,94.86693306153195,0
univ3-conc-c1000,148,10000,42.316818828424395,-445.0207324331285,445.0207324331285,-402.7039136047041,1099.8304458524094,205450.08774833378,0.005324768247152792,37,34,121944.52442643854,-0.9997795861843979,1.0010003844460034,0.022041381560216667,20007.79595443103,253.78965492734454,0
univ3-conc-c1000,149,10000,13.629945415762325,-241.2918419027251,241.2918419027251,-227.66189648696277,2097.7643645570915,143983.0939889842,0.014360295990869206,88,71,211159.8875566857,-0.9997795857960134,1.0010003856267287,0.02204142039865153,20007.795955978992,137.6635502152757,0
univ3-conc-c1000,150,10000,-0.00016582370122442125,-342.8159727790147,342.8159727790147,-342.81613860271597,50.29480984429259,97869.28525333697,0.0005136338392366527,3,6,39564.9017675691,1.0009960541426672,1.0009960541426672,200.09960541426673,0.04387248585218373,74.1146224176046,0
univ3-conc-c1000,151,10000,240.1864199081349,-1338.120229553297,1338.120229553297,-1097.933809645162,29674.807009467622,128417.58921339427,0.18770546666669044,1102,926,1641626.6810970563,1.0009991225939487,1.0010004566682744,200.09991225939487,0.013349448655380236,87.19231511011469,0
univ3-conc-c1000,152,10000,12.968413507732876,-2130.4411924872943,2130.4411924872943,-2117.4727789795616,3164.9161392130704,152273.4690749103,0.020361226313907313,190,193,1010291.0233013573,1.000999981136762,1.0010003727767103,200.0999981136762,0.004699897523432028,90.90929103459119,0
univ3-conc-c1000,153,10000,111.17827647135773,-1602.7028654215128,1602.7028654215128,-1491.524588950155,26088.90892566675,60694.006862933806,0.3006226362481091,2253,1708,2947507.176037343,-0.9997797021525122,1.0010004469979252,0.022029784748787473,20007.797310930062,102.91618631381526,0
univ3-conc-c1000,154,10000,11.699279172287032,-3782.79856336455,3782.79856336455,-3771.099284192263,1712.2729015043408,83657.84105906432,0.020057053013835934,148,160,1147803.3609232802,-0.9997779236743698,1.0010003715234028,0.022207632563025673,20007.779308405276,102.51644130375507,0
univ3-conc-c1000,155,10000,106.13616845951485,-200.40587909468002,200.40587909468002,-94.26971063516517,2121.4204194014997,164787.19025188306,0.012710071762441882,32,28,54566.33905451746,1.000999924162389,1.0010003513024484,200.0999924162389,0.005252027515523894,80.22522366676966,0
univ3-conc-c1000,156,10000,88.87362172433426,-12370.671112345022,12370.671112345022,-12281.797490620687,7336.594497135928,175176.18218759043,0.04019770358219471,297,368,2664774.194123935,-0.9997797134579683,1.0010003859904117,0.022028654203170735,20007.797259934057,118.8185059000919,0
univ3-conc-c1000,157,10000,330.4851815669579,-1601.542247190173,1601.542247190173,-1271.057065623215,41642.10673047685,192198.38735155753,0.1780791085562291,1577,1027,1825574.9705629274,-0.9997797258515413,1.0010004202168508,0.022027414845872697,20007.797483418617,109.00829646753655,0
univ3-conc-c1000,158,10000,26.08021916472918,-7333.884601562305,7333.884601562305,-7307.804382397576,5308.479669112209,174741.96977004415,0.029483290298067708,236,244,1763045.2594338998,-0.9997794523476662,1.0010002768077326,0.02205476523337315,20007.794635194125,174.38100864889887,0
univ3-conc-c1000,159,10000,18.733799719353357,-5755.470106453057,5755.470106453057,-5736.736306733704,5867.878838072537,203064.30913790248,0.028085087773777016,406,321,1988229.3848200464,1.001000413056365,1.001000413056365,200.1000413056365,0.0004060882566525592,89.59126963684643,0
univ3-conc-c1000,160,10000,16.615643575381263,-451.6128785662791,451.6128785662791,-434.9972349908978,2313.2592964880196,88486.36155951978,0.025476530349795638,116,110,300654.31815849175,1.00100009160492,1.0010002803310285,200.100009160492,0.0035898128357627623,79.25054805216993,0
univ3-conc-c1000,161,10000,66.15881348833393,-474.3757048748022,474.3757048748022,-408.21689138646826,12254.257788496,79818.6038691108,0.13309304791748686,914,709,1027755.1492819146,1.0009993889931297,1.00100044848132,200.09993889931297,0.010669043337077966,91.58311333071114,0
univ3-conc-c1000,162,10000,113.48024175838385,-746.355681579185,746.355681579185,-632.8754398208011,13289.80474984667,147779.72989196374,0.08250973580696559,381,363,868374.7602096405,1.000999892075239,1.0010003425704102,200.0999892075239,0.0056062381640874515,94.62081937808479,0
univ3-conc-c1000,163,10000,13.859933643844345,-1316.1089896792166,1316.1089896792166,-1302.2490560353722,2381.8112757411095,217254.99526191445,0.010844317549903735,129,102,482730.03702991066,1.0009972473042572,1.0010003043323024,200.09972473042572,0.03197577897876336,44.00890757798017,0
univ3-conc-c1000,164,10000,5.974868778073872,-1509.8070767078343,1509.8070767078343,-1503.8322079297604,1640.5245087533215,92455.74812860867,0.017434532344078553,84,116,708680.1383145727,1.0010000429019268,1.0010001591106978,200.1000042901927,0.004074047657411484,86.19144714022153,0
univ3-conc-c1000,165,10000,204.12420228204743,-2653.0075875655875,2653.0075875655875,-2448.88338528354,25372.710944354327,276730.04048916366,0.08398702369957711,865,539,1732564.9631972164,1.0009999981175475,1.0010004408275857,200.09999981175474,0.004582403130802215,96.73209893265582,0
univ3-conc-c1000,166,10000,40.502882365987944,-1580.3400019840205,1580.3400019840205,-1539.8371196180326,7576.060690433344,294065.3138842604,0.025116119103738288,203,141,682935.6193731131,1.000992432160447,1.0010000601864073,200.0992432160447,0.08003718324454212,84.24358471801214,0
univ3-conc-c1000,167,10000,4.989156731232786,-150.82010219271257,150.82010219271257,-145.83094546147979,554.8886206340973,66814.02423002887,0.008236567834545912,34,41,150967.12858283072,1.0009961294413952,1.0010001142563545,200.09961294413952,0.043124159699040376,83.73482049058491,0
univ3-conc-c1000,168,10000,51.43566406234269,-630.2521965593768,630.2521965593768,-578.8165324970341,13446.893534290608,95931.29812898688,0.12293943911311941,663,710,1438150.8625780607,-0.999779724210228,1.0010003770860418,0.02202757897720657,20007.797400372252,101.40934073146617,0
univ3-conc-c1000,169,10000,64.04655893661455,-1531.3049898236109,1531.3049898236109,-1467.2584308869964,8693.285441688457,175138.74877929303,0.047289284909062146,495,322,1024848.0627485742,-0.9997796404430639,1.0010002849834165,0.022035955693607192,20007.796534791563,121.41388861505814,0
univ3-conc-c1000,170,10000,51.18229824587266,-9485.516102555162,9485.516102555162,-9434.33380430929,10587.953630394955,170328.70160315867,0.05852392979920218,357,407,2709474.131327251,1.0009994368514759,1.0010004457866912,200.0999436851476,0.010150298978118144,88.99655015191802,0
univ3-conc-c1000,171,10000,80.97077597981833,-5137.0827815150815,5137.0827815150815,-5056.112005535263,14085.773839055131,188261.66736179317,0.0696118209128907,636,531,2476268.535293219,1.0009996832560566,1.001000455334475,200.09996832560566,0.007713286322481139,88.88289485925085,0
univ3-conc-c1000,172,10000,77.8706333997751,-507.1696836857071,507.1696836857071,-429.299050285932,21678.69880966458,73905.31806512027,0.22680255045217126,1551,1290,1516263.91787027,-0.6366223206817915,1.001000445858871,36.33776793182085,16370.276578289404,100.12704678278762,0
univ3-conc-c1000,173,10000,192.48411619295663,-305.3526044292537,305.3526044292537,-112.86848823629705,93643.17459182993,88033.2405171496,0.515439357032984,4648,2844,1210618.542784161,0.8745789422614433,1.0010004705253457,187.45789422614433,1261.8489473549973,99.82540720581034,0
univ3-conc-c1000,174,10000,326.76080864736576,-479.57240705252156,479.57240705252156,-152.8115984051558,63587.37303266828,152890.47894727433,0.29373616030964617,2821,1630,743196.9346169115,-0.9997780650383541,1.0010004487207498,0.022193496164590307,20007.780933905196,101.54059972097969,0
univ3-conc-c1000,175,10000,37.10039585285354,-455.8266904570463,455.8266904570463,-418.7262946041928,1516.323594900796,134089.24608919828,0.011181868107874613,41,46,197459.1850073111,1.0009950253338529,1.0010001381385023,200.09950253338528,0.05414358722725865,71.18943770981471,0
univ3-conc-c1000,176,10000,78.9739460344872,-1753.6832499738791,1753.6832499738791,-1674.709303939392,7524.905875038071,199234.7472205354,0.03639445976222317,435,293,1197530.838012241,-0.9997796637358978,1.001000422432147,0.022033626410213256,20007.79676479748,113.5668795006855,0
univ3-conc-c1000,177,10000,128.83617659860477,-273.97779214989566,273.97779214989566,-145.1416155512909,114923.89064344451,79094.51045377793,0.5923350053063073,6914,3254,1736561.73643673,-0.9997797185933008,1.0010003541488877,0.022028140669921592,20007.797785699808,100.99498380035627,0
univ3-conc-c1000,178,10000,22.001028924150415,-4483.743937363394,4483.743937363394,-4461.742908439244,6471.049410883996,54738.98725778728,0.105718763834625,421,644,2969930.37477554,0.008744426343337608,1.0010004500774563,100.87444263433376,9912.556554288487,99.99833791850422,0
univ3-conc-c1000,179,10000,2.039715872232516,-1634.8731033229878,1634.8731033229878,-1632.8333874507553,916.0876667901665,124889.4231963266,0.007281776930955907,65,50,428056.49121045467,1.001000340445999,1.001000340445999,200.1000340445999,0.001099955903953509,63.44613090760936,0
univ3-conc-c1000,180,10000,10.81780464223189,-2470.0884098198217,2470.0884098198217,-2459.27060517759,2673.3268042437926,244350.79469676784,0.01082212857594494,166,146,804603.3757038036,1.0009982663932058,1.001000311612726,200.09982663932058,0.021809605597443493,32.75481328719678,0
univ3-conc-c1000,181,10000,461.25068794984827,-625.389749432008,625.389749432008,-164.13906148215972,3866.182013168505,109266.81741989976,0.03417377805364221,32,33,55402.97855742154,1.0009986095800392,1.0010003353176642,200.09986095800392,0.01837173109623791,71.87378761762875,0
univ3-conc-c1000,182,10000,34.46610542866737,-2918.4763486891734,2918.4763486891734,-2884.010243260506,3353.5328304018158,157552.0085151642,0.020841624237164454,120,153,1082251.615248082,1.0009973970470376,1.0010003384196173,200.09973970470375,0.03048315576773808,93.43126881151193,0
univ3-conc-c1000,183,10000,213.5829430158115,-5674.17088685982,5674.17088685982,-5460.587943844008,13502.833005639648,152301.34381828742,0.08143843698207165,710,460,1927802.951406176,1.0010001330507712,1.001000420754762,200.1000133050771,0.0032242052373957775,94.42813841375441,0
univ3-conc-c1000,184,10000,13.723449271664876,-5594.220914778695,5594.220914778695,-5580.49746550703,3391.0216429671555,168724.4327101872,0.019702017205319066,228,208,1618438.2184075832,-0.9997797773944083,1.0010002391719588,0.0220222605591684,20007.79788786705,271.3474029751538,0
univ3-conc-c1000,185,10000,37.32230347751434,-2863.4314658106273,2863.4314658106273,-2826.109162333113,4058.862809875501,98263.53446048162,0.039667393631827634,188,251,1390460.6808118927,-0.9997797226348358,1.0010002972117749,0.022027736516427796,20007.797341544618,109.93580381075877,0
univ3-conc-c1000,186,10000,172.7260423501817,-771.9310740459473,771.9310740459473,-599.2050316957656,21348.020978490506,112013.44205718128,0.1600763855805953,1163,812,1071636.0889033745,-0.9997793677829737,1.0010004386314946,0.02206322170262572,20007.793862541108,103.26098876111455,0
univ3-conc-c1000,187,10000,67.88296096921229,-1112.0992291036644,1112.0992291036644,-1044.216268134452,13028.947227818577,98008.9491065901,0.11733784282601847,532,636,1546485.055823983,-0.999779727697601,1.0010003856541,0.02202723023989696,20007.79742649273,102.17040937157365,0
univ3-conc-c1000,188,10000,35.06262657519186,-11758.23342656584,11758.23342656584,-11723.170799990647,5936.83343163438,116985.8061758433,0.04829731488513551,434,410,2785862.4465737967,0.08015573495432605,1.0010003942434722,108.0155734954326,9198.506900892215,99.984134307965,0
univ3-conc-c1000,189,10000,19.369802689029424,-1960.2908386958388,1960.2908386958388,-1940.9210360068093,3465.735757936234,177612.66206628355,0.019139421375378888,139,123,709033.6438947942,1.0010001518938183,1.0010002612876292,200.10001518938182,0.002989227232595676,80.90954839688911,0
univ3-conc-c1000,190,10000,167.89419188298967,-3273.6043952139426,3273.6043952139426,-3105.710203330953,7351.143407445567,86942.12275674769,0.07796042820963472,349,404,1596805.8504636567,1.0009997236147443,1.0010004367111227,200.09997236147444,0.007288214259604298,59.70296125969308,0
univ3-conc-c1000,191,10000,45.382788705537415,-854.0471433111986,854.0471433111986,-808.6643546056612,1560.0340964526663,228367.45040588462,0.0067848961155264065,41,44,234178.8158907024,1.0009990239117108,1.0009997922960132,200.09990239117107,0.014237768450811927,41.520139820593194,0
univ3-conc-c1000,192,10000,282.3628519481966,-2011.493258102371,2011.493258102371,-1729.1304061541746,11007.551340829079,121714.57815052968,0.08293681982811883,292,309,1051172.270009952,1.0009908947110155,1.0010004490552094,200.09908947110156,0.09539403694880377,89.90022131856176,0
univ3-conc-c1000,193,10000,140.34012368889415,-754.5810096513892,754.5810096513892,-614.240885962495,9185.309310218021,123615.06388056975,0.06916629140056661,409,401,956199.1697418588,-0.9997797678479291,1.001000421028485,0.022023215207080026,20007.797812346947,114.77862858144684,0
univ3-conc-c1000,194,10000,11.72104101409419,-1772.7736712013882,1772.7736712013882,-1761.052630187294,2108.1778320976987,106935.3616654167,0.01933335841639434,169,170,976771.1563880026,1.0010002372404034,1.0010003080820546,200.10002372404034,0.0021418635661021312,81.8583582561802,0
univ3-conc-c1000,195,10000,52.250575477653385,-2130.2706358297874,2130.2706358297874,-2078.020060352134,9921.665115236547,208842.40537670086,0.0453532661598661,485,355,1358007.2299610162,1.0009988314648952,1.0010004101478116,200.09988314648953,0.016196759729069754,65.52057441264236,0
univ3-conc-c1000,196,10000,156.16311149122453,-1630.3211183316703,1630.3211183316703,-1474.1580068404458,36051.67818513917,143570.40303705822,0.2007084983084138,1321,1216,2613760.3330888166,-0.9997796289276586,1.0010004502599568,0.022037107234142483,20007.796505584305,111.53046569883209,0
univ3-conc-c1000,197,10000,210.77146357712334,-8197.443533411972,8197.443533411972,-7986.672069834848,20914.160594026718,272987.89647062647,0.07116030695023674,632,498,2725069.7990736477,-0.999779211025663,1.0010004507929136,0.022078897433702234,20007.792246841604,109.37046831301399,0
univ3-conc-c1000,198,10000,5.515519377171269,-707.0997867859114,707.0997867859114,-701.5842674087402,805.2721381782011,172625.0544403891,0.004643202570534267,52,50,284445.7159422245,1.0009944535483835,1.0010003446411024,200.09944535483834,0.059850773775112054,92.39607552260667,0
univ3-conc-c1000,199,10000,71.33096974112256,-2003.6515010968237,2003.6515010968237,-1932.3205313557012,2935.281741077019,91449.36021514416,0.031099145795758835,129,115,587402.408871219,1.000999152518397,1.0010004125588494,200.0999152518397,0.012963419522209307,65.97886838948915,0
univ3-conc-c1000,200,10000,2.3594272095830027,-3609.266312028022,3609.266312028022,-3606.9068848184393,721.1768373364378,85583.42168198447,0.008356180895447752,70,103,826449.5168697869,1.0009985728174582,1.0010002960317532,200.0998572817458,0.01874469493225739,31.11320204960449,0
univ3-conc-c1000,201,10000,9.218381920021889,-5387.686451495087,5387.686451495087,-5378.468069575065,2291.49262936994,84720.33708365397,0.02633541481575062,188,236,1492990.6876387242,-0.9997794552204201,1.0010004478257164,0.022054477957994686,20007.794660235995,172.37792516449392,0
univ3-conc-c1000,202,10000,37.778376868719214,-7605.1990357887535,7605.1990357887535,-7567.420658920034,3713.4170107931386,134757.77101320465,0.026817253926857215,273,241,1694063.3430685464,1.0009965159507968,1.0010004176493732,200.09965159507968,0.03928860817433133,72.30082144211484,0
univ3-conc-c1000,203,10000,78.28334746368245,-312.226850750601,312.226850750601,-233.94350328691854,1503.1345299506256,145992.97842793824,0.010191011137898805,36,43,124528.75526317047,1.0010003298759609,1.0010003298759609,200.10003298759608,0.0012038734666576512,57.902198364854954,0
univ3-conc-c1000,204,10000,93.14170399657088,-7392.4889687175255,7392.4889687175255,-7299.347264720955,12710.14895429617,252099.20306182408,0.047997356806048296,608,445,2477209.9905075138,-0.9997796412916297,1.0010003984170612,0.022035870837026378,20007.79655560756,131.48932780081054,0
univ3-conc-c1000,205,10000,60.64395318931547,-2975.9581661429793,2975.9581661429793,-2915.3142129536636,9197.897527481005,93257.15160894993,0.0897749559929733,634,537,1876842.5303091211,-0.9997796179127989,1.001000425672835,0.022038208720108747,20007.796329121233,107.1066617850174,0
univ3-conc-c1000,206,10000,142.3977756979703,-510.82336938165696,510.82336938165696,-368.42559368368666,18060.880415517968,190917.04961820185,0.08642482204988698,655,475,727086.8631383184,1.0009991848490665,1.0010004472666985,200.09991848490665,0.012683357928024552,79.35603674676747,0
univ3-conc-c1000,207,10000,18.631514697670315,-51.18435244350084,51.18435244350084,-32.55283774583053,1397.2560380786767,135957.20942204786,0.010172629141673552,51,38,52027.948217333425,1.001000023796005,1.001000150182593,200.1000023796005,0.004259184668845256,90.7594439157596,0
univ3-conc-c1000,208,10000,39.72449038910032,-63.542611415258946,63.542611415258946,-23.81812102615863,1046.6946487769094,105239.87002753763,0.009847854730882654,40,38,35007.874789330126,1.001000343355934,1.001000343355934,200.1000343355934,0.0010695606040731775,86.60562109209545,0
univ3-conc-c1000,209,10000,197.08542190727712,-539.7605742995581,539.7605742995581,-342.675152392281,63969.48385109258,128409.60309312056,0.3325178680655798,2989,1998,1747670.8886611199,1.000984322038007,1.001000471015442,200.0984322038007,0.16120629124205976,98.00199013650169,0
univ3-conc-c1000,210,10000,169.48216923046422,-317.14295091756696,317.14295091756696,-147.66078168710274,22515.622704461326,91641.04002442965,0.1972344159879074,1303,856,524850.6991164468,-0.9997795942181977,1.0010001937783315,0.02204057818021805,20007.79614125722,102.27583272581126,0
univ3-conc-c1000,211,10000,30.2468488009709,-4370.41238181711,4370.41238181711,-4340.165533016139,3112.2885466164903,87127.09108927338,0.03448925024944072,188,220,1271578.4888455558,-0.9997797273576251,1.0010003176015827,0.022027264237487344,20007.79738681911,129.21013403521889,0
univ3-conc-c1000,212,10000,17.748534990528896,-1305.9242736132169,1305.9242736132169,-1288.175738622688,1344.3088028214647,293613.63856740366,0.0045576286884520395,48,34,224645.64121149605,-0.9997796023961858,1.0010001575631668,0.022039760381414482,20007.7961175769,284.2480316052466,0
univ3-conc-c1000,213,10000,39.19074206084994,-5329.778670378865,5329.778670378865,-5290.587928318016,4001.8078468340113,178268.99960657427,0.021955286766680647,226,187,1366961.4984204331,1.000999753533591,1.0010003881054528,200.0999753533591,0.006972206992770846,69.24468368883747,0
univ3-conc-c1000,214,10000,153.1045059974536,-4025.8667830711097,4025.8667830711097,-3872.762277073656,33833.37720408348,200476.95501516465,0.14439558376975462,1372,990,3134251.49059268,-0.999779472374836,1.0010004517766569,0.02205276251638934,20007.794930217922,109.72608520405835,0
univ3-conc-c1000,215,10000,47.09409591989875,-2790.893153149935,2790.893153149935,-2743.7990572300364,6417.596421600732,70625.5034536781,0.08329878252549358,334,418,1795679.0689150589,1.000999066022363,1.0010003187479297,200.0999066022363,0.013850430463025684,96.90540235547302,0
univ3-conc-c1000,216,10000,12.686926394323583,-745.9061189596271,745.9061189596271,-733.2191925653035,3369.9995884902555,64689.33515906038,0.049515611649606044,283,294,786544.5048813061,-0.999779639727918,1.0010003017423028,0.022036027208198503,20007.79651613837,114.76331468946934,0
univ3-conc-c1000,217,10000,28.380769372758415,-2771.1405825401366,2771.1405825401366,-2742.759813167378,3094.4767417176918,201696.2942456063,0.015110430644890887,112,125,912875.1936864555,-0.999779746395519,1.0009999651511707,0.02202536044809294,20007.797568595004,328.77473811409266,0
univ3-conc-c1000,218,10000,96.26155185280405,-973.9171372333625,973.9171372333625,-877.6555853805585,16046.50787686338,165254.99735535515,0.08850730641375724,876,547,1071491.506371096,-0.9997797415823029,1.00100044475904,0.022025841769716545,20007.797579580754,112.78941581322782,0
univ3-conc-c1000,219,10000,154.50211072689453,-2093.336730477121,2093.336730477121,-1938.8346197502265,10951.233454056714,112992.159062761,0.08835673472928987,629,443,1435770.0852872431,-0.9997796704400781,1.0010004228204181,0.022032955992190104,20007.796851245454,110.29641023208549,0
univ3-conc-c1000,220,10000,122.98418119186283,-1468.0441740388783,1468.0441740388783,-1345.0599928470156,28043.36056176395,160552.69069578836,0.14869537498145766,1426,951,1923279.2605284853,1.0009996992699186,1.0010004457647517,200.09996992699186,0.007612072831920891,98.7563300744678,0
univ3-conc-c1000,221,10000,15.998201018676616,-4553.668764573331,4553.668764573331,-4537.670563554654,2356.759732710912,55859.74636775907,0.040482672193408835,159,221,1392357.4030291762,-0.9997794934849615,1.0010003761177386,0.02205065150385329,20007.79504140366,111.41168931313693,0
univ3-conc-c1000,222,10000,15.861224863794147,-2148.772785584684,2148.772785584684,-2132.9115607208896,1816.4224589120151,82569.94137509502,0.021525070833541608,151,171,863071.071251731,-0.9997797093753101,1.0010004314304188,0.022029062468994977,20007.797201301146,128.64247561923003,0
univ3-conc-c1000,223,10000,202.19060624552026,-11613.847636302311,11613.847636302311,-11411.657030056791,15906.080158435338,118752.66791285775,0.11812140233187152,604,691,3606083.399069899,-0.9997796804560004,1.0010004028490425,0.022031954399962948,20007.796960174244,117.63821917798023,0
univ3-conc-c1000,224,10000,113.75617202936698,-12539.216958204293,12539.216958204293,-12425.460786174926,15848.85951917305,233719.26444824625,0.06350514347434086,610,550,3346382.904934176,1.0009998904277955,1.0010003908436949,200.09998904277955,0.005644515048919274,87.56235304753778,0
univ3-conc-c1000,225,10000,15.124973769475096,-5784.468374582925,5784.468374582925,-5769.34340081345,2562.457522338656,69157.53976441282,0.03572863384382765,151,248,1834870.4551037448,-0.9997796772650542,1.0010004478839323,0.022032273494576735,20007.796883678915,138.8464263594924,0
univ3-conc-c1000,226,10000,0.5078380013206315,-251.4080263606108,251.4080263606108,-250.90018835929015,76.8504796313747,112648.69208146872,0.0006817485894088271,15,17,83596.89688301085,-0.999779690077894,1.0009989827697916,0.022030992210596543,20007.79699354416,174.5364242223458,0
univ3-conc-c1000,227,10000,9.521372089268267,-7897.980726960201,7897.980726960201,-7888.459354870933,2397.3285958039082,78571.89196254633,0.02960790012886786,177,287,2120261.0028519137,1.0009988082928267,1.001000289755196,200.09988082928268,0.016408303551411763,60.317391349748426,0
univ3-conc-c1000,228,10000,61.51633119696899,-4149.182841984669,4149.182841984669,-4087.6665107876997,3969.2697286006005,192279.67648237458,0.02022568683927343,193,155,915433.5738978153,1.000999692481952,1.0010002280173231,200.0999692481952,0.0075784444407425156,73.84290400801531,0
univ3-conc-c1000,229,10000,96.27899470130251,-3239.506321307555,3239.506321307555,-3143.2273266062525,8464.274527019898,246722.77257746732,0.033168903449688696,404,260,1011315.7459719083,-0.9997796530766498,1.001000433822752,0.022034692335015614,20007.79665453367,117.3265333682859,0
univ3-conc-c1000,230,10000,26.068962359318668,-4265.988995836388,4265.988995836388,-4239.920033477069,2492.117124349356,193308.00103225466,0.012727863230174977,133,155,1028459.6734589977,-0.9997793856776673,1.0010003889004206,0.02206143223327009,20007.79395652343,105.4279823870154,0
univ3-conc-c1000,231,10000,259.76924187030863,-2163.1979849795853,2163.1979849795853,-1903.4287431092766,28205.077622802757,106936.10152202325,0.20870823979252373,1030,987,2417637.9332761206,-0.9997796667171316,1.001000448339543,0.022033328286834127,20007.796860229773,102.69018879406573,0
univ3-conc-c1000,232,10000,268.27209081217194,-1527.96593054943,1527.96593054943,-1259.693839737258,36329.3740026615,77982.67417797074,0.3178087925190089,1283,1468,2657448.1316906647,1.000998073242772,1.0010004418793883,200.09980732427718,0.023857755671041758,95.87193177792206,0
univ3-conc-c1000,233,10000,80.12211972982546,-5317.77779348029,5317.77779348029,-5237.655673750464,11330.633454013947,169041.48895851776,0.06281809684591663,488,459,2420356.6423399714,1.0009945540812186,1.0010004506132224,200.09945540812186,0.05889019095998549,79.76077115787699,0
univ3-conc-c1000,234,10000,20.962909566764598,-1231.2115915067725,1231.2115915067725,-1210.2486819400078,5344.004973038474,103800.40841274004,0.04896269820196584,368,366,1299026.263462061,-0.9997797220001529,1.0010003857132745,0.02202779998471056,20007.797349050135,132.19781396251048,0
univ3-conc-c1000,235,10000,18.52669127026187,-1456.4990028041723,1456.4990028041723,-1437.9723115339104,1530.888655303754,220965.73852142156,0.006880502750667743,63,48,352016.6548123404,1.000998026339841,1.001000421031836,200.0998026339841,0.024194331911012057,70.6910179816114,0
univ3-conc-c1000,236,10000,11.899320807412504,-3064.684133202177,3064.684133202177,-3052.7848123947642,1612.2635595651889,84842.38401600231,0.01864866267780406,94,134,887208.379388709,1.0010003946492327,1.0010003946492327,200.10003946492327,0.000564876216971405,67.21480809917236,0
univ3-conc-c1000,237,10000,186.59496232924553,-2960.9136136085795,2960.9136136085795,-2774.318651279334,13270.482712432187,125236.18728581561,0.09581114550367913,516,537,1982959.4211953045,1.000999987889915,1.0010004386623026,200.09999878899148,0.004664756665963221,92.4113136470382,0
univ3-conc-c1000,238,10000,3.4907563162405157,-3131.1896108498026,3131.1896108498026,-3127.698854533562,1242.7959671735603,145941.35693677474,0.008443816420811302,127,116,808772.228074136,1.0009985481425372,1.0010002663969504,200.09985481425372,0.018993441937664557,42.80061201675412,0
univ3-conc-c1000,239,10000,111.7993287564482,-5003.351112425758,5003.351112425758,-4891.55178366931,9858.572396918633,151520.53325228643,0.061089521826626844,439,427,2205609.49672404,1.000998510588056,1.0010004121989633,200.0998510588056,0.01940134860248055,74.2257792015887,0
univ3-conc-c1000,240,10000,534.6397902533301,-787.3919697861419,787.3919697861419,-252.75217953281174,39486.25874773334,265451.39128469,0.12948961449507748,1155,669,482369.9709199333,1.0009998353403504,1.001000444606411,200.09998353403503,0.006227206408029262,94.64523357043299,0
univ3-conc-c1000,241,10000,10.603894339145787,-1080.7321961160744,1080.7321961160744,-1070.1283017769285,3401.558444076943,92583.56369797087,0.03543839261925402,225,262,939647.8985489367,-0.9997797688301069,1.0010004467145635,0.022023116989318452,20007.79780581451,152.4143206434038,0
univ3-conc-c1000,242,10000,244.555648848332,-294.99045210100235,294.99045210100235,-50.43480325267035,46004.635939171465,89783.41457361614,0.33879738140020693,2483,1599,501604.3050510406,1.0009939185743137,1.0010004576610945,200.09939185743139,0.06538893768971832,98.9583810440994,0
univ3-conc-c1000,243,10000,7.308675575666701,-229.24239768245968,229.24239768245968,-221.93372210679297,229.9328555494526,144982.63720939297,0.0015834225332326348,12,9,32620.28121517423,-0.9997797257049674,0.9997797257049674,0.022027429503250862,20007.797350002264,207.80799920429928,0
univ3-conc-c1000,244,10000,22.979887696401583,-4684.485479708394,4684.485479708394,-4661.505592011993,2269.3295541746784,99173.68370212927,0.02237048645667725,181,188,1148068.035438864,-0.9997797700953729,1.0010004091411218,0.022022990462719244,20007.797812746976,165.48230014142715,0
univ3-conc-c1000,245,10000,165.47240106399667,-9521.38116854748,9521.38116854748,-9355.908767483483,12139.555768273418,123498.94207659611,0.0894993380283339,606,623,3004861.012120907,1.0010000972755404,1.0010004405705282,200.10000972755404,0.0035835885618400593,65.46384509427882,0
univ3-conc-c1000,246,10000,12.113141369095032,-7180.3626599902545,7180.3626599902545,-7168.24951862116,5759.268221642096,51836.2444680643,0.09999508560102471,383,623,3621112.3218502984,-0.9990516120572791,1.0010004431085977,0.09483879427208912,20000.50169645911,100.37268906431748,0
univ3-conc-c1000,247,10000,226.4424848460729,-1111.3685017699047,1111.3685017699047,-884.9260169238319,27793.221919833362,125824.09369613006,0.180925059186135,1492,989,1503602.2246294164,-0.9997796855613224,1.0010004404183255,0.0220314438677601,20007.797073502603,116.00465957405977,0
univ3-conc-c1000,248,10000,21.1943229426438,-4006.468548524137,4006.468548524137,-3985.2742255814933,3055.0918407517943,200526.44967033298,0.015006723193445553,138,157,1064894.8787193443,-0.9997797782416677,1.0010002795906152,0.02202217583322674,20007.797891294278,182.14330186882077,0
univ3-conc-c1000,249,10000,213.0939662847451,-10432.265086391319,10432.265086391319,-10219.171120106574,11568.702481952083,134121.7170523687,0.07940606196982503,341,412,2657442.3001967566,1.0010003975855266,1.001000414077598,200.10003975855267,0.0005620932537940965,73.0803811305613,0
univ3-conc-c1000,250,10000,95.6430710308139,-6994.353247441428,6994.353247441428,-6898.710176410614,9294.062549096638,171516.36228724002,0.05140224938639075,320,338,1889672.0298853184,1.0009995438819415,1.001000267954003,200.09995438819413,0.009077478026991104,90.4898072281145,0
univ3-conc-c1000,251,10000,391.92985959990494,-7787.970110495898,7787.970110495898,-7396.040250895992,23544.63237965988,137141.0108946362,0.14652604862444593,773,708,2792942.0010730843,-0.9997790962574007,1.0010004409217006,0.022090374259930816,20007.79111750863,105.52670585095511,0
univ3-conc-c1000,252,10000,19.472864248683315,-2771.0407359664796,2771.0407359664796,-2751.567871717796,4518.69922084666,169991.89427090666,0.025893552537028047,312,215,1044095.6354100641,-0.9997797724805005,1.001000360836156,0.02202275194995185,20007.79784454393,146.94629569126272,0
univ3-conc-c1000,253,10000,21.789397401667948,-2218.889898587803,2218.889898587803,-2197.1005011861353,2916.784023920066,107913.66866324263,0.026317532349643756,252,203,903488.3026832154,1.0009940389085101,1.0010004375235164,200.09940389085102,0.0640068689113491,89.36704191664047,0
univ3-conc-c1000,254,10000,0.8783109591111742,-244.63397653917713,244.63397653917713,-243.75566558006597,451.4478261245261,125764.59772769694,0.0035767863281061063,16,22,141245.04491923013,1.0009977959034535,1.0009993292416077,200.09977959034535,0.026491361591311602,78.18074559021296,0
univ3-conc-c1000,255,10000,91.50464511483975,-2873.863290809062,2873.863290809062,-2782.3586456942226,12186.407189247326,166679.1265898691,0.06813166814069666,591,417,1672869.3534422957,-0.9997791463551569,1.001000399224661,0.022085364484317273,20007.791595610644,101.52218870979752,0
univ3-conc-c1000,256,10000,229.49706325058713,-6393.188386581372,6393.188386581372,-6163.691323330784,26691.59941681857,211459.6190041512,0.1120783659802108,1239,831,3350287.7410538746,-0.9997787471052105,1.0010004536746095,0.02212528947894332,20007.787651126757,101.36543166143167,0
univ3-conc-c1000,257,10000,184.44664059550314,-650.4889105233518,650.4889105233518,-466.0422699278487,27398.81021059345,146235.967629301,0.15779563605545316,1757,967,1054900.9955061139,-0.9997797003671453,1.001000431913332,0.022029963285481558,20007.79723564696,103.93354410602677,0
univ3-conc-c1000,258,10000,49.58921102795841,-7364.3479795722715,7364.3479795722715,-7314.758768544313,6374.682592063995,211686.2840564859,0.02923348772610968,219,260,1837431.2863267027,1.0009995784306012,1.001000417562079,200.0999578430601,0.008724470208189672,78.2283451972868,0
univ3-conc-c1000,259,10000,4.710200095165942,-427.4159398731957,427.4159398731957,-422.7057397780298,362.4600471299184,125749.29549314792,0.0028741178455338775,31,28,171464.27500328707,-0.9997797612657847,1.00099875007972,0.02202387342152575,20007.79770871267,108.29608654382311,0
univ3-conc-c1000,260,10000,78.26241590204832,-5065.822694448686,5065.822694448686,-4987.560278546638,10641.856499009491,145872.1165330223,0.0679930123352728,621,473,2172581.6430624584,-0.9997796549289625,1.0010004302016722,0.022034507103753348,20007.79669501012,109.49047363123745,0
univ3-conc-c1000,261,10000,29.44120140444483,-2864.672706683827,2864.672706683827,-2835.2315052793824,4475.805990422508,122840.52983449418,0.03515500160621621,163,249,1563379.916643895,1.0009941880761914,1.0010003919278179,200.09941880761914,0.06251634084465252,50.65810344203464,0
univ3-conc-c1000,262,10000,81.99615459010366,-826.214291236329,826.214291236329,-744.2181366462254,10242.697630712411,151404.85378637636,0.06336438468086558,440,328,902978.1036231215,-0.9997795711823128,1.0010004254910019,0.022042881768722534,20007.79583893025,106.52284600287264,0
univ3-conc-c1000,263,10000,45.052774587874985,-2881.7257310852247,2881.7257310852247,-2836.67295649735,3605.6352164835803,107670.30137924674,0.032402649906088765,109,179,1043092.5476307534,-0.9997792521461499,1.0010004439047302,0.022074785385005603,20007.792618020165,139.7420681636363,0
univ3-conc-c1000,264,10000,3.9080723417453886,-2509.3851362131927,2509.3851362131927,-2505.477063871447,1063.5471245770239,120676.36911929268,0.008736223560779553,103,95,590552.3306989969,-0.9997797545821021,1.0010003081120304,0.022024541789794887,20007.79764893769,277.5065921963876,0
univ3-conc-c1000,265,10000,67.33520874017934,-1036.4662445632557,1036.4662445632557,-969.1310358230763,4762.162577308721,143925.7698836315,0.03202790232193002,275,190,559069.1853280013,1.0009984255551518,1.0010004105599872,200.09984255551518,0.02022795118398335,87.13095896679536,0
univ3-conc-c1000,266,10000,214.44729150700496,-874.7272962146471,874.7272962146471,-660.2800047076422,18997.620879228853,102874.62826595586,0.15588143332447446,652,630,1059709.0891877548,-0.9997788908341607,1.0010004294019672,0.02211091658392834,20007.78904531596,104.78263269803747,0
univ3-conc-c1000,267,10000,638.6458518498978,-722.4996902061232,722.4996902061232,-83.85383835622542,116327.8439355051,155555.95102658856,0.42785868849492725,4639,2415,770976.2772251971,-0.999779612805275,1.0010004209502537,0.022038719472494465,20007.796574065884,101.65458535084109,0
univ3-conc-c1000,268,10000,57.03510269851088,-3879.9240247783805,3879.9240247783805,-3822.8889220798696,3936.776070242675,129713.0534058313,0.029455900435304615,125,128,773110.3358284577,-0.9997793972808663,1.0010003966608358,0.022060271913374636,20007.794070945205,119.34976369164225,0
univ3-conc-c1000,269,10000,2.242051577242437,-618.8071036846642,618.8071036846642,-616.5650521074217,509.66130641480197,80838.53069672856,0.006265182960613412,36,43,233257.42419639384,1.0010000447443346,1.00100032018954,200.10000447443346,0.004050016052280725,82.89332654495395,0
univ3-conc-c1000,270,10000,45.020236930507,-5317.3026698159265,5317.3026698159265,-5272.282432885419,8313.449044076371,177567.89692336525,0.04472449347086462,395,360,1874004.9265887765,1.0009907591768876,1.0010003372183995,200.09907591768877,0.09675365173649197,61.016651922615246,0
univ3-conc-c1000,271,10000,40.620222847225136,-4230.747524042021,4230.747524042021,-4190.127301194796,6338.163511532851,293299.29720097705,0.021152774077250858,269,215,1226135.8176031106,1.0009981820439255,1.0010003668182699,200.09981820439256,0.022661082264170504,72.2700787258984,0
univ3-conc-c1000,272,10000,13.908439732224624,-7801.548240662583,7801.548240662583,-7787.639800930358,1981.3498268543028,56630.35976704145,0.033804675560268165,137,236,1813773.1442727328,1.0009971326778222,1.0010003892096597,200.09971326778222,0.0331277531385652,30.13487132994103,0
univ3-conc-c1000,273,10000,1.2499542188509714,-1287.6802589865076,1287.6802589865076,-1286.4303047676567,518.299400377683,154697.08802373064,0.0033392269218868688,25,47,305611.83754994074,1.0009948582599517,1.0010004149944578,200.09948582599517,0.05581052726470048,18.907137590054095,0
univ3-conc-c1000,274,10000,327.96921875418275,-943.5917998403866,943.5917998403866,-615.6225810862038,20848.415780581345,85137.38363762111,0.19670952047374707,998,900,1403029.7723640343,1.001000054572793,1.0010004572296145,200.1000054572793,0.004040678797239572,86.94610444573428,0
univ3-conc-c1000,275,10000,13.681610953662247,-7526.805477262954,7526.805477262954,-7513.123866309292,5046.5459301884,124350.27867901376,0.03900053919738546,408,372,2521666.6944617443,1.00099393390213,1.0010004499288194,200.099393390213,0.06507257766149799,66.29636097997468,0
univ3-conc-c1000,276,10000,79.8281201243007,-10018.3997368541,10018.3997368541,-9938.5716167298,11097.013961091308,240262.13084395227,0.044148041519230394,530,432,2839881.199319684,-0.9997797493140418,1.0010004180012855,0.0220250685958195,20007.79763560118,138.11822407017874,0
univ3-conc-c1000,277,10000,21.607252133440404,-207.1196769419458,207.1196769419458,-185.51242480850541,1666.0625096935642,187104.21065027534,0.008825873278689908,84,56,118065.4438528283,-0.9997797715086861,1.0010003900201172,0.022022849131392727,20007.797815060938,142.15299267750655,0
univ3-conc-c1000,278,10000,94.43262645849808,-6887.869958446424,6887.869958446424,-6793.437331987926,15340.643123057238,228831.47499178664,0.062827169791114,743,490,2396222.9574892404,-0.9997797460683411,1.0010004522435414,0.022025393165890424,20007.79761426062,149.28264857405574,0
univ3-conc-c1000,279,10000,8.655962311209748,-1140.3747618209961,1140.3747618209961,-1131.7187995097863,2451.8958161495348,260489.13459216533,0.009324888597044152,108,64,345671.7175175671,1.0009994597012477,1.0010002434014842,200.09994597012476,0.009893038685503258,61.750290027930994,0
univ3-conc-c1000,280,10000,4.109764728850897,-581.7541605458571,581.7541605458571,-577.6443958170062,514.2658630919359,122122.85616796435,0.004193394745203697,35,45,298361.6059212066,-0.9997796695530332,1.001000287028393,0.02203304469667821,20007.79679061692,169.94488864631452,0
univ3-conc-c1000,281,10000,20.445291019543646,-668.0094110634186,668.0094110634186,-647.5641200438749,3288.1794270694795,119955.34103388831,0.026680343232414715,188,172,539000.4415676713,-0.9997797597209203,1.0010000578291551,0.022024027907981737,20007.79770876858,116.82539784415584,0
univ3-conc-c1000,282,10000,16.733703686202315,-1033.1999896530456,1033.1999896530456,-1016.4662859668433,2424.959581751961,117346.73394640637,0.020246516604374914,132,133,589498.8489656997,1.0009906577718188,1.00100038071775,200.0990657771819,0.09774104119553306,71.85428895294675,0
univ3-conc-c1000,283,10000,6.367289063607969,-1254.1963002156874,1254.1963002156874,-1247.8290111520794,1750.4306432772798,94177.74459751726,0.018247304703580866,84,112,588497.145921882,1.00099422443992,1.001000149695079,200.09942244399198,0.06214247284773933,59.544311072851286,0
univ3-conc-c1000,284,10000,565.2239216066026,-732.1147935769792,732.1147935769792,-166.89087197037657,40195.52482547276,264462.4032102045,0.13193657911559625,1099,624,329262.35462318896,-0.9997796415087289,1.0010004329155442,0.022035849127111203,20007.796592539835,104.0632719251634,0
univ3-conc-c1000,285,10000,31.597601839074915,-455.38486749425385,455.38486749425385,-423.78726565517894,4105.7072492110565,148200.2983013137,0.02695696229686138,331,176,409800.28672153415,-0.9997792335636626,1.0010004137094992,0.022076643633731834,20007.792443608723,100.77628519878832,0
univ3-conc-c1000,286,10000,12.07222709562059,-1196.0257153218417,1196.0257153218417,-1183.9534882262212,1334.5507012432336,136774.10714118837,0.009663048805859983,95,85,449473.83774995233,1.0009948569904317,1.0010001869327436,200.09948569904316,0.05582833156012157,77.88995752428121,0
univ3-conc-c1000,287,10000,129.80895451356326,-5165.224942195623,5165.224942195623,-5035.4159876820595,15691.370326659086,163402.58409114662,0.08761529878363684,881,622,2719500.8689010055,-0.9997795868214392,1.0010004287827377,0.02204131785607237,20007.79603249547,115.90317231086996,0
univ3-conc-c1000,288,10000,32.924860522981305,-8160.556972416292,8160.556972416292,-8127.632111893311,6139.308755115116,257347.98346904744,0.02330020815535985,238,232,1665045.2882844894,1.0009982584989086,1.0010003722881848,200.09982584989086,0.021896101400940837,95.42736206669963,0
univ3-conc-c1000,289,10000,0.3724783784092347,-41.96421916716544,41.96421916716544,-41.591740788756205,32.64296973623621,96320.99989798001,0.0003387829330028724,3,5,12060.809055225045,1.0009980773322276,1.0009995393814721,200.09980773322275,0.02368068510265786,57.840803254481386,0
univ3-conc-c1000,290,10000,43.21519138153353,-7485.8554361805545,7485.8554361805545,-7442.640244799021,6212.3151348931015,187867.90622547513,0.03200900684958552,350,341,2147303.3079439965,1.0009994113526652,1.001000406628563,200.09994113526653,0.01040232759714943,86.58954499298352,0
univ3-conc-c1000,291,10000,30.990100630895355,-86.93093305186747,86.93093305186747,-55.940832420972114,669.9054296974005,230428.41505149158,0.002898789693938644,20,6,10354.602313688512,-0.9997797564334793,0.9997797564334793,0.022024356652065296,20007.79765830086,153.01921293116803,0
univ3-conc-c1000,292,10000,83.09160564209324,-4770.046479347842,4770.046479347842,-4686.954873705749,7020.4409319635715,270753.34532293124,0.02527395052865562,268,204,1086757.9280775306,-0.9997796846159259,1.001000244902736,0.022031538407399298,20007.79696069847,493.09013499152775,0
univ3-conc-c1000,293,10000,24.341451384829185,-496.01767243811014,496.01767243811014,-471.676221053281,6963.04393176489,64450.20514135101,0.09750353081731138,471,462,982870.1845407058,-0.9997796391698599,1.0010004049510428,0.022036083014010634,20007.796529911095,103.97254062375309,0
univ3-conc-c1000,294,10000,29.09171262368586,-6800.412573050685,6800.412573050685,-6771.320860426999,6106.454721380449,179304.30610203056,0.032934737413630275,386,311,1942329.7718739735,1.0009995483265601,1.0010004484403296,200.099954832656,0.00903487965265981,61.9183229772161,0
univ3-conc-c1000,295,10000,53.56303578557102,-3631.601519283802,3631.601519283802,-3578.038483498231,6174.784819206724,106299.59523994809,0.05489947858311516,301,387,1946415.510486394,-0.9997797266117594,1.0010004162690556,0.02202733882405493,20007.797392449625,105.5472614564718,0
univ3-conc-c1000,296,10000,162.5172219360553,-180.98422971603185,180.98422971603185,-18.46700777997654,54707.82469353626,105290.38884821525,0.3419277220820985,3653,1646,270099.85886388243,-0.999779606859596,1.0010004484868056,0.022039314040405565,20007.796423912947,100.7854773452055,0
univ3-conc-c1000,297,10000,8.700250497590085,-7117.028207097365,7117.028207097365,-7108.3279565997755,2501.3730563373656,95139.16513105838,0.025618181779545574,230,285,1887232.1295696662,1.0009940562615602,1.001000280962377,200.09940562615603,0.06383637295180478,65.1742623323321,0
univ3-conc-c1000,298,10000,68.71827503110684,-825.1112057748454,825.1112057748454,-756.3929307437386,6554.054008486779,142379.04782627683,0.044006697824357996,310,251,584057.3226510508,-0.9997797593771971,1.0010004233109115,0.022024062280297543,20007.797713517903,126.87282753788942,0
univ3-conc-c1000,299,10000,25.252824855934684,-1134.6384392600119,1134.6384392600119,-1109.3856144040772,5352.606091278713,246044.72188477684,0.021291419977974166,244,152,574303.9183434465,1.0009966808436348,1.0010002685590138,200.0996680843635,0.03763751052351694,75.61270530574372,0
univ3-conc-c1000,300,10000,198.85746034899418,-1806.0419619506363,1806.0419619506363,-1607.184501601642,65555.93686482504,111516.93931813788,0.3702200939972788,4191,2600,4011651.7414009953,-0.9997790466174827,1.0010004751699924,0.022095338251723932,20007.790892553727,102.79312941173237,0
univ3-conc-c1000,301,10000,12.554178988118103,-3376.2979376503795,3376.2979376503795,-3363.7437586622614,2315.4927790031893,155174.50884753326,0.0147024747926159,147,185,1164943.1442562668,1.0009947908640533,1.001000427633839,200.09947908640532,0.05649591892137451,63.168482125548095,0
univ3-conc-c1000,302,10000,281.9013513510253,-1702.6834489691823,1702.6834489691823,-1420.782097618157,42216.00041494757,143700.40695707622,0.22706979449356615,1608,1236,2366808.098405342,-0.9997792142655322,1.0010004430197605,0.022078573446781175,20007.792366831487,101.9797741604915,0
univ3-conc-c1000,303,10000,306.7495116907352,-2703.804579333031,2703.804579333031,-2397.055067642296,23107.869003196116,193973.29966992876,0.10644805878114347,915,604,1609172.2723255968,0.0813125901110078,1.0010004401988857,108.13125901110078,9186.940251711785,99.98327419905475,0
univ3-conc-c1000,304,10000,8.735925654066172,-4015.4801549610556,4015.4801549610556,-4006.7442293069894,1693.266053887857,109921.38489817485,0.015170643275273035,180,138,1002875.6837388977,1.000994748105113,1.0010004420981609,200.09947481051128,0.05692231295690675,80.1618422792759,0
univ3-conc-c1000,305,10000,7.045239205727297,-108.23517050972832,108.23517050972832,-101.18993130400102,532.153560448216,68920.64483070711,0.007662089545350625,34,38,84256.24430369417,-0.9997796183791836,1.0009999710398123,0.022038162081639986,20007.796277354493,120.98806606627531,0
univ3-conc-c1000,306,10000,64.12643901108571,-683.040881395218,683.040881395218,-618.9144423841323,17372.41140703812,200869.60294423398,0.079601590274347,704,518,1035474.3972238157,1.000995484855737,1.0010004179219019,200.0995484855737,0.04961549155135003,88.33883802758481,0
univ3-conc-c1000,307,10000,111.86343721666265,-3068.4077364165055,3068.4077364165055,-2956.544299199843,3853.5650311056042,115653.81527339721,0.03224541464541173,125,125,715230.5512251549,1.0010003479177647,1.0010003974714141,200.10003479177647,0.0010328074837815393,35.262454488288526,0
univ3-conc-c1000,308,10000,49.787683264035714,-6472.439250009283,6472.439250009283,-6422.651566745247,6399.048615568077,142244.58844231474,0.043049596620649465,338,370,2383698.845600679,1.00099978215399,1.0010004459519408,200.099978215399,0.006701735213333393,71.39019780118406,0
univ3-conc-c1000,309,10000,77.35452748292619,-7435.243923976032,7435.243923976032,-7357.889396493107,7620.146733579657,76684.4764758208,0.09038824258371118,456,593,3229504.387593892,1.0009991070328612,1.0010004261631265,200.09991070328613,0.01345698583818944,74.06469152766799,0
univ3-conc-c1000,310,10000,68.02141450178797,-5281.020567887007,5281.020567887007,-5212.999153385219,17105.802734051857,190611.58822009453,0.08235132674966036,939,627,2974186.8713295134,1.0009984665235714,1.0010003032217032,200.09984665235714,0.019875011729297398,83.06030370845933,0
univ3-conc-c1000,311,10000,16.589419811916297,-265.1796081674559,265.1796081674559,-248.59018835553962,1597.5488175073235,232943.85648832686,0.00681137224117922,75,47,166865.12934085613,-0.9997797548912014,1.0010000093448737,0.02202451087986238,20007.797647409527,120.39333735672653,0
univ3-conc-c1000,312,10000,35.69170365045429,-500.94493553727494,500.94493553727494,-465.25323188682063,5480.416763325198,142999.860661032,0.0369100654874327,364,225,495978.1560964035,-0.9997797072685053,1.0010004441095917,0.022029273149476492,20007.797194109335,128.03620268275165,0
univ3-conc-c1000,313,10000,186.97345171581884,-2137.4762783972387,2137.4762783972387,-1950.50282668142,37854.968523335054,156666.83626462787,0.19460527093401475,1380,1168,2828194.4459429057,-0.9997797623374735,1.0010004123257883,0.022023766252656077,20007.797844781973,109.12406973599073,0
univ3-conc-c1000,314,10000,44.65300257370566,-1772.980689148776,1772.980689148776,-1728.3276865750704,2081.200236448134,147032.50632449856,0.0139571356949503,89,87,494971.6061811641,1.0009994621695688,1.0010003863270824,200.09994621695688,0.009868693926785355,45.73847996385439,0
univ3-conc-c1000,315,10000,159.42801295122538,-1900.313080046973,1900.313080046973,-1740.8850670957477,5001.619555840467,245816.19413939604,0.019941245329240572,144,107,515440.86805328424,-0.9997797438109195,1.0010001666966357,0.022025618908050007,20007.797542897144,216.21833919433251,0
univ3-conc-c1000,316,10000,3.163943201445946,-1423.909553778122,1423.909553778122,-1420.745610576676,615.7673698978368,137878.67692087273,0.004446152140262224,20,41,285954.2571583784,1.0009962515796584,1.001000287823226,200.09962515796585,0.04190427815912656,30.169280603748007,0
univ3-conc-c1000,317,10000,36.21764446092545,-4471.697335766649,4471.697335766649,-4435.4796913057235,10318.160838113123,135938.55202064224,0.07054828893958316,826,583,2403012.3915511454,1.000999733450593,1.0010004156029573,200.09997334505928,0.007222903020372262,94.60567878562699,0
univ3-conc-c1000,318,10000,274.0144012190117,-4453.745966040833,4453.745966040833,-4179.731564821821,12730.264924070709,183825.79383076157,0.0647665862081076,473,372,1580019.7442082313,1.000991275098916,1.0010004077906243,200.09912750989162,0.09160896201430546,73.23341597513519,0
univ3-conc-c1000,319,10000,45.919488051278805,-3399.105949819222,3399.105949819222,-3353.1864617679435,7263.770882015779,136590.4428107675,0.050493973694287264,421,380,1533888.547475166,1.0009921780221749,1.001000443874298,200.09921780221748,0.08259622866854244,80.54127455886922,0
univ3-conc-c1000,320,10000,70.84800931616692,-722.3158743387704,722.3158743387704,-651.4678650226035,5932.809169521184,92115.87668795566,0.06050880863559039,203,266,784496.4577612531,-0.9997796809456172,1.0010001980858327,0.022031905438287896,20007.79692374514,119.30523616592417,0
univ3-conc-c1000,321,10000,24.100909031851785,-1273.588697366563,1273.588697366563,-1249.4877883347112,3878.8811743881047,156725.8120233889,0.024151729922434136,208,162,640861.8039389767,1.0009961999900963,1.0010004360045068,200.09961999900963,0.042434719324739634,79.383797537046,0
univ3-conc-c1000,322,10000,6.322985023398248,-685.7508777896675,685.7508777896675,-679.4278927662692,1589.6857176865278,74930.26406659963,0.02077478777976119,84,112,472800.3725543175,1.0009993882777761,1.0010003683556905,200.0999388277776,0.010608107403928813,89.50265190011257,0
univ3-conc-c1000,323,10000,150.85211358651867,-6480.53247987905,6480.53247987905,-6329.680366292531,8517.828587268848,150798.5996428891,0.05346484779939636,349,365,2117370.843511061,1.0010002064567993,1.001000429960051,200.10002064567993,0.0024673639340970777,64.41284481911472,0
univ3-conc-c1000,324,10000,40.18176997107853,-3736.776162518551,3736.776162518551,-3696.594392547472,11301.914926351199,61259.88358512029,0.15575571661946128,799,1038,3866917.6843768684,-0.9997794592177174,1.0010004451183243,0.022054078228263146,20007.79477081793,110.53762081098655,0
univ3-conc-c1000,325,10000,123.63648199429562,-4764.833230465923,4764.833230465923,-4641.196748471628,10515.909291821172,141885.43313332318,0.06900142167045752,518,473,2090811.7485893825,1.0010000526129017,1.0010004226087847,200.10000526129016,0.004018610303402892,88.53201256206908,0
univ3-conc-c1000,326,10000,0.2075405081587109,-321.3434571279159,321.3434571279159,-321.13591661975715,222.07618509680506,74969.79016660244,0.002953460206162131,21,27,142807.98530529512,-0.9997796714072803,1.0010003345327199,0.022032859271967315,20007.796807186653,107.76756774471322,0
univ3-conc-c1000,327,10000,140.9300733279379,-788.7811170273732,788.7811170273732,-647.8510436994353,27357.935311733792,117993.99721674663,0.18821858668011343,934,940,1546006.1335840966,1.0009952779919167,1.0010003677725385,200.09952779919166,0.05171058843122367,90.85897714735844,0
univ3-conc-c1000,328,10000,10.442575761884878,-2207.01958206038,2207.01958206038,-2196.5770062984952,1062.5533611951373,119916.92295203956,0.008782922472271422,49,92,625639.2188262156,1.000998242839798,1.0010002561631028,200.0998242839798,0.022035638602030616,40.753389784457795,0
univ3-conc-c1000,329,10000,100.12344513300506,-798.3467132076205,798.3467132076205,-698.2232680746155,5218.147529017338,206960.75212595795,0.024593150108246305,176,111,338142.44427152467,1.001000267999354,1.001000447151929,200.1000267999354,0.001832139880217909,93.56275568572572,0
univ3-conc-c1000,330,10000,4.762961553256244,-552.291763461044,552.291763461044,-547.5288019077877,447.7540167841625,136343.15835880418,0.0032732731217901324,28,39,244879.34763081642,1.0010004385587752,1.0010004385587752,200.10004385587752,0.00011884563622577282,45.87125524823195,0
univ3-conc-c1000,331,10000,56.47367979318705,-1771.9688884779794,1771.9688884779794,-1715.4952086847923,6047.278430863241,240072.50537268893,0.02457046864501578,245,162,680412.9723795434,-0.9997797217975101,1.0009999200528434,0.022027820248988104,20007.797330326783,111.84763406821621,0
univ3-conc-c1000,332,10000,142.36086698962532,-2741.5892874572046,2741.5892874572046,-2599.2284204675793,27828.96063279763,112007.15998109401,0.1990112462404298,1826,1291,3210480.149282359,1.0010000409394444,1.0010004560905044,200.10000409394445,0.004243258921270088,96.18037729242826,0
univ3-conc-c1000,333,10000,238.6527799416442,-4213.623830275293,4213.623830275293,-3974.9710503336482,9891.758994390371,170415.4843409041,0.05486057471355116,397,308,1458964.037556788,-0.9997790987376554,1.0010002398670945,0.022090126234460092,20007.791101657323,106.66347682725883,0
univ3-conc-c1000,334,10000,4.1244068544134125,-1012.6186606246891,1012.6186606246891,-1008.4942537702757,485.26280914538233,92933.6532181119,0.005194481265483694,27,31,225844.29915988864,1.0009955718519625,1.0010004079716404,200.09955718519626,0.04868807804042774,43.53506572387395,0
univ3-conc-c1000,335,10000,9.658513722480757,-1052.5111558556928,1052.5111558556928,-1042.852642133212,758.5178196507762,171764.2206021981,0.004396625201925934,36,49,297125.14122055547,1.0009949389447073,1.0010001491646758,200.09949389447073,0.05500603279242,71.3855580917928,0
univ3-conc-c1000,336,10000,86.1302783822492,-2672.1266218886526,2672.1266218886526,-2585.9963435064033,11651.360945165536,156818.45120595326,0.06915993314407076,728,479,1742001.544429785,1.001000263510059,1.0010004434034847,200.1000263510059,0.0019218700577660897,74.95867785187997,0
univ3-conc-c1000,337,10000,94.85796786952855,-1360.4793374412807,1360.4793374412807,-1265.6213695717522,9717.095999952602,144069.19476807615,0.06318571019187835,450,362,1238647.8972727943,1.0010002739615707,1.0010002739615707,200.10002739615706,0.0017991670905495583,91.34596491098851,0
univ3-conc-c1000,338,10000,114.30265926509246,-487.0466570569779,487.0466570569779,-372.7439977918854,3097.0851840985224,178062.42411710933,0.017095901816277844,68,58,194826.62993250045,1.0009932938985744,1.001000374823204,200.09932938985744,0.071425498311811,87.77483026771564,0
univ3-conc-c1000,339,10000,45.31699966898111,-1136.4394509609763,1136.4394509609763,-1091.1224512919953,15343.250492774649,105889.01345301994,0.12656078500385778,999,803,1848469.0376196194,1.0009999018221343,1.00100042523885,200.09999018221342,0.005561278946920822,90.66365827772091,0
univ3-conc-c1000,340,10000,492.3311534260513,-1362.7346435152442,1362.7346435152442,-870.4034900891929,12167.013375945233,192540.78914828537,0.05943600207669203,390,264,658310.4959209552,-0.9997797082207296,1.0010004155419647,0.022029177927037135,20007.797206645013,113.06145681175519,0
univ3-conc-c1000,341,10000,1.148276448583916,-45.53148866131612,45.53148866131612,-44.383212212732204,223.78321673061518,66639.3854426045,0.0033468832126515085,9,6,10153.781744337683,1.001000005363976,1.001000005363976,200.1000005363976,0.00443956985638394,75.43729239482286,0
univ3-conc-c1000,342,10000,107.88214626682367,-4967.842917068479,4967.842917068479,-4859.960770801656,26838.296406942845,143825.37012892595,0.15725840743789585,1195,1085,3849624.5510819885,1.0009952958186366,1.0010004434598423,200.09952958186366,0.051555566969227584,83.65751360198476,0
univ3-conc-c1000,343,10000,35.426108941232314,-5373.361124408668,5373.361124408668,-5337.935015467436,4250.704520360429,175133.55064122888,0.023696084790336785,237,200,1279089.5301060872,1.000995639736578,1.0010004406397957,200.0995639736578,0.048030129092570206,63.41902642153338,0
univ3-conc-c1000,344,10000,5.994567723136358,-426.6053911218014,426.6053911218014,-420.61082339866505,1380.6730153336016,287108.03372911474,0.004785882369241725,69,49,241070.75223455485,1.0009995667104332,1.0010001746684893,200.09995667104332,0.008822248680708356,59.25613573620295,0
univ3-conc-c1000,345,10000,47.54167264338688,-2614.454933050831,2614.454933050831,-2566.9132604074443,3354.070531670887,114908.62916910884,0.028361186918251728,168,189,1000618.8895797475,-0.9997797012222072,1.0010004012203961,0.02202987777929179,20007.79712207285,139.56768586631839,0
univ3-conc-c1000,346,10000,10.910135464210818,-747.678436477975,747.678436477975,-736.7683010137641,1570.6554575073578,250965.22673942053,0.006219533809783745,75,60,290073.66206562583,1.0009997507529915,1.0010002669121452,200.09997507529914,0.006987106471960658,90.28591474858376,0
univ3-conc-c1000,347,10000,100.08536872942909,-934.1794214823688,934.1794214823688,-834.0940527529397,7762.041731624155,123593.06580962142,0.05909204352169457,453,372,854163.6650778108,-0.9997797449827689,1.0010004416370637,0.022025501723107938,20007.79758402396,122.91590736336742,0
univ3-conc-c1000,348,10000,43.360328083456196,-624.594422145105,624.594422145105,-581.2340940616488,5727.28879197206,142770.22455668965,0.03856824712293187,335,249,622210.3201208549,1.000999497660068,1.0010004149939593,200.0999497660068,0.00953535270010164,97.38786993123438,0
univ3-conc-c1000,349,10000,28.155416650609908,-3069.567087736622,3069.567087736622,-3041.411671086012,3345.951058722778,90097.54524317766,0.035807211749789035,129,188,1077645.78338242,-0.9997795499889176,1.0010000802348344,0.022045001108240533,20007.7956046392,169.6359167203853,0
univ3-conc-c1000,350,10000,20.651519097710946,-125.97680547769912,125.97680547769912,-105.32528637998817,617.0491462637349,243568.51834367495,0.002526968127586654,21,19,59897.08022140456,1.0010000258531973,1.0010002272520608,200.10000258531971,0.004235979636388221,37.16394604801527,0
univ3-conc-c1000,351,10000,51.64035090618149,-2518.3481943934416,2518.3481943934416,-2466.70784348726,8157.077512017526,132329.78353262617,0.058062920983232603,395,371,1556322.3017243256,-0.9997797074267696,1.0010004181964502,0.022029257323045243,20007.797204394494,141.52990195223055,0
univ3-conc-c1000,352,10000,96.54921113004842,-3093.335737695695,3093.335737695695,-2996.786526565647,5787.51996625971,288980.8220905506,0.019634130062529877,223,164,782721.1340107776,1.0009942630499171,1.0009999636128943,200.0994263049917,0.06176694973537453,75.13661845490097,0
univ3-conc-c1000,353,10000,16.547455656655625,-556.8695083410214,556.8695083410214,-540.3220526843658,1882.5067248939238,217296.76746598238,0.0085888902216845,67,69,348178.52820866124,-0.9997797332944245,1.0009995714557618,0.022026670557554653,20007.79743186596,144.46897762998216,0
univ3-conc-c1000,354,10000,446.8263667804456,-3142.4011100374,3142.4011100374,-2695.574743256954,53054.29237651671,223289.71879333063,0.19198640184718288,2048,1159,2424127.118768884,1.0009943937029187,1.0010003991781165,200.09943937029186,0.06060272875966466,91.15506987045693,0
univ3-conc-c1000,355,10000,98.21410474715823,-3975.5878357191305,3975.5878357191305,-3877.3737309719722,4987.605508201321,229790.62276523767,0.021243901297323065,181,157,886896.2009074694,-0.9997797414833752,1.001000392290031,0.02202585166247286,20007.79752445927,154.18981019057375,0
univ3-conc-c1000,356,10000,129.02347867533535,-138.03507054023459,138.03507054023459,-9.01159186489923,20818.448205953744,107948.05331351588,0.16167596354868718,630,516,128680.40003199413,1.0009920897533482,1.0010004444160299,200.09920897533482,0.08349377178433315,97.80831608080179,0
univ3-conc-c1000,357,10000,278.7287370552701,-503.0700111720902,503.0700111720902,-224.3412741168201,25085.15673287045,85466.93164576837,0.22690803132505521,803,752,671745.0487763181,1.0009991466361496,1.0010004185753916,200.09991466361495,0.013085761103161175,98.8813785647594,0
univ3-conc-c1000,358,10000,88.01755738059751,-3946.056619762498,3946.056619762498,-3858.0390623819003,4945.626649825741,126302.07755965649,0.03768162406812168,203,232,1345038.0290693142,-0.9997797777827437,1.001000307235011,0.022022221725620607,20007.797893162482,144.43542147189282,0
univ3-conc-c1000,359,10000,156.6020494752147,-844.96494392759,844.96494392759,-688.3628944523753,17388.944048076028,180448.9325544502,0.08789491853985044,561,483,1157462.4758839766,-0.9997795250044463,1.0010003489227843,0.022047499555366126,20007.795391022035,106.20999279808248,0
univ3-conc-c1000,360,10000,253.84318635379205,-555.9859592910437,555.9859592910437,-302.1427729372517,28423.619364784317,98154.17931079862,0.22455454007091435,947,901,958197.5799948422,1.0009990197983054,1.001000440702341,200.09990197983055,0.014366802629347752,96.80170645181772,0
univ3-conc-c1000,361,10000,9.66968938082231,-1256.3986786295109,1256.3986786295109,-1246.7289892486885,1315.3729205140673,174546.33555833477,0.007479586840658206,55,49,298682.8887592684,1.0009928911780555,1.0010004222799207,200.09928911780554,0.07544360916017467,35.89070504569022,0
univ3-conc-c1000,362,10000,370.03137527995335,-1049.279460535398,1049.279460535398,-679.2480852554445,59295.756729525776,179230.31376840576,0.24859235137586347,2655,1557,1676858.1861030203,1.0010003053132968,1.0010004641203283,200.10003053132968,0.0016596545874620061,97.38404598995342,0
univ3-conc-c1000,363,10000,258.2512973677291,-2347.4832074891647,2347.4832074891647,-2089.2319101214357,35728.082882329945,131662.52774145035,0.21344137971173782,1396,1201,2687769.798073965,-0.9997791532829277,1.0010004490626232,0.02208467170722717,20007.791745288552,105.30057743395567,0
univ3-conc-c1000,364,10000,26.082210425887784,-3785.7690712064978,3785.7690712064978,-3759.68686078061,4182.244970438779,112612.56095480037,0.03580848426697889,165,234,1379249.2893343363,1.0010001189730955,1.0010003144936734,200.10001189730954,0.003324000746760203,78.58188494603716,0
univ3-conc-c1000,365,10000,115.6117573209816,-4133.888771267173,4133.888771267173,-4018.2770139461913,21892.395029643736,215934.1855894522,0.0920519269656687,874,672,2454259.5403097686,1.0009968901628,1.0010004017105032,200.09968901628,0.03560677727733336,95.25272921915307,0
univ3-conc-c1000,366,10000,69.66098866831457,-2619.0438926547813,2619.0438926547813,-2549.3829039864668,18764.52853945827,145183.6638513117,0.1144540129770573,1142,743,2125347.3771450156,1.0009931772491094,1.0010004475124632,200.09931772491095,0.0726768837214351,89.16800316112867,0
univ3-conc-c1000,367,10000,249.17217435409958,-2666.9571286972255,2666.9571286972255,-2417.7849543431257,37958.592529359215,121771.19681660984,0.23764253796855797,1887,1402,3123816.6946167774,-0.9997796892681741,1.0010004549430689,0.02203107318259407,20007.7971502909,102.15133618218331,0
univ3-conc-c1000,368,10000,12.659606694119852,-3160.537981449897,3160.537981449897,-3147.8783747557773,1980.1512156505594,133291.76885862238,0.014638301981396654,160,130,900895.3907323229,1.000993897286489,1.0010001273017175,200.0993897286489,0.06541174381569459,46.64121858200154,0
univ3-conc-c1000,369,10000,116.5866887923077,-4573.372410409629,4573.372410409629,-4456.7857216173215,4712.513534305242,198531.83212917775,0.023186443484670784,223,190,1250269.6366288136,-0.9997797634162651,1.001000397236305,0.022023658373498383,20007.797748474237,159.14475917761348,0
univ3-conc-c1000,370,10000,307.71510387780995,-2735.8684799654716,2735.8684799654716,-2428.153376087662,32206.138006098845,152542.61951125806,0.17432397618735337,1115,915,2347840.239048887,1.0010002094925772,1.0010004344728776,200.10002094925773,0.002503885375276238,99.22440146244203,0
univ3-conc-c1000,371,10000,65.6268247820392,-9110.756475815739,9110.756475815739,-9045.1296510337,6292.489169548705,140272.5112984464,0.04293309555116315,239,349,2438798.5292039993,1.0009960931413573,1.0010003109492498,200.09960931413573,0.04351152443987871,58.151763025720285,0
univ3-conc-c1000,372,10000,21.237654998154103,-9390.291172908945,9390.291172908945,-9369.05351791079,4449.291625405213,117985.92976575658,0.03633996471644714,275,320,2287729.99446665,-0.9997796714586481,1.0010003621446848,0.022032854135187442,20007.796835294088,117.61770074891827,0
univ3-conc-c1000,373,10000,80.0499785278666,-5715.995079326386,5715.995079326386,-5635.94510079852,7998.4039211209865,87855.14341184638,0.08344400539853633,340,487,2577702.3262265227,1.0009998998075407,1.0010003376805725,200.09998998075406,0.005533123921246386,97.85218742429431,0
univ3-conc-c1000,374,10000,24.755776998611427,-2279.076347149811,2279.076347149811,-2254.3205701511997,3533.289897675,80218.24264116694,0.042187764098959565,185,258,1309397.4092874206,1.0009983672244982,1.0010002858119806,200.09983672244982,0.020810312540703535,94.7746136680901,0
univ3-conc-c1000,375,10000,441.2833117610507,-5865.261135914119,5865.261135914119,-5423.9778241530685,19562.683372806965,255271.00339034045,0.07118007840744119,672,447,1631542.9743705085,-0.9997795272443699,1.0010003974587047,0.02204727556300715,20007.795417065347,155.8141834348393,0
univ3-conc-c1000,376,10000,14.241104905055902,-657.5881680100413,657.5881680100413,-643.3470631049854,1677.996784910083,196876.22409549588,0.008451075869703024,37,31,145693.8735976547,-0.9997797245630977,1.0010001036239342,0.022027543690226907,20007.797340752408,217.7149092138442,0
univ3-conc-c1000,377,10000,114.59819082324617,-3050.441423927697,3050.441423927697,-2935.843233104451,20497.158034106782,171494.3664156802,0.1067607442195583,1092,778,2592480.295707661,1.0009960194167016,1.0010004336364762,200.09960194167016,0.04431402204241408,67.52459434563514,0
univ3-conc-c1000,378,10000,96.15324216954393,-9654.510389015302,9654.510389015302,-9558.357146845758,10561.78569356545,190699.37350347702,0.05247801282524192,454,447,2947117.287833785,-0.9997791379166336,1.001000377849453,0.022086208336629047,20007.791505903984,104.99722800548626,0
univ3-conc-c1000,379,10000,40.389112028987945,-2313.897941244812,2313.897941244812,-2273.508829215824,5928.295289137155,142475.472727209,0.03994706716937385,327,283,1142068.0032903864,-0.9997793461615915,1.001000350590364,0.022065383840859442,20007.793576438075,107.09477794308499,0
univ3-conc-c1000,380,10000,20.71609317515778,-3879.4236780921324,3879.4236780921324,-3858.7075849169746,2180.1199924822276,109244.32212733156,0.019565904491026867,147,161,980993.0632556155,1.0009966320685022,1.0010004227505431,200.0996632068502,0.03811936893112744,37.25852570816146,0
univ3-conc-c1000,381,10000,173.53033650437632,-2398.9270898362024,2398.9270898362024,-2225.396753331826,14843.790905785674,95695.06598805114,0.13428572832123525,824,721,2241590.940964379,-0.9991628830234756,1.0010004412575249,0.08371169765244166,20001.6166578725,100.82310097088454,0
univ3-conc-c1000,382,10000,1.6196323156351973,-2062.1314752537087,2062.1314752537087,-2060.5118429380736,605.5352964409221,69123.21030984345,0.008684155884002417,62,65,459329.2945536155,1.000999704243541,1.000999704243541,200.0999704243541,0.007449903394050494,66.42757372228675,0
univ3-conc-c1000,383,10000,51.270437041210776,-357.79760750807225,357.79760750807225,-306.5271704668615,1672.7883431927567,118423.50926828357,0.01392872533510064,46,58,206878.1749898324,1.0009949882497993,1.0010002892082865,200.09949882497992,0.054515250329167486,73.20381602030669,0
univ3-conc-c1000,384,10000,58.344326165819915,-5481.149203368267,5481.149203368267,-5422.804877202447,14438.377969227995,118001.10970840289,0.10901867881256269,747,788,3510426.211207336,1.001000294223492,1.0010004219220376,200.1000294223492,0.0016331497960284658,84.48340316634926,0
univ3-conc-c1000,385,10000,11.369762511813772,-4093.0095278441636,4093.0095278441636,-4081.6397653323497,1649.4567487311792,63221.144461100295,0.025426876242380124,136,221,1435184.995572914,-0.9997794484695447,1.0010004394155723,0.022055153045525397,20007.79458909419,104.61406622725117,0
univ3-conc-c1000,386,10000,50.990427650661196,-913.7945120322873,913.7945120322873,-862.8040843816261,18573.20742690505,148851.89953132815,0.11093442175036762,1117,723,1442911.2327358387,1.000999804764551,1.0010004463663547,200.0999804764551,0.006532701291898355,93.76261887180742,0
univ3-conc-c1000,387,10000,41.10591558930953,-2520.9665860175264,2520.9665860175264,-2479.860670428217,3245.188095248522,192056.5302556942,0.01661628030029495,176,133,710520.180908346,-0.9997796755082115,1.0010002455987836,0.022032449178857126,20007.796862440806,150.68622293412932,0
univ3-conc-c1000,388,10000,24.08051633609616,-3176.2540026072456,3176.2540026072456,-3152.1734862711496,3735.5037104286394,232219.62152573245,0.01583141585371318,179,170,899776.9126866303,-0.9997795606990018,1.0010004144944695,0.02204393009982357,20007.79571385713,102.91410981530791,0
univ3-conc-c1000,389,10000,78.60858507212284,-979.1770456239357,979.1770456239357,-900.5684605518128,3044.400802459303,132499.08034308272,0.02246069509746712,72,83,433410.17122459767,1.0010003857255882,1.0010003857255882,200.10003857255882,0.0006505658823795502,50.707941737509806,0
univ3-conc-c1000,390,10000,92.86189288861549,-391.68496894212586,391.68496894212586,-298.82307605351036,19960.048435331686,154478.10745503005,0.11442478472357286,1060,680,812093.6185031185,1.0009997423025763,1.0010004544510038,200.09997423025763,0.007151510363041069,84.43827250739176,0
univ3-conc-c1000,391,10000,36.87118023784313,-10411.710727945368,10411.710727945368,-10374.839547707525,7234.725664662322,165579.0370709308,0.04186429107345767,452,439,3049147.503664354,-0.9997797290649098,1.0010003575650221,0.0220270935090258,20007.797425913206,148.86748956424333,0
univ3-conc-c1000,392,10000,90.55859756279146,-2118.7765312029996,2118.7765312029996,-2028.2179336402082,4424.39487666669,89104.1395158261,0.047305294639812305,177,213,1064206.7117775322,-0.9997792796121477,1.001000187189412,0.022072038785224974,20007.79289887774,111.24275701570009,0
univ3-conc-c1000,393,10000,63.70535777401921,-1911.807664320777,1911.807664320777,-1848.1023065467577,4991.331607792723,238874.36733936553,0.020467542706259247,208,153,735787.5272605198,1.0009992507966674,1.0010004259451832,200.09992507966675,0.011987374182633626,59.912073026557394,0
univ3-conc-c1000,394,10000,207.13944602183543,-315.3575612172685,315.3575612172685,-108.21811519543306,4053.945850242234,246220.12460024728,0.01619802580005669,105,61,102144.77097233362,1.0009994872160886,1.0010003996439034,200.09994872160885,0.009618348715536684,88.08142200921634,0
univ3-conc-c1000,395,10000,17.49465038011075,-5336.646559633735,5336.646559633735,-5319.151909253624,2944.561304574822,80620.24324466272,0.0352368598294255,174,246,1493543.3301853018,-0.9997796032678136,1.0010004026405952,0.022039673218649462,20007.79614352397,155.1184015835788,0
univ3-conc-c1000,396,10000,205.65915189595805,-336.7104023970069,336.7104023970069,-131.05125050104883,48418.03268402254,132512.4179178959,0.2676057707419934,1828,1361,895401.875403344,-0.9997794482938879,1.0010003371797505,0.02205517061121156,20007.7947312796,103.43715369072217,0
univ3-conc-c1000,397,10000,91.33068981620727,-6951.00212027732,6951.00212027732,-6859.671430461112,10256.12569481084,157181.325111743,0.061253474926945044,538,528,2678589.2848523376,1.0009925268440556,1.0010004049919485,200.09925268440557,0.07912772426797687,79.41108286165839,0
univ3-conc-c1000,398,10000,0.040825402424886324,-73.82430020857295,73.82430020857295,-73.78347480614806,5.421792417478499,117634.88564612517,0.00004608788038326862,3,3,10013.165494761979,-0.9997797785331949,0.9997797785331949,0.022022146680517923,20007.797878779264,198.38121121080906,0
univ3-conc-c1000,399,10000,39.279324919822926,-709.3293957350625,709.3293957350625,-670.0500708152396,21175.99679787538,62735.01130689763,0.25236255976611077,1738,1619,2372628.0269217305,1.0009998501699977,1.0010004514098565,200.09998501699977,0.006152205451328996,95.64050066528185,0
univ3-conc-c1000,400,10000,146.335062364524,-2836.187719285965,2836.187719285965,-2689.852656921441,11464.077543527923,175608.808023665,0.06128134234295674,368,333,1212441.925213378,-0.9997797672862764,1.0010004454687793,0.022023271372354925,20007.797801282126,104.7825873962232,0
univ3-conc-c1000,401,10000,17.007462028478475,-456.71254537032587,456.71254537032587,-439.7050833418474,1852.4792163587967,64267.26398797133,0.02801703585923001,120,154,461142.5307342923,1.0009992812977009,1.0010004133900159,200.0999281297701,0.011678379412112583,82.87062419917793,0
univ3-conc-c1000,402,10000,380.30251058612805,-517.9169665420611,517.9169665420611,-137.61445595593307,122986.91368619395,129312.43262743646,0.48746425816462613,5015,2846,1279666.5583241964,0.9839423668056014,1.001000453546618,198.39423668056014,170.24332232305986,99.80422989275071,0
univ3-conc-c1000,403,10000,70.17560020021244,-9238.814870774922,9238.814870774922,-9168.63927057471,13970.713040627776,175927.7289099779,0.07356939265600551,799,650,3305583.659248534,1.0009997284542935,1.0010004297610546,200.09997284542936,0.007274613171830591,79.5186281759675,0
univ3-conc-c1000,404,10000,39.472108987262594,-3266.956506922357,3266.956506922357,-3227.4843979350944,6838.019895911793,150838.37095825805,0.043367430335439834,265,310,1569281.0768937564,-0.9997795250251902,1.0010003522845392,0.02204749748098125,20007.795366722625,120.4283501745212,0
univ3-conc-c1000,405,10000,5.237430121828915,-11247.537854620266,11247.537854620266,-11242.300424498437,1816.860371988968,55369.223691930565,0.031771022648765024,147,308,2590076.785170383,1.0010001533889963,1.0010003817658983,200.10001533889962,0.002984127248744528,70.0721854917118,0
univ3-conc-c1000,406,10000,28.21651645460467,-1056.1171771521338,1056.1171771521338,-1027.900660697529,2828.961745753587,139788.93318964238,0.019835952192640827,131,110,493457.7234094756,-0.9997797161998097,1.001000323402455,0.022028380019035648,20007.797265664947,115.35967467289188,0
univ3-conc-c1000,407,10000,75.49060615812488,-1770.085344791303,1770.085344791303,-1694.5947386331782,5751.277147799563,78511.36876086917,0.06825417224654093,335,312,1153652.1124620668,-0.9997797070153682,1.0010003604673927,0.02202929846317795,20007.797194542727,104.9332958814478,0
univ3-conc-c1000,408,10000,2.494860094773279,-474.66474728039736,474.66474728039736,-472.1698871856241,536.5910511954468,144485.15530202736,0.003700073021383266,28,35,220000.93562332654,1.000994809018365,1.001000159704929,200.0994809018365,0.056301328943874296,70.17455432988118,0
univ3-conc-c1000,409,10000,0.42307337420489055,-999.314877262991,999.314877262991,-998.8918038887861,312.64307437472297,169885.17594756003,0.0018369393695604887,22,39,242555.37734437466,-0.9997797628553688,1.0010003634986822,0.02202371446311373,20007.797724451313,119.38920600185742,0
univ3-conc-c1000,410,10000,6.768601342889928,-3396.2514155090594,3396.2514155090594,-3389.4828141661696,1428.7914724427735,135182.14701100427,0.01045883652000457,73,141,911756.3804789648,1.000999213981573,1.0010004052795256,200.0999213981573,0.012347900061558725,38.63694140995803,0
univ3-conc-c1000,411,10000,19.96787178464475,-3469.413200563696,3469.413200563696,-3449.4453287790516,2185.7449123907186,127937.10308859905,0.016797548977517715,86,108,916468.1524018645,-0.9997795982372983,1.0010003252939257,0.022040176270165336,20007.79608140709,115.05567820961065,0
univ3-conc-c1000,412,10000,18.426207222113103,-7135.783561558966,7135.783561558966,-7117.357354336853,4851.781109398664,117844.79329111776,0.03954292231143368,350,338,2157887.4561206275,-0.9997797008240942,1.0010004419098308,0.02202991759058339,20007.79713490375,149.97496318984773,0
univ3-conc-c1000,413,10000,13.870551485154452,-1091.824316608829,1091.824316608829,-1077.9537651236744,2794.9408570121946,171365.7162452592,0.016048061046134758,129,110,549153.5856665688,-0.9997795064815782,1.0010002767117583,0.022049351842177642,20007.795164052863,111.05521381129603,0
univ3-conc-c1000,414,10000,97.87714048858327,-3565.07240945104,3565.07240945104,-3467.195268962457,14391.006836575347,253611.23971364985,0.053697336577655845,714,503,1970606.071645943,1.000998226963136,1.0010004031061706,200.0998226963136,0.022246664340112465,70.54611788601315,0
univ3-conc-c1000,415,10000,98.12185417884635,-374.5768418657187,374.5768418657187,-276.4549876868723,11624.777371537915,129788.08323917046,0.08220452737703575,418,410,672190.4139880586,-0.9997787331397134,1.0010001214611766,0.022126686028650866,20007.78744642757,101.89334590755318,0
univ3-conc-c1000,416,10000,69.34536838123567,-3127.020322150189,3127.020322150189,-3057.674953768953,10658.000901068555,81397.90791356534,0.11577747738637587,769,726,2597091.8584916606,-0.9997797546779635,1.0010004394848366,0.022024532203647057,20007.797713137043,111.54540870840175,0
univ3-conc-c1000,417,10000,96.49206030242759,-672.6990909715157,672.6990909715157,-576.2070306690881,8347.558336225415,150713.15378737162,0.05248032795011631,299,209,568558.4114310727,-0.9997796856405706,1.0010002441821053,0.022031435942940884,20007.79697358478,107.07520351566187,0
univ3-conc-c1000,418,10000,55.4259278843893,-1842.7578962594332,1842.7578962594332,-1787.331968375044,3467.4511662038176,97676.93683078153,0.034282190390110094,157,178,713285.2545757759,-0.999779763651762,1.0010003474002938,0.022023634823795768,20007.79774624583,154.00157860553227,0
univ3-conc-c1000,419,10000,109.03318229853411,-1442.2435358319394,1442.2435358319394,-1333.2103535334054,8841.388712918642,115433.66832765876,0.07114371076113701,525,413,1231251.0656024267,-0.9997796253407729,1.001000441123571,0.022037465922707302,20007.796390824176,103.70456875739303,0
univ3-conc-c1000,420,10000,-0.09956120832296822,-167.47361686679562,167.47361686679562,-167.5731780751186,38.02066727468315,157663.5966198649,0.00024109243727954907,4,7,52556.36993762847,1.0009992432005472,1.0009992432005472,200.09992432005473,0.01204564918120088,65.58705845503661,0
univ3-conc-c1000,421,10000,32.570345982800696,-10227.468130286185,10227.468130286185,-10194.897784303384,5264.460544043389,70534.66022155374,0.06945279167977848,304,490,3196834.158149099,-0.9997797639482466,1.0010003810109591,0.0220236051753278,20007.79777179451,113.96973346125885,0
univ3-conc-c1000,422,10000,3.3919706327356645,-2168.1651629862854,2168.1651629862854,-2164.77319235355,1446.831065407942,77332.25150501507,0.018365675483902416,85,162,1090751.741896656,-0.999779696515199,1.001000386786381,0.022030348480100104,20007.79706917001,143.2724004731088,0
univ3-conc-c1000,423,10000,43.01397207503093,-2405.4687485328077,2405.4687485328077,-2362.454776457777,4974.484516278391,59562.212676992036,0.07707993641789754,258,335,1521195.89898331,-0.9997796552400979,1.0010003877761773,0.022034475990207084,20007.796672138218,129.30019002215653,0
univ3-conc-c1000,424,10000,25.608485926442796,-4726.909432522239,4726.909432522239,-4701.300946595796,5016.805452699765,119019.54008349743,0.04044625332206135,341,382,2054552.6473943722,1.0009997904131063,1.001000435359366,200.09997904131063,0.006619355440887098,64.94421331010906,0
univ3-conc-c1000,425,10000,53.36776453204249,-8856.589711651017,8856.589711651017,-8803.221947118975,7728.139506025257,131468.07211988806,0.055519754566269786,314,448,2888536.2497333847,-0.9997796220784556,1.0010004163422388,0.022037792154440912,20007.796349063905,118.38385301113112,0
univ3-conc-c1000,426,10000,132.99353407849753,-324.72910476392804,324.72910476392804,-191.7355706854305,12210.059443892422,157036.86878902334,0.07214346263991907,583,347,431489.76486396603,1.0009974497748357,1.0010004248831421,200.09974497748357,0.029990973870759774,95.29531009585322,0
univ3-conc-c1000,427,10000,33.20961589547573,-10014.2791506522,10014.2791506522,-9981.069534756725,3969.8729688243666,129868.57727427062,0.029661677654020658,306,380,2629497.2137165787,1.000995333085727,1.001000441772371,200.09953330857272,0.05110168350785216,76.86609659728674,0
univ3-conc-c1000,428,10000,12.421561652036702,-1008.5671047859154,1008.5671047859154,-996.1455431338786,3145.0707923706964,153621.0592356958,0.020062183022618602,226,156,593071.9156380533,-0.999779768337962,1.0010003192622663,0.022023166203799252,20007.797795536826,194.90843545565022,0
univ3-conc-c1000,429,10000,130.38146426293622,-369.8657292382095,369.8657292382095,-239.48426497527328,2763.266237601608,277770.9668939764,0.009850014405570115,87,51,164746.04665953136,-0.9997797222424353,1.0009458456306641,0.022027775756474268,20007.797320911195,131.93445052589976,0
univ3-conc-c1000,430,10000,49.80101082517411,-4663.578716194133,4663.578716194133,-4613.77770536896,7092.407200593315,157329.34418422068,0.04313545586796595,373,347,1945107.0718919993,1.001000093350611,1.0010002710492287,200.1000093350611,0.0035957203170117746,87.42609396551642,0
univ3-conc-c1000,431,10000,134.26065879453216,-203.97858454405406,203.97858454405406,-69.7179257495219,8411.835135758654,181439.72317082755,0.044307432663652974,500,254,213318.17025995193,-0.9997796845747915,1.0003874769443986,0.022031542520847155,20007.796976244532,115.61020348028701,0
univ3-conc-c1000,432,10000,15.177645639373178,-2133.6484651394735,2133.6484651394735,-2118.4708195001003,1619.3821941466936,119945.56773190339,0.013321127472448185,58,89,553714.3649607438,1.0009997857212531,1.0009999763308337,200.0999785721253,0.006637947340804862,55.8637384565773,0
univ3-conc-c1000,433,10000,14.266112288587006,-1860.4966165038345,1860.4966165038345,-1846.2305042152475,1671.1956823854014,193714.16138306225,0.008553331260262281,57,59,438935.58831131126,1.0009923207896696,1.001000173800531,200.09923207896696,0.08113646211511139,29.59092273044651,0
univ3-conc-c1000,434,10000,21.45688834697032,-864.5223273431077,864.5223273431077,-843.0654389961373,1876.0751600436988,101468.98328299064,0.018153506208309182,107,95,395966.968312084,1.0009950550324458,1.0010003396209286,200.0995055032446,0.053853558709292315,75.05302836475634,0
univ3-conc-c1000,435,10000,120.71702896961365,-1040.7979176277802,1040.7979176277802,-920.0808886581665,23531.159083570376,243318.97142883323,0.08818117884516684,963,614,1246294.738410554,-0.9997796075208939,1.0010004008537878,0.022039247910609544,20007.79624429518,133.83458281712393,0
univ3-conc-c1000,436,10000,11.90097090237408,-1188.9535464371413,1188.9535464371413,-1177.0525755347671,5031.871865189378,140553.87084486109,0.034562943949881735,351,318,1162601.3944853796,1.0010002840130696,1.001000359291237,200.10002840130696,0.0016909751623984531,92.19011207615675,0
univ3-conc-c1000,437,10000,26.624105133372662,-34.97092145228388,34.97092145228388,-8.34681631891122,918.0682684091546,120062.99563210632,0.007588528640846601,25,24,10849.728535781715,1.0009985372396264,1.0010002847553776,200.09985372396264,0.01909290341273817,59.333780437215594,0
univ3-conc-c1000,438,10000,14.62641008696433,-9166.249766627421,9166.249766627421,-9151.623356540456,3679.65080759002,85243.03475121065,0.041380338262015585,271,377,2617291.063905253,-0.9997792025054585,1.0010003676859456,0.02207974945415675,20007.792140552567,103.42552155893274,0
univ3-conc-c1000,439,10000,5.113769961740221,-1388.7327976776726,1388.7327976776726,-1383.6190277159324,1088.6145883163101,282560.4751203263,0.003837892056817487,49,39,232982.13601094572,1.0009943881151042,1.0009997546374096,200.09943881151042,0.06050321620503496,65.04314524380018,0
univ3-conc-c1000,440,10000,52.79969248171427,-5168.65399835263,5168.65399835263,-5115.854305870916,7232.95536962466,120396.17636021067,0.05667166478054041,624,454,2252095.3554064236,-0.9997796903574663,1.0010004427543189,0.022030964253368507,20007.797049467117,114.23074103393479,0
univ3-conc-c1000,441,10000,8.450411856662837,-1224.273392987526,1224.273392987526,-1215.8229811308631,1408.0692630498165,62566.600013121075,0.022009793547682947,97,131,688331.0740797905,1.0009975445379646,1.0010004249660034,200.09975445379646,0.029009704315959672,67.50017776197232,0
univ3-conc-c1000,442,10000,45.687650344136536,-3399.1666223450875,3399.1666223450875,-3353.4789720009508,6332.432051563766,263967.6005936701,0.023427418744987803,237,186,1083760.8683336691,1.0010001760763194,1.0010002555116868,200.10001760763194,0.002755996581233544,49.24764939711783,0
univ3-conc-c1000,443,10000,194.42364290483135,-853.6248312527954,853.6248312527954,-659.201188347964,16554.200450242235,208144.91440538023,0.0736727443758687,647,461,983304.6136244502,1.0009993253450233,1.0010004304712212,200.09993253450233,0.011280844517278565,94.36663547381654,0
univ3-conc-c1000,444,10000,48.195603028876334,-2799.3733688595553,2799.3733688595553,-2751.177765830679,7126.7966624642295,227106.81085388825,0.030426021005404563,310,204,932733.1615287287,1.0009964145374242,1.0010004505219783,200.0996414537424,0.04030147235858195,83.27319595062855,0
univ3-conc-c1000,445,10000,13.771777877958465,-2716.310751037196,2716.310751037196,-2702.5389731592377,4421.448168141066,77359.62554185571,0.05406444263400024,354,364,1681662.9180955468,-0.9997797428312183,1.0010004185102432,0.02202571687816964,20007.797557322654,109.9092269867585,0
univ3-conc-c1000,446,10000,3.5569604524242227,-258.3067071278184,258.3067071278184,-254.7497466753942,186.5562057075302,126126.87960636214,0.0014769308150646009,4,5,50001.29789332703,-0.9997795834324161,0.9997795834324161,0.02204165675839047,20007.795923807455,119.80019033788815,0
univ3-conc-c1000,447,10000,50.02084203033162,-3667.745654573376,3667.745654573376,-3617.7248125430447,11125.581751093285,126635.20349680453,0.08076015051070608,600,540,2364963.9920537947,1.000999240052019,1.0010004243341268,200.0999240052019,0.012132366215046098,97.24092416885661,0
univ3-conc-c1000,448,10000,38.416918378165995,-4438.839037122832,4438.839037122832,-4400.4221187446665,4566.6214848812615,174597.88169004174,0.02548842769609753,258,219,1194944.143399965,1.000999339448006,1.0010003287688887,200.0999339448006,0.011108697270968193,78.63750169079104,0
univ3-conc-c1000,449,10000,13.489776661833195,-1403.648691779655,1403.648691779655,-1390.1589151178218,4237.923764777767,146815.08576781926,0.02805587110042471,269,203,797169.038371053,1.0009979243557174,1.0010004467013627,200.09979243557174,0.025230274497531013,55.34013984938232,0
univ3-conc-c1000,450,10000,18.85662626866197,-1389.376153200897,1389.376153200897,-1370.519526932235,5512.5099592108,144911.2511858575,0.036646537204282174,432,280,1089010.420253898,-0.9997163831736786,1.0010001787744303,0.028361682632142407,20007.162691483783,100.43729998502583,0
univ3-conc-c1000,451,10000,22.898451132856813,-2543.648846940073,2543.648846940073,-2520.750395807216,5818.393897095032,102285.65591427336,0.05382216399152107,338,427,1914260.5642580914,-0.9997795147167977,1.0010004398664387,0.02204852832022869,20007.795273797263,115.67576703159847,0
univ3-conc-c1000,452,10000,26.337436461668574,-4267.425316765699,4267.425316765699,-4241.0878803040305,4956.040477005588,140914.72097829523,0.03397555773042474,294,267,1462002.4292873424,1.0010003364600255,1.0010004444313918,200.10003364600254,0.0011624992476927387,66.93526093106411,0
univ3-conc-c1000,453,10000,189.1938686123892,-3827.9936061004155,3827.9936061004155,-3638.7997374880265,10373.169397758564,228565.67408362575,0.043413491279272624,381,300,1505219.2470789982,1.0009991982786979,1.0010004448315803,200.0999198278698,0.012528579005562951,69.62910628954926,0
univ3-conc-c1000,454,10000,12.55258121758673,-7427.081369219089,7427.081369219089,-7414.528788001502,2388.2594710082385,61776.360069237824,0.037220815585296926,157,244,1772024.2401620508,1.0009999845090818,1.001000395330351,200.09999845090817,0.004667674954107234,48.609308582368236,0
univ3-conc-c1000,455,10000,7.565401819087025,-1911.4515673108667,1911.4515673108667,-1903.8861654917796,2128.1741628104373,160509.89694314598,0.01308533818889159,89,104,674877.0640558276,1.0009971151171835,1.001000383879678,200.09971151171834,0.03329324597882888,68.55504131725361,0
univ3-conc-c1000,456,10000,130.9693143368283,-251.67762567363388,251.67762567363388,-120.7083113368056,23698.26340951362,107640.55709429568,0.18043609131411595,847,738,642478.5171267627,-0.9997794708278616,1.0010004230323548,0.022052917213842265,20007.794872983643,105.73620594054768,0
univ3-conc-c1000,457,10000,116.75126350749451,-1628.0885115945061,1628.0885115945061,-1511.3372480870116,19880.44664430249,280031.38442382816,0.0662876371815631,787,476,1332267.79084315,1.000995864807564,1.0010004358206999,200.09958648075641,0.0458253484415021,85.0943379522687,0
univ3-conc-c1000,458,10000,23.346419300428476,-8919.338374306415,8919.338374306415,-8895.991955005986,8852.170113469812,151461.7344158262,0.0552177313593666,660,518,3312126.9961647587,1.0009998002962457,1.0010004061780549,200.09998002962456,0.006544279530661612,58.4527547431518,0
univ3-conc-c1000,459,10000,1.280888985074838,-1317.3258751157405,1317.3258751157405,-1316.0449861306656,363.12648798289996,98811.10412310142,0.00366150042955125,32,65,432645.53029025,1.001000100173765,1.001000185491347,200.1000100173765,0.003497843475280149,54.759180549935586,0
univ3-conc-c1000,460,10000,44.324699769191724,-4708.810098830881,4708.810098830881,-4664.485399061689,6423.864338660292,145224.81240464418,0.042360174032602727,391,331,1834500.2826381645,1.0009950366357558,1.0010004026131725,200.09950366357558,0.05406443493152838,80.3890781604229,0
univ3-conc-c1000,461,10000,48.72978564002532,-407.05909994508545,407.05909994508545,-358.3293143050601,12773.63047000393,80533.577623257,0.1368986462143057,920,711,1019918.3122144234,-0.9997796712434205,1.001000384079839,0.022032875657957144,20007.796886370652,107.07658468719652,0
univ3-conc-c1000,462,10000,430.49019334793377,-559.1633603929736,559.1633603929736,-128.6731670450398,25574.214219617228,253083.0280355805,0.09177659985666567,895,450,373659.2632398913,-0.99977961436645,0.9997797737485121,0.022038563354998934,20007.796299984897,104.15971191181474,0
univ3-conc-c1000,463,10000,53.807338739527836,-1009.3019730238699,1009.3019730238699,-955.494634284342,42021.675599878894,40745.364665611174,0.5077102608125996,3707,3066,3896175.313086551,1.0009987625395687,1.0010004706986821,200.09987625395686,0.01717995087627422,99.54678831296937,0
univ3-conc-c1000,464,10000,5.7675206757820865,-688.5849212023871,688.5849212023871,-682.8174005266051,3341.6122834256075,115476.82563995526,0.02812368468924343,298,242,797941.1758336019,1.0009936573890468,1.0010004506053758,200.09936573890468,0.06782003577158946,95.88776045030315,0
univ3-conc-c1000,465,10000,146.71092979713626,-2634.12196020289,2634.12196020289,-2487.411030405754,7975.9883375898025,177881.8534404671,0.04291445688428024,284,257,1136601.8828855583,1.0009973436298396,1.0010003403789745,200.09973436298395,0.031030535762400474,97.65309966561432,0
univ3-conc-c1000,466,10000,127.34162773352188,-1650.0992969099548,1650.0992969099548,-1522.757669176433,4788.889600254616,127192.63462982039,0.036284545342168115,174,205,1039319.7066992513,1.0010003775596854,1.0010003885127248,200.10003775596854,0.0007434179590311285,75.03875251009258,0
univ3-conc-c1000,467,10000,69.81077972506966,-203.40959382832787,203.40959382832787,-133.5988141032582,28834.122425783233,50480.81672380945,0.363539614793127,1555,1715,1179221.5934601948,-0.9997796356885906,1.0010004460471174,0.022036431140927473,20007.79660932882,101.77994543370228,0
univ3-conc-c1000,468,10000,216.60899103877762,-1454.5702625485171,1454.5702625485171,-1237.9612715097396,32948.20876013238,82395.93512846025,0.2856513356408978,1434,1398,2524841.8823617557,-0.9997790239680684,1.0010004512002366,0.02209760319316395,20007.79046055139,103.89632848176089,0
univ3-conc-c1000,469,10000,49.588995773777874,-7423.844066202083,7423.844066202083,-7374.255070428305,4226.374441346677,79193.72355861837,0.050663743422459745,311,460,2955495.5050645154,1.0009995415612964,1.0010003930790652,200.09995415612966,0.009104476913213588,91.26349732777008,0
univ3-conc-c1000,470,10000,23.395229211248633,-3596.0913494245638,3596.0913494245638,-3572.696120213315,4710.795962364802,95538.2143566031,0.04699094731585078,318,326,1754804.5157154521,-0.9997795531769824,1.0010004501787626,0.02204468230175631,20007.795652656918,132.9398925875566,0
univ3-conc-c1000,471,10000,0.029945412576509955,-98.56145081658347,98.56145081658347,-98.53150540400696,18.148974095960792,86934.72635559527,0.000208721954589161,4,5,29932.873244987393,1.0010000594134474,1.0010000594134474,200.10000594134473,0.0038997312533455286,65.47061976477148,0
univ3-conc-c1000,472,10000,5.118002699847027,-1680.3608625936129,1680.3608625936129,-1675.2428598937659,1893.5690094741976,158077.1812597758,0.011836970235415497,89,97,640583.1045530979,1.0009932177741145,1.0009998986813975,200.09932177741146,0.07218816207632273,79.49324905523362,0
univ3-conc-c1000,473,10000,106.99744392488641,-2895.647966522747,2895.647966522747,-2788.650522597861,8201.278479572837,208720.87528965576,0.037807473036146046,336,264,1153990.679822598,1.0010000799029022,1.0010004464327849,200.1000079902902,0.003725653518395017,57.854180223578204,0
univ3-conc-c1000,474,10000,163.79348127827288,-1593.6472143249816,1593.6472143249816,-1429.8537330467088,19333.503255950898,281626.6926576935,0.0642394028129166,768,481,988839.1520234679,-0.9997797666405575,1.0010004467666218,0.022023335944259103,20007.797821057564,116.09748451979789,0
univ3-conc-c1000,475,10000,24.121041406548436,-3092.5241653246903,3092.5241653246903,-3068.403123918142,1692.8825320184715,114398.99861885619,0.01458226462726,135,135,841260.4406665043,1.0009970006049995,1.0010004168858557,200.09970006049994,0.034440106923860014,49.48173493297955,0
univ3-conc-c1000,476,10000,126.67344651493367,-6661.117014586933,6661.117014586933,-6534.443568071999,22430.87978446345,201941.2207304359,0.09997178674615981,1215,792,3414867.9940598104,-0.9997795228898373,1.0010004528683658,0.022047711016265292,20007.795417696936,108.59601315210521,0
univ3-conc-c1000,477,10000,11.169086522293954,-465.4066059770189,465.4066059770189,-454.2375194547249,2115.668226281565,148153.11115131518,0.014079226803095903,97,73,312445.27895232994,-0.9997796689553533,1.0009998383185044,0.022033104464669995,20007.796788957396,109.38881867964473,0
univ3-conc-c1000,478,10000,13.629187730499428,-1704.8991532118255,1704.8991532118255,-1691.2699654813262,1230.143757787728,91512.8473549993,0.013264007802937043,57,105,632195.1116274373,1.0009997200347982,1.001000224298372,200.09997200347982,0.007294244223152724,50.407565765424664,0
univ3-conc-c1000,479,10000,144.88422376595068,-1763.7964885831211,1763.7964885831211,-1618.9122648171704,1952.6847454421115,120290.74042841306,0.015973740449966894,133,107,535889.7039439285,1.000991206971115,1.0009999582219218,200.09912069711152,0.09225907274973899,72.52114921339496,0
univ3-conc-c1000,480,10000,82.04178257603402,-322.0262516241967,322.0262516241967,-239.98446904816265,9888.438337905585,195318.7751909846,0.048187576683377344,507,277,364954.29988874093,-0.9997790062542791,1.0010001105287616,0.022099374572093686,20007.790180242893,101.69001240386267,0
univ3-conc-c1000,481,10000,25.15477362571691,-2002.3132632194536,2002.3132632194536,-1977.1584895937367,6993.504005802224,171424.6295675935,0.03919727140809548,475,312,1239983.470621574,-0.9997796939456879,1.0010004119409424,0.022030605431213653,20007.79707032265,146.35858597611372,0
univ3-conc-c1000,482,10000,55.706825560428854,-6259.579407932288,6259.579407932288,-6203.872582371859,8154.947373944334,184137.2493917028,0.042409143538377894,336,307,1817137.5985910504,-0.9997796185033683,1.0010004129586767,0.022038149663172593,20007.796308024037,159.33411335403972,0
univ3-conc-c1000,483,10000,184.1302499993882,-4380.561445595512,4380.561445595512,-4196.431195596124,3671.963186388582,87823.25399629064,0.040132842999401216,168,289,1588301.2736832865,1.0009969582202642,1.0010004121530858,200.09969582202643,0.03487190414625729,92.25154665532128,0
univ3-conc-c1000,484,10000,1.1186411843221709,-2831.1187804390743,2831.1187804390743,-2830.000139254752,1050.8364771112108,157065.56825733592,0.006645967436940313,89,86,683570.987449528,-0.9997794922572669,1.0010004284877505,0.02205077427331586,20007.79501919722,108.23916588867387,0
univ3-conc-c1000,485,10000,11.531196887509461,-846.2549578800277,846.2549578800277,-834.7237609925182,3275.8241934229754,151352.2295454221,0.02118518673820723,149,157,639006.0542680833,-0.9997797615252544,1.0010000473187395,0.022023847474563044,20007.79772395951,119.5297720697439,0
univ3-conc-c1000,486,10000,89.85942625383089,-196.24292182352423,196.24292182352423,-106.38349556969334,4110.681320615314,103150.96361927615,0.03832386985039159,104,95,97210.41940966714,1.0009956090724312,1.001000402631899,200.09956090724313,0.04832349117987178,77.7629685280421,0
univ3-conc-c1000,487,10000,4.3166728163377455,-708.4862816918231,708.4862816918231,-704.1696088754854,611.7579869124687,123506.92455832139,0.004928814698701941,36,42,230198.0520932048,-0.9997797095669227,1.0010003628432864,0.0220290433077312,20007.79719153217,172.84417558901163,0
univ3-conc-c1000,488,10000,23.385683389378443,-1588.8935912218215,1588.8935912218215,-1565.507907832443,3124.5764904284515,161746.18484607767,0.018951671388543527,127,116,680345.4630007548,-0.9997797566225437,1.0010004044149035,0.0220243377456317,20007.797671352604,122.67048292464139,0
univ3-conc-c1000,489,10000,261.0912345868086,-1059.9578660701693,1059.9578660701693,-798.8666314833607,21377.738841484956,173124.25910119963,0.10991012466506643,746,622,1189949.6265293106,-0.9997794336220857,1.001000328869312,0.02205663779143878,20007.794491851797,119.25194359041714,0
univ3-conc-c1000,490,10000,258.27969152825017,-2365.8845203431015,2365.8845203431015,-2107.6048288148513,25374.54045288263,101662.46406839299,0.19974133165768254,1176,1006,2560888.6355156177,1.0010002401309157,1.0010004539745876,200.10002401309157,0.002204594018292441,97.31936629640732,0
univ3-conc-c1000,491,10000,138.3708495857815,-335.7772861723596,335.7772861723596,-197.40643658657808,8523.295391939444,269164.5071529085,0.030693805467249105,263,161,267479.5623398095,1.001000105695057,1.0010004369672982,200.1000105695057,0.003458979521788086,79.77451593859573,0
univ3-conc-c1000,492,10000,114.6750911529771,-1276.099130545493,1276.099130545493,-1161.4240393925159,7218.037934202701,113007.01633300772,0.06003771824598221,288,304,1016006.2090433504,-0.9997796019646333,1.0010004223637268,0.022039803536673296,20007.79613952105,121.66367939265241,0
univ3-conc-c1000,493,10000,9.599729433817568,-2104.966430927545,2104.966430927545,-2095.3667014937273,2287.0575014637197,172065.15540737516,0.01311745611545247,137,112,557365.4095514334,1.0009987709691546,1.001000258092162,200.09987709691546,0.016771634482265263,40.56523644849904,0
univ3-conc-c1000,494,10000,3.184410268250653,-791.2037089456173,791.2037089456173,-788.0192986773667,892.8006381964647,97590.06868638066,0.00906554250825082,80,85,362895.2945291247,1.0009989496953298,1.0010003669096432,200.09989496953298,0.01498322569504551,62.51250639959682,0
univ3-conc-c1000,495,10000,90.63543316860138,-560.2339556455977,560.2339556455977,-469.5985224769963,1968.5591317206827,151463.78964407224,0.01283014401739552,85,87,302668.04101948265,1.0010002855025188,1.0010003180242102,200.1000285502519,0.001650806768515256,93.3622555485158,0
univ3-conc-c1000,496,10000,0.8278641186828064,-299.58760968271474,299.58760968271474,-298.75974556403196,265.4029086045934,149924.90453809127,0.0017671107617832642,23,28,161657.68599178613,1.0009986755225861,1.0009999787427928,200.09986755225862,0.0177128545578924,63.81967609577817,0
univ3-conc-c1000,497,10000,41.485536301747224,-4013.3510403677665,4013.3510403677665,-3971.865504066019,8543.493348782167,134080.32116883746,0.059902291757360844,439,372,1747193.4120775338,-0.9997797104852023,1.001000392137326,0.022028951479769937,20007.797237778817,142.06103934942544,0
univ3-conc-c1000,498,10000,39.5421019358005,-1507.0068420315447,1507.0068420315447,-1467.4647400957442,14455.69275145945,117848.93839520469,0.10926067081835425,1306,857,2245273.548673828,1.001000201249197,1.001000413993287,200.1000201249197,0.0025922168613163876,95.30359048196318,0
univ3-conc-c1000,499,10000,24.197298564934368,-216.17251939293664,216.17251939293664,-191.97522082800228,3548.4653035097604,82663.93779381695,0.04115956841504389,248,200,361739.2927620579,1.0009977135734938,1.0010004122706795,200.09977135734937,0.02733433602345059,87.47165406845828,0
univ3-conc-c1000,500,10000,83.34597127302517,-491.4003057843889,491.4003057843889,-408.0543345113637,7875.934430762087,193523.79210097517,0.039105983738865556,223,185,439243.18395348196,-0.9997797531799381,1.0010003071425313,0.022024682006188172,20007.797645222447,108.87813137566569,0
univ3-conc-c1000,501,10000,117.84543127918103,-3080.3015916193917,3080.3015916193917,-2962.4561603402108,17559.577516054156,136150.1298433612,0.11423857229130661,599,619,2193793.241833271,0.6157703259141354,1.0010003688768858,161.57703259141354,3846.08411612491,99.87699805983084,0
univ3-conc-c1000,502,10000,14.753489944093094,-1089.9472250542701,1089.9472250542701,-1075.193735110177,2299.6910709414924,187178.2335009653,0.012136986808026605,89,77,407290.9377326155,1.0009994131194149,1.0010003839185564,200.09994131194148,0.010357658520730006,75.81893143355069,0
univ3-conc-c1000,503,10000,88.87102780557895,-5603.657118103742,5603.657118103742,-5514.786090298163,12549.20901977014,111953.96810402356,0.10079428742041212,905,756,3066172.5475528007,1.0009990999848364,1.0010004121156733,200.09990999848364,0.013558188819684958,97.94582952960913,0
univ3-conc-c1000,504,10000,68.63284287221146,-6437.06607809117,6437.06607809117,-6368.4332352189585,13654.783775245454,300787.80848508235,0.04342536320251623,534,390,2286091.973181915,1.000993952672514,1.0010004278643831,200.0993952672514,0.0648907975697881,67.85407064680061,0
univ3-conc-c1000,505,10000,4.828311312891053,-10746.687035655917,10746.687035655917,-10741.858724343027,2839.959199928255,56048.5400966613,0.048226041312836226,279,536,3771058.7068212065,1.0009964928038113,1.0010003781096806,200.09964928038113,0.03953353496340739,80.97984172022159,0
univ3-conc-c1000,506,10000,8.591370755626206,-1966.4623672874172,1966.4623672874172,-1957.870996531791,2146.2640230896145,145628.3314008998,0.014523903901963887,157,125,625931.438909956,-0.9997797248144438,1.0010003862648702,0.022027518555622516,20007.79735518797,125.3239000523486,0
univ3-conc-c1000,507,10000,47.55932376438976,-9687.98764191643,9687.98764191643,-9640.42831815204,9249.362190777592,90109.73008748432,0.09309024447278687,537,647,3796062.981394132,-0.9997797718478962,1.0010004367335639,0.02202281521037592,20007.79787276118,116.76323549341127,0
univ3-conc-c1000,508,10000,335.26286522969525,-583.2991820670643,583.2991820670643,-248.03631683736904,23533.103119258754,185335.19432650975,0.1126695789023176,930,553,545898.9575200859,1.0009993059958224,1.001000443964819,200.09993059958225,0.011493221861973046,95.07703668238047,0
univ3-conc-c1000,509,10000,39.433177404067,-1174.9255991489467,1174.9255991489467,-1135.4924217448797,8907.237898091566,256114.35283423163,0.03360948016906307,325,236,850591.2631514639,1.000999391210816,1.001000344935697,200.0999391210816,0.010595641062276506,93.67146644680534,0
univ3-conc-c1000,510,10000,114.07206004557727,-4354.258864675839,4354.258864675839,-4240.186804630262,15537.302607553553,176651.8339128838,0.08084381296911296,603,541,2173292.445091464,1.000998864903532,1.0010004172793077,200.09988649035319,0.015878117772103906,87.51734843932982,0
univ3-conc-c1000,511,10000,98.21512605014112,-290.33337906687234,290.33337906687234,-192.11825301673122,11802.109801002494,210695.5223341864,0.053043754613224685,504,303,497580.13909741235,-0.9997795653894717,1.0010002042165989,0.022043461052825918,20007.795781968125,103.86260754960776,0
univ3-conc-c1000,512,10000,67.2002950938535,-6685.0719313978125,6685.0719313978125,-6617.871636303959,12275.813449190204,139960.66783175975,0.08063647652585577,1003,718,3263082.7313323272,1.0009915689054667,1.001000452337953,200.09915689054668,0.08872131368704972,90.71353089466925,0
univ3-conc-c1000,513,10000,6.6800278091381475,-924.1098958387241,924.1098958387241,-917.429868029586,1507.2316084074025,266674.1337020762,0.005620195149138808,62,45,228979.16654987118,1.0009909515489883,1.0009991676175358,200.09909515489883,0.09480132350464743,46.23435740383001,0
univ3-conc-c1000,514,10000,40.59429644706171,-5087.279732842147,5087.279732842147,-5046.685436395085,3270.526569614984,148011.71497057716,0.021618707763171808,185,180,1256901.5530747722,-0.9997796630202338,1.00100032923653,0.0220336979766196,20007.796738871075,201.20910727615166,0
univ3-conc-c1000,515,10000,72.87587656579339,-285.0228104344384,285.0228104344384,-212.146933868645,7031.48387590096,142103.35959783918,0.047148498044583875,378,290,448645.3570910136,1.001000435867837,1.0010004484841781,200.1000435867837,0.00017563345812385278,85.3506831389895,0
univ3-conc-c1000,516,10000,45.01649318122475,-979.0973771511265,979.0973771511265,-934.0808839699017,1491.5419046157526,152516.34046350222,0.009684841332020841,39,44,196828.8000024871,1.0009918314055755,1.0010003575208148,200.09918314055756,0.08601862572106,36.74187400178701,0
univ3-conc-c1000,517,10000,9.444749358242062,-455.9291544481459,455.9291544481459,-446.4844050899038,1213.797467504881,241106.68130414232,0.005009058556081484,44,30,98151.4323268332,1.0009975735221486,1.001000174535163,200.09975735221485,0.028712427277042707,33.76847659356618,0
univ3-conc-c1000,518,10000,17.385925880312612,-251.51747447652306,251.51747447652306,-234.13154859621045,1866.3484048574705,116101.00434703611,0.015820889096178452,26,34,134537.81201448425,1.0009997872765475,1.0009997872765475,200.09997872765476,0.0066182262392100455,72.43327741346008,0
univ3-conc-c1000,519,10000,611.6752011876033,-825.0593787947003,825.0593787947003,-213.38417760709694,43701.92504699541,270408.4412281302,0.13912920342373358,1547,842,722429.7246340233,-0.99977972343086,1.0010003706471111,0.022027656914002134,20007.797448218884,105.0759677992,0
univ3-conc-c1000,520,10000,36.239381009826914,-3018.7065007858164,3018.7065007858164,-2982.4671197759894,2673.3212284615065,214991.84849961795,0.012281805269079944,95,102,703576.8345360657,-0.9997797322473496,1.0010001961767383,0.022026775265026582,20007.79742419558,138.28744481730243,0
univ3-conc-c1000,521,10000,7.8700608081624575,-6095.0866101706115,6095.0866101706115,-6087.216549362449,2262.2349565848103,61883.764692843426,0.035266968617659926,144,252,1662086.776208855,-0.9997790860150402,1.001000412396074,0.022091398495987704,20007.790960236154,111.02052442371586,0
univ3-conc-c1000,522,10000,97.16520953675207,-1150.5380459579976,1150.5380459579976,-1053.3728364212454,16132.539718924923,89479.20408083493,0.1527532747637636,1023,896,1826918.2458602025,1.0009978708123608,1.0010004526822518,200.0997870812361,0.02583718503959287,94.86528978636358,0
univ3-conc-c1000,523,10000,61.07423994417637,-4010.324058616703,4010.324058616703,-3949.2498186725265,11997.922163263695,94768.95879752662,0.11237494300943268,901,736,2725276.614577034,-0.9997797462111344,1.0010004101423815,0.022025378886560525,20007.79763681815,112.16467383836296,0
univ3-conc-c1000,524,10000,5.8124287421647,-1432.181219589399,1432.181219589399,-1426.3687908472343,2735.68657139655,111551.51276228325,0.023936946458975466,54,90,591253.7404771051,1.0009983692698114,1.0010001479439656,200.09983692698114,0.020774245379094225,60.93384366556086,0
univ3-conc-c1000,525,10000,50.275805174720894,-2922.485697529615,2922.485697529615,-2872.2098923548942,2247.7977635407724,109919.07877029365,0.020039764260197962,101,115,697426.0242187016,-0.9997795164054851,1.0010003021287752,0.02204835945148405,20007.795262007225,103.88130537616819,0
univ3-conc-c1000,526,10000,21.973199896191737,-4233.20092231117,4233.20092231117,-4211.227722414978,4843.4811340454735,133564.34418982608,0.03499427234487519,493,331,2119100.1131470934,-0.9997792690826173,1.001000390316963,0.022073091738282043,20007.79281331294,104.74560557098565,0
univ3-conc-c1000,527,10000,51.739266331487244,-3377.20958370511,3377.20958370511,-3325.470317373623,8423.682432179714,93313.26418208411,0.08279865587197295,485,450,2009881.677794256,1.0009984798254914,1.0010004199657125,200.09984798254914,0.019708473715112973,81.35558103079696,0
univ3-conc-c1000,528,10000,62.377440264647596,-6617.227024881035,6617.227024881035,-6554.849584616387,10833.947309747076,146736.46343920386,0.06875622941040792,663,500,2670597.841878267,1.0009944137249696,1.0010003409675423,200.09944137249695,0.060303147223447956,89.07469559322297,0
univ3-conc-c1000,529,10000,145.62526432687102,-1399.794813562217,1399.794813562217,-1254.169549235346,18861.583124074463,57913.50457834256,0.24567322146452808,958,1022,2006652.6496984847,-0.9996185494644142,1.001000443965685,0.038145053558576336,20006.182460983513,100.28336618752037,0
univ3-conc-c1000,530,10000,86.6148834646924,-7759.711745242895,7759.711745242895,-7673.096861778203,6284.818462662922,144040.68419269152,0.041808065508830435,187,287,2014016.0836190553,-0.9997728085682885,1.001000428903562,0.022719143171138007,20007.728064123847,101.69769729782128,0
univ3-conc-c1000,531,10000,291.60033935553497,-2805.8743440453013,2805.8743440453013,-2514.274004689766,38372.40484191413,194929.8942983632,0.1644750393944554,1663,1030,2287898.4483578205,-0.99977955697185,1.0010004538523776,0.02204430281500613,20007.79579264284,110.13111417837389,0
univ3-conc-c1000,532,10000,15.733925775336147,-4801.28607904363,4801.28607904363,-4785.552153268293,4481.120507184249,166680.60370212005,0.026180622612240877,265,222,1525373.8496856058,-0.9997794214979792,1.001000422142021,0.02205785020208988,20007.794325863088,124.74795167451322,0
univ3-conc-c1000,533,10000,2.4131758765903344,-2264.1291075309696,2264.1291075309696,-2261.7159316543793,798.3946381239584,109961.65568841824,0.007208326790843229,75,82,538732.836295558,-0.9997797733662344,1.0010003638407585,0.022022663376553904,20007.797834454042,142.7729189741036,0
univ3-conc-c1000,534,10000,3.3190428242148418,-6097.810708257483,6097.810708257483,-6094.491665433268,1364.0717558122533,135466.7503171616,0.009969038665022228,101,165,1394066.1736355124,1.0010001154246317,1.0010004119644773,200.10001154246316,0.0033526179068044115,33.98897758375087,0
univ3-conc-c1000,535,10000,8.18889233542639,-2134.5449545839933,2134.5449545839933,-2126.356062248567,766.0176104918444,89243.77025027391,0.008510381245168367,48,56,383869.9367484562,1.0009966312591305,1.001000356286744,200.09966312591305,0.03811788697138496,17.266303552170353,0
univ3-conc-c1000,536,10000,168.39018710502012,-379.92365549949454,379.92365549949454,-211.53346839447443,7223.303910264617,128508.27347232452,0.05321756403010152,400,273,335873.4061659305,1.0010000405641848,1.0010004333606277,200.10000405641847,0.004122217431261455,85.9329445092417,0
univ3-conc-c1000,537,10000,24.845965876443408,-96.25033212762153,96.25033212762153,-71.40436625117812,1431.0809673592923,127356.48389648055,0.01111194989106516,59,42,97335.27077691347,1.0009939188961392,1.0010003290134544,200.0993918896139,0.06518687620715014,86.57890930611123,0
univ3-conc-c1000,538,10000,23.33942789173591,-13877.267571570635,13877.267571570635,-13853.928143678899,4944.753005447542,97668.97403227599,0.04818802657494079,206,419,3208063.522362276,1.0009984184638099,1.0010004100771275,200.099841846381,0.020306723794490722,64.3198757310599,0
univ3-conc-c1000,539,10000,31.83610517696129,-5116.882989250847,5116.882989250847,-5085.046884073885,6781.672768964901,105709.66852561994,0.06028617572623218,332,459,2582181.7064700807,-0.9997793438983246,1.0010004496492737,0.02206561016754395,20007.79356476133,106.7799829552167,0
univ3-conc-c1000,540,10000,133.02578085686747,-3301.169026080204,3301.169026080204,-3168.143245223336,19428.92871095759,217925.07402251585,0.08185633478772412,770,552,1868590.3317799298,1.0009995550127215,1.0010004057463238,200.09995550127215,0.00900153673917381,90.5869240700577,0
univ3-conc-c1000,541,10000,14.952606536050816,-3262.955605118421,3262.955605118421,-3248.00299858237,1937.693897837635,102057.64764547757,0.0186325066977213,74,127,922552.2777738681,1.000993711071536,1.0010003747318397,200.0993711071536,0.06726590716517933,42.0996734967568,0
univ3-conc-c1000,542,10000,58.64927040047071,-1196.4557125095253,1196.4557125095253,-1137.8064421090546,10139.31422531868,164363.7412650404,0.05810393518226308,642,419,1144550.807482286,1.0009999698581102,1.00100044353293,200.09999698581103,0.0048484015515946055,99.12963906929552,0
univ3-conc-c1000,543,10000,98.77169109437962,-3892.472412813341,3892.472412813341,-3793.7007217189616,9769.288101353484,73169.32939131735,0.11778937721281382,488,581,2393301.908950297,1.0009988021063767,1.0010004486522757,200.09988021063768,0.016501757681312235,82.93519514019627,0
univ3-conc-c1000,544,10000,89.27510647937243,-7948.151422478989,7948.151422478989,-7858.876315999616,7155.1031509086615,187881.5988648591,0.036685931811594144,210,244,1891403.2261581437,1.0009987533617806,1.0010004447101852,200.09987533617806,0.016956520366385064,83.85583403727492,0
univ3-conc-c1000,545,10000,522.7480043367884,-1117.9935248210722,1117.9935248210722,-595.2455204842838,23473.184646922393,230079.8709817418,0.09257701347247635,774,524,874138.6551669341,1.0010001074065662,1.001000450658057,200.10001074065661,0.0034836686446863274,93.23300619833327,0
univ3-conc-c1000,546,10000,21.01039316448351,-1065.8686616631442,1065.8686616631442,-1044.8582684986607,1501.264793067488,223219.07488188831,0.006680591508712453,70,45,204698.3786466298,-0.9997797187787257,1.00100043600331,0.02202812212742401,20007.79728506919,305.13540527244663,0
univ3-conc-c1000,547,10000,93.76959659164402,-3353.4062970704067,3353.4062970704067,-3259.6367004787626,15230.093740678845,114628.65413527573,0.11728200055669057,832,651,2384327.4675292266,1.000994632919397,1.0010004197890974,200.0994632919397,0.058130069626969316,98.21059136074548,0
univ3-conc-c1000,548,10000,22.196112920469066,-1184.6201910729108,1184.6201910729108,-1162.4240781524418,2803.1036848839667,107663.57566798537,0.025375105880840954,117,143,544487.8877154421,-0.9997795179269515,1.0010003894047452,0.02204820730484308,20007.79528039569,159.14265862726558,0
univ3-conc-c1000,549,10000,42.11540975962181,-1114.8616889847451,1114.8616889847451,-1072.7462792251233,3625.843207414575,68383.3661258694,0.05035249297951455,242,282,1089215.6878916686,-0.9997795682061553,1.0010004338259455,0.022043179384469865,20007.795797450988,101.7972663837582,0
univ3-conc-c1000,550,10000,10.182954698113548,-1095.2656086187128,1095.2656086187128,-1085.0826539205993,1814.8829908086805,130277.357498342,0.013739512511014943,103,121,618449.7845483891,-0.9997797379941471,1.0010004315449135,0.022026200585285805,20007.797483548766,130.97145669698696,0
univ3-conc-c1000,551,10000,12.42516782055088,-1298.9398197160274,1298.9398197160274,-1286.5146518954766,1270.088718865213,160397.86424247455,0.007856156372369815,58,62,328415.8723150423,1.0009960494043306,1.001000150565926,200.09960494043307,0.04392452082039372,68.6646416531645,0
univ3-conc-c1000,552,10000,3.1961521276925584,-441.1811429285517,441.1811429285517,-437.9849908008591,949.3682749605866,86719.51695603531,0.01082902186401854,44,57,235273.7472922428,1.000996685328807,1.001000375126071,200.0996685328807,0.03757768798412542,55.18647110103805,0
univ3-conc-c1000,553,10000,26.413092752176755,-1980.0408964514809,1980.0408964514809,-1953.6278036993042,6213.463541455581,175395.54107594772,0.03421341113864656,346,248,1069873.6413899255,-0.9997787546618736,1.0010003871071078,0.022124533812640935,20007.787649175916,101.98080623911477,0
univ3-conc-c1000,554,10000,4.002056345068605,-1311.5759713260709,1311.5759713260709,-1307.5739149810022,1668.4824943978117,156833.09873904276,0.01052659841885411,82,88,491097.71027884516,1.0009907542034393,1.0010003335476179,200.09907542034392,0.09677343635962643,39.7306217339827,0
univ3-conc-c1000,555,10000,177.91662543261833,-4229.441310899192,4229.441310899192,-4051.524685466574,5560.317435467304,116325.25714013718,0.04561915923871935,225,259,1547728.6224953874,1.0009992550176623,1.0010003895903303,200.09992550176622,0.011952535743115611,99.0478883338801,0
univ3-conc-c1000,556,10000,4.0467112613762355,-574.5575061260363,574.5575061260363,-570.51079486466,550.4451583430032,146282.05850077188,0.003748796381085431,36,24,169738.39331103806,-0.9997797789464349,1.0010004143933084,0.02202210535651473,20007.797885670858,202.7625046711033,0
univ3-conc-c1000,557,10000,24.36814766289605,-4712.170042552285,4712.170042552285,-4687.801894889389,4381.183015268727,185530.25434832144,0.023069611162390622,280,205,1371148.294006196,-0.9997797693491765,1.0010003842114525,0.022023065082350666,20007.797811105735,106.7344285451224,0
univ3-conc-c1000,558,10000,35.169030609252715,-399.033452398799,399.033452398799,-363.86442178954627,3042.903952546005,143570.85607785036,0.020754559134934823,165,136,384138.17712550954,-0.999779764260562,1.0010001348188615,0.02202357394379574,20007.797750710608,116.09850474915106,0
univ3-conc-c1000,559,10000,26.281679001909044,-4590.434902542849,4590.434902542849,-4564.15322354094,5924.484053776388,270943.38095402194,0.02139823649671123,290,211,1331549.3597723686,1.0009996045573417,1.0010004325705646,200.09996045573416,0.008463920683432075,69.45967769035484,0
univ3-conc-c1000,560,10000,84.62659364497367,-2212.369858959711,2212.369858959711,-2127.7432653147375,6571.31576081543,108863.84072032403,0.056926468167339414,269,356,1505100.7528491009,1.0010001495457654,1.0010004431333892,200.10001495457655,0.0030314708469638685,85.91916807170469,0
univ3-conc-c1000,561,10000,179.2563364229718,-1691.0274194331616,1691.0274194331616,-1511.7710830101898,6536.162594844736,102747.7118193932,0.059809030654143606,387,358,1213774.8317881247,1.0009997765193859,1.0010004357836777,200.0999776519386,0.006760366843229948,72.1248658647297,0
univ3-conc-c1000,562,10000,124.27456008133231,-283.1160072223276,283.1160072223276,-158.84144714099529,91773.29772416902,55803.352803946545,0.6218686858371598,5231,3206,1707065.8895814093,1.0009911050532145,1.0010004513605426,200.09911050532145,0.09367772177819234,99.63677897888302,0
univ3-conc-c1000,563,10000,395.69380440010536,-551.2557524358979,551.2557524358979,-155.5619480357925,48698.57370106941,131977.33467341657,0.2695355132801222,1821,1218,600742.0862751337,1.0009987831015135,1.0010004599831015,200.09987831015135,0.01679000445439982,95.99120198730567,0
univ3-conc-c1000,564,10000,197.79964599602306,-434.20621679839275,434.20621679839275,-236.40657080236969,105317.021915688,138560.08569466314,0.4318446407194388,4635,2526,1549579.8493676805,1.0009910246477893,1.001000482426103,200.09910246477892,0.09442419737074864,98.954955671467,0
univ3-conc-c1000,565,10000,29.157366928853573,-4774.285163136907,4774.285163136907,-4745.127796208053,5417.992314076057,192853.66311161625,0.02732610620738271,202,214,1370258.550938834,-0.9997797497136359,1.0009998882541091,0.02202502863640026,20007.797610349302,218.39122965706557,0
univ3-conc-c1000,566,10000,108.13273325184731,-3019.219927624503,3019.219927624503,-2911.0871943726556,11384.984847441056,133889.64018440503,0.07836870922878182,468,413,1558688.168839046,-0.9997793076287687,1.0010004080243218,0.022069237123129186,20007.793204910406,109.61850464730547,0
univ3-conc-c1000,567,10000,71.4387507187464,-3275.0920213499294,3275.0920213499294,-3203.6532706311827,7980.817321694922,212106.37237965167,0.03626207110247858,350,244,1227902.3406776777,1.000999632034776,1.0010003695353757,200.0999632034776,0.008194211610168062,51.24606829775438,0
univ3-conc-c1000,568,10000,22.713721488361145,-420.49884819191317,420.49884819191317,-397.785126703552,4356.492269981225,119883.49143185318,0.03506513877558486,353,207,450796.04549346346,-0.9997797071259684,1.001000416167613,0.022029287403152575,20007.79719025542,112.53721362883763,0
univ3-conc-c1000,569,10000,572.4369315387975,-1098.2070706331447,1098.2070706331447,-525.7701390943472,100641.58821862063,154375.50128872858,0.39464644668733184,3809,2438,2079531.5962901677,-0.9997792393036611,1.001000444529092,0.022076069633900776,20007.792786952108,102.45326020043706,0
univ3-conc-c1000,570,10000,13.640362702720024,-1895.6263902002079,1895.6263902002079,-1881.9860274974878,2737.195899130235,244603.39680466588,0.011066504972793434,125,115,649503.815495464,1.000999870640134,1.000999870640134,200.0999870640134,0.0057955266852718346,45.819512705477635,0
univ3-conc-c1000,571,10000,229.34405089381653,-3256.6405631241296,3256.6405631241296,-3027.296512230313,17068.271197270933,271611.775166397,0.059125219814358025,555,377,1478156.8869403093,1.0009996958007914,1.001000432466073,200.09996958007915,0.007575292974958847,67.94677806911939,0
univ3-conc-c1000,572,10000,3.330769832204239,-651.9012307074117,651.9012307074117,-648.5704608752075,1408.573376352738,87848.16730353211,0.01578114286521531,90,125,520533.4305620212,1.0010000699255739,1.0010001602177538,200.10000699255738,0.003805455049469497,61.81167045016577,0
univ3-conc-c1000,573,10000,0.2819706507376179,-325.1323555035343,325.1323555035343,-324.8503848527967,127.88409283497569,190488.05708517876,0.0006708992545148488,11,7,31786.599602689377,1.0009976103402436,1.0009976103402436,200.09976103402437,0.028341795275110826,51.63776651458527,0
univ3-conc-c1000,574,10000,0.24985208724125132,-31.711563555948842,31.711563555948842,-31.46171146870759,97.55674883664624,173439.51454851712,0.0005621666201193627,7,6,16825.016889590785,-0.999779728375904,0.999779728375904,0.022027162409606237,20007.79737638566,167.5473347110451,0
univ3-conc-c1000,575,10000,152.83572085438732,-1567.2181687355112,1567.2181687355112,-1414.3824478811239,14820.725372311195,235241.80238580855,0.059268077889090894,642,396,1093581.1583940962,1.0009986859263398,1.001000408355972,200.09986859263398,0.017658282226678423,88.1459098851723,0
univ3-conc-c1000,576,10000,78.46060628454484,-1004.8877185089673,1004.8877185089673,-926.4271122244224,7389.818179818006,213517.42226092462,0.033452132058117354,339,249,830743.1439064844,1.0009975161651488,1.001000405151305,200.09975161651488,0.02930985274833342,83.24196392931401,0
univ3-conc-c1000,577,10000,32.62971829341329,-2379.485358605625,2379.485358605625,-2346.855640312212,1410.9684563389478,68484.2551844237,0.020186908101057652,69,106,623650.7818062453,1.001000394426203,1.001000394426203,200.1000394426203,0.0005647077984987092,44.438527779382895,0
univ3-conc-c1000,578,10000,36.54676410841135,-9136.11947368165,9136.11947368165,-9099.57270957324,5316.770780800523,203914.89782240923,0.025410927591861497,348,282,2016563.5496971777,-0.9997797461217192,1.0010004315820848,0.022025387828083894,20007.79758572897,183.1108844988538,0
univ3-conc-c1000,579,10000,10.205526687521132,-3991.023359635201,3991.023359635201,-3980.8178329476796,3276.583307985716,87130.0362874315,0.03624273667845235,214,301,1830170.3086799595,-0.9997796701782603,1.0010004394952687,0.022032982173974817,20007.796817688108,143.8945402773289,0
univ3-conc-c1000,580,10000,79.84628270022617,-14274.762195795462,14274.762195795462,-14194.915913095236,13178.144191868285,153857.03736140355,0.07889442253616155,756,659,4255546.789627945,-0.9997797166013865,1.001000418290906,0.02202833986135245,20007.79733020845,157.51798221163267,0
univ3-conc-c1000,581,10000,1.0150421234558118,-1659.2008037920825,1659.2008037920825,-1658.1857616686268,515.793818147816,99039.76437559939,0.0051809645539229315,53,60,445728.59194464015,1.000990546793854,1.0010001209364725,200.0990546793854,0.09884080967356823,27.90702266373063,0
univ3-conc-c1000,582,10000,11.805298144051253,-2857.545295274843,2857.545295274843,-2845.7399971307914,3502.59061152744,129563.77162761353,0.026322133953228088,161,207,1220453.1509872228,1.0009931029254204,1.0010004455023194,200.09931029254204,0.07334331514989856,66.33948181015751,0
univ3-conc-c1000,583,10000,69.38443513667482,-963.0078683629694,963.0078683629694,-893.6234332262945,2454.6856348194524,77092.30564814937,0.030858308972208804,173,179,651785.8575161683,1.000999358861595,1.0010004508857082,200.0999358861595,0.010908365308409884,62.790361907341946,0
univ3-conc-c1000,584,10000,259.18367774019356,-317.4304941638077,317.4304941638077,-58.24681642361412,53567.62175775233,162686.98854654573,0.24770626476992003,2934,1330,483244.18733818596,-0.9997792873116176,1.0010004531782868,0.022071268838243396,20007.793169120858,102.45791525013938,0
univ3-conc-c1000,585,10000,15.720040014991055,-3631.0898124885803,3631.0898124885803,-3615.3697724735894,3214.7382396896146,63694.53672382867,0.04804622739436981,276,359,1828636.0162135244,1.0009951486196351,1.0010004396922807,200.0995148619635,0.05294134979127563,62.998818361584135,0
univ3-conc-c1000,586,10000,20.698041592971222,-5517.952358263454,5517.952358263454,-5497.254316670483,3555.332937762149,162281.7853798247,0.021438704277009318,148,189,1227650.1534357723,-0.9997796876244445,1.0010003369196263,0.022031237555558497,20007.796984147324,135.47173399506005,0
univ3-conc-c1000,587,10000,107.6252824316527,-7548.994737845846,7548.994737845846,-7441.369455414194,8638.277310328594,106575.4821888086,0.07497609094505144,371,478,2655948.4104402033,1.0010004496093863,1.0010004496093863,200.10004496093862,0.0000471638232593663,79.6243781498357,0
univ3-conc-c1000,588,10000,11.794234516320177,-1727.724529585513,1727.724529585513,-1715.9302950691929,1258.612673967416,121183.86993035264,0.010279215572871838,80,99,616022.2775775098,-0.9997797633761195,1.0010004132911718,0.022023662388051635,20007.797736023025,142.9535982638559,0
univ3-conc-c1000,589,10000,77.63241082703973,-1253.7280110737686,1253.7280110737686,-1176.0956002467287,9276.25117439747,148668.27280973436,0.05873107177384272,598,367,1079151.598362633,-0.9997796244615021,1.0010003318115885,0.022037553849790763,20007.796385091453,104.12931698699431,0
univ3-conc-c1000,590,10000,110.27664537427975,-331.7207491063823,331.7207491063823,-221.44410373210255,21349.2157198288,183119.9235594515,0.10441289964383493,936,590,626239.0772046563,-0.9997787369444532,1.001000453954737,0.022126305554672217,20007.787517780227,102.17605587213778,0
univ3-conc-c1000,591,10000,66.58173799943016,-1693.5766768501321,1693.5766768501321,-1626.994938850702,2950.8804184910064,176865.2181738386,0.016410546339241296,125,112,540653.7558370513,-0.9997797542684,1.0010003992957273,0.022024573159997524,20007.797647011863,170.94502230468575,0
univ3-conc-c1000,592,10000,4.928488612369423,-459.17177832237115,459.17177832237115,-454.2432897100017,2053.435957515572,218689.47972158235,0.00930238667546064,92,71,270183.58809839096,1.0010001600574048,1.001000328415916,200.10001600574049,0.0029033985582440636,86.88299440932985,0
univ3-conc-c1000,593,10000,11.375205539082355,-7040.058192746487,7040.058192746487,-7028.682987207405,3634.2831514160976,84416.83068619909,0.041274698218110924,278,423,2743103.63796441,-0.9997797484044791,1.0010004464356805,0.022025159552090987,20007.797611282946,127.52394978198895,0
univ3-conc-c1000,594,10000,0.21081932367902545,-2371.9186813636447,2371.9186813636447,-2371.7078620399657,541.195238239404,136701.55711628206,0.003943342937639463,48,55,456836.81698253565,1.0009991753754475,1.0010003998544341,200.09991753754474,0.012727063468963351,40.779985185185986,0
univ3-conc-c1000,595,10000,72.82518338791105,-10407.86909208963,10407.86909208963,-10335.043908701718,8044.7952691998025,128050.79153624931,0.05911136031692175,646,573,3746929.311370224,-0.9997796535674179,1.0010004256324907,0.022034643258211247,20007.796687581995,104.341102744763,0
univ3-conc-c1000,596,10000,105.84539916575763,-1325.2325509356763,1325.2325509356763,-1219.3871517699185,7771.548068191491,127278.28759864792,0.0575457795251486,245,274,889491.3147169265,1.000998368465451,1.001000352631902,200.09983684654512,0.02080060020184779,87.41606387806199,0
univ3-conc-c1000,597,10000,52.67905991389656,-5462.353693636733,5462.353693636733,-5409.674633722836,11541.234242610184,185900.61149413793,0.058453840924878035,655,476,2448736.1047677235,1.0009905847915936,1.0010003575028534,200.09905847915937,0.09851207420256003,95.73666565786881,0
univ3-conc-c1000,598,10000,179.95068446855072,-3825.4050868495638,3825.4050868495638,-3645.454402381013,14782.075444958919,276491.87167219276,0.050749734369526366,514,357,1385255.843811727,1.0009950443727433,1.0010004475977319,200.09950443727433,0.05399295540360216,92.16854290901698,0
univ3-conc-c1000,599,10000,609.0448891858423,-825.268636985811,825.268636985811,-216.2237477999687,7632.97989342545,301796.5247829886,0.024667912329199633,183,126,161712.1681620993,1.001000292502207,1.0010004376349144,200.1000292502207,0.001588789958669068,85.52272691216025,0
univ3-conc-c1000,600,10000,3.901491567515701,-1277.8817044521454,1277.8817044521454,-1273.9802128846297,921.0780940019687,95911.24798293144,0.009512093030484168,54,84,533320.0926742342,1.0009986407788007,1.0009997433041944,200.09986407788008,0.018063540791242616,53.75655396086622,0
univ3-conc-c1000,601,10000,33.04052656495902,-794.7045479080956,794.7045479080956,-761.6640213431366,2591.758487358044,104154.4658974912,0.024279626771753986,71,104,499584.23551881174,-0.9997795886954682,1.0010004330949522,0.02204113045317791,20007.79598492992,110.0934412303796,0
univ3-conc-c1000,602,10000,13.150926521887829,-402.497752622685,402.497752622685,-389.3468261007972,1546.2237999253866,140292.02930149963,0.010901317283002072,72,71,307508.3994681823,-0.9997797449048668,1.0009995143413075,0.022025509513329287,20007.797548933584,126.13494630676568,0
univ3-conc-c1000,603,10000,112.93683765034962,-2980.5573094924707,2980.5573094924707,-2867.6204718421213,29304.666812522733,129047.28127617486,0.18506034921722797,1713,1235,3332326.422906636,1.0010002579248456,1.0010004416839526,200.10002579248456,0.0020669082991602306,99.4759488368599,0
univ3-conc-c1000,604,10000,32.358188644352694,-1567.3274386424807,1567.3274386424807,-1534.9692499981281,3037.804467139903,272376.04358596494,0.01102996268566045,134,109,466106.3295226789,1.0009933162890963,1.0010003163583718,200.09933162890962,0.07120844985201558,40.19395435154546,0
univ3-conc-c1000,605,10000,130.9705683812584,-507.4343187189737,507.4343187189737,-376.4637503377153,20591.11118230496,57055.15127814916,0.2651912729578218,1218,1181,1268681.9655637091,-0.9997788710217539,1.0010004502841787,0.022112897824606664,20007.788902686356,102.41020392610012,0
univ3-conc-c1000,606,10000,1.9591941104977681,-1058.3339422975423,1058.3339422975423,-1056.3747481870446,473.71996291075897,67234.7045810785,0.006996470027197123,52,79,462547.78111123445,-0.9997796596684794,1.001000381763493,0.022034033152074417,20007.796693688084,127.25552115746517,0
univ3-conc-c1000,607,10000,87.48237292875552,-2892.661121122635,2892.661121122635,-2805.1787481938795,3425.519262097666,175061.0995156974,0.01919202282812152,115,125,853059.6912551019,-0.9997796801238558,1.0010004106236858,0.02203198761443156,20007.796904578434,122.22203561688673,0
univ3-conc-c1000,608,10000,47.32067519203572,-99.85730287835435,99.85730287835435,-52.536627686318624,4928.605176343381,172798.75886800993,0.027731268073685082,267,119,86296.82310359707,-0.9997797307405863,0.9997797738083952,0.022026925941360662,20007.797419391238,105.19220550071998,0
univ3-conc-c1000,609,10000,4.343397834605503,-5919.0599081078435,5919.0599081078435,-5914.716510273238,2016.6001197616645,133320.511396718,0.014900570118316055,171,160,1330528.936564634,-0.9943200975485982,1.0010002993598461,0.5679902451401801,19953.09211186447,100.24624707468026,0
univ3-conc-c1000,610,10000,12.841091908838008,-3756.238736448991,3756.238736448991,-3743.397644540153,2765.2522717260617,165642.07927140276,0.01642002308562134,196,143,844379.8669249733,-0.9997797159532567,1.001000317479857,0.022028404674324854,20007.797268366936,122.47292879266541,0
univ3-conc-c1000,611,10000,91.81857863885241,-4879.658284290558,4879.658284290558,-4787.839705651706,8961.43571841194,270222.85204682185,0.0320986391825446,356,247,1342375.6675314328,1.0009983080304625,1.0010004275892288,200.09983080304625,0.021408563045047013,47.75684995178802,0
univ3-conc-c1000,612,10000,96.75522978662472,-745.9235794369988,745.9235794369988,-649.1683496503741,2717.083826265311,179475.0338341032,0.014913289670030258,135,80,262128.48994402433,1.000995388471038,1.0010001797097186,200.09953884710382,0.05052637772878771,54.572305331533386,0
univ3-conc-c1000,613,10000,26.78100025550479,-434.31765496863994,434.31765496863994,-407.53665471313514,1900.9302743041105,176160.49724506336,0.010675699396475686,53,56,230897.8016465397,1.0009914769929933,1.001000391862681,200.09914769929932,0.08955749899801191,65.467761243177,0
univ3-conc-c1000,614,10000,264.56600562656814,-3002.3659197157076,3002.3659197157076,-2737.7999140891393,9274.605284890737,215976.27331822593,0.04117455764171394,353,247,956534.7302478069,-0.9997795113224477,1.0010004411582798,0.02204886775522436,20007.795230496173,118.1689678595904,0
univ3-conc-c1000,615,10000,9.927310051435812,-1137.2583352242893,1137.2583352242893,-1127.3310251728535,979.6239465600114,61961.7082791281,0.015564080262034867,61,89,534923.7249726489,1.0009995545556212,1.0010004225492586,200.0999554555621,0.008945356398481152,51.05806734201403,0
univ3-conc-c1000,616,10000,51.24397458511635,-814.7745492000123,814.7745492000123,-763.530574614896,16143.43816608435,40130.557132723276,0.2868720815070049,1253,1652,2598568.281101515,-0.9997797168925966,1.001000454582352,0.02202831074033882,20007.797403444947,107.76120335627509,0
univ3-conc-c1000,617,10000,32.59882959436446,-8005.815387858772,8005.815387858772,-7973.2165582644075,6868.320946203458,226113.0665885981,0.029480127227663213,316,286,1887032.1065587706,-0.9997794064783683,1.001000438974467,0.022059352163168202,20007.794179527205,104.6636433113879,0
univ3-conc-c1000,618,10000,76.62710769807069,-1577.2979779511147,1577.2979779511147,-1500.670870253044,11171.51550235842,292216.1491268656,0.03682257654084699,435,275,989844.3466843317,1.0009979968325018,1.0010002148567336,200.09979968325018,0.024518172798174476,81.63107379049231,0
univ3-conc-c1000,619,10000,81.9465610425137,-172.80163763526903,172.80163763526903,-90.85507659275534,4962.520093602234,165285.38950839988,0.02914878723153423,217,135,172270.80166452107,1.000997960950922,1.0010003936219132,200.09979609509222,0.024858859277184953,96.09177552407807,0
univ3-conc-c1000,620,10000,167.3756668262653,-8729.345028104159,8729.345028104159,-8561.969361277894,14854.19391345506,198050.35620235544,0.0697692647027743,530,503,2822184.9400055553,1.0010002945104812,1.001000432963718,200.10002945104813,0.001605001570968323,77.39078559825987,0
univ3-conc-c1000,621,10000,9.929415368411556,-643.054166893936,643.054166893936,-633.1247515255244,641.551185390529,108596.64429758,0.005872956638967386,33,58,294491.48054448224,-0.9997793054336261,1.0009996510683734,0.022069456637383023,20007.793142162172,122.78787575107806,0
univ3-conc-c1000,622,10000,5.683285899189579,-1154.5312158928573,1154.5312158928573,-1148.8479299936678,2624.6358376524386,55515.61996049051,0.04514317664450784,213,237,969617.8878765358,1.0009975683350103,1.0010001988835682,200.09975683350103,0.02878246482979563,92.90810835553661,0
univ3-conc-c1000,623,10000,9.117968451540996,-3690.172455176792,3690.172455176792,-3681.054486725251,2300.7019319729543,134768.4345548104,0.016784974290655105,181,196,1218977.021591322,1.0009992311201297,1.0010004341161034,200.09992311201296,0.012183876227064516,86.01573014315113,0
univ3-conc-c1000,624,10000,19.005676115595378,-2741.2584051860276,2741.2584051860276,-2722.2527290704325,2103.547410868569,170883.05950503636,0.01216017498910294,125,118,807279.8250832029,1.0009938529919589,1.0010003699765195,200.0993852991959,0.06585144962060241,33.270632516992315,0
univ3-conc-c1000,625,10000,256.1615701149418,-2234.456227615853,2234.456227615853,-1978.2946575009114,21695.272501969408,128983.74718668708,0.1439833664089247,798,693,1844121.449621894,-0.999778655444772,1.001000418902248,0.022134455522805945,20007.786700975386,104.8000712852069,0
univ3-conc-c1000,626,10000,37.841700611638906,-202.47585839422277,202.47585839422277,-164.63415778258386,4357.538858628549,63686.330730636386,0.06404013888293066,270,239,312761.5893346312,1.000999096304077,1.0010004371921377,200.0999096304077,0.013536169024575884,90.71281131164903,0
univ3-conc-c1000,627,10000,14.335999147044186,-388.05022931477765,388.05022931477765,-373.7142301677335,862.0113435629038,56888.98243811814,0.014926346494081266,17,30,129633.30233113104,1.000999802205841,1.0010003848716595,200.09998022058411,0.006468201871328461,69.20764041483396,0
univ3-conc-c1000,628,10000,190.19272935290783,-9645.771736474693,9645.771736474693,-9455.579007121785,31308.61971822021,211482.6045469059,0.12895284750502944,1137,972,4577328.538479755,-0.9997795515337355,1.00100038109139,0.022044846626443113,20007.79570976391,119.61462933631582,0
univ3-conc-c1000,629,10000,6.479129016026213,-437.1947149657974,437.1947149657974,-430.7155859497712,902.1285462558342,57080.529307441335,0.01555859251109358,77,83,293997.3944681908,-0.9997797680144797,1.0010002481089055,0.022023198552040733,20007.79778104583,144.8054846259827,0
univ3-conc-c1000,630,10000,1.0131331725379744,-543.1531531838107,543.1531531838107,-542.1400200112727,1150.0042215030755,96148.40643908129,0.011819352584439932,44,76,424175.9080156911,-0.9997795688504705,1.0009990390402084,0.022043114952957008,20007.795783481797,135.3348578819516,0
univ3-conc-c1000,631,10000,67.31964415861182,-1214.974316609913,1214.974316609913,-1147.6546724513014,2808.50561998272,197268.69034501506,0.01403711005862982,105,75,320219.45178466284,-0.9997797347391919,1.0009999453580243,0.022026526080801825,20007.79744868082,177.22367047747647,0
univ3-conc-c1000,632,10000,111.96695749469195,-1834.5838128680743,1834.5838128680743,-1722.6168553733824,8662.884117342619,265933.9405747408,0.03154764854639766,306,215,934401.3004700884,1.001000444315351,1.001000444315351,200.1000444315351,0.00008327402514149429,87.79391393212764,0
univ3-conc-c1000,633,10000,756.6043963753091,-1614.4658254916517,1614.4658254916517,-857.8614291163426,62873.23362634765,161676.22136097297,0.2799972666595777,2271,1504,1637802.2845125021,1.0009866658994142,1.0010004623856021,200.09866658994142,0.1377551053922872,97.13453000383612,0
univ3-conc-c1000,634,10000,80.53277166600252,-626.8574385691186,626.8574385691186,-546.324666903116,5445.3344833038645,118779.49849018372,0.04383450839065345,152,149,367155.4983446224,-0.9997797593179243,1.001000166717154,0.0220240682075715,20007.797700689563,119.34191686874206,0
univ3-conc-c1000,635,10000,0.9176607318907279,-334.3639063342609,334.3639063342609,-333.44624560237014,221.37143929549984,210605.82140159974,0.0010500136927903889,17,19,71891.74608757679,1.0009966204721423,1.0009966204721423,200.09966204721422,0.03822229853464165,41.45820561370026,0
univ3-conc-c1000,636,10000,8.805929992942799,-3016.820715545445,3016.820715545445,-3008.0147855525024,2203.3745415989047,128180.67297360805,0.016899111383560327,189,154,851477.4395796402,1.001000450699352,1.001000450699352,200.1000450699352,0.000011744039853933685,72.4763268572966,0
univ3-conc-c1000,637,10000,25.337643241913845,-4141.636205777465,4141.636205777465,-4116.298562535551,7291.405377170146,116130.8346843313,0.0590769165552078,484,445,2149999.729054081,-0.9997797703971593,1.0010003253646134,0.022022960284069425,20007.797843925473,129.0679058391502,0
univ3-conc-c1000,638,10000,74.3542501919699,-419.11296644930735,419.11296644930735,-344.7587162573375,34952.93699118675,64452.465321464646,0.3516200948641829,2617,2002,1926553.975402805,1.0010003371379619,1.0010004610845937,200.1000337137962,0.0013595323306514473,99.23445976650498,0
univ3-conc-c1000,639,10000,32.69308083082483,-2546.541143295732,2546.541143295732,-2513.8480624649073,2469.1781127333566,144691.12848373558,0.016778832348481963,100,137,842956.142679702,-0.9997797636366573,1.0010002444853878,0.022023636334269514,20007.79774149117,150.36570794272964,0
univ3-conc-c1000,640,10000,41.820570005126974,-198.06215262252226,198.06215262252226,-156.2415826173953,62942.742385035475,31474.737444573973,0.666642898101338,4544,3131,1774751.3156327894,-0.8240875803425682,1.0010004610559162,17.591241965743183,18247.66924921881,100.16493752469623,0
univ3-conc-c1000,641,10000,51.40788639250107,-3373.65211281488,3373.65211281488,-3322.244226422379,3626.069930360795,114732.04043978432,0.030636429721806725,99,156,1007244.1325811385,1.00100034098696,1.0010004306557847,200.100034098696,0.0011014487287064056,59.86077133900214,0
univ3-conc-c1000,642,10000,157.4908337370826,-1031.5475763220325,1031.5475763220325,-874.0567425849499,13145.030914272602,177021.56030825415,0.06912376579801399,602,351,768020.0145163747,1.0010002694614772,1.0010003839089918,200.10002694614772,0.001850706851187378,87.8002578843329,0
univ3-conc-c1000,643,10000,33.08529935298329,-3308.149835533484,3308.149835533484,-3275.0645361805005,5583.201225777451,181927.16284679892,0.029775427365798614,339,257,1342659.2169136596,-0.9997797668837808,1.0010002862301715,0.02202331162192618,20007.797791872956,176.0255444871919,0
univ3-conc-c1000,644,10000,61.58503440931524,-2464.295087357866,2464.295087357866,-2402.710052948551,1383.167881812505,107023.90685174425,0.01275901858999571,90,97,620773.6595280335,1.0010000366161318,1.0010001115814333,200.1000036616132,0.00413640733041909,43.50502343556149,0
univ3-conc-c1000,645,10000,58.78119988108174,-263.28816374581976,263.28816374581976,-204.50696386473803,4803.285313093596,140703.99859548535,0.033010617641048554,147,139,325929.9163822988,-0.9997795495675678,1.0009997155469932,0.022045043243226082,20007.795598940284,112.08563231943062,0
univ3-conc-c1000,646,10000,43.81221350641525,-1493.8749737127516,1493.8749737127516,-1450.0627602063364,15100.644369154175,98504.47598241245,0.13292221620313557,794,862,2313208.0717293043,0.6318884385055088,1.001000448733919,163.18884385055088,3685.1038157164107,99.87357187932876,0
univ3-conc-c1000,647,10000,82.36321539403792,-6599.858802297283,6599.858802297283,-6517.495586903245,6933.908740903515,209255.72016925123,0.032073271857944424,297,248,1547737.7778732632,-0.9997797172379621,1.0010003578223625,0.02202827620378661,20007.79729165991,207.24050857232703,0
univ3-conc-c1000,648,10000,100.92489282866474,-4032.8033922432755,4032.8033922432755,-3931.878499414611,19151.0991085541,163512.56050377747,0.10484350937235473,1196,792,2579987.3139675683,-0.9997797321252725,1.001000452952003,0.022026787472759456,20007.7975127861,116.09301442264407,0
univ3-conc-c1000,649,10000,74.62665396659875,-2616.7943476407017,2616.7943476407017,-2542.167693674103,5745.210636381412,137383.74159612285,0.04014010126370986,235,250,1098718.9185261773,-0.9997796351149514,1.0010004363558058,0.022036488504865663,20007.796465394335,131.9835907771027,0
univ3-conc-c1000,650,10000,0.8784979955607995,-723.189042739701,723.189042739701,-722.3105447441402,297.6012804426008,121509.68778452111,0.002443214053338635,27,26,244750.21759928713,1.0009998046159965,1.0009998046159965,200.09998046159964,0.006444740968271745,65.57003906431606,0
univ3-conc-c1000,651,10000,4.542654517708192,-2258.0942318231473,2258.0942318231473,-2253.551577305439,825.8244710390424,155045.13396896556,0.005298129165972286,49,71,507079.4529210322,1.0009996654588174,1.001000229522827,200.09996654588173,0.007837096062458748,69.76828640236748,0
univ3-conc-c1000,652,10000,15.116128958829943,-838.1616704436638,838.1616704436638,-823.0455414848338,1889.2115171439896,127700.8556533946,0.014578366678812007,89,82,367073.1059641393,1.0010004250652549,1.0010004250652549,200.10004250652548,0.0002586727729081417,67.28073571738732,0
univ3-conc-c1000,653,10000,18.619681617168055,-4946.815985208733,4946.815985208733,-4928.196303591565,2841.4935873212976,58635.23156559033,0.04622064009189859,223,338,1982882.9094662943,1.0009967733302698,1.0010003806458294,200.099677333027,0.03672279646057258,91.85372398830214,0
univ3-conc-c1000,654,10000,21.760763569217193,-6947.106878139312,6947.106878139312,-6925.346114570095,5765.546016740238,98853.51748353185,0.05510989894040911,383,455,2683230.9436862273,-0.9997795844319276,1.0010004201340041,0.022041556807241347,20007.795976009646,103.18343145795929,0
univ3-conc-c1000,655,10000,219.73166870013998,-1024.0801918518687,1024.0801918518687,-804.3485231517287,47699.83424439359,243038.86660510962,0.16406427525823175,1914,1095,1584136.0106903058,-0.9997768642377111,1.0010004417963245,0.022313576228893583,20007.768829453897,101.30606533075216,0
univ3-conc-c1000,656,10000,44.2394182132274,-3633.112801103383,3633.112801103383,-3588.8733828901554,5699.332031378124,224070.21252932356,0.024804558159675708,286,209,1017103.0608605975,-0.9997797085320168,1.0010001177893222,0.02202914679831545,20007.79720174335,126.97958699102001,0
univ3-conc-c1000,657,10000,171.24453422943893,-4220.66032932002,4220.66032932002,-4049.4157950905806,7382.474060628398,268771.5507812277,0.026733175679246705,263,226,1312953.5010536439,1.0010002052988167,1.0010002607964779,200.10002052988168,0.002467784397682138,59.091139205076885,0
univ3-conc-c1000,658,10000,58.34559419055465,-1430.807077588181,1430.807077588181,-1372.4614833976264,8367.591576116438,95438.25658547074,0.08060809409399752,303,378,1275686.1367256925,-0.9997796870102401,1.0010004326866835,0.02203129897598957,20007.796995471374,127.85032111518267,0
univ3-conc-c1000,659,10000,23.77722944780261,-9505.806912462906,9505.806912462906,-9482.029683015104,5739.176226073363,116954.21203497119,0.04677657294672304,538,461,2857484.081259991,1.0010001611889556,1.001000437005058,200.10001611889555,0.0029351503138896895,51.036525213575416,0
univ3-conc-c1000,660,10000,328.70691645921045,-876.291167660505,876.291167660505,-547.5842512012946,8271.340344132046,104645.2143365745,0.07325179525288267,171,200,528135.2592930056,1.0009972481855156,1.0010003595789072,200.09972481855155,0.031973441738442965,98.47884106501276,0
univ3-conc-c1000,661,10000,38.69921596428659,-2414.676966865627,2414.676966865627,-2375.9777509013406,8604.773105212056,130963.00315134876,0.06165300713392689,645,458,1680576.7585030373,-0.9997797559428463,1.0010004512359258,0.02202440571537413,20007.79770974613,114.15948571921379,0
univ3-conc-c1000,662,10000,444.5623354242414,-2395.2587083702024,2395.2587083702024,-1950.696372945961,37962.55349947659,166322.83409056766,0.18583097864864948,1897,1196,2453861.935615004,-0.9997785075560668,1.0010004466447748,0.022149244393322054,20007.78529829493,101.29361979293853,0
univ3-conc-c1000,663,10000,185.76127743718857,-815.9151300327919,815.9151300327919,-630.1538525956033,4766.417079212202,244584.55177936857,0.01911529400118542,167,115,463240.46457251994,1.0009938746041422,1.0010003629734816,200.09938746041422,0.06563817252418813,91.26406102827708,0
univ3-conc-c1000,664,10000,59.91271738202917,-1244.7504235488718,1244.7504235488718,-1184.8377061668427,5056.378275931193,166265.2497274433,0.029513951827679328,196,222,868968.2520601959,1.001000321674428,1.0010003507270755,200.1000321674428,0.0013023291515169566,88.90739423377586,0
univ3-conc-c1000,665,10000,13.283329198725522,-974.7618005153312,974.7618005153312,-961.4784713166057,2246.880277974154,239844.3031632457,0.009281132200007194,67,51,263978.084613099,1.000995210804414,1.0010000130153707,200.0995210804414,0.05229433936378314,46.72329681313615,0
univ3-conc-c1000,666,10000,68.88806765464605,-5897.776976230973,5897.776976230973,-5828.888908576327,8400.16073405703,279243.3961193058,0.02920336831441467,376,292,1575564.0988104204,1.0009976701621175,1.0010004459316029,200.09976701621176,0.027777748743368136,34.299933565995524,0
univ3-conc-c1000,667,10000,8.063285359456149,-4111.118858812787,4111.118858812787,-4103.055573453331,2118.524352156939,127267.00662368235,0.016373734653162574,193,172,1172704.1281426046,1.0010003288267937,1.0010004481989834,200.10003288267936,0.0012298636367370497,44.06651226738637,0
univ3-conc-c1000,668,10000,4.071410654477074,-922.7281186249319,922.7281186249319,-918.6567079704548,906.2144677234727,144621.27978172945,0.0062271014312258,46,42,234473.88061297635,1.000999267170155,1.0010003993469987,200.0999267170155,0.011810438190641648,55.263872548945464,0
univ3-conc-c1000,669,10000,218.24789289601884,-459.4604575388666,459.4604575388666,-241.21256464284775,89080.52656675,148258.0208072686,0.3753310515816431,4049,2364,1571273.5846239906,-0.9997796918114426,1.0010004609643872,0.022030818855742013,20007.79732872768,103.17282136309223,0
univ3-conc-c1000,670,10000,129.062392481467,-2662.416227521589,2662.416227521589,-2533.3538350401222,5141.552787343559,112299.75404191931,0.043779764770655955,121,203,1222817.2151584413,1.000993025538091,1.0010004433719328,200.0993025538091,0.07411477906889274,70.1268352414169,0
univ3-conc-c1000,671,10000,19.919297235581954,-6857.974777014844,6857.974777014844,-6838.055479779262,4039.4762321008984,85619.07843145344,0.04505399676873133,303,376,2485172.838690977,-0.9997797759505184,1.0010004361741816,0.022022404948164983,20007.797887317476,196.57284604550597,0
univ3-conc-c1000,672,10000,51.1929996418221,-3819.0487133041497,3819.0487133041497,-3767.8557136623276,7803.850490985057,101242.79191818227,0.0715643353942368,548,496,2134271.6341116442,1.0009997161613677,1.001000416753453,200.09997161613677,0.007378436087787793,85.07281675444192,0
univ3-conc-c1000,673,10000,8.05044169054261,-744.1719728543719,744.1719728543719,-736.1215311638293,1459.319014571548,249498.89302407953,0.0058149880919090725,74,62,286083.9659709273,-0.9997797628128738,1.0010000281675326,0.02202371871261457,20007.79772715632,208.3391821168631,0
univ3-conc-c1000,674,10000,26.020332847632098,-4163.029261890877,4163.029261890877,-4137.008929043245,3823.6582195686565,112445.79713500105,0.032886179847563694,189,239,1506795.2174086743,-0.9997796810697234,1.0010004041000153,0.022031893027658997,20007.796922844496,112.31457047343919,0
univ3-conc-c1000,675,10000,180.44058061833948,-359.3510092352136,359.3510092352136,-178.91042861687413,128824.10486493481,108950.58038648912,0.5417906650942075,6536,3248,1803452.5628788886,-0.9997537679154398,1.0010004220271316,0.024623208456025412,20007.53773846242,100.94105821059277,0
univ3-conc-c1000,676,10000,95.54212907398284,-2342.3068877407864,2342.3068877407864,-2246.7647586668036,10834.6778898424,183617.08156263176,0.05571910442132305,422,300,1218457.7101000468,1.000999244112394,1.001000427189808,200.0999244112394,0.012070677142342917,83.65176315775184,0
univ3-conc-c1000,677,10000,11.48868136106872,-6969.631847492426,6969.631847492426,-6958.143166131357,2152.825417168515,81218.16768217593,0.025822235493863185,139,274,1951685.7261243379,-0.9997797173278881,1.001000387594475,0.022028267211193792,20007.79728632521,152.7301053883448,0
univ3-conc-c1000,678,10000,18.972348409929175,-1266.8559229601951,1266.8559229601951,-1247.8835745502658,4319.934547523579,203593.5369407985,0.02077755960977361,193,156,687634.8110796345,1.0009969147135813,1.0010002753112301,200.09969147135814,0.0353011760867048,74.18050330198702,0
univ3-conc-c1000,679,10000,12.625795114114064,-2375.9394194185065,2375.9394194185065,-2363.3136243043923,2186.6467656651575,121970.38935110117,0.017611943986877036,100,142,885977.9570458301,1.0009985491825255,1.0010003947042545,200.09985491825256,0.01898379979267492,61.28312041766061,0
univ3-conc-c1000,680,10000,388.8133466862361,-1076.9708655221941,1076.9708655221941,-688.157518835958,130935.48577783283,146874.48017264972,0.47131313424937055,4529,2885,2672681.8423795374,1.0010000363057727,1.0010004690277867,200.10000363057728,0.0045006745545483895,98.66863183944704,0
univ3-conc-c1000,681,10000,121.80737002922818,-462.76836557297423,462.76836557297423,-340.96099554374604,10682.116968885533,70465.33253358904,0.13163835751313152,512,435,633984.6399443707,-0.9997797654380404,1.0010004157539647,0.022023456195961515,20007.797795585833,113.9275243100176,0
univ3-conc-c1000,682,10000,61.88614569068759,-12029.575944277545,12029.575944277545,-11967.689798586858,12482.118406231817,148270.30022169068,0.07764809085157795,672,715,4280755.55452704,-0.9997796360647392,1.0010003967205479,0.022036393526073065,20007.796520637567,144.58013305454293,0
univ3-conc-c1000,683,10000,217.91530895726697,-309.0472546459431,309.0472546459431,-91.13194568867613,14137.84324475585,151156.3046395053,0.08553142035406576,513,346,278205.85852719564,1.0010003355127686,1.0010004313660517,200.10003355127685,0.0011866464171232383,93.46698194069094,0
univ3-conc-c1000,684,10000,5.95264994063421,-257.57203378804616,257.57203378804616,-251.61938384741194,706.8420560290003,133835.9857839237,0.005253658388017785,23,18,94288.79802961863,1.0009933968339275,1.0010004149946041,200.09933968339274,0.07039426035869312,35.005667386685694,0
univ3-conc-c1000,685,10000,60.139459361998256,-6866.4947249813895,6866.4947249813895,-6806.3552656193915,4400.945094660229,116843.6587938002,0.03629806979870956,304,262,1705395.0164504608,1.0010001503193129,1.001000384211133,200.1000150319313,0.0030207192930733484,74.53254446695522,0
univ3-conc-c1000,686,10000,47.30354761218984,-1692.8993438683249,1692.8993438683249,-1645.5957962561351,10476.477043054461,102779.83502963842,0.09250236787094214,720,572,1755785.752471081,1.0009994586884472,1.00100030547768,200.0999458688447,0.009958536463923195,77.92447921593649,0
univ3-conc-c1000,687,10000,28.009408604538237,-1777.885811323137,1777.885811323137,-1749.8764027185987,6120.860712328061,76513.70707927938,0.07407143131387818,403,459,1733582.8339546723,1.0009973631180964,1.0010004201719795,200.09973631180964,0.03085256660343197,85.59749766811757,0
univ3-conc-c1000,688,10000,1.7377577194744562,-2258.522772073967,2258.522772073967,-2256.785014354493,468.8407117329536,78162.8344064953,0.00596249171886544,40,71,541164.0827852779,-0.9997796718525253,1.0010002639538402,0.02203281474747614,20007.79681462328,296.8381024912803,0
univ3-conc-c1000,689,10000,139.2477954247364,-626.2422532045593,626.2422532045593,-486.99445777982294,19379.00348647302,172490.39841447046,0.10100101055444904,886,543,865888.1850486505,1.0009959166206235,1.0010004110328488,200.09959166206235,0.0453148755936752,89.76886576258029,0
univ3-conc-c1000,690,10000,17.423720525805408,-5684.0011049032155,5684.0011049032155,-5666.57738437741,4072.742364813877,77645.56600237821,0.04983879923839667,158,260,1733825.950414329,1.0009978826674506,1.0010004397489742,200.09978826674507,0.02564424209345262,75.62694109864069,0
univ3-conc-c1000,691,10000,237.76704080940232,-1416.8153210800194,1416.8153210800194,-1179.0482802706172,23421.690226447743,233319.4912230998,0.09122685380744174,901,639,1374543.1609961758,-0.9997797577190529,1.0010004189990918,0.02202422809470713,20007.797748324476,130.8393435159028,0
univ3-conc-c1000,692,10000,39.37879533122752,-3012.633140338309,3012.633140338309,-2973.2543450070816,7907.195170398289,224261.22504379795,0.03405801341587797,260,218,1260863.459801458,-0.9997795039786734,1.0010003937184666,0.02204960213264738,20007.795151331673,112.0643809274625,0
univ3-conc-c1000,693,10000,33.52657180625124,-2520.999489422012,2520.999489422012,-2487.4729176157607,3676.6022402255494,117357.33534434857,0.03037662257047924,233,207,990510.9409010032,-0.9997797749575141,1.001000439630132,0.02202250424858557,20007.79786502925,109.43152602398868,0
univ3-conc-c1000,694,10000,191.80655521020722,-4466.948570644944,4466.948570644944,-4275.142015434737,12796.57832181727,180262.3929151757,0.06628326174031354,657,473,1757054.1339648913,1.0009976884219967,1.0010004475692031,200.09976884219967,0.02761959034735262,74.99713505576915,0
univ3-conc-c1000,695,10000,65.09224379823986,-5048.155690327499,5048.155690327499,-4983.063446529259,6839.1785338314185,255259.6562957799,0.02609389140656624,314,242,1401452.8515072735,1.0009999535032272,1.0010003999713997,200.09999535032273,0.0049843996536118595,59.362736808104785,0
univ3-conc-c1000,696,10000,212.87134076350608,-3498.0568008019545,3498.0568008019545,-3285.1854600384486,14384.446981128176,244309.3243547619,0.055604148901023574,465,353,1471702.683658765,-0.9997793221983028,1.0010004509009034,0.022067780169719716,20007.793348169962,112.57374544884273,0
univ3-conc-c1000,697,10000,112.77329111847584,-4550.579488274045,4550.579488274045,-4437.806197155569,6056.7017730835505,135038.5985391954,0.04292631830882081,284,300,1811999.848256899,-0.9997794435145902,1.0010004285928014,0.022055648540970082,20007.794551888943,140.3254392306608,0
univ3-conc-c1000,698,10000,345.8843352405659,-433.6278110346693,433.6278110346693,-87.7434757941034,35638.15544760492,172426.03709856363,0.17128442434753383,1200,789,380832.6466456716,-0.9997791285171124,1.0009972930475555,0.02208714828876076,20007.79146412578,104.90806521623315,0
univ3-conc-c1000,699,10000,140.94798457459135,-11335.157021116493,11335.157021116493,-11194.2090365419,15170.988998240535,191699.29970441226,0.07333575591440643,536,583,3414050.3636879125,1.0009954427109202,1.0010004469823417,200.09954427109201,0.05003072597208558,84.27511345553144,0
univ3-conc-c1000,700,10000,2.323605279599118,-565.5461450034,565.5461450034,-563.222539723801,620.1776847343316,132004.97075026832,0.004676169580600094,37,44,275237.09577363165,1.0010003110361358,1.0010003110361358,200.1000311036136,0.0013923025040440962,76.88228090323615,0
univ3-conc-c1000,701,10000,127.99981165667438,-9795.749233619586,9795.749233619586,-9667.749421962912,7370.147213023594,121322.41831074863,0.057269409332446425,383,408,2429874.024227442,1.0010001248629183,1.00100045010035,200.10001248629183,0.0032862810929791125,52.70554282196386,0
univ3-conc-c1000,702,10000,46.81032554251269,-4716.049378170698,4716.049378170698,-4669.239052628185,6874.908700850281,112675.01396485948,0.05750659262301803,342,372,1909227.4625270588,1.0009977828892676,1.0010004270102215,200.09977828892676,0.026655053681061247,79.17456840546116,0
univ3-conc-c1000,703,10000,6.147215292204476,-8451.836169328079,8451.836169328079,-8445.688954035873,1914.5342498619202,71886.48408976078,0.02594184054549874,197,283,2010979.829204407,-0.9997795849771929,1.0010004498765062,0.02204150228071379,20007.795963363118,136.3622804204815,0
univ3-conc-c1000,704,10000,75.50082246825983,-451.02473701121886,451.02473701121886,-375.523914542959,8021.41579483081,262278.489038923,0.02967598453193807,311,192,327891.95495584904,1.0009990909850848,1.001000399955255,200.09990909850848,0.013589765175311186,81.81499073906875,0
univ3-conc-c1000,705,10000,79.08191935927655,-2473.440828483722,2473.440828483722,-2394.3589091244453,7298.253765344634,57840.808206351285,0.11204112470203909,519,555,1831440.226642108,-0.9997797332555493,1.0010004439752906,0.022026674445073537,20007.7974776507,101.45358702177614,0
univ3-conc-c1000,706,10000,75.2945558329469,-2004.8333627825766,2004.8333627825766,-1929.5388069496298,9914.38518598763,109032.86645585079,0.08335110773169266,301,409,1520903.695003371,1.000998970118178,1.001000392197086,200.0998970118178,0.014804642994162731,88.297718567935,0
univ3-conc-c1000,707,10000,201.90308348865085,-5738.495012299481,5738.495012299481,-5536.59192881083,22761.381635595233,128902.70275727521,0.15007759896953704,1028,983,3621100.136343694,1.001000418851503,1.001000449624022,200.1000418851503,0.00041328036924570544,78.18641879933519,0
univ3-conc-c1000,708,10000,1.838933654330247,-1167.1289268289454,1167.1289268289454,-1165.2899931746151,616.3241044017647,102893.94691797435,0.005954231385101215,69,79,490716.0056087042,-0.9997796746201777,1.0009999363064788,0.02203253798222517,20007.79684502287,127.36521796475098,0
univ3-conc-c1000,709,10000,30.905374664296456,-15525.530423586924,15525.530423586924,-15494.625048922628,6514.692020586799,120591.47503382433,0.05125394126469107,417,490,3595117.3399358927,-0.9997797287491694,1.0010004436541369,0.022027125083054665,20007.797425275232,229.0286881279344,0
univ3-conc-c1000,710,10000,21.590791831547108,-1179.8043083845423,1179.8043083845423,-1158.2135165529953,3709.0263253145604,85802.18041151235,0.04143644645769906,203,215,777765.4954724879,-0.9997797713676708,1.001000425815646,0.022022863232915683,20007.797827704446,123.37871282870498,0
univ3-conc-c1000,711,10000,40.09345217003669,-8211.942904606756,8211.942904606756,-8171.84945243672,4847.647846810988,90052.34445015938,0.05108164636769678,228,325,2389138.3681634353,-0.9997794809470629,1.001000445379353,0.02205190529370396,20007.794924589183,135.7026919679984,0
univ3-conc-c1000,712,10000,637.4663898875576,-795.1191870776678,795.1191870776678,-157.65279719011016,19913.822147824998,120317.3752753058,0.14200707484324926,566,463,427074.58002564166,1.0009979760371974,1.0010004332006555,200.09979760371974,0.024745536736942464,85.02737598750716,0
univ3-conc-c1000,713,10000,77.00683470058664,-2989.892083101085,2989.892083101085,-2912.8852484004983,3264.4589403992168,134757.24085793717,0.023651780445893073,179,161,833358.1915765385,1.0010003332867334,1.0010003835469572,200.10003332867333,0.0011820653390537672,78.07764903590488,0
univ3-conc-c1000,714,10000,136.69851436051832,-7360.482847751179,7360.482847751179,-7223.784333390661,24255.662150698707,167833.43194183006,0.12627297903240056,966,953,4669503.799484346,-0.9997797330974104,1.001000451121405,0.022026690258947282,20007.797519005435,111.89803474042124,0
univ3-conc-c1000,715,10000,27.99112821714738,-5381.051445306078,5381.051445306078,-5353.060317088931,3277.7726905211916,86182.59218970676,0.03663938432298556,226,301,1867999.2092351755,1.0010002338070774,1.0010003430073808,200.10002338070774,0.0021855567467338743,95.94146580123405,0
univ3-conc-c1000,716,10000,116.65670635589544,-1201.627184859589,1201.627184859589,-1084.9704785036936,28903.890977159946,80746.0569483922,0.2636015020890344,1646,1430,2395430.3181454237,-0.9997796927772552,1.0010004445478333,0.02203072227448235,20007.797175504245,110.00443498299455,0
univ3-conc-c1000,717,10000,66.3544717952843,-105.31887674974314,105.31887674974314,-38.96440495445884,13829.946526727002,75474.47111859775,0.15486296077371067,803,510,186885.59216246367,1.0009999568508439,1.0010004488081443,200.0999956850844,0.0049893018218596374,98.72515025958354,0
univ3-conc-c1000,718,10000,27.36505614798365,-909.6999197181975,909.6999197181975,-882.3348635702139,3916.364232655038,207456.41479579313,0.01852823362902346,157,138,593026.7404041217,-0.9997797777581482,1.0010004006914934,0.022022224185173103,20007.797884435444,151.07665137673703,0
univ3-conc-c1000,719,10000,52.298054874913234,-210.00938539140284,210.00938539140284,-157.71133051648962,6990.096107875894,93902.52184284704,0.0692825327546752,295,307,419565.110685965,-0.9997795208777289,1.0010003460193275,0.022047912227113775,20007.795326843352,107.2573289111001,0
univ3-conc-c1000,720,10000,161.4129951031903,-1623.697518621131,1623.697518621131,-1462.2845235179407,39830.01713363177,152248.25957878592,0.20736346564200925,1784,1393,2901418.3601975017,1.0009994131852196,1.0010004476210221,200.09994131852196,0.010508410734676676,96.13148050933626,0
univ3-conc-c1000,721,10000,42.66404539884996,-374.10322871031116,374.10322871031116,-331.4391833114612,6024.150509949399,148707.6515017059,0.03893285305043901,354,254,411247.01632726047,1.0010004393290728,1.0010004393290728,200.10004393290728,0.00013800508842261305,82.15250460101505,0
univ3-conc-c1000,722,10000,30.294431160647445,-2118.510104404583,2118.510104404583,-2088.2156732439357,3464.734783065281,172081.57173787444,0.019736870867471067,160,112,510847.0555916019,1.0009953384874413,1.0010003106543564,200.09953384874413,0.05102768200786301,62.40020232591469,0
univ3-conc-c1000,723,10000,17.15157998436453,-5564.761729505075,5564.761729505075,-5547.61014952071,3934.719423257496,181659.10714306086,0.02120070207104384,267,234,1546160.5034478216,-0.9997797492338512,1.0010004498269338,0.02202507661487562,20007.797610253227,128.91160817583662,0
univ3-conc-c1000,724,10000,109.21420600493305,-775.2937202971111,775.2937202971111,-666.079514292178,24129.844922047017,87199.43172105312,0.216743031569338,1560,1232,1875220.708989663,-0.9997797468880563,1.0010004582312313,0.02202531119436741,20007.797703881617,107.33569419556993,0
univ3-conc-c1000,725,10000,56.63718496801841,-1754.137135339915,1754.137135339915,-1697.4999503718966,5610.268050808363,288809.62387413805,0.019055329496006114,181,138,641459.2104721299,1.0009935371534493,1.0010003182089269,200.09935371534493,0.06900817932253744,45.70873996978709,0
univ3-conc-c1000,726,10000,15.443823385768772,-570.0062592578394,570.0062592578394,-554.5624358720706,1324.2514714251195,233951.70908942324,0.005628503091724215,41,35,129323.06277675302,1.0010002431972906,1.001000447634064,200.10002431972907,0.0020686759624766182,54.16903366905275,0
univ3-conc-c1000,727,10000,90.14504272333446,-226.9037389131678,226.9037389131678,-136.75869618983336,8965.749336271987,182272.53445381884,0.04688260717771906,443,266,283468.4125587769,1.0009963708023701,1.0010004299007957,200.09963708023702,0.040747087247737124,92.85888436652552,0
univ3-conc-c1000,728,10000,246.67052728947166,-2681.428845643404,2681.428845643404,-2434.7583183539327,30013.731004709352,188615.5133238353,0.1372814103478594,1588,910,1943615.9066251197,0.9962609207481569,1.0010004518306892,199.6260920748157,47.30095381768915,99.66198221640279,0
univ3-conc-c1000,729,10000,8.842649757261874,-4595.919894741862,4595.919894741862,-4587.0772449846,2615.7473998327587,169903.04886717477,0.0151621009213649,176,157,1201220.2549140805,-0.9997797247214807,1.00100044815617,0.022027527851936853,20007.797355578,208.9385814085783,0
univ3-conc-c1000,730,10000,19.837619259743693,-2019.434553698951,2019.434553698951,-1999.5969344392074,1120.045451313757,194138.1143577508,0.0057362286544593395,48,55,393990.7562326087,1.000999419175394,1.0010000714648462,200.09994191753938,0.01029368017600607,59.683498641207,0
univ3-conc-c1000,731,10000,228.09913261101812,-5765.191634864607,5765.191634864607,-5537.092502253589,15814.29309609959,267083.9510525265,0.05590099416732769,566,452,2019599.123470177,-0.9997796423615093,1.0010003632082851,0.022035763849077124,20007.79656486557,124.39984901616288,0
univ3-conc-c1000,732,10000,6.818977481074294,-9814.050804722847,9814.050804722847,-9807.231827241772,3624.478765591459,104768.89794656826,0.03343819406250548,294,334,2681055.4229950183,1.0009995853247966,1.0010003559560465,200.09995853247966,0.008661237299858016,79.2662698882511,0
univ3-conc-c1000,733,10000,36.65657470361703,-1667.60429097235,1667.60429097235,-1630.947716268733,7086.431277667954,67291.36611879662,0.09527616473897889,468,487,1670187.8204479138,-0.9984677458800724,1.0010004098620595,0.15322541199276432,19994.651356813385,100.2393723827712,0
univ3-conc-c1000,734,10000,29.276040008475523,-2305.756950117318,2305.756950117318,-2276.4809101088426,1724.2687134098767,143643.78107392142,0.011861400878201403,59,98,660361.5970838182,-0.9997796079919634,1.0010002614288922,0.022039200803660113,20007.796177603068,128.31237941132758,0
univ3-conc-c1000,735,10000,153.83389089763807,-7024.629184654614,7024.629184654614,-6870.795293756975,7651.872621161913,148647.03533831713,0.04895666080498581,346,323,1745471.131444688,-0.9997796775510592,1.0010003958028333,0.022032244894079983,20007.796900498233,118.99688162807234,0
univ3-conc-c1000,736,10000,52.20474807095936,-718.7047810764324,718.7047810764324,-666.500033005473,4004.2310969204104,174298.38231814987,0.02245750087576658,135,124,421097.3040908245,1.0000223901730285,1.0010004097782685,200.00223901730286,9.761081255228202,98.53037177512664,0
univ3-conc-c1000,737,10000,74.26096055953056,-1895.9532194186775,1895.9532194186775,-1821.692258859147,10408.978982821698,135574.3492351975,0.07130251864977609,609,382,1250936.4099331868,-0.9997797143790825,1.00100036560167,0.022028562091752486,20007.797285235625,126.62826571614187,0
univ3-conc-c1000,738,10000,48.630904963115334,-398.5339327696081,398.5339327696081,-349.9030278064928,7211.439155085148,135812.3542481808,0.050421254977848134,416,289,544211.3558068227,1.0010001206564676,1.0010004236301975,200.10001206564675,0.0033228734647949287,91.82415555038274,0
univ3-conc-c1000,739,10000,39.61130699353364,-648.0791216682472,648.0791216682472,-608.4678146747136,8526.421319699888,148717.87155696287,0.05422404313514725,554,359,870389.2783198546,-0.9997797647697118,1.0010004437969646,0.022023523028818954,20007.79778476978,121.64777944769699,0
univ3-conc-c1000,740,10000,32.22120270771465,-16701.79884737982,16701.79884737982,-16669.577644672107,4504.301384103205,94813.0452336724,0.045352615001265396,369,479,3686644.5467037633,1.0010004300800375,1.0010004533164067,200.10004300800375,0.0002435364653279315,84.62575815646454,0
univ3-conc-c1000,741,10000,71.15136365322101,-1950.40339597326,1950.40339597326,-1879.252032320039,14885.792779215602,94710.457181106,0.13582392449198652,1020,762,2020314.406342675,1.0009999431447543,1.0010004488810398,200.09999431447542,0.005149563845996852,95.66194468520477,0
univ3-conc-c1000,742,10000,79.76389270625882,-3152.5980637459716,3152.5980637459716,-3072.8341710397126,11030.314387953727,103762.22490740256,0.09608912265258983,533,554,2106157.025763056,-0.999779751113187,1.0010004017434235,0.02202488868130256,20007.79765636451,132.35171059481505,0
univ3-conc-c1000,743,10000,105.0674064826651,-873.8141729828966,873.8141729828966,-768.7467665002315,4444.013697341689,128455.91502266137,0.033438796695703654,175,164,444636.743469668,1.001000156344397,1.0010002071823825,200.1000156344397,0.0029485037445742823,84.1320090263956,0
univ3-conc-c1000,744,10000,9.751610482979665,-5124.158179509018,5124.158179509018,-5114.406569026039,2710.0887536838563,122903.37364506966,0.02157482726716678,236,226,1481053.5141264023,1.0009994661903272,1.0010004480093313,200.09994661903272,0.009843677956318686,51.98239017487564,0
univ3-conc-c1000,745,10000,24.007444018213036,-7100.388511067416,7100.388511067416,-7076.381067049203,3168.5809837359643,130562.17609346293,0.023693733984522607,124,225,1696040.3152906073,-0.9997791248325094,1.001000437546077,0.0220875167490514,20007.791346940656,106.59549972683105,0
univ3-conc-c1000,746,10000,248.52958231202246,-306.318439189779,306.318439189779,-57.78885687775653,49723.82593010974,114392.98747866492,0.3029782561416173,2809,1530,473725.1166636876,-0.9997795338320452,1.0009998850899704,0.022046616795475586,20007.79564532452,101.02848243158687,0
univ3-conc-c1000,747,10000,1.559228791214932,-1622.4614182719884,1622.4614182719884,-1620.9021894807734,494.7416052555895,90518.92390216277,0.005435904624841903,39,49,390544.9569050705,1.0009976847027366,1.0010002653328405,200.09976847027366,0.027603561229442547,59.147130478079994,0
univ3-conc-c1000,748,10000,214.4394008210829,-5233.859420583734,5233.859420583734,-5019.4200197626515,23205.101592055806,253435.15076827872,0.08388186966309687,884,576,2390669.881469919,1.0009955614235722,1.0010004169598667,200.09955614235722,0.04886336826759674,65.84911581145109,0
univ3-conc-c1000,749,10000,22.416124103243412,-8634.681514150216,8634.681514150216,-8612.265390046972,5847.8088693752015,199378.9918389967,0.02849437231974863,361,308,2174769.2942345897,1.0009977127413074,1.0010004168473723,200.09977127413075,0.027350843374795986,75.92248779143098,0
univ3-conc-c1000,750,10000,12.21348464854575,-1686.5476135408935,1686.5476135408935,-1674.3341288923477,965.1250903213715,118664.55729066386,0.008067605556685615,70,78,442363.70489071374,1.000998492741371,1.0010000875082747,200.0998492741371,0.01954137293752245,30.054351490408308,0
univ3-conc-c1000,751,10000,282.36948707330794,-2946.7057146032516,2946.7057146032516,-2664.3362275299437,27246.557699620713,242298.70139757197,0.10108342395217623,1032,678,2077649.777931653,-0.999777502793861,1.0010004378452582,0.022249720613895685,20007.775161911122,101.2866927732182,0
univ3-conc-c1000,752,10000,15.228280426086464,-3748.3233939403563,3748.3233939403563,-3733.09511351427,1838.065291611916,98085.48976080022,0.018394714746165806,76,155,1132623.4184699776,1.0009979329767176,1.0010004230673795,200.09979329767177,0.025132533212314456,77.42692162612333,0
univ3-conc-c1000,753,10000,42.11511528126889,-6985.019461212887,6985.019461212887,-6942.904345931618,9995.284288468032,154173.53932043817,0.06088418049628873,697,521,2620936.6729353033,-0.9997797054542542,1.001000391963241,0.022029454574575117,20007.797207983855,116.90083946461168,0
univ3-conc-c1000,754,10000,548.1663887979389,-687.5234009070024,687.5234009070024,-139.35701210906348,79290.62846642426,158832.78095034798,0.33298124136819707,2869,1752,706705.7209375934,-0.9997675150873724,1.0010004429094874,0.02324849126275694,20007.675234620987,100.34288258639835,0
univ3-conc-c1000,755,10000,2.3167476314144255,-1853.719947406912,1853.719947406912,-1851.4031997754976,1251.9442729708662,123940.45196243824,0.010000162235226626,127,102,666267.5837952573,1.001000016553988,1.001000258608264,200.1000016553988,0.004337744430016333,75.26623008941496,0
univ3-conc-c1000,756,10000,20.61270262908578,-2889.643921428183,2889.643921428183,-2869.0312187990976,2084.3536574082405,159658.49591310145,0.012886836499684603,138,127,668082.5757779352,1.0009941726046718,1.0010002980913013,200.0994172604672,0.06266361580560442,29.392458375787093,0
univ3-conc-c1000,757,10000,7.55043388954136,-1821.2110065069378,1821.2110065069378,-1813.6605726173964,1160.3935703846896,309337.0680936989,0.003737207911992785,67,62,439738.5213050234,-0.9997794567928766,1.001000391815496,0.022054320712338094,20007.794661224678,158.94831824420146,0
univ3-conc-c1000,758,10000,107.21576007835303,-528.5818839155095,528.5818839155095,-421.36612383715647,12226.706076706021,125637.78604054396,0.08868640422878098,569,455,799838.2119765632,-0.9997796091803883,1.0010003451197718,0.02203908196116182,20007.79623223755,106.84769461779557,0
univ3-conc-c1000,759,10000,9.081706806991118,-5753.959381616951,5753.959381616951,-5744.87767480996,2378.362806428068,85268.0902019864,0.027135870589078306,163,196,1565658.4712419847,1.0009999160870762,1.0010004365428573,200.09999160870763,0.005347523056062009,71.69126603690364,0
univ3-conc-c1000,760,10000,82.9244846050695,-731.0357711434609,731.0357711434609,-648.1112865383914,13865.901012307319,70119.78328196416,0.1650983870503879,701,852,1556175.6616785103,-0.999779620628242,1.0010004120905678,0.022037937175793568,20007.7963743309,103.10818805891064,0
univ3-conc-c1000,761,10000,162.43506289442428,-2321.9688271001905,2321.9688271001905,-2159.533764205766,27110.29695700445,188290.99463761997,0.12585949116788406,1590,910,1869529.4522263112,-0.9997797485441106,1.001000432972464,0.02202514558894394,20007.79770360591,109.84123302701997,0
univ3-conc-c1000,762,10000,62.78540587894283,-1950.4099432344462,1950.4099432344462,-1887.6245373555034,18083.52919882511,117201.51751250614,0.13366983002497987,725,808,2305231.987887609,1.0009987185300633,1.0010004236450052,200.09987185300633,0.01735830943485439,95.76820015918756,0
univ3-conc-c1000,763,10000,46.94342754749887,-1235.9701173532371,1235.9701173532371,-1189.0266898057382,4416.212585509475,185619.09390995494,0.023238905795723158,224,154,725193.0786602512,1.0009975379719815,1.0010001297832687,200.09975379719816,0.029082900357899177,83.24321816981625,0
univ3-conc-c1000,764,10000,81.66491229115485,-377.96132538484636,377.96132538484636,-296.2964130936915,8890.961692236771,167472.40855898926,0.05041274545599677,383,285,529933.0706592523,-0.9997797030185757,1.0010004148142155,0.022029698142425693,20007.797155561024,112.10210031335453,0
univ3-conc-c1000,765,10000,171.11104390064529,-2951.8662904961875,2951.8662904961875,-2780.7552465955423,6082.16084819115,143803.83878561124,0.04057857880689943,253,226,931973.3944347881,1.0009994377618947,1.001000422624542,200.09994377618946,0.010128295902992274,59.15366382988853,0
univ3-conc-c1000,766,10000,61.00038946952023,-214.6978716786447,214.6978716786447,-153.69748220912447,5144.1447395893265,196303.65822324154,0.025535869162784924,193,108,141638.2446325823,-0.9997797512804277,1.0010004024639754,0.0220248719572284,20007.797619906592,129.17125411408526,0
univ3-conc-c1000,767,10000,105.4143154367525,-9942.61080018983,9942.61080018983,-9837.196484753078,10442.818104663287,267160.6555060239,0.03761775012696116,497,361,2335201.0411782633,-0.9997796986083385,1.0010002959520046,0.022030139166150438,20007.79712056122,141.39502169550477,0
univ3-conc-c1000,768,10000,132.48516978361292,-4004.6063246838257,4004.6063246838257,-3872.121154900213,16218.468307376957,141044.50712083766,0.10312960353964659,851,729,2515580.729079846,-0.9997792258637445,1.0010004381877227,0.022077413625555542,20007.792419720972,111.92007962805289,0
univ3-conc-c1000,769,10000,23.8829427689117,-3977.829822741759,3977.829822741759,-3953.9468799728475,1971.3220092093895,111809.76310483845,0.017325568720261773,116,148,1033721.2435111105,1.0009985128988566,1.0010004280616172,200.09985128988566,0.019347184057793274,37.26992806776026,0
univ3-conc-c1000,770,10000,28.93203523201064,-2289.541726599342,2289.541726599342,-2260.6096913673314,4101.9253960016695,159200.3426600354,0.025118606402907376,223,167,837908.9167606673,1.0009981355114312,1.001000397579035,200.09981355114311,0.023118881356221394,57.98356107023355,0
univ3-conc-c1000,771,10000,68.19623987842824,-3085.3897296700993,3085.3897296700993,-3017.1934897916713,9517.016946611928,146578.45021664325,0.06096920762380876,366,407,1890336.924454047,-0.9997797614094479,1.0010003582463574,0.022023859055216817,20007.79774515043,117.1002968466999,0
univ3-conc-c1000,772,10000,54.56941802440582,-398.4221791377989,398.4221791377989,-343.85276111339306,4280.11433664859,115212.09356859128,0.03581919199319525,101,91,200702.42151324614,-0.9997797128750538,1.001000412129093,0.02202871249461627,20007.797229966938,106.47163313139586,0
univ3-conc-c1000,773,10000,3.834983996231494,-1545.2448312349054,1545.2448312349054,-1541.4098472386738,846.0960244723706,65314.12366304129,0.012788591520231202,44,74,474624.1406457044,1.000998053601727,1.0009993957370287,200.0998053601727,0.02392329769073953,60.991476141526256,0
univ3-conc-c1000,774,10000,54.04567153361068,-1143.6277623719773,1143.6277623719773,-1089.5820908383666,3463.0743971515262,208776.44497448954,0.016316821708814395,128,106,413922.01374456706,-0.9997795932817904,1.0010003506323657,0.022040671820958105,20007.79603366022,105.14823605591745,0
univ3-conc-c1000,775,10000,97.47915267098232,-593.4586704102643,593.4586704102643,-495.97951773928196,10206.556774341885,208950.83592022545,0.04657181146778123,414,282,568268.5965325175,-0.9997797577602384,1.0010004374384798,0.02202422397616558,20007.79770627408,103.46699775840948,0
univ3-conc-c1000,776,10000,228.21605008988135,-5193.308163931363,5193.308163931363,-4965.0921138414815,7444.171566995609,207112.42923167185,0.03469560730961134,332,258,1337783.735233766,1.0009989200382268,1.0010003584228797,200.09989200382267,0.015299814342224466,79.8028225848472,0
univ3-conc-c1000,777,10000,143.8984262967273,-6210.986437076355,6210.986437076355,-6067.088010779628,14929.436009438474,135210.1343538787,0.09943705029467771,1025,742,3276108.6810145983,-0.9997796839316899,1.0010004491088258,0.022031606831007428,20007.797018746776,121.75783026085003,0
univ3-conc-c1000,778,10000,2.067507397069419,-119.83014236056889,119.83014236056889,-117.76263496349947,194.89617564985178,107853.83622262254,0.0018037803065699641,9,13,50820.15754150198,1.000996146013434,1.000998199977496,200.0996146013434,0.042956217376151073,70.4965545879545,0
univ3-conc-c1000,779,10000,225.65949433358801,-2380.9814878584048,2380.9814878584048,-2155.3219935248167,5784.744846320662,119149.62471121349,0.04630226947802942,139,160,766089.0158308463,-0.9997796542002859,1.0010004104227084,0.02203457997139752,20007.7966482335,119.5149394147438,0
univ3-conc-c1000,780,10000,17.525248438428367,-5498.503668793791,5498.503668793791,-5480.978420355363,2463.825467993949,79508.14154996995,0.030056927479293127,125,205,1354969.5228640349,1.0009988469268014,1.0010003863706423,200.09988469268015,0.016016549242509726,43.201264710126864,0
univ3-conc-c1000,781,10000,59.535520771409146,-162.23305759238045,162.23305759238045,-102.6975368209713,4238.803514760519,235605.15063288363,0.01767317224995039,174,129,214551.49890265035,1.000999538962942,1.0010001774111275,200.0999538962942,0.009107960269027104,88.30946982733876,0
univ3-conc-c1000,782,10000,8.997335715956238,-4399.23475749747,4399.23475749747,-4390.237421781514,2559.5284948768167,162802.6819606002,0.015478315679421555,181,144,1048147.0574812251,1.000993152747545,1.0010004385365505,200.0993152747545,0.07284468106014685,30.849314336764525,0
univ3-conc-c1000,783,10000,14.369762131737941,-4820.4214300775,4820.4214300775,-4806.051667945762,3196.4139895900294,181160.21550116665,0.01733821017676119,178,158,1287146.5877021896,-0.9997797636973903,1.0010004349600683,0.022023630260970185,20007.797746230714,187.45760283221549,0
univ3-conc-c1000,784,10000,70.68054532025242,-4973.977416529912,4973.977416529912,-4903.29687120966,11614.995889127584,194643.77116381843,0.05631273790241386,570,474,2382201.673328178,1.0009967975727276,1.0010003607770246,200.09967975727275,0.03650491747008999,90.7681798913549,0
univ3-conc-c1000,785,10000,36.76845995249721,-1666.2414496171198,1666.2414496171198,-1629.4729896646227,4268.730591172726,204653.4641036436,0.020432154646892763,243,183,826177.1002515905,-0.9997796979364953,1.001000369931844,0.022030206350468404,20007.79709128954,107.79334861455105,0
univ3-conc-c1000,786,10000,59.423422282078604,-4150.834535069727,4150.834535069727,-4091.4111127876486,11586.983703849468,187081.77570542588,0.05832312910345028,738,504,2091746.499887058,1.0009983419238246,1.0010004337690421,200.09983419238247,0.021103078478688114,69.39788457473159,0
univ3-conc-c1000,787,10000,99.989262642894,-930.6955492560683,930.6955492560683,-830.7062866131743,11963.805016894423,76608.49752281468,0.1350738851068116,553,588,1370780.650373789,-0.9997761605292961,1.0010004487651676,0.022383947070398525,20007.761682361514,102.25641890206818,0
univ3-conc-c1000,788,10000,110.91011436913631,-1460.4974890068788,1460.4974890068788,-1349.5873746377424,9618.104858826899,142176.61362081353,0.06336257911448305,620,423,1275565.0675708898,1.0010004504930878,1.0010004504930878,200.1000450493088,0.00004919939220252023,76.4701005624904,0
univ3-conc-c1000,789,10000,73.94925587334744,-5165.634150234354,5165.634150234354,-5091.684894361007,3927.138977072236,161258.42767980843,0.023774104823756127,227,200,1194018.0465887499,1.0010004503153476,1.001000451211687,200.10004503153476,0.000018305119475092724,45.19913850165597,0
univ3-conc-c1000,790,10000,178.64565288988229,-3994.5689134116933,3994.5689134116933,-3815.9232605218112,9620.096459272489,238549.50639477585,0.03876420137131052,505,383,1773245.1911334528,-0.9997796750356277,1.001000419107517,0.022032496437235684,20007.79688525392,107.42707785417099,0
univ3-conc-c1000,791,10000,72.32128831321525,-2444.911812031921,2444.911812031921,-2372.5905237187058,5636.825061572222,120999.78958452104,0.04451181103763119,181,255,1170757.9322667602,1.001000182656002,1.0010004173383065,200.1000182656002,0.0026900692446075736,79.51436980792685,0
univ3-conc-c1000,792,10000,85.540023939531,-1192.8319237642738,1192.8319237642738,-1107.2918998247428,27772.005979395828,105773.8110613617,0.20795863618042,1719,1230,2137159.4442600748,-0.9997796950284968,1.0010003976844144,0.022030497150308536,20007.797192745125,107.75392412089055,0
univ3-conc-c1000,793,10000,47.423769261888346,-2259.4354053540696,2259.4354053540696,-2212.011636092181,9262.26481746651,205229.88684462174,0.04318230175646854,413,297,1169801.4453204894,1.00099581868172,1.00100044431894,200.099581868172,0.04625697114871308,90.0232238598749,0
univ3-conc-c1000,794,10000,9.262979793800186,-622.6808909151845,622.6808909151845,-613.4179111213842,1074.996934438359,183669.95466914983,0.0058188162929886525,50,46,215480.53280005194,1.001000413528863,1.001000413528863,200.1000413528863,0.000369767382204067,75.5775003864907,0
univ3-conc-c1000,795,10000,17.29214769116463,-5272.246578871812,5272.246578871812,-5254.954431180648,4326.000423916834,104245.19141610153,0.03984482762509667,220,300,1923688.9692556083,-0.9997782621683718,1.0010004240225883,0.02217378316281631,20007.782711317544,101.23265814628994,0
univ3-conc-c1000,796,10000,80.15160515346733,-3384.1370159963035,3384.1370159963035,-3303.9854108428362,7061.802314365163,177512.02064705128,0.03826004251882116,396,269,1002600.8784230116,1.001000161239035,1.001000439859111,200.1000161239035,0.0029164022676471113,44.766029147773274,0
univ3-conc-c1000,797,10000,3.443614022627496,-2692.356835263552,2692.356835263552,-2688.9132212409245,835.5479743913402,64769.62035749181,0.01273600839135834,81,148,973278.4477216557,1.000999249368538,1.0010003075852558,200.0999249368538,0.01199524674064989,48.03513720874063,0
univ3-conc-c1000,798,10000,390.3033611355628,-572.1315605921608,572.1315605921608,-181.82819945659799,50311.94613375529,126663.17120983968,0.2842882484777523,2238,1247,620597.9180576286,1.0009998410897578,1.0010004586376824,200.09998410897578,0.006253471777133729,94.88059338914263,0
univ3-conc-c1000,799,10000,42.00681312173046,-1201.9151452926685,1201.9151452926685,-1159.9083321709381,4871.566282335197,146492.4225684175,0.03218444703606905,323,226,825506.890396383,-0.9997796880949882,1.0010003434250638,0.022031190501184315,20007.79699989272,129.93298697183545,0
univ3-conc-c1000,800,10000,38.64952307231012,-440.7921901372416,440.7921901372416,-402.1426670649315,3808.4253069125625,75725.5748292016,0.04788424196437799,196,194,450484.5855799322,1.0009936962250114,1.0010004292201906,200.09936962250114,0.0674237520665315,77.59413458054722,0
univ3-conc-c1000,801,10000,277.99814872364277,-361.214045675356,361.214045675356,-83.2158969517132,37182.115676154375,206246.92730499603,0.15274313705876713,1503,834,373289.44919611607,-0.999779699610132,1.0010003730339954,0.02203003898679964,20007.797205769097,104.84914144142202,0
univ3-conc-c1000,802,10000,89.79124450498422,-3281.789976053868,3281.789976053868,-3191.998731548884,17741.817772514816,172721.5152602556,0.09315083113379216,805,633,2360874.2445642054,1.0010003239574587,1.0010003239574587,200.10003239574587,0.0013304608646007576,87.95038740837605,0
univ3-conc-c1000,803,10000,249.42411362090726,-4648.006680182834,4648.006680182834,-4398.582566561927,29254.164409772246,183934.6174550175,0.13722187515629247,1530,916,2878560.693585097,1.0009970160568435,1.0010004614982493,200.09970160568434,0.034397035503058504,89.95941612798795,0
univ3-conc-c1000,804,10000,63.59105613224096,-290.58391539198414,290.58391539198414,-226.99285925974317,16568.846628818766,75966.44552018578,0.1790543504432758,1173,835,941705.6136525824,1.0010002163860667,1.0010003873058553,200.10002163860668,0.0024338900400224794,97.2363674029311,0
univ3-conc-c1000,805,10000,33.38971746363349,-6845.931821742236,6845.931821742236,-6812.542104278603,4017.379565768842,125117.23308720376,0.031110013676696184,310,275,1710365.4267615778,-0.9997795630377067,1.0010004411466713,0.022043696229332266,20007.795748777065,119.2981378612403,0
univ3-conc-c1000,806,10000,1.5539787145403496,-1327.507853132259,1327.507853132259,-1325.9538744177187,496.13664933958023,88931.36508853904,0.005547920267232879,53,70,400720.42199995136,1.0009998964606894,1.001000244973706,200.09998964606893,0.0055318901305723145,75.48629317156421,0
univ3-conc-c1000,807,10000,86.1691129279851,-2258.578683401449,2258.578683401449,-2172.4095704734636,8365.698066957013,98817.30466233022,0.07805060367721091,528,515,1790498.058435535,1.0009982993920703,1.0010004092670255,200.09982993920704,0.0215181274387497,99.07495247045713,0
univ3-conc-c1000,808,10000,101.40113512273746,-320.66468525285114,320.66468525285114,-219.26355013011369,56929.25224980813,47718.95400624951,0.5440060015028948,2445,2676,1875787.507460115,0.6087042061212778,1.0010004574782625,160.8704206121278,3916.6591116415702,99.8784555894213,0
univ3-conc-c1000,809,10000,452.64579128538213,-3555.7430757233674,3555.7430757233674,-3103.0972844379853,10617.344237535644,203726.61673222345,0.049534142177365105,290,252,855633.4690115309,1.0004151141735562,1.0010003607741942,200.04151141735562,5.8416966723032235,98.84999152418169,0
univ3-conc-c1000,810,10000,21.28750574823402,-5377.340556924917,5377.340556924917,-5356.053051176683,4378.056997782177,177219.48447865166,0.02410856976469763,184,206,1318216.2059360745,-0.9997793522307886,1.0010004465269622,0.02206477692113397,20007.793625485556,110.90749740308672,0
univ3-conc-c1000,811,10000,30.884199671178685,-1951.2375547685378,1951.2375547685378,-1920.353355097359,3041.9492564010384,247147.3151618117,0.012158592270035056,120,100,524601.2567700159,-0.9997794801791282,1.0010003653082353,0.02205198208718077,20007.7949003565,186.54067034309261,0
univ3-conc-c1000,812,10000,96.76514803970585,-197.16473227681618,197.16473227681618,-100.39958423711033,37707.92735176566,38856.168336485964,0.4925014396474058,2096,1902,1034312.5224440806,1.0004976104814438,1.0010004645045738,200.04976104814438,5.018548658146539,99.1449253962304,0
univ3-conc-c1000,813,10000,5.397081000294368,-6435.816646539696,6435.816646539696,-6430.419565539401,1926.4514974914102,61698.39387741632,0.03027828965461284,119,217,1585656.1091806167,-0.9997796400003947,1.0010003645494328,0.0220359999605388,20007.796507343424,176.8947872540809,0
univ3-conc-c1000,814,10000,60.452658055824514,-5592.37262990111,5592.37262990111,-5531.919971845285,3850.993870862396,60047.855138442916,0.06026703032321588,210,308,1809251.9501417421,1.000996625151414,1.001000411134681,200.0996625151414,0.03819921482585542,62.71693477351568,0
univ3-conc-c1000,815,10000,0.22088821201668218,-782.8493459023671,782.8493459023671,-782.6284576903504,263.54137137660194,86389.3479527271,0.003041345458094197,10,15,149462.99442164454,1.0009925499498664,1.0009951291619992,200.09925499498664,0.07884515101075351,77.68030596446827,0
univ3-conc-c1000,816,10000,114.93928082540529,-5167.2917699279515,5167.2917699279515,-5052.352489102546,8356.943703720652,146148.51157498735,0.05408834069092122,297,321,1646340.2793535304,1.0009939570109108,1.0010004006092972,200.09939570109108,0.06483303111767214,64.61531201975052,0
univ3-conc-c1000,817,10000,6.094133831267757,-526.2018965938387,526.2018965938387,-520.1077627625709,2369.514098603885,93660.72971040779,0.024674665028618047,228,169,565941.4168859319,-0.9997797264757282,1.0010003704363029,0.022027352427178248,20007.797376864935,129.80734167473219,0
univ3-conc-c1000,818,10000,92.57685700483616,-2233.1633799988354,2233.1633799988354,-2140.586522993999,23608.58382709103,125464.33357920626,0.1583693687482213,1637,1168,2900393.8020361196,1.0009977538464432,1.001000434774194,200.09977538464432,0.027049706953704622,98.4871648904089,0
univ3-conc-c1000,819,10000,46.98373822140924,-460.87965723089167,460.87965723089167,-413.89591900948244,10630.273763933523,208166.164999719,0.048585222977127696,391,261,528563.8782076912,1.0009945582802084,1.001000422751113,200.09945582802084,0.058832486354930325,78.1946351444569,0
univ3-conc-c1000,820,10000,401.15737465438525,-1775.2911021130676,1775.2911021130676,-1374.1337274586824,37145.19139006222,140977.2170394099,0.20853744185010792,1907,1188,1665785.041874007,-0.9997790593828852,1.0010004518968076,0.022094061711477743,20007.790827869452,100.49189058316097,0
univ3-conc-c1000,821,10000,89.30513003035608,-1431.1302795514537,1431.1302795514537,-1341.8251495210975,3504.168351540503,232546.92536200953,0.014844957065917434,120,102,372348.478885179,1.000999268883644,1.0010004163317936,200.0999268883644,0.0117998236792968,96.39702422755052,0
univ3-conc-c1000,822,10000,19.07992598168519,-865.4088598135929,865.4088598135929,-846.3289338319078,5672.625336026944,86077.39087087779,0.06182696821801809,421,441,1338543.9889116853,1.0009993103951211,1.0010003707774415,200.09993103951211,0.011417996816559639,84.97408078309397,0
univ3-conc-c1000,823,10000,465.3915031322613,-1686.0216632350957,1686.0216632350957,-1220.6301601028345,37599.233958141296,167658.21773727218,0.18318084750431235,1888,1070,1371679.5911962204,1.0009985158146362,1.001000457520397,200.0998515814636,0.019451437821921047,97.60021019536488,0
univ3-conc-c1000,824,10000,45.254753741756424,-214.26408373667243,214.26408373667243,-169.00932999491602,1501.2829739134634,73805.35244024693,0.019935600171975914,92,101,247868.7291613894,1.0010002429395823,1.0010003532673213,200.10002429395823,0.0020774404379597655,86.78164772720766,0
univ3-conc-c1000,825,10000,125.44442924077393,-558.7524410236415,558.7524410236415,-433.30801178286754,56101.70854789835,83951.81718655335,0.4005733397549014,2753,2367,2360614.750779925,-0.9997791870767742,1.0010004369607328,0.022081292322580603,20007.792208275587,102.54219046099887,0
univ3-conc-c1000,826,10000,545.2202997435503,-4523.3991873555415,4523.3991873555415,-3978.1788876119913,41458.773220085,140042.67731582743,0.22842116742136914,1574,1307,3924123.56379007,1.0010004014061813,1.0010004614485752,200.10004014061812,0.0006328354281875392,85.45788929678895,0
univ3-conc-c1000,827,10000,16.885926279027288,-2051.3335941526466,2051.3335941526466,-2034.4476678736194,1801.0778823452636,141252.2518764053,0.012590254874756537,86,111,675782.8660744545,-0.99977973313602,1.0010002812778875,0.02202668639800187,20007.797433109175,160.70313852432446,0
univ3-conc-c1000,828,10000,25.63889896216358,-10510.041511153584,10510.041511153584,-10484.402612191421,5184.968133274827,136722.422096301,0.03653768929783472,326,351,2455278.9285080926,1.0009981810026864,1.0010004136282726,200.09981810026864,0.02267881987917697,75.19124874910781,0
univ3-conc-c1000,829,10000,74.7666304015294,-376.46822122125843,376.46822122125843,-301.70159081972906,7881.286525660727,125775.01772468822,0.05896681469583693,416,325,539757.8088326589,-0.9997797142288769,1.0010003370982232,0.022028577112308417,20007.797271217314,122.83687938068753,0
univ3-conc-c1000,830,10000,1.427584226856932,-101.04729734054096,101.04729734054096,-99.61971311368403,601.4642747134959,132820.89636122008,0.004507972065902035,22,17,52260.79654507335,-0.9997797393792018,0.9997797393792018,0.022026062079814217,20007.79748784433,112.94110362518128,0
univ3-conc-c1000,831,10000,77.53511134697426,-1751.6347809273616,1751.6347809273616,-1674.0996695803874,3209.732041705711,153707.89780472557,0.02045488480068773,46,64,421801.58300582116,1.0010003188492318,1.0010003188492318,200.10003188492317,0.0013160803463245496,51.688097046321765,0
univ3-conc-c1000,832,10000,139.1812971609543,-3749.819958982729,3749.819958982729,-3610.638661821775,36307.402381173204,249971.5143528791,0.12682527513858835,1486,960,3031531.6738951295,1.0009956269715305,1.0010004440415974,200.09956269715306,0.04825936602239267,91.85844630659516,0
univ3-conc-c1000,833,10000,61.7054136543996,-8412.40772640747,8412.40772640747,-8350.70231275307,10397.098637938801,181792.49605813017,0.054098134992068135,371,464,2911939.5582279605,-0.9997796391959842,1.0010004221656277,0.02203608040157179,20007.79652421298,104.45568928617625,0
univ3-conc-c1000,834,10000,39.80645471054281,-1071.1743330646123,1071.1743330646123,-1031.3678783540695,4537.672415878244,209294.52754449224,0.021220716134984396,215,141,453456.91407525796,1.0009999225197055,1.0010003995667407,200.09999225197055,0.005283578326807176,46.10246177590722,0
univ3-conc-c1000,835,10000,20.90090425228438,-1448.7530110636685,1448.7530110636685,-1427.8521068113841,1384.6646029140627,139829.91179902598,0.00980539430273035,51,60,350336.1065018452,1.000998371607119,1.001000280306912,200.0998371607119,0.020748467053085307,34.93327604732511,0
univ3-conc-c1000,836,10000,127.95077963151286,-577.8747465386348,577.8747465386348,-449.9239669071219,14230.500701145858,263560.80529585603,0.05122730767283064,479,309,610169.8066231221,1.000991714579836,1.001000413288527,200.0991714579836,0.08722120597695335,90.85752508151614,0
univ3-conc-c1000,837,10000,59.75861682498311,-2182.2203708057473,2182.2203708057473,-2122.461753980764,8623.10507303853,109569.21717551586,0.07295825066288517,487,497,1711026.3097778957,1.0010004457886126,1.0010004457886126,200.10004457886126,0.00009236734407926106,91.23673533614378,0
univ3-conc-c1000,838,10000,19.156237213279613,-435.27346748393205,435.27346748393205,-416.11723027065244,232.3728436069449,68078.52767824732,0.0034016949247009758,3,10,33262.811529792845,1.00100044429682,1.00100044429682,200.100044429682,0.00005882225078923664,60.250967028008056,0
univ3-conc-c1000,839,10000,128.2994342837618,-1990.6676546617987,1990.6676546617987,-1862.3682203780368,3623.809515353917,80270.70115564017,0.04319483463662209,142,211,1009663.4733363278,-0.9997794971430954,1.001000447760472,0.022050285690455817,20007.795076569524,108.29122919939262,0
univ3-conc-c1000,840,10000,24.245989311312545,-4607.240768230229,4607.240768230229,-4582.994778918916,3761.2437657237833,82322.01935047578,0.043693090033618556,262,278,1608798.6818300376,1.000994106477469,1.0010004387139373,200.0994106477469,0.06333712392542168,71.96154163648174,0
univ3-conc-c1000,841,10000,65.44867241605253,-10812.697876886605,10812.697876886605,-10747.249204470552,12321.364327503701,134946.91656742073,0.08366611094139793,458,623,3860618.258615734,-0.9997761379907508,1.00100042994069,0.02238620092490659,20007.76145436943,100.83021057413497,0
univ3-conc-c1000,842,10000,97.08820827019524,-3780.3899984411687,3780.3899984411687,-3683.3017901709736,13496.123097267671,287589.8554712833,0.04482481436509301,477,321,1479819.7245832954,-0.9997797516752739,1.001000412729798,0.022024832472616662,20007.797648838397,104.82636872516866,0
univ3-conc-c1000,843,10000,72.04358858638751,-5190.614308944874,5190.614308944874,-5118.570720358487,10180.922054539229,100389.6221253856,0.09207625891731548,490,616,2799399.659293799,1.000997448079608,1.0010004107968282,200.0997448079608,0.03001690484684083,90.99599602018608,0
univ3-conc-c1000,844,10000,96.73385608012784,-2694.9727970654285,2694.9727970654285,-2598.238940985301,13268.721609324084,209398.20675587453,0.0595899970720479,432,374,1362485.5971930232,-0.9997797068847346,1.0010004234377496,0.022029311526538753,20007.79720115632,130.21283471593298,0
univ3-conc-c1000,845,10000,294.23566323312247,-11912.94331941282,11912.94331941282,-11618.707656179697,18778.26141548457,210580.8735439256,0.08187274258253445,713,575,3019347.0158131733,1.0009995362066355,1.0010004532664,200.09995362066354,0.009185740307606716,86.84440521727163,0
univ3-conc-c1000,846,10000,273.48888840514877,-2933.361771978883,2933.361771978883,-2659.8728835737343,18445.44260430865,285208.1053868621,0.060745025791185486,620,421,1617025.917648044,1.000997925918738,1.0010004310295324,200.0997925918738,0.02524547167586988,86.26568770451667,0
univ3-conc-c1000,847,10000,26.840107955238643,-4637.698280745645,4637.698280745645,-4610.858172790407,5623.450626538402,112143.96792353268,0.04775047883169388,477,412,1885956.9603359106,-0.9990299273924661,1.0010003768528895,0.09700726075337951,20000.284409953238,101.68714168473659,0
univ3-conc-c1000,848,10000,115.02504140931353,-1041.3520179708114,1041.3520179708114,-926.3269765614979,14015.010864321246,185757.53877489752,0.07015483803771737,766,562,1284323.3601088412,1.0009993240453892,1.0010004499917904,200.09993240453892,0.011305339761023436,86.78353724731187,0
univ3-conc-c1000,849,10000,7.4491509391885975,-4161.787056574171,4161.787056574171,-4154.337905634983,1327.0639191063694,135728.50283122677,0.009682670690230419,78,123,1010731.0595610256,1.0010000728690636,1.0010004235608017,200.10000728690636,0.0037752091233220764,48.957746823523024,0
univ3-conc-c1000,850,10000,21.064084110697234,-1260.684301927491,1260.684301927491,-1239.620217816794,2036.7842858559636,64526.11839899941,0.03059939100761872,133,134,573880.794466275,1.0009988622684929,1.0010004495964007,200.0998862268493,0.01586035374931613,67.06723239911757,0
univ3-conc-c1000,851,10000,388.01206247164384,-4531.787815170574,4531.787815170574,-4143.77575269893,9874.609364722057,166466.69871337316,0.055997142543305546,366,317,1470128.2336043827,1.0009978325471875,1.001000434327736,200.09978325471874,0.02615674197964224,82.33778507966863,0
univ3-conc-c1000,852,10000,14.83915102933815,-4017.1009180853102,4017.1009180853102,-4002.261767055972,3944.6917661937405,166121.08814772888,0.02319509408765428,139,209,1312646.929045798,1.0010002482773985,1.001000281387655,200.10002482773984,0.0020313165768968133,88.6748237802902,0
univ3-conc-c1000,853,10000,10.476137316085387,-4702.006197757844,4702.006197757844,-4691.530060441759,2937.178759751151,102291.55462942591,0.027912326463992623,249,260,1692972.9294705666,-0.9997797356132081,1.0010004198167135,0.02202643867919497,20007.797473516333,148.30004310935598,0
univ3-conc-c1000,854,10000,132.26132503340537,-253.45376779412211,253.45376779412211,-121.19244276071674,5837.761075849879,162518.19567725112,0.03467510855235807,216,140,165398.63568786922,1.0009966890160689,1.0010003721828233,200.0996689016069,0.03755360550181308,91.36150052574122,0
univ3-conc-c1000,855,10000,11.35437289909757,-272.8684143489512,272.8684143489512,-261.5140414498536,1973.6950047415191,271057.914258063,0.007228815044787556,70,48,170003.059337694,-0.9997795998880388,1.0009994145855843,0.022040011196120632,20007.79609448574,198.6265803228232,0
univ3-conc-c1000,856,10000,3.077649564069622,-274.40712220970886,274.40712220970886,-271.3294726456392,521.7660272452792,130227.28585408862,0.003990591287184454,17,25,115003.03958865502,1.001000278567605,1.001000278567605,200.1000278567605,0.0017143670116073068,67.00186336323387,0
univ3-conc-c1000,857,10000,3.58802492589836,-4256.673262363015,4256.673262363015,-4253.085237437117,1139.6072197701433,118492.31840170808,0.009525945635748781,58,103,844991.3068447122,1.0010000361055,1.0010004281114235,200.10000361055,0.004139637247781103,60.32203024469303,0
univ3-conc-c1000,858,10000,47.8433320241391,-230.32990131261357,230.32990131261357,-182.48656928847447,3855.765562553102,121254.55747045008,0.030818924202889154,176,147,282707.27436139074,1.0009939498234812,1.0010004505385306,200.09939498234812,0.06488943703431005,77.63671165355022,0
univ3-conc-c1000,859,10000,178.83255848834096,-1347.601261593496,1347.601261593496,-1168.768703105155,28096.958727259032,254150.02256561932,0.09954741977595767,906,579,1293324.1727300389,1.001000344196232,1.0010004421019059,200.1000344196232,0.0011316909894797111,80.30670692604882,0
univ3-conc-c1000,860,10000,44.150872096462805,-10878.387236663357,10878.387236663357,-10834.236364566894,7629.9397032295,136631.28129721765,0.05288974854306724,463,451,2751306.243735992,-0.9997797328034855,1.0010004505305268,0.022026719651447337,20007.797465519834,197.45107031287412,0
univ3-conc-c1000,861,10000,216.69725997402486,-1350.606370654933,1350.606370654933,-1133.9091106809083,16276.531112764886,95359.99045628982,0.14579933953510685,706,687,1622696.6525492275,-0.9997770271812096,1.001000429696801,0.022297281879027686,20007.77037995988,101.3932377875106,0
univ3-conc-c1000,862,10000,63.93773143178647,-8282.522699753314,8282.522699753314,-8218.584968321527,8063.260643252439,218628.11928390746,0.035569330628466386,351,303,1981989.6573926432,1.001000373268444,1.001000414453384,200.10003732684442,0.0007977440065144309,57.60465136755883,0
univ3-conc-c1000,863,10000,41.368747973511866,-1248.6890761534382,1248.6890761534382,-1207.3203281799263,2398.825173857714,139344.5494650225,0.016923719926728177,121,119,587057.1819379113,-0.9997796897873625,1.0009999089737434,0.022031021263738716,20007.79700147672,145.07392197208722,0
univ3-conc-c1000,864,10000,12.590181190255361,-2646.2527837697135,2646.2527837697135,-2633.662602579458,2296.4531547327883,111711.40441728407,0.020142937545178912,196,168,952129.3900790269,1.0009999891121388,1.0010003672513272,200.09999891121387,0.00461957476976993,46.03179362892335,0
univ3-conc-c1000,865,10000,44.49907906149758,-1622.7587763910053,1622.7587763910053,-1578.2596973295076,3473.8247183564827,104836.37366123254,0.032072923605789665,146,165,730704.2249074979,-0.9997797252281725,1.0010004225169646,0.022027477182751637,20007.797359842083,122.21216496178592,0
univ3-conc-c1000,866,10000,22.22005016417469,-4289.299326428297,4289.299326428297,-4267.079276264122,3415.2049484721247,74818.90655336944,0.043653655456823766,271,305,1764781.7378094858,-0.9997796582035892,1.0010003796918354,0.022034179641086633,20007.796701822663,108.47222454667182,0
univ3-conc-c1000,867,10000,378.99303161635305,-2896.8517298679826,2896.8517298679826,-2517.8586982516294,25489.85612708485,164410.21503552643,0.13422773341279007,863,677,1919088.7143016565,1.0009982048432602,1.0010004515551554,200.09982048432602,0.02248447934182707,94.5777182947253,0
univ3-conc-c1000,868,10000,91.24499230167393,-120.47822858602797,120.47822858602797,-29.233236284354035,9581.947732532135,82653.5461022556,0.10388568797273776,394,328,161770.89295071375,1.0009987378581828,1.0010004199136353,200.0998737858183,0.017125308402672346,99.10295489690044,0
univ3-conc-c1000,869,10000,22.890508882220846,-5632.553141204526,5632.553141204526,-5609.6626323223045,3071.598345132338,81417.99998698563,0.0363547514222789,185,255,1736000.6553140606,1.000999404687414,1.001000388031463,200.0999404687414,0.010454755171122931,80.18677816515901,0
univ3-conc-c1000,870,10000,129.99200881383018,-1270.8007520830615,1270.8007520830615,-1140.8087432692314,10537.847858742887,67235.80648576595,0.1354937986077403,523,601,1559050.0903780053,-0.9997796676961659,1.0010004316454675,0.02203323038340701,20007.79682303777,105.06790297340291,0
univ3-conc-c1000,871,10000,15.069502345269026,-7575.69842514935,7575.69842514935,-7560.628922804081,3041.3591555113762,77933.51334969599,0.037559295389020725,153,256,1891737.3032722212,-0.999779643939806,1.0010003372333716,0.02203560601940409,20007.796550127663,162.52717894192187,0
univ3-conc-c1000,872,10000,0.5913872989018771,-532.2758116041324,532.2758116041324,-531.6844243052306,507.1325041031509,162153.24023740712,0.003117738485138321,22,20,182658.87887542346,1.0009916561452088,1.0009916561452088,200.09916561452087,0.08776628769648498,46.93697407140254,0
univ3-conc-c1000,873,10000,445.4341366758657,-461.85515510727595,461.85515510727595,-16.421018431410232,58719.12823713248,144217.53294098363,0.28934706965339846,2061,1225,180689.37392337585,1.0010003577741597,1.001000456152646,200.10003577741597,0.0010873474650568843,98.61261982968234,0
univ3-conc-c1000,874,10000,37.15649265332814,-6088.786068280822,6088.786068280822,-6051.629575627494,5479.224040389952,106356.25609561274,0.0489936112736914,261,343,2219616.130237822,-0.9997796616416568,1.0010004511610306,0.022033835834323657,20007.79673815036,103.32487417824419,0
univ3-conc-c1000,875,10000,35.73367594280459,-3034.917050523047,3034.917050523047,-2999.1833745802423,6769.072972667387,202963.7062553715,0.0322747497915311,300,292,1498220.9608359027,1.0009987669112408,1.0010004212514025,200.09987669112408,0.01682810141212973,86.56645037972162,0
univ3-conc-c1000,876,10000,199.95052342850553,-1603.4110983736832,1603.4110983736832,-1403.4605749451778,18679.524540739167,223022.88175065035,0.07728315504736707,793,532,1284971.3870014427,1.0009909263398797,1.0010003943627654,200.09909263398796,0.09511425193819889,85.52460096449374,0
univ3-conc-c1000,877,10000,117.62518407214488,-4336.881712419703,4336.881712419703,-4219.256528347558,9472.341869996068,135819.87794575622,0.06519510736368483,303,336,1536298.6829421653,1.000999910665717,1.0010003076042313,200.0999910665717,0.005415477520323869,70.11026216843064,0
univ3-conc-c1000,878,10000,127.89054487429847,-12976.382859371475,12976.382859371475,-12848.492314497176,21729.83449098631,123385.20971336994,0.1497421208815922,873,1010,5522042.646605515,1.0009983830992266,1.0010004499636407,200.09983830992266,0.020723204984129495,99.63650055586174,0
univ3-conc-c1000,879,10000,88.31286958151468,-6425.850527408849,6425.850527408849,-6337.537657827334,7994.553092285965,286643.686187,0.027133453932664767,316,270,1546822.4065198544,-0.9997797690306407,1.001000350793578,0.022023096935923595,20007.797812230187,106.96298308753185,0
univ3-conc-c1000,880,10000,115.86503175153395,-1312.9178047730913,1312.9178047730913,-1197.0527730215574,15501.67774942812,116649.03628642809,0.11730301922713847,813,672,1553638.601741119,-0.9997797364819442,1.0010004512590567,0.02202635180557209,20007.79753112979,105.03268926818903,0
univ3-conc-c1000,881,10000,0.873503554718005,-209.5824442460409,209.5824442460409,-208.70894069132288,695.0678749045937,230570.0946099594,0.003005501855257101,41,36,148731.07173864357,1.000999754465544,1.0010001923817082,200.0999754465544,0.006946427166331093,79.91864952698177,0
univ3-conc-c1000,882,10000,24.915299490883594,-2918.8951952198668,2918.8951952198668,-2893.979895728983,4031.5621414229167,119732.94027648224,0.03257446248852422,245,219,1123235.0326741836,1.0009993782205604,1.0010004375150385,200.09993782205603,0.010719852509957661,92.96718688283305,0
univ3-conc-c1000,883,10000,44.289926243762906,-593.8476719961213,593.8476719961213,-549.5577457523584,1709.6362608436195,112628.73505974357,0.01495242796532463,124,93,305112.30370742903,1.0010004097709713,1.0010004297798372,200.10004097709714,0.00041437628805696125,57.866316955603345,0
univ3-conc-c1000,884,10000,121.3858386152726,-4051.2530975440773,4051.2530975440773,-3929.867258928805,9637.857500744722,119334.96194690232,0.07472781894682037,510,442,1726326.1971155317,-0.9997797703488626,1.0010004459356194,0.02202296511375159,20007.797845161967,171.72152903121366,0
univ3-conc-c1000,885,10000,63.23218679812799,-298.01177609718246,298.01177609718246,-234.77958929905446,7918.109668176281,100047.86129443797,0.07333893816337846,284,336,600928.6897173523,1.0009968122946191,1.001000445471202,200.0996812294619,0.03633715847797539,95.93368572207761,0
univ3-conc-c1000,886,10000,400.78869260928093,-2525.628914018775,2525.628914018775,-2124.840221409494,36865.91690853905,232239.25609660914,0.13699445646789474,1460,897,2387427.27633739,1.000999453080245,1.0010004507118249,200.0999453080245,0.010068765367051924,98.39244390078188,0
univ3-conc-c1000,887,10000,23.71673333990512,-8423.362878769161,8423.362878769161,-8399.646145429257,4260.681095763078,73499.19961766196,0.05479279361892697,333,453,2831321.7548900875,-0.9997797214516794,1.0010004500444543,0.022027854832055327,20007.79734654459,150.83631635609953,0
univ3-conc-c1000,888,10000,277.5753613237561,-1562.7422320394382,1562.7422320394382,-1285.166870715682,42178.03631726261,111123.75014577116,0.27513075542295234,2833,1655,2250371.6154153594,-0.9980647691402303,1.0010004520792826,0.19352308597696277,19990.61371591266,101.32791616145774,0
univ3-conc-c1000,889,10000,112.87427518084972,-427.02720139659743,427.02720139659743,-314.1529262157477,14436.736805395674,157042.19337346032,0.08418956655688174,542,397,553985.4075627881,1.0009923620329195,1.0010004391632197,200.09923620329195,0.08076677742055732,96.7181977662013,0
univ3-conc-c1000,890,10000,151.0625254448326,-988.804982302987,988.804982302987,-837.7424568581544,23503.352694853253,74557.23769357361,0.23968194156035924,985,1022,1681220.1633084442,-0.9997791113561978,1.0010004395003713,0.022088864380217222,20007.791295104533,101.83985582112363,0
univ3-conc-c1000,891,10000,37.972345599507165,-4667.784391931951,4667.784391931951,-4629.812046332444,3003.042540944183,107692.57562789849,0.0271288294028376,243,219,1333984.4179115267,1.0010002060295964,1.0010004445905218,200.10002060295963,0.002459012130809679,97.39477003811395,0
univ3-conc-c1000,892,10000,25.23806698684521,-4764.456694491233,4764.456694491233,-4739.218627504388,2741.174188155122,88390.25900004605,0.030079349048468856,206,265,1445157.8828786146,1.000999551502901,1.0010004345377315,200.0999551502901,0.00899261401708884,87.98773448184434,0
univ3-conc-c1000,893,10000,75.97229314697346,-158.37309580865937,158.37309580865937,-82.40080266168592,4328.9141680370485,278092.8261867677,0.015327836173655254,134,71,70086.91200640402,-0.9997796393146012,1.001000440535765,0.022036068539878963,20007.79649423826,162.11446641430615,0
univ3-conc-c1000,894,10000,233.7704989422213,-1149.2621962883254,1149.2621962883254,-915.491697346104,27674.16651324935,209243.23046029,0.11680934733695474,941,615,1067267.5525037562,-0.9997788699564901,1.0010004266494636,0.022113004350982905,20007.78885335908,103.80107120402114,0
univ3-conc-c1000,895,10000,4.745111370982521,-842.6184064353944,842.6184064353944,-837.8732950644119,2453.64708274341,223259.5047481088,0.0108706429503149,143,77,328692.2484838972,-0.999779642600432,1.0010004444539335,0.022035739956810477,20007.79652774757,152.32987369519603,0
univ3-conc-c1000,896,10000,36.333421616219304,-2353.8832035795413,2353.8832035795413,-2317.549781963322,4775.502478435357,102891.38491664459,0.04435442125220742,305,294,1342285.1385098672,1.0009997468283798,1.0010004397994041,200.09997468283797,0.007048254770125273,74.75278526739645,0
univ3-conc-c1000,897,10000,1.2720616562924942,-93.35391144877735,93.35391144877735,-92.08184979248486,314.45445495535665,135642.47483919072,0.0023128975962308394,10,9,46341.291496489706,1.000999571013926,1.000999571013926,200.0999571013926,0.008774439332476014,61.66054881566218,0
univ3-conc-c1000,898,10000,19.49998089905704,-5222.437972913545,5222.437972913545,-5202.937992014488,3939.4670148329747,145309.71373780177,0.026395233762537287,329,248,1515753.4495262743,1.0009990136759124,1.0010003959477367,200.09990136759123,0.014364901777570174,61.72752126679433,0
univ3-conc-c1000,899,10000,3.824888812319501,-1207.8032485645629,1207.8032485645629,-1203.9783597522433,1272.2183547049904,196458.50792285445,0.0064340953915232495,66,64,362099.0704530674,1.0009990693087019,1.0009998320341473,200.0999069308702,0.01378712992086406,48.27563102318908,0
univ3-conc-c1000,900,10000,159.40512513826513,-1163.6388927273065,1163.6388927273065,-1004.2337675890413,44056.54714500087,131427.26954133075,0.2510576073447827,2859,1562,2415828.6555807446,1.0009990990132598,1.0010004598680637,200.099909901326,0.013704464254473192,95.15456377734994,0
univ3-conc-c1000,901,10000,8.539320605215984,-1900.8048253042348,1900.8048253042348,-1892.2655046990187,1942.5288279503864,191438.10972429655,0.010045105045123534,98,80,418783.3649657714,1.000999342419786,1.0010001293408217,200.09993424197862,0.011063934600194836,51.95977984924389,0
univ3-conc-c1000,902,10000,50.87143429508206,-2765.109311647192,2765.109311647192,-2714.23787735211,6332.517456129479,222190.54859410797,0.027710627052139093,242,184,971246.5267303637,1.0009999153757576,1.0010004458207888,200.09999153757576,0.005357499453070957,42.07959173122799,0
univ3-conc-c1000,903,10000,3.04447566519801,-1274.0331538197984,1274.0331538197984,-1270.9886781546004,857.0299141775179,252318.60909516952,0.0033851199804649334,38,37,217471.61809539096,1.001000305805004,1.001000305805004,200.1000305805004,0.001443955056285695,79.3553036882172,0
univ3-conc-c1000,904,10000,275.06307307815945,-297.1600026280207,297.1600026280207,-22.096929549861272,17186.269507769266,197489.67779893114,0.08005680060289108,589,324,81469.41821653905,-0.9997794223174858,0.9997797747352993,0.022057768251408302,20007.79435528177,103.56459739764196,0
univ3-conc-c1000,905,10000,129.46009223295317,-743.0477132210029,743.0477132210029,-613.5876209880498,59214.908366083575,144375.49687690442,0.29085313866048723,2644,1990,2521898.2370464006,1.0010004081638835,1.0010004642418318,200.10004081638834,0.0006480337636570743,95.28967750177506,0
univ3-conc-c1000,906,10000,21.150013792561392,-9113.429297821589,9113.429297821589,-9092.279284029028,4107.205073878035,98166.36414183132,0.040159007897879864,349,379,2479709.974201479,-0.9997797261552188,1.0010003792569577,0.02202738447812164,20007.797391001128,176.99047483532598,0
univ3-conc-c1000,907,10000,13.742690674164615,-9460.223363054045,9460.223363054045,-9446.480672379881,3716.339336527222,98207.42169000869,0.03646195253292969,191,297,2200549.071805619,-0.9997793919137371,1.0010004412228466,0.022060808626291513,20007.794029234967,116.46277568617353,0
univ3-conc-c1000,908,10000,89.55596454588415,-3541.6617233305396,3541.6617233305396,-3452.1057587846553,8344.495552248889,154079.33025423522,0.05137482454200244,356,307,1413535.6264503188,1.0010002666070894,1.0010004226705624,200.10002666070895,0.001864708413065408,80.53688170807973,0
univ3-conc-c1000,909,10000,200.0934261641008,-3726.8869779152474,3726.8869779152474,-3526.7935517511464,12843.959999483957,146778.55718942403,0.08046458748851551,479,466,2011200.0729817394,1.000995214747251,1.0010004529212952,200.0995214747251,0.05229649223232968,63.95569969304597,0
univ3-conc-c1000,910,10000,97.01367080702374,-3173.9281383914267,3173.9281383914267,-3076.914467584403,5461.021736089412,247735.38088949161,0.021568322770229093,224,177,1113682.4557727517,-0.9997796018659741,1.001000007418166,0.022039813402586293,20007.796128896553,185.42967231080868,0
univ3-conc-c1000,911,10000,29.913755749494317,-4306.667688890907,4306.667688890907,-4276.753933141413,5631.951146432036,177526.99746738575,0.030748981630740555,320,217,1240296.7984475985,1.0009982019910837,1.001000450830596,200.09982019910836,0.02246481466579553,52.93232788898077,0
univ3-conc-c1000,912,10000,109.09451942946619,-4654.479722925526,4654.479722925526,-4545.38520349606,9989.756675273396,203664.87995732971,0.04675656392354177,434,334,1655030.2218469651,-0.9997797249967014,1.0010003027282683,0.022027500329853855,20007.79738223379,134.0828478532055,0
univ3-conc-c1000,913,10000,30.83795901521628,-2364.5530116012774,2364.5530116012774,-2333.715052586061,6472.088176138505,167614.54310552927,0.037177399140240874,344,256,1150406.2663943807,1.0009984761814394,1.0010003122442384,200.09984761814394,0.0197292796361882,74.17759602197118,0
univ3-conc-c1000,914,10000,4.574152051591149,-1871.4644294534603,1871.4644294534603,-1866.890277401869,1972.596994037065,119953.02236999561,0.016178691601700972,128,127,775044.5965161276,1.0009996705732,1.0010003644991596,200.09996705732001,0.007793046811180204,80.71806694001118,0
univ3-conc-c1000,915,10000,75.2836812514539,-3164.416659968557,3164.416659968557,-3089.132978717103,10153.974069001166,173696.40195962935,0.055229552902409704,495,370,1610706.5793575027,1.000998485404174,1.0010004304135216,200.0998485404174,0.01965039970383886,91.80961420802007,0
univ3-conc-c1000,916,10000,2.430777129538492,-1160.2896014423961,1160.2896014423961,-1157.8588243128577,675.5966208437924,99138.4174058732,0.006768554770905787,57,56,311372.20395243994,1.0009997211922432,1.0010003244708323,200.09997211922433,0.007279856266125151,31.36505247600264,0
univ3-conc-c1000,917,10000,30.270656304228964,-1053.0716072915498,1053.0716072915498,-1022.8009509873208,3054.617051006005,267079.2054173981,0.011307791905115048,132,101,349907.71630147233,-0.9997796673155966,1.0010003653646578,0.022033268440336002,20007.796776191044,177.4678224861306,0
univ3-conc-c1000,918,10000,22.288909692671655,-1412.6877174362423,1412.6877174362423,-1390.3988077435706,891.3848563703077,105212.20031134065,0.00840108140513211,31,52,403287.46280741686,-0.999779372124245,1.000999626012943,0.0220627875755122,20007.793810033945,114.53240818853689,0
univ3-conc-c1000,919,10000,84.49697282727902,-1693.5241035662964,1693.5241035662964,-1609.0271307390174,3338.3553214917265,182187.20477960323,0.017994045239225362,147,107,441411.8105656921,-0.999779645366139,1.0010003876859757,0.022035463386105437,20007.79655647478,224.58719251823345,0
univ3-conc-c1000,920,10000,93.84038396418914,-8944.875299504287,8944.875299504287,-8851.034915540098,7656.144780130823,88587.54763338664,0.0795495745033938,433,489,2807180.2721416918,1.0009986543772913,1.001000319893816,200.09986543772914,0.017966246993253776,76.11630482573209,0
univ3-conc-c1000,921,10000,1.2328745256117932,-1144.4882192101488,1144.4882192101488,-1143.255344684537,481.60976872400374,96241.38688398473,0.0049792684820680255,29,52,380259.1862474262,-0.9997797771239667,1.0009997509175554,0.022022287603339036,20007.797868459933,157.45369450939688,0
univ3-conc-c1000,922,10000,128.60803736515584,-1889.0783371407072,1889.0783371407072,-1760.4702997755512,23046.370590285893,117334.77738092342,0.16416998238974695,931,927,2266264.887529066,1.001000351355151,1.0010004495452725,200.1000351355151,0.0010780625455026893,94.81008829113199,0
univ3-conc-c1000,923,10000,240.26460733761635,-836.1162181674244,836.1162181674244,-595.8516108298081,15689.23306394938,162314.90901100193,0.08813970776782931,668,471,891925.847425769,-0.999779396662515,1.001000187296201,0.02206033374850274,20007.794108404512,110.38617493415198,0
univ3-conc-c1000,924,10000,21.9497353394962,-1005.1030715733742,1005.1030715733742,-983.153336233878,4424.611951248748,74505.90553447066,0.05605704982295695,238,325,1146482.6928972672,-0.9997797103799574,1.0010004142894124,0.02202896200425603,20007.79722343928,116.5546764444914,0
univ3-conc-c1000,925,10000,113.78846024012614,-7034.635421614563,7034.635421614563,-6920.846961374436,3979.934388131222,117009.92351351156,0.032894776943755574,145,223,1656834.816447908,1.0009980825190832,1.001000208010077,200.0998082519083,0.0236474407182925,91.18801028239726,0
univ3-conc-c1000,926,10000,10.298117385965535,-1558.6638762269718,1558.6638762269718,-1548.3657588410063,1270.0340952677009,108348.24909841274,0.011585969587059899,76,89,453926.6050967481,-0.9997797268014328,1.0010003775296417,0.022027319856714658,20007.79736885807,103.07168258716703,0
univ3-conc-c1000,927,10000,69.01276425470247,-5289.512906839304,5289.512906839304,-5220.500142584602,5278.6367615878535,141549.5933417641,0.035951102576611035,215,275,1802836.6187853103,-0.9997797314965813,1.0010004243323494,0.022026850341868687,20007.797431979394,104.82748780615688,0
univ3-conc-c1000,928,10000,230.0545516195043,-1559.4861884505076,1559.4861884505076,-1329.4316368310033,17420.784300895437,89216.19403589323,0.16336532197935924,606,703,1750110.8235943106,1.0010002276355914,1.0010004190637716,200.10002276355914,0.0022864617690691036,83.2080907777807,0
univ3-conc-c1000,929,10000,24.781709699478963,-2411.106852153868,2411.106852153868,-2386.325142454389,2167.675919578157,116405.78393734655,0.0182812909583119,98,130,745011.5376149399,-0.9997797505336091,1.0010000283294547,0.022024946639088418,20007.79760924666,127.89647149898721,0
univ3-conc-c1000,930,10000,9.224965734072068,-368.07979367184043,368.07979367184043,-358.8548279377684,2643.5949123310866,150864.63144955187,0.01722119377562887,204,117,286985.4160720785,-0.9997797381650858,1.0009998741832686,0.022026183491420052,20007.797489545464,110.88951471751186,0
univ3-conc-c1000,931,10000,68.61468479612083,-1456.0406920412147,1456.0406920412147,-1387.4260072450938,6048.756260705915,91489.79780651965,0.06201400378087406,208,295,1054194.9561749583,-0.9997795069668691,1.0010004491972953,0.022049303313077445,20007.79518242163,107.36776649630849,0
univ3-conc-c1000,932,10000,269.9061974795501,-462.34191548487547,462.34191548487547,-192.43571800532538,73863.12727392811,108257.85132018416,0.40557176797597116,4546,2488,1451113.7126428678,-0.9997790634504291,1.0010004350547377,0.02209365495708529,20007.79106587471,101.02862854195298,0
univ3-conc-c1000,933,10000,19.621232374760467,-870.158616630687,870.158616630687,-850.5373842559266,1737.0648380695943,241042.52371087746,0.0071549047778346605,71,51,173550.27877749625,-0.9997797177043485,1.0010001966489113,0.02202822956515241,20007.797274868193,118.56551349852177,0
univ3-conc-c1000,934,10000,13.731975355412075,-4405.275199762279,4405.275199762279,-4391.543224406867,2405.2876562124475,154121.7730660574,0.015366593131651618,161,172,1191271.6605128231,1.0009973927118199,1.001000290860635,200.099739271182,0.030530774980913833,73.91346420600289,0
univ3-conc-c1000,935,10000,46.888107425936035,-96.26496041720534,96.26496041720534,-49.37685299126931,1094.4416863107704,129429.54202022437,0.008384985312519029,30,28,54886.14027412035,1.0009982506723205,1.0010002555581026,200.09982506723205,0.021953029477769365,60.009998089698215,0
univ3-conc-c1000,936,10000,17.193236101466194,-1534.8993256851088,1534.8993256851088,-1517.7060895836426,3231.286784682098,55157.70705869146,0.055340682755210896,268,369,1480831.2412187494,-0.9997795836859443,1.0010003407904877,0.02204163140556486,20007.79595867409,105.05855312620623,0
univ3-conc-c1000,937,10000,158.04261897515468,-9716.184557314542,9716.184557314542,-9558.141938339388,11647.755287703902,211791.71745491712,0.05212935362195784,437,443,2714995.952247095,-0.9997796577718713,1.0010003736583226,0.022034222812876172,20007.796713597025,150.2718954070977,0
univ3-conc-c1000,938,10000,65.89435463237264,-3699.8878243109616,3699.8878243109616,-3633.993469678589,5828.621630076231,149613.72298932332,0.03749700021797539,344,275,1301186.2462712906,-0.9997797637678927,1.0010004362636178,0.022023623210732736,20007.797760632046,126.17586885449033,0
univ3-conc-c1000,939,10000,124.30645160365046,-933.1979513224493,933.1979513224493,-808.8914997187989,51500.75209055911,107392.71123597934,0.3241212760572853,3193,2156,2856714.951985721,-0.9997787205419132,1.0010004507412866,0.02212794580867615,20007.787549748147,101.06099073645629,0
univ3-conc-c1000,940,10000,69.7787619452509,-4964.3129126732165,4964.3129126732165,-4894.534150727965,7216.642419152418,113245.51531187177,0.05990796242639295,328,371,2000798.0885184791,-0.9997797043045779,1.0010003960110518,0.022029569542212125,20007.797170394075,120.78313631376483,0
univ3-conc-c1000,941,10000,27.936940371557128,-556.2245747444731,556.2245747444731,-528.2876343729159,1289.3284695078057,227097.55058871696,0.005645370149215557,51,46,186014.35914120136,-0.9997797137925788,1.0001212813282911,0.022028620742120388,20007.797234670667,169.26597924815883,0
univ3-conc-c1000,942,10000,15.12213739854354,-411.05963866111045,411.05963866111045,-395.9375012625669,832.2800469918285,175541.51830856854,0.00471884177100952,36,21,72248.42081681432,1.0010003964670295,1.0010003964670295,200.10003964670295,0.0005379662068524249,25.402786763145137,0
univ3-conc-c1000,943,10000,18.68561311289745,-1204.1830590002996,1204.1830590002996,-1185.4974458874021,3969.162653353849,223539.48930345674,0.017446205316654684,219,146,678383.9774315145,1.0010004171083569,1.0010004171083569,200.10004171083568,0.0003471109301926706,78.19488420272818,0
univ3-conc-c1000,944,10000,36.204371296163906,-2713.168733805894,2713.168733805894,-2676.96436250973,3417.1425008520205,123705.55681293238,0.02688066347944113,193,183,1052918.0966224934,1.0009994031952794,1.0010003476247118,200.09994031952795,0.010467856181008983,79.20098667178127,0
univ3-conc-c1000,945,10000,18.94924754328497,-2860.1696612834394,2860.1696612834394,-2841.2204137401545,1472.035040421999,66943.73053992559,0.02151602087523582,81,128,828675.1473575432,-0.9997796943865623,1.0010002546510386,0.02203056134376262,20007.797045811505,173.7740876760304,0
univ3-conc-c1000,946,10000,37.09833895474523,-5594.096265942437,5594.096265942437,-5556.997926987691,3408.203113734181,80773.90260933302,0.040486075805066024,148,230,1474561.3708277473,1.0009943624612123,1.0010004378936903,200.09943624612123,0.060773410324960864,52.164583536131765,0
univ3-conc-c1000,947,10000,25.37160550687997,-5502.974245933356,5502.974245933356,-5477.602640426476,2391.4548733224765,118135.13660153629,0.019841719939631096,111,187,1251264.4764057097,-0.999779686338835,1.0010004314352947,0.02203136611650191,20007.796968422557,128.16906905538224,0
univ3-conc-c1000,948,10000,81.87564587190565,-2192.179019932337,2192.179019932337,-2110.303374060431,3042.2525396927686,85339.85784180422,0.03442158742941345,128,194,1015987.0081121691,1.0009986738681185,1.0010003596302963,200.09986738681184,0.017742739595803414,83.92570193792658,0
univ3-conc-c1000,949,10000,4.676663328551374,-166.09439253550556,166.09439253550556,-161.4177292069542,877.0632927347913,252756.93696030954,0.0034579878559647644,32,23,69404.13687649187,1.000999049959623,1.001000065086059,200.0999049959623,0.013976385337329589,70.36953262042883,0
univ3-conc-c1000,950,10000,63.76765585592233,-253.2891843182898,253.2891843182898,-189.52152846236748,30977.240377539183,42747.98364199304,0.42017153273528607,2535,2095,1510880.2044718717,1.000999698869065,1.0010004666107646,200.0999698869065,0.007724753957176381,98.44005129273961,0
univ3-conc-c1000,951,10000,110.02716545489237,-3873.5759709559616,3873.5759709559616,-3763.548805501069,7375.797083575954,144525.6436411024,0.04855646561604772,356,283,1258381.5179569672,-0.9997796578506307,1.0010004487889512,0.022034214936922415,20007.796701965035,148.9629282748829,0
univ3-conc-c1000,952,10000,123.14639518915844,-511.7280592099411,511.7280592099411,-388.5816640207826,96275.6060488042,93866.99529721716,0.5063336956961156,6416,3261,2482079.4662925703,1.000998144104775,1.001000447815523,200.0998144104775,0.02349201205912746,98.64640832164508,0
univ3-conc-c1000,953,10000,8.585735592524884,-603.008532198506,603.008532198506,-594.4227966059811,2370.8595599900686,157037.20819841995,0.014872895665376307,172,114,432884.4770895151,-0.9997797295655674,1.0010004262472367,0.022027043443261653,20007.79740163913,119.56303624451994,0
univ3-conc-c1000,954,10000,6.822269688396836,-3429.747931999638,3429.747931999638,-3422.925662311241,3236.390588449893,123568.24198484927,0.025522652625321902,265,305,1675200.4669901486,1.0010002699926117,1.0010002699926117,200.10002699926116,0.0018263861328442488,73.36659174298256,0
univ3-conc-c1000,955,10000,24.342507702322735,-6437.295887928779,6437.295887928779,-6412.953380226456,6023.394770231955,158511.8108818237,0.036608546762749924,353,321,1901053.3738174739,1.0009968276336922,1.0010004489896729,200.09968276336923,0.03618685670375399,44.53245722914996,0
univ3-conc-c1000,956,10000,67.66232564766679,-180.25687882125072,180.25687882125072,-112.59455317358393,5386.270088310708,311655.42804008455,0.016989153540709907,132,85,173570.98408225007,-0.999779599727416,0.9997797497843063,0.022040027258405568,20007.79609715423,107.41825791751016,0
univ3-conc-c1000,957,10000,191.17856828586966,-3651.3431350211063,3651.3431350211063,-3460.164566735237,9548.779195112034,179996.17110444995,0.050377386366774135,453,300,1407396.408146978,1.000997860679763,1.0010003429650436,200.09978606797628,0.025882134038203802,79.42004567793134,0
univ3-conc-c1000,958,10000,262.3129772123971,-1308.3549000436644,1308.3549000436644,-1046.0419228312674,19409.098639780623,126844.93571014676,0.13270812477789443,698,556,1226030.6918136769,-0.9997788046088416,1.0010004214467951,0.022119539115840508,20007.78818220681,103.19117791931505,0
univ3-conc-c1000,959,10000,71.57461676416865,-6578.333241298903,6578.333241298903,-6506.758624534735,6175.397136305671,163594.32656125893,0.03637513805056784,393,280,1665456.3507061177,1.0009969391281732,1.0010004302060065,200.09969391281732,0.03507382905526413,63.97954373227681,0
univ3-conc-c1000,960,10000,75.56453647552802,-1184.145523214696,1184.145523214696,-1108.5809867391679,8168.845487326744,178705.01048590383,0.043713153157694355,410,256,851973.006217944,1.000999479163255,1.0010002146099675,200.0999479163255,0.00972325294086862,80.69917607259077,0
univ3-conc-c1000,961,10000,12.141552960602679,-2802.261600300351,2802.261600300351,-2790.120047339748,2779.4184646998033,62257.13361564469,0.04273625178140103,217,263,1280064.85100043,-0.9997790253619732,1.0010004202261475,0.022097463802679945,20007.790356067722,108.08405333850828,0
univ3-conc-c1000,962,10000,65.15079472575985,-86.70688546317054,86.70688546317054,-21.556090737410685,4103.85981835814,157600.84390311164,0.025378728780993794,250,133,55067.67666007538,-0.9997797008972945,0.9997797773430457,0.022029910270545225,20007.797119975305,113.53587072471963,0
univ3-conc-c1000,963,10000,3.1106193866477403,-1264.9788509046166,1264.9788509046166,-1261.8682315179688,1247.9439213920314,183757.0476229829,0.006745460816892078,64,46,293098.5273035449,1.0009938139337116,1.0010002381505105,200.09938139337115,0.06623467869767907,87.66726353746705,0
univ3-conc-c1000,964,10000,13.125894678840421,-2347.296994880698,2347.296994880698,-2334.171100201858,1706.5316855687665,158990.23635895443,0.010619576898372647,104,91,543657.8796518829,1.0009996128118874,1.001000340325513,200.09996128118874,0.00836581546986892,61.096299341296785,0
univ3-conc-c1000,965,10000,39.78980912053967,-278.0135967649964,278.0135967649964,-238.22378764445673,99845.87522288022,43042.68839239826,0.698767435941977,6730,4009,2606036.209470185,-0.3735488494704729,1.0010004879419117,62.64511505295271,13736.88416639791,100.07319535446113,0
univ3-conc-c1000,966,10000,336.994384665369,-1482.4143772796644,1482.4143772796644,-1145.4199926142956,40456.889143712506,150430.74854924856,0.21194085501119042,1756,1228,2007362.271169135,-0.9997796804988931,1.001000456824815,0.02203195011069421,20007.797044050098,103.84998603647017,0
univ3-conc-c1000,967,10000,268.2421337160358,-3700.7550386149205,3700.7550386149205,-3432.5129048988847,8871.70808847768,146540.9898449997,0.05708483416377671,279,314,1412909.9604617534,1.000995177754743,1.0010004375973145,200.0995177754743,0.05264773040853754,83.88825720589213,0
univ3-conc-c1000,968,10000,222.5832796752423,-2692.864921089331,2692.864921089331,-2470.2816414140884,11301.024549589885,229210.72031292162,0.046987412427821826,371,287,1041725.2345691003,1.0009927396572926,1.0010004494430726,200.09927396572925,0.07698351716950924,92.76347330671241,0
univ3-conc-c1000,969,10000,5.199478369465168,-977.9845070036112,977.9845070036112,-972.785028634146,870.1730669797663,181459.33854476648,0.004772530016055322,44,42,195694.7201978212,1.0009919258666446,1.0010001649863969,200.09919258666446,0.08507649269721185,62.133199381701424,0
univ3-conc-c1000,970,10000,4.067366990471809,-254.42765513268026,254.42765513268026,-250.36028814220845,991.7848111413484,196806.8297189521,0.005014114044719239,65,54,174993.6430704434,-0.999779692337184,1.001000365897166,0.022030766281608674,20007.797020798826,181.17236352138633,0
univ3-conc-c1000,971,10000,141.84166956718474,-676.1095826565787,676.1095826565787,-534.2679130893939,19684.058627925937,164350.79041706357,0.10695832191605154,812,591,947234.6161771369,-0.9997796987576257,1.0010003906762688,0.02203012423743674,20007.797149928112,108.39538477256826,0
univ3-conc-c1000,972,10000,12.197439631980007,-951.4547756323675,951.4547756323675,-939.2573360003875,5617.971897115274,79976.21775149848,0.0656349679829729,365,451,1332928.7317701287,-0.9997797750730907,1.0010001525890713,0.022022492690931157,20007.797886224052,110.90080125537601,0
univ3-conc-c1000,973,10000,61.87857289703561,-6688.09145791363,6688.09145791363,-6626.212885016594,7021.928124587693,226506.2653350045,0.030068866720380425,344,237,1523827.9319006244,-0.9997795372579454,1.001000402121766,0.022046274205444076,20007.795489920773,153.51238374577542,0
univ3-conc-c1000,974,10000,3.1153519396902944,-227.49869324122994,227.49869324122994,-224.38334130153964,780.2699486722781,102166.53371618711,0.00757935089672552,73,50,186164.40856312387,-0.9997796657545984,1.0010003921653623,0.022033424540151923,20007.796754747404,117.57216251344016,0
univ3-conc-c1000,975,10000,61.82273949049432,-1123.0194141542304,1123.0194141542304,-1061.196674663736,2169.777194352191,116926.85514024251,0.01821862761204141,62,94,429092.4669418236,1.001000255172161,1.0010004439196651,200.1000255172161,0.0019534491078219973,64.16033880879931,0
univ3-conc-c1000,976,10000,137.27957839130025,-177.7501781010122,177.7501781010122,-40.47059970971196,15306.972145599679,91895.23595413895,0.14278597817088248,816,572,267657.80153836583,-0.9997794487231362,1.0009829698152657,0.02205512768638936,20007.794644237296,102.75298993868925,0
univ3-conc-c1000,977,10000,228.60829460635537,-8689.25382086732,8689.25382086732,-8460.645526260963,20119.52221459057,119052.93851880674,0.14456539827324094,897,821,3560830.263778537,1.001000188186704,1.0010004357913191,200.1000188186704,0.002702032140518895,91.86459830000013,0
univ3-conc-c1000,978,10000,4.006531701683657,-835.8135768594377,835.8135768594377,-831.807045157754,627.989664522882,115171.67605385499,0.0054230697526376145,32,35,217762.75218453436,1.0009960400996283,1.0009999877820406,200.09960400996283,0.044015577624939795,23.8162423587413,0
univ3-conc-c1000,979,10000,98.34966128560842,-3294.66245885787,3294.66245885787,-3196.312797572262,12035.17770660283,179718.76705817162,0.06276365120606224,562,431,1547024.464868042,-0.9997796146157049,1.0010004388173481,0.022038538429519243,20007.79628509797,126.11982565019574,0
univ3-conc-c1000,980,10000,115.98631677939511,-3483.147655891445,3483.147655891445,-3367.16133911205,8039.7195105816645,120554.95224928408,0.06251984938843207,520,375,1749160.2386351146,-0.9997796930770743,1.0010004208378394,0.022030692292571572,20007.79706755035,113.32141015727349,0
univ3-conc-c1000,981,10000,41.61272136035504,-2413.198528196371,2413.198528196371,-2371.585806836016,3543.01010372316,178308.1279520897,0.019483024091032943,120,106,578987.5184372539,-0.9997796923233,1.0010004080048966,0.02203076766999955,20007.79702606342,133.91110719652707,0
univ3-conc-c1000,982,10000,41.14894774849091,-1588.3315764682939,1588.3315764682939,-1547.182628719803,8547.014108418058,190977.39526383308,0.04283693476557026,462,315,1136385.5087565933,-0.9997797627899834,1.0010003798432698,0.022023721001663495,20007.79775828804,137.53453606259666,0
univ3-conc-c1000,983,10000,14.171750219973642,-826.9316693136333,826.9316693136333,-812.7599190936596,5674.779972377608,196430.63884359863,0.028078316779545063,245,206,792310.0204566275,1.0009988293581296,1.0010004177424243,200.09988293581296,0.016196881028609056,82.94149992009324,0
univ3-conc-c1000,984,10000,89.15066569024097,-673.9380929997654,673.9380929997654,-584.7874273095244,10160.949129624349,209272.898505681,0.04630529537317161,345,266,666738.8141092821,-0.9997797091210403,1.0010004156101124,0.022029087895968854,20007.797214137747,132.2300375431944,0
univ3-conc-c1000,985,10000,73.91995090097171,-125.32463545557333,125.32463545557333,-51.404684554601616,6041.614430865284,200658.37261601686,0.029228905706196153,263,136,142253.34331487629,-0.9997795172919248,0.9997797707159825,0.022048270807518127,20007.795281139028,108.3868371185161,0
univ3-conc-c1000,986,10000,378.6744224329143,-1227.762478857558,1227.762478857558,-849.0880564246438,69838.5939819139,125755.83332601552,0.3570581991682471,2988,2090,2557166.7741102464,-0.9997791539204032,1.001000458900498,0.02208460795968148,20007.791873538838,105.05371503082581,0
univ3-conc-c1000,987,10000,120.34682610629949,-3939.0154275294394,3939.0154275294394,-3818.66860142314,19686.879467662548,127393.04326418629,0.13385157608190346,798,818,2871120.319223368,1.0010004283335738,1.0010004386860214,200.10004283335738,0.000298978968787722,94.71457169401732,0
univ3-conc-c1000,988,10000,391.85454712131013,-2025.0167762511246,2025.0167762511246,-1633.1622291298145,81943.19700839359,173866.43485758363,0.3203288179990226,3637,2172,3284700.5308470977,1.0009929241093622,1.0010004729782667,200.09929241093621,0.07540294768235611,95.34830776808288,0
univ3-conc-c1000,989,10000,47.276642946359225,-556.7841676698689,556.7841676698689,-509.5075247235097,7882.713543344102,189142.85618045257,0.040008581395778245,353,247,619388.408603026,1.0009926111203493,1.0010003664149165,200.09926111203492,0.07826458681710236,87.92640818545736,0
univ3-conc-c1000,990,10000,16.75559748721355,-888.2200866333205,888.2200866333205,-871.464489146107,1524.3510968961361,120553.77881113048,0.012486684535916292,67,77,370610.4653966186,1.000996453340995,1.0010004398970132,200.0996453340995,0.03989543708934207,63.800433732442364,0
univ3-conc-c1000,991,10000,144.79855642445716,-5204.462130340735,5204.462130340735,-5059.6635739162775,15658.760670197302,265099.83243314974,0.05577304151981315,579,418,2035216.4323769794,-0.9997797648442274,1.0010004338408036,0.0220235155772582,20007.79779212327,131.43011031994297,0
univ3-conc-c1000,992,10000,15.724181472218843,-891.7136371645722,891.7136371645722,-875.9894556923534,1813.3425712454414,249048.19425022215,0.007228459947353171,72,51,289432.7812752513,-0.9997787960449233,1.0010002369514746,0.022120395507666354,20007.788039718063,105.72201433928285,0
univ3-conc-c1000,993,10000,5.445354335470401,-2562.2860308295008,2562.2860308295008,-2556.8406764940305,768.9377792482404,108690.23598492643,0.007024881997601092,32,81,675864.4913246947,1.000993138751224,1.001000338331435,200.09931387512242,0.0729732535467491,64.12596545006191,0
univ3-conc-c1000,994,10000,87.21105358539147,-2319.953341657193,2319.953341657193,-2232.742288071802,19126.551829628865,229715.40843105945,0.07686224545728451,867,563,1907277.599875612,-0.9997795627477695,1.0010004180060499,0.022043725223049718,20007.79578844378,104.93080575184041,0
univ3-conc-c1000,995,10000,226.63202175093082,-2155.732859568613,2155.732859568613,-1929.1008378176823,4934.536456014127,291472.900673743,0.016647815938079697,141,109,487698.77902725904,1.000999583183859,1.001000416364373,200.0999583183859,0.008665160035575714,75.38367126263556,0
univ3-conc-c1000,996,10000,8.079075849770195,-1761.8299505443015,1761.8299505443015,-1753.7508746945314,1371.7869450178637,206032.06719608392,0.006614086081951998,52,63,409155.65909624397,1.000998945719901,1.0010003283418798,200.0998945719901,0.015020248243184042,87.21507112732313,0
univ3-conc-c1000,997,10000,88.27332649501653,-2723.290971148303,2723.290971148303,-2635.0176446532864,13696.881668314929,105351.28895844298,0.11505327294156961,858,814,2743717.4469473953,-0.9997796939938243,1.0010004378841872,0.022030600617572567,20007.797116093774,107.08728473357351,0
univ3-conc-c1000,998,10000,138.20718308731477,-1003.2112699415707,1003.2112699415707,-865.0040868542559,33979.89630391643,218114.84479402975,0.13479018307134874,1297,832,1517108.2690190815,1.0010002049024025,1.0010003238179126,200.10002049024024,0.0025564666604717123,96.25685765340556,0
univ3-conc-c1000,999,10000,111.21154455653303,-185.96490441495038,185.96490441495038,-74.75335985841735,6353.804365745196,127101.24453929356,0.04761007109042616,217,176,140343.17399452123,1.0009997462747617,1.001000449217309,200.09997462747617,0.007044326911312737,90.08787327790438,0
